0,0,26,145,2,9,.222,2,5,.400,0,4,.000,0,2,.000,1,13,14,19,3,0,19,12,4
0,1,26,5.6,0.1,0.3,.222,0.1,0.2,.400,0.0,0.2,.000,0.0,0.1,.000,0.5,0.7,0.1,0.0,0.7,0.5,0.2
0,2,26,145,0.6,2.5,.222,0.6,1.4,.400,0.0,1.1,.000,0.0,0.6,.000,3.9,5.2,0.8,0.0,5.2,3.3,1.1
0,3,26,145,0.8,3.7,.222,0.8,2.0,.400,0.0,1.6,.000,0.0,0.8,.000,5.7,7.7,1.2,0.0,7.7,4.9,1.6,,47.1,109.8
0,4,26,145,-2.1,.201,.222,.444,.222,15,0.9,11.2,6.0,22.8,1.2,0.0,65.6,10.3,,-0.4,0.1,-0.3,-.076,,-13.0,-3.9,-16.9
1,0,31,914,80,183,.437,33,67,.493,47,116,.405,37,51,.725,54,123,177,61,29,5,30,76,244
1,1,31,29.5,2.6,5.9,.437,1.1,2.2,.493,1.5,3.7,.405,1.2,1.6,.725,5.7,2.0,0.9,0.2,1.0,2.5,7.9
1,2,31,914,3.5,8.0,.437,1.4,2.9,.493,2.1,5.1,.405,1.6,2.2,.725,7.7,2.7,1.3,0.2,1.3,3.3,10.7
1,3,31,914,5.2,11.8,.437,2.1,4.3,.493,3.0,7.5,.405,2.4,3.3,.725,11.4,3.9,1.9,0.3,1.9,4.9,15.8,,124.4,106.1
1,4,31,914,15.2,.589,.566,.634,.279,260,7.4,16.7,12.1,13.4,1.9,0.6,12.6,13.4,,1.9,1.0,2.9,.129,,0.1,-2.2,-2.1
2,0,30,568,101,252,.401,60,146,.411,41,106,.387,89,120,.742,14,41,55,29,22,2,54,63,332
2,1,30,18.9,3.4,8.4,.401,2.0,4.9,.411,1.4,3.5,.387,3.0,4.0,.742,1.8,1.0,0.7,0.1,1.8,2.1,11.1
2,2,30,568,7.1,17.7,.401,4.2,10.3,.411,2.9,7.5,.387,6.3,8.5,.742,3.9,2.0,1.5,0.1,3.8,4.4,23.4
2,3,30,568,10.5,26.2,.401,6.2,15.2,.411,4.3,11.0,.387,9.3,12.5,.742,5.7,3.0,2.3,0.2,5.6,6.6,34.5,,102.3,107.9
2,4,30,568,17.0,.537,.482,.421,.476,296,3.1,9.0,6.0,12.5,2.3,0.4,14.9,33.0,,0.8,0.6,1.4,.097,,-3.2,-6.5,-9.7
3,0,27,421,44,111,.396,11,35,.314,33,76,.434,12,18,.667,8,27,35,12,4,2,18,33,133
3,1,27,15.6,1.6,4.1,.396,0.4,1.3,.314,1.2,2.8,.434,0.4,0.7,.667,1.3,0.4,0.1,0.1,0.7,1.2,4.9
3,2,27,421,4.2,10.5,.396,1.0,3.3,.314,3.1,7.2,.434,1.1,1.7,.667,3.3,1.1,0.4,0.2,1.7,3.1,12.6
3,3,27,421,6.2,15.6,.396,1.5,4.9,.314,4.6,10.7,.434,1.7,2.5,.667,4.9,1.7,0.6,0.3,2.5,4.6,18.7,,106.1,112.1
3,4,27,421,9.4,.556,.545,.685,.162,115,2.4,8.0,5.2,5.9,0.6,0.5,13.1,16.9,,0.4,0.2,0.7,.064,,-3.5,-6.1,-9.6
4,0,31,642,55,111,.495,55,106,.519,0,5,.000,49,72,.681,26,45,71,32,30,12,49,71,159
4,1,31,20.7,1.8,3.6,.495,1.8,3.4,.519,0.0,0.2,.000,1.6,2.3,.681,2.3,1.0,1.0,0.4,1.6,2.3,5.1
4,2,31,642,3.4,6.9,.495,3.4,6.6,.519,0.0,0.3,.000,3.1,4.5,.681,4.4,2.0,1.9,0.7,3.1,4.4,9.9
4,3,31,642,5.1,10.2,.495,5.1,9.8,.519,0.0,0.5,.000,4.5,6.6,.681,6.5,2.9,2.8,1.1,4.5,6.5,14.6,,96.4,106.1
4,4,31,642,10.2,.548,.495,.045,.649,165,5.1,8.7,6.9,9.9,2.8,2.1,25.2,15.6,,0.2,0.7,0.9,.059,,-5.8,-1.2,-7.1
5,0,16,481,55,147,.374,30,85,.353,25,62,.403,61,72,.847,5,36,41,51,17,0,49,47,196
5,1,16,30.1,3.4,9.2,.374,1.9,5.3,.353,1.6,3.9,.403,3.8,4.5,.847,2.6,3.2,1.1,0.0,3.1,2.9,12.3
5,2,16,481,4.6,12.2,.374,2.5,7.1,.353,2.1,5.2,.403,5.1,6.0,.847,3.4,4.2,1.4,0.0,4.1,3.9,16.3
5,3,16,481,6.8,18.1,.374,3.7,10.4,.353,3.1,7.6,.403,7.5,8.8,.847,5.0,6.3,2.1,0.0,6.0,5.8,24.1,,100.9,108.5
5,4,16,481,12.8,.541,.459,.422,.490,198,1.3,9.3,5.3,22.4,2.1,0.0,21.3,24.7,,0.5,0.4,0.9,.077,,-3.7,-4.9,-8.6
6,0,31,434,88,159,.553,87,158,.551,1,1,1.000,37,58,.638,45,99,144,7,7,37,41,49,214
6,1,31,14.0,2.8,5.1,.553,2.8,5.1,.551,0.0,0.0,1.000,1.2,1.9,.638,4.6,0.2,0.2,1.2,1.3,1.6,6.9
6,2,31,434,8.1,14.7,.553,8.0,14.6,.551,0.1,0.1,1.000,3.4,5.3,.638,13.3,0.6,0.6,3.4,3.8,4.5,19.7
6,3,31,434,12.0,21.7,.553,11.8,21.5,.551,0.1,0.1,1.000,5.0,7.9,.638,19.6,1.0,1.0,5.0,5.6,6.7,29.1,,102.9,99.3
6,4,31,434,23.0,.574,.557,.006,.365,194,12.9,28.4,20.7,4.2,1.0,9.6,18.0,27.0,,0.6,0.8,1.3,.124,,-7.3,-1.2,-8.5
7,0,19,127,17,33,.515,17,32,.531,0,1,.000,4,8,.500,13,20,33,3,0,3,10,19,38
7,1,19,6.7,0.9,1.7,.515,0.9,1.7,.531,0.0,0.1,.000,0.2,0.4,.500,1.7,0.2,0.0,0.2,0.5,1.0,2.0
7,2,19,127,5.4,10.4,.515,5.4,10.1,.531,0.0,0.3,.000,1.3,2.5,.500,10.4,0.9,0.0,0.9,3.1,6.0,12.0
7,3,19,127,7.9,15.4,.515,7.9,14.9,.531,0.0,0.5,.000,1.9,3.7,.500,15.4,1.4,0.0,1.4,4.7,8.8,17.7,,95.1,107.9
7,4,19,127,10.8,.516,.515,.030,.242,39,12.8,19.6,16.2,5.2,0.0,2.7,21.4,19.0,,0.0,0.1,0.2,.050,,-7.9,-4.7,-12.6
8,0,31,584,39,82,.476,39,82,.476,0,0,,32,44,.727,30,48,78,24,18,3,33,88,110
8,1,31,18.8,1.3,2.6,.476,1.3,2.6,.476,0.0,0.0,,1.0,1.4,.727,2.5,0.8,0.6,0.1,1.1,2.8,3.5
8,2,31,584,2.7,5.6,.476,2.7,5.6,.476,0.0,0.0,,2.2,3.0,.727,5.3,1.6,1.2,0.2,2.3,6.0,7.5
8,3,31,584,3.9,8.3,.476,3.9,8.3,.476,0.0,0.0,,3.2,4.5,.727,7.9,2.4,1.8,0.3,3.3,8.9,11.1,,99.6,108.2
8,4,31,584,7.4,.534,.476,.000,.537,122,6.4,10.2,8.3,7.9,1.8,0.6,24.3,12.0,,0.3,0.6,0.8,.056,,-5.8,-2.4,-8.2
9,0,31,445,55,125,.440,54,119,.454,1,6,.167,46,56,.821,32,69,101,16,22,3,46,71,157
9,1,31,14.4,1.8,4.0,.440,1.7,3.8,.454,0.0,0.2,.167,1.5,1.8,.821,3.3,0.5,0.7,0.1,1.5,2.3,5.1
9,2,31,445,4.9,11.2,.440,4.9,10.7,.454,0.1,0.5,.167,4.1,5.0,.821,9.1,1.4,2.0,0.3,4.1,6.4,14.1
9,3,31,445,7.3,16.6,.440,7.2,15.8,.454,0.1,0.8,.167,6.1,7.4,.821,13.4,2.1,2.9,0.4,6.1,9.4,20.9,,93.2,102.5
9,4,31,445,12.4,.518,.444,.048,.448,158,9.0,19.3,14.1,7.8,2.9,0.8,23.3,22.9,,0.1,0.7,0.7,.064,,-7.7,-2.8,-10.4
10,0,31,1040,136,277,.491,57,99,.576,79,178,.444,80,92,.870,5,64,69,86,50,1,60,70,431
10,1,31,33.5,4.4,8.9,.491,1.8,3.2,.576,2.5,5.7,.444,2.6,3.0,.870,2.2,2.8,1.6,0.0,1.9,2.3,13.9
10,2,31,1040,5.2,10.7,.491,2.2,3.8,.576,3.0,6.8,.444,3.1,3.5,.870,2.7,3.3,1.9,0.0,2.3,2.7,16.6
10,3,31,1040,7.7,15.7,.491,3.2,5.6,.576,4.5,10.1,.444,4.5,5.2,.870,3.9,4.9,2.8,0.1,3.4,4.0,24.5,,124.7,107.5
10,4,31,1040,18.5,.672,.634,.643,.332,393,0.6,7.7,4.1,18.1,2.8,0.1,15.8,18.9,,2.9,1.1,3.9,.151,,2.1,-4.2,-2.1
11,0,16,474,65,175,.371,51,131,.389,14,44,.318,52,73,.712,12,72,84,62,19,4,34,42,196
11,1,16,29.6,4.1,10.9,.371,3.2,8.2,.389,0.9,2.8,.318,3.3,4.6,.712,5.3,3.9,1.2,0.3,2.1,2.6,12.3
11,2,16,474,5.5,14.8,.371,4.3,11.1,.389,1.2,3.7,.318,4.4,6.2,.712,7.1,5.2,1.6,0.3,2.9,3.5,16.5
11,3,16,474,8.1,21.8,.371,6.4,16.3,.389,1.7,5.5,.318,6.5,9.1,.712,10.5,7.7,2.4,0.5,4.2,5.2,24.4,,101.2,104.1
11,4,16,474,16.3,.467,.411,.251,.417,210,3.2,18.9,11.0,29.1,2.4,0.9,14.0,26.5,,0.5,0.6,1.2,.098,,-3.6,-2.3,-5.9
