0,0,31,945,91,199,.457,48,99,.485,43,100,.430,72,88,.818,18,64,82,149,56,1,79,63,297
0,1,31,30.5,2.9,6.4,.457,1.5,3.2,.485,1.4,3.2,.430,2.3,2.8,.818,2.6,4.8,1.8,0.0,2.5,2.0,9.6
0,2,31,945,3.9,8.4,.457,2.0,4.2,.485,1.8,4.2,.430,3.0,3.7,.818,3.5,6.3,2.4,0.0,3.3,2.7,12.6
0,3,31,945,5.7,12.5,.457,3.0,6.2,.485,2.7,6.3,.430,4.5,5.5,.818,5.1,9.3,3.5,0.1,5.0,4.0,18.6,,114.7,98.7
0,4,31,945,17.9,.617,.565,.503,.442,334,2.3,7.6,5.1,29.3,3.5,0.1,24.7,17.1,,2.2,1.4,3.6,.153,,3.8,0.5,4.2
1,0,2,4,0,0,,0,0,,0,0,,0,0,,0,1,1,0,1,0,0,0,0
1,1,2,2.0,0.0,0.0,,0.0,0.0,,0.0,0.0,,0.0,0.0,,0.5,0.0,0.5,0.0,0.0,0.0,0.0
1,2,2,4,0.0,0.0,,0.0,0.0,,0.0,0.0,,0.0,0.0,,10.0,0.0,10.0,0.0,0.0,0.0,0.0
1,3,2,4,0.0,0.0,,0.0,0.0,,0.0,0.0,,0.0,0.0,,14.8,0.0,14.8,0.0,0.0,0.0,0.0,,,64.9
1,4,2,4,20.2,,,,,0,0.0,28.2,14.6,0.0,14.8,0.0,,0.0,,0.0,0.0,0.0,.191,,-1.8,13.0,11.2
2,0,34,879,132,274,.482,115,223,.516,17,51,.333,57,88,.648,60,122,182,62,27,6,64,76,338
2,1,34,25.9,3.9,8.1,.482,3.4,6.6,.516,0.5,1.5,.333,1.7,2.6,.648,5.4,1.8,0.8,0.2,1.9,2.2,9.9
2,2,34,879,6.0,12.5,.482,5.2,10.1,.516,0.8,2.3,.333,2.6,4.0,.648,8.3,2.8,1.2,0.3,2.9,3.5,15.4
2,3,34,879,8.9,18.5,.482,7.8,15.0,.516,1.1,3.4,.333,3.8,5.9,.648,12.3,4.2,1.8,0.4,4.3,5.1,22.8,,106.1,98.3
2,4,34,879,17.4,.535,.513,.186,.321,338,8.3,15.7,12.1,14.6,1.8,0.7,16.9,21.8,,1.6,1.4,2.9,.134,,1.2,0.9,2.1
3,0,34,868,95,213,.446,64,131,.489,31,82,.378,68,99,.687,16,90,106,80,42,5,82,66,289
3,1,34,25.5,2.8,6.3,.446,1.9,3.9,.489,0.9,2.4,.378,2.0,2.9,.687,3.1,2.4,1.2,0.1,2.4,1.9,8.5
3,2,34,868,4.4,9.8,.446,2.9,6.0,.489,1.4,3.8,.378,3.1,4.6,.687,4.9,3.7,1.9,0.2,3.8,3.0,13.3
3,3,34,868,6.5,14.5,.446,4.4,8.9,.489,2.1,5.6,.378,4.6,6.8,.687,7.2,5.5,2.9,0.3,5.6,4.5,19.7,,99.2,98.0
3,4,34,868,14.0,.556,.519,.385,.465,288,2.2,11.7,7.1,17.6,2.9,0.6,24.0,19.9,,0.9,1.4,2.2,.103,,0.4,1.3,1.7
4,0,10,77,6,23,.261,6,22,.273,0,1,.000,4,6,.667,9,9,18,2,0,4,7,17,16
4,1,10,7.7,0.6,2.3,.261,0.6,2.2,.273,0.0,0.1,.000,0.4,0.6,.667,1.8,0.2,0.0,0.4,0.7,1.7,1.6
4,2,10,77,3.1,11.9,.261,3.1,11.4,.273,0.0,0.5,.000,2.1,3.1,.667,9.4,1.0,0.0,2.1,3.6,8.8,8.3
4,3,10,77,4.6,17.7,.261,4.6,16.9,.273,0.0,0.8,.000,3.1,4.6,.667,13.9,1.5,0.0,3.1,5.4,13.1,12.3,,71.3,100.5
4,4,10,77,2.0,.309,.261,.043,.261,20,14.2,13.2,13.7,4.7,0.0,5.3,21.3,21.6,,-0.1,0.1,0.0,-.020,,-8.6,0.1,-8.5
5,0,34,580,87,178,.489,59,111,.532,28,67,.418,20,27,.741,11,43,54,28,23,0,22,48,222
5,1,34,17.1,2.6,5.2,.489,1.7,3.3,.532,0.8,2.0,.418,0.6,0.8,.741,1.6,0.8,0.7,0.0,0.6,1.4,6.5
5,2,34,580,6.0,12.3,.489,4.1,7.7,.532,1.9,4.6,.418,1.4,1.9,.741,3.7,1.9,1.6,0.0,1.5,3.3,15.3
5,3,34,580,8.9,18.2,.489,6.0,11.3,.532,2.9,6.8,.418,2.0,2.8,.741,5.5,2.9,2.3,0.0,2.2,4.9,22.7,,117.0,100.9
5,4,34,580,16.4,.582,.567,.376,.152,192,2.3,8.4,5.4,10.0,2.3,0.0,10.3,18.5,,1.3,0.8,2.1,.144,,2.3,-0.8,1.5
6,0,4,18,0,4,.000,0,1,.000,0,3,.000,1,2,.500,1,4,5,1,0,0,0,0,1
6,1,4,4.5,0.0,1.0,.000,0.0,0.3,.000,0.0,0.8,.000,0.3,0.5,.500,1.3,0.3,0.0,0.0,0.0,0.0,0.3
6,2,4,18,0.0,8.9,.000,0.0,2.2,.000,0.0,6.7,.000,2.2,4.4,.500,11.1,2.2,0.0,0.0,0.0,0.0,2.2
6,3,4,18,0.0,13.2,.000,0.0,3.3,.000,0.0,9.9,.000,3.3,6.6,.500,16.5,3.3,0.0,0.0,0.0,0.0,3.3,,53.1,98.7
6,4,4,18,1.2,.101,.000,.750,.500,2,6.7,25.1,16.2,8.8,0.0,0.0,0.0,13.9,,0.0,0.0,0.0,-.026,,-6.8,-1.5,-8.3
7,0,29,445,93,178,.522,85,156,.545,8,22,.364,47,64,.734,32,53,85,18,17,4,46,61,241
7,1,29,15.3,3.2,6.1,.522,2.9,5.4,.545,0.3,0.8,.364,1.6,2.2,.734,2.9,0.6,0.6,0.1,1.6,2.1,8.3
7,2,29,445,8.4,16.0,.522,7.6,14.0,.545,0.7,2.0,.364,4.2,5.8,.734,7.6,1.6,1.5,0.4,4.1,5.5,21.7
7,3,29,445,12.4,23.7,.522,11.3,20.8,.545,1.1,2.9,.364,6.3,8.5,.734,11.3,2.4,2.3,0.5,6.1,8.1,32.1,,104.9,98.0
7,4,29,445,20.7,.578,.545,.124,.360,214,8.7,13.4,11.2,9.5,2.3,0.9,18.1,28.9,,0.9,0.7,1.6,.148,,0.5,-0.8,-0.3
8,0,10,91,5,19,.263,3,10,.300,2,9,.222,11,16,.688,2,9,11,2,1,1,14,13,23
8,1,10,9.1,0.5,1.9,.263,0.3,1.0,.300,0.2,0.9,.222,1.1,1.6,.688,1.1,0.2,0.1,0.1,1.4,1.3,2.3
8,2,10,91,2.2,8.4,.263,1.3,4.4,.300,0.9,4.0,.222,4.8,7.0,.688,4.8,0.9,0.4,0.4,6.2,5.7,10.1
8,3,10,91,3.3,12.4,.263,2.0,6.5,.300,1.3,5.9,.222,7.2,10.4,.688,7.2,1.3,0.7,0.7,9.1,8.5,15.0,,65.6,102.5
8,4,10,91,-1.1,.432,.316,.474,.842,22,2.7,11.2,7.1,3.8,0.7,1.1,34.5,22.5,,-0.2,0.1,-0.1,-.055,,-8.7,-1.7,-10.4
9,0,34,887,122,225,.542,122,222,.550,0,3,.000,108,153,.706,68,114,182,28,15,95,55,95,352
9,1,34,26.1,3.6,6.6,.542,3.6,6.5,.550,0.0,0.1,.000,3.2,4.5,.706,5.4,0.8,0.4,2.8,1.6,2.8,10.4
9,2,34,887,5.5,10.1,.542,5.5,10.0,.550,0.0,0.1,.000,4.9,6.9,.706,8.2,1.3,0.7,4.3,2.5,4.3,15.9
9,3,34,887,8.1,15.0,.542,8.1,14.8,.550,0.0,0.2,.000,7.2,10.2,.706,12.2,1.9,1.0,6.3,3.7,6.3,23.5,,115.1,95.5
9,4,34,887,22.1,.591,.542,.013,.680,336,9.3,14.5,12.0,6.4,1.0,10.9,15.6,20.1,,2.2,1.6,3.8,.173,,0.5,5.5,6.0
10,0,34,645,49,166,.295,18,56,.321,31,110,.282,21,34,.618,16,53,69,34,18,1,28,52,150
10,1,34,19.0,1.4,4.9,.295,0.5,1.6,.321,0.9,3.2,.282,0.6,1.0,.618,2.0,1.0,0.5,0.0,0.8,1.5,4.4
10,2,34,645,3.0,10.3,.295,1.1,3.5,.321,1.9,6.8,.282,1.3,2.1,.618,4.3,2.1,1.1,0.1,1.7,3.2,9.3
10,3,34,645,4.5,15.2,.295,1.7,5.1,.321,2.8,10.1,.282,1.9,3.1,.618,6.3,3.1,1.7,0.1,2.6,4.8,13.8,,91.2,102.0
10,4,34,645,7.0,.412,.389,.663,.205,151,3.0,9.3,6.2,9.5,1.7,0.2,13.3,16.5,,0.1,0.8,0.9,.055,,-1.4,-0.6,-1.9
11,0,9,30,5,9,.556,4,7,.571,1,2,.500,0,0,,3,1,4,2,0,0,2,7,11
11,1,9,3.3,0.6,1.0,.556,0.4,0.8,.571,0.1,0.2,.500,0.0,0.0,,0.4,0.2,0.0,0.0,0.2,0.8,1.2
11,2,9,30,6.7,12.0,.556,5.3,9.3,.571,1.3,2.7,.500,0.0,0.0,,5.3,2.7,0.0,0.0,2.7,9.3,14.7
11,3,9,30,9.9,17.8,.556,7.9,13.8,.571,2.0,4.0,.500,0.0,0.0,,7.9,4.0,0.0,0.0,4.0,13.8,21.7,,115.1,107.4
11,4,9,30,13.2,.611,.611,.222,.000,11,12.1,3.8,7.8,14.3,0.0,0.0,18.2,18.5,,0.1,0.0,0.1,.123,,2.4,-3.1,-0.7
12,0,7,14,1,4,.250,1,3,.333,0,1,.000,3,4,.750,2,2,4,0,0,0,1,1,5
12,1,7,2.0,0.1,0.6,.250,0.1,0.4,.333,0.0,0.1,.000,0.4,0.6,.750,0.6,0.0,0.0,0.0,0.1,0.1,0.7
12,2,7,14,2.9,11.4,.250,2.9,8.6,.333,0.0,2.9,.000,8.6,11.4,.750,11.4,0.0,0.0,0.0,2.9,2.9,14.3
12,3,7,14,4.2,16.9,.250,4.2,12.7,.333,0.0,4.2,.000,12.7,16.9,.750,16.9,0.0,0.0,0.0,4.2,4.2,21.2,,96.8,102.5
12,4,7,14,11.9,.424,.250,.250,1.000,5,17.3,16.1,16.7,0.0,0.0,0.0,14.5,24.9,,0.0,0.0,0.0,.083,,-5.7,-8.4,-14.1
13,0,32,528,93,187,.497,93,184,.505,0,3,.000,44,89,.494,71,92,163,29,17,19,41,57,230
13,1,32,16.5,2.9,5.8,.497,2.9,5.8,.505,0.0,0.1,.000,1.4,2.8,.494,5.1,0.9,0.5,0.6,1.3,1.8,7.2
13,2,32,528,7.0,14.2,.497,7.0,13.9,.505,0.0,0.2,.000,3.3,6.7,.494,12.3,2.2,1.3,1.4,3.1,4.3,17.4
13,3,32,528,10.4,21.0,.497,10.4,20.6,.505,0.0,0.3,.000,4.9,10.0,.494,18.3,3.3,1.9,2.1,4.6,6.4,25.8,,103.6,94.7
13,4,32,528,21.7,.502,.497,.016,.476,238,16.3,19.6,18.0,12.0,1.9,3.6,15.2,25.9,,1.0,1.0,2.0,.150,,0.1,1.9,2.0
14,0,34,839,89,200,.445,43,94,.457,46,106,.434,57,71,.803,40,92,132,40,30,5,35,58,281
14,1,34,24.7,2.6,5.9,.445,1.3,2.8,.457,1.4,3.1,.434,1.7,2.1,.803,3.9,1.2,0.9,0.1,1.0,1.7,8.3
14,2,34,839,4.2,9.5,.445,2.1,4.5,.457,2.2,5.1,.434,2.7,3.4,.803,6.3,1.9,1.4,0.2,1.7,2.8,13.4
14,3,34,839,6.3,14.1,.445,3.0,6.6,.457,3.2,7.5,.434,4.0,5.0,.803,9.3,2.8,2.1,0.4,2.5,4.1,19.8,,122.1,99.3
14,4,34,839,17.0,.601,.560,.530,.355,266,5.8,12.4,9.2,9.0,2.1,0.6,13.0,16.2,,2.1,1.2,3.3,.158,,3.7,0.6,4.3
