0,0,32,576,38,148,.257,15,48,.313,23,100,.230,38,50,.760,6,26,32,44,18,0,35,30,137
0,1,32,18.0,1.2,4.6,.257,0.5,1.5,.313,0.7,3.1,.230,1.2,1.6,.760,1.0,1.4,0.6,0.0,1.1,0.9,4.3
0,2,32,576,2.6,10.3,.257,1.0,3.3,.313,1.6,6.9,.230,2.6,3.5,.760,2.2,3.1,1.3,0.0,2.4,2.1,9.5
0,3,32,576,4.2,16.3,.257,1.7,5.3,.313,2.5,11.0,.230,4.2,5.5,.760,3.5,4.8,2.0,0.0,3.9,3.3,15.1,,85.1,107.1
0,4,32,576,6.5,.399,.334,.676,.338,146,1.3,5.3,3.4,15.8,2.0,0.0,16.9,19.8,,-0.3,0.5,0.2,.015,,-1.4,-1.5,-2.9
1,0,31,970,113,245,.461,69,126,.548,44,119,.370,58,71,.817,34,80,114,49,20,8,53,84,328
1,1,31,31.3,3.6,7.9,.461,2.2,4.1,.548,1.4,3.8,.370,1.9,2.3,.817,3.7,1.6,0.6,0.3,1.7,2.7,10.6
1,2,31,970,4.7,10.1,.461,2.8,5.2,.548,1.8,4.9,.370,2.4,2.9,.817,4.7,2.0,0.8,0.3,2.2,3.5,13.5
1,3,31,970,7.4,16.0,.461,4.5,8.2,.548,2.9,7.8,.370,3.8,4.6,.817,7.5,3.2,1.3,0.5,3.5,5.5,21.5,,112.7,105.8
1,4,31,970,15.2,.588,.551,.486,.290,314,4.4,9.8,7.2,11.7,1.3,1.0,16.0,18.8,,2.0,0.9,2.9,.118,,3.9,0.3,4.2
2,0,3,5,1,1,1.000,1,1,1.000,0,0,,0,1,.000,1,2,3,0,1,0,0,2,2
2,1,3,1.7,0.3,0.3,1.000,0.3,0.3,1.000,0.0,0.0,,0.0,0.3,.000,1.0,0.0,0.3,0.0,0.0,0.7,0.7
2,2,3,5,8.0,8.0,1.000,8.0,8.0,1.000,0.0,0.0,,0.0,8.0,.000,24.0,0.0,8.0,0.0,0.0,16.0,16.0
2,3,3,5,12.7,12.7,1.000,12.7,12.7,1.000,0.0,0.0,,0.0,12.7,.000,38.1,0.0,12.7,0.0,0.0,25.4,25.4,,140.0,61.4
2,4,3,5,41.0,.678,1.000,.000,1.000,2,25.3,47.3,36.7,0.0,12.7,0.0,0.0,16.2,,0.0,0.0,0.0,.361,,6.7,2.8,9.4
3,0,28,542,75,180,.417,49,94,.521,26,86,.302,54,77,.701,29,60,89,32,21,14,53,54,230
3,1,28,19.4,2.7,6.4,.417,1.8,3.4,.521,0.9,3.1,.302,1.9,2.8,.701,3.2,1.1,0.8,0.5,1.9,1.9,8.2
3,2,28,542,5.5,13.3,.417,3.6,6.9,.521,1.9,6.3,.302,4.0,5.7,.701,6.6,2.4,1.5,1.0,3.9,4.0,17.0
3,3,28,542,8.8,21.1,.417,5.7,11.0,.521,3.0,10.1,.302,6.3,9.0,.701,10.4,3.7,2.5,1.6,6.2,6.3,26.9,,98.9,100.6
3,4,28,542,17.6,.531,.489,.478,.428,225,6.8,13.1,10.0,14.4,2.5,3.2,19.7,27.4,,0.6,0.8,1.4,.104,,2.0,1.6,3.6
4,0,30,635,66,138,.478,64,126,.508,2,12,.167,40,61,.656,52,106,158,25,17,13,53,90,174
4,1,30,21.2,2.2,4.6,.478,2.1,4.2,.508,0.1,0.4,.167,1.3,2.0,.656,5.3,0.8,0.6,0.4,1.8,3.0,5.8
4,2,30,635,4.2,8.7,.478,4.0,7.9,.508,0.1,0.8,.167,2.5,3.8,.656,10.0,1.6,1.1,0.8,3.3,5.7,11.0
4,3,30,635,6.6,13.8,.478,6.4,12.6,.508,0.2,1.2,.167,4.0,6.1,.656,15.8,2.5,1.7,1.3,5.3,9.0,17.4,,95.7,99.2
4,4,30,635,13.2,.521,.486,.087,.442,188,10.4,19.7,15.2,8.9,1.7,2.5,24.1,19.1,,0.4,1.0,1.3,.085,,-1.1,2.6,1.4
5,0,13,74,3,23,.130,1,6,.167,2,17,.118,1,2,.500,0,3,3,4,3,1,1,15,9
5,1,13,5.7,0.2,1.8,.130,0.1,0.5,.167,0.2,1.3,.118,0.1,0.2,.500,0.2,0.3,0.2,0.1,0.1,1.2,0.7
5,2,13,74,1.6,12.4,.130,0.5,3.2,.167,1.1,9.2,.118,0.5,1.1,.500,1.6,2.2,1.6,0.5,0.5,8.1,4.9
5,3,13,74,2.6,19.7,.130,0.9,5.1,.167,1.7,14.6,.118,0.9,1.7,.500,2.6,3.4,2.6,0.9,0.9,12.9,7.7,,53.7,104.4
5,4,13,74,-3.9,.188,.174,.739,.087,10,0.0,4.8,2.5,10.6,2.6,1.7,4.0,18.6,,-0.2,0.1,-0.1,-.071,,-5.7,-0.9,-6.6
6,0,32,648,53,135,.393,29,67,.433,24,68,.353,21,37,.568,38,96,134,19,20,6,30,73,151
6,1,32,20.3,1.7,4.2,.393,0.9,2.1,.433,0.8,2.1,.353,0.7,1.2,.568,4.2,0.6,0.6,0.2,0.9,2.3,4.7
6,2,32,648,3.3,8.3,.393,1.8,4.1,.433,1.5,4.2,.353,1.3,2.3,.568,8.3,1.2,1.2,0.4,1.9,4.5,9.3
6,3,32,648,5.2,13.2,.393,2.8,6.6,.433,2.3,6.7,.353,2.1,3.6,.568,13.1,1.9,2.0,0.6,2.9,7.1,14.8,,99.9,100.5
6,4,32,648,11.4,.495,.481,.504,.274,156,7.4,17.5,12.6,6.3,2.0,1.1,16.4,15.5,,0.5,0.9,1.4,.088,,0.6,1.4,2.0
7,0,29,549,56,130,.431,40,90,.444,16,40,.400,37,60,.617,21,58,79,22,25,13,34,61,165
7,1,29,18.9,1.9,4.5,.431,1.4,3.1,.444,0.6,1.4,.400,1.3,2.1,.617,2.7,0.8,0.9,0.4,1.2,2.1,5.7
7,2,29,549,4.1,9.5,.431,2.9,6.6,.444,1.2,2.9,.400,2.7,4.4,.617,5.8,1.6,1.8,0.9,2.5,4.4,12.0
7,3,29,549,6.5,15.0,.431,4.6,10.4,.444,1.8,4.6,.400,4.3,6.9,.617,9.1,2.5,2.9,1.5,3.9,7.0,19.1,,99.3,100.0
7,4,29,549,13.9,.521,.492,.308,.462,161,4.8,12.5,8.8,9.0,2.9,2.9,17.7,19.3,,0.5,0.8,1.3,.094,,0.3,2.7,2.9
8,0,32,1129,157,326,.482,122,223,.547,35,103,.340,137,164,.835,31,129,160,78,46,6,47,68,486
8,1,32,35.3,4.9,10.2,.482,3.8,7.0,.547,1.1,3.2,.340,4.3,5.1,.835,5.0,2.4,1.4,0.2,1.5,2.1,15.2
8,2,32,1129,5.6,11.6,.482,4.3,7.9,.547,1.2,3.6,.340,4.9,5.8,.835,5.7,2.8,1.6,0.2,1.7,2.4,17.2
8,3,32,1129,8.8,18.3,.482,6.9,12.5,.547,2.0,5.8,.340,7.7,9.2,.835,9.0,4.4,2.6,0.3,2.6,3.8,27.3,,124.9,101.5
8,4,32,1129,23.3,.602,.535,.316,.503,468,3.5,13.5,8.7,16.9,2.6,0.7,10.4,22.0,,4.1,1.5,5.6,.197,,6.7,1.6,8.3
9,0,13,82,9,16,.563,3,3,1.000,6,13,.462,2,2,1.000,3,3,6,3,1,1,2,7,26
9,1,13,6.3,0.7,1.2,.563,0.2,0.2,1.000,0.5,1.0,.462,0.2,0.2,1.000,0.5,0.2,0.1,0.1,0.2,0.5,2.0
9,2,13,82,4.4,7.8,.563,1.5,1.5,1.000,2.9,6.3,.462,1.0,1.0,1.000,2.9,1.5,0.5,0.5,1.0,3.4,12.7
9,3,13,82,7.0,12.4,.563,2.3,2.3,1.000,4.6,10.1,.462,1.5,1.5,1.000,4.6,2.3,0.8,0.8,1.5,5.4,20.1,,147.1,109.4
9,4,13,82,17.0,.767,.750,.813,.125,23,4.6,4.3,4.5,8.3,0.8,1.5,10.6,12.7,,0.3,0.0,0.3,.158,,6.4,-1.4,4.9
10,0,19,491,69,167,.413,40,70,.571,29,97,.299,81,101,.802,5,36,41,38,27,0,34,43,248
10,1,19,25.8,3.6,8.8,.413,2.1,3.7,.571,1.5,5.1,.299,4.3,5.3,.802,2.2,2.0,1.4,0.0,1.8,2.3,13.1
10,2,19,491,5.6,13.6,.413,3.3,5.7,.571,2.4,7.9,.299,6.6,8.2,.802,3.3,3.1,2.2,0.0,2.8,3.5,20.2
10,3,19,491,8.9,21.6,.413,5.2,9.0,.571,3.7,12.5,.299,10.5,13.1,.802,5.3,4.9,3.5,0.0,4.4,5.6,32.0,,114.4,101.9
10,4,19,491,22.3,.577,.500,.581,.605,233,1.3,8.7,5.1,19.0,3.5,0.0,13.7,27.9,,1.5,0.6,2.2,.177,,6.5,-0.6,6.0
11,0,32,754,68,107,.636,68,107,.636,0,0,,43,85,.506,51,105,156,16,9,57,37,90,179
11,1,32,23.6,2.1,3.3,.636,2.1,3.3,.636,0.0,0.0,,1.3,2.7,.506,4.9,0.5,0.3,1.8,1.2,2.8,5.6
11,2,32,754,3.6,5.7,.636,3.6,5.7,.636,0.0,0.0,,2.3,4.5,.506,8.3,0.8,0.5,3.0,2.0,4.8,9.5
11,3,32,754,5.7,9.0,.636,5.7,9.0,.636,0.0,0.0,,3.6,7.2,.506,13.1,1.3,0.8,4.8,3.1,7.6,15.1,,110.6,99.9
11,4,32,754,15.7,.607,.636,.000,.794,182,8.6,16.5,12.6,4.6,0.8,9.3,20.1,13.5,,1.1,1.1,2.2,.116,,0.1,5.7,5.9
