0,0,32,939,82,235,.349,53,125,.424,29,110,.264,46,62,.742,45,111,156,60,17,15,42,86,239
0,1,32,29.3,2.6,7.3,.349,1.7,3.9,.424,0.9,3.4,.264,1.4,1.9,.742,4.9,1.9,0.5,0.5,1.3,2.7,7.5
0,2,32,939,3.5,10.0,.349,2.3,5.3,.424,1.2,4.7,.264,2.0,2.6,.742,6.6,2.6,0.7,0.6,1.8,3.7,10.2
0,3,32,939,5.4,15.5,.349,3.5,8.3,.424,1.9,7.3,.264,3.0,4.1,.742,10.3,4.0,1.1,1.0,2.8,5.7,15.8,,99.1,106.2
0,4,32,939,10.8,.452,.411,.468,.264,260,5.9,13.7,9.9,13.2,1.1,1.8,13.7,17.6,,0.5,1.1,1.6,.069,,0.0,1.7,1.7
1,0,31,365,20,37,.541,20,37,.541,0,0,,10,16,.625,26,50,76,9,4,14,20,53,50
1,1,31,11.8,0.6,1.2,.541,0.6,1.2,.541,0.0,0.0,,0.3,0.5,.625,2.5,0.3,0.1,0.5,0.6,1.7,1.6
1,2,31,365,2.2,4.1,.541,2.2,4.1,.541,0.0,0.0,,1.1,1.8,.625,8.3,1.0,0.4,1.5,2.2,5.8,5.5
1,3,31,365,3.4,6.3,.541,3.4,6.3,.541,0.0,0.0,,1.7,2.7,.625,12.9,1.5,0.7,2.4,3.4,9.0,8.5,,97.3,104.8
1,4,31,365,8.1,.561,.541,.000,.432,61,8.8,15.9,12.4,4.8,0.7,4.3,31.0,9.6,,0.1,0.5,0.6,.062,,-2.7,3.4,0.7
2,0,31,698,88,203,.433,57,115,.496,31,88,.352,67,106,.632,28,83,111,32,17,11,54,62,274
2,1,31,22.5,2.8,6.5,.433,1.8,3.7,.496,1.0,2.8,.352,2.2,3.4,.632,3.6,1.0,0.5,0.4,1.7,2.0,8.8
2,2,31,698,5.0,11.6,.433,3.3,6.6,.496,1.8,5.0,.352,3.8,6.1,.632,6.4,1.8,1.0,0.6,3.1,3.6,15.7
2,3,31,698,7.8,18.1,.433,5.1,10.2,.496,2.8,7.8,.352,6.0,9.4,.632,9.9,2.8,1.5,1.0,4.8,5.5,24.4,,101.2,105.3
2,4,31,698,14.7,.541,.510,.433,.522,259,4.9,13.8,9.5,10.3,1.5,1.8,17.6,23.8,,0.7,0.9,1.5,.088,,0.6,0.5,1.1
3,0,25,501,93,179,.520,93,178,.522,0,1,.000,24,42,.571,30,57,87,7,4,15,26,48,210
3,1,25,20.0,3.7,7.2,.520,3.7,7.1,.522,0.0,0.0,.000,1.0,1.7,.571,3.5,0.3,0.2,0.6,1.0,1.9,8.4
3,2,25,501,7.4,14.3,.520,7.4,14.2,.522,0.0,0.1,.000,1.9,3.4,.571,6.9,0.6,0.3,1.2,2.1,3.8,16.8
3,3,25,501,11.5,22.2,.520,11.5,22.1,.522,0.0,0.1,.000,3.0,5.2,.571,10.8,0.9,0.5,1.9,3.2,5.9,26.0,,102.9,107.1
3,4,25,501,16.4,.528,.520,.006,.235,186,7.4,13.2,10.4,3.6,0.5,3.3,11.6,24.2,,0.6,0.5,1.1,.088,,-2.3,-0.7,-3.0
4,0,32,492,40,99,.404,39,92,.424,1,7,.143,36,54,.667,24,48,72,45,17,4,25,53,117
4,1,32,15.4,1.3,3.1,.404,1.2,2.9,.424,0.0,0.2,.143,1.1,1.7,.667,2.3,1.4,0.5,0.1,0.8,1.7,3.7
4,2,32,492,3.3,8.0,.404,3.2,7.5,.424,0.1,0.6,.143,2.9,4.4,.667,5.9,3.7,1.4,0.3,2.0,4.3,9.5
4,3,32,492,5.0,12.5,.404,4.9,11.6,.424,0.1,0.9,.143,4.5,6.8,.667,9.1,5.7,2.1,0.5,3.2,6.7,14.8,,102.3,105.5
4,4,32,492,12.0,.469,.409,.071,.545,138,6.0,11.3,8.7,18.6,2.1,0.9,16.7,16.4,,0.4,0.6,1.0,.081,,-1.0,1.7,0.8
5,0,30,862,83,218,.381,69,161,.429,14,57,.246,104,156,.667,13,77,90,48,54,29,56,85,284
5,1,30,28.7,2.8,7.3,.381,2.3,5.4,.429,0.5,1.9,.246,3.5,5.2,.667,3.0,1.6,1.8,1.0,1.9,2.8,9.5
5,2,30,862,3.9,10.1,.381,3.2,7.5,.429,0.6,2.6,.246,4.8,7.2,.667,4.2,2.2,2.5,1.3,2.6,3.9,13.2
5,3,30,862,6.0,15.7,.381,5.0,11.6,.429,1.0,4.1,.246,7.5,11.2,.667,6.5,3.5,3.9,2.1,4.0,6.1,20.5,,96.1,100.8
5,4,30,862,14.1,.486,.413,.261,.716,277,1.9,10.4,6.2,11.7,3.9,3.8,16.1,21.8,,0.3,1.4,1.7,.081,,-1.0,4.2,3.2
6,0,32,958,103,245,.420,70,150,.467,33,95,.347,67,95,.705,38,85,123,45,27,5,51,61,306
6,1,32,29.9,3.2,7.7,.420,2.2,4.7,.467,1.0,3.0,.347,2.1,3.0,.705,3.8,1.4,0.8,0.2,1.6,1.9,9.6
6,2,32,958,4.3,10.2,.420,2.9,6.3,.467,1.4,4.0,.347,2.8,4.0,.705,5.1,1.9,1.1,0.2,2.1,2.5,12.8
6,3,32,958,6.7,15.9,.420,4.5,9.7,.467,2.1,6.2,.347,4.3,6.2,.705,8.0,2.9,1.7,0.3,3.3,4.0,19.8,,104.9,107.2
6,4,32,958,13.2,.527,.488,.388,.388,300,4.9,10.3,7.7,10.1,1.7,0.6,15.0,19.2,,1.1,1.0,2.1,.087,,1.1,0.8,1.9
7,0,31,1078,187,377,.496,115,194,.593,72,183,.393,128,151,.848,19,89,108,97,69,3,82,84,574
7,1,31,34.8,6.0,12.2,.496,3.7,6.3,.593,2.3,5.9,.393,4.1,4.9,.848,3.5,3.1,2.2,0.1,2.6,2.7,18.5
7,2,31,1078,6.9,14.0,.496,4.3,7.2,.593,2.7,6.8,.393,4.7,5.6,.848,4.0,3.6,2.6,0.1,3.0,3.1,21.3
7,3,31,1078,10.8,21.7,.496,6.6,11.2,.593,4.1,10.5,.393,7.4,8.7,.848,6.2,5.6,4.0,0.2,4.7,4.8,33.1,,120.6,102.7
7,4,31,1078,25.2,.640,.592,.485,.401,533,2.2,9.6,6.0,22.6,4.0,0.3,15.5,26.6,,3.7,1.6,5.3,.196,,8.8,1.5,10.3
8,0,11,29,5,8,.625,2,2,1.000,3,6,.500,0,0,,2,5,7,2,2,1,0,2,13
8,1,11,2.6,0.5,0.7,.625,0.2,0.2,1.000,0.3,0.5,.500,0.0,0.0,,0.6,0.2,0.2,0.1,0.0,0.2,1.2
8,2,11,29,6.9,11.0,.625,2.8,2.8,1.000,4.1,8.3,.500,0.0,0.0,,9.7,2.8,2.8,1.4,0.0,2.8,17.9
8,3,11,29,10.7,17.1,.625,4.3,4.3,1.000,6.4,12.8,.500,0.0,0.0,,15.0,4.3,4.3,2.1,0.0,4.3,27.8,,174.8,95.2
8,4,11,29,34.4,.813,.813,.750,.000,12,8.5,20.0,14.4,17.3,4.3,3.8,0.0,14.9,,0.2,0.1,0.2,.310,,12.3,4.5,16.8
9,0,32,542,38,62,.613,38,62,.613,0,0,,21,52,.404,40,65,105,5,5,40,15,73,97
9,1,32,16.9,1.2,1.9,.613,1.2,1.9,.613,0.0,0.0,,0.7,1.6,.404,3.3,0.2,0.2,1.3,0.5,2.3,3.0
9,2,32,542,2.8,4.6,.613,2.8,4.6,.613,0.0,0.0,,1.5,3.8,.404,7.7,0.4,0.4,3.0,1.1,5.4,7.2
9,3,32,542,4.4,7.1,.613,4.4,7.1,.613,0.0,0.0,,2.4,6.0,.404,12.0,0.6,0.6,4.6,1.7,8.4,11.1,,112.5,104.2
9,4,32,542,12.2,.559,.613,.000,.839,103,9.1,13.9,11.6,1.8,0.6,8.2,14.7,10.1,,0.6,0.7,1.3,.094,,-1.5,4.6,3.1
10,0,4,11,2,6,.333,2,5,.400,0,1,.000,2,3,.667,1,5,6,1,2,0,0,0,6
10,1,4,2.8,0.5,1.5,.333,0.5,1.3,.400,0.0,0.3,.000,0.5,0.8,.667,1.5,0.3,0.5,0.0,0.0,0.0,1.5
10,2,4,11,7.3,21.8,.333,7.3,18.2,.400,0.0,3.6,.000,7.3,10.9,.667,21.8,3.6,7.3,0.0,0.0,0.0,21.8
10,3,4,11,11.3,33.9,.333,11.3,28.2,.400,0.0,5.6,.000,11.3,16.9,.667,33.9,5.6,11.3,0.0,0.0,0.0,33.9,,105.1,65.4
10,4,4,11,39.6,.404,.333,.167,.500,6,11.2,52.8,32.6,23.3,11.3,0.0,0.0,36.4,,0.0,0.1,0.1,.281,,4.1,10.1,14.2
