0,0,4,18,2,3,.667,2,2,1.000,0,1,.000,0,0,,2,0,2,3,0,1,1,4,4
0,1,4,4.5,0.5,0.8,.667,0.5,0.5,1.000,0.0,0.3,.000,0.0,0.0,,0.5,0.8,0.0,0.3,0.3,1.0,1.0
0,2,4,18,4.4,6.7,.667,4.4,4.4,1.000,0.0,2.2,.000,0.0,0.0,,4.4,6.7,0.0,2.2,2.2,8.9,8.9
0,3,4,18,7.1,10.6,.667,7.1,7.1,1.000,0.0,3.5,.000,0.0,0.0,,7.1,10.6,0.0,3.5,3.5,14.1,14.1,,130.4,101.3
0,4,4,18,17.3,.667,.667,.333,.000,6,14.1,0.0,6.6,35.2,0.0,6.5,25.0,12.1,,0.1,0.0,0.1,.179,,4.9,1.2,6.2
1,0,31,526,56,146,.384,36,77,.468,20,69,.290,26,31,.839,28,45,73,16,20,4,35,47,158
1,1,31,17.0,1.8,4.7,.384,1.2,2.5,.468,0.6,2.2,.290,0.8,1.0,.839,2.4,0.5,0.6,0.1,1.1,1.5,5.1
1,2,31,526,4.3,11.1,.384,2.7,5.9,.468,1.5,5.2,.290,2.0,2.4,.839,5.6,1.2,1.5,0.3,2.7,3.6,12.0
1,3,31,526,6.8,17.7,.384,4.4,9.3,.468,2.4,8.3,.290,3.1,3.8,.839,8.8,1.9,2.4,0.5,4.2,5.7,19.1,,95.1,94.6
1,4,31,526,11.8,.492,.452,.473,.212,151,6.7,9.6,8.3,6.4,2.4,0.9,17.9,20.3,,0.3,1.0,1.3,.100,,0.3,1.7,2.0
2,0,29,207,4,18,.222,4,15,.267,0,3,.000,1,3,.333,2,13,15,15,7,0,7,19,9
2,1,29,7.1,0.1,0.6,.222,0.1,0.5,.267,0.0,0.1,.000,0.0,0.1,.333,0.5,0.5,0.2,0.0,0.2,0.7,0.3
2,2,29,207,0.8,3.5,.222,0.8,2.9,.267,0.0,0.6,.000,0.2,0.6,.333,2.9,2.9,1.4,0.0,1.4,3.7,1.7
2,3,29,207,1.2,5.5,.222,1.2,4.6,.267,0.0,0.9,.000,0.3,0.9,.333,4.6,4.6,2.2,0.0,2.2,5.8,2.8,,66.5,96.9
2,4,29,207,2.3,.232,.222,.167,.167,16,1.2,7.1,4.3,12.8,2.2,0.0,26.5,7.0,,-0.2,0.4,0.2,.034,,-4.0,3.1,-1.0
3,0,25,208,11,23,.478,11,23,.478,0,0,,4,10,.400,19,25,44,4,2,15,12,40,26
3,1,25,8.3,0.4,0.9,.478,0.4,0.9,.478,0.0,0.0,,0.2,0.4,.400,1.8,0.2,0.1,0.6,0.5,1.6,1.0
3,2,25,208,2.1,4.4,.478,2.1,4.4,.478,0.0,0.0,,0.8,1.9,.400,8.5,0.8,0.4,2.9,2.3,7.7,5.0
3,3,25,208,3.4,7.0,.478,3.4,7.0,.478,0.0,0.0,,1.2,3.1,.400,13.5,1.2,0.6,4.6,3.7,12.2,8.0,,87.5,92.4
3,4,25,208,7.9,.468,.478,.000,.435,33,11.6,13.6,12.6,3.6,0.6,8.4,30.2,10.4,,0.0,0.4,0.4,.082,,-2.9,6.4,3.5
4,0,26,760,136,249,.546,134,239,.561,2,10,.200,89,129,.690,63,129,192,46,19,39,70,82,363
4,1,26,29.2,5.2,9.6,.546,5.2,9.2,.561,0.1,0.4,.200,3.4,5.0,.690,7.4,1.8,0.7,1.5,2.7,3.2,14.0
4,2,26,760,7.2,13.1,.546,7.1,12.6,.561,0.1,0.5,.200,4.7,6.8,.690,10.1,2.4,1.0,2.1,3.7,4.3,19.1
4,3,26,760,11.4,20.8,.546,11.2,20.0,.561,0.2,0.8,.200,7.5,10.8,.690,16.1,3.9,1.6,3.3,5.9,6.9,30.4,,108.7,89.1
4,4,26,760,25.3,.585,.550,.040,.518,349,10.5,19.1,15.1,14.9,1.6,6.0,18.4,27.3,,2.0,1.9,3.8,.202,,3.3,5.7,8.9
5,0,12,96,5,13,.385,5,13,.385,0,0,,8,12,.667,9,13,22,2,0,11,17,22,18
5,1,12,8.0,0.4,1.1,.385,0.4,1.1,.385,0.0,0.0,,0.7,1.0,.667,1.8,0.2,0.0,0.9,1.4,1.8,1.5
5,2,12,96,2.1,5.4,.385,2.1,5.4,.385,0.0,0.0,,3.3,5.0,.667,9.2,0.8,0.0,4.6,7.1,9.2,7.5
5,3,12,96,3.3,8.6,.385,3.3,8.6,.385,0.0,0.0,,5.3,8.0,.667,14.6,1.3,0.0,7.3,11.3,14.6,11.9,,63.6,90.3
5,4,12,96,3.4,.481,.385,.000,.923,21,11.9,15.3,13.7,3.9,0.0,13.3,47.6,20.3,,-0.3,0.2,0.0,-.017,,-9.3,8.0,-1.3
6,0,30,338,36,100,.360,20,51,.392,16,49,.327,21,30,.700,8,38,46,19,17,1,18,39,109
6,1,30,11.3,1.2,3.3,.360,0.7,1.7,.392,0.5,1.6,.327,0.7,1.0,.700,1.5,0.6,0.6,0.0,0.6,1.3,3.6
6,2,30,338,4.3,11.8,.360,2.4,6.0,.392,1.9,5.8,.327,2.5,3.6,.700,5.4,2.2,2.0,0.1,2.1,4.6,12.9
6,3,30,338,6.8,18.8,.360,3.8,9.6,.392,3.0,9.2,.327,4.0,5.6,.700,8.7,3.6,3.2,0.2,3.4,7.3,20.5,,98.4,91.4
6,4,30,338,13.2,.477,.440,.490,.300,104,3.0,12.7,8.1,11.7,3.2,0.3,13.6,21.3,,0.3,0.8,1.1,.125,,0.7,2.0,2.7
7,0,32,615,84,163,.515,84,163,.515,0,0,,28,48,.583,46,70,116,4,9,25,34,65,196
7,1,32,19.2,2.6,5.1,.515,2.6,5.1,.515,0.0,0.0,,0.9,1.5,.583,3.6,0.1,0.3,0.8,1.1,2.0,6.1
7,2,32,615,5.5,10.6,.515,5.5,10.6,.515,0.0,0.0,,1.8,3.1,.583,7.5,0.3,0.6,1.6,2.2,4.2,12.7
7,3,32,615,8.7,16.9,.515,8.7,16.9,.515,0.0,0.0,,2.9,5.0,.583,12.0,0.4,0.9,2.6,3.5,6.7,20.3,,100.7,94.4
7,4,32,615,14.7,.527,.515,.000,.294,180,9.5,12.8,11.2,1.5,0.9,4.7,15.5,19.5,,0.7,1.2,1.9,.120,,-1.8,2.1,0.3
8,0,33,815,79,191,.414,48,88,.545,31,103,.301,51,64,.797,13,86,99,59,28,2,54,45,240
8,1,33,24.7,2.4,5.8,.414,1.5,2.7,.545,0.9,3.1,.301,1.5,1.9,.797,3.0,1.8,0.8,0.1,1.6,1.4,7.3
8,2,33,815,3.9,9.4,.414,2.4,4.3,.545,1.5,5.1,.301,2.5,3.1,.797,4.9,2.9,1.4,0.1,2.7,2.2,11.8
8,3,33,815,6.2,14.9,.414,3.7,6.9,.545,2.4,8.0,.301,4.0,5.0,.797,7.7,4.6,2.2,0.2,4.2,3.5,18.7,,101.9,94.5
8,4,33,815,13.6,.542,.495,.539,.335,234,2.0,11.9,7.2,14.8,2.2,0.3,19.6,18.4,,0.9,1.6,2.5,.122,,1.9,2.3,4.1
9,0,22,684,117,260,.450,94,186,.505,23,74,.311,32,52,.615,37,118,155,40,22,31,41,61,289
9,1,22,31.1,5.3,11.8,.450,4.3,8.5,.505,1.0,3.4,.311,1.5,2.4,.615,7.0,1.8,1.0,1.4,1.9,2.8,13.1
9,2,22,684,6.8,15.2,.450,5.5,10.9,.505,1.3,4.3,.311,1.9,3.0,.615,9.1,2.3,1.3,1.8,2.4,3.6,16.9
9,3,22,684,10.9,24.2,.450,8.7,17.3,.505,2.1,6.9,.311,3.0,4.8,.615,14.4,3.7,2.0,2.9,3.8,5.7,26.9,,103.1,88.4
9,4,22,684,21.2,.508,.494,.285,.200,270,6.8,19.5,13.5,14.1,2.0,5.3,12.6,25.9,,1.2,1.7,2.9,.168,,2.3,5.2,7.5
10,0,33,894,80,208,.385,61,137,.445,19,71,.268,36,61,.590,42,88,130,55,34,4,32,57,215
10,1,33,27.1,2.4,6.3,.385,1.8,4.2,.445,0.6,2.2,.268,1.1,1.8,.590,3.9,1.7,1.0,0.1,1.0,1.7,6.5
10,2,33,894,3.6,9.3,.385,2.7,6.1,.445,0.9,3.2,.268,1.6,2.7,.590,5.8,2.5,1.5,0.2,1.4,2.6,9.6
10,3,33,894,5.7,14.8,.385,4.3,9.8,.445,1.4,5.1,.268,2.6,4.3,.590,9.3,3.9,2.4,0.3,2.3,4.1,15.3,,101.4,94.3
10,4,33,894,12.8,.454,.430,.341,.293,228,5.9,11.1,8.7,12.4,2.4,0.5,11.9,16.4,,0.9,1.7,2.6,.117,,1.3,3.2,4.5
11,0,32,1001,132,274,.482,111,197,.563,21,77,.273,98,120,.817,19,78,97,88,64,3,63,83,383
11,1,32,31.3,4.1,8.6,.482,3.5,6.2,.563,0.7,2.4,.273,3.1,3.8,.817,3.0,2.8,2.0,0.1,2.0,2.6,12.0
11,2,32,1001,5.3,10.9,.482,4.4,7.9,.563,0.8,3.1,.273,3.9,4.8,.817,3.9,3.5,2.6,0.1,2.5,3.3,15.3
11,3,32,1001,8.4,17.4,.482,7.1,12.5,.563,1.3,4.9,.273,6.2,7.6,.817,6.2,5.6,4.1,0.2,4.0,5.3,24.3,,113.0,91.8
11,4,32,1001,20.2,.579,.520,.281,.438,371,2.4,8.8,5.8,19.4,4.1,0.3,16.0,21.4,,2.5,2.2,4.7,.186,,4.7,3.5,8.2
12,0,19,487,36,74,.486,32,61,.525,4,13,.308,49,63,.778,13,62,75,51,17,1,31,42,125
12,1,19,25.6,1.9,3.9,.486,1.7,3.2,.525,0.2,0.7,.308,2.6,3.3,.778,3.9,2.7,0.9,0.1,1.6,2.2,6.6
12,2,19,487,3.0,6.1,.486,2.6,5.0,.525,0.3,1.1,.308,4.0,5.2,.778,6.2,4.2,1.4,0.1,2.5,3.4,10.3
12,3,19,487,4.7,9.7,.486,4.2,8.0,.525,0.5,1.7,.308,6.4,8.2,.778,9.8,6.7,2.2,0.1,4.1,5.5,16.3,,112.9,93.0
12,4,19,487,15.8,.601,.514,.176,.851,138,3.4,14.4,9.2,20.5,2.2,0.2,23.0,15.1,,0.9,1.0,1.9,.158,,2.1,3.3,5.4
