0,0,29,859,55,141,.390,49,113,.434,6,28,.214,92,127,.724,26,59,85,168,38,4,86,54,208
0,1,29,29.6,1.9,4.9,.390,1.7,3.9,.434,0.2,1.0,.214,3.2,4.4,.724,2.9,5.8,1.3,0.1,3.0,1.9,7.2
0,2,29,859,2.6,6.6,.390,2.3,5.3,.434,0.3,1.3,.214,4.3,5.9,.724,4.0,7.8,1.8,0.2,4.0,2.5,9.7
0,3,29,859,4.0,10.2,.390,3.5,8.2,.434,0.4,2.0,.214,6.6,9.2,.724,6.1,12.1,2.7,0.3,6.2,3.9,15.0,,100.4,107.3
0,4,29,859,14.5,.517,.411,.199,.901,274,3.4,8.1,5.7,42.7,2.7,0.5,29.9,17.3,,0.9,0.7,1.5,.072,,-2.2,-3.2,-5.4
1,0,28,502,48,138,.348,23,53,.434,25,85,.294,27,43,.628,12,37,49,31,15,3,27,49,148
1,1,28,17.9,1.7,4.9,.348,0.8,1.9,.434,0.9,3.0,.294,1.0,1.5,.628,1.8,1.1,0.5,0.1,1.0,1.8,5.3
1,2,28,502,3.8,11.0,.348,1.8,4.2,.434,2.0,6.8,.294,2.2,3.4,.628,3.9,2.5,1.2,0.2,2.2,3.9,11.8
1,3,28,502,5.9,17.0,.348,2.8,6.5,.434,3.1,10.5,.294,3.3,5.3,.628,6.1,3.8,1.9,0.4,3.3,6.1,18.3,,96.6,108.5
1,4,28,502,9.7,.467,.438,.616,.312,141,2.7,8.7,5.6,14.5,1.9,0.6,14.6,19.1,,0.3,0.3,0.6,.050,,-2.3,-3.4,-5.7
2,0,24,213,16,35,.457,16,35,.457,0,0,,12,34,.353,19,29,48,5,5,12,20,53,44
2,1,24,8.9,0.7,1.5,.457,0.7,1.5,.457,0.0,0.0,,0.5,1.4,.353,2.0,0.2,0.2,0.5,0.8,2.2,1.8
2,2,24,213,3.0,6.6,.457,3.0,6.6,.457,0.0,0.0,,2.3,6.4,.353,9.0,0.9,0.9,2.3,3.8,10.0,8.3
2,3,24,213,4.7,10.2,.457,4.7,10.2,.457,0.0,0.0,,3.5,9.9,.353,14.0,1.5,1.5,3.5,5.8,15.4,12.8,,74.9,102.3
2,4,24,213,6.0,.430,.457,.000,.971,46,10.1,16.0,13.0,5.3,1.5,5.9,28.1,17.3,,-0.3,0.3,0.0,-.002,,-8.6,0.6,-8.0
3,0,23,161,7,29,.241,3,14,.214,4,15,.267,5,13,.385,4,6,10,11,6,0,14,10,23
3,1,23,7.0,0.3,1.3,.241,0.1,0.6,.214,0.2,0.7,.267,0.2,0.6,.385,0.4,0.5,0.3,0.0,0.6,0.4,1.0
3,2,23,161,1.7,7.2,.241,0.7,3.5,.214,1.0,3.7,.267,1.2,3.2,.385,2.5,2.7,1.5,0.0,3.5,2.5,5.7
3,3,23,161,2.7,11.2,.241,1.2,5.4,.214,1.5,5.8,.267,1.9,5.0,.385,3.8,4.2,2.3,0.0,5.4,3.8,8.9,,64.1,110.1
3,4,23,161,1.0,.327,.310,.517,.448,27,2.8,4.4,3.6,14.3,2.3,0.0,28.5,15.8,,-0.3,0.1,-0.2,-.059,,-8.3,-3.4,-11.7
4,0,29,758,55,151,.364,23,53,.434,32,98,.327,28,42,.667,18,34,52,43,27,1,53,54,170
4,1,29,26.1,1.9,5.2,.364,0.8,1.8,.434,1.1,3.4,.327,1.0,1.4,.667,1.8,1.5,0.9,0.0,1.8,1.9,5.9
4,2,29,758,2.9,8.0,.364,1.2,2.8,.434,1.7,5.2,.327,1.5,2.2,.667,2.7,2.3,1.4,0.1,2.8,2.8,9.0
4,3,29,758,4.5,12.3,.364,1.9,4.3,.434,2.6,8.0,.327,2.3,3.4,.667,4.3,3.5,2.2,0.1,4.3,4.4,13.9,,90.0,109.8
4,4,29,758,7.3,.497,.470,.649,.278,165,2.7,5.3,4.0,12.6,2.2,0.1,23.7,15.3,,0.0,0.4,0.4,.022,,-3.0,-2.6,-5.6
5,0,29,435,43,98,.439,43,96,.448,0,2,.000,16,36,.444,37,41,78,5,7,9,35,57,102
5,1,29,15.0,1.5,3.4,.439,1.5,3.3,.448,0.0,0.1,.000,0.6,1.2,.444,2.7,0.2,0.2,0.3,1.2,2.0,3.5
5,2,29,435,4.0,9.0,.439,4.0,8.8,.448,0.0,0.2,.000,1.5,3.3,.444,7.2,0.5,0.6,0.8,3.2,5.2,9.4
5,3,29,435,6.1,14.0,.439,6.1,13.7,.448,0.0,0.3,.000,2.3,5.1,.444,11.1,0.7,1.0,1.3,5.0,8.1,14.5,,80.2,108.3
5,4,29,435,6.4,.443,.439,.020,.367,100,9.7,11.1,10.4,2.7,1.0,2.2,23.3,17.9,,-0.4,0.3,-0.1,-.006,,-7.8,-2.7,-10.5
6,0,28,297,22,76,.289,14,38,.368,8,38,.211,12,20,.600,15,33,48,5,4,1,5,31,64
6,1,28,10.6,0.8,2.7,.289,0.5,1.4,.368,0.3,1.4,.211,0.4,0.7,.600,1.7,0.2,0.1,0.0,0.2,1.1,2.3
6,2,28,297,3.0,10.2,.289,1.9,5.1,.368,1.1,5.1,.211,1.6,2.7,.600,6.5,0.7,0.5,0.1,0.7,4.2,8.6
6,3,28,297,4.6,15.9,.289,2.9,7.9,.368,1.7,7.9,.211,2.5,4.2,.600,10.0,1.0,0.8,0.2,1.0,6.5,13.4,,91.6,108.8
6,4,28,297,6.2,.374,.342,.500,.263,62,5.7,13.1,9.3,3.8,0.8,0.4,5.5,15.8,,0.0,0.2,0.2,.031,,-5.4,-4.5,-9.9
7,0,29,436,25,71,.352,16,33,.485,9,38,.237,15,20,.750,20,48,68,18,4,5,16,73,74
7,1,29,15.0,0.9,2.4,.352,0.6,1.1,.485,0.3,1.3,.237,0.5,0.7,.750,2.3,0.6,0.1,0.2,0.6,2.5,2.6
7,2,29,436,2.3,6.5,.352,1.5,3.0,.485,0.8,3.5,.237,1.4,1.8,.750,6.2,1.7,0.4,0.5,1.5,6.7,6.8
7,3,29,436,3.6,10.1,.352,2.3,4.7,.485,1.3,5.4,.237,2.1,2.8,.750,9.7,2.6,0.6,0.7,2.3,10.4,10.5,,98.1,108.5
7,4,29,436,6.1,.460,.415,.535,.282,78,5.2,12.9,9.0,8.9,0.6,1.2,16.6,11.5,,0.2,0.3,0.5,.045,,-4.1,-2.3,-6.4
8,0,5,47,8,19,.421,5,9,.556,3,10,.300,3,4,.750,2,4,6,3,0,2,4,6,22
8,1,5,9.4,1.6,3.8,.421,1.0,1.8,.556,0.6,2.0,.300,0.6,0.8,.750,1.2,0.6,0.0,0.4,0.8,1.2,4.4
8,2,5,47,6.8,16.2,.421,4.3,7.7,.556,2.6,8.5,.300,2.6,3.4,.750,5.1,2.6,0.0,1.7,3.4,5.1,18.7
8,3,5,47,10.6,25.1,.421,6.6,11.9,.556,4.0,13.2,.300,4.0,5.3,.750,7.9,4.0,0.0,2.6,5.3,7.9,29.0,,100.3,109.9
8,4,5,47,15.2,.526,.500,.526,.211,19,4.8,10.0,7.4,18.2,0.0,4.4,16.1,27.4,,0.1,0.0,0.1,.073,,-1.0,-4.2,-5.2
9,0,26,253,27,86,.314,15,52,.288,12,34,.353,25,36,.694,5,16,21,17,4,1,23,25,91
9,1,26,9.7,1.0,3.3,.314,0.6,2.0,.288,0.5,1.3,.353,1.0,1.4,.694,0.8,0.7,0.2,0.0,0.9,1.0,3.5
9,2,26,253,4.3,13.6,.314,2.4,8.2,.288,1.9,5.4,.353,4.0,5.7,.694,3.3,2.7,0.6,0.2,3.6,4.0,14.4
9,3,26,253,6.6,21.1,.314,3.7,12.7,.288,2.9,8.3,.353,6.1,8.8,.694,5.1,4.2,1.0,0.2,5.6,6.1,22.3,,87.3,111.1
9,4,26,253,7.0,.441,.384,.395,.419,86,2.2,7.4,4.8,16.2,1.0,0.4,18.2,25.8,,-0.1,0.1,0.0,.005,,-5.6,-5.6,-11.2
10,0,28,926,190,421,.451,144,262,.550,46,159,.289,75,124,.605,91,126,217,20,35,4,49,80,501
10,1,28,33.1,6.8,15.0,.451,5.1,9.4,.550,1.6,5.7,.289,2.7,4.4,.605,7.8,0.7,1.3,0.1,1.8,2.9,17.9
10,2,28,926,8.2,18.2,.451,6.2,11.3,.550,2.0,6.9,.289,3.2,5.4,.605,9.4,0.9,1.5,0.2,2.1,3.5,21.6
10,3,28,926,12.7,28.2,.451,9.6,17.5,.550,3.1,10.6,.289,5.0,8.3,.605,14.5,1.3,2.3,0.3,3.3,5.4,33.5,,108.7,104.3
10,4,28,926,22.8,.522,.506,.378,.295,438,11.2,16.0,13.5,6.8,2.3,0.5,9.3,29.6,,2.3,1.0,3.3,.142,,2.5,-4.1,-1.7
11,0,11,84,6,14,.429,4,8,.500,2,6,.333,1,5,.200,3,5,8,2,6,0,2,8,15
11,1,11,7.6,0.5,1.3,.429,0.4,0.7,.500,0.2,0.5,.333,0.1,0.5,.200,0.7,0.2,0.5,0.0,0.2,0.7,1.4
11,2,11,84,2.9,6.7,.429,1.9,3.8,.500,1.0,2.9,.333,0.5,2.4,.200,3.8,1.0,2.9,0.0,1.0,3.8,7.1
11,3,11,84,4.4,10.3,.429,3.0,5.9,.500,1.5,4.4,.333,0.7,3.7,.200,5.9,1.5,4.4,0.0,1.5,5.9,11.1,,96.0,104.1
11,4,11,84,9.5,.458,.500,.429,.357,14,4.1,7.0,5.5,5.3,4.4,0.0,10.9,11.3,,0.0,0.1,0.1,.057,,-3.3,-0.7,-4.0
12,0,27,854,106,254,.417,87,190,.458,19,64,.297,104,139,.748,68,145,213,26,14,26,69,73,335
12,1,27,31.6,3.9,9.4,.417,3.2,7.0,.458,0.7,2.4,.297,3.9,5.1,.748,7.9,1.0,0.5,1.0,2.6,2.7,12.4
12,2,27,854,5.0,11.9,.417,4.1,8.9,.458,0.9,3.0,.297,4.9,6.5,.748,10.0,1.2,0.7,1.2,3.2,3.4,15.7
12,3,27,854,7.7,18.4,.417,6.3,13.8,.458,1.4,4.6,.297,7.5,10.1,.748,15.5,1.9,1.0,1.9,5.0,5.3,24.3,,101.2,104.0
12,4,27,854,16.7,.523,.455,.252,.547,317,9.1,20.0,14.4,7.7,1.0,3.2,17.7,23.6,,1.1,0.9,2.0,.094,,-2.5,-1.6,-4.1
