0,0,28,402,54,137,.394,20,47,.426,34,90,.378,21,29,.724,5,35,40,11,10,3,26,37,163
0,1,28,14.4,1.9,4.9,.394,0.7,1.7,.426,1.2,3.2,.378,0.8,1.0,.724,1.4,0.4,0.4,0.1,0.9,1.3,5.8
0,2,28,402,5.4,13.6,.394,2.0,4.7,.426,3.4,9.0,.378,2.1,2.9,.724,4.0,1.1,1.0,0.3,2.6,3.7,16.2
0,3,28,402,8.8,22.2,.394,3.2,7.6,.426,5.5,14.6,.378,3.4,4.7,.724,6.5,1.8,1.6,0.5,4.2,6.0,26.4,,101.5,101.5
0,4,28,402,13.7,.541,.518,.657,.212,139,1.6,11.0,6.4,6.6,1.6,1.0,14.7,24.8,,0.5,0.5,1.0,.104,,-0.4,-3.3,-3.6
1,0,5,8,1,5,.200,1,3,.333,0,2,.000,0,1,.000,0,1,1,0,2,0,1,3,2
1,1,5,1.6,0.2,1.0,.200,0.2,0.6,.333,0.0,0.4,.000,0.0,0.2,.000,0.2,0.0,0.4,0.0,0.2,0.6,0.4
1,2,5,8,5.0,25.0,.200,5.0,15.0,.333,0.0,10.0,.000,0.0,5.0,.000,5.0,0.0,10.0,0.0,5.0,15.0,10.0
1,3,5,8,8.2,40.8,.200,8.2,24.5,.333,0.0,16.3,.000,0.0,8.2,.000,8.2,0.0,16.3,0.0,8.2,24.5,16.3,,35.2,65.0
1,4,5,8,-8.7,.183,.200,.400,.200,2,0.0,15.8,8.1,0.0,16.3,0.0,15.4,45.6,,-0.1,0.0,0.0,-.228,,-21.4,2.0,-19.4
2,0,31,624,54,139,.388,26,53,.491,28,86,.326,25,37,.676,13,53,66,18,7,3,17,42,161
2,1,31,20.1,1.7,4.5,.388,0.8,1.7,.491,0.9,2.8,.326,0.8,1.2,.676,2.1,0.6,0.2,0.1,0.5,1.4,5.2
2,2,31,624,3.5,8.9,.388,1.7,3.4,.491,1.8,5.5,.326,1.6,2.4,.676,4.2,1.2,0.4,0.2,1.1,2.7,10.3
2,3,31,624,5.6,14.5,.388,2.7,5.5,.491,2.9,9.0,.326,2.6,3.9,.676,6.9,1.9,0.7,0.3,1.8,4.4,16.8,,108.6,103.9
2,4,31,624,10.4,.514,.489,.619,.266,149,2.8,10.8,6.9,6.2,0.7,0.7,9.8,15.7,,0.8,0.7,1.5,.097,,-0.4,-2.2,-2.5
3,0,12,54,5,16,.313,3,11,.273,2,5,.400,5,7,.714,0,6,6,2,3,0,6,4,17
3,1,12,4.5,0.4,1.3,.313,0.3,0.9,.273,0.2,0.4,.400,0.4,0.6,.714,0.5,0.2,0.3,0.0,0.5,0.3,1.4
3,2,12,54,3.7,11.9,.313,2.2,8.1,.273,1.5,3.7,.400,3.7,5.2,.714,4.4,1.5,2.2,0.0,4.4,3.0,12.6
3,3,12,54,6.0,19.3,.313,3.6,13.3,.273,2.4,6.0,.400,6.0,8.5,.714,7.2,2.4,3.6,0.0,7.2,4.8,20.5,,76.5,96.3
3,4,12,54,7.0,.440,.375,.313,.438,16,0.0,14.1,7.2,8.1,3.6,0.0,23.7,26.4,,-0.1,0.1,0.0,.010,,-8.0,-1.4,-9.4
4,0,22,707,99,221,.448,57,103,.553,42,118,.356,64,84,.762,11,55,66,52,11,0,43,22,304
4,1,22,32.1,4.5,10.0,.448,2.6,4.7,.553,1.9,5.4,.356,2.9,3.8,.762,3.0,2.4,0.5,0.0,2.0,1.0,13.8
4,2,22,707,5.6,12.5,.448,3.2,5.8,.553,2.4,6.7,.356,3.6,4.8,.762,3.7,2.9,0.6,0.0,2.4,1.2,17.2
4,3,22,707,9.1,20.4,.448,5.3,9.5,.553,3.9,10.9,.356,5.9,7.7,.762,6.1,4.8,1.0,0.0,4.0,2.0,28.0,,114.7,104.2
4,4,22,707,18.9,.583,.543,.534,.380,284,2.1,9.9,6.0,17.9,1.0,0.0,14.1,24.2,,1.9,0.8,2.7,.154,,3.5,-3.0,0.5
5,0,1,1,0,1,.000,0,1,.000,0,0,,0,0,,0,1,1,0,0,0,0,0,0
5,1,1,1.0,0.0,1.0,.000,0.0,1.0,.000,0.0,0.0,,0.0,0.0,,1.0,0.0,0.0,0.0,0.0,0.0,0.0
5,2,1,1,0.0,40.0,.000,0.0,40.0,.000,0.0,0.0,,0.0,0.0,,40.0,0.0,0.0,0.0,0.0,0.0,0.0
5,3,1,1,0.0,65.2,.000,0.0,65.2,.000,0.0,0.0,,0.0,0.0,,65.2,0.0,0.0,0.0,0.0,0.0,0.0,,0.0,62.3
5,4,1,1,-28.5,.000,.000,.000,.000,0,0.0,100.0,64.8,0.0,0.0,0.0,0.0,56.3,,0.0,0.0,0.0,-.540,,-56.8,-20.8,-77.7
6,0,29,320,28,48,.583,28,48,.583,0,0,,10,21,.476,20,48,68,4,5,6,19,44,66
6,1,29,11.0,1.0,1.7,.583,1.0,1.7,.583,0.0,0.0,,0.3,0.7,.476,2.3,0.1,0.2,0.2,0.7,1.5,2.3
6,2,29,320,3.5,6.0,.583,3.5,6.0,.583,0.0,0.0,,1.3,2.6,.476,8.5,0.5,0.6,0.8,2.4,5.5,8.3
6,3,29,320,5.7,9.8,.583,5.7,9.8,.583,0.0,0.0,,2.0,4.3,.476,13.9,0.8,1.0,1.2,3.9,9.0,13.5,,97.5,98.8
6,4,29,320,10.2,.569,.583,.000,.438,66,8.3,19.0,13.8,2.7,1.0,2.6,24.7,13.5,,0.2,0.5,0.7,.085,,-4.0,-0.2,-4.1
7,0,31,743,45,99,.455,44,92,.478,1,7,.143,30,43,.698,53,80,133,21,23,4,30,80,121
7,1,31,24.0,1.5,3.2,.455,1.4,3.0,.478,0.0,0.2,.143,1.0,1.4,.698,4.3,0.7,0.7,0.1,1.0,2.6,3.9
7,2,31,743,2.4,5.3,.455,2.4,5.0,.478,0.1,0.4,.143,1.6,2.3,.698,7.2,1.1,1.2,0.2,1.6,4.3,6.5
7,3,31,743,4.0,8.7,.455,3.9,8.1,.478,0.1,0.6,.143,2.6,3.8,.698,11.7,1.8,2.0,0.4,2.6,7.0,10.6,,104.9,99.6
7,4,31,743,10.2,.507,.460,.071,.434,143,9.4,13.6,11.6,5.8,2.0,0.7,20.1,11.3,,0.6,1.1,1.8,.096,,-1.3,1.1,-0.2
8,0,31,1019,158,300,.527,158,298,.530,0,2,.000,117,143,.818,76,162,238,56,36,24,84,84,433
8,1,31,32.9,5.1,9.7,.527,5.1,9.6,.530,0.0,0.1,.000,3.8,4.6,.818,7.7,1.8,1.2,0.8,2.7,2.7,14.0
8,2,31,1019,6.2,11.8,.527,6.2,11.7,.530,0.0,0.1,.000,4.6,5.6,.818,9.3,2.2,1.4,0.9,3.3,3.3,17.0
8,3,31,1019,10.1,19.2,.527,10.1,19.1,.530,0.0,0.1,.000,7.5,9.2,.818,15.2,3.6,2.3,1.5,5.4,5.4,27.7,,111.9,95.3
8,4,31,1019,23.5,.588,.527,.007,.477,435,9.9,20.2,15.1,13.8,2.3,3.2,18.6,25.0,,2.7,2.0,4.7,.184,,1.2,2.3,3.5
9,0,31,913,93,212,.439,64,132,.485,29,80,.363,86,112,.768,41,97,138,67,44,2,54,74,301
9,1,31,29.5,3.0,6.8,.439,2.1,4.3,.485,0.9,2.6,.363,2.8,3.6,.768,4.5,2.2,1.4,0.1,1.7,2.4,9.7
9,2,31,913,4.1,9.3,.439,2.8,5.8,.485,1.3,3.5,.363,3.8,4.9,.768,6.0,2.9,1.9,0.1,2.4,3.2,13.2
9,3,31,913,6.6,15.1,.439,4.6,9.4,.485,2.1,5.7,.363,6.1,8.0,.768,9.9,4.8,3.1,0.1,3.9,5.3,21.5,,113.9,97.5
9,4,31,913,18.3,.567,.507,.377,.528,313,5.9,13.5,9.8,16.3,3.1,0.3,16.9,19.7,,2.1,1.6,3.7,.161,,2.6,0.8,3.4
10,0,31,1076,129,313,.412,70,170,.412,59,143,.413,89,109,.817,12,98,110,88,26,6,66,64,406
10,1,31,34.7,4.2,10.1,.412,2.3,5.5,.412,1.9,4.6,.413,2.9,3.5,.817,3.5,2.8,0.8,0.2,2.1,2.1,13.1
10,2,31,1076,4.8,11.6,.412,2.6,6.3,.412,2.2,5.3,.413,3.3,4.1,.817,4.1,3.3,1.0,0.2,2.5,2.4,15.1
10,3,31,1076,7.8,19.0,.412,4.2,10.3,.412,3.6,8.7,.413,5.4,6.6,.817,6.7,5.3,1.6,0.4,4.0,3.9,24.6,,111.0,101.7
10,4,31,1076,16.8,.557,.506,.457,.348,395,1.5,11.5,6.6,18.9,1.6,0.8,15.3,22.6,,2.4,1.4,3.8,.142,,2.0,-1.1,0.9
11,0,31,327,19,46,.413,19,46,.413,0,0,,26,37,.703,23,39,62,8,10,2,17,54,64
11,1,31,10.5,0.6,1.5,.413,0.6,1.5,.413,0.0,0.0,,0.8,1.2,.703,2.0,0.3,0.3,0.1,0.5,1.7,2.1
11,2,31,327,2.3,5.6,.413,2.3,5.6,.413,0.0,0.0,,3.2,4.5,.703,7.6,1.0,1.2,0.2,2.1,6.6,7.8
11,3,31,327,3.8,9.2,.413,3.8,9.2,.413,0.0,0.0,,5.2,7.4,.703,12.4,1.6,2.0,0.4,3.4,10.8,12.8,,101.1,98.8
11,4,31,327,9.5,.503,.413,.000,.804,72,9.3,15.1,12.3,5.0,2.0,0.8,21.1,13.9,,0.3,0.5,0.8,.095,,-3.1,0.0,-3.1
12,0,8,9,1,3,.333,0,0,,1,3,.333,0,0,,0,1,1,0,0,0,0,1,3
12,1,8,1.1,0.1,0.4,.333,0.0,0.0,,0.1,0.4,.333,0.0,0.0,,0.1,0.0,0.0,0.0,0.0,0.1,0.4
12,2,8,9,4.4,13.3,.333,0.0,0.0,,4.4,13.3,.333,0.0,0.0,,4.4,0.0,0.0,0.0,0.0,4.4,13.3
12,3,8,9,7.2,21.7,.333,0.0,0.0,,7.2,21.7,.333,0.0,0.0,,7.2,0.0,0.0,0.0,0.0,7.2,21.7,,112.0,104.5
12,4,8,9,9.9,.500,.500,1.000,.000,2,0.0,14.1,7.2,0.0,0.0,0.0,0.0,18.8,,0.0,0.0,0.0,.107,,-0.8,-8.0,-8.8
13,0,7,10,1,2,.500,1,2,.500,0,0,,0,0,,0,0,0,0,0,0,0,1,2
13,1,7,1.4,0.1,0.3,.500,0.1,0.3,.500,0.0,0.0,,0.0,0.0,,0.0,0.0,0.0,0.0,0.0,0.1,0.3
13,2,7,10,4.0,8.0,.500,4.0,8.0,.500,0.0,0.0,,0.0,0.0,,0.0,0.0,0.0,0.0,0.0,4.0,8.0
13,3,7,10,6.5,13.0,.500,6.5,13.0,.500,0.0,0.0,,0.0,0.0,,0.0,0.0,0.0,0.0,0.0,6.5,13.0,,109.0,109.9
13,4,7,10,5.0,.500,.500,.000,.000,2,0.0,0.0,0.0,0.0,0.0,0.0,0.0,11.3,,0.0,0.0,0.0,.056,,-4.1,-4.2,-8.3
14,0,7,11,0,2,.000,0,1,.000,0,1,.000,2,2,1.000,0,2,2,0,0,0,1,3,2
14,1,7,1.6,0.0,0.3,.000,0.0,0.1,.000,0.0,0.1,.000,0.3,0.3,1.000,0.3,0.0,0.0,0.0,0.1,0.4,0.3
14,2,7,11,0.0,7.3,.000,0.0,3.6,.000,0.0,3.6,.000,7.3,7.3,1.000,7.3,0.0,0.0,0.0,3.6,10.9,7.3
14,3,7,11,0.0,11.9,.000,0.0,5.9,.000,0.0,5.9,.000,11.9,11.9,1.000,11.9,0.0,0.0,0.0,5.9,17.8,11.9,,60.2,100.4
14,4,7,11,-5.1,.339,.000,.500,1.000,2,0.0,23.0,11.8,0.0,0.0,0.0,25.3,20.2,,0.0,0.0,0.0,-.046,,-12.9,-6.5,-19.4
