0,0,29,196,8,25,.320,2,6,.333,6,19,.316,16,18,.889,6,25,31,7,5,4,6,17,38
0,1,29,6.8,0.3,0.9,.320,0.1,0.2,.333,0.2,0.7,.316,0.6,0.6,.889,1.1,0.2,0.2,0.1,0.2,0.6,1.3
0,2,29,196,1.6,5.1,.320,0.4,1.2,.333,1.2,3.9,.316,3.3,3.7,.889,6.3,1.4,1.0,0.8,1.2,3.5,7.8
0,3,29,196,2.7,8.4,.320,0.7,2.0,.333,2.0,6.4,.316,5.4,6.0,.889,10.4,2.3,1.7,1.3,2.0,5.7,12.7,,119.8,102.2
0,4,29,196,12.3,.566,.440,.760,.720,39,3.7,14.3,9.2,6.9,1.7,2.5,15.2,11.2,,0.3,0.2,0.6,.114,,-1.4,-0.4,-1.8
1,0,32,1086,192,422,.455,130,277,.469,62,145,.428,85,122,.697,40,126,166,116,43,5,96,89,531
1,1,32,33.9,6.0,13.2,.455,4.1,8.7,.469,1.9,4.5,.428,2.7,3.8,.697,5.2,3.6,1.3,0.2,3.0,2.8,16.6
1,2,32,1086,7.1,15.5,.455,4.8,10.2,.469,2.3,5.3,.428,3.1,4.5,.697,6.1,4.3,1.6,0.2,3.5,3.3,19.6
1,3,32,1086,11.6,25.5,.455,7.8,16.7,.469,3.7,8.8,.428,5.1,7.4,.697,10.0,7.0,2.6,0.3,5.8,5.4,32.0,,109.3,101.8
1,4,32,1086,22.8,.553,.528,.344,.289,519,4.5,13.0,8.9,28.3,2.6,0.6,16.7,29.3,,3.0,1.4,4.4,.162,,4.1,-0.9,3.3
2,0,32,1107,163,422,.386,90,227,.396,73,195,.374,69,91,.758,51,100,151,43,22,9,61,40,468
2,1,32,34.6,5.1,13.2,.386,2.8,7.1,.396,2.3,6.1,.374,2.2,2.8,.758,4.7,1.3,0.7,0.3,1.9,1.3,14.6
2,2,32,1107,5.9,15.2,.386,3.3,8.2,.396,2.6,7.0,.374,2.5,3.3,.758,5.5,1.6,0.8,0.3,2.2,1.4,16.9
2,3,32,1107,9.7,25.0,.386,5.3,13.4,.396,4.3,11.5,.374,4.1,5.4,.758,8.9,2.5,1.3,0.5,3.6,2.4,27.7,,105.2,106.4
2,4,32,1107,17.1,.503,.473,.462,.216,428,5.6,10.1,8.0,9.5,1.3,1.0,11.6,26.3,,2.1,0.9,3.0,.107,,0.5,-3.0,-2.5
3,0,28,924,123,268,.459,83,175,.474,40,93,.430,59,91,.648,11,42,53,80,23,0,81,50,345
3,1,28,33.0,4.4,9.6,.459,3.0,6.3,.474,1.4,3.3,.430,2.1,3.3,.648,1.9,2.9,0.8,0.0,2.9,1.8,12.3
3,2,28,924,5.3,11.6,.459,3.6,7.6,.474,1.7,4.0,.430,2.6,3.9,.648,2.3,3.5,1.0,0.0,3.5,2.2,14.9
3,3,28,924,8.7,19.0,.459,5.9,12.4,.474,2.8,6.6,.430,4.2,6.5,.648,3.8,5.7,1.6,0.0,5.7,3.5,24.5,,101.7,108.7
3,4,28,924,14.2,.554,.534,.347,.340,329,1.5,5.1,3.4,20.5,1.6,0.0,20.7,23.5,,1.3,0.6,1.8,.079,,-0.4,-3.6,-4.0
4,0,32,961,85,211,.403,53,108,.491,32,103,.311,34,47,.723,68,152,220,24,21,13,32,64,236
4,1,32,30.0,2.7,6.6,.403,1.7,3.4,.491,1.0,3.2,.311,1.1,1.5,.723,6.9,0.8,0.7,0.4,1.0,2.0,7.4
4,2,32,961,3.5,8.8,.403,2.2,4.5,.491,1.3,4.3,.311,1.4,2.0,.723,9.2,1.0,0.9,0.5,1.3,2.7,9.8
4,3,32,961,5.8,14.4,.403,3.6,7.4,.491,2.2,7.0,.311,2.3,3.2,.723,15.0,1.6,1.4,0.9,2.2,4.4,16.1,,109.6,101.5
4,4,32,961,14.6,.506,.479,.488,.223,236,8.6,17.7,13.4,5.4,1.4,1.6,12.1,15.3,,1.4,1.3,2.6,.110,,-0.6,-0.7,-1.3
5,0,1,1,0,0,,0,0,,0,0,,0,0,,0,0,0,0,0,0,0,0,0
5,1,1,1.0,0.0,0.0,,0.0,0.0,,0.0,0.0,,0.0,0.0,,0.0,0.0,0.0,0.0,0.0,0.0,0.0
5,2,1,1,0.0,0.0,,0.0,0.0,,0.0,0.0,,0.0,0.0,,0.0,0.0,0.0,0.0,0.0,0.0,0.0
5,3,1,1,0.0,0.0,,0.0,0.0,,0.0,0.0,,0.0,0.0,,0.0,0.0,0.0,0.0,0.0,0.0,0.0,,,115.6
5,4,1,1,0.0,,,,,0,0.0,0.0,0.0,0.0,0.0,0.0,,0.0,,0.0,0.0,0.0,-.002,,-6.3,-1.0,-7.3
6,0,29,267,19,56,.339,6,16,.375,13,40,.325,6,9,.667,3,16,19,19,5,0,13,16,57
6,1,29,9.2,0.7,1.9,.339,0.2,0.6,.375,0.4,1.4,.325,0.2,0.3,.667,0.7,0.7,0.2,0.0,0.4,0.6,2.0
6,2,29,267,2.8,8.4,.339,0.9,2.4,.375,1.9,6.0,.325,0.9,1.3,.667,2.8,2.8,0.7,0.0,1.9,2.4,8.5
6,3,29,267,4.7,13.7,.339,1.5,3.9,.375,3.2,9.8,.325,1.5,2.2,.667,4.7,4.7,1.2,0.0,3.2,3.9,14.0,,97.7,108.7
6,4,29,267,8.0,.473,.455,.714,.161,58,1.4,6.7,4.2,14.7,1.2,0.0,17.7,15.2,,0.2,0.2,0.3,.048,,-2.7,-3.7,-6.5
7,0,22,151,11,23,.478,11,23,.478,0,0,,7,13,.538,10,31,41,3,2,8,16,18,29
7,1,22,6.9,0.5,1.0,.478,0.5,1.0,.478,0.0,0.0,,0.3,0.6,.538,1.9,0.1,0.1,0.4,0.7,0.8,1.3
7,2,22,151,2.9,6.1,.478,2.9,6.1,.478,0.0,0.0,,1.9,3.4,.538,10.9,0.8,0.5,2.1,4.2,4.8,7.7
7,3,22,151,4.8,10.0,.478,4.8,10.0,.478,0.0,0.0,,3.0,5.6,.538,17.8,1.3,0.9,3.5,6.9,7.8,12.6,,75.5,97.2
7,4,22,151,8.8,.497,.478,.000,.565,30,8.1,23.0,15.9,4.1,0.9,6.4,35.4,16.6,,-0.2,0.3,0.1,.022,,-9.0,1.5,-7.5
8,0,32,633,55,103,.534,55,103,.534,0,0,,17,52,.327,67,86,153,21,15,12,35,80,127
8,1,32,19.8,1.7,3.2,.534,1.7,3.2,.534,0.0,0.0,,0.5,1.6,.327,4.8,0.7,0.5,0.4,1.1,2.5,4.0
8,2,32,633,3.5,6.5,.534,3.5,6.5,.534,0.0,0.0,,1.1,3.3,.327,9.7,1.3,0.9,0.8,2.2,5.1,8.0
8,3,32,633,5.7,10.7,.534,5.7,10.7,.534,0.0,0.0,,1.8,5.4,.327,15.8,2.2,1.6,1.2,3.6,8.3,13.1,,98.2,101.8
8,4,32,633,12.5,.497,.534,.000,.505,144,12.9,15.2,14.1,7.1,1.6,2.3,21.5,14.2,,0.4,0.8,1.2,.077,,-2.8,0.5,-2.2
9,0,4,39,1,5,.200,1,5,.200,0,0,,0,0,,2,4,6,3,0,0,1,3,2
9,1,4,9.8,0.3,1.3,.200,0.3,1.3,.200,0.0,0.0,,0.0,0.0,,1.5,0.8,0.0,0.0,0.3,0.8,0.5
9,2,4,39,1.0,5.1,.200,1.0,5.1,.200,0.0,0.0,,0.0,0.0,,6.2,3.1,0.0,0.0,1.0,3.1,2.1
9,3,4,39,1.7,8.4,.200,1.7,8.4,.200,0.0,0.0,,0.0,0.0,,10.1,5.0,0.0,0.0,1.7,5.0,3.4,,78.0,108.8
9,4,4,39,3.0,.200,.200,.000,.000,4,6.3,11.5,9.0,14.5,0.0,0.0,16.7,8.5,,0.0,0.0,0.0,.004,,-6.9,-1.9,-8.8
10,0,32,649,30,80,.375,30,80,.375,0,0,,19,31,.613,29,81,110,15,5,37,34,91,79
10,1,32,20.3,0.9,2.5,.375,0.9,2.5,.375,0.0,0.0,,0.6,1.0,.613,3.4,0.5,0.2,1.2,1.1,2.8,2.5
10,2,32,649,1.8,4.9,.375,1.8,4.9,.375,0.0,0.0,,1.2,1.9,.613,6.8,0.9,0.3,2.3,2.1,5.6,4.9
10,3,32,649,3.0,8.1,.375,3.0,8.1,.375,0.0,0.0,,1.9,3.1,.613,11.1,1.5,0.5,3.7,3.4,9.2,8.0,,79.6,102.6
10,4,32,649,5.8,.417,.375,.000,.388,88,5.5,14.0,9.9,4.5,0.5,6.9,26.4,11.0,,-0.3,0.8,0.4,.026,,-6.8,2.7,-4.1
11,0,16,38,3,9,.333,3,7,.429,0,2,.000,0,1,.000,0,5,5,4,1,1,2,4,6
11,1,16,2.4,0.2,0.6,.333,0.2,0.4,.429,0.0,0.1,.000,0.0,0.1,.000,0.3,0.3,0.1,0.1,0.1,0.3,0.4
11,2,16,38,3.2,9.5,.333,3.2,7.4,.429,0.0,2.1,.000,0.0,1.1,.000,5.3,4.2,1.1,1.1,2.1,4.2,6.3
11,3,16,38,5.2,15.5,.333,5.2,12.1,.429,0.0,3.4,.000,0.0,1.7,.000,8.6,6.9,1.7,1.7,3.4,6.9,10.3,,75.2,101.4
11,4,16,38,6.0,.317,.333,.222,.111,7,0.0,14.8,7.7,22.1,1.7,3.2,17.4,16.7,,0.0,0.0,0.0,.006,,-7.9,-0.4,-8.2
12,0,31,473,34,83,.410,22,50,.440,12,33,.364,15,32,.469,18,37,55,35,8,1,28,32,95
12,1,31,15.3,1.1,2.7,.410,0.7,1.6,.440,0.4,1.1,.364,0.5,1.0,.469,1.8,1.1,0.3,0.0,0.9,1.0,3.1
12,2,31,473,2.9,7.0,.410,1.9,4.2,.440,1.0,2.8,.364,1.3,2.7,.469,4.7,3.0,0.7,0.1,2.4,2.7,8.0
12,3,31,473,4.7,11.5,.410,3.0,6.9,.440,1.7,4.6,.364,2.1,4.4,.469,7.6,4.8,1.1,0.1,3.9,4.4,13.2,,95.9,107.7
12,4,31,473,9.0,.484,.482,.398,.386,105,4.6,8.8,6.8,15.3,1.1,0.3,22.2,14.8,,0.2,0.3,0.6,.047,,-3.0,-2.2,-5.2
