0,0,35,1130,160,401,.399,104,253,.411,56,148,.378,142,186,.763,27,84,111,84,36,2,101,67,518
0,1,35,32.3,4.6,11.5,.399,3.0,7.2,.411,1.6,4.2,.378,4.1,5.3,.763,3.2,2.4,1.0,0.1,2.9,1.9,14.8
0,2,35,1130,5.7,14.2,.399,3.7,9.0,.411,2.0,5.2,.378,5.0,6.6,.763,3.9,3.0,1.3,0.1,3.6,2.4,18.3
0,3,35,1130,9.0,22.6,.399,5.9,14.3,.411,3.2,8.3,.378,8.0,10.5,.763,6.3,4.7,2.0,0.1,5.7,3.8,29.2,,102.0,99.5
0,4,35,1130,17.3,.529,.469,.369,.464,495,3.1,9.1,6.2,18.6,2.0,0.2,17.1,28.8,,2.1,1.6,3.6,.128,,1.2,-1.3,-0.2
1,0,34,384,46,94,.489,43,79,.544,3,15,.200,21,28,.750,29,47,76,15,12,1,20,38,116
1,1,34,11.3,1.4,2.8,.489,1.3,2.3,.544,0.1,0.4,.200,0.6,0.8,.750,2.2,0.4,0.4,0.0,0.6,1.1,3.4
1,2,34,384,4.8,9.8,.489,4.5,8.2,.544,0.3,1.6,.200,2.2,2.9,.750,7.9,1.6,1.3,0.1,2.1,4.0,12.1
1,3,34,384,7.6,15.6,.489,7.1,13.1,.544,0.5,2.5,.200,3.5,4.6,.750,12.6,2.5,2.0,0.2,3.3,6.3,19.2,,107.9,96.9
1,4,34,384,15.8,.541,.505,.160,.298,117,9.7,15.0,12.4,9.3,2.0,0.3,15.7,18.3,,0.7,0.6,1.3,.135,,-0.3,-0.2,-0.5
2,0,33,327,24,72,.333,13,42,.310,11,30,.367,21,27,.778,6,21,27,17,8,2,22,24,80
2,1,33,9.9,0.7,2.2,.333,0.4,1.3,.310,0.3,0.9,.367,0.6,0.8,.778,0.8,0.5,0.2,0.1,0.7,0.7,2.4
2,2,33,327,2.9,8.8,.333,1.6,5.1,.310,1.3,3.7,.367,2.6,3.3,.778,3.3,2.1,1.0,0.2,2.7,2.9,9.8
2,3,33,327,4.7,14.0,.333,2.5,8.2,.310,2.1,5.8,.367,4.1,5.3,.778,5.3,3.3,1.6,0.4,4.3,4.7,15.6,,90.0,100.7
2,4,33,327,7.7,.472,.410,.417,.375,80,2.4,7.9,5.2,11.1,1.6,0.7,20.6,18.0,,0.0,0.4,0.5,.056,,-3.4,-1.2,-4.6
3,0,32,425,40,113,.354,16,40,.400,24,73,.329,15,19,.789,17,33,50,15,5,2,22,19,119
3,1,32,13.3,1.3,3.5,.354,0.5,1.3,.400,0.8,2.3,.329,0.5,0.6,.789,1.6,0.5,0.2,0.1,0.7,0.6,3.7
3,2,32,425,3.8,10.6,.354,1.5,3.8,.400,2.3,6.9,.329,1.4,1.8,.789,4.7,1.4,0.5,0.2,2.1,1.8,11.2
3,3,32,425,6.0,16.9,.354,2.4,6.0,.400,3.6,10.9,.329,2.2,2.8,.789,7.5,2.2,0.7,0.3,3.3,2.8,17.8,,97.5,102.1
3,4,32,425,10.1,.488,.460,.646,.168,114,5.2,9.5,7.4,7.9,0.7,0.5,15.3,18.7,,0.3,0.5,0.8,.076,,-1.0,-2.3,-3.3
4,0,33,858,81,194,.418,56,123,.455,25,71,.352,76,93,.817,20,91,111,102,25,5,70,43,263
4,1,33,26.0,2.5,5.9,.418,1.7,3.7,.455,0.8,2.2,.352,2.3,2.8,.817,3.4,3.1,0.8,0.2,2.1,1.3,8.0
4,2,33,858,3.8,9.0,.418,2.6,5.7,.455,1.2,3.3,.352,3.5,4.3,.817,5.2,4.8,1.2,0.2,3.3,2.0,12.3
4,3,33,858,6.0,14.4,.418,4.2,9.1,.455,1.9,5.3,.352,5.6,6.9,.817,8.2,7.6,1.9,0.4,5.2,3.2,19.5,,105.1,98.1
4,4,33,858,15.8,.552,.482,.366,.479,288,3.0,13.0,8.1,26.6,1.9,0.7,22.7,19.8,,1.4,1.3,2.7,.128,,0.8,0.2,1.0
5,0,35,1173,129,309,.417,37,88,.420,92,221,.416,76,89,.854,11,61,72,60,28,0,44,61,426
5,1,35,33.5,3.7,8.8,.417,1.1,2.5,.420,2.6,6.3,.416,2.2,2.5,.854,2.1,1.7,0.8,0.0,1.3,1.7,12.2
5,2,35,1173,4.4,10.5,.417,1.3,3.0,.420,3.1,7.5,.416,2.6,3.0,.854,2.5,2.0,1.0,0.0,1.5,2.1,14.5
5,3,35,1173,7.0,16.8,.417,2.0,4.8,.420,5.0,12.0,.416,4.1,4.8,.854,3.9,3.3,1.5,0.0,2.4,3.3,23.1,,121.3,101.9
5,4,35,1173,16.2,.606,.566,.715,.288,380,1.2,6.4,3.9,11.8,1.5,0.0,11.1,18.6,,3.2,1.4,4.6,.156,,4.6,-1.8,2.8
6,0,24,335,27,78,.346,27,76,.355,0,2,.000,26,39,.667,21,34,55,12,12,5,22,25,80
6,1,24,14.0,1.1,3.3,.346,1.1,3.2,.355,0.0,0.1,.000,1.1,1.6,.667,2.3,0.5,0.5,0.2,0.9,1.0,3.3
6,2,24,335,3.2,9.3,.346,3.2,9.1,.355,0.0,0.2,.000,3.1,4.7,.667,6.6,1.4,1.4,0.6,2.6,3.0,9.6
6,3,24,335,5.1,14.8,.346,5.1,14.5,.355,0.0,0.4,.000,4.9,7.4,.667,10.5,2.3,2.3,1.0,4.2,4.8,15.2,,86.0,96.7
6,4,24,335,9.7,.414,.346,.026,.500,86,8.1,12.4,10.3,7.8,2.3,1.7,18.6,19.5,,-0.1,0.6,0.5,.057,,-5.1,0.9,-4.2
7,0,35,667,56,94,.596,56,93,.602,0,1,.000,17,51,.333,40,98,138,31,14,23,40,61,129
7,1,35,19.1,1.6,2.7,.596,1.6,2.7,.602,0.0,0.0,.000,0.5,1.5,.333,3.9,0.9,0.4,0.7,1.1,1.7,3.7
7,2,35,667,3.4,5.6,.596,3.4,5.6,.602,0.0,0.1,.000,1.0,3.1,.333,8.3,1.9,0.8,1.4,2.4,3.7,7.7
7,3,35,667,5.4,9.0,.596,5.4,8.9,.602,0.0,0.1,.000,1.6,4.9,.333,13.2,3.0,1.3,2.2,3.8,5.8,12.3,,96.7,95.2
7,4,35,667,12.3,.546,.596,.011,.543,140,7.7,18.0,13.0,10.2,1.3,4.0,25.3,13.1,,0.4,1.2,1.6,.095,,-2.3,3.3,1.0
8,0,9,37,5,17,.294,3,6,.500,2,11,.182,1,2,.500,1,0,1,2,2,1,1,4,13
8,1,9,4.1,0.6,1.9,.294,0.3,0.7,.500,0.2,1.2,.182,0.1,0.2,.500,0.1,0.2,0.2,0.1,0.1,0.4,1.4
8,2,9,37,5.4,18.4,.294,3.2,6.5,.500,2.2,11.9,.182,1.1,2.2,.500,1.1,2.2,2.2,1.1,1.1,4.3,14.1
8,3,9,37,8.6,29.3,.294,5.2,10.3,.500,3.4,18.9,.182,1.7,3.4,.500,1.7,3.4,3.4,1.7,1.7,6.9,22.4,,85.5,98.1
8,4,9,37,9.5,.362,.353,.647,.118,12,3.5,0.0,1.7,13.3,3.4,3.1,5.3,28.2,,0.0,0.1,0.0,.046,,-2.0,-2.8,-4.7
9,0,35,742,69,134,.515,69,134,.515,0,0,,46,63,.730,40,114,154,17,7,16,46,99,184
9,1,35,21.2,2.0,3.8,.515,2.0,3.8,.515,0.0,0.0,,1.3,1.8,.730,4.4,0.5,0.2,0.5,1.3,2.8,5.3
9,2,35,742,3.7,7.2,.515,3.7,7.2,.515,0.0,0.0,,2.5,3.4,.730,8.3,0.9,0.4,0.9,2.5,5.3,9.9
9,3,35,742,5.9,11.5,.515,5.9,11.5,.515,0.0,0.0,,4.0,5.4,.730,13.2,1.5,0.6,1.4,4.0,8.5,15.8,,100.4,97.1
9,4,35,742,11.3,.561,.515,.000,.470,181,6.9,18.8,13.0,5.1,0.6,2.5,21.9,15.6,,0.7,1.2,1.9,.101,,-3.1,0.8,-2.3
10,0,35,891,120,228,.526,120,227,.529,0,1,.000,75,102,.735,64,153,217,38,42,14,73,115,315
10,1,35,25.5,3.4,6.5,.526,3.4,6.5,.529,0.0,0.0,.000,2.1,2.9,.735,6.2,1.1,1.2,0.4,2.1,3.3,9.0
10,2,35,891,5.4,10.2,.526,5.4,10.2,.529,0.0,0.0,.000,3.4,4.6,.735,9.7,1.7,1.9,0.6,3.3,5.2,14.1
10,3,35,891,8.6,16.3,.526,8.6,16.2,.529,0.0,0.1,.000,5.4,7.3,.735,15.5,2.7,3.0,1.0,5.2,8.2,22.5,,103.7,91.2
10,4,35,891,18.7,.570,.526,.004,.447,312,9.3,21.0,15.3,10.5,3.0,1.8,20.9,21.6,,1.4,2.0,3.4,.152,,-0.6,2.7,2.1
11,0,17,49,3,12,.250,3,10,.300,0,2,.000,0,1,.000,0,9,9,1,1,0,0,7,6
11,1,17,2.9,0.2,0.7,.250,0.2,0.6,.300,0.0,0.1,.000,0.0,0.1,.000,0.5,0.1,0.1,0.0,0.0,0.4,0.4
11,2,17,49,2.4,9.8,.250,2.4,8.2,.300,0.0,1.6,.000,0.0,0.8,.000,7.3,0.8,0.8,0.0,0.0,5.7,4.9
11,3,17,49,3.9,15.6,.250,3.9,13.0,.300,0.0,2.6,.000,0.0,1.3,.000,11.7,1.3,1.3,0.0,0.0,9.1,7.8,,61.8,95.4
11,4,17,49,1.1,.240,.250,.167,.083,6,0.0,22.5,11.5,4.2,1.3,0.0,0.0,14.0,,-0.1,0.1,0.0,.009,,-9.0,-1.1,-10.2
12,0,4,7,1,2,.500,1,2,.500,0,0,,0,0,,0,1,1,0,0,0,0,1,2
12,1,4,1.8,0.3,0.5,.500,0.3,0.5,.500,0.0,0.0,,0.0,0.0,,0.3,0.0,0.0,0.0,0.0,0.3,0.5
12,2,4,7,5.7,11.4,.500,5.7,11.4,.500,0.0,0.0,,0.0,0.0,,5.7,0.0,0.0,0.0,0.0,5.7,11.4
12,3,4,7,9.1,18.2,.500,9.1,18.2,.500,0.0,0.0,,0.0,0.0,,9.1,0.0,0.0,0.0,0.0,9.1,18.2,,106.7,100.3
12,4,4,7,9.7,.500,.500,.000,.000,2,0.0,17.5,9.0,0.0,0.0,0.0,0.0,15.8,,0.0,0.0,0.0,.099,,-6.0,-5.5,-11.5
