0,0,28,793,128,382,.335,71,219,.324,57,163,.350,131,168,.780,29,65,94,31,45,0,65,56,444
0,1,28,28.3,4.6,13.6,.335,2.5,7.8,.324,2.0,5.8,.350,4.7,6.0,.780,3.4,1.1,1.6,0.0,2.3,2.0,15.9
0,2,28,793,6.5,19.3,.335,3.6,11.0,.324,2.9,8.2,.350,6.6,8.5,.780,4.7,1.6,2.3,0.0,3.3,2.8,22.4
0,3,28,793,8.3,24.8,.335,4.6,14.2,.324,3.7,10.6,.350,8.5,10.9,.780,6.1,2.0,2.9,0.0,4.2,3.6,28.8,,94.9,105.9
0,4,28,793,16.2,.481,.410,.427,.440,411,3.6,8.2,5.9,10.2,2.9,0.0,12.3,29.8,,0.6,0.7,1.3,.065,,0.9,-4.2,-3.4
1,0,28,536,56,138,.406,46,109,.422,10,29,.345,46,73,.630,19,61,80,28,23,7,46,37,168
1,1,28,19.1,2.0,4.9,.406,1.6,3.9,.422,0.4,1.0,.345,1.6,2.6,.630,2.9,1.0,0.8,0.3,1.6,1.3,6.0
1,2,28,536,4.2,10.3,.406,3.4,8.1,.422,0.7,2.2,.345,3.4,5.4,.630,6.0,2.1,1.7,0.5,3.4,2.8,12.5
1,3,28,536,5.4,13.3,.406,4.4,10.5,.422,1.0,2.8,.345,4.4,7.0,.630,7.7,2.7,2.2,0.7,4.4,3.6,16.1,,87.3,105.4
1,4,28,536,10.7,.486,.442,.210,.529,166,3.4,11.4,7.4,11.8,2.2,1.2,21.0,18.3,,-0.1,0.5,0.4,.029,,-3.9,-1.6,-5.5
2,0,10,147,18,46,.391,17,45,.378,1,1,1.000,16,28,.571,10,17,27,0,7,2,14,27,53
2,1,10,14.7,1.8,4.6,.391,1.7,4.5,.378,0.1,0.1,1.000,1.6,2.8,.571,2.7,0.0,0.7,0.2,1.4,2.7,5.3
2,2,10,147,4.9,12.5,.391,4.6,12.2,.378,0.3,0.3,1.000,4.4,7.6,.571,7.3,0.0,1.9,0.5,3.8,7.3,14.4
2,3,10,147,6.3,16.1,.391,6.0,15.8,.378,0.4,0.4,1.000,5.6,9.8,.571,9.5,0.0,2.5,0.7,4.9,9.5,18.6,,80.7,104.0
2,4,10,147,8.3,.447,.402,.022,.609,50,6.6,11.6,9.1,0.0,2.5,1.2,19.1,22.4,,-0.1,0.2,0.0,.005,,-8.3,-5.2,-13.5
3,0,25,262,19,63,.302,18,57,.316,1,6,.167,26,46,.565,8,23,31,18,9,1,32,26,65
3,1,25,10.5,0.8,2.5,.302,0.7,2.3,.316,0.0,0.2,.167,1.0,1.8,.565,1.2,0.7,0.4,0.0,1.3,1.0,2.6
3,2,25,262,2.9,9.6,.302,2.7,8.7,.316,0.2,0.9,.167,4.0,7.0,.565,4.7,2.7,1.4,0.2,4.9,4.0,9.9
3,3,25,262,3.7,12.4,.302,3.5,11.2,.316,0.2,1.2,.167,5.1,9.0,.565,6.1,3.5,1.8,0.2,6.3,5.1,12.8,,67.2,107.8
3,4,25,262,3.2,.383,.310,.095,.730,69,3.0,8.8,5.8,14.5,1.8,0.3,27.4,20.0,,-0.6,0.2,-0.4,-.061,,-8.6,-3.1,-11.7
4,0,28,498,42,120,.350,42,118,.356,0,2,.000,40,69,.580,29,67,96,10,20,19,39,55,124
4,1,28,17.8,1.5,4.3,.350,1.5,4.2,.356,0.0,0.1,.000,1.4,2.5,.580,3.4,0.4,0.7,0.7,1.4,2.0,4.4
4,2,28,498,3.4,9.6,.350,3.4,9.5,.356,0.0,0.2,.000,3.2,5.5,.580,7.7,0.8,1.6,1.5,3.1,4.4,10.0
4,3,28,498,4.3,12.4,.350,4.3,12.2,.356,0.0,0.2,.000,4.1,7.1,.580,9.9,1.0,2.1,2.0,4.0,5.7,12.8,,76.1,103.4
4,4,28,498,7.8,.406,.350,.017,.575,126,5.7,13.5,9.5,4.4,2.1,3.5,20.3,17.3,,-0.6,0.5,0.0,-.001,,-7.3,-0.3,-7.7
5,0,21,254,27,86,.314,26,67,.388,1,19,.053,14,21,.667,11,36,47,11,6,1,30,27,69
5,1,21,12.1,1.3,4.1,.314,1.2,3.2,.388,0.0,0.9,.053,0.7,1.0,.667,2.2,0.5,0.3,0.0,1.4,1.3,3.3
5,2,21,254,4.3,13.5,.314,4.1,10.6,.388,0.2,3.0,.053,2.2,3.3,.667,7.4,1.7,0.9,0.2,4.7,4.3,10.9
5,3,21,254,5.5,17.4,.314,5.3,13.6,.388,0.2,3.9,.053,2.8,4.3,.667,9.5,2.2,1.2,0.2,6.1,5.5,14.0,,64.5,106.3
5,4,21,254,2.7,.359,.320,.221,.244,70,4.2,14.2,9.1,9.9,1.2,0.4,23.8,22.2,,-0.7,0.2,-0.5,-.074,,-9.1,-3.5,-12.6
6,0,2,1,0,0,,0,0,,0,0,,0,0,,0,0,0,1,0,0,0,0,0
6,1,2,0.5,0.0,0.0,,0.0,0.0,,0.0,0.0,,0.0,0.0,,0.0,0.5,0.0,0.0,0.0,0.0,0.0
6,2,2,1,0.0,0.0,,0.0,0.0,,0.0,0.0,,0.0,0.0,,0.0,40.0,0.0,0.0,0.0,0.0,0.0
6,3,2,1,0.0,0.0,,0.0,0.0,,0.0,0.0,,0.0,0.0,,0.0,51.5,0.0,0.0,0.0,0.0,0.0,,218.9,116.8
6,4,2,1,35.9,,,,,0,0.0,0.0,0.0,100.0,0.0,0.0,,0.0,,0.0,0.0,0.0,.236,,-11.0,-29.2,-40.2
7,0,23,229,13,28,.464,13,28,.464,0,0,,9,20,.450,23,24,47,5,9,16,10,39,35
7,1,23,10.0,0.6,1.2,.464,0.6,1.2,.464,0.0,0.0,,0.4,0.9,.450,2.0,0.2,0.4,0.7,0.4,1.7,1.5
7,2,23,229,2.3,4.9,.464,2.3,4.9,.464,0.0,0.0,,1.6,3.5,.450,8.2,0.9,1.6,2.8,1.7,6.8,6.1
7,3,23,229,2.9,6.3,.464,2.9,6.3,.464,0.0,0.0,,2.0,4.5,.450,10.6,1.1,2.0,3.6,2.2,8.8,7.9,,94.2,103.4
7,4,23,229,10.0,.467,.464,.000,.714,43,9.8,10.5,10.1,4.5,2.0,6.3,21.1,9.3,,0.1,0.3,0.3,.053,,-4.5,2.1,-2.4
8,0,28,728,87,252,.345,59,176,.335,28,76,.368,83,117,.709,11,66,77,51,21,0,83,42,285
8,1,28,26.0,3.1,9.0,.345,2.1,6.3,.335,1.0,2.7,.368,3.0,4.2,.709,2.8,1.8,0.8,0.0,3.0,1.5,10.2
8,2,28,728,4.8,13.8,.345,3.2,9.7,.335,1.5,4.2,.368,4.6,6.4,.709,4.2,2.8,1.2,0.0,4.6,2.3,15.7
8,3,28,728,6.2,17.8,.345,4.2,12.5,.335,2.0,5.4,.368,5.9,8.3,.709,5.4,3.6,1.5,0.0,5.9,3.0,20.2,,82.7,108.7
8,4,28,728,8.8,.463,.401,.302,.464,275,1.5,9.1,5.2,16.4,1.5,0.0,21.3,24.1,,-0.6,0.4,-0.1,-.007,,-4.0,-4.0,-8.0
9,0,25,484,65,147,.442,54,114,.474,11,33,.333,35,63,.556,18,57,75,17,12,5,38,45,176
9,1,25,19.4,2.6,5.9,.442,2.2,4.6,.474,0.4,1.3,.333,1.4,2.5,.556,3.0,0.7,0.5,0.2,1.5,1.8,7.0
9,2,25,484,5.4,12.1,.442,4.5,9.4,.474,0.9,2.7,.333,2.9,5.2,.556,6.2,1.4,1.0,0.4,3.1,3.7,14.5
9,3,25,484,6.9,15.6,.442,5.7,12.1,.474,1.2,3.5,.333,3.7,6.7,.556,8.0,1.8,1.3,0.5,4.0,4.8,18.7,,89.9,107.2
9,4,25,484,10.7,.497,.480,.224,.429,164,3.6,11.8,7.7,8.5,1.3,0.9,17.7,19.9,,0.0,0.4,0.4,.031,,-3.7,-3.1,-6.7
10,0,2,4,0,1,.000,0,0,,0,1,.000,0,2,.000,0,0,0,0,0,0,0,2,0
10,1,2,2.0,0.0,0.5,.000,0.0,0.0,,0.0,0.5,.000,0.0,1.0,.000,0.0,0.0,0.0,0.0,0.0,1.0,0.0
10,2,2,4,0.0,10.0,.000,0.0,0.0,,0.0,10.0,.000,0.0,20.0,.000,0.0,0.0,0.0,0.0,0.0,20.0,0.0
10,3,2,4,0.0,12.9,.000,0.0,0.0,,0.0,12.9,.000,0.0,25.8,.000,0.0,0.0,0.0,0.0,0.0,25.8,0.0,,0.0,113.4
10,4,2,4,-26.8,.000,.000,1.000,2.000,0,0.0,0.0,0.0,0.0,0.0,0.0,0.0,21.9,,0.0,0.0,0.0,-.338,,-14.4,-9.6,-24.0
11,0,28,510,54,126,.429,54,123,.439,0,3,.000,16,43,.372,48,97,145,12,10,23,18,82,124
11,1,28,18.2,1.9,4.5,.429,1.9,4.4,.439,0.0,0.1,.000,0.6,1.5,.372,5.2,0.4,0.4,0.8,0.6,2.9,4.4
11,2,28,510,4.2,9.9,.429,4.2,9.6,.439,0.0,0.2,.000,1.3,3.4,.372,11.4,0.9,0.8,1.8,1.4,6.4,9.7
11,3,28,510,5.5,12.7,.429,5.5,12.4,.439,0.0,0.3,.000,1.6,4.3,.372,14.6,1.2,1.0,2.3,1.8,8.3,12.5,,91.3,102.4
11,4,28,510,11.2,.423,.429,.024,.341,132,9.1,19.1,14.0,5.3,1.0,4.1,10.9,14.5,,0.1,0.6,0.7,.053,,-4.9,-0.5,-5.4
12,0,26,416,38,96,.396,33,77,.429,5,19,.263,40,62,.645,7,35,42,36,24,2,47,46,121
12,1,26,16.0,1.5,3.7,.396,1.3,3.0,.429,0.2,0.7,.263,1.5,2.4,.645,1.6,1.4,0.9,0.1,1.8,1.8,4.7
12,2,26,416,3.7,9.2,.396,3.2,7.4,.429,0.5,1.8,.263,3.8,6.0,.645,4.0,3.5,2.3,0.2,4.5,4.4,11.6
12,3,26,416,4.7,11.9,.396,4.1,9.5,.429,0.6,2.4,.263,5.0,7.7,.645,5.2,4.5,3.0,0.2,5.8,5.7,15.0,,81.2,105.2
12,4,26,416,8.5,.482,.422,.198,.646,124,1.6,8.5,5.0,19.0,3.0,0.4,27.3,18.6,,-0.3,0.4,0.1,.006,,-4.9,-2.1,-7.1
13,0,24,369,32,106,.302,30,99,.303,2,7,.286,23,41,.561,5,38,43,28,23,0,33,68,89
13,1,24,15.4,1.3,4.4,.302,1.3,4.1,.303,0.1,0.3,.286,1.0,1.7,.561,1.8,1.2,1.0,0.0,1.4,2.8,3.7
13,2,24,369,3.5,11.5,.302,3.3,10.7,.303,0.2,0.8,.286,2.5,4.4,.561,4.7,3.0,2.5,0.0,3.6,7.4,9.6
13,3,24,369,4.5,14.8,.302,4.2,13.8,.303,0.3,1.0,.286,3.2,5.7,.561,6.0,3.9,3.2,0.0,4.6,9.5,12.4,,68.0,103.4
13,4,24,369,3.8,.355,.311,.066,.387,93,1.3,10.4,5.8,16.5,3.2,0.0,20.8,19.3,,-0.7,0.4,-0.3,-.036,,-7.7,-1.8,-9.4
14,0,22,394,35,73,.479,35,73,.479,0,0,,15,28,.536,26,54,80,7,9,27,12,57,85
14,1,22,17.9,1.6,3.3,.479,1.6,3.3,.479,0.0,0.0,,0.7,1.3,.536,3.6,0.3,0.4,1.2,0.5,2.6,3.9
14,2,22,394,3.6,7.4,.479,3.6,7.4,.479,0.0,0.0,,1.5,2.8,.536,8.1,0.7,0.9,2.7,1.2,5.8,8.6
14,3,22,394,4.6,9.5,.479,4.6,9.5,.479,0.0,0.0,,2.0,3.7,.536,10.5,0.9,1.2,3.5,1.6,7.5,11.1,,100.4,103.9
14,4,22,394,11.4,.492,.479,.000,.384,87,6.4,13.8,10.0,3.9,1.2,6.2,12.2,11.2,,0.2,0.4,0.7,.066,,-4.4,1.1,-3.3
