0,0,7,42,5,16,.313,1,3,.333,4,13,.308,1,4,.250,0,2,2,0,1,0,5,8,15
0,1,7,6.0,0.7,2.3,.313,0.1,0.4,.333,0.6,1.9,.308,0.1,0.6,.250,0.3,0.0,0.1,0.0,0.7,1.1,2.1
0,2,7,42,4.8,15.2,.313,1.0,2.9,.333,3.8,12.4,.308,1.0,3.8,.250,1.9,0.0,1.0,0.0,4.8,7.6,14.3
0,3,7,42,7.0,22.3,.313,1.4,4.2,.333,5.6,18.1,.308,1.4,5.6,.250,2.8,0.0,1.4,0.0,7.0,11.2,20.9,,68.6,114.7
0,4,7,42,-1.2,.419,.438,.813,.250,12,0.0,5.9,2.7,0.0,1.4,0.0,21.8,27.2,,-0.1,0.0,-0.1,-.101,,-8.4,-9.6,-18.0
1,0,22,182,7,21,.333,7,19,.368,0,2,.000,4,6,.667,10,18,28,5,0,2,11,26,18
1,1,22,8.3,0.3,1.0,.333,0.3,0.9,.368,0.0,0.1,.000,0.2,0.3,.667,1.3,0.2,0.0,0.1,0.5,1.2,0.8
1,2,22,182,1.5,4.6,.333,1.5,4.2,.368,0.0,0.4,.000,0.9,1.3,.667,6.2,1.1,0.0,0.4,2.4,5.7,4.0
1,3,22,182,2.3,6.8,.333,2.3,6.1,.368,0.0,0.6,.000,1.3,1.9,.667,9.0,1.6,0.0,0.6,3.5,8.4,5.8,,71.1,115.0
1,4,22,182,1.4,.377,.333,.095,.286,23,5.8,12.3,8.8,5.2,0.0,1.1,31.6,9.6,,-0.2,0.0,-0.2,-.035,,-8.4,-3.8,-12.2
2,0,26,632,60,151,.397,49,122,.402,11,29,.379,37,47,.787,22,35,57,42,29,1,37,39,168
2,1,26,24.3,2.3,5.8,.397,1.9,4.7,.402,0.4,1.1,.379,1.4,1.8,.787,2.2,1.6,1.1,0.0,1.4,1.5,6.5
2,2,26,632,3.8,9.6,.397,3.1,7.7,.402,0.7,1.8,.379,2.3,3.0,.787,3.6,2.7,1.8,0.1,2.3,2.5,10.6
2,3,26,632,5.6,14.0,.397,4.5,11.3,.402,1.0,2.7,.379,3.4,4.4,.787,5.3,3.9,2.7,0.1,3.4,3.6,15.6,,96.8,112.3
2,4,26,632,11.5,.485,.434,.192,.311,173,3.7,6.9,5.2,14.1,2.7,0.2,17.6,16.6,,0.4,0.2,0.5,.035,,-3.1,-3.3,-6.4
3,0,24,127,4,30,.133,0,2,.000,4,28,.143,2,3,.667,0,5,5,6,7,0,9,6,14
3,1,24,5.3,0.2,1.3,.133,0.0,0.1,.000,0.2,1.2,.143,0.1,0.1,.667,0.2,0.3,0.3,0.0,0.4,0.3,0.6
3,2,24,127,1.3,9.4,.133,0.0,0.6,.000,1.3,8.8,.143,0.6,0.9,.667,1.6,1.9,2.2,0.0,2.8,1.9,4.4
3,3,24,127,1.8,13.8,.133,0.0,0.9,.000,1.8,12.9,.143,0.9,1.4,.667,2.3,2.8,3.2,0.0,4.2,2.8,6.5,,46.7,112.0
3,4,24,127,-2.0,.223,.200,.933,.100,15,0.0,4.9,2.3,8.8,3.2,0.0,22.3,15.9,,-0.4,0.0,-0.4,-.111,,-9.0,-4.5,-13.5
4,0,6,14,0,2,.000,0,1,.000,0,1,.000,0,4,.000,3,2,5,0,0,0,0,2,0
4,1,6,2.3,0.0,0.3,.000,0.0,0.2,.000,0.0,0.2,.000,0.0,0.7,.000,0.8,0.0,0.0,0.0,0.0,0.3,0.0
4,2,6,14,0.0,5.7,.000,0.0,2.9,.000,0.0,2.9,.000,0.0,11.4,.000,14.3,0.0,0.0,0.0,0.0,5.7,0.0
4,3,6,14,0.0,8.4,.000,0.0,4.2,.000,0.0,4.2,.000,0.0,16.7,.000,20.9,0.0,0.0,0.0,0.0,8.4,0.0,,39.8,113.4
4,4,6,14,-3.2,.000,.000,.500,2.000,1,22.7,17.8,20.4,0.0,0.0,0.0,0.0,13.9,,-0.1,0.0,0.0,-.139,,-11.5,-10.6,-22.0
5,0,20,345,25,79,.316,13,31,.419,12,48,.250,7,11,.636,8,33,41,28,13,3,21,30,69
5,1,20,17.3,1.3,4.0,.316,0.7,1.6,.419,0.6,2.4,.250,0.4,0.6,.636,2.1,1.4,0.7,0.2,1.1,1.5,3.5
5,2,20,345,2.9,9.2,.316,1.5,3.6,.419,1.4,5.6,.250,0.8,1.3,.636,4.8,3.2,1.5,0.3,2.4,3.5,8.0
5,3,20,345,4.2,13.4,.316,2.2,5.3,.419,2.0,8.2,.250,1.2,1.9,.636,7.0,4.8,2.2,0.5,3.6,5.1,11.7,,84.0,110.8
5,4,20,345,7.5,.410,.392,.608,.139,75,2.5,11.9,6.8,16.5,2.2,0.9,20.0,15.2,,-0.2,0.2,0.0,.001,,-4.4,-3.3,-7.7
6,0,7,43,3,14,.214,2,5,.400,1,9,.111,0,0,,2,7,9,0,1,0,2,0,7
6,1,7,6.1,0.4,2.0,.214,0.3,0.7,.400,0.1,1.3,.111,0.0,0.0,,1.3,0.0,0.1,0.0,0.3,0.0,1.0
6,2,7,43,2.8,13.0,.214,1.9,4.7,.400,0.9,8.4,.111,0.0,0.0,,8.4,0.0,0.9,0.0,1.9,0.0,6.5
6,3,7,43,4.1,19.1,.214,2.7,6.8,.400,1.4,12.3,.111,0.0,0.0,,12.3,0.0,1.4,0.0,2.7,0.0,9.5,,56.5,110.3
6,4,7,43,1.3,.250,.250,.643,.000,7,4.9,20.2,12.0,0.0,1.4,0.0,12.5,18.6,,-0.1,0.0,-0.1,-.090,,-11.4,-8.8,-20.2
7,0,11,212,9,46,.196,6,28,.214,3,18,.167,5,6,.833,5,17,22,30,14,1,16,16,26
7,1,11,19.3,0.8,4.2,.196,0.5,2.5,.214,0.3,1.6,.167,0.5,0.5,.833,2.0,2.7,1.3,0.1,1.5,1.5,2.4
7,2,11,212,1.7,8.7,.196,1.1,5.3,.214,0.6,3.4,.167,0.9,1.1,.833,4.2,5.7,2.6,0.2,3.0,3.0,4.9
7,3,11,212,2.5,12.7,.196,1.7,7.7,.214,0.8,5.0,.167,1.4,1.7,.833,6.1,8.3,3.9,0.3,4.4,4.4,7.2,,67.0,108.2
7,4,11,212,5.6,.266,.228,.391,.130,39,2.5,10.0,5.9,27.0,3.9,0.5,24.7,15.3,,-0.4,0.1,-0.2,-.043,,-7.0,-2.5,-9.4
8,0,30,628,86,183,.470,83,177,.469,3,6,.500,57,87,.655,29,65,94,12,14,15,27,66,232
8,1,30,20.9,2.9,6.1,.470,2.8,5.9,.469,0.1,0.2,.500,1.9,2.9,.655,3.1,0.4,0.5,0.5,0.9,2.2,7.7
8,2,30,628,5.5,11.7,.470,5.3,11.3,.469,0.2,0.4,.500,3.6,5.5,.655,6.0,0.8,0.9,1.0,1.7,4.2,14.8
8,3,30,628,8.0,17.1,.470,7.7,16.5,.469,0.3,0.6,.500,5.3,8.1,.655,8.8,1.1,1.3,1.4,2.5,6.2,21.7,,105.4,111.5
8,4,30,628,15.1,.517,.478,.033,.475,214,4.9,12.9,8.6,4.5,1.3,2.4,10.7,20.0,,0.9,0.2,1.1,.072,,-3.7,-4.1,-7.7
9,0,24,497,96,212,.453,82,166,.494,14,46,.304,30,45,.667,56,30,86,11,4,2,16,40,236
9,1,24,20.7,4.0,8.8,.453,3.4,6.9,.494,0.6,1.9,.304,1.3,1.9,.667,3.6,0.5,0.2,0.1,0.7,1.7,9.8
9,2,24,497,7.7,17.1,.453,6.6,13.4,.494,1.1,3.7,.304,2.4,3.6,.667,6.9,0.9,0.3,0.2,1.3,3.2,19.0
9,3,24,497,11.3,25.0,.453,9.7,19.6,.494,1.7,5.4,.304,3.5,5.3,.667,10.1,1.3,0.5,0.2,1.9,4.7,27.8,,111.2,116.7
9,4,24,497,19.4,.506,.486,.217,.212,224,11.9,7.5,9.9,5.9,0.5,0.4,6.4,25.0,,1.2,-0.1,1.2,.094,,0.6,-7.4,-6.8
10,0,30,1031,158,424,.373,111,272,.408,47,152,.309,127,181,.702,52,51,103,52,40,13,68,86,490
10,1,30,34.4,5.3,14.1,.373,3.7,9.1,.408,1.6,5.1,.309,4.2,6.0,.702,3.4,1.7,1.3,0.4,2.3,2.9,16.3
10,2,30,1031,6.1,16.5,.373,4.3,10.6,.408,1.8,5.9,.309,4.9,7.0,.702,4.0,2.0,1.6,0.5,2.6,3.3,19.0
10,3,30,1031,9.0,24.1,.373,6.3,15.5,.408,2.7,8.6,.309,7.2,10.3,.702,5.9,3.0,2.3,0.7,3.9,4.9,27.9,,100.3,112.8
10,4,30,1031,16.5,.480,.428,.358,.427,468,5.3,6.2,5.7,12.2,2.3,1.3,11.8,28.0,,1.4,0.3,1.7,.064,,0.3,-4.7,-4.4
11,0,30,433,42,75,.560,42,75,.560,0,0,,12,33,.364,27,48,75,3,9,12,20,75,96
11,1,30,14.4,1.4,2.5,.560,1.4,2.5,.560,0.0,0.0,,0.4,1.1,.364,2.5,0.1,0.3,0.4,0.7,2.5,3.2
11,2,30,433,3.9,6.9,.560,3.9,6.9,.560,0.0,0.0,,1.1,3.0,.364,6.9,0.3,0.8,1.1,1.8,6.9,8.9
11,3,30,433,5.7,10.2,.560,5.7,10.2,.560,0.0,0.0,,1.6,4.5,.364,10.2,0.4,1.2,1.6,2.7,10.2,13.0,,97.3,110.7
11,4,30,433,9.3,.529,.560,.000,.440,92,6.6,13.8,9.9,1.5,1.2,2.8,18.1,12.8,,0.2,0.2,0.4,.037,,-5.6,-3.3,-8.9
12,0,32,596,37,115,.322,18,44,.409,19,71,.268,26,42,.619,34,78,112,16,24,13,28,72,119
12,1,32,18.6,1.2,3.6,.322,0.6,1.4,.409,0.6,2.2,.268,0.8,1.3,.619,3.5,0.5,0.8,0.4,0.9,2.3,3.7
12,2,32,596,2.5,7.7,.322,1.2,3.0,.409,1.3,4.8,.268,1.7,2.8,.619,7.5,1.1,1.6,0.9,1.9,4.8,8.0
12,3,32,596,3.6,11.3,.322,1.8,4.3,.409,1.9,7.0,.268,2.6,4.1,.619,11.0,1.6,2.4,1.3,2.8,7.1,11.7,,90.9,107.8
12,4,32,596,9.2,.441,.404,.617,.365,125,6.0,16.3,10.8,5.3,2.4,2.2,17.2,13.6,,0.0,0.4,0.5,.032,,-3.9,-1.9,-5.8
13,0,32,1075,132,350,.377,109,268,.407,23,82,.280,128,190,.674,67,183,250,54,21,21,61,70,415
13,1,32,33.6,4.1,10.9,.377,3.4,8.4,.407,0.7,2.6,.280,4.0,5.9,.674,7.8,1.7,0.7,0.7,1.9,2.2,13.0
13,2,32,1075,4.9,13.0,.377,4.1,10.0,.407,0.9,3.1,.280,4.8,7.1,.674,9.3,2.0,0.8,0.8,2.3,2.6,15.4
13,3,32,1075,7.2,19.1,.377,5.9,14.6,.407,1.3,4.5,.280,7.0,10.4,.674,13.6,2.9,1.1,1.1,3.3,3.8,22.6,,100.3,109.0
13,4,32,1075,16.5,.471,.410,.234,.543,415,6.6,21.2,13.3,11.3,1.1,1.9,12.2,23.3,,1.2,0.7,1.9,.070,,-2.2,-3.2,-5.4
14,0,27,480,57,134,.425,46,97,.474,11,37,.297,27,45,.600,10,42,52,24,13,3,31,28,152
14,1,27,17.8,2.1,5.0,.425,1.7,3.6,.474,0.4,1.4,.297,1.0,1.7,.600,1.9,0.9,0.5,0.1,1.1,1.0,5.6
14,2,27,480,4.8,11.2,.425,3.8,8.1,.474,0.9,3.1,.297,2.3,3.8,.600,4.3,2.0,1.1,0.3,2.6,2.3,12.7
14,3,27,480,7.0,16.4,.425,5.6,11.8,.474,1.3,4.5,.297,3.3,5.5,.600,6.3,2.9,1.6,0.4,3.8,3.4,18.6,,93.6,112.9
14,4,27,480,11.1,.489,.466,.276,.336,143,2.2,10.9,6.2,11.2,1.6,0.6,16.6,19.4,,0.2,0.1,0.3,.024,,-4.1,-4.6,-8.7
