0,0,4,83,12,42,.286,6,20,.300,6,22,.273,14,24,.583,0,5,5,6,3,0,9,8,44
0,1,4,20.8,3.0,10.5,.286,1.5,5.0,.300,1.5,5.5,.273,3.5,6.0,.583,1.3,1.5,0.8,0.0,2.3,2.0,11.0
0,2,4,83,5.8,20.2,.286,2.9,9.6,.300,2.9,10.6,.273,6.7,11.6,.583,2.4,2.9,1.4,0.0,4.3,3.9,21.2
0,3,4,83,8.4,29.5,.286,4.2,14.0,.300,4.2,15.5,.273,9.8,16.9,.583,3.5,4.2,2.1,0.0,6.3,5.6,30.9,,82.0,104.7
0,4,4,83,9.5,.412,.357,.524,.571,42,0.0,7.0,3.6,17.8,2.1,0.0,14.4,38.6,,-0.1,0.1,0.0,-.011,,-4.1,-8.2,-12.3
1,0,9,198,27,64,.422,21,51,.412,6,13,.462,9,12,.750,14,26,40,8,7,18,18,24,69
1,1,9,22.0,3.0,7.1,.422,2.3,5.7,.412,0.7,1.4,.462,1.0,1.3,.750,4.4,0.9,0.8,2.0,2.0,2.7,7.7
1,2,9,198,5.5,12.9,.422,4.2,10.3,.412,1.2,2.6,.462,1.8,2.4,.750,8.1,1.6,1.4,3.6,3.6,4.8,13.9
1,3,9,198,8.0,18.8,.422,6.2,15.0,.412,1.8,3.8,.462,2.7,3.5,.750,11.8,2.4,2.1,5.3,5.3,7.1,20.3,,90.5,96.8
1,4,9,198,16.3,.495,.469,.203,.188,68,8.5,15.3,12.0,9.7,2.1,9.3,20.5,22.7,,0.0,0.3,0.4,.074,,-4.2,1.8,-2.4
2,0,30,715,73,147,.497,73,146,.500,0,1,.000,54,79,.684,52,110,162,33,20,18,45,96,200
2,1,30,23.8,2.4,4.9,.497,2.4,4.9,.500,0.0,0.0,.000,1.8,2.6,.684,5.4,1.1,0.7,0.6,1.5,3.2,6.7
2,2,30,715,4.1,8.2,.497,4.1,8.2,.500,0.0,0.1,.000,3.0,4.4,.684,9.1,1.8,1.1,1.0,2.5,5.4,11.2
2,3,30,715,6.0,12.0,.497,6.0,11.9,.500,0.0,0.1,.000,4.4,6.4,.684,13.2,2.7,1.6,1.5,3.7,7.8,16.3,,102.9,99.1
2,4,30,715,14.5,.542,.497,.007,.537,212,8.8,17.9,13.4,10.3,1.6,2.6,19.6,16.5,,0.8,1.0,1.9,.105,,-2.6,-0.9,-3.5
3,0,7,46,2,4,.500,1,2,.500,1,2,.500,0,0,,0,3,3,0,2,0,5,3,5
3,1,7,6.6,0.3,0.6,.500,0.1,0.3,.500,0.1,0.3,.500,0.0,0.0,,0.4,0.0,0.3,0.0,0.7,0.4,0.7
3,2,7,46,1.7,3.5,.500,0.9,1.7,.500,0.9,1.7,.500,0.0,0.0,,2.6,0.0,1.7,0.0,4.3,2.6,4.3
3,3,7,46,2.5,5.1,.500,1.3,2.5,.500,1.3,2.5,.500,0.0,0.0,,3.8,0.0,2.5,0.0,6.3,3.8,6.3,,49.7,103.7
3,4,7,46,0.3,.625,.625,.500,.000,4,0.0,7.6,3.9,0.0,2.5,0.0,55.6,10.0,,-0.1,0.0,0.0,-.037,,-9.1,-3.2,-12.4
4,0,25,455,45,160,.281,28,87,.322,17,73,.233,21,30,.700,11,32,43,13,9,4,33,20,128
4,1,25,18.2,1.8,6.4,.281,1.1,3.5,.322,0.7,2.9,.233,0.8,1.2,.700,1.7,0.5,0.4,0.2,1.3,0.8,5.1
4,2,25,455,4.0,14.1,.281,2.5,7.6,.322,1.5,6.4,.233,1.8,2.6,.700,3.8,1.1,0.8,0.4,2.9,1.8,11.3
4,3,25,455,5.8,20.5,.281,3.6,11.1,.322,2.2,9.4,.233,2.7,3.8,.700,5.5,1.7,1.2,0.5,4.2,2.6,16.4,,72.7,106.2
4,4,25,455,4.2,.367,.334,.456,.188,122,2.9,8.2,5.6,6.3,1.2,0.9,15.9,23.4,,-0.8,0.4,-0.4,-.038,,-7.5,-5.4,-13.0
5,0,1,0,0,0,,0,0,,0,0,,0,0,,0,0,0,0,0,0,0,0,0
5,1,1,0.0,0.0,0.0,,0.0,0.0,,0.0,0.0,,0.0,0.0,,0.0,0.0,0.0,0.0,0.0,0.0,0.0
5,2,1,0,,,,,,,,,,,,,,,,,,,
5,3,1,0,,,,,,,,,,,,,,,,,,,,,,
5,4,1,0,,,,,,,,,,,,,,,,0.0,0.0,0.0,,,-7.2,-2.8,-10.1
6,0,31,883,132,309,.427,127,273,.465,5,36,.139,60,82,.732,22,67,89,39,45,3,54,56,329
6,1,31,28.5,4.3,10.0,.427,4.1,8.8,.465,0.2,1.2,.139,1.9,2.6,.732,2.9,1.3,1.5,0.1,1.7,1.8,10.6
6,2,31,883,6.0,14.0,.427,5.8,12.4,.465,0.2,1.6,.139,2.7,3.7,.732,4.0,1.8,2.0,0.1,2.4,2.5,14.9
6,3,31,883,8.7,20.4,.427,8.4,18.0,.465,0.3,2.4,.139,4.0,5.4,.732,5.9,2.6,3.0,0.2,3.6,3.7,21.7,,93.3,102.0
6,4,31,883,13.9,.473,.435,.117,.265,310,3.0,8.8,6.0,11.0,3.0,0.3,13.4,23.4,,0.4,1.0,1.5,.066,,-3.3,-3.0,-6.4
7,0,20,280,23,58,.397,18,48,.375,5,10,.500,7,8,.875,7,15,22,30,18,1,35,23,58
7,1,20,14.0,1.2,2.9,.397,0.9,2.4,.375,0.3,0.5,.500,0.4,0.4,.875,1.1,1.5,0.9,0.1,1.8,1.2,2.9
7,2,20,280,3.3,8.3,.397,2.6,6.9,.375,0.7,1.4,.500,1.0,1.1,.875,3.1,4.3,2.6,0.1,5.0,3.3,8.3
7,3,20,280,4.8,12.1,.397,3.7,10.0,.375,1.0,2.1,.500,1.5,1.7,.875,4.6,6.2,3.7,0.2,7.3,4.8,12.1,,75.0,101.5
7,4,20,280,7.4,.469,.440,.172,.138,68,3.0,6.2,4.7,22.8,3.7,0.4,36.2,17.8,,-0.4,0.3,0.0,-.002,,-6.6,-2.5,-9.1
8,0,14,383,49,131,.374,39,95,.411,10,36,.278,44,68,.647,19,31,50,28,15,1,37,37,152
8,1,14,27.4,3.5,9.4,.374,2.8,6.8,.411,0.7,2.6,.278,3.1,4.9,.647,3.6,2.0,1.1,0.1,2.6,2.6,10.9
8,2,14,383,5.1,13.7,.374,4.1,9.9,.411,1.0,3.8,.278,4.6,7.1,.647,5.2,2.9,1.6,0.1,3.9,3.9,15.9
8,3,14,383,7.5,19.9,.374,5.9,14.5,.411,1.5,5.5,.278,6.7,10.4,.647,7.6,4.3,2.3,0.2,5.6,5.6,23.1,,90.1,103.0
8,4,14,383,12.9,.465,.412,.275,.519,155,6.0,9.4,7.7,17.3,2.3,0.3,18.5,26.9,,0.1,0.4,0.5,.049,,-2.6,-3.9,-6.4
9,0,28,870,95,246,.386,47,108,.435,48,138,.348,56,78,.718,15,66,81,30,26,3,55,58,294
9,1,28,31.1,3.4,8.8,.386,1.7,3.9,.435,1.7,4.9,.348,2.0,2.8,.718,2.9,1.1,0.9,0.1,2.0,2.1,10.5
9,2,28,870,4.4,11.3,.386,2.2,5.0,.435,2.2,6.3,.348,2.6,3.6,.718,3.7,1.4,1.2,0.1,2.5,2.7,13.5
9,3,28,870,6.4,16.5,.386,3.1,7.2,.435,3.2,9.2,.348,3.8,5.2,.718,5.4,2.0,1.7,0.2,3.7,3.9,19.7,,96.9,104.7
9,4,28,870,11.3,.519,.484,.561,.317,270,2.1,8.8,5.5,7.8,1.7,0.4,16.3,20.0,,0.6,0.8,1.4,.066,,-1.4,-4.1,-5.5
10,0,31,872,83,203,.409,58,131,.443,25,72,.347,79,96,.823,24,57,81,45,20,0,71,72,270
10,1,31,28.1,2.7,6.5,.409,1.9,4.2,.443,0.8,2.3,.347,2.5,3.1,.823,2.6,1.5,0.6,0.0,2.3,2.3,8.7
10,2,31,872,3.8,9.3,.409,2.7,6.0,.443,1.1,3.3,.347,3.6,4.4,.823,3.7,2.1,0.9,0.0,3.3,3.3,12.4
10,3,31,872,5.5,13.6,.409,3.9,8.8,.443,1.7,4.8,.347,5.3,6.4,.823,5.4,3.0,1.3,0.0,4.7,4.8,18.1,,96.4,106.2
10,4,31,872,10.3,.543,.470,.355,.473,265,3.3,7.6,5.5,11.3,1.3,0.0,22.2,18.8,,0.6,0.7,1.3,.058,,-2.4,-4.2,-6.6
11,0,17,247,28,60,.467,28,59,.475,0,1,.000,11,15,.733,4,33,37,38,13,2,25,19,67
11,1,17,14.5,1.6,3.5,.467,1.6,3.5,.475,0.0,0.1,.000,0.6,0.9,.733,2.2,2.2,0.8,0.1,1.5,1.1,3.9
11,2,17,247,4.5,9.7,.467,4.5,9.6,.475,0.0,0.2,.000,1.8,2.4,.733,6.0,6.2,2.1,0.3,4.0,3.1,10.9
11,3,17,247,6.6,14.2,.467,6.6,13.9,.475,0.0,0.2,.000,2.6,3.5,.733,8.7,9.0,3.1,0.5,5.9,4.5,15.8,,91.0,98.3
11,4,17,247,14.3,.499,.467,.017,.250,79,2.0,15.6,8.9,35.1,3.1,0.8,27.1,19.2,,0.1,0.4,0.4,.070,,-4.1,-2.0,-6.1
12,0,31,504,47,89,.528,47,89,.528,0,0,,28,52,.538,44,77,121,5,5,34,27,90,122
12,1,31,16.3,1.5,2.9,.528,1.5,2.9,.528,0.0,0.0,,0.9,1.7,.538,3.9,0.2,0.2,1.1,0.9,2.9,3.9
12,2,31,504,3.7,7.1,.528,3.7,7.1,.528,0.0,0.0,,2.2,4.1,.538,9.6,0.4,0.4,2.7,2.1,7.1,9.7
12,3,31,504,5.4,10.3,.528,5.4,10.3,.528,0.0,0.0,,3.2,6.0,.538,14.0,0.6,0.6,3.9,3.1,10.4,14.1,,100.5,99.3
12,4,31,504,12.6,.536,.528,.000,.584,126,10.5,17.8,14.2,2.2,0.6,6.9,19.2,14.3,,0.4,0.7,1.1,.091,,-5.0,-0.9,-5.9
13,0,31,633,68,140,.486,67,136,.493,1,4,.250,37,62,.597,43,92,135,11,16,20,27,90,174
13,1,31,20.4,2.2,4.5,.486,2.2,4.4,.493,0.0,0.1,.250,1.2,2.0,.597,4.4,0.4,0.5,0.6,0.9,2.9,5.6
13,2,31,633,4.3,8.8,.486,4.2,8.6,.493,0.1,0.3,.250,2.3,3.9,.597,8.5,0.7,1.0,1.3,1.7,5.7,11.0
13,3,31,633,6.3,12.9,.486,6.2,12.5,.493,0.1,0.4,.250,3.4,5.7,.597,12.4,1.0,1.5,1.8,2.5,8.3,16.0,,102.4,99.6
13,4,31,633,13.4,.513,.489,.029,.443,173,8.2,16.9,12.7,3.9,1.5,3.2,13.7,15.9,,0.6,0.9,1.5,.098,,-3.8,-1.9,-5.7
14,0,20,81,5,16,.313,1,3,.333,4,13,.308,0,0,,0,3,3,4,0,0,6,8,14
14,1,20,4.1,0.3,0.8,.313,0.1,0.2,.333,0.2,0.7,.308,0.0,0.0,,0.2,0.2,0.0,0.0,0.3,0.4,0.7
14,2,20,81,2.5,7.9,.313,0.5,1.5,.333,2.0,6.4,.308,0.0,0.0,,1.5,2.0,0.0,0.0,3.0,4.0,6.9
14,3,20,81,3.6,11.5,.313,0.7,2.2,.333,2.9,9.4,.308,0.0,0.0,,2.2,2.9,0.0,0.0,4.3,5.8,10.1,,73.0,110.6
14,4,20,81,0.4,.438,.438,.813,.000,14,0.0,4.3,2.2,10.1,0.0,0.0,27.3,13.9,,-0.1,0.0,-0.1,-.028,,-6.8,-6.8,-13.6
