0,0,11,77,13,42,.310,4,9,.444,9,33,.273,3,5,.600,3,10,13,5,2,2,3,11,38
0,1,11,7.0,1.2,3.8,.310,0.4,0.8,.444,0.8,3.0,.273,0.3,0.5,.600,1.2,0.5,0.2,0.2,0.3,1.0,3.5
0,2,11,77,6.8,21.8,.310,2.1,4.7,.444,4.7,17.1,.273,1.6,2.6,.600,6.8,2.6,1.0,1.0,1.6,5.7,19.7
0,3,11,77,10.7,34.7,.310,3.3,7.4,.444,7.4,27.3,.273,2.5,4.1,.600,10.7,4.1,1.7,1.7,2.5,9.1,31.4,,92.8,97.9
0,4,11,77,15.8,.428,.417,.786,.119,35,4.8,15.2,10.2,16.8,1.7,2.9,6.3,34.3,,0.0,0.1,0.2,.087,,2.2,-2.7,-0.5
1,0,5,7,0,3,.000,0,3,.000,0,0,,0,0,,0,0,0,0,0,0,0,1,0
1,1,5,1.4,0.0,0.6,.000,0.0,0.6,.000,0.0,0.0,,0.0,0.0,,0.0,0.0,0.0,0.0,0.0,0.2,0.0
1,2,5,7,0.0,17.1,.000,0.0,17.1,.000,0.0,0.0,,0.0,0.0,,0.0,0.0,0.0,0.0,0.0,5.7,0.0
1,3,5,7,0.0,27.3,.000,0.0,27.3,.000,0.0,0.0,,0.0,0.0,,0.0,0.0,0.0,0.0,0.0,9.1,0.0,,0.0,110.2
1,4,5,7,-22.5,.000,.000,.000,.000,0,0.0,0.0,0.0,0.0,0.0,0.0,0.0,23.9,,-0.1,0.0,-0.1,-.322,,-22.2,-6.5,-28.7
2,0,28,879,118,279,.423,64,143,.448,54,136,.397,42,53,.792,12,82,94,42,22,6,36,37,332
2,1,28,31.4,4.2,10.0,.423,2.3,5.1,.448,1.9,4.9,.397,1.5,1.9,.792,3.4,1.5,0.8,0.2,1.3,1.3,11.9
2,2,28,879,5.4,12.7,.423,2.9,6.5,.448,2.5,6.2,.397,1.9,2.4,.792,4.3,1.9,1.0,0.3,1.6,1.7,15.1
2,3,28,879,8.5,20.2,.423,4.6,10.4,.448,3.9,9.8,.397,3.0,3.8,.792,6.8,3.0,1.6,0.4,2.6,2.7,24.0,,106.7,101.8
2,4,28,879,16.2,.546,.520,.487,.190,293,1.7,10.9,6.4,11.4,1.6,0.8,10.6,21.6,,1.5,1.1,2.6,.118,,1.5,-1.0,0.5
3,0,27,187,11,26,.423,11,24,.458,0,2,.000,9,14,.643,11,15,26,3,2,0,12,31,31
3,1,27,6.9,0.4,1.0,.423,0.4,0.9,.458,0.0,0.1,.000,0.3,0.5,.643,1.0,0.1,0.1,0.0,0.4,1.1,1.1
3,2,27,187,2.4,5.6,.423,2.4,5.1,.458,0.0,0.4,.000,1.9,3.0,.643,5.6,0.6,0.4,0.0,2.6,6.6,6.6
3,3,27,187,3.7,8.8,.423,3.7,8.2,.458,0.0,0.7,.000,3.1,4.8,.643,8.8,1.0,0.7,0.0,4.1,10.6,10.6,,84.4,104.2
3,4,27,187,3.5,.475,.423,.077,.538,34,7.3,9.4,8.4,3.2,0.7,0.0,26.9,13.3,,-0.1,0.2,0.1,.027,,-5.7,-1.4,-7.1
4,0,7,6,0,2,.000,0,2,.000,0,0,,1,2,.500,0,0,0,0,0,0,1,0,1
4,1,7,0.9,0.0,0.3,.000,0.0,0.3,.000,0.0,0.0,,0.1,0.3,.500,0.0,0.0,0.0,0.0,0.1,0.0,0.1
4,2,7,6,0.0,13.3,.000,0.0,13.3,.000,0.0,0.0,,6.7,13.3,.500,0.0,0.0,0.0,0.0,6.7,0.0,6.7
4,3,7,6,0.0,21.2,.000,0.0,21.2,.000,0.0,0.0,,10.6,21.2,.500,0.0,0.0,0.0,0.0,10.6,0.0,10.6,,29.0,111.0
4,4,7,6,-20.5,.169,.000,.000,1.000,1,0.0,0.0,0.0,0.0,0.0,0.0,25.3,36.7,,-0.1,0.0,-0.1,-.383,,-26.5,-7.5,-34.0
5,0,30,496,44,73,.603,43,72,.597,1,1,1.000,28,46,.609,42,76,118,17,8,11,19,68,117
5,1,30,16.5,1.5,2.4,.603,1.4,2.4,.597,0.0,0.0,1.000,0.9,1.5,.609,3.9,0.6,0.3,0.4,0.6,2.3,3.9
5,2,30,496,3.5,5.9,.603,3.5,5.8,.597,0.1,0.1,1.000,2.3,3.7,.609,9.5,1.4,0.6,0.9,1.5,5.5,9.4
5,3,30,496,5.6,9.4,.603,5.5,9.2,.597,0.1,0.1,1.000,3.6,5.9,.609,15.1,2.2,1.0,1.4,2.4,8.7,15.0,,120.6,98.3
5,4,30,496,15.4,.617,.610,.014,.630,126,10.5,17.9,14.3,7.4,1.0,2.5,16.7,12.8,,1.0,0.8,1.8,.145,,-0.4,1.4,1.0
6,0,22,90,6,15,.400,0,1,.000,6,14,.429,0,0,,1,9,10,4,3,0,7,7,18
6,1,22,4.1,0.3,0.7,.400,0.0,0.0,.000,0.3,0.6,.429,0.0,0.0,,0.5,0.2,0.1,0.0,0.3,0.3,0.8
6,2,22,90,2.7,6.7,.400,0.0,0.4,.000,2.7,6.2,.429,0.0,0.0,,4.4,1.8,1.3,0.0,3.1,3.1,8.0
6,3,22,90,4.2,10.6,.400,0.0,0.7,.000,4.2,9.9,.429,0.0,0.0,,7.1,2.8,2.1,0.0,4.9,4.9,12.7,,85.9,100.4
6,4,22,90,7.3,.600,.600,.933,.000,16,1.4,11.7,6.7,9.1,2.1,0.0,31.8,13.6,,0.0,0.1,0.1,.046,,-2.7,-0.6,-3.3
7,0,32,1098,175,431,.406,90,228,.395,85,203,.419,155,185,.838,33,141,174,58,30,14,68,66,590
7,1,32,34.3,5.5,13.5,.406,2.8,7.1,.395,2.7,6.3,.419,4.8,5.8,.838,5.4,1.8,0.9,0.4,2.1,2.1,18.4
7,2,32,1098,6.4,15.7,.406,3.3,8.3,.395,3.1,7.4,.419,5.6,6.7,.838,6.3,2.1,1.1,0.5,2.5,2.4,21.5
7,3,32,1098,10.1,25.0,.406,5.2,13.2,.395,4.9,11.8,.419,9.0,10.7,.838,10.1,3.4,1.7,0.8,3.9,3.8,34.2,,111.8,99.1
7,4,32,1098,23.5,.569,.505,.471,.429,534,3.7,15.0,9.5,13.4,1.7,1.4,11.6,29.8,,3.4,1.6,5.0,.183,,4.6,-1.0,3.6
8,0,32,759,84,214,.393,67,180,.372,17,34,.500,47,69,.681,15,67,82,58,14,0,53,41,232
8,1,32,23.7,2.6,6.7,.393,2.1,5.6,.372,0.5,1.1,.500,1.5,2.2,.681,2.6,1.8,0.4,0.0,1.7,1.3,7.3
8,2,32,759,4.4,11.3,.393,3.5,9.5,.372,0.9,1.8,.500,2.5,3.6,.681,4.3,3.1,0.7,0.0,2.8,2.2,12.2
8,3,32,759,7.0,17.9,.393,5.6,15.1,.372,1.4,2.9,.500,3.9,5.8,.681,6.9,4.9,1.2,0.0,4.4,3.4,19.5,,91.0,103.3
8,4,32,759,10.6,.470,.432,.159,.322,233,2.4,10.3,6.5,17.2,1.2,0.0,17.7,22.0,,0.2,0.8,1.0,.051,,-3.7,-1.3,-5.0
9,0,10,16,2,7,.286,2,6,.333,0,1,.000,0,0,,2,1,3,1,0,0,1,0,4
9,1,10,1.6,0.2,0.7,.286,0.2,0.6,.333,0.0,0.1,.000,0.0,0.0,,0.3,0.1,0.0,0.0,0.1,0.0,0.4
9,2,10,16,5.0,17.5,.286,5.0,15.0,.333,0.0,2.5,.000,0.0,0.0,,7.5,2.5,0.0,0.0,2.5,0.0,10.0
9,3,10,16,8.0,27.8,.286,8.0,23.9,.333,0.0,4.0,.000,0.0,0.0,,11.9,4.0,0.0,0.0,4.0,0.0,15.9,,72.6,107.6
9,4,10,16,5.1,.286,.286,.143,.000,5,15.5,7.3,11.3,14.5,0.0,0.0,12.5,27.9,,0.0,0.0,0.0,-.063,,-7.7,-4.1,-11.8
10,0,32,475,52,85,.612,52,85,.612,0,0,,10,32,.313,15,58,73,34,9,1,23,59,114
10,1,32,14.8,1.6,2.7,.612,1.6,2.7,.612,0.0,0.0,,0.3,1.0,.313,2.3,1.1,0.3,0.0,0.7,1.8,3.6
10,2,32,475,4.4,7.2,.612,4.4,7.2,.612,0.0,0.0,,0.8,2.7,.313,6.1,2.9,0.8,0.1,1.9,5.0,9.6
10,3,32,475,7.0,11.4,.612,7.0,11.4,.612,0.0,0.0,,1.3,4.3,.313,9.8,4.6,1.2,0.1,3.1,7.9,15.3,,104.7,100.8
10,4,32,475,12.0,.569,.612,.000,.376,115,3.9,14.3,9.3,16.1,1.2,0.2,18.7,14.5,,0.5,0.6,1.2,.098,,-1.9,0.0,-1.9
11,0,32,1017,77,197,.391,41,115,.357,36,82,.439,65,86,.756,10,75,85,134,32,3,67,52,255
11,1,32,31.8,2.4,6.2,.391,1.3,3.6,.357,1.1,2.6,.439,2.0,2.7,.756,2.7,4.2,1.0,0.1,2.1,1.6,8.0
11,2,32,1017,3.0,7.7,.391,1.6,4.5,.357,1.4,3.2,.439,2.6,3.4,.756,3.3,5.3,1.3,0.1,2.6,2.0,10.0
11,3,32,1017,4.8,12.3,.391,2.6,7.2,.357,2.3,5.1,.439,4.1,5.4,.756,5.3,8.4,2.0,0.2,4.2,3.3,16.0,,104.2,102.1
11,4,32,1017,13.4,.536,.482,.416,.437,293,1.2,8.6,5.0,27.5,2.0,0.3,22.0,16.7,,1.3,1.2,2.5,.100,,-0.1,-0.7,-0.8
12,0,31,530,30,99,.303,12,35,.343,18,64,.281,15,17,.882,12,41,53,33,8,2,21,51,93
12,1,31,17.1,1.0,3.2,.303,0.4,1.1,.343,0.6,2.1,.281,0.5,0.5,.882,1.7,1.1,0.3,0.1,0.7,1.6,3.0
12,2,31,530,2.3,7.5,.303,0.9,2.6,.343,1.4,4.8,.281,1.1,1.3,.882,4.0,2.5,0.6,0.2,1.6,3.8,7.0
12,3,31,530,3.6,11.9,.303,1.4,4.2,.343,2.2,7.7,.281,1.8,2.0,.882,6.4,4.0,1.0,0.2,2.5,6.1,11.2,,91.7,103.9
12,4,31,530,6.3,.434,.394,.646,.172,102,2.8,9.1,6.0,12.5,1.0,0.4,16.4,13.5,,0.1,0.5,0.6,.048,,-2.6,-0.9,-3.5
13,0,26,199,10,27,.370,9,21,.429,1,6,.167,5,14,.357,6,19,25,9,6,1,14,23,26
13,1,26,7.7,0.4,1.0,.370,0.3,0.8,.429,0.0,0.2,.167,0.2,0.5,.357,1.0,0.3,0.2,0.0,0.5,0.9,1.0
13,2,26,199,2.0,5.4,.370,1.8,4.2,.429,0.2,1.2,.167,1.0,2.8,.357,5.0,1.8,1.2,0.2,2.8,4.6,5.2
13,3,26,199,3.2,8.6,.370,2.9,6.7,.429,0.3,1.9,.167,1.6,4.5,.357,8.0,2.9,1.9,0.3,4.5,7.4,8.3,,69.7,100.6
13,4,26,199,3.1,.386,.389,.222,.519,30,3.7,11.2,7.6,9.0,1.9,0.6,29.4,13.4,,-0.3,0.3,0.0,.001,,-6.7,0.7,-6.0
14,0,32,589,91,178,.511,91,178,.511,0,0,,26,44,.591,74,118,192,6,10,52,26,97,208
14,1,32,18.4,2.8,5.6,.511,2.8,5.6,.511,0.0,0.0,,0.8,1.4,.591,6.0,0.2,0.3,1.6,0.8,3.0,6.5
14,2,32,589,6.2,12.1,.511,6.2,12.1,.511,0.0,0.0,,1.8,3.0,.591,13.0,0.4,0.7,3.5,1.8,6.6,14.1
14,3,32,589,9.8,19.2,.511,9.8,19.2,.511,0.0,0.0,,2.8,4.8,.591,20.7,0.6,1.1,5.6,2.8,10.5,22.5,,107.4,91.6
14,4,32,589,21.8,.523,.511,.000,.247,208,15.6,23.5,19.6,2.5,1.1,9.9,11.6,21.3,,1.1,1.3,2.4,.164,,-2.8,2.7,-0.1
