0,0,25,522,70,181,.387,64,159,.403,6,22,.273,61,87,.701,26,69,95,15,17,14,43,69,207
0,1,25,20.9,2.8,7.2,.387,2.6,6.4,.403,0.2,0.9,.273,2.4,3.5,.701,3.8,0.6,0.7,0.6,1.7,2.8,8.3
0,2,25,522,5.4,13.9,.387,4.9,12.2,.403,0.5,1.7,.273,4.7,6.7,.701,7.3,1.1,1.3,1.1,3.3,5.3,15.9
0,3,25,522,8.0,20.6,.387,7.3,18.1,.403,0.7,2.5,.273,6.9,9.9,.701,10.8,1.7,1.9,1.6,4.9,7.8,23.5,,91.5,104.5
0,4,25,522,12.2,.466,.403,.122,.481,194,5.2,16.0,10.2,6.2,1.9,2.8,16.2,25.4,,0.0,0.7,0.6,.050,,-6.8,-1.3,-8.1
1,0,30,754,73,180,.406,44,92,.478,29,88,.330,39,47,.830,8,37,45,70,17,0,43,72,214
1,1,30,25.1,2.4,6.0,.406,1.5,3.1,.478,1.0,2.9,.330,1.3,1.6,.830,1.5,2.3,0.6,0.0,1.4,2.4,7.1
1,2,30,754,3.9,9.5,.406,2.3,4.9,.478,1.5,4.7,.330,2.1,2.5,.830,2.4,3.7,0.9,0.0,2.3,3.8,11.4
1,3,30,754,5.7,14.2,.406,3.5,7.2,.478,2.3,6.9,.330,3.1,3.7,.830,3.5,5.5,1.3,0.0,3.4,5.7,16.8,,104.9,111.2
1,4,30,754,10.1,.529,.486,.489,.261,214,1.1,5.9,3.4,18.7,1.3,0.0,17.5,16.2,,0.7,0.5,1.3,.066,,-2.4,-3.4,-5.8
2,0,9,230,40,76,.526,36,64,.563,4,12,.333,27,39,.692,9,25,34,13,12,3,22,19,111
2,1,9,25.6,4.4,8.4,.526,4.0,7.1,.563,0.4,1.3,.333,3.0,4.3,.692,3.8,1.4,1.3,0.3,2.4,2.1,12.3
2,2,9,230,7.0,13.2,.526,6.3,11.1,.563,0.7,2.1,.333,4.7,6.8,.692,5.9,2.3,2.1,0.5,3.8,3.3,19.3
2,3,9,230,10.3,19.6,.526,9.3,16.5,.563,1.0,3.1,.333,7.0,10.1,.692,8.8,3.4,3.1,0.8,5.7,4.9,28.6,,105.4,104.1
2,4,9,230,19.9,.587,.553,.158,.513,100,4.1,13.1,8.3,13.4,3.1,1.4,18.9,25.3,,0.4,0.3,0.7,.116,,-1.5,-0.6,-2.1
3,0,3,11,2,6,.333,2,4,.500,0,2,.000,0,0,,0,4,4,1,1,0,1,1,4
3,1,3,3.7,0.7,2.0,.333,0.7,1.3,.500,0.0,0.7,.000,0.0,0.0,,1.3,0.3,0.3,0.0,0.3,0.3,1.3
3,2,3,11,7.3,21.8,.333,7.3,14.5,.500,0.0,7.3,.000,0.0,0.0,,14.5,3.6,3.6,0.0,3.6,3.6,14.5
3,3,3,11,10.8,32.4,.333,10.8,21.6,.500,0.0,10.8,.000,0.0,0.0,,21.6,5.4,5.4,0.0,5.4,5.4,21.6,,70.3,88.8
3,4,3,11,11.7,.333,.333,.333,.000,4,0.0,43.9,20.4,22.0,5.4,0.0,14.3,31.8,,0.0,0.0,0.0,-.010,,-9.4,1.9,-7.5
4,0,26,422,42,133,.316,27,68,.397,15,65,.231,31,43,.721,12,32,44,17,13,0,15,35,130
4,1,26,16.2,1.6,5.1,.316,1.0,2.6,.397,0.6,2.5,.231,1.2,1.7,.721,1.7,0.7,0.5,0.0,0.6,1.3,5.0
4,2,26,422,4.0,12.6,.316,2.6,6.4,.397,1.4,6.2,.231,2.9,4.1,.721,4.2,1.6,1.2,0.0,1.4,3.3,12.3
4,3,26,422,5.9,18.7,.316,3.8,9.6,.397,2.1,9.1,.231,4.4,6.0,.721,6.2,2.4,1.8,0.0,2.1,4.9,18.3,,95.3,109.0
4,4,26,422,9.0,.424,.372,.489,.323,124,3.0,9.2,5.9,8.1,1.8,0.0,8.9,19.9,,0.1,0.4,0.5,.046,,-4.2,-3.3,-7.5
5,0,18,155,23,47,.489,23,47,.489,0,0,,11,17,.647,16,21,37,4,2,12,8,21,57
5,1,18,8.6,1.3,2.6,.489,1.3,2.6,.489,0.0,0.0,,0.6,0.9,.647,2.1,0.2,0.1,0.7,0.4,1.2,3.2
5,2,18,155,5.9,12.1,.489,5.9,12.1,.489,0.0,0.0,,2.8,4.4,.647,9.5,1.0,0.5,3.1,2.1,5.4,14.7
5,3,18,155,8.8,18.0,.489,8.8,18.0,.489,0.0,0.0,,4.2,6.5,.647,14.2,1.5,0.8,4.6,3.1,8.0,21.8,,107.0,103.9
5,4,18,155,18.3,.517,.489,.000,.362,56,10.8,16.4,13.4,5.8,0.8,8.1,12.7,20.3,,0.2,0.2,0.4,.111,,-4.8,0.9,-3.9
6,0,30,958,139,382,.364,83,207,.401,56,175,.320,48,62,.774,32,46,78,36,36,3,48,56,382
6,1,30,31.9,4.6,12.7,.364,2.8,6.9,.401,1.9,5.8,.320,1.6,2.1,.774,2.6,1.2,1.2,0.1,1.6,1.9,12.7
6,2,30,958,5.8,15.9,.364,3.5,8.6,.401,2.3,7.3,.320,2.0,2.6,.774,3.3,1.5,1.5,0.1,2.0,2.3,15.9
6,3,30,958,8.6,23.7,.364,5.1,12.8,.401,3.5,10.8,.320,3.0,3.8,.774,4.8,2.2,2.2,0.2,3.0,3.5,23.7,,98.2,109.3
6,4,30,958,12.1,.464,.437,.458,.162,347,3.5,5.8,4.6,8.4,2.2,0.3,10.4,23.9,,0.6,0.8,1.4,.060,,-2.2,-3.0,-5.2
7,0,20,187,39,64,.609,39,64,.609,0,0,,8,26,.308,22,30,52,1,2,2,11,39,86
7,1,20,9.4,2.0,3.2,.609,2.0,3.2,.609,0.0,0.0,,0.4,1.3,.308,2.6,0.1,0.1,0.1,0.6,2.0,4.3
7,2,20,187,8.3,13.7,.609,8.3,13.7,.609,0.0,0.0,,1.7,5.6,.308,11.1,0.2,0.4,0.4,2.4,8.3,18.4
7,3,20,187,12.4,20.3,.609,12.4,20.3,.609,0.0,0.0,,2.5,8.3,.308,16.5,0.3,0.6,0.6,3.5,12.4,27.3,,106.5,106.5
7,4,20,187,18.1,.563,.609,.000,.406,75,12.3,19.4,15.6,1.4,0.6,1.1,12.6,23.3,,0.3,0.2,0.5,.106,,-4.4,-5.6,-10.0
8,0,26,735,83,238,.349,52,142,.366,31,96,.323,55,85,.647,15,36,51,85,26,7,56,52,252
8,1,26,28.3,3.2,9.2,.349,2.0,5.5,.366,1.2,3.7,.323,2.1,3.3,.647,2.0,3.3,1.0,0.3,2.2,2.0,9.7
8,2,26,735,4.5,13.0,.349,2.8,7.7,.366,1.7,5.2,.323,3.0,4.6,.647,2.8,4.6,1.4,0.4,3.0,2.8,13.7
8,3,26,735,6.7,19.2,.349,4.2,11.5,.366,2.5,7.8,.323,4.4,6.9,.647,4.1,6.9,2.1,0.6,4.5,4.2,20.4,,94.5,109.1
8,4,26,735,11.3,.453,.414,.403,.357,262,2.1,5.9,3.9,24.0,2.1,1.0,16.7,22.7,,0.2,0.6,0.8,.045,,-3.0,-2.7,-5.7
9,0,30,820,49,113,.434,49,113,.434,0,0,,63,126,.500,110,151,261,16,29,13,31,102,161
9,1,30,27.3,1.6,3.8,.434,1.6,3.8,.434,0.0,0.0,,2.1,4.2,.500,8.7,0.5,1.0,0.4,1.0,3.4,5.4
9,2,30,820,2.4,5.5,.434,2.4,5.5,.434,0.0,0.0,,3.1,6.1,.500,12.7,0.8,1.4,0.6,1.5,5.0,7.9
9,3,30,820,3.5,8.2,.434,3.5,8.2,.434,0.0,0.0,,4.6,9.1,.500,18.9,1.2,2.1,0.9,2.2,7.4,11.7,,105.7,102.6
9,4,30,820,13.6,.466,.434,.000,1.115,198,14.1,22.2,17.9,3.7,2.1,1.7,15.2,12.4,,0.7,1.2,1.9,.094,,-3.9,0.6,-3.4
10,0,3,6,1,3,.333,0,0,,1,3,.333,0,0,,0,2,2,0,0,0,2,0,3
10,1,3,2.0,0.3,1.0,.333,0.0,0.0,,0.3,1.0,.333,0.0,0.0,,0.7,0.0,0.0,0.0,0.7,0.0,1.0
10,2,3,6,6.7,20.0,.333,0.0,0.0,,6.7,20.0,.333,0.0,0.0,,13.3,0.0,0.0,0.0,13.3,0.0,20.0
10,3,3,6,9.9,29.7,.333,0.0,0.0,,9.9,29.7,.333,0.0,0.0,,19.8,0.0,0.0,0.0,19.8,0.0,29.7,,56.7,102.4
10,4,3,6,-1.8,.500,.500,1.000,.000,2,0.0,40.2,18.7,0.0,0.0,0.0,40.0,41.6,,0.0,0.0,0.0,-.208,,-19.0,-11.6,-30.6
11,0,10,99,13,26,.500,8,11,.727,5,15,.333,6,10,.600,2,3,5,4,1,0,3,6,37
11,1,10,9.9,1.3,2.6,.500,0.8,1.1,.727,0.5,1.5,.333,0.6,1.0,.600,0.5,0.4,0.1,0.0,0.3,0.6,3.7
11,2,10,99,5.3,10.5,.500,3.2,4.4,.727,2.0,6.1,.333,2.4,4.0,.600,2.0,1.6,0.4,0.0,1.2,2.4,14.9
11,3,10,99,7.8,15.6,.500,4.8,6.6,.727,3.0,9.0,.333,3.6,6.0,.600,3.0,2.4,0.6,0.0,1.8,3.6,22.2,,122.4,113.8
11,4,10,99,14.1,.602,.596,.577,.385,32,2.1,3.7,2.8,8.7,0.6,0.0,8.9,17.0,,0.2,0.0,0.3,.108,,-0.4,-5.3,-5.6
12,0,30,724,102,171,.596,102,171,.596,0,0,,50,91,.549,56,152,208,28,15,26,40,86,254
12,1,30,24.1,3.4,5.7,.596,3.4,5.7,.596,0.0,0.0,,1.7,3.0,.549,6.9,0.9,0.5,0.9,1.3,2.9,8.5
12,2,30,724,5.6,9.4,.596,5.6,9.4,.596,0.0,0.0,,2.8,5.0,.549,11.5,1.5,0.8,1.4,2.2,4.8,14.0
12,3,30,724,8.4,14.0,.596,8.4,14.0,.596,0.0,0.0,,4.1,7.5,.549,17.1,2.3,1.2,2.1,3.3,7.1,20.8,,113.1,102.2
12,4,30,724,19.1,.593,.596,.000,.532,243,8.1,25.3,16.1,8.5,1.2,3.8,15.7,17.5,,1.3,1.1,2.4,.131,,-2.7,1.0,-1.7
13,0,22,426,43,110,.391,39,88,.443,4,22,.182,46,64,.719,8,36,44,37,16,3,29,39,136
13,1,22,19.4,2.0,5.0,.391,1.8,4.0,.443,0.2,1.0,.182,2.1,2.9,.719,2.0,1.7,0.7,0.1,1.3,1.8,6.2
13,2,22,426,4.0,10.3,.391,3.7,8.3,.443,0.4,2.1,.182,4.3,6.0,.719,4.1,3.5,1.5,0.3,2.7,3.7,12.8
13,3,22,426,6.0,15.3,.391,5.4,12.3,.443,0.6,3.1,.182,6.4,8.9,.719,6.1,5.2,2.2,0.4,4.0,5.4,18.9,,98.0,107.3
13,4,22,426,11.8,.484,.409,.200,.582,138,2.0,10.2,5.8,17.6,2.2,0.7,17.1,19.9,,0.2,0.4,0.7,.064,,-4.3,-1.7,-6.0
