0,0,1,3,0,0,,0,0,,0,0,,0,0,,0,0,0,0,0,0,1,1,0
0,1,1,3.0,0.0,0.0,,0.0,0.0,,0.0,0.0,,0.0,0.0,,0.0,0.0,0.0,0.0,1.0,1.0,0.0
0,2,1,3,0.0,0.0,,0.0,0.0,,0.0,0.0,,0.0,0.0,,0.0,0.0,0.0,0.0,13.3,13.3,0.0
0,3,1,3,0.0,0.0,,0.0,0.0,,0.0,0.0,,0.0,0.0,,0.0,0.0,0.0,0.0,20.5,20.5,0.0,,0.0,106.2
0,4,1,3,-27.4,,,,,0,0.0,0.0,0.0,0.0,0.0,0.0,100.0,17.9,,0.0,0.0,0.0,-.326,,-20.7,2.3,-18.4
1,0,35,427,40,71,.563,40,71,.563,0,0,,19,28,.679,30,50,80,5,13,29,23,74,99
1,1,35,12.2,1.1,2.0,.563,1.1,2.0,.563,0.0,0.0,,0.5,0.8,.679,2.3,0.1,0.4,0.8,0.7,2.1,2.8
1,2,35,427,3.7,6.7,.563,3.7,6.7,.563,0.0,0.0,,1.8,2.6,.679,7.5,0.5,1.2,2.7,2.2,6.9,9.3
1,3,35,427,5.8,10.2,.563,5.8,10.2,.563,0.0,0.0,,2.7,4.0,.679,11.5,0.7,1.9,4.2,3.3,10.6,14.2,,104.3,93.4
1,4,35,427,13.1,.587,.563,.000,.394,97,8.7,13.0,11.0,2.5,1.9,7.0,21.4,13.5,,0.4,0.9,1.3,.122,,-1.8,5.3,3.4
2,0,2,2,0,1,.000,0,0,,0,1,.000,0,0,,0,0,0,0,0,0,0,0,0
2,1,2,1.0,0.0,0.5,.000,0.0,0.0,,0.0,0.5,.000,0.0,0.0,,0.0,0.0,0.0,0.0,0.0,0.0,0.0
2,2,2,2,0.0,20.0,.000,0.0,0.0,,0.0,20.0,.000,0.0,0.0,,0.0,0.0,0.0,0.0,0.0,0.0,0.0
2,3,2,2,0.0,30.7,.000,0.0,0.0,,0.0,30.7,.000,0.0,0.0,,0.0,0.0,0.0,0.0,0.0,0.0,0.0,,0.0,108.4
2,4,2,2,-22.3,.000,.000,1.000,.000,0,0.0,0.0,0.0,0.0,0.0,0.0,0.0,26.8,,0.0,0.0,0.0,-.338,,-16.2,-7.3,-23.5
3,0,35,1124,140,333,.420,68,171,.398,72,162,.444,120,152,.789,17,114,131,76,37,13,63,78,472
3,1,35,32.1,4.0,9.5,.420,1.9,4.9,.398,2.1,4.6,.444,3.4,4.3,.789,3.7,2.2,1.1,0.4,1.8,2.2,13.5
3,2,35,1124,5.0,11.9,.420,2.4,6.1,.398,2.6,5.8,.444,4.3,5.4,.789,4.7,2.7,1.3,0.5,2.2,2.8,16.8
3,3,35,1124,7.7,18.2,.420,3.7,9.3,.398,3.9,8.9,.444,6.6,8.3,.789,7.2,4.2,2.0,0.7,3.4,4.3,25.8,,114.1,97.7
3,4,35,1124,18.5,.582,.529,.486,.456,433,1.9,11.3,6.8,15.4,2.0,1.2,13.5,22.3,,2.9,1.8,4.7,.167,,4.0,1.6,5.6
4,0,35,1134,151,302,.500,114,207,.551,37,95,.389,113,156,.724,76,195,271,91,36,18,86,91,452
4,1,35,32.4,4.3,8.6,.500,3.3,5.9,.551,1.1,2.7,.389,3.2,4.5,.724,7.7,2.6,1.0,0.5,2.5,2.6,12.9
4,2,35,1134,5.3,10.7,.500,4.0,7.3,.551,1.3,3.4,.389,4.0,5.5,.724,9.6,3.2,1.3,0.6,3.0,3.2,15.9
4,3,35,1134,8.2,16.4,.500,6.2,11.2,.551,2.0,5.1,.389,6.1,8.4,.724,14.7,4.9,1.9,1.0,4.7,4.9,24.5,,113.9,93.9
4,4,35,1134,21.4,.601,.561,.315,.517,459,8.3,19.1,14.0,18.6,1.9,1.6,18.6,21.8,,3.0,2.3,5.3,.186,,4.4,3.6,8.0
5,0,8,21,1,6,.167,1,6,.167,0,0,,0,0,,0,3,3,3,1,2,1,4,2
5,1,8,2.6,0.1,0.8,.167,0.1,0.8,.167,0.0,0.0,,0.0,0.0,,0.4,0.4,0.1,0.3,0.1,0.5,0.3
5,2,8,21,1.9,11.4,.167,1.9,11.4,.167,0.0,0.0,,0.0,0.0,,5.7,5.7,1.9,3.8,1.9,7.6,3.8
5,3,8,21,2.9,17.5,.167,2.9,17.5,.167,0.0,0.0,,0.0,0.0,,8.8,8.8,2.9,5.8,2.9,11.7,5.8,,57.2,88.2
5,4,8,21,4.2,.167,.167,.000,.000,3,0.0,15.9,8.4,27.7,2.9,9.8,14.3,17.9,,-0.1,0.1,0.0,-.007,,-9.8,7.9,-1.9
6,0,35,983,99,268,.369,59,143,.413,40,125,.320,74,109,.679,19,95,114,85,26,19,67,79,312
6,1,35,28.1,2.8,7.7,.369,1.7,4.1,.413,1.1,3.6,.320,2.1,3.1,.679,3.3,2.4,0.7,0.5,1.9,2.3,8.9
6,2,35,983,4.0,10.9,.369,2.4,5.8,.413,1.6,5.1,.320,3.0,4.4,.679,4.6,3.5,1.1,0.8,2.7,3.2,12.7
6,3,35,983,6.2,16.7,.369,3.7,8.9,.413,2.5,7.8,.320,4.6,6.8,.679,7.1,5.3,1.6,1.2,4.2,4.9,19.5,,97.3,98.3
6,4,35,983,12.4,.488,.444,.466,.407,317,2.4,10.7,6.8,18.7,1.6,2.0,17.3,21.1,,0.8,1.5,2.3,.096,,0.0,1.9,1.9
7,0,3,7,0,2,.000,0,2,.000,0,0,,1,2,.500,1,1,2,0,0,1,1,1,1
7,1,3,2.3,0.0,0.7,.000,0.0,0.7,.000,0.0,0.0,,0.3,0.7,.500,0.7,0.0,0.0,0.3,0.3,0.3,0.3
7,2,3,7,0.0,11.4,.000,0.0,11.4,.000,0.0,0.0,,5.7,11.4,.500,11.4,0.0,0.0,5.7,5.7,5.7,5.7
7,3,3,7,0.0,17.5,.000,0.0,17.5,.000,0.0,0.0,,8.8,17.5,.500,17.5,0.0,0.0,8.8,8.8,8.8,8.8,,44.7,92.2
7,4,3,7,-4.0,.169,.000,.000,1.000,2,17.6,15.9,16.7,0.0,0.0,14.7,25.3,30.2,,0.0,0.0,0.0,-.170,,-20.6,1.8,-18.8
8,0,35,564,63,133,.474,8,20,.400,55,113,.487,10,16,.625,4,33,37,28,6,5,18,39,191
8,1,35,16.1,1.8,3.8,.474,0.2,0.6,.400,1.6,3.2,.487,0.3,0.5,.625,1.1,0.8,0.2,0.1,0.5,1.1,5.5
8,2,35,564,4.5,9.4,.474,0.6,1.4,.400,3.9,8.0,.487,0.7,1.1,.625,2.6,2.0,0.4,0.4,1.3,2.8,13.5
8,3,35,564,6.9,14.5,.474,0.9,2.2,.400,6.0,12.3,.487,1.1,1.7,.625,4.0,3.0,0.7,0.5,2.0,4.2,20.8,,126.0,103.0
8,4,35,564,14.8,.679,.680,.850,.120,156,0.9,6.5,3.8,11.0,0.7,0.9,11.3,15.1,,1.4,0.6,2.0,.142,,4.6,-0.8,3.8
9,0,29,512,46,131,.351,26,62,.419,20,69,.290,24,31,.774,8,38,46,31,26,2,28,44,136
9,1,29,17.7,1.6,4.5,.351,0.9,2.1,.419,0.7,2.4,.290,0.8,1.1,.774,1.6,1.1,0.9,0.1,1.0,1.5,4.7
9,2,29,512,3.6,10.2,.351,2.0,4.8,.419,1.6,5.4,.290,1.9,2.4,.774,3.6,2.4,2.0,0.2,2.2,3.4,10.6
9,3,29,512,5.5,15.7,.351,3.1,7.4,.419,2.4,8.3,.290,2.9,3.7,.774,5.5,3.7,3.1,0.2,3.4,5.3,16.3,,93.2,97.0
9,4,29,512,10.2,.467,.427,.527,.237,133,1.9,8.3,5.3,12.8,3.1,0.4,16.1,18.2,,0.2,0.9,1.0,.081,,-0.8,1.8,1.0
10,0,1,1,0,0,,0,0,,0,0,,0,0,,0,0,0,0,0,0,0,1,0
10,1,1,1.0,0.0,0.0,,0.0,0.0,,0.0,0.0,,0.0,0.0,,0.0,0.0,0.0,0.0,0.0,1.0,0.0
10,2,1,1,0.0,0.0,,0.0,0.0,,0.0,0.0,,0.0,0.0,,0.0,0.0,0.0,0.0,0.0,40.0,0.0
10,3,1,1,0.0,0.0,,0.0,0.0,,0.0,0.0,,0.0,0.0,,0.0,0.0,0.0,0.0,0.0,61.4,0.0,,,101.8
10,4,1,1,-18.0,,,,,0,0.0,0.0,0.0,0.0,0.0,0.0,,0.0,,0.0,0.0,0.0,.049,,-4.1,2.1,-2.0
11,0,22,160,11,28,.393,10,24,.417,1,4,.250,1,4,.250,13,22,35,4,2,2,9,25,24
11,1,22,7.3,0.5,1.3,.393,0.5,1.1,.417,0.0,0.2,.250,0.0,0.2,.250,1.6,0.2,0.1,0.1,0.4,1.1,1.1
11,2,22,160,2.8,7.0,.393,2.5,6.0,.417,0.3,1.0,.250,0.3,1.0,.250,8.8,1.0,0.5,0.5,2.3,6.3,6.0
11,3,22,160,4.2,10.7,.393,3.8,9.2,.417,0.4,1.5,.250,0.4,1.5,.250,13.4,1.5,0.8,0.8,3.5,9.6,9.2,,82.7,97.9
11,4,22,160,5.2,.401,.411,.143,.143,29,10.0,15.3,12.8,5.0,0.8,1.3,23.1,13.0,,-0.1,0.3,0.2,.047,,-4.3,1.6,-2.7
12,0,20,311,33,82,.402,19,40,.475,14,42,.333,18,29,.621,18,39,57,33,4,3,16,21,98
12,1,20,15.6,1.7,4.1,.402,1.0,2.0,.475,0.7,2.1,.333,0.9,1.5,.621,2.9,1.7,0.2,0.2,0.8,1.1,4.9
12,2,20,311,4.2,10.5,.402,2.4,5.1,.475,1.8,5.4,.333,2.3,3.7,.621,7.3,4.2,0.5,0.4,2.1,2.7,12.6
12,3,20,311,6.5,16.2,.402,3.8,7.9,.475,2.8,8.3,.333,3.6,5.7,.621,11.3,6.5,0.8,0.6,3.2,4.1,19.4,,110.3,99.2
12,4,20,311,16.0,.512,.488,.512,.354,109,7.1,13.9,10.7,23.2,0.8,1.0,14.3,19.3,,0.6,0.5,1.1,.140,,2.6,0.8,3.4
13,0,35,1065,147,303,.485,136,263,.517,11,40,.275,123,175,.703,91,170,261,45,13,20,53,76,428
13,1,35,30.4,4.2,8.7,.485,3.9,7.5,.517,0.3,1.1,.275,3.5,5.0,.703,7.5,1.3,0.4,0.6,1.5,2.2,12.2
13,2,35,1065,5.5,11.4,.485,5.1,9.9,.517,0.4,1.5,.275,4.6,6.6,.703,9.8,1.7,0.5,0.8,2.0,2.9,16.1
13,3,35,1065,8.5,17.5,.485,7.8,15.2,.517,0.6,2.3,.275,7.1,10.1,.703,15.1,2.6,0.7,1.2,3.1,4.4,24.7,,115.0,97.0
13,4,35,1065,20.2,.554,.503,.132,.578,426,10.5,17.8,14.3,9.9,0.7,1.9,12.1,22.1,,2.9,1.8,4.7,.176,,2.0,1.7,3.7
14,0,29,721,63,151,.417,56,120,.467,7,31,.226,64,102,.627,23,66,89,70,31,8,60,51,197
14,1,29,24.9,2.2,5.2,.417,1.9,4.1,.467,0.2,1.1,.226,2.2,3.5,.627,3.1,2.4,1.1,0.3,2.1,1.8,6.8
14,2,29,721,3.5,8.4,.417,3.1,6.7,.467,0.4,1.7,.226,3.6,5.7,.627,4.9,3.9,1.7,0.4,3.3,2.8,10.9
14,3,29,721,5.4,12.9,.417,4.8,10.2,.467,0.6,2.6,.226,5.5,8.7,.627,7.6,6.0,2.6,0.7,5.1,4.3,16.8,,94.6,96.9
14,4,29,721,12.4,.494,.440,.205,.675,218,3.9,10.2,7.2,20.4,2.6,1.1,23.1,19.3,,0.4,1.2,1.6,.090,,-1.2,2.8,1.6
15,0,4,7,1,1,1.000,0,0,,1,1,1.000,1,2,.500,0,3,3,0,0,0,0,0,4
15,1,4,1.8,0.3,0.3,1.000,0.0,0.0,,0.3,0.3,1.000,0.3,0.5,.500,0.8,0.0,0.0,0.0,0.0,0.0,1.0
15,2,4,7,5.7,5.7,1.000,0.0,0.0,,5.7,5.7,1.000,5.7,11.4,.500,17.1,0.0,0.0,0.0,0.0,0.0,22.9
15,3,4,7,8.8,8.8,1.000,0.0,0.0,,8.8,8.8,1.000,8.8,17.5,.500,26.3,0.0,0.0,0.0,0.0,0.0,35.1,,180.8,86.4
15,4,4,7,37.7,1.026,1.500,1.000,2.000,2,0.0,47.7,25.1,0.0,0.0,0.0,0.0,14.9,,0.0,0.0,0.0,.285,,8.2,-6.7,1.5
16,0,7,8,0,0,,0,0,,0,0,,0,0,,0,1,1,2,0,0,1,1,0
16,1,7,1.1,0.0,0.0,,0.0,0.0,,0.0,0.0,,0.0,0.0,,0.1,0.3,0.0,0.0,0.1,0.1,0.0
16,2,7,8,0.0,0.0,,0.0,0.0,,0.0,0.0,,0.0,0.0,,5.0,10.0,0.0,0.0,5.0,5.0,0.0
16,3,7,8,0.0,0.0,,0.0,0.0,,0.0,0.0,,0.0,0.0,,7.7,15.4,0.0,0.0,7.7,7.7,0.0,,74.0,101.1
16,4,7,8,2.9,,,,,1,0.0,13.9,7.3,44.3,0.0,0.0,100.0,6.7,,0.0,0.0,0.0,.018,,-9.0,-1.7,-10.7
