0,0,22,609,93,178,.522,82,149,.550,11,29,.379,56,74,.757,41,86,127,22,14,16,37,70,253
0,1,22,27.7,4.2,8.1,.522,3.7,6.8,.550,0.5,1.3,.379,2.5,3.4,.757,5.8,1.0,0.6,0.7,1.7,3.2,11.5
0,2,22,609,6.1,11.7,.522,5.4,9.8,.550,0.7,1.9,.379,3.7,4.9,.757,8.3,1.4,0.9,1.1,2.4,4.6,16.6
0,3,22,609,9.5,18.3,.522,8.4,15.3,.550,1.1,3.0,.379,5.7,7.6,.757,13.0,2.3,1.4,1.6,3.8,7.2,25.9,,115.1,91.0
0,4,22,609,19.2,.593,.553,.163,.416,231,8.1,16.1,12.2,7.3,1.4,2.7,14.8,21.6,,1.4,1.6,2.9,.192,,3.1,5.0,8.0
1,0,7,17,2,2,1.000,2,2,1.000,0,0,,0,0,,0,1,1,0,0,0,0,1,4
1,1,7,2.4,0.3,0.3,1.000,0.3,0.3,1.000,0.0,0.0,,0.0,0.0,,0.1,0.0,0.0,0.0,0.0,0.1,0.6
1,2,7,17,4.7,4.7,1.000,4.7,4.7,1.000,0.0,0.0,,0.0,0.0,,2.4,0.0,0.0,0.0,0.0,2.4,9.4
1,3,7,17,7.3,7.3,1.000,7.3,7.3,1.000,0.0,0.0,,0.0,0.0,,3.7,0.0,0.0,0.0,0.0,3.7,14.7,,200.0,100.3
1,4,7,17,12.4,1.000,1.000,.000,.000,2,0.0,6.7,3.4,0.0,0.0,0.0,0.0,6.2,,0.0,0.0,0.1,.155,,2.8,1.1,3.9
2,0,38,1187,189,382,.495,173,337,.513,16,45,.356,76,180,.422,102,201,303,75,34,39,55,90,470
2,1,38,31.2,5.0,10.1,.495,4.6,8.9,.513,0.4,1.2,.356,2.0,4.7,.422,8.0,2.0,0.9,1.0,1.4,2.4,12.4
2,2,38,1187,6.4,12.9,.495,5.8,11.4,.513,0.5,1.5,.356,2.6,6.1,.422,10.2,2.5,1.1,1.3,1.9,3.0,15.8
2,3,38,1187,9.9,20.1,.495,9.1,17.7,.513,0.8,2.4,.356,4.0,9.5,.422,15.9,3.9,1.8,2.1,2.9,4.7,24.7,,108.9,88.6
2,4,38,1187,20.4,.503,.516,.118,.471,469,10.4,19.3,14.9,13.0,1.8,3.4,10.5,23.2,,2.1,3.3,5.4,.183,,2.8,6.7,9.6
3,0,13,29,8,17,.471,4,8,.500,4,9,.444,0,0,,0,3,3,3,2,0,4,2,20
3,1,13,2.2,0.6,1.3,.471,0.3,0.6,.500,0.3,0.7,.444,0.0,0.0,,0.2,0.2,0.2,0.0,0.3,0.2,1.5
3,2,13,29,11.0,23.4,.471,5.5,11.0,.500,5.5,12.4,.444,0.0,0.0,,4.1,4.1,2.8,0.0,5.5,2.8,27.6
3,3,13,29,17.2,36.6,.471,8.6,17.2,.500,8.6,19.4,.444,0.0,0.0,,6.5,6.5,4.3,0.0,8.6,4.3,43.1,,99.2,88.5
3,4,13,29,23.9,.588,.588,.529,.000,16,0.0,11.8,6.1,27.9,4.3,0.0,19.0,38.2,,0.0,0.1,0.1,.158,,6.2,2.7,8.9
4,0,38,960,121,247,.490,119,237,.502,2,10,.200,103,151,.682,83,132,215,55,28,40,44,92,347
4,1,38,25.3,3.2,6.5,.490,3.1,6.2,.502,0.1,0.3,.200,2.7,4.0,.682,5.7,1.4,0.7,1.1,1.2,2.4,9.1
4,2,38,960,5.0,10.3,.490,5.0,9.9,.502,0.1,0.4,.200,4.3,6.3,.682,9.0,2.3,1.2,1.7,1.8,3.8,14.5
4,3,38,960,7.9,16.1,.490,7.7,15.4,.502,0.1,0.7,.200,6.7,9.8,.682,14.0,3.6,1.8,2.6,2.9,6.0,22.6,,117.4,89.6
4,4,38,960,20.3,.544,.494,.040,.611,357,10.4,15.7,13.1,11.0,1.8,4.3,12.1,19.9,,2.3,2.6,4.9,.202,,3.1,7.1,10.2
5,0,4,6,1,1,1.000,0,0,,1,1,1.000,1,2,.500,0,0,0,0,0,0,0,0,4
5,1,4,1.5,0.3,0.3,1.000,0.0,0.0,,0.3,0.3,1.000,0.3,0.5,.500,0.0,0.0,0.0,0.0,0.0,0.0,1.0
5,2,4,6,6.7,6.7,1.000,0.0,0.0,,6.7,6.7,1.000,6.7,13.3,.500,0.0,0.0,0.0,0.0,0.0,0.0,26.7
5,3,4,6,10.4,10.4,1.000,0.0,0.0,,10.4,10.4,1.000,10.4,20.8,.500,0.0,0.0,0.0,0.0,0.0,0.0,41.6,,181.9,103.7
5,4,4,6,33.4,1.026,1.500,1.000,2.000,2,0.0,0.0,0.0,0.0,0.0,0.0,0.0,17.1,,0.0,0.0,0.0,.253,,17.0,-2.5,14.5
6,0,38,1257,205,474,.432,143,305,.469,62,169,.367,146,187,.781,31,123,154,107,43,25,64,76,618
6,1,38,33.1,5.4,12.5,.432,3.8,8.0,.469,1.6,4.4,.367,3.8,4.9,.781,4.1,2.8,1.1,0.7,1.7,2.0,16.3
6,2,38,1257,6.5,15.1,.432,4.6,9.7,.469,2.0,5.4,.367,4.6,6.0,.781,4.9,3.4,1.4,0.8,2.0,2.4,19.7
6,3,38,1257,10.2,23.5,.432,7.1,15.2,.469,3.1,8.4,.367,7.3,9.3,.781,7.7,5.3,2.1,1.2,3.2,3.8,30.7,,117.0,92.4
6,4,38,1257,21.5,.549,.498,.357,.395,573,3.0,11.1,7.2,17.6,2.1,2.0,10.2,26.3,,3.6,3.0,6.7,.212,,5.7,4.6,10.3
7,0,22,101,8,12,.667,8,12,.667,0,0,,8,12,.667,10,20,30,2,2,5,6,17,24
7,1,22,4.6,0.4,0.5,.667,0.4,0.5,.667,0.0,0.0,,0.4,0.5,.667,1.4,0.1,0.1,0.2,0.3,0.8,1.1
7,2,22,101,3.2,4.8,.667,3.2,4.8,.667,0.0,0.0,,3.2,4.8,.667,11.9,0.8,0.8,2.0,2.4,6.7,9.5
7,3,22,101,4.9,7.4,.667,4.9,7.4,.667,0.0,0.0,,4.9,7.4,.667,18.5,1.2,1.2,3.1,3.7,10.5,14.8,,117.2,86.9
7,4,22,101,15.8,.678,.667,.000,1.000,25,11.9,22.5,17.4,3.5,1.2,5.1,25.3,12.4,,0.2,0.3,0.5,.181,,0.4,6.4,6.8
8,0,10,22,2,3,.667,1,2,.500,1,1,1.000,0,0,,0,3,3,3,0,0,2,3,5
8,1,10,2.2,0.2,0.3,.667,0.1,0.2,.500,0.1,0.1,1.000,0.0,0.0,,0.3,0.3,0.0,0.0,0.2,0.3,0.5
8,2,10,22,3.6,5.5,.667,1.8,3.6,.500,1.8,1.8,1.000,0.0,0.0,,5.5,5.5,0.0,0.0,3.6,5.5,9.1
8,3,10,22,5.7,8.5,.667,2.8,5.7,.500,2.8,2.8,1.000,0.0,0.0,,8.5,8.5,0.0,0.0,5.7,8.5,14.2,,109.6,95.9
8,4,10,22,10.2,.833,.833,.333,.000,5,0.0,15.5,8.0,24.5,0.0,0.0,40.0,12.0,,0.0,0.0,0.1,.129,,0.3,1.9,2.2
9,0,34,195,15,45,.333,12,30,.400,3,15,.200,11,17,.647,5,12,17,18,9,0,13,23,44
9,1,34,5.7,0.4,1.3,.333,0.4,0.9,.400,0.1,0.4,.200,0.3,0.5,.647,0.5,0.5,0.3,0.0,0.4,0.7,1.3
9,2,34,195,3.1,9.2,.333,2.5,6.2,.400,0.6,3.1,.200,2.3,3.5,.647,3.5,3.7,1.8,0.0,2.7,4.7,9.0
9,3,34,195,4.8,14.4,.333,3.8,9.6,.400,1.0,4.8,.200,3.5,5.4,.647,5.4,5.8,2.9,0.0,4.2,7.4,14.1,,88.7,93.6
9,4,34,195,7.2,.415,.367,.333,.378,49,3.1,7.0,5.1,16.2,2.9,0.0,19.7,17.9,,-0.1,0.5,0.4,.081,,-1.7,3.7,2.0
10,0,38,1226,127,280,.454,91,180,.506,36,100,.360,31,50,.620,19,117,136,202,64,8,67,83,321
10,1,38,32.3,3.3,7.4,.454,2.4,4.7,.506,0.9,2.6,.360,0.8,1.3,.620,3.6,5.3,1.7,0.2,1.8,2.2,8.4
10,2,38,1226,4.1,9.1,.454,3.0,5.9,.506,1.2,3.3,.360,1.0,1.6,.620,4.4,6.6,2.1,0.3,2.2,2.7,10.5
10,3,38,1226,6.5,14.3,.454,4.6,9.2,.506,1.8,5.1,.360,1.6,2.5,.620,6.9,10.3,3.3,0.4,3.4,4.2,16.4,,112.8,90.8
10,4,38,1226,16.4,.528,.518,.357,.179,376,1.9,10.9,6.5,30.3,3.3,0.7,18.1,15.9,,2.0,3.2,5.2,.169,,3.9,5.7,9.6
11,0,6,12,0,1,.000,0,1,.000,0,0,,1,2,.500,1,0,1,1,0,0,0,0,1
11,1,6,2.0,0.0,0.2,.000,0.0,0.2,.000,0.0,0.0,,0.2,0.3,.500,0.2,0.2,0.0,0.0,0.0,0.0,0.2
11,2,6,12,0.0,3.3,.000,0.0,3.3,.000,0.0,0.0,,3.3,6.7,.500,3.3,3.3,0.0,0.0,0.0,0.0,3.3
11,3,6,12,0.0,5.2,.000,0.0,5.2,.000,0.0,0.0,,5.2,10.4,.500,5.2,5.2,0.0,0.0,0.0,0.0,5.2,,107.4,103.7
11,4,6,12,6.2,.256,.000,.000,2.000,2,10.1,0.0,4.9,12.9,0.0,0.0,0.0,8.6,,0.0,0.0,0.0,.083,,-0.9,2.2,1.3
12,0,11,31,0,6,.000,0,0,,0,6,.000,0,0,,0,4,4,0,0,0,2,5,0
12,1,11,2.8,0.0,0.5,.000,0.0,0.0,,0.0,0.5,.000,0.0,0.0,,0.4,0.0,0.0,0.0,0.2,0.5,0.0
12,2,11,31,0.0,7.7,.000,0.0,0.0,,0.0,7.7,.000,0.0,0.0,,5.2,0.0,0.0,0.0,2.6,6.5,0.0
12,3,11,31,0.0,12.1,.000,0.0,0.0,,0.0,12.1,.000,0.0,0.0,,8.1,0.0,0.0,0.0,4.0,10.1,0.0,,0.0,96.2
12,4,11,31,-13.5,.000,.000,1.000,.000,0,0.0,14.7,7.6,0.0,0.0,0.0,25.0,13.6,,-0.2,0.1,-0.1,-.116,,-11.6,0.6,-11.1
13,0,24,201,15,35,.429,4,7,.571,11,28,.393,3,8,.375,7,17,24,6,4,0,6,20,44
13,1,24,8.4,0.6,1.5,.429,0.2,0.3,.571,0.5,1.2,.393,0.1,0.3,.375,1.0,0.3,0.2,0.0,0.3,0.8,1.8
13,2,24,201,3.0,7.0,.429,0.8,1.4,.571,2.2,5.6,.393,0.6,1.6,.375,4.8,1.2,0.8,0.0,1.2,4.0,8.8
13,3,24,201,4.7,10.9,.429,1.2,2.2,.571,3.4,8.7,.393,0.9,2.5,.375,7.5,1.9,1.2,0.0,1.9,6.2,13.7,,112.9,96.1
13,4,24,201,9.0,.567,.586,.800,.229,40,4.2,9.6,7.0,5.2,1.2,0.0,13.4,11.7,,0.2,0.4,0.6,.127,,2.4,3.0,5.3
14,0,36,1020,128,219,.584,128,219,.584,0,0,,102,135,.756,75,151,226,19,5,36,63,92,358
14,1,36,28.3,3.6,6.1,.584,3.6,6.1,.584,0.0,0.0,,2.8,3.8,.756,6.3,0.5,0.1,1.0,1.8,2.6,9.9
14,2,36,1020,5.0,8.6,.584,5.0,8.6,.584,0.0,0.0,,4.0,5.3,.756,8.9,0.7,0.2,1.4,2.5,3.6,14.0
14,3,36,1020,7.8,13.4,.584,7.8,13.4,.584,0.0,0.0,,6.2,8.3,.756,13.8,1.2,0.3,2.2,3.9,5.6,21.9,,116.2,92.7
14,4,36,1020,17.2,.632,.584,.000,.616,332,8.9,16.9,13.0,3.6,0.3,3.6,18.2,17.9,,2.0,2.4,4.5,.176,,1.7,4.8,6.5
15,0,38,828,82,221,.371,25,73,.342,57,148,.385,35,52,.673,15,70,85,61,18,4,21,56,256
15,1,38,21.8,2.2,5.8,.371,0.7,1.9,.342,1.5,3.9,.385,0.9,1.4,.673,2.2,1.6,0.5,0.1,0.6,1.5,6.7
15,2,38,828,4.0,10.7,.371,1.2,3.5,.342,2.8,7.1,.385,1.7,2.5,.673,4.1,2.9,0.9,0.2,1.0,2.7,12.4
15,3,38,828,6.2,16.7,.371,1.9,5.5,.342,4.3,11.2,.385,2.6,3.9,.673,6.4,4.6,1.4,0.3,1.6,4.2,19.3,,117.3,95.7
15,4,38,828,13.2,.521,.500,.670,.235,242,2.2,9.6,6.0,13.5,1.4,0.5,7.9,17.0,,1.5,1.8,3.3,.159,,4.1,3.2,7.2
