0,0,32,890,135,272,.496,123,237,.519,12,35,.343,93,138,.674,59,114,173,21,21,22,47,85,375
0,1,32,27.8,4.2,8.5,.496,3.8,7.4,.519,0.4,1.1,.343,2.9,4.3,.674,5.4,0.7,0.7,0.7,1.5,2.7,11.7
0,2,32,890,6.1,12.2,.496,5.5,10.7,.519,0.5,1.6,.343,4.2,6.2,.674,7.8,0.9,0.9,1.0,2.1,3.8,16.9
0,3,32,890,9.0,18.2,.496,8.2,15.9,.519,0.8,2.3,.343,6.2,9.2,.674,11.6,1.4,1.4,1.5,3.1,5.7,25.1,,112.4,89.6
0,4,32,890,18.5,.555,.518,.129,.507,351,8.4,15.0,11.9,4.6,1.4,2.8,12.2,22.2,,2.0,2.2,4.2,.191,,2.5,4.2,6.7
1,0,16,26,1,10,.100,1,4,.250,0,6,.000,0,0,,0,0,0,1,0,0,4,1,2
1,1,16,1.6,0.1,0.6,.100,0.1,0.3,.250,0.0,0.4,.000,0.0,0.0,,0.0,0.1,0.0,0.0,0.3,0.1,0.1
1,2,16,26,1.5,15.4,.100,1.5,6.2,.250,0.0,9.2,.000,0.0,0.0,,0.0,1.5,0.0,0.0,6.2,1.5,3.1
1,3,16,26,2.3,22.9,.100,2.3,9.2,.250,0.0,13.8,.000,0.0,0.0,,0.0,2.3,0.0,0.0,9.2,2.3,4.6,,21.2,100.0
1,4,16,26,-19.9,.100,.100,.600,.000,2,0.0,0.0,0.0,6.1,0.0,0.0,28.6,27.7,,-0.2,0.0,-0.2,-.274,,-16.9,-2.6,-19.5
2,0,32,894,116,221,.525,111,199,.558,5,22,.227,119,171,.696,60,149,209,45,37,29,50,78,356
2,1,32,27.9,3.6,6.9,.525,3.5,6.2,.558,0.2,0.7,.227,3.7,5.3,.696,6.5,1.4,1.2,0.9,1.6,2.4,11.1
2,2,32,894,5.2,9.9,.525,5.0,8.9,.558,0.2,1.0,.227,5.3,7.7,.696,9.4,2.0,1.7,1.3,2.2,3.5,15.9
2,3,32,894,7.7,14.7,.525,7.4,13.3,.558,0.3,1.5,.227,7.9,11.4,.696,13.9,3.0,2.5,1.9,3.3,5.2,23.7,,118.7,85.1
2,4,32,894,22.0,.589,.536,.100,.774,355,8.5,19.5,14.3,9.4,2.5,3.7,14.2,20.3,,2.5,2.6,5.1,.228,,4.4,7.3,11.7
3,0,28,295,31,67,.463,23,46,.500,8,21,.381,21,32,.656,4,36,40,54,10,0,20,27,91
3,1,28,10.5,1.1,2.4,.463,0.8,1.6,.500,0.3,0.8,.381,0.8,1.1,.656,1.4,1.9,0.4,0.0,0.7,1.0,3.3
3,2,28,295,4.2,9.1,.463,3.1,6.2,.500,1.1,2.8,.381,2.8,4.3,.656,5.4,7.3,1.4,0.0,2.7,3.7,12.3
3,3,28,295,6.3,13.5,.463,4.6,9.3,.500,1.6,4.2,.381,4.2,6.5,.656,8.1,10.9,2.0,0.0,4.0,5.5,18.4,,114.3,90.2
3,4,28,295,17.2,.554,.522,.313,.478,108,1.7,14.3,8.3,32.6,2.0,0.0,19.6,17.8,,0.7,0.7,1.4,.188,,3.6,3.3,6.9
4,0,32,899,149,328,.454,116,238,.487,33,90,.367,119,162,.735,66,146,212,55,47,12,73,87,450
4,1,32,28.1,4.7,10.3,.454,3.6,7.4,.487,1.0,2.8,.367,3.7,5.1,.735,6.6,1.7,1.5,0.4,2.3,2.7,14.1
4,2,32,899,6.6,14.6,.454,5.2,10.6,.487,1.5,4.0,.367,5.3,7.2,.735,9.4,2.4,2.1,0.5,3.2,3.9,20.0
4,3,32,899,9.9,21.7,.454,7.7,15.8,.487,2.2,6.0,.367,7.9,10.7,.735,14.1,3.6,3.1,0.8,4.8,5.8,29.8,,110.8,85.1
4,4,32,899,23.1,.556,.505,.274,.494,441,9.3,19.0,14.4,12.2,3.1,1.5,15.3,27.3,,2.4,2.6,5.0,.223,,4.8,5.6,10.5
5,0,19,68,10,14,.714,10,14,.714,0,0,,6,6,1.000,7,8,15,3,1,7,1,9,26
5,1,19,3.6,0.5,0.7,.714,0.5,0.7,.714,0.0,0.0,,0.3,0.3,1.000,0.8,0.2,0.1,0.4,0.1,0.5,1.4
5,2,19,68,5.9,8.2,.714,5.9,8.2,.714,0.0,0.0,,3.5,3.5,1.000,8.8,1.8,0.6,4.1,0.6,5.3,15.3
5,3,19,68,8.8,12.3,.714,8.8,12.3,.714,0.0,0.0,,5.3,5.3,1.000,13.1,2.6,0.9,6.1,0.9,7.9,22.8,,164.3,85.6
5,4,19,68,28.6,.772,.714,.000,.429,26,13.1,13.8,13.4,8.5,0.9,11.7,5.6,13.5,,0.3,0.2,0.5,.315,,7.7,9.5,17.3
6,0,8,11,1,3,.333,0,2,.000,1,1,1.000,0,0,,0,1,1,0,0,0,1,0,3
6,1,8,1.4,0.1,0.4,.333,0.0,0.3,.000,0.1,0.1,1.000,0.0,0.0,,0.1,0.0,0.0,0.0,0.1,0.0,0.4
6,2,8,11,3.6,10.9,.333,0.0,7.3,.000,3.6,3.6,1.000,0.0,0.0,,3.6,0.0,0.0,0.0,3.6,0.0,10.9
6,3,8,11,5.4,16.3,.333,0.0,10.8,.000,5.4,5.4,1.000,0.0,0.0,,5.4,0.0,0.0,0.0,5.4,0.0,16.3,,75.9,96.4
6,4,8,11,3.1,.500,.500,.333,.000,2,0.0,10.7,5.5,0.0,0.0,0.0,25.0,18.7,,0.0,0.0,0.0,.028,,-5.3,-0.7,-6.1
7,0,32,948,125,253,.494,106,194,.546,19,59,.322,42,54,.778,17,103,120,201,68,2,62,61,311
7,1,32,29.6,3.9,7.9,.494,3.3,6.1,.546,0.6,1.8,.322,1.3,1.7,.778,3.8,6.3,2.1,0.1,1.9,1.9,9.7
7,2,32,948,5.3,10.7,.494,4.5,8.2,.546,0.8,2.5,.322,1.8,2.3,.778,5.1,8.5,2.9,0.1,2.6,2.6,13.1
7,3,32,948,7.9,15.9,.494,6.7,12.2,.546,1.2,3.7,.322,2.6,3.4,.778,7.5,12.6,4.3,0.1,3.9,3.8,19.6,,118.3,85.7
7,4,32,948,22.2,.558,.532,.233,.213,381,2.3,12.7,7.7,39.7,4.3,0.2,18.2,18.5,,2.7,2.7,5.4,.226,,6.3,5.9,12.2
8,0,11,21,0,7,.000,0,4,.000,0,3,.000,0,0,,1,2,3,2,0,0,0,1,0
8,1,11,1.9,0.0,0.6,.000,0.0,0.4,.000,0.0,0.3,.000,0.0,0.0,,0.3,0.2,0.0,0.0,0.0,0.1,0.0
8,2,11,21,0.0,13.3,.000,0.0,7.6,.000,0.0,5.7,.000,0.0,0.0,,5.7,3.8,0.0,0.0,0.0,1.9,0.0
8,3,11,21,0.0,19.9,.000,0.0,11.4,.000,0.0,8.5,.000,0.0,0.0,,8.5,5.7,0.0,0.0,0.0,2.8,0.0,,32.5,96.0
8,4,11,21,-7.8,.000,.000,.429,.000,2,6.0,11.2,8.7,14.3,0.0,0.0,0.0,17.1,,-0.1,0.0,0.0,-.092,,-8.5,1.5,-7.0
9,0,32,490,38,92,.413,14,29,.483,24,63,.381,17,22,.773,15,22,37,15,11,2,10,47,117
9,1,32,15.3,1.2,2.9,.413,0.4,0.9,.483,0.8,2.0,.381,0.5,0.7,.773,1.2,0.5,0.3,0.1,0.3,1.5,3.7
9,2,32,490,3.1,7.5,.413,1.1,2.4,.483,2.0,5.1,.381,1.4,1.8,.773,3.0,1.2,0.9,0.2,0.8,3.8,9.6
9,3,32,490,4.6,11.2,.413,1.7,3.5,.483,2.9,7.7,.381,2.1,2.7,.773,4.5,1.8,1.3,0.2,1.2,5.7,14.2,,122.4,94.6
9,4,32,490,10.1,.571,.543,.685,.239,110,3.9,5.3,4.6,5.2,1.3,0.5,8.9,11.8,,0.8,1.0,1.8,.149,,4.3,3.2,7.5
10,0,30,282,44,74,.595,40,69,.580,4,5,.800,19,39,.487,18,50,68,2,1,9,8,42,111
10,1,30,9.4,1.5,2.5,.595,1.3,2.3,.580,0.1,0.2,.800,0.6,1.3,.487,2.3,0.1,0.0,0.3,0.3,1.4,3.7
10,2,30,282,6.2,10.5,.595,5.7,9.8,.580,0.6,0.7,.800,2.7,5.5,.487,9.6,0.3,0.1,1.3,1.1,6.0,15.7
10,3,30,282,9.3,15.6,.595,8.5,14.6,.580,0.8,1.1,.800,4.0,8.2,.487,14.4,0.4,0.2,1.9,1.7,8.9,23.5,,121.4,89.4
10,4,30,282,18.4,.600,.622,.068,.527,97,8.1,20.8,14.7,1.4,0.2,3.6,8.0,18.3,,0.7,0.7,1.4,.203,,1.4,2.1,3.5
11,0,32,838,107,184,.582,107,184,.582,0,0,,81,120,.675,51,117,168,9,15,18,50,98,295
11,1,32,26.2,3.3,5.8,.582,3.3,5.8,.582,0.0,0.0,,2.5,3.8,.675,5.3,0.3,0.5,0.6,1.6,3.1,9.2
11,2,32,838,5.1,8.8,.582,5.1,8.8,.582,0.0,0.0,,3.9,5.7,.675,8.0,0.4,0.7,0.9,2.4,4.7,14.1
11,3,32,838,7.6,13.1,.582,7.6,13.1,.582,0.0,0.0,,5.8,8.5,.675,11.9,0.6,1.1,1.3,3.6,7.0,21.0,,112.7,89.9
11,4,32,838,15.7,.612,.582,.000,.652,272,7.7,16.4,12.2,2.0,1.1,2.4,17.2,17.9,,1.6,2.0,3.6,.174,,1.6,4.0,5.7
12,0,8,57,8,13,.615,8,13,.615,0,0,,9,17,.529,6,3,9,0,3,2,1,4,25
12,1,8,7.1,1.0,1.6,.615,1.0,1.6,.615,0.0,0.0,,1.1,2.1,.529,1.1,0.0,0.4,0.3,0.1,0.5,3.1
12,2,8,57,5.6,9.1,.615,5.6,9.1,.615,0.0,0.0,,6.3,11.9,.529,6.3,0.0,2.1,1.4,0.7,2.8,17.5
12,3,8,57,8.4,13.6,.615,8.4,13.6,.615,0.0,0.0,,9.4,17.8,.529,9.4,0.0,3.1,2.1,1.0,4.2,26.1,,130.3,88.3
12,4,8,57,24.7,.593,.615,.000,1.308,24,13.4,6.2,9.6,0.0,3.1,4.0,4.5,19.9,,0.2,0.1,0.4,.253,,4.0,2.5,6.5
13,0,31,707,91,207,.440,39,74,.527,52,133,.391,53,66,.803,4,64,68,41,17,13,32,38,287
13,1,31,22.8,2.9,6.7,.440,1.3,2.4,.527,1.7,4.3,.391,1.7,2.1,.803,2.2,1.3,0.5,0.4,1.0,1.2,9.3
13,2,31,707,5.1,11.7,.440,2.2,4.2,.527,2.9,7.5,.391,3.0,3.7,.803,3.8,2.3,1.0,0.7,1.8,2.1,16.2
13,3,31,707,7.7,17.4,.440,3.3,6.2,.527,4.4,11.2,.391,4.5,5.6,.803,5.7,3.5,1.4,1.1,2.7,3.2,24.2,,119.3,91.7
13,4,31,707,17.5,.602,.565,.643,.319,252,0.7,10.6,5.9,10.8,1.4,2.1,11.8,19.7,,1.8,1.6,3.4,.193,,5.6,3.6,9.2
