0,0,30,522,63,109,.578,63,109,.578,0,0,,53,97,.546,40,79,119,5,5,41,33,61,179
0,1,30,17.4,2.1,3.6,.578,2.1,3.6,.578,0.0,0.0,,1.8,3.2,.546,4.0,0.2,0.2,1.4,1.1,2.0,6.0
0,2,30,522,4.8,8.4,.578,4.8,8.4,.578,0.0,0.0,,4.1,7.4,.546,9.1,0.4,0.4,3.1,2.5,4.7,13.7
0,3,30,522,7.6,13.2,.578,7.6,13.2,.578,0.0,0.0,,6.4,11.7,.546,14.4,0.6,0.6,5.0,4.0,7.4,21.6,,105.0,102.8
0,4,30,522,18.1,.577,.578,.000,.890,166,10.7,18.4,14.8,2.4,0.6,9.3,17.5,20.1,,0.8,0.6,1.4,.105,,-2.1,1.1,-1.0
1,0,29,680,89,196,.454,89,195,.456,0,1,.000,40,52,.769,42,118,160,24,14,3,53,70,218
1,1,29,23.4,3.1,6.8,.454,3.1,6.7,.456,0.0,0.0,.000,1.4,1.8,.769,5.5,0.8,0.5,0.1,1.8,2.4,7.5
1,2,29,680,5.2,11.5,.454,5.2,11.5,.456,0.0,0.1,.000,2.4,3.1,.769,9.4,1.4,0.8,0.2,3.1,4.1,12.8
1,3,29,680,8.3,18.2,.454,8.3,18.1,.456,0.0,0.1,.000,3.7,4.8,.769,14.9,2.2,1.3,0.3,4.9,6.5,20.2,,92.2,104.8
1,4,29,680,12.6,.494,.454,.005,.265,214,8.7,21.1,15.3,8.9,1.3,0.5,19.4,22.4,,0.2,0.6,0.9,.051,,-3.4,-1.5,-4.9
2,0,27,709,59,166,.355,42,114,.368,17,52,.327,55,87,.632,12,55,67,108,28,0,93,65,190
2,1,27,26.3,2.2,6.1,.355,1.6,4.2,.368,0.6,1.9,.327,2.0,3.2,.632,2.5,4.0,1.0,0.0,3.4,2.4,7.0
2,2,27,709,3.3,9.4,.355,2.4,6.4,.368,1.0,2.9,.327,3.1,4.9,.632,3.8,6.1,1.6,0.0,5.2,3.7,10.7
2,3,27,709,5.3,14.8,.355,3.7,10.2,.368,1.5,4.6,.327,4.9,7.7,.632,6.0,9.6,2.5,0.0,8.3,5.8,16.9,,83.5,107.4
2,4,27,709,8.7,.458,.407,.313,.524,232,2.4,9.4,6.2,34.3,2.5,0.0,31.0,23.6,,-0.5,0.5,0.0,.001,,-3.0,-2.1,-5.2
3,0,30,724,48,122,.393,9,14,.643,39,108,.361,7,10,.700,15,54,69,18,18,8,22,41,142
3,1,30,24.1,1.6,4.1,.393,0.3,0.5,.643,1.3,3.6,.361,0.2,0.3,.700,2.3,0.6,0.6,0.3,0.7,1.4,4.7
3,2,30,724,2.7,6.7,.393,0.5,0.8,.643,2.2,6.0,.361,0.4,0.6,.700,3.8,1.0,1.0,0.4,1.2,2.3,7.8
3,3,30,724,4.2,10.6,.393,0.8,1.2,.643,3.4,9.4,.361,0.6,0.9,.700,6.0,1.6,1.6,0.7,1.9,3.6,12.4,,105.5,109.1
3,4,30,724,9.3,.560,.553,.885,.082,128,2.9,9.1,6.2,5.4,1.6,1.3,14.8,11.4,,0.6,0.4,1.0,.055,,1.5,-0.9,0.5
4,0,29,955,102,242,.421,64,121,.529,38,121,.314,63,85,.741,33,84,117,38,32,22,68,75,305
4,1,29,32.9,3.5,8.3,.421,2.2,4.2,.529,1.3,4.2,.314,2.2,2.9,.741,4.0,1.3,1.1,0.8,2.3,2.6,10.5
4,2,29,955,4.3,10.1,.421,2.7,5.1,.529,1.6,5.1,.314,2.6,3.6,.741,4.9,1.6,1.3,0.9,2.8,3.1,12.8
4,3,29,955,6.7,16.0,.421,4.2,8.0,.529,2.5,8.0,.314,4.2,5.6,.741,7.7,2.5,2.1,1.5,4.5,5.0,20.2,,98.1,106.3
4,4,29,955,13.3,.540,.500,.500,.351,287,4.8,10.7,8.0,9.5,2.1,2.7,19.4,20.4,,0.8,0.7,1.6,.066,,0.9,0.0,0.9
5,0,30,728,69,165,.418,16,36,.444,53,129,.411,21,28,.750,10,44,54,52,11,4,43,60,212
5,1,30,24.3,2.3,5.5,.418,0.5,1.2,.444,1.8,4.3,.411,0.7,0.9,.750,1.8,1.7,0.4,0.1,1.4,2.0,7.1
5,2,30,728,3.8,9.1,.418,0.9,2.0,.444,2.9,7.1,.411,1.2,1.5,.750,3.0,2.9,0.6,0.2,2.4,3.3,11.6
5,3,30,728,6.0,14.3,.418,1.4,3.1,.444,4.6,11.2,.411,1.8,2.4,.750,4.7,4.5,1.0,0.3,3.7,5.2,18.4,,107.1,111.4
5,4,30,728,11.5,.595,.579,.782,.170,201,1.9,7.3,4.8,16.5,1.0,0.6,19.4,16.9,,1.0,0.2,1.3,.069,,2.6,-3.2,-0.6
6,0,15,75,1,5,.200,1,3,.333,0,2,.000,0,0,,3,6,9,11,2,0,8,7,2
6,1,15,5.0,0.1,0.3,.200,0.1,0.2,.333,0.0,0.1,.000,0.0,0.0,,0.6,0.7,0.1,0.0,0.5,0.5,0.1
6,2,15,75,0.5,2.7,.200,0.5,1.6,.333,0.0,1.1,.000,0.0,0.0,,4.8,5.9,1.1,0.0,4.3,3.7,1.1
6,3,15,75,0.8,4.2,.200,0.8,2.5,.333,0.0,1.7,.000,0.0,0.0,,7.6,9.3,1.7,0.0,6.7,5.9,1.7,,62.7,109.1
6,4,15,75,1.9,.200,.200,.400,.000,9,5.6,9.7,7.8,28.5,1.7,0.0,61.5,9.7,,-0.1,0.0,-0.1,-.045,,-6.2,-1.6,-7.9
7,0,13,424,60,116,.517,48,85,.565,12,31,.387,46,68,.676,17,47,64,43,19,1,51,34,178
7,1,13,32.6,4.6,8.9,.517,3.7,6.5,.565,0.9,2.4,.387,3.5,5.2,.676,4.9,3.3,1.5,0.1,3.9,2.6,13.7
7,2,13,424,5.7,10.9,.517,4.5,8.0,.565,1.1,2.9,.387,4.3,6.4,.676,6.0,4.1,1.8,0.1,4.8,3.2,16.8
7,3,13,424,8.9,17.3,.517,7.1,12.7,.565,1.8,4.6,.387,6.8,10.1,.676,9.5,6.4,2.8,0.1,7.6,5.1,26.5,,101.3,104.8
7,4,13,424,18.8,.600,.569,.267,.586,178,5.6,13.5,9.8,26.3,2.8,0.3,25.6,26.2,,0.7,0.4,1.1,.101,,2.7,-0.5,2.3
8,0,25,873,107,215,.498,86,164,.524,21,51,.412,91,128,.711,33,112,145,55,37,13,79,64,326
8,1,25,34.9,4.3,8.6,.498,3.4,6.6,.524,0.8,2.0,.412,3.6,5.1,.711,5.8,2.2,1.5,0.5,3.2,2.6,13.0
8,2,25,873,4.9,9.9,.498,3.9,7.5,.524,1.0,2.3,.412,4.2,5.9,.711,6.6,2.5,1.7,0.6,3.6,2.9,14.9
8,3,25,873,7.7,15.5,.498,6.2,11.9,.524,1.5,3.7,.412,6.6,9.3,.711,10.5,4.0,2.7,0.9,5.7,4.6,23.6,,103.4,103.5
8,4,25,873,17.8,.591,.547,.237,.595,315,5.3,15.6,10.8,15.6,2.7,1.8,22.3,22.6,,1.4,0.9,2.3,.104,,1.9,0.9,2.8
9,0,5,10,1,2,.500,0,0,,1,2,.500,0,0,,1,1,2,1,0,0,0,0,3
9,1,5,2.0,0.2,0.4,.500,0.0,0.0,,0.2,0.4,.500,0.0,0.0,,0.4,0.2,0.0,0.0,0.0,0.0,0.6
9,2,5,10,4.0,8.0,.500,0.0,0.0,,4.0,8.0,.500,0.0,0.0,,8.0,4.0,0.0,0.0,0.0,0.0,12.0
9,3,5,10,6.3,12.6,.500,0.0,0.0,,6.3,12.6,.500,0.0,0.0,,12.6,6.3,0.0,0.0,0.0,0.0,18.9,,174.3,112.3
9,4,5,10,24.0,.750,.750,1.000,.000,3,14.0,12.2,13.0,23.4,0.0,0.0,0.0,11.1,,0.1,0.0,0.1,.212,,10.6,-4.2,6.4
10,0,29,483,54,99,.545,54,99,.545,0,0,,24,37,.649,23,67,90,21,7,30,46,66,132
10,1,29,16.7,1.9,3.4,.545,1.9,3.4,.545,0.0,0.0,,0.8,1.3,.649,3.1,0.7,0.2,1.0,1.6,2.3,4.6
10,2,29,483,4.5,8.2,.545,4.5,8.2,.545,0.0,0.0,,2.0,3.1,.649,7.5,1.7,0.6,2.5,3.8,5.5,10.9
10,3,29,483,7.1,12.9,.545,7.1,12.9,.545,0.0,0.0,,3.1,4.8,.649,11.8,2.7,0.9,3.9,6.0,8.6,17.3,,90.4,103.7
10,4,29,483,12.2,.566,.545,.000,.374,129,6.7,16.9,12.1,10.5,0.9,7.3,28.3,18.7,,0.1,0.5,0.6,.046,,-3.4,2.5,-0.9
11,0,7,17,1,2,.500,1,2,.500,0,0,,2,2,1.000,0,2,2,1,0,1,0,2,4
11,1,7,2.4,0.1,0.3,.500,0.1,0.3,.500,0.0,0.0,,0.3,0.3,1.000,0.3,0.1,0.0,0.1,0.0,0.3,0.6
11,2,7,17,2.4,4.7,.500,2.4,4.7,.500,0.0,0.0,,4.7,4.7,1.000,4.7,2.4,0.0,2.4,0.0,4.7,9.4
11,3,7,17,3.7,7.4,.500,3.7,7.4,.500,0.0,0.0,,7.4,7.4,1.000,7.4,3.7,0.0,3.7,0.0,7.4,14.9,,162.4,107.2
11,4,7,17,16.3,.678,.500,.000,1.000,4,0.0,14.3,7.7,12.6,0.0,6.9,0.0,9.7,,0.1,0.0,0.1,.160,,0.3,0.7,1.1
