0,0,30,352,25,72,.347,14,42,.333,11,30,.367,31,50,.620,20,34,54,11,5,2,16,48,92
0,1,30,11.7,0.8,2.4,.347,0.5,1.4,.333,0.4,1.0,.367,1.0,1.7,.620,1.8,0.4,0.2,0.1,0.5,1.6,3.1
0,2,30,352,2.8,8.2,.347,1.6,4.8,.333,1.3,3.4,.367,3.5,5.7,.620,6.1,1.3,0.6,0.2,1.8,5.5,10.5
0,3,30,352,4.3,12.4,.347,2.4,7.2,.333,1.9,5.2,.367,5.3,8.6,.620,9.3,1.9,0.9,0.3,2.8,8.3,15.8,,101.1,103.4
0,4,30,352,8.8,.480,.424,.417,.694,94,6.9,12.2,9.5,6.1,0.9,0.6,14.3,16.5,,0.3,0.4,0.7,.082,,-0.2,0.5,0.3
1,0,31,621,74,174,.425,29,53,.547,45,121,.372,30,35,.857,31,40,71,25,22,4,18,47,223
1,1,31,20.0,2.4,5.6,.425,0.9,1.7,.547,1.5,3.9,.372,1.0,1.1,.857,2.3,0.8,0.7,0.1,0.6,1.5,7.2
1,2,31,621,4.8,11.2,.425,1.9,3.4,.547,2.9,7.8,.372,1.9,2.3,.857,4.6,1.6,1.4,0.3,1.2,3.0,14.4
1,3,31,621,7.2,17.0,.425,2.8,5.2,.547,4.4,11.8,.372,2.9,3.4,.857,6.9,2.4,2.1,0.4,1.8,4.6,21.8,,122.8,102.0
1,4,31,621,17.0,.585,.555,.695,.201,205,6.0,8.1,7.1,8.7,2.1,0.7,8.6,17.5,,1.6,0.8,2.4,.156,,5.9,1.1,7.1
2,0,32,790,129,320,.403,96,200,.480,33,120,.275,59,72,.819,19,114,133,57,25,3,76,62,350
2,1,32,24.7,4.0,10.0,.403,3.0,6.3,.480,1.0,3.8,.275,1.8,2.3,.819,4.2,1.8,0.8,0.1,2.4,1.9,10.9
2,2,32,790,6.5,16.2,.403,4.9,10.1,.480,1.7,6.1,.275,3.0,3.6,.819,6.7,2.9,1.3,0.2,3.8,3.1,17.7
2,3,32,790,9.9,24.5,.403,7.4,15.3,.480,2.5,9.2,.275,4.5,5.5,.819,10.2,4.4,1.9,0.2,5.8,4.8,26.8,,93.8,99.5
2,4,32,790,14.4,.494,.455,.375,.225,328,2.9,18.2,10.4,17.2,1.9,0.4,17.7,28.4,,0.4,1.2,1.6,.082,,0.0,1.4,1.4
3,0,32,673,60,136,.441,7,14,.500,53,122,.434,13,20,.650,6,69,75,33,11,5,38,50,186
3,1,32,21.0,1.9,4.3,.441,0.2,0.4,.500,1.7,3.8,.434,0.4,0.6,.650,2.3,1.0,0.3,0.2,1.2,1.6,5.8
3,2,32,673,3.6,8.1,.441,0.4,0.8,.500,3.2,7.3,.434,0.8,1.2,.650,4.5,2.0,0.7,0.3,2.3,3.0,11.1
3,3,32,673,5.4,12.2,.441,0.6,1.3,.500,4.8,11.0,.434,1.2,1.8,.650,6.8,3.0,1.0,0.5,3.4,4.5,16.7,,108.3,103.0
3,4,32,673,11.0,.639,.636,.897,.147,162,1.1,12.9,6.9,10.0,1.0,0.8,20.7,14.2,,0.8,0.8,1.6,.096,,3.0,1.3,4.3
4,0,23,575,104,178,.584,104,178,.584,0,0,,45,80,.563,54,109,163,16,18,8,45,67,253
4,1,23,25.0,4.5,7.7,.584,4.5,7.7,.584,0.0,0.0,,2.0,3.5,.563,7.1,0.7,0.8,0.3,2.0,2.9,11.0
4,2,23,575,7.2,12.4,.584,7.2,12.4,.584,0.0,0.0,,3.1,5.6,.563,11.3,1.1,1.3,0.6,3.1,4.7,17.6
4,3,23,575,11.0,18.8,.584,11.0,18.8,.584,0.0,0.0,,4.7,8.4,.563,17.2,1.7,1.9,0.8,4.7,7.1,26.7,,107.0,96.9
4,4,23,575,20.9,.586,.584,.000,.449,233,11.3,23.9,17.5,6.9,1.9,1.5,17.2,23.7,,1.1,1.0,2.1,.147,,1.3,2.3,3.6
5,0,30,788,52,163,.319,40,119,.336,12,44,.273,95,134,.709,8,53,61,108,16,0,75,54,211
5,1,30,26.3,1.7,5.4,.319,1.3,4.0,.336,0.4,1.5,.273,3.2,4.5,.709,2.0,3.6,0.5,0.0,2.5,1.8,7.0
5,2,30,788,2.6,8.3,.319,2.0,6.0,.336,0.6,2.2,.273,4.8,6.8,.709,3.1,5.5,0.8,0.0,3.8,2.7,10.7
5,3,30,788,4.0,12.5,.319,3.1,9.1,.336,0.9,3.4,.273,7.3,10.3,.709,4.7,8.3,1.2,0.0,5.8,4.2,16.2,,92.4,104.4
5,4,30,788,8.9,.465,.356,.270,.822,249,1.2,8.5,4.8,26.6,1.2,0.0,24.9,19.9,,0.2,0.8,1.0,.052,,-1.6,0.1,-1.4
6,0,32,918,95,155,.613,95,153,.621,0,2,.000,76,134,.567,83,116,199,32,19,39,54,114,266
6,1,32,28.7,3.0,4.8,.613,3.0,4.8,.621,0.0,0.1,.000,2.4,4.2,.567,6.2,1.0,0.6,1.2,1.7,3.6,8.3
6,2,32,918,4.1,6.8,.613,4.1,6.7,.621,0.0,0.1,.000,3.3,5.8,.567,8.7,1.4,0.8,1.7,2.4,5.0,11.6
6,3,32,918,6.3,10.2,.613,6.3,10.1,.621,0.0,0.1,.000,5.0,8.8,.567,13.1,2.1,1.3,2.6,3.6,7.5,17.6,,113.2,98.9
6,4,32,918,16.5,.608,.613,.013,.865,275,10.9,15.9,13.4,7.3,1.3,4.5,19.8,15.5,,1.7,1.5,3.1,.136,,2.3,5.0,7.3
7,0,18,229,28,66,.424,11,29,.379,17,37,.459,10,12,.833,6,16,22,28,5,2,19,22,83
7,1,18,12.7,1.6,3.7,.424,0.6,1.6,.379,0.9,2.1,.459,0.6,0.7,.833,1.2,1.6,0.3,0.1,1.1,1.2,4.6
7,2,18,229,4.9,11.5,.424,1.9,5.1,.379,3.0,6.5,.459,1.7,2.1,.833,3.8,4.9,0.9,0.3,3.3,3.8,14.5
7,3,18,229,7.4,17.5,.424,2.9,7.7,.379,4.5,9.8,.459,2.6,3.2,.833,5.8,7.4,1.3,0.5,5.0,5.8,22.0,,108.6,103.4
7,4,18,229,14.9,.579,.553,.561,.182,86,3.2,8.8,5.9,26.6,1.3,0.9,20.9,20.6,,0.4,0.3,0.7,.122,,3.3,-0.2,3.0
8,0,6,23,4,4,1.000,4,4,1.000,0,0,,4,5,.800,0,4,4,0,0,2,0,7,12
8,1,6,3.8,0.7,0.7,1.000,0.7,0.7,1.000,0.0,0.0,,0.7,0.8,.800,0.7,0.0,0.0,0.3,0.0,1.2,2.0
8,2,6,23,7.0,7.0,1.000,7.0,7.0,1.000,0.0,0.0,,7.0,8.7,.800,7.0,0.0,0.0,3.5,0.0,12.2,20.9
8,3,6,23,10.5,10.5,1.000,10.5,10.5,1.000,0.0,0.0,,10.5,13.2,.800,10.5,0.0,0.0,5.3,0.0,18.4,31.6,,199.7,95.8
8,4,6,23,29.2,.941,1.000,.000,1.250,8,0.0,21.9,10.7,0.0,0.0,9.2,0.0,14.4,,0.1,0.0,0.2,.304,,5.0,1.5,6.5
9,0,32,980,131,303,.432,93,191,.487,38,112,.339,83,125,.664,38,105,143,57,51,5,45,66,383
9,1,32,30.6,4.1,9.5,.432,2.9,6.0,.487,1.2,3.5,.339,2.6,3.9,.664,4.5,1.8,1.6,0.2,1.4,2.1,12.0
9,2,32,980,5.3,12.4,.432,3.8,7.8,.487,1.6,4.6,.339,3.4,5.1,.664,5.8,2.3,2.1,0.2,1.8,2.7,15.6
9,3,32,980,8.1,18.7,.432,5.7,11.8,.487,2.3,6.9,.339,5.1,7.7,.664,8.8,3.5,3.2,0.3,2.8,4.1,23.7,,110.1,98.3
9,4,32,980,18.1,.528,.495,.370,.413,365,4.7,13.5,9.0,13.0,3.2,0.5,11.0,21.7,,2.0,1.6,3.6,.147,,3.9,3.0,6.9
10,0,3,3,0,1,.000,0,0,,0,1,.000,0,0,,0,0,0,1,0,0,0,0,0
10,1,3,1.0,0.0,0.3,.000,0.0,0.0,,0.0,0.3,.000,0.0,0.0,,0.0,0.3,0.0,0.0,0.0,0.0,0.0
10,2,3,3,0.0,13.3,.000,0.0,0.0,,0.0,13.3,.000,0.0,0.0,,0.0,13.3,0.0,0.0,0.0,0.0,0.0
10,3,3,3,0.0,20.2,.000,0.0,0.0,,0.0,20.2,.000,0.0,0.0,,0.0,20.2,0.0,0.0,0.0,0.0,0.0,,59.7,110.2
10,4,3,3,-1.0,.000,.000,1.000,.000,1,0.0,0.0,0.0,57.3,0.0,0.0,0.0,17.4,,0.0,0.0,0.0,-.085,,-7.2,-12.7,-19.9
11,0,27,240,22,53,.415,19,42,.452,3,11,.273,22,32,.688,3,24,27,31,4,3,20,22,69
11,1,27,8.9,0.8,2.0,.415,0.7,1.6,.452,0.1,0.4,.273,0.8,1.2,.688,1.0,1.1,0.1,0.1,0.7,0.8,2.6
11,2,27,240,3.7,8.8,.415,3.2,7.0,.452,0.5,1.8,.273,3.7,5.3,.688,4.5,5.2,0.7,0.5,3.3,3.7,11.5
11,3,27,240,5.6,13.4,.415,4.8,10.6,.452,0.8,2.8,.273,5.6,8.1,.688,6.8,7.8,1.0,0.8,5.0,5.6,17.4,,98.6,102.6
11,4,27,240,11.5,.506,.443,.208,.604,77,1.5,12.6,6.9,26.4,1.0,1.3,22.7,19.1,,0.2,0.3,0.5,.083,,-1.2,0.7,-0.5
12,0,20,243,27,61,.443,24,45,.533,3,16,.188,20,31,.645,9,33,42,11,12,0,23,32,77
12,1,20,12.2,1.4,3.1,.443,1.2,2.3,.533,0.2,0.8,.188,1.0,1.6,.645,2.1,0.6,0.6,0.0,1.2,1.6,3.9
12,2,20,243,4.4,10.0,.443,4.0,7.4,.533,0.5,2.6,.188,3.3,5.1,.645,6.9,1.8,2.0,0.0,3.8,5.3,12.7
12,3,20,243,6.7,15.2,.443,6.0,11.2,.533,0.7,4.0,.188,5.0,7.7,.645,10.5,2.7,3.0,0.0,5.7,8.0,19.2,,89.3,97.5
12,4,20,243,10.8,.508,.467,.262,.508,74,4.5,17.1,10.7,9.6,3.0,0.0,23.3,21.2,,0.0,0.4,0.4,.067,,-1.9,2.4,0.5
13,0,14,59,4,12,.333,2,4,.500,2,8,.250,4,6,.667,2,5,7,4,1,0,4,14,14
13,1,14,4.2,0.3,0.9,.333,0.1,0.3,.500,0.1,0.6,.250,0.3,0.4,.667,0.5,0.3,0.1,0.0,0.3,1.0,1.0
13,2,14,59,2.7,8.1,.333,1.4,2.7,.500,1.4,5.4,.250,2.7,4.1,.667,4.7,2.7,0.7,0.0,2.7,9.5,9.5
13,3,14,59,4.1,12.3,.333,2.1,4.1,.500,2.1,8.2,.250,4.1,6.2,.667,7.2,4.1,1.0,0.0,4.1,14.4,14.4,,93.2,103.4
13,4,14,59,4.9,.471,.417,.667,.500,15,4.1,10.7,7.3,13.2,1.0,0.0,21.2,16.6,,0.0,0.1,0.1,.057,,-0.6,-0.1,-0.7
14,0,3,5,1,3,.333,0,1,.000,1,2,.500,0,0,,1,2,3,0,0,0,0,1,3
14,1,3,1.7,0.3,1.0,.333,0.0,0.3,.000,0.3,0.7,.500,0.0,0.0,,1.0,0.0,0.0,0.0,0.0,0.3,1.0
14,2,3,5,8.0,24.0,.333,0.0,8.0,.000,8.0,16.0,.500,0.0,0.0,,24.0,0.0,0.0,0.0,0.0,8.0,24.0
14,3,3,5,12.1,36.4,.333,0.0,12.1,.000,12.1,24.2,.500,0.0,0.0,,36.4,0.0,0.0,0.0,0.0,12.1,36.4,,118.7,93.2
14,4,3,5,28.7,.500,.500,.667,.000,3,24.2,50.5,37.0,0.0,0.0,0.0,0.0,31.3,,0.0,0.0,0.0,.241,,2.3,-12.5,-10.2
