0,0,29,945,121,309,.392,47,118,.398,74,191,.387,43,67,.642,13,89,102,79,31,17,56,73,359
0,1,29,32.6,4.2,10.7,.392,1.6,4.1,.398,2.6,6.6,.387,1.5,2.3,.642,3.5,2.7,1.1,0.6,1.9,2.5,12.4
0,2,29,945,5.1,13.1,.392,2.0,5.0,.398,3.1,8.1,.387,1.8,2.8,.642,4.3,3.3,1.3,0.7,2.4,3.1,15.2
0,3,29,945,8.0,20.3,.392,3.1,7.8,.398,4.9,12.6,.387,2.8,4.4,.642,6.7,5.2,2.0,1.1,3.7,4.8,23.6,,101.3,105.3
0,4,29,945,15.4,.527,.511,.618,.217,333,1.6,11.2,6.4,18.6,2.0,2.1,14.1,22.9,,1.2,0.9,2.1,.087,,2.9,0.6,3.4
1,0,24,240,24,49,.490,24,49,.490,0,0,,20,40,.500,17,39,56,6,1,20,14,29,68
1,1,24,10.0,1.0,2.0,.490,1.0,2.0,.490,0.0,0.0,,0.8,1.7,.500,2.3,0.3,0.0,0.8,0.6,1.2,2.8
1,2,24,240,4.0,8.2,.490,4.0,8.2,.490,0.0,0.0,,3.3,6.7,.500,9.3,1.0,0.2,3.3,2.3,4.8,11.3
1,3,24,240,6.2,12.7,.490,6.2,12.7,.490,0.0,0.0,,5.2,10.4,.500,14.5,1.6,0.3,5.2,3.6,7.5,17.6,,95.7,101.7
1,4,24,240,14.2,.500,.490,.000,.816,67,8.4,19.3,13.9,5.2,0.3,9.8,17.1,18.6,,0.1,0.3,0.4,.073,,-4.6,3.9,-0.7
2,0,31,646,78,143,.545,78,143,.545,0,0,,11,25,.440,52,118,170,17,12,9,36,71,167
2,1,31,20.8,2.5,4.6,.545,2.5,4.6,.545,0.0,0.0,,0.4,0.8,.440,5.5,0.5,0.4,0.3,1.2,2.3,5.4
2,2,31,646,4.8,8.9,.545,4.8,8.9,.545,0.0,0.0,,0.7,1.5,.440,10.5,1.1,0.7,0.6,2.2,4.4,10.3
2,3,31,646,7.5,13.8,.545,7.5,13.8,.545,0.0,0.0,,1.1,2.4,.440,16.4,1.6,1.2,0.9,3.5,6.8,16.1,,98.6,102.4
2,4,31,646,13.3,.539,.545,.000,.175,163,9.6,21.7,15.7,5.8,1.2,1.6,18.9,16.1,,0.5,0.8,1.2,.077,,-2.2,1.2,-1.1
3,0,27,331,25,72,.347,5,12,.417,20,60,.333,14,18,.778,11,24,35,9,7,1,11,30,84
3,1,27,12.3,0.9,2.7,.347,0.2,0.4,.417,0.7,2.2,.333,0.5,0.7,.778,1.3,0.3,0.3,0.0,0.4,1.1,3.1
3,2,27,331,3.0,8.7,.347,0.6,1.5,.417,2.4,7.3,.333,1.7,2.2,.778,4.2,1.1,0.8,0.1,1.3,3.6,10.2
3,3,27,331,4.7,13.5,.347,0.9,2.3,.417,3.8,11.3,.333,2.6,3.4,.778,6.6,1.7,1.3,0.2,2.1,5.6,15.8,,103.5,108.8
3,4,27,331,9.4,.521,.486,.833,.250,77,4.0,8.6,6.3,5.4,1.3,0.4,12.0,15.1,,0.3,0.2,0.5,.062,,0.7,-1.4,-0.8
4,0,18,150,11,30,.367,6,14,.429,5,16,.313,11,18,.611,4,12,16,9,4,0,12,10,38
4,1,18,8.3,0.6,1.7,.367,0.3,0.8,.429,0.3,0.9,.313,0.6,1.0,.611,0.9,0.5,0.2,0.0,0.7,0.6,2.1
4,2,18,150,2.9,8.0,.367,1.6,3.7,.429,1.3,4.3,.313,2.9,4.8,.611,4.3,2.4,1.1,0.0,3.2,2.7,10.1
4,3,18,150,4.6,12.4,.367,2.5,5.8,.429,2.1,6.6,.313,4.6,7.5,.611,6.6,3.7,1.7,0.0,5.0,4.1,15.7,,87.8,107.9
4,4,18,150,8.0,.493,.450,.533,.600,38,3.2,9.5,6.3,11.9,1.7,0.0,23.7,18.4,,0.0,0.1,0.1,.021,,-2.6,-1.1,-3.7
5,0,30,436,50,128,.391,41,84,.488,9,44,.205,30,40,.750,19,29,48,30,14,13,24,44,139
5,1,30,14.5,1.7,4.3,.391,1.4,2.8,.488,0.3,1.5,.205,1.0,1.3,.750,1.6,1.0,0.5,0.4,0.8,1.5,4.6
5,2,30,436,4.6,11.7,.391,3.8,7.7,.488,0.8,4.0,.205,2.8,3.7,.750,4.4,2.8,1.3,1.2,2.2,4.0,12.8
5,3,30,436,7.1,18.2,.391,5.8,12.0,.488,1.3,6.3,.205,4.3,5.7,.750,6.8,4.3,2.0,1.9,3.4,6.3,19.8,,97.0,106.1
5,4,30,436,13.1,.473,.426,.344,.313,140,5.2,7.9,6.5,14.9,2.0,3.5,14.0,21.4,,0.3,0.4,0.7,.065,,-0.8,0.9,0.1
6,0,24,196,19,55,.345,10,25,.400,9,30,.300,2,4,.500,10,31,41,21,11,1,10,16,49
6,1,24,8.2,0.8,2.3,.345,0.4,1.0,.400,0.4,1.3,.300,0.1,0.2,.500,1.7,0.9,0.5,0.0,0.4,0.7,2.0
6,2,24,196,3.9,11.2,.345,2.0,5.1,.400,1.8,6.1,.300,0.4,0.8,.500,8.4,4.3,2.2,0.2,2.0,3.3,10.0
6,3,24,196,6.0,17.4,.345,3.2,7.9,.400,2.9,9.5,.300,0.6,1.3,.500,13.0,6.7,3.5,0.3,3.2,5.1,15.5,,95.1,99.2
6,4,24,196,14.4,.431,.427,.545,.073,57,6.1,18.8,12.4,22.3,3.5,0.6,14.9,18.6,,0.1,0.3,0.4,.082,,0.2,2.0,2.3
7,0,9,84,4,10,.400,4,6,.667,0,4,.000,1,2,.500,2,5,7,9,4,0,8,4,9
7,1,9,9.3,0.4,1.1,.400,0.4,0.7,.667,0.0,0.4,.000,0.1,0.2,.500,0.8,1.0,0.4,0.0,0.9,0.4,1.0
7,2,9,84,1.9,4.8,.400,1.9,2.9,.667,0.0,1.9,.000,0.5,1.0,.500,3.3,4.3,1.9,0.0,3.8,1.9,4.3
7,3,9,84,3.0,7.4,.400,3.0,4.4,.667,0.0,3.0,.000,0.7,1.5,.500,5.2,6.7,3.0,0.0,5.9,3.0,6.7,,71.5,106.3
7,4,9,84,5.1,.411,.400,.400,.200,13,2.8,7.1,5.0,20.2,3.0,0.0,42.2,12.3,,-0.1,0.1,0.0,-.015,,-5.2,0.7,-4.5
8,0,29,367,38,104,.365,37,86,.430,1,18,.056,30,55,.545,27,47,74,36,13,3,42,47,107
8,1,29,12.7,1.3,3.6,.365,1.3,3.0,.430,0.0,0.6,.056,1.0,1.9,.545,2.6,1.2,0.4,0.1,1.4,1.6,3.7
8,2,29,367,4.1,11.3,.365,4.0,9.4,.430,0.1,2.0,.056,3.3,6.0,.545,8.1,3.9,1.4,0.3,4.6,5.1,11.7
8,3,29,367,6.4,17.6,.365,6.3,14.6,.430,0.2,3.0,.056,5.1,9.3,.545,12.5,6.1,2.2,0.5,7.1,8.0,18.1,,80.7,103.3
8,4,29,367,9.1,.411,.370,.173,.529,125,8.7,15.2,12.0,20.7,2.2,1.0,24.4,25.6,,-0.4,0.4,0.0,.000,,-4.5,1.1,-3.4
9,0,27,737,92,227,.405,22,50,.440,70,177,.395,28,35,.800,15,57,72,49,22,8,29,61,282
9,1,27,27.3,3.4,8.4,.405,0.8,1.9,.440,2.6,6.6,.395,1.0,1.3,.800,2.7,1.8,0.8,0.3,1.1,2.3,10.4
9,2,27,737,5.0,12.3,.405,1.2,2.7,.440,3.8,9.6,.395,1.5,1.9,.800,3.9,2.7,1.2,0.4,1.6,3.3,15.3
9,3,27,737,7.8,19.1,.405,1.9,4.2,.440,5.9,14.9,.395,2.4,3.0,.800,6.1,4.1,1.9,0.7,2.4,5.1,23.8,,113.0,107.0
9,4,27,737,16.7,.579,.559,.780,.154,249,2.4,9.2,5.8,14.7,1.9,1.3,10.6,20.2,,1.6,0.6,2.1,.116,,5.2,-0.5,4.7
10,0,29,889,146,283,.516,136,252,.540,10,31,.323,88,133,.662,44,110,154,73,20,14,70,69,390
10,1,29,30.7,5.0,9.8,.516,4.7,8.7,.540,0.3,1.1,.323,3.0,4.6,.662,5.3,2.5,0.7,0.5,2.4,2.4,13.4
10,2,29,889,6.6,12.7,.516,6.1,11.3,.540,0.4,1.4,.323,4.0,6.0,.662,6.9,3.3,0.9,0.6,3.1,3.1,17.5
10,3,29,889,10.2,19.8,.516,9.5,17.6,.540,0.7,2.2,.323,6.2,9.3,.662,10.8,5.1,1.4,1.0,4.9,4.8,27.3,,105.8,105.2
10,4,29,889,19.5,.563,.534,.110,.470,375,5.9,14.7,10.3,19.9,1.4,1.9,16.8,25.5,,1.8,0.8,2.6,.117,,2.1,1.1,3.2
11,0,28,836,72,182,.396,30,69,.435,42,113,.372,15,24,.625,9,62,71,110,50,5,41,71,201
11,1,28,29.9,2.6,6.5,.396,1.1,2.5,.435,1.5,4.0,.372,0.5,0.9,.625,2.5,3.9,1.8,0.2,1.5,2.5,7.2
11,2,28,836,3.4,8.7,.396,1.4,3.3,.435,2.0,5.4,.372,0.7,1.1,.625,3.4,5.3,2.4,0.2,2.0,3.4,9.6
11,3,28,836,5.4,13.5,.396,2.2,5.1,.435,3.1,8.4,.372,1.1,1.8,.625,5.3,8.2,3.7,0.4,3.0,5.3,14.9,,105.9,103.3
11,4,28,836,14.3,.520,.511,.621,.132,225,1.3,8.8,5.1,26.8,3.7,0.7,17.5,15.3,,1.1,0.9,2.0,.096,,2.2,1.3,3.5
12,0,30,363,39,82,.476,39,82,.476,0,0,,12,25,.480,26,34,60,15,7,24,22,48,90
12,1,30,12.1,1.3,2.7,.476,1.3,2.7,.476,0.0,0.0,,0.4,0.8,.480,2.0,0.5,0.2,0.8,0.7,1.6,3.0
12,2,30,363,4.3,9.0,.476,4.3,9.0,.476,0.0,0.0,,1.3,2.8,.480,6.6,1.7,0.8,2.6,2.4,5.3,9.9
12,3,30,363,6.7,14.0,.476,6.7,14.0,.476,0.0,0.0,,2.1,4.3,.480,10.3,2.6,1.2,4.1,3.8,8.2,15.4,,92.0,104.3
12,4,30,363,11.8,.479,.476,.000,.305,93,8.5,11.1,9.8,8.8,1.2,7.8,19.0,17.4,,0.1,0.4,0.5,.050,,-3.5,4.1,0.5
13,0,1,5,0,0,,0,0,,0,0,,0,0,,1,2,3,0,0,0,0,0,0
13,1,1,5.0,0.0,0.0,,0.0,0.0,,0.0,0.0,,0.0,0.0,,3.0,0.0,0.0,0.0,0.0,0.0,0.0
13,2,1,5,0.0,0.0,,0.0,0.0,,0.0,0.0,,0.0,0.0,,24.0,0.0,0.0,0.0,0.0,0.0,0.0
13,3,1,5,0.0,0.0,,0.0,0.0,,0.0,0.0,,0.0,0.0,,37.3,0.0,0.0,0.0,0.0,0.0,0.0,,223.7,94.5
13,4,1,5,17.0,,,,,1,23.8,47.6,35.7,0.0,0.0,0.0,,0.0,,0.0,0.0,0.0,.160,,-5.1,-3.4,-8.5
