0,0,32,311,21,65,.323,21,63,.333,0,2,.000,25,33,.758,25,53,78,9,4,4,13,33,67
0,1,32,9.7,0.7,2.0,.323,0.7,2.0,.333,0.0,0.1,.000,0.8,1.0,.758,2.4,0.3,0.1,0.1,0.4,1.0,2.1
0,2,32,311,2.7,8.4,.323,2.7,8.1,.333,0.0,0.3,.000,3.2,4.2,.758,10.0,1.2,0.5,0.5,1.7,4.2,8.6
0,3,32,311,3.9,12.2,.323,3.9,11.8,.333,0.0,0.4,.000,4.7,6.2,.758,14.7,1.7,0.8,0.8,2.4,6.2,12.6,,94.9,106.5
0,4,32,311,9.2,.415,.323,.031,.508,76,9.2,19.5,14.3,5.5,0.8,1.6,13.9,15.2,,0.1,0.3,0.4,.052,,-5.3,-0.9,-6.2
1,0,29,714,54,130,.415,27,62,.435,27,68,.397,76,91,.835,8,52,60,25,20,3,35,69,211
1,1,29,24.6,1.9,4.5,.415,0.9,2.1,.435,0.9,2.3,.397,2.6,3.1,.835,2.1,0.9,0.7,0.1,1.2,2.4,7.3
1,2,29,714,3.0,7.3,.415,1.5,3.5,.435,1.5,3.8,.397,4.3,5.1,.835,3.4,1.4,1.1,0.2,2.0,3.9,11.8
1,3,29,714,4.4,10.6,.415,2.2,5.1,.435,2.2,5.6,.397,6.2,7.5,.835,4.9,2.0,1.6,0.2,2.9,5.7,17.3,,114.3,109.7
1,4,29,714,11.0,.609,.519,.523,.700,193,1.3,8.3,4.8,6.8,1.6,0.5,16.8,14.7,,1.0,0.6,1.6,.090,,0.1,-1.2,-1.1
2,0,31,876,143,356,.402,95,215,.442,48,141,.340,51,63,.810,19,119,138,114,37,23,71,88,385
2,1,31,28.3,4.6,11.5,.402,3.1,6.9,.442,1.5,4.5,.340,1.6,2.0,.810,4.5,3.7,1.2,0.7,2.3,2.8,12.4
2,2,31,876,6.5,16.3,.402,4.3,9.8,.442,2.2,6.4,.340,2.3,2.9,.810,6.3,5.2,1.7,1.1,3.2,4.0,17.6
2,3,31,876,9.5,23.8,.402,6.3,14.4,.442,3.2,9.4,.340,3.4,4.2,.810,9.2,7.6,2.5,1.5,4.7,5.9,25.7,,101.5,103.6
2,4,31,876,17.7,.499,.469,.396,.177,388,2.5,15.6,9.0,30.2,2.5,3.3,15.5,26.2,,1.0,1.2,2.2,.101,,1.5,1.4,2.9
3,0,29,241,32,76,.421,32,74,.432,0,2,.000,14,23,.609,18,25,43,9,6,5,25,30,78
3,1,29,8.3,1.1,2.6,.421,1.1,2.6,.432,0.0,0.1,.000,0.5,0.8,.609,1.5,0.3,0.2,0.2,0.9,1.0,2.7
3,2,29,241,5.3,12.6,.421,5.3,12.3,.432,0.0,0.3,.000,2.3,3.8,.609,7.1,1.5,1.0,0.8,4.1,5.0,12.9
3,3,29,241,7.8,18.4,.421,7.8,18.0,.432,0.0,0.5,.000,3.4,5.6,.609,10.4,2.2,1.5,1.2,6.1,7.3,18.9,,82.8,107.6
3,4,29,241,8.4,.449,.421,.026,.303,79,8.5,11.9,10.2,8.1,1.5,2.6,22.3,23.4,,-0.2,0.2,0.0,.000,,-6.7,-0.8,-7.6
4,0,30,785,61,166,.367,47,121,.388,14,45,.311,77,105,.733,42,59,101,42,14,5,47,85,213
4,1,30,26.2,2.0,5.5,.367,1.6,4.0,.388,0.5,1.5,.311,2.6,3.5,.733,3.4,1.4,0.5,0.2,1.6,2.8,7.1
4,2,30,785,3.1,8.5,.367,2.4,6.2,.388,0.7,2.3,.311,3.9,5.4,.733,5.1,2.1,0.7,0.3,2.4,4.3,10.9
4,3,30,785,4.5,12.4,.367,3.5,9.0,.388,1.0,3.4,.311,5.7,7.8,.733,7.5,3.1,1.0,0.4,3.5,6.3,15.9,,100.2,110.8
4,4,30,785,9.3,.493,.410,.271,.633,225,6.1,8.6,7.4,10.4,1.0,0.8,17.9,16.8,,0.5,0.6,1.1,.054,,-1.8,-1.0,-2.8
5,0,30,375,44,125,.352,27,60,.450,17,65,.262,33,51,.647,19,48,67,6,10,6,9,62,138
5,1,30,12.5,1.5,4.2,.352,0.9,2.0,.450,0.6,2.2,.262,1.1,1.7,.647,2.2,0.2,0.3,0.2,0.3,2.1,4.6
5,2,30,375,4.7,13.3,.352,2.9,6.4,.450,1.8,6.9,.262,3.5,5.4,.647,7.1,0.6,1.1,0.6,1.0,6.6,14.7
5,3,30,375,6.9,19.5,.352,4.2,9.4,.450,2.7,10.1,.262,5.1,8.0,.647,10.4,0.9,1.6,0.9,1.4,9.7,21.5,,104.2,106.2
5,4,30,375,12.1,.462,.420,.520,.408,128,5.8,14.7,10.2,3.4,1.6,2.0,5.7,21.2,,0.4,0.4,0.8,.089,,-1.6,-2.7,-4.3
6,0,32,510,46,117,.393,46,117,.393,0,0,,41,52,.788,45,45,90,7,8,22,40,90,133
6,1,32,15.9,1.4,3.7,.393,1.4,3.7,.393,0.0,0.0,,1.3,1.6,.788,2.8,0.2,0.3,0.7,1.3,2.8,4.2
6,2,32,510,3.6,9.2,.393,3.6,9.2,.393,0.0,0.0,,3.2,4.1,.788,7.1,0.5,0.6,1.7,3.1,7.1,10.4
6,3,32,510,5.3,13.4,.393,5.3,13.4,.393,0.0,0.0,,4.7,6.0,.788,10.3,0.8,0.9,2.5,4.6,10.3,15.2,,89.7,107.9
6,4,32,510,8.0,.469,.393,.000,.444,140,10.1,10.1,10.1,2.7,0.9,5.4,22.0,17.9,,-0.1,0.5,0.4,.031,,-5.7,0.6,-5.1
7,0,25,776,131,263,.498,106,198,.535,25,65,.385,121,157,.771,49,125,174,36,32,27,64,47,408
7,1,25,31.0,5.2,10.5,.498,4.2,7.9,.535,1.0,2.6,.385,4.8,6.3,.771,7.0,1.4,1.3,1.1,2.6,1.9,16.3
7,2,25,776,6.8,13.6,.498,5.5,10.2,.535,1.3,3.4,.385,6.2,8.1,.771,9.0,1.9,1.6,1.4,3.3,2.4,21.0
7,3,25,776,9.9,19.8,.498,8.0,14.9,.535,1.9,4.9,.385,9.1,11.8,.771,13.1,2.7,2.4,2.0,4.8,3.5,30.7,,114.3,102.2
7,4,25,776,24.5,.604,.546,.247,.597,378,7.2,18.5,12.8,10.9,2.4,4.3,15.9,26.0,,2.0,1.2,3.2,.165,,2.7,1.7,4.4
8,0,24,345,41,109,.376,25,53,.472,16,56,.286,20,31,.645,10,40,50,11,11,2,22,27,118
8,1,24,14.4,1.7,4.5,.376,1.0,2.2,.472,0.7,2.3,.286,0.8,1.3,.645,2.1,0.5,0.5,0.1,0.9,1.1,4.9
8,2,24,345,4.8,12.6,.376,2.9,6.1,.472,1.9,6.5,.286,2.3,3.6,.645,5.8,1.3,1.3,0.2,2.6,3.1,13.7
8,3,24,345,6.9,18.5,.376,4.2,9.0,.472,2.7,9.5,.286,3.4,5.3,.645,8.5,1.9,1.9,0.3,3.7,4.6,20.0,,92.7,107.2
8,4,24,345,10.3,.477,.450,.514,.284,108,3.3,13.3,8.3,6.7,1.9,0.7,15.1,21.2,,0.0,0.4,0.4,.044,,-2.8,-2.0,-4.9
9,0,7,13,6,9,.667,6,9,.667,0,0,,0,0,,0,3,3,0,0,0,0,1,12
9,1,7,1.9,0.9,1.3,.667,0.9,1.3,.667,0.0,0.0,,0.0,0.0,,0.4,0.0,0.0,0.0,0.0,0.1,1.7
9,2,7,13,18.5,27.7,.667,18.5,27.7,.667,0.0,0.0,,0.0,0.0,,9.2,0.0,0.0,0.0,0.0,3.1,36.9
9,3,7,13,27.0,40.5,.667,27.0,40.5,.667,0.0,0.0,,0.0,0.0,,13.5,0.0,0.0,0.0,0.0,4.5,54.0,,129.9,106.2
9,4,7,13,39.6,.667,.667,.000,.000,7,0.0,26.4,13.2,0.0,0.0,0.0,0.0,34.8,,0.1,0.0,0.1,.227,,0.9,-11.6,-10.7
10,0,32,897,59,149,.396,43,98,.439,16,51,.314,39,54,.722,8,64,72,97,36,1,34,60,173
10,1,32,28.0,1.8,4.7,.396,1.3,3.1,.439,0.5,1.6,.314,1.2,1.7,.722,2.3,3.0,1.1,0.0,1.1,1.9,5.4
10,2,32,897,2.6,6.6,.396,1.9,4.4,.439,0.7,2.3,.314,1.7,2.4,.722,3.2,4.3,1.6,0.0,1.5,2.7,7.7
10,3,32,897,3.8,9.7,.396,2.8,6.4,.439,1.0,3.3,.314,2.5,3.5,.722,4.7,6.3,2.3,0.1,2.2,3.9,11.3,,106.7,108.6
10,4,32,897,10.3,.495,.450,.342,.362,198,1.0,8.2,4.6,20.5,2.3,0.1,16.3,11.7,,0.8,0.8,1.6,.070,,-1.1,-0.5,-1.6
11,0,4,99,8,25,.320,8,21,.381,0,4,.000,10,14,.714,1,6,7,5,1,1,3,12,26
11,1,4,24.8,2.0,6.3,.320,2.0,5.3,.381,0.0,1.0,.000,2.5,3.5,.714,1.8,1.3,0.3,0.3,0.8,3.0,6.5
11,2,4,99,3.2,10.1,.320,3.2,8.5,.381,0.0,1.6,.000,4.0,5.7,.714,2.8,2.0,0.4,0.4,1.2,4.8,10.5
11,3,4,99,4.7,14.8,.320,4.7,12.4,.381,0.0,2.4,.000,5.9,8.3,.714,4.1,3.0,0.6,0.6,1.8,7.1,15.4,,93.2,112.2
11,4,4,99,6.0,.411,.320,.160,.560,26,1.2,6.9,4.0,9.8,0.6,1.3,8.7,17.6,,0.0,0.1,0.1,.027,,-5.0,-2.6,-7.6
12,0,28,658,138,254,.543,137,248,.552,1,6,.167,49,80,.613,58,112,170,15,11,26,55,82,326
12,1,28,23.5,4.9,9.1,.543,4.9,8.9,.552,0.0,0.2,.167,1.8,2.9,.613,6.1,0.5,0.4,0.9,2.0,2.9,11.6
12,2,28,658,8.4,15.4,.543,8.3,15.1,.552,0.1,0.4,.167,3.0,4.9,.613,10.3,0.9,0.7,1.6,3.3,5.0,19.8
12,3,28,658,12.3,22.6,.543,12.2,22.0,.552,0.1,0.5,.167,4.4,7.1,.613,15.1,1.3,1.0,2.3,4.9,7.3,29.0,,103.6,104.4
12,4,28,658,20.0,.558,.545,.024,.315,294,10.0,19.5,14.8,5.9,1.0,4.9,15.9,26.5,,0.9,0.9,1.8,.107,,-2.0,-0.2,-2.3
