0,0,1,2,0,1,.000,0,0,,0,1,.000,0,0,,0,0,0,0,0,0,0,0,0
0,1,1,2.0,0.0,1.0,.000,0.0,0.0,,0.0,1.0,.000,0.0,0.0,,0.0,0.0,0.0,0.0,0.0,0.0,0.0
0,2,1,2,0.0,20.0,.000,0.0,0.0,,0.0,20.0,.000,0.0,0.0,,0.0,0.0,0.0,0.0,0.0,0.0,0.0
0,3,1,2,0.0,30.7,.000,0.0,0.0,,0.0,30.7,.000,0.0,0.0,,0.0,0.0,0.0,0.0,0.0,0.0,0.0,,0.0,109.6
0,4,1,2,-22.3,.000,.000,1.000,.000,0,0.0,0.0,0.0,0.0,0.0,0.0,0.0,26.7,,0.0,0.0,0.0,-.358,,-16.0,-8.7,-24.7
1,0,31,447,39,97,.402,21,55,.382,18,42,.429,51,60,.850,5,31,36,24,9,0,17,46,147
1,1,31,14.4,1.3,3.1,.402,0.7,1.8,.382,0.6,1.4,.429,1.6,1.9,.850,1.2,0.8,0.3,0.0,0.5,1.5,4.7
1,2,31,447,3.5,8.7,.402,1.9,4.9,.382,1.6,3.8,.429,4.6,5.4,.850,3.2,2.1,0.8,0.0,1.5,4.1,13.2
1,3,31,447,5.4,13.3,.402,2.9,7.6,.382,2.5,5.8,.429,7.0,8.2,.850,4.9,3.3,1.2,0.0,2.3,6.3,20.2,,117.6,102.5
1,4,31,447,13.9,.586,.495,.433,.619,138,1.3,8.3,4.7,12.0,1.2,0.0,11.9,17.0,,1.0,0.5,1.5,.137,,0.9,-2.0,-1.1
2,0,26,219,17,53,.321,13,35,.371,4,18,.222,10,11,.909,7,10,17,12,8,2,8,17,48
2,1,26,8.4,0.7,2.0,.321,0.5,1.3,.371,0.2,0.7,.222,0.4,0.4,.909,0.7,0.5,0.3,0.1,0.3,0.7,1.8
2,2,26,219,3.1,9.7,.321,2.4,6.4,.371,0.7,3.3,.222,1.8,2.0,.909,3.1,2.2,1.5,0.4,1.5,3.1,8.8
2,3,26,219,4.8,14.9,.321,3.6,9.8,.371,1.1,5.0,.222,2.8,3.1,.909,4.8,3.4,2.2,0.6,2.2,4.8,13.5,,90.4,101.2
2,4,26,219,8.7,.412,.358,.340,.208,51,3.7,5.4,4.6,12.0,2.2,1.1,12.1,16.1,,0.0,0.3,0.3,.056,,-3.0,-0.4,-3.4
3,0,31,954,102,268,.381,64,135,.474,38,133,.286,80,111,.721,15,92,107,54,44,2,38,62,322
3,1,31,30.8,3.3,8.6,.381,2.1,4.4,.474,1.2,4.3,.286,2.6,3.6,.721,3.5,1.7,1.4,0.1,1.2,2.0,10.4
3,2,31,954,4.3,11.2,.381,2.7,5.7,.474,1.6,5.6,.286,3.4,4.7,.721,4.5,2.3,1.8,0.1,1.6,2.6,13.5
3,3,31,954,6.6,17.2,.381,4.1,8.7,.474,2.4,8.6,.286,5.1,7.1,.721,6.9,3.5,2.8,0.1,2.4,4.0,20.7,,103.7,97.7
3,4,31,954,15.1,.502,.451,.496,.414,305,1.8,11.5,6.6,13.3,2.8,0.3,10.6,20.1,,1.3,1.5,2.8,.119,,1.5,0.4,1.9
4,0,31,915,109,217,.502,103,200,.515,6,17,.353,42,75,.560,58,119,177,34,18,9,62,89,266
4,1,31,29.5,3.5,7.0,.502,3.3,6.5,.515,0.2,0.5,.353,1.4,2.4,.560,5.7,1.1,0.6,0.3,2.0,2.9,8.6
4,2,31,915,4.8,9.5,.502,4.5,8.7,.515,0.3,0.7,.353,1.8,3.3,.560,7.7,1.5,0.8,0.4,2.7,3.9,11.6
4,3,31,915,7.3,14.6,.502,6.9,13.4,.515,0.4,1.1,.353,2.8,5.0,.560,11.9,2.3,1.2,0.6,4.2,6.0,17.8,,96.4,98.9
4,4,31,915,12.7,.526,.516,.078,.346,264,7.3,15.5,11.4,9.0,1.2,1.2,19.7,18.3,,0.6,1.4,2.0,.087,,-1.8,0.9,-0.9
5,0,30,561,57,147,.388,55,141,.390,2,6,.333,34,63,.540,39,86,125,13,10,44,38,79,150
5,1,30,18.7,1.9,4.9,.388,1.8,4.7,.390,0.1,0.2,.333,1.1,2.1,.540,4.2,0.4,0.3,1.5,1.3,2.6,5.0
5,2,30,561,4.1,10.5,.388,3.9,10.1,.390,0.1,0.4,.333,2.4,4.5,.540,8.9,0.9,0.7,3.1,2.7,5.6,10.7
5,3,30,561,6.2,16.1,.388,6.0,15.4,.390,0.2,0.7,.333,3.7,6.9,.540,13.7,1.4,1.1,4.8,4.2,8.6,16.4,,83.4,93.8
5,4,30,561,11.5,.424,.395,.041,.429,154,8.1,18.3,13.1,5.4,1.1,9.7,17.7,20.4,,-0.3,1.1,0.8,.058,,-6.4,4.5,-1.9
6,0,29,286,22,62,.355,19,41,.463,3,21,.143,22,28,.786,4,17,21,13,10,1,24,25,69
6,1,29,9.9,0.8,2.1,.355,0.7,1.4,.463,0.1,0.7,.143,0.8,1.0,.786,0.7,0.4,0.3,0.0,0.8,0.9,2.4
6,2,29,286,3.1,8.7,.355,2.7,5.7,.463,0.4,2.9,.143,3.1,3.9,.786,2.9,1.8,1.4,0.1,3.4,3.5,9.7
6,3,29,286,4.7,13.3,.355,4.1,8.8,.463,0.6,4.5,.143,4.7,6.0,.786,4.5,2.8,2.1,0.2,5.2,5.4,14.8,,80.1,100.9
6,4,29,286,6.2,.458,.379,.339,.452,68,1.6,7.1,4.3,10.0,2.1,0.4,24.2,18.5,,-0.2,0.4,0.1,.020,,-5.1,-0.8,-5.9
7,0,29,449,35,95,.368,25,53,.472,10,42,.238,20,36,.556,27,42,69,17,6,5,18,51,100
7,1,29,15.5,1.2,3.3,.368,0.9,1.8,.472,0.3,1.4,.238,0.7,1.2,.556,2.4,0.6,0.2,0.2,0.6,1.8,3.4
7,2,29,449,3.1,8.5,.368,2.2,4.7,.472,0.9,3.7,.238,1.8,3.2,.556,6.1,1.5,0.5,0.4,1.6,4.5,8.9
7,3,29,449,4.8,13.0,.368,3.4,7.2,.472,1.4,5.7,.238,2.7,4.9,.556,9.4,2.3,0.8,0.7,2.5,7.0,13.7,,94.6,101.4
7,4,29,449,8.7,.446,.421,.442,.379,107,7.0,11.2,9.0,8.3,0.8,1.4,13.8,15.5,,0.2,0.6,0.8,.067,,-2.0,-0.4,-2.4
8,0,30,239,20,41,.488,20,41,.488,0,0,,16,25,.640,6,33,39,4,3,2,12,44,56
8,1,30,8.0,0.7,1.4,.488,0.7,1.4,.488,0.0,0.0,,0.5,0.8,.640,1.3,0.1,0.1,0.1,0.4,1.5,1.9
8,2,30,239,3.3,6.9,.488,3.3,6.9,.488,0.0,0.0,,2.7,4.2,.640,6.5,0.7,0.5,0.3,2.0,7.4,9.4
8,3,30,239,5.1,10.5,.488,5.1,10.5,.488,0.0,0.0,,4.1,6.4,.640,10.0,1.0,0.8,0.5,3.1,11.3,14.4,,95.1,98.9
8,4,30,239,7.6,.530,.488,.000,.610,52,2.9,16.5,9.6,3.7,0.8,1.0,18.5,14.5,,0.1,0.4,0.5,.077,,-5.1,-0.7,-5.8
9,0,29,760,98,242,.405,55,138,.399,43,104,.413,66,81,.815,44,109,153,17,27,26,58,75,305
9,1,29,26.2,3.4,8.3,.405,1.9,4.8,.399,1.5,3.6,.413,2.3,2.8,.815,5.3,0.6,0.9,0.9,2.0,2.6,10.5
9,2,29,760,5.2,12.7,.405,2.9,7.3,.399,2.3,5.5,.413,3.5,4.3,.815,8.1,0.9,1.4,1.4,3.1,3.9,16.1
9,3,29,760,7.9,19.5,.405,4.4,11.1,.399,3.5,8.4,.413,5.3,6.5,.815,12.4,1.4,2.2,2.1,4.7,6.1,24.6,,100.1,94.7
9,4,29,760,17.6,.544,.494,.430,.335,282,6.7,17.1,11.8,5.5,2.2,4.2,17.1,23.8,,0.9,1.4,2.4,.126,,0.0,1.4,1.4
10,0,31,401,31,82,.378,28,69,.406,3,13,.231,36,60,.600,31,30,61,14,11,1,19,36,101
10,1,31,12.9,1.0,2.6,.378,0.9,2.2,.406,0.1,0.4,.231,1.2,1.9,.600,2.0,0.5,0.4,0.0,0.6,1.2,3.3
10,2,31,401,3.1,8.2,.378,2.8,6.9,.406,0.3,1.3,.231,3.6,6.0,.600,6.1,1.4,1.1,0.1,1.9,3.6,10.1
10,3,31,401,4.7,12.6,.378,4.3,10.6,.406,0.5,2.0,.231,5.5,9.2,.600,9.3,2.1,1.7,0.2,2.9,5.5,15.5,,97.0,101.2
10,4,31,401,10.9,.457,.396,.159,.732,110,9.0,8.9,8.9,7.7,1.7,0.3,14.7,17.2,,0.3,0.5,0.8,.078,,-2.2,-0.6,-2.8
11,0,2,5,1,2,.500,1,2,.500,0,0,,0,0,,1,0,1,0,0,0,2,1,2
11,1,2,2.5,0.5,1.0,.500,0.5,1.0,.500,0.0,0.0,,0.0,0.0,,0.5,0.0,0.0,0.0,1.0,0.5,1.0
11,2,2,5,8.0,16.0,.500,8.0,16.0,.500,0.0,0.0,,0.0,0.0,,8.0,0.0,0.0,0.0,16.0,8.0,16.0
11,3,2,5,12.3,24.5,.500,12.3,24.5,.500,0.0,0.0,,0.0,0.0,,12.3,0.0,0.0,0.0,24.5,12.3,24.5,,54.7,108.1
11,4,2,5,-7.2,.500,.500,.000,.000,2,23.2,0.0,11.8,0.0,0.0,0.0,50.0,42.7,,0.0,0.0,0.0,-.281,,-19.1,-7.9,-27.0
12,0,31,1062,141,348,.405,107,253,.423,34,95,.358,92,122,.754,18,104,122,122,52,2,84,83,408
12,1,31,34.3,4.5,11.2,.405,3.5,8.2,.423,1.1,3.1,.358,3.0,3.9,.754,3.9,3.9,1.7,0.1,2.7,2.7,13.2
12,2,31,1062,5.3,13.1,.405,4.0,9.5,.423,1.3,3.6,.358,3.5,4.6,.754,4.6,4.6,2.0,0.1,3.2,3.1,15.4
12,3,31,1062,8.1,20.1,.405,6.2,14.6,.423,2.0,5.5,.358,5.3,7.1,.754,7.1,7.1,3.0,0.1,4.9,4.8,23.6,,98.7,97.2
12,4,31,1062,16.8,.503,.454,.273,.351,418,2.0,11.7,6.8,28.7,3.0,0.2,17.1,24.6,,1.2,1.8,3.0,.113,,1.5,0.7,2.1
