0,0,28,308,38,99,.384,38,99,.384,0,0,,17,44,.386,24,56,80,9,2,12,29,44,93
0,1,28,11.0,1.4,3.5,.384,1.4,3.5,.384,0.0,0.0,,0.6,1.6,.386,2.9,0.3,0.1,0.4,1.0,1.6,3.3
0,2,28,308,4.9,12.9,.384,4.9,12.9,.384,0.0,0.0,,2.2,5.7,.386,10.4,1.2,0.3,1.6,3.8,5.7,12.1
0,3,28,308,7.6,19.7,.384,7.6,19.7,.384,0.0,0.0,,3.4,8.7,.386,15.9,1.8,0.4,2.4,5.8,8.7,18.5,,75.5,100.8
0,4,28,308,7.5,.388,.384,.000,.444,95,9.0,22.0,15.3,6.6,0.4,4.7,19.5,25.5,,-0.5,0.4,-0.1,-.013,,-9.9,-0.2,-10.2
1,0,36,1100,153,353,.433,88,211,.417,65,142,.458,226,280,.807,16,60,76,99,25,2,92,82,597
1,1,36,30.6,4.3,9.8,.433,2.4,5.9,.417,1.8,3.9,.458,6.3,7.8,.807,2.1,2.8,0.7,0.1,2.6,2.3,16.6
1,2,36,1100,5.6,12.8,.433,3.2,7.7,.417,2.4,5.2,.458,8.2,10.2,.807,2.8,3.6,0.9,0.1,3.3,3.0,21.7
1,3,36,1100,8.5,19.6,.433,4.9,11.7,.417,3.6,7.9,.458,12.6,15.6,.807,4.2,5.5,1.4,0.1,5.1,4.6,33.2,,117.2,107.5
1,4,36,1100,22.0,.614,.525,.402,.793,561,1.7,6.6,4.1,21.0,1.4,0.2,15.9,27.8,,4.0,0.8,4.8,.173,,4.9,-3.1,1.8
2,0,36,917,107,245,.437,79,177,.446,28,68,.412,80,98,.816,37,68,105,38,25,4,43,79,322
2,1,36,25.5,3.0,6.8,.437,2.2,4.9,.446,0.8,1.9,.412,2.2,2.7,.816,2.9,1.1,0.7,0.1,1.2,2.2,8.9
2,2,36,917,4.7,10.7,.437,3.4,7.7,.446,1.2,3.0,.412,3.5,4.3,.816,4.6,1.7,1.1,0.2,1.9,3.4,14.0
2,3,36,917,7.1,16.4,.437,5.3,11.8,.446,1.9,4.5,.412,5.3,6.5,.816,7.0,2.5,1.7,0.3,2.9,5.3,21.5,,110.5,105.7
2,4,36,917,14.9,.552,.494,.278,.400,304,4.7,9.0,6.8,9.2,1.7,0.5,12.9,19.3,,1.7,0.8,2.6,.111,,0.3,-0.9,-0.7
3,0,36,768,88,230,.383,46,116,.397,42,114,.368,54,67,.806,8,68,76,72,35,2,47,51,272
3,1,36,21.3,2.4,6.4,.383,1.3,3.2,.397,1.2,3.2,.368,1.5,1.9,.806,2.1,2.0,1.0,0.1,1.3,1.4,7.6
3,2,36,768,4.6,12.0,.383,2.4,6.0,.397,2.2,5.9,.368,2.8,3.5,.806,4.0,3.8,1.8,0.1,2.4,2.7,14.2
3,3,36,768,7.0,18.3,.383,3.7,9.2,.397,3.3,9.1,.368,4.3,5.3,.806,6.1,5.7,2.8,0.2,3.7,4.1,21.7,,103.6,102.7
3,4,36,768,15.5,.519,.474,.496,.291,267,1.2,10.7,5.8,20.7,2.8,0.3,15.2,21.2,,1.1,0.9,2.0,.104,,0.6,-0.7,-0.2
4,0,28,560,66,138,.478,64,131,.489,2,7,.286,15,54,.278,41,106,147,20,12,12,24,55,149
4,1,28,20.0,2.4,4.9,.478,2.3,4.7,.489,0.1,0.3,.286,0.5,1.9,.278,5.3,0.7,0.4,0.4,0.9,2.0,5.3
4,2,28,560,4.7,9.9,.478,4.6,9.4,.489,0.1,0.5,.286,1.1,3.9,.278,10.5,1.4,0.9,0.9,1.7,3.9,10.6
4,3,28,560,7.2,15.1,.478,7.0,14.3,.489,0.2,0.8,.286,1.6,5.9,.278,16.1,2.2,1.3,1.3,2.6,6.0,16.3,,95.0,99.6
4,4,28,560,13.5,.455,.486,.051,.391,153,8.4,22.9,15.5,8.0,1.3,2.6,12.8,17.7,,0.3,0.8,1.1,.078,,-3.9,1.1,-2.8
5,0,29,484,48,112,.429,48,111,.432,0,1,.000,33,66,.500,44,79,123,19,18,3,34,69,129
5,1,29,16.7,1.7,3.9,.429,1.7,3.8,.432,0.0,0.0,.000,1.1,2.3,.500,4.2,0.7,0.6,0.1,1.2,2.4,4.4
5,2,29,484,4.0,9.3,.429,4.0,9.2,.432,0.0,0.1,.000,2.7,5.5,.500,10.2,1.6,1.5,0.2,2.8,5.7,10.7
5,3,29,484,6.1,14.2,.429,6.1,14.0,.432,0.0,0.1,.000,4.2,8.3,.500,15.6,2.4,2.3,0.4,4.3,8.7,16.3,,90.9,99.4
5,4,29,484,11.7,.450,.429,.009,.589,142,10.5,19.7,15.0,8.4,2.3,0.7,19.2,19.4,,0.1,0.7,0.8,.065,,-4.4,0.7,-3.7
6,0,29,291,20,53,.377,17,49,.347,3,4,.750,5,12,.417,14,36,50,7,4,16,15,51,48
6,1,29,10.0,0.7,1.8,.377,0.6,1.7,.347,0.1,0.1,.750,0.2,0.4,.417,1.7,0.2,0.1,0.6,0.5,1.8,1.7
6,2,29,291,2.7,7.3,.377,2.3,6.7,.347,0.4,0.5,.750,0.7,1.6,.417,6.9,1.0,0.5,2.2,2.1,7.0,6.6
6,3,29,291,4.2,11.1,.377,3.6,10.3,.347,0.6,0.8,.750,1.1,2.5,.417,10.5,1.5,0.8,3.4,3.2,10.7,10.1,,80.4,101.7
6,4,29,291,6.0,.409,.406,.075,.226,51,5.6,15.0,10.1,4.8,0.8,6.6,20.4,13.4,,-0.2,0.4,0.2,.028,,-6.7,2.8,-3.9
7,0,31,399,48,94,.511,45,89,.506,3,5,.600,15,32,.469,36,47,83,9,8,7,20,61,114
7,1,31,12.9,1.5,3.0,.511,1.5,2.9,.506,0.1,0.2,.600,0.5,1.0,.469,2.7,0.3,0.3,0.2,0.6,2.0,3.7
7,2,31,399,4.8,9.4,.511,4.5,8.9,.506,0.3,0.5,.600,1.5,3.2,.469,8.3,0.9,0.8,0.7,2.0,6.1,11.4
7,3,31,399,7.4,14.4,.511,6.9,13.7,.506,0.5,0.8,.600,2.3,4.9,.469,12.7,1.4,1.2,1.1,3.1,9.4,17.5,,102.9,103.4
7,4,31,399,13.0,.522,.527,.053,.340,115,10.4,14.2,12.3,5.0,1.2,2.1,15.5,17.1,,0.4,0.4,0.9,.090,,-2.6,-0.4,-3.0
8,0,36,668,98,247,.397,25,51,.490,73,196,.372,15,16,.938,5,53,58,20,7,3,28,34,284
8,1,36,18.6,2.7,6.9,.397,0.7,1.4,.490,2.0,5.4,.372,0.4,0.4,.938,1.6,0.6,0.2,0.1,0.8,0.9,7.9
8,2,36,668,5.9,14.8,.397,1.5,3.1,.490,4.4,11.7,.372,0.9,1.0,.938,3.5,1.2,0.4,0.2,1.7,2.0,17.0
8,3,36,668,9.0,22.6,.397,2.3,4.7,.490,6.7,18.0,.372,1.4,1.5,.938,5.3,1.8,0.6,0.3,2.6,3.1,26.0,,107.3,107.9
8,4,36,668,14.6,.558,.545,.794,.065,231,0.9,9.6,5.1,7.1,0.6,0.5,9.9,22.3,,1.1,0.5,1.6,.096,,1.8,-4.0,-2.2
9,0,5,36,6,19,.316,5,12,.417,1,7,.143,0,0,,3,5,8,5,3,0,2,6,13
9,1,5,7.2,1.2,3.8,.316,1.0,2.4,.417,0.2,1.4,.143,0.0,0.0,,1.6,1.0,0.6,0.0,0.4,1.2,2.6
9,2,5,36,6.7,21.1,.316,5.6,13.3,.417,1.1,7.8,.143,0.0,0.0,,8.9,5.6,3.3,0.0,2.2,6.7,14.4
9,3,5,36,10.2,32.3,.316,8.5,20.4,.417,1.7,11.9,.143,0.0,0.0,,13.6,8.5,5.1,0.0,3.4,10.2,22.1,,85.9,94.6
9,4,5,36,14.9,.342,.342,.368,.000,15,9.6,16.8,13.1,34.7,5.1,0.0,9.5,30.8,,0.0,0.1,0.1,.057,,0.2,1.9,2.2
10,0,34,308,25,60,.417,24,54,.444,1,6,.167,24,40,.600,32,22,54,14,14,0,11,38,75
10,1,34,9.1,0.7,1.8,.417,0.7,1.6,.444,0.0,0.2,.167,0.7,1.2,.600,1.6,0.4,0.4,0.0,0.3,1.1,2.2
10,2,34,308,3.2,7.8,.417,3.1,7.0,.444,0.1,0.8,.167,3.1,5.2,.600,7.0,1.8,1.8,0.0,1.4,4.9,9.7
10,3,34,308,5.0,11.9,.417,4.8,10.7,.444,0.2,1.2,.167,4.8,7.9,.600,10.7,2.8,2.8,0.0,2.2,7.6,14.9,,109.0,103.4
10,4,34,308,13.6,.475,.425,.100,.667,89,12.0,8.6,10.4,9.4,2.8,0.0,12.2,15.4,,0.5,0.3,0.8,.106,,-0.6,0.2,-0.5
11,0,34,492,48,88,.545,48,88,.545,0,0,,23,35,.657,36,66,102,12,16,26,23,75,119
11,1,34,14.5,1.4,2.6,.545,1.4,2.6,.545,0.0,0.0,,0.7,1.0,.657,3.0,0.4,0.5,0.8,0.7,2.2,3.5
11,2,34,492,3.9,7.2,.545,3.9,7.2,.545,0.0,0.0,,1.9,2.8,.657,8.3,1.0,1.3,2.1,1.9,6.1,9.7
11,3,34,492,6.0,10.9,.545,6.0,10.9,.545,0.0,0.0,,2.9,4.4,.657,12.7,1.5,2.0,3.2,2.9,9.3,14.8,,108.4,98.8
11,4,34,492,14.7,.569,.545,.000,.398,121,8.4,16.2,12.2,5.2,2.0,6.4,18.0,13.7,,0.6,0.8,1.4,.113,,-2.4,3.8,1.4
12,0,36,944,80,200,.400,56,135,.415,24,65,.369,58,75,.773,16,102,118,109,43,2,57,94,242
12,1,36,26.2,2.2,5.6,.400,1.6,3.8,.415,0.7,1.8,.369,1.6,2.1,.773,3.3,3.0,1.2,0.1,1.6,2.6,6.7
12,2,36,944,3.4,8.5,.400,2.4,5.7,.415,1.0,2.8,.369,2.5,3.2,.773,5.0,4.6,1.8,0.1,2.4,4.0,10.3
12,3,36,944,5.2,13.0,.400,3.6,8.8,.415,1.6,4.2,.369,3.8,4.9,.773,7.6,7.1,2.8,0.1,3.7,6.1,15.7,,103.5,101.5
12,4,36,944,13.5,.514,.460,.325,.375,270,2.0,13.1,7.4,23.9,2.8,0.3,19.5,16.4,,1.1,1.2,2.3,.098,,-0.5,0.8,0.2
