0,0,12,78,2,6,.333,2,6,.333,0,0,,0,1,.000,8,5,13,0,3,0,4,9,4
0,1,12,6.5,0.2,0.5,.333,0.2,0.5,.333,0.0,0.0,,0.0,0.1,.000,1.1,0.0,0.3,0.0,0.3,0.8,0.3
0,2,12,78,1.0,3.1,.333,1.0,3.1,.333,0.0,0.0,,0.0,0.5,.000,6.7,0.0,1.5,0.0,2.1,4.6,2.1
0,3,12,78,1.6,4.7,.333,1.6,4.7,.333,0.0,0.0,,0.0,0.8,.000,10.2,0.0,2.3,0.0,3.1,7.0,3.1,,72.7,106.9
0,4,12,78,3.1,.309,.333,.000,.167,8,11.5,7.7,9.6,0.0,2.3,0.0,38.2,7.1,,-0.1,0.1,0.0,.005,,-6.1,-1.4,-7.5
1,0,31,782,70,200,.350,36,76,.474,34,124,.274,63,77,.818,15,35,50,46,15,2,28,56,237
1,1,31,25.2,2.3,6.5,.350,1.2,2.5,.474,1.1,4.0,.274,2.0,2.5,.818,1.6,1.5,0.5,0.1,0.9,1.8,7.6
1,2,31,782,3.6,10.2,.350,1.8,3.9,.474,1.7,6.3,.274,3.2,3.9,.818,2.6,2.4,0.8,0.1,1.4,2.9,12.1
1,3,31,782,5.5,15.6,.350,2.8,5.9,.474,2.7,9.7,.274,4.9,6.0,.818,3.9,3.6,1.2,0.2,2.2,4.4,18.5,,106.2,110.6
1,4,31,782,11.1,.501,.435,.620,.385,230,2.1,5.4,3.7,12.0,1.2,0.3,10.6,17.9,,1.0,0.4,1.4,.073,,0.4,-3.1,-2.7
2,0,31,785,131,313,.419,88,186,.473,43,127,.339,70,84,.833,32,90,122,93,52,5,50,77,375
2,1,31,25.3,4.2,10.1,.419,2.8,6.0,.473,1.4,4.1,.339,2.3,2.7,.833,3.9,3.0,1.7,0.2,1.6,2.5,12.1
2,2,31,785,6.7,15.9,.419,4.5,9.5,.473,2.2,6.5,.339,3.6,4.3,.833,6.2,4.7,2.6,0.3,2.5,3.9,19.1
2,3,31,785,10.2,24.4,.419,6.8,14.5,.473,3.3,9.9,.339,5.4,6.5,.833,9.5,7.2,4.0,0.4,3.9,6.0,29.2,,110.2,100.4
2,4,31,785,23.5,.531,.487,.406,.268,377,4.6,13.7,9.0,28.6,4.0,0.7,12.4,27.2,,2.1,1.1,3.2,.164,,5.1,0.4,5.5
3,0,25,421,59,145,.407,51,121,.421,8,24,.333,27,43,.628,37,72,109,23,10,4,34,36,153
3,1,25,16.8,2.4,5.8,.407,2.0,4.8,.421,0.3,1.0,.333,1.1,1.7,.628,4.4,0.9,0.4,0.2,1.4,1.4,6.1
3,2,25,421,5.6,13.8,.407,4.8,11.5,.421,0.8,2.3,.333,2.6,4.1,.628,10.4,2.2,1.0,0.4,3.2,3.4,14.5
3,3,25,421,8.6,21.0,.407,7.4,17.6,.421,1.2,3.5,.333,3.9,6.2,.628,15.8,3.3,1.5,0.6,4.9,5.2,22.2,,92.6,103.3
3,4,25,421,14.7,.462,.434,.166,.297,159,9.8,20.5,15.0,12.4,1.5,1.1,17.0,25.1,,0.1,0.5,0.6,.060,,-3.3,-1.2,-4.5
4,0,31,494,68,148,.459,32,68,.471,36,80,.450,38,44,.864,24,65,89,11,10,11,25,72,210
4,1,31,15.9,2.2,4.8,.459,1.0,2.2,.471,1.2,2.6,.450,1.2,1.4,.864,2.9,0.4,0.3,0.4,0.8,2.3,6.8
4,2,31,494,5.5,12.0,.459,2.6,5.5,.471,2.9,6.5,.450,3.1,3.6,.864,7.2,0.9,0.8,0.9,2.0,5.8,17.0
4,3,31,494,8.4,18.3,.459,4.0,8.4,.471,4.5,9.9,.450,4.7,5.4,.864,11.0,1.4,1.2,1.4,3.1,8.9,26.0,,117.3,104.6
4,4,31,494,18.4,.622,.581,.541,.297,183,5.4,15.8,10.4,5.0,1.2,2.6,12.9,20.8,,1.3,0.5,1.8,.145,,1.9,-2.2,-0.2
5,0,30,485,54,112,.482,54,112,.482,0,0,,14,20,.700,36,49,85,2,3,14,17,64,122
5,1,30,16.2,1.8,3.7,.482,1.8,3.7,.482,0.0,0.0,,0.5,0.7,.700,2.8,0.1,0.1,0.5,0.6,2.1,4.1
5,2,30,485,4.5,9.2,.482,4.5,9.2,.482,0.0,0.0,,1.2,1.6,.700,7.0,0.2,0.2,1.2,1.4,5.3,10.1
5,3,30,485,6.8,14.1,.482,6.8,14.1,.482,0.0,0.0,,1.8,2.5,.700,10.7,0.3,0.4,1.8,2.1,8.1,15.4,,101.9,107.7
5,4,30,485,10.5,.502,.482,.000,.179,119,8.3,12.1,10.1,0.9,0.4,3.4,12.3,15.1,,0.4,0.4,0.8,.065,,-4.2,-1.9,-6.1
6,0,31,725,76,194,.392,24,44,.545,52,150,.347,40,52,.769,8,68,76,43,16,1,23,66,244
6,1,31,23.4,2.5,6.3,.392,0.8,1.4,.545,1.7,4.8,.347,1.3,1.7,.769,2.5,1.4,0.5,0.0,0.7,2.1,7.9
6,2,31,725,4.2,10.7,.392,1.3,2.4,.545,2.9,8.3,.347,2.2,2.9,.769,4.2,2.4,0.9,0.1,1.3,3.6,13.5
6,3,31,725,6.4,16.3,.392,2.0,3.7,.545,4.4,12.6,.347,3.4,4.4,.769,6.4,3.6,1.3,0.1,1.9,5.6,20.6,,114.3,107.7
6,4,31,725,13.9,.558,.526,.773,.268,223,1.2,11.2,6.1,12.5,1.3,0.2,9.5,17.7,,1.4,0.5,2.0,.108,,2.5,-2.7,-0.2
7,0,21,458,17,38,.447,14,28,.500,3,10,.300,10,26,.385,15,39,54,38,17,1,16,35,47
7,1,21,21.8,0.8,1.8,.447,0.7,1.3,.500,0.1,0.5,.300,0.5,1.2,.385,2.6,1.8,0.8,0.0,0.8,1.7,2.2
7,2,21,458,1.5,3.3,.447,1.2,2.4,.500,0.3,0.9,.300,0.9,2.3,.385,4.7,3.3,1.5,0.1,1.4,3.1,4.1
7,3,21,458,2.3,5.1,.447,1.9,3.7,.500,0.4,1.3,.300,1.3,3.5,.385,7.2,5.1,2.3,0.1,2.1,4.7,6.3,,100.8,106.2
7,4,21,458,8.3,.467,.487,.263,.684,67,3.7,10.2,6.8,15.3,2.3,0.3,24.1,7.7,,0.2,0.4,0.6,.055,,-2.2,0.7,-1.5
8,0,31,796,61,177,.345,32,88,.364,29,89,.326,41,69,.594,3,52,55,75,14,5,33,40,192
8,1,31,25.7,2.0,5.7,.345,1.0,2.8,.364,0.9,2.9,.326,1.3,2.2,.594,1.8,2.4,0.5,0.2,1.1,1.3,6.2
8,2,31,796,3.1,8.9,.345,1.6,4.4,.364,1.5,4.5,.326,2.1,3.5,.594,2.8,3.8,0.7,0.3,1.7,2.0,9.6
8,3,31,796,4.7,13.6,.345,2.5,6.8,.364,2.2,6.8,.326,3.1,5.3,.594,4.2,5.8,1.1,0.4,2.5,3.1,14.7,,97.5,109.7
8,4,31,796,9.4,.458,.427,.503,.390,201,0.4,7.8,4.0,18.7,1.1,0.7,13.6,16.2,,0.5,0.4,0.9,.046,,-1.7,-2.5,-4.2
9,0,22,125,5,23,.217,5,21,.238,0,2,.000,5,10,.500,1,16,17,3,4,1,7,12,15
9,1,22,5.7,0.2,1.0,.217,0.2,1.0,.238,0.0,0.1,.000,0.2,0.5,.500,0.8,0.1,0.2,0.0,0.3,0.5,0.7
9,2,22,125,1.6,7.4,.217,1.6,6.7,.238,0.0,0.6,.000,1.6,3.2,.500,5.4,1.0,1.3,0.3,2.2,3.8,4.8
9,3,22,125,2.4,11.2,.217,2.4,10.3,.238,0.0,1.0,.000,2.4,4.9,.500,8.3,1.5,2.0,0.5,3.4,5.9,7.3,,53.7,104.3
9,4,22,125,0.1,.270,.217,.087,.435,15,0.9,15.3,7.9,4.4,2.0,0.9,20.1,14.7,,-0.3,0.1,-0.2,-.054,,-10.3,-0.6,-10.8
10,0,15,407,67,148,.453,66,147,.449,1,1,1.000,44,61,.721,35,64,99,13,8,25,30,45,179
10,1,15,27.1,4.5,9.9,.453,4.4,9.8,.449,0.1,0.1,1.000,2.9,4.1,.721,6.6,0.9,0.5,1.7,2.0,3.0,11.9
10,2,15,407,6.6,14.5,.453,6.5,14.4,.449,0.1,0.1,1.000,4.3,6.0,.721,9.7,1.3,0.8,2.5,2.9,4.4,17.6
10,3,15,407,10.1,22.2,.453,9.9,22.1,.449,0.2,0.2,1.000,6.6,9.2,.721,14.9,2.0,1.2,3.8,4.5,6.8,26.9,,99.9,101.4
10,4,15,407,19.8,.506,.456,.007,.412,173,9.6,18.8,14.1,7.7,1.2,7.2,14.5,27.0,,0.5,0.6,1.1,.105,,-3.2,1.3,-1.9
11,0,31,819,131,275,.476,118,246,.480,13,29,.448,93,145,.641,71,132,203,33,22,17,55,75,368
11,1,31,26.4,4.2,8.9,.476,3.8,7.9,.480,0.4,0.9,.448,3.0,4.7,.641,6.5,1.1,0.7,0.5,1.8,2.4,11.9
11,2,31,819,6.4,13.4,.476,5.8,12.0,.480,0.6,1.4,.448,4.5,7.1,.641,9.9,1.6,1.1,0.8,2.7,3.7,18.0
11,3,31,819,9.8,20.5,.476,8.8,18.3,.480,1.0,2.2,.448,6.9,10.8,.641,15.1,2.5,1.6,1.3,4.1,5.6,27.4,,106.4,102.7
11,4,31,819,20.8,.535,.500,.105,.527,358,9.7,19.3,14.3,9.6,1.6,2.4,13.8,25.8,,1.6,1.0,2.7,.130,,-0.2,-0.6,-0.8
