0,0,25,211,19,50,.380,19,49,.388,0,1,.000,18,33,.545,29,23,52,2,13,4,11,39,56
0,1,25,8.4,0.8,2.0,.380,0.8,2.0,.388,0.0,0.0,.000,0.7,1.3,.545,2.1,0.1,0.5,0.2,0.4,1.6,2.2
0,2,25,211,3.6,9.5,.380,3.6,9.3,.388,0.0,0.2,.000,3.4,6.3,.545,9.9,0.4,2.5,0.8,2.1,7.4,10.6
0,3,25,211,5.4,14.3,.380,5.4,14.0,.388,0.0,0.3,.000,5.1,9.4,.545,14.9,0.6,3.7,1.1,3.1,11.2,16.0,,93.4,100.4
0,4,25,211,13.2,.426,.380,.020,.660,62,15.8,12.6,14.2,2.1,3.7,2.1,14.3,19.0,,0.1,0.3,0.4,.071,,-4.5,-3.4,-7.9
1,0,33,972,145,350,.414,118,245,.482,27,105,.257,59,100,.590,62,147,209,39,34,52,73,72,376
1,1,33,29.5,4.4,10.6,.414,3.6,7.4,.482,0.8,3.2,.257,1.8,3.0,.590,6.3,1.2,1.0,1.6,2.2,2.2,11.4
1,2,33,972,6.0,14.4,.414,4.9,10.1,.482,1.1,4.3,.257,2.4,4.1,.590,8.6,1.6,1.4,2.1,3.0,3.0,15.5
1,3,33,972,9.0,21.7,.414,7.3,15.2,.482,1.7,6.5,.257,3.7,6.2,.590,13.0,2.4,2.1,3.2,4.5,4.5,23.3,,92.4,100.9
1,4,33,972,16.9,.473,.453,.300,.286,355,7.3,17.5,12.4,10.5,2.1,6.1,15.5,25.3,,0.4,1.3,1.7,.069,,-2.6,-0.7,-3.3
2,0,28,505,28,63,.444,23,45,.511,5,18,.278,25,39,.641,28,43,71,28,10,1,30,36,86
2,1,28,18.0,1.0,2.3,.444,0.8,1.6,.511,0.2,0.6,.278,0.9,1.4,.641,2.5,1.0,0.4,0.0,1.1,1.3,3.1
2,2,28,505,2.2,5.0,.444,1.8,3.6,.511,0.4,1.4,.278,2.0,3.1,.641,5.6,2.2,0.8,0.1,2.4,2.9,6.8
2,3,28,505,3.3,7.5,.444,2.7,5.4,.511,0.6,2.2,.278,3.0,4.7,.641,8.5,3.3,1.2,0.1,3.6,4.3,10.3,,95.8,109.0
2,4,28,505,8.5,.527,.484,.286,.619,98,6.4,9.9,8.1,11.6,1.2,0.2,26.9,11.5,,0.2,0.3,0.5,.037,,-3.2,-3.7,-6.9
3,0,33,789,136,303,.449,126,282,.447,10,21,.476,71,111,.640,59,143,202,30,20,23,74,125,353
3,1,33,23.9,4.1,9.2,.449,3.8,8.5,.447,0.3,0.6,.476,2.2,3.4,.640,6.1,0.9,0.6,0.7,2.2,3.8,10.7
3,2,33,789,6.9,15.4,.449,6.4,14.3,.447,0.5,1.1,.476,3.6,5.6,.640,10.2,1.5,1.0,1.2,3.8,6.3,17.9
3,3,33,789,10.4,23.2,.449,9.6,21.6,.447,0.8,1.6,.476,5.4,8.5,.640,15.5,2.3,1.5,1.8,5.7,9.6,27.0,,93.4,101.0
3,4,33,789,16.5,.496,.465,.069,.366,329,8.6,21.0,14.8,10.6,1.5,3.3,17.2,28.4,,0.5,1.0,1.5,.075,,-3.8,-3.1,-6.9
4,0,6,26,2,3,.667,2,3,.667,0,0,,2,4,.500,4,2,6,2,0,0,3,2,6
4,1,6,4.3,0.3,0.5,.667,0.3,0.5,.667,0.0,0.0,,0.3,0.7,.500,1.0,0.3,0.0,0.0,0.5,0.3,1.0
4,2,6,26,3.1,4.6,.667,3.1,4.6,.667,0.0,0.0,,3.1,6.2,.500,9.2,3.1,0.0,0.0,4.6,3.1,9.2
4,3,6,26,4.6,7.0,.667,4.6,7.0,.667,0.0,0.0,,4.6,9.3,.500,13.9,4.6,0.0,0.0,7.0,4.6,13.9,,96.4,112.1
4,4,6,26,12.1,.612,.667,.000,1.333,8,17.6,8.9,13.3,16.9,0.0,0.0,38.0,15.9,,0.0,0.0,0.0,.036,,-2.4,-5.3,-7.8
5,0,27,172,8,17,.471,8,17,.471,0,0,,12,19,.632,8,12,20,1,0,3,11,16,28
5,1,27,6.4,0.3,0.6,.471,0.3,0.6,.471,0.0,0.0,,0.4,0.7,.632,0.7,0.0,0.0,0.1,0.4,0.6,1.0
5,2,27,172,1.9,4.0,.471,1.9,4.0,.471,0.0,0.0,,2.8,4.4,.632,4.7,0.2,0.0,0.7,2.6,3.7,6.5
5,3,27,172,2.8,6.0,.471,2.8,6.0,.471,0.0,0.0,,4.2,6.7,.632,7.0,0.4,0.0,1.1,3.9,5.6,9.8,,86.2,111.5
5,4,27,172,4.5,.538,.471,.000,1.118,28,5.3,8.1,6.7,1.2,0.0,2.0,29.7,11.2,,0.0,0.0,0.0,.005,,-7.0,-4.9,-12.0
6,0,30,350,22,46,.478,22,45,.489,0,1,.000,4,21,.190,24,31,55,5,2,13,20,34,48
6,1,30,11.7,0.7,1.5,.478,0.7,1.5,.489,0.0,0.0,.000,0.1,0.7,.190,1.8,0.2,0.1,0.4,0.7,1.1,1.6
6,2,30,350,2.5,5.3,.478,2.5,5.1,.489,0.0,0.1,.000,0.5,2.4,.190,6.3,0.6,0.2,1.5,2.3,3.9,5.5
6,3,30,350,3.8,7.9,.478,3.8,7.8,.489,0.0,0.2,.000,0.7,3.6,.190,9.5,0.9,0.3,2.2,3.4,5.9,8.3,,76.6,108.7
6,4,30,350,5.2,.429,.478,.022,.457,52,7.9,10.3,9.1,3.0,0.3,4.2,26.3,11.3,,-0.2,0.2,-0.1,-.006,,-7.0,-2.6,-9.6
7,0,30,894,94,271,.347,46,108,.426,48,163,.294,58,77,.753,22,67,89,77,36,5,64,69,294
7,1,30,29.8,3.1,9.0,.347,1.5,3.6,.426,1.6,5.4,.294,1.9,2.6,.753,3.0,2.6,1.2,0.2,2.1,2.3,9.8
7,2,30,894,4.2,12.1,.347,2.1,4.8,.426,2.1,7.3,.294,2.6,3.4,.753,4.0,3.4,1.6,0.2,2.9,3.1,13.2
7,3,30,894,6.3,18.3,.347,3.1,7.3,.426,3.2,11.0,.294,3.9,5.2,.753,6.0,5.2,2.4,0.3,4.3,4.7,19.8,,95.0,106.6
7,4,30,894,12.3,.478,.435,.601,.284,293,2.8,8.7,5.7,20.2,2.4,0.6,17.2,21.7,,0.5,0.7,1.2,.055,,-0.3,-4.4,-4.7
8,0,32,705,33,72,.458,31,57,.544,2,15,.133,30,45,.667,11,45,56,54,31,5,62,65,98
8,1,32,22.0,1.0,2.3,.458,1.0,1.8,.544,0.1,0.5,.133,0.9,1.4,.667,1.8,1.7,1.0,0.2,1.9,2.0,3.1
8,2,32,705,1.9,4.1,.458,1.8,3.2,.544,0.1,0.9,.133,1.7,2.6,.667,3.2,3.1,1.8,0.3,3.5,3.7,5.6
8,3,32,705,2.8,6.2,.458,2.7,4.9,.544,0.2,1.3,.133,2.6,3.9,.667,4.8,4.6,2.7,0.4,5.3,5.6,8.4,,77.8,106.5
8,4,32,705,5.8,.525,.472,.208,.625,113,1.8,7.4,4.6,15.8,2.7,0.8,39.9,11.5,,-0.5,0.5,0.1,.004,,-5.4,-2.4,-7.8
9,0,30,228,14,45,.311,1,2,.500,13,43,.302,3,5,.600,3,7,10,11,4,0,8,14,44
9,1,30,7.6,0.5,1.5,.311,0.0,0.1,.500,0.4,1.4,.302,0.1,0.2,.600,0.3,0.4,0.1,0.0,0.3,0.5,1.5
9,2,30,228,2.5,7.9,.311,0.2,0.4,.500,2.3,7.5,.302,0.5,0.9,.600,1.8,1.9,0.7,0.0,1.4,2.5,7.7
9,3,30,228,3.7,11.9,.311,0.3,0.5,.500,3.4,11.4,.302,0.8,1.3,.600,2.6,2.9,1.1,0.0,2.1,3.7,11.6,,94.9,112.4
9,4,30,228,5.8,.464,.456,.956,.111,42,1.5,3.6,2.5,10.3,1.1,0.0,14.4,12.7,,0.1,0.0,0.1,.021,,-2.7,-6.7,-9.4
10,0,2,7,0,0,,0,0,,0,0,,0,0,,0,0,0,0,1,0,0,0,0
10,1,2,3.5,0.0,0.0,,0.0,0.0,,0.0,0.0,,0.0,0.0,,0.0,0.0,0.5,0.0,0.0,0.0,0.0
10,2,2,7,0.0,0.0,,0.0,0.0,,0.0,0.0,,0.0,0.0,,0.0,0.0,5.7,0.0,0.0,0.0,0.0
10,3,2,7,0.0,0.0,,0.0,0.0,,0.0,0.0,,0.0,0.0,,0.0,0.0,8.6,0.0,0.0,0.0,0.0,,,98.1
10,4,2,7,9.0,,,,,0,0.0,0.0,0.0,0.0,8.6,0.0,,0.0,,0.0,0.0,0.0,.064,,-4.1,4.3,0.2
11,0,16,98,6,16,.375,2,3,.667,4,13,.308,3,4,.750,2,3,5,6,1,0,7,7,19
11,1,16,6.1,0.4,1.0,.375,0.1,0.2,.667,0.3,0.8,.308,0.2,0.3,.750,0.3,0.4,0.1,0.0,0.4,0.4,1.2
11,2,16,98,2.4,6.5,.375,0.8,1.2,.667,1.6,5.3,.308,1.2,1.6,.750,2.0,2.4,0.4,0.0,2.9,2.9,7.8
11,3,16,98,3.7,9.9,.375,1.2,1.8,.667,2.5,8.0,.308,1.8,2.5,.750,3.1,3.7,0.6,0.0,4.3,4.3,11.7,,89.5,113.3
11,4,16,98,5.1,.531,.500,.813,.250,19,2.3,3.5,2.9,13.0,0.6,0.0,28.1,13.3,,0.0,0.0,0.0,.006,,-4.0,-7.0,-11.0
12,0,23,126,3,4,.750,2,3,.667,1,1,1.000,3,4,.750,3,4,7,5,2,0,8,8,10
12,1,23,5.5,0.1,0.2,.750,0.1,0.1,.667,0.0,0.0,1.000,0.1,0.2,.750,0.3,0.2,0.1,0.0,0.3,0.3,0.4
12,2,23,126,1.0,1.3,.750,0.6,1.0,.667,0.3,0.3,1.000,1.0,1.3,.750,2.2,1.6,0.6,0.0,2.5,2.5,3.2
12,3,23,126,1.4,1.9,.750,1.0,1.4,.667,0.5,0.5,1.000,1.4,1.9,.750,3.4,2.4,1.0,0.0,3.8,3.8,4.8,,82.1,112.6
12,4,23,126,3.1,.847,.875,.250,1.000,12,2.7,3.7,3.2,7.8,1.0,0.0,57.6,5.8,,0.0,0.0,0.0,-.002,,-5.0,-4.8,-9.9
13,0,33,1233,170,414,.411,135,311,.434,35,103,.340,154,210,.733,38,117,155,103,73,22,98,71,529
13,1,33,37.4,5.2,12.5,.411,4.1,9.4,.434,1.1,3.1,.340,4.7,6.4,.733,4.7,3.1,2.2,0.7,3.0,2.2,16.0
13,2,33,1233,5.5,13.4,.411,4.4,10.1,.434,1.1,3.3,.340,5.0,6.8,.733,5.0,3.3,2.4,0.7,3.2,2.3,17.2
13,3,33,1233,8.3,20.3,.411,6.6,15.2,.434,1.7,5.0,.340,7.5,10.3,.733,7.6,5.0,3.6,1.1,4.8,3.5,25.9,,101.7,102.6
13,4,33,1233,19.2,.515,.453,.249,.507,516,3.5,11.0,7.2,21.2,3.6,2.0,16.0,25.9,,1.9,1.4,3.3,.108,,1.0,-1.7,-0.7
14,0,29,309,25,53,.472,25,53,.472,0,0,,16,47,.340,23,43,66,4,3,4,19,42,66
14,1,29,10.7,0.9,1.8,.472,0.9,1.8,.472,0.0,0.0,,0.6,1.6,.340,2.3,0.1,0.1,0.1,0.7,1.4,2.3
14,2,29,309,3.2,6.9,.472,3.2,6.9,.472,0.0,0.0,,2.1,6.1,.340,8.5,0.5,0.4,0.5,2.5,5.4,8.5
14,3,29,309,4.9,10.4,.472,4.9,10.4,.472,0.0,0.0,,3.1,9.2,.340,12.9,0.8,0.6,0.8,3.7,8.2,12.9,,82.2,106.3
14,4,29,309,6.7,.438,.472,.000,.887,67,8.5,16.1,12.3,2.9,0.6,1.5,20.1,15.9,,-0.2,0.2,0.1,.010,,-7.3,-5.0,-12.2
