0,0,31,452,35,74,.473,35,74,.473,0,0,,16,29,.552,47,38,85,7,10,16,16,80,86
0,1,31,14.6,1.1,2.4,.473,1.1,2.4,.473,0.0,0.0,,0.5,0.9,.552,2.7,0.2,0.3,0.5,0.5,2.6,2.8
0,2,31,452,3.1,6.5,.473,3.1,6.5,.473,0.0,0.0,,1.4,2.6,.552,7.5,0.6,0.9,1.4,1.4,7.1,7.6
0,3,31,452,4.8,10.1,.473,4.8,10.1,.473,0.0,0.0,,2.2,4.0,.552,11.6,1.0,1.4,2.2,2.2,10.9,11.8,,103.8,106.2
0,4,31,452,10.6,.490,.473,.000,.392,96,12.5,10.9,11.7,3.6,1.4,4.5,15.4,12.3,,0.4,0.4,0.8,.070,,-4.5,-0.8,-5.3
1,0,21,156,13,27,.481,13,27,.481,0,0,,4,7,.571,16,17,33,4,3,1,5,15,30
1,1,21,7.4,0.6,1.3,.481,0.6,1.3,.481,0.0,0.0,,0.2,0.3,.571,1.6,0.2,0.1,0.0,0.2,0.7,1.4
1,2,21,156,3.3,6.9,.481,3.3,6.9,.481,0.0,0.0,,1.0,1.8,.571,8.5,1.0,0.8,0.3,1.3,3.8,7.7
1,3,21,156,5.2,10.7,.481,5.2,10.7,.481,0.0,0.0,,1.6,2.8,.571,13.1,1.6,1.2,0.4,2.0,5.9,11.9,,107.1,106.9
1,4,21,156,11.7,.495,.481,.000,.259,34,12.3,14.1,13.2,6.0,1.2,0.8,14.2,12.1,,0.2,0.1,0.3,.075,,-4.3,-3.0,-7.3
2,0,14,62,5,11,.455,5,8,.625,0,3,.000,5,6,.833,4,7,11,1,4,1,5,1,15
2,1,14,4.4,0.4,0.8,.455,0.4,0.6,.625,0.0,0.2,.000,0.4,0.4,.833,0.8,0.1,0.3,0.1,0.4,0.1,1.1
2,2,14,62,3.2,7.1,.455,3.2,5.2,.625,0.0,1.9,.000,3.2,3.9,.833,7.1,0.6,2.6,0.6,3.2,0.6,9.7
2,3,14,62,5.0,11.0,.455,5.0,8.0,.625,0.0,3.0,.000,5.0,6.0,.833,11.0,1.0,4.0,1.0,5.0,1.0,15.0,,91.9,100.6
2,4,14,62,14.0,.542,.455,.273,.545,15,7.8,14.6,11.1,3.7,4.0,2.0,26.5,16.2,,0.0,0.1,0.1,.063,,-5.7,-0.9,-6.6
3,0,32,317,17,40,.425,17,38,.447,0,2,.000,11,17,.647,12,40,52,6,4,8,19,46,45
3,1,32,9.9,0.5,1.3,.425,0.5,1.2,.447,0.0,0.1,.000,0.3,0.5,.647,1.6,0.2,0.1,0.3,0.6,1.4,1.4
3,2,32,317,2.1,5.0,.425,2.1,4.8,.447,0.0,0.3,.000,1.4,2.1,.647,6.6,0.8,0.5,1.0,2.4,5.8,5.7
3,3,32,317,3.3,7.8,.425,3.3,7.4,.447,0.0,0.4,.000,2.1,3.3,.647,10.1,1.2,0.8,1.6,3.7,9.0,8.8,,79.5,105.6
3,4,32,317,4.6,.468,.425,.050,.425,47,4.6,16.3,10.2,4.1,0.8,3.2,28.3,11.3,,-0.2,0.3,0.1,.015,,-8.6,-1.4,-10.0
4,0,32,994,80,243,.329,44,121,.364,36,122,.295,68,98,.694,20,59,79,92,78,1,95,98,264
4,1,32,31.1,2.5,7.6,.329,1.4,3.8,.364,1.1,3.8,.295,2.1,3.1,.694,2.5,2.9,2.4,0.0,3.0,3.1,8.3
4,2,32,994,3.2,9.8,.329,1.8,4.9,.364,1.4,4.9,.295,2.7,3.9,.694,3.2,3.7,3.1,0.0,3.8,3.9,10.6
4,3,32,994,5.0,15.1,.329,2.7,7.5,.364,2.2,7.6,.295,4.2,6.1,.694,4.9,5.7,4.9,0.1,5.9,6.1,16.4,,85.2,102.1
4,4,32,994,10.2,.456,.403,.502,.403,284,2.4,7.7,5.0,21.5,4.9,0.1,24.7,20.7,,-0.5,1.3,0.8,.033,,-3.6,-1.1,-4.6
5,0,31,557,69,147,.469,59,111,.532,10,36,.278,26,51,.510,36,56,92,21,23,4,40,58,174
5,1,31,18.0,2.2,4.7,.469,1.9,3.6,.532,0.3,1.2,.278,0.8,1.6,.510,3.0,0.7,0.7,0.1,1.3,1.9,5.6
5,2,31,557,5.0,10.6,.469,4.2,8.0,.532,0.7,2.6,.278,1.9,3.7,.510,6.6,1.5,1.7,0.3,2.9,4.2,12.5
5,3,31,557,7.7,16.3,.469,6.6,12.3,.532,1.1,4.0,.278,2.9,5.7,.510,10.2,2.3,2.6,0.4,4.4,6.4,19.3,,94.5,104.3
5,4,31,557,13.0,.508,.503,.245,.347,169,7.8,13.0,10.3,9.7,2.6,0.9,18.9,20.3,,0.2,0.6,0.8,.061,,-3.6,-2.3,-6.0
6,0,20,58,4,10,.400,2,6,.333,2,4,.500,0,0,,1,2,3,3,2,0,7,7,10
6,1,20,2.9,0.2,0.5,.400,0.1,0.3,.333,0.1,0.2,.500,0.0,0.0,,0.2,0.2,0.1,0.0,0.4,0.4,0.5
6,2,20,58,2.8,6.9,.400,1.4,4.1,.333,1.4,2.8,.500,0.0,0.0,,2.1,2.1,1.4,0.0,4.8,4.8,6.9
6,3,20,58,4.3,10.7,.400,2.1,6.4,.333,2.1,4.3,.500,0.0,0.0,,3.2,3.2,2.1,0.0,7.5,7.5,10.7,,66.7,109.5
6,4,20,58,1.0,.500,.500,.400,.000,10,2.1,4.5,3.2,11.7,2.1,0.0,41.2,15.7,,-0.1,0.0,-0.1,-.050,,-9.3,-4.1,-13.3
7,0,26,703,100,263,.380,81,199,.407,19,64,.297,65,98,.663,42,87,129,25,16,28,48,59,284
7,1,26,27.0,3.8,10.1,.380,3.1,7.7,.407,0.7,2.5,.297,2.5,3.8,.663,5.0,1.0,0.6,1.1,1.8,2.3,10.9
7,2,26,703,5.7,15.0,.380,4.6,11.3,.407,1.1,3.6,.297,3.7,5.6,.663,7.3,1.4,0.9,1.6,2.7,3.4,16.2
7,3,26,703,8.8,23.1,.380,7.1,17.5,.407,1.7,5.6,.297,5.7,8.6,.663,11.4,2.2,1.4,2.5,4.2,5.2,25.0,,93.3,104.1
7,4,26,703,15.1,.459,.416,.243,.373,271,7.2,16.0,11.4,9.6,1.4,5.0,13.4,27.2,,0.3,0.8,1.1,.061,,-4.8,-1.8,-6.6
8,0,27,479,25,71,.352,15,41,.366,10,30,.333,18,30,.600,15,43,58,16,21,6,36,49,78
8,1,27,17.7,0.9,2.6,.352,0.6,1.5,.366,0.4,1.1,.333,0.7,1.1,.600,2.1,0.6,0.8,0.2,1.3,1.8,2.9
8,2,27,479,2.1,5.9,.352,1.3,3.4,.366,0.8,2.5,.333,1.5,2.5,.600,4.8,1.3,1.8,0.5,3.0,4.1,6.5
8,3,27,479,3.2,9.2,.352,1.9,5.3,.366,1.3,3.9,.333,2.3,3.9,.600,7.5,2.1,2.7,0.8,4.6,6.3,10.1,,76.8,104.4
8,4,27,479,5.6,.457,.423,.423,.423,81,3.8,11.6,7.5,7.3,2.7,1.6,29.7,13.5,,-0.4,0.5,0.1,.008,,-6.6,-0.8,-7.4
9,0,28,997,145,360,.403,76,179,.425,69,181,.381,130,159,.818,23,58,81,73,58,0,97,53,489
9,1,28,35.6,5.2,12.9,.403,2.7,6.4,.425,2.5,6.5,.381,4.6,5.7,.818,2.9,2.6,2.1,0.0,3.5,1.9,17.5
9,2,28,997,5.8,14.4,.403,3.0,7.2,.425,2.8,7.3,.381,5.2,6.4,.818,3.2,2.9,2.3,0.0,3.9,2.1,19.6
9,3,28,997,9.0,22.3,.403,4.7,11.1,.425,4.3,11.2,.381,8.1,9.9,.818,5.0,4.5,3.6,0.0,6.0,3.3,30.3,,104.4,105.3
9,4,28,997,19.4,.561,.499,.503,.442,459,2.8,7.5,5.1,20.0,3.6,0.0,18.2,28.5,,1.9,1.0,2.9,.116,,2.3,-3.3,-1.1
10,0,25,176,4,13,.308,4,12,.333,0,1,.000,4,6,.667,3,16,19,12,8,15,14,22,12
10,1,25,7.0,0.2,0.5,.308,0.2,0.5,.333,0.0,0.0,.000,0.2,0.2,.667,0.8,0.5,0.3,0.6,0.6,0.9,0.5
10,2,25,176,0.9,3.0,.308,0.9,2.7,.333,0.0,0.2,.000,0.9,1.4,.667,4.3,2.7,1.8,3.4,3.2,5.0,2.7
10,3,25,176,1.4,4.6,.308,1.4,4.2,.333,0.0,0.4,.000,1.4,2.1,.667,6.7,4.2,2.8,5.3,4.9,7.7,4.2,,61.9,100.8
10,4,25,176,6.1,.379,.308,.077,.462,18,2.0,11.8,6.7,14.0,2.8,10.8,46.9,9.1,,-0.2,0.2,0.0,.001,,-9.7,5.2,-4.4
11,0,32,814,94,245,.384,39,90,.433,55,155,.355,22,36,.611,14,64,78,32,31,5,45,59,265
11,1,32,25.4,2.9,7.7,.384,1.2,2.8,.433,1.7,4.8,.355,0.7,1.1,.611,2.4,1.0,1.0,0.2,1.4,1.8,8.3
11,2,32,814,4.6,12.0,.384,1.9,4.4,.433,2.7,7.6,.355,1.1,1.8,.611,3.8,1.6,1.5,0.2,2.2,2.9,13.0
11,3,32,814,7.1,18.6,.384,3.0,6.8,.433,4.2,11.8,.355,1.7,2.7,.611,5.9,2.4,2.4,0.4,3.4,4.5,20.1,,96.7,106.4
11,4,32,814,11.6,.506,.496,.633,.147,237,2.1,10.2,6.0,9.9,2.4,0.8,14.7,20.2,,0.5,0.7,1.2,.060,,-2.1,-3.3,-5.3
12,0,23,97,6,10,.600,6,10,.600,0,0,,3,9,.333,8,6,14,2,0,8,9,19,15
12,1,23,4.2,0.3,0.4,.600,0.3,0.4,.600,0.0,0.0,,0.1,0.4,.333,0.6,0.1,0.0,0.3,0.4,0.8,0.7
12,2,23,97,2.5,4.1,.600,2.5,4.1,.600,0.0,0.0,,1.2,3.7,.333,5.8,0.8,0.0,3.3,3.7,7.8,6.2
12,3,23,97,3.8,6.4,.600,3.8,6.4,.600,0.0,0.0,,1.9,5.7,.333,8.9,1.3,0.0,5.1,5.7,12.1,9.6,,76.6,108.4
12,4,23,97,5.4,.525,.600,.000,.900,17,9.9,8.0,9.0,4.6,0.0,10.5,38.7,12.8,,-0.1,0.1,0.0,-.009,,-8.5,1.6,-7.0
13,0,3,9,0,5,.000,0,5,.000,0,0,,2,4,.500,4,0,4,0,1,1,1,2,2
13,1,3,3.0,0.0,1.7,.000,0.0,1.7,.000,0.0,0.0,,0.7,1.3,.500,1.3,0.0,0.3,0.3,0.3,0.7,0.7
13,2,3,9,0.0,22.2,.000,0.0,22.2,.000,0.0,0.0,,8.9,17.8,.500,17.8,0.0,4.4,4.4,4.4,8.9,8.9
13,3,3,9,0.0,34.4,.000,0.0,34.4,.000,0.0,0.0,,13.7,27.5,.500,27.5,0.0,6.9,6.9,6.9,13.7,13.7,,55.0,95.5
13,4,3,9,3.9,.145,.000,.000,.800,4,53.4,0.0,27.7,0.0,6.9,14.1,12.7,46.9,,-0.1,0.0,-0.1,-.236,,-19.0,-4.5,-23.5
14,0,32,549,59,119,.496,57,105,.543,2,14,.143,23,34,.676,21,53,74,29,24,14,37,53,143
14,1,32,17.2,1.8,3.7,.496,1.8,3.3,.543,0.1,0.4,.143,0.7,1.1,.676,2.3,0.9,0.8,0.4,1.2,1.7,4.5
14,2,32,549,4.3,8.7,.496,4.2,7.7,.543,0.1,1.0,.143,1.7,2.5,.676,5.4,2.1,1.7,1.0,2.7,3.9,10.4
14,3,32,549,6.6,13.4,.496,6.4,11.8,.543,0.2,1.6,.143,2.6,3.8,.676,8.3,3.3,2.7,1.6,4.2,6.0,16.1,,95.8,103.5
14,4,32,549,12.8,.529,.504,.118,.286,142,4.6,12.5,8.4,13.1,2.7,3.2,21.5,16.8,,0.3,0.6,0.9,.065,,-4.5,-0.2,-4.7
15,0,4,6,1,1,1.000,0,0,,1,1,1.000,0,0,,0,0,0,0,0,0,2,1,3
15,1,4,1.5,0.3,0.3,1.000,0.0,0.0,,0.3,0.3,1.000,0.0,0.0,,0.0,0.0,0.0,0.0,0.5,0.3,0.8
15,2,4,6,6.7,6.7,1.000,0.0,0.0,,6.7,6.7,1.000,0.0,0.0,,0.0,0.0,0.0,0.0,13.3,6.7,20.0
15,3,4,6,10.3,10.3,1.000,0.0,0.0,,10.3,10.3,1.000,0.0,0.0,,0.0,0.0,0.0,0.0,20.6,10.3,30.9,,51.8,116.0
15,4,4,6,4.5,1.500,1.500,1.000,.000,1,0.0,0.0,0.0,0.0,0.0,0.0,66.7,26.7,,0.0,0.0,0.0,-.186,,-6.5,-8.0,-14.5
