0,0,29,268,43,131,.328,10,27,.370,33,104,.317,9,11,.818,4,20,24,9,4,3,8,20,128
0,1,29,9.2,1.5,4.5,.328,0.3,0.9,.370,1.1,3.6,.317,0.3,0.4,.818,0.8,0.3,0.1,0.1,0.3,0.7,4.4
0,2,29,268,6.4,19.6,.328,1.5,4.0,.370,4.9,15.5,.317,1.3,1.6,.818,3.6,1.3,0.6,0.4,1.2,3.0,19.1
0,3,29,268,9.1,27.7,.328,2.1,5.7,.370,7.0,22.0,.317,1.9,2.3,.818,5.1,1.9,0.8,0.6,1.7,4.2,27.1,,100.3,104.2
0,4,29,268,13.0,.470,.454,.794,.084,107,1.6,8.7,5.0,6.7,0.8,1.2,5.5,26.1,,0.4,0.3,0.6,.090,,2.3,-4.5,-2.2
1,0,31,632,76,148,.514,67,129,.519,9,19,.474,75,101,.743,68,93,161,35,44,20,38,90,236
1,1,31,20.4,2.5,4.8,.514,2.2,4.2,.519,0.3,0.6,.474,2.4,3.3,.743,5.2,1.1,1.4,0.6,1.2,2.9,7.6
1,2,31,632,4.8,9.4,.514,4.2,8.2,.519,0.6,1.2,.474,4.7,6.4,.743,10.2,2.2,2.8,1.3,2.4,5.7,14.9
1,3,31,632,6.8,13.3,.514,6.0,11.6,.519,0.8,1.7,.474,6.7,9.1,.743,14.4,3.1,3.9,1.8,3.4,8.1,21.2,,119.5,92.4
1,4,31,632,22.3,.602,.544,.128,.682,246,11.4,17.2,14.2,10.3,3.9,3.5,16.2,18.0,,1.8,1.3,3.1,.196,,4.0,4.5,8.4
2,0,21,272,10,32,.313,5,14,.357,5,18,.278,7,14,.500,9,19,28,16,14,3,13,32,32
2,1,21,13.0,0.5,1.5,.313,0.2,0.7,.357,0.2,0.9,.278,0.3,0.7,.500,1.3,0.8,0.7,0.1,0.6,1.5,1.5
2,2,21,272,1.5,4.7,.313,0.7,2.1,.357,0.7,2.6,.278,1.0,2.1,.500,4.1,2.4,2.1,0.4,1.9,4.7,4.7
2,3,21,272,2.1,6.7,.313,1.0,2.9,.357,1.0,3.7,.278,1.5,2.9,.500,5.8,3.3,2.9,0.6,2.7,6.7,6.7,,84.7,99.6
2,4,21,272,5.9,.414,.391,.563,.438,40,3.5,8.2,5.7,9.4,2.9,1.2,25.2,9.2,,-0.1,0.4,0.3,.048,,-1.6,2.4,0.8
3,0,31,412,32,84,.381,5,15,.333,27,69,.391,10,17,.588,16,33,49,28,20,0,11,52,101
3,1,31,13.3,1.0,2.7,.381,0.2,0.5,.333,0.9,2.2,.391,0.3,0.5,.588,1.6,0.9,0.6,0.0,0.4,1.7,3.3
3,2,31,412,3.1,8.2,.381,0.5,1.5,.333,2.6,6.7,.391,1.0,1.7,.588,4.8,2.7,1.9,0.0,1.1,5.0,9.8
3,3,31,412,4.4,11.6,.381,0.7,2.1,.333,3.7,9.5,.391,1.4,2.3,.588,6.7,3.9,2.8,0.0,1.5,7.2,13.9,,117.7,100.0
3,4,31,412,12.2,.548,.542,.821,.202,102,4.1,9.4,6.6,11.7,2.8,0.0,10.7,12.1,,0.7,0.6,1.3,.122,,3.3,0.5,3.8
4,0,5,10,1,4,.250,0,3,.000,1,1,1.000,0,0,,1,0,1,0,0,0,0,2,3
4,1,5,2.0,0.2,0.8,.250,0.0,0.6,.000,0.2,0.2,1.000,0.0,0.0,,0.2,0.0,0.0,0.0,0.0,0.4,0.6
4,2,5,10,4.0,16.0,.250,0.0,12.0,.000,4.0,4.0,1.000,0.0,0.0,,4.0,0.0,0.0,0.0,0.0,8.0,12.0
4,3,5,10,5.7,22.7,.250,0.0,17.0,.000,5.7,5.7,1.000,0.0,0.0,,5.7,0.0,0.0,0.0,0.0,11.3,17.0,,97.0,109.5
4,4,5,10,4.2,.375,.375,.250,.000,3,10.6,0.0,5.6,0.0,0.0,0.0,0.0,19.4,,0.0,0.0,0.0,.046,,-2.8,-6.5,-9.3
5,0,31,520,43,92,.467,36,57,.632,7,35,.200,37,52,.712,19,56,75,57,17,7,35,46,130
5,1,31,16.8,1.4,3.0,.467,1.2,1.8,.632,0.2,1.1,.200,1.2,1.7,.712,2.4,1.8,0.5,0.2,1.1,1.5,4.2
5,2,31,520,3.3,7.1,.467,2.8,4.4,.632,0.5,2.7,.200,2.8,4.0,.712,5.8,4.4,1.3,0.5,2.7,3.5,10.0
5,3,31,520,4.7,10.0,.467,3.9,6.2,.632,0.8,3.8,.200,4.0,5.7,.712,8.2,6.2,1.9,0.8,3.8,5.0,14.2,,105.8,100.2
5,4,31,520,13.1,.557,.505,.380,.565,146,3.9,12.6,8.0,19.0,1.9,1.5,23.1,14.2,,0.7,0.7,1.4,.104,,0.8,1.2,2.0
6,0,32,530,78,166,.470,77,159,.484,1,7,.143,16,20,.800,36,75,111,18,23,39,29,64,173
6,1,32,16.6,2.4,5.2,.470,2.4,5.0,.484,0.0,0.2,.143,0.5,0.6,.800,3.5,0.6,0.7,1.2,0.9,2.0,5.4
6,2,32,530,5.9,12.5,.470,5.8,12.0,.484,0.1,0.5,.143,1.2,1.5,.800,8.4,1.4,1.7,2.9,2.2,4.8,13.1
6,3,32,530,8.3,17.7,.470,8.2,17.0,.484,0.1,0.7,.143,1.7,2.1,.800,11.9,1.9,2.5,4.2,3.1,6.8,18.5,,98.1,94.1
6,4,32,530,16.4,.493,.473,.042,.120,165,7.2,16.5,11.6,6.6,2.5,8.2,14.2,18.7,,0.4,1.0,1.5,.111,,-1.8,5.2,3.4
7,0,32,819,175,359,.487,148,281,.527,27,78,.346,86,134,.642,61,113,174,43,38,37,58,95,463
7,1,32,25.6,5.5,11.2,.487,4.6,8.8,.527,0.8,2.4,.346,2.7,4.2,.642,5.4,1.3,1.2,1.2,1.8,3.0,14.5
7,2,32,819,8.5,17.5,.487,7.2,13.7,.527,1.3,3.8,.346,4.2,6.5,.642,8.5,2.1,1.9,1.8,2.8,4.6,22.6
7,3,32,819,12.1,24.8,.487,10.2,19.4,.527,1.9,5.4,.346,6.0,9.3,.642,12.0,3.0,2.6,2.6,4.0,6.6,32.0,,108.4,95.3
7,4,32,819,24.4,.548,.525,.217,.373,419,7.9,16.1,11.8,11.8,2.6,5.0,12.1,28.5,,2.1,1.5,3.6,.177,,3.8,2.5,6.3
8,0,31,483,55,137,.401,49,110,.445,6,27,.222,28,46,.609,30,76,106,23,23,21,21,30,144
8,1,31,15.6,1.8,4.4,.401,1.6,3.5,.445,0.2,0.9,.222,0.9,1.5,.609,3.4,0.7,0.7,0.7,0.7,1.0,4.6
8,2,31,483,4.6,11.3,.401,4.1,9.1,.445,0.5,2.2,.222,2.3,3.8,.609,8.8,1.9,1.9,1.7,1.7,2.5,11.9
8,3,31,483,6.5,16.1,.401,5.7,12.9,.445,0.7,3.2,.222,3.3,5.4,.609,12.4,2.7,2.7,2.5,2.5,3.5,16.9,,98.0,94.6
8,4,31,483,15.6,.453,.423,.197,.336,146,6.6,18.4,12.2,8.7,2.7,4.8,11.7,18.1,,0.4,0.9,1.3,.107,,-1.2,3.6,2.4
9,0,32,460,49,120,.408,38,89,.427,11,31,.355,28,56,.500,18,46,64,46,20,5,19,41,137
9,1,32,14.4,1.5,3.8,.408,1.2,2.8,.427,0.3,1.0,.355,0.9,1.8,.500,2.0,1.4,0.6,0.2,0.6,1.3,4.3
9,2,32,460,4.3,10.4,.408,3.3,7.7,.427,1.0,2.7,.355,2.4,4.9,.500,5.6,4.0,1.7,0.4,1.7,3.6,11.9
9,3,32,460,6.0,14.8,.408,4.7,11.0,.427,1.4,3.8,.355,3.4,6.9,.500,7.9,5.7,2.5,0.6,2.3,5.1,16.9,,103.3,99.3
9,4,32,460,14.0,.467,.454,.258,.467,146,4.1,11.7,7.7,18.1,2.5,1.2,11.5,17.5,,0.6,0.6,1.2,.107,,0.6,0.9,1.6
10,0,6,18,2,5,.400,2,5,.400,0,0,,0,0,,2,2,4,0,0,1,3,4,4
10,1,6,3.0,0.3,0.8,.400,0.3,0.8,.400,0.0,0.0,,0.0,0.0,,0.7,0.0,0.0,0.2,0.5,0.7,0.7
10,2,6,18,4.4,11.1,.400,4.4,11.1,.400,0.0,0.0,,0.0,0.0,,8.9,0.0,0.0,2.2,6.7,8.9,8.9
10,3,6,18,6.3,15.7,.400,6.3,15.7,.400,0.0,0.0,,0.0,0.0,,12.6,0.0,0.0,3.1,9.4,12.6,12.6,,60.2,101.2
10,4,6,18,-0.6,.400,.400,.000,.000,4,11.8,13.0,12.4,0.0,0.0,6.2,37.5,21.6,,-0.1,0.0,0.0,-.075,,-11.7,-1.5,-13.2
11,0,32,754,60,163,.368,30,60,.500,30,103,.291,58,81,.716,20,28,48,55,54,5,36,82,208
11,1,32,23.6,1.9,5.1,.368,0.9,1.9,.500,0.9,3.2,.291,1.8,2.5,.716,1.5,1.7,1.7,0.2,1.1,2.6,6.5
11,2,32,754,3.2,8.6,.368,1.6,3.2,.500,1.6,5.5,.291,3.1,4.3,.716,2.5,2.9,2.9,0.3,1.9,4.4,11.0
11,3,32,754,4.5,12.2,.368,2.3,4.5,.500,2.3,7.7,.291,4.4,6.1,.716,3.6,4.1,4.1,0.4,2.7,6.2,15.6,,105.7,99.0
11,4,32,754,12.6,.516,.460,.632,.497,210,2.8,4.3,3.5,12.6,4.1,0.7,15.2,15.3,,1.0,1.1,2.0,.108,,2.6,1.5,4.1
12,0,20,126,8,28,.286,2,10,.200,6,18,.333,6,6,1.000,0,6,6,24,8,0,6,15,28
12,1,20,6.3,0.4,1.4,.286,0.1,0.5,.200,0.3,0.9,.333,0.3,0.3,1.000,0.3,1.2,0.4,0.0,0.3,0.8,1.4
12,2,20,126,2.5,8.9,.286,0.6,3.2,.200,1.9,5.7,.333,1.9,1.9,1.000,1.9,7.6,2.5,0.0,1.9,4.8,8.9
12,3,20,126,3.6,12.6,.286,0.9,4.5,.200,2.7,8.1,.333,2.7,2.7,1.000,2.7,10.8,3.6,0.0,2.7,6.7,12.6,,107.3,99.8
12,4,20,126,12.5,.454,.393,.643,.214,36,0.0,5.6,2.6,31.9,3.6,0.0,16.3,14.2,,0.2,0.2,0.3,.110,,0.5,-2.3,-1.8
13,0,30,280,40,90,.444,36,71,.507,4,19,.211,17,22,.773,21,36,57,16,9,10,22,24,101
13,1,30,9.3,1.3,3.0,.444,1.2,2.4,.507,0.1,0.6,.211,0.6,0.7,.773,1.9,0.5,0.3,0.3,0.7,0.8,3.4
13,2,30,280,5.7,12.9,.444,5.1,10.1,.507,0.6,2.7,.211,2.4,3.1,.773,8.1,2.3,1.3,1.4,3.1,3.4,14.4
13,3,30,280,8.1,18.2,.444,7.3,14.4,.507,0.8,3.8,.211,3.4,4.5,.773,11.5,3.2,1.8,2.0,4.5,4.9,20.4,,97.4,98.2
13,4,30,280,15.5,.503,.467,.211,.244,101,7.9,15.0,11.3,11.0,1.8,4.0,18.0,21.2,,0.3,0.4,0.7,.097,,-0.9,1.7,0.8
14,0,31,866,180,401,.449,155,291,.533,25,110,.227,85,127,.669,32,78,110,105,21,8,64,52,470
14,1,31,27.9,5.8,12.9,.449,5.0,9.4,.533,0.8,3.5,.227,2.7,4.1,.669,3.5,3.4,0.7,0.3,2.1,1.7,15.2
14,2,31,866,8.3,18.5,.449,7.2,13.4,.533,1.2,5.1,.227,3.9,5.9,.669,5.1,4.8,1.0,0.4,3.0,2.4,21.7
14,3,31,866,11.8,26.2,.449,10.1,19.0,.533,1.6,7.2,.227,5.6,8.3,.669,7.2,6.9,1.4,0.5,4.2,3.4,30.8,,105.2,102.5
14,4,31,866,20.5,.509,.480,.274,.317,454,3.9,10.5,7.1,26.8,1.4,1.0,12.2,29.4,,2.0,1.0,3.0,.137,,4.2,-1.0,3.2
