0,0,32,515,84,222,.378,34,71,.479,50,151,.331,12,15,.800,14,26,40,23,11,2,21,44,230
0,1,32,16.1,2.6,6.9,.378,1.1,2.2,.479,1.6,4.7,.331,0.4,0.5,.800,1.3,0.7,0.3,0.1,0.7,1.4,7.2
0,2,32,515,6.5,17.2,.378,2.6,5.5,.479,3.9,11.7,.331,0.9,1.2,.800,3.1,1.8,0.9,0.2,1.6,3.4,17.9
0,3,32,515,9.0,23.8,.378,3.6,7.6,.479,5.4,16.2,.331,1.3,1.6,.800,4.3,2.5,1.2,0.2,2.2,4.7,24.6,,103.9,105.9
0,4,32,515,12.0,.502,.491,.680,.068,199,2.9,5.4,4.2,8.7,1.2,0.4,8.4,23.0,,0.6,0.6,1.2,.092,,2.2,-2.1,0.1
1,0,34,752,105,238,.441,80,180,.444,25,58,.431,85,105,.810,47,143,190,81,51,18,45,103,320
1,1,34,22.1,3.1,7.0,.441,2.4,5.3,.444,0.7,1.7,.431,2.5,3.1,.810,5.6,2.4,1.5,0.5,1.3,3.0,9.4
1,2,34,752,5.6,12.7,.441,4.3,9.6,.444,1.3,3.1,.431,4.5,5.6,.810,10.1,4.3,2.7,1.0,2.4,5.5,17.0
1,3,34,752,7.7,17.5,.441,5.9,13.2,.444,1.8,4.3,.431,6.2,7.7,.810,13.9,5.9,3.7,1.3,3.3,7.6,23.5,,116.9,91.4
1,4,34,752,21.7,.556,.494,.244,.441,334,6.8,20.3,13.6,20.1,3.7,2.4,13.5,21.0,,1.9,1.9,3.7,.199,,4.0,5.2,9.2
2,0,34,623,47,120,.392,28,66,.424,19,54,.352,21,32,.656,19,41,60,65,26,2,16,67,134
2,1,34,18.3,1.4,3.5,.392,0.8,1.9,.424,0.6,1.6,.352,0.6,0.9,.656,1.8,1.9,0.8,0.1,0.5,2.0,3.9
2,2,34,623,3.0,7.7,.392,1.8,4.2,.424,1.2,3.5,.352,1.3,2.1,.656,3.9,4.2,1.7,0.1,1.0,4.3,8.6
2,3,34,623,4.2,10.6,.392,2.5,5.8,.424,1.7,4.8,.352,1.9,2.8,.656,5.3,5.8,2.3,0.2,1.4,5.9,11.9,,115.8,102.5
2,4,34,623,10.8,.496,.471,.450,.267,155,3.3,7.0,5.2,17.4,2.3,0.3,10.6,11.5,,0.8,0.9,1.8,.113,,1.5,1.5,3.1
3,0,33,615,104,225,.462,97,200,.485,7,25,.280,81,119,.681,28,80,108,38,27,31,54,76,296
3,1,33,18.6,3.2,6.8,.462,2.9,6.1,.485,0.2,0.8,.280,2.5,3.6,.681,3.3,1.2,0.8,0.9,1.6,2.3,9.0
3,2,33,615,6.8,14.6,.462,6.3,13.0,.485,0.5,1.6,.280,5.3,7.7,.681,7.0,2.5,1.8,2.0,3.5,4.9,19.3
3,3,33,615,9.3,20.2,.462,8.7,17.9,.485,0.6,2.2,.280,7.3,10.7,.681,9.7,3.4,2.4,2.8,4.8,6.8,26.5,,101.1,96.6
3,4,33,615,17.6,.526,.478,.111,.529,278,4.9,13.9,9.4,12.2,2.4,5.1,16.1,25.9,,0.6,1.2,1.9,.123,,-0.8,3.8,2.9
4,0,34,417,29,74,.392,2,11,.182,27,63,.429,17,21,.810,12,31,43,27,20,0,15,68,102
4,1,34,12.3,0.9,2.2,.392,0.1,0.3,.182,0.8,1.9,.429,0.5,0.6,.810,1.3,0.8,0.6,0.0,0.4,2.0,3.0
4,2,34,417,2.8,7.1,.392,0.2,1.1,.182,2.6,6.0,.429,1.6,2.0,.810,4.1,2.6,1.9,0.0,1.4,6.5,9.8
4,3,34,417,3.8,9.8,.392,0.3,1.5,.182,3.6,8.3,.429,2.2,2.8,.810,5.7,3.6,2.6,0.0,2.0,9.0,13.5,,121.1,101.1
4,4,34,417,10.4,.607,.574,.851,.284,102,3.1,7.9,5.5,10.7,2.6,0.0,15.2,11.3,,0.6,0.7,1.3,.126,,2.9,1.4,4.3
5,0,32,367,43,81,.531,42,79,.532,1,2,.500,41,63,.651,39,63,102,7,14,49,14,41,128
5,1,32,11.5,1.3,2.5,.531,1.3,2.5,.532,0.0,0.1,.500,1.3,2.0,.651,3.2,0.2,0.4,1.5,0.4,1.3,4.0
5,2,32,367,4.7,8.8,.531,4.6,8.6,.532,0.1,0.2,.500,4.5,6.9,.651,11.1,0.8,1.5,5.3,1.5,4.5,14.0
5,3,32,367,6.5,12.2,.531,6.3,11.9,.532,0.2,0.3,.500,6.2,9.5,.651,15.3,1.1,2.1,7.4,2.1,6.2,19.2,,121.5,91.7
5,4,32,367,22.7,.577,.537,.025,.778,130,11.5,18.3,14.9,3.4,2.1,13.4,11.2,16.2,,0.8,0.9,1.7,.189,,0.2,8.3,8.5
6,0,33,866,125,275,.455,75,150,.500,50,125,.400,119,145,.821,28,66,94,91,28,9,77,80,419
6,1,33,26.2,3.8,8.3,.455,2.3,4.5,.500,1.5,3.8,.400,3.6,4.4,.821,2.8,2.8,0.8,0.3,2.3,2.4,12.7
6,2,33,866,5.8,12.7,.455,3.5,6.9,.500,2.3,5.8,.400,5.5,6.7,.821,4.3,4.2,1.3,0.4,3.6,3.7,19.4
6,3,33,866,8.0,17.5,.455,4.8,9.6,.500,3.2,8.0,.400,7.6,9.2,.821,6.0,5.8,1.8,0.6,4.9,5.1,26.7,,114.3,102.8
6,4,33,866,18.1,.609,.545,.455,.527,406,3.5,8.1,5.8,19.8,1.8,1.0,18.3,23.1,,2.1,1.3,3.3,.153,,4.6,0.5,5.1
7,0,34,918,161,316,.509,152,283,.537,9,33,.273,87,118,.737,86,144,230,50,35,54,41,59,418
7,1,34,27.0,4.7,9.3,.509,4.5,8.3,.537,0.3,1.0,.273,2.6,3.5,.737,6.8,1.5,1.0,1.6,1.2,1.7,12.3
7,2,34,918,7.0,13.8,.509,6.6,12.3,.537,0.4,1.4,.273,3.8,5.1,.737,10.0,2.2,1.5,2.4,1.8,2.6,18.2
7,3,34,918,9.7,19.0,.509,9.1,17.0,.537,0.5,2.0,.273,5.2,7.1,.737,13.8,3.0,2.1,3.2,2.5,3.5,25.1,,119.2,95.8
7,4,34,918,23.5,.562,.524,.104,.373,411,10.1,16.7,13.5,10.9,2.1,5.9,9.9,21.4,,2.4,1.9,4.4,.190,,3.3,5.1,8.3
8,0,33,810,129,301,.429,87,181,.481,42,120,.350,83,122,.680,54,93,147,64,31,17,51,43,383
8,1,33,24.5,3.9,9.1,.429,2.6,5.5,.481,1.3,3.6,.350,2.5,3.7,.680,4.5,1.9,0.9,0.5,1.5,1.3,11.6
8,2,33,810,6.4,14.9,.429,4.3,8.9,.481,2.1,5.9,.350,4.1,6.0,.680,7.3,3.2,1.5,0.8,2.5,2.1,18.9
8,3,33,810,8.8,20.5,.429,5.9,12.3,.481,2.9,8.2,.350,5.7,8.3,.680,10.0,4.4,2.1,1.2,3.5,2.9,26.1,,110.6,99.7
8,4,33,810,19.4,.534,.498,.399,.405,376,7.2,12.2,9.7,15.3,2.1,2.1,12.4,24.0,,1.6,1.4,3.0,.150,,3.7,1.9,5.7
9,0,23,198,21,53,.396,19,41,.463,2,12,.167,18,37,.486,8,20,28,25,4,0,11,19,62
9,1,23,8.6,0.9,2.3,.396,0.8,1.8,.463,0.1,0.5,.167,0.8,1.6,.486,1.2,1.1,0.2,0.0,0.5,0.8,2.7
9,2,23,198,4.2,10.7,.396,3.8,8.3,.463,0.4,2.4,.167,3.6,7.5,.486,5.7,5.1,0.8,0.0,2.2,3.8,12.5
9,3,23,198,5.8,14.8,.396,5.3,11.4,.463,0.6,3.3,.167,5.0,10.3,.486,7.8,7.0,1.1,0.0,3.1,5.3,17.3,,99.0,103.3
9,4,23,198,10.9,.439,.415,.226,.698,70,4.4,10.8,7.6,22.2,1.1,0.0,13.5,19.6,,0.1,0.3,0.4,.082,,-1.0,-0.4,-1.4
10,0,31,456,34,81,.420,14,34,.412,20,47,.426,33,44,.750,7,19,26,27,25,1,16,59,121
10,1,31,14.7,1.1,2.6,.420,0.5,1.1,.412,0.6,1.5,.426,1.1,1.4,.750,0.8,0.9,0.8,0.0,0.5,1.9,3.9
10,2,31,456,3.0,7.1,.420,1.2,3.0,.412,1.8,4.1,.426,2.9,3.9,.750,2.3,2.4,2.2,0.1,1.4,5.2,10.6
10,3,31,456,4.1,9.8,.420,1.7,4.1,.412,2.4,5.7,.426,4.0,5.3,.750,3.1,3.3,3.0,0.1,1.9,7.1,14.6,,119.2,102.1
10,4,31,456,11.0,.594,.543,.580,.543,116,1.7,4.4,3.1,9.9,3.0,0.2,13.6,12.3,,0.7,0.7,1.4,.121,,2.2,1.4,3.6
11,0,8,37,3,13,.231,3,8,.375,0,5,.000,3,4,.750,1,1,2,6,2,0,3,5,9
11,1,8,4.6,0.4,1.6,.231,0.4,1.0,.375,0.0,0.6,.000,0.4,0.5,.750,0.3,0.8,0.3,0.0,0.4,0.6,1.1
11,2,8,37,3.2,14.1,.231,3.2,8.6,.375,0.0,5.4,.000,3.2,4.3,.750,2.2,6.5,2.2,0.0,3.2,5.4,9.7
11,3,8,37,4.5,19.4,.231,4.5,11.9,.375,0.0,7.5,.000,4.5,6.0,.750,3.0,8.9,3.0,0.0,4.5,7.5,13.4,,76.2,103.1
11,4,8,37,4.0,.302,.231,.385,.308,12,2.9,2.9,2.9,27.3,3.0,0.0,16.8,23.0,,-0.1,0.1,0.0,-.012,,-4.9,-1.5,-6.4
12,0,8,27,2,3,.667,2,3,.667,0,0,,1,2,.500,1,3,4,1,3,0,2,2,5
12,1,8,3.4,0.3,0.4,.667,0.3,0.4,.667,0.0,0.0,,0.1,0.3,.500,0.5,0.1,0.4,0.0,0.3,0.3,0.6
12,2,8,27,3.0,4.4,.667,3.0,4.4,.667,0.0,0.0,,1.5,3.0,.500,5.9,1.5,4.4,0.0,3.0,3.0,7.4
12,3,8,27,4.1,6.1,.667,4.1,6.1,.667,0.0,0.0,,2.0,4.1,.500,8.2,2.0,6.1,0.0,4.1,4.1,10.2,,92.5,91.8
12,4,8,27,12.1,.633,.667,.000,.667,5,4.0,11.8,8.0,6.2,6.1,0.0,33.6,10.5,,0.0,0.1,0.1,.100,,-1.1,5.7,4.6
13,0,30,277,41,103,.398,40,100,.400,1,3,.333,13,19,.684,18,45,63,16,10,6,24,39,96
13,1,30,9.2,1.4,3.4,.398,1.3,3.3,.400,0.0,0.1,.333,0.4,0.6,.684,2.1,0.5,0.3,0.2,0.8,1.3,3.2
13,2,30,277,5.9,14.9,.398,5.8,14.4,.400,0.1,0.4,.333,1.9,2.7,.684,9.1,2.3,1.4,0.9,3.5,5.6,13.9
13,3,30,277,8.2,20.5,.398,8.0,19.9,.400,0.2,0.6,.333,2.6,3.8,.684,12.5,3.2,2.0,1.2,4.8,7.8,19.1,,86.0,96.8
13,4,30,277,10.0,.428,.403,.029,.184,97,7.0,17.3,12.2,11.0,2.0,2.2,17.6,23.3,,-0.2,0.6,0.4,.054,,-4.8,2.1,-2.7
