0,0,28,434,63,142,.444,62,139,.446,1,3,.333,40,59,.678,47,75,122,3,5,12,29,48,167
0,1,28,15.5,2.3,5.1,.444,2.2,5.0,.446,0.0,0.1,.333,1.4,2.1,.678,4.4,0.1,0.2,0.4,1.0,1.7,6.0
0,2,28,434,5.8,13.1,.444,5.7,12.8,.446,0.1,0.3,.333,3.7,5.4,.678,11.2,0.3,0.5,1.1,2.7,4.4,15.4
0,3,28,434,8.7,19.6,.444,8.5,19.2,.446,0.1,0.4,.333,5.5,8.1,.678,16.8,0.4,0.7,1.7,4.0,6.6,23.0,,97.9,102.7
0,4,28,434,15.9,.491,.447,.021,.415,162,12.1,19.0,15.6,1.6,0.7,3.0,14.6,23.6,,0.4,0.5,0.9,.085,,-5.4,-2.7,-8.1
1,0,28,502,42,111,.378,41,106,.387,1,5,.200,24,37,.649,23,54,77,5,4,16,34,75,109
1,1,28,17.9,1.5,4.0,.378,1.5,3.8,.387,0.0,0.2,.200,0.9,1.3,.649,2.8,0.2,0.1,0.6,1.2,2.7,3.9
1,2,28,502,3.3,8.8,.378,3.3,8.4,.387,0.1,0.4,.200,1.9,2.9,.649,6.1,0.4,0.3,1.3,2.7,6.0,8.7
1,3,28,502,5.0,13.2,.378,4.9,12.6,.387,0.1,0.6,.200,2.9,4.4,.649,9.2,0.6,0.5,1.9,4.1,8.9,13.0,,78.1,106.1
1,4,28,502,4.6,.424,.383,.045,.333,105,5.1,11.9,8.5,2.1,0.5,3.4,20.9,16.7,,-0.5,0.5,0.0,-.001,,-8.0,-0.2,-8.2
2,0,12,222,24,54,.444,9,24,.375,15,30,.500,11,17,.647,2,32,34,13,6,0,21,17,74
2,1,12,18.5,2.0,4.5,.444,0.8,2.0,.375,1.3,2.5,.500,0.9,1.4,.647,2.8,1.1,0.5,0.0,1.8,1.4,6.2
2,2,12,222,4.3,9.7,.444,1.6,4.3,.375,2.7,5.4,.500,2.0,3.1,.647,6.1,2.3,1.1,0.0,3.8,3.1,13.3
2,3,12,222,6.5,14.6,.444,2.4,6.5,.375,4.0,8.1,.500,3.0,4.6,.647,9.2,3.5,1.6,0.0,5.7,4.6,19.9,,95.8,103.9
2,4,12,222,11.9,.596,.583,.556,.315,67,1.0,15.9,8.5,12.8,1.6,0.0,25.3,19.3,,0.1,0.2,0.4,.067,,-2.2,-1.0,-3.2
3,0,22,312,15,51,.294,12,35,.343,3,16,.188,18,28,.643,13,10,23,14,3,1,18,30,51
3,1,22,14.2,0.7,2.3,.294,0.5,1.6,.343,0.1,0.7,.188,0.8,1.3,.643,1.0,0.6,0.1,0.0,0.8,1.4,2.3
3,2,22,312,1.9,6.5,.294,1.5,4.5,.343,0.4,2.1,.188,2.3,3.6,.643,2.9,1.8,0.4,0.1,2.3,3.8,6.5
3,3,22,312,2.9,9.8,.294,2.3,6.7,.343,0.6,3.1,.188,3.5,5.4,.643,4.4,2.7,0.6,0.2,3.5,5.8,9.8,,80.7,111.7
3,4,22,312,2.9,.397,.324,.314,.549,58,4.6,3.5,4.1,8.6,0.6,0.3,21.9,13.6,,-0.2,0.1,-0.1,-.010,,-5.6,-1.7,-7.3
4,0,29,897,129,310,.416,75,158,.475,54,152,.355,37,51,.725,32,64,96,35,33,8,43,64,349
4,1,29,30.9,4.4,10.7,.416,2.6,5.4,.475,1.9,5.2,.355,1.3,1.8,.725,3.3,1.2,1.1,0.3,1.5,2.2,12.0
4,2,29,897,5.8,13.8,.416,3.3,7.0,.475,2.4,6.8,.355,1.6,2.3,.725,4.3,1.6,1.5,0.4,1.9,2.9,15.6
4,3,29,897,8.6,20.7,.416,5.0,10.5,.475,3.6,10.1,.355,2.5,3.4,.725,6.4,2.3,2.2,0.5,2.9,4.3,23.3,,104.4,105.9
4,4,29,897,15.1,.522,.503,.490,.165,315,4.0,7.9,5.9,9.2,2.2,1.0,11.4,21.7,,1.3,0.8,2.1,.094,,1.0,-0.8,0.2
5,0,29,1018,133,366,.363,72,169,.426,61,197,.310,70,99,.707,15,76,91,78,49,5,63,56,397
5,1,29,35.1,4.6,12.6,.363,2.5,5.8,.426,2.1,6.8,.310,2.4,3.4,.707,3.1,2.7,1.7,0.2,2.2,1.9,13.7
5,2,29,1018,5.2,14.4,.363,2.8,6.6,.426,2.4,7.7,.310,2.8,3.9,.707,3.6,3.1,1.9,0.2,2.5,2.2,15.6
5,3,29,1018,7.8,21.5,.363,4.2,9.9,.426,3.6,11.6,.310,4.1,5.8,.707,5.3,4.6,2.9,0.3,3.7,3.3,23.3,,97.9,104.5
5,4,29,1018,14.4,.481,.447,.538,.270,379,1.6,8.2,5.0,17.6,2.9,0.5,13.2,24.1,,0.9,1.1,2.0,.078,,0.6,-0.5,0.1
6,0,27,776,42,119,.353,40,109,.367,2,10,.200,44,55,.800,21,64,85,130,19,0,59,55,130
6,1,27,28.7,1.6,4.4,.353,1.5,4.0,.367,0.1,0.4,.200,1.6,2.0,.800,3.1,4.8,0.7,0.0,2.2,2.0,4.8
6,2,27,776,2.2,6.1,.353,2.1,5.6,.367,0.1,0.5,.200,2.3,2.8,.800,4.4,6.7,1.0,0.0,3.0,2.8,6.7
6,3,27,776,3.2,9.2,.353,3.1,8.4,.367,0.2,0.8,.200,3.4,4.2,.800,6.6,10.0,1.5,0.0,4.5,4.2,10.0,,94.1,107.4
6,4,27,776,9.7,.448,.361,.084,.462,188,3.0,9.1,6.1,32.6,1.5,0.0,28.9,13.6,,0.2,0.6,0.8,.044,,-3.8,-1.1,-4.9
7,0,29,1039,166,358,.464,139,274,.507,27,84,.321,103,150,.687,77,214,291,22,14,29,78,67,462
7,1,29,35.8,5.7,12.3,.464,4.8,9.4,.507,0.9,2.9,.321,3.6,5.2,.687,10.0,0.8,0.5,1.0,2.7,2.3,15.9
7,2,29,1039,6.4,13.8,.464,5.4,10.5,.507,1.0,3.2,.321,4.0,5.8,.687,11.2,0.8,0.5,1.1,3.0,2.6,17.8
7,3,29,1039,9.6,20.6,.464,8.0,15.8,.507,1.6,4.8,.321,5.9,8.6,.687,16.8,1.3,0.8,1.7,4.5,3.9,26.6,,102.6,101.0
7,4,29,1039,19.3,.538,.501,.235,.419,428,8.3,22.7,15.5,5.2,0.8,3.0,15.4,25.2,,1.5,1.4,3.0,.115,,-1.4,-0.5,-1.9
8,0,23,282,18,41,.439,13,28,.464,5,13,.385,6,9,.667,3,18,21,18,6,0,24,21,47
8,1,23,12.3,0.8,1.8,.439,0.6,1.2,.464,0.2,0.6,.385,0.3,0.4,.667,0.9,0.8,0.3,0.0,1.0,0.9,2.0
8,2,23,282,2.6,5.8,.439,1.8,4.0,.464,0.7,1.8,.385,0.9,1.3,.667,3.0,2.6,0.9,0.0,3.4,3.0,6.7
8,3,23,282,3.8,8.7,.439,2.8,5.9,.464,1.1,2.8,.385,1.3,1.9,.667,4.5,3.8,1.3,0.0,5.1,4.5,10.0,,78.9,108.8
8,4,23,282,4.3,.519,.500,.317,.220,49,1.2,7.0,4.1,12.7,1.3,0.0,34.6,12.7,,-0.2,0.2,0.0,-.002,,-5.9,-1.1,-7.0
9,0,8,22,0,2,.000,0,0,,0,2,.000,0,0,,0,3,3,0,1,0,1,0,0
9,1,8,2.8,0.0,0.3,.000,0.0,0.0,,0.0,0.3,.000,0.0,0.0,,0.4,0.0,0.1,0.0,0.1,0.0,0.0
9,2,8,22,0.0,3.6,.000,0.0,0.0,,0.0,3.6,.000,0.0,0.0,,5.5,0.0,1.8,0.0,1.8,0.0,0.0
9,3,8,22,0.0,5.4,.000,0.0,0.0,,0.0,5.4,.000,0.0,0.0,,8.2,0.0,2.7,0.0,2.7,0.0,0.0,,0.0,102.3
9,4,8,22,-1.5,.000,.000,1.000,.000,0,0.0,15.0,7.6,0.0,2.7,0.0,33.3,7.0,,-0.1,0.0,0.0,-.061,,-10.9,0.2,-10.8
10,0,25,323,31,72,.431,31,70,.443,0,2,.000,16,21,.762,32,52,84,3,14,18,14,58,78
10,1,25,12.9,1.2,2.9,.431,1.2,2.8,.443,0.0,0.1,.000,0.6,0.8,.762,3.4,0.1,0.6,0.7,0.6,2.3,3.1
10,2,25,323,3.8,8.9,.431,3.8,8.7,.443,0.0,0.2,.000,2.0,2.6,.762,10.4,0.4,1.7,2.2,1.7,7.2,9.7
10,3,25,323,5.7,13.3,.431,5.7,13.0,.443,0.0,0.4,.000,3.0,3.9,.762,15.6,0.6,2.6,3.3,2.6,10.7,14.4,,99.4,97.2
10,4,25,323,14.2,.476,.431,.028,.292,82,11.0,17.7,14.4,2.0,2.6,6.0,14.6,15.3,,0.2,0.6,0.8,.099,,-4.6,2.7,-1.8
11,0,3,26,1,4,.250,1,4,.250,0,0,,3,4,.750,2,8,10,0,0,0,1,4,5
11,1,3,8.7,0.3,1.3,.250,0.3,1.3,.250,0.0,0.0,,1.0,1.3,.750,3.3,0.0,0.0,0.0,0.3,1.3,1.7
11,2,3,26,1.5,6.2,.250,1.5,6.2,.250,0.0,0.0,,4.6,6.2,.750,15.4,0.0,0.0,0.0,1.5,6.2,7.7
11,3,3,26,2.3,9.2,.250,2.3,9.2,.250,0.0,0.0,,6.9,9.2,.750,23.0,0.0,0.0,0.0,2.3,9.2,11.5,,93.8,98.4
11,4,3,26,8.7,.424,.250,.000,1.000,5,8.6,33.9,21.3,0.0,0.0,0.0,14.5,13.7,,0.0,0.0,0.0,.076,,-10.0,-5.9,-15.8
