0,0,6,11,1,3,.333,0,1,.000,1,2,.500,0,0,,0,1,1,1,0,0,0,0,3
0,1,6,1.8,0.2,0.5,.333,0.0,0.2,.000,0.2,0.3,.500,0.0,0.0,,0.2,0.2,0.0,0.0,0.0,0.0,0.5
0,2,6,11,3.6,10.9,.333,0.0,3.6,.000,3.6,7.3,.500,0.0,0.0,,3.6,3.6,0.0,0.0,0.0,0.0,10.9
0,3,6,11,5.2,15.7,.333,0.0,5.2,.000,5.2,10.5,.500,0.0,0.0,,5.2,5.2,0.0,0.0,0.0,0.0,15.7,,117.8,106.4
0,4,6,11,12.3,.500,.500,.667,.000,3,0.0,10.9,5.4,19.5,0.0,0.0,0.0,14.1,,0.0,0.0,0.0,.106,,-1.3,-5.2,-6.5
1,0,30,915,161,391,.412,98,215,.456,63,176,.358,140,169,.828,43,104,147,63,25,12,71,58,525
1,1,30,30.5,5.4,13.0,.412,3.3,7.2,.456,2.1,5.9,.358,4.7,5.6,.828,4.9,2.1,0.8,0.4,2.4,1.9,17.5
1,2,30,915,7.0,17.1,.412,4.3,9.4,.456,2.8,7.7,.358,6.1,7.4,.828,6.4,2.8,1.1,0.5,3.1,2.5,23.0
1,3,30,915,10.1,24.6,.412,6.2,13.5,.456,4.0,11.1,.358,8.8,10.6,.828,9.3,4.0,1.6,0.8,4.5,3.7,33.0,,108.0,100.7
1,4,30,915,22.1,.557,.492,.450,.432,494,5.6,13.6,9.6,18.0,1.6,1.6,13.1,30.5,,2.5,1.2,3.7,.160,,3.0,-2.1,0.8
2,0,1,1,0,0,,0,0,,0,0,,0,0,,0,1,1,0,0,0,0,0,0
2,1,1,1.0,0.0,0.0,,0.0,0.0,,0.0,0.0,,0.0,0.0,,1.0,0.0,0.0,0.0,0.0,0.0,0.0
2,2,1,1,0.0,0.0,,0.0,0.0,,0.0,0.0,,0.0,0.0,,40.0,0.0,0.0,0.0,0.0,0.0,0.0
2,3,1,1,0.0,0.0,,0.0,0.0,,0.0,0.0,,0.0,0.0,,57.6,0.0,0.0,0.0,0.0,0.0,0.0,,,65.1
2,4,1,1,18.3,,,,,0,0.0,100.0,59.7,0.0,0.0,0.0,,0.0,,0.0,0.0,0.0,.190,,-17.7,-5.3,-23.0
3,0,15,52,3,16,.188,1,2,.500,2,14,.143,0,1,.000,1,4,5,0,1,0,2,2,8
3,1,15,3.5,0.2,1.1,.188,0.1,0.1,.500,0.1,0.9,.143,0.0,0.1,.000,0.3,0.0,0.1,0.0,0.1,0.1,0.5
3,2,15,52,2.3,12.3,.188,0.8,1.5,.500,1.5,10.8,.143,0.0,0.8,.000,3.8,0.0,0.8,0.0,1.5,1.5,6.2
3,3,15,52,3.3,17.7,.188,1.1,2.2,.500,2.2,15.5,.143,0.0,1.1,.000,5.5,0.0,1.1,0.0,2.2,2.2,8.9,,49.9,104.3
3,4,15,52,-2.4,.243,.250,.875,.063,7,2.3,9.2,5.7,0.0,1.1,0.0,10.8,18.3,,-0.2,0.1,-0.1,-.087,,-10.3,-6.3,-16.7
4,0,13,113,6,24,.250,2,13,.154,4,11,.364,6,10,.600,0,7,7,15,6,0,17,14,22
4,1,13,8.7,0.5,1.8,.250,0.2,1.0,.154,0.3,0.8,.364,0.5,0.8,.600,0.5,1.2,0.5,0.0,1.3,1.1,1.7
4,2,13,113,2.1,8.5,.250,0.7,4.6,.154,1.4,3.9,.364,2.1,3.5,.600,2.5,5.3,2.1,0.0,6.0,5.0,7.8
4,3,13,113,3.1,12.2,.250,1.0,6.6,.154,2.0,5.6,.364,3.1,5.1,.600,3.6,7.6,3.1,0.0,8.7,7.1,11.2,,64.5,100.2
4,4,13,113,1.4,.383,.333,.458,.417,28,0.0,7.4,3.7,26.3,3.1,0.0,37.2,20.9,,-0.3,0.2,-0.1,-.050,,-9.9,-2.8,-12.7
5,0,11,17,0,4,.000,0,0,,0,4,.000,2,2,1.000,1,2,3,1,0,0,0,0,2
5,1,11,1.5,0.0,0.4,.000,0.0,0.0,,0.0,0.4,.000,0.2,0.2,1.000,0.3,0.1,0.0,0.0,0.0,0.0,0.2
5,2,11,17,0.0,9.4,.000,0.0,0.0,,0.0,9.4,.000,4.7,4.7,1.000,7.1,2.4,0.0,0.0,0.0,0.0,4.7
5,3,11,17,0.0,13.6,.000,0.0,0.0,,0.0,13.6,.000,6.8,6.8,1.000,10.2,3.4,0.0,0.0,0.0,0.0,6.8,,71.1,105.2
5,4,11,17,3.5,.202,.000,1.000,.500,3,7.0,14.1,10.5,10.5,0.0,0.0,0.0,15.0,,0.0,0.0,0.0,-.014,,-5.6,-4.5,-10.0
6,0,30,875,105,268,.392,30,81,.370,75,187,.401,25,32,.781,9,81,90,40,16,2,44,38,310
6,1,30,29.2,3.5,8.9,.392,1.0,2.7,.370,2.5,6.2,.401,0.8,1.1,.781,3.0,1.3,0.5,0.1,1.5,1.3,10.3
6,2,30,875,4.8,12.3,.392,1.4,3.7,.370,3.4,8.5,.401,1.1,1.5,.781,4.1,1.8,0.7,0.1,2.0,1.7,14.2
6,3,30,875,6.9,17.6,.392,2.0,5.3,.370,4.9,12.3,.401,1.6,2.1,.781,5.9,2.6,1.1,0.1,2.9,2.5,20.4,,100.3,103.6
6,4,30,875,12.1,.547,.532,.698,.119,270,1.2,11.1,6.1,10.4,1.1,0.3,13.4,19.3,,0.9,0.9,1.8,.081,,-0.5,-2.9,-3.4
7,0,11,35,5,9,.556,5,9,.556,0,0,,0,0,,1,4,5,0,3,2,0,3,10
7,1,11,3.2,0.5,0.8,.556,0.5,0.8,.556,0.0,0.0,,0.0,0.0,,0.5,0.0,0.3,0.2,0.0,0.3,0.9
7,2,11,35,5.7,10.3,.556,5.7,10.3,.556,0.0,0.0,,0.0,0.0,,5.7,0.0,3.4,2.3,0.0,3.4,11.4
7,3,11,35,8.2,14.8,.556,8.2,14.8,.556,0.0,0.0,,0.0,0.0,,8.2,0.0,4.9,3.3,0.0,4.9,16.5,,114.4,90.5
7,4,11,35,18.8,.556,.556,.000,.000,8,3.4,13.7,8.5,0.0,4.9,6.8,0.0,13.2,,0.0,0.1,0.1,.148,,-4.3,2.2,-2.1
8,0,21,117,10,19,.526,10,19,.526,0,0,,1,10,.100,7,9,16,3,0,9,8,22,21
8,1,21,5.6,0.5,0.9,.526,0.5,0.9,.526,0.0,0.0,,0.0,0.5,.100,0.8,0.1,0.0,0.4,0.4,1.0,1.0
8,2,21,117,3.4,6.5,.526,3.4,6.5,.526,0.0,0.0,,0.3,3.4,.100,5.5,1.0,0.0,3.1,2.7,7.5,7.2
8,3,21,117,4.9,9.4,.526,4.9,9.4,.526,0.0,0.0,,0.5,4.9,.100,7.9,1.5,0.0,4.4,3.9,10.8,10.3,,76.5,101.6
8,4,21,117,4.9,.442,.526,.000,.526,22,7.1,9.2,8.2,5.4,0.0,9.2,25.2,14.0,,-0.1,0.1,0.0,.014,,-8.2,2.2,-6.0
9,0,4,42,3,7,.429,3,5,.600,0,2,.000,4,6,.667,3,6,9,1,2,0,3,8,10
9,1,4,10.5,0.8,1.8,.429,0.8,1.3,.600,0.0,0.5,.000,1.0,1.5,.667,2.3,0.3,0.5,0.0,0.8,2.0,2.5
9,2,4,42,2.9,6.7,.429,2.9,4.8,.600,0.0,1.9,.000,3.8,5.7,.667,8.6,1.0,1.9,0.0,2.9,7.6,9.5
9,3,4,42,4.1,9.6,.429,4.1,6.9,.600,0.0,2.7,.000,5.5,8.2,.667,12.3,1.4,2.7,0.0,4.1,11.0,13.7,,93.1,96.8
9,4,4,42,9.2,.508,.429,.286,.857,11,8.5,17.1,12.8,4.9,2.7,0.0,23.3,15.8,,0.0,0.1,0.1,.081,,-4.9,-1.2,-6.2
10,0,30,722,65,139,.468,61,115,.530,4,24,.167,59,88,.670,17,88,105,96,38,5,83,88,193
10,1,30,24.1,2.2,4.6,.468,2.0,3.8,.530,0.1,0.8,.167,2.0,2.9,.670,3.5,3.2,1.3,0.2,2.8,2.9,6.4
10,2,30,722,3.6,7.7,.468,3.4,6.4,.530,0.2,1.3,.167,3.3,4.9,.670,5.8,5.3,2.1,0.3,4.6,4.9,10.7
10,3,30,722,5.2,11.1,.468,4.9,9.2,.530,0.3,1.9,.167,4.7,7.0,.670,8.4,7.7,3.0,0.4,6.6,7.0,15.4,,90.8,97.1
10,4,30,722,11.6,.534,.482,.173,.633,228,2.8,14.6,8.7,28.4,3.0,0.8,31.5,18.8,,0.1,1.2,1.3,.074,,-4.0,0.4,-3.6
11,0,15,241,23,47,.489,11,18,.611,12,29,.414,6,7,.857,5,26,31,28,12,0,16,20,64
11,1,15,16.1,1.5,3.1,.489,0.7,1.2,.611,0.8,1.9,.414,0.4,0.5,.857,2.1,1.9,0.8,0.0,1.1,1.3,4.3
11,2,15,241,3.8,7.8,.489,1.8,3.0,.611,2.0,4.8,.414,1.0,1.2,.857,5.1,4.6,2.0,0.0,2.7,3.3,10.6
11,3,15,241,5.5,11.2,.489,2.6,4.3,.611,2.9,6.9,.414,1.4,1.7,.857,7.4,6.7,2.9,0.0,3.8,4.8,15.3,,111.2,98.7
11,4,15,241,14.7,.636,.617,.617,.149,69,2.5,12.9,7.7,25.1,2.9,0.0,24.1,14.2,,0.4,0.4,0.8,.125,,0.0,-1.2,-1.2
12,0,30,772,115,307,.375,54,142,.380,61,165,.370,54,70,.771,14,64,78,23,31,0,32,49,345
12,1,30,25.7,3.8,10.2,.375,1.8,4.7,.380,2.0,5.5,.370,1.8,2.3,.771,2.6,0.8,1.0,0.0,1.1,1.6,11.5
12,2,30,772,6.0,15.9,.375,2.8,7.4,.380,3.2,8.5,.370,2.8,3.6,.771,4.0,1.2,1.6,0.0,1.7,2.5,17.9
12,3,30,772,8.6,22.9,.375,4.0,10.6,.380,4.6,12.3,.370,4.0,5.2,.771,5.8,1.7,2.3,0.0,2.4,3.7,25.7,,99.6,101.2
12,4,30,772,14.9,.507,.474,.537,.228,298,2.2,9.9,6.0,7.3,2.3,0.0,8.6,24.8,,0.9,1.0,1.9,.098,,-0.9,-3.5,-4.5
13,0,30,520,46,81,.568,46,81,.568,0,0,,42,63,.667,41,97,138,19,10,9,31,106,134
13,1,30,17.3,1.5,2.7,.568,1.5,2.7,.568,0.0,0.0,,1.4,2.1,.667,4.6,0.6,0.3,0.3,1.0,3.5,4.5
13,2,30,520,3.5,6.2,.568,3.5,6.2,.568,0.0,0.0,,3.2,4.8,.667,10.6,1.5,0.8,0.7,2.4,8.2,10.3
13,3,30,520,5.1,9.0,.568,5.1,9.0,.568,0.0,0.0,,4.7,7.0,.667,15.3,2.1,1.1,1.0,3.4,11.7,14.8,,109.8,97.5
13,4,30,520,12.5,.604,.568,.000,.778,143,9.4,22.3,15.9,7.8,1.1,2.1,21.8,14.1,,0.8,0.8,1.6,.124,,-3.2,0.2,-3.0
14,0,29,412,45,70,.643,45,70,.643,0,0,,14,25,.560,29,38,67,16,11,9,31,47,104
14,1,29,14.2,1.6,2.4,.643,1.6,2.4,.643,0.0,0.0,,0.5,0.9,.560,2.3,0.6,0.4,0.3,1.1,1.6,3.6
14,2,29,412,4.4,6.8,.643,4.4,6.8,.643,0.0,0.0,,1.4,2.4,.560,6.5,1.6,1.1,0.9,3.0,4.6,10.1
14,3,29,412,6.3,9.8,.643,6.3,9.8,.643,0.0,0.0,,2.0,3.5,.560,9.4,2.2,1.5,1.3,4.3,6.6,14.5,,101.5,101.0
14,4,29,412,11.9,.635,.643,.000,.357,105,8.4,11.0,9.7,8.7,1.5,2.6,27.5,14.1,,0.4,0.5,0.9,.087,,-3.2,0.3,-2.9
15,0,28,315,9,26,.346,9,24,.375,0,2,.000,6,13,.462,13,41,54,27,4,5,31,54,24
15,1,28,11.3,0.3,0.9,.346,0.3,0.9,.375,0.0,0.1,.000,0.2,0.5,.462,1.9,1.0,0.1,0.2,1.1,1.9,0.9
15,2,28,315,1.1,3.3,.346,1.1,3.0,.375,0.0,0.3,.000,0.8,1.7,.462,6.9,3.4,0.5,0.6,3.9,6.9,3.0
15,3,28,315,1.6,4.8,.346,1.6,4.4,.375,0.0,0.4,.000,1.1,2.4,.462,9.9,4.9,0.7,0.9,5.7,9.9,4.4,,65.6,101.1
15,4,28,315,1.3,.373,.346,.077,.500,43,4.9,15.5,10.2,16.2,0.7,1.9,49.1,10.3,,-0.4,0.4,0.0,-.004,,-8.6,0.5,-8.1
16,0,1,4,1,3,.333,1,3,.333,0,0,,0,0,,1,1,2,0,0,0,2,0,2
16,1,1,4.0,1.0,3.0,.333,1.0,3.0,.333,0.0,0.0,,0.0,0.0,,2.0,0.0,0.0,0.0,2.0,0.0,2.0
16,2,1,4,10.0,30.0,.333,10.0,30.0,.333,0.0,0.0,,0.0,0.0,,20.0,0.0,0.0,0.0,20.0,0.0,20.0
16,3,1,4,14.4,43.2,.333,14.4,43.2,.333,0.0,0.0,,0.0,0.0,,28.8,0.0,0.0,0.0,28.8,0.0,28.8,,47.2,99.2
16,4,1,4,-11.1,.333,.333,.000,.000,2,29.9,29.9,29.9,0.0,0.0,0.0,40.0,64.4,,-0.1,0.0,0.0,-.474,,-36.7,-15.8,-52.5
17,0,20,263,34,65,.523,32,62,.516,2,3,.667,30,41,.732,2,43,45,35,12,1,38,23,100
17,1,20,13.2,1.7,3.3,.523,1.6,3.1,.516,0.1,0.2,.667,1.5,2.1,.732,2.3,1.8,0.6,0.1,1.9,1.2,5.0
17,2,20,263,5.2,9.9,.523,4.9,9.4,.516,0.3,0.5,.667,4.6,6.2,.732,6.8,5.3,1.8,0.2,5.8,3.5,15.2
17,3,20,263,7.4,14.2,.523,7.0,13.6,.516,0.4,0.7,.667,6.6,9.0,.732,9.9,7.7,2.6,0.2,8.3,5.0,21.9,,93.0,96.5
17,4,20,263,15.1,.592,.538,.046,.631,104,0.9,19.5,10.2,31.0,2.6,0.5,31.0,24.0,,0.1,0.5,0.6,.089,,-4.6,-0.4,-5.0
18,0,30,648,46,129,.357,32,77,.416,14,52,.269,44,59,.746,13,43,56,35,14,0,42,49,150
18,1,30,21.6,1.5,4.3,.357,1.1,2.6,.416,0.5,1.7,.269,1.5,2.0,.746,1.9,1.2,0.5,0.0,1.4,1.6,5.0
18,2,30,648,2.8,8.0,.357,2.0,4.8,.416,0.9,3.2,.269,2.7,3.6,.746,3.5,2.2,0.9,0.0,2.6,3.0,9.3
18,3,30,648,4.1,11.5,.357,2.8,6.8,.416,1.2,4.6,.269,3.9,5.2,.746,5.0,3.1,1.2,0.0,3.7,4.4,13.3,,88.3,104.3
18,4,30,648,6.5,.478,.411,.403,.457,154,2.4,7.9,5.2,11.1,1.2,0.0,21.1,15.8,,0.0,0.6,0.6,.037,,-4.7,-2.3,-7.0
