0,0,7,17,2,7,.286,1,1,1.000,1,6,.167,4,5,.800,0,1,1,2,0,0,0,1,9
0,1,7,2.4,0.3,1.0,.286,0.1,0.1,1.000,0.1,0.9,.167,0.6,0.7,.800,0.1,0.3,0.0,0.0,0.0,0.1,1.3
0,2,7,17,4.7,16.5,.286,2.4,2.4,1.000,2.4,14.1,.167,9.4,11.8,.800,2.4,4.7,0.0,0.0,0.0,2.4,21.2
0,3,7,17,6.8,23.9,.286,3.4,3.4,1.000,3.4,20.5,.167,13.6,17.1,.800,3.4,6.8,0.0,0.0,0.0,3.4,30.7,,121.4,112.1
0,4,7,17,19.1,.480,.357,.857,.714,9,0.0,7.0,3.4,22.5,0.0,0.0,0.0,27.6,,0.1,0.0,0.1,.167,,4.2,-8.5,-4.3
1,0,11,56,1,4,.250,1,2,.500,0,2,.000,0,0,,5,6,11,4,1,0,2,4,2
1,1,11,5.1,0.1,0.4,.250,0.1,0.2,.500,0.0,0.2,.000,0.0,0.0,,1.0,0.4,0.1,0.0,0.2,0.4,0.2
1,2,11,56,0.7,2.9,.250,0.7,1.4,.500,0.0,1.4,.000,0.0,0.0,,7.9,2.9,0.7,0.0,1.4,2.9,1.4
1,3,11,56,1.0,4.1,.250,1.0,2.1,.500,0.0,2.1,.000,0.0,0.0,,11.4,4.1,1.0,0.0,2.1,4.1,2.1,,93.8,107.7
1,4,11,56,5.8,.250,.250,.500,.000,7,10.1,12.7,11.4,11.5,1.0,0.0,33.3,5.4,,0.0,0.0,0.0,.036,,-4.3,-0.3,-4.6
2,0,30,834,111,203,.547,106,173,.613,5,30,.167,75,113,.664,44,96,140,144,33,7,75,80,302
2,1,30,27.8,3.7,6.8,.547,3.5,5.8,.613,0.2,1.0,.167,2.5,3.8,.664,4.7,4.8,1.1,0.2,2.5,2.7,10.1
2,2,30,834,5.3,9.7,.547,5.1,8.3,.613,0.2,1.4,.167,3.6,5.4,.664,6.7,6.9,1.6,0.3,3.6,3.8,14.5
2,3,30,834,7.7,14.1,.547,7.4,12.0,.613,0.3,2.1,.167,5.2,7.9,.664,9.7,10.0,2.3,0.5,5.2,5.6,21.0,,113.1,104.0
2,4,30,834,19.9,.588,.559,.148,.557,354,6.0,13.6,9.7,34.0,2.3,0.8,22.6,19.9,,2.0,0.9,3.0,.143,,1.5,-0.3,1.2
3,0,21,165,20,46,.435,4,4,1.000,16,42,.381,3,5,.600,2,15,17,7,10,0,10,12,59
3,1,21,7.9,1.0,2.2,.435,0.2,0.2,1.000,0.8,2.0,.381,0.1,0.2,.600,0.8,0.3,0.5,0.0,0.5,0.6,2.8
3,2,21,165,4.8,11.2,.435,1.0,1.0,1.000,3.9,10.2,.381,0.7,1.2,.600,4.1,1.7,2.4,0.0,2.4,2.9,14.3
3,3,21,165,7.0,16.2,.435,1.4,1.4,1.000,5.6,14.8,.381,1.1,1.8,.600,6.0,2.5,3.5,0.0,3.5,4.2,20.7,,106.1,103.0
3,4,21,165,14.6,.610,.609,.913,.109,49,1.4,10.7,6.0,8.2,3.5,0.0,17.1,17.7,,0.2,0.2,0.4,.100,,0.7,-1.9,-1.2
4,0,4,55,8,17,.471,6,11,.545,2,6,.333,7,11,.636,5,7,12,2,4,3,4,6,25
4,1,4,13.8,2.0,4.3,.471,1.5,2.8,.545,0.5,1.5,.333,1.8,2.8,.636,3.0,0.5,1.0,0.8,1.0,1.5,6.3
4,2,4,55,5.8,12.4,.471,4.4,8.0,.545,1.5,4.4,.333,5.1,8.0,.636,8.7,1.5,2.9,2.2,2.9,4.4,18.2
4,3,4,55,8.4,17.9,.471,6.3,11.6,.545,2.1,6.3,.333,7.4,11.6,.636,12.6,2.1,4.2,3.2,4.2,6.3,26.4,,109.0,96.6
4,4,4,55,23.3,.562,.529,.353,.647,24,10.3,15.0,12.6,7.3,4.2,5.5,15.3,23.9,,0.1,0.1,0.2,.158,,0.0,1.8,1.8
5,0,30,779,116,182,.637,116,182,.637,0,0,,55,87,.632,61,109,170,37,14,45,51,85,287
5,1,30,26.0,3.9,6.1,.637,3.9,6.1,.637,0.0,0.0,,1.8,2.9,.632,5.7,1.2,0.5,1.5,1.7,2.8,9.6
5,2,30,779,6.0,9.3,.637,6.0,9.3,.637,0.0,0.0,,2.8,4.5,.632,8.7,1.9,0.7,2.3,2.6,4.4,14.7
5,3,30,779,8.6,13.5,.637,8.6,13.5,.637,0.0,0.0,,4.1,6.5,.632,12.7,2.8,1.0,3.3,3.8,6.3,21.4,,116.1,102.8
5,4,30,779,19.8,.643,.637,.000,.478,276,8.9,16.5,12.6,9.6,1.0,5.8,18.6,17.6,,1.8,0.9,2.7,.139,,-0.4,1.9,1.5
6,0,18,149,8,22,.364,6,13,.462,2,9,.222,4,5,.800,12,12,24,5,4,3,2,34,22
6,1,18,8.3,0.4,1.2,.364,0.3,0.7,.462,0.1,0.5,.222,0.2,0.3,.800,1.3,0.3,0.2,0.2,0.1,1.9,1.2
6,2,18,149,2.1,5.9,.364,1.6,3.5,.462,0.5,2.4,.222,1.1,1.3,.800,6.4,1.3,1.1,0.8,0.5,9.1,5.9
6,3,18,149,3.1,8.6,.364,2.3,5.1,.462,0.8,3.5,.222,1.6,1.9,.800,9.3,1.9,1.6,1.2,0.8,13.2,8.6,,115.2,105.6
6,4,18,149,7.6,.451,.409,.409,.227,28,9.2,9.5,9.3,5.7,1.6,2.0,7.6,8.9,,0.2,0.1,0.3,.084,,-2.2,-0.2,-2.4
7,0,10,60,2,5,.400,2,5,.400,0,0,,1,4,.250,4,8,12,2,0,1,3,11,5
7,1,10,6.0,0.2,0.5,.400,0.2,0.5,.400,0.0,0.0,,0.1,0.4,.250,1.2,0.2,0.0,0.1,0.3,1.1,0.5
7,2,10,60,1.3,3.3,.400,1.3,3.3,.400,0.0,0.0,,0.7,2.7,.250,8.0,1.3,0.0,0.7,2.0,7.3,3.3
7,3,10,60,1.9,4.8,.400,1.9,4.8,.400,0.0,0.0,,1.0,3.9,.250,11.6,1.9,0.0,1.0,2.9,10.6,4.8,,77.3,107.2
7,4,10,60,2.2,.362,.400,.000,.800,7,7.6,15.8,11.6,5.5,0.0,1.7,30.3,8.3,,0.0,0.0,0.0,.009,,-7.2,-0.7,-7.9
8,0,4,15,0,2,.000,0,1,.000,0,1,.000,1,2,.500,2,3,5,2,0,0,1,2,1
8,1,4,3.8,0.0,0.5,.000,0.0,0.3,.000,0.0,0.3,.000,0.3,0.5,.500,1.3,0.5,0.0,0.0,0.3,0.5,0.3
8,2,4,15,0.0,5.3,.000,0.0,2.7,.000,0.0,2.7,.000,2.7,5.3,.500,13.3,5.3,0.0,0.0,2.7,5.3,2.7
8,3,4,15,0.0,7.7,.000,0.0,3.9,.000,0.0,3.9,.000,3.9,7.7,.500,19.3,7.7,0.0,0.0,3.9,7.7,3.9,,76.0,105.5
8,4,4,15,4.8,.169,.000,.500,1.000,3,15.2,23.6,19.3,20.8,0.0,0.0,25.3,13.2,,0.0,0.0,0.0,-.004,,-6.3,-1.3,-7.6
9,0,7,81,9,22,.409,8,17,.471,1,5,.200,1,4,.250,5,10,15,15,5,0,10,12,20
9,1,7,11.6,1.3,3.1,.409,1.1,2.4,.471,0.1,0.7,.200,0.1,0.6,.250,2.1,2.1,0.7,0.0,1.4,1.7,2.9
9,2,7,81,4.4,10.9,.409,4.0,8.4,.471,0.5,2.5,.200,0.5,2.0,.250,7.4,7.4,2.5,0.0,4.9,5.9,9.9
9,3,7,81,6.4,15.7,.409,5.7,12.2,.471,0.7,3.6,.200,0.7,2.9,.250,10.7,10.7,3.6,0.0,7.2,8.6,14.3,,85.0,100.9
9,4,7,81,10.9,.418,.432,.227,.182,28,7.0,14.6,10.7,34.9,3.6,0.0,29.5,20.9,,0.0,0.1,0.1,.034,,-4.3,-0.1,-4.5
10,0,16,93,7,24,.292,4,13,.308,3,11,.273,4,4,1.000,1,6,7,9,3,0,8,17,21
10,1,16,5.8,0.4,1.5,.292,0.3,0.8,.308,0.2,0.7,.273,0.3,0.3,1.000,0.4,0.6,0.2,0.0,0.5,1.1,1.3
10,2,16,93,3.0,10.3,.292,1.7,5.6,.308,1.3,4.7,.273,1.7,1.7,1.000,3.0,3.9,1.3,0.0,3.4,7.3,9.0
10,3,16,93,4.4,15.0,.292,2.5,8.1,.308,1.9,6.9,.273,2.5,2.5,1.000,4.4,5.6,1.9,0.0,5.0,10.6,13.1,,79.8,107.0
10,4,16,93,3.2,.405,.354,.458,.167,23,1.2,7.6,4.4,17.1,1.9,0.0,23.6,18.2,,-0.1,0.1,0.0,-.003,,-6.6,-3.2,-9.8
11,0,19,188,31,76,.408,15,27,.556,16,49,.327,5,12,.417,10,29,39,11,6,5,13,28,83
11,1,19,9.9,1.6,4.0,.408,0.8,1.4,.556,0.8,2.6,.327,0.3,0.6,.417,2.1,0.6,0.3,0.3,0.7,1.5,4.4
11,2,19,188,6.6,16.2,.408,3.2,5.7,.556,3.4,10.4,.327,1.1,2.6,.417,8.3,2.3,1.3,1.1,2.8,6.0,17.7
11,3,19,188,9.6,23.4,.408,4.6,8.3,.556,4.9,15.1,.327,1.5,3.7,.417,12.0,3.4,1.9,1.5,4.0,8.6,25.6,,98.8,101.9
11,4,19,188,15.8,.508,.513,.645,.158,76,6.0,18.2,12.0,12.3,1.9,2.7,13.7,25.2,,0.2,0.2,0.4,.093,,-0.5,-1.7,-2.2
12,0,5,75,15,36,.417,14,26,.538,1,10,.100,2,4,.500,11,18,29,11,11,7,3,18,33
12,1,5,15.0,3.0,7.2,.417,2.8,5.2,.538,0.2,2.0,.100,0.4,0.8,.500,5.8,2.2,2.2,1.4,0.6,3.6,6.6
12,2,5,75,8.0,19.2,.417,7.5,13.9,.538,0.5,5.3,.100,1.1,2.1,.500,15.5,5.9,5.9,3.7,1.6,9.6,17.6
12,3,5,75,11.6,27.8,.417,10.8,20.1,.538,0.8,7.7,.100,1.5,3.1,.500,22.4,8.5,8.5,5.4,2.3,13.9,25.5,,108.1,79.3
12,4,5,75,32.7,.435,.431,.278,.111,39,16.7,28.4,22.4,33.2,8.5,9.4,7.3,27.3,,0.2,0.3,0.4,.237,,5.3,11.8,17.2
13,0,30,846,166,391,.425,100,216,.463,66,175,.377,76,94,.809,29,139,168,40,24,12,57,61,474
13,1,30,28.2,5.5,13.0,.425,3.3,7.2,.463,2.2,5.8,.377,2.5,3.1,.809,5.6,1.3,0.8,0.4,1.9,2.0,15.8
13,2,30,846,7.8,18.5,.425,4.7,10.2,.463,3.1,8.3,.377,3.6,4.4,.809,7.9,1.9,1.1,0.6,2.7,2.9,22.4
13,3,30,846,11.4,26.8,.425,6.9,14.8,.463,4.5,12.0,.377,5.2,6.4,.809,11.5,2.7,1.6,0.8,3.9,4.2,32.5,,106.7,103.0
13,4,30,846,20.8,.544,.509,.448,.240,414,3.9,19.4,11.5,10.6,1.6,1.4,11.6,29.1,,1.8,1.0,2.8,.135,,0.7,-2.6,-1.9
14,0,10,41,4,16,.250,2,5,.400,2,11,.182,0,0,,0,7,7,1,0,1,4,6,10
14,1,10,4.1,0.4,1.6,.250,0.2,0.5,.400,0.2,1.1,.182,0.0,0.0,,0.7,0.1,0.0,0.1,0.4,0.6,1.0
14,2,10,41,3.9,15.6,.250,2.0,4.9,.400,2.0,10.7,.182,0.0,0.0,,6.8,1.0,0.0,1.0,3.9,5.9,9.8
14,3,10,41,5.7,22.6,.250,2.8,7.1,.400,2.8,15.6,.182,0.0,0.0,,9.9,1.4,0.0,1.4,5.7,8.5,14.1,,56.3,105.3
14,4,10,41,-3.1,.313,.313,.688,.000,9,0.0,20.2,9.9,4.5,0.0,2.5,20.0,24.4,,-0.1,0.0,-0.1,-.105,,-12.2,-4.3,-16.5
15,0,24,212,6,12,.500,6,12,.500,0,0,,2,8,.250,9,16,25,9,3,5,3,21,14
15,1,24,8.8,0.3,0.5,.500,0.3,0.5,.500,0.0,0.0,,0.1,0.3,.250,1.0,0.4,0.1,0.2,0.1,0.9,0.6
15,2,24,212,1.1,2.3,.500,1.1,2.3,.500,0.0,0.0,,0.4,1.5,.250,4.7,1.7,0.6,0.9,0.6,4.0,2.6
15,3,24,212,1.6,3.3,.500,1.6,3.3,.500,0.0,0.0,,0.5,2.2,.250,6.8,2.5,0.8,1.4,0.8,5.7,3.8,,109.9,108.1
15,4,24,212,5.8,.443,.500,.000,.667,21,4.8,8.9,6.8,6.9,0.8,2.4,16.0,4.4,,0.1,0.2,0.3,.049,,-4.2,0.6,-3.7
16,0,30,651,54,133,.406,30,62,.484,24,71,.338,18,35,.514,38,87,125,38,21,8,32,79,150
16,1,30,21.7,1.8,4.4,.406,1.0,2.1,.484,0.8,2.4,.338,0.6,1.2,.514,4.2,1.3,0.7,0.3,1.1,2.6,5.0
16,2,30,651,3.3,8.2,.406,1.8,3.8,.484,1.5,4.4,.338,1.1,2.2,.514,7.7,2.3,1.3,0.5,2.0,4.9,9.2
16,3,30,651,4.8,11.8,.406,2.7,5.5,.484,2.1,6.3,.338,1.6,3.1,.514,11.1,3.4,1.9,0.7,2.8,7.0,13.4,,101.5,103.7
16,4,30,651,11.0,.501,.496,.534,.263,162,6.6,15.8,11.1,10.5,1.9,1.2,17.6,14.0,,0.5,0.7,1.3,.077,,-1.6,0.0,-1.6
17,0,1,4,0,0,,0,0,,0,0,,0,0,,0,0,0,0,0,0,0,0,0
17,1,1,4.0,0.0,0.0,,0.0,0.0,,0.0,0.0,,0.0,0.0,,0.0,0.0,0.0,0.0,0.0,0.0,0.0
17,2,1,4,0.0,0.0,,0.0,0.0,,0.0,0.0,,0.0,0.0,,0.0,0.0,0.0,0.0,0.0,0.0,0.0
17,3,1,4,0.0,0.0,,0.0,0.0,,0.0,0.0,,0.0,0.0,,0.0,0.0,0.0,0.0,0.0,0.0,0.0,,,115.1
17,4,1,4,0.0,,,,,0,0.0,0.0,0.0,0.0,0.0,0.0,,0.0,,0.0,0.0,0.0,.002,,-6.4,-0.9,-7.3
18,0,17,199,24,50,.480,22,45,.489,2,5,.400,9,14,.643,8,12,20,22,7,2,17,21,59
18,1,17,11.7,1.4,2.9,.480,1.3,2.6,.489,0.1,0.3,.400,0.5,0.8,.643,1.2,1.3,0.4,0.1,1.0,1.2,3.5
18,2,17,199,4.8,10.1,.480,4.4,9.0,.489,0.4,1.0,.400,1.8,2.8,.643,4.0,4.4,1.4,0.4,3.4,4.2,11.9
18,3,17,199,7.0,14.6,.480,6.4,13.1,.489,0.6,1.5,.400,2.6,4.1,.643,5.8,6.4,2.0,0.6,5.0,6.1,17.2,,97.6,106.8
18,4,17,199,11.9,.521,.500,.100,.280,64,4.6,7.1,5.8,21.2,2.0,1.0,23.1,18.5,,0.1,0.2,0.3,.062,,-3.6,-1.9,-5.5
19,0,30,616,24,75,.320,12,30,.400,12,45,.267,20,33,.606,8,15,23,22,23,4,18,63,80
19,1,30,20.5,0.8,2.5,.320,0.4,1.0,.400,0.4,1.5,.267,0.7,1.1,.606,0.8,0.7,0.8,0.1,0.6,2.1,2.7
19,2,30,616,1.6,4.9,.320,0.8,1.9,.400,0.8,2.9,.267,1.3,2.1,.606,1.5,1.4,1.5,0.3,1.2,4.1,5.2
19,3,30,616,2.3,7.1,.320,1.1,2.8,.400,1.1,4.2,.267,1.9,3.1,.606,2.2,2.1,2.2,0.4,1.7,5.9,7.5,,91.1,108.3
19,4,30,616,4.3,.441,.400,.600,.440,83,1.5,2.9,2.2,5.9,2.2,0.7,16.6,8.8,,0.0,0.4,0.5,.030,,-3.4,-0.5,-4.0
20,0,29,939,171,445,.384,97,226,.429,74,219,.338,92,117,.786,14,69,83,54,23,3,77,51,508
20,1,29,32.4,5.9,15.3,.384,3.3,7.8,.429,2.6,7.6,.338,3.2,4.0,.786,2.9,1.9,0.8,0.1,2.7,1.8,17.5
20,2,29,939,7.3,19.0,.384,4.1,9.6,.429,3.2,9.3,.338,3.9,5.0,.786,3.5,2.3,1.0,0.1,3.3,2.2,21.6
20,3,29,939,10.6,27.5,.384,6.0,14.0,.429,4.6,13.5,.338,5.7,7.2,.786,5.1,3.3,1.4,0.2,4.8,3.1,31.4,,98.6,108.2
20,4,29,939,15.3,.507,.467,.492,.263,450,1.7,8.7,5.1,12.5,1.4,0.3,13.3,30.8,,1.1,0.7,1.8,.076,,-0.9,-4.4,-5.3
