0,0,10,22,1,7,.143,0,1,.000,1,6,.167,0,0,,0,2,2,0,0,0,0,1,3
0,1,10,2.2,0.1,0.7,.143,0.0,0.1,.000,0.1,0.6,.167,0.0,0.0,,0.2,0.0,0.0,0.0,0.0,0.1,0.3
0,2,10,22,1.8,12.7,.143,0.0,1.8,.000,1.8,10.9,.167,0.0,0.0,,3.6,0.0,0.0,0.0,0.0,1.8,5.5
0,3,10,22,2.7,18.7,.143,0.0,2.7,.000,2.7,16.0,.167,0.0,0.0,,5.3,0.0,0.0,0.0,0.0,2.7,8.0,,53.5,114.1
0,4,10,22,-3.7,.214,.214,.857,.000,3,0.0,11.0,5.3,0.0,0.0,0.0,0.0,16.0,,-0.1,0.0,0.0,-.077,,-9.2,-8.0,-17.2
1,0,31,712,112,200,.560,98,167,.587,14,33,.424,59,104,.567,52,79,131,88,17,13,56,61,297
1,1,31,23.0,3.6,6.5,.560,3.2,5.4,.587,0.5,1.1,.424,1.9,3.4,.567,4.2,2.8,0.5,0.4,1.8,2.0,9.6
1,2,31,712,6.3,11.2,.560,5.5,9.4,.587,0.8,1.9,.424,3.3,5.8,.567,7.4,4.9,1.0,0.7,3.1,3.4,16.7
1,3,31,712,9.2,16.5,.560,8.1,13.8,.587,1.2,2.7,.424,4.9,8.6,.567,10.8,7.3,1.4,1.1,4.6,5.0,24.5,,115.5,108.8
1,4,31,712,20.5,.595,.595,.165,.520,315,8.3,13.4,10.8,25.6,1.4,1.9,18.3,21.6,,1.8,0.6,2.4,.136,,2.6,-1.3,1.2
2,0,31,841,119,185,.643,119,185,.643,0,0,,44,66,.667,66,114,180,52,7,78,61,92,282
2,1,31,27.1,3.8,6.0,.643,3.8,6.0,.643,0.0,0.0,,1.4,2.1,.667,5.8,1.7,0.2,2.5,2.0,3.0,9.1
2,2,31,841,5.7,8.8,.643,5.7,8.8,.643,0.0,0.0,,2.1,3.1,.667,8.6,2.5,0.3,3.7,2.9,4.4,13.4
2,3,31,841,8.3,12.9,.643,8.3,12.9,.643,0.0,0.0,,3.1,4.6,.667,12.6,3.6,0.5,5.4,4.3,6.4,19.7,,114.9,105.6
2,4,31,841,19.4,.652,.643,.000,.357,283,8.9,16.4,12.6,12.4,0.5,9.6,22.0,16.6,,1.6,1.0,2.6,.122,,-0.2,3.3,3.1
3,0,31,555,51,143,.357,43,97,.443,8,46,.174,19,29,.655,29,30,59,51,22,3,25,31,129
3,1,31,17.9,1.6,4.6,.357,1.4,3.1,.443,0.3,1.5,.174,0.6,0.9,.655,1.9,1.6,0.7,0.1,0.8,1.0,4.2
3,2,31,555,3.7,10.3,.357,3.1,7.0,.443,0.6,3.3,.174,1.4,2.1,.655,4.3,3.7,1.6,0.2,1.8,2.2,9.3
3,3,31,555,5.4,15.1,.357,4.5,10.3,.443,0.8,4.9,.174,2.0,3.1,.655,6.2,5.4,2.3,0.3,2.6,3.3,13.6,,96.5,110.3
3,4,31,555,10.1,.411,.385,.322,.203,152,6.0,6.5,6.2,16.7,2.3,0.6,13.8,16.5,,0.2,0.4,0.6,.044,,-2.4,-2.2,-4.6
4,0,31,450,56,164,.341,10,27,.370,46,137,.336,7,13,.538,10,20,30,22,11,0,18,31,165
4,1,31,14.5,1.8,5.3,.341,0.3,0.9,.370,1.5,4.4,.336,0.2,0.4,.538,1.0,0.7,0.4,0.0,0.6,1.0,5.3
4,2,31,450,5.0,14.6,.341,0.9,2.4,.370,4.1,12.2,.336,0.6,1.2,.538,2.7,2.0,1.0,0.0,1.6,2.8,14.7
4,3,31,450,7.3,21.4,.341,1.3,3.5,.370,6.0,17.9,.336,0.9,1.7,.538,3.9,2.9,1.4,0.0,2.3,4.0,21.5,,101.5,113.0
4,4,31,450,10.2,.485,.482,.835,.079,148,2.5,5.4,3.9,9.5,1.4,0.0,9.6,21.1,,0.4,0.2,0.6,.054,,0.2,-5.7,-5.4
5,0,13,63,4,17,.235,0,2,.000,4,15,.267,0,0,,3,6,9,2,2,0,8,10,12
5,1,13,4.8,0.3,1.3,.235,0.0,0.2,.000,0.3,1.2,.267,0.0,0.0,,0.7,0.2,0.2,0.0,0.6,0.8,0.9
5,2,13,63,2.5,10.8,.235,0.0,1.3,.000,2.5,9.5,.267,0.0,0.0,,5.7,1.3,1.3,0.0,5.1,6.3,7.6
5,3,13,63,3.7,15.8,.235,0.0,1.9,.000,3.7,14.0,.267,0.0,0.0,,8.4,1.9,1.9,0.0,7.5,9.3,11.2,,59.9,109.2
5,4,13,63,-2.3,.353,.353,.882,.000,13,5.4,11.5,8.4,5.5,1.9,0.0,32.0,20.0,,-0.2,0.1,-0.1,-.085,,-8.0,-3.7,-11.7
6,0,16,92,4,14,.286,3,8,.375,1,6,.167,3,5,.600,4,12,16,5,1,2,4,20,12
6,1,16,5.8,0.3,0.9,.286,0.2,0.5,.375,0.1,0.4,.167,0.2,0.3,.600,1.0,0.3,0.1,0.1,0.3,1.3,0.8
6,2,16,92,1.7,6.1,.286,1.3,3.5,.375,0.4,2.6,.167,1.3,2.2,.600,7.0,2.2,0.4,0.9,1.7,8.7,5.2
6,3,16,92,2.6,8.9,.286,1.9,5.1,.375,0.6,3.8,.167,1.9,3.2,.600,10.2,3.2,0.6,1.3,2.6,12.8,7.7,,84.6,108.8
6,4,16,92,3.2,.366,.321,.429,.357,15,5.0,15.8,10.2,9.1,0.6,2.2,19.6,11.2,,0.0,0.1,0.0,.020,,-5.5,-1.5,-7.0
7,0,11,66,6,12,.500,4,6,.667,2,6,.333,5,7,.714,3,3,6,12,2,0,7,11,19
7,1,11,6.0,0.5,1.1,.500,0.4,0.5,.667,0.2,0.5,.333,0.5,0.6,.714,0.5,1.1,0.2,0.0,0.6,1.0,1.7
7,2,11,66,3.6,7.3,.500,2.4,3.6,.667,1.2,3.6,.333,3.0,4.2,.714,3.6,7.3,1.2,0.0,4.2,6.7,11.5
7,3,11,66,5.3,10.7,.500,3.6,5.3,.667,1.8,5.3,.333,4.4,6.2,.714,5.3,10.7,1.8,0.0,6.2,9.8,16.9,,110.0,111.7
7,4,11,66,12.8,.620,.583,.500,.583,24,5.2,5.5,5.3,33.1,1.8,0.0,31.4,17.0,,0.1,0.0,0.2,.091,,-0.3,-5.2,-5.6
8,0,11,42,3,9,.333,1,1,1.000,2,8,.250,1,1,1.000,2,1,3,2,0,0,4,4,9
8,1,11,3.8,0.3,0.8,.333,0.1,0.1,1.000,0.2,0.7,.250,0.1,0.1,1.000,0.3,0.2,0.0,0.0,0.4,0.4,0.8
8,2,11,42,2.9,8.6,.333,1.0,1.0,1.000,1.9,7.6,.250,1.0,1.0,1.000,2.9,1.9,0.0,0.0,3.8,3.8,8.6
8,3,11,42,4.2,12.6,.333,1.4,1.4,1.000,2.8,11.2,.250,1.4,1.4,1.000,4.2,2.8,0.0,0.0,5.6,5.6,12.6,,81.5,117.1
8,4,11,42,2.0,.475,.444,.889,.111,10,5.4,2.9,4.2,8.4,0.0,0.0,29.7,16.2,,0.0,0.0,0.0,-.028,,-4.3,-5.7,-10.0
9,0,31,559,70,164,.427,44,76,.579,26,88,.295,21,31,.677,42,97,139,50,63,13,33,72,187
9,1,31,18.0,2.3,5.3,.427,1.4,2.5,.579,0.8,2.8,.295,0.7,1.0,.677,4.5,1.6,2.0,0.4,1.1,2.3,6.0
9,2,31,559,5.0,11.7,.427,3.1,5.4,.579,1.9,6.3,.295,1.5,2.2,.677,9.9,3.6,4.5,0.9,2.4,5.2,13.4
9,3,31,559,7.4,17.2,.427,4.6,8.0,.579,2.7,9.2,.295,2.2,3.3,.677,14.6,5.3,6.6,1.4,3.5,7.6,19.6,,109.1,93.7
9,4,31,559,21.5,.523,.506,.537,.189,201,8.6,21.0,14.6,17.4,6.6,2.4,15.6,19.1,,0.9,1.3,2.2,.154,,2.7,3.9,6.6
10,0,27,527,95,206,.461,59,116,.509,36,90,.400,54,70,.771,21,93,114,33,12,7,35,26,280
10,1,27,19.5,3.5,7.6,.461,2.2,4.3,.509,1.3,3.3,.400,2.0,2.6,.771,4.2,1.2,0.4,0.3,1.3,1.0,10.4
10,2,27,527,7.2,15.6,.461,4.5,8.8,.509,2.7,6.8,.400,4.1,5.3,.771,8.7,2.5,0.9,0.5,2.7,2.0,21.3
10,3,27,527,10.6,22.9,.461,6.6,12.9,.509,4.0,10.0,.400,6.0,7.8,.771,12.7,3.7,1.3,0.8,3.9,2.9,31.2,,114.5,106.2
10,4,27,527,22.1,.585,.549,.437,.340,251,4.5,21.3,12.7,13.6,1.3,1.4,12.8,26.2,,1.4,0.6,2.0,.149,,2.2,-3.1,-0.9
11,0,28,284,15,30,.500,15,30,.500,0,0,,3,7,.429,10,17,27,11,5,4,16,49,33
11,1,28,10.1,0.5,1.1,.500,0.5,1.1,.500,0.0,0.0,,0.1,0.3,.429,1.0,0.4,0.2,0.1,0.6,1.8,1.2
11,2,28,284,2.1,4.2,.500,2.1,4.2,.500,0.0,0.0,,0.4,1.0,.429,3.8,1.5,0.7,0.6,2.3,6.9,4.6
11,3,28,284,3.1,6.2,.500,3.1,6.2,.500,0.0,0.0,,0.6,1.4,.429,5.6,2.3,1.0,0.8,3.3,10.1,6.8,,83.4,111.9
11,4,28,284,2.7,.495,.500,.000,.233,38,4.0,7.2,5.6,6.6,1.0,1.5,32.4,8.8,,-0.1,0.2,0.1,.009,,-5.2,-1.2,-6.4
12,0,31,543,45,136,.331,32,78,.410,13,58,.224,30,46,.652,36,76,112,41,16,9,35,55,133
12,1,31,17.5,1.5,4.4,.331,1.0,2.5,.410,0.4,1.9,.224,1.0,1.5,.652,3.6,1.3,0.5,0.3,1.1,1.8,4.3
12,2,31,543,3.3,10.0,.331,2.4,5.7,.410,1.0,4.3,.224,2.2,3.4,.652,8.3,3.0,1.2,0.7,2.6,4.1,9.8
12,3,31,543,4.9,14.7,.331,3.5,8.4,.410,1.4,6.3,.224,3.2,5.0,.652,12.1,4.4,1.7,1.0,3.8,5.9,14.4,,92.2,106.7
12,4,31,543,9.9,.421,.379,.426,.338,154,7.6,16.9,12.1,13.5,1.7,1.7,18.1,17.9,,0.0,0.6,0.6,.044,,-3.2,-1.1,-4.2
13,0,1,0,0,0,,0,0,,0,0,,0,0,,0,0,0,0,0,0,0,0,0
13,1,1,0.0,0.0,0.0,,0.0,0.0,,0.0,0.0,,0.0,0.0,,0.0,0.0,0.0,0.0,0.0,0.0,0.0
13,2,1,0,,,,,,,,,,,,,,,,,,,
13,3,1,0,,,,,,,,,,,,,,,,,,,,,,
13,4,1,0,,,,,,,,,,,,,,,,0.0,0.0,0.0,,,-5.7,-1.8,-7.5
14,0,3,5,0,2,.000,0,2,.000,0,0,,0,0,,1,1,2,0,1,0,0,0,0
14,1,3,1.7,0.0,0.7,.000,0.0,0.7,.000,0.0,0.0,,0.0,0.0,,0.7,0.0,0.3,0.0,0.0,0.0,0.0
14,2,3,5,0.0,16.0,.000,0.0,16.0,.000,0.0,0.0,,0.0,0.0,,16.0,0.0,8.0,0.0,0.0,0.0,0.0
14,3,3,5,0.0,23.5,.000,0.0,23.5,.000,0.0,0.0,,0.0,0.0,,23.5,0.0,11.7,0.0,0.0,0.0,0.0,,35.4,82.8
14,4,3,5,7.2,.000,.000,.000,.000,1,22.8,24.2,23.5,0.0,11.7,0.0,0.0,20.2,,0.0,0.0,0.0,-.065,,-13.8,0.0,-13.8
15,0,31,531,31,88,.352,11,29,.379,20,59,.339,31,38,.816,4,26,30,22,11,0,28,54,113
15,1,31,17.1,1.0,2.8,.352,0.4,0.9,.379,0.6,1.9,.339,1.0,1.2,.816,1.0,0.7,0.4,0.0,0.9,1.7,3.6
15,2,31,531,2.3,6.6,.352,0.8,2.2,.379,1.5,4.4,.339,2.3,2.9,.816,2.3,1.7,0.8,0.0,2.1,4.1,8.5
15,3,31,531,3.4,9.7,.352,1.2,3.2,.379,2.2,6.5,.339,3.4,4.2,.816,3.3,2.4,1.2,0.0,3.1,6.0,12.5,,97.6,113.1
15,4,31,531,5.4,.533,.466,.670,.432,107,0.9,5.9,3.3,7.1,1.2,0.0,20.9,12.7,,0.2,0.3,0.4,.032,,-2.6,-3.5,-6.0
16,0,1,0,0,0,,0,0,,0,0,,0,0,,1,0,1,0,0,0,0,0,0
16,1,1,0.0,0.0,0.0,,0.0,0.0,,0.0,0.0,,0.0,0.0,,1.0,0.0,0.0,0.0,0.0,0.0,0.0
16,2,1,0,,,,,,,,,,,,,,,,,,,
16,3,1,0,,,,,,,,,,,,,,,,,,,,,,
16,4,1,0,,,,,,,,,,,,,,,,0.0,0.0,0.0,,,-5.7,-1.8,-7.5
17,0,31,959,189,427,.443,126,282,.447,63,145,.434,129,163,.791,15,65,80,45,17,3,64,50,570
17,1,31,30.9,6.1,13.8,.443,4.1,9.1,.447,2.0,4.7,.434,4.2,5.3,.791,2.6,1.5,0.5,0.1,2.1,1.6,18.4
17,2,31,959,7.9,17.8,.443,5.3,11.8,.447,2.6,6.0,.434,5.4,6.8,.791,3.3,1.9,0.7,0.1,2.7,2.1,23.8
17,3,31,959,11.6,26.1,.443,7.7,17.3,.447,3.9,8.9,.434,7.9,10.0,.791,4.9,2.8,1.0,0.2,3.9,3.1,34.9,,111.6,112.7
17,4,31,959,19.2,.565,.516,.340,.382,492,1.8,8.2,4.9,10.6,1.0,0.3,11.3,29.9,,2.4,0.5,2.9,.121,,1.6,-5.7,-4.1
