0,0,30,925,145,334,.434,92,194,.474,53,140,.379,94,118,.797,44,116,160,49,22,12,53,77,437
0,1,30,30.8,4.8,11.1,.434,3.1,6.5,.474,1.8,4.7,.379,3.1,3.9,.797,5.3,1.6,0.7,0.4,1.8,2.6,14.6
0,2,30,925,6.3,14.4,.434,4.0,8.4,.474,2.3,6.1,.379,4.1,5.1,.797,6.9,2.1,1.0,0.5,2.3,3.3,18.9
0,3,30,925,9.2,21.2,.434,5.8,12.3,.474,3.4,8.9,.379,6.0,7.5,.797,10.1,3.1,1.4,0.8,3.4,4.9,27.7,,112.2,105.6
0,4,30,925,19.5,.560,.513,.419,.353,402,5.3,14.8,9.9,12.3,1.4,1.5,12.0,24.3,,2.3,0.8,3.2,.137,,2.1,-1.8,0.2
1,0,13,103,10,27,.370,6,16,.375,4,11,.364,8,15,.533,0,9,9,9,2,0,4,7,32
1,1,13,7.9,0.8,2.1,.370,0.5,1.2,.375,0.3,0.8,.364,0.6,1.2,.533,0.7,0.7,0.2,0.0,0.3,0.5,2.5
1,2,13,103,3.9,10.5,.370,2.3,6.2,.375,1.6,4.3,.364,3.1,5.8,.533,3.5,3.5,0.8,0.0,1.6,2.7,12.4
1,3,13,103,5.7,15.4,.370,3.4,9.1,.375,2.3,6.3,.364,4.6,8.5,.533,5.1,5.1,1.1,0.0,2.3,4.0,18.2,,101.2,108.8
1,4,13,103,10.9,.469,.444,.407,.556,32,0.0,10.3,5.0,17.8,1.1,0.0,10.5,18.8,,0.1,0.1,0.2,.065,,-3.0,-4.2,-7.2
2,0,6,15,1,5,.200,1,3,.333,0,2,.000,1,1,1.000,1,2,3,1,0,0,0,2,3
2,1,6,2.5,0.2,0.8,.200,0.2,0.5,.333,0.0,0.3,.000,0.2,0.2,1.000,0.5,0.2,0.0,0.0,0.0,0.3,0.5
2,2,6,15,2.7,13.3,.200,2.7,8.0,.333,0.0,5.3,.000,2.7,2.7,1.000,8.0,2.7,0.0,0.0,0.0,5.3,8.0
2,3,6,15,3.9,19.5,.200,3.9,11.7,.333,0.0,7.8,.000,3.9,3.9,1.000,11.7,3.9,0.0,0.0,0.0,7.8,11.7,,84.3,108.8
2,4,6,15,4.9,.274,.200,.400,.200,4,7.4,15.8,11.5,12.8,0.0,0.0,0.0,18.5,,0.0,0.0,0.0,.007,,-5.8,-4.4,-10.2
3,0,24,329,36,70,.514,23,41,.561,13,29,.448,19,28,.679,17,44,61,22,7,1,27,43,104
3,1,24,13.7,1.5,2.9,.514,1.0,1.7,.561,0.5,1.2,.448,0.8,1.2,.679,2.5,0.9,0.3,0.0,1.1,1.8,4.3
3,2,24,329,4.4,8.5,.514,2.8,5.0,.561,1.6,3.5,.448,2.3,3.4,.679,7.4,2.7,0.9,0.1,3.3,5.2,12.6
3,3,24,329,6.4,12.5,.514,4.1,7.3,.561,2.3,5.2,.448,3.4,5.0,.679,10.9,3.9,1.2,0.2,4.8,7.7,18.5,,106.1,105.8
3,4,24,329,13.4,.624,.607,.414,.400,102,5.8,15.8,10.7,13.9,1.2,0.3,24.5,17.0,,0.5,0.3,0.7,.091,,-1.0,-1.8,-2.8
4,0,30,969,173,338,.512,133,224,.594,40,114,.351,85,124,.685,62,96,158,56,24,11,73,58,471
4,1,30,32.3,5.8,11.3,.512,4.4,7.5,.594,1.3,3.8,.351,2.8,4.1,.685,5.3,1.9,0.8,0.4,2.4,1.9,15.7
4,2,30,969,7.1,14.0,.512,5.5,9.2,.594,1.7,4.7,.351,3.5,5.1,.685,6.5,2.3,1.0,0.5,3.0,2.4,19.4
4,3,30,969,10.5,20.4,.512,8.0,13.5,.594,2.4,6.9,.351,5.1,7.5,.685,9.6,3.4,1.5,0.7,4.4,3.5,28.5,,111.7,106.9
4,4,30,969,20.7,.593,.571,.337,.367,435,7.1,11.7,9.4,14.1,1.5,1.3,15.5,24.6,,2.5,0.8,3.2,.133,,3.0,-1.6,1.4
5,0,29,462,55,135,.407,17,37,.459,38,98,.388,4,6,.667,14,42,56,21,6,0,20,19,152
5,1,29,15.9,1.9,4.7,.407,0.6,1.3,.459,1.3,3.4,.388,0.1,0.2,.667,1.9,0.7,0.2,0.0,0.7,0.7,5.2
5,2,29,462,4.8,11.7,.407,1.5,3.2,.459,3.3,8.5,.388,0.3,0.5,.667,4.8,1.8,0.5,0.0,1.7,1.6,13.2
5,3,29,462,7.0,17.1,.407,2.2,4.7,.459,4.8,12.4,.388,0.5,0.8,.667,7.1,2.7,0.8,0.0,2.5,2.4,19.3,,106.7,109.6
5,4,29,462,12.5,.551,.548,.726,.044,135,3.4,10.8,7.0,9.7,0.8,0.0,12.7,17.3,,0.6,0.2,0.9,.075,,0.1,-3.7,-3.6
6,0,13,61,10,21,.476,10,21,.476,0,0,,0,2,.000,10,10,20,1,1,1,7,12,20
6,1,13,4.7,0.8,1.6,.476,0.8,1.6,.476,0.0,0.0,,0.0,0.2,.000,1.5,0.1,0.1,0.1,0.5,0.9,1.5
6,2,13,61,6.6,13.8,.476,6.6,13.8,.476,0.0,0.0,,0.0,1.3,.000,13.1,0.7,0.7,0.7,4.6,7.9,13.1
6,3,13,61,9.6,20.2,.476,9.6,20.2,.476,0.0,0.0,,0.0,1.9,.000,19.2,1.0,1.0,1.0,6.7,11.5,19.2,,82.3,103.9
6,4,13,61,10.3,.456,.476,.000,.095,21,18.3,19.4,18.8,3.9,1.0,1.9,24.2,24.1,,-0.1,0.1,0.0,.009,,-7.5,-3.4,-10.9
7,0,20,112,7,15,.467,7,15,.467,0,0,,2,4,.500,14,10,24,1,5,5,10,25,16
7,1,20,5.6,0.4,0.8,.467,0.4,0.8,.467,0.0,0.0,,0.1,0.2,.500,1.2,0.1,0.3,0.3,0.5,1.3,0.8
7,2,20,112,2.5,5.4,.467,2.5,5.4,.467,0.0,0.0,,0.7,1.4,.500,8.6,0.4,1.8,1.8,3.6,8.9,5.7
7,3,20,112,3.7,7.8,.467,3.7,7.8,.467,0.0,0.0,,1.0,2.1,.500,12.6,0.5,2.6,2.6,5.2,13.1,8.4,,79.8,102.1
7,4,20,112,6.6,.473,.467,.000,.267,21,14.0,10.6,12.3,1.7,2.6,5.1,37.2,12.2,,-0.1,0.1,0.1,.024,,-6.1,1.8,-4.2
8,0,22,155,9,34,.265,7,25,.280,2,9,.222,13,18,.722,10,22,32,17,7,4,9,24,33
8,1,22,7.0,0.4,1.5,.265,0.3,1.1,.280,0.1,0.4,.222,0.6,0.8,.722,1.5,0.8,0.3,0.2,0.4,1.1,1.5
8,2,22,155,2.3,8.8,.265,1.8,6.5,.280,0.5,2.3,.222,3.4,4.6,.722,8.3,4.4,1.8,1.0,2.3,6.2,8.5
8,3,22,155,3.4,12.9,.265,2.6,9.5,.280,0.8,3.4,.222,4.9,6.8,.722,12.1,6.4,2.6,1.5,3.4,9.1,12.5,,93.5,100.9
8,4,22,155,11.3,.388,.294,.265,.529,43,7.2,16.8,11.9,20.7,2.6,3.0,17.5,16.9,,0.1,0.2,0.3,.068,,-3.9,1.3,-2.7
9,0,29,528,41,98,.418,40,94,.426,1,4,.250,33,48,.688,4,53,57,100,33,0,61,65,116
9,1,29,18.2,1.4,3.4,.418,1.4,3.2,.426,0.0,0.1,.250,1.1,1.7,.688,2.0,3.4,1.1,0.0,2.1,2.2,4.0
9,2,29,528,3.1,7.4,.418,3.0,7.1,.426,0.1,0.3,.250,2.5,3.6,.688,4.3,7.6,2.5,0.0,4.6,4.9,8.8
9,3,29,528,4.6,10.9,.418,4.4,10.4,.426,0.1,0.4,.250,3.7,5.3,.688,6.3,11.1,3.7,0.0,6.8,7.2,12.9,,89.4,102.2
9,4,29,528,10.8,.480,.423,.041,.490,157,0.8,11.9,6.2,37.0,3.7,0.0,33.6,17.5,,0.0,0.6,0.6,.049,,-5.1,-1.1,-6.2
10,0,17,139,11,28,.393,6,11,.545,5,17,.294,1,3,.333,2,15,17,8,1,1,16,24,28
10,1,17,8.2,0.6,1.6,.393,0.4,0.6,.545,0.3,1.0,.294,0.1,0.2,.333,1.0,0.5,0.1,0.1,0.9,1.4,1.6
10,2,17,139,3.2,8.1,.393,1.7,3.2,.545,1.4,4.9,.294,0.3,0.9,.333,4.9,2.3,0.3,0.3,4.6,6.9,8.1
10,3,17,139,4.6,11.8,.393,2.5,4.6,.545,2.1,7.2,.294,0.4,1.3,.333,7.2,3.4,0.4,0.4,6.7,10.1,11.8,,69.8,108.4
10,4,17,139,0.8,.476,.482,.607,.107,28,1.6,12.8,7.0,11.3,0.4,0.8,35.2,16.6,,-0.2,0.1,-0.1,-.039,,-7.4,-2.7,-10.1
11,0,24,557,39,120,.325,12,46,.261,27,74,.365,13,18,.722,3,47,50,70,18,4,36,42,118
11,1,24,23.2,1.6,5.0,.325,0.5,1.9,.261,1.1,3.1,.365,0.5,0.8,.722,2.1,2.9,0.8,0.2,1.5,1.8,4.9
11,2,24,557,2.8,8.6,.325,0.9,3.3,.261,1.9,5.3,.365,0.9,1.3,.722,3.6,5.0,1.3,0.3,2.6,3.0,8.5
11,3,24,557,4.1,12.6,.325,1.3,4.8,.261,2.8,7.8,.365,1.4,1.9,.722,5.3,7.4,1.9,0.4,3.8,4.4,12.4,,94.0,106.8
11,4,24,557,9.0,.459,.438,.617,.150,138,0.6,10.0,5.2,24.2,1.9,0.8,21.9,15.0,,0.2,0.4,0.6,.045,,-2.8,-1.9,-4.7
12,0,2,2,0,0,,0,0,,0,0,,0,0,,0,0,0,0,0,0,0,0,0
12,1,2,1.0,0.0,0.0,,0.0,0.0,,0.0,0.0,,0.0,0.0,,0.0,0.0,0.0,0.0,0.0,0.0,0.0
12,2,2,2,0.0,0.0,,0.0,0.0,,0.0,0.0,,0.0,0.0,,0.0,0.0,0.0,0.0,0.0,0.0,0.0
12,3,2,2,0.0,0.0,,0.0,0.0,,0.0,0.0,,0.0,0.0,,0.0,0.0,0.0,0.0,0.0,0.0,0.0,,,115.8
12,4,2,2,0.0,,,,,0,0.0,0.0,0.0,0.0,0.0,0.0,,0.0,,0.0,0.0,0.0,-.003,,-6.4,-1.0,-7.3
13,0,30,754,119,345,.345,51,160,.319,68,185,.368,69,87,.793,18,76,94,18,21,3,45,63,375
13,1,30,25.1,4.0,11.5,.345,1.7,5.3,.319,2.3,6.2,.368,2.3,2.9,.793,3.1,0.6,0.7,0.1,1.5,2.1,12.5
13,2,30,754,6.3,18.3,.345,2.7,8.5,.319,3.6,9.8,.368,3.7,4.6,.793,5.0,1.0,1.1,0.2,2.4,3.3,19.9
13,3,30,754,9.3,26.8,.345,4.0,12.4,.319,5.3,14.4,.368,5.4,6.8,.793,7.3,1.4,1.6,0.2,3.5,4.9,29.1,,97.1,106.7
13,4,30,754,14.0,.485,.443,.536,.252,322,2.7,11.9,7.2,5.5,1.6,0.5,10.4,29.0,,0.7,0.6,1.3,.070,,-1.9,-4.8,-6.7
14,0,30,453,23,54,.426,23,54,.426,0,0,,10,20,.500,41,55,96,14,15,9,28,97,56
14,1,30,15.1,0.8,1.8,.426,0.8,1.8,.426,0.0,0.0,,0.3,0.7,.500,3.2,0.5,0.5,0.3,0.9,3.2,1.9
14,2,30,453,2.0,4.8,.426,2.0,4.8,.426,0.0,0.0,,0.9,1.8,.500,8.5,1.2,1.3,0.8,2.5,8.6,4.9
14,3,30,453,3.0,7.0,.426,3.0,7.0,.426,0.0,0.0,,1.3,2.6,.500,12.4,1.8,1.9,1.2,3.6,12.6,7.2,,85.7,103.5
14,4,30,453,5.8,.441,.426,.000,.370,75,10.1,14.4,12.2,5.7,1.9,2.3,30.6,10.2,,-0.1,0.5,0.4,.036,,-5.0,1.4,-3.6
15,0,15,115,3,15,.200,3,15,.200,0,0,,4,10,.400,10,11,21,5,2,2,4,16,10
15,1,15,7.7,0.2,1.0,.200,0.2,1.0,.200,0.0,0.0,,0.3,0.7,.400,1.4,0.3,0.1,0.1,0.3,1.1,0.7
15,2,15,115,1.0,5.2,.200,1.0,5.2,.200,0.0,0.0,,1.4,3.5,.400,7.3,1.7,0.7,0.7,1.4,5.6,3.5
15,3,15,115,1.5,7.6,.200,1.5,7.6,.200,0.0,0.0,,2.0,5.1,.400,10.7,2.5,1.0,1.0,2.0,8.2,5.1,,76.4,107.3
15,4,15,115,3.5,.253,.200,.000,.667,17,9.7,11.3,10.5,7.7,1.0,2.0,16.8,10.5,,-0.1,0.1,0.0,.001,,-6.8,-0.1,-6.8
16,0,30,319,25,62,.403,12,20,.600,13,42,.310,4,5,.800,12,31,43,11,5,0,20,31,67
16,1,30,10.6,0.8,2.1,.403,0.4,0.7,.600,0.4,1.4,.310,0.1,0.2,.800,1.4,0.4,0.2,0.0,0.7,1.0,2.2
16,2,30,319,3.1,7.8,.403,1.5,2.5,.600,1.6,5.3,.310,0.5,0.6,.800,5.4,1.4,0.6,0.0,2.5,3.9,8.4
16,3,30,319,4.6,11.4,.403,2.2,3.7,.600,2.4,7.7,.310,0.7,0.9,.800,7.9,2.0,0.9,0.0,3.7,5.7,12.3,,90.5,108.6
16,4,30,319,6.4,.520,.508,.677,.081,65,4.2,11.5,7.7,6.8,0.9,0.0,23.7,13.4,,0.0,0.2,0.2,.027,,-3.5,-2.6,-6.2
17,0,2,2,0,0,,0,0,,0,0,,0,0,,0,0,0,0,0,0,0,0,0
17,1,2,1.0,0.0,0.0,,0.0,0.0,,0.0,0.0,,0.0,0.0,,0.0,0.0,0.0,0.0,0.0,0.0,0.0
17,2,2,2,0.0,0.0,,0.0,0.0,,0.0,0.0,,0.0,0.0,,0.0,0.0,0.0,0.0,0.0,0.0,0.0
17,3,2,2,0.0,0.0,,0.0,0.0,,0.0,0.0,,0.0,0.0,,0.0,0.0,0.0,0.0,0.0,0.0,0.0,,,115.8
17,4,2,2,0.0,,,,,0,0.0,0.0,0.0,0.0,0.0,0.0,,0.0,,0.0,0.0,0.0,-.003,,-6.4,-1.0,-7.3
