0,0,12,87,8,22,.364,8,22,.364,0,0,,4,8,.500,4,13,17,2,2,0,5,15,20
0,1,12,7.3,0.7,1.8,.364,0.7,1.8,.364,0.0,0.0,,0.3,0.7,.500,1.4,0.2,0.2,0.0,0.4,1.3,1.7
0,2,12,87,3.7,10.1,.364,3.7,10.1,.364,0.0,0.0,,1.8,3.7,.500,7.8,0.9,0.9,0.0,2.3,6.9,9.2
0,3,12,87,5.6,15.4,.364,5.6,15.4,.364,0.0,0.0,,2.8,5.6,.500,11.9,1.4,1.4,0.0,3.5,10.5,14.0,,78.5,100.7
0,4,12,87,5.1,.388,.364,.000,.364,19,5.1,18.2,11.3,5.2,1.4,0.0,16.2,18.1,,-0.1,0.1,0.0,.018,,-6.8,-1.4,-8.3
1,0,29,585,93,200,.465,93,200,.465,0,0,,33,67,.493,53,56,109,8,10,20,42,95,219
1,1,29,20.2,3.2,6.9,.465,3.2,6.9,.465,0.0,0.0,,1.1,2.3,.493,3.8,0.3,0.3,0.7,1.4,3.3,7.6
1,2,29,585,6.4,13.7,.465,6.4,13.7,.465,0.0,0.0,,2.3,4.6,.493,7.5,0.5,0.7,1.4,2.9,6.5,15.0
1,3,29,585,9.7,20.8,.465,9.7,20.8,.465,0.0,0.0,,3.4,7.0,.493,11.3,0.8,1.0,2.1,4.4,9.9,22.8,,91.5,102.8
1,4,29,585,12.6,.472,.465,.000,.335,202,10.0,11.7,10.8,3.6,1.0,4.6,15.3,24.0,,0.1,0.7,0.8,.056,,-3.6,-0.3,-3.9
2,0,20,367,43,102,.422,39,77,.506,4,25,.160,28,48,.583,15,17,32,20,17,1,12,30,118
2,1,20,18.4,2.2,5.1,.422,2.0,3.9,.506,0.2,1.3,.160,1.4,2.4,.583,1.6,1.0,0.9,0.1,0.6,1.5,5.9
2,2,20,367,4.7,11.1,.422,4.3,8.4,.506,0.4,2.7,.160,3.1,5.2,.583,3.5,2.2,1.9,0.1,1.3,3.3,12.9
2,3,20,367,7.1,16.9,.422,6.5,12.8,.506,0.7,4.1,.160,4.6,8.0,.583,5.3,3.3,2.8,0.2,2.0,5.0,19.6,,104.0,103.7
2,4,20,367,14.0,.473,.441,.245,.471,114,4.5,5.6,5.1,13.0,2.8,0.4,8.8,19.1,,0.5,0.4,0.9,.095,,0.6,-0.6,-0.1
3,0,11,59,2,7,.286,2,6,.333,0,1,.000,5,8,.625,5,5,10,2,5,1,3,9,9
3,1,11,5.4,0.2,0.6,.286,0.2,0.5,.333,0.0,0.1,.000,0.5,0.7,.625,0.9,0.2,0.5,0.1,0.3,0.8,0.8
3,2,11,59,1.4,4.7,.286,1.4,4.1,.333,0.0,0.7,.000,3.4,5.4,.625,6.8,1.4,3.4,0.7,2.0,6.1,6.1
3,3,11,59,2.1,7.2,.286,2.1,6.2,.333,0.0,1.0,.000,5.2,8.3,.625,10.3,2.1,5.2,1.0,3.1,9.3,9.3,,90.0,95.1
3,4,11,59,10.7,.417,.286,.143,1.143,11,9.4,10.3,9.8,6.7,5.2,2.3,21.7,12.0,,0.0,0.1,0.1,.077,,-2.2,4.3,2.1
4,0,28,449,37,82,.451,37,82,.451,0,0,,28,46,.609,34,42,76,6,6,20,22,72,102
4,1,28,16.0,1.3,2.9,.451,1.3,2.9,.451,0.0,0.0,,1.0,1.6,.609,2.7,0.2,0.2,0.7,0.8,2.6,3.6
4,2,28,449,3.3,7.3,.451,3.3,7.3,.451,0.0,0.0,,2.5,4.1,.609,6.8,0.5,0.5,1.8,2.0,6.4,9.1
4,3,28,449,5.0,11.1,.451,5.0,11.1,.451,0.0,0.0,,3.8,6.2,.609,10.3,0.8,0.8,2.7,3.0,9.8,13.8,,96.7,102.9
4,4,28,449,9.7,.491,.451,.000,.561,102,8.4,11.4,9.8,2.9,0.8,6.0,17.5,14.4,,0.2,0.5,0.7,.067,,-3.4,1.9,-1.5
5,0,31,824,115,278,.414,84,176,.477,31,102,.304,59,85,.694,65,114,179,20,26,28,59,81,320
5,1,31,26.6,3.7,9.0,.414,2.7,5.7,.477,1.0,3.3,.304,1.9,2.7,.694,5.8,0.6,0.8,0.9,1.9,2.6,10.3
5,2,31,824,5.6,13.5,.414,4.1,8.5,.477,1.5,5.0,.304,2.9,4.1,.694,8.7,1.0,1.3,1.4,2.9,3.9,15.5
5,3,31,824,8.5,20.5,.414,6.2,13.0,.477,2.3,7.5,.304,4.4,6.3,.694,13.2,1.5,1.9,2.1,4.4,6.0,23.7,,98.2,98.8
5,4,31,824,16.5,.503,.469,.367,.306,297,8.7,16.9,12.6,6.1,1.9,4.6,15.6,23.5,,0.8,1.3,2.1,.100,,0.1,1.3,1.3
6,0,31,466,52,135,.385,40,102,.392,12,33,.364,26,43,.605,34,46,80,12,10,12,38,84,142
6,1,31,15.0,1.7,4.4,.385,1.3,3.3,.392,0.4,1.1,.364,0.8,1.4,.605,2.6,0.4,0.3,0.4,1.2,2.7,4.6
6,2,31,466,4.5,11.6,.385,3.4,8.8,.392,1.0,2.8,.364,2.2,3.7,.605,6.9,1.0,0.9,1.0,3.3,7.2,12.2
6,3,31,466,6.8,17.6,.385,5.2,13.3,.392,1.6,4.3,.364,3.4,5.6,.605,10.5,1.6,1.3,1.6,5.0,11.0,18.6,,86.6,102.3
6,4,31,466,8.5,.457,.430,.244,.319,137,8.1,12.0,10.0,6.0,1.3,3.5,19.6,21.3,,-0.1,0.6,0.4,.037,,-3.5,0.1,-3.4
7,0,11,285,43,106,.406,19,52,.365,24,54,.444,19,22,.864,7,30,37,9,8,1,12,15,129
7,1,11,25.9,3.9,9.6,.406,1.7,4.7,.365,2.2,4.9,.444,1.7,2.0,.864,3.4,0.8,0.7,0.1,1.1,1.4,11.7
7,2,11,285,6.0,14.9,.406,2.7,7.3,.365,3.4,7.6,.444,2.7,3.1,.864,5.2,1.3,1.1,0.1,1.7,2.1,18.1
7,3,11,285,9.2,22.7,.406,4.1,11.1,.365,5.1,11.5,.444,4.1,4.7,.864,7.9,1.9,1.7,0.2,2.6,3.2,27.6,,112.6,103.0
7,4,11,285,18.3,.554,.519,.509,.208,109,2.7,12.8,7.5,8.2,1.7,0.5,9.3,23.1,,0.7,0.3,1.0,.139,,3.1,-2.1,0.9
8,0,29,462,30,67,.448,30,64,.469,0,3,.000,9,30,.300,3,35,38,41,18,5,35,29,69
8,1,29,15.9,1.0,2.3,.448,1.0,2.2,.469,0.0,0.1,.000,0.3,1.0,.300,1.3,1.4,0.6,0.2,1.2,1.0,2.4
8,2,29,462,2.6,5.8,.448,2.6,5.5,.469,0.0,0.3,.000,0.8,2.6,.300,3.3,3.5,1.6,0.4,3.0,2.5,6.0
8,3,29,462,4.0,8.8,.448,4.0,8.4,.469,0.0,0.4,.000,1.2,4.0,.300,5.0,5.4,2.4,0.7,4.6,3.8,9.1,,74.6,102.7
8,4,29,462,6.1,.425,.448,.045,.448,77,0.7,9.2,4.8,18.8,2.4,1.5,30.1,12.9,,-0.5,0.5,0.1,.007,,-5.2,1.0,-4.2
9,0,31,675,56,166,.337,40,111,.360,16,55,.291,45,66,.682,27,63,90,25,28,2,63,46,173
9,1,31,21.8,1.8,5.4,.337,1.3,3.6,.360,0.5,1.8,.291,1.5,2.1,.682,2.9,0.8,0.9,0.1,2.0,1.5,5.6
9,2,31,675,3.3,9.8,.337,2.4,6.6,.360,0.9,3.3,.291,2.7,3.9,.682,5.3,1.5,1.7,0.1,3.7,2.7,10.3
9,3,31,675,5.1,15.0,.337,3.6,10.0,.360,1.4,5.0,.291,4.1,6.0,.682,8.1,2.3,2.5,0.2,5.7,4.2,15.6,,78.9,101.8
9,4,31,675,7.2,.438,.386,.331,.398,169,4.4,11.4,7.7,8.1,2.5,0.4,24.2,19.8,,-0.7,0.9,0.2,.011,,-4.0,0.2,-3.8
10,0,31,987,126,324,.389,78,180,.433,48,144,.333,107,135,.793,57,148,205,66,44,9,72,79,407
10,1,31,31.8,4.1,10.5,.389,2.5,5.8,.433,1.5,4.6,.333,3.5,4.4,.793,6.6,2.1,1.4,0.3,2.3,2.5,13.1
10,2,31,987,5.1,13.1,.389,3.2,7.3,.433,1.9,5.8,.333,4.3,5.5,.793,8.3,2.7,1.8,0.4,2.9,3.2,16.5
10,3,31,987,7.8,20.0,.389,4.8,11.1,.433,3.0,8.9,.333,6.6,8.3,.793,12.7,4.1,2.7,0.6,4.4,4.9,25.1,,105.2,97.8
10,4,31,987,19.1,.524,.463,.444,.417,395,6.4,18.3,12.1,16.3,2.7,1.2,15.6,23.9,,1.8,1.6,3.4,.137,,3.6,1.4,4.9
11,0,2,3,0,1,.000,0,0,,0,1,.000,0,0,,0,0,0,0,0,0,0,0,0
11,1,2,1.5,0.0,0.5,.000,0.0,0.0,,0.0,0.5,.000,0.0,0.0,,0.0,0.0,0.0,0.0,0.0,0.0,0.0
11,2,2,3,0.0,13.3,.000,0.0,0.0,,0.0,13.3,.000,0.0,0.0,,0.0,0.0,0.0,0.0,0.0,0.0,0.0
11,3,2,3,0.0,20.3,.000,0.0,0.0,,0.0,20.3,.000,0.0,0.0,,0.0,0.0,0.0,0.0,0.0,0.0,0.0,,0.0,113.3
11,4,2,3,-14.8,.000,.000,1.000,.000,0,0.0,0.0,0.0,0.0,0.0,0.0,0.0,17.1,,0.0,0.0,0.0,-.219,,-11.5,-5.8,-17.3
12,0,6,148,13,36,.361,5,8,.625,8,28,.286,15,19,.789,1,6,7,18,15,0,7,9,49
12,1,6,24.7,2.2,6.0,.361,0.8,1.3,.625,1.3,4.7,.286,2.5,3.2,.789,1.2,3.0,2.5,0.0,1.2,1.5,8.2
12,2,6,148,3.5,9.7,.361,1.4,2.2,.625,2.2,7.6,.286,4.1,5.1,.789,1.9,4.9,4.1,0.0,1.9,2.4,13.2
12,3,6,148,5.3,14.8,.361,2.1,3.3,.625,3.3,11.5,.286,6.2,7.8,.789,2.9,7.4,6.2,0.0,2.9,3.7,20.2,,116.5,96.7
12,4,6,148,19.9,.544,.472,.778,.528,50,0.7,4.9,2.7,27.0,6.2,0.0,13.5,18.0,,0.3,0.3,0.6,.164,,4.9,0.1,5.0
13,0,31,878,57,169,.337,52,150,.347,5,19,.263,57,86,.663,20,55,75,120,53,1,66,74,176
13,1,31,28.3,1.8,5.5,.337,1.7,4.8,.347,0.2,0.6,.263,1.8,2.8,.663,2.4,3.9,1.7,0.0,2.1,2.4,5.7
13,2,31,878,2.6,7.7,.337,2.4,6.8,.347,0.2,0.9,.263,2.6,3.9,.663,3.4,5.5,2.4,0.0,3.0,3.4,8.0
13,3,31,878,4.0,11.7,.337,3.6,10.4,.347,0.3,1.3,.263,4.0,6.0,.663,5.2,8.3,3.7,0.1,4.6,5.1,12.2,,88.2,100.9
13,4,31,878,10.4,.419,.352,.112,.509,218,2.5,7.6,5.0,28.9,3.7,0.2,23.9,16.1,,-0.1,1.2,1.1,.050,,-2.1,0.8,-1.3
