0,0,31,764,103,229,.450,103,228,.452,0,1,.000,45,66,.682,55,103,158,29,11,28,66,101,251
0,1,31,24.6,3.3,7.4,.450,3.3,7.4,.452,0.0,0.0,.000,1.5,2.1,.682,5.1,0.9,0.4,0.9,2.1,3.3,8.1
0,2,31,764,5.4,12.0,.450,5.4,11.9,.452,0.0,0.1,.000,2.4,3.5,.682,8.3,1.5,0.6,1.5,3.5,5.3,13.1
0,3,31,764,8.3,18.5,.450,8.3,18.4,.452,0.0,0.1,.000,3.6,5.3,.682,12.7,2.3,0.9,2.3,5.3,8.1,20.2,,89.3,98.6
0,4,31,764,12.1,.482,.450,.004,.288,245,8.4,15.7,12.0,9.0,0.9,4.3,20.2,22.6,,0.0,1.2,1.2,.062,,-3.6,2.2,-1.4
1,0,30,670,90,194,.464,76,156,.487,14,38,.368,68,107,.636,22,32,54,34,16,3,41,44,262
1,1,30,22.3,3.0,6.5,.464,2.5,5.2,.487,0.5,1.3,.368,2.3,3.6,.636,1.8,1.1,0.5,0.1,1.4,1.5,8.7
1,2,30,670,5.4,11.6,.464,4.5,9.3,.487,0.8,2.3,.368,4.1,6.4,.636,3.2,2.0,1.0,0.2,2.4,2.6,15.6
1,3,30,670,8.3,17.8,.464,7.0,14.3,.487,1.3,3.5,.368,6.3,9.8,.636,5.0,3.1,1.5,0.3,3.8,4.0,24.1,,103.5,104.4
1,4,30,670,14.7,.535,.500,.196,.552,240,3.8,5.6,4.7,12.1,1.5,0.5,14.3,22.5,,1.0,0.6,1.7,.099,,0.6,-1.2,-0.6
2,0,2,1,0,0,,0,0,,0,0,,2,2,1.000,0,0,0,0,1,0,0,0,2
2,1,2,0.5,0.0,0.0,,0.0,0.0,,0.0,0.0,,1.0,1.0,1.000,0.0,0.0,0.5,0.0,0.0,0.0,1.0
2,2,2,1,0.0,0.0,,0.0,0.0,,0.0,0.0,,80.0,80.0,1.000,0.0,0.0,40.0,0.0,0.0,0.0,80.0
2,3,2,1,0.0,0.0,,0.0,0.0,,0.0,0.0,,123.3,123.3,1.000,0.0,0.0,61.6,0.0,0.0,0.0,123.3,,250.0,-27.1
2,4,2,1,181.7,1.053,,,,2,0.0,0.0,0.0,0.0,61.6,0.0,0.0,50.2,,0.0,0.0,0.0,1.973,,64.2,43.1,100.0
3,0,29,411,28,54,.519,28,54,.519,0,0,,14,27,.519,40,46,86,2,10,14,25,62,70
3,1,29,14.2,1.0,1.9,.519,1.0,1.9,.519,0.0,0.0,,0.5,0.9,.519,3.0,0.1,0.3,0.5,0.9,2.1,2.4
3,2,29,411,2.7,5.3,.519,2.7,5.3,.519,0.0,0.0,,1.4,2.6,.519,8.4,0.2,1.0,1.4,2.4,6.0,6.8
3,3,29,411,4.2,8.1,.519,4.2,8.1,.519,0.0,0.0,,2.1,4.0,.519,12.9,0.3,1.5,2.1,3.7,9.3,10.5,,91.3,98.6
3,4,29,411,9.0,.524,.519,.000,.500,76,11.4,13.0,12.2,1.0,1.5,4.0,27.2,11.8,,0.1,0.6,0.7,.067,,-3.5,2.0,-1.5
4,0,31,975,146,329,.444,103,196,.526,43,133,.323,42,65,.646,55,172,227,31,35,71,65,88,377
4,1,31,31.5,4.7,10.6,.444,3.3,6.3,.526,1.4,4.3,.323,1.4,2.1,.646,7.3,1.0,1.1,2.3,2.1,2.8,12.2
4,2,31,975,6.0,13.5,.444,4.2,8.0,.526,1.8,5.5,.323,1.7,2.7,.646,9.3,1.3,1.4,2.9,2.7,3.6,15.5
4,3,31,975,9.2,20.8,.444,6.5,12.4,.526,2.7,8.4,.323,2.7,4.1,.646,14.3,2.0,2.2,4.5,4.1,5.6,23.8,,98.9,91.6
4,4,31,975,19.6,.524,.509,.404,.198,339,6.6,20.5,13.6,7.9,2.2,8.6,15.3,23.0,,1.0,2.1,3.2,.130,,0.7,5.5,6.1
5,0,19,225,15,59,.254,6,22,.273,9,37,.243,0,1,.000,9,19,28,8,4,2,12,18,39
5,1,19,11.8,0.8,3.1,.254,0.3,1.2,.273,0.5,1.9,.243,0.0,0.1,.000,1.5,0.4,0.2,0.1,0.6,0.9,2.1
5,2,19,225,2.7,10.5,.254,1.1,3.9,.273,1.6,6.6,.243,0.0,0.2,.000,5.0,1.4,0.7,0.4,2.1,3.2,6.9
5,3,19,225,4.1,16.2,.254,1.6,6.0,.273,2.5,10.1,.243,0.0,0.3,.000,7.7,2.2,1.1,0.5,3.3,4.9,10.7,,70.1,102.8
5,4,19,225,2.6,.328,.331,.627,.017,41,4.7,9.8,7.2,7.3,1.1,1.0,16.8,16.8,,-0.3,0.3,-0.1,-.014,,-4.7,-0.5,-5.2
6,0,25,254,16,33,.485,16,33,.485,0,0,,8,15,.533,21,44,65,1,3,16,12,34,40
6,1,25,10.2,0.6,1.3,.485,0.6,1.3,.485,0.0,0.0,,0.3,0.6,.533,2.6,0.0,0.1,0.6,0.5,1.4,1.6
6,2,25,254,2.5,5.2,.485,2.5,5.2,.485,0.0,0.0,,1.3,2.4,.533,10.2,0.2,0.5,2.5,1.9,5.4,6.3
6,3,25,254,3.9,8.0,.485,3.9,8.0,.485,0.0,0.0,,1.9,3.6,.533,15.8,0.2,0.7,3.9,2.9,8.2,9.7,,92.6,95.4
6,4,25,254,10.4,.498,.485,.000,.455,43,9.6,20.1,14.9,0.8,0.7,7.4,23.0,10.8,,0.1,0.5,0.5,.081,,-5.1,3.1,-2.0
7,0,14,195,30,56,.536,26,40,.650,4,16,.250,9,14,.643,12,18,30,10,7,0,14,24,73
7,1,14,13.9,2.1,4.0,.536,1.9,2.9,.650,0.3,1.1,.250,0.6,1.0,.643,2.1,0.7,0.5,0.0,1.0,1.7,5.2
7,2,14,195,6.2,11.5,.536,5.3,8.2,.650,0.8,3.3,.250,1.8,2.9,.643,6.2,2.1,1.4,0.0,2.9,4.9,15.0
7,3,14,195,9.5,17.7,.536,8.2,12.6,.650,1.3,5.1,.250,2.8,4.4,.643,9.5,3.2,2.2,0.0,4.4,7.6,23.1,,104.6,100.1
7,4,14,195,16.3,.583,.571,.286,.250,67,7.2,10.7,9.0,12.8,2.2,0.0,18.3,20.8,,0.3,0.3,0.6,.117,,1.6,-0.2,1.5
8,0,3,19,0,6,.000,0,3,.000,0,3,.000,0,0,,1,0,1,0,0,0,1,2,0
8,1,3,6.3,0.0,2.0,.000,0.0,1.0,.000,0.0,1.0,.000,0.0,0.0,,0.3,0.0,0.0,0.0,0.3,0.7,0.0
8,2,3,19,0.0,12.6,.000,0.0,6.3,.000,0.0,6.3,.000,0.0,0.0,,2.1,0.0,0.0,0.0,2.1,4.2,0.0
8,3,3,19,0.0,19.5,.000,0.0,9.7,.000,0.0,9.7,.000,0.0,0.0,,3.2,0.0,0.0,0.0,3.2,6.5,0.0,,9.3,110.4
8,4,3,19,-17.1,.000,.000,.500,.000,0,6.1,0.0,3.1,0.0,0.0,0.0,14.3,19.5,,-0.1,0.0,-0.1,-.249,,-15.0,-4.7,-19.7
9,0,8,83,1,9,.111,1,9,.111,0,0,,0,0,,1,8,9,12,3,0,4,6,2
9,1,8,10.4,0.1,1.1,.111,0.1,1.1,.111,0.0,0.0,,0.0,0.0,,1.1,1.5,0.4,0.0,0.5,0.8,0.3
9,2,8,83,0.5,4.3,.111,0.5,4.3,.111,0.0,0.0,,0.0,0.0,,4.3,5.8,1.4,0.0,1.9,2.9,1.0
9,3,8,83,0.7,6.7,.111,0.7,6.7,.111,0.0,0.0,,0.0,0.0,,6.7,8.9,2.2,0.0,3.0,4.5,1.5,,61.4,100.1
9,4,8,83,3.6,.111,.111,.000,.000,8,1.4,11.2,6.3,26.6,2.2,0.0,30.8,8.3,,-0.1,0.1,0.0,.003,,-7.0,1.1,-5.9
10,0,20,380,31,75,.413,27,62,.435,4,13,.308,20,29,.690,26,54,80,18,14,2,20,26,86
10,1,20,19.0,1.6,3.8,.413,1.4,3.1,.435,0.2,0.7,.308,1.0,1.5,.690,4.0,0.9,0.7,0.1,1.0,1.3,4.3
10,2,20,380,3.3,7.9,.413,2.8,6.5,.435,0.4,1.4,.308,2.1,3.1,.690,8.4,1.9,1.5,0.2,2.1,2.7,9.1
10,3,20,380,5.0,12.2,.413,4.4,10.1,.435,0.6,2.1,.308,3.2,4.7,.690,13.0,2.9,2.3,0.3,3.2,4.2,13.9,,97.7,97.1
10,4,20,380,12.7,.484,.440,.173,.387,92,8.0,16.5,12.3,10.0,2.3,0.6,18.4,15.1,,0.3,0.6,0.9,.093,,-1.3,2.1,0.8
11,0,4,5,0,3,.000,0,2,.000,0,1,.000,0,0,,0,1,1,0,1,0,0,1,0
11,1,4,1.3,0.0,0.8,.000,0.0,0.5,.000,0.0,0.3,.000,0.0,0.0,,0.3,0.0,0.3,0.0,0.0,0.3,0.0
11,2,4,5,0.0,24.0,.000,0.0,16.0,.000,0.0,8.0,.000,0.0,0.0,,8.0,0.0,8.0,0.0,0.0,8.0,0.0
11,3,4,5,0.0,37.0,.000,0.0,24.7,.000,0.0,12.3,.000,0.0,0.0,,12.3,0.0,12.3,0.0,0.0,12.3,0.0,,0.0,70.8
11,4,4,5,-13.7,.000,.000,.333,.000,0,0.0,23.2,11.6,0.0,12.3,0.0,0.0,31.7,,-0.1,0.0,0.0,-.261,,-21.2,1.5,-19.7
12,0,4,6,0,1,.000,0,0,,0,1,.000,0,2,.000,0,1,1,0,0,0,2,3,0
12,1,4,1.5,0.0,0.3,.000,0.0,0.0,,0.0,0.3,.000,0.0,0.5,.000,0.3,0.0,0.0,0.0,0.5,0.8,0.0
12,2,4,6,0.0,6.7,.000,0.0,0.0,,0.0,6.7,.000,0.0,13.3,.000,6.7,0.0,0.0,0.0,13.3,20.0,0.0
12,3,4,6,0.0,10.3,.000,0.0,0.0,,0.0,10.3,.000,0.0,20.5,.000,10.3,0.0,0.0,0.0,20.5,30.8,0.0,,0.0,98.5
12,4,4,6,-42.6,.000,.000,1.000,2.000,0,0.0,19.4,9.7,0.0,0.0,0.0,50.6,34.8,,-0.1,0.0,-0.1,-.560,,-30.1,-5.7,-35.8
13,0,31,987,126,329,.383,66,140,.471,60,189,.317,80,114,.702,22,99,121,71,44,6,50,75,392
13,1,31,31.8,4.1,10.6,.383,2.1,4.5,.471,1.9,6.1,.317,2.6,3.7,.702,3.9,2.3,1.4,0.2,1.6,2.4,12.6
13,2,31,987,5.1,13.3,.383,2.7,5.7,.471,2.4,7.7,.317,3.2,4.6,.702,4.9,2.9,1.8,0.2,2.0,3.0,15.9
13,3,31,987,7.9,20.5,.383,4.1,8.7,.471,3.7,11.8,.317,5.0,7.1,.702,7.6,4.4,2.7,0.4,3.1,4.7,24.5,,105.4,98.4
13,4,31,987,17.0,.512,.474,.574,.347,367,2.6,11.7,7.1,16.8,2.7,0.7,11.5,23.2,,1.7,1.5,3.2,.132,,3.8,0.7,4.5
14,0,31,561,39,86,.453,37,79,.468,2,7,.286,24,40,.600,7,32,39,67,25,2,34,34,104
14,1,31,18.1,1.3,2.8,.453,1.2,2.5,.468,0.1,0.2,.286,0.8,1.3,.600,1.3,2.2,0.8,0.1,1.1,1.1,3.4
14,2,31,561,2.8,6.1,.453,2.6,5.6,.468,0.1,0.5,.286,1.7,2.9,.600,2.8,4.8,1.8,0.1,2.4,2.4,7.4
14,3,31,561,4.3,9.4,.453,4.1,8.7,.468,0.2,0.8,.286,2.6,4.4,.600,4.3,7.4,2.7,0.2,3.7,3.7,11.4,,96.0,101.1
14,4,31,561,10.7,.495,.465,.081,.465,123,1.5,6.6,4.0,24.6,2.7,0.4,24.5,13.1,,0.3,0.7,1.0,.071,,-2.2,0.3,-1.9
15,0,27,739,71,206,.345,51,128,.398,20,78,.256,82,126,.651,18,67,85,103,25,5,72,52,244
15,1,27,27.4,2.6,7.6,.345,1.9,4.7,.398,0.7,2.9,.256,3.0,4.7,.651,3.1,3.8,0.9,0.2,2.7,1.9,9.0
15,2,27,739,3.8,11.2,.345,2.8,6.9,.398,1.1,4.2,.256,4.4,6.8,.651,4.6,5.6,1.4,0.3,3.9,2.8,13.2
15,3,27,739,5.9,17.2,.345,4.3,10.7,.398,1.7,6.5,.256,6.8,10.5,.651,7.1,8.6,2.1,0.4,6.0,4.3,20.3,,91.5,100.4
15,4,27,739,12.9,.459,.393,.379,.612,269,2.8,10.5,6.7,30.4,2.1,0.8,21.3,24.1,,0.2,1.0,1.2,.066,,-0.2,0.2,0.0
