0,0,34,655,94,210,.448,86,182,.473,8,28,.286,44,68,.647,41,85,126,29,16,25,53,89,240
0,1,34,19.3,2.8,6.2,.448,2.5,5.4,.473,0.2,0.8,.286,1.3,2.0,.647,3.7,0.9,0.5,0.7,1.6,2.6,7.1
0,2,34,655,5.7,12.8,.448,5.3,11.1,.473,0.5,1.7,.286,2.7,4.2,.647,7.7,1.8,1.0,1.5,3.2,5.4,14.7
0,3,34,655,8.4,18.7,.448,7.7,16.2,.473,0.7,2.5,.286,3.9,6.1,.647,11.2,2.6,1.4,2.2,4.7,7.9,21.4,,95.8,96.7
0,4,34,655,13.6,.495,.467,.133,.324,230,7.2,14.9,11.1,8.8,1.4,4.2,17.9,22.3,,0.4,1.1,1.6,.097,,-3.5,0.7,-2.8
1,0,34,457,54,146,.370,8,19,.421,46,127,.362,21,32,.656,7,23,30,31,12,0,21,43,175
1,1,34,13.4,1.6,4.3,.370,0.2,0.6,.421,1.4,3.7,.362,0.6,0.9,.656,0.9,0.9,0.4,0.0,0.6,1.3,5.1
1,2,34,457,4.7,12.8,.370,0.7,1.7,.421,4.0,11.1,.362,1.8,2.8,.656,2.6,2.7,1.1,0.0,1.8,3.8,15.3
1,3,34,457,6.9,18.6,.370,1.0,2.4,.421,5.9,16.2,.362,2.7,4.1,.656,3.8,4.0,1.5,0.0,2.7,5.5,22.3,,112.5,102.8
1,4,34,457,13.3,.543,.527,.870,.219,158,1.8,5.8,3.8,12.8,1.5,0.0,11.5,19.7,,0.9,0.5,1.5,.128,,2.3,-3.9,-1.6
2,0,34,1061,91,224,.406,66,158,.418,25,66,.379,93,121,.769,12,83,95,161,57,2,102,69,300
2,1,34,31.2,2.7,6.6,.406,1.9,4.6,.418,0.7,1.9,.379,2.7,3.6,.769,2.8,4.7,1.7,0.1,3.0,2.0,8.8
2,2,34,1061,3.4,8.4,.406,2.5,6.0,.418,0.9,2.5,.379,3.5,4.6,.769,3.6,6.1,2.1,0.1,3.8,2.6,11.3
2,3,34,1061,5.0,12.3,.406,3.6,8.7,.418,1.4,3.6,.379,5.1,6.7,.769,5.2,8.9,3.1,0.1,5.6,3.8,16.5,,100.1,97.9
2,4,34,1061,13.7,.533,.462,.295,.540,345,1.3,9.0,5.2,27.0,3.1,0.2,26.6,17.9,,1.0,1.7,2.8,.105,,-0.9,-0.2,-1.1
3,0,34,339,26,58,.448,17,36,.472,9,22,.409,15,24,.625,4,26,30,56,21,0,33,23,76
3,1,34,10.0,0.8,1.7,.448,0.5,1.1,.472,0.3,0.6,.409,0.4,0.7,.625,0.9,1.6,0.6,0.0,1.0,0.7,2.2
3,2,34,339,3.1,6.8,.448,2.0,4.2,.472,1.1,2.6,.409,1.8,2.8,.625,3.5,6.6,2.5,0.0,3.9,2.7,9.0
3,3,34,339,4.5,10.0,.448,2.9,6.2,.472,1.5,3.8,.409,2.6,4.1,.625,5.2,9.6,3.6,0.0,5.7,4.0,13.1,,97.3,96.9
3,4,34,339,12.7,.548,.526,.379,.414,94,1.4,8.8,5.1,29.0,3.6,0.0,32.2,14.9,,0.2,0.6,0.8,.095,,-2.1,-1.1,-3.2
4,0,10,314,41,108,.380,24,52,.462,17,56,.304,40,51,.784,6,29,35,13,11,2,16,15,139
4,1,10,31.4,4.1,10.8,.380,2.4,5.2,.462,1.7,5.6,.304,4.0,5.1,.784,3.5,1.3,1.1,0.2,1.6,1.5,13.9
4,2,10,314,5.2,13.8,.380,3.1,6.6,.462,2.2,7.1,.304,5.1,6.5,.784,4.5,1.7,1.4,0.3,2.0,1.9,17.7
4,3,10,314,7.6,20.1,.380,4.5,9.7,.462,3.2,10.4,.304,7.4,9.5,.784,6.5,2.4,2.0,0.4,3.0,2.8,25.8,,109.9,99.4
4,4,10,314,16.6,.526,.458,.519,.472,124,2.2,10.6,6.4,8.0,2.0,0.7,10.8,23.3,,0.7,0.5,1.1,.144,,0.8,-2.2,-1.4
5,0,33,1057,206,487,.423,134,292,.459,72,195,.369,79,106,.745,53,94,147,66,60,15,67,78,563
5,1,33,32.0,6.2,14.8,.423,4.1,8.8,.459,2.2,5.9,.369,2.4,3.2,.745,4.5,2.0,1.8,0.5,2.0,2.4,17.1
5,2,33,1057,7.8,18.4,.423,5.1,11.1,.459,2.7,7.4,.369,3.0,4.0,.745,5.6,2.5,2.3,0.6,2.5,3.0,21.3
5,3,33,1057,11.4,26.9,.423,7.4,16.1,.459,4.0,10.8,.369,4.4,5.9,.745,8.1,3.6,3.3,0.8,3.7,4.3,31.1,,109.2,96.2
5,4,33,1057,21.7,.524,.497,.400,.218,513,5.8,10.2,8.0,13.8,3.3,1.6,11.1,28.3,,2.6,1.9,4.5,.172,,2.9,-0.2,2.7
6,0,34,1027,123,201,.612,123,201,.612,0,0,,80,135,.593,92,159,251,26,24,55,56,95,326
6,1,34,30.2,3.6,5.9,.612,3.6,5.9,.612,0.0,0.0,,2.4,4.0,.593,7.4,0.8,0.7,1.6,1.6,2.8,9.6
6,2,34,1027,4.8,7.8,.612,4.8,7.8,.612,0.0,0.0,,3.1,5.3,.593,9.8,1.0,0.9,2.1,2.2,3.7,12.7
6,3,34,1027,7.0,11.4,.612,7.0,11.4,.612,0.0,0.0,,4.5,7.7,.593,14.3,1.5,1.4,3.1,3.2,5.4,18.5,,115.8,95.0
6,4,34,1027,18.7,.615,.612,.000,.672,318,10.3,17.8,14.1,4.8,1.4,5.9,17.4,15.5,,2.1,2.0,4.0,.157,,0.1,2.8,2.9
7,0,1,2,0,0,,0,0,,0,0,,0,0,,0,0,0,0,0,0,0,0,0
7,1,1,2.0,0.0,0.0,,0.0,0.0,,0.0,0.0,,0.0,0.0,,0.0,0.0,0.0,0.0,0.0,0.0,0.0
7,2,1,2,0.0,0.0,,0.0,0.0,,0.0,0.0,,0.0,0.0,,0.0,0.0,0.0,0.0,0.0,0.0,0.0
7,3,1,2,0.0,0.0,,0.0,0.0,,0.0,0.0,,0.0,0.0,,0.0,0.0,0.0,0.0,0.0,0.0,0.0,,,109.4
7,4,1,2,0.0,,,,,0,0.0,0.0,0.0,0.0,0.0,0.0,,0.0,,0.0,0.0,0.0,.022,,-5.1,-0.3,-5.4
8,0,12,58,5,9,.556,5,9,.556,0,0,,7,9,.778,7,12,19,5,3,4,4,7,17
8,1,12,4.8,0.4,0.8,.556,0.4,0.8,.556,0.0,0.0,,0.6,0.8,.778,1.6,0.4,0.3,0.3,0.3,0.6,1.4
8,2,12,58,3.4,6.2,.556,3.4,6.2,.556,0.0,0.0,,4.8,6.2,.778,13.1,3.4,2.1,2.8,2.8,4.8,11.7
8,3,12,58,5.0,9.1,.556,5.0,9.1,.556,0.0,0.0,,7.0,9.1,.778,19.1,5.0,3.0,4.0,4.0,7.0,17.1,,123.5,87.7
8,4,12,58,24.1,.640,.556,.000,1.000,20,13.9,23.8,18.9,15.4,3.0,7.7,23.2,14.7,,0.2,0.2,0.3,.215,,1.0,5.9,6.9
9,0,33,1003,143,297,.481,142,289,.491,1,8,.125,77,110,.700,53,88,141,59,60,3,68,84,364
9,1,33,30.4,4.3,9.0,.481,4.3,8.8,.491,0.0,0.2,.125,2.3,3.3,.700,4.3,1.8,1.8,0.1,2.1,2.5,11.0
9,2,33,1003,5.7,11.8,.481,5.7,11.5,.491,0.0,0.3,.125,3.1,4.4,.700,5.6,2.4,2.4,0.1,2.7,3.3,14.5
9,3,33,1003,8.3,17.3,.481,8.3,16.8,.491,0.1,0.5,.125,4.5,6.4,.700,8.2,3.4,3.5,0.2,4.0,4.9,21.2,,103.5,96.4
9,4,33,1003,16.2,.521,.483,.027,.370,355,6.1,10.1,8.1,11.7,3.5,0.3,16.3,20.6,,1.4,1.8,3.2,.126,,-0.7,1.0,0.3
10,0,34,562,80,160,.500,80,159,.503,0,1,.000,59,92,.641,74,84,158,19,19,19,43,61,219
10,1,34,16.5,2.4,4.7,.500,2.4,4.7,.503,0.0,0.0,.000,1.7,2.7,.641,4.6,0.6,0.6,0.6,1.3,1.8,6.4
10,2,34,562,5.7,11.4,.500,5.7,11.3,.503,0.0,0.1,.000,4.2,6.5,.641,11.2,1.4,1.4,1.4,3.1,4.3,15.6
10,3,34,562,8.3,16.6,.500,8.3,16.5,.503,0.0,0.1,.000,6.1,9.6,.641,16.4,2.0,2.0,2.0,4.5,6.3,22.7,,107.1,94.8
10,4,34,562,19.8,.538,.500,.006,.575,226,15.2,17.2,16.2,6.7,2.0,3.8,17.4,21.7,,1.1,1.1,2.1,.153,,-1.0,0.7,-0.3
11,0,9,50,10,17,.588,2,3,.667,8,14,.571,2,3,.667,1,6,7,1,0,0,1,1,30
11,1,9,5.6,1.1,1.9,.588,0.2,0.3,.667,0.9,1.6,.571,0.2,0.3,.667,0.8,0.1,0.0,0.0,0.1,0.1,3.3
11,2,9,50,8.0,13.6,.588,1.6,2.4,.667,6.4,11.2,.571,1.6,2.4,.667,5.6,0.8,0.0,0.0,0.8,0.8,24.0
11,3,9,50,11.7,19.8,.588,2.3,3.5,.667,9.3,16.3,.571,2.3,3.5,.667,8.2,1.2,0.0,0.0,1.2,1.2,35.0,,155.7,102.9
11,4,9,50,28.5,.814,.824,.824,.176,21,2.3,13.8,8.1,4.5,0.0,0.0,5.1,19.2,,0.3,0.1,0.3,.247,,8.4,-5.8,2.6
12,0,34,365,26,43,.605,26,43,.605,0,0,,9,22,.409,29,52,81,18,9,17,16,59,61
12,1,34,10.7,0.8,1.3,.605,0.8,1.3,.605,0.0,0.0,,0.3,0.6,.409,2.4,0.5,0.3,0.5,0.5,1.7,1.8
12,2,34,365,2.8,4.7,.605,2.8,4.7,.605,0.0,0.0,,1.0,2.4,.409,8.9,2.0,1.0,1.9,1.8,6.5,6.7
12,3,34,365,4.2,6.9,.605,4.2,6.9,.605,0.0,0.0,,1.4,3.5,.409,12.9,2.9,1.4,2.7,2.6,9.4,9.8,,109.5,95.4
12,4,34,365,12.0,.571,.605,.000,.512,72,9.2,16.4,12.8,8.6,1.4,5.2,23.0,9.4,,0.4,0.7,1.1,.116,,-1.8,3.2,1.4
