0,0,14,59,5,16,.313,1,3,.333,4,13,.308,1,5,.200,1,3,4,0,1,0,3,6,15
0,1,14,4.2,0.4,1.1,.313,0.1,0.2,.333,0.3,0.9,.308,0.1,0.4,.200,0.3,0.0,0.1,0.0,0.2,0.4,1.1
0,2,14,59,3.4,10.8,.313,0.7,2.0,.333,2.7,8.8,.308,0.7,3.4,.200,2.7,0.0,0.7,0.0,2.0,4.1,10.2
0,3,14,59,5.0,15.9,.313,1.0,3.0,.333,4.0,12.9,.308,1.0,5.0,.200,4.0,0.0,1.0,0.0,3.0,6.0,14.9,,76.3,113.4
0,4,14,59,2.0,.408,.438,.813,.313,12,1.8,6.5,3.9,0.0,1.0,0.0,14.0,18.0,,-0.1,0.0,-0.1,-.034,,-6.1,-7.2,-13.2
1,0,30,905,86,245,.351,62,164,.378,24,81,.296,98,156,.628,61,86,147,77,27,8,68,74,294
1,1,30,30.2,2.9,8.2,.351,2.1,5.5,.378,0.8,2.7,.296,3.3,5.2,.628,4.9,2.6,0.9,0.3,2.3,2.5,9.8
1,2,30,905,3.8,10.8,.351,2.7,7.2,.378,1.1,3.6,.296,4.3,6.9,.628,6.5,3.4,1.2,0.4,3.0,3.3,13.0
1,3,30,905,5.6,15.9,.351,4.0,10.6,.378,1.6,5.2,.296,6.3,10.1,.628,9.5,5.0,1.7,0.5,4.4,4.8,19.0,,95.7,109.4
1,4,30,905,12.6,.461,.400,.331,.637,314,7.2,12.1,9.4,18.6,1.7,1.0,17.6,21.2,,0.5,0.5,1.1,.047,,-1.3,-1.9,-3.2
2,0,27,290,27,91,.297,16,42,.381,11,49,.224,14,19,.737,12,35,47,7,3,12,19,43,79
2,1,27,10.7,1.0,3.4,.297,0.6,1.6,.381,0.4,1.8,.224,0.5,0.7,.737,1.7,0.3,0.1,0.4,0.7,1.6,2.9
2,2,27,290,3.7,12.6,.297,2.2,5.8,.381,1.5,6.8,.224,1.9,2.6,.737,6.5,1.0,0.4,1.7,2.6,5.9,10.9
2,3,27,290,5.5,18.4,.297,3.2,8.5,.381,2.2,9.9,.224,2.8,3.8,.737,9.5,1.4,0.6,2.4,3.8,8.7,16.0,,79.6,108.6
2,4,27,290,5.4,.395,.357,.538,.209,74,4.4,15.4,9.4,5.3,0.6,4.9,16.0,20.4,,-0.3,0.2,-0.1,-.011,,-6.7,-2.5,-9.2
3,0,30,886,93,238,.391,58,124,.468,35,114,.307,63,94,.670,15,72,87,48,29,3,46,68,284
3,1,30,29.5,3.1,7.9,.391,1.9,4.1,.468,1.2,3.8,.307,2.1,3.1,.670,2.9,1.6,1.0,0.1,1.5,2.3,9.5
3,2,30,886,4.2,10.7,.391,2.6,5.6,.468,1.6,5.1,.307,2.8,4.2,.670,3.9,2.2,1.3,0.1,2.1,3.1,12.8
3,3,30,886,6.2,15.8,.391,3.8,8.2,.468,2.3,7.5,.307,4.2,6.2,.670,5.8,3.2,1.9,0.2,3.0,4.5,18.8,,100.2,110.0
3,4,30,886,11.3,.502,.464,.479,.395,262,1.8,10.4,5.7,12.1,1.9,0.4,14.0,18.4,,0.8,0.5,1.2,.056,,-1.2,-2.8,-4.0
4,0,30,759,118,198,.596,118,198,.596,0,0,,48,68,.706,51,104,155,21,13,23,50,81,284
4,1,30,25.3,3.9,6.6,.596,3.9,6.6,.596,0.0,0.0,,1.6,2.3,.706,5.2,0.7,0.4,0.8,1.7,2.7,9.5
4,2,30,759,6.2,10.4,.596,6.2,10.4,.596,0.0,0.0,,2.5,3.6,.706,8.2,1.1,0.7,1.2,2.6,4.3,15.0
4,3,30,759,9.1,15.3,.596,9.1,15.3,.596,0.0,0.0,,3.7,5.3,.706,12.0,1.6,1.0,1.8,3.9,6.3,21.9,,109.7,107.9
4,4,30,759,17.3,.617,.596,.000,.343,252,7.1,17.5,11.8,7.0,1.0,3.6,17.8,18.3,,1.3,0.6,1.9,.098,,-1.6,-1.0,-2.6
5,0,30,1034,142,310,.458,142,309,.460,0,1,.000,108,156,.692,135,198,333,43,35,70,75,62,392
5,1,30,34.5,4.7,10.3,.458,4.7,10.3,.460,0.0,0.0,.000,3.6,5.2,.692,11.1,1.4,1.2,2.3,2.5,2.1,13.1
5,2,30,1034,5.5,12.0,.458,5.5,12.0,.460,0.0,0.0,.000,4.2,6.0,.692,12.9,1.7,1.4,2.7,2.9,2.4,15.2
5,3,30,1034,8.1,17.6,.458,8.1,17.5,.460,0.0,0.1,.000,6.1,8.8,.692,18.9,2.4,2.0,4.0,4.3,3.5,22.2,,103.7,101.3
5,4,30,1034,22.1,.510,.458,.003,.503,406,13.9,24.4,18.7,10.0,2.0,8.0,16.3,22.0,,1.5,1.4,3.0,.114,,-1.5,3.3,1.8
6,0,21,237,13,51,.255,6,31,.194,7,20,.350,7,15,.467,3,14,17,18,8,1,13,21,40
6,1,21,11.3,0.6,2.4,.255,0.3,1.5,.194,0.3,1.0,.350,0.3,0.7,.467,0.8,0.9,0.4,0.0,0.6,1.0,1.9
6,2,21,237,2.2,8.6,.255,1.0,5.2,.194,1.2,3.4,.350,1.2,2.5,.467,2.9,3.0,1.4,0.2,2.2,3.5,6.8
6,3,21,237,3.2,12.6,.255,1.5,7.7,.194,1.7,4.9,.350,1.7,3.7,.467,4.2,4.5,2.0,0.2,3.2,5.2,9.9,,74.8,110.6
6,4,21,237,3.4,.344,.324,.392,.294,44,1.3,7.5,4.2,15.3,2.0,0.5,18.3,14.9,,-0.3,0.1,-0.1,-.024,,-6.5,-3.1,-9.7
7,0,21,104,4,17,.235,4,17,.235,0,0,,11,16,.688,11,7,18,5,2,3,11,23,19
7,1,21,5.0,0.2,0.8,.235,0.2,0.8,.235,0.0,0.0,,0.5,0.8,.688,0.9,0.2,0.1,0.1,0.5,1.1,0.9
7,2,21,104,1.5,6.5,.235,1.5,6.5,.235,0.0,0.0,,4.2,6.2,.688,6.9,1.9,0.8,1.2,4.2,8.8,7.3
7,3,21,104,2.3,9.6,.235,2.3,9.6,.235,0.0,0.0,,6.2,9.0,.688,10.1,2.8,1.1,1.7,6.2,13.0,10.7,,75.4,110.0
7,4,21,104,3.3,.386,.235,.000,.941,24,11.2,8.6,10.0,9.4,1.1,3.4,30.9,17.0,,-0.1,0.1,-0.1,-.030,,-7.9,-1.2,-9.1
8,0,22,387,21,66,.318,3,8,.375,18,58,.310,8,11,.727,4,21,25,37,16,0,13,24,68
8,1,22,17.6,1.0,3.0,.318,0.1,0.4,.375,0.8,2.6,.310,0.4,0.5,.727,1.1,1.7,0.7,0.0,0.6,1.1,3.1
8,2,22,387,2.2,6.8,.318,0.3,0.8,.375,1.9,6.0,.310,0.8,1.1,.727,2.6,3.8,1.7,0.0,1.3,2.5,7.0
8,3,22,387,3.2,10.0,.318,0.5,1.2,.375,2.7,8.8,.310,1.2,1.7,.727,3.8,5.6,2.4,0.0,2.0,3.6,10.3,,104.3,110.2
8,4,22,387,9.0,.477,.455,.879,.167,75,1.1,6.9,3.7,19.2,2.4,0.0,15.4,10.8,,0.3,0.2,0.5,.051,,-1.6,-3.4,-4.9
9,0,30,645,95,261,.364,51,142,.359,44,119,.370,62,81,.765,15,36,51,21,21,1,35,24,296
9,1,30,21.5,3.2,8.7,.364,1.7,4.7,.359,1.5,4.0,.370,2.1,2.7,.765,1.7,0.7,0.7,0.0,1.2,0.8,9.9
9,2,30,645,5.9,16.2,.364,3.2,8.8,.359,2.7,7.4,.370,3.8,5.0,.765,3.2,1.3,1.3,0.1,2.2,1.5,18.4
9,3,30,645,8.6,23.7,.364,4.6,12.9,.359,4.0,10.8,.370,5.6,7.4,.765,4.6,1.9,1.9,0.1,3.2,2.2,26.9,,100.9,111.3
9,4,30,645,14.2,.494,.448,.456,.310,257,2.5,7.1,4.6,8.0,1.9,0.2,10.5,25.7,,0.8,0.3,1.1,.066,,-0.9,-5.2,-6.1
10,0,16,322,21,68,.309,20,54,.370,1,14,.071,16,33,.485,7,23,30,41,14,3,51,37,59
10,1,16,20.1,1.3,4.3,.309,1.3,3.4,.370,0.1,0.9,.071,1.0,2.1,.485,1.9,2.6,0.9,0.2,3.2,2.3,3.7
10,2,16,322,2.6,8.4,.309,2.5,6.7,.370,0.1,1.7,.071,2.0,4.1,.485,3.7,5.1,1.7,0.4,6.3,4.6,7.3
10,3,16,322,3.8,12.4,.309,3.6,9.8,.370,0.2,2.5,.071,2.9,6.0,.485,5.5,7.5,2.5,0.5,9.3,6.7,10.7,,60.3,108.4
10,4,16,322,0.9,.353,.316,.206,.485,73,2.3,9.1,5.4,26.1,2.5,1.1,37.9,20.7,,-1.0,0.2,-0.8,-.100,,-9.9,-2.1,-12.0
11,0,23,373,38,106,.358,27,62,.435,11,44,.250,20,31,.645,13,31,44,42,22,0,38,51,107
11,1,23,16.2,1.7,4.6,.358,1.2,2.7,.435,0.5,1.9,.250,0.9,1.3,.645,1.9,1.8,1.0,0.0,1.7,2.2,4.7
11,2,23,373,4.1,11.4,.358,2.9,6.6,.435,1.2,4.7,.250,2.1,3.3,.645,4.7,4.5,2.4,0.0,4.1,5.5,11.5
11,3,23,373,6.0,16.7,.358,4.2,9.7,.435,1.7,6.9,.250,3.1,4.9,.645,6.9,6.6,3.5,0.0,6.0,8.0,16.8,,84.6,106.3
11,4,23,373,9.3,.443,.410,.415,.292,115,3.7,10.6,6.8,25.0,3.5,0.0,23.9,21.1,,-0.2,0.3,0.1,.013,,-3.4,-2.2,-5.5
