0,0,27,273,26,81,.321,4,13,.308,22,68,.324,7,8,.875,12,31,43,20,10,2,9,18,81
0,1,27,10.1,1.0,3.0,.321,0.1,0.5,.308,0.8,2.5,.324,0.3,0.3,.875,1.6,0.7,0.4,0.1,0.3,0.7,3.0
0,2,27,273,3.8,11.9,.321,0.6,1.9,.308,3.2,10.0,.324,1.0,1.2,.875,6.3,2.9,1.5,0.3,1.3,2.6,11.9
0,3,27,273,5.3,16.5,.321,0.8,2.7,.308,4.5,13.9,.324,1.4,1.6,.875,8.8,4.1,2.0,0.4,1.8,3.7,16.5,,107.3,110.5
0,4,27,273,12.4,.478,.457,.840,.099,84,5.4,13.0,9.3,13.1,2.0,0.8,9.6,16.8,,0.3,0.2,0.5,.075,,0.1,-3.1,-2.9
1,0,30,998,147,375,.392,72,163,.442,75,212,.354,107,122,.877,4,39,43,68,22,3,75,34,476
1,1,30,33.3,4.9,12.5,.392,2.4,5.4,.442,2.5,7.1,.354,3.6,4.1,.877,1.4,2.3,0.7,0.1,2.5,1.1,15.9
1,2,30,998,5.9,15.0,.392,2.9,6.5,.442,3.0,8.5,.354,4.3,4.9,.877,1.7,2.7,0.9,0.1,3.0,1.4,19.1
1,3,30,998,8.2,20.9,.392,4.0,9.1,.442,4.2,11.8,.354,6.0,6.8,.877,2.4,3.8,1.2,0.2,4.2,1.9,26.5,,105.3,116.3
1,4,30,998,13.7,.550,.492,.565,.325,431,0.5,4.5,2.6,13.4,1.2,0.3,14.8,24.9,,1.4,0.2,1.6,.065,,-0.2,-5.6,-5.8
2,0,27,670,90,178,.506,65,119,.546,25,59,.424,62,95,.653,14,71,85,41,23,1,46,63,267
2,1,27,24.8,3.3,6.6,.506,2.4,4.4,.546,0.9,2.2,.424,2.3,3.5,.653,3.1,1.5,0.9,0.0,1.7,2.3,9.9
2,2,27,670,5.4,10.6,.506,3.9,7.1,.546,1.5,3.5,.424,3.7,5.7,.653,5.1,2.4,1.4,0.1,2.7,3.8,15.9
2,3,27,670,7.5,14.8,.506,5.4,9.9,.546,2.1,4.9,.424,5.2,7.9,.653,7.1,3.4,1.9,0.1,3.8,5.2,22.2,,109.3,111.4
2,4,27,670,14.5,.598,.576,.331,.534,245,2.6,12.1,7.5,11.7,1.9,0.2,17.1,19.6,,1.0,0.4,1.5,.087,,-0.4,-2.9,-3.3
3,0,29,280,42,68,.618,42,68,.618,0,0,,17,29,.586,22,40,62,7,7,13,24,43,101
3,1,29,9.7,1.4,2.3,.618,1.4,2.3,.618,0.0,0.0,,0.6,1.0,.586,2.1,0.2,0.2,0.4,0.8,1.5,3.5
3,2,29,280,6.0,9.7,.618,6.0,9.7,.618,0.0,0.0,,2.4,4.1,.586,8.9,1.0,1.0,1.9,3.4,6.1,14.4
3,3,29,280,8.3,13.5,.618,8.3,13.5,.618,0.0,0.0,,3.4,5.8,.586,12.3,1.4,1.4,2.6,4.8,8.5,20.1,,103.4,108.3
3,4,29,280,14.9,.618,.618,.000,.426,94,9.7,16.3,13.1,4.9,1.4,4.8,22.7,18.5,,0.3,0.3,0.5,.077,,-3.5,-1.0,-4.5
4,0,23,309,15,44,.341,11,26,.423,4,18,.222,6,14,.429,3,25,28,27,18,0,24,43,40
4,1,23,13.4,0.7,1.9,.341,0.5,1.1,.423,0.2,0.8,.222,0.3,0.6,.429,1.2,1.2,0.8,0.0,1.0,1.9,1.7
4,2,23,309,1.9,5.7,.341,1.4,3.4,.423,0.5,2.3,.222,0.8,1.8,.429,3.6,3.5,2.3,0.0,3.1,5.6,5.2
4,3,23,309,2.7,7.9,.341,2.0,4.7,.423,0.7,3.2,.222,1.1,2.5,.429,5.0,4.9,3.2,0.0,4.3,7.7,7.2,,73.1,109.4
4,4,23,309,3.6,.395,.386,.409,.318,50,1.2,9.2,5.4,14.4,3.2,0.0,32.2,11.8,,-0.3,0.3,-0.1,-.011,,-5.7,-1.1,-6.8
5,0,10,43,4,8,.500,3,5,.600,1,3,.333,6,14,.429,0,7,7,0,3,0,5,8,15
5,1,10,4.3,0.4,0.8,.500,0.3,0.5,.600,0.1,0.3,.333,0.6,1.4,.429,0.7,0.0,0.3,0.0,0.5,0.8,1.5
5,2,10,43,3.7,7.4,.500,2.8,4.7,.600,0.9,2.8,.333,5.6,13.0,.429,6.5,0.0,2.8,0.0,4.7,7.4,14.0
5,3,10,43,5.2,10.4,.500,3.9,6.5,.600,1.3,3.9,.333,7.8,18.1,.429,9.1,0.0,3.9,0.0,6.5,10.4,19.4,,76.7,103.9
5,4,10,43,6.5,.512,.563,.375,1.750,12,0.0,18.6,9.6,0.0,3.9,0.0,25.4,22.3,,-0.1,0.1,0.0,-.006,,-9.0,-5.0,-13.9
6,0,24,172,19,28,.679,19,28,.679,0,0,,11,21,.524,7,20,27,3,4,10,6,21,49
6,1,24,7.2,0.8,1.2,.679,0.8,1.2,.679,0.0,0.0,,0.5,0.9,.524,1.1,0.1,0.2,0.4,0.3,0.9,2.0
6,2,24,172,4.4,6.5,.679,4.4,6.5,.679,0.0,0.0,,2.6,4.9,.524,6.3,0.7,0.9,2.3,1.4,4.9,11.4
6,3,24,172,6.1,9.1,.679,6.1,9.1,.679,0.0,0.0,,3.6,6.8,.524,8.7,1.0,1.3,3.2,1.9,6.8,15.9,,119.2,109.3
6,4,24,172,14.3,.645,.679,.000,.750,43,5.0,13.3,9.3,3.2,1.3,6.1,13.6,12.5,,0.3,0.1,0.4,.094,,-2.7,-0.1,-2.8
7,0,30,918,163,274,.595,163,274,.595,0,0,,71,122,.582,100,185,285,21,26,92,36,73,397
7,1,30,30.6,5.4,9.1,.595,5.4,9.1,.595,0.0,0.0,,2.4,4.1,.582,9.5,0.7,0.9,3.1,1.2,2.4,13.2
7,2,30,918,7.1,11.9,.595,7.1,11.9,.595,0.0,0.0,,3.1,5.3,.582,12.4,0.9,1.1,4.0,1.6,3.2,17.3
7,3,30,918,9.9,16.6,.595,9.9,16.6,.595,0.0,0.0,,4.3,7.4,.582,17.3,1.3,1.6,5.6,2.2,4.4,24.1,,122.1,102.7
7,4,30,918,25.4,.598,.595,.000,.445,382,13.4,23.0,18.4,4.8,1.6,10.4,9.8,19.6,,2.5,1.3,3.8,.166,,0.0,2.8,2.9
8,0,27,198,15,29,.517,15,29,.517,0,0,,20,36,.556,18,23,41,4,9,11,18,24,50
8,1,27,7.3,0.6,1.1,.517,0.6,1.1,.517,0.0,0.0,,0.7,1.3,.556,1.5,0.1,0.3,0.4,0.7,0.9,1.9
8,2,27,198,3.0,5.9,.517,3.0,5.9,.517,0.0,0.0,,4.0,7.3,.556,8.3,0.8,1.8,2.2,3.6,4.8,10.1
8,3,27,198,4.2,8.2,.517,4.2,8.2,.517,0.0,0.0,,5.6,10.1,.556,11.5,1.1,2.5,3.1,5.1,6.7,14.1,,93.4,106.7
8,4,27,198,11.8,.542,.517,.000,1.241,55,11.2,13.3,12.3,3.5,2.5,5.8,28.1,15.8,,0.0,0.2,0.2,.048,,-4.9,0.8,-4.1
9,0,25,738,69,138,.500,57,101,.564,12,37,.324,50,84,.595,22,60,82,139,32,6,96,61,200
9,1,25,29.5,2.8,5.5,.500,2.3,4.0,.564,0.5,1.5,.324,2.0,3.4,.595,3.3,5.6,1.3,0.2,3.8,2.4,8.0
9,2,25,738,3.7,7.5,.500,3.1,5.5,.564,0.7,2.0,.324,2.7,4.6,.595,4.4,7.5,1.7,0.3,5.2,3.3,10.8
9,3,25,738,5.2,10.4,.500,4.3,7.6,.564,0.9,2.8,.324,3.8,6.3,.595,6.2,10.5,2.4,0.5,7.2,4.6,15.1,,95.2,111.1
9,4,25,738,11.9,.562,.543,.268,.609,258,3.7,9.3,6.6,33.5,2.4,0.8,35.0,18.1,,0.2,0.5,0.7,.039,,-2.3,-2.3,-4.6
10,0,30,874,124,217,.571,124,216,.574,0,1,.000,115,172,.669,47,109,156,39,17,13,56,63,363
10,1,30,29.1,4.1,7.2,.571,4.1,7.2,.574,0.0,0.0,.000,3.8,5.7,.669,5.2,1.3,0.6,0.4,1.9,2.1,12.1
10,2,30,874,5.7,9.9,.571,5.7,9.9,.574,0.0,0.0,.000,5.3,7.9,.669,7.1,1.8,0.8,0.6,2.6,2.9,16.6
10,3,30,874,7.9,13.8,.571,7.9,13.8,.574,0.0,0.1,.000,7.3,11.0,.669,9.9,2.5,1.1,0.8,3.6,4.0,23.1,,114.9,111.8
10,4,30,874,17.1,.608,.571,.005,.793,346,6.6,14.2,10.6,8.7,1.1,1.5,15.8,19.8,,1.8,0.5,2.3,.107,,-0.8,-2.2,-3.0
11,0,30,601,83,192,.432,64,131,.489,19,61,.311,63,87,.724,10,54,64,75,35,5,71,66,248
11,1,30,20.0,2.8,6.4,.432,2.1,4.4,.489,0.6,2.0,.311,2.1,2.9,.724,2.1,2.5,1.2,0.2,2.4,2.2,8.3
11,2,30,601,5.5,12.8,.432,4.3,8.7,.489,1.3,4.1,.311,4.2,5.8,.724,4.3,5.0,2.3,0.3,4.7,4.4,16.5
11,3,30,601,7.7,17.8,.432,5.9,12.1,.489,1.8,5.6,.311,5.8,8.1,.724,5.9,6.9,3.2,0.5,6.6,6.1,23.0,,96.0,108.7
11,4,30,601,13.8,.531,.482,.318,.453,255,2.0,10.2,6.3,24.1,3.2,0.9,23.3,24.8,,0.3,0.5,0.8,.054,,-2.5,-2.2,-4.6
