0,0,32,839,146,284,.514,139,261,.533,7,23,.304,76,103,.738,62,140,202,25,33,27,67,113,375
0,1,32,26.2,4.6,8.9,.514,4.3,8.2,.533,0.2,0.7,.304,2.4,3.2,.738,6.3,0.8,1.0,0.8,2.1,3.5,11.7
0,2,32,839,7.0,13.5,.514,6.6,12.4,.533,0.3,1.1,.304,3.6,4.9,.738,9.6,1.2,1.6,1.3,3.2,5.4,17.9
0,3,32,839,10.2,19.8,.514,9.7,18.2,.533,0.5,1.6,.304,5.3,7.2,.738,14.1,1.7,2.3,1.9,4.7,7.9,26.2,,105.9,101.9
0,4,32,839,20.3,.563,.526,.081,.363,345,8.4,20.0,14.1,6.8,2.3,3.4,16.8,23.7,,1.6,1.0,2.6,.124,,-0.1,0.0,-0.1
1,0,28,358,29,99,.293,5,16,.313,24,83,.289,9,14,.643,2,30,32,16,5,1,15,15,91
1,1,28,12.8,1.0,3.5,.293,0.2,0.6,.313,0.9,3.0,.289,0.3,0.5,.643,1.1,0.6,0.2,0.0,0.5,0.5,3.3
1,2,28,358,3.2,11.1,.293,0.6,1.8,.313,2.7,9.3,.289,1.0,1.6,.643,3.6,1.8,0.6,0.1,1.7,1.7,10.2
1,3,28,358,4.7,16.2,.293,0.8,2.6,.313,3.9,13.6,.289,1.5,2.3,.643,5.2,2.6,0.8,0.2,2.5,2.5,14.9,,91.1,111.4
1,4,28,358,6.7,.431,.414,.838,.141,84,0.6,10.0,5.2,8.4,0.8,0.3,12.4,16.7,,0.1,0.1,0.2,.018,,-1.7,-4.1,-5.8
2,0,10,151,15,51,.294,10,25,.400,5,26,.192,11,18,.611,8,18,26,3,3,0,11,9,46
2,1,10,15.1,1.5,5.1,.294,1.0,2.5,.400,0.5,2.6,.192,1.1,1.8,.611,2.6,0.3,0.3,0.0,1.1,0.9,4.6
2,2,10,151,4.0,13.5,.294,2.6,6.6,.400,1.3,6.9,.192,2.9,4.8,.611,6.9,0.8,0.8,0.0,2.9,2.4,12.2
2,3,10,151,5.8,19.8,.294,3.9,9.7,.400,1.9,10.1,.192,4.3,7.0,.611,10.1,1.2,1.2,0.0,4.3,3.5,17.9,,80.2,108.9
2,4,10,151,6.4,.386,.343,.510,.353,44,6.1,14.3,10.1,3.9,1.2,0.0,15.6,23.2,,-0.1,0.1,-0.1,-.016,,-4.9,-4.9,-9.7
3,0,32,755,60,159,.377,49,127,.386,11,32,.344,70,94,.745,14,41,55,88,24,5,65,49,201
3,1,32,23.6,1.9,5.0,.377,1.5,4.0,.386,0.3,1.0,.344,2.2,2.9,.745,1.7,2.8,0.8,0.2,2.0,1.5,6.3
3,2,32,755,3.2,8.4,.377,2.6,6.7,.386,0.6,1.7,.344,3.7,5.0,.745,2.9,4.7,1.3,0.3,3.4,2.6,10.6
3,3,32,755,4.7,12.3,.377,3.8,9.9,.386,0.9,2.5,.344,5.4,7.3,.745,4.3,6.8,1.9,0.4,5.0,3.8,15.6,,94.9,110.3
3,4,32,755,10.6,.493,.412,.201,.591,223,2.1,6.5,4.3,21.8,1.9,0.7,24.2,17.7,,0.4,0.3,0.7,.037,,-2.0,-2.3,-4.3
4,0,3,6,0,0,,0,0,,0,0,,1,2,.500,0,1,1,1,0,0,2,1,1
4,1,3,2.0,0.0,0.0,,0.0,0.0,,0.0,0.0,,0.3,0.7,.500,0.3,0.3,0.0,0.0,0.7,0.3,0.3
4,2,3,6,0.0,0.0,,0.0,0.0,,0.0,0.0,,6.7,13.3,.500,6.7,6.7,0.0,0.0,13.3,6.7,6.7
4,3,3,6,0.0,0.0,,0.0,0.0,,0.0,0.0,,9.8,19.5,.500,9.8,9.8,0.0,0.0,19.5,9.8,9.8,,46.9,108.5
4,4,3,6,-7.7,.526,,,,1,0.0,19.9,9.7,27.1,0.0,0.0,67.8,24.4,,0.0,0.0,0.0,-.217,,-16.2,-3.2,-19.3
5,0,32,1017,148,360,.411,85,194,.438,63,166,.380,51,68,.750,26,78,104,61,52,7,74,69,410
5,1,32,31.8,4.6,11.3,.411,2.7,6.1,.438,2.0,5.2,.380,1.6,2.1,.750,3.3,1.9,1.6,0.2,2.3,2.2,12.8
5,2,32,1017,5.8,14.2,.411,3.3,7.6,.438,2.5,6.5,.380,2.0,2.7,.750,4.1,2.4,2.0,0.3,2.9,2.7,16.1
5,3,32,1017,8.5,20.8,.411,4.9,11.2,.438,3.6,9.6,.380,2.9,3.9,.750,6.0,3.5,3.0,0.4,4.3,4.0,23.6,,101.3,106.6
5,4,32,1017,15.5,.523,.499,.461,.189,376,2.9,9.2,6.0,12.8,3.0,0.7,15.9,22.8,,1.3,0.8,2.1,.082,,1.6,-1.3,0.3
6,0,23,674,103,170,.606,103,170,.606,0,0,,66,111,.595,89,113,202,21,9,37,45,62,272
6,1,23,29.3,4.5,7.4,.606,4.5,7.4,.606,0.0,0.0,,2.9,4.8,.595,8.8,0.9,0.4,1.6,2.0,2.7,11.8
6,2,23,674,6.1,10.1,.606,6.1,10.1,.606,0.0,0.0,,3.9,6.6,.595,12.0,1.2,0.5,2.2,2.7,3.7,16.1
6,3,23,674,9.0,14.8,.606,9.0,14.8,.606,0.0,0.0,,5.7,9.7,.595,17.6,1.8,0.8,3.2,3.9,5.4,23.7,,116.6,104.4
6,4,23,674,23.4,.611,.606,.000,.653,271,15.1,20.1,17.5,6.8,0.8,5.7,16.8,19.7,,1.8,0.6,2.5,.148,,2.1,0.8,2.9
7,0,27,246,31,55,.564,31,55,.564,0,0,,19,23,.826,17,33,50,4,4,8,17,36,81
7,1,27,9.1,1.1,2.0,.564,1.1,2.0,.564,0.0,0.0,,0.7,0.9,.826,1.9,0.1,0.1,0.3,0.6,1.3,3.0
7,2,27,246,5.0,8.9,.564,5.0,8.9,.564,0.0,0.0,,3.1,3.7,.826,8.1,0.7,0.7,1.3,2.8,5.9,13.2
7,3,27,246,7.4,13.1,.564,7.4,13.1,.564,0.0,0.0,,4.5,5.5,.826,11.9,1.0,1.0,1.9,4.1,8.6,19.3,,108.6,106.5
7,4,27,246,14.8,.614,.564,.000,.418,75,7.9,16.1,11.9,3.3,1.0,3.4,20.5,16.7,,0.4,0.2,0.6,.094,,-2.1,-1.5,-3.6
8,0,22,132,4,16,.250,2,10,.200,2,6,.333,1,4,.250,4,9,13,8,5,0,11,14,11
8,1,22,6.0,0.2,0.7,.250,0.1,0.5,.200,0.1,0.3,.333,0.0,0.2,.250,0.6,0.4,0.2,0.0,0.5,0.6,0.5
8,2,22,132,1.2,4.8,.250,0.6,3.0,.200,0.6,1.8,.333,0.3,1.2,.250,3.9,2.4,1.5,0.0,3.3,4.2,3.3
8,3,22,132,1.8,7.1,.250,0.9,4.4,.200,0.9,2.7,.333,0.4,1.8,.250,5.8,3.6,2.2,0.0,4.9,6.2,4.9,,58.2,108.9
8,4,22,132,0.6,.307,.313,.375,.250,15,3.5,8.2,5.8,10.4,2.2,0.0,38.1,10.9,,-0.2,0.1,-0.2,-.049,,-6.1,-0.9,-7.0
9,0,6,11,0,0,,0,0,,0,0,,0,0,,0,1,1,0,0,1,2,3,0
9,1,6,1.8,0.0,0.0,,0.0,0.0,,0.0,0.0,,0.0,0.0,,0.2,0.0,0.0,0.2,0.3,0.5,0.0
9,2,6,11,0.0,0.0,,0.0,0.0,,0.0,0.0,,0.0,0.0,,3.6,0.0,0.0,3.6,7.3,10.9,0.0
9,3,6,11,0.0,0.0,,0.0,0.0,,0.0,0.0,,0.0,0.0,,5.3,0.0,0.0,5.3,10.7,16.0,0.0,,0.0,107.3
9,4,6,11,-10.3,,,,,0,0.0,10.9,5.3,0.0,0.0,9.5,100.0,9.0,,-0.1,0.0,0.0,-.159,,-14.7,4.0,-10.7
10,0,16,84,4,11,.364,4,11,.364,0,0,,3,5,.600,5,15,20,5,2,2,7,17,11
10,1,16,5.3,0.3,0.7,.364,0.3,0.7,.364,0.0,0.0,,0.2,0.3,.600,1.3,0.3,0.1,0.1,0.4,1.1,0.7
10,2,16,84,1.9,5.2,.364,1.9,5.2,.364,0.0,0.0,,1.4,2.4,.600,9.5,2.4,1.0,1.0,3.3,8.1,5.2
10,3,16,84,2.8,7.7,.364,2.8,7.7,.364,0.0,0.0,,2.1,3.5,.600,14.0,3.5,1.4,1.4,4.9,11.9,7.7,,75.9,103.4
10,4,16,84,5.1,.411,.364,.000,.455,14,6.8,21.4,13.9,10.5,1.4,2.5,34.4,12.1,,-0.1,0.1,0.0,.008,,-5.9,0.8,-5.1
11,0,32,460,38,113,.336,19,44,.432,19,69,.275,24,34,.706,5,17,22,47,19,3,53,56,119
11,1,32,14.4,1.2,3.5,.336,0.6,1.4,.432,0.6,2.2,.275,0.8,1.1,.706,0.7,1.5,0.6,0.1,1.7,1.8,3.7
11,2,32,460,3.3,9.8,.336,1.7,3.8,.432,1.7,6.0,.275,2.1,3.0,.706,1.9,4.1,1.7,0.3,4.6,4.9,10.3
11,3,32,460,4.8,14.4,.336,2.4,5.6,.432,2.4,8.8,.275,3.1,4.3,.706,2.8,6.0,2.4,0.4,6.8,7.1,15.2,,80.7,109.7
11,4,32,460,5.7,.461,.420,.611,.301,126,1.2,4.4,2.8,19.2,2.4,0.7,29.1,19.7,,-0.4,0.2,-0.2,-.014,,-3.4,-3.3,-6.7
12,0,32,986,139,300,.463,138,291,.474,1,9,.111,103,153,.673,50,78,128,68,61,4,62,80,382
12,1,32,30.8,4.3,9.4,.463,4.3,9.1,.474,0.0,0.3,.111,3.2,4.8,.673,4.0,2.1,1.9,0.1,1.9,2.5,11.9
12,2,32,986,5.6,12.2,.463,5.6,11.8,.474,0.0,0.4,.111,4.2,6.2,.673,5.2,2.8,2.5,0.2,2.5,3.2,15.5
12,3,32,986,8.3,17.8,.463,8.2,17.3,.474,0.1,0.5,.111,6.1,9.1,.673,7.6,4.0,3.6,0.2,3.7,4.8,22.7,,105.3,105.2
12,4,32,986,17.9,.513,.465,.030,.510,379,5.8,9.5,7.6,14.6,3.6,0.4,14.3,21.9,,1.7,0.9,2.6,.104,,0.8,-0.1,0.8
13,0,31,648,67,141,.475,67,141,.475,0,0,,57,104,.548,53,68,121,37,11,20,28,47,191
13,1,31,20.9,2.2,4.5,.475,2.2,4.5,.475,0.0,0.0,,1.8,3.4,.548,3.9,1.2,0.4,0.6,0.9,1.5,6.2
13,2,31,648,4.1,8.7,.475,4.1,8.7,.475,0.0,0.0,,3.5,6.4,.548,7.5,2.3,0.7,1.2,1.7,2.9,11.8
13,3,31,648,6.1,12.8,.475,6.1,12.8,.475,0.0,0.0,,5.2,9.4,.548,10.9,3.3,1.0,1.8,2.5,4.3,17.3,,108.6,108.4
13,4,31,648,15.6,.502,.475,.000,.738,204,9.3,12.6,10.9,11.2,1.0,3.2,12.8,16.7,,1.1,0.4,1.4,.089,,-0.3,-0.2,-0.5
14,0,10,83,8,22,.364,1,3,.333,7,19,.368,2,2,1.000,0,5,5,4,2,0,0,3,25
14,1,10,8.3,0.8,2.2,.364,0.1,0.3,.333,0.7,1.9,.368,0.2,0.2,1.000,0.5,0.4,0.2,0.0,0.0,0.3,2.5
14,2,10,83,3.9,10.6,.364,0.5,1.4,.333,3.4,9.2,.368,1.0,1.0,1.000,2.4,1.9,1.0,0.0,0.0,1.4,12.0
14,3,10,83,5.7,15.5,.364,0.7,2.1,.333,4.9,13.4,.368,1.4,1.4,1.000,3.5,2.8,1.4,0.0,0.0,2.1,17.7,,130.9,111.5
14,4,10,83,13.4,.545,.523,.864,.091,22,0.0,7.2,3.5,9.3,1.4,0.0,0.0,13.7,,0.2,0.0,0.2,.109,,2.5,-4.4,-1.9
