0,0,32,767,87,225,.387,39,79,.494,48,146,.329,62,87,.713,8,42,50,41,8,2,43,34,284
0,1,32,24.0,2.7,7.0,.387,1.2,2.5,.494,1.5,4.6,.329,1.9,2.7,.713,1.6,1.3,0.3,0.1,1.3,1.1,8.9
0,2,32,767,4.5,11.7,.387,2.0,4.1,.494,2.5,7.6,.329,3.2,4.5,.713,2.6,2.1,0.4,0.1,2.2,1.8,14.8
0,3,32,767,7.0,18.1,.387,3.1,6.4,.494,3.9,11.8,.329,5.0,7.0,.713,4.0,3.3,0.6,0.2,3.5,2.7,22.9,,103.5,105.3
0,4,32,767,12.2,.533,.493,.649,.387,252,1.3,6.4,3.9,12.0,0.6,0.3,13.9,21.5,,1.0,0.7,1.7,.091,,0.9,-3.1,-2.3
1,0,30,630,89,151,.589,89,151,.589,0,0,,42,63,.667,52,78,130,22,27,8,28,52,220
1,1,30,21.0,3.0,5.0,.589,3.0,5.0,.589,0.0,0.0,,1.4,2.1,.667,4.3,0.7,0.9,0.3,0.9,1.7,7.3
1,2,30,630,5.7,9.6,.589,5.7,9.6,.589,0.0,0.0,,2.7,4.0,.667,8.3,1.4,1.7,0.5,1.8,3.3,14.0
1,3,30,630,8.7,14.8,.589,8.7,14.8,.589,0.0,0.0,,4.1,6.2,.667,12.8,2.2,2.6,0.8,2.7,5.1,21.6,,118.7,96.3
1,4,30,630,20.3,.608,.589,.000,.417,208,10.4,14.4,12.5,8.4,2.6,1.4,13.4,17.7,,1.5,1.1,2.7,.170,,1.9,1.5,3.4
2,0,7,37,0,1,.000,0,1,.000,0,0,,0,4,.000,1,4,5,1,0,0,1,13,0
2,1,7,5.3,0.0,0.1,.000,0.0,0.1,.000,0.0,0.0,,0.0,0.6,.000,0.7,0.1,0.0,0.0,0.1,1.9,0.0
2,2,7,37,0.0,1.1,.000,0.0,1.1,.000,0.0,0.0,,0.0,4.3,.000,5.4,1.1,0.0,0.0,1.1,14.1,0.0
2,3,7,37,0.0,1.7,.000,0.0,1.7,.000,0.0,0.0,,0.0,6.7,.000,8.4,1.7,0.0,0.0,1.7,21.7,0.0,,28.3,102.0
2,4,7,37,-7.4,.000,.000,.000,4.000,1,3.4,12.6,8.2,4.8,0.0,0.0,25.6,5.6,,-0.1,0.0,0.0,-.025,,-8.2,0.5,-7.7
3,0,32,954,78,198,.394,36,73,.493,42,125,.336,117,134,.873,18,93,111,160,48,4,87,88,315
3,1,32,29.8,2.4,6.2,.394,1.1,2.3,.493,1.3,3.9,.336,3.7,4.2,.873,3.5,5.0,1.5,0.1,2.7,2.8,9.8
3,2,32,954,3.3,8.3,.394,1.5,3.1,.493,1.8,5.2,.336,4.9,5.6,.873,4.7,6.7,2.0,0.2,3.6,3.7,13.2
3,3,32,954,5.1,12.8,.394,2.3,4.7,.493,2.7,8.1,.336,7.6,8.7,.873,7.2,10.4,3.1,0.3,5.6,5.7,20.4,,111.8,97.1
3,4,32,954,18.5,.602,.500,.631,.677,357,2.4,11.4,7.0,35.1,3.1,0.5,25.0,19.5,,2.2,1.6,3.8,.159,,3.9,0.2,4.2
4,0,12,40,4,8,.500,4,8,.500,0,0,,7,9,.778,5,4,9,0,0,0,1,6,15
4,1,12,3.3,0.3,0.7,.500,0.3,0.7,.500,0.0,0.0,,0.6,0.8,.778,0.8,0.0,0.0,0.0,0.1,0.5,1.3
4,2,12,40,4.0,8.0,.500,4.0,8.0,.500,0.0,0.0,,7.0,9.0,.778,9.0,0.0,0.0,0.0,1.0,6.0,15.0
4,3,12,40,6.2,12.4,.500,6.2,12.4,.500,0.0,0.0,,10.8,13.9,.778,13.9,0.0,0.0,0.0,1.5,9.3,23.2,,135.1,103.7
4,4,12,40,18.4,.611,.500,.000,1.125,15,15.7,11.7,13.6,0.0,0.0,0.0,7.5,17.7,,0.2,0.0,0.2,.198,,-0.2,-6.8,-7.0
5,0,1,2,0,0,,0,0,,0,0,,0,0,,0,0,0,0,0,0,0,0,0
5,1,1,2.0,0.0,0.0,,0.0,0.0,,0.0,0.0,,0.0,0.0,,0.0,0.0,0.0,0.0,0.0,0.0,0.0
5,2,1,2,0.0,0.0,,0.0,0.0,,0.0,0.0,,0.0,0.0,,0.0,0.0,0.0,0.0,0.0,0.0,0.0
5,3,1,2,0.0,0.0,,0.0,0.0,,0.0,0.0,,0.0,0.0,,0.0,0.0,0.0,0.0,0.0,0.0,0.0,,,110.1
5,4,1,2,0.0,,,,,0,0.0,0.0,0.0,0.0,0.0,0.0,,0.0,,0.0,0.0,0.0,.019,,-4.9,0.4,-4.5
6,0,1,5,1,1,1.000,1,1,1.000,0,0,,0,1,.000,1,1,2,0,0,0,1,0,2
6,1,1,5.0,1.0,1.0,1.000,1.0,1.0,1.000,0.0,0.0,,0.0,1.0,.000,2.0,0.0,0.0,0.0,1.0,0.0,2.0
6,2,1,5,8.0,8.0,1.000,8.0,8.0,1.000,0.0,0.0,,0.0,8.0,.000,16.0,0.0,0.0,0.0,8.0,0.0,16.0
6,3,1,5,12.4,12.4,1.000,12.4,12.4,1.000,0.0,0.0,,0.0,12.4,.000,24.7,0.0,0.0,0.0,12.4,0.0,24.7,,71.3,99.2
6,4,1,5,16.6,.678,1.000,.000,1.000,2,25.1,23.3,24.2,0.0,0.0,0.0,40.4,26.4,,0.0,0.0,0.0,-.033,,-6.8,-8.1,-14.9
7,0,4,42,6,17,.353,6,17,.353,0,0,,1,3,.333,4,5,9,2,3,1,3,8,13
7,1,4,10.5,1.5,4.3,.353,1.5,4.3,.353,0.0,0.0,,0.3,0.8,.333,2.3,0.5,0.8,0.3,0.8,2.0,3.3
7,2,4,42,5.7,16.2,.353,5.7,16.2,.353,0.0,0.0,,1.0,2.9,.333,8.6,1.9,2.9,1.0,2.9,7.6,12.4
7,3,4,42,8.8,25.0,.353,8.8,25.0,.353,0.0,0.0,,1.5,4.4,.333,13.2,2.9,4.4,1.5,4.4,11.8,19.1,,78.0,91.4
7,4,4,42,10.0,.353,.353,.000,.176,14,12.0,13.9,13.0,11.4,4.4,2.7,14.0,27.2,,-0.1,0.1,0.0,.032,,-6.3,2.2,-4.1
8,0,32,945,181,357,.507,181,350,.517,0,7,.000,108,161,.671,71,199,270,37,26,22,57,74,470
8,1,32,29.5,5.7,11.2,.507,5.7,10.9,.517,0.0,0.2,.000,3.4,5.0,.671,8.4,1.2,0.8,0.7,1.8,2.3,14.7
8,2,32,945,7.7,15.1,.507,7.7,14.8,.517,0.0,0.3,.000,4.6,6.8,.671,11.4,1.6,1.1,0.9,2.4,3.1,19.9
8,3,32,945,11.8,23.4,.507,11.8,22.9,.517,0.0,0.5,.000,7.1,10.5,.671,17.7,2.4,1.7,1.4,3.7,4.8,30.8,,109.0,93.1
8,4,32,945,24.1,.542,.507,.020,.451,431,9.4,24.5,17.3,10.7,1.7,2.6,11.6,27.7,,2.3,2.0,4.3,.183,,0.3,1.1,1.3
9,0,23,304,27,38,.711,27,38,.711,0,0,,12,28,.429,24,33,57,8,7,5,14,59,66
9,1,23,13.2,1.2,1.7,.711,1.2,1.7,.711,0.0,0.0,,0.5,1.2,.429,2.5,0.3,0.3,0.2,0.6,2.6,2.9
9,2,23,304,3.6,5.0,.711,3.6,5.0,.711,0.0,0.0,,1.6,3.7,.429,7.5,1.1,0.9,0.7,1.8,7.8,8.7
9,3,23,304,5.5,7.7,.711,5.5,7.7,.711,0.0,0.0,,2.4,5.7,.429,11.6,1.6,1.4,1.0,2.8,12.0,13.4,,112.5,99.0
9,4,23,304,11.4,.643,.711,.000,.737,66,9.9,12.7,11.3,5.6,1.4,1.8,21.4,11.5,,0.4,0.5,0.9,.115,,-0.3,1.0,0.7
10,0,32,793,70,150,.467,70,149,.470,0,1,.000,65,112,.580,73,104,177,40,20,17,40,95,205
10,1,32,24.8,2.2,4.7,.467,2.2,4.7,.470,0.0,0.0,.000,2.0,3.5,.580,5.5,1.3,0.6,0.5,1.3,3.0,6.4
10,2,32,793,3.5,7.6,.467,3.5,7.5,.470,0.0,0.1,.000,3.3,5.6,.580,8.9,2.0,1.0,0.9,2.0,4.8,10.3
10,3,32,793,5.5,11.7,.467,5.5,11.6,.470,0.0,0.1,.000,5.1,8.7,.580,13.8,3.1,1.6,1.3,3.1,7.4,16.0,,105.9,97.6
10,4,32,793,14.3,.504,.467,.007,.747,230,11.6,15.3,13.5,10.7,1.6,2.4,16.4,16.4,,1.1,1.3,2.4,.121,,-0.5,2.1,1.6
11,0,30,539,38,99,.384,35,86,.407,3,13,.231,50,79,.633,7,39,46,71,14,0,60,66,129
11,1,30,18.0,1.3,3.3,.384,1.2,2.9,.407,0.1,0.4,.231,1.7,2.6,.633,1.5,2.4,0.5,0.0,2.0,2.2,4.3
11,2,30,539,2.8,7.3,.384,2.6,6.4,.407,0.2,1.0,.231,3.7,5.9,.633,3.4,5.3,1.0,0.0,4.5,4.9,9.6
11,3,30,539,4.4,11.4,.384,4.0,9.9,.407,0.3,1.5,.231,5.7,9.1,.633,5.3,8.1,1.6,0.0,6.9,7.6,14.8,,84.3,101.9
11,4,30,539,6.8,.472,.399,.131,.798,151,1.6,8.4,5.2,27.0,1.6,0.0,30.5,19.5,,-0.3,0.7,0.4,.030,,-4.8,-1.5,-6.3
12,0,32,940,112,298,.376,56,156,.359,56,142,.394,79,99,.798,19,59,78,34,31,4,53,46,359
12,1,32,29.4,3.5,9.3,.376,1.8,4.9,.359,1.8,4.4,.394,2.5,3.1,.798,2.4,1.1,1.0,0.1,1.7,1.4,11.2
12,2,32,940,4.8,12.7,.376,2.4,6.6,.359,2.4,6.0,.394,3.4,4.2,.798,3.3,1.4,1.3,0.2,2.3,2.0,15.3
12,3,32,940,7.4,19.6,.376,3.7,10.3,.359,3.7,9.3,.394,5.2,6.5,.798,5.1,2.2,2.0,0.3,3.5,3.0,23.6,,101.8,101.7
12,4,32,940,13.5,.520,.470,.477,.332,316,2.5,7.3,5.0,8.2,2.0,0.5,13.3,22.6,,1.2,1.2,2.4,.101,,0.3,-1.3,-1.0
13,0,31,467,30,77,.390,30,70,.429,0,7,.000,24,36,.667,19,29,48,19,8,1,18,32,84
13,1,31,15.1,1.0,2.5,.390,1.0,2.3,.429,0.0,0.2,.000,0.8,1.2,.667,1.5,0.6,0.3,0.0,0.6,1.0,2.7
13,2,31,467,2.6,6.6,.390,2.6,6.0,.429,0.0,0.6,.000,2.1,3.1,.667,4.1,1.6,0.7,0.1,1.5,2.7,7.2
13,3,31,467,4.0,10.2,.390,4.0,9.3,.429,0.0,0.9,.000,3.2,4.8,.667,6.4,2.5,1.1,0.1,2.4,4.2,11.1,,94.6,103.9
13,4,31,467,7.0,.446,.390,.091,.468,90,5.1,7.2,6.2,8.2,1.1,0.2,16.1,12.8,,0.1,0.5,0.6,.056,,-3.2,-0.4,-3.7
14,0,4,10,1,3,.333,1,1,1.000,0,2,.000,0,2,.000,0,3,3,1,1,0,2,1,2
14,1,4,2.5,0.3,0.8,.333,0.3,0.3,1.000,0.0,0.5,.000,0.0,0.5,.000,0.8,0.3,0.3,0.0,0.5,0.3,0.5
14,2,4,10,4.0,12.0,.333,4.0,4.0,1.000,0.0,8.0,.000,0.0,8.0,.000,12.0,4.0,4.0,0.0,8.0,4.0,8.0
14,3,4,10,6.2,18.5,.333,6.2,6.2,1.000,0.0,12.4,.000,0.0,12.4,.000,18.5,6.2,6.2,0.0,12.4,6.2,12.4,,41.9,79.5
14,4,4,10,-1.1,.253,.333,.667,.667,2,0.0,35.0,18.1,21.8,6.2,0.0,33.6,31.8,,-0.1,0.0,0.0,-.160,,-13.0,4.3,-8.7
