0,0,30,518,33,110,.300,8,20,.400,25,90,.278,10,19,.526,24,39,63,30,10,4,34,55,101
0,1,30,17.3,1.1,3.7,.300,0.3,0.7,.400,0.8,3.0,.278,0.3,0.6,.526,2.1,1.0,0.3,0.1,1.1,1.8,3.4
0,2,30,518,2.5,8.5,.300,0.6,1.5,.400,1.9,6.9,.278,0.8,1.5,.526,4.9,2.3,0.8,0.3,2.6,4.2,7.8
0,3,30,518,4.0,13.3,.300,1.0,2.4,.400,3.0,10.9,.278,1.2,2.3,.526,7.6,3.6,1.2,0.5,4.1,6.6,12.2,,84.4,109.4
0,4,30,518,5.4,.424,.414,.818,.173,112,5.7,9.7,7.6,12.0,1.2,0.9,22.2,15.9,,-0.2,0.3,0.1,.006,,-2.5,-1.3,-3.8
1,0,30,762,116,221,.525,100,170,.588,16,51,.314,40,50,.800,55,124,179,18,13,14,39,81,288
1,1,30,25.4,3.9,7.4,.525,3.3,5.7,.588,0.5,1.7,.314,1.3,1.7,.800,6.0,0.6,0.4,0.5,1.3,2.7,9.6
1,2,30,762,6.1,11.6,.525,5.2,8.9,.588,0.8,2.7,.314,2.1,2.6,.800,9.4,0.9,0.7,0.7,2.0,4.3,15.1
1,3,30,762,9.5,18.1,.525,8.2,13.9,.588,1.3,4.2,.314,3.3,4.1,.800,14.7,1.5,1.1,1.1,3.2,6.6,23.6,,112.3,105.2
1,4,30,762,18.4,.588,.561,.231,.226,261,8.8,21.0,14.7,6.0,1.1,2.1,13.7,20.1,,1.6,0.8,2.3,.123,,0.2,-0.8,-0.6
2,0,20,575,55,167,.329,39,101,.386,16,66,.242,15,20,.750,10,54,64,62,29,4,42,57,141
2,1,20,28.8,2.8,8.4,.329,2.0,5.1,.386,0.8,3.3,.242,0.8,1.0,.750,3.2,3.1,1.5,0.2,2.1,2.9,7.1
2,2,20,575,3.8,11.6,.329,2.7,7.0,.386,1.1,4.6,.242,1.0,1.4,.750,4.5,4.3,2.0,0.3,2.9,4.0,9.8
2,3,20,575,6.0,18.1,.329,4.2,11.0,.386,1.7,7.2,.242,1.6,2.2,.750,7.0,6.7,3.2,0.4,4.6,6.2,15.3,,84.2,104.4
2,4,20,575,8.8,.399,.377,.395,.120,158,2.1,12.1,7.0,24.0,3.2,0.8,19.2,20.5,,-0.3,0.6,0.3,.020,,-3.3,0.5,-2.8
3,0,15,118,5,24,.208,3,11,.273,2,13,.154,12,15,.800,7,18,25,3,2,3,14,9,24
3,1,15,7.9,0.3,1.6,.208,0.2,0.7,.273,0.1,0.9,.154,0.8,1.0,.800,1.7,0.2,0.1,0.2,0.9,0.6,1.6
3,2,15,118,1.7,8.1,.208,1.0,3.7,.273,0.7,4.4,.154,4.1,5.1,.800,8.5,1.0,0.7,1.0,4.7,3.1,8.1
3,3,15,118,2.6,12.7,.208,1.6,5.8,.273,1.1,6.9,.154,6.4,7.9,.800,13.2,1.6,1.1,1.6,7.4,4.8,12.7,,68.1,105.3
3,4,15,118,3.5,.386,.250,.542,.625,27,7.2,19.7,13.3,5.0,1.1,3.0,31.0,20.6,,-0.3,0.1,-0.1,-.048,,-8.8,-0.8,-9.5
4,0,30,861,110,219,.502,107,193,.554,3,26,.115,86,122,.705,61,104,165,72,28,15,65,106,309
4,1,30,28.7,3.7,7.3,.502,3.6,6.4,.554,0.1,0.9,.115,2.9,4.1,.705,5.5,2.4,0.9,0.5,2.2,3.5,10.3
4,2,30,861,5.1,10.2,.502,5.0,9.0,.554,0.1,1.2,.115,4.0,5.7,.705,7.7,3.3,1.3,0.7,3.0,4.9,14.4
4,3,30,861,8.0,15.9,.502,7.8,14.0,.554,0.2,1.9,.115,6.2,8.9,.705,12.0,5.2,2.0,1.1,4.7,7.7,22.4,,108.5,104.9
4,4,30,861,18.0,.558,.509,.119,.557,328,8.7,15.6,12.0,20.0,2.0,2.0,19.0,21.4,,1.7,0.9,2.6,.120,,1.1,1.3,2.4
5,0,22,466,60,123,.488,59,122,.484,1,1,1.000,62,112,.554,52,100,152,18,20,15,32,73,183
5,1,22,21.2,2.7,5.6,.488,2.7,5.5,.484,0.0,0.0,1.000,2.8,5.1,.554,6.9,0.8,0.9,0.7,1.5,3.3,8.3
5,2,22,466,5.2,10.6,.488,5.1,10.5,.484,0.1,0.1,1.000,5.3,9.6,.554,13.0,1.5,1.7,1.3,2.7,6.3,15.7
5,3,22,466,8.0,16.5,.488,7.9,16.4,.484,0.1,0.1,1.000,8.3,15.0,.554,20.4,2.4,2.7,2.0,4.3,9.8,24.5,,104.7,98.1
5,4,22,466,20.9,.519,.492,.008,.911,188,13.6,27.7,20.5,9.3,2.7,3.8,15.4,24.1,,0.8,0.8,1.6,.136,,-1.6,2.0,0.4
6,0,28,734,60,161,.373,10,35,.286,50,126,.397,14,20,.700,10,40,50,29,11,0,27,45,184
6,1,28,26.2,2.1,5.8,.373,0.4,1.3,.286,1.8,4.5,.397,0.5,0.7,.700,1.8,1.0,0.4,0.0,1.0,1.6,6.6
6,2,28,734,3.3,8.8,.373,0.5,1.9,.286,2.7,6.9,.397,0.8,1.1,.700,2.7,1.6,0.6,0.0,1.5,2.5,10.0
6,3,28,734,5.1,13.7,.373,0.9,3.0,.286,4.3,10.7,.397,1.2,1.7,.700,4.3,2.5,0.9,0.0,2.3,3.8,15.7,,104.2,111.7
6,4,28,734,8.7,.540,.528,.783,.124,165,1.7,7.0,4.3,8.5,0.9,0.0,13.7,14.5,,0.7,0.3,1.0,.052,,0.1,-2.4,-2.3
7,0,13,108,5,16,.313,4,11,.364,1,5,.200,3,7,.429,0,4,4,13,5,1,6,7,14
7,1,13,8.3,0.4,1.2,.313,0.3,0.8,.364,0.1,0.4,.200,0.2,0.5,.429,0.3,1.0,0.4,0.1,0.5,0.5,1.1
7,2,13,108,1.9,5.9,.313,1.5,4.1,.364,0.4,1.9,.200,1.1,2.6,.429,1.5,4.8,1.9,0.4,2.2,2.6,5.2
7,3,13,108,2.9,9.3,.313,2.3,6.4,.364,0.6,2.9,.200,1.7,4.0,.429,2.3,7.5,2.9,0.6,3.5,4.0,8.1,,82.1,107.5
7,4,13,108,6.2,.362,.344,.313,.438,19,0.0,4.8,2.3,24.1,2.9,1.1,23.7,12.7,,-0.1,0.1,0.0,.010,,-5.7,-1.9,-7.5
8,0,30,889,110,249,.442,44,98,.449,66,151,.437,73,90,.811,22,65,87,37,9,10,47,54,359
8,1,30,29.6,3.7,8.3,.442,1.5,3.3,.449,2.2,5.0,.437,2.4,3.0,.811,2.9,1.2,0.3,0.3,1.6,1.8,12.0
8,2,30,889,4.9,11.2,.442,2.0,4.4,.449,3.0,6.8,.437,3.3,4.0,.811,3.9,1.7,0.4,0.4,2.1,2.4,16.2
8,3,30,889,7.7,17.5,.442,3.1,6.9,.449,4.6,10.6,.437,5.1,6.3,.811,6.1,2.6,0.6,0.7,3.3,3.8,25.2,,116.1,110.8
8,4,30,889,16.3,.615,.574,.606,.361,315,3.0,9.4,6.1,9.9,0.6,1.3,13.9,20.6,,2.2,0.4,2.6,.115,,3.0,-2.5,0.6
9,0,4,23,4,6,.667,4,6,.667,0,0,,6,10,.600,5,4,9,1,0,1,1,6,14
9,1,4,5.8,1.0,1.5,.667,1.0,1.5,.667,0.0,0.0,,1.5,2.5,.600,2.3,0.3,0.0,0.3,0.3,1.5,3.5
9,2,4,23,7.0,10.4,.667,7.0,10.4,.667,0.0,0.0,,10.4,17.4,.600,15.7,1.7,0.0,1.7,1.7,10.4,24.3
9,3,4,23,10.9,16.3,.667,10.9,16.3,.667,0.0,0.0,,16.3,27.2,.600,24.4,2.7,0.0,2.7,2.7,16.3,38.0,,138.9,104.5
9,4,4,23,35.7,.651,.667,.000,1.667,14,26.6,22.5,24.6,11.7,0.0,5.1,8.5,27.6,,0.2,0.0,0.2,.308,,7.6,-1.4,6.3
10,0,27,802,70,195,.359,34,82,.415,36,113,.319,60,85,.706,6,46,52,88,20,1,87,62,236
10,1,27,29.7,2.6,7.2,.359,1.3,3.0,.415,1.3,4.2,.319,2.2,3.1,.706,1.9,3.3,0.7,0.0,3.2,2.3,8.7
10,2,27,802,3.5,9.7,.359,1.7,4.1,.415,1.8,5.6,.319,3.0,4.2,.706,2.6,4.4,1.0,0.0,4.3,3.1,11.8
10,3,27,802,5.5,15.2,.359,2.6,6.4,.415,2.8,8.8,.319,4.7,6.6,.706,4.0,6.9,1.6,0.1,6.8,4.8,18.4,,88.6,110.0
10,4,27,802,8.2,.501,.451,.579,.436,250,0.9,7.4,4.1,23.9,1.6,0.1,27.0,21.7,,-0.1,0.4,0.3,.015,,-2.4,-2.6,-5.1
11,0,9,272,41,89,.461,23,47,.489,18,42,.429,8,11,.727,7,27,34,12,12,3,19,20,108
11,1,9,30.2,4.6,9.9,.461,2.6,5.2,.489,2.0,4.7,.429,0.9,1.2,.727,3.8,1.3,1.3,0.3,2.1,2.2,12.0
11,2,9,272,6.0,13.1,.461,3.4,6.9,.489,2.6,6.2,.429,1.2,1.6,.727,5.0,1.8,1.8,0.4,2.8,2.9,15.9
11,3,9,272,9.4,20.4,.461,5.3,10.8,.489,4.1,9.6,.429,1.8,2.5,.727,7.8,2.8,2.8,0.7,4.4,4.6,24.8,,101.7,104.9
11,4,9,272,16.4,.573,.562,.472,.124,92,3.1,12.8,7.8,11.2,2.8,1.3,16.8,22.5,,0.3,0.3,0.6,.088,,0.7,-0.3,0.4
