0,0,38,1130,158,274,.577,155,269,.576,3,5,.600,136,174,.782,99,183,282,38,35,70,71,117,455
0,1,38,29.7,4.2,7.2,.577,4.1,7.1,.576,0.1,0.1,.600,3.6,4.6,.782,7.4,1.0,0.9,1.8,1.9,3.1,12.0
0,2,38,1130,5.6,9.7,.577,5.5,9.5,.576,0.1,0.2,.600,4.8,6.2,.782,10.0,1.3,1.2,2.5,2.5,4.1,16.1
0,3,38,1130,8.3,14.5,.577,8.2,14.2,.576,0.2,0.3,.600,7.2,9.2,.782,14.9,2.0,1.8,3.7,3.7,6.2,24.0,,123.1,94.8
0,4,38,1130,23.5,.638,.582,.018,.635,436,10.9,18.4,14.8,6.5,1.8,6.6,16.6,19.0,,3.5,2.1,5.7,.201,,4.2,5.3,9.5
1,0,30,310,34,71,.479,31,55,.564,3,16,.188,28,50,.560,24,34,58,11,16,7,26,51,99
1,1,30,10.3,1.1,2.4,.479,1.0,1.8,.564,0.1,0.5,.188,0.9,1.7,.560,1.9,0.4,0.5,0.2,0.9,1.7,3.3
1,2,30,310,4.4,9.2,.479,4.0,7.1,.564,0.4,2.1,.188,3.6,6.5,.560,7.5,1.4,2.1,0.9,3.4,6.6,12.8
1,3,30,310,6.5,13.7,.479,6.0,10.6,.564,0.6,3.1,.188,5.4,9.6,.560,11.2,2.1,3.1,1.3,5.0,9.8,19.0,,98.0,96.6
1,4,30,310,13.3,.522,.500,.225,.704,99,9.7,12.5,11.1,6.5,3.1,2.4,21.5,19.6,,0.3,0.5,0.8,.103,,0.6,2.8,3.4
2,0,13,114,4,19,.211,1,10,.100,3,9,.333,12,12,1.000,4,18,22,14,4,2,14,16,23
2,1,13,8.8,0.3,1.5,.211,0.1,0.8,.100,0.2,0.7,.333,0.9,0.9,1.000,1.7,1.1,0.3,0.2,1.1,1.2,1.8
2,2,13,114,1.4,6.7,.211,0.4,3.5,.100,1.1,3.2,.333,4.2,4.2,1.000,7.7,4.9,1.4,0.7,4.9,5.6,8.1
2,3,13,114,2.1,9.9,.211,0.5,5.2,.100,1.6,4.7,.333,6.3,6.3,1.000,11.5,7.3,2.1,1.0,7.3,8.4,12.0,,86.1,96.6
2,4,13,114,8.0,.466,.289,.474,.632,30,4.4,17.9,11.5,19.7,2.1,1.9,36.2,17.1,,0.0,0.2,0.2,.058,,-2.1,3.2,1.1
3,0,27,275,19,62,.306,1,8,.125,18,54,.333,0,2,.000,4,12,16,26,3,1,15,35,56
3,1,27,10.2,0.7,2.3,.306,0.0,0.3,.125,0.7,2.0,.333,0.0,0.1,.000,0.6,1.0,0.1,0.0,0.6,1.3,2.1
3,2,27,275,2.8,9.0,.306,0.1,1.2,.125,2.6,7.9,.333,0.0,0.3,.000,2.3,3.8,0.4,0.1,2.2,5.1,8.1
3,3,27,275,4.1,13.4,.306,0.2,1.7,.125,3.9,11.7,.333,0.0,0.4,.000,3.5,5.6,0.7,0.2,3.3,7.6,12.1,,96.6,106.6
3,4,27,275,4.9,.445,.452,.871,.032,62,1.8,5.0,3.5,16.0,0.7,0.4,19.2,14.3,,0.1,0.2,0.3,.051,,0.7,-1.5,-0.8
4,0,38,1028,126,277,.455,26,57,.456,100,220,.455,35,38,.921,9,42,51,37,24,0,17,52,387
4,1,38,27.1,3.3,7.3,.455,0.7,1.5,.456,2.6,5.8,.455,0.9,1.0,.921,1.3,1.0,0.6,0.0,0.4,1.4,10.2
4,2,38,1028,4.9,10.8,.455,1.0,2.2,.456,3.9,8.6,.455,1.4,1.5,.921,2.0,1.4,0.9,0.0,0.7,2.0,15.1
4,3,38,1028,7.3,16.1,.455,1.5,3.3,.456,5.8,12.8,.455,2.0,2.2,.921,3.0,2.1,1.4,0.0,1.0,3.0,22.4,,140.8,105.7
4,4,38,1028,16.5,.656,.635,.794,.137,314,1.1,4.6,2.9,6.7,1.4,0.0,5.4,15.3,,3.4,0.9,4.2,.165,,7.6,-0.8,6.9
5,0,38,1172,174,378,.460,105,209,.502,69,169,.408,106,129,.822,33,77,110,223,68,3,134,88,523
5,1,38,30.8,4.6,9.9,.460,2.8,5.5,.502,1.8,4.4,.408,2.8,3.4,.822,2.9,5.9,1.8,0.1,3.5,2.3,13.8
5,2,38,1172,5.9,12.9,.460,3.6,7.1,.502,2.4,5.8,.408,3.6,4.4,.822,3.8,7.6,2.3,0.1,4.6,3.0,17.8
5,3,38,1172,8.9,19.2,.460,5.3,10.6,.502,3.5,8.6,.408,5.4,6.6,.822,5.6,11.3,3.5,0.2,6.8,4.5,26.6,,113.6,99.6
5,4,38,1172,21.9,.595,.552,.447,.341,573,3.5,7.5,5.6,37.3,3.5,0.3,23.4,24.6,,3.6,1.7,5.3,.181,,7.0,1.0,8.0
6,0,34,357,47,90,.522,47,88,.534,0,2,.000,27,45,.600,25,65,90,3,8,42,15,45,121
6,1,34,10.5,1.4,2.6,.522,1.4,2.6,.534,0.0,0.1,.000,0.8,1.3,.600,2.6,0.1,0.2,1.2,0.4,1.3,3.6
6,2,34,357,5.3,10.1,.522,5.3,9.9,.534,0.0,0.2,.000,3.0,5.0,.600,10.1,0.3,0.9,4.7,1.7,5.0,13.6
6,3,34,357,7.8,15.0,.522,7.8,14.7,.534,0.0,0.3,.000,4.5,7.5,.600,15.0,0.5,1.3,7.0,2.5,7.5,20.2,,111.1,91.8
6,4,34,357,20.1,.543,.522,.022,.500,110,8.7,20.7,15.0,1.6,1.3,12.6,11.9,17.8,,0.6,0.8,1.4,.159,,-1.2,6.0,4.8
7,0,37,541,75,156,.481,53,94,.564,22,62,.355,20,34,.588,41,67,108,16,25,6,28,16,192
7,1,37,14.6,2.0,4.2,.481,1.4,2.5,.564,0.6,1.7,.355,0.5,0.9,.588,2.9,0.4,0.7,0.2,0.8,0.4,5.2
7,2,37,541,5.5,11.5,.481,3.9,7.0,.564,1.6,4.6,.355,1.5,2.5,.588,8.0,1.2,1.8,0.4,2.1,1.2,14.2
7,3,37,541,8.3,17.2,.481,5.8,10.4,.564,2.4,6.8,.355,2.2,3.7,.588,11.9,1.8,2.8,0.7,3.1,1.8,21.2,,112.2,97.9
7,4,37,541,18.5,.558,.551,.397,.218,177,9.5,14.1,11.9,5.7,2.8,1.2,14.0,18.6,,1.1,0.9,1.9,.143,,3.5,1.6,5.1
8,0,33,1013,182,364,.500,172,331,.520,10,33,.303,71,102,.696,89,163,252,42,28,20,56,77,445
8,1,33,30.7,5.5,11.0,.500,5.2,10.0,.520,0.3,1.0,.303,2.2,3.1,.696,7.6,1.3,0.8,0.6,1.7,2.3,13.5
8,2,33,1013,7.2,14.4,.500,6.8,13.1,.520,0.4,1.3,.303,2.8,4.0,.696,10.0,1.7,1.1,0.8,2.2,3.0,17.6
8,3,33,1013,10.7,21.4,.500,10.1,19.5,.520,0.6,1.9,.303,4.2,6.0,.696,14.8,2.5,1.6,1.2,3.3,4.5,26.2,,113.4,97.7
8,4,33,1013,21.2,.539,.514,.091,.280,421,11.0,18.3,14.8,8.7,1.6,2.1,12.0,23.3,,2.7,1.6,4.3,.169,,3.0,2.0,5.0
9,0,37,903,138,309,.447,114,240,.475,24,69,.348,93,114,.816,54,128,182,53,25,24,66,69,393
9,1,37,24.4,3.7,8.4,.447,3.1,6.5,.475,0.6,1.9,.348,2.5,3.1,.816,4.9,1.4,0.7,0.6,1.8,1.9,10.6
9,2,37,903,6.1,13.7,.447,5.0,10.6,.475,1.1,3.1,.348,4.1,5.0,.816,8.1,2.3,1.1,1.1,2.9,3.1,17.4
9,3,37,903,9.1,20.4,.447,7.5,15.8,.475,1.6,4.6,.348,6.1,7.5,.816,12.0,3.5,1.7,1.6,4.4,4.6,25.9,,110.1,98.3
9,4,37,903,19.4,.541,.485,.223,.369,377,7.5,16.1,12.0,11.6,1.7,2.9,15.4,23.9,,2.1,1.4,3.5,.156,,2.5,2.4,4.8
10,0,9,11,1,3,.333,1,3,.333,0,0,,0,0,,1,3,4,0,0,1,0,1,2
10,1,9,1.2,0.1,0.3,.333,0.1,0.3,.333,0.0,0.0,,0.0,0.0,,0.4,0.0,0.0,0.1,0.0,0.1,0.2
10,2,9,11,3.6,10.9,.333,3.6,10.9,.333,0.0,0.0,,0.0,0.0,,14.5,0.0,0.0,3.6,0.0,3.6,7.3
10,3,9,11,5.4,16.3,.333,5.4,16.3,.333,0.0,0.0,,0.0,0.0,,21.7,0.0,0.0,5.4,0.0,5.4,10.8,,96.5,91.7
10,4,9,11,13.0,.333,.333,.000,.000,2,11.3,31.0,21.6,0.0,0.0,9.8,0.0,13.7,,0.0,0.0,0.0,.105,,-6.6,0.7,-5.8
11,0,38,772,46,145,.317,39,108,.361,7,37,.189,44,59,.746,29,76,105,107,50,2,76,106,143
11,1,38,20.3,1.2,3.8,.317,1.0,2.8,.361,0.2,1.0,.189,1.2,1.6,.746,2.8,2.8,1.3,0.1,2.0,2.8,3.8
11,2,38,772,2.4,7.5,.317,2.0,5.6,.361,0.4,1.9,.189,2.3,3.1,.746,5.4,5.5,2.6,0.1,3.9,5.5,7.4
11,3,38,772,3.6,11.2,.317,3.0,8.3,.361,0.5,2.9,.189,3.4,4.6,.746,8.1,8.3,3.9,0.2,5.9,8.2,11.0,,87.1,96.6
11,4,38,772,8.9,.413,.341,.255,.407,199,4.7,11.2,8.1,23.2,3.9,0.3,30.5,16.2,,-0.1,1.3,1.2,.062,,-0.7,3.7,3.0
