0,0,38,1065,157,350,.449,139,285,.488,18,65,.277,95,140,.679,81,128,209,52,17,118,70,92,427
0,1,38,28.0,4.1,9.2,.449,3.7,7.5,.488,0.5,1.7,.277,2.5,3.7,.679,5.5,1.4,0.4,3.1,1.8,2.4,11.2
0,2,38,1065,5.9,13.1,.449,5.2,10.7,.488,0.7,2.4,.277,3.6,5.3,.679,7.8,2.0,0.6,4.4,2.6,3.5,16.0
0,3,38,1065,9.2,20.5,.449,8.1,16.7,.488,1.1,3.8,.277,5.6,8.2,.679,12.2,3.0,1.0,6.9,4.1,5.4,25.0,,107.8,102.1
0,4,38,1065,20.2,.513,.474,.186,.400,413,9.1,13.6,11.4,10.3,1.0,11.8,14.4,23.5,,1.8,1.6,3.4,.127,,1.3,7.2,8.5
1,0,37,1068,143,338,.423,104,218,.477,39,120,.325,102,116,.879,13,84,97,174,34,2,76,63,427
1,1,37,28.9,3.9,9.1,.423,2.8,5.9,.477,1.1,3.2,.325,2.8,3.1,.879,2.6,4.7,0.9,0.1,2.1,1.7,11.5
1,2,37,1068,5.4,12.7,.423,3.9,8.2,.477,1.5,4.5,.325,3.8,4.3,.879,3.6,6.5,1.3,0.1,2.8,2.4,16.0
1,3,37,1068,8.3,19.7,.423,6.1,12.7,.477,2.3,7.0,.325,6.0,6.8,.879,5.7,10.2,2.0,0.1,4.4,3.7,24.9,,117.6,108.5
1,4,37,1068,18.3,.543,.481,.355,.343,456,1.4,8.9,5.3,33.3,2.0,0.2,16.2,22.6,,2.9,1.0,3.9,.146,,5.0,0.1,5.1
2,0,1,2,0,0,,0,0,,0,0,,0,0,,0,0,0,0,0,0,1,0,0
2,1,1,2.0,0.0,0.0,,0.0,0.0,,0.0,0.0,,0.0,0.0,,0.0,0.0,0.0,0.0,1.0,0.0,0.0
2,2,1,2,0.0,0.0,,0.0,0.0,,0.0,0.0,,0.0,0.0,,0.0,0.0,0.0,0.0,20.0,0.0,0.0
2,3,1,2,0.0,0.0,,0.0,0.0,,0.0,0.0,,0.0,0.0,,0.0,0.0,0.0,0.0,31.2,0.0,0.0,,0.0,117.6
2,4,1,2,-32.3,,,,,0,0.0,0.0,0.0,0.0,0.0,0.0,100.0,25.7,,0.0,0.0,0.0,-.541,,-26.1,2.3,-23.7
3,0,38,830,65,182,.357,22,51,.431,43,131,.328,30,40,.750,9,50,59,91,20,0,52,51,203
3,1,38,21.8,1.7,4.8,.357,0.6,1.3,.431,1.1,3.4,.328,0.8,1.1,.750,1.6,2.4,0.5,0.0,1.4,1.3,5.3
3,2,38,830,3.1,8.8,.357,1.1,2.5,.431,2.1,6.3,.328,1.4,1.9,.750,2.8,4.4,1.0,0.0,2.5,2.5,9.8
3,3,38,830,4.9,13.7,.357,1.7,3.8,.431,3.2,9.8,.328,2.3,3.0,.750,4.4,6.8,1.5,0.0,3.9,3.8,15.2,,104.7,110.6
3,4,38,830,9.3,.505,.475,.720,.220,218,1.3,6.8,4.1,20.1,1.5,0.0,20.6,15.6,,0.8,0.6,1.4,.066,,2.1,-0.2,2.0
4,0,38,678,80,169,.473,80,169,.473,0,0,,85,146,.582,102,140,242,6,28,18,30,96,245
4,1,38,17.8,2.1,4.4,.473,2.1,4.4,.473,0.0,0.0,,2.2,3.8,.582,6.4,0.2,0.7,0.5,0.8,2.5,6.4
4,2,38,678,4.7,10.0,.473,4.7,10.0,.473,0.0,0.0,,5.0,8.6,.582,14.3,0.4,1.7,1.1,1.8,5.7,14.5
4,3,38,678,7.4,15.5,.473,7.4,15.5,.473,0.0,0.0,,7.8,13.4,.582,22.2,0.6,2.6,1.7,2.8,8.8,22.5,,115.5,98.4
4,4,38,678,20.9,.514,.473,.000,.864,254,17.9,23.3,20.7,1.8,2.6,2.8,11.2,20.3,,1.5,1.3,2.8,.164,,1.2,1.2,2.4
5,0,11,14,0,4,.000,0,1,.000,0,3,.000,0,2,.000,1,0,1,1,0,0,2,2,0
5,1,11,1.3,0.0,0.4,.000,0.0,0.1,.000,0.0,0.3,.000,0.0,0.2,.000,0.1,0.1,0.0,0.0,0.2,0.2,0.0
5,2,11,14,0.0,11.4,.000,0.0,2.9,.000,0.0,8.6,.000,0.0,5.7,.000,2.9,2.9,0.0,0.0,5.7,5.7,0.0
5,3,11,14,0.0,17.8,.000,0.0,4.5,.000,0.0,13.4,.000,0.0,8.9,.000,4.5,4.5,0.0,0.0,8.9,8.9,0.0,,19.2,116.7
5,4,11,14,-22.0,.000,.000,.750,.500,1,8.5,0.0,4.1,11.5,0.0,0.0,28.8,25.5,,-0.1,0.0,-0.1,-.334,,-14.3,-3.2,-17.4
6,0,38,1042,133,295,.451,15,41,.366,118,254,.465,61,76,.803,11,37,48,33,20,0,14,45,445
6,1,38,27.4,3.5,7.8,.451,0.4,1.1,.366,3.1,6.7,.465,1.6,2.0,.803,1.3,0.9,0.5,0.0,0.4,1.2,11.7
6,2,38,1042,5.1,11.3,.451,0.6,1.6,.366,4.5,9.8,.465,2.3,2.9,.803,1.8,1.3,0.8,0.0,0.5,1.7,17.1
6,3,38,1042,8.0,17.6,.451,0.9,2.5,.366,7.1,15.2,.465,3.6,4.5,.803,2.9,2.0,1.2,0.0,0.8,2.7,26.6,,147.5,112.7
6,4,38,1042,18.3,.672,.651,.861,.258,351,1.3,4.0,2.7,6.4,1.2,0.0,4.1,17.0,,3.9,0.6,4.4,.171,,9.4,-1.3,8.1
7,0,38,1103,184,368,.500,170,330,.515,14,38,.368,137,214,.640,107,205,312,37,15,49,51,83,519
7,1,38,29.0,4.8,9.7,.500,4.5,8.7,.515,0.4,1.0,.368,3.6,5.6,.640,8.2,1.0,0.4,1.3,1.3,2.2,13.7
7,2,38,1103,6.7,13.3,.500,6.2,12.0,.515,0.5,1.4,.368,5.0,7.8,.640,11.3,1.3,0.5,1.8,1.8,3.0,18.8
7,3,38,1103,10.4,20.8,.500,9.6,18.6,.515,0.8,2.1,.368,7.7,12.1,.640,17.6,2.1,0.8,2.8,2.9,4.7,29.3,,119.9,102.7
7,4,38,1103,23.8,.553,.519,.103,.582,487,11.6,21.0,16.4,7.4,0.8,4.7,9.8,24.2,,3.3,1.6,4.9,.179,,3.4,2.5,6.0
8,0,13,27,5,7,.714,4,6,.667,1,1,1.000,1,2,.500,1,3,4,2,0,0,2,3,12
8,1,13,2.1,0.4,0.5,.714,0.3,0.5,.667,0.1,0.1,1.000,0.1,0.2,.500,0.3,0.2,0.0,0.0,0.2,0.2,0.9
8,2,13,27,7.4,10.4,.714,5.9,8.9,.667,1.5,1.5,1.000,1.5,3.0,.500,5.9,3.0,0.0,0.0,3.0,4.4,17.8
8,3,13,27,11.5,16.2,.714,9.2,13.8,.667,2.3,2.3,1.000,2.3,4.6,.500,9.2,4.6,0.0,0.0,4.6,6.9,27.7,,124.3,110.9
8,4,13,27,19.5,.755,.786,.143,.286,10,4.4,12.6,8.6,16.9,0.0,0.0,20.1,18.9,,0.1,0.0,0.1,.139,,4.6,-1.3,3.3
9,0,38,1036,92,177,.520,63,115,.548,29,62,.468,57,95,.600,74,131,205,110,34,7,63,88,270
9,1,38,27.3,2.4,4.7,.520,1.7,3.0,.548,0.8,1.6,.468,1.5,2.5,.600,5.4,2.9,0.9,0.2,1.7,2.3,7.1
9,2,38,1036,3.6,6.8,.520,2.4,4.4,.548,1.1,2.4,.468,2.2,3.7,.600,7.9,4.2,1.3,0.3,2.4,3.4,10.4
9,3,38,1036,5.5,10.6,.520,3.8,6.9,.548,1.7,3.7,.468,3.4,5.7,.600,12.3,6.6,2.0,0.4,3.8,5.3,16.2,,119.9,105.3
9,4,38,1036,16.5,.608,.602,.350,.537,311,8.5,14.3,11.5,19.9,2.0,0.7,22.1,14.1,,2.1,1.3,3.4,.131,,5.3,3.3,8.7
10,0,38,542,79,170,.465,64,129,.496,15,41,.366,61,86,.709,40,65,105,23,20,7,51,78,234
10,1,38,14.3,2.1,4.5,.465,1.7,3.4,.496,0.4,1.1,.366,1.6,2.3,.709,2.8,0.6,0.5,0.2,1.3,2.1,6.2
10,2,38,542,5.8,12.5,.465,4.7,9.5,.496,1.1,3.0,.366,4.5,6.3,.709,7.7,1.7,1.5,0.5,3.8,5.8,17.3
10,3,38,542,9.1,19.5,.465,7.4,14.8,.496,1.7,4.7,.366,7.0,9.9,.709,12.1,2.6,2.3,0.8,5.9,9.0,26.9,,104.9,104.4
10,4,38,542,16.2,.555,.509,.241,.506,218,8.8,13.5,11.2,8.9,2.3,1.4,19.5,24.8,,0.8,0.7,1.5,.110,,1.7,1.3,3.0
11,0,32,291,21,48,.438,18,38,.474,3,10,.300,16,32,.500,20,27,47,34,9,1,25,46,61
11,1,32,9.1,0.7,1.5,.438,0.6,1.2,.474,0.1,0.3,.300,0.5,1.0,.500,1.5,1.1,0.3,0.0,0.8,1.4,1.9
11,2,32,291,2.9,6.6,.438,2.5,5.2,.474,0.4,1.4,.300,2.2,4.4,.500,6.5,4.7,1.2,0.1,3.4,6.3,8.4
11,3,32,291,4.5,10.3,.438,3.9,8.1,.474,0.6,2.1,.300,3.4,6.9,.500,10.1,7.3,1.9,0.2,5.4,9.9,13.1,,97.1,107.1
11,4,32,291,9.2,.483,.469,.208,.667,79,8.2,10.5,9.4,21.2,1.9,0.4,28.3,15.6,,0.1,0.3,0.4,.059,,0.5,1.8,2.3
