0,0,31,960,137,256,.535,137,254,.539,0,2,.000,111,162,.685,87,150,237,28,29,45,65,79,385
0,1,31,31.0,4.4,8.3,.535,4.4,8.2,.539,0.0,0.1,.000,3.6,5.2,.685,7.6,0.9,0.9,1.5,2.1,2.5,12.4
0,2,31,960,5.7,10.7,.535,5.7,10.6,.539,0.0,0.1,.000,4.6,6.8,.685,9.9,1.2,1.2,1.9,2.7,3.3,16.0
0,3,31,960,8.6,16.0,.535,8.6,15.9,.539,0.0,0.1,.000,7.0,10.1,.685,14.8,1.8,1.8,2.8,4.1,4.9,24.1,,113.2,93.9
0,4,31,960,21.8,.578,.535,.008,.633,376,11.5,18.4,15.1,6.3,1.8,5.3,16.3,21.2,,2.3,1.9,4.2,.177,,2.0,3.9,5.9
1,0,15,125,12,29,.414,9,16,.563,3,13,.231,9,18,.500,4,6,10,4,8,3,10,19,36
1,1,15,8.3,0.8,1.9,.414,0.6,1.1,.563,0.2,0.9,.231,0.6,1.2,.500,0.7,0.3,0.5,0.2,0.7,1.3,2.4
1,2,15,125,3.8,9.3,.414,2.9,5.1,.563,1.0,4.2,.231,2.9,5.8,.500,3.2,1.3,2.6,1.0,3.2,6.1,11.5
1,3,15,125,5.8,13.9,.414,4.3,7.7,.563,1.4,6.3,.231,4.3,8.7,.500,4.8,1.9,3.8,1.4,4.8,9.1,17.3,,88.3,95.8
1,4,15,125,9.4,.479,.466,.448,.621,34,4.0,5.7,4.9,6.3,3.8,2.7,21.0,19.4,,0.0,0.2,0.2,.069,,-1.2,2.3,1.2
2,0,28,987,169,425,.398,80,176,.455,89,249,.357,119,144,.826,22,80,102,60,39,1,100,67,546
2,1,28,35.3,6.0,15.2,.398,2.9,6.3,.455,3.2,8.9,.357,4.3,5.1,.826,3.6,2.1,1.4,0.0,3.6,2.4,19.5
2,2,28,987,6.8,17.2,.398,3.2,7.1,.455,3.6,10.1,.357,4.8,5.8,.826,4.1,2.4,1.6,0.0,4.1,2.7,22.1
2,3,28,987,10.3,25.9,.398,4.9,10.7,.455,5.4,15.2,.357,7.2,8.8,.826,6.2,3.7,2.4,0.1,6.1,4.1,33.3,,106.5,99.2
2,4,28,987,19.2,.553,.502,.586,.339,495,2.8,9.5,6.3,14.0,2.4,0.1,16.9,30.7,,2.3,1.5,3.8,.155,,4.7,-0.8,3.9
3,0,31,495,39,96,.406,31,65,.477,8,31,.258,25,32,.781,23,48,71,27,13,6,33,51,111
3,1,31,16.0,1.3,3.1,.406,1.0,2.1,.477,0.3,1.0,.258,0.8,1.0,.781,2.3,0.9,0.4,0.2,1.1,1.6,3.6
3,2,31,495,3.2,7.8,.406,2.5,5.3,.477,0.6,2.5,.258,2.0,2.6,.781,5.7,2.2,1.1,0.5,2.7,4.1,9.0
3,3,31,495,4.7,11.7,.406,3.8,7.9,.477,1.0,3.8,.258,3.0,3.9,.781,8.6,3.3,1.6,0.7,4.0,6.2,13.5,,96.7,99.3
3,4,31,495,9.4,.499,.448,.323,.333,119,5.9,11.4,8.7,10.4,1.6,1.4,22.9,14.9,,0.3,0.7,1.0,.081,,-0.4,1.7,1.3
4,0,31,923,90,174,.517,62,103,.602,28,71,.394,54,66,.818,42,121,163,29,20,12,47,40,262
4,1,31,29.8,2.9,5.6,.517,2.0,3.3,.602,0.9,2.3,.394,1.7,2.1,.818,5.3,0.9,0.6,0.4,1.5,1.3,8.5
4,2,31,923,3.9,7.5,.517,2.7,4.5,.602,1.2,3.1,.394,2.3,2.9,.818,7.1,1.3,0.9,0.5,2.0,1.7,11.4
4,3,31,923,5.9,11.3,.517,4.0,6.7,.602,1.8,4.6,.394,3.5,4.3,.818,10.6,1.9,1.3,0.8,3.1,2.6,17.1,,118.2,98.5
4,4,31,923,15.3,.638,.598,.408,.379,247,5.8,15.4,10.8,6.2,1.3,1.5,18.6,14.0,,1.8,1.5,3.2,.140,,3.2,2.0,5.1
5,0,30,1017,162,295,.549,160,285,.561,2,10,.200,91,137,.664,79,136,215,36,16,27,69,71,417
5,1,30,33.9,5.4,9.8,.549,5.3,9.5,.561,0.1,0.3,.200,3.0,4.6,.664,7.2,1.2,0.5,0.9,2.3,2.4,13.9
5,2,30,1017,6.4,11.6,.549,6.3,11.2,.561,0.1,0.4,.200,3.6,5.4,.664,8.5,1.4,0.6,1.1,2.7,2.8,16.4
5,3,30,1017,9.6,17.4,.549,9.5,16.8,.561,0.1,0.6,.200,5.4,8.1,.664,12.7,2.1,0.9,1.6,4.1,4.2,24.6,,112.2,98.2
5,4,30,1017,19.8,.579,.553,.034,.464,398,9.8,15.8,12.9,8.0,0.9,3.0,16.1,21.6,,2.4,1.6,4.0,.157,,2.3,1.9,4.2
6,0,24,287,22,61,.361,18,42,.429,4,19,.211,4,6,.667,4,30,34,34,9,0,34,33,52
6,1,24,12.0,0.9,2.5,.361,0.8,1.8,.429,0.2,0.8,.211,0.2,0.3,.667,1.4,1.4,0.4,0.0,1.4,1.4,2.2
6,2,24,287,3.1,8.5,.361,2.5,5.9,.429,0.6,2.6,.211,0.6,0.8,.667,4.7,4.7,1.3,0.0,4.7,4.6,7.2
6,3,24,287,4.6,12.8,.361,3.8,8.8,.429,0.8,4.0,.211,0.8,1.3,.667,7.1,7.1,1.9,0.0,7.1,6.9,10.9,,73.5,98.8
6,4,24,287,3.9,.407,.393,.311,.098,64,1.8,12.3,7.2,22.5,1.9,0.0,34.7,17.4,,-0.4,0.4,0.0,.005,,-4.5,0.7,-3.9
7,0,31,389,37,69,.536,37,69,.536,0,0,,18,46,.391,31,44,75,5,15,34,20,66,92
7,1,31,12.5,1.2,2.2,.536,1.2,2.2,.536,0.0,0.0,,0.6,1.5,.391,2.4,0.2,0.5,1.1,0.6,2.1,3.0
7,2,31,389,3.8,7.1,.536,3.8,7.1,.536,0.0,0.0,,1.9,4.7,.391,7.7,0.5,1.5,3.5,2.1,6.8,9.5
7,3,31,389,5.7,10.7,.536,5.7,10.7,.536,0.0,0.0,,2.8,7.1,.391,11.6,0.8,2.3,5.3,3.1,10.2,14.2,,98.2,92.3
7,4,31,389,13.9,.506,.536,.000,.667,93,10.1,13.3,11.8,2.5,2.3,9.9,18.0,14.6,,0.2,0.8,1.1,.112,,-1.4,6.4,5.0
8,0,6,13,2,6,.333,2,5,.400,0,1,.000,0,0,,2,2,4,0,0,0,1,0,4
8,1,6,2.2,0.3,1.0,.333,0.3,0.8,.400,0.0,0.2,.000,0.0,0.0,,0.7,0.0,0.0,0.0,0.2,0.0,0.7
8,2,6,13,6.2,18.5,.333,6.2,15.4,.400,0.0,3.1,.000,0.0,0.0,,12.3,0.0,0.0,0.0,3.1,0.0,12.3
8,3,6,13,9.2,27.7,.333,9.2,23.1,.400,0.0,4.6,.000,0.0,0.0,,18.5,0.0,0.0,0.0,4.6,0.0,18.5,,77.2,101.2
8,4,6,13,8.0,.333,.333,.167,.000,4,19.5,18.1,18.8,0.0,0.0,0.0,14.3,27.5,,0.0,0.0,0.0,-.008,,-8.9,-8.4,-17.3
9,0,1,2,0,0,,0,0,,0,0,,1,2,.500,0,0,0,0,0,0,0,0,1
9,1,1,2.0,0.0,0.0,,0.0,0.0,,0.0,0.0,,1.0,2.0,.500,0.0,0.0,0.0,0.0,0.0,0.0,1.0
9,2,1,2,0.0,0.0,,0.0,0.0,,0.0,0.0,,20.0,40.0,.500,0.0,0.0,0.0,0.0,0.0,0.0,20.0
9,3,1,2,0.0,0.0,,0.0,0.0,,0.0,0.0,,30.1,60.1,.500,0.0,0.0,0.0,0.0,0.0,0.0,30.1,,122.2,109.1
9,4,1,2,17.4,.526,,,,1,0.0,0.0,0.0,0.0,0.0,0.0,0.0,24.3,,0.0,0.0,0.0,.166,,-0.4,-6.1,-6.5
10,0,8,37,5,15,.333,5,15,.333,0,0,,1,2,.500,4,3,7,0,0,0,6,5,11
10,1,8,4.6,0.6,1.9,.333,0.6,1.9,.333,0.0,0.0,,0.1,0.3,.500,0.9,0.0,0.0,0.0,0.8,0.6,1.4
10,2,8,37,5.4,16.2,.333,5.4,16.2,.333,0.0,0.0,,1.1,2.2,.500,7.6,0.0,0.0,0.0,6.5,5.4,11.9
10,3,8,37,8.1,24.4,.333,8.1,24.4,.333,0.0,0.0,,1.6,3.2,.500,11.4,0.0,0.0,0.0,9.7,8.1,17.9,,62.3,104.2
10,4,8,37,-2.6,.345,.333,.000,.133,11,13.7,9.6,11.5,0.0,0.0,0.0,27.3,30.3,,-0.1,0.0,-0.1,-.112,,-13.4,-6.7,-20.1
11,0,30,990,77,192,.401,47,114,.412,30,78,.385,53,84,.631,18,77,95,142,68,2,101,93,237
11,1,30,33.0,2.6,6.4,.401,1.6,3.8,.412,1.0,2.6,.385,1.8,2.8,.631,3.2,4.7,2.3,0.1,3.4,3.1,7.9
11,2,30,990,3.1,7.8,.401,1.9,4.6,.412,1.2,3.2,.385,2.1,3.4,.631,3.8,5.7,2.7,0.1,4.1,3.8,9.6
11,3,30,990,4.7,11.7,.401,2.9,6.9,.412,1.8,4.7,.385,3.2,5.1,.631,5.8,8.6,4.1,0.1,6.1,5.6,14.4,,94.1,95.2
11,4,30,990,12.2,.511,.479,.406,.438,287,2.3,9.2,5.9,27.3,4.1,0.2,30.3,17.2,,0.4,1.9,2.3,.093,,1.1,2.7,3.9
