0,0,35,773,112,172,.651,112,164,.683,0,8,.000,83,119,.697,46,98,144,32,15,6,39,103,307
0,1,35,22.1,3.2,4.9,.651,3.2,4.7,.683,0.0,0.2,.000,2.4,3.4,.697,4.1,0.9,0.4,0.2,1.1,2.9,8.8
0,2,35,773,5.8,8.9,.651,5.8,8.5,.683,0.0,0.4,.000,4.3,6.2,.697,7.5,1.7,0.8,0.3,2.0,5.3,15.9
0,3,35,773,8.3,12.8,.651,8.3,12.2,.683,0.0,0.6,.000,6.2,8.9,.697,10.7,2.4,1.1,0.4,2.9,7.7,22.8,,127.6,108.9
0,4,35,773,17.8,.672,.651,.047,.692,293,7.8,15.2,11.7,7.7,1.1,0.9,14.6,17.7,,2.2,0.7,2.9,.151,,1.8,-1.1,0.7
1,0,35,1080,191,378,.505,126,214,.589,65,164,.396,102,126,.810,27,94,121,111,45,7,94,74,549
1,1,35,30.9,5.5,10.8,.505,3.6,6.1,.589,1.9,4.7,.396,2.9,3.6,.810,3.5,3.2,1.3,0.2,2.7,2.1,15.7
1,2,35,1080,7.1,14.0,.505,4.7,7.9,.589,2.4,6.1,.396,3.8,4.7,.810,4.5,4.1,1.7,0.3,3.5,2.7,20.3
1,3,35,1080,10.2,20.1,.505,6.7,11.4,.589,3.5,8.7,.396,5.4,6.7,.810,6.4,5.9,2.4,0.4,5.0,3.9,29.2,,115.7,108.3
1,4,35,1080,20.6,.627,.591,.434,.333,528,3.3,10.4,7.0,20.3,2.4,0.7,17.7,25.2,,2.9,1.0,4.0,.147,,3.8,-1.1,2.7
2,0,31,1004,104,220,.473,82,155,.529,22,65,.338,107,142,.754,43,72,115,170,44,5,82,83,337
2,1,31,32.4,3.4,7.1,.473,2.6,5.0,.529,0.7,2.1,.338,3.5,4.6,.754,3.7,5.5,1.4,0.2,2.6,2.7,10.9
2,2,31,1004,4.1,8.8,.473,3.3,6.2,.529,0.9,2.6,.338,4.3,5.7,.754,4.6,6.8,1.8,0.2,3.3,3.3,13.4
2,3,31,1004,6.0,12.6,.473,4.7,8.9,.529,1.3,3.7,.338,6.1,8.1,.754,6.6,9.7,2.5,0.3,4.7,4.8,19.3,,118.1,108.7
2,4,31,1004,17.3,.586,.523,.295,.645,425,5.6,8.6,7.2,29.2,2.5,0.6,22.2,18.8,,2.6,0.9,3.5,.138,,2.6,-0.4,2.2
3,0,36,499,37,106,.349,19,45,.422,18,61,.295,15,17,.882,5,27,32,44,10,4,36,51,107
3,1,36,13.9,1.0,2.9,.349,0.5,1.3,.422,0.5,1.7,.295,0.4,0.5,.882,0.9,1.2,0.3,0.1,1.0,1.4,3.0
3,2,36,499,3.0,8.5,.349,1.5,3.6,.422,1.4,4.9,.295,1.2,1.4,.882,2.6,3.5,0.8,0.3,2.9,4.1,8.6
3,3,36,499,4.3,12.2,.349,2.2,5.2,.422,2.1,7.0,.295,1.7,2.0,.882,3.7,5.1,1.2,0.5,4.2,5.9,12.3,,89.7,112.3
3,4,36,499,5.2,.469,.434,.575,.160,120,1.3,6.5,4.0,14.5,1.2,0.9,24.0,15.4,,-0.1,0.3,0.2,.016,,-3.3,-2.2,-5.5
4,0,35,751,104,170,.612,97,157,.618,7,13,.538,70,119,.588,58,108,166,28,8,19,44,110,285
4,1,35,21.5,3.0,4.9,.612,2.8,4.5,.618,0.2,0.4,.538,2.0,3.4,.588,4.7,0.8,0.2,0.5,1.3,3.1,8.1
4,2,35,751,5.5,9.1,.612,5.2,8.4,.618,0.4,0.7,.538,3.7,6.3,.588,8.8,1.5,0.4,1.0,2.3,5.9,15.2
4,3,35,751,8.0,13.0,.612,7.4,12.0,.618,0.5,1.0,.538,5.4,9.1,.588,12.7,2.1,0.6,1.5,3.4,8.4,21.8,,119.0,108.2
4,4,35,751,16.6,.629,.632,.076,.700,281,10.1,17.2,13.8,6.9,0.6,2.8,16.3,18.4,,1.7,0.7,2.4,.130,,0.5,-0.6,-0.1
5,0,36,208,6,27,.222,1,5,.200,5,22,.227,8,10,.800,5,19,24,18,4,0,9,33,25
5,1,36,5.8,0.2,0.8,.222,0.0,0.1,.200,0.1,0.6,.227,0.2,0.3,.800,0.7,0.5,0.1,0.0,0.3,0.9,0.7
5,2,36,208,1.2,5.2,.222,0.2,1.0,.200,1.0,4.2,.227,1.5,1.9,.800,4.6,3.5,0.8,0.0,1.7,6.3,4.8
5,3,36,208,1.7,7.5,.222,0.3,1.4,.200,1.4,6.1,.227,2.2,2.8,.800,6.6,5.0,1.1,0.0,2.5,9.1,6.9,,94.5,110.8
5,4,36,208,3.6,.394,.315,.815,.370,37,3.2,10.9,7.2,13.2,1.1,0.0,22.1,10.0,,0.0,0.1,0.2,.033,,-2.5,-1.5,-4.0
6,0,26,119,27,48,.563,27,48,.563,0,0,,12,26,.462,11,15,26,0,3,6,15,35,66
6,1,26,4.6,1.0,1.8,.563,1.0,1.8,.563,0.0,0.0,,0.5,1.0,.462,1.0,0.0,0.1,0.2,0.6,1.3,2.5
6,2,26,119,9.1,16.1,.563,9.1,16.1,.563,0.0,0.0,,4.0,8.7,.462,8.7,0.0,1.0,2.0,5.0,11.8,22.2
6,3,26,119,13.1,23.2,.563,13.1,23.2,.563,0.0,0.0,,5.8,12.6,.462,12.6,0.0,1.5,2.9,7.3,16.9,31.9,,91.9,105.1
6,4,26,119,14.4,.547,.563,.000,.542,57,12.1,15.1,13.7,0.0,1.5,5.7,19.9,32.4,,0.0,0.1,0.1,.048,,-8.6,-5.2,-13.7
7,0,36,1266,218,474,.460,129,246,.524,89,228,.390,135,155,.871,15,157,172,92,77,3,61,51,660
7,1,36,35.2,6.1,13.2,.460,3.6,6.8,.524,2.5,6.3,.390,3.8,4.3,.871,4.8,2.6,2.1,0.1,1.7,1.4,18.3
7,2,36,1266,6.9,15.0,.460,4.1,7.8,.524,2.8,7.2,.390,4.3,4.9,.871,5.4,2.9,2.4,0.1,1.9,1.6,20.9
7,3,36,1266,9.9,21.5,.460,5.9,11.2,.524,4.0,10.4,.390,6.1,7.0,.871,7.8,4.2,3.5,0.1,2.8,2.3,30.0,,121.5,104.5
7,4,36,1266,23.0,.603,.554,.481,.327,601,1.6,14.8,8.5,14.2,3.5,0.3,10.0,24.6,,4.0,1.6,5.6,.177,,4.4,-0.1,4.3
8,0,33,240,6,12,.500,4,7,.571,2,5,.400,3,8,.375,11,15,26,13,8,0,11,28,17
8,1,33,7.3,0.2,0.4,.500,0.1,0.2,.571,0.1,0.2,.400,0.1,0.2,.375,0.8,0.4,0.2,0.0,0.3,0.8,0.5
8,2,33,240,1.0,2.0,.500,0.7,1.2,.571,0.3,0.8,.400,0.5,1.3,.375,4.3,2.2,1.3,0.0,1.8,4.7,2.8
8,3,33,240,1.4,2.9,.500,1.0,1.7,.571,0.5,1.2,.400,0.7,1.9,.375,6.2,3.1,1.9,0.0,2.6,6.7,4.1,,99.1,110.6
8,4,33,240,4.5,.538,.583,.417,.667,30,6.0,7.5,6.8,8.2,1.9,0.0,41.0,5.7,,0.1,0.2,0.2,.039,,-1.3,0.2,-1.1
9,0,35,279,37,71,.521,17,25,.680,20,46,.435,11,14,.786,14,26,40,5,3,5,12,49,105
9,1,35,8.0,1.1,2.0,.521,0.5,0.7,.680,0.6,1.3,.435,0.3,0.4,.786,1.1,0.1,0.1,0.1,0.3,1.4,3.0
9,2,35,279,5.3,10.2,.521,2.4,3.6,.680,2.9,6.6,.435,1.6,2.0,.786,5.7,0.7,0.4,0.7,1.7,7.0,15.1
9,3,35,279,7.6,14.6,.521,3.5,5.2,.680,4.1,9.5,.435,2.3,2.9,.786,8.2,1.0,0.6,1.0,2.5,10.1,21.7,,123.9,110.8
9,4,35,279,13.9,.676,.662,.648,.197,90,6.6,11.1,9.0,3.3,0.6,2.0,13.4,16.5,,0.6,0.2,0.8,.119,,2.2,-3.0,-0.8
10,0,27,145,15,39,.385,1,4,.250,14,35,.400,1,3,.333,3,10,13,15,3,0,6,11,45
10,1,27,5.4,0.6,1.4,.385,0.0,0.1,.250,0.5,1.3,.400,0.0,0.1,.333,0.5,0.6,0.1,0.0,0.2,0.4,1.7
10,2,27,145,4.1,10.8,.385,0.3,1.1,.250,3.9,9.7,.400,0.3,0.8,.333,3.6,4.1,0.8,0.0,1.7,3.0,12.4
10,3,27,145,6.0,15.5,.385,0.4,1.6,.250,5.6,13.9,.400,0.4,1.2,.333,5.2,6.0,1.2,0.0,2.4,4.4,17.9,,115.9,112.1
10,4,27,145,12.2,.557,.564,.897,.077,47,2.7,8.2,5.6,17.9,1.2,0.0,12.9,16.4,,0.3,0.1,0.3,.096,,2.0,-3.8,-1.8
11,0,36,837,126,256,.492,45,80,.563,81,176,.460,40,55,.727,35,113,148,43,28,33,47,107,373
11,1,36,23.3,3.5,7.1,.492,1.3,2.2,.563,2.3,4.9,.460,1.1,1.5,.727,4.1,1.2,0.8,0.9,1.3,3.0,10.4
11,2,36,837,6.0,12.2,.492,2.2,3.8,.563,3.9,8.4,.460,1.9,2.6,.727,7.1,2.1,1.3,1.6,2.2,5.1,17.8
11,3,36,837,8.7,17.6,.492,3.1,5.5,.563,5.6,12.1,.460,2.7,3.8,.727,10.2,3.0,1.9,2.3,3.2,7.4,25.6,,121.9,105.1
11,4,36,837,19.9,.661,.650,.688,.215,332,5.5,16.1,11.1,9.7,1.9,4.4,14.3,20.1,,2.2,1.0,3.3,.156,,4.4,0.8,5.3
