0,0,35,432,40,108,.370,19,35,.543,21,73,.288,9,14,.643,21,48,69,28,27,12,25,69,110
0,1,35,12.3,1.1,3.1,.370,0.5,1.0,.543,0.6,2.1,.288,0.3,0.4,.643,2.0,0.8,0.8,0.3,0.7,2.0,3.1
0,2,35,432,3.7,10.0,.370,1.8,3.2,.543,1.9,6.8,.288,0.8,1.3,.643,6.4,2.6,2.5,1.1,2.3,6.4,10.2
0,3,35,432,5.4,14.4,.370,2.5,4.7,.543,2.8,9.8,.288,1.2,1.9,.643,9.2,3.7,3.6,1.6,3.3,9.2,14.7,,100.5,87.4
0,4,35,432,11.8,.480,.468,.676,.130,115,5.7,13.2,9.4,11.2,3.6,3.2,17.9,15.7,,0.4,1.1,1.5,.139,,0.5,4.7,5.2
1,0,29,107,13,23,.565,10,18,.556,3,5,.600,2,3,.667,4,4,8,7,5,0,7,12,31
1,1,29,3.7,0.4,0.8,.565,0.3,0.6,.556,0.1,0.2,.600,0.1,0.1,.667,0.3,0.2,0.2,0.0,0.2,0.4,1.1
1,2,29,107,4.9,8.6,.565,3.7,6.7,.556,1.1,1.9,.600,0.7,1.1,.667,3.0,2.6,1.9,0.0,2.6,4.5,11.6
1,3,29,107,7.0,12.4,.565,5.4,9.7,.556,1.6,2.7,.600,1.1,1.6,.667,4.3,3.8,2.7,0.0,3.8,6.5,16.7,,111.2,94.9
1,4,29,107,12.5,.635,.630,.217,.130,29,4.4,4.4,4.4,11.9,2.7,0.0,22.3,14.3,,0.2,0.2,0.4,.138,,0.5,1.0,1.5
2,0,35,746,99,202,.490,22,34,.647,77,168,.458,18,27,.667,36,73,109,76,48,14,38,65,293
2,1,35,21.3,2.8,5.8,.490,0.6,1.0,.647,2.2,4.8,.458,0.5,0.8,.667,3.1,2.2,1.4,0.4,1.1,1.9,8.4
2,2,35,746,5.3,10.8,.490,1.2,1.8,.647,4.1,9.0,.458,1.0,1.4,.667,5.8,4.1,2.6,0.8,2.0,3.5,15.7
2,3,35,746,7.7,15.6,.490,1.7,2.6,.647,6.0,13.0,.458,1.4,2.1,.667,8.4,5.9,3.7,1.1,2.9,5.0,22.7,,133.3,88.7
2,4,35,746,22.7,.682,.681,.832,.134,278,5.6,11.6,8.6,19.0,3.7,2.2,15.0,16.5,,2.6,1.9,4.5,.239,,7.9,3.9,11.8
3,0,35,861,150,311,.482,78,144,.542,72,167,.431,54,66,.818,16,64,80,63,43,6,52,76,426
3,1,35,24.6,4.3,8.9,.482,2.2,4.1,.542,2.1,4.8,.431,1.5,1.9,.818,2.3,1.8,1.2,0.2,1.5,2.2,12.2
3,2,35,861,7.0,14.4,.482,3.6,6.7,.542,3.3,7.8,.431,2.5,3.1,.818,3.7,2.9,2.0,0.3,2.4,3.5,19.8
3,3,35,861,10.1,20.9,.482,5.2,9.7,.542,4.8,11.2,.431,3.6,4.4,.818,5.4,4.2,2.9,0.4,3.5,5.1,28.6,,121.5,92.3
3,4,35,861,20.8,.622,.598,.537,.212,367,2.2,8.8,5.5,14.8,2.9,0.8,13.2,22.3,,2.7,1.9,4.6,.214,,5.2,1.3,6.5
4,0,35,812,63,182,.346,18,51,.353,45,131,.344,53,63,.841,8,53,61,139,27,0,48,42,224
4,1,35,23.2,1.8,5.2,.346,0.5,1.5,.353,1.3,3.7,.344,1.5,1.8,.841,1.7,4.0,0.8,0.0,1.4,1.2,6.4
4,2,35,812,3.1,9.0,.346,0.9,2.5,.353,2.2,6.5,.344,2.6,3.1,.841,3.0,6.8,1.3,0.0,2.4,2.1,11.0
4,3,35,812,4.5,13.0,.346,1.3,3.6,.353,3.2,9.3,.344,3.8,4.5,.841,4.3,9.9,1.9,0.0,3.4,3.0,15.9,,118.1,95.5
4,4,35,812,14.2,.528,.470,.720,.346,272,1.2,7.7,4.4,28.9,1.9,0.0,18.5,15.6,,1.9,1.5,3.4,.166,,2.3,-0.4,1.9
5,0,35,775,136,252,.540,130,239,.544,6,13,.462,101,141,.716,82,125,207,22,20,22,46,88,379
5,1,35,22.1,3.9,7.2,.540,3.7,6.8,.544,0.2,0.4,.462,2.9,4.0,.716,5.9,0.6,0.6,0.6,1.3,2.5,10.8
5,2,35,775,7.0,13.0,.540,6.7,12.3,.544,0.3,0.7,.462,5.2,7.3,.716,10.7,1.1,1.0,1.1,2.4,4.5,19.6
5,3,35,775,10.1,18.8,.540,9.7,17.8,.544,0.4,1.0,.462,7.5,10.5,.716,15.4,1.6,1.5,1.6,3.4,6.6,28.3,,121.0,89.7
5,4,35,775,23.3,.594,.552,.052,.560,354,12.4,19.1,15.7,5.7,1.5,3.3,12.6,22.9,,2.6,1.9,4.5,.231,,1.7,1.9,3.7
6,0,35,667,66,135,.489,55,106,.519,11,29,.379,43,62,.694,50,66,116,59,30,8,43,55,186
6,1,35,19.1,1.9,3.9,.489,1.6,3.0,.519,0.3,0.8,.379,1.2,1.8,.694,3.3,1.7,0.9,0.2,1.2,1.6,5.3
6,2,35,667,4.0,8.1,.489,3.3,6.4,.519,0.7,1.7,.379,2.6,3.7,.694,7.0,3.5,1.8,0.5,2.6,3.3,11.2
6,3,35,667,5.7,11.7,.489,4.8,9.2,.519,1.0,2.5,.379,3.7,5.4,.694,10.0,5.1,2.6,0.7,3.7,4.8,16.1,,114.3,91.5
6,4,35,667,15.8,.566,.530,.215,.459,211,8.8,11.7,10.2,15.5,2.6,1.4,20.7,15.1,,1.3,1.5,2.8,.168,,1.9,3.7,5.6
7,0,34,351,42,96,.438,33,66,.500,9,30,.300,35,51,.686,29,45,74,22,10,5,36,59,128
7,1,34,10.3,1.2,2.8,.438,1.0,1.9,.500,0.3,0.9,.300,1.0,1.5,.686,2.2,0.6,0.3,0.1,1.1,1.7,3.8
7,2,34,351,4.8,10.9,.438,3.8,7.5,.500,1.0,3.4,.300,4.0,5.8,.686,8.4,2.5,1.1,0.6,4.1,6.7,14.6
7,3,34,351,6.9,15.8,.438,5.4,10.9,.500,1.5,4.9,.300,5.8,8.4,.686,12.2,3.6,1.6,0.8,5.9,9.7,21.1,,100.2,91.5
7,4,34,351,13.0,.532,.484,.313,.531,132,9.7,15.2,12.4,11.4,1.6,1.6,23.0,21.7,,0.4,0.8,1.2,.136,,-0.9,1.6,0.7
8,0,35,638,74,147,.503,56,105,.533,18,42,.429,110,146,.753,15,36,51,96,70,1,74,87,276
8,1,35,18.2,2.1,4.2,.503,1.6,3.0,.533,0.5,1.2,.429,3.1,4.2,.753,1.5,2.7,2.0,0.0,2.1,2.5,7.9
8,2,35,638,4.6,9.2,.503,3.5,6.6,.533,1.1,2.6,.429,6.9,9.2,.753,3.2,6.0,4.4,0.1,4.6,5.5,17.3
8,3,35,638,6.7,13.3,.503,5.1,9.5,.533,1.6,3.8,.429,10.0,13.2,.753,4.6,8.7,6.3,0.1,6.7,7.9,25.0,,114.5,85.7
8,4,35,638,22.0,.638,.565,.286,.993,293,2.7,6.7,4.7,27.2,6.3,0.2,25.5,22.2,,1.8,1.8,3.6,.225,,3.7,3.6,7.3
9,0,35,544,79,198,.399,43,88,.489,36,110,.327,15,23,.652,31,50,81,34,31,1,30,43,209
9,1,35,15.5,2.3,5.7,.399,1.2,2.5,.489,1.0,3.1,.327,0.4,0.7,.652,2.3,1.0,0.9,0.0,0.9,1.2,6.0
9,2,35,544,5.8,14.6,.399,3.2,6.5,.489,2.6,8.1,.327,1.1,1.7,.652,6.0,2.5,2.3,0.1,2.2,3.2,15.4
9,3,35,544,8.4,21.0,.399,4.6,9.3,.489,3.8,11.7,.327,1.6,2.4,.652,8.6,3.6,3.3,0.1,3.2,4.6,22.2,,106.7,90.9
9,4,35,544,15.8,.500,.490,.556,.116,199,6.7,10.9,8.8,11.9,3.3,0.2,12.6,21.4,,0.9,1.3,2.2,.159,,1.9,1.6,3.5
10,0,35,518,68,168,.405,39,72,.542,29,96,.302,16,21,.762,35,77,112,18,16,9,29,56,181
10,1,35,14.8,1.9,4.8,.405,1.1,2.1,.542,0.8,2.7,.302,0.5,0.6,.762,3.2,0.5,0.5,0.3,0.8,1.6,5.2
10,2,35,518,5.3,13.0,.405,3.0,5.6,.542,2.2,7.4,.302,1.2,1.6,.762,8.6,1.4,1.2,0.7,2.2,4.3,14.0
10,3,35,518,7.6,18.7,.405,4.4,8.0,.542,3.2,10.7,.302,1.8,2.3,.762,12.5,2.0,1.8,1.0,3.2,6.2,20.2,,105.1,90.3
10,4,35,518,14.1,.508,.491,.571,.125,169,7.9,17.6,12.7,6.5,1.8,2.0,14.0,19.4,,0.7,1.2,1.9,.149,,0.3,1.5,1.8
11,0,35,599,114,223,.511,114,223,.511,0,0,,119,164,.726,61,121,182,11,11,40,43,76,347
11,1,35,17.1,3.3,6.4,.511,3.3,6.4,.511,0.0,0.0,,3.4,4.7,.726,5.2,0.3,0.3,1.1,1.2,2.2,9.9
11,2,35,599,7.6,14.9,.511,7.6,14.9,.511,0.0,0.0,,7.9,11.0,.726,12.2,0.7,0.7,2.7,2.9,5.1,23.2
11,3,35,599,11.0,21.5,.511,11.0,21.5,.511,0.0,0.0,,11.5,15.8,.726,17.6,1.1,1.1,3.9,4.1,7.3,33.5,,117.1,86.6
11,4,35,599,26.5,.577,.511,.000,.735,316,11.9,24.0,17.9,3.8,1.1,7.7,12.5,27.9,,2.1,1.6,3.7,.249,,-1.1,2.4,1.3
