0,0,31,918,118,268,.440,35,60,.583,83,208,.399,13,30,.433,5,77,82,40,26,1,25,50,332
0,1,31,29.6,3.8,8.6,.440,1.1,1.9,.583,2.7,6.7,.399,0.4,1.0,.433,2.6,1.3,0.8,0.0,0.8,1.6,10.7
0,2,31,918,5.1,11.7,.440,1.5,2.6,.583,3.6,9.1,.399,0.6,1.3,.433,3.6,1.7,1.1,0.0,1.1,2.2,14.5
0,3,31,918,7.6,17.3,.440,2.3,3.9,.583,5.4,13.4,.399,0.8,1.9,.433,5.3,2.6,1.7,0.1,1.6,3.2,21.4,,116.1,107.8
0,4,31,918,14.5,.588,.595,.776,.112,278,0.7,9.9,5.4,8.4,1.7,0.1,8.1,17.4,,1.8,0.7,2.5,.108,,2.7,-2.2,0.6
1,0,32,895,181,261,.693,176,249,.707,5,12,.417,92,143,.643,64,166,230,43,21,7,80,72,459
1,1,32,28.0,5.7,8.2,.693,5.5,7.8,.707,0.2,0.4,.417,2.9,4.5,.643,7.2,1.3,0.7,0.2,2.5,2.3,14.3
1,2,32,895,8.1,11.7,.693,7.9,11.1,.707,0.2,0.5,.417,4.1,6.4,.643,10.3,1.9,0.9,0.3,3.6,3.2,20.5
1,3,32,895,12.0,17.3,.693,11.6,16.5,.707,0.3,0.8,.417,6.1,9.5,.643,15.2,2.8,1.4,0.5,5.3,4.8,30.4,,119.4,103.4
1,4,32,895,24.7,.698,.703,.046,.548,412,8.9,21.9,15.6,10.8,1.4,0.9,19.6,23.8,,2.9,1.0,4.0,.178,,2.5,-0.6,1.9
2,0,29,913,187,382,.490,110,197,.558,77,185,.416,74,99,.747,13,93,106,93,48,11,91,59,525
2,1,29,31.5,6.4,13.2,.490,3.8,6.8,.558,2.7,6.4,.416,2.6,3.4,.747,3.7,3.2,1.7,0.4,3.1,2.0,18.1
2,2,29,913,8.2,16.7,.490,4.8,8.6,.558,3.4,8.1,.416,3.2,4.3,.747,4.6,4.1,2.1,0.5,4.0,2.6,23.0
2,3,29,913,12.1,24.8,.490,7.1,12.8,.558,5.0,12.0,.416,4.8,6.4,.747,6.9,6.0,3.1,0.7,5.9,3.8,34.0,,110.7,103.1
2,4,29,913,23.6,.612,.590,.484,.259,478,1.8,12.1,7.0,22.9,3.1,1.3,17.5,29.6,,2.6,1.1,3.7,.161,,4.1,-0.6,3.5
3,0,32,999,88,202,.436,67,140,.479,21,62,.339,75,117,.641,56,120,176,194,52,5,81,66,272
3,1,32,31.2,2.8,6.3,.436,2.1,4.4,.479,0.7,1.9,.339,2.3,3.7,.641,5.5,6.1,1.6,0.2,2.5,2.1,8.5
3,2,32,999,3.5,8.1,.436,2.7,5.6,.479,0.8,2.5,.339,3.0,4.7,.641,7.0,7.8,2.1,0.2,3.2,2.6,10.9
3,3,32,999,5.2,12.0,.436,4.0,8.3,.479,1.2,3.7,.339,4.4,6.9,.641,10.4,11.5,3.1,0.3,4.8,3.9,16.1,,114.4,102.8
3,4,32,999,18.3,.528,.488,.307,.579,392,7.0,14.2,10.7,34.6,3.1,0.6,23.9,17.6,,2.4,1.2,3.6,.146,,1.8,1.2,3.0
4,0,27,236,25,52,.481,17,35,.486,8,17,.471,13,16,.813,2,26,28,23,7,0,24,19,71
4,1,27,8.7,0.9,1.9,.481,0.6,1.3,.486,0.3,0.6,.471,0.5,0.6,.813,1.0,0.9,0.3,0.0,0.9,0.7,2.6
4,2,27,236,4.2,8.8,.481,2.9,5.9,.486,1.4,2.9,.471,2.2,2.7,.813,4.7,3.9,1.2,0.0,4.1,3.2,12.0
4,3,27,236,6.3,13.0,.481,4.3,8.8,.486,2.0,4.3,.471,3.3,4.0,.813,7.0,5.8,1.8,0.0,6.0,4.8,17.8,,97.7,106.4
4,4,27,236,11.1,.596,.558,.327,.308,73,1.1,13.0,7.2,17.9,1.8,0.0,28.7,18.4,,0.2,0.2,0.4,.063,,-3.1,-1.8,-4.8
5,0,32,641,52,131,.397,25,52,.481,27,79,.342,39,47,.830,31,70,101,22,26,18,25,61,170
5,1,32,20.0,1.6,4.1,.397,0.8,1.6,.481,0.8,2.5,.342,1.2,1.5,.830,3.2,0.7,0.8,0.6,0.8,1.9,5.3
5,2,32,641,3.2,8.2,.397,1.6,3.2,.481,1.7,4.9,.342,2.4,2.9,.830,6.3,1.4,1.6,1.1,1.6,3.8,10.6
5,3,32,641,4.8,12.1,.397,2.3,4.8,.481,2.5,7.3,.342,3.6,4.3,.830,9.3,2.0,2.4,1.7,2.3,5.6,15.7,,113.0,103.3
5,4,32,641,13.7,.554,.500,.603,.359,171,6.0,12.9,9.6,6.0,2.4,3.1,14.0,14.5,,1.0,0.8,1.8,.110,,0.4,1.0,1.5
6,0,26,150,22,54,.407,16,37,.432,6,17,.353,15,24,.625,7,23,30,4,0,3,11,24,65
6,1,26,5.8,0.8,2.1,.407,0.6,1.4,.432,0.2,0.7,.353,0.6,0.9,.625,1.2,0.2,0.0,0.1,0.4,0.9,2.5
6,2,26,150,5.9,14.4,.407,4.3,9.9,.432,1.6,4.5,.353,4.0,6.4,.625,8.0,1.1,0.0,0.8,2.9,6.4,17.3
6,3,26,150,8.7,21.3,.407,6.3,14.6,.432,2.4,6.7,.353,5.9,9.5,.625,11.8,1.6,0.0,1.2,4.3,9.5,25.6,,95.8,106.9
6,4,26,150,11.7,.497,.463,.315,.444,59,5.8,18.1,12.1,5.3,0.0,2.2,14.4,26.5,,0.1,0.1,0.2,.061,,-5.4,-4.4,-9.8
7,0,32,224,5,17,.294,0,5,.000,5,12,.417,7,9,.778,12,29,41,5,7,1,8,22,22
7,1,32,7.0,0.2,0.5,.294,0.0,0.2,.000,0.2,0.4,.417,0.2,0.3,.778,1.3,0.2,0.2,0.0,0.3,0.7,0.7
7,2,32,224,0.9,3.0,.294,0.0,0.9,.000,0.9,2.1,.417,1.3,1.6,.778,7.3,0.9,1.3,0.2,1.4,3.9,3.9
7,3,32,224,1.3,4.5,.294,0.0,1.3,.000,1.3,3.2,.417,1.8,2.4,.778,10.8,1.3,1.8,0.3,2.1,5.8,5.8,,103.5,105.0
7,4,32,224,6.7,.517,.441,.706,.529,29,6.7,15.3,11.1,3.6,1.8,0.5,27.3,6.8,,0.1,0.2,0.3,.060,,-2.1,0.0,-2.1
8,0,13,43,3,9,.333,3,8,.375,0,1,.000,2,5,.400,1,8,9,1,0,0,2,10,8
8,1,13,3.3,0.2,0.7,.333,0.2,0.6,.375,0.0,0.1,.000,0.2,0.4,.400,0.7,0.1,0.0,0.0,0.2,0.8,0.6
8,2,13,43,2.8,8.4,.333,2.8,7.4,.375,0.0,0.9,.000,1.9,4.7,.400,8.4,0.9,0.0,0.0,1.9,9.3,7.4
8,3,13,43,4.1,12.4,.333,4.1,11.0,.375,0.0,1.4,.000,2.8,6.9,.400,12.4,1.4,0.0,0.0,2.8,13.8,11.0,,72.9,106.3
8,4,13,43,0.5,.352,.333,.111,.556,8,2.9,22.0,12.7,4.0,0.0,0.0,15.0,16.2,,-0.1,0.0,0.0,-.014,,-9.4,-3.4,-12.8
9,0,29,117,4,13,.308,1,5,.200,3,8,.375,11,15,.733,4,17,21,19,2,1,20,7,22
9,1,29,4.0,0.1,0.4,.308,0.0,0.2,.200,0.1,0.3,.375,0.4,0.5,.733,0.7,0.7,0.1,0.0,0.7,0.2,0.8
9,2,29,117,1.4,4.4,.308,0.3,1.7,.200,1.0,2.7,.375,3.8,5.1,.733,7.2,6.5,0.7,0.3,6.8,2.4,7.5
9,3,29,117,2.0,6.6,.308,0.5,2.5,.200,1.5,4.0,.375,5.6,7.6,.733,10.6,9.6,1.0,0.5,10.1,3.5,11.1,,82.1,106.1
9,4,29,117,6.7,.547,.423,.615,1.154,34,4.3,17.2,10.9,26.4,1.0,0.9,49.8,17.8,,-0.1,0.1,0.0,.005,,-6.1,-1.2,-7.3
10,0,27,174,31,64,.484,30,54,.556,1,10,.100,23,31,.742,13,24,37,12,1,11,15,37,86
10,1,27,6.4,1.1,2.4,.484,1.1,2.0,.556,0.0,0.4,.100,0.9,1.1,.742,1.4,0.4,0.0,0.4,0.6,1.4,3.2
10,2,27,174,7.1,14.7,.484,6.9,12.4,.556,0.2,2.3,.100,5.3,7.1,.742,8.5,2.8,0.2,2.5,3.4,8.5,19.8
10,3,27,174,10.5,21.8,.484,10.2,18.4,.556,0.3,3.4,.100,7.8,10.5,.742,12.6,4.1,0.3,3.7,5.1,12.6,29.2,,107.1,104.0
10,4,27,174,19.2,.546,.492,.156,.484,85,9.3,16.3,12.9,14.6,0.3,7.0,16.0,28.0,,0.4,0.2,0.6,.135,,-2.1,0.1,-2.0
11,0,32,329,10,28,.357,4,10,.400,6,18,.333,11,15,.733,8,19,27,14,8,0,16,37,37
11,1,32,10.3,0.3,0.9,.357,0.1,0.3,.400,0.2,0.6,.333,0.3,0.5,.733,0.8,0.4,0.3,0.0,0.5,1.2,1.2
11,2,32,329,1.2,3.4,.357,0.5,1.2,.400,0.7,2.2,.333,1.3,1.8,.733,3.3,1.7,1.0,0.0,1.9,4.5,4.5
11,3,32,329,1.8,5.0,.357,0.7,1.8,.400,1.1,3.2,.333,2.0,2.7,.733,4.9,2.5,1.4,0.0,2.9,6.7,6.7,,93.5,109.3
11,4,32,329,3.8,.527,.464,.643,.536,45,3.0,6.8,5.0,6.9,1.4,0.0,31.3,8.1,,0.0,0.2,0.2,.030,,-2.6,-0.9,-3.5
12,0,18,72,9,20,.450,4,10,.400,5,10,.500,9,11,.818,2,1,3,1,1,0,4,6,32
12,1,18,4.0,0.5,1.1,.450,0.2,0.6,.400,0.3,0.6,.500,0.5,0.6,.818,0.2,0.1,0.1,0.0,0.2,0.3,1.8
12,2,18,72,5.0,11.1,.450,2.2,5.6,.400,2.8,5.6,.500,5.0,6.1,.818,1.7,0.6,0.6,0.0,2.2,3.3,17.8
12,3,18,72,7.4,16.4,.450,3.3,8.2,.400,4.1,8.2,.500,7.4,9.0,.818,2.5,0.8,0.8,0.0,3.3,4.9,26.3,,117.4,112.8
12,4,18,72,14.6,.634,.575,.500,.550,27,3.5,1.6,2.5,2.7,0.8,0.0,13.7,21.1,,0.2,0.0,0.2,.112,,0.4,-5.7,-5.3
13,0,32,481,75,182,.412,18,37,.486,57,145,.393,14,14,1.000,26,40,66,9,4,6,18,42,221
13,1,32,15.0,2.3,5.7,.412,0.6,1.2,.486,1.8,4.5,.393,0.4,0.4,1.000,2.1,0.3,0.1,0.2,0.6,1.3,6.9
13,2,32,481,6.2,15.1,.412,1.5,3.1,.486,4.7,12.1,.393,1.2,1.2,1.000,5.5,0.7,0.3,0.5,1.5,3.5,18.4
13,3,32,481,9.2,22.4,.412,2.2,4.6,.486,7.0,17.8,.393,1.7,1.7,1.000,8.1,1.1,0.5,0.7,2.2,5.2,27.2,,115.9,109.7
13,4,32,481,16.9,.586,.569,.797,.077,187,6.7,9.8,8.3,3.8,0.5,1.4,8.7,22.4,,1.2,0.3,1.5,.123,,2.8,-4.8,-2.0
14,0,22,210,21,63,.333,4,6,.667,17,57,.298,2,3,.667,5,15,20,12,2,0,11,14,61
14,1,22,9.5,1.0,2.9,.333,0.2,0.3,.667,0.8,2.6,.298,0.1,0.1,.667,0.9,0.5,0.1,0.0,0.5,0.6,2.8
14,2,22,210,4.0,12.0,.333,0.8,1.1,.667,3.2,10.9,.298,0.4,0.6,.667,3.8,2.3,0.4,0.0,2.1,2.7,11.6
14,3,22,210,5.9,17.8,.333,1.1,1.7,.667,4.8,16.1,.298,0.6,0.8,.667,5.6,3.4,0.6,0.0,3.1,3.9,17.2,,95.2,110.9
14,4,22,210,7.7,.473,.468,.905,.048,59,3.0,8.5,5.8,10.4,0.6,0.0,14.6,18.7,,0.1,0.1,0.2,.036,,-1.4,-4.2,-5.6
