0,0,33,464,49,81,.605,43,62,.694,6,19,.316,5,12,.417,40,56,96,23,30,5,15,80,109
0,1,33,14.1,1.5,2.5,.605,1.3,1.9,.694,0.2,0.6,.316,0.2,0.4,.417,2.9,0.7,0.9,0.2,0.5,2.4,3.3
0,2,33,464,4.2,7.0,.605,3.7,5.3,.694,0.5,1.6,.316,0.4,1.0,.417,8.3,2.0,2.6,0.4,1.3,6.9,9.4
0,3,33,464,6.2,10.3,.605,5.4,7.9,.694,0.8,2.4,.316,0.6,1.5,.417,12.2,2.9,3.8,0.6,1.9,10.1,13.8,,127.9,92.5
0,4,33,464,16.3,.629,.642,.235,.148,122,11.2,14.2,12.8,8.6,3.8,1.3,14.7,11.3,,1.1,1.0,2.0,.176,,3.2,3.5,6.8
1,0,31,160,11,23,.478,11,21,.524,0,2,.000,9,17,.529,11,11,22,12,7,0,11,15,31
1,1,31,5.2,0.4,0.7,.478,0.4,0.7,.524,0.0,0.1,.000,0.3,0.5,.529,0.7,0.4,0.2,0.0,0.4,0.5,1.0
1,2,31,160,2.8,5.8,.478,2.8,5.3,.524,0.0,0.5,.000,2.3,4.3,.529,5.5,3.0,1.8,0.0,2.8,3.8,7.8
1,3,31,160,4.0,8.4,.478,4.0,7.7,.524,0.0,0.7,.000,3.3,6.2,.529,8.1,4.4,2.6,0.0,4.0,5.5,11.4,,99.3,99.1
1,4,31,160,10.0,.499,.478,.087,.739,40,8.9,8.1,8.5,12.2,2.6,0.0,26.1,13.6,,0.1,0.2,0.4,.089,,-1.6,1.0,-0.5
2,0,33,306,27,57,.474,12,18,.667,15,39,.385,4,7,.571,12,31,43,20,22,5,15,35,73
2,1,33,9.3,0.8,1.7,.474,0.4,0.5,.667,0.5,1.2,.385,0.1,0.2,.571,1.3,0.6,0.7,0.2,0.5,1.1,2.2
2,2,33,306,3.5,7.5,.474,1.6,2.4,.667,2.0,5.1,.385,0.5,0.9,.571,5.6,2.6,2.9,0.7,2.0,4.6,9.5
2,3,33,306,5.2,10.9,.474,2.3,3.5,.667,2.9,7.5,.385,0.8,1.3,.571,8.3,3.8,4.2,1.0,2.9,6.7,14.0,,113.2,92.6
2,4,33,306,14.7,.605,.605,.684,.123,76,5.1,11.9,8.7,11.0,4.2,2.0,19.9,12.7,,0.5,0.6,1.1,.145,,2.1,3.4,5.6
3,0,33,552,38,94,.404,18,36,.500,20,58,.345,22,35,.629,13,41,54,71,37,6,41,57,118
3,1,33,16.7,1.2,2.8,.404,0.5,1.1,.500,0.6,1.8,.345,0.7,1.1,.629,1.6,2.2,1.1,0.2,1.2,1.7,3.6
3,2,33,552,2.8,6.8,.404,1.3,2.6,.500,1.4,4.2,.345,1.6,2.5,.629,3.9,5.1,2.7,0.4,3.0,4.1,8.6
3,3,33,552,4.0,10.0,.404,1.9,3.8,.500,2.1,6.2,.345,2.3,3.7,.629,5.7,7.6,3.9,0.6,4.4,6.1,12.6,,102.7,95.1
3,4,33,552,12.5,.533,.511,.617,.372,149,3.1,8.7,6.0,20.9,3.9,1.3,27.0,14.2,,0.6,1.0,1.6,.116,,0.5,2.3,2.7
4,0,33,1102,217,400,.543,115,178,.646,102,222,.459,65,78,.833,12,96,108,79,53,8,88,64,601
4,1,33,33.4,6.6,12.1,.543,3.5,5.4,.646,3.1,6.7,.459,2.0,2.4,.833,3.3,2.4,1.6,0.2,2.7,1.9,18.2
4,2,33,1102,7.9,14.5,.543,4.2,6.5,.646,3.7,8.1,.459,2.4,2.8,.833,3.9,2.9,1.9,0.3,3.2,2.3,21.8
4,3,33,1102,11.6,21.3,.543,6.1,9.5,.646,5.4,11.8,.459,3.5,4.2,.833,5.8,4.2,2.8,0.4,4.7,3.4,32.0,,120.1,97.3
4,4,33,1102,24.2,.688,.670,.555,.195,512,1.4,10.2,6.0,14.7,2.8,0.9,16.8,24.6,,3.9,1.8,5.7,.205,,6.7,0.3,7.0
5,0,32,773,117,198,.591,111,168,.661,6,30,.200,68,103,.660,61,87,148,34,21,38,37,80,308
5,1,32,24.2,3.7,6.2,.591,3.5,5.3,.661,0.2,0.9,.200,2.1,3.2,.660,4.6,1.1,0.7,1.2,1.2,2.5,9.6
5,2,32,773,6.1,10.2,.591,5.7,8.7,.661,0.3,1.6,.200,3.5,5.3,.660,7.7,1.8,1.1,2.0,1.9,4.1,15.9
5,3,32,773,8.9,15.1,.591,8.4,12.8,.661,0.5,2.3,.200,5.2,7.8,.660,11.2,2.6,1.6,2.9,2.8,6.1,23.4,,123.8,96.4
5,4,32,773,21.7,.624,.606,.152,.520,302,10.2,13.2,11.8,8.3,1.6,5.9,13.0,18.9,,2.5,1.3,3.8,.197,,2.8,3.3,6.1
6,0,33,991,137,299,.458,121,243,.498,16,56,.286,171,220,.777,11,93,104,158,57,1,104,85,461
6,1,33,30.0,4.2,9.1,.458,3.7,7.4,.498,0.5,1.7,.286,5.2,6.7,.777,3.2,4.8,1.7,0.0,3.2,2.6,14.0
6,2,33,991,5.5,12.1,.458,4.9,9.8,.498,0.6,2.3,.286,6.9,8.9,.777,4.2,6.4,2.3,0.0,4.2,3.4,18.6
6,3,33,991,8.1,17.7,.458,7.2,14.4,.498,0.9,3.3,.286,10.1,13.0,.777,6.2,9.4,3.4,0.1,6.2,5.0,27.3,,110.7,95.8
6,4,33,991,21.1,.571,.485,.187,.736,502,1.4,11.0,6.5,29.2,3.4,0.1,20.5,26.4,,2.9,1.7,4.6,.187,,1.5,0.9,2.5
7,0,25,145,7,34,.206,4,10,.400,3,24,.125,6,6,1.000,2,11,13,7,6,5,7,17,23
7,1,25,5.8,0.3,1.4,.206,0.2,0.4,.400,0.1,1.0,.125,0.2,0.2,1.000,0.5,0.3,0.2,0.2,0.3,0.7,0.9
7,2,25,145,1.9,9.4,.206,1.1,2.8,.400,0.8,6.6,.125,1.7,1.7,1.000,3.6,1.9,1.7,1.4,1.9,4.7,6.3
7,3,25,145,2.8,13.8,.206,1.6,4.1,.400,1.2,9.7,.125,2.4,2.4,1.000,5.3,2.8,2.4,2.0,2.8,6.9,9.3,,71.3,97.2
7,4,25,145,3.5,.312,.250,.706,.176,26,1.8,8.9,5.5,7.6,2.4,4.2,16.0,15.6,,-0.2,0.2,0.1,.015,,-5.1,2.1,-3.1
8,0,21,85,10,26,.385,10,26,.385,0,0,,3,10,.300,5,17,22,0,0,6,13,26,23
8,1,21,4.0,0.5,1.2,.385,0.5,1.2,.385,0.0,0.0,,0.1,0.5,.300,1.0,0.0,0.0,0.3,0.6,1.2,1.1
8,2,21,85,4.7,12.2,.385,4.7,12.2,.385,0.0,0.0,,1.4,4.7,.300,10.4,0.0,0.0,2.8,6.1,12.2,10.8
8,3,21,85,6.9,18.0,.385,6.9,18.0,.385,0.0,0.0,,2.1,6.9,.300,15.2,0.0,0.0,4.1,9.0,18.0,15.9,,59.3,93.0
8,4,21,85,-1.4,.374,.385,.000,.385,22,7.6,23.5,16.0,0.0,0.0,8.5,29.7,26.5,,-0.3,0.2,-0.1,-.068,,-16.3,-1.4,-17.8
9,0,33,998,123,281,.438,59,116,.509,64,165,.388,38,41,.927,33,121,154,84,63,1,51,40,348
9,1,33,30.2,3.7,8.5,.438,1.8,3.5,.509,1.9,5.0,.388,1.2,1.2,.927,4.7,2.5,1.9,0.0,1.5,1.2,10.5
9,2,33,998,4.9,11.3,.438,2.4,4.6,.509,2.6,6.6,.388,1.5,1.6,.927,6.2,3.4,2.5,0.0,2.0,1.6,13.9
9,3,33,998,7.2,16.5,.438,3.5,6.8,.509,3.8,9.7,.388,2.2,2.4,.927,9.1,4.9,3.7,0.1,3.0,2.4,20.5,,115.9,93.8
9,4,33,998,19.1,.579,.552,.587,.146,349,4.3,14.3,9.5,15.0,3.7,0.1,14.5,18.2,,2.4,1.9,4.3,.173,,3.9,2.3,6.2
10,0,20,74,6,10,.600,2,5,.400,4,5,.800,0,0,,3,12,15,7,2,0,4,11,16
10,1,20,3.7,0.3,0.5,.600,0.1,0.3,.400,0.2,0.3,.800,0.0,0.0,,0.8,0.4,0.1,0.0,0.2,0.6,0.8
10,2,20,74,3.2,5.4,.600,1.1,2.7,.400,2.2,2.7,.800,0.0,0.0,,8.1,3.8,1.1,0.0,2.2,5.9,8.6
10,3,20,74,4.8,7.9,.600,1.6,4.0,.400,3.2,4.0,.800,0.0,0.0,,11.9,5.6,1.6,0.0,3.2,8.7,12.7,,129.8,95.8
10,4,20,74,13.7,.800,.800,.500,.000,18,5.3,19.1,12.5,15.7,1.6,0.0,28.6,9.8,,0.2,0.1,0.3,.159,,2.0,0.7,2.7
11,0,33,921,157,321,.489,119,229,.520,38,92,.413,47,69,.681,56,124,180,19,23,13,41,92,399
11,1,33,27.9,4.8,9.7,.489,3.6,6.9,.520,1.2,2.8,.413,1.4,2.1,.681,5.5,0.6,0.7,0.4,1.2,2.8,12.1
11,2,33,921,6.8,13.9,.489,5.2,9.9,.520,1.7,4.0,.413,2.0,3.0,.681,7.8,0.8,1.0,0.6,1.8,4.0,17.3
11,3,33,921,10.0,20.5,.489,7.6,14.6,.520,2.4,5.9,.413,3.0,4.4,.681,11.5,1.2,1.5,0.8,2.6,5.9,25.5,,112.4,97.1
11,4,33,921,18.3,.564,.548,.287,.215,358,7.9,15.8,12.1,4.0,1.5,1.7,10.4,22.1,,2.2,1.5,3.7,.160,,0.7,-0.6,0.1
12,0,18,54,7,20,.350,2,3,.667,5,17,.294,4,6,.667,4,3,7,2,1,0,2,2,23
12,1,18,3.0,0.4,1.1,.350,0.1,0.2,.667,0.3,0.9,.294,0.2,0.3,.667,0.4,0.1,0.1,0.0,0.1,0.1,1.3
12,2,18,54,5.2,14.8,.350,1.5,2.2,.667,3.7,12.6,.294,3.0,4.4,.667,5.2,1.5,0.7,0.0,1.5,1.5,17.0
12,3,18,54,7.6,21.8,.350,2.2,3.3,.667,5.4,18.5,.294,4.4,6.5,.667,7.6,2.2,1.1,0.0,2.2,2.2,25.0,,110.5,103.4
12,4,18,54,16.0,.503,.475,.850,.300,22,9.6,6.5,8.0,6.7,1.1,0.0,8.0,23.7,,0.1,0.1,0.2,.136,,3.1,-4.4,-1.4
