0,0,29,951,86,262,.328,45,113,.398,41,149,.275,55,90,.611,11,51,62,83,33,0,62,58,268
0,1,29,32.8,3.0,9.0,.328,1.6,3.9,.398,1.4,5.1,.275,1.9,3.1,.611,2.1,2.9,1.1,0.0,2.1,2.0,9.2
0,2,29,951,3.6,11.0,.328,1.9,4.8,.398,1.7,6.3,.275,2.3,3.8,.611,2.6,3.5,1.4,0.0,2.6,2.4,11.3
0,3,29,951,5.5,16.8,.328,2.9,7.2,.398,2.6,9.6,.275,3.5,5.8,.611,4.0,5.3,2.1,0.0,4.0,3.7,17.2,,89.0,111.8
0,4,29,951,8.4,.440,.406,.569,.344,275,1.3,6.7,3.9,22.0,2.1,0.0,16.9,20.3,,-0.3,0.6,0.3,.013,,-2.8,-3.2,-6.0
1,0,29,453,61,117,.521,61,117,.521,0,0,,31,41,.756,37,44,81,11,8,12,37,64,153
1,1,29,15.6,2.1,4.0,.521,2.1,4.0,.521,0.0,0.0,,1.1,1.4,.756,2.8,0.4,0.3,0.4,1.3,2.2,5.3
1,2,29,453,5.4,10.3,.521,5.4,10.3,.521,0.0,0.0,,2.7,3.6,.756,7.2,1.0,0.7,1.1,3.3,5.7,13.5
1,3,29,453,8.2,15.7,.521,8.2,15.7,.521,0.0,0.0,,4.2,5.5,.756,10.9,1.5,1.1,1.6,5.0,8.6,20.6,,98.8,109.9
1,4,29,453,13.1,.561,.521,.000,.350,147,9.3,12.1,10.6,6.9,1.1,3.3,21.3,20.2,,0.3,0.4,0.6,.057,,-4.4,-1.2,-5.7
2,0,21,586,76,174,.437,41,82,.500,35,92,.380,40,54,.741,21,57,78,10,12,10,34,61,227
2,1,21,27.9,3.6,8.3,.437,2.0,3.9,.500,1.7,4.4,.380,1.9,2.6,.741,3.7,0.5,0.6,0.5,1.6,2.9,10.8
2,2,21,586,5.2,11.9,.437,2.8,5.6,.500,2.4,6.3,.380,2.7,3.7,.741,5.3,0.7,0.8,0.7,2.3,4.2,15.5
2,3,21,586,7.9,18.1,.437,4.3,8.5,.500,3.6,9.6,.380,4.2,5.6,.741,8.1,1.0,1.2,1.0,3.5,6.3,23.6,,105.2,110.3
2,4,21,586,13.8,.568,.537,.529,.310,197,4.1,12.1,7.9,4.8,1.2,2.1,14.6,21.0,,0.7,0.4,1.2,.079,,-1.1,-2.7,-3.8
3,0,8,125,7,32,.219,5,24,.208,2,8,.250,6,12,.500,3,8,11,2,2,0,5,7,22
3,1,8,15.6,0.9,4.0,.219,0.6,3.0,.208,0.3,1.0,.250,0.8,1.5,.500,1.4,0.3,0.3,0.0,0.6,0.9,2.8
3,2,8,125,2.2,10.2,.219,1.6,7.7,.208,0.6,2.6,.250,1.9,3.8,.500,3.5,0.6,0.6,0.0,1.6,2.2,7.0
3,3,8,125,3.4,15.6,.219,2.4,11.7,.208,1.0,3.9,.250,2.9,5.9,.500,5.4,1.0,1.0,0.0,2.4,3.4,10.7,,64.1,113.8
3,4,8,125,0.0,.292,.250,.250,.375,22,2.7,8.0,5.2,3.7,1.0,0.0,11.7,18.0,,-0.3,0.1,-0.2,-.071,,-10.2,-4.1,-14.3
4,0,29,593,44,133,.331,19,43,.442,25,90,.278,17,31,.548,17,43,60,16,18,1,11,57,130
4,1,29,20.4,1.5,4.6,.331,0.7,1.5,.442,0.9,3.1,.278,0.6,1.1,.548,2.1,0.6,0.6,0.0,0.4,2.0,4.5
4,2,29,593,3.0,9.0,.331,1.3,2.9,.442,1.7,6.1,.278,1.1,2.1,.548,4.0,1.1,1.2,0.1,0.7,3.8,8.8
4,3,29,593,4.5,13.7,.331,2.0,4.4,.442,2.6,9.3,.278,1.7,3.2,.548,6.2,1.6,1.9,0.1,1.1,5.9,13.4,,97.6,111.1
4,4,29,593,7.6,.440,.425,.677,.233,124,3.3,9.1,6.0,6.5,1.9,0.2,6.9,14.1,,0.2,0.4,0.6,.041,,-2.8,-2.4,-5.1
5,0,27,307,21,45,.467,21,44,.477,0,1,.000,19,31,.613,20,29,49,11,13,5,23,51,61
5,1,27,11.4,0.8,1.7,.467,0.8,1.6,.477,0.0,0.0,.000,0.7,1.1,.613,1.8,0.4,0.5,0.2,0.9,1.9,2.3
5,2,27,307,2.7,5.9,.467,2.7,5.7,.477,0.0,0.1,.000,2.5,4.0,.613,6.4,1.4,1.7,0.7,3.0,6.6,7.9
5,3,27,307,4.2,8.9,.467,4.2,8.7,.477,0.0,0.2,.000,3.8,6.2,.613,9.7,2.2,2.6,1.0,4.6,10.1,12.1,,88.8,107.0
5,4,27,307,8.2,.511,.467,.022,.689,66,7.4,11.8,9.5,8.6,2.6,2.0,27.8,14.2,,-0.1,0.3,0.3,.033,,-5.8,0.5,-5.3
6,0,29,961,134,324,.414,120,285,.421,14,39,.359,165,231,.714,72,186,258,36,45,23,78,87,447
6,1,29,33.1,4.6,11.2,.414,4.1,9.8,.421,0.5,1.3,.359,5.7,8.0,.714,8.9,1.2,1.6,0.8,2.7,3.0,15.4
6,2,29,961,5.6,13.5,.414,5.0,11.9,.421,0.6,1.6,.359,6.9,9.6,.714,10.7,1.5,1.9,1.0,3.2,3.6,18.6
6,3,29,961,8.5,20.6,.414,7.6,18.1,.421,0.9,2.5,.359,10.5,14.7,.714,16.4,2.3,2.9,1.5,4.9,5.5,28.4,,101.7,101.4
6,4,29,961,20.7,.515,.435,.120,.713,435,8.5,24.2,16.0,10.8,2.9,3.0,15.2,28.0,,1.2,1.5,2.7,.113,,-1.9,0.7,-1.2
7,0,11,35,1,5,.200,1,3,.333,0,2,.000,0,0,,0,0,0,2,0,0,5,2,2
7,1,11,3.2,0.1,0.5,.200,0.1,0.3,.333,0.0,0.2,.000,0.0,0.0,,0.0,0.2,0.0,0.0,0.5,0.2,0.2
7,2,11,35,1.1,5.7,.200,1.1,3.4,.333,0.0,2.3,.000,0.0,0.0,,0.0,2.3,0.0,0.0,5.7,2.3,2.3
7,3,11,35,1.7,8.7,.200,1.7,5.2,.333,0.0,3.5,.000,0.0,0.0,,0.0,3.5,0.0,0.0,8.7,3.5,3.5,,29.8,119.3
7,4,11,35,-9.8,.200,.200,.400,.000,3,0.0,0.0,0.0,12.5,0.0,0.0,50.0,15.0,,-0.2,0.0,-0.2,-.189,,-16.2,-6.7,-22.9
8,0,29,572,33,100,.330,33,100,.330,0,0,,20,32,.625,33,66,99,20,11,6,51,88,86
8,1,29,19.7,1.1,3.4,.330,1.1,3.4,.330,0.0,0.0,,0.7,1.1,.625,3.4,0.7,0.4,0.2,1.8,3.0,3.0
8,2,29,572,2.3,7.0,.330,2.3,7.0,.330,0.0,0.0,,1.4,2.2,.625,6.9,1.4,0.8,0.4,3.6,6.2,6.0
8,3,29,572,3.5,10.7,.330,3.5,10.7,.330,0.0,0.0,,2.1,3.4,.625,10.6,2.1,1.2,0.6,5.4,9.4,9.2,,67.2,109.6
8,4,29,572,1.8,.373,.330,.000,.320,100,6.5,14.4,10.3,8.2,1.2,1.3,30.7,15.3,,-1.1,0.5,-0.6,-.042,,-9.4,-0.5,-9.9
9,0,26,127,2,4,.500,2,3,.667,0,1,.000,3,8,.375,4,8,12,1,5,1,5,26,7
9,1,26,4.9,0.1,0.2,.500,0.1,0.1,.667,0.0,0.0,.000,0.1,0.3,.375,0.5,0.0,0.2,0.0,0.2,1.0,0.3
9,2,26,127,0.6,1.3,.500,0.6,0.9,.667,0.0,0.3,.000,0.9,2.5,.375,3.8,0.3,1.6,0.3,1.6,8.2,2.2
9,3,26,127,1.0,1.9,.500,1.0,1.4,.667,0.0,0.5,.000,1.4,3.8,.375,5.8,0.5,2.4,0.5,2.4,12.5,3.4,,69.1,109.3
9,4,26,127,1.0,.449,.500,.250,2.000,8,3.6,7.9,5.6,1.7,2.4,1.0,39.1,5.3,,-0.1,0.1,0.0,.009,,-7.1,0.1,-6.9
10,0,10,36,1,2,.500,1,1,1.000,0,1,.000,1,1,1.000,0,0,0,2,0,0,0,5,3
10,1,10,3.6,0.1,0.2,.500,0.1,0.1,1.000,0.0,0.1,.000,0.1,0.1,1.000,0.0,0.2,0.0,0.0,0.0,0.5,0.3
10,2,10,36,1.1,2.2,.500,1.1,1.1,1.000,0.0,1.1,.000,1.1,1.1,1.000,0.0,2.2,0.0,0.0,0.0,5.6,3.3
10,3,10,36,1.7,3.4,.500,1.7,1.7,1.000,0.0,1.7,.000,1.7,1.7,1.000,0.0,3.4,0.0,0.0,0.0,8.5,5.1,,153.3,118.8
10,4,10,36,3.1,.606,.500,.500,.500,4,0.0,0.0,0.0,12.1,0.0,0.0,0.0,3.6,,0.0,0.0,0.0,.043,,-5.4,-6.7,-12.1
11,0,20,416,35,84,.417,16,38,.421,19,46,.413,34,41,.829,16,50,66,17,10,1,19,30,123
11,1,20,20.8,1.8,4.2,.417,0.8,1.9,.421,1.0,2.3,.413,1.7,2.1,.829,3.3,0.9,0.5,0.1,1.0,1.5,6.2
11,2,20,416,3.4,8.1,.417,1.5,3.7,.421,1.8,4.4,.413,3.3,3.9,.829,6.3,1.6,1.0,0.1,1.8,2.9,11.8
11,3,20,416,5.1,12.3,.417,2.3,5.6,.421,2.8,6.7,.413,5.0,6.0,.829,9.7,2.5,1.5,0.1,2.8,4.4,18.0,,114.7,109.6
11,4,20,416,13.7,.594,.530,.548,.488,118,4.4,15.0,9.4,10.2,1.5,0.3,15.5,15.5,,0.7,0.3,1.0,.097,,-0.8,-2.1,-2.9
12,0,11,38,0,4,.000,0,4,.000,0,0,,0,0,,1,7,8,1,1,0,1,3,0
12,1,11,3.5,0.0,0.4,.000,0.0,0.4,.000,0.0,0.0,,0.0,0.0,,0.7,0.1,0.1,0.0,0.1,0.3,0.0
12,2,11,38,0.0,4.2,.000,0.0,4.2,.000,0.0,0.0,,0.0,0.0,,8.4,1.1,1.1,0.0,1.1,3.2,0.0
12,3,11,38,0.0,6.4,.000,0.0,6.4,.000,0.0,0.0,,0.0,0.0,,12.8,1.6,1.6,0.0,1.6,4.8,0.0,,22.7,106.2
12,4,11,38,-0.4,.000,.000,.000,.000,1,3.0,23.0,12.5,5.4,1.6,0.0,20.0,6.9,,-0.1,0.0,0.0,-.043,,-12.1,0.1,-12.0
13,0,27,876,90,268,.336,44,128,.344,46,140,.329,85,115,.739,10,39,49,70,26,1,88,57,311
13,1,27,32.4,3.3,9.9,.336,1.6,4.7,.344,1.7,5.2,.329,3.1,4.3,.739,1.8,2.6,1.0,0.0,3.3,2.1,11.5
13,2,27,876,4.1,12.2,.336,2.0,5.8,.344,2.1,6.4,.329,3.9,5.3,.739,2.2,3.2,1.2,0.0,4.0,2.6,14.2
13,3,27,876,6.3,18.6,.336,3.1,8.9,.344,3.2,9.7,.329,5.9,8.0,.739,3.4,4.9,1.8,0.1,6.1,4.0,21.6,,88.4,112.8
13,4,27,876,8.7,.482,.422,.522,.429,305,1.3,5.6,3.3,20.8,1.8,0.1,21.4,24.7,,-0.4,0.5,0.1,.004,,-3.1,-4.0,-7.1
