0,0,31,613,61,117,.521,61,117,.521,0,0,,23,46,.500,55,71,126,11,17,9,35,88,145
0,1,31,19.8,2.0,3.8,.521,2.0,3.8,.521,0.0,0.0,,0.7,1.5,.500,4.1,0.4,0.5,0.3,1.1,2.8,4.7
0,2,31,613,4.0,7.6,.521,4.0,7.6,.521,0.0,0.0,,1.5,3.0,.500,8.2,0.7,1.1,0.6,2.3,5.7,9.5
0,3,31,613,6.3,12.1,.521,6.3,12.1,.521,0.0,0.0,,2.4,4.7,.500,13.0,1.1,1.8,0.9,3.6,9.1,14.9,,97.2,104.6
0,4,31,613,11.8,.522,.521,.000,.393,152,10.6,14.4,12.5,4.6,1.8,1.8,20.1,15.7,,0.4,0.6,1.0,.065,,-3.5,-0.6,-4.2
1,0,32,968,83,225,.369,33,85,.388,50,140,.357,47,68,.691,11,72,83,84,33,2,56,56,263
1,1,32,30.3,2.6,7.0,.369,1.0,2.7,.388,1.6,4.4,.357,1.5,2.1,.691,2.6,2.6,1.0,0.1,1.8,1.8,8.2
1,2,32,968,3.4,9.3,.369,1.4,3.5,.388,2.1,5.8,.357,1.9,2.8,.691,3.4,3.5,1.4,0.1,2.3,2.3,10.9
1,3,32,968,5.4,14.7,.369,2.2,5.5,.388,3.3,9.1,.357,3.1,4.4,.691,5.4,5.5,2.2,0.1,3.7,3.7,17.2,,98.8,107.1
1,4,32,968,12.0,.511,.480,.622,.302,270,1.3,9.3,5.2,21.3,2.2,0.3,17.9,17.9,,0.7,0.8,1.5,.063,,-0.1,-2.1,-2.2
2,0,13,286,39,104,.375,25,59,.424,14,45,.311,9,10,.900,9,36,45,4,3,11,15,21,101
2,1,13,22.0,3.0,8.0,.375,1.9,4.5,.424,1.1,3.5,.311,0.7,0.8,.900,3.5,0.3,0.2,0.8,1.2,1.6,7.8
2,2,13,286,5.5,14.5,.375,3.5,8.3,.424,2.0,6.3,.311,1.3,1.4,.900,6.3,0.6,0.4,1.5,2.1,2.9,14.1
2,3,13,286,8.6,23.0,.375,5.5,13.0,.424,3.1,9.9,.311,2.0,2.2,.900,9.9,0.9,0.7,2.4,3.3,4.6,22.3,,89.4,105.5
2,4,13,286,12.2,.464,.442,.433,.096,89,3.7,15.7,9.6,3.9,0.7,4.8,12.1,23.9,,0.0,0.3,0.3,.036,,-4.5,-2.4,-6.9
3,0,30,812,54,140,.386,40,94,.426,14,46,.304,83,112,.741,31,76,107,49,26,15,49,96,205
3,1,30,27.1,1.8,4.7,.386,1.3,3.1,.426,0.5,1.5,.304,2.8,3.7,.741,3.6,1.6,0.9,0.5,1.6,3.2,6.8
3,2,30,812,2.7,6.9,.386,2.0,4.6,.426,0.7,2.3,.304,4.1,5.5,.741,5.3,2.4,1.3,0.7,2.4,4.7,10.1
3,3,30,812,4.2,10.9,.386,3.1,7.3,.426,1.1,3.6,.304,6.5,8.7,.741,8.3,3.8,2.0,1.2,3.8,7.5,15.9,,101.4,105.1
3,4,30,812,12.2,.531,.436,.329,.800,218,4.5,11.7,8.0,14.2,2.0,2.3,20.2,16.5,,0.8,0.8,1.6,.078,,-1.5,0.1,-1.4
4,0,15,378,65,147,.442,41,94,.436,24,53,.453,18,30,.600,6,43,49,6,8,2,22,40,172
4,1,15,25.2,4.3,9.8,.442,2.7,6.3,.436,1.6,3.5,.453,1.2,2.0,.600,3.3,0.4,0.5,0.1,1.5,2.7,11.5
4,2,15,378,6.9,15.6,.442,4.3,9.9,.436,2.5,5.6,.453,1.9,3.2,.600,5.2,0.6,0.8,0.2,2.3,4.2,18.2
4,3,15,378,10.9,24.6,.442,6.8,15.7,.436,4.0,8.9,.453,3.0,5.0,.600,8.2,1.0,1.3,0.3,3.7,6.7,28.7,,98.1,106.4
4,4,15,378,15.3,.533,.524,.361,.204,142,1.9,14.2,7.9,5.0,1.3,0.7,12.0,26.8,,0.4,0.3,0.7,.074,,-1.7,-4.5,-6.2
5,0,5,53,6,21,.286,6,19,.316,0,2,.000,6,7,.857,6,11,17,2,5,3,8,6,18
5,1,5,10.6,1.2,4.2,.286,1.2,3.8,.316,0.0,0.4,.000,1.2,1.4,.857,3.4,0.4,1.0,0.6,1.6,1.2,3.6
5,2,5,53,4.5,15.8,.286,4.5,14.3,.316,0.0,1.5,.000,4.5,5.3,.857,12.8,1.5,3.8,2.3,6.0,4.5,13.6
5,3,5,53,7.1,25.0,.286,7.1,22.6,.316,0.0,2.4,.000,7.1,8.3,.857,20.3,2.4,6.0,3.6,9.5,7.1,21.4,,70.0,88.0
5,4,5,53,13.9,.370,.286,.095,.333,20,13.4,25.9,19.5,9.9,6.0,7.1,24.7,33.7,,-0.2,0.1,0.0,-.025,,-10.2,4.5,-5.8
6,0,26,258,19,43,.442,19,42,.452,0,1,.000,18,32,.563,18,33,51,5,8,6,25,45,56
6,1,26,9.9,0.7,1.7,.442,0.7,1.6,.452,0.0,0.0,.000,0.7,1.2,.563,2.0,0.2,0.3,0.2,1.0,1.7,2.2
6,2,26,258,2.9,6.7,.442,2.9,6.5,.452,0.0,0.2,.000,2.8,5.0,.563,7.9,0.8,1.2,0.9,3.9,7.0,8.7
6,3,26,258,4.6,10.5,.442,4.6,10.3,.452,0.0,0.2,.000,4.4,7.8,.563,12.5,1.2,2.0,1.5,6.1,11.0,13.7,,79.1,102.8
6,4,26,258,7.1,.481,.442,.023,.744,59,8.3,16.0,12.0,4.6,2.0,2.9,30.0,17.8,,-0.2,0.3,0.1,.010,,-7.5,-0.2,-7.7
7,0,19,98,2,7,.286,2,7,.286,0,0,,4,7,.571,7,6,13,3,5,1,3,12,8
7,1,19,5.2,0.1,0.4,.286,0.1,0.4,.286,0.0,0.0,,0.2,0.4,.571,0.7,0.2,0.3,0.1,0.2,0.6,0.4
7,2,19,98,0.8,2.9,.286,0.8,2.9,.286,0.0,0.0,,1.6,2.9,.571,5.3,1.2,2.0,0.4,1.2,4.9,3.3
7,3,19,98,1.3,4.5,.286,1.3,4.5,.286,0.0,0.0,,2.6,4.5,.571,8.4,1.9,3.2,0.6,1.9,7.7,5.2,,91.8,104.5
7,4,19,98,7.2,.387,.286,.000,1.000,12,8.5,7.6,8.1,6.5,3.2,1.3,22.5,7.5,,0.0,0.1,0.1,.046,,-4.4,1.2,-3.2
8,0,32,1011,137,313,.438,123,249,.494,14,64,.219,90,131,.687,44,131,175,41,26,23,87,80,378
8,1,32,31.6,4.3,9.8,.438,3.8,7.8,.494,0.4,2.0,.219,2.8,4.1,.687,5.5,1.3,0.8,0.7,2.7,2.5,11.8
8,2,32,1011,5.4,12.4,.438,4.9,9.9,.494,0.6,2.5,.219,3.6,5.2,.687,6.9,1.6,1.0,0.9,3.4,3.2,15.0
8,3,32,1011,8.6,19.5,.438,7.7,15.5,.494,0.9,4.0,.219,5.6,8.2,.687,10.9,2.6,1.6,1.4,5.4,5.0,23.6,,92.2,104.1
8,4,32,1011,14.6,.504,.460,.204,.419,363,5.1,16.2,10.5,11.4,1.6,2.8,18.8,25.3,,0.3,1.1,1.4,.055,,-2.9,-0.5,-3.5
9,0,32,986,100,281,.356,78,197,.396,22,84,.262,53,94,.564,38,109,147,31,30,7,63,64,275
9,1,32,30.8,3.1,8.8,.356,2.4,6.2,.396,0.7,2.6,.262,1.7,2.9,.564,4.6,1.0,0.9,0.2,2.0,2.0,8.6
9,2,32,986,4.1,11.4,.356,3.2,8.0,.396,0.9,3.4,.262,2.2,3.8,.564,6.0,1.3,1.2,0.3,2.6,2.6,11.2
9,3,32,986,6.4,18.0,.356,5.0,12.6,.396,1.4,5.4,.262,3.4,6.0,.564,9.4,2.0,1.9,0.4,4.0,4.1,17.6,,82.3,105.4
9,4,32,986,9.0,.422,.395,.299,.335,269,4.6,13.8,9.1,8.0,1.9,0.9,16.2,21.8,,-0.8,1.0,0.2,.008,,-4.9,-1.5,-6.4
10,0,23,185,10,33,.303,6,15,.400,4,18,.222,5,9,.556,4,27,31,4,5,0,5,8,29
10,1,23,8.0,0.4,1.4,.303,0.3,0.7,.400,0.2,0.8,.222,0.2,0.4,.556,1.3,0.2,0.2,0.0,0.2,0.3,1.3
10,2,23,185,2.2,7.1,.303,1.3,3.2,.400,0.9,3.9,.222,1.1,1.9,.556,6.7,0.9,1.1,0.0,1.1,1.7,6.3
10,3,23,185,3.4,11.3,.303,2.0,5.1,.400,1.4,6.1,.222,1.7,3.1,.556,10.6,1.4,1.7,0.0,1.7,2.7,9.9,,82.2,104.6
10,4,23,185,6.9,.389,.364,.545,.273,29,2.6,18.2,10.2,4.9,1.7,0.0,11.8,12.6,,-0.1,0.2,0.1,.024,,-5.6,-2.1,-7.7
11,0,10,47,4,10,.400,4,9,.444,0,1,.000,0,3,.000,2,8,10,0,1,0,2,8,8
11,1,10,4.7,0.4,1.0,.400,0.4,0.9,.444,0.0,0.1,.000,0.0,0.3,.000,1.0,0.0,0.1,0.0,0.2,0.8,0.8
11,2,10,47,3.4,8.5,.400,3.4,7.7,.444,0.0,0.9,.000,0.0,2.6,.000,8.5,0.0,0.9,0.0,1.7,6.8,6.8
11,3,10,47,5.4,13.4,.400,5.4,12.1,.444,0.0,1.3,.000,0.0,4.0,.000,13.4,0.0,1.3,0.0,2.7,10.7,10.7,,67.5,103.4
11,4,10,47,3.0,.350,.400,.100,.300,8,5.0,21.2,12.9,0.0,1.3,0.0,14.9,15.8,,-0.1,0.1,0.0,-.019,,-10.8,-5.7,-16.5
12,0,32,730,53,157,.338,24,57,.421,29,100,.290,52,69,.754,6,27,33,38,19,1,53,52,187
12,1,32,22.8,1.7,4.9,.338,0.8,1.8,.421,0.9,3.1,.290,1.6,2.2,.754,1.0,1.2,0.6,0.0,1.7,1.6,5.8
12,2,32,730,2.9,8.6,.338,1.3,3.1,.421,1.6,5.5,.290,2.8,3.8,.754,1.8,2.1,1.0,0.1,2.9,2.8,10.2
12,3,32,730,4.6,13.6,.338,2.1,4.9,.421,2.5,8.6,.290,4.5,6.0,.754,2.9,3.3,1.6,0.1,4.6,4.5,16.2,,88.0,110.2
12,4,32,730,7.1,.493,.430,.637,.439,182,1.0,4.6,2.7,12.4,1.6,0.2,21.8,18.4,,-0.1,0.4,0.3,.014,,-3.1,-3.6,-6.6
