0,0,28,325,39,100,.390,23,61,.377,16,39,.410,14,24,.583,1,25,26,36,12,4,29,31,108
0,1,28,11.6,1.4,3.6,.390,0.8,2.2,.377,0.6,1.4,.410,0.5,0.9,.583,0.9,1.3,0.4,0.1,1.0,1.1,3.9
0,2,28,325,4.8,12.3,.390,2.8,7.5,.377,2.0,4.8,.410,1.7,3.0,.583,3.2,4.4,1.5,0.5,3.6,3.8,13.3
0,3,28,325,7.7,19.7,.390,4.5,12.0,.377,3.1,7.7,.410,2.8,4.7,.583,5.1,7.1,2.4,0.8,5.7,6.1,21.2,,92.1,96.5
0,4,28,325,11.7,.485,.470,.390,.240,113,0.4,9.5,5.1,22.8,2.4,1.5,20.7,24.4,,0.1,0.6,0.7,.083,,-2.2,0.9,-1.2
1,0,20,163,30,47,.638,30,47,.638,0,0,,14,23,.609,10,26,36,1,2,1,11,28,74
1,1,20,8.2,1.5,2.4,.638,1.5,2.4,.638,0.0,0.0,,0.7,1.2,.609,1.8,0.1,0.1,0.1,0.6,1.4,3.7
1,2,20,163,7.4,11.5,.638,7.4,11.5,.638,0.0,0.0,,3.4,5.6,.609,8.8,0.2,0.5,0.2,2.7,6.9,18.2
1,3,20,163,11.8,18.4,.638,11.8,18.4,.638,0.0,0.0,,5.5,9.0,.609,14.1,0.4,0.8,0.4,4.3,11.0,29.0,,112.6,96.2
1,4,20,163,19.6,.639,.638,.000,.489,63,8.1,19.8,14.1,1.5,0.8,0.7,16.0,23.9,,0.4,0.3,0.7,.172,,-1.5,-2.2,-3.6
2,0,7,248,33,77,.429,17,34,.500,16,43,.372,23,30,.767,7,28,35,11,5,0,9,16,105
2,1,7,35.4,4.7,11.0,.429,2.4,4.9,.500,2.3,6.1,.372,3.3,4.3,.767,5.0,1.6,0.7,0.0,1.3,2.3,15.0
2,2,7,248,5.3,12.4,.429,2.7,5.5,.500,2.6,6.9,.372,3.7,4.8,.767,5.6,1.8,0.8,0.0,1.5,2.6,16.9
2,3,7,248,8.5,19.8,.429,4.4,8.8,.500,4.1,11.1,.372,5.9,7.7,.767,9.0,2.8,1.3,0.0,2.3,4.1,27.1,,118.5,98.2
2,4,7,248,19.2,.575,.532,.558,.390,97,3.7,14.0,9.0,9.4,1.3,0.0,9.0,22.8,,0.7,0.4,1.1,.184,,4.1,-0.2,3.9
3,0,30,925,94,234,.402,21,47,.447,73,187,.390,28,33,.848,23,80,103,27,17,13,24,83,289
3,1,30,30.8,3.1,7.8,.402,0.7,1.6,.447,2.4,6.2,.390,0.9,1.1,.848,3.4,0.9,0.6,0.4,0.8,2.8,9.6
3,2,30,925,4.1,10.1,.402,0.9,2.0,.447,3.2,8.1,.390,1.2,1.4,.848,4.5,1.2,0.7,0.6,1.0,3.6,12.5
3,3,30,925,6.5,16.2,.402,1.5,3.2,.447,5.0,12.9,.390,1.9,2.3,.848,7.1,1.9,1.2,0.9,1.7,5.7,20.0,,118.0,98.6
3,4,30,925,14.0,.579,.558,.799,.141,261,3.3,10.7,7.1,5.8,1.2,1.7,8.8,16.7,,1.9,1.5,3.4,.148,,3.9,1.4,5.3
4,0,31,739,55,115,.478,40,80,.500,15,35,.429,32,50,.640,22,75,97,84,16,6,50,46,157
4,1,31,23.8,1.8,3.7,.478,1.3,2.6,.500,0.5,1.1,.429,1.0,1.6,.640,3.1,2.7,0.5,0.2,1.6,1.5,5.1
4,2,31,739,3.0,6.2,.478,2.2,4.3,.500,0.8,1.9,.429,1.7,2.7,.640,5.3,4.5,0.9,0.3,2.7,2.5,8.5
4,3,31,739,4.8,9.9,.478,3.5,6.9,.500,1.3,3.0,.429,2.8,4.3,.640,8.4,7.3,1.4,0.5,4.3,4.0,13.6,,107.0,98.0
4,4,31,739,12.6,.566,.543,.304,.435,196,3.9,12.6,8.4,21.4,1.4,1.0,26.5,14.4,,1.0,1.2,2.2,.120,,0.5,2.6,3.0
5,0,20,207,15,42,.357,6,13,.462,9,29,.310,4,7,.571,2,16,18,15,4,1,6,11,43
5,1,20,10.4,0.8,2.1,.357,0.3,0.7,.462,0.5,1.5,.310,0.2,0.4,.571,0.9,0.8,0.2,0.1,0.3,0.6,2.2
5,2,20,207,2.9,8.1,.357,1.2,2.5,.462,1.7,5.6,.310,0.8,1.4,.571,3.5,2.9,0.8,0.2,1.2,2.1,8.3
5,3,20,207,4.6,13.0,.357,1.9,4.0,.462,2.8,9.0,.310,1.2,2.2,.571,5.6,4.6,1.2,0.3,1.9,3.4,13.3,,104.0,99.7
5,4,20,207,9.5,.474,.464,.690,.167,46,1.3,9.6,5.6,13.6,1.2,0.6,11.7,14.0,,0.2,0.3,0.5,.098,,-0.1,0.5,0.4
6,0,32,654,49,96,.510,29,46,.630,20,50,.400,30,35,.857,38,61,99,24,14,7,21,54,148
6,1,32,20.4,1.5,3.0,.510,0.9,1.4,.630,0.6,1.6,.400,0.9,1.1,.857,3.1,0.8,0.4,0.2,0.7,1.7,4.6
6,2,32,654,3.0,5.9,.510,1.8,2.8,.630,1.2,3.1,.400,1.8,2.1,.857,6.1,1.5,0.9,0.4,1.3,3.3,9.1
6,3,32,654,4.8,9.4,.510,2.8,4.5,.630,2.0,4.9,.400,2.9,3.4,.857,9.7,2.3,1.4,0.7,2.1,5.3,14.5,,130.0,98.1
6,4,32,654,14.2,.657,.615,.521,.365,158,7.7,11.6,9.7,6.9,1.4,1.3,15.7,11.5,,1.5,1.1,2.6,.160,,3.4,2.5,5.9
7,0,27,318,27,81,.333,24,68,.353,3,13,.231,22,35,.629,22,34,56,21,12,4,12,39,79
7,1,27,11.8,1.0,3.0,.333,0.9,2.5,.353,0.1,0.5,.231,0.8,1.3,.629,2.1,0.8,0.4,0.1,0.4,1.4,2.9
7,2,27,318,3.4,10.2,.333,3.0,8.6,.353,0.4,1.6,.231,2.8,4.4,.629,7.0,2.6,1.5,0.5,1.5,4.9,9.9
7,3,27,318,5.4,16.3,.333,4.8,13.7,.353,0.6,2.6,.231,4.4,7.0,.629,11.3,4.2,2.4,0.8,2.4,7.8,15.9,,98.2,94.8
7,4,27,318,12.1,.405,.352,.160,.432,96,9.2,13.3,11.3,12.7,2.4,1.5,10.9,19.5,,0.3,0.6,0.9,.111,,-1.8,2.7,0.9
8,0,30,926,215,426,.505,151,284,.532,64,142,.451,87,109,.798,13,97,110,93,55,14,62,65,581
8,1,30,30.9,7.2,14.2,.505,5.0,9.5,.532,2.1,4.7,.451,2.9,3.6,.798,3.7,3.1,1.8,0.5,2.1,2.2,19.4
8,2,30,926,9.3,18.4,.505,6.5,12.3,.532,2.8,6.1,.451,3.8,4.7,.798,4.8,4.0,2.4,0.6,2.7,2.8,25.1
8,3,30,926,14.8,29.4,.505,10.4,19.6,.532,4.4,9.8,.451,6.0,7.5,.798,7.6,6.4,3.8,1.0,4.3,4.5,40.1,,119.7,91.9
8,4,30,926,31.3,.608,.580,.333,.256,535,1.9,13.0,7.6,26.9,3.8,1.8,11.5,32.9,,4.1,2.1,6.2,.270,,8.6,3.2,11.8
9,0,7,19,0,1,.000,0,0,,0,1,.000,2,2,1.000,0,1,1,1,3,0,1,3,2
9,1,7,2.7,0.0,0.1,.000,0.0,0.0,,0.0,0.1,.000,0.3,0.3,1.000,0.1,0.1,0.4,0.0,0.1,0.4,0.3
9,2,7,19,0.0,2.1,.000,0.0,0.0,,0.0,2.1,.000,4.2,4.2,1.000,2.1,2.1,6.3,0.0,2.1,6.3,4.2
9,3,7,19,0.0,3.4,.000,0.0,0.0,,0.0,3.4,.000,6.7,6.7,1.000,3.4,3.4,10.1,0.0,3.4,10.1,6.7,,90.3,81.0
9,4,7,19,11.4,.513,.000,1.000,2.000,2,0.0,6.5,3.4,8.7,10.1,0.0,33.9,8.8,,0.0,0.1,0.1,.133,,0.8,8.7,9.5
10,0,19,86,2,5,.400,2,3,.667,0,2,.000,3,4,.750,2,12,14,2,2,1,3,12,7
10,1,19,4.5,0.1,0.3,.400,0.1,0.2,.667,0.0,0.1,.000,0.2,0.2,.750,0.7,0.1,0.1,0.1,0.2,0.6,0.4
10,2,19,86,0.9,2.3,.400,0.9,1.4,.667,0.0,0.9,.000,1.4,1.9,.750,6.5,0.9,0.9,0.5,1.4,5.6,3.3
10,3,19,86,1.5,3.7,.400,1.5,2.2,.667,0.0,1.5,.000,2.2,3.0,.750,10.4,1.5,1.5,0.7,2.2,8.9,5.2,,92.2,95.3
10,4,19,86,4.9,.507,.400,.400,.800,9,3.1,17.3,10.4,4.0,1.5,1.4,30.3,6.5,,0.0,0.2,0.2,.081,,-2.8,3.4,0.6
11,0,29,728,64,172,.372,52,132,.394,12,40,.300,91,117,.778,13,54,67,55,16,0,45,38,231
11,1,29,25.1,2.2,5.9,.372,1.8,4.6,.394,0.4,1.4,.300,3.1,4.0,.778,2.3,1.9,0.6,0.0,1.6,1.3,8.0
11,2,29,728,3.5,9.5,.372,2.9,7.3,.394,0.7,2.2,.300,5.0,6.4,.778,3.7,3.0,0.9,0.0,2.5,2.1,12.7
11,3,29,728,5.6,15.1,.372,4.6,11.6,.394,1.1,3.5,.300,8.0,10.3,.778,5.9,4.8,1.4,0.0,4.0,3.3,20.3,,103.1,99.8
11,4,29,728,12.8,.508,.407,.233,.680,242,2.4,9.2,5.9,14.6,1.4,0.0,16.5,21.1,,1.0,1.1,2.1,.113,,-0.9,0.6,-0.3
12,0,11,99,13,37,.351,6,16,.375,7,21,.333,6,10,.600,5,19,24,0,2,1,7,5,39
12,1,11,9.0,1.2,3.4,.351,0.5,1.5,.375,0.6,1.9,.333,0.5,0.9,.600,2.2,0.0,0.2,0.1,0.6,0.5,3.5
12,2,11,99,5.3,14.9,.351,2.4,6.5,.375,2.8,8.5,.333,2.4,4.0,.600,9.7,0.0,0.8,0.4,2.8,2.0,15.8
12,3,11,99,8.4,23.9,.351,3.9,10.3,.375,4.5,13.6,.333,3.9,6.5,.600,15.5,0.0,1.3,0.6,4.5,3.2,25.2,,89.0,93.8
12,4,11,99,13.1,.467,.446,.568,.270,35,6.7,23.8,15.5,0.0,1.3,1.2,14.4,27.8,,0.0,0.2,0.2,.079,,-5.5,-5.1,-10.7
13,0,28,257,22,49,.449,22,48,.458,0,1,.000,20,30,.667,15,26,41,5,0,5,13,30,64
13,1,28,9.2,0.8,1.8,.449,0.8,1.7,.458,0.0,0.0,.000,0.7,1.1,.667,1.5,0.2,0.0,0.2,0.5,1.1,2.3
13,2,28,257,3.4,7.6,.449,3.4,7.5,.458,0.0,0.2,.000,3.1,4.7,.667,6.4,0.8,0.0,0.8,2.0,4.7,10.0
13,3,28,257,5.5,12.2,.449,5.5,11.9,.458,0.0,0.2,.000,5.0,7.5,.667,10.2,1.2,0.0,1.2,3.2,7.5,15.9,,100.7,100.0
13,4,28,257,9.5,.506,.449,.020,.612,67,7.7,12.5,10.2,3.7,0.0,2.4,17.0,16.7,,0.2,0.4,0.6,.094,,-3.4,0.6,-2.8
14,0,30,806,129,229,.563,83,121,.686,46,108,.426,38,58,.655,57,175,232,16,34,18,27,77,342
14,1,30,26.9,4.3,7.6,.563,2.8,4.0,.686,1.5,3.6,.426,1.3,1.9,.655,7.7,0.5,1.1,0.6,0.9,2.6,11.4
14,2,30,806,6.4,11.4,.563,4.1,6.0,.686,2.3,5.4,.426,1.9,2.9,.655,11.5,0.8,1.7,0.9,1.3,3.8,17.0
14,3,30,806,10.2,18.2,.563,6.6,9.6,.686,3.6,8.6,.426,3.0,4.6,.655,18.4,1.3,2.7,1.4,2.1,6.1,27.1,,131.1,88.5
14,4,30,806,26.7,.667,.664,.472,.253,308,9.4,26.9,18.4,4.5,2.7,2.7,9.5,19.9,,3.0,2.1,5.1,.253,,5.8,2.9,8.7
