0,0,27,350,16,33,.485,3,8,.375,13,25,.520,9,12,.750,6,25,31,9,9,1,8,19,54
0,1,27,13.0,0.6,1.2,.485,0.1,0.3,.375,0.5,0.9,.520,0.3,0.4,.750,1.1,0.3,0.3,0.0,0.3,0.7,2.0
0,2,27,350,1.8,3.8,.485,0.3,0.9,.375,1.5,2.9,.520,1.0,1.4,.750,3.5,1.0,1.0,0.1,0.9,2.2,6.2
0,3,27,350,2.9,5.9,.485,0.5,1.4,.375,2.3,4.5,.520,1.6,2.1,.750,5.5,1.6,1.6,0.2,1.4,3.4,9.6,,126.5,112.5
0,4,27,350,9.1,.698,.682,.758,.364,50,2.2,8.4,5.5,4.4,1.6,0.3,17.1,7.2,,0.4,0.1,0.5,.060,,2.3,0.1,2.4
1,0,22,169,11,18,.611,11,18,.611,0,0,,6,14,.429,10,17,27,8,2,6,8,20,28
1,1,22,7.7,0.5,0.8,.611,0.5,0.8,.611,0.0,0.0,,0.3,0.6,.429,1.2,0.4,0.1,0.3,0.4,0.9,1.3
1,2,22,169,2.6,4.3,.611,2.6,4.3,.611,0.0,0.0,,1.4,3.3,.429,6.4,1.9,0.5,1.4,1.9,4.7,6.6
1,3,22,169,4.1,6.6,.611,4.1,6.6,.611,0.0,0.0,,2.2,5.2,.429,10.0,3.0,0.7,2.2,3.0,7.4,10.3,,106.4,110.7
1,4,22,169,9.9,.568,.611,.000,.778,33,7.7,11.8,9.8,8.4,0.7,3.8,24.5,10.5,,0.2,0.1,0.2,.054,,-0.6,1.8,1.2
2,0,34,495,24,66,.364,13,30,.433,11,36,.306,20,25,.800,13,30,43,20,15,6,26,35,79
2,1,34,14.6,0.7,1.9,.364,0.4,0.9,.433,0.3,1.1,.306,0.6,0.7,.800,1.3,0.6,0.4,0.2,0.8,1.0,2.3
2,2,34,495,1.9,5.3,.364,1.1,2.4,.433,0.9,2.9,.306,1.6,2.0,.800,3.5,1.6,1.2,0.5,2.1,2.8,6.4
2,3,34,495,3.0,8.3,.364,1.6,3.8,.433,1.4,4.5,.306,2.5,3.1,.800,5.4,2.5,1.9,0.8,3.3,4.4,10.0,,93.3,111.8
2,4,34,495,6.9,.507,.447,.545,.379,85,3.4,7.1,5.4,7.0,1.9,1.3,25.0,11.4,,0.1,0.1,0.3,.021,,-0.5,0.9,0.4
3,0,34,1161,219,435,.503,148,266,.556,71,169,.420,109,137,.796,35,111,146,152,36,18,81,58,618
3,1,34,34.1,6.4,12.8,.503,4.4,7.8,.556,2.1,5.0,.420,3.2,4.0,.796,4.3,4.5,1.1,0.5,2.4,1.7,18.2
3,2,34,1161,7.5,15.0,.503,5.1,9.2,.556,2.4,5.8,.420,3.8,4.7,.796,5.0,5.2,1.2,0.6,2.8,2.0,21.3
3,3,34,1161,11.8,23.4,.503,7.9,14.3,.556,3.8,9.1,.420,5.9,7.4,.796,7.8,8.2,1.9,1.0,4.4,3.1,33.2,,122.8,109.8
3,4,34,1161,26.9,.618,.585,.389,.315,609,3.9,11.3,7.8,29.7,1.9,1.7,13.9,27.2,,5.0,0.6,5.6,.193,,9.0,0.2,9.1
4,0,15,41,1,9,.111,1,5,.200,0,4,.000,0,4,.000,2,5,7,0,3,1,1,4,2
4,1,15,2.7,0.1,0.6,.111,0.1,0.3,.200,0.0,0.3,.000,0.0,0.3,.000,0.5,0.0,0.2,0.1,0.1,0.3,0.1
4,2,15,41,1.0,8.8,.111,1.0,4.9,.200,0.0,3.9,.000,0.0,3.9,.000,6.8,0.0,2.9,1.0,1.0,3.9,2.0
4,3,15,41,1.5,13.7,.111,1.5,7.6,.200,0.0,6.1,.000,0.0,6.1,.000,10.6,0.0,4.6,1.5,1.5,6.1,3.0,,32.2,101.6
4,4,15,41,-1.4,.092,.111,.444,.444,3,6.3,14.4,10.5,0.0,4.6,2.6,8.4,15.8,,-0.2,0.1,-0.1,-.110,,-9.7,0.3,-9.4
5,0,10,21,1,7,.143,1,3,.333,0,4,.000,0,0,,0,1,1,1,1,0,2,1,2
5,1,10,2.1,0.1,0.7,.143,0.1,0.3,.333,0.0,0.4,.000,0.0,0.0,,0.1,0.1,0.1,0.0,0.2,0.1,0.2
5,2,10,21,1.9,13.3,.143,1.9,5.7,.333,0.0,7.6,.000,0.0,0.0,,1.9,1.9,1.9,0.0,3.8,1.9,3.8
5,3,10,21,3.0,20.8,.143,3.0,8.9,.333,0.0,11.9,.000,0.0,0.0,,3.0,3.0,3.0,0.0,5.9,3.0,5.9,,32.7,110.9
5,4,10,21,-8.8,.143,.143,.571,.000,2,0.0,5.6,2.9,8.2,3.0,0.0,22.2,23.3,,-0.1,0.0,-0.1,-.220,,-12.3,-1.9,-14.2
6,0,34,505,30,76,.395,17,27,.630,13,49,.265,11,18,.611,12,33,45,33,18,0,28,62,84
6,1,34,14.9,0.9,2.2,.395,0.5,0.8,.630,0.4,1.4,.265,0.3,0.5,.611,1.3,1.0,0.5,0.0,0.8,1.8,2.5
6,2,34,505,2.4,6.0,.395,1.3,2.1,.630,1.0,3.9,.265,0.9,1.4,.611,3.6,2.6,1.4,0.0,2.2,4.9,6.7
6,3,34,505,3.7,9.4,.395,2.1,3.3,.630,1.6,6.1,.265,1.4,2.2,.611,5.6,4.1,2.2,0.0,3.5,7.7,10.4,,93.8,111.3
6,4,34,505,6.5,.497,.480,.645,.237,95,3.1,7.7,5.5,11.5,2.2,0.0,24.9,12.1,,0.1,0.2,0.3,.025,,0.1,0.1,0.2
7,0,33,1034,114,267,.427,38,87,.437,76,180,.422,37,47,.787,13,60,73,117,27,3,64,50,341
7,1,33,31.3,3.5,8.1,.427,1.2,2.6,.437,2.3,5.5,.422,1.1,1.4,.787,2.2,3.5,0.8,0.1,1.9,1.5,10.3
7,2,33,1034,4.4,10.3,.427,1.5,3.4,.437,2.9,7.0,.422,1.4,1.8,.787,2.8,4.5,1.0,0.1,2.5,1.9,13.2
7,3,33,1034,6.9,16.1,.427,2.3,5.2,.437,4.6,10.9,.422,2.2,2.8,.787,4.4,7.1,1.6,0.2,3.9,3.0,20.6,,113.0,113.2
7,4,33,1034,15.3,.589,.569,.674,.176,346,1.6,6.8,4.4,21.8,1.6,0.3,18.1,18.6,,2.2,0.2,2.4,.092,,4.6,-1.6,3.0
8,0,32,891,142,294,.483,103,175,.589,39,119,.328,64,91,.703,83,130,213,51,17,6,31,63,387
8,1,32,27.8,4.4,9.2,.483,3.2,5.5,.589,1.2,3.7,.328,2.0,2.8,.703,6.7,1.6,0.5,0.2,1.0,2.0,12.1
8,2,32,891,6.4,13.2,.483,4.6,7.9,.589,1.8,5.3,.328,2.9,4.1,.703,9.6,2.3,0.8,0.3,1.4,2.8,17.4
8,3,32,891,9.9,20.6,.483,7.2,12.2,.589,2.7,8.3,.328,4.5,6.4,.703,14.9,3.6,1.2,0.4,2.2,4.4,27.1,,124.2,109.1
8,4,32,891,23.3,.574,.549,.405,.310,385,12.0,17.2,14.7,12.2,1.2,0.7,8.4,22.5,,3.3,0.5,3.8,.170,,6.7,-0.7,6.0
9,0,10,18,3,5,.600,3,5,.600,0,0,,0,0,,1,2,3,1,0,0,2,2,6
9,1,10,1.8,0.3,0.5,.600,0.3,0.5,.600,0.0,0.0,,0.0,0.0,,0.3,0.1,0.0,0.0,0.2,0.2,0.6
9,2,10,18,6.7,11.1,.600,6.7,11.1,.600,0.0,0.0,,0.0,0.0,,6.7,2.2,0.0,0.0,4.4,4.4,13.3
9,3,10,18,10.4,17.3,.600,10.4,17.3,.600,0.0,0.0,,0.0,0.0,,10.4,3.5,0.0,0.0,6.9,6.9,20.8,,92.0,113.9
9,4,10,18,10.7,.600,.600,.000,.000,6,7.2,13.1,10.3,12.0,0.0,0.0,28.6,21.1,,0.0,0.0,0.0,.015,,-2.7,-2.5,-5.1
10,0,29,488,40,94,.426,7,18,.389,33,76,.434,6,10,.600,10,36,46,16,9,6,17,32,119
10,1,29,16.8,1.4,3.2,.426,0.2,0.6,.389,1.1,2.6,.434,0.2,0.3,.600,1.6,0.6,0.3,0.2,0.6,1.1,4.1
10,2,29,488,3.3,7.7,.426,0.6,1.5,.389,2.7,6.2,.434,0.5,0.8,.600,3.8,1.3,0.7,0.5,1.4,2.6,9.8
10,3,29,488,5.1,12.0,.426,0.9,2.3,.389,4.2,9.7,.434,0.8,1.3,.600,5.9,2.0,1.2,0.8,2.2,4.1,15.2,,111.9,112.8
10,4,29,488,10.8,.603,.601,.809,.106,105,2.6,8.7,5.8,6.0,1.2,1.3,14.7,12.9,,0.6,0.1,0.7,.061,,2.7,-0.6,2.1
11,0,33,611,82,141,.582,82,141,.582,0,0,,54,75,.720,40,87,127,48,7,12,41,71,218
11,1,33,18.5,2.5,4.3,.582,2.5,4.3,.582,0.0,0.0,,1.6,2.3,.720,3.8,1.5,0.2,0.4,1.2,2.2,6.6
11,2,33,611,5.4,9.2,.582,5.4,9.2,.582,0.0,0.0,,3.5,4.9,.720,8.3,3.1,0.5,0.8,2.7,4.6,14.3
11,3,33,611,8.4,14.4,.582,8.4,14.4,.582,0.0,0.0,,5.5,7.7,.720,13.0,4.9,0.7,1.2,4.2,7.2,22.3,,117.4,109.4
11,4,33,611,18.7,.617,.582,.000,.532,227,8.5,16.8,12.8,15.9,0.7,2.1,18.8,19.3,,1.6,0.3,2.0,.129,,2.3,0.7,3.1
12,0,34,1017,173,407,.425,123,267,.461,50,140,.357,106,150,.707,61,176,237,61,23,27,64,86,502
12,1,34,29.9,5.1,12.0,.425,3.6,7.9,.461,1.5,4.1,.357,3.1,4.4,.707,7.0,1.8,0.7,0.8,1.9,2.5,14.8
12,2,34,1017,6.8,16.0,.425,4.8,10.5,.461,2.0,5.5,.357,4.2,5.9,.707,9.3,2.4,0.9,1.1,2.5,3.4,19.7
12,3,34,1017,10.6,25.0,.425,7.5,16.4,.461,3.1,8.6,.357,6.5,9.2,.707,14.5,3.7,1.4,1.7,3.9,5.3,30.8,,108.1,106.0
12,4,34,1017,21.9,.525,.486,.344,.369,481,7.8,20.4,14.4,13.1,1.4,2.8,11.8,29.0,,2.5,0.9,3.4,.134,,2.6,0.3,2.9
