0,0,32,1004,149,305,.489,145,290,.500,4,15,.267,156,211,.739,76,156,232,45,25,20,62,65,458
0,1,32,31.4,4.7,9.5,.489,4.5,9.1,.500,0.1,0.5,.267,4.9,6.6,.739,7.3,1.4,0.8,0.6,1.9,2.0,14.3
0,2,32,1004,5.9,12.2,.489,5.8,11.6,.500,0.2,0.6,.267,6.2,8.4,.739,9.2,1.8,1.0,0.8,2.5,2.6,18.2
0,3,32,1004,9.5,19.4,.489,9.2,18.4,.500,0.3,1.0,.267,9.9,13.4,.739,14.7,2.9,1.6,1.3,3.9,4.1,29.1,,114.2,113.5
0,4,32,1004,22.5,.565,.495,.049,.692,458,10.1,19.4,14.9,11.2,1.6,2.0,13.3,26.4,,2.7,0.5,3.1,.125,,2.1,-0.4,1.7
1,0,4,5,1,1,1.000,1,1,1.000,0,0,,0,0,,2,0,2,0,0,0,0,0,2
1,1,4,1.3,0.3,0.3,1.000,0.3,0.3,1.000,0.0,0.0,,0.0,0.0,,0.5,0.0,0.0,0.0,0.0,0.0,0.5
1,2,4,5,8.0,8.0,1.000,8.0,8.0,1.000,0.0,0.0,,0.0,0.0,,16.0,0.0,0.0,0.0,0.0,0.0,16.0
1,3,4,5,12.8,12.8,1.000,12.8,12.8,1.000,0.0,0.0,,0.0,0.0,,25.5,0.0,0.0,0.0,0.0,0.0,25.5,,213.2,126.5
1,4,4,5,40.2,1.000,1.000,.000,.000,2,53.5,0.0,25.9,0.0,0.0,0.0,0.0,11.4,,0.0,0.0,0.0,.294,,17.0,-10.3,6.7
2,0,19,162,11,21,.524,11,21,.524,0,0,,12,18,.667,11,18,29,9,1,2,12,30,34
2,1,19,8.5,0.6,1.1,.524,0.6,1.1,.524,0.0,0.0,,0.6,0.9,.667,1.5,0.5,0.1,0.1,0.6,1.6,1.8
2,2,19,162,2.7,5.2,.524,2.7,5.2,.524,0.0,0.0,,3.0,4.4,.667,7.2,2.2,0.2,0.5,3.0,7.4,8.4
2,3,19,162,4.3,8.3,.524,4.3,8.3,.524,0.0,0.0,,4.7,7.1,.667,11.4,3.5,0.4,0.8,4.7,11.8,13.4,,102.3,118.3
2,4,19,162,8.2,.575,.524,.000,.857,41,9.1,13.9,11.6,11.6,0.4,1.3,28.9,14.6,,0.1,0.0,0.1,.031,,-1.6,-1.1,-2.7
3,0,2,33,3,4,.750,3,4,.750,0,0,,0,0,,2,7,9,1,0,2,2,3,6
3,1,2,16.5,1.5,2.0,.750,1.5,2.0,.750,0.0,0.0,,0.0,0.0,,4.5,0.5,0.0,1.0,1.0,1.5,3.0
3,2,2,33,3.6,4.8,.750,3.6,4.8,.750,0.0,0.0,,0.0,0.0,,10.9,1.2,0.0,2.4,2.4,3.6,7.3
3,3,2,33,5.8,7.7,.750,5.8,7.7,.750,0.0,0.0,,0.0,0.0,,17.4,1.9,0.0,3.9,3.9,5.8,11.6,,108.6,111.6
3,4,2,33,13.8,.750,.750,.000,.000,6,8.1,26.5,17.6,6.6,0.0,6.2,33.3,10.3,,0.0,0.0,0.0,.060,,-1.7,1.9,0.2
4,0,12,13,1,12,.083,0,1,.000,1,11,.091,0,0,,3,1,4,2,0,0,0,3,3
4,1,12,1.1,0.1,1.0,.083,0.0,0.1,.000,0.1,0.9,.091,0.0,0.0,,0.3,0.2,0.0,0.0,0.0,0.3,0.3
4,2,12,13,3.1,36.9,.083,0.0,3.1,.000,3.1,33.8,.091,0.0,0.0,,12.3,6.2,0.0,0.0,0.0,9.2,9.2
4,3,12,13,4.9,58.9,.083,0.0,4.9,.000,4.9,54.0,.091,0.0,0.0,,19.6,9.8,0.0,0.0,0.0,14.7,14.7,,57.8,121.4
4,4,12,13,-11.7,.125,.125,.917,.000,6,30.9,9.6,19.9,32.6,0.0,0.0,0.0,52.5,,-0.1,0.0,-0.1,-.332,,-1.1,-6.7,-7.7
5,0,27,410,34,82,.415,14,24,.583,20,58,.345,16,23,.696,5,33,38,19,14,12,17,30,104
5,1,27,15.2,1.3,3.0,.415,0.5,0.9,.583,0.7,2.1,.345,0.6,0.9,.696,1.4,0.7,0.5,0.4,0.6,1.1,3.9
5,2,27,410,3.3,8.0,.415,1.4,2.3,.583,2.0,5.7,.345,1.6,2.2,.696,3.7,1.9,1.4,1.2,1.7,2.9,10.1
5,3,27,410,5.3,12.8,.415,2.2,3.7,.583,3.1,9.0,.345,2.5,3.6,.696,5.9,3.0,2.2,1.9,2.6,4.7,16.2,,105.6,115.6
5,4,27,410,12.1,.560,.537,.707,.280,97,1.6,10.1,6.0,9.9,2.2,3.0,15.5,15.2,,0.4,0.1,0.5,.047,,1.4,0.0,1.4
6,0,32,1160,173,387,.447,112,211,.531,61,176,.347,185,228,.811,12,98,110,93,25,2,78,82,592
6,1,32,36.3,5.4,12.1,.447,3.5,6.6,.531,1.9,5.5,.347,5.8,7.1,.811,3.4,2.9,0.8,0.1,2.4,2.6,18.5
6,2,32,1160,6.0,13.3,.447,3.9,7.3,.531,2.1,6.1,.347,6.4,7.9,.811,3.8,3.2,0.9,0.1,2.7,2.8,20.4
6,3,32,1160,9.5,21.3,.447,6.2,11.6,.531,3.4,9.7,.347,10.2,12.5,.811,6.1,5.1,1.4,0.1,4.3,4.5,32.6,,116.3,118.7
6,4,32,1160,20.5,.598,.526,.455,.589,557,1.4,10.6,6.1,20.1,1.4,0.2,13.6,28.1,,3.5,0.0,3.5,.120,,6.1,-3.0,3.1
7,0,31,500,60,134,.448,33,56,.589,27,78,.346,38,53,.717,11,55,66,26,9,4,27,69,185
7,1,31,16.1,1.9,4.3,.448,1.1,1.8,.589,0.9,2.5,.346,1.2,1.7,.717,2.1,0.8,0.3,0.1,0.9,2.2,6.0
7,2,31,500,4.8,10.7,.448,2.6,4.5,.589,2.2,6.2,.346,3.0,4.2,.717,5.3,2.1,0.7,0.3,2.2,5.5,14.8
7,3,31,500,7.7,17.1,.448,4.2,7.1,.589,3.4,10.0,.346,4.8,6.8,.717,8.4,3.3,1.1,0.5,3.4,8.8,23.6,,109.9,117.1
7,4,31,500,14.0,.581,.549,.582,.396,170,2.9,13.8,8.5,12.1,1.1,0.8,14.5,21.2,,0.8,0.1,0.9,.071,,2.5,-2.7,-0.2
8,0,29,684,66,169,.391,13,29,.448,53,140,.379,19,28,.679,15,50,65,51,20,4,33,47,204
8,1,29,23.6,2.3,5.8,.391,0.4,1.0,.448,1.8,4.8,.379,0.7,1.0,.679,2.2,1.8,0.7,0.1,1.1,1.6,7.0
8,2,29,684,3.9,9.9,.391,0.8,1.7,.448,3.1,8.2,.379,1.1,1.6,.679,3.8,3.0,1.2,0.2,1.9,2.7,11.9
8,3,29,684,6.2,15.8,.391,1.2,2.7,.448,4.9,13.1,.379,1.8,2.6,.679,6.1,4.8,1.9,0.4,3.1,4.4,19.0,,108.7,118.0
8,4,29,684,13.0,.560,.547,.828,.166,201,2.9,9.1,6.1,16.5,1.9,0.6,15.3,17.9,,0.9,0.0,1.0,.056,,3.8,-1.9,1.9
9,0,4,5,0,1,.000,0,0,,0,1,.000,0,0,,1,0,1,0,0,0,0,0,0
9,1,4,1.3,0.0,0.3,.000,0.0,0.0,,0.0,0.3,.000,0.0,0.0,,0.3,0.0,0.0,0.0,0.0,0.0,0.0
9,2,4,5,0.0,8.0,.000,0.0,0.0,,0.0,8.0,.000,0.0,0.0,,8.0,0.0,0.0,0.0,0.0,0.0,0.0
9,3,4,5,0.0,12.8,.000,0.0,0.0,,0.0,12.8,.000,0.0,0.0,,12.8,0.0,0.0,0.0,0.0,0.0,0.0,,65.8,126.5
9,4,4,5,0.0,.000,.000,1.000,.000,1,26.8,0.0,12.9,0.0,0.0,0.0,0.0,11.4,,0.0,0.0,0.0,-.094,,-3.0,-7.3,-10.3
10,0,30,316,29,58,.500,26,46,.565,3,12,.250,13,21,.619,21,21,42,12,7,8,17,53,74
10,1,30,10.5,1.0,1.9,.500,0.9,1.5,.565,0.1,0.4,.250,0.4,0.7,.619,1.4,0.4,0.2,0.3,0.6,1.8,2.5
10,2,30,316,3.7,7.3,.500,3.3,5.8,.565,0.4,1.5,.250,1.6,2.7,.619,5.3,1.5,0.9,1.0,2.2,6.7,9.4
10,3,30,316,5.9,11.7,.500,5.3,9.3,.565,0.6,2.4,.250,2.6,4.2,.619,8.5,2.4,1.4,1.6,3.4,10.7,14.9,,104.0,117.7
10,4,30,316,10.0,.544,.526,.207,.362,80,8.9,8.3,8.6,8.3,1.4,2.6,20.0,15.3,,0.3,0.0,0.3,.038,,-0.2,-0.5,-0.6
11,0,31,649,45,90,.500,29,53,.547,16,37,.432,19,30,.633,23,68,91,22,8,24,26,85,125
11,1,31,20.9,1.5,2.9,.500,0.9,1.7,.547,0.5,1.2,.432,0.6,1.0,.633,2.9,0.7,0.3,0.8,0.8,2.7,4.0
11,2,31,649,2.8,5.5,.500,1.8,3.3,.547,1.0,2.3,.432,1.2,1.8,.633,5.6,1.4,0.5,1.5,1.6,5.2,7.7
11,3,31,649,4.4,8.8,.500,2.9,5.2,.547,1.6,3.6,.432,1.9,2.9,.633,8.9,2.2,0.8,2.4,2.6,8.4,12.3,,109.0,116.6
11,4,31,649,9.7,.600,.589,.411,.333,126,4.7,13.1,9.1,7.1,0.8,3.8,20.0,11.4,,0.6,0.1,0.7,.043,,0.4,0.9,1.3
12,0,30,460,42,82,.512,28,46,.609,14,36,.389,12,23,.522,18,35,53,13,7,4,12,62,110
12,1,30,15.3,1.4,2.7,.512,0.9,1.5,.609,0.5,1.2,.389,0.4,0.8,.522,1.8,0.4,0.2,0.1,0.4,2.1,3.7
12,2,30,460,3.7,7.1,.512,2.4,4.0,.609,1.2,3.1,.389,1.0,2.0,.522,4.6,1.1,0.6,0.3,1.0,5.4,9.6
12,3,30,460,5.8,11.4,.512,3.9,6.4,.609,1.9,5.0,.389,1.7,3.2,.522,7.4,1.8,1.0,0.6,1.7,8.6,15.3,,116.9,119.3
12,4,30,460,10.4,.592,.598,.439,.280,104,5.2,9.5,7.4,6.2,1.0,0.9,11.4,13.0,,0.7,0.0,0.6,.055,,1.7,-1.8,-0.1
13,0,3,4,1,2,.500,1,1,1.000,0,1,.000,0,0,,0,1,1,0,0,0,0,0,2
13,1,3,1.3,0.3,0.7,.500,0.3,0.3,1.000,0.0,0.3,.000,0.0,0.0,,0.3,0.0,0.0,0.0,0.0,0.0,0.7
13,2,3,4,10.0,20.0,.500,10.0,10.0,1.000,0.0,10.0,.000,0.0,0.0,,10.0,0.0,0.0,0.0,0.0,0.0,20.0
13,3,3,4,16.0,31.9,.500,16.0,16.0,1.000,0.0,16.0,.000,0.0,0.0,,16.0,0.0,0.0,0.0,0.0,0.0,31.9,,98.7,113.5
13,4,3,4,20.1,.500,.500,.500,.000,1,0.0,31.3,16.2,0.0,0.0,0.0,0.0,28.4,,0.0,0.0,0.0,.046,,-3.7,-11.4,-15.1
14,0,32,1067,98,245,.400,53,118,.449,45,127,.354,46,62,.742,22,88,110,103,24,4,58,65,287
14,1,32,33.3,3.1,7.7,.400,1.7,3.7,.449,1.4,4.0,.354,1.4,1.9,.742,3.4,3.2,0.8,0.1,1.8,2.0,9.0
14,2,32,1067,3.7,9.2,.400,2.0,4.4,.449,1.7,4.8,.354,1.7,2.3,.742,4.1,3.9,0.9,0.1,2.2,2.4,10.8
14,3,32,1067,5.9,14.7,.400,3.2,7.1,.449,2.7,7.6,.354,2.8,3.7,.742,6.6,6.2,1.4,0.2,3.5,3.9,17.2,,105.0,118.6
14,4,32,1067,11.9,.523,.492,.518,.253,312,2.8,10.3,6.7,21.1,1.4,0.4,17.4,17.7,,1.2,0.0,1.1,.043,,2.0,-1.4,0.6
15,0,16,52,3,13,.231,0,3,.000,3,10,.300,2,2,1.000,3,1,4,1,0,0,0,8,11
15,1,16,3.3,0.2,0.8,.231,0.0,0.2,.000,0.2,0.6,.300,0.1,0.1,1.000,0.3,0.1,0.0,0.0,0.0,0.5,0.7
15,2,16,52,2.3,10.0,.231,0.0,2.3,.000,2.3,7.7,.300,1.5,1.5,1.000,3.1,0.8,0.0,0.0,0.0,6.2,8.5
15,3,16,52,3.7,16.0,.231,0.0,3.7,.000,3.7,12.3,.300,2.5,2.5,1.000,4.9,1.2,0.0,0.0,0.0,9.8,13.5,,103.5,124.8
15,4,16,52,4.2,.394,.346,.769,.154,12,7.7,2.4,5.0,3.9,0.0,0.0,0.0,15.2,,0.0,0.0,0.0,.007,,0.3,-5.6,-5.3
