0,0,22,141,14,27,.519,14,27,.519,0,0,,3,7,.429,4,20,24,2,4,7,12,22,31
0,1,22,6.4,0.6,1.2,.519,0.6,1.2,.519,0.0,0.0,,0.1,0.3,.429,1.1,0.1,0.2,0.3,0.5,1.0,1.4
0,2,22,141,4.0,7.7,.519,4.0,7.7,.519,0.0,0.0,,0.9,2.0,.429,6.8,0.6,1.1,2.0,3.4,6.2,8.8
0,3,22,141,6.1,11.7,.519,6.1,11.7,.519,0.0,0.0,,1.3,3.0,.429,10.4,0.9,1.7,3.0,5.2,9.5,13.4,,76.8,95.8
0,4,22,141,7.5,.511,.519,.000,.259,28,3.5,16.7,10.2,2.8,1.7,5.5,28.4,16.3,,-0.1,0.2,0.1,.034,,-7.7,2.1,-5.6
1,0,4,6,0,3,.000,0,1,.000,0,2,.000,0,0,,0,1,1,0,0,0,0,0,0
1,1,4,1.5,0.0,0.8,.000,0.0,0.3,.000,0.0,0.5,.000,0.0,0.0,,0.3,0.0,0.0,0.0,0.0,0.0,0.0
1,2,4,6,0.0,20.0,.000,0.0,6.7,.000,0.0,13.3,.000,0.0,0.0,,6.7,0.0,0.0,0.0,0.0,0.0,0.0
1,3,4,6,0.0,30.6,.000,0.0,10.2,.000,0.0,20.4,.000,0.0,0.0,,10.2,0.0,0.0,0.0,0.0,0.0,0.0,,0.0,101.8
1,4,4,6,-19.1,.000,.000,.667,.000,0,0.0,19.6,10.0,0.0,0.0,0.0,0.0,27.2,,-0.1,0.0,-0.1,-.338,,-22.0,-9.7,-31.7
2,0,29,171,16,54,.296,7,20,.350,9,34,.265,3,8,.375,6,17,23,2,4,0,6,11,44
2,1,29,5.9,0.6,1.9,.296,0.2,0.7,.350,0.3,1.2,.265,0.1,0.3,.375,0.8,0.1,0.1,0.0,0.2,0.4,1.5
2,2,29,171,3.7,12.6,.296,1.6,4.7,.350,2.1,8.0,.265,0.7,1.9,.375,5.4,0.5,0.9,0.0,1.4,2.6,10.3
2,3,29,171,5.7,19.3,.296,2.5,7.1,.350,3.2,12.2,.265,1.1,2.9,.375,8.2,0.7,1.4,0.0,2.1,3.9,15.7,,79.3,101.8
2,4,29,171,5.9,.381,.380,.630,.148,41,4.3,11.7,8.1,2.3,1.4,0.0,9.4,20.3,,-0.1,0.2,0.1,.013,,-5.1,-4.0,-9.1
3,0,28,478,49,113,.434,38,77,.494,11,36,.306,18,23,.783,21,74,95,14,7,5,28,56,127
3,1,28,17.1,1.8,4.0,.434,1.4,2.8,.494,0.4,1.3,.306,0.6,0.8,.783,3.4,0.5,0.3,0.2,1.0,2.0,4.5
3,2,28,478,4.1,9.5,.434,3.2,6.4,.494,0.9,3.0,.306,1.5,1.9,.783,7.9,1.2,0.6,0.4,2.3,4.7,10.6
3,3,28,478,6.3,14.5,.434,4.9,9.8,.494,1.4,4.6,.306,2.3,2.9,.783,12.1,1.8,0.9,0.6,3.6,7.2,16.2,,94.5,99.3
3,4,28,478,10.2,.512,.482,.319,.204,123,5.4,18.2,12.0,5.8,0.9,1.2,18.4,17.3,,0.2,0.7,0.9,.076,,-3.5,-0.8,-4.3
4,0,3,5,1,1,1.000,1,1,1.000,0,0,,0,0,,0,1,1,1,1,0,1,1,2
4,1,3,1.7,0.3,0.3,1.000,0.3,0.3,1.000,0.0,0.0,,0.0,0.0,,0.3,0.3,0.3,0.0,0.3,0.3,0.7
4,2,3,5,8.0,8.0,1.000,8.0,8.0,1.000,0.0,0.0,,0.0,0.0,,8.0,8.0,8.0,0.0,8.0,8.0,16.0
4,3,3,5,12.2,12.2,1.000,12.2,12.2,1.000,0.0,0.0,,0.0,0.0,,12.2,12.2,12.2,0.0,12.2,12.2,24.5,,104.3,72.2
4,4,3,5,30.3,1.000,1.000,.000,.000,2,0.0,23.5,12.0,48.7,12.2,0.0,50.0,21.7,,0.0,0.0,0.0,.238,,2.5,7.7,10.2
5,0,30,1042,134,342,.392,76,183,.415,58,159,.365,101,129,.783,23,77,100,108,43,1,80,57,427
5,1,30,34.7,4.5,11.4,.392,2.5,6.1,.415,1.9,5.3,.365,3.4,4.3,.783,3.3,3.6,1.4,0.0,2.7,1.9,14.2
5,2,30,1042,5.1,13.1,.392,2.9,7.0,.415,2.2,6.1,.365,3.9,5.0,.783,3.8,4.1,1.7,0.0,3.1,2.2,16.4
5,3,30,1042,7.9,20.1,.392,4.5,10.7,.415,3.4,9.3,.365,5.9,7.6,.783,5.9,6.3,2.5,0.1,4.7,3.3,25.0,,103.6,100.7
5,4,30,1042,17.2,.529,.477,.465,.377,436,2.7,8.7,5.8,21.5,2.5,0.1,16.6,25.2,,1.9,1.3,3.2,.124,,1.7,-1.0,0.7
6,0,23,163,11,21,.524,11,21,.524,0,0,,0,5,.000,11,11,22,3,1,0,11,34,22
6,1,23,7.1,0.5,0.9,.524,0.5,0.9,.524,0.0,0.0,,0.0,0.2,.000,1.0,0.1,0.0,0.0,0.5,1.5,1.0
6,2,23,163,2.7,5.2,.524,2.7,5.2,.524,0.0,0.0,,0.0,1.2,.000,5.4,0.7,0.2,0.0,2.7,8.3,5.4
6,3,23,163,4.1,7.9,.524,4.1,7.9,.524,0.0,0.0,,0.0,1.9,.000,8.3,1.1,0.4,0.0,4.1,12.8,8.3,,78.8,105.2
6,4,23,163,1.1,.471,.524,.000,.238,26,8.3,7.9,8.1,3.4,0.4,0.0,32.0,11.5,,-0.1,0.1,0.0,.010,,-5.6,-1.5,-7.1
7,0,4,10,0,0,,0,0,,0,0,,0,0,,0,0,0,0,1,1,3,1,0
7,1,4,2.5,0.0,0.0,,0.0,0.0,,0.0,0.0,,0.0,0.0,,0.0,0.0,0.3,0.3,0.8,0.3,0.0
7,2,4,10,0.0,0.0,,0.0,0.0,,0.0,0.0,,0.0,0.0,,0.0,0.0,4.0,4.0,12.0,4.0,0.0
7,3,4,10,0.0,0.0,,0.0,0.0,,0.0,0.0,,0.0,0.0,,0.0,0.0,6.1,6.1,18.3,6.1,0.0,,0.0,90.9
7,4,4,10,-10.1,,,,,0,0.0,0.0,0.0,0.0,6.1,11.0,100.0,16.3,,-0.1,0.0,-0.1,-.231,,-18.8,12.3,-6.5
8,0,30,853,135,235,.574,130,225,.578,5,10,.500,74,96,.771,54,136,190,19,25,9,43,67,349
8,1,30,28.4,4.5,7.8,.574,4.3,7.5,.578,0.2,0.3,.500,2.5,3.2,.771,6.3,0.6,0.8,0.3,1.4,2.2,11.6
8,2,30,853,6.3,11.0,.574,6.1,10.6,.578,0.2,0.5,.500,3.5,4.5,.771,8.9,0.9,1.2,0.4,2.0,3.1,16.4
8,3,30,853,9.7,16.8,.574,9.3,16.1,.578,0.4,0.7,.500,5.3,6.9,.771,13.6,1.4,1.8,0.6,3.1,4.8,25.0,,117.6,97.3
8,4,30,853,21.2,.622,.585,.043,.409,319,7.8,18.8,13.4,4.9,1.8,1.2,13.3,20.6,,2.4,1.4,3.8,.176,,0.7,-0.4,0.3
9,0,30,910,100,230,.435,35,75,.467,65,155,.419,15,22,.682,17,62,79,33,20,2,21,52,280
9,1,30,30.3,3.3,7.7,.435,1.2,2.5,.467,2.2,5.2,.419,0.5,0.7,.682,2.6,1.1,0.7,0.1,0.7,1.7,9.3
9,2,30,910,4.4,10.1,.435,1.5,3.3,.467,2.9,6.8,.419,0.7,1.0,.682,3.5,1.5,0.9,0.1,0.9,2.3,12.3
9,3,30,910,6.7,15.4,.435,2.4,5.0,.467,4.4,10.4,.419,1.0,1.5,.682,5.3,2.2,1.3,0.1,1.4,3.5,18.8,,115.7,103.5
9,4,30,910,13.5,.582,.576,.674,.096,245,2.3,8.0,5.2,7.2,1.3,0.2,8.0,15.6,,1.7,0.9,2.6,.116,,2.4,-1.5,0.8
10,0,30,694,69,168,.411,22,44,.500,47,124,.379,15,25,.600,8,60,68,25,35,8,28,60,200
10,1,30,23.1,2.3,5.6,.411,0.7,1.5,.500,1.6,4.1,.379,0.5,0.8,.600,2.3,0.8,1.2,0.3,0.9,2.0,6.7
10,2,30,694,4.0,9.7,.411,1.3,2.5,.500,2.7,7.1,.379,0.9,1.4,.600,3.9,1.4,2.0,0.5,1.6,3.5,11.5
10,3,30,694,6.1,14.8,.411,1.9,3.9,.500,4.1,10.9,.379,1.3,2.2,.600,6.0,2.2,3.1,0.7,2.5,5.3,17.6,,103.0,98.1
10,4,30,694,12.9,.556,.551,.738,.149,175,1.4,10.2,5.9,7.0,3.1,1.3,13.5,16.3,,0.7,1.1,1.8,.104,,0.8,0.6,1.4
11,0,30,693,85,183,.464,65,131,.496,20,52,.385,28,41,.683,52,108,160,39,31,20,43,61,218
11,1,30,23.1,2.8,6.1,.464,2.2,4.4,.496,0.7,1.7,.385,0.9,1.4,.683,5.3,1.3,1.0,0.7,1.4,2.0,7.3
11,2,30,693,4.9,10.6,.464,3.8,7.6,.496,1.2,3.0,.385,1.6,2.4,.683,9.2,2.3,1.8,1.2,2.5,3.5,12.6
11,3,30,693,7.5,16.1,.464,5.7,11.6,.496,1.8,4.6,.385,2.5,3.6,.683,14.1,3.4,2.7,1.8,3.8,5.4,19.2,,104.4,94.3
11,4,30,693,18.0,.538,.519,.284,.224,229,9.3,18.3,13.9,11.5,2.7,3.2,17.5,19.2,,1.1,1.3,2.4,.137,,0.0,2.6,2.7
12,0,30,885,125,270,.463,100,194,.515,25,76,.329,60,80,.750,22,77,99,162,51,0,91,82,335
12,1,30,29.5,4.2,9.0,.463,3.3,6.5,.515,0.8,2.5,.329,2.0,2.7,.750,3.3,5.4,1.7,0.0,3.0,2.7,11.2
12,2,30,885,5.6,12.2,.463,4.5,8.8,.515,1.1,3.4,.329,2.7,3.6,.750,4.5,7.3,2.3,0.0,4.1,3.7,15.1
12,3,30,885,8.6,18.6,.463,6.9,13.4,.515,1.7,5.2,.329,4.1,5.5,.750,6.8,11.2,3.5,0.0,6.3,5.7,23.1,,104.3,97.7
12,4,30,885,19.2,.544,.509,.281,.296,391,3.1,10.2,6.7,39.0,3.5,0.0,22.8,24.5,,1.8,1.4,3.2,.143,,1.8,-0.1,1.6
