0,0,2,2,0,2,.000,0,0,,0,2,.000,0,0,,0,0,0,0,0,0,0,1,0
0,1,2,1.0,0.0,1.0,.000,0.0,0.0,,0.0,1.0,.000,0.0,0.0,,0.0,0.0,0.0,0.0,0.0,0.5,0.0
0,2,2,2,0.0,40.0,.000,0.0,0.0,,0.0,40.0,.000,0.0,0.0,,0.0,0.0,0.0,0.0,0.0,20.0,0.0
0,3,2,2,0.0,63.8,.000,0.0,0.0,,0.0,63.8,.000,0.0,0.0,,0.0,0.0,0.0,0.0,0.0,31.9,0.0,,0.0,112.5
0,4,2,2,-55.7,.000,.000,1.000,.000,0,0.0,0.0,0.0,0.0,0.0,0.0,0.0,53.8,,0.0,0.0,0.0,-.697,,-28.0,-18.2,-46.2
1,0,35,869,70,175,.400,16,56,.286,54,119,.454,30,37,.811,22,69,91,52,18,0,32,67,224
1,1,35,24.8,2.0,5.0,.400,0.5,1.6,.286,1.5,3.4,.454,0.9,1.1,.811,2.6,1.5,0.5,0.0,0.9,1.9,6.4
1,2,35,869,3.2,8.1,.400,0.7,2.6,.286,2.5,5.5,.454,1.4,1.7,.811,4.2,2.4,0.8,0.0,1.5,3.1,10.3
1,3,35,869,5.1,12.8,.400,1.2,4.1,.286,4.0,8.7,.454,2.2,2.7,.811,6.7,3.8,1.3,0.0,2.3,4.9,16.4,,118.9,106.5
1,4,35,869,12.7,.582,.554,.680,.211,219,2.9,8.8,5.9,13.2,1.3,0.0,14.2,13.9,,1.7,0.7,2.4,.110,,1.7,-1.3,0.4
2,0,35,830,58,110,.527,58,110,.527,0,0,,44,95,.463,78,124,202,18,12,64,35,92,160
2,1,35,23.7,1.7,3.1,.527,1.7,3.1,.527,0.0,0.0,,1.3,2.7,.463,5.8,0.5,0.3,1.8,1.0,2.6,4.6
2,2,35,830,2.8,5.3,.527,2.8,5.3,.527,0.0,0.0,,2.1,4.6,.463,9.7,0.9,0.6,3.1,1.7,4.4,7.7
2,3,35,830,4.5,8.5,.527,4.5,8.5,.527,0.0,0.0,,3.4,7.3,.463,15.5,1.4,0.9,4.9,2.7,7.1,12.3,,105.3,98.8
2,4,35,830,14.9,.516,.527,.000,.864,179,10.8,16.6,13.8,4.7,0.9,8.8,18.4,12.3,,0.8,1.3,2.1,.103,,-2.6,4.8,2.2
3,0,34,1153,203,526,.386,127,296,.429,76,230,.330,172,200,.860,44,152,196,54,47,11,73,79,654
3,1,34,33.9,6.0,15.5,.386,3.7,8.7,.429,2.2,6.8,.330,5.1,5.9,.860,5.8,1.6,1.4,0.3,2.1,2.3,19.2
3,2,34,1153,7.0,18.2,.386,4.4,10.3,.429,2.6,8.0,.330,6.0,6.9,.860,6.8,1.9,1.6,0.4,2.5,2.7,22.7
3,3,34,1153,11.2,29.1,.386,7.0,16.4,.429,4.2,12.7,.330,9.5,11.1,.860,10.8,3.0,2.6,0.6,4.0,4.4,36.2,,111.2,99.8
3,4,34,1153,24.5,.527,.458,.437,.380,598,4.4,14.6,9.6,13.1,2.6,1.1,10.5,32.4,,3.6,1.7,5.3,.184,,3.8,-1.2,2.6
4,0,35,1070,79,209,.378,56,133,.421,23,76,.303,98,116,.845,23,72,95,127,29,1,72,95,279
4,1,35,30.6,2.3,6.0,.378,1.6,3.8,.421,0.7,2.2,.303,2.8,3.3,.845,2.7,3.6,0.8,0.0,2.1,2.7,8.0
4,2,35,1070,3.0,7.8,.378,2.1,5.0,.421,0.9,2.8,.303,3.7,4.3,.845,3.6,4.7,1.1,0.0,2.7,3.6,10.4
4,3,35,1070,4.7,12.5,.378,3.3,7.9,.421,1.4,4.5,.303,5.8,6.9,.845,5.7,7.6,1.7,0.1,4.3,5.7,16.6,,107.6,106.2
4,4,35,1070,12.9,.528,.433,.364,.555,319,2.5,7.5,5.0,25.8,1.7,0.1,21.4,16.9,,1.7,0.9,2.6,.096,,0.0,-1.4,-1.4
5,0,9,24,0,1,.000,0,1,.000,0,0,,0,0,,1,1,2,1,0,1,0,3,0
5,1,9,2.7,0.0,0.1,.000,0.0,0.1,.000,0.0,0.0,,0.0,0.0,,0.2,0.1,0.0,0.1,0.0,0.3,0.0
5,2,9,24,0.0,1.7,.000,0.0,1.7,.000,0.0,0.0,,0.0,0.0,,3.3,1.7,0.0,1.7,0.0,5.0,0.0
5,3,9,24,0.0,2.7,.000,0.0,2.7,.000,0.0,0.0,,0.0,0.0,,5.3,2.7,0.0,2.7,0.0,8.0,0.0,,93.5,109.5
5,4,9,24,2.3,.000,.000,.000,.000,1,4.8,4.6,4.7,7.8,0.0,4.8,0.0,2.2,,0.0,0.0,0.0,.023,,-5.5,2.6,-3.0
6,0,32,743,69,165,.418,51,113,.451,18,52,.346,27,40,.675,49,98,147,17,12,8,40,65,183
6,1,32,23.2,2.2,5.2,.418,1.6,3.5,.451,0.6,1.6,.346,0.8,1.3,.675,4.6,0.5,0.4,0.3,1.3,2.0,5.7
6,2,32,743,3.7,8.9,.418,2.7,6.1,.451,1.0,2.8,.346,1.5,2.2,.675,7.9,0.9,0.6,0.4,2.2,3.5,9.9
6,3,32,743,5.9,14.2,.418,4.4,9.7,.451,1.5,4.5,.346,2.3,3.4,.675,12.6,1.5,1.0,0.7,3.4,5.6,15.7,,98.4,103.2
6,4,32,743,11.3,.497,.473,.315,.242,182,7.6,14.6,11.2,5.2,1.0,1.2,17.9,16.2,,0.5,0.8,1.4,.073,,-2.4,-0.5,-3.0
7,0,15,406,59,139,.424,33,73,.452,26,66,.394,19,27,.704,30,52,82,6,11,14,25,39,163
7,1,15,27.1,3.9,9.3,.424,2.2,4.9,.452,1.7,4.4,.394,1.3,1.8,.704,5.5,0.4,0.7,0.9,1.7,2.6,10.9
7,2,15,406,5.8,13.7,.424,3.3,7.2,.452,2.6,6.5,.394,1.9,2.7,.704,8.1,0.6,1.1,1.4,2.5,3.8,16.1
7,3,15,406,9.3,21.8,.424,5.2,11.5,.452,4.1,10.4,.394,3.0,4.2,.704,12.9,0.9,1.7,2.2,3.9,6.1,25.6,,105.3,100.6
7,4,15,406,18.5,.537,.518,.475,.194,147,8.5,14.2,11.4,3.8,1.7,3.9,14.1,23.4,,0.7,0.6,1.2,.123,,0.1,-0.5,-0.4
8,0,35,1118,170,420,.405,106,241,.440,64,179,.358,98,129,.760,29,89,118,49,35,9,100,89,502
8,1,35,31.9,4.9,12.0,.405,3.0,6.9,.440,1.8,5.1,.358,2.8,3.7,.760,3.4,1.4,1.0,0.3,2.9,2.5,14.3
8,2,35,1118,6.1,15.0,.405,3.8,8.6,.440,2.3,6.4,.358,3.5,4.6,.760,4.2,1.8,1.3,0.3,3.6,3.2,18.0
8,3,35,1118,9.7,24.0,.405,6.0,13.8,.440,3.7,10.2,.358,5.6,7.4,.760,6.7,2.8,2.0,0.5,5.7,5.1,28.6,,98.8,104.5
8,4,35,1118,15.5,.522,.481,.426,.307,454,3.0,8.8,6.0,11.5,2.0,0.9,17.2,28.0,,1.3,1.1,2.5,.088,,-0.1,-1.6,-1.7
9,0,23,325,19,45,.422,19,45,.422,0,0,,10,29,.345,33,50,83,5,11,18,14,59,48
9,1,23,14.1,0.8,2.0,.422,0.8,2.0,.422,0.0,0.0,,0.4,1.3,.345,3.6,0.2,0.5,0.8,0.6,2.6,2.1
9,2,23,325,2.3,5.5,.422,2.3,5.5,.422,0.0,0.0,,1.2,3.6,.345,10.2,0.6,1.4,2.2,1.7,7.3,5.9
9,3,23,325,3.7,8.8,.422,3.7,8.8,.422,0.0,0.0,,2.0,5.7,.345,16.3,1.0,2.2,3.5,2.7,11.6,9.4,,90.2,96.5
9,4,23,325,10.6,.408,.422,.000,.644,59,11.7,17.1,14.4,3.2,2.2,6.3,19.2,12.0,,0.0,0.6,0.6,.073,,-4.6,3.8,-0.8
10,0,28,242,11,33,.333,9,21,.429,2,12,.167,6,14,.429,16,18,34,7,10,3,12,28,30
10,1,28,8.6,0.4,1.2,.333,0.3,0.8,.429,0.1,0.4,.167,0.2,0.5,.429,1.2,0.3,0.4,0.1,0.4,1.0,1.1
10,2,28,242,1.8,5.5,.333,1.5,3.5,.429,0.3,2.0,.167,1.0,2.3,.429,5.6,1.2,1.7,0.5,2.0,4.6,5.0
10,3,28,242,2.9,8.7,.333,2.4,5.5,.429,0.5,3.2,.167,1.6,3.7,.429,9.0,1.8,2.6,0.8,3.2,7.4,7.9,,81.3,103.0
10,4,28,242,6.0,.378,.364,.364,.424,37,7.6,8.2,7.9,5.9,2.6,1.4,23.2,11.5,,-0.1,0.3,0.2,.027,,-4.1,1.3,-2.8
11,0,29,243,11,40,.275,9,29,.310,2,11,.182,3,8,.375,12,32,44,9,4,0,8,18,27
11,1,29,8.4,0.4,1.4,.275,0.3,1.0,.310,0.1,0.4,.182,0.1,0.3,.375,1.5,0.3,0.1,0.0,0.3,0.6,0.9
11,2,29,243,1.8,6.6,.275,1.5,4.8,.310,0.3,1.8,.182,0.5,1.3,.375,7.2,1.5,0.7,0.0,1.3,3.0,4.4
11,3,29,243,2.9,10.5,.275,2.4,7.6,.310,0.5,2.9,.182,0.8,2.1,.375,11.5,2.4,1.0,0.0,2.1,4.7,7.1,,77.6,103.8
11,4,29,243,4.6,.308,.300,.275,.200,34,5.7,14.6,10.2,7.6,1.0,0.0,15.4,11.5,,-0.2,0.3,0.1,.017,,-5.8,-0.6,-6.3
