0,0,32,952,110,219,.502,110,219,.502,0,0,,18,42,.429,52,193,245,47,22,53,51,80,238
0,1,32,29.8,3.4,6.8,.502,3.4,6.8,.502,0.0,0.0,,0.6,1.3,.429,7.7,1.5,0.7,1.7,1.6,2.5,7.4
0,2,32,952,4.6,9.2,.502,4.6,9.2,.502,0.0,0.0,,0.8,1.8,.429,10.3,2.0,0.9,2.2,2.1,3.4,10.0
0,3,32,952,6.9,13.7,.502,6.9,13.7,.502,0.0,0.0,,1.1,2.6,.429,15.4,2.9,1.4,3.3,3.2,5.0,14.9,,95.3,92.2
0,4,32,952,14.4,.498,.502,.000,.192,238,6.3,22.8,14.6,10.7,1.4,6.1,17.6,15.6,,0.2,2.3,2.5,.107,,-4.1,4.7,0.6
1,0,32,1166,152,420,.362,116,282,.411,36,138,.261,59,87,.678,30,82,112,149,61,2,117,63,399
1,1,32,36.4,4.8,13.1,.362,3.6,8.8,.411,1.1,4.3,.261,1.8,2.7,.678,3.5,4.7,1.9,0.1,3.7,2.0,12.5
1,2,32,1166,5.2,14.4,.362,4.0,9.7,.411,1.2,4.7,.261,2.0,3.0,.678,3.8,5.1,2.1,0.1,4.0,2.2,13.7
1,3,32,1166,7.8,21.5,.362,5.9,14.4,.411,1.8,7.1,.261,3.0,4.5,.678,5.7,7.6,3.1,0.1,6.0,3.2,20.4,,85.6,98.3
1,4,32,1166,11.0,.432,.405,.329,.207,428,3.0,7.9,5.5,28.7,3.1,0.2,20.2,25.5,,-0.9,2.2,1.3,.043,,-2.6,-0.1,-2.7
2,0,3,31,3,8,.375,0,3,.000,3,5,.600,1,4,.250,1,0,1,0,0,0,1,2,10
2,1,3,10.3,1.0,2.7,.375,0.0,1.0,.000,1.0,1.7,.600,0.3,1.3,.250,0.3,0.0,0.0,0.0,0.3,0.7,3.3
2,2,3,31,3.9,10.3,.375,0.0,3.9,.000,3.9,6.5,.600,1.3,5.2,.250,1.3,0.0,0.0,0.0,1.3,2.6,12.9
2,3,3,31,5.8,15.4,.375,0.0,5.8,.000,5.8,9.6,.600,1.9,7.7,.250,1.9,0.0,0.0,0.0,1.9,3.9,19.3,,97.4,108.9
2,4,3,31,6.5,.505,.563,.625,.500,8,3.7,0.0,1.8,0.0,0.0,0.0,9.2,18.1,,0.0,0.0,0.0,.052,,-2.8,-6.0,-8.8
3,0,26,147,9,30,.300,8,24,.333,1,6,.167,2,6,.333,10,14,24,2,3,8,11,26,21
3,1,26,5.7,0.3,1.2,.300,0.3,0.9,.333,0.0,0.2,.167,0.1,0.2,.333,0.9,0.1,0.1,0.3,0.4,1.0,0.8
3,2,26,147,2.4,8.2,.300,2.2,6.5,.333,0.3,1.6,.167,0.5,1.6,.333,6.5,0.5,0.8,2.2,3.0,7.1,5.7
3,3,26,147,3.7,12.2,.300,3.2,9.7,.333,0.4,2.4,.167,0.8,2.4,.333,9.7,0.8,1.2,3.2,4.5,10.6,8.5,,62.2,97.5
3,4,26,147,1.7,.320,.317,.200,.200,24,7.8,10.7,9.3,2.6,1.2,6.0,25.1,15.3,,-0.3,0.3,0.0,-.009,,-9.7,1.8,-7.9
4,0,31,1047,114,284,.401,66,156,.423,48,128,.375,46,77,.597,34,88,122,53,66,5,41,87,322
4,1,31,33.8,3.7,9.2,.401,2.1,5.0,.423,1.5,4.1,.375,1.5,2.5,.597,3.9,1.7,2.1,0.2,1.3,2.8,10.4
4,2,31,1047,4.4,10.9,.401,2.5,6.0,.423,1.8,4.9,.375,1.8,2.9,.597,4.7,2.0,2.5,0.2,1.6,3.3,12.3
4,3,31,1047,6.5,16.2,.401,3.8,8.9,.423,2.7,7.3,.375,2.6,4.4,.597,7.0,3.0,3.8,0.3,2.3,5.0,18.4,,102.8,95.8
4,4,31,1047,13.7,.502,.486,.451,.271,304,3.7,9.5,6.6,10.8,3.8,0.5,11.3,17.7,,0.9,2.2,3.1,.118,,0.3,1.5,1.9
5,0,32,1024,150,296,.507,138,256,.539,12,40,.300,113,160,.706,86,159,245,29,36,88,58,90,425
5,1,32,32.0,4.7,9.3,.507,4.3,8.0,.539,0.4,1.3,.300,3.5,5.0,.706,7.7,0.9,1.1,2.8,1.8,2.8,13.3
5,2,32,1024,5.9,11.6,.507,5.4,10.0,.539,0.5,1.6,.300,4.4,6.3,.706,9.6,1.1,1.4,3.4,2.3,3.5,16.6
5,3,32,1024,8.7,17.3,.507,8.0,14.9,.539,0.7,2.3,.300,6.6,9.3,.706,14.3,1.7,2.1,5.1,3.4,5.2,24.8,,111.9,91.4
5,4,32,1024,22.9,.571,.527,.135,.541,402,9.6,17.5,13.6,6.6,2.1,9.5,13.5,21.6,,2.0,2.6,4.6,.179,,0.2,5.1,5.3
6,0,1,0,0,0,,0,0,,0,0,,0,0,,0,0,0,0,0,0,0,1,0
6,1,1,0.0,0.0,0.0,,0.0,0.0,,0.0,0.0,,0.0,0.0,,0.0,0.0,0.0,0.0,0.0,1.0,0.0
6,2,1,0,,,,,,,,,,,,,,,,,,,
6,3,1,0,,,,,,,,,,,,,,,,,,,,,,
6,4,1,0,,,,,,,,,,,,,,,,0.0,0.0,0.0,,,-7.3,0.1,-7.2
7,0,26,175,13,41,.317,6,14,.429,7,27,.259,9,12,.750,6,5,11,11,5,0,9,32,42
7,1,26,6.7,0.5,1.6,.317,0.2,0.5,.429,0.3,1.0,.259,0.3,0.5,.750,0.4,0.4,0.2,0.0,0.3,1.2,1.6
7,2,26,175,3.0,9.4,.317,1.4,3.2,.429,1.6,6.2,.259,2.1,2.7,.750,2.5,2.5,1.1,0.0,2.1,7.3,9.6
7,3,26,175,4.4,14.0,.317,2.0,4.8,.429,2.4,9.2,.259,3.1,4.1,.750,3.8,3.8,1.7,0.0,3.1,10.9,14.3,,92.8,102.8
7,4,26,175,5.4,.450,.402,.659,.293,44,3.9,3.2,3.6,12.5,1.7,0.0,16.2,16.3,,0.0,0.3,0.3,.060,,-3.0,-2.7,-5.7
8,0,1,12,5,6,.833,3,3,1.000,2,3,.667,2,2,1.000,0,2,2,0,0,0,0,0,14
8,1,1,12.0,5.0,6.0,.833,3.0,3.0,1.000,2.0,3.0,.667,2.0,2.0,1.000,2.0,0.0,0.0,0.0,0.0,0.0,14.0
8,2,1,12,16.7,20.0,.833,10.0,10.0,1.000,6.7,10.0,.667,6.7,6.7,1.000,6.7,0.0,0.0,0.0,0.0,0.0,46.7
8,3,1,12,24.9,29.9,.833,14.9,14.9,1.000,10.0,14.9,.667,10.0,10.0,1.000,10.0,0.0,0.0,0.0,0.0,0.0,69.7,,198.2,100.8
8,4,1,12,61.0,1.007,1.000,.500,.333,7,0.0,18.8,9.5,0.0,0.0,0.0,0.0,29.7,,0.1,0.0,0.1,.437,,19.4,-10.5,8.9
9,0,32,1120,135,285,.474,126,232,.543,9,53,.170,121,172,.703,46,118,164,41,22,11,103,85,400
9,1,32,35.0,4.2,8.9,.474,3.9,7.3,.543,0.3,1.7,.170,3.8,5.4,.703,5.1,1.3,0.7,0.3,3.2,2.7,12.5
9,2,32,1120,4.8,10.2,.474,4.5,8.3,.543,0.3,1.9,.170,4.3,6.1,.703,5.9,1.5,0.8,0.4,3.7,3.0,14.3
9,3,32,1120,7.2,15.2,.474,6.7,12.4,.543,0.5,2.8,.170,6.5,9.2,.703,8.7,2.2,1.2,0.6,5.5,4.5,21.3,,94.8,100.2
9,4,32,1120,11.6,.545,.489,.186,.604,375,4.7,11.9,8.3,8.0,1.2,1.1,21.9,21.5,,0.3,1.9,2.2,.078,,-2.9,-0.3,-3.1
10,0,16,247,23,64,.359,22,62,.355,1,2,.500,14,23,.609,12,27,39,9,4,6,9,17,61
10,1,16,15.4,1.4,4.0,.359,1.4,3.9,.355,0.1,0.1,.500,0.9,1.4,.609,2.4,0.6,0.3,0.4,0.6,1.1,3.8
10,2,16,247,3.7,10.4,.359,3.6,10.0,.355,0.2,0.3,.500,2.3,3.7,.609,6.3,1.5,0.6,1.0,1.5,2.8,9.9
10,3,16,247,5.6,15.5,.359,5.3,15.0,.355,0.2,0.5,.500,3.4,5.6,.609,9.4,2.2,1.0,1.5,2.2,4.1,14.7,,89.2,99.8
10,4,16,247,8.9,.407,.367,.031,.359,62,5.6,12.3,9.0,7.5,1.0,2.7,10.7,17.4,,-0.1,0.4,0.4,.060,,-6.1,0.0,-6.1
11,0,32,530,29,92,.315,28,77,.364,1,15,.067,16,45,.356,13,50,63,46,27,4,59,80,75
11,1,32,16.6,0.9,2.9,.315,0.9,2.4,.364,0.0,0.5,.067,0.5,1.4,.356,2.0,1.4,0.8,0.1,1.8,2.5,2.3
11,2,32,530,2.2,6.9,.315,2.1,5.8,.364,0.1,1.1,.067,1.2,3.4,.356,4.8,3.5,2.0,0.3,4.5,6.0,5.7
11,3,32,530,3.3,10.4,.315,3.2,8.7,.364,0.1,1.7,.067,1.8,5.1,.356,7.1,5.2,3.0,0.5,6.6,9.0,8.4,,59.2,96.2
11,4,32,530,1.2,.331,.321,.163,.489,93,2.8,10.6,6.8,16.7,3.0,0.8,34.2,16.7,,-1.5,1.1,-0.4,-.028,,-9.2,1.6,-7.6
