0,0,32,621,51,106,.481,51,106,.481,0,0,,6,21,.286,35,102,137,22,21,33,20,65,108
0,1,32,19.4,1.6,3.3,.481,1.6,3.3,.481,0.0,0.0,,0.2,0.7,.286,4.3,0.7,0.7,1.0,0.6,2.0,3.4
0,2,32,621,3.3,6.8,.481,3.3,6.8,.481,0.0,0.0,,0.4,1.4,.286,8.8,1.4,1.4,2.1,1.3,4.2,7.0
0,3,32,621,5.1,10.7,.481,5.1,10.7,.481,0.0,0.0,,0.6,2.1,.286,13.8,2.2,2.1,3.3,2.0,6.6,10.9,,96.9,94.6
0,4,32,621,13.1,.466,.481,.000,.198,114,6.5,19.8,13.0,7.1,2.1,5.9,14.7,11.7,,0.3,1.2,1.5,.094,,-3.7,4.4,0.8
1,0,32,1090,183,412,.444,162,353,.459,21,59,.356,97,124,.782,74,154,228,25,12,16,71,61,484
1,1,32,34.1,5.7,12.9,.444,5.1,11.0,.459,0.7,1.8,.356,3.0,3.9,.782,7.1,0.8,0.4,0.5,2.2,1.9,15.1
1,2,32,1090,6.7,15.1,.444,5.9,13.0,.459,0.8,2.2,.356,3.6,4.6,.782,8.4,0.9,0.4,0.6,2.6,2.2,17.8
1,3,32,1090,10.5,23.7,.444,9.3,20.3,.459,1.2,3.4,.356,5.6,7.1,.782,13.1,1.4,0.7,0.9,4.1,3.5,27.8,,101.7,101.4
1,4,32,1090,18.2,.514,.470,.143,.301,444,7.9,17.0,12.4,5.6,0.7,1.6,13.1,26.6,,1.8,1.3,3.1,.113,,-1.3,-2.1,-3.4
2,0,25,297,33,101,.327,21,61,.344,12,40,.300,8,10,.800,11,31,42,30,12,3,37,29,86
2,1,25,11.9,1.3,4.0,.327,0.8,2.4,.344,0.5,1.6,.300,0.3,0.4,.800,1.7,1.2,0.5,0.1,1.5,1.2,3.4
2,2,25,297,4.4,13.6,.327,2.8,8.2,.344,1.6,5.4,.300,1.1,1.3,.800,5.7,4.0,1.6,0.4,5.0,3.9,11.6
2,3,25,297,7.0,21.3,.327,4.4,12.9,.344,2.5,8.4,.300,1.7,2.1,.800,8.8,6.3,2.5,0.6,7.8,6.1,18.1,,75.1,99.3
2,4,25,297,7.4,.407,.386,.396,.099,92,4.3,12.6,8.4,21.6,2.5,1.1,25.9,25.7,,-0.5,0.4,-0.1,-.012,,-5.5,-0.5,-6.0
3,0,32,1117,180,459,.392,126,289,.436,54,170,.318,65,86,.756,19,63,82,139,55,0,116,71,479
3,1,32,34.9,5.6,14.3,.392,3.9,9.0,.436,1.7,5.3,.318,2.0,2.7,.756,2.6,4.3,1.7,0.0,3.6,2.2,15.0
3,2,32,1117,6.4,16.4,.392,4.5,10.3,.436,1.9,6.1,.318,2.3,3.1,.756,2.9,5.0,2.0,0.0,4.2,2.5,17.2
3,3,32,1117,10.1,25.7,.392,7.1,16.2,.436,3.0,9.5,.318,3.6,4.8,.756,4.6,7.8,3.1,0.0,6.5,4.0,26.8,,92.6,101.4
3,4,32,1117,15.4,.479,.451,.370,.187,480,2.0,6.8,4.3,29.8,3.1,0.0,18.8,29.4,,0.7,1.3,2.0,.071,,0.6,-1.6,-1.0
4,0,31,320,17,42,.405,9,16,.563,8,26,.308,5,6,.833,9,19,28,20,11,3,13,19,47
4,1,31,10.3,0.5,1.4,.405,0.3,0.5,.563,0.3,0.8,.308,0.2,0.2,.833,0.9,0.6,0.4,0.1,0.4,0.6,1.5
4,2,31,320,2.1,5.3,.405,1.1,2.0,.563,1.0,3.3,.308,0.6,0.8,.833,3.5,2.5,1.4,0.4,1.6,2.4,5.9
4,3,31,320,3.3,8.2,.405,1.8,3.1,.563,1.6,5.1,.308,1.0,1.2,.833,5.5,3.9,2.2,0.6,2.5,3.7,9.2,,100.7,102.8
4,4,31,320,9.0,.524,.500,.619,.143,52,3.3,7.1,5.2,11.9,2.2,1.0,22.5,9.7,,0.2,0.3,0.5,.067,,-1.9,0.1,-1.8
5,0,29,418,34,104,.327,20,52,.385,14,52,.269,20,30,.667,14,47,61,24,19,0,13,28,102
5,1,29,14.4,1.2,3.6,.327,0.7,1.8,.385,0.5,1.8,.269,0.7,1.0,.667,2.1,0.8,0.7,0.0,0.4,1.0,3.5
5,2,29,418,3.3,10.0,.327,1.9,5.0,.385,1.3,5.0,.269,1.9,2.9,.667,5.8,2.3,1.8,0.0,1.2,2.7,9.8
5,3,29,418,5.1,15.6,.327,3.0,7.8,.385,2.1,7.8,.269,3.0,4.5,.667,9.1,3.6,2.8,0.0,1.9,4.2,15.3,,97.1,99.0
5,4,29,418,11.9,.431,.394,.500,.288,104,3.9,13.5,8.6,11.5,2.8,0.0,9.9,16.8,,0.3,0.6,0.9,.085,,-1.4,-0.3,-1.8
6,0,32,602,88,139,.633,88,137,.642,0,2,.000,31,50,.620,76,83,159,7,17,73,25,66,207
6,1,32,18.8,2.8,4.3,.633,2.8,4.3,.642,0.0,0.1,.000,1.0,1.6,.620,5.0,0.2,0.5,2.3,0.8,2.1,6.5
6,2,32,602,5.8,9.2,.633,5.8,9.1,.642,0.0,0.1,.000,2.1,3.3,.620,10.6,0.5,1.1,4.9,1.7,4.4,13.8
6,3,32,602,9.1,14.4,.633,9.1,14.2,.642,0.0,0.2,.000,3.2,5.2,.620,16.5,0.7,1.8,7.6,2.6,6.9,21.5,,123.2,92.7
6,4,32,602,26.4,.636,.633,.014,.360,198,14.6,16.6,15.6,2.7,1.8,13.4,13.3,16.7,,1.7,1.2,2.9,.196,,0.8,5.9,6.7
7,0,32,773,40,132,.303,18,46,.391,22,86,.256,28,40,.700,4,67,71,52,38,2,30,79,130
7,1,32,24.2,1.3,4.1,.303,0.6,1.4,.391,0.7,2.7,.256,0.9,1.3,.700,2.2,1.6,1.2,0.1,0.9,2.5,4.1
7,2,32,773,2.1,6.8,.303,0.9,2.4,.391,1.1,4.5,.256,1.4,2.1,.700,3.7,2.7,2.0,0.1,1.6,4.1,6.7
7,3,32,773,3.2,10.7,.303,1.5,3.7,.391,1.8,7.0,.256,2.3,3.2,.700,5.7,4.2,3.1,0.2,2.4,6.4,10.5,,90.3,99.4
7,4,32,773,7.8,.430,.386,.652,.303,137,0.6,10.4,5.4,12.8,3.1,0.3,16.6,12.5,,0.1,1.1,1.2,.060,,-2.1,0.9,-1.2
8,0,6,9,4,6,.667,2,3,.667,2,3,.667,1,2,.500,0,0,0,0,1,0,0,1,11
8,1,6,1.5,0.7,1.0,.667,0.3,0.5,.667,0.3,0.5,.667,0.2,0.3,.500,0.0,0.0,0.2,0.0,0.0,0.2,1.8
8,2,6,9,17.8,26.7,.667,8.9,13.3,.667,8.9,13.3,.667,4.4,8.9,.500,0.0,0.0,4.4,0.0,0.0,4.4,48.9
8,3,6,9,27.8,41.7,.667,13.9,20.9,.667,13.9,20.9,.667,7.0,13.9,.500,0.0,0.0,7.0,0.0,0.0,7.0,76.5,,148.3,95.4
8,4,6,9,63.4,.791,.833,.500,.333,6,0.0,0.0,0.0,0.0,7.0,0.0,0.0,41.2,,0.1,0.0,0.1,.417,,22.1,-6.7,15.4
9,0,32,873,82,183,.448,58,115,.504,24,68,.353,53,65,.815,28,90,118,52,33,3,43,54,241
9,1,32,27.3,2.6,5.7,.448,1.8,3.6,.504,0.8,2.1,.353,1.7,2.0,.815,3.7,1.6,1.0,0.1,1.3,1.7,7.5
9,2,32,873,3.8,8.4,.448,2.7,5.3,.504,1.1,3.1,.353,2.4,3.0,.815,5.4,2.4,1.5,0.1,2.0,2.5,11.0
9,3,32,873,5.9,13.1,.448,4.2,8.2,.504,1.7,4.9,.353,3.8,4.7,.815,8.5,3.7,2.4,0.2,3.1,3.9,17.3,,108.9,100.3
9,4,32,873,14.7,.563,.514,.372,.355,236,3.7,12.4,8.0,12.3,2.4,0.4,16.7,15.7,,1.4,1.1,2.5,.115,,0.5,0.5,1.0
10,0,15,87,8,26,.308,8,24,.333,0,2,.000,8,12,.667,8,9,17,6,7,0,7,12,24
10,1,15,5.8,0.5,1.7,.308,0.5,1.6,.333,0.0,0.1,.000,0.5,0.8,.667,1.1,0.4,0.5,0.0,0.5,0.8,1.6
10,2,15,87,3.7,12.0,.308,3.7,11.0,.333,0.0,0.9,.000,3.7,5.5,.667,7.8,2.8,3.2,0.0,3.2,5.5,11.0
10,3,15,87,5.8,18.7,.308,5.8,17.3,.333,0.0,1.4,.000,5.8,8.6,.667,12.2,4.3,5.0,0.0,5.0,8.6,17.3,,82.9,94.1
10,4,15,87,11.9,.379,.308,.077,.462,28,10.7,12.5,11.5,14.2,5.0,0.0,18.1,23.8,,-0.1,0.2,0.1,.050,,-4.4,1.3,-3.1
11,0,29,295,33,85,.388,32,77,.416,1,8,.125,24,38,.632,18,39,57,8,10,3,26,30,91
11,1,29,10.2,1.1,2.9,.388,1.1,2.7,.416,0.0,0.3,.125,0.8,1.3,.632,2.0,0.3,0.3,0.1,0.9,1.0,3.1
11,2,29,295,4.5,11.5,.388,4.3,10.4,.416,0.1,1.1,.125,3.3,5.2,.632,7.7,1.1,1.4,0.4,3.5,4.1,12.3
11,3,29,295,7.0,18.0,.388,6.8,16.3,.416,0.2,1.7,.125,5.1,8.1,.632,12.1,1.7,2.1,0.6,5.5,6.4,19.3,,82.8,98.7
11,4,29,295,10.0,.442,.394,.094,.447,89,7.1,15.9,11.4,5.8,2.1,1.1,20.1,23.4,,-0.2,0.4,0.2,.033,,-6.5,-1.2,-7.7
