0,0,31,519,34,91,.374,28,70,.400,6,21,.286,38,60,.633,7,36,43,81,16,3,61,34,112
0,1,31,16.7,1.1,2.9,.374,0.9,2.3,.400,0.2,0.7,.286,1.2,1.9,.633,1.4,2.6,0.5,0.1,2.0,1.1,3.6
0,2,31,519,2.6,7.0,.374,2.2,5.4,.400,0.5,1.6,.286,2.9,4.6,.633,3.3,6.2,1.2,0.2,4.7,2.6,8.6
0,3,31,519,4.1,11.0,.374,3.4,8.5,.400,0.7,2.5,.286,4.6,7.2,.633,5.2,9.8,1.9,0.4,7.4,4.1,13.5,,84.3,102.0
0,4,31,519,8.3,.469,.407,.231,.659,143,1.6,8.1,4.9,29.8,1.9,0.7,33.8,18.7,,-0.3,0.7,0.4,.029,,-4.4,-0.3,-4.7
1,0,8,16,1,3,.333,1,1,1.000,0,2,.000,0,0,,0,1,1,0,0,0,1,1,2
1,1,8,2.0,0.1,0.4,.333,0.1,0.1,1.000,0.0,0.3,.000,0.0,0.0,,0.1,0.0,0.0,0.0,0.1,0.1,0.3
1,2,8,16,2.5,7.5,.333,2.5,2.5,1.000,0.0,5.0,.000,0.0,0.0,,2.5,0.0,0.0,0.0,2.5,2.5,5.0
1,3,8,16,3.9,11.7,.333,3.9,3.9,1.000,0.0,7.8,.000,0.0,0.0,,3.9,0.0,0.0,0.0,3.9,3.9,7.8,,52.2,107.1
1,4,8,16,-2.9,.333,.333,.667,.000,2,0.0,7.3,3.7,0.0,0.0,0.0,25.0,13.4,,0.0,0.0,0.0,-.058,,-8.2,-2.8,-11.0
2,0,30,705,111,254,.437,71,148,.480,40,106,.377,51,63,.810,22,63,85,47,26,1,42,38,313
2,1,30,23.5,3.7,8.5,.437,2.4,4.9,.480,1.3,3.5,.377,1.7,2.1,.810,2.8,1.6,0.9,0.0,1.4,1.3,10.4
2,2,30,705,6.3,14.4,.437,4.0,8.4,.480,2.3,6.0,.377,2.9,3.6,.810,4.8,2.7,1.5,0.1,2.4,2.2,17.8
2,3,30,705,9.9,22.6,.437,6.3,13.2,.480,3.6,9.4,.377,4.5,5.6,.810,7.6,4.2,2.3,0.1,3.7,3.4,27.8,,109.4,100.4
2,4,30,705,19.2,.551,.516,.417,.248,289,3.7,10.4,7.1,15.4,2.3,0.2,12.9,24.8,,1.6,1.0,2.6,.147,,3.1,-0.2,2.9
3,0,31,854,100,238,.420,53,118,.449,47,120,.392,45,53,.849,40,124,164,29,52,5,37,55,292
3,1,31,27.5,3.2,7.7,.420,1.7,3.8,.449,1.5,3.9,.392,1.5,1.7,.849,5.3,0.9,1.7,0.2,1.2,1.8,9.4
3,2,31,854,4.7,11.1,.420,2.5,5.5,.449,2.2,5.6,.392,2.1,2.5,.849,7.7,1.4,2.4,0.2,1.7,2.6,13.7
3,3,31,854,7.3,17.5,.420,3.9,8.7,.449,3.4,8.8,.392,3.3,3.9,.849,12.0,2.1,3.8,0.4,2.7,4.0,21.4,,111.4,93.7
3,4,31,854,18.6,.555,.519,.504,.223,271,5.5,17.0,11.3,7.2,3.8,0.7,12.3,18.9,,1.6,1.8,3.4,.158,,2.7,2.6,5.3
4,0,31,473,67,171,.392,46,98,.469,21,73,.288,21,39,.538,18,56,74,12,11,5,21,92,176
4,1,31,15.3,2.2,5.5,.392,1.5,3.2,.469,0.7,2.4,.288,0.7,1.3,.538,2.4,0.4,0.4,0.2,0.7,3.0,5.7
4,2,31,473,5.7,14.5,.392,3.9,8.3,.469,1.8,6.2,.288,1.8,3.3,.538,6.3,1.0,0.9,0.4,1.8,7.8,14.9
4,3,31,473,8.9,22.7,.392,6.1,13.0,.469,2.8,9.7,.288,2.8,5.2,.538,9.8,1.6,1.5,0.7,2.8,12.2,23.3,,95.4,99.5
4,4,31,473,10.8,.464,.453,.427,.228,157,4.5,13.8,9.2,5.7,1.5,1.3,10.0,23.9,,0.3,0.7,1.0,.085,,-1.8,-1.1,-2.9
5,0,14,49,2,9,.222,0,1,.000,2,8,.250,0,0,,1,4,5,1,0,0,2,3,6
5,1,14,3.5,0.1,0.6,.222,0.0,0.1,.000,0.1,0.6,.250,0.0,0.0,,0.4,0.1,0.0,0.0,0.1,0.2,0.4
5,2,14,49,1.6,7.3,.222,0.0,0.8,.000,1.6,6.5,.250,0.0,0.0,,4.1,0.8,0.0,0.0,1.6,2.4,4.9
5,3,14,49,2.6,11.5,.222,0.0,1.3,.000,2.6,10.2,.250,0.0,0.0,,6.4,1.3,0.0,0.0,2.6,3.8,7.7,,68.8,106.1
5,4,14,49,0.1,.333,.333,.889,.000,6,2.4,9.5,6.0,3.7,0.0,0.0,18.2,12.1,,-0.1,0.0,0.0,-.010,,-4.9,-1.7,-6.6
6,0,23,140,16,28,.571,15,27,.556,1,1,1.000,7,12,.583,13,21,34,3,3,8,9,31,40
6,1,23,6.1,0.7,1.2,.571,0.7,1.2,.556,0.0,0.0,1.000,0.3,0.5,.583,1.5,0.1,0.1,0.3,0.4,1.3,1.7
6,2,23,140,4.6,8.0,.571,4.3,7.7,.556,0.3,0.3,1.000,2.0,3.4,.583,9.7,0.9,0.9,2.3,2.6,8.9,11.4
6,3,23,140,7.2,12.5,.571,6.7,12.1,.556,0.4,0.4,1.000,3.1,5.4,.583,15.2,1.3,1.3,3.6,4.0,13.9,17.9,,106.7,95.1
6,4,23,140,15.2,.593,.589,.036,.429,40,11.0,17.5,14.3,4.5,1.3,6.9,21.1,16.4,,0.2,0.3,0.5,.133,,-1.9,3.6,1.7
7,0,31,800,97,200,.485,56,99,.566,41,101,.406,34,54,.630,36,60,96,41,29,7,21,49,269
7,1,31,25.8,3.1,6.5,.485,1.8,3.2,.566,1.3,3.3,.406,1.1,1.7,.630,3.1,1.3,0.9,0.2,0.7,1.6,8.7
7,2,31,800,4.9,10.0,.485,2.8,5.0,.566,2.1,5.1,.406,1.7,2.7,.630,4.8,2.1,1.5,0.4,1.1,2.5,13.5
7,3,31,800,7.6,15.7,.485,4.4,7.8,.566,3.2,7.9,.406,2.7,4.2,.630,7.5,3.2,2.3,0.5,1.6,3.8,21.1,,124.6,100.8
7,4,31,800,18.4,.596,.588,.505,.270,252,5.3,8.8,7.1,10.9,2.3,1.1,8.5,16.6,,2.1,1.1,3.3,.164,,4.6,1.3,5.9
8,0,30,867,162,287,.564,144,246,.585,18,41,.439,101,143,.706,84,153,237,25,21,80,59,75,443
8,1,30,28.9,5.4,9.6,.564,4.8,8.2,.585,0.6,1.4,.439,3.4,4.8,.706,7.9,0.8,0.7,2.7,2.0,2.5,14.8
8,2,30,867,7.5,13.2,.564,6.6,11.3,.585,0.8,1.9,.439,4.7,6.6,.706,10.9,1.2,1.0,3.7,2.7,3.5,20.4
8,3,30,867,11.7,20.7,.564,10.4,17.8,.585,1.3,3.0,.439,7.3,10.3,.706,17.1,1.8,1.5,5.8,4.3,5.4,32.0,,118.9,91.9
8,4,30,867,30.0,.624,.596,.143,.498,408,11.4,20.6,16.1,7.2,1.5,11.2,14.3,25.7,,3.0,2.0,5.0,.230,,3.5,6.0,9.6
9,0,31,674,47,158,.297,37,109,.339,10,49,.204,26,31,.839,9,72,81,103,28,0,54,45,130
9,1,31,21.7,1.5,5.1,.297,1.2,3.5,.339,0.3,1.6,.204,0.8,1.0,.839,2.6,3.3,0.9,0.0,1.7,1.5,4.2
9,2,31,674,2.8,9.4,.297,2.2,6.5,.339,0.6,2.9,.204,1.5,1.8,.839,4.8,6.1,1.7,0.0,3.2,2.7,7.7
9,3,31,674,4.4,14.7,.297,3.4,10.1,.339,0.9,4.6,.204,2.4,2.9,.839,7.5,9.6,2.6,0.0,5.0,4.2,12.1,,83.9,98.8
9,4,31,674,8.7,.376,.329,.310,.196,173,1.6,12.5,7.1,29.4,2.6,0.0,23.8,18.1,,-0.4,1.1,0.7,.042,,-3.6,1.2,-2.5
10,0,12,42,1,6,.167,0,2,.000,1,4,.250,2,4,.500,1,2,3,3,2,0,2,4,5
10,1,12,3.5,0.1,0.5,.167,0.0,0.2,.000,0.1,0.3,.250,0.2,0.3,.500,0.3,0.3,0.2,0.0,0.2,0.3,0.4
10,2,12,42,1.0,5.7,.167,0.0,1.9,.000,1.0,3.8,.250,1.9,3.8,.500,2.9,2.9,1.9,0.0,1.9,3.8,4.8
10,3,12,42,1.5,9.0,.167,0.0,3.0,.000,1.5,6.0,.250,3.0,6.0,.500,4.5,4.5,3.0,0.0,3.0,6.0,7.5,,75.6,101.0
10,4,12,42,3.7,.316,.250,.667,.667,7,2.8,5.6,4.2,12.6,3.0,0.0,20.2,12.7,,0.0,0.1,0.0,.020,,-3.8,0.8,-3.0
11,0,20,165,5,19,.263,4,8,.500,1,11,.091,0,0,,6,13,19,0,0,2,6,17,11
11,1,20,8.3,0.3,1.0,.263,0.2,0.4,.500,0.1,0.6,.091,0.0,0.0,,1.0,0.0,0.0,0.1,0.3,0.9,0.6
11,2,20,165,1.2,4.6,.263,1.0,1.9,.500,0.2,2.7,.091,0.0,0.0,,4.6,0.0,0.0,0.5,1.5,4.1,2.7
11,3,20,165,1.9,7.2,.263,1.5,3.0,.500,0.4,4.2,.091,0.0,0.0,,7.2,0.0,0.0,0.8,2.3,6.5,4.2,,59.7,105.3
11,4,20,165,-0.7,.289,.289,.579,.000,13,4.3,9.2,6.8,0.0,0.0,1.5,24.0,8.1,,-0.2,0.2,0.0,-.008,,-6.3,-0.8,-7.1
12,0,5,57,5,12,.417,4,7,.571,1,5,.200,0,1,.000,5,4,9,3,1,1,2,2,11
12,1,5,11.4,1.0,2.4,.417,0.8,1.4,.571,0.2,1.0,.200,0.0,0.2,.000,1.8,0.6,0.2,0.2,0.4,0.4,2.2
12,2,5,57,3.5,8.4,.417,2.8,4.9,.571,0.7,3.5,.200,0.0,0.7,.000,6.3,2.1,0.7,0.7,1.4,1.4,7.7
12,3,5,57,5.5,13.2,.417,4.4,7.7,.571,1.1,5.5,.200,0.0,1.1,.000,9.9,3.3,1.1,1.1,2.2,2.2,12.1,,101.1,103.3
12,4,5,57,11.4,.441,.458,.417,.083,13,10.4,8.2,9.3,10.5,1.1,2.1,13.8,13.6,,0.0,0.1,0.1,.078,,-0.5,1.0,0.6
13,0,31,778,85,206,.413,69,149,.463,16,57,.281,66,88,.750,35,79,114,26,20,4,39,71,252
13,1,31,25.1,2.7,6.6,.413,2.2,4.8,.463,0.5,1.8,.281,2.1,2.8,.750,3.7,0.8,0.6,0.1,1.3,2.3,8.1
13,2,31,778,4.4,10.6,.413,3.5,7.7,.463,0.8,2.9,.281,3.4,4.5,.750,5.9,1.3,1.0,0.2,2.0,3.7,13.0
13,3,31,778,6.8,16.6,.413,5.6,12.0,.463,1.3,4.6,.281,5.3,7.1,.750,9.2,2.1,1.6,0.3,3.1,5.7,20.3,,103.0,100.9
13,4,31,778,13.0,.508,.451,.277,.427,242,5.3,11.9,8.6,7.0,1.6,0.6,13.6,19.8,,0.9,1.1,2.0,.104,,-0.6,0.3,-0.3
14,0,15,87,1,6,.167,1,2,.500,0,4,.000,4,7,.571,3,14,17,7,1,1,7,9,6
14,1,15,5.8,0.1,0.4,.167,0.1,0.1,.500,0.0,0.3,.000,0.3,0.5,.571,1.1,0.5,0.1,0.1,0.5,0.6,0.4
14,2,15,87,0.5,2.8,.167,0.5,0.9,.500,0.0,1.8,.000,1.8,3.2,.571,7.8,3.2,0.5,0.5,3.2,4.1,2.8
14,3,15,87,0.7,4.3,.167,0.7,1.4,.500,0.0,2.9,.000,2.9,5.0,.571,12.2,5.0,0.7,0.7,5.0,6.5,4.3,,66.2,99.3
14,4,15,87,2.8,.322,.167,.667,1.167,11,4.1,18.8,11.5,13.9,0.7,1.4,42.9,10.1,,-0.1,0.1,0.0,.008,,-5.9,2.2,-3.7
