0,0,28,797,103,287,.359,43,122,.352,60,165,.364,20,32,.625,10,75,85,56,22,3,43,38,286
0,1,28,28.5,3.7,10.3,.359,1.5,4.4,.352,2.1,5.9,.364,0.7,1.1,.625,3.0,2.0,0.8,0.1,1.5,1.4,10.2
0,2,28,797,5.2,14.4,.359,2.2,6.1,.352,3.0,8.3,.364,1.0,1.6,.625,4.3,2.8,1.1,0.2,2.2,1.9,14.4
0,3,28,797,7.9,22.0,.359,3.3,9.4,.352,4.6,12.7,.364,1.5,2.5,.625,6.5,4.3,1.7,0.2,3.3,2.9,22.0,,91.8,108.8
0,4,28,797,12.3,.473,.463,.575,.111,263,1.4,11.2,6.1,16.6,1.7,0.4,12.5,23.3,,0.2,0.4,0.7,.034,,-0.9,-3.4,-4.3
1,0,20,144,9,24,.375,9,24,.375,0,0,,9,18,.500,17,17,34,7,1,0,6,17,27
1,1,20,7.2,0.5,1.2,.375,0.5,1.2,.375,0.0,0.0,,0.5,0.9,.500,1.7,0.4,0.1,0.0,0.3,0.9,1.4
1,2,20,144,2.5,6.7,.375,2.5,6.7,.375,0.0,0.0,,2.5,5.0,.500,9.4,1.9,0.3,0.0,1.7,4.7,7.5
1,3,20,144,3.8,10.2,.375,3.8,10.2,.375,0.0,0.0,,3.8,7.7,.500,14.5,3.0,0.4,0.0,2.6,7.2,11.5,,97.3,110.4
1,4,20,144,9.4,.415,.375,.000,.750,36,13.0,14.1,13.5,9.9,0.4,0.0,15.6,14.4,,0.1,0.1,0.1,.041,,-4.5,-3.0,-7.6
2,0,7,37,2,11,.182,2,3,.667,0,8,.000,0,0,,1,8,9,1,2,0,2,3,4
2,1,7,5.3,0.3,1.6,.182,0.3,0.4,.667,0.0,1.1,.000,0.0,0.0,,1.3,0.1,0.3,0.0,0.3,0.4,0.6
2,2,7,37,2.2,11.9,.182,2.2,3.2,.667,0.0,8.6,.000,0.0,0.0,,9.7,1.1,2.2,0.0,2.2,3.2,4.3
2,3,7,37,3.3,18.2,.182,3.3,5.0,.667,0.0,13.2,.000,0.0,0.0,,14.9,1.7,3.3,0.0,3.3,5.0,6.6,,41.9,99.4
2,4,7,37,0.0,.182,.182,.727,.000,5,3.0,25.8,13.9,5.4,3.3,0.0,15.4,18.9,,-0.2,0.1,-0.1,-.107,,-11.2,-2.1,-13.3
3,0,12,133,8,27,.296,2,13,.154,6,14,.429,8,17,.471,2,10,12,3,3,0,5,9,30
3,1,12,11.1,0.7,2.3,.296,0.2,1.1,.154,0.5,1.2,.429,0.7,1.4,.471,1.0,0.3,0.3,0.0,0.4,0.8,2.5
3,2,12,133,2.4,8.1,.296,0.6,3.9,.154,1.8,4.2,.429,2.4,5.1,.471,3.6,0.9,0.9,0.0,1.5,2.7,9.0
3,3,12,133,3.7,12.4,.296,0.9,6.0,.154,2.8,6.4,.429,3.7,7.8,.471,5.5,1.4,1.4,0.0,2.3,4.1,13.8,,83.9,110.6
3,4,12,133,5.7,.428,.407,.519,.630,28,1.7,9.0,5.2,4.6,1.4,0.0,12.5,16.2,,-0.1,0.0,0.0,.000,,-5.2,-4.0,-9.2
4,0,30,529,74,176,.420,29,61,.475,45,115,.391,11,13,.846,7,37,44,23,17,2,33,28,204
4,1,30,17.6,2.5,5.9,.420,1.0,2.0,.475,1.5,3.8,.391,0.4,0.4,.846,1.5,0.8,0.6,0.1,1.1,0.9,6.8
4,2,30,529,5.6,13.3,.420,2.2,4.6,.475,3.4,8.7,.391,0.8,1.0,.846,3.3,1.7,1.3,0.2,2.5,2.1,15.4
4,3,30,529,8.6,20.4,.420,3.4,7.1,.475,5.2,13.3,.391,1.3,1.5,.846,5.1,2.7,2.0,0.2,3.8,3.2,23.6,,97.2,109.3
4,4,30,529,13.8,.560,.548,.653,.074,170,1.5,8.4,4.8,10.5,2.0,0.4,15.3,21.9,,0.4,0.3,0.7,.052,,0.0,-4.0,-3.9
5,0,21,230,15,58,.259,7,28,.250,8,30,.267,4,6,.667,8,23,31,10,9,0,7,26,42
5,1,21,11.0,0.7,2.8,.259,0.3,1.3,.250,0.4,1.4,.267,0.2,0.3,.667,1.5,0.5,0.4,0.0,0.3,1.2,2.0
5,2,21,230,2.6,10.1,.259,1.2,4.9,.250,1.4,5.2,.267,0.7,1.0,.667,5.4,1.7,1.6,0.0,1.2,4.5,7.3
5,3,21,230,4.0,15.4,.259,1.9,7.5,.250,2.1,8.0,.267,1.1,1.6,.667,8.2,2.7,2.4,0.0,1.9,6.9,11.2,,77.9,106.9
5,4,21,230,5.5,.345,.328,.517,.103,45,3.8,11.9,7.7,8.9,2.4,0.0,10.3,15.9,,-0.2,0.2,0.0,-.004,,-5.3,-2.4,-7.7
6,0,29,781,115,219,.525,114,210,.543,1,9,.111,57,101,.564,58,155,213,14,8,41,36,44,288
6,1,29,26.9,4.0,7.6,.525,3.9,7.2,.543,0.0,0.3,.111,2.0,3.5,.564,7.3,0.5,0.3,1.4,1.2,1.5,9.9
6,2,29,781,5.9,11.2,.525,5.8,10.8,.543,0.1,0.5,.111,2.9,5.2,.564,10.9,0.7,0.4,2.1,1.8,2.3,14.8
6,3,29,781,9.0,17.2,.525,8.9,16.5,.543,0.1,0.7,.111,4.5,7.9,.564,16.7,1.1,0.6,3.2,2.8,3.4,22.6,,104.3,103.2
6,4,29,781,19.6,.539,.527,.041,.461,264,8.2,23.7,15.6,4.4,0.6,5.5,11.9,20.9,,1.2,0.8,2.0,.103,,-3.3,-0.8,-4.1
7,0,29,1043,126,350,.360,70,192,.365,56,158,.354,84,113,.743,16,110,126,157,34,1,104,67,392
7,1,29,36.0,4.3,12.1,.360,2.4,6.6,.365,1.9,5.4,.354,2.9,3.9,.743,4.3,5.4,1.2,0.0,3.6,2.3,13.5
7,2,29,1043,4.8,13.4,.360,2.7,7.4,.365,2.1,6.1,.354,3.2,4.3,.743,4.8,6.0,1.3,0.0,4.0,2.6,15.0
7,3,29,1043,7.4,20.5,.360,4.1,11.3,.365,3.3,9.3,.354,4.9,6.6,.743,7.4,9.2,2.0,0.1,6.1,3.9,23.0,,93.3,107.7
7,4,29,1043,14.4,.486,.440,.451,.323,424,1.7,12.6,6.9,34.9,2.0,0.1,20.5,26.2,,0.6,0.7,1.3,.049,,0.0,-2.7,-2.7
8,0,31,798,51,98,.520,51,98,.520,0,0,,30,55,.545,47,61,108,71,25,6,58,86,132
8,1,31,25.7,1.6,3.2,.520,1.6,3.2,.520,0.0,0.0,,1.0,1.8,.545,3.5,2.3,0.8,0.2,1.9,2.8,4.3
8,2,31,798,2.6,4.9,.520,2.6,4.9,.520,0.0,0.0,,1.5,2.8,.545,5.4,3.6,1.3,0.3,2.9,4.3,6.6
8,3,31,798,3.9,7.5,.520,3.9,7.5,.520,0.0,0.0,,2.3,4.2,.545,8.3,5.4,1.9,0.5,4.4,6.6,10.1,,94.4,108.6
8,4,31,798,9.2,.532,.520,.000,.561,170,6.5,9.1,7.8,18.2,1.9,0.8,31.8,12.3,,0.3,0.4,0.7,.037,,-3.5,-0.5,-4.0
9,0,21,172,9,33,.273,9,33,.273,0,0,,6,12,.500,19,14,33,7,1,7,8,23,24
9,1,21,8.2,0.4,1.6,.273,0.4,1.6,.273,0.0,0.0,,0.3,0.6,.500,1.6,0.3,0.0,0.3,0.4,1.1,1.1
9,2,21,172,2.1,7.7,.273,2.1,7.7,.273,0.0,0.0,,1.4,2.8,.500,7.7,1.6,0.2,1.6,1.9,5.3,5.6
9,3,21,172,3.2,11.7,.273,3.2,11.7,.273,0.0,0.0,,2.1,4.3,.500,11.7,2.5,0.4,2.5,2.8,8.2,8.5,,79.0,109.8
9,4,21,172,5.6,.310,.273,.000,.364,35,12.2,9.7,11.0,8.1,0.4,4.3,17.1,14.6,,-0.1,0.1,-0.1,-.013,,-7.3,-0.7,-8.0
10,0,31,936,98,257,.381,42,112,.375,56,145,.386,51,70,.729,8,82,90,52,25,3,33,59,303
10,1,31,30.2,3.2,8.3,.381,1.4,3.6,.375,1.8,4.7,.386,1.6,2.3,.729,2.9,1.7,0.8,0.1,1.1,1.9,9.8
10,2,31,936,4.2,11.0,.381,1.8,4.8,.375,2.4,6.2,.386,2.2,3.0,.729,3.8,2.2,1.1,0.1,1.4,2.5,12.9
10,3,31,936,6.4,16.8,.381,2.7,7.3,.375,3.7,9.5,.386,3.3,4.6,.729,5.9,3.4,1.6,0.2,2.2,3.9,19.8,,103.4,109.2
10,4,31,936,12.9,.522,.490,.564,.272,275,0.9,10.5,5.5,12.4,1.6,0.3,10.2,18.6,,1.2,0.5,1.6,.069,,0.0,-3.0,-3.0
11,0,29,481,68,144,.472,67,143,.469,1,1,1.000,16,30,.533,44,88,132,8,12,10,32,79,153
11,1,29,16.6,2.3,5.0,.472,2.3,4.9,.469,0.0,0.0,1.000,0.6,1.0,.533,4.6,0.3,0.4,0.3,1.1,2.7,5.3
11,2,29,481,5.7,12.0,.472,5.6,11.9,.469,0.1,0.1,1.000,1.3,2.5,.533,11.0,0.7,1.0,0.8,2.7,6.6,12.7
11,3,29,481,8.7,18.3,.472,8.5,18.2,.469,0.1,0.1,1.000,2.0,3.8,.533,16.8,1.0,1.5,1.3,4.1,10.1,19.5,,90.0,103.4
11,4,29,481,12.9,.483,.476,.007,.208,147,10.1,21.9,15.7,4.0,1.5,2.2,16.8,21.3,,0.1,0.5,0.6,.047,,-6.0,-2.4,-8.4
12,0,14,119,7,11,.636,6,9,.667,1,2,.500,7,16,.438,6,5,11,4,3,6,7,18,22
12,1,14,8.5,0.5,0.8,.636,0.4,0.6,.667,0.1,0.1,.500,0.5,1.1,.438,0.8,0.3,0.2,0.4,0.5,1.3,1.6
12,2,14,119,2.4,3.7,.636,2.0,3.0,.667,0.3,0.7,.500,2.4,5.4,.438,3.7,1.3,1.0,2.0,2.4,6.1,7.4
12,3,14,119,3.6,5.7,.636,3.1,4.6,.667,0.5,1.0,.500,3.6,8.2,.438,5.7,2.1,1.5,3.1,3.6,9.3,11.3,,96.8,108.3
12,4,14,119,8.8,.591,.682,.182,1.455,23,5.6,5.0,5.3,6.8,1.5,5.3,27.3,11.6,,0.1,0.1,0.1,.042,,-4.1,0.4,-3.7
