0,0,30,587,61,156,.391,49,108,.454,12,48,.250,15,22,.682,29,50,79,14,8,37,51,70,149
0,1,30,19.6,2.0,5.2,.391,1.6,3.6,.454,0.4,1.6,.250,0.5,0.7,.682,2.6,0.5,0.3,1.2,1.7,2.3,5.0
0,2,30,587,4.2,10.6,.391,3.3,7.4,.454,0.8,3.3,.250,1.0,1.5,.682,5.4,1.0,0.5,2.5,3.5,4.8,10.2
0,3,30,587,6.3,16.0,.391,5.0,11.1,.454,1.2,4.9,.250,1.5,2.3,.682,8.1,1.4,0.8,3.8,5.2,7.2,15.3,,77.0,113.6
0,4,30,587,7.1,.448,.429,.308,.141,142,5.6,10.3,7.9,5.4,0.8,6.9,23.5,19.5,,-0.7,0.0,-0.6,-.041,,-7.2,-1.3,-8.4
1,0,29,533,37,107,.346,21,50,.420,16,57,.281,8,12,.667,21,35,56,22,9,1,14,50,98
1,1,29,18.4,1.3,3.7,.346,0.7,1.7,.420,0.6,2.0,.281,0.3,0.4,.667,1.9,0.8,0.3,0.0,0.5,1.7,3.4
1,2,29,533,2.8,8.0,.346,1.6,3.8,.420,1.2,4.3,.281,0.6,0.9,.667,4.2,1.7,0.7,0.1,1.1,3.8,7.4
1,3,29,533,4.2,12.1,.346,2.4,5.7,.420,1.8,6.4,.281,0.9,1.4,.667,6.3,2.5,1.0,0.1,1.6,5.7,11.1,,94.8,117.5
1,4,29,533,6.7,.435,.421,.533,.112,101,4.5,8.0,6.2,8.7,1.0,0.2,11.0,12.5,,0.2,-0.2,0.0,.002,,-3.3,-4.4,-7.7
2,0,30,1140,109,312,.349,39,101,.386,70,211,.332,112,137,.818,18,88,106,138,26,3,81,66,400
2,1,30,38.0,3.6,10.4,.349,1.3,3.4,.386,2.3,7.0,.332,3.7,4.6,.818,3.5,4.6,0.9,0.1,2.7,2.2,13.3
2,2,30,1140,3.8,10.9,.349,1.4,3.5,.386,2.5,7.4,.332,3.9,4.8,.818,3.7,4.8,0.9,0.1,2.8,2.3,14.0
2,3,30,1140,5.8,16.5,.349,2.1,5.3,.386,3.7,11.2,.332,5.9,7.2,.818,5.6,7.3,1.4,0.2,4.3,3.5,21.2,,105.1,116.3
2,4,30,1140,14.6,.530,.462,.676,.439,420,1.8,9.4,5.5,27.0,1.4,0.3,17.7,21.1,,1.9,-0.2,1.7,.059,,1.8,-5.0,-3.2
3,0,30,979,185,361,.512,172,323,.533,13,38,.342,126,189,.667,63,159,222,46,22,5,143,65,509
3,1,30,32.6,6.2,12.0,.512,5.7,10.8,.533,0.4,1.3,.342,4.2,6.3,.667,7.4,1.5,0.7,0.2,4.8,2.2,17.0
3,2,30,979,7.6,14.7,.512,7.0,13.2,.533,0.5,1.6,.342,5.1,7.7,.667,9.1,1.9,0.9,0.2,5.8,2.7,20.8
3,3,30,979,11.4,22.2,.512,10.6,19.9,.533,0.8,2.3,.342,7.8,11.6,.667,13.7,2.8,1.4,0.3,8.8,4.0,31.3,,92.6,111.9
3,4,30,979,17.9,.565,.530,.105,.524,467,7.3,19.7,13.3,13.2,1.4,0.6,24.1,31.9,,0.5,0.2,0.8,.032,,-2.5,-3.9,-6.4
4,0,8,61,5,15,.333,4,11,.364,1,4,.250,1,5,.200,5,2,7,3,1,1,7,13,12
4,1,8,7.6,0.6,1.9,.333,0.5,1.4,.364,0.1,0.5,.250,0.1,0.6,.200,0.9,0.4,0.1,0.1,0.9,1.6,1.5
4,2,8,61,3.3,9.8,.333,2.6,7.2,.364,0.7,2.6,.250,0.7,3.3,.200,4.6,2.0,0.7,0.7,4.6,8.5,7.9
4,3,8,61,4.9,14.8,.333,4.0,10.9,.364,1.0,4.0,.250,1.0,4.9,.200,6.9,3.0,1.0,1.0,6.9,12.8,11.9,,63.9,117.8
4,4,8,61,-1.1,.345,.367,.267,.333,14,9.3,4.0,6.7,10.6,1.0,1.8,28.7,21.0,,-0.2,0.0,-0.2,-.120,,-9.2,-4.6,-13.8
5,0,1,0,0,0,,0,0,,0,0,,0,0,,0,0,0,0,0,0,0,0,0
5,1,1,0.0,0.0,0.0,,0.0,0.0,,0.0,0.0,,0.0,0.0,,0.0,0.0,0.0,0.0,0.0,0.0,0.0
5,2,1,0,,,,,,,,,,,,,,,,,,,
5,3,1,0,,,,,,,,,,,,,,,,,,,,,,
5,4,1,0,,,,,,,,,,,,,,,,0.0,0.0,0.0,,,-7.4,-3.2,-10.6
6,0,28,748,70,175,.400,36,77,.468,34,98,.347,25,38,.658,24,63,87,39,21,2,39,54,199
6,1,28,26.7,2.5,6.3,.400,1.3,2.8,.468,1.2,3.5,.347,0.9,1.4,.658,3.1,1.4,0.8,0.1,1.4,1.9,7.1
6,2,28,748,3.7,9.4,.400,1.9,4.1,.468,1.8,5.2,.347,1.3,2.0,.658,4.7,2.1,1.1,0.1,2.1,2.9,10.6
6,3,28,748,5.6,14.1,.400,2.9,6.2,.468,2.7,7.9,.347,2.0,3.1,.658,7.0,3.1,1.7,0.2,3.1,4.4,16.0,,97.6,115.2
6,4,28,748,10.6,.515,.497,.560,.217,191,3.6,10.2,6.8,11.6,1.7,0.3,16.8,16.3,,0.5,-0.1,0.4,.024,,-1.5,-3.8,-5.3
7,0,20,196,21,47,.447,19,39,.487,2,8,.250,3,8,.375,17,25,42,3,1,3,15,34,47
7,1,20,9.8,1.1,2.4,.447,1.0,2.0,.487,0.1,0.4,.250,0.2,0.4,.375,2.1,0.2,0.1,0.2,0.8,1.7,2.4
7,2,20,196,4.3,9.6,.447,3.9,8.0,.487,0.4,1.6,.250,0.6,1.6,.375,8.6,0.6,0.2,0.6,3.1,6.9,9.6
7,3,20,196,6.5,14.5,.447,5.8,12.0,.487,0.6,2.5,.250,0.9,2.5,.375,12.9,0.9,0.3,0.9,4.6,10.5,14.5,,82.1,114.9
7,4,20,196,6.4,.463,.468,.170,.170,47,9.9,15.5,12.6,3.5,0.3,1.7,22.8,17.6,,-0.1,0.0,-0.1,-.026,,-7.0,-5.1,-12.1
8,0,6,7,0,1,.000,0,1,.000,0,0,,0,0,,0,0,0,0,0,0,0,0,0
8,1,6,1.2,0.0,0.2,.000,0.0,0.2,.000,0.0,0.0,,0.0,0.0,,0.0,0.0,0.0,0.0,0.0,0.0,0.0
8,2,6,7,0.0,5.7,.000,0.0,5.7,.000,0.0,0.0,,0.0,0.0,,0.0,0.0,0.0,0.0,0.0,0.0,0.0
8,3,6,7,0.0,8.6,.000,0.0,8.6,.000,0.0,0.0,,0.0,0.0,,0.0,0.0,0.0,0.0,0.0,0.0,0.0,,0.0,123.7
8,4,6,7,-6.3,.000,.000,.000,.000,0,0.0,0.0,0.0,0.0,0.0,0.0,0.0,7.5,,0.0,0.0,0.0,-.142,,-12.2,-5.3,-17.5
9,0,19,656,81,196,.413,41,79,.519,40,117,.342,15,25,.600,24,68,92,67,21,2,35,50,217
9,1,19,34.5,4.3,10.3,.413,2.2,4.2,.519,2.1,6.2,.342,0.8,1.3,.600,4.8,3.5,1.1,0.1,1.8,2.6,11.4
9,2,19,656,4.9,12.0,.413,2.5,4.8,.519,2.4,7.1,.342,0.9,1.5,.600,5.6,4.1,1.3,0.1,2.1,3.0,13.2
9,3,19,656,7.4,18.0,.413,3.8,7.3,.519,3.7,10.8,.342,1.4,2.3,.600,8.5,6.2,1.9,0.2,3.2,4.6,19.9,,104.8,113.6
9,4,19,656,15.4,.522,.515,.597,.128,220,4.2,12.6,8.2,24.3,1.9,0.3,14.4,19.4,,1.0,0.0,1.0,.063,,1.8,-3.6,-1.8
10,0,30,578,57,163,.350,39,83,.470,18,80,.225,13,18,.722,28,60,88,16,11,9,22,86,145
10,1,30,19.3,1.9,5.4,.350,1.3,2.8,.470,0.6,2.7,.225,0.4,0.6,.722,2.9,0.5,0.4,0.3,0.7,2.9,4.8
10,2,30,578,3.9,11.3,.350,2.7,5.7,.470,1.2,5.5,.225,0.9,1.2,.722,6.1,1.1,0.8,0.6,1.5,6.0,10.0
10,3,30,578,5.9,17.0,.350,4.1,8.7,.470,1.9,8.3,.225,1.4,1.9,.722,9.2,1.7,1.1,0.9,2.3,9.0,15.1,,88.2,114.3
10,4,30,578,7.5,.423,.405,.491,.110,140,5.5,12.6,8.9,6.2,1.1,1.7,11.4,17.6,,0.0,0.0,0.0,-.002,,-4.2,-4.2,-8.4
11,0,24,306,12,42,.286,11,27,.407,1,15,.067,7,11,.636,13,43,56,19,7,0,18,40,32
11,1,24,12.8,0.5,1.8,.286,0.5,1.1,.407,0.0,0.6,.067,0.3,0.5,.636,2.3,0.8,0.3,0.0,0.8,1.7,1.3
11,2,24,306,1.6,5.5,.286,1.4,3.5,.407,0.1,2.0,.067,0.9,1.4,.636,7.3,2.5,0.9,0.0,2.4,5.2,4.2
11,3,24,306,2.4,8.3,.286,2.2,5.3,.407,0.2,3.0,.067,1.4,2.2,.636,11.0,3.7,1.4,0.0,3.5,7.9,6.3,,72.3,112.9
11,4,24,306,3.6,.339,.298,.357,.262,44,4.8,17.1,10.7,12.3,1.4,0.0,27.6,11.2,,-0.3,0.0,-0.3,-.033,,-7.0,-2.7,-9.7
12,0,23,235,18,51,.353,16,37,.432,2,14,.143,6,15,.400,8,11,19,9,6,1,14,24,44
12,1,23,10.2,0.8,2.2,.353,0.7,1.6,.432,0.1,0.6,.143,0.3,0.7,.400,0.8,0.4,0.3,0.0,0.6,1.0,1.9
12,2,23,235,3.1,8.7,.353,2.7,6.3,.432,0.3,2.4,.143,1.0,2.6,.400,3.2,1.5,1.0,0.2,2.4,4.1,7.5
12,3,23,235,4.6,13.1,.353,4.1,9.5,.432,0.5,3.6,.143,1.5,3.8,.400,4.9,2.3,1.5,0.3,3.6,6.2,11.3,,73.5,117.1
12,4,23,235,3.2,.378,.373,.275,.294,45,3.9,5.7,4.7,8.2,1.5,0.5,19.4,16.1,,-0.3,-0.1,-0.3,-.058,,-7.2,-4.6,-11.8
