0,0,6,22,3,5,.600,3,4,.750,0,1,.000,3,6,.500,1,0,1,1,0,0,3,4,9
0,1,6,3.7,0.5,0.8,.600,0.5,0.7,.750,0.0,0.2,.000,0.5,1.0,.500,0.2,0.2,0.0,0.0,0.5,0.7,1.5
0,2,6,22,5.5,9.1,.600,5.5,7.3,.750,0.0,1.8,.000,5.5,10.9,.500,1.8,1.8,0.0,0.0,5.5,7.3,16.4
0,3,6,22,8.0,13.4,.600,8.0,10.7,.750,0.0,2.7,.000,8.0,16.1,.500,2.7,2.7,0.0,0.0,8.0,10.7,24.1,,90.1,116.8
0,4,6,22,6.6,.573,.600,.200,1.200,9,5.5,0.0,2.6,8.8,0.0,0.0,27.6,25.4,,0.0,0.0,0.0,-.004,,-5.4,-6.6,-12.0
1,0,32,1152,225,390,.577,225,390,.577,0,0,,145,236,.614,85,177,262,46,37,26,97,93,595
1,1,32,36.0,7.0,12.2,.577,7.0,12.2,.577,0.0,0.0,,4.5,7.4,.614,8.2,1.4,1.2,0.8,3.0,2.9,18.6
1,2,32,1152,7.8,13.5,.577,7.8,13.5,.577,0.0,0.0,,5.0,8.2,.614,9.1,1.6,1.3,0.9,3.4,3.2,20.7
1,3,32,1152,11.5,19.9,.577,11.5,19.9,.577,0.0,0.0,,7.4,12.1,.614,13.4,2.4,1.9,1.3,5.0,4.8,30.4,,110.3,103.9
1,4,32,1152,22.6,.593,.577,.000,.605,563,8.9,16.7,13.0,8.8,1.9,2.4,16.2,26.8,,2.6,1.6,4.2,.144,,0.1,-0.5,-0.3
2,0,27,555,69,146,.473,65,124,.524,4,22,.182,20,37,.541,47,83,130,19,13,36,26,64,162
2,1,27,20.6,2.6,5.4,.473,2.4,4.6,.524,0.1,0.8,.182,0.7,1.4,.541,4.8,0.7,0.5,1.3,1.0,2.4,6.0
2,2,27,555,5.0,10.5,.473,4.7,8.9,.524,0.3,1.6,.182,1.4,2.7,.541,9.4,1.4,0.9,2.6,1.9,4.6,11.7
2,3,27,555,7.3,15.5,.473,6.9,13.2,.524,0.4,2.3,.182,2.1,3.9,.541,13.8,2.0,1.4,3.8,2.8,6.8,17.2,,103.0,102.9
2,4,27,555,15.4,.495,.486,.151,.253,171,10.2,16.2,13.4,6.5,1.4,6.9,13.7,17.6,,0.5,0.8,1.3,.094,,-2.7,1.9,-0.8
3,0,9,83,8,22,.364,6,13,.462,2,9,.222,7,11,.636,5,10,15,1,3,0,10,14,25
3,1,9,9.2,0.9,2.4,.364,0.7,1.4,.462,0.2,1.0,.222,0.8,1.2,.636,1.7,0.1,0.3,0.0,1.1,1.6,2.8
3,2,9,83,3.9,10.6,.364,2.9,6.3,.462,1.0,4.3,.222,3.4,5.3,.636,7.2,0.5,1.4,0.0,4.8,6.7,12.0
3,3,9,83,5.7,15.6,.364,4.3,9.2,.462,1.4,6.4,.222,5.0,7.8,.636,10.6,0.7,2.1,0.0,7.1,9.9,17.7,,77.4,105.8
3,4,9,83,4.6,.459,.409,.409,.500,25,7.3,13.1,10.3,2.2,2.1,0.0,26.9,23.1,,-0.1,0.1,0.0,-.016,,-7.5,-3.9,-11.4
4,0,31,1090,143,320,.447,107,192,.557,36,128,.281,90,109,.826,17,134,151,132,41,5,85,66,412
4,1,31,35.2,4.6,10.3,.447,3.5,6.2,.557,1.2,4.1,.281,2.9,3.5,.826,4.9,4.3,1.3,0.2,2.7,2.1,13.3
4,2,31,1090,5.2,11.7,.447,3.9,7.0,.557,1.3,4.7,.281,3.3,4.0,.826,5.5,4.8,1.5,0.2,3.1,2.4,15.1
4,3,31,1090,7.7,17.3,.447,5.8,10.4,.557,1.9,6.9,.281,4.9,5.9,.826,8.2,7.1,2.2,0.3,4.6,3.6,22.3,,107.1,105.8
4,4,31,1090,16.7,.554,.503,.400,.341,431,1.9,13.3,7.9,23.3,2.2,0.5,18.6,21.6,,1.7,1.3,3.0,.109,,0.8,-0.9,0.0
5,0,8,22,1,4,.250,1,3,.333,0,1,.000,3,4,.750,1,1,2,0,1,0,2,2,5
5,1,8,2.8,0.1,0.5,.250,0.1,0.4,.333,0.0,0.1,.000,0.4,0.5,.750,0.3,0.0,0.1,0.0,0.3,0.3,0.6
5,2,8,22,1.8,7.3,.250,1.8,5.5,.333,0.0,1.8,.000,5.5,7.3,.750,3.6,0.0,1.8,0.0,3.6,3.6,9.1
5,3,8,22,2.7,10.7,.250,2.7,8.0,.333,0.0,2.7,.000,8.0,10.7,.750,5.4,0.0,2.7,0.0,5.4,5.4,13.4,,76.1,109.0
5,4,8,22,3.6,.424,.250,.250,1.000,5,5.5,4.9,5.2,0.0,2.7,0.0,25.3,18.5,,0.0,0.0,0.0,-.019,,-8.3,-4.0,-12.2
6,0,32,654,39,75,.520,23,40,.575,16,35,.457,31,43,.721,2,56,58,83,24,0,43,41,125
6,1,32,20.4,1.2,2.3,.520,0.7,1.3,.575,0.5,1.1,.457,1.0,1.3,.721,1.8,2.6,0.8,0.0,1.3,1.3,3.9
6,2,32,654,2.4,4.6,.520,1.4,2.4,.575,1.0,2.1,.457,1.9,2.6,.721,3.5,5.1,1.5,0.0,2.6,2.5,7.6
6,3,32,654,3.5,6.8,.520,2.1,3.6,.575,1.4,3.2,.457,2.8,3.9,.721,5.2,7.5,2.2,0.0,3.9,3.7,11.3,,110.2,108.2
6,4,32,654,11.1,.655,.627,.467,.573,149,0.4,9.3,5.1,21.5,2.2,0.0,31.1,10.9,,0.7,0.6,1.3,.080,,-1.2,-1.7,-2.8
7,0,29,218,11,23,.478,11,23,.478,0,0,,1,5,.200,7,22,29,3,6,6,6,48,23
7,1,29,7.5,0.4,0.8,.478,0.4,0.8,.478,0.0,0.0,,0.0,0.2,.200,1.0,0.1,0.2,0.2,0.2,1.7,0.8
7,2,29,218,2.0,4.2,.478,2.0,4.2,.478,0.0,0.0,,0.2,0.9,.200,5.3,0.6,1.1,1.1,1.1,8.8,4.2
7,3,29,218,3.0,6.2,.478,3.0,6.2,.478,0.0,0.0,,0.3,1.4,.200,7.8,0.8,1.6,1.6,1.6,13.0,6.2,,88.4,106.2
7,4,29,218,3.8,.453,.478,.000,.217,25,3.9,11.0,7.6,2.3,1.6,2.9,19.1,7.4,,0.0,0.2,0.2,.040,,-5.1,0.6,-4.5
8,0,32,1030,100,216,.463,65,116,.560,35,100,.350,56,77,.727,43,96,139,51,36,16,35,100,291
8,1,32,32.2,3.1,6.8,.463,2.0,3.6,.560,1.1,3.1,.350,1.8,2.4,.727,4.3,1.6,1.1,0.5,1.1,3.1,9.1
8,2,32,1030,3.9,8.4,.463,2.5,4.5,.560,1.4,3.9,.350,2.2,3.0,.727,5.4,2.0,1.4,0.6,1.4,3.9,11.3
8,3,32,1030,5.7,12.4,.463,3.7,6.6,.560,2.0,5.7,.350,3.2,4.4,.727,8.0,2.9,2.1,0.9,2.0,5.7,16.6,,117.9,107.0
8,4,32,1030,14.0,.576,.544,.463,.356,292,5.0,10.1,7.7,8.9,2.1,1.7,12.2,14.4,,1.8,1.1,2.9,.112,,1.3,0.1,1.4
9,0,28,335,39,94,.415,21,37,.568,18,57,.316,11,18,.611,11,42,53,11,7,1,12,37,107
9,1,28,12.0,1.4,3.4,.415,0.8,1.3,.568,0.6,2.0,.316,0.4,0.6,.611,1.9,0.4,0.3,0.0,0.4,1.3,3.8
9,2,28,335,4.7,11.2,.415,2.5,4.4,.568,2.1,6.8,.316,1.3,2.1,.611,6.3,1.3,0.8,0.1,1.4,4.4,12.8
9,3,28,335,6.9,16.5,.415,3.7,6.5,.568,3.2,10.0,.316,1.9,3.2,.611,9.3,1.9,1.2,0.2,2.1,6.5,18.8,,105.6,107.7
9,4,28,335,11.5,.522,.511,.606,.191,99,4.0,13.6,9.0,6.1,1.2,0.3,10.5,17.6,,0.4,0.3,0.7,.082,,-1.2,-3.4,-4.6
10,0,1,1,0,0,,0,0,,0,0,,0,0,,0,0,0,0,0,0,0,0,0
10,1,1,1.0,0.0,0.0,,0.0,0.0,,0.0,0.0,,0.0,0.0,,0.0,0.0,0.0,0.0,0.0,0.0,0.0
10,2,1,1,0.0,0.0,,0.0,0.0,,0.0,0.0,,0.0,0.0,,0.0,0.0,0.0,0.0,0.0,0.0,0.0
10,3,1,1,0.0,0.0,,0.0,0.0,,0.0,0.0,,0.0,0.0,,0.0,0.0,0.0,0.0,0.0,0.0,0.0,,,117.9
10,4,1,1,0.0,,,,,0,0.0,0.0,0.0,0.0,0.0,0.0,,0.0,,0.0,0.0,0.0,.002,,-5.5,-1.0,-6.5
11,0,13,98,6,21,.286,4,11,.364,2,10,.200,9,11,.818,1,7,8,11,6,0,8,10,23
11,1,13,7.5,0.5,1.6,.286,0.3,0.8,.364,0.2,0.8,.200,0.7,0.8,.818,0.6,0.8,0.5,0.0,0.6,0.8,1.8
11,2,13,98,2.4,8.6,.286,1.6,4.5,.364,0.8,4.1,.200,3.7,4.5,.818,3.3,4.5,2.4,0.0,3.3,4.1,9.4
11,3,13,98,3.6,12.6,.286,2.4,6.6,.364,1.2,6.0,.200,5.4,6.6,.818,4.8,6.6,3.6,0.0,4.8,6.0,13.8,,88.0,105.4
11,4,13,98,8.5,.439,.333,.476,.524,27,1.2,7.8,4.7,19.0,3.6,0.0,23.4,18.0,,0.0,0.1,0.1,.034,,-4.3,-1.7,-6.1
12,0,30,1089,193,465,.415,105,226,.465,88,239,.368,92,107,.860,25,76,101,60,32,1,58,66,566
12,1,30,36.3,6.4,15.5,.415,3.5,7.5,.465,2.9,8.0,.368,3.1,3.6,.860,3.4,2.0,1.1,0.0,1.9,2.2,18.9
12,2,30,1089,7.1,17.1,.415,3.9,8.3,.465,3.2,8.8,.368,3.4,3.9,.860,3.7,2.2,1.2,0.0,2.1,2.4,20.8
12,3,30,1089,10.4,25.2,.415,5.7,12.2,.465,4.8,12.9,.368,5.0,5.8,.860,5.5,3.2,1.7,0.1,3.1,3.6,30.6,,110.6,109.9
12,4,30,1089,18.2,.549,.510,.514,.230,511,2.8,7.6,5.3,11.6,1.7,0.1,10.1,27.2,,2.4,0.9,3.3,.120,,2.4,-3.9,-1.5
13,0,13,103,3,7,.429,3,7,.429,0,0,,2,5,.400,1,15,16,2,1,2,5,23,8
13,1,13,7.9,0.2,0.5,.429,0.2,0.5,.429,0.0,0.0,,0.2,0.4,.400,1.2,0.2,0.1,0.2,0.4,1.8,0.6
13,2,13,103,1.2,2.7,.429,1.2,2.7,.429,0.0,0.0,,0.8,1.9,.400,6.2,0.8,0.4,0.8,1.9,8.9,3.1
13,3,13,103,1.7,4.0,.429,1.7,4.0,.429,0.0,0.0,,1.1,2.9,.400,9.2,1.1,0.6,1.1,2.9,13.2,4.6,,65.6,106.6
13,4,13,103,0.1,.427,.429,.000,.714,8,1.2,15.8,8.9,3.1,0.6,2.1,34.8,7.2,,-0.1,0.1,0.0,.007,,-7.3,0.0,-7.4
