0,0,13,23,1,4,.250,1,4,.250,0,0,,1,3,.333,1,3,4,1,0,0,1,4,3
0,1,13,1.8,0.1,0.3,.250,0.1,0.3,.250,0.0,0.0,,0.1,0.2,.333,0.3,0.1,0.0,0.0,0.1,0.3,0.2
0,2,13,23,1.7,7.0,.250,1.7,7.0,.250,0.0,0.0,,1.7,5.2,.333,7.0,1.7,0.0,0.0,1.7,7.0,5.2
0,3,13,23,2.6,10.4,.250,2.6,10.4,.250,0.0,0.0,,2.6,7.8,.333,10.4,2.6,0.0,0.0,2.6,10.4,7.8,,68.8,110.1
0,4,13,23,-0.4,.276,.250,.000,.750,4,5.5,15.2,10.5,7.1,0.0,0.0,15.6,14.5,,0.0,0.0,0.0,-.042,,-8.4,-3.1,-11.5
1,0,30,1073,119,281,.423,66,125,.528,53,156,.340,110,138,.797,5,92,97,158,35,3,73,53,401
1,1,30,35.8,4.0,9.4,.423,2.2,4.2,.528,1.8,5.2,.340,3.7,4.6,.797,3.2,5.3,1.2,0.1,2.4,1.8,13.4
1,2,30,1073,4.4,10.5,.423,2.5,4.7,.528,2.0,5.8,.340,4.1,5.1,.797,3.6,5.9,1.3,0.1,2.7,2.0,14.9
1,3,30,1073,6.6,15.6,.423,3.7,7.0,.528,3.0,8.7,.340,6.1,7.7,.797,5.4,8.8,1.9,0.2,4.1,3.0,22.3,,115.9,108.2
1,4,30,1073,18.3,.579,.518,.555,.491,429,0.6,10.0,5.5,27.2,1.9,0.3,17.4,20.4,,3.0,0.6,3.6,.133,,3.3,-2.3,1.0
2,0,31,1083,211,371,.569,211,363,.581,0,8,.000,116,192,.604,92,175,267,56,23,5,105,75,538
2,1,31,34.9,6.8,12.0,.569,6.8,11.7,.581,0.0,0.3,.000,3.7,6.2,.604,8.6,1.8,0.7,0.2,3.4,2.4,17.4
2,2,31,1083,7.8,13.7,.569,7.8,13.4,.581,0.0,0.3,.000,4.3,7.1,.604,9.9,2.1,0.8,0.2,3.9,2.8,19.9
2,3,31,1083,11.6,20.5,.569,11.6,20.0,.581,0.0,0.4,.000,6.4,10.6,.604,14.7,3.1,1.3,0.3,5.8,4.1,29.7,,106.9,106.0
2,4,31,1083,21.5,.582,.569,.022,.518,518,10.7,18.8,14.9,11.3,1.3,0.5,18.5,27.3,,2.6,0.8,3.4,.127,,0.4,-1.6,-1.2
3,0,5,12,0,1,.000,0,0,,0,1,.000,0,2,.000,0,0,0,0,0,0,2,1,0
3,1,5,2.4,0.0,0.2,.000,0.0,0.0,,0.0,0.2,.000,0.0,0.4,.000,0.0,0.0,0.0,0.0,0.4,0.2,0.0
3,2,5,12,0.0,3.3,.000,0.0,0.0,,0.0,3.3,.000,0.0,6.7,.000,0.0,0.0,0.0,0.0,6.7,3.3,0.0
3,3,5,12,0.0,5.0,.000,0.0,0.0,,0.0,5.0,.000,0.0,10.0,.000,0.0,0.0,0.0,0.0,10.0,5.0,0.0,,0.0,116.6
3,4,5,12,-19.3,.000,.000,1.000,2.000,0,0.0,0.0,0.0,0.0,0.0,0.0,50.6,17.1,,-0.1,0.0,-0.1,-.313,,-16.1,-4.0,-20.1
4,0,31,583,76,130,.585,76,126,.603,0,4,.000,14,22,.636,41,92,133,12,5,11,23,83,166
4,1,31,18.8,2.5,4.2,.585,2.5,4.1,.603,0.0,0.1,.000,0.5,0.7,.636,4.3,0.4,0.2,0.4,0.7,2.7,5.4
4,2,31,583,5.2,8.9,.585,5.2,8.6,.603,0.0,0.3,.000,1.0,1.5,.636,9.1,0.8,0.3,0.8,1.6,5.7,11.4
4,3,31,583,7.8,13.3,.585,7.8,12.9,.603,0.0,0.4,.000,1.4,2.3,.636,13.6,1.2,0.5,1.1,2.4,8.5,17.0,,114.1,106.7
4,4,31,583,13.8,.591,.585,.031,.169,158,8.8,18.3,13.8,3.9,0.5,2.2,14.1,14.6,,1.0,0.4,1.4,.099,,-1.2,-1.5,-2.7
5,0,3,4,0,0,,0,0,,0,0,,0,0,,0,0,0,1,0,0,0,2,0
5,1,3,1.3,0.0,0.0,,0.0,0.0,,0.0,0.0,,0.0,0.0,,0.0,0.3,0.0,0.0,0.0,0.7,0.0
5,2,3,4,0.0,0.0,,0.0,0.0,,0.0,0.0,,0.0,0.0,,0.0,10.0,0.0,0.0,0.0,20.0,0.0
5,3,3,4,0.0,0.0,,0.0,0.0,,0.0,0.0,,0.0,0.0,,0.0,14.9,0.0,0.0,0.0,29.9,0.0,,226.7,114.4
5,4,3,4,1.5,,,,,1,0.0,0.0,0.0,38.3,0.0,0.0,,0.0,,0.0,0.0,0.0,.099,,-5.4,-11.4,-16.8
6,0,30,989,97,210,.462,60,109,.550,37,101,.366,48,61,.787,38,119,157,105,34,1,53,60,279
6,1,30,33.0,3.2,7.0,.462,2.0,3.6,.550,1.2,3.4,.366,1.6,2.0,.787,5.2,3.5,1.1,0.0,1.8,2.0,9.3
6,2,30,989,3.9,8.5,.462,2.4,4.4,.550,1.5,4.1,.366,1.9,2.5,.787,6.3,4.2,1.4,0.0,2.1,2.4,11.3
6,3,30,989,5.9,12.7,.462,3.6,6.6,.550,2.2,6.1,.366,2.9,3.7,.787,9.5,6.3,2.1,0.1,3.2,3.6,16.8,,116.6,106.4
6,4,30,989,16.2,.584,.550,.481,.290,309,4.8,14.0,9.6,19.2,2.1,0.1,18.2,15.4,,2.2,0.7,2.9,.117,,2.8,-0.3,2.5
7,0,10,9,1,2,.500,1,1,1.000,0,1,.000,0,0,,0,2,2,0,0,0,0,0,2
7,1,10,0.9,0.1,0.2,.500,0.1,0.1,1.000,0.0,0.1,.000,0.0,0.0,,0.2,0.0,0.0,0.0,0.0,0.0,0.2
7,2,10,9,4.4,8.9,.500,4.4,4.4,1.000,0.0,4.4,.000,0.0,0.0,,8.9,0.0,0.0,0.0,0.0,0.0,8.9
7,3,10,9,6.6,13.3,.500,6.6,6.6,1.000,0.0,6.6,.000,0.0,0.0,,13.3,0.0,0.0,0.0,0.0,0.0,13.3,,105.9,106.8
7,4,10,9,10.9,.500,.500,.500,.000,2,0.0,25.8,13.4,0.0,0.0,0.0,0.0,11.6,,0.0,0.0,0.0,.060,,-5.1,-6.6,-11.7
8,0,31,387,8,29,.276,7,23,.304,1,6,.167,14,17,.824,8,25,33,40,17,0,28,33,31
8,1,31,12.5,0.3,0.9,.276,0.2,0.7,.304,0.0,0.2,.167,0.5,0.5,.824,1.1,1.3,0.5,0.0,0.9,1.1,1.0
8,2,31,387,0.8,3.0,.276,0.7,2.4,.304,0.1,0.6,.167,1.4,1.8,.824,3.4,4.1,1.8,0.0,2.9,3.4,3.2
8,3,31,387,1.2,4.5,.276,1.1,3.5,.304,0.2,0.9,.167,2.2,2.6,.824,5.1,6.2,2.6,0.0,4.3,5.1,4.8,,81.7,107.7
8,4,31,387,5.0,.418,.293,.207,.586,55,2.6,7.5,5.2,16.4,2.6,0.0,43.0,8.8,,-0.1,0.2,0.1,.010,,-4.0,-0.2,-4.2
9,0,26,127,10,22,.455,9,19,.474,1,3,.333,2,3,.667,5,17,22,2,2,4,4,16,23
9,1,26,4.9,0.4,0.8,.455,0.3,0.7,.474,0.0,0.1,.333,0.1,0.1,.667,0.8,0.1,0.1,0.2,0.2,0.6,0.9
9,2,26,127,3.1,6.9,.455,2.8,6.0,.474,0.3,0.9,.333,0.6,0.9,.667,6.9,0.6,0.6,1.3,1.3,5.0,7.2
9,3,26,127,4.7,10.3,.455,4.2,8.9,.474,0.5,1.4,.333,0.9,1.4,.667,10.3,0.9,0.9,1.9,1.9,7.5,10.8,,98.1,106.1
9,4,26,127,8.3,.491,.477,.136,.136,22,5.0,15.6,10.5,2.7,0.9,3.6,14.6,11.2,,0.1,0.1,0.2,.050,,-4.0,-0.5,-4.6
10,0,31,779,78,177,.441,52,92,.565,26,85,.306,76,97,.784,33,83,116,42,23,6,31,102,258
10,1,31,25.1,2.5,5.7,.441,1.7,3.0,.565,0.8,2.7,.306,2.5,3.1,.784,3.7,1.4,0.7,0.2,1.0,3.3,8.3
10,2,31,779,4.0,9.1,.441,2.7,4.7,.565,1.3,4.4,.306,3.9,5.0,.784,6.0,2.2,1.2,0.3,1.6,5.2,13.2
10,3,31,779,6.0,13.6,.441,4.0,7.1,.565,2.0,6.5,.306,5.8,7.4,.784,8.9,3.2,1.8,0.5,2.4,7.8,19.8,,119.5,107.0
10,4,31,779,15.4,.578,.514,.480,.548,256,5.3,12.4,9.0,9.8,1.8,0.9,12.2,17.0,,2.0,0.5,2.5,.127,,2.3,-1.2,1.1
11,0,21,63,10,23,.435,6,11,.545,4,12,.333,4,6,.667,2,6,8,3,2,0,1,5,28
11,1,21,3.0,0.5,1.1,.435,0.3,0.5,.545,0.2,0.6,.333,0.2,0.3,.667,0.4,0.1,0.1,0.0,0.0,0.2,1.3
11,2,21,63,6.3,14.6,.435,3.8,7.0,.545,2.5,7.6,.333,2.5,3.8,.667,5.1,1.9,1.3,0.0,0.6,3.2,17.8
11,3,21,63,9.5,21.8,.435,5.7,10.4,.545,3.8,11.4,.333,3.8,5.7,.667,7.6,2.8,1.9,0.0,0.9,4.7,26.5,,118.9,107.9
11,4,21,63,19.1,.542,.522,.522,.261,25,4.0,11.1,7.7,9.6,1.9,0.0,3.7,22.2,,0.2,0.0,0.2,.141,,2.3,-4.4,-2.1
12,0,9,53,7,9,.778,7,9,.778,0,0,,1,6,.167,8,6,14,1,1,0,2,18,15
12,1,9,5.9,0.8,1.0,.778,0.8,1.0,.778,0.0,0.0,,0.1,0.7,.167,1.6,0.1,0.1,0.0,0.2,2.0,1.7
12,2,9,53,5.3,6.8,.778,5.3,6.8,.778,0.0,0.0,,0.8,4.5,.167,10.6,0.8,0.8,0.0,1.5,13.6,11.3
12,3,9,53,7.9,10.1,.778,7.9,10.1,.778,0.0,0.0,,1.1,6.8,.167,15.8,1.1,1.1,0.0,2.3,20.3,16.9,,123.2,107.4
12,4,9,53,13.2,.633,.778,.000,.667,16,19.0,13.2,16.0,3.6,1.1,0.0,14.4,13.6,,0.1,0.0,0.2,.124,,1.9,-3.3,-1.4
13,0,5,9,1,5,.200,1,5,.200,0,0,,0,1,.000,1,0,1,0,0,0,1,2,2
13,1,5,1.8,0.2,1.0,.200,0.2,1.0,.200,0.0,0.0,,0.0,0.2,.000,0.2,0.0,0.0,0.0,0.2,0.4,0.4
13,2,5,9,4.4,22.2,.200,4.4,22.2,.200,0.0,0.0,,0.0,4.4,.000,4.4,0.0,0.0,0.0,4.4,8.9,8.9
13,3,5,9,6.6,33.2,.200,6.6,33.2,.200,0.0,0.0,,0.0,6.6,.000,6.6,0.0,0.0,0.0,6.6,13.3,13.3,,44.7,115.9
13,4,5,9,-16.4,.183,.200,.000,.200,2,14.0,0.0,6.7,0.0,0.0,0.0,15.4,37.5,,-0.1,0.0,-0.1,-.308,,-22.4,-11.4,-33.8
14,0,31,1031,193,429,.450,98,196,.500,95,233,.408,67,79,.848,18,70,88,49,16,5,69,58,548
14,1,31,33.3,6.2,13.8,.450,3.2,6.3,.500,3.1,7.5,.408,2.2,2.5,.848,2.8,1.6,0.5,0.2,2.2,1.9,17.7
14,2,31,1031,7.5,16.6,.450,3.8,7.6,.500,3.7,9.0,.408,2.6,3.1,.848,3.4,1.9,0.6,0.2,2.7,2.3,21.3
14,3,31,1031,11.2,24.9,.450,5.7,11.4,.500,5.5,13.5,.408,3.9,4.6,.848,5.1,2.8,0.9,0.3,4.0,3.4,31.7,,110.5,111.2
14,4,31,1031,18.8,.587,.561,.543,.184,465,2.2,7.9,5.2,10.2,0.9,0.6,12.9,27.0,,2.7,0.3,3.0,.116,,3.0,-4.3,-1.3
