0,0,34,1084,154,330,.467,101,196,.515,53,134,.396,59,77,.766,35,100,135,68,21,2,33,48,420
0,1,34,31.9,4.5,9.7,.467,3.0,5.8,.515,1.6,3.9,.396,1.7,2.3,.766,4.0,2.0,0.6,0.1,1.0,1.4,12.4
0,2,34,1084,5.7,12.2,.467,3.7,7.2,.515,2.0,4.9,.396,2.2,2.8,.766,5.0,2.5,0.8,0.1,1.2,1.8,15.5
0,3,34,1084,9.1,19.4,.467,6.0,11.6,.515,3.1,7.9,.396,3.5,4.5,.766,8.0,4.0,1.2,0.1,1.9,2.8,24.8,,119.0,97.3
0,4,34,1084,19.2,.573,.547,.406,.233,389,4.2,10.3,7.5,13.7,1.2,0.2,8.3,20.6,,3.1,1.7,4.9,.180,,4.5,0.2,4.7
1,0,3,7,0,0,,0,0,,0,0,,0,2,.000,2,0,2,0,0,0,0,0,0
1,1,3,2.3,0.0,0.0,,0.0,0.0,,0.0,0.0,,0.0,0.7,.000,0.7,0.0,0.0,0.0,0.0,0.0,0.0
1,2,3,7,0.0,0.0,,0.0,0.0,,0.0,0.0,,0.0,11.4,.000,11.4,0.0,0.0,0.0,0.0,0.0,0.0
1,3,3,7,0.0,0.0,,0.0,0.0,,0.0,0.0,,0.0,18.3,.000,18.3,0.0,0.0,0.0,0.0,0.0,0.0,,90.6,105.0
1,4,3,7,6.4,.000,,,,1,37.0,0.0,17.1,0.0,0.0,0.0,0.0,7.6,,0.0,0.0,0.0,.039,,-1.9,-3.7,-5.6
2,0,22,164,13,32,.406,7,21,.333,6,11,.545,5,6,.833,3,19,22,10,1,0,7,9,37
2,1,22,7.5,0.6,1.5,.406,0.3,1.0,.333,0.3,0.5,.545,0.2,0.3,.833,1.0,0.5,0.0,0.0,0.3,0.4,1.7
2,2,22,164,3.2,7.8,.406,1.7,5.1,.333,1.5,2.7,.545,1.2,1.5,.833,5.4,2.4,0.2,0.0,1.7,2.2,9.0
2,3,22,164,5.1,12.5,.406,2.7,8.2,.333,2.3,4.3,.545,1.9,2.3,.833,8.6,3.9,0.4,0.0,2.7,3.5,14.4,,103.1,98.1
2,4,22,164,10.1,.531,.500,.344,.188,37,2.4,12.9,8.0,11.7,0.4,0.0,16.7,14.2,,0.2,0.2,0.4,.101,,-1.7,-0.3,-2.0
3,0,33,285,25,60,.417,25,60,.417,0,0,,23,31,.742,14,38,52,6,0,5,10,31,73
3,1,33,8.6,0.8,1.8,.417,0.8,1.8,.417,0.0,0.0,,0.7,0.9,.742,1.6,0.2,0.0,0.2,0.3,0.9,2.2
3,2,33,285,3.5,8.4,.417,3.5,8.4,.417,0.0,0.0,,3.2,4.4,.742,7.3,0.8,0.0,0.7,1.4,4.4,10.2
3,3,33,285,5.6,13.4,.417,5.6,13.4,.417,0.0,0.0,,5.2,6.9,.742,11.7,1.3,0.0,1.1,2.2,6.9,16.4,,102.7,96.6
3,4,33,285,10.7,.488,.417,.000,.517,73,6.4,14.8,10.9,4.1,0.0,1.9,11.8,16.6,,0.3,0.5,0.8,.111,,-3.7,-0.2,-3.9
4,0,33,529,28,98,.286,16,38,.421,12,60,.200,21,31,.677,3,36,39,31,12,0,24,51,89
4,1,33,16.0,0.8,3.0,.286,0.5,1.2,.421,0.4,1.8,.200,0.6,0.9,.677,1.2,0.9,0.4,0.0,0.7,1.5,2.7
4,2,33,529,2.1,7.4,.286,1.2,2.9,.421,0.9,4.5,.200,1.6,2.3,.677,2.9,2.3,0.9,0.0,1.8,3.9,6.7
4,3,33,529,3.4,11.8,.286,1.9,4.6,.421,1.4,7.2,.200,2.5,3.7,.677,4.7,3.7,1.4,0.0,2.9,6.2,10.7,,81.2,97.9
4,4,33,529,4.1,.395,.347,.612,.316,93,0.7,7.6,4.4,10.7,1.4,0.0,17.6,14.4,,-0.3,0.8,0.5,.042,,-3.2,0.3,-2.9
5,0,11,47,7,13,.538,6,9,.667,1,4,.250,5,6,.833,1,8,9,1,1,2,2,4,20
5,1,11,4.3,0.6,1.2,.538,0.5,0.8,.667,0.1,0.4,.250,0.5,0.5,.833,0.8,0.1,0.1,0.2,0.2,0.4,1.8
5,2,11,47,6.0,11.1,.538,5.1,7.7,.667,0.9,3.4,.250,4.3,5.1,.833,7.7,0.9,0.9,1.7,1.7,3.4,17.0
5,3,11,47,9.5,17.7,.538,8.2,12.2,.667,1.4,5.4,.250,6.8,8.2,.833,12.2,1.4,1.4,2.7,2.7,5.4,27.2,,119.5,90.1
5,4,11,47,22.5,.631,.577,.308,.462,17,2.8,18.9,11.5,4.7,1.4,4.5,11.2,21.2,,0.1,0.1,0.2,.207,,0.6,1.2,1.8
6,0,34,635,34,81,.420,29,64,.453,5,17,.294,23,45,.511,3,71,74,48,13,4,43,59,96
6,1,34,18.7,1.0,2.4,.420,0.9,1.9,.453,0.1,0.5,.294,0.7,1.3,.511,2.2,1.4,0.4,0.1,1.3,1.7,2.8
6,2,34,635,2.1,5.1,.420,1.8,4.0,.453,0.3,1.1,.294,1.4,2.8,.511,4.7,3.0,0.8,0.3,2.7,3.7,6.0
6,3,34,635,3.4,8.1,.420,2.9,6.4,.453,0.5,1.7,.294,2.3,4.5,.511,7.4,4.8,1.3,0.4,4.3,5.9,9.7,,80.6,95.6
6,4,34,635,5.7,.469,.451,.210,.556,106,0.6,12.4,7.0,13.8,1.3,0.7,29.6,12.8,,-0.3,1.1,0.8,.050,,-4.1,2.2,-1.9
7,0,29,244,26,61,.426,26,61,.426,0,0,,8,16,.500,19,28,47,7,4,7,9,32,60
7,1,29,8.4,0.9,2.1,.426,0.9,2.1,.426,0.0,0.0,,0.3,0.6,.500,1.6,0.2,0.1,0.2,0.3,1.1,2.1
7,2,29,244,4.3,10.0,.426,4.3,10.0,.426,0.0,0.0,,1.3,2.6,.500,7.7,1.1,0.7,1.1,1.5,5.2,9.8
7,3,29,244,6.8,16.0,.426,6.8,16.0,.426,0.0,0.0,,2.1,4.2,.500,12.3,1.8,1.0,1.8,2.4,8.4,15.7,,95.9,94.3
7,4,29,244,11.1,.437,.426,.000,.262,64,10.1,12.8,11.5,5.8,1.0,3.0,11.6,17.8,,0.2,0.5,0.6,.101,,-3.5,1.4,-2.1
8,0,34,1105,108,272,.397,35,88,.398,73,184,.397,87,106,.821,8,83,91,79,12,3,37,53,376
8,1,34,32.5,3.2,8.0,.397,1.0,2.6,.398,2.1,5.4,.397,2.6,3.1,.821,2.7,2.3,0.4,0.1,1.1,1.6,11.1
8,2,34,1105,3.9,9.8,.397,1.3,3.2,.398,2.6,6.7,.397,3.1,3.8,.821,3.3,2.9,0.4,0.1,1.3,1.9,13.6
8,3,34,1105,6.2,15.7,.397,2.0,5.1,.398,4.2,10.6,.397,5.0,6.1,.821,5.3,4.6,0.7,0.2,2.1,3.1,21.7,,119.2,99.3
8,4,34,1105,15.6,.583,.531,.676,.390,350,0.9,8.4,4.9,14.2,0.7,0.3,10.3,18.2,,2.8,1.6,4.4,.159,,4.2,-0.5,3.6
9,0,34,543,33,75,.440,30,66,.455,3,9,.333,14,29,.483,5,65,70,73,15,6,39,48,83
9,1,34,16.0,1.0,2.2,.440,0.9,1.9,.455,0.1,0.3,.333,0.4,0.9,.483,2.1,2.1,0.4,0.2,1.1,1.4,2.4
9,2,34,543,2.4,5.5,.440,2.2,4.9,.455,0.2,0.7,.333,1.0,2.1,.483,5.2,5.4,1.1,0.4,2.9,3.5,6.1
9,3,34,543,3.9,8.8,.440,3.5,7.8,.455,0.4,1.1,.333,1.6,3.4,.483,8.2,8.6,1.8,0.7,4.6,5.6,9.8,,88.2,93.9
9,4,34,543,9.2,.467,.460,.120,.387,109,1.2,13.3,7.7,24.9,1.8,1.2,30.5,13.1,,0.0,1.0,1.0,.076,,-3.4,2.4,-1.1
10,0,4,7,2,6,.333,2,6,.333,0,0,,0,2,.000,2,2,4,1,0,0,0,1,4
10,1,4,1.8,0.5,1.5,.333,0.5,1.5,.333,0.0,0.0,,0.0,0.5,.000,1.0,0.3,0.0,0.0,0.0,0.3,1.0
10,2,4,7,11.4,34.3,.333,11.4,34.3,.333,0.0,0.0,,0.0,11.4,.000,22.9,5.7,0.0,0.0,0.0,5.7,22.9
10,3,4,7,18.3,54.8,.333,18.3,54.8,.333,0.0,0.0,,0.0,18.3,.000,36.5,9.1,0.0,0.0,0.0,9.1,36.5,,84.0,90.0
10,4,4,7,21.2,.288,.333,.000,.333,5,37.0,31.8,34.2,45.2,0.0,0.0,0.0,55.4,,0.0,0.0,0.0,.043,,5.1,4.8,9.9
11,0,34,1079,227,446,.509,223,430,.519,4,16,.250,179,227,.789,98,280,378,78,17,80,58,74,637
11,1,34,31.7,6.7,13.1,.509,6.6,12.6,.519,0.1,0.5,.250,5.3,6.7,.789,11.1,2.3,0.5,2.4,1.7,2.2,18.7
11,2,34,1079,8.4,16.5,.509,8.3,15.9,.519,0.1,0.6,.250,6.6,8.4,.789,14.0,2.9,0.6,3.0,2.2,2.7,23.6
11,3,34,1079,13.4,26.4,.509,13.2,25.5,.519,0.2,0.9,.250,10.6,13.4,.789,22.4,4.6,1.0,4.7,3.4,4.4,37.7,,121.0,84.4
11,4,34,1079,35.7,.575,.513,.036,.509,624,11.8,28.9,21.0,18.5,1.0,7.8,9.5,31.6,,5.3,3.1,8.3,.309,,5.7,6.0,11.7
12,0,13,58,2,7,.286,2,6,.333,0,1,.000,8,11,.727,3,4,7,2,1,2,7,7,12
12,1,13,4.5,0.2,0.5,.286,0.2,0.5,.333,0.0,0.1,.000,0.6,0.8,.727,0.5,0.2,0.1,0.2,0.5,0.5,0.9
12,2,13,58,1.4,4.8,.286,1.4,4.1,.333,0.0,0.7,.000,5.5,7.6,.727,4.8,1.4,0.7,1.4,4.8,4.8,8.3
12,3,13,58,2.2,7.7,.286,2.2,6.6,.333,0.0,1.1,.000,8.8,12.1,.727,7.7,2.2,1.1,2.2,7.7,7.7,13.2,,77.6,96.1
12,4,13,58,4.7,.491,.286,.143,1.571,14,6.7,7.7,7.2,6.1,1.1,3.6,36.4,18.5,,-0.1,0.1,0.0,.027,,-6.6,2.0,-4.5
13,0,7,29,4,13,.308,4,13,.308,0,0,,3,5,.600,5,6,11,0,0,2,2,2,11
13,1,7,4.1,0.6,1.9,.308,0.6,1.9,.308,0.0,0.0,,0.4,0.7,.600,1.6,0.0,0.0,0.3,0.3,0.3,1.6
13,2,7,29,5.5,17.9,.308,5.5,17.9,.308,0.0,0.0,,4.1,6.9,.600,15.2,0.0,0.0,2.8,2.8,2.8,15.2
13,3,7,29,8.8,28.6,.308,8.8,28.6,.308,0.0,0.0,,6.6,11.0,.600,24.2,0.0,0.0,4.4,4.4,4.4,24.2,,84.0,89.6
13,4,7,29,15.1,.358,.308,.000,.385,12,22.3,23.0,22.7,0.0,0.0,7.3,11.5,33.4,,0.0,0.1,0.0,.065,,-11.5,-5.5,-17.0
14,0,34,984,155,313,.495,155,311,.498,0,2,.000,49,58,.845,72,129,201,51,21,26,44,79,359
14,1,34,28.9,4.6,9.2,.495,4.6,9.1,.498,0.0,0.1,.000,1.4,1.7,.845,5.9,1.5,0.6,0.8,1.3,2.3,10.6
14,2,34,984,6.3,12.7,.495,6.3,12.6,.498,0.0,0.1,.000,2.0,2.4,.845,8.2,2.1,0.9,1.1,1.8,3.2,14.6
14,3,34,984,10.1,20.3,.495,10.1,20.2,.498,0.0,0.1,.000,3.2,3.8,.845,13.0,3.3,1.4,1.7,2.9,5.1,23.3,,109.4,93.2
14,4,34,984,19.5,.527,.495,.006,.185,359,9.5,14.6,12.2,11.7,1.4,2.8,11.4,21.8,,2.2,2.0,4.1,.167,,0.8,2.8,3.6
