0,0,19,66,9,13,.692,9,13,.692,0,0,,10,15,.667,3,9,12,0,2,0,5,12,28
0,1,19,3.5,0.5,0.7,.692,0.5,0.7,.692,0.0,0.0,,0.5,0.8,.667,0.6,0.0,0.1,0.0,0.3,0.6,1.5
0,2,19,66,5.5,7.9,.692,5.5,7.9,.692,0.0,0.0,,6.1,9.1,.667,7.3,0.0,1.2,0.0,3.0,7.3,17.0
0,3,19,66,8.5,12.3,.692,8.5,12.3,.692,0.0,0.0,,9.5,14.2,.667,11.4,0.0,1.9,0.0,4.7,11.4,26.5,,115.2,96.7
0,4,19,66,17.8,.696,.692,.000,1.154,23,6.1,15.9,11.3,0.0,1.9,0.0,19.9,20.9,,0.2,0.1,0.3,.167,,-1.9,-4.6,-6.4
1,0,35,1102,132,298,.443,73,172,.424,59,126,.468,67,81,.827,11,80,91,63,24,3,35,48,390
1,1,35,31.5,3.8,8.5,.443,2.1,4.9,.424,1.7,3.6,.468,1.9,2.3,.827,2.6,1.8,0.7,0.1,1.0,1.4,11.1
1,2,35,1102,4.8,10.8,.443,2.6,6.2,.424,2.1,4.6,.468,2.4,2.9,.827,3.3,2.3,0.9,0.1,1.3,1.7,14.2
1,3,35,1102,7.5,16.9,.443,4.1,9.8,.424,3.3,7.1,.468,3.8,4.6,.827,5.2,3.6,1.4,0.2,2.0,2.7,22.1,,118.1,101.3
1,4,35,1102,16.1,.580,.542,.423,.272,352,1.3,8.5,5.1,12.0,1.4,0.3,9.4,18.5,,2.7,1.4,4.1,.147,,3.0,-1.1,1.9
2,0,29,225,30,61,.492,13,28,.464,17,33,.515,12,14,.857,5,24,29,8,3,0,8,24,89
2,1,29,7.8,1.0,2.1,.492,0.4,1.0,.464,0.6,1.1,.515,0.4,0.5,.857,1.0,0.3,0.1,0.0,0.3,0.8,3.1
2,2,29,225,5.3,10.8,.492,2.3,5.0,.464,3.0,5.9,.515,2.1,2.5,.857,5.2,1.4,0.5,0.0,1.4,4.3,15.8
2,3,29,225,8.3,17.0,.492,3.6,7.8,.464,4.7,9.2,.515,3.3,3.9,.857,8.1,2.2,0.8,0.0,2.2,6.7,24.7,,125.4,100.8
2,4,29,225,17.4,.658,.631,.541,.230,74,3.0,12.4,8.0,7.7,0.8,0.0,10.6,18.4,,0.7,0.3,1.0,.170,,3.3,-2.8,0.5
3,0,35,966,78,214,.364,53,133,.398,25,81,.309,56,73,.767,25,102,127,87,19,10,72,77,237
3,1,35,27.6,2.2,6.1,.364,1.5,3.8,.398,0.7,2.3,.309,1.6,2.1,.767,3.6,2.5,0.5,0.3,2.1,2.2,6.8
3,2,35,966,3.2,8.9,.364,2.2,5.5,.398,1.0,3.4,.309,2.3,3.0,.767,5.3,3.6,0.8,0.4,3.0,3.2,9.8
3,3,35,966,5.0,13.9,.364,3.4,8.6,.398,1.6,5.2,.309,3.6,4.7,.767,8.2,5.6,1.2,0.6,4.7,5.0,15.3,,92.6,99.3
3,4,35,966,9.7,.477,.423,.379,.341,263,3.5,12.3,8.2,17.4,1.2,1.2,22.5,18.2,,0.3,1.4,1.7,.071,,-1.6,0.5,-1.1
4,0,35,412,50,79,.633,50,79,.633,0,0,,38,48,.792,40,79,119,12,3,7,31,43,138
4,1,35,11.8,1.4,2.3,.633,1.4,2.3,.633,0.0,0.0,,1.1,1.4,.792,3.4,0.3,0.1,0.2,0.9,1.2,3.9
4,2,35,412,4.9,7.7,.633,4.9,7.7,.633,0.0,0.0,,3.7,4.7,.792,11.6,1.2,0.3,0.7,3.0,4.2,13.4
4,3,35,412,7.6,12.0,.633,7.6,12.0,.633,0.0,0.0,,5.8,7.3,.792,18.1,1.8,0.5,1.1,4.7,6.5,20.9,,116.9,96.7
4,4,35,412,18.8,.678,.633,.000,.608,139,13.0,22.4,18.0,6.1,0.5,2.0,23.3,17.7,,1.0,0.7,1.7,.167,,0.4,-0.3,0.1
5,0,33,546,25,63,.397,21,48,.438,4,15,.267,19,27,.704,4,60,64,59,21,1,33,60,73
5,1,33,16.5,0.8,1.9,.397,0.6,1.5,.438,0.1,0.5,.267,0.6,0.8,.704,1.9,1.8,0.6,0.0,1.0,1.8,2.2
5,2,33,546,1.8,4.6,.397,1.5,3.5,.438,0.3,1.1,.267,1.4,2.0,.704,4.7,4.3,1.5,0.1,2.4,4.4,5.3
5,3,33,546,2.9,7.2,.397,2.4,5.5,.438,0.5,1.7,.267,2.2,3.1,.704,7.3,6.8,2.4,0.1,3.8,6.9,8.4,,91.9,97.0
5,4,33,546,7.9,.481,.429,.238,.429,96,1.0,12.8,7.3,19.6,2.4,0.2,30.3,10.9,,0.1,0.9,1.0,.074,,-2.4,1.3,-1.1
6,0,34,864,95,245,.388,11,38,.289,84,207,.406,42,56,.750,7,62,69,45,9,3,34,53,316
6,1,34,25.4,2.8,7.2,.388,0.3,1.1,.289,2.5,6.1,.406,1.2,1.6,.750,2.0,1.3,0.3,0.1,1.0,1.6,9.3
6,2,34,864,4.4,11.3,.388,0.5,1.8,.289,3.9,9.6,.406,1.9,2.6,.750,3.2,2.1,0.4,0.1,1.6,2.5,14.6
6,3,34,864,6.9,17.7,.388,0.8,2.7,.289,6.1,15.0,.406,3.0,4.1,.750,5.0,3.3,0.7,0.2,2.5,3.8,22.9,,114.0,102.8
6,4,34,864,14.2,.582,.559,.845,.229,276,1.1,8.4,5.0,10.7,0.7,0.4,11.1,19.4,,1.9,1.0,2.8,.131,,3.9,-2.6,1.3
7,0,35,579,31,88,.352,24,58,.414,7,30,.233,12,40,.300,6,79,85,80,28,6,47,65,81
7,1,35,16.5,0.9,2.5,.352,0.7,1.7,.414,0.2,0.9,.233,0.3,1.1,.300,2.4,2.3,0.8,0.2,1.3,1.9,2.3
7,2,35,579,2.1,6.1,.352,1.7,4.0,.414,0.5,2.1,.233,0.8,2.8,.300,5.9,5.5,1.9,0.4,3.2,4.5,5.6
7,3,35,579,3.3,9.5,.352,2.6,6.3,.414,0.8,3.2,.233,1.3,4.3,.300,9.2,8.6,3.0,0.6,5.1,7.0,8.7,,78.3,93.7
7,4,35,579,7.7,.379,.392,.341,.455,116,1.4,15.9,9.1,25.4,3.0,1.2,30.5,14.6,,-0.5,1.1,0.7,.046,,-3.9,2.4,-1.5
8,0,9,28,6,10,.600,5,8,.625,1,2,.500,7,7,1.000,2,6,8,1,0,0,2,4,20
8,1,9,3.1,0.7,1.1,.600,0.6,0.9,.625,0.1,0.2,.500,0.8,0.8,1.000,0.9,0.1,0.0,0.0,0.2,0.4,2.2
8,2,9,28,8.6,14.3,.600,7.1,11.4,.625,1.4,2.9,.500,10.0,10.0,1.000,11.4,1.4,0.0,0.0,2.9,5.7,28.6
8,3,9,28,13.4,22.3,.600,11.2,17.9,.625,2.2,4.5,.500,15.6,15.6,1.000,17.9,2.2,0.0,0.0,4.5,8.9,44.7,,140.1,97.7
8,4,9,28,35.8,.750,.650,.200,.700,17,9.5,25.0,17.8,9.3,0.0,0.0,13.1,30.0,,0.2,0.0,0.2,.337,,7.0,-4.4,2.6
9,0,8,22,2,3,.667,2,3,.667,0,0,,2,3,.667,1,6,7,0,0,1,4,4,6
9,1,8,2.8,0.3,0.4,.667,0.3,0.4,.667,0.0,0.0,,0.3,0.4,.667,0.9,0.0,0.0,0.1,0.5,0.5,0.8
9,2,8,22,3.6,5.5,.667,3.6,5.5,.667,0.0,0.0,,3.6,5.5,.667,12.7,0.0,0.0,1.8,7.3,7.3,10.9
9,3,8,22,5.7,8.5,.667,5.7,8.5,.667,0.0,0.0,,5.7,8.5,.667,19.9,0.0,0.0,2.8,11.4,11.4,17.1,,70.8,91.6
9,4,8,22,6.5,.678,.667,.000,1.000,5,6.1,31.8,19.8,0.0,0.0,5.4,47.5,21.0,,0.0,0.0,0.0,.011,,-11.7,-2.3,-14.1
10,0,35,1047,193,384,.503,186,364,.511,7,20,.350,203,238,.853,97,222,319,63,16,59,72,87,596
10,1,35,29.9,5.5,11.0,.503,5.3,10.4,.511,0.2,0.6,.350,5.8,6.8,.853,9.1,1.8,0.5,1.7,2.1,2.5,17.0
10,2,35,1047,7.4,14.7,.503,7.1,13.9,.511,0.3,0.8,.350,7.8,9.1,.853,12.2,2.4,0.6,2.3,2.8,3.3,22.8
10,3,35,1047,11.5,22.9,.503,11.1,21.7,.511,0.4,1.2,.350,12.1,14.2,.853,19.1,3.8,1.0,3.5,4.3,5.2,35.6,,121.9,91.8
10,4,35,1047,31.5,.600,.512,.052,.620,588,12.4,24.7,19.0,14.6,1.0,6.7,12.7,29.8,,4.9,2.3,7.1,.273,,4.4,3.2,7.6
11,0,19,140,18,37,.486,16,27,.593,2,10,.200,15,26,.577,6,17,23,6,1,4,16,19,53
11,1,19,7.4,0.9,1.9,.486,0.8,1.4,.593,0.1,0.5,.200,0.8,1.4,.577,1.2,0.3,0.1,0.2,0.8,1.0,2.8
11,2,19,140,5.1,10.6,.486,4.6,7.7,.593,0.6,2.9,.200,4.3,7.4,.577,6.6,1.7,0.3,1.1,4.6,5.4,15.1
11,3,19,140,8.0,16.5,.486,7.1,12.1,.593,0.9,4.5,.200,6.7,11.6,.577,10.3,2.7,0.4,1.8,7.1,8.5,23.7,,89.8,98.8
11,4,19,140,11.3,.537,.514,.270,.703,50,5.7,14.2,10.2,9.1,0.4,3.4,24.5,25.6,,0.0,0.2,0.2,.064,,-4.0,-1.1,-5.1
12,0,11,54,4,9,.444,4,9,.444,0,0,,2,4,.500,4,8,12,1,2,2,6,13,10
12,1,11,4.9,0.4,0.8,.444,0.4,0.8,.444,0.0,0.0,,0.2,0.4,.500,1.1,0.1,0.2,0.2,0.5,1.2,0.9
12,2,11,54,3.0,6.7,.444,3.0,6.7,.444,0.0,0.0,,1.5,3.0,.500,8.9,0.7,1.5,1.5,4.4,9.6,7.4
12,3,11,54,4.6,10.4,.444,4.6,10.4,.444,0.0,0.0,,2.3,4.6,.500,13.9,1.2,2.3,2.3,6.9,15.1,11.6,,72.5,92.2
12,4,11,54,4.7,.459,.444,.000,.444,11,9.9,17.3,13.8,3.5,2.3,4.4,35.5,17.1,,-0.1,0.1,0.0,.028,,-7.0,2.5,-4.5
13,0,35,949,163,309,.528,163,307,.531,0,2,.000,47,55,.855,64,106,170,53,24,16,42,86,373
13,1,35,27.1,4.7,8.8,.528,4.7,8.8,.531,0.0,0.1,.000,1.3,1.6,.855,4.9,1.5,0.7,0.5,1.2,2.5,10.7
13,2,35,949,6.9,13.0,.528,6.9,12.9,.531,0.0,0.1,.000,2.0,2.3,.855,7.2,2.2,1.0,0.7,1.8,3.6,15.7
13,3,35,949,10.7,20.4,.528,10.7,20.2,.531,0.0,0.1,.000,3.1,3.6,.855,11.2,3.5,1.6,1.1,2.8,5.7,24.6,,114.3,97.7
13,4,35,949,20.1,.557,.528,.006,.178,363,9.0,13.0,11.2,13.1,1.6,2.0,11.1,21.8,,2.5,1.5,4.0,.168,,1.9,0.9,2.8
