0,0,20,95,15,30,.500,15,30,.500,0,0,,12,14,.857,6,21,27,1,1,3,6,11,42
0,1,20,4.8,0.8,1.5,.500,0.8,1.5,.500,0.0,0.0,,0.6,0.7,.857,1.4,0.1,0.1,0.2,0.3,0.6,2.1
0,2,20,95,6.3,12.6,.500,6.3,12.6,.500,0.0,0.0,,5.1,5.9,.857,11.4,0.4,0.4,1.3,2.5,4.6,17.7
0,3,20,95,9.6,19.1,.500,9.6,19.1,.500,0.0,0.0,,7.6,8.9,.857,17.2,0.6,0.6,1.9,3.8,7.0,26.8,,107.5,93.8
0,4,20,95,19.8,.573,.500,.000,.467,38,8.0,24.4,16.8,2.4,0.6,3.6,14.1,24.2,,0.2,0.2,0.4,.160,,-4.5,-1.2,-5.7
1,0,34,777,90,203,.443,63,127,.496,27,76,.355,48,55,.873,21,48,69,48,26,2,37,45,255
1,1,34,22.9,2.6,6.0,.443,1.9,3.7,.496,0.8,2.2,.355,1.4,1.6,.873,2.0,1.4,0.8,0.1,1.1,1.3,7.5
1,2,34,777,4.6,10.5,.443,3.2,6.5,.496,1.4,3.9,.355,2.5,2.8,.873,3.6,2.5,1.3,0.1,1.9,2.3,13.1
1,3,34,777,7.0,15.8,.443,4.9,9.9,.496,2.1,5.9,.355,3.7,4.3,.873,5.4,3.7,2.0,0.2,2.9,3.5,19.9,,107.9,101.0
1,4,34,777,14.4,.556,.510,.374,.271,246,3.4,6.8,5.2,12.6,2.0,0.3,13.9,18.4,,1.2,1.0,2.3,.117,,0.7,0.3,1.0
2,0,34,695,97,233,.416,56,120,.467,41,113,.363,61,71,.859,37,91,128,21,9,7,27,77,296
2,1,34,20.4,2.9,6.9,.416,1.6,3.5,.467,1.2,3.3,.363,1.8,2.1,.859,3.8,0.6,0.3,0.2,0.8,2.3,8.7
2,2,34,695,5.6,13.4,.416,3.2,6.9,.467,2.4,6.5,.363,3.5,4.1,.859,7.4,1.2,0.5,0.4,1.6,4.4,17.0
2,3,34,695,8.5,20.3,.416,4.9,10.5,.467,3.6,9.8,.363,5.3,6.2,.859,11.2,1.8,0.8,0.6,2.4,6.7,25.8,,112.1,99.5
2,4,34,695,17.4,.555,.504,.485,.305,272,6.8,14.4,10.9,6.5,0.8,1.1,9.2,22.8,,1.6,1.0,2.7,.153,,1.6,-1.2,0.4
3,0,18,85,8,22,.364,5,10,.500,3,12,.250,8,8,1.000,1,10,11,1,1,0,5,6,27
3,1,18,4.7,0.4,1.2,.364,0.3,0.6,.500,0.2,0.7,.250,0.4,0.4,1.000,0.6,0.1,0.1,0.0,0.3,0.3,1.5
3,2,18,85,3.8,10.4,.364,2.4,4.7,.500,1.4,5.6,.250,3.8,3.8,1.000,5.2,0.5,0.5,0.0,2.4,2.8,12.7
3,3,18,85,5.7,15.7,.364,3.6,7.1,.500,2.1,8.5,.250,5.7,5.7,1.000,7.8,0.7,0.7,0.0,3.6,4.3,19.2,,94.2,101.1
3,4,18,85,9.2,.523,.432,.545,.364,24,1.5,13.0,7.6,2.3,0.7,0.0,16.2,19.5,,0.0,0.1,0.1,.069,,-3.8,-2.6,-6.5
4,0,34,943,82,211,.389,56,152,.368,26,59,.441,48,71,.676,33,101,134,86,21,12,75,90,238
4,1,34,27.7,2.4,6.2,.389,1.6,4.5,.368,0.8,1.7,.441,1.4,2.1,.676,3.9,2.5,0.6,0.4,2.2,2.6,7.0
4,2,34,943,3.5,9.0,.389,2.4,6.4,.368,1.1,2.5,.441,2.0,3.0,.676,5.7,3.6,0.9,0.5,3.2,3.8,10.1
4,3,34,943,5.3,13.6,.389,3.6,9.8,.368,1.7,3.8,.441,3.1,4.6,.676,8.6,5.5,1.3,0.8,4.8,5.8,15.3,,91.3,99.4
4,4,34,943,9.8,.486,.450,.280,.336,267,4.5,11.8,8.4,17.6,1.3,1.5,23.5,18.3,,0.2,1.4,1.6,.066,,-2.5,2.0,-0.5
5,0,32,198,3,19,.158,2,17,.118,1,2,.500,19,28,.679,3,18,21,19,5,1,21,27,26
5,1,32,6.2,0.1,0.6,.158,0.1,0.5,.118,0.0,0.1,.500,0.6,0.9,.679,0.7,0.6,0.2,0.0,0.7,0.8,0.8
5,2,32,198,0.6,3.8,.158,0.4,3.4,.118,0.2,0.4,.500,3.8,5.7,.679,4.2,3.8,1.0,0.2,4.2,5.5,5.3
5,3,32,198,0.9,5.8,.158,0.6,5.2,.118,0.3,0.6,.500,5.8,8.6,.679,6.4,5.8,1.5,0.3,6.4,8.3,8.0,,70.4,100.0
5,4,32,198,1.9,.402,.184,.105,1.474,36,1.9,10.0,6.3,16.2,1.5,0.6,39.4,14.5,,-0.3,0.3,0.0,-.001,,-7.8,1.2,-6.6
6,0,34,989,116,256,.453,17,39,.436,99,217,.456,67,82,.817,3,65,68,39,17,1,37,45,398
6,1,34,29.1,3.4,7.5,.453,0.5,1.1,.436,2.9,6.4,.456,2.0,2.4,.817,2.0,1.1,0.5,0.0,1.1,1.3,11.7
6,2,34,989,4.7,10.4,.453,0.7,1.6,.436,4.0,8.8,.456,2.7,3.3,.817,2.8,1.6,0.7,0.0,1.5,1.8,16.1
6,3,34,989,7.1,15.7,.453,1.0,2.4,.436,6.1,13.3,.456,4.1,5.0,.817,4.2,2.4,1.0,0.1,2.3,2.8,24.4,,123.4,103.2
6,4,34,989,16.9,.675,.646,.848,.320,327,0.4,7.2,4.1,8.1,1.0,0.1,11.1,18.1,,2.7,1.1,3.8,.152,,5.3,-1.3,4.0
7,0,29,208,21,45,.467,21,45,.467,0,0,,10,17,.588,4,35,39,5,2,1,15,36,52
7,1,29,7.2,0.7,1.6,.467,0.7,1.6,.467,0.0,0.0,,0.3,0.6,.588,1.3,0.2,0.1,0.0,0.5,1.2,1.8
7,2,29,208,4.0,8.7,.467,4.0,8.7,.467,0.0,0.0,,1.9,3.3,.588,7.5,1.0,0.4,0.2,2.9,6.9,10.0
7,3,29,208,6.1,13.1,.467,6.1,13.1,.467,0.0,0.0,,2.9,4.9,.588,11.4,1.5,0.6,0.3,4.4,10.5,15.1,,82.2,97.9
7,4,29,208,5.7,.490,.467,.000,.378,47,2.4,18.6,11.1,4.8,0.6,0.5,22.0,17.6,,-0.1,0.3,0.2,.041,,-7.2,-0.2,-7.4
8,0,14,27,2,4,.500,2,4,.500,0,0,,0,2,.000,2,4,6,0,1,1,3,3,4
8,1,14,1.9,0.1,0.3,.500,0.1,0.3,.500,0.0,0.0,,0.0,0.1,.000,0.4,0.0,0.1,0.1,0.2,0.2,0.3
8,2,14,27,3.0,5.9,.500,3.0,5.9,.500,0.0,0.0,,0.0,3.0,.000,8.9,0.0,1.5,1.5,4.4,4.4,5.9
8,3,14,27,4.5,9.0,.500,4.5,9.0,.500,0.0,0.0,,0.0,4.5,.000,13.5,0.0,2.2,2.2,6.7,6.7,9.0,,59.5,93.7
8,4,14,27,3.9,.404,.500,.000,.500,4,9.4,16.3,13.1,0.0,2.2,4.2,37.7,15.9,,-0.1,0.1,0.0,-.016,,-10.5,1.1,-9.4
9,0,34,944,187,362,.517,183,351,.521,4,11,.364,129,158,.816,57,191,248,47,14,67,58,90,507
9,1,34,27.8,5.5,10.6,.517,5.4,10.3,.521,0.1,0.3,.364,3.8,4.6,.816,7.3,1.4,0.4,2.0,1.7,2.6,14.9
9,2,34,944,7.9,15.3,.517,7.8,14.9,.521,0.2,0.5,.364,5.5,6.7,.816,10.5,2.0,0.6,2.8,2.5,3.8,21.5
9,3,34,944,12.0,23.2,.517,11.7,22.5,.521,0.3,0.7,.364,8.3,10.1,.816,15.9,3.0,0.9,4.3,3.7,5.8,32.5,,113.7,92.0
9,4,34,944,27.0,.580,.522,.030,.436,473,7.7,22.3,15.5,12.2,0.9,8.1,11.7,28.2,,3.0,2.1,5.0,.214,,0.8,4.6,5.4
10,0,34,1085,96,233,.412,64,142,.451,32,91,.352,57,75,.760,13,109,122,185,45,0,50,71,281
10,1,34,31.9,2.8,6.9,.412,1.9,4.2,.451,0.9,2.7,.352,1.7,2.2,.760,3.6,5.4,1.3,0.0,1.5,2.1,8.3
10,2,34,1085,3.5,8.6,.412,2.4,5.2,.451,1.2,3.4,.352,2.1,2.8,.760,4.5,6.8,1.7,0.0,1.8,2.6,10.4
10,3,34,1085,5.4,13.0,.412,3.6,7.9,.451,1.8,5.1,.352,3.2,4.2,.760,6.8,10.3,2.5,0.0,2.8,4.0,15.7,,113.8,98.0
10,4,34,1085,16.4,.523,.481,.391,.322,348,1.5,11.1,6.6,33.0,2.5,0.0,15.7,15.8,,2.2,1.8,4.0,.146,,1.8,1.1,2.8
11,0,11,50,1,3,.333,1,2,.500,0,1,.000,2,5,.400,4,10,14,2,0,2,3,15,4
11,1,11,4.5,0.1,0.3,.333,0.1,0.2,.500,0.0,0.1,.000,0.2,0.5,.400,1.3,0.2,0.0,0.2,0.3,1.4,0.4
11,2,11,50,0.8,2.4,.333,0.8,1.6,.500,0.0,0.8,.000,1.6,4.0,.400,11.2,1.6,0.0,1.6,2.4,12.0,3.2
11,3,11,50,1.2,3.6,.333,1.2,2.4,.500,0.0,1.2,.000,2.4,6.1,.400,17.0,2.4,0.0,2.4,3.6,18.2,4.8,,81.9,94.9
11,4,11,50,2.9,.372,.333,.333,1.667,7,10.2,22.1,16.5,6.8,0.0,4.6,35.8,9.0,,0.0,0.1,0.1,.061,,-5.5,3.6,-1.9
12,0,34,730,109,234,.466,108,231,.468,1,3,.333,38,47,.809,43,113,156,37,18,9,40,96,257
12,1,34,21.5,3.2,6.9,.466,3.2,6.8,.468,0.0,0.1,.333,1.1,1.4,.809,4.6,1.1,0.5,0.3,1.2,2.8,7.6
12,2,34,730,6.0,12.8,.466,5.9,12.7,.468,0.1,0.2,.333,2.1,2.6,.809,8.5,2.0,1.0,0.5,2.2,5.3,14.1
12,3,34,730,9.0,19.4,.466,9.0,19.2,.468,0.1,0.2,.333,3.2,3.9,.809,12.9,3.1,1.5,0.7,3.3,8.0,21.3,,100.0,96.4
12,4,34,730,14.9,.501,.468,.013,.201,256,7.5,17.1,12.6,11.1,1.5,1.4,13.5,21.9,,0.8,1.3,2.1,.115,,-2.5,1.5,-1.0
