0,0,31,819,67,167,.401,35,73,.479,32,94,.340,21,39,.538,50,113,163,55,18,6,40,58,187
0,1,31,26.4,2.2,5.4,.401,1.1,2.4,.479,1.0,3.0,.340,0.7,1.3,.538,5.3,1.8,0.6,0.2,1.3,1.9,6.0
0,2,31,819,3.3,8.2,.401,1.7,3.6,.479,1.6,4.6,.340,1.0,1.9,.538,8.0,2.7,0.9,0.3,2.0,2.8,9.1
0,3,31,819,4.8,11.9,.401,2.5,5.2,.479,2.3,6.7,.340,1.5,2.8,.538,11.6,3.9,1.3,0.4,2.8,4.1,13.3,,105.0,100.6
0,4,31,819,11.6,.504,.497,.563,.234,203,7.2,14.0,10.9,11.9,1.3,0.8,17.7,13.6,,0.9,1.1,2.0,.097,,0.7,0.5,1.2
1,0,22,123,16,29,.552,16,29,.552,0,0,,11,18,.611,12,11,23,5,1,8,11,17,43
1,1,22,5.6,0.7,1.3,.552,0.7,1.3,.552,0.0,0.0,,0.5,0.8,.611,1.0,0.2,0.0,0.4,0.5,0.8,2.0
1,2,22,123,5.2,9.4,.552,5.2,9.4,.552,0.0,0.0,,3.6,5.9,.611,7.5,1.6,0.3,2.6,3.6,5.5,14.0
1,3,22,123,7.6,13.7,.552,7.6,13.7,.552,0.0,0.0,,5.2,8.5,.611,10.9,2.4,0.5,3.8,5.2,8.1,20.4,,102.4,101.3
1,4,22,123,15.0,.573,.552,.000,.621,43,11.6,9.1,10.2,7.9,0.5,6.8,22.7,19.6,,0.2,0.2,0.3,.102,,-2.2,1.2,-1.0
2,0,31,960,126,307,.410,29,64,.453,97,243,.399,26,34,.765,10,75,85,37,14,0,38,32,375
2,1,31,31.0,4.1,9.9,.410,0.9,2.1,.453,3.1,7.8,.399,0.8,1.1,.765,2.7,1.2,0.5,0.0,1.2,1.0,12.1
2,2,31,960,5.3,12.8,.410,1.2,2.7,.453,4.0,10.1,.399,1.1,1.4,.765,3.5,1.5,0.6,0.0,1.6,1.3,15.6
2,3,31,960,7.6,18.6,.410,1.8,3.9,.453,5.9,14.7,.399,1.6,2.1,.765,5.2,2.2,0.8,0.0,2.3,1.9,22.8,,114.5,105.2
2,4,31,960,13.9,.580,.568,.792,.111,305,1.2,7.9,4.8,7.5,0.8,0.0,10.5,18.6,,1.9,0.9,2.8,.116,,3.2,-2.8,0.4
3,0,16,79,7,24,.292,7,24,.292,0,0,,10,23,.435,9,14,23,1,3,1,10,7,24
3,1,16,4.9,0.4,1.5,.292,0.4,1.5,.292,0.0,0.0,,0.6,1.4,.435,1.4,0.1,0.2,0.1,0.6,0.4,1.5
3,2,16,79,3.5,12.2,.292,3.5,12.2,.292,0.0,0.0,,5.1,11.6,.435,11.6,0.5,1.5,0.5,5.1,3.5,12.2
3,3,16,79,5.2,17.7,.292,5.2,17.7,.292,0.0,0.0,,7.4,17.0,.435,17.0,0.7,2.2,0.7,7.4,5.2,17.7,,69.3,96.1
3,4,16,79,5.2,.344,.292,.000,.958,26,13.5,18.0,15.9,2.3,2.2,1.3,22.3,28.2,,-0.2,0.1,-0.1,-.036,,-11.6,-2.9,-14.6
4,0,31,784,190,332,.572,190,331,.574,0,1,.000,76,136,.559,88,127,215,58,32,38,69,97,456
4,1,31,25.3,6.1,10.7,.572,6.1,10.7,.574,0.0,0.0,.000,2.5,4.4,.559,6.9,1.9,1.0,1.2,2.2,3.1,14.7
4,2,31,784,9.7,16.9,.572,9.7,16.9,.574,0.0,0.1,.000,3.9,6.9,.559,11.0,3.0,1.6,1.9,3.5,4.9,23.3
4,3,31,784,14.1,24.7,.572,14.1,24.6,.574,0.0,0.1,.000,5.6,10.1,.559,16.0,4.3,2.4,2.8,5.1,7.2,33.9,,111.4,94.3
4,4,31,784,27.8,.575,.572,.003,.410,424,13.3,16.4,15.0,18.3,2.4,5.0,14.8,29.4,,2.4,1.5,4.0,.202,,3.6,3.0,6.5
5,0,27,354,28,80,.350,11,31,.355,17,49,.347,12,16,.750,14,46,60,13,5,1,22,36,85
5,1,27,13.1,1.0,3.0,.350,0.4,1.1,.355,0.6,1.8,.347,0.4,0.6,.750,2.2,0.5,0.2,0.0,0.8,1.3,3.1
5,2,27,354,3.2,9.0,.350,1.2,3.5,.355,1.9,5.5,.347,1.4,1.8,.750,6.8,1.5,0.6,0.1,2.5,4.1,9.6
5,3,27,354,4.6,13.2,.350,1.8,5.1,.355,2.8,8.1,.347,2.0,2.6,.750,9.9,2.1,0.8,0.2,3.6,5.9,14.0,,92.8,102.1
5,4,27,354,7.2,.485,.456,.613,.200,82,4.7,13.2,9.3,6.5,0.8,0.3,20.1,15.3,,0.1,0.4,0.5,.058,,-2.3,-1.6,-4.0
6,0,31,899,45,146,.308,31,87,.356,14,59,.237,42,70,.600,24,109,133,183,46,16,85,67,146
6,1,31,29.0,1.5,4.7,.308,1.0,2.8,.356,0.5,1.9,.237,1.4,2.3,.600,4.3,5.9,1.5,0.5,2.7,2.2,4.7
6,2,31,899,2.0,6.5,.308,1.4,3.9,.356,0.6,2.6,.237,1.9,3.1,.600,5.9,8.1,2.0,0.7,3.8,3.0,6.5
6,3,31,899,2.9,9.5,.308,2.0,5.6,.356,0.9,3.8,.237,2.7,4.5,.600,8.6,11.9,3.0,1.0,5.5,4.3,9.5,,91.8,97.0
6,4,31,899,11.5,.407,.356,.404,.479,241,3.2,12.3,8.1,34.1,3.0,1.9,32.2,14.6,,0.2,1.5,1.7,.077,,-2.1,1.8,-0.2
7,0,17,85,13,32,.406,13,28,.464,0,4,.000,9,12,.750,5,11,16,9,4,1,13,5,35
7,1,17,5.0,0.8,1.9,.406,0.8,1.6,.464,0.0,0.2,.000,0.5,0.7,.750,0.9,0.5,0.2,0.1,0.8,0.3,2.1
7,2,17,85,6.1,15.1,.406,6.1,13.2,.464,0.0,1.9,.000,4.2,5.6,.750,7.5,4.2,1.9,0.5,6.1,2.4,16.5
7,3,17,85,8.9,21.9,.406,8.9,19.2,.464,0.0,2.7,.000,6.2,8.2,.750,11.0,6.2,2.7,0.7,8.9,3.4,24.0,,85.1,97.5
7,4,17,85,13.0,.464,.406,.125,.375,37,7.0,13.1,10.3,21.4,2.7,1.2,25.6,29.5,,0.0,0.1,0.1,.042,,-5.1,-0.2,-5.3
8,0,31,574,69,130,.531,69,124,.556,0,6,.000,81,122,.664,49,70,119,21,19,19,50,91,219
8,1,31,18.5,2.2,4.2,.531,2.2,4.0,.556,0.0,0.2,.000,2.6,3.9,.664,3.8,0.7,0.6,0.6,1.6,2.9,7.1
8,2,31,574,4.8,9.1,.531,4.8,8.6,.556,0.0,0.4,.000,5.6,8.5,.664,8.3,1.5,1.3,1.3,3.5,6.3,15.3
8,3,31,574,7.0,13.2,.531,7.0,12.6,.556,0.0,0.6,.000,8.2,12.4,.664,12.1,2.1,1.9,1.9,5.1,9.2,22.2,,106.4,98.1
8,4,31,574,16.3,.583,.531,.046,.938,214,10.1,12.4,11.3,6.9,1.9,3.4,21.0,20.5,,1.0,0.9,1.9,.133,,-0.7,1.0,0.3
9,0,7,10,0,1,.000,0,1,.000,0,0,,0,0,,0,1,1,1,0,0,0,0,0
9,1,7,1.4,0.0,0.1,.000,0.0,0.1,.000,0.0,0.0,,0.0,0.0,,0.1,0.1,0.0,0.0,0.0,0.0,0.0
9,2,7,10,0.0,4.0,.000,0.0,4.0,.000,0.0,0.0,,0.0,0.0,,4.0,4.0,0.0,0.0,0.0,0.0,0.0
9,3,7,10,0.0,5.8,.000,0.0,5.8,.000,0.0,0.0,,0.0,0.0,,5.8,5.8,0.0,0.0,0.0,0.0,0.0,,63.3,106.2
9,4,7,10,1.7,.000,.000,.000,.000,1,0.0,10.1,5.5,15.4,0.0,0.0,0.0,5.0,,0.0,0.0,0.0,.007,,-7.1,-1.0,-8.1
10,0,8,29,2,7,.286,1,3,.333,1,4,.250,0,2,.000,2,2,4,0,1,0,2,2,5
10,1,8,3.6,0.3,0.9,.286,0.1,0.4,.333,0.1,0.5,.250,0.0,0.3,.000,0.5,0.0,0.1,0.0,0.3,0.3,0.6
10,2,8,29,2.8,9.7,.286,1.4,4.1,.333,1.4,5.5,.250,0.0,2.8,.000,5.5,0.0,1.4,0.0,2.8,2.8,6.9
10,3,8,29,4.0,14.1,.286,2.0,6.0,.333,2.0,8.0,.250,0.0,4.0,.000,8.0,0.0,2.0,0.0,4.0,4.0,10.0,,63.2,102.9
10,4,8,29,1.0,.314,.357,.571,.286,5,8.2,7.0,7.5,0.0,2.0,0.0,20.1,17.0,,-0.1,0.0,0.0,-.037,,-7.0,-4.0,-11.0
11,0,30,573,54,138,.391,14,31,.452,40,107,.374,34,37,.919,2,51,53,56,12,0,38,49,182
11,1,30,19.1,1.8,4.6,.391,0.5,1.0,.452,1.3,3.6,.374,1.1,1.2,.919,1.8,1.9,0.4,0.0,1.3,1.6,6.1
11,2,30,573,3.8,9.6,.391,1.0,2.2,.452,2.8,7.5,.374,2.4,2.6,.919,3.7,3.9,0.8,0.0,2.7,3.4,12.7
11,3,30,573,5.5,14.0,.391,1.4,3.2,.452,4.1,10.9,.374,3.5,3.8,.919,5.4,5.7,1.2,0.0,3.9,5.0,18.5,,110.5,103.5
11,4,30,573,12.1,.585,.536,.775,.268,175,0.4,9.0,5.1,17.7,1.2,0.0,19.6,16.7,,1.0,0.6,1.6,.110,,1.4,-2.4,-1.0
12,0,31,937,189,341,.554,178,307,.580,11,34,.324,116,156,.744,66,167,233,72,19,67,80,88,505
12,1,31,30.2,6.1,11.0,.554,5.7,9.9,.580,0.4,1.1,.324,3.7,5.0,.744,7.5,2.3,0.6,2.2,2.6,2.8,16.3
12,2,31,937,8.1,14.6,.554,7.6,13.1,.580,0.5,1.5,.324,5.0,6.7,.744,9.9,3.1,0.8,2.9,3.4,3.8,21.6
12,3,31,937,11.8,21.2,.554,11.1,19.1,.580,0.7,2.1,.324,7.2,9.7,.744,14.5,4.5,1.2,4.2,5.0,5.5,31.4,,115.9,95.1
12,4,31,937,26.6,.608,.570,.100,.457,469,8.4,18.1,13.6,17.2,1.2,7.4,16.2,26.2,,3.1,1.7,4.9,.208,,3.2,3.7,6.9
