0,0,34,469,69,101,.683,69,101,.683,0,0,,54,78,.692,35,39,74,21,6,9,44,103,192
0,1,34,13.8,2.0,3.0,.683,2.0,3.0,.683,0.0,0.0,,1.6,2.3,.692,2.2,0.6,0.2,0.3,1.3,3.0,5.6
0,2,34,469,5.9,8.6,.683,5.9,8.6,.683,0.0,0.0,,4.6,6.7,.692,6.3,1.8,0.5,0.8,3.8,8.8,16.4
0,3,34,469,9.1,13.3,.683,9.1,13.3,.683,0.0,0.0,,7.1,10.2,.692,9.7,2.8,0.8,1.2,5.8,13.5,25.2,,112.9,107.4
0,4,34,469,16.3,.695,.683,.000,.772,172,9.4,9.5,9.4,10.4,0.8,2.0,24.2,20.4,,1.1,0.3,1.4,.121,,0.6,-2.2,-1.6
1,0,28,286,31,72,.431,31,72,.431,0,0,,29,60,.483,40,20,60,12,12,3,38,47,91
1,1,28,10.2,1.1,2.6,.431,1.1,2.6,.431,0.0,0.0,,1.0,2.1,.483,2.1,0.4,0.4,0.1,1.4,1.7,3.3
1,2,28,286,4.3,10.1,.431,4.3,10.1,.431,0.0,0.0,,4.1,8.4,.483,8.4,1.7,1.7,0.4,5.3,6.6,12.7
1,3,28,286,6.7,15.5,.431,6.7,15.5,.431,0.0,0.0,,6.2,12.9,.483,12.9,2.6,2.6,0.6,8.2,10.1,19.6,,82.8,104.9
1,4,28,286,9.3,.453,.431,.000,.833,101,17.7,8.0,12.6,8.9,2.6,1.1,27.4,25.4,,-0.2,0.2,0.0,.005,,-5.1,-1.6,-6.7
2,0,34,1019,240,431,.557,240,430,.558,0,1,.000,131,185,.708,110,157,267,69,45,89,99,101,611
2,1,34,30.0,7.1,12.7,.557,7.1,12.6,.558,0.0,0.0,.000,3.9,5.4,.708,7.9,2.0,1.3,2.6,2.9,3.0,18.0
2,2,34,1019,9.4,16.9,.557,9.4,16.9,.558,0.0,0.0,.000,5.1,7.3,.708,10.5,2.7,1.8,3.5,3.9,4.0,24.0
2,3,34,1019,14.5,26.1,.557,14.5,26.0,.558,0.0,0.1,.000,7.9,11.2,.708,16.1,4.2,2.7,5.4,6.0,6.1,36.9,,112.6,96.2
2,4,34,1019,31.9,.589,.557,.002,.429,566,13.6,17.5,15.7,19.7,2.7,9.2,16.0,31.8,,3.7,1.7,5.4,.212,,4.0,4.8,8.8
3,0,10,33,3,9,.333,3,9,.333,0,0,,1,3,.333,4,6,10,1,0,1,4,2,7
3,1,10,3.3,0.3,0.9,.333,0.3,0.9,.333,0.0,0.0,,0.1,0.3,.333,1.0,0.1,0.0,0.1,0.4,0.2,0.7
3,2,10,33,3.6,10.9,.333,3.6,10.9,.333,0.0,0.0,,1.2,3.6,.333,12.1,1.2,0.0,1.2,4.8,2.4,8.5
3,3,10,33,5.6,16.8,.333,5.6,16.8,.333,0.0,0.0,,1.9,5.6,.333,18.7,1.9,0.0,1.9,7.5,3.7,13.1,,66.6,104.0
3,4,10,33,4.4,.336,.333,.000,.333,8,15.3,20.7,18.1,6.2,0.0,3.2,27.7,22.9,,-0.1,0.0,-0.1,-.062,,-10.9,-2.5,-13.4
4,0,34,969,57,193,.295,30,77,.390,27,116,.233,55,75,.733,41,131,172,80,24,15,68,105,196
4,1,34,28.5,1.7,5.7,.295,0.9,2.3,.390,0.8,3.4,.233,1.6,2.2,.733,5.1,2.4,0.7,0.4,2.0,3.1,5.8
4,2,34,969,2.4,8.0,.295,1.2,3.2,.390,1.1,4.8,.233,2.3,3.1,.733,7.1,3.3,1.0,0.6,2.8,4.3,8.1
4,3,34,969,3.6,12.3,.295,1.9,4.9,.390,1.7,7.4,.233,3.5,4.8,.733,10.9,5.1,1.5,1.0,4.3,6.7,12.5,,90.0,103.7
4,4,34,969,8.3,.429,.365,.601,.389,229,5.3,15.4,10.6,15.9,1.5,1.6,22.9,16.1,,0.1,0.9,1.1,.044,,-2.3,0.0,-2.3
5,0,11,365,39,99,.394,25,60,.417,14,39,.359,19,32,.594,7,51,58,48,16,6,35,24,111
5,1,11,33.2,3.5,9.0,.394,2.3,5.5,.417,1.3,3.5,.359,1.7,2.9,.594,5.3,4.4,1.5,0.5,3.2,2.2,10.1
5,2,11,365,4.3,10.8,.394,2.7,6.6,.417,1.5,4.3,.359,2.1,3.5,.594,6.4,5.3,1.8,0.7,3.8,2.6,12.2
5,3,11,365,6.6,16.7,.394,4.2,10.1,.417,2.4,6.6,.359,3.2,5.4,.594,9.8,8.1,2.7,1.0,5.9,4.0,18.7,,93.8,101.0
5,4,11,365,13.9,.486,.465,.394,.323,120,2.4,15.9,9.5,27.8,2.7,1.7,23.5,21.5,,0.2,0.5,0.7,.072,,-1.3,0.4,-1.0
6,0,25,240,13,45,.289,11,31,.355,2,14,.143,2,7,.286,8,17,25,21,7,7,20,17,30
6,1,25,9.6,0.5,1.8,.289,0.4,1.2,.355,0.1,0.6,.143,0.1,0.3,.286,1.0,0.8,0.3,0.3,0.8,0.7,1.2
6,2,25,240,2.2,7.5,.289,1.8,5.2,.355,0.3,2.3,.143,0.3,1.2,.286,4.2,3.5,1.2,1.2,3.3,2.8,5.0
6,3,25,240,3.3,11.5,.289,2.8,8.0,.355,0.5,3.6,.143,0.5,1.8,.286,6.4,5.4,1.8,1.8,5.1,4.4,7.7,,67.3,106.0
6,4,25,240,3.4,.310,.311,.311,.156,40,4.2,8.1,6.2,16.7,1.8,3.1,29.3,14.9,,-0.4,0.2,-0.2,-.034,,-7.1,-0.2,-7.3
7,0,34,930,132,276,.478,85,163,.521,47,113,.416,65,83,.783,62,89,151,33,13,18,48,77,376
7,1,34,27.4,3.9,8.1,.478,2.5,4.8,.521,1.4,3.3,.416,1.9,2.4,.783,4.4,1.0,0.4,0.5,1.4,2.3,11.1
7,2,34,930,5.7,11.9,.478,3.7,7.0,.521,2.0,4.9,.416,2.8,3.6,.783,6.5,1.4,0.6,0.8,2.1,3.3,16.2
7,3,34,930,8.7,18.3,.478,5.6,10.8,.521,3.1,7.5,.416,4.3,5.5,.783,10.0,2.2,0.9,1.2,3.2,5.1,24.9,,117.3,107.3
7,4,34,930,18.1,.596,.563,.409,.301,335,8.4,10.9,9.7,8.1,0.9,2.0,13.2,20.5,,2.5,0.6,3.1,.133,,2.6,-2.3,0.3
8,0,20,173,7,19,.368,1,5,.200,6,14,.429,4,4,1.000,2,4,6,15,4,0,10,8,24
8,1,20,8.7,0.4,1.0,.368,0.1,0.3,.200,0.3,0.7,.429,0.2,0.2,1.000,0.3,0.8,0.2,0.0,0.5,0.4,1.2
8,2,20,173,1.6,4.4,.368,0.2,1.2,.200,1.4,3.2,.429,0.9,0.9,1.000,1.4,3.5,0.9,0.0,2.3,1.8,5.5
8,3,20,173,2.5,6.8,.368,0.4,1.8,.200,2.1,5.0,.429,1.4,1.4,1.000,2.1,5.3,1.4,0.0,3.6,2.8,8.5,,99.8,111.1
8,4,20,173,6.3,.574,.526,.737,.211,28,1.5,2.6,2.1,16.1,1.4,0.0,32.4,9.4,,0.1,0.0,0.1,.033,,-2.6,-3.9,-6.6
9,0,33,928,78,223,.350,45,114,.395,33,109,.303,45,64,.703,16,101,117,83,30,5,71,58,234
9,1,33,28.1,2.4,6.8,.350,1.4,3.5,.395,1.0,3.3,.303,1.4,1.9,.703,3.5,2.5,0.9,0.2,2.2,1.8,7.1
9,2,33,928,3.4,9.6,.350,1.9,4.9,.395,1.4,4.7,.303,1.9,2.8,.703,5.0,3.6,1.3,0.2,3.1,2.5,10.1
9,3,33,928,5.2,14.8,.350,3.0,7.6,.395,2.2,7.2,.303,3.0,4.2,.703,7.8,5.5,2.0,0.3,4.7,3.8,15.5,,90.8,104.9
9,4,33,928,9.4,.462,.424,.489,.287,245,2.2,12.4,7.6,18.1,2.0,0.6,21.9,18.3,,0.2,0.8,1.0,.043,,-2.5,-1.0,-3.5
10,0,30,359,17,49,.347,8,20,.400,9,29,.310,11,16,.688,10,61,71,14,7,3,30,40,54
10,1,30,12.0,0.6,1.6,.347,0.3,0.7,.400,0.3,1.0,.310,0.4,0.5,.688,2.4,0.5,0.2,0.1,1.0,1.3,1.8
10,2,30,359,1.9,5.5,.347,0.9,2.2,.400,1.0,3.2,.310,1.2,1.8,.688,7.9,1.6,0.8,0.3,3.3,4.5,6.0
10,3,30,359,2.9,8.4,.347,1.4,3.4,.400,1.5,5.0,.310,1.9,2.7,.688,12.2,2.4,1.2,0.5,5.1,6.9,9.3,,75.4,103.0
10,4,30,359,4.4,.477,.439,.592,.327,56,3.5,19.4,11.8,7.3,1.2,0.9,34.6,12.7,,-0.3,0.4,0.1,.009,,-5.4,-0.8,-6.2
11,0,31,1080,108,250,.432,31,65,.477,77,185,.416,56,64,.875,6,89,95,113,24,0,47,49,349
11,1,31,34.8,3.5,8.1,.432,1.0,2.1,.477,2.5,6.0,.416,1.8,2.1,.875,3.1,3.6,0.8,0.0,1.5,1.6,11.3
11,2,31,1080,4.0,9.3,.432,1.1,2.4,.477,2.9,6.9,.416,2.1,2.4,.875,3.5,4.2,0.9,0.0,1.7,1.8,12.9
11,3,31,1080,6.2,14.3,.432,1.8,3.7,.477,4.4,10.6,.416,3.2,3.6,.875,5.4,6.4,1.4,0.0,2.7,2.8,19.9,,125.1,108.1
11,4,31,1080,16.2,.622,.586,.740,.256,335,0.7,9.4,5.3,21.8,1.4,0.0,14.4,15.9,,3.0,0.6,3.6,.132,,4.0,-2.9,1.1
