0,0,35,478,36,115,.313,22,59,.373,14,56,.250,45,56,.804,5,35,40,32,12,0,55,29,131
0,1,35,13.7,1.0,3.3,.313,0.6,1.7,.373,0.4,1.6,.250,1.3,1.6,.804,1.1,0.9,0.3,0.0,1.6,0.8,3.7
0,2,35,478,3.0,9.6,.313,1.8,4.9,.373,1.2,4.7,.250,3.8,4.7,.804,3.3,2.7,1.0,0.0,4.6,2.4,11.0
0,3,35,478,4.7,14.9,.313,2.9,7.7,.373,1.8,7.3,.250,5.8,7.3,.804,5.2,4.2,1.6,0.0,7.1,3.8,17.0,,79.6,98.6
0,4,35,478,5.5,.463,.374,.487,.487,129,1.2,9.2,5.0,14.1,1.6,0.0,28.0,21.3,,-0.5,0.7,0.3,.022,,-4.8,-0.3,-5.2
1,0,16,77,1,6,.167,1,2,.500,0,4,.000,4,4,1.000,1,12,13,9,10,2,5,10,6
1,1,16,4.8,0.1,0.4,.167,0.1,0.1,.500,0.0,0.3,.000,0.3,0.3,1.000,0.8,0.6,0.6,0.1,0.3,0.6,0.4
1,2,16,77,0.5,3.1,.167,0.5,1.0,.500,0.0,2.1,.000,2.1,2.1,1.000,6.8,4.7,5.2,1.0,2.6,5.2,3.1
1,3,16,77,0.8,4.8,.167,0.8,1.6,.500,0.0,3.2,.000,3.2,3.2,1.000,10.5,7.2,8.1,1.6,4.0,8.1,4.8,,80.0,78.3
1,4,16,77,13.3,.380,.167,.667,.667,10,1.5,19.6,10.1,21.7,8.1,3.2,38.8,8.7,,0.0,0.3,0.2,.121,,-2.9,9.7,6.8
2,0,28,143,8,32,.250,6,24,.250,2,8,.250,6,11,.545,10,8,18,2,6,2,5,21,24
2,1,28,5.1,0.3,1.1,.250,0.2,0.9,.250,0.1,0.3,.250,0.2,0.4,.545,0.6,0.1,0.2,0.1,0.2,0.8,0.9
2,2,28,143,2.2,9.0,.250,1.7,6.7,.250,0.6,2.2,.250,1.7,3.1,.545,5.0,0.6,1.7,0.6,1.4,5.9,6.7
2,3,28,143,3.5,13.9,.250,2.6,10.4,.250,0.9,3.5,.250,2.6,4.8,.545,7.8,0.9,2.6,0.9,2.2,9.1,10.4,,78.2,95.8
2,4,28,143,4.4,.322,.281,.250,.344,26,8.0,7.0,7.5,2.8,2.6,1.7,11.8,15.3,,-0.1,0.3,0.1,.041,,-5.1,1.5,-3.6
3,0,36,397,53,138,.384,35,85,.412,18,53,.340,19,30,.633,31,30,61,3,5,8,28,61,143
3,1,36,11.0,1.5,3.8,.384,1.0,2.4,.412,0.5,1.5,.340,0.5,0.8,.633,1.7,0.1,0.1,0.2,0.8,1.7,4.0
3,2,36,397,5.3,13.9,.384,3.5,8.6,.412,1.8,5.3,.340,1.9,3.0,.633,6.1,0.3,0.5,0.8,2.8,6.1,14.4
3,3,36,397,8.3,21.6,.384,5.5,13.3,.412,2.8,8.3,.340,3.0,4.7,.633,9.5,0.5,0.8,1.2,4.4,9.5,22.3,,91.7,98.4
3,4,36,397,9.7,.470,.449,.384,.217,128,8.9,9.5,9.2,1.8,0.8,2.5,15.5,23.6,,0.1,0.6,0.7,.073,,-3.1,-1.6,-4.7
4,0,37,859,116,314,.369,81,188,.431,35,126,.278,70,89,.787,11,78,89,56,31,3,70,60,337
4,1,37,23.2,3.1,8.5,.369,2.2,5.1,.431,0.9,3.4,.278,1.9,2.4,.787,2.4,1.5,0.8,0.1,1.9,1.6,9.1
4,2,37,859,5.4,14.6,.369,3.8,8.8,.431,1.6,5.9,.278,3.3,4.1,.787,4.1,2.6,1.4,0.1,3.3,2.8,15.7
4,3,37,859,8.4,22.7,.369,5.8,13.6,.431,2.5,9.1,.278,5.1,6.4,.787,6.4,4.0,2.2,0.2,5.1,4.3,24.3,,93.0,96.0
4,4,37,859,12.4,.473,.425,.401,.283,309,1.5,11.4,6.2,15.7,2.2,0.4,16.4,25.7,,0.4,1.5,1.9,.089,,-1.2,0.3,-0.9
5,0,36,999,112,248,.452,112,246,.455,0,2,.000,55,110,.500,94,121,215,59,35,16,53,95,279
5,1,36,27.8,3.1,6.9,.452,3.1,6.8,.455,0.0,0.1,.000,1.5,3.1,.500,6.0,1.6,1.0,0.4,1.5,2.6,7.8
5,2,36,999,4.5,9.9,.452,4.5,9.8,.455,0.0,0.1,.000,2.2,4.4,.500,8.6,2.4,1.4,0.6,2.1,3.8,11.2
5,3,36,999,7.0,15.4,.452,7.0,15.3,.455,0.0,0.1,.000,3.4,6.8,.500,13.3,3.7,2.2,1.0,3.3,5.9,17.3,,99.6,93.7
5,4,36,999,15.0,.465,.452,.008,.444,298,10.7,15.3,12.9,13.5,2.2,2.0,15.0,18.3,,1.0,2.0,3.0,.118,,-0.5,3.9,3.4
6,0,12,40,1,4,.250,0,1,.000,1,3,.333,3,4,.750,0,1,1,0,0,0,2,3,6
6,1,12,3.3,0.1,0.3,.250,0.0,0.1,.000,0.1,0.3,.333,0.3,0.3,.750,0.1,0.0,0.0,0.0,0.2,0.3,0.5
6,2,12,40,1.0,4.0,.250,0.0,1.0,.000,1.0,3.0,.333,3.0,4.0,.750,1.0,0.0,0.0,0.0,2.0,3.0,6.0
6,3,12,40,1.6,6.2,.250,0.0,1.6,.000,1.6,4.7,.333,4.7,6.2,.750,1.6,0.0,0.0,0.0,3.1,4.7,9.3,,84.3,104.3
6,4,12,40,0.7,.508,.375,.750,1.000,5,0.0,3.1,1.5,0.0,0.0,0.0,25.3,10.2,,0.0,0.0,0.0,.030,,-4.9,-1.8,-6.6
7,0,19,23,0,3,.000,0,2,.000,0,1,.000,0,0,,1,3,4,3,0,1,0,6,0
7,1,19,1.2,0.0,0.2,.000,0.0,0.1,.000,0.0,0.1,.000,0.0,0.0,,0.2,0.2,0.0,0.1,0.0,0.3,0.0
7,2,19,23,0.0,5.2,.000,0.0,3.5,.000,0.0,1.7,.000,0.0,0.0,,7.0,5.2,0.0,1.7,0.0,10.4,0.0
7,3,19,23,0.0,8.1,.000,0.0,5.4,.000,0.0,2.7,.000,0.0,0.0,,10.8,8.1,0.0,2.7,0.0,16.2,0.0,,68.1,95.3
7,4,19,23,1.5,.000,.000,.333,.000,2,5.0,16.4,10.4,23.7,0.0,5.3,0.0,6.8,,0.0,0.0,0.0,.044,,-6.4,3.8,-2.6
8,0,35,743,140,253,.553,139,247,.563,1,6,.167,63,114,.553,63,88,151,14,10,23,30,69,344
8,1,35,21.2,4.0,7.2,.553,4.0,7.1,.563,0.0,0.2,.167,1.8,3.3,.553,4.3,0.4,0.3,0.7,0.9,2.0,9.8
8,2,35,743,7.5,13.6,.553,7.5,13.3,.563,0.1,0.3,.167,3.4,6.1,.553,8.1,0.8,0.5,1.2,1.6,3.7,18.5
8,3,35,743,11.7,21.1,.553,11.6,20.6,.563,0.1,0.5,.167,5.3,9.5,.553,12.6,1.2,0.8,1.9,2.5,5.8,28.7,,114.2,95.9
8,4,35,743,22.1,.560,.555,.024,.451,298,9.7,14.9,12.2,5.2,0.8,3.8,8.9,23.5,,2.0,1.3,3.3,.179,,1.1,0.8,1.8
9,0,37,1152,73,203,.360,53,142,.373,20,61,.328,124,176,.705,30,124,154,193,66,0,102,94,290
9,1,37,31.1,2.0,5.5,.360,1.4,3.8,.373,0.5,1.6,.328,3.4,4.8,.705,4.2,5.2,1.8,0.0,2.8,2.5,7.8
9,2,37,1152,2.5,7.0,.360,1.8,4.9,.373,0.7,2.1,.328,4.3,6.1,.705,5.3,6.7,2.3,0.0,3.5,3.3,10.1
9,3,37,1152,3.9,10.9,.360,2.9,7.6,.373,1.1,3.3,.328,6.7,9.5,.705,8.3,10.4,3.6,0.0,5.5,5.1,15.6,,100.3,92.4
9,4,37,1152,15.3,.506,.409,.300,.867,356,3.0,13.6,8.0,34.4,3.6,0.0,26.2,17.5,,1.2,2.4,3.6,.127,,0.6,2.8,3.5
10,0,23,124,15,49,.306,3,8,.375,12,41,.293,2,3,.667,2,11,13,3,1,0,2,21,44
10,1,23,5.4,0.7,2.1,.306,0.1,0.3,.375,0.5,1.8,.293,0.1,0.1,.667,0.6,0.1,0.0,0.0,0.1,0.9,1.9
10,2,23,124,4.8,15.8,.306,1.0,2.6,.375,3.9,13.2,.293,0.6,1.0,.667,4.2,1.0,0.3,0.0,0.6,6.8,14.2
10,3,23,124,7.5,24.5,.306,1.5,4.0,.375,6.0,20.5,.293,1.0,1.5,.667,6.5,1.5,0.5,0.0,1.0,10.5,22.0,,100.3,99.5
10,4,23,124,7.8,.436,.429,.837,.061,37,1.8,11.2,6.3,5.6,0.5,0.0,3.8,21.9,,0.1,0.2,0.3,.098,,-0.1,-3.6,-3.7
11,0,37,977,146,278,.525,127,224,.567,19,54,.352,92,143,.643,79,112,191,24,29,27,53,101,403
11,1,37,26.4,3.9,7.5,.525,3.4,6.1,.567,0.5,1.5,.352,2.5,3.9,.643,5.2,0.6,0.8,0.7,1.4,2.7,10.9
11,2,37,977,6.0,11.4,.525,5.2,9.2,.567,0.8,2.2,.352,3.8,5.9,.643,7.8,1.0,1.2,1.1,2.2,4.1,16.5
11,3,37,977,9.3,17.6,.525,8.1,14.2,.567,1.2,3.4,.352,5.8,9.1,.643,12.1,1.5,1.8,1.7,3.4,6.4,25.6,,114.1,94.0
11,4,37,977,20.5,.582,.559,.194,.514,363,9.2,14.4,11.7,6.1,1.8,3.4,13.3,21.2,,2.4,1.9,4.3,.178,,2.3,2.4,4.6
12,0,37,830,65,217,.300,15,42,.357,50,175,.286,14,23,.609,17,61,78,36,18,2,37,70,194
12,1,37,22.4,1.8,5.9,.300,0.4,1.1,.357,1.4,4.7,.286,0.4,0.6,.609,2.1,1.0,0.5,0.1,1.0,1.9,5.2
12,2,37,830,3.1,10.5,.300,0.7,2.0,.357,2.4,8.4,.286,0.7,1.1,.609,3.8,1.7,0.9,0.1,1.8,3.4,9.3
12,3,37,830,4.9,16.2,.300,1.1,3.1,.357,3.7,13.1,.286,1.0,1.7,.609,5.8,2.7,1.3,0.1,2.8,5.2,14.5,,89.4,98.8
12,4,37,830,6.3,.426,.415,.806,.106,181,2.3,9.3,5.6,9.2,1.3,0.3,14.0,16.6,,0.0,1.2,1.3,.061,,-1.3,0.1,-1.2
13,0,36,634,57,154,.370,46,93,.495,11,61,.180,26,43,.605,62,111,173,20,16,39,38,74,151
13,1,36,17.6,1.6,4.3,.370,1.3,2.6,.495,0.3,1.7,.180,0.7,1.2,.605,4.8,0.6,0.4,1.1,1.1,2.1,4.2
13,2,36,634,3.6,9.7,.370,2.9,5.9,.495,0.7,3.8,.180,1.6,2.7,.605,10.9,1.3,1.0,2.5,2.4,4.7,9.5
13,3,36,634,5.6,15.1,.370,4.5,9.1,.495,1.1,6.0,.180,2.5,4.2,.605,16.9,2.0,1.6,3.8,3.7,7.2,14.8,,91.0,89.5
13,4,36,634,13.4,.433,.406,.396,.279,161,11.1,22.1,16.3,6.8,1.6,7.6,17.9,17.4,,0.1,1.5,1.6,.102,,-2.8,5.5,2.7
