0,0,25,194,15,44,.341,9,24,.375,6,20,.300,4,12,.333,3,10,13,12,3,0,6,21,40
0,1,25,7.8,0.6,1.8,.341,0.4,1.0,.375,0.2,0.8,.300,0.2,0.5,.333,0.5,0.5,0.1,0.0,0.2,0.8,1.6
0,2,25,194,3.1,9.1,.341,1.9,4.9,.375,1.2,4.1,.300,0.8,2.5,.333,2.7,2.5,0.6,0.0,1.2,4.3,8.2
0,3,25,194,4.8,14.2,.341,2.9,7.7,.375,1.9,6.4,.300,1.3,3.9,.333,4.2,3.9,1.0,0.0,1.9,6.8,12.9,,89.6,108.0
0,4,25,194,5.1,.402,.409,.455,.273,41,1.8,6.4,4.0,12.0,1.0,0.0,10.8,15.4,,0.0,0.2,0.2,.032,,-2.7,-1.0,-3.6
1,0,31,1021,70,190,.368,32,89,.360,38,101,.376,27,35,.771,21,95,116,110,61,8,36,101,205
1,1,31,32.9,2.3,6.1,.368,1.0,2.9,.360,1.2,3.3,.376,0.9,1.1,.771,3.7,3.5,2.0,0.3,1.2,3.3,6.6
1,2,31,1021,2.7,7.4,.368,1.3,3.5,.360,1.5,4.0,.376,1.1,1.4,.771,4.5,4.3,2.4,0.3,1.4,4.0,8.0
1,3,31,1021,4.3,11.6,.368,2.0,5.4,.360,2.3,6.2,.376,1.7,2.1,.771,7.1,6.7,3.7,0.5,2.2,6.2,12.6,,109.7,99.6
1,4,31,1021,13.2,.496,.468,.532,.184,239,2.4,11.6,6.8,20.6,3.7,0.8,14.8,12.7,,1.1,1.8,2.9,.114,,2.1,4.1,6.2
2,0,3,8,2,2,1.000,0,0,,2,2,1.000,0,0,,1,1,2,0,0,0,0,1,6
2,1,3,2.7,0.7,0.7,1.000,0.0,0.0,,0.7,0.7,1.000,0.0,0.0,,0.7,0.0,0.0,0.0,0.0,0.3,2.0
2,2,3,8,10.0,10.0,1.000,0.0,0.0,,10.0,10.0,1.000,0.0,0.0,,10.0,0.0,0.0,0.0,0.0,5.0,30.0
2,3,3,8,15.6,15.6,1.000,0.0,0.0,,15.6,15.6,1.000,0.0,0.0,,15.6,0.0,0.0,0.0,0.0,7.8,46.9,,277.8,106.8
2,4,3,8,48.8,1.500,1.500,1.000,.000,3,14.4,15.6,15.0,0.0,0.0,0.0,0.0,13.4,,0.1,0.0,0.1,.320,,22.2,-6.9,15.3
3,0,18,90,13,26,.500,12,16,.750,1,10,.100,7,7,1.000,6,17,23,2,1,3,4,14,34
3,1,18,5.0,0.7,1.4,.500,0.7,0.9,.750,0.1,0.6,.100,0.4,0.4,1.000,1.3,0.1,0.1,0.2,0.2,0.8,1.9
3,2,18,90,5.8,11.6,.500,5.3,7.1,.750,0.4,4.4,.100,3.1,3.1,1.000,10.2,0.9,0.4,1.3,1.8,6.2,15.1
3,3,18,90,9.0,18.1,.500,8.3,11.1,.750,0.7,6.9,.100,4.9,4.9,1.000,16.0,1.4,0.7,2.1,2.8,9.7,23.6,,115.9,100.1
3,4,18,90,18.5,.580,.519,.385,.269,32,7.7,23.6,15.3,5.0,0.7,3.6,12.0,19.9,,0.2,0.2,0.3,.154,,0.2,0.5,0.7
4,0,30,558,66,196,.337,36,88,.409,30,108,.278,41,48,.854,3,63,66,36,12,3,38,45,203
4,1,30,18.6,2.2,6.5,.337,1.2,2.9,.409,1.0,3.6,.278,1.4,1.6,.854,2.2,1.2,0.4,0.1,1.3,1.5,6.8
4,2,30,558,4.7,14.1,.337,2.6,6.3,.409,2.2,7.7,.278,2.9,3.4,.854,4.7,2.6,0.9,0.2,2.7,3.2,14.6
4,3,30,558,7.4,22.0,.337,4.0,9.9,.409,3.4,12.1,.278,4.6,5.4,.854,7.4,4.0,1.3,0.3,4.3,5.0,22.7,,92.4,104.2
4,4,30,558,10.5,.464,.413,.551,.245,190,0.6,14.1,7.1,13.6,1.3,0.6,14.8,24.7,,0.0,0.7,0.8,.054,,-1.3,-0.5,-1.7
5,0,12,104,15,32,.469,12,23,.522,3,9,.333,7,13,.538,2,5,7,4,5,0,4,7,40
5,1,12,8.7,1.3,2.7,.469,1.0,1.9,.522,0.3,0.8,.333,0.6,1.1,.538,0.6,0.3,0.4,0.0,0.3,0.6,3.3
5,2,12,104,5.8,12.3,.469,4.6,8.8,.522,1.2,3.5,.333,2.7,5.0,.538,2.7,1.5,1.9,0.0,1.5,2.7,15.4
5,3,12,104,9.0,19.2,.469,7.2,13.8,.522,1.8,5.4,.333,4.2,7.8,.538,4.2,2.4,3.0,0.0,2.4,4.2,24.0,,105.9,103.9
5,4,12,104,15.4,.524,.516,.281,.406,35,2.2,6.0,4.0,8.6,3.0,0.0,9.5,21.7,,0.1,0.1,0.3,.107,,0.4,-0.3,0.0
6,0,31,599,64,122,.525,59,111,.532,5,11,.455,61,80,.763,54,38,92,33,18,6,21,70,194
6,1,31,19.3,2.1,3.9,.525,1.9,3.6,.532,0.2,0.4,.455,2.0,2.6,.763,3.0,1.1,0.6,0.2,0.7,2.3,6.3
6,2,31,599,4.3,8.1,.525,3.9,7.4,.532,0.3,0.7,.455,4.1,5.3,.763,6.1,2.2,1.2,0.4,1.4,4.7,13.0
6,3,31,599,6.7,12.7,.525,6.2,11.6,.532,0.5,1.1,.455,6.4,8.4,.763,9.6,3.4,1.9,0.6,2.2,7.3,20.2,,128.8,104.8
6,4,31,599,18.6,.606,.545,.090,.656,208,10.4,7.9,9.2,11.4,1.9,1.1,11.6,16.2,,1.8,0.8,2.5,.168,,3.8,2.0,5.8
7,0,31,1119,164,420,.390,86,200,.430,78,220,.355,102,127,.803,13,110,123,52,21,8,66,46,508
7,1,31,36.1,5.3,13.5,.390,2.8,6.5,.430,2.5,7.1,.355,3.3,4.1,.803,4.0,1.7,0.7,0.3,2.1,1.5,16.4
7,2,31,1119,5.9,15.0,.390,3.1,7.1,.430,2.8,7.9,.355,3.6,4.5,.803,4.4,1.9,0.8,0.3,2.4,1.6,18.2
7,3,31,1119,9.2,23.5,.390,4.8,11.2,.430,4.4,12.3,.355,5.7,7.1,.803,6.9,2.9,1.2,0.4,3.7,2.6,28.4,,105.0,105.4
7,4,31,1119,16.0,.529,.483,.524,.302,454,1.3,12.3,6.6,10.4,1.2,0.8,12.1,26.2,,1.7,1.4,3.0,.108,,2.6,-0.3,2.3
8,0,31,666,59,156,.378,41,85,.482,18,71,.254,35,57,.614,48,57,105,12,13,15,26,64,171
8,1,31,21.5,1.9,5.0,.378,1.3,2.7,.482,0.6,2.3,.254,1.1,1.8,.614,3.4,0.4,0.4,0.5,0.8,2.1,5.5
8,2,31,666,3.5,9.4,.378,2.5,5.1,.482,1.1,4.3,.254,2.1,3.4,.614,6.3,0.7,0.8,0.9,1.6,3.8,10.3
8,3,31,666,5.5,14.6,.378,3.8,8.0,.482,1.7,6.7,.254,3.3,5.4,.614,9.9,1.1,1.2,1.4,2.4,6.0,16.1,,99.9,104.6
8,4,31,666,10.7,.467,.436,.455,.365,175,8.3,10.7,9.4,3.6,1.2,2.4,12.4,16.8,,0.4,0.9,1.3,.076,,-0.6,1.2,0.6
9,0,6,20,0,1,.000,0,0,,0,1,.000,0,0,,0,2,2,1,0,0,1,2,0
9,1,6,3.3,0.0,0.2,.000,0.0,0.0,,0.0,0.2,.000,0.0,0.0,,0.3,0.2,0.0,0.0,0.2,0.3,0.0
9,2,6,20,0.0,2.0,.000,0.0,0.0,,0.0,2.0,.000,0.0,0.0,,4.0,2.0,0.0,0.0,2.0,4.0,0.0
9,3,6,20,0.0,3.1,.000,0.0,0.0,,0.0,3.1,.000,0.0,0.0,,6.3,3.1,0.0,0.0,3.1,6.3,0.0,,26.0,108.0
9,4,6,20,-3.3,.000,.000,1.000,.000,0,0.0,12.5,6.0,8.4,0.0,0.0,50.0,5.4,,0.0,0.0,0.0,-.035,,-7.6,1.6,-6.1
10,0,31,897,196,368,.533,195,358,.545,1,10,.100,70,153,.458,78,72,150,16,22,14,34,73,463
10,1,31,28.9,6.3,11.9,.533,6.3,11.5,.545,0.0,0.3,.100,2.3,4.9,.458,4.8,0.5,0.7,0.5,1.1,2.4,14.9
10,2,31,897,8.7,16.4,.533,8.7,16.0,.545,0.0,0.4,.100,3.1,6.8,.458,6.7,0.7,1.0,0.6,1.5,3.3,20.6
10,3,31,897,13.7,25.6,.533,13.6,25.0,.545,0.1,0.7,.100,4.9,10.7,.458,10.5,1.1,1.5,1.0,2.4,5.1,32.3,,109.9,104.6
10,4,31,897,22.1,.525,.534,.027,.416,421,10.0,10.0,10.0,4.8,1.5,1.7,7.2,28.4,,2.0,1.2,3.2,.141,,1.6,-0.6,1.0
11,0,14,88,10,23,.435,10,22,.455,0,1,.000,5,11,.455,2,10,12,5,4,1,3,18,25
11,1,14,6.3,0.7,1.6,.435,0.7,1.6,.455,0.0,0.1,.000,0.4,0.8,.455,0.9,0.4,0.3,0.1,0.2,1.3,1.8
11,2,14,88,4.5,10.5,.435,4.5,10.0,.455,0.0,0.5,.000,2.3,5.0,.455,5.5,2.3,1.8,0.5,1.4,8.2,11.4
11,3,14,88,7.1,16.3,.435,7.1,15.6,.455,0.0,0.7,.000,3.6,7.8,.455,8.5,3.6,2.8,0.7,2.1,12.8,17.8,,95.6,99.9
11,4,14,88,10.5,.443,.435,.043,.478,25,2.6,14.2,8.2,11.9,2.8,1.2,9.6,19.0,,0.0,0.2,0.2,.081,,-2.9,2.0,-0.9
12,0,4,10,4,6,.667,3,3,1.000,1,3,.333,2,3,.667,0,2,2,1,0,0,0,1,11
12,1,4,2.5,1.0,1.5,.667,0.8,0.8,1.000,0.3,0.8,.333,0.5,0.8,.667,0.5,0.3,0.0,0.0,0.0,0.3,2.8
12,2,4,10,16.0,24.0,.667,12.0,12.0,1.000,4.0,12.0,.333,8.0,12.0,.667,8.0,4.0,0.0,0.0,0.0,4.0,44.0
12,3,4,10,25.0,37.5,.667,18.8,18.8,1.000,6.3,18.8,.333,12.5,18.8,.667,12.5,6.3,0.0,0.0,0.0,6.3,68.8,,152.6,103.5
12,4,4,10,56.2,.741,.750,.500,.500,8,0.0,25.0,12.0,52.1,0.0,0.0,0.0,39.8,,0.1,0.0,0.1,.421,,29.4,0.1,29.5
13,0,30,1003,77,172,.448,77,172,.448,0,0,,71,108,.657,61,209,270,61,26,30,70,60,225
13,1,30,33.4,2.6,5.7,.448,2.6,5.7,.448,0.0,0.0,,2.4,3.6,.657,9.0,2.0,0.9,1.0,2.3,2.0,7.5
13,2,30,1003,3.1,6.9,.448,3.1,6.9,.448,0.0,0.0,,2.8,4.3,.657,10.8,2.4,1.0,1.2,2.8,2.4,9.0
13,3,30,1003,4.8,10.7,.448,4.8,10.7,.448,0.0,0.0,,4.4,6.7,.657,16.8,3.8,1.6,1.9,4.4,3.7,14.0,,96.3,97.9
13,4,30,1003,14.0,.504,.448,.000,.628,256,7.0,26.0,16.1,11.8,1.6,3.2,23.9,15.7,,0.3,1.9,2.2,.090,,-2.2,5.5,3.3
