0,0,24,145,4,24,.167,2,16,.125,2,8,.250,10,15,.667,1,17,18,17,5,0,15,15,20
0,1,24,6.0,0.2,1.0,.167,0.1,0.7,.125,0.1,0.3,.250,0.4,0.6,.667,0.8,0.7,0.2,0.0,0.6,0.6,0.8
0,2,24,145,1.1,6.6,.167,0.6,4.4,.125,0.6,2.2,.250,2.8,4.1,.667,5.0,4.7,1.4,0.0,4.1,4.1,5.5
0,3,24,145,1.7,10.2,.167,0.9,6.8,.125,0.9,3.4,.250,4.3,6.4,.667,7.7,7.2,2.1,0.0,6.4,6.4,8.5,,67.9,99.9
0,4,24,145,2.2,.321,.208,.333,.625,28,0.9,13.9,7.5,20.4,2.1,0.0,32.5,16.7,,-0.3,0.2,-0.1,-.016,,-6.2,1.8,-4.4
1,0,35,679,25,58,.431,17,26,.654,8,32,.250,23,32,.719,14,80,94,67,42,6,41,91,81
1,1,35,19.4,0.7,1.7,.431,0.5,0.7,.654,0.2,0.9,.250,0.7,0.9,.719,2.7,1.9,1.2,0.2,1.2,2.6,2.3
1,2,35,679,1.5,3.4,.431,1.0,1.5,.654,0.5,1.9,.250,1.4,1.9,.719,5.5,3.9,2.5,0.4,2.4,5.4,4.8
1,3,35,679,2.3,5.3,.431,1.5,2.4,.654,0.7,2.9,.250,2.1,2.9,.719,8.5,6.1,3.8,0.5,3.7,8.3,7.4,,98.8,95.4
1,4,35,679,9.8,.553,.500,.552,.552,111,2.6,13.9,8.4,17.5,3.8,1.0,35.9,8.8,,0.3,1.2,1.6,.092,,0.7,5.3,6.1
2,0,33,1099,183,444,.412,68,162,.420,115,282,.408,77,86,.895,14,79,93,90,24,1,94,54,558
2,1,33,33.3,5.5,13.5,.412,2.1,4.9,.420,3.5,8.5,.408,2.3,2.6,.895,2.8,2.7,0.7,0.0,2.8,1.6,16.9
2,2,33,1099,6.7,16.2,.412,2.5,5.9,.420,4.2,10.3,.408,2.8,3.1,.895,3.4,3.3,0.9,0.0,3.4,2.0,20.3
2,3,33,1099,10.3,24.9,.412,3.8,9.1,.420,6.5,15.8,.408,4.3,4.8,.895,5.2,5.0,1.3,0.1,5.3,3.0,31.3,,110.7,103.9
2,4,33,1099,18.8,.575,.542,.635,.194,502,1.6,8.5,5.1,18.8,1.3,0.1,16.2,27.6,,3.0,1.1,4.1,.150,,5.8,-0.8,5.0
3,0,36,939,97,259,.375,40,94,.426,57,165,.345,91,105,.867,21,78,99,40,21,4,36,44,342
3,1,36,26.1,2.7,7.2,.375,1.1,2.6,.426,1.6,4.6,.345,2.5,2.9,.867,2.8,1.1,0.6,0.1,1.0,1.2,9.5
3,2,36,939,4.1,11.0,.375,1.7,4.0,.426,2.4,7.0,.345,3.9,4.5,.867,4.2,1.7,0.9,0.2,1.5,1.9,14.6
3,3,36,939,6.4,17.0,.375,2.6,6.2,.426,3.7,10.8,.345,6.0,6.9,.867,6.5,2.6,1.4,0.3,2.4,2.9,22.5,,118.4,103.1
3,4,36,939,15.6,.554,.485,.637,.405,313,2.8,9.8,6.4,8.6,1.4,0.5,10.4,19.2,,2.4,1.0,3.4,.144,,4.0,0.4,4.4
4,0,35,396,46,105,.438,29,50,.580,17,55,.309,11,22,.500,36,53,89,4,10,5,22,63,120
4,1,35,11.3,1.3,3.0,.438,0.8,1.4,.580,0.5,1.6,.309,0.3,0.6,.500,2.5,0.1,0.3,0.1,0.6,1.8,3.4
4,2,35,396,4.6,10.6,.438,2.9,5.1,.580,1.7,5.6,.309,1.1,2.2,.500,9.0,0.4,1.0,0.5,2.2,6.4,12.1
4,3,35,396,7.2,16.3,.438,4.5,7.8,.580,2.6,8.6,.309,1.7,3.4,.500,13.9,0.6,1.6,0.8,3.4,9.8,18.7,,102.8,99.3
4,4,35,396,12.5,.520,.519,.524,.210,114,11.4,15.8,13.7,2.1,1.6,1.4,16.0,18.2,,0.5,0.6,1.0,.105,,0.7,0.0,0.8
5,0,36,1107,143,295,.485,143,294,.486,0,1,.000,79,143,.552,77,126,203,126,31,17,103,100,365
5,1,36,30.8,4.0,8.2,.485,4.0,8.2,.486,0.0,0.0,.000,2.2,4.0,.552,5.6,3.5,0.9,0.5,2.9,2.8,10.1
5,2,36,1107,5.2,10.7,.485,5.2,10.6,.486,0.0,0.0,.000,2.9,5.2,.552,7.3,4.6,1.1,0.6,3.7,3.6,13.2
5,3,36,1107,8.0,16.4,.485,8.0,16.4,.486,0.0,0.1,.000,4.4,8.0,.552,11.3,7.0,1.7,0.9,5.7,5.6,20.3,,100.2,100.0
5,4,36,1107,15.9,.503,.485,.003,.485,414,8.7,13.5,11.1,24.1,1.7,1.7,22.1,22.1,,1.5,1.5,2.9,.107,,0.9,3.7,4.6
6,0,11,12,0,1,.000,0,0,,0,1,.000,0,0,,0,2,2,0,0,0,0,0,0
6,1,11,1.1,0.0,0.1,.000,0.0,0.0,,0.0,0.1,.000,0.0,0.0,,0.2,0.0,0.0,0.0,0.0,0.0,0.0
6,2,11,12,0.0,3.3,.000,0.0,0.0,,0.0,3.3,.000,0.0,0.0,,6.7,0.0,0.0,0.0,0.0,0.0,0.0
6,3,11,12,0.0,5.1,.000,0.0,0.0,,0.0,5.1,.000,0.0,0.0,,10.3,0.0,0.0,0.0,0.0,0.0,0.0,,0.0,102.8
6,4,11,12,-0.5,.000,.000,1.000,.000,0,0.0,19.7,10.1,0.0,0.0,0.0,0.0,4.4,,0.0,0.0,0.0,-.012,,-6.8,-0.4,-7.2
7,0,18,17,1,3,.333,1,3,.333,0,0,,0,0,,1,2,3,1,0,2,2,3,2
7,1,18,0.9,0.1,0.2,.333,0.1,0.2,.333,0.0,0.0,,0.0,0.0,,0.2,0.1,0.0,0.1,0.1,0.2,0.1
7,2,18,17,2.4,7.1,.333,2.4,7.1,.333,0.0,0.0,,0.0,0.0,,7.1,2.4,0.0,4.7,4.7,7.1,4.7
7,3,18,17,3.6,10.9,.333,3.6,10.9,.333,0.0,0.0,,0.0,0.0,,10.9,3.6,0.0,7.3,7.3,10.9,7.3,,60.2,96.5
7,4,18,17,3.0,.333,.333,.000,.000,3,7.4,13.9,10.7,10.8,0.0,12.7,40.0,15.4,,0.0,0.0,0.0,-.025,,-8.3,8.3,-0.1
8,0,36,782,146,258,.566,146,257,.568,0,1,.000,54,94,.574,63,99,162,11,16,15,35,62,346
8,1,36,21.7,4.1,7.2,.566,4.1,7.1,.568,0.0,0.0,.000,1.5,2.6,.574,4.5,0.3,0.4,0.4,1.0,1.7,9.6
8,2,36,782,7.5,13.2,.566,7.5,13.1,.568,0.0,0.1,.000,2.8,4.8,.574,8.3,0.6,0.8,0.8,1.8,3.2,17.7
8,3,36,782,11.5,20.3,.566,11.5,20.3,.568,0.0,0.1,.000,4.3,7.4,.574,12.8,0.9,1.3,1.2,2.8,4.9,27.3,,115.3,100.2
8,4,36,782,21.3,.572,.566,.004,.364,304,10.1,15.0,12.6,3.4,1.3,2.1,10.4,22.6,,2.1,1.0,3.2,.162,,1.5,0.5,2.0
9,0,18,56,4,11,.364,3,8,.375,1,3,.333,5,10,.500,3,4,7,1,2,0,4,9,14
9,1,18,3.1,0.2,0.6,.364,0.2,0.4,.375,0.1,0.2,.333,0.3,0.6,.500,0.4,0.1,0.1,0.0,0.2,0.5,0.8
9,2,18,56,2.9,7.9,.364,2.1,5.7,.375,0.7,2.1,.333,3.6,7.1,.500,5.0,0.7,1.4,0.0,2.9,6.4,10.0
9,3,18,56,4.4,12.1,.364,3.3,8.8,.375,1.1,3.3,.333,5.5,11.0,.500,7.7,1.1,2.2,0.0,4.4,9.9,15.4,,85.9,101.5
9,4,18,56,5.8,.444,.409,.273,.909,14,6.7,8.4,7.6,3.4,2.2,0.0,20.3,18.5,,0.0,0.1,0.1,.039,,-3.1,0.2,-2.9
10,0,20,48,6,25,.240,2,5,.400,4,20,.200,3,4,.750,0,7,7,1,0,1,4,6,19
10,1,20,2.4,0.3,1.3,.240,0.1,0.3,.400,0.2,1.0,.200,0.2,0.2,.750,0.4,0.1,0.0,0.1,0.2,0.3,1.0
10,2,20,48,5.0,20.8,.240,1.7,4.2,.400,3.3,16.7,.200,2.5,3.3,.750,5.8,0.8,0.0,0.8,3.3,5.0,15.8
10,3,20,48,7.7,32.1,.240,2.6,6.4,.400,5.1,25.7,.200,3.9,5.1,.750,9.0,1.3,0.0,1.3,5.1,7.7,24.4,,73.7,101.8
10,4,20,48,1.4,.353,.320,.800,.160,16,0.0,17.2,8.9,4.4,0.0,2.3,12.9,33.7,,-0.1,0.1,0.0,-.037,,-6.7,-4.3,-11.1
11,0,35,964,131,264,.496,114,207,.551,17,57,.298,117,163,.718,68,145,213,50,22,19,43,100,396
11,1,35,27.5,3.7,7.5,.496,3.3,5.9,.551,0.5,1.6,.298,3.3,4.7,.718,6.1,1.4,0.6,0.5,1.2,2.9,11.3
11,2,35,964,5.4,11.0,.496,4.7,8.6,.551,0.7,2.4,.298,4.9,6.8,.718,8.8,2.1,0.9,0.8,1.8,4.1,16.4
11,3,35,964,8.4,16.9,.496,7.3,13.2,.551,1.1,3.6,.298,7.5,10.4,.718,13.6,3.2,1.4,1.2,2.8,6.4,25.3,,122.9,98.6
11,4,35,964,21.7,.580,.528,.216,.617,386,8.8,17.8,13.4,11.1,1.4,2.1,11.2,20.9,,3.3,1.4,4.7,.195,,4.5,2.6,7.2
12,0,36,369,19,67,.284,2,8,.250,17,59,.288,14,18,.778,9,38,47,29,12,0,26,32,69
12,1,36,10.3,0.5,1.9,.284,0.1,0.2,.250,0.5,1.6,.288,0.4,0.5,.778,1.3,0.8,0.3,0.0,0.7,0.9,1.9
12,2,36,369,2.1,7.3,.284,0.2,0.9,.250,1.8,6.4,.288,1.5,2.0,.778,5.1,3.1,1.3,0.0,2.8,3.5,7.5
12,3,36,369,3.2,11.2,.284,0.3,1.3,.250,2.8,9.9,.288,2.3,3.0,.778,7.9,4.8,2.0,0.0,4.3,5.3,11.5,,90.3,100.9
12,4,36,369,7.2,.457,.410,.881,.269,78,3.1,12.2,7.7,14.3,2.0,0.0,25.6,14.4,,0.0,0.5,0.5,.055,,-0.3,1.5,1.2
13,0,36,613,64,117,.547,63,113,.558,1,4,.250,34,52,.654,48,128,176,28,21,24,39,64,163
13,1,36,17.0,1.8,3.3,.547,1.8,3.1,.558,0.0,0.1,.250,0.9,1.4,.654,4.9,0.8,0.6,0.7,1.1,1.8,4.5
13,2,36,613,4.2,7.6,.547,4.1,7.4,.558,0.1,0.3,.250,2.2,3.4,.654,11.5,1.8,1.4,1.6,2.5,4.2,10.6
13,3,36,613,6.4,11.8,.547,6.3,11.4,.558,0.1,0.4,.250,3.4,5.2,.654,17.7,2.8,2.1,2.4,3.9,6.4,16.4,,107.9,93.2
13,4,36,613,17.7,.575,.551,.034,.444,170,9.8,24.7,17.5,9.2,2.1,4.2,21.6,15.4,,0.9,1.2,2.2,.141,,0.4,5.6,6.0
