0,0,37,772,88,212,.415,64,129,.496,24,83,.289,68,90,.756,52,127,179,30,29,11,40,83,268
0,1,37,20.9,2.4,5.7,.415,1.7,3.5,.496,0.6,2.2,.289,1.8,2.4,.756,4.8,0.8,0.8,0.3,1.1,2.2,7.2
0,2,37,772,4.6,11.0,.415,3.3,6.7,.496,1.2,4.3,.289,3.5,4.7,.756,9.3,1.6,1.5,0.6,2.1,4.3,13.9
0,3,37,772,6.4,15.5,.415,4.7,9.4,.496,1.8,6.1,.289,5.0,6.6,.756,13.1,2.2,2.1,0.8,2.9,6.1,19.5,,109.1,94.9
0,4,37,772,15.9,.526,.472,.392,.425,269,7.5,17.6,12.6,6.8,2.1,1.4,13.6,18.5,,1.3,1.5,2.8,.146,,1.2,2.2,3.4
1,0,31,238,14,43,.326,14,43,.326,0,0,,7,26,.269,16,25,41,6,5,18,7,56,35
1,1,31,7.7,0.5,1.4,.326,0.5,1.4,.326,0.0,0.0,,0.2,0.8,.269,1.3,0.2,0.2,0.6,0.2,1.8,1.1
1,2,31,238,2.4,7.2,.326,2.4,7.2,.326,0.0,0.0,,1.2,4.4,.269,6.9,1.0,0.8,3.0,1.2,9.4,5.9
1,3,31,238,3.3,10.2,.326,3.3,10.2,.326,0.0,0.0,,1.7,6.1,.269,9.7,1.4,1.2,4.3,1.7,13.2,8.3,,80.0,95.5
1,4,31,238,5.1,.316,.326,.000,.605,43,7.5,11.2,9.4,4.0,1.2,7.5,11.2,12.7,,-0.1,0.4,0.3,.051,,-4.9,5.3,0.4
2,0,9,147,16,39,.410,15,31,.484,1,8,.125,20,27,.741,16,34,50,12,4,0,8,16,53
2,1,9,16.3,1.8,4.3,.410,1.7,3.4,.484,0.1,0.9,.125,2.2,3.0,.741,5.6,1.3,0.4,0.0,0.9,1.8,5.9
2,2,9,147,4.4,10.6,.410,4.1,8.4,.484,0.3,2.2,.125,5.4,7.3,.741,13.6,3.3,1.1,0.0,2.2,4.4,14.4
2,3,9,147,6.1,14.9,.410,5.7,11.9,.484,0.4,3.1,.125,7.7,10.3,.741,19.1,4.6,1.5,0.0,3.1,6.1,20.3,,115.3,94.0
2,4,9,147,19.5,.511,.423,.205,.692,62,12.1,24.7,18.5,14.3,1.5,0.0,13.4,19.7,,0.4,0.3,0.7,.184,,1.8,1.8,3.7
3,0,36,926,78,162,.481,71,135,.526,7,27,.259,46,81,.568,55,128,183,75,39,16,56,73,209
3,1,36,25.7,2.2,4.5,.481,2.0,3.8,.526,0.2,0.8,.259,1.3,2.3,.568,5.1,2.1,1.1,0.4,1.6,2.0,5.8
3,2,36,926,3.4,7.0,.481,3.1,5.8,.526,0.3,1.2,.259,2.0,3.5,.568,7.9,3.2,1.7,0.7,2.4,3.2,9.0
3,3,36,926,4.7,9.8,.481,4.3,8.2,.526,0.4,1.6,.259,2.8,4.9,.568,11.1,4.6,2.4,1.0,3.4,4.4,12.7,,104.4,95.5
3,4,36,926,13.4,.521,.503,.167,.500,248,6.6,14.8,10.8,13.6,2.4,1.7,21.8,13.4,,1.0,1.7,2.7,.117,,0.7,4.6,5.3
4,0,29,721,115,219,.525,115,219,.525,0,0,,93,138,.674,63,117,180,43,20,27,44,90,323
4,1,29,24.9,4.0,7.6,.525,4.0,7.6,.525,0.0,0.0,,3.2,4.8,.674,6.2,1.5,0.7,0.9,1.5,3.1,11.1
4,2,29,721,6.4,12.1,.525,6.4,12.1,.525,0.0,0.0,,5.2,7.7,.674,10.0,2.4,1.1,1.5,2.4,5.0,17.9
4,3,29,721,9.0,17.1,.525,9.0,17.1,.525,0.0,0.0,,7.3,10.8,.674,14.1,3.4,1.6,2.1,3.4,7.0,25.2,,116.3,94.9
4,4,29,721,21.9,.568,.525,.000,.630,327,9.7,17.3,13.6,11.4,1.6,3.7,13.4,22.1,,2.1,1.4,3.5,.192,,2.0,3.6,5.6
5,0,37,1202,151,354,.427,59,99,.596,92,255,.361,68,82,.829,15,116,131,97,101,8,35,98,462
5,1,37,32.5,4.1,9.6,.427,1.6,2.7,.596,2.5,6.9,.361,1.8,2.2,.829,3.5,2.6,2.7,0.2,0.9,2.6,12.5
5,2,37,1202,5.0,11.8,.427,2.0,3.3,.596,3.1,8.5,.361,2.3,2.7,.829,4.4,3.2,3.4,0.3,1.2,3.3,15.4
5,3,37,1202,7.1,16.6,.427,2.8,4.6,.596,4.3,11.9,.361,3.2,3.8,.829,6.1,4.5,4.7,0.4,1.6,4.6,21.6,,125.0,92.7
5,4,37,1202,20.4,.588,.556,.720,.232,432,1.4,10.3,5.9,14.5,4.7,0.7,8.2,17.3,,3.4,2.6,5.9,.197,,6.8,3.9,10.7
6,0,37,1323,346,765,.452,222,452,.491,124,313,.396,252,282,.894,24,103,127,160,49,1,131,49,1068
6,1,37,35.8,9.4,20.7,.452,6.0,12.2,.491,3.4,8.5,.396,6.8,7.6,.894,3.4,4.3,1.3,0.0,3.5,1.3,28.9
6,2,37,1323,10.5,23.1,.452,6.7,13.7,.491,3.7,9.5,.396,7.6,8.5,.894,3.8,4.8,1.5,0.0,4.0,1.5,32.3
6,3,37,1323,14.7,32.5,.452,9.4,19.2,.491,5.3,13.3,.396,10.7,12.0,.894,5.4,6.8,2.1,0.0,5.6,2.1,45.4,,118.0,100.0
6,4,37,1323,30.9,.594,.533,.409,.369,986,2.0,8.3,5.2,28.8,2.1,0.1,12.7,37.8,,6.6,1.9,8.5,.256,,10.2,-0.7,9.5
7,0,37,1100,123,247,.498,97,187,.519,26,60,.433,48,58,.828,72,148,220,59,21,61,35,84,320
7,1,37,29.7,3.3,6.7,.498,2.6,5.1,.519,0.7,1.6,.433,1.3,1.6,.828,5.9,1.6,0.6,1.6,0.9,2.3,8.6
7,2,37,1100,4.5,9.0,.498,3.5,6.8,.519,0.9,2.2,.433,1.7,2.1,.828,8.0,2.1,0.8,2.2,1.3,3.1,11.6
7,3,37,1100,6.3,12.6,.498,5.0,9.6,.519,1.3,3.1,.433,2.5,3.0,.828,11.3,3.0,1.1,3.1,1.8,4.3,16.4,,123.9,96.4
7,4,37,1100,17.5,.583,.551,.243,.235,333,7.3,14.4,10.9,9.4,1.1,5.5,11.3,13.7,,2.5,2.0,4.5,.164,,2.8,5.2,8.0
8,0,35,407,29,67,.433,21,43,.488,8,24,.333,10,19,.526,28,59,87,21,7,0,17,52,76
8,1,35,11.6,0.8,1.9,.433,0.6,1.2,.488,0.2,0.7,.333,0.3,0.5,.526,2.5,0.6,0.2,0.0,0.5,1.5,2.2
8,2,35,407,2.9,6.6,.433,2.1,4.2,.488,0.8,2.4,.333,1.0,1.9,.526,8.6,2.1,0.7,0.0,1.7,5.1,7.5
8,3,35,407,4.0,9.3,.433,2.9,5.9,.488,1.1,3.3,.333,1.4,2.6,.526,12.0,2.9,1.0,0.0,2.4,7.2,10.5,,106.4,99.0
8,4,35,407,9.2,.500,.493,.358,.284,91,7.6,15.5,11.6,8.5,1.0,0.0,18.3,11.1,,0.4,0.6,1.0,.100,,-0.1,1.6,1.5
9,0,25,121,6,22,.273,3,10,.300,3,12,.250,2,2,1.000,0,11,11,14,5,0,4,7,17
9,1,25,4.8,0.2,0.9,.273,0.1,0.4,.300,0.1,0.5,.250,0.1,0.1,1.000,0.4,0.6,0.2,0.0,0.2,0.3,0.7
9,2,25,121,2.0,7.3,.273,1.0,3.3,.300,1.0,4.0,.250,0.7,0.7,1.000,3.6,4.6,1.7,0.0,1.3,2.3,5.6
9,3,25,121,2.8,10.2,.273,1.4,4.7,.300,1.4,5.6,.250,0.9,0.9,1.000,5.1,6.5,2.3,0.0,1.9,3.3,7.9,,93.3,98.8
9,4,25,121,7.6,.370,.341,.545,.091,22,0.0,9.7,5.0,18.3,2.3,0.0,14.8,10.8,,0.0,0.2,0.2,.070,,-2.0,1.2,-0.8
10,0,36,368,43,105,.410,22,44,.500,21,61,.344,41,48,.854,17,61,78,12,10,8,22,26,148
10,1,36,10.2,1.2,2.9,.410,0.6,1.2,.500,0.6,1.7,.344,1.1,1.3,.854,2.2,0.3,0.3,0.2,0.6,0.7,4.1
10,2,36,368,4.7,11.4,.410,2.4,4.8,.500,2.3,6.6,.344,4.5,5.2,.854,8.5,1.3,1.1,0.9,2.4,2.8,16.1
10,3,36,368,6.6,16.1,.410,3.4,6.7,.500,3.2,9.3,.344,6.3,7.3,.854,11.9,1.8,1.5,1.2,3.4,4.0,22.6,,113.0,95.9
10,4,36,368,17.6,.579,.510,.581,.457,138,5.1,17.7,11.5,5.8,1.5,2.2,14.7,19.7,,0.8,0.7,1.5,.159,,1.6,0.9,2.5
11,0,29,150,10,32,.313,4,10,.400,6,22,.273,7,12,.583,5,19,24,9,8,0,4,13,33
11,1,29,5.2,0.3,1.1,.313,0.1,0.3,.400,0.2,0.8,.273,0.2,0.4,.583,0.8,0.3,0.3,0.0,0.1,0.4,1.1
11,2,29,150,2.7,8.5,.313,1.1,2.7,.400,1.6,5.9,.273,1.9,3.2,.583,6.4,2.4,2.1,0.0,1.1,3.5,8.8
11,3,29,150,3.8,12.0,.313,1.5,3.8,.400,2.3,8.3,.273,2.6,4.5,.583,9.0,3.4,3.0,0.0,1.5,4.9,12.4,,102.7,95.5
11,4,29,150,10.9,.438,.406,.688,.375,36,3.7,13.5,8.7,9.8,3.0,0.0,9.6,13.5,,0.1,0.3,0.4,.108,,0.5,2.0,2.5
