0,0,20,150,12,21,.571,9,13,.692,3,8,.375,11,16,.688,12,16,28,3,4,2,5,24,38
0,1,20,7.5,0.6,1.1,.571,0.5,0.7,.692,0.2,0.4,.375,0.6,0.8,.688,1.4,0.2,0.2,0.1,0.3,1.2,1.9
0,2,20,150,3.2,5.6,.571,2.4,3.5,.692,0.8,2.1,.375,2.9,4.3,.688,7.5,0.8,1.1,0.5,1.3,6.4,10.1
0,3,20,150,4.5,8.0,.571,3.4,4.9,.692,1.1,3.0,.375,4.2,6.1,.688,10.6,1.1,1.5,0.8,1.9,9.1,14.4,,131.8,104.8
0,4,20,150,13.2,.664,.643,.381,.762,39,9.2,11.8,10.5,3.3,1.5,1.4,14.9,10.9,,0.3,0.2,0.5,.132,,3.1,0.4,3.5
1,0,10,197,9,18,.500,8,13,.615,1,5,.200,11,14,.786,15,41,56,9,7,2,3,22,30
1,1,10,19.7,0.9,1.8,.500,0.8,1.3,.615,0.1,0.5,.200,1.1,1.4,.786,5.6,0.9,0.7,0.2,0.3,2.2,3.0
1,2,10,197,1.8,3.7,.500,1.6,2.6,.615,0.2,1.0,.200,2.2,2.8,.786,11.4,1.8,1.4,0.4,0.6,4.5,6.1
1,3,10,197,2.6,5.2,.500,2.3,3.7,.615,0.3,1.4,.200,3.2,4.0,.786,16.1,2.6,2.0,0.6,0.9,6.3,8.6,,144.0,99.8
1,4,10,197,13.9,.609,.528,.278,.778,39,8.7,23.0,16.0,7.1,2.0,1.1,10.8,6.8,,0.4,0.3,0.7,.143,,2.8,3.1,5.9
2,0,32,292,23,61,.377,16,38,.421,7,23,.304,25,40,.625,9,45,54,39,15,11,19,19,78
2,1,32,9.1,0.7,1.9,.377,0.5,1.2,.421,0.2,0.7,.304,0.8,1.3,.625,1.7,1.2,0.5,0.3,0.6,0.6,2.4
2,2,32,292,3.2,8.4,.377,2.2,5.2,.421,1.0,3.2,.304,3.4,5.5,.625,7.4,5.3,2.1,1.5,2.6,2.6,10.7
2,3,32,292,4.5,11.9,.377,3.1,7.4,.421,1.4,4.5,.304,4.9,7.8,.625,10.5,7.6,2.9,2.1,3.7,3.7,15.2,,105.5,98.7
2,4,32,292,15.9,.488,.434,.377,.656,93,3.5,17.0,10.4,22.0,2.9,3.9,19.2,16.5,,0.4,0.5,0.9,.117,,0.6,3.8,4.5
3,0,32,993,157,328,.479,151,307,.492,6,21,.286,128,173,.740,80,199,279,187,59,11,91,69,448
3,1,32,31.0,4.9,10.3,.479,4.7,9.6,.492,0.2,0.7,.286,4.0,5.4,.740,8.7,5.8,1.8,0.3,2.8,2.2,14.0
3,2,32,993,6.3,13.2,.479,6.1,12.4,.492,0.2,0.8,.286,5.2,7.0,.740,11.2,7.5,2.4,0.4,3.7,2.8,18.0
3,3,32,993,9.0,18.8,.479,8.6,17.6,.492,0.3,1.2,.286,7.3,9.9,.740,16.0,10.7,3.4,0.6,5.2,3.9,25.6,,116.7,97.3
3,4,32,993,26.0,.546,.488,.064,.527,534,9.2,22.1,15.8,35.6,3.4,1.2,18.2,24.5,,3.4,1.7,5.1,.206,,5.4,4.9,10.3
4,0,16,41,1,2,.500,1,2,.500,0,0,,0,2,.000,0,5,5,3,1,0,2,4,2
4,1,16,2.6,0.1,0.1,.500,0.1,0.1,.500,0.0,0.0,,0.0,0.1,.000,0.3,0.2,0.1,0.0,0.1,0.3,0.1
4,2,16,41,1.0,2.0,.500,1.0,2.0,.500,0.0,0.0,,0.0,2.0,.000,4.9,2.9,1.0,0.0,2.0,3.9,2.0
4,3,16,41,1.4,2.8,.500,1.4,2.8,.500,0.0,0.0,,0.0,2.8,.000,6.9,4.2,1.4,0.0,2.8,5.5,2.8,,65.9,105.5
4,4,16,41,2.2,.339,.500,.000,1.000,3,0.0,13.5,6.9,11.0,1.4,0.0,40.4,5.9,,0.0,0.0,0.0,.007,,-3.8,1.7,-2.0
5,0,33,880,140,337,.415,43,101,.426,97,236,.411,48,61,.787,10,59,69,65,25,2,48,48,425
5,1,33,26.7,4.2,10.2,.415,1.3,3.1,.426,2.9,7.2,.411,1.5,1.8,.787,2.1,2.0,0.8,0.1,1.5,1.5,12.9
5,2,33,880,6.4,15.3,.415,2.0,4.6,.426,4.4,10.7,.411,2.2,2.8,.787,3.1,3.0,1.1,0.1,2.2,2.2,19.3
5,3,33,880,9.0,21.8,.415,2.8,6.5,.426,6.3,15.2,.411,3.1,3.9,.787,4.5,4.2,1.6,0.1,3.1,3.1,27.4,,115.6,107.4
5,4,33,880,17.3,.581,.559,.700,.181,368,1.3,7.4,4.4,14.0,1.6,0.2,11.6,22.8,,2.3,0.7,2.9,.134,,5.4,-1.8,3.6
6,0,33,604,90,185,.486,41,83,.494,49,102,.480,59,67,.881,10,48,58,75,24,0,49,63,288
6,1,33,18.3,2.7,5.6,.486,1.2,2.5,.494,1.5,3.1,.480,1.8,2.0,.881,1.8,2.3,0.7,0.0,1.5,1.9,8.7
6,2,33,604,6.0,12.3,.486,2.7,5.5,.494,3.2,6.8,.480,3.9,4.4,.881,3.8,5.0,1.6,0.0,3.2,4.2,19.1
6,3,33,604,8.5,17.4,.486,3.9,7.8,.494,4.6,9.6,.480,5.5,6.3,.881,5.5,7.1,2.3,0.0,4.6,5.9,27.1,,122.9,105.3
6,4,33,604,20.3,.664,.619,.551,.362,272,1.9,8.8,5.4,23.1,2.3,0.0,18.4,21.4,,2.0,0.6,2.6,.173,,6.3,-1.1,5.2
7,0,34,1087,245,515,.476,196,377,.520,49,138,.355,204,233,.876,45,106,151,78,33,9,67,47,743
7,1,34,32.0,7.2,15.1,.476,5.8,11.1,.520,1.4,4.1,.355,6.0,6.9,.876,4.4,2.3,1.0,0.3,2.0,1.4,21.9
7,2,34,1087,9.0,19.0,.476,7.2,13.9,.520,1.8,5.1,.355,7.5,8.6,.876,5.6,2.9,1.2,0.3,2.5,1.7,27.3
7,3,34,1087,12.8,26.9,.476,10.2,19.7,.520,2.6,7.2,.355,10.7,12.2,.876,7.9,4.1,1.7,0.5,3.5,2.5,38.8,,123.6,105.6
7,4,34,1087,27.5,.594,.523,.268,.452,668,4.7,10.8,7.8,15.5,1.7,0.9,9.7,30.9,,5.0,1.0,6.1,.223,,6.5,-1.0,5.6
8,0,33,528,35,63,.556,35,63,.556,0,0,,39,65,.600,55,72,127,3,11,33,31,112,109
8,1,33,16.0,1.1,1.9,.556,1.1,1.9,.556,0.0,0.0,,1.2,2.0,.600,3.8,0.1,0.3,1.0,0.9,3.4,3.3
8,2,33,528,2.7,4.8,.556,2.7,4.8,.556,0.0,0.0,,3.0,4.9,.600,9.6,0.2,0.8,2.5,2.3,8.5,8.3
8,3,33,528,3.8,6.8,.556,3.8,6.8,.556,0.0,0.0,,4.2,7.0,.600,13.7,0.3,1.2,3.5,3.3,12.0,11.7,,107.6,101.2
8,4,33,528,11.0,.581,.556,.000,1.032,124,11.9,15.1,13.5,0.9,1.2,6.5,24.8,11.5,,0.6,0.7,1.3,.098,,-0.6,3.1,2.5
9,0,34,308,39,79,.494,31,56,.554,8,23,.348,20,32,.625,34,48,82,5,10,10,13,56,106
9,1,34,9.1,1.1,2.3,.494,0.9,1.6,.554,0.2,0.7,.348,0.6,0.9,.625,2.4,0.1,0.3,0.3,0.4,1.6,3.1
9,2,34,308,5.1,10.3,.494,4.0,7.3,.554,1.0,3.0,.348,2.6,4.2,.625,10.6,0.6,1.3,1.3,1.7,7.3,13.8
9,3,34,308,7.2,14.6,.494,5.7,10.3,.554,1.5,4.2,.348,3.7,5.9,.625,15.1,0.9,1.8,1.8,2.4,10.3,19.5,,117.9,100.8
9,4,34,308,16.8,.563,.544,.291,.405,106,12.7,17.2,15.0,2.9,1.8,3.4,12.1,16.9,,0.7,0.4,1.1,.147,,1.8,0.6,2.5
10,0,27,262,20,47,.426,17,29,.586,3,18,.167,13,13,1.000,12,33,45,21,4,4,12,32,56
10,1,27,9.7,0.7,1.7,.426,0.6,1.1,.586,0.1,0.7,.167,0.5,0.5,1.000,1.7,0.8,0.1,0.1,0.4,1.2,2.1
10,2,27,262,3.1,7.2,.426,2.6,4.4,.586,0.5,2.7,.167,2.0,2.0,1.000,6.9,3.2,0.6,0.6,1.8,4.9,8.5
10,3,27,262,4.3,10.2,.426,3.7,6.3,.586,0.7,3.9,.167,2.8,2.8,1.000,9.8,4.6,0.9,0.9,2.6,6.9,12.1,,112.2,105.5
10,4,27,262,10.5,.527,.457,.383,.277,65,5.3,13.9,9.7,13.1,0.9,1.6,18.4,12.1,,0.4,0.3,0.6,.093,,0.7,1.0,1.8
11,0,22,221,12,21,.571,10,17,.588,2,4,.500,6,9,.667,25,25,50,14,8,9,6,34,32
11,1,22,10.0,0.5,1.0,.571,0.5,0.8,.588,0.1,0.2,.500,0.3,0.4,.667,2.3,0.6,0.4,0.4,0.3,1.5,1.5
11,2,22,221,2.2,3.8,.571,1.8,3.1,.588,0.4,0.7,.500,1.1,1.6,.667,9.0,2.5,1.4,1.6,1.1,6.2,5.8
11,3,22,221,3.1,5.4,.571,2.6,4.4,.588,0.5,1.0,.500,1.5,2.3,.667,12.9,3.6,2.1,2.3,1.5,8.7,8.2,,140.8,101.8
11,4,22,221,14.2,.633,.619,.190,.429,48,13.0,12.5,12.7,10.0,2.1,4.2,19.2,6.9,,0.5,0.3,0.8,.140,,3.8,4.5,8.3
12,0,25,196,21,50,.420,5,10,.500,16,40,.400,2,2,1.000,3,32,35,12,7,0,6,18,60
12,1,25,7.8,0.8,2.0,.420,0.2,0.4,.500,0.6,1.6,.400,0.1,0.1,1.000,1.4,0.5,0.3,0.0,0.2,0.7,2.4
12,2,25,196,4.3,10.2,.420,1.0,2.0,.500,3.3,8.2,.400,0.4,0.4,1.000,7.1,2.4,1.4,0.0,1.2,3.7,12.2
12,3,25,196,6.1,14.5,.420,1.4,2.9,.500,4.6,11.6,.400,0.6,0.6,1.000,10.1,3.5,2.0,0.0,1.7,5.2,17.4,,120.6,102.3
12,4,25,196,14.2,.589,.580,.800,.040,54,1.8,18.0,10.1,10.6,2.0,0.0,10.5,14.1,,0.4,0.2,0.6,.128,,3.3,0.1,3.5
13,0,28,735,123,259,.475,79,143,.552,44,116,.379,76,105,.724,16,84,100,52,39,6,31,57,366
13,1,28,26.3,4.4,9.3,.475,2.8,5.1,.552,1.6,4.1,.379,2.7,3.8,.724,3.6,1.9,1.4,0.2,1.1,2.0,13.1
13,2,28,735,6.7,14.1,.475,4.3,7.8,.552,2.4,6.3,.379,4.1,5.7,.724,5.4,2.8,2.1,0.3,1.7,3.1,19.9
13,3,28,735,9.5,20.0,.475,6.1,11.1,.552,3.4,9.0,.379,5.9,8.1,.724,7.7,4.0,3.0,0.5,2.4,4.4,28.3,,122.7,101.9
13,4,28,735,22.0,.592,.560,.448,.405,324,2.5,12.6,7.7,13.6,3.0,0.8,9.1,22.5,,2.4,1.0,3.4,.183,,5.8,0.9,6.6
14,0,32,406,21,46,.457,21,46,.457,0,0,,18,27,.667,23,31,54,6,10,2,14,92,60
14,1,32,12.7,0.7,1.4,.457,0.7,1.4,.457,0.0,0.0,,0.6,0.8,.667,1.7,0.2,0.3,0.1,0.4,2.9,1.9
14,2,32,406,2.1,4.5,.457,2.1,4.5,.457,0.0,0.0,,1.8,2.7,.667,5.3,0.6,1.0,0.2,1.4,9.1,5.9
14,3,32,406,2.9,6.4,.457,2.9,6.4,.457,0.0,0.0,,2.5,3.8,.667,7.6,0.8,1.4,0.3,2.0,12.9,8.4,,104.4,106.5
14,4,32,406,4.5,.510,.457,.000,.587,67,6.5,8.4,7.5,2.3,1.4,0.5,19.2,8.7,,0.3,0.4,0.6,.060,,-0.6,1.0,0.4
