0,0,35,934,48,88,.545,46,83,.554,2,5,.400,34,52,.654,90,188,278,32,26,31,37,119,132
0,1,35,26.7,1.4,2.5,.545,1.3,2.4,.554,0.1,0.1,.400,1.0,1.5,.654,7.9,0.9,0.7,0.9,1.1,3.4,3.8
0,2,35,934,2.1,3.8,.545,2.0,3.6,.554,0.1,0.2,.400,1.5,2.2,.654,11.9,1.4,1.1,1.3,1.6,5.1,5.7
0,3,35,934,2.8,5.1,.545,2.7,4.8,.554,0.1,0.3,.400,2.0,3.0,.654,16.2,1.9,1.5,1.8,2.2,6.9,7.7,,116.5,101.9
0,4,35,934,11.7,.586,.557,.057,.591,176,10.3,21.2,15.8,5.2,1.5,3.4,24.7,7.4,,0.9,1.4,2.4,.102,,0.8,4.8,5.6
1,0,34,369,44,119,.370,32,83,.386,12,36,.333,32,62,.516,21,51,72,25,13,6,15,26,132
1,1,34,10.9,1.3,3.5,.370,0.9,2.4,.386,0.4,1.1,.333,0.9,1.8,.516,2.1,0.7,0.4,0.2,0.4,0.8,3.9
1,2,34,369,4.8,12.9,.370,3.5,9.0,.386,1.3,3.9,.333,3.5,6.7,.516,7.8,2.7,1.4,0.7,1.6,2.8,14.3
1,3,34,369,6.5,17.5,.370,4.7,12.2,.386,1.8,5.3,.333,4.7,9.1,.516,10.6,3.7,1.9,0.9,2.2,3.8,19.5,,101.5,104.8
1,4,34,369,13.6,.445,.420,.303,.521,134,6.1,14.6,10.4,11.5,1.9,1.6,9.2,20.5,,0.3,0.5,0.8,.085,,-0.3,0.8,0.5
2,0,35,954,164,426,.385,104,249,.418,60,177,.339,93,135,.689,19,99,118,151,61,5,70,63,481
2,1,35,27.3,4.7,12.2,.385,3.0,7.1,.418,1.7,5.1,.339,2.7,3.9,.689,3.4,4.3,1.7,0.1,2.0,1.8,13.7
2,2,35,954,6.9,17.9,.385,4.4,10.4,.418,2.5,7.4,.339,3.9,5.7,.689,4.9,6.3,2.6,0.2,2.9,2.6,20.2
2,3,35,954,9.4,24.3,.385,5.9,14.2,.418,3.4,10.1,.339,5.3,7.7,.689,6.7,8.6,3.5,0.3,4.0,3.6,27.4,,106.3,103.4
2,4,35,954,19.2,.491,.455,.415,.317,487,2.1,10.9,6.6,29.4,3.5,0.5,12.5,27.1,,1.7,1.3,3.0,.126,,4.0,1.2,5.2
3,0,34,1136,175,352,.497,167,330,.506,8,22,.364,117,203,.576,85,190,275,156,57,14,89,82,475
3,1,34,33.4,5.1,10.4,.497,4.9,9.7,.506,0.2,0.6,.364,3.4,6.0,.576,8.1,4.6,1.7,0.4,2.6,2.4,14.0
3,2,34,1136,6.2,12.4,.497,5.9,11.6,.506,0.3,0.8,.364,4.1,7.1,.576,9.7,5.5,2.0,0.5,3.1,2.9,16.7
3,3,34,1136,8.4,16.9,.497,8.0,15.8,.506,0.4,1.1,.364,5.6,9.7,.576,13.2,7.5,2.7,0.7,4.3,3.9,22.7,,110.0,102.0
3,4,34,1136,20.5,.530,.509,.063,.577,523,8.0,17.6,12.8,24.7,2.7,1.2,16.6,21.9,,2.2,1.7,3.9,.138,,3.4,3.8,7.3
4,0,35,528,84,195,.431,55,102,.539,29,93,.312,49,58,.845,6,44,50,35,15,1,29,49,246
4,1,35,15.1,2.4,5.6,.431,1.6,2.9,.539,0.8,2.7,.312,1.4,1.7,.845,1.4,1.0,0.4,0.0,0.8,1.4,7.0
4,2,35,528,6.4,14.8,.431,4.2,7.7,.539,2.2,7.0,.312,3.7,4.4,.845,3.8,2.7,1.1,0.1,2.2,3.7,18.6
4,3,35,528,8.7,20.1,.431,5.7,10.5,.539,3.0,9.6,.312,5.0,6.0,.845,5.2,3.6,1.5,0.1,3.0,5.0,25.3,,111.9,108.6
4,4,35,528,15.0,.553,.505,.477,.297,218,1.2,8.8,5.0,12.0,1.5,0.2,11.5,22.0,,1.0,0.5,1.5,.111,,2.3,-1.6,0.8
5,0,33,1143,252,544,.463,212,445,.476,40,99,.404,223,253,.881,33,93,126,49,34,9,63,75,767
5,1,33,34.6,7.6,16.5,.463,6.4,13.5,.476,1.2,3.0,.404,6.8,7.7,.881,3.8,1.5,1.0,0.3,1.9,2.3,23.2
5,2,33,1143,8.8,19.0,.463,7.4,15.6,.476,1.4,3.5,.404,7.8,8.9,.881,4.4,1.7,1.2,0.3,2.2,2.6,26.8
5,3,33,1143,12.0,25.9,.463,10.1,21.2,.476,1.9,4.7,.404,10.6,12.0,.881,6.0,2.3,1.6,0.4,3.0,3.6,36.5,,120.4,108.3
5,4,33,1143,23.2,.577,.500,.182,.465,666,3.1,8.6,5.8,8.8,1.6,0.8,8.7,29.4,,4.0,1.1,5.1,.179,,4.4,-1.3,3.1
6,0,9,17,1,3,.333,0,0,,1,3,.333,1,4,.250,0,3,3,1,1,0,2,2,4
6,1,9,1.9,0.1,0.3,.333,0.0,0.0,,0.1,0.3,.333,0.1,0.4,.250,0.3,0.1,0.1,0.0,0.2,0.2,0.4
6,2,9,17,2.4,7.1,.333,0.0,0.0,,2.4,7.1,.333,2.4,9.4,.250,7.1,2.4,2.4,0.0,4.7,4.7,9.4
6,3,9,17,3.2,9.6,.333,0.0,0.0,,3.2,9.6,.333,3.2,12.8,.250,9.6,3.2,3.2,0.0,6.4,6.4,12.8,,65.0,101.0
6,4,9,17,3.1,.408,.500,1.000,1.333,4,0.0,18.6,9.4,9.0,3.2,0.0,29.0,18.8,,0.0,0.0,0.0,-.031,,-3.9,1.0,-2.9
7,0,33,842,139,264,.527,139,264,.527,0,0,,111,180,.617,93,118,211,32,15,24,49,107,389
7,1,33,25.5,4.2,8.0,.527,4.2,8.0,.527,0.0,0.0,,3.4,5.5,.617,6.4,1.0,0.5,0.7,1.5,3.2,11.8
7,2,33,842,6.6,12.5,.527,6.6,12.5,.527,0.0,0.0,,5.3,8.6,.617,10.0,1.5,0.7,1.1,2.3,5.1,18.5
7,3,33,842,9.0,17.1,.527,9.0,17.1,.527,0.0,0.0,,7.2,11.6,.617,13.6,2.1,1.0,1.6,3.2,6.9,25.1,,115.2,105.9
7,4,33,842,19.2,.557,.527,.000,.682,384,11.8,14.8,13.3,7.0,1.0,2.9,12.3,21.9,,2.0,1.0,3.0,.141,,1.9,1.2,3.0
8,0,7,10,0,1,.000,0,1,.000,0,0,,0,0,,0,1,1,0,0,0,0,4,0
8,1,7,1.4,0.0,0.1,.000,0.0,0.1,.000,0.0,0.0,,0.0,0.0,,0.1,0.0,0.0,0.0,0.0,0.6,0.0
8,2,7,10,0.0,4.0,.000,0.0,4.0,.000,0.0,0.0,,0.0,0.0,,4.0,0.0,0.0,0.0,0.0,16.0,0.0
8,3,7,10,0.0,5.4,.000,0.0,5.4,.000,0.0,0.0,,0.0,0.0,,5.4,0.0,0.0,0.0,0.0,21.8,0.0,,0.0,110.1
8,4,7,10,-8.6,.000,.000,.000,.000,0,0.0,10.5,5.3,0.0,0.0,0.0,0.0,4.6,,0.0,0.0,0.0,-.029,,-7.7,-0.4,-8.1
9,0,32,352,17,27,.630,17,25,.680,0,2,.000,11,19,.579,26,51,77,14,5,9,6,52,45
9,1,32,11.0,0.5,0.8,.630,0.5,0.8,.680,0.0,0.1,.000,0.3,0.6,.579,2.4,0.4,0.2,0.3,0.2,1.6,1.4
9,2,32,352,1.9,3.1,.630,1.9,2.8,.680,0.0,0.2,.000,1.3,2.2,.579,8.8,1.6,0.6,1.0,0.7,5.9,5.1
9,3,32,352,2.6,4.2,.630,2.6,3.9,.680,0.0,0.3,.000,1.7,2.9,.579,11.9,2.2,0.8,1.4,0.9,8.0,7.0,,136.1,106.2
9,4,32,352,9.7,.625,.630,.074,.704,58,7.9,15.3,11.6,6.0,0.8,2.6,14.3,5.5,,0.5,0.4,0.9,.101,,0.8,2.9,3.7
10,0,35,586,76,141,.539,51,79,.646,25,62,.403,51,69,.739,6,56,62,45,20,2,19,55,228
10,1,35,16.7,2.2,4.0,.539,1.5,2.3,.646,0.7,1.8,.403,1.5,2.0,.739,1.8,1.3,0.6,0.1,0.5,1.6,6.5
10,2,35,586,5.2,9.6,.539,3.5,5.4,.646,1.7,4.2,.403,3.5,4.7,.739,4.2,3.1,1.4,0.1,1.3,3.8,15.6
10,3,35,586,7.1,13.1,.539,4.7,7.3,.646,2.3,5.8,.403,4.7,6.4,.739,5.8,4.2,1.9,0.2,1.8,5.1,21.2,,132.9,107.3
10,4,35,586,17.1,.656,.628,.440,.489,204,1.1,10.1,5.6,13.2,1.9,0.3,9.9,15.2,,1.6,0.6,2.2,.152,,4.5,0.1,4.6
11,0,31,252,12,26,.462,12,26,.462,0,0,,8,20,.400,13,16,29,4,4,2,14,56,32
11,1,31,8.1,0.4,0.8,.462,0.4,0.8,.462,0.0,0.0,,0.3,0.6,.400,0.9,0.1,0.1,0.1,0.5,1.8,1.0
11,2,31,252,1.9,4.1,.462,1.9,4.1,.462,0.0,0.0,,1.3,3.2,.400,4.6,0.6,0.6,0.3,2.2,8.9,5.1
11,3,31,252,2.6,5.6,.462,2.6,5.6,.462,0.0,0.0,,1.7,4.3,.400,6.3,0.9,0.9,0.4,3.0,12.1,6.9,,81.0,110.0
11,4,31,252,1.0,.451,.462,.000,.769,36,5.5,6.7,6.1,2.4,0.9,0.8,28.3,9.1,,-0.1,0.2,0.1,.011,,-3.3,1.0,-2.3
