0,0,29,230,9,25,.360,8,24,.333,1,1,1.000,9,11,.818,19,18,37,6,7,0,4,32,28
0,1,29,7.9,0.3,0.9,.360,0.3,0.8,.333,0.0,0.0,1.000,0.3,0.4,.818,1.3,0.2,0.2,0.0,0.1,1.1,1.0
0,2,29,230,1.6,4.3,.360,1.4,4.2,.333,0.2,0.2,1.000,1.6,1.9,.818,6.4,1.0,1.2,0.0,0.7,5.6,4.9
0,3,29,230,2.4,6.8,.360,2.2,6.5,.333,0.3,0.3,1.000,2.4,3.0,.818,10.0,1.6,1.9,0.0,1.1,8.6,7.6,,113.9,106.1
0,4,29,230,8.4,.463,.380,.040,.440,36,9.0,9.6,9.3,5.2,1.9,0.0,11.7,7.8,,0.2,0.2,0.4,.074,,-2.6,-1.1,-3.8
1,0,32,889,94,214,.439,81,170,.476,13,44,.295,51,72,.708,67,106,173,19,30,33,63,124,252
1,1,32,27.8,2.9,6.7,.439,2.5,5.3,.476,0.4,1.4,.295,1.6,2.3,.708,5.4,0.6,0.9,1.0,2.0,3.9,7.9
1,2,32,889,4.2,9.6,.439,3.6,7.6,.476,0.6,2.0,.295,2.3,3.2,.708,7.8,0.9,1.3,1.5,2.8,5.6,11.3
1,3,32,889,6.6,15.0,.439,5.7,11.9,.476,0.9,3.1,.295,3.6,5.0,.708,12.1,1.3,2.1,2.3,4.4,8.7,17.6,,94.6,101.4
1,4,32,889,13.0,.508,.470,.206,.336,248,8.2,14.6,11.2,4.9,2.1,4.6,20.2,18.5,,0.4,1.1,1.6,.071,,-2.7,0.9,-1.8
2,0,31,429,26,84,.310,22,53,.415,4,31,.129,31,50,.620,21,56,77,24,9,3,26,50,87
2,1,31,13.8,0.8,2.7,.310,0.7,1.7,.415,0.1,1.0,.129,1.0,1.6,.620,2.5,0.8,0.3,0.1,0.8,1.6,2.8
2,2,31,429,2.4,7.8,.310,2.1,4.9,.415,0.4,2.9,.129,2.9,4.7,.620,7.2,2.2,0.8,0.3,2.4,4.7,8.1
2,3,31,429,3.8,12.2,.310,3.2,7.7,.415,0.6,4.5,.129,4.5,7.2,.620,11.1,3.5,1.3,0.4,3.8,7.2,12.6,,84.8,104.2
2,4,31,429,7.4,.404,.333,.369,.595,97,5.3,16.0,10.4,11.6,1.3,0.9,19.4,16.4,,-0.1,0.4,0.3,.026,,-4.6,-1.7,-6.3
3,0,32,223,10,25,.400,10,25,.400,0,0,,4,9,.444,19,30,49,1,7,11,10,51,24
3,1,32,7.0,0.3,0.8,.400,0.3,0.8,.400,0.0,0.0,,0.1,0.3,.444,1.5,0.0,0.2,0.3,0.3,1.6,0.8
3,2,32,223,1.8,4.5,.400,1.8,4.5,.400,0.0,0.0,,0.7,1.6,.444,8.8,0.2,1.3,2.0,1.8,9.1,4.3
3,3,32,223,2.8,7.0,.400,2.8,7.0,.400,0.0,0.0,,1.1,2.5,.444,13.6,0.3,1.9,3.1,2.8,14.2,6.7,,82.2,99.6
3,4,32,223,6.4,.410,.400,.000,.360,29,9.3,16.5,12.7,0.9,1.9,6.1,25.5,9.3,,-0.1,0.3,0.2,.044,,-6.6,1.4,-5.2
4,0,32,1059,121,313,.387,55,140,.393,66,173,.382,60,82,.732,15,59,74,58,58,5,49,46,368
4,1,32,33.1,3.8,9.8,.387,1.7,4.4,.393,2.1,5.4,.382,1.9,2.6,.732,2.3,1.8,1.8,0.2,1.5,1.4,11.5
4,2,32,1059,4.6,11.8,.387,2.1,5.3,.393,2.5,6.5,.382,2.3,3.1,.732,2.8,2.2,2.2,0.2,1.9,1.7,13.9
4,3,32,1059,7.1,18.4,.387,3.2,8.2,.393,3.9,10.1,.382,3.5,4.8,.732,4.3,3.4,3.4,0.3,2.9,2.7,21.6,,106.0,104.4
4,4,32,1059,15.7,.523,.492,.553,.262,338,1.5,6.8,4.0,12.8,3.4,0.6,12.2,20.0,,1.7,1.0,2.7,.101,,1.9,-1.5,0.5
5,0,12,23,0,4,.000,0,1,.000,0,3,.000,0,2,.000,2,1,3,0,1,0,0,4,0
5,1,12,1.9,0.0,0.3,.000,0.0,0.1,.000,0.0,0.3,.000,0.0,0.2,.000,0.3,0.0,0.1,0.0,0.0,0.3,0.0
5,2,12,23,0.0,7.0,.000,0.0,1.7,.000,0.0,5.2,.000,0.0,3.5,.000,5.2,0.0,1.7,0.0,0.0,7.0,0.0
5,3,12,23,0.0,10.8,.000,0.0,2.7,.000,0.0,8.1,.000,0.0,5.4,.000,8.1,0.0,2.7,0.0,0.0,10.8,0.0,,24.1,106.0
5,4,12,23,-5.5,.000,.000,.750,.500,1,9.5,5.3,7.5,0.0,2.7,0.0,0.0,11.3,,-0.1,0.0,-0.1,-.100,,-8.8,-3.9,-12.7
6,0,32,368,34,103,.330,10,25,.400,24,78,.308,8,14,.571,18,29,47,14,6,0,22,29,100
6,1,32,11.5,1.1,3.2,.330,0.3,0.8,.400,0.8,2.4,.308,0.3,0.4,.571,1.5,0.4,0.2,0.0,0.7,0.9,3.1
6,2,32,368,3.7,11.2,.330,1.1,2.7,.400,2.6,8.5,.308,0.9,1.5,.571,5.1,1.5,0.7,0.0,2.4,3.2,10.9
6,3,32,368,5.7,17.4,.330,1.7,4.2,.400,4.1,13.2,.308,1.4,2.4,.571,7.9,2.4,1.0,0.0,3.7,4.9,16.9,,90.6,108.4
6,4,32,368,8.2,.456,.447,.757,.136,97,5.3,9.7,7.4,8.4,1.0,0.0,16.7,18.9,,0.1,0.2,0.3,.029,,-1.9,-4.3,-6.1
7,0,31,692,76,218,.349,50,126,.397,26,92,.283,41,56,.732,61,89,150,12,18,19,42,82,219
7,1,31,22.3,2.5,7.0,.349,1.6,4.1,.397,0.8,3.0,.283,1.3,1.8,.732,4.8,0.4,0.6,0.6,1.4,2.6,7.1
7,2,31,692,4.4,12.6,.349,2.9,7.3,.397,1.5,5.3,.283,2.4,3.2,.732,8.7,0.7,1.0,1.1,2.4,4.7,12.7
7,3,31,692,6.8,19.6,.349,4.5,11.3,.397,2.3,8.3,.283,3.7,5.0,.732,13.5,1.1,1.6,1.7,3.8,7.4,19.7,,92.6,102.5
7,4,31,692,12.6,.448,.408,.422,.257,216,9.6,15.8,12.5,4.0,1.6,3.4,14.7,21.8,,0.3,0.8,1.1,.061,,-2.8,-1.9,-4.7
8,0,31,898,106,268,.396,50,135,.370,56,133,.421,71,87,.816,14,59,73,85,28,2,65,61,339
8,1,31,29.0,3.4,8.6,.396,1.6,4.4,.370,1.8,4.3,.421,2.3,2.8,.816,2.4,2.7,0.9,0.1,2.1,2.0,10.9
8,2,31,898,4.7,11.9,.396,2.2,6.0,.370,2.5,5.9,.421,3.2,3.9,.816,3.3,3.8,1.2,0.1,2.9,2.7,15.1
8,3,31,898,7.3,18.5,.396,3.5,9.3,.370,3.9,9.2,.421,4.9,6.0,.816,5.0,5.9,1.9,0.1,4.5,4.2,23.4,,106.3,107.0
8,4,31,898,15.8,.548,.500,.496,.325,330,1.7,8.1,4.7,22.3,1.9,0.3,17.4,22.0,,1.6,0.6,2.3,.101,,1.9,-3.3,-1.4
9,0,27,273,5,24,.208,4,14,.286,1,10,.100,3,6,.500,1,15,16,18,7,0,7,20,14
9,1,27,10.1,0.2,0.9,.208,0.1,0.5,.286,0.0,0.4,.100,0.1,0.2,.500,0.6,0.7,0.3,0.0,0.3,0.7,0.5
9,2,27,273,0.7,3.5,.208,0.6,2.1,.286,0.1,1.5,.100,0.4,0.9,.500,2.3,2.6,1.0,0.0,1.0,2.9,2.1
9,3,27,273,1.1,5.5,.208,0.9,3.2,.286,0.2,2.3,.100,0.7,1.4,.500,3.6,4.1,1.6,0.0,1.6,4.6,3.2,,71.0,108.5
9,4,27,273,2.3,.261,.229,.417,.250,21,0.4,6.7,3.4,12.6,1.6,0.0,20.7,6.5,,-0.2,0.2,0.0,-.001,,-6.0,-1.8,-7.8
10,0,15,83,4,21,.190,3,18,.167,1,3,.333,2,4,.500,3,9,12,9,1,0,8,6,11
10,1,15,5.5,0.3,1.4,.190,0.2,1.2,.167,0.1,0.2,.333,0.1,0.3,.500,0.8,0.6,0.1,0.0,0.5,0.4,0.7
10,2,15,83,1.9,10.1,.190,1.4,8.7,.167,0.5,1.4,.333,1.0,1.9,.500,5.8,4.3,0.5,0.0,3.9,2.9,5.3
10,3,15,83,3.0,15.7,.190,2.2,13.5,.167,0.7,2.2,.333,1.5,3.0,.500,9.0,6.7,0.7,0.0,6.0,4.5,8.2,,57.7,107.3
10,4,15,83,-0.5,.240,.214,.143,.190,15,3.9,13.3,8.3,21.9,0.7,0.0,25.9,19.6,,-0.3,0.1,-0.2,-.095,,-10.5,-3.3,-13.8
11,0,31,263,16,41,.390,16,40,.400,0,1,.000,1,7,.143,22,19,41,4,6,10,12,44,33
11,1,31,8.5,0.5,1.3,.390,0.5,1.3,.400,0.0,0.0,.000,0.0,0.2,.143,1.3,0.1,0.2,0.3,0.4,1.4,1.1
11,2,31,263,2.4,6.2,.390,2.4,6.1,.400,0.0,0.2,.000,0.2,1.1,.143,6.2,0.6,0.9,1.5,1.8,6.7,5.0
11,3,31,263,3.8,9.7,.390,3.8,9.4,.400,0.0,0.2,.000,0.2,1.7,.143,9.7,0.9,1.4,2.4,2.8,10.4,7.8,,78.9,105.4
11,4,31,263,5.3,.372,.390,.024,.171,39,9.1,8.9,9.0,3.2,1.4,4.7,21.3,11.3,,-0.2,0.2,0.1,.012,,-6.0,0.6,-5.4
12,0,4,4,0,1,.000,0,0,,0,1,.000,0,0,,0,1,1,0,0,0,0,0,0
12,1,4,1.0,0.0,0.3,.000,0.0,0.0,,0.0,0.3,.000,0.0,0.0,,0.3,0.0,0.0,0.0,0.0,0.0,0.0
12,2,4,4,0.0,10.0,.000,0.0,0.0,,0.0,10.0,.000,0.0,0.0,,10.0,0.0,0.0,0.0,0.0,0.0,0.0
12,3,4,4,0.0,15.5,.000,0.0,0.0,,0.0,15.5,.000,0.0,0.0,,15.5,0.0,0.0,0.0,0.0,0.0,0.0,,0.0,101.3
12,4,4,4,-6.4,.000,.000,1.000,.000,0,0.0,30.7,14.4,0.0,0.0,0.0,0.0,13.2,,0.0,0.0,0.0,-.128,,-14.4,-7.5,-21.9
13,0,32,1016,199,431,.462,188,393,.478,11,38,.289,96,194,.495,74,141,215,79,36,22,82,81,505
13,1,32,31.8,6.2,13.5,.462,5.9,12.3,.478,0.3,1.2,.289,3.0,6.1,.495,6.7,2.5,1.1,0.7,2.6,2.5,15.8
13,2,32,1016,7.8,17.0,.462,7.4,15.5,.478,0.4,1.5,.289,3.8,7.6,.495,8.5,3.1,1.4,0.9,3.2,3.2,19.9
13,3,32,1016,12.2,26.4,.462,11.5,24.0,.478,0.7,2.3,.289,5.9,11.9,.495,13.1,4.8,2.2,1.3,5.0,5.0,30.9,,98.6,101.2
13,4,32,1016,21.7,.483,.474,.088,.450,495,7.9,17.0,12.2,22.4,2.2,2.7,13.6,31.4,,1.5,1.3,2.8,.109,,1.1,0.1,1.2
