0,0,26,196,4,32,.125,4,32,.125,0,0,,9,12,.750,28,27,55,2,1,8,4,36,17
0,1,26,7.5,0.2,1.2,.125,0.2,1.2,.125,0.0,0.0,,0.3,0.5,.750,2.1,0.1,0.0,0.3,0.2,1.4,0.7
0,2,26,196,0.8,6.5,.125,0.8,6.5,.125,0.0,0.0,,1.8,2.4,.750,11.2,0.4,0.2,1.6,0.8,7.3,3.5
0,3,26,196,1.4,11.0,.125,1.4,11.0,.125,0.0,0.0,,3.1,4.1,.750,18.9,0.7,0.3,2.8,1.4,12.4,5.9,,80.9,100.2
0,4,26,196,5.8,.225,.125,.000,.375,30,15.9,17.7,16.7,2.0,0.3,4.9,9.6,11.9,,-0.1,0.3,0.2,.037,,-7.1,1.0,-6.1
1,0,29,850,93,255,.365,68,185,.368,25,70,.357,41,56,.732,46,131,177,35,22,38,44,86,252
1,1,29,29.3,3.2,8.8,.365,2.3,6.4,.368,0.9,2.4,.357,1.4,1.9,.732,6.1,1.2,0.8,1.3,1.5,3.0,8.7
1,2,29,850,4.4,12.0,.365,3.2,8.7,.368,1.2,3.3,.357,1.9,2.6,.732,8.3,1.6,1.0,1.8,2.1,4.0,11.9
1,3,29,850,7.4,20.2,.365,5.4,14.7,.368,2.0,5.6,.357,3.3,4.4,.732,14.1,2.8,1.7,3.0,3.5,6.8,20.0,,94.1,96.4
1,4,29,850,14.6,.447,.414,.275,.220,247,6.0,19.8,12.4,9.8,1.7,5.3,13.5,21.5,,0.4,1.6,1.9,.090,,-2.5,3.2,0.7
2,0,29,879,146,288,.507,146,287,.509,0,1,.000,41,76,.539,56,128,184,25,19,9,35,66,333
2,1,29,30.3,5.0,9.9,.507,5.0,9.9,.509,0.0,0.0,.000,1.4,2.6,.539,6.3,0.9,0.7,0.3,1.2,2.3,11.5
2,2,29,879,6.6,13.1,.507,6.6,13.1,.509,0.0,0.0,.000,1.9,3.5,.539,8.4,1.1,0.9,0.4,1.6,3.0,15.2
2,3,29,879,11.2,22.1,.507,11.2,22.0,.509,0.0,0.1,.000,3.1,5.8,.539,14.1,1.9,1.5,0.7,2.7,5.1,25.6,,106.0,100.0
2,4,29,879,19.2,.514,.507,.003,.264,305,7.1,18.7,12.5,7.8,1.5,1.2,9.7,22.9,,1.5,1.3,2.8,.128,,-0.6,0.2,-0.4
3,0,29,669,45,136,.331,15,39,.385,30,97,.309,16,22,.727,20,45,65,19,23,7,9,36,136
3,1,29,23.1,1.6,4.7,.331,0.5,1.3,.385,1.0,3.3,.309,0.6,0.8,.727,2.2,0.7,0.8,0.2,0.3,1.2,4.7
3,2,29,669,2.7,8.1,.331,0.9,2.3,.385,1.8,5.8,.309,1.0,1.3,.727,3.9,1.1,1.4,0.4,0.5,2.2,8.1
3,3,29,669,4.5,13.7,.331,1.5,3.9,.385,3.0,9.8,.309,1.6,2.2,.727,6.6,1.9,2.3,0.7,0.9,3.6,13.7,,107.1,102.2
3,4,29,669,10.9,.464,.441,.713,.162,129,3.3,8.6,5.8,6.1,2.3,1.2,5.8,13.0,,0.7,0.9,1.5,.092,,0.1,0.9,1.0
4,0,7,16,2,7,.286,2,7,.286,0,0,,0,0,,0,2,2,0,0,0,0,2,4
4,1,7,2.3,0.3,1.0,.286,0.3,1.0,.286,0.0,0.0,,0.0,0.0,,0.3,0.0,0.0,0.0,0.0,0.3,0.6
4,2,7,16,5.0,17.5,.286,5.0,17.5,.286,0.0,0.0,,0.0,0.0,,5.0,0.0,0.0,0.0,0.0,5.0,10.0
4,3,7,16,8.4,29.5,.286,8.4,29.5,.286,0.0,0.0,,0.0,0.0,,8.4,0.0,0.0,0.0,0.0,8.4,16.9,,67.2,104.8
4,4,7,16,-0.4,.286,.286,.000,.000,3,0.0,16.0,7.5,0.0,0.0,0.0,0.0,24.6,,0.0,0.0,0.0,-.050,,-13.1,-7.2,-20.3
5,0,9,48,0,1,.000,0,1,.000,0,0,,2,6,.333,4,2,6,1,1,0,1,2,2
5,1,9,5.3,0.0,0.1,.000,0.0,0.1,.000,0.0,0.0,,0.2,0.7,.333,0.7,0.1,0.1,0.0,0.1,0.2,0.2
5,2,9,48,0.0,0.8,.000,0.0,0.8,.000,0.0,0.0,,1.7,5.0,.333,5.0,0.8,0.8,0.0,0.8,1.7,1.7
5,3,9,48,0.0,1.4,.000,0.0,1.4,.000,0.0,0.0,,2.8,8.4,.333,8.4,1.4,1.4,0.0,1.4,2.8,2.8,,84.1,106.4
5,4,9,48,4.7,.260,.000,.000,6.000,4,9.3,5.3,7.5,3.9,1.4,0.0,20.6,5.7,,0.0,0.0,0.0,.027,,-4.5,1.0,-3.5
6,0,29,819,63,144,.438,60,135,.444,3,9,.333,24,47,.511,48,58,106,79,22,6,50,48,153
6,1,29,28.2,2.2,5.0,.438,2.1,4.7,.444,0.1,0.3,.333,0.8,1.6,.511,3.7,2.7,0.8,0.2,1.7,1.7,5.3
6,2,29,819,3.1,7.0,.438,2.9,6.6,.444,0.1,0.4,.333,1.2,2.3,.511,5.2,3.9,1.1,0.3,2.4,2.3,7.5
6,3,29,819,5.2,11.9,.438,4.9,11.1,.444,0.2,0.7,.333,2.0,3.9,.511,8.7,6.5,1.8,0.5,4.1,4.0,12.6,,94.6,103.4
6,4,29,819,11.5,.460,.448,.063,.326,188,6.5,9.1,7.7,21.3,1.8,0.9,23.1,14.8,,0.3,1.0,1.3,.061,,-1.9,1.4,-0.5
7,0,27,583,66,181,.365,27,57,.474,39,124,.315,98,114,.860,30,55,85,31,19,3,27,66,269
7,1,27,21.6,2.4,6.7,.365,1.0,2.1,.474,1.4,4.6,.315,3.6,4.2,.860,3.1,1.1,0.7,0.1,1.0,2.4,10.0
7,2,27,583,4.5,12.4,.365,1.9,3.9,.474,2.7,8.5,.315,6.7,7.8,.860,5.8,2.1,1.3,0.2,1.9,4.5,18.5
7,3,27,583,7.6,21.0,.365,3.1,6.6,.474,4.5,14.4,.315,11.3,13.2,.860,9.8,3.6,2.2,0.3,3.1,7.6,31.1,,121.6,101.1
7,4,27,583,22.7,.572,.472,.685,.630,254,5.7,12.1,8.7,12.8,2.2,0.6,10.3,25.2,,2.2,0.8,3.0,.204,,6.7,-1.3,5.4
8,0,24,642,101,236,.428,99,226,.438,2,10,.200,70,110,.636,35,78,113,35,31,14,36,50,274
8,1,24,26.8,4.2,9.8,.428,4.1,9.4,.438,0.1,0.4,.200,2.9,4.6,.636,4.7,1.5,1.3,0.6,1.5,2.1,11.4
8,2,24,642,6.3,14.7,.428,6.2,14.1,.438,0.1,0.6,.200,4.4,6.9,.636,7.0,2.2,1.9,0.9,2.2,3.1,17.1
8,3,24,642,10.6,24.8,.428,10.4,23.8,.438,0.2,1.1,.200,7.4,11.6,.636,11.9,3.7,3.3,1.5,3.8,5.3,28.8,,100.2,96.4
8,4,24,642,20.9,.475,.432,.042,.466,261,6.1,15.6,10.5,14.6,3.3,2.6,11.1,28.4,,0.9,1.2,2.1,.128,,-0.4,2.2,1.7
9,0,2,12,1,7,.143,0,4,.000,1,3,.333,0,0,,0,3,3,0,0,0,0,1,3
9,1,2,6.0,0.5,3.5,.143,0.0,2.0,.000,0.5,1.5,.333,0.0,0.0,,1.5,0.0,0.0,0.0,0.0,0.5,1.5
9,2,2,12,3.3,23.3,.143,0.0,13.3,.000,3.3,10.0,.333,0.0,0.0,,10.0,0.0,0.0,0.0,0.0,3.3,10.0
9,3,2,12,5.6,39.4,.143,0.0,22.5,.000,5.6,16.9,.333,0.0,0.0,,16.9,0.0,0.0,0.0,0.0,5.6,16.9,,53.6,98.6
9,4,2,12,-5.6,.214,.214,.429,.000,3,0.0,32.0,14.9,0.0,0.0,0.0,0.0,32.7,,-0.1,0.0,0.0,-.124,,-16.3,-10.8,-27.1
10,0,27,703,72,201,.358,27,67,.403,45,134,.336,39,52,.750,9,43,52,59,16,1,36,39,228
10,1,27,26.0,2.7,7.4,.358,1.0,2.5,.403,1.7,5.0,.336,1.4,1.9,.750,1.9,2.2,0.6,0.0,1.3,1.4,8.4
10,2,27,703,4.1,11.4,.358,1.5,3.8,.403,2.6,7.6,.336,2.2,3.0,.750,3.0,3.4,0.9,0.1,2.0,2.2,13.0
10,3,27,703,6.9,19.3,.358,2.6,6.4,.403,4.3,12.9,.336,3.7,5.0,.750,5.0,5.7,1.5,0.1,3.5,3.7,21.9,,104.0,104.9
10,4,27,703,13.6,.505,.470,.667,.259,220,1.4,7.8,4.4,19.6,1.5,0.2,13.8,20.9,,1.0,0.7,1.7,.096,,1.8,-1.9,-0.2
11,0,24,226,9,59,.153,3,10,.300,6,49,.122,6,8,.750,10,22,32,2,2,0,5,23,30
11,1,24,9.4,0.4,2.5,.153,0.1,0.4,.300,0.3,2.0,.122,0.3,0.3,.750,1.3,0.1,0.1,0.0,0.2,1.0,1.3
11,2,24,226,1.6,10.4,.153,0.5,1.8,.300,1.1,8.7,.122,1.1,1.4,.750,5.7,0.4,0.4,0.0,0.9,4.1,5.3
11,3,24,226,2.7,17.6,.153,0.9,3.0,.300,1.8,14.6,.122,1.8,2.4,.750,9.6,0.6,0.6,0.0,1.5,6.9,9.0,,62.6,105.0
11,4,24,226,-1.2,.239,.203,.831,.136,32,4.9,12.5,8.4,1.8,0.6,0.0,7.4,16.8,,-0.5,0.2,-0.2,-.040,,-6.6,-3.3,-10.0
12,0,11,207,18,42,.429,3,6,.500,15,36,.417,0,3,.000,2,21,23,7,2,1,1,10,51
12,1,11,18.8,1.6,3.8,.429,0.3,0.5,.500,1.4,3.3,.417,0.0,0.3,.000,2.1,0.6,0.2,0.1,0.1,0.9,4.6
12,2,11,207,3.5,8.1,.429,0.6,1.2,.500,2.9,7.0,.417,0.0,0.6,.000,4.4,1.4,0.4,0.2,0.2,1.9,9.9
12,3,11,207,5.9,13.7,.429,1.0,2.0,.500,4.9,11.7,.417,0.0,1.0,.000,7.5,2.3,0.7,0.3,0.3,3.3,16.6,,129.1,104.6
12,4,11,207,13.2,.587,.607,.857,.071,43,1.1,13.0,6.6,7.6,0.7,0.6,2.3,12.0,,0.4,0.2,0.6,.125,,1.7,-1.2,0.5
