0,0,33,562,53,120,.442,47,89,.528,6,31,.194,22,28,.786,36,53,89,8,10,31,23,62,134
0,1,33,17.0,1.6,3.6,.442,1.4,2.7,.528,0.2,0.9,.194,0.7,0.8,.786,2.7,0.2,0.3,0.9,0.7,1.9,4.1
0,2,33,562,3.8,8.5,.442,3.3,6.3,.528,0.4,2.2,.194,1.6,2.0,.786,6.3,0.6,0.7,2.2,1.6,4.4,9.5
0,3,33,562,6.2,14.0,.442,5.5,10.4,.528,0.7,3.6,.194,2.6,3.3,.786,10.4,0.9,1.2,3.6,2.7,7.3,15.7,,101.0,105.7
0,4,33,562,12.2,.503,.467,.258,.233,130,7.3,12.1,9.6,3.1,1.2,6.5,14.7,15.5,,0.4,0.7,1.0,.073,,-3.1,2.8,-0.3
1,0,34,628,89,191,.466,89,189,.471,0,2,.000,29,41,.707,34,72,106,20,11,5,28,72,207
1,1,34,18.5,2.6,5.6,.466,2.6,5.6,.471,0.0,0.1,.000,0.9,1.2,.707,3.1,0.6,0.3,0.1,0.8,2.1,6.1
1,2,34,628,5.7,12.2,.466,5.7,12.0,.471,0.0,0.1,.000,1.8,2.6,.707,6.8,1.3,0.7,0.3,1.8,4.6,13.2
1,3,34,628,9.3,20.0,.466,9.3,19.8,.471,0.0,0.2,.000,3.0,4.3,.707,11.1,2.1,1.2,0.5,2.9,7.5,21.7,,100.5,107.4
1,4,34,628,13.0,.492,.466,.010,.215,193,6.2,14.7,10.2,7.7,1.2,0.9,11.7,21.2,,0.5,0.6,1.1,.073,,-3.2,-0.5,-3.7
2,0,6,12,0,1,.000,0,0,,0,1,.000,0,2,.000,0,1,1,0,0,0,1,1,0
2,1,6,2.0,0.0,0.2,.000,0.0,0.0,,0.0,0.2,.000,0.0,0.3,.000,0.2,0.0,0.0,0.0,0.2,0.2,0.0
2,2,6,12,0.0,3.3,.000,0.0,0.0,,0.0,3.3,.000,0.0,6.7,.000,3.3,0.0,0.0,0.0,3.3,3.3,0.0
2,3,6,12,0.0,5.5,.000,0.0,0.0,,0.0,5.5,.000,0.0,11.0,.000,5.5,0.0,0.0,0.0,5.5,5.5,0.0,,0.0,112.3
2,4,6,12,-13.8,.000,.000,1.000,2.000,0,0.0,10.7,5.0,0.0,0.0,0.0,33.9,13.7,,-0.1,0.0,-0.1,-.213,,-14.8,-2.9,-17.7
3,0,25,343,24,68,.353,7,24,.292,17,44,.386,2,5,.400,15,21,36,13,7,4,8,23,67
3,1,25,13.7,1.0,2.7,.353,0.3,1.0,.292,0.7,1.8,.386,0.1,0.2,.400,1.4,0.5,0.3,0.2,0.3,0.9,2.7
3,2,25,343,2.8,7.9,.353,0.8,2.8,.292,2.0,5.1,.386,0.2,0.6,.400,4.2,1.5,0.8,0.5,0.9,2.7,7.8
3,3,25,343,4.6,13.0,.353,1.3,4.6,.292,3.3,8.4,.386,0.4,1.0,.400,6.9,2.5,1.3,0.8,1.5,4.4,12.8,,104.9,109.9
3,4,25,343,9.2,.476,.478,.647,.074,67,5.0,7.9,6.4,7.8,1.3,1.4,10.2,12.7,,0.3,0.3,0.5,.062,,-1.1,0.1,-0.9
4,0,34,1057,167,417,.400,125,273,.458,42,144,.292,83,117,.709,74,167,241,55,44,13,46,72,459
4,1,34,31.1,4.9,12.3,.400,3.7,8.0,.458,1.2,4.2,.292,2.4,3.4,.709,7.1,1.6,1.3,0.4,1.4,2.1,13.5
4,2,34,1057,6.3,15.8,.400,4.7,10.3,.458,1.6,5.4,.292,3.1,4.4,.709,9.1,2.1,1.7,0.5,1.7,2.7,17.4
4,3,34,1057,10.4,25.9,.400,7.8,17.0,.458,2.6,9.0,.292,5.2,7.3,.709,15.0,3.4,2.7,0.8,2.9,4.5,28.6,,106.0,101.4
4,4,34,1057,20.9,.486,.451,.345,.281,442,8.0,20.3,13.8,13.1,2.7,1.4,8.9,27.4,,1.8,1.7,3.5,.131,,1.9,1.3,3.1
5,0,33,349,13,42,.310,13,42,.310,0,0,,20,37,.541,24,55,79,2,11,9,21,52,46
5,1,33,10.6,0.4,1.3,.310,0.4,1.3,.310,0.0,0.0,,0.6,1.1,.541,2.4,0.1,0.3,0.3,0.6,1.6,1.4
5,2,33,349,1.5,4.8,.310,1.5,4.8,.310,0.0,0.0,,2.3,4.2,.541,9.1,0.2,1.3,1.0,2.4,6.0,5.3
5,3,33,349,2.4,7.9,.310,2.4,7.9,.310,0.0,0.0,,3.8,7.0,.541,14.9,0.4,2.1,1.7,4.0,9.8,8.7,,75.4,101.7
5,4,33,349,5.6,.386,.310,.000,.881,53,7.9,20.2,13.7,1.1,2.1,3.0,26.1,12.9,,-0.4,0.5,0.2,.020,,-8.1,1.8,-6.2
6,0,34,775,48,133,.361,31,85,.365,17,48,.354,42,62,.677,14,61,75,94,29,2,38,61,155
6,1,34,22.8,1.4,3.9,.361,0.9,2.5,.365,0.5,1.4,.354,1.2,1.8,.677,2.2,2.8,0.9,0.1,1.1,1.8,4.6
6,2,34,775,2.5,6.9,.361,1.6,4.4,.365,0.9,2.5,.354,2.2,3.2,.677,3.9,4.9,1.5,0.1,2.0,3.1,8.0
6,3,34,775,4.1,11.3,.361,2.6,7.2,.365,1.4,4.1,.354,3.6,5.3,.677,6.4,8.0,2.5,0.2,3.2,5.2,13.1,,102.7,107.0
6,4,34,775,11.4,.477,.425,.361,.466,185,2.1,10.1,5.9,24.6,2.5,0.3,19.0,14.4,,0.6,0.8,1.4,.073,,-1.4,0.6,-0.7
7,0,4,11,0,4,.000,0,1,.000,0,3,.000,0,0,,0,1,1,0,0,0,1,2,0
7,1,4,2.8,0.0,1.0,.000,0.0,0.3,.000,0.0,0.8,.000,0.0,0.0,,0.3,0.0,0.0,0.0,0.3,0.5,0.0
7,2,4,11,0.0,14.5,.000,0.0,3.6,.000,0.0,10.9,.000,0.0,0.0,,3.6,0.0,0.0,0.0,3.6,7.3,0.0
7,3,4,11,0.0,23.9,.000,0.0,6.0,.000,0.0,17.9,.000,0.0,0.0,,6.0,0.0,0.0,0.0,6.0,12.0,0.0,,0.0,111.4
7,4,4,11,-25.3,.000,.000,.750,.000,0,0.0,11.7,5.5,0.0,0.0,0.0,20.0,25.3,,-0.1,0.0,-0.1,-.354,,-21.2,-6.3,-27.5
8,0,34,554,39,110,.355,36,100,.360,3,10,.300,37,60,.617,25,40,65,54,16,4,33,43,118
8,1,34,16.3,1.1,3.2,.355,1.1,2.9,.360,0.1,0.3,.300,1.1,1.8,.617,1.9,1.6,0.5,0.1,1.0,1.3,3.5
8,2,34,554,2.8,7.9,.355,2.6,7.2,.360,0.2,0.7,.300,2.7,4.3,.617,4.7,3.9,1.2,0.3,2.4,3.1,8.5
8,3,34,554,4.6,13.1,.355,4.3,11.9,.360,0.4,1.2,.300,4.4,7.1,.617,7.7,6.4,1.9,0.5,3.9,5.1,14.0,,92.7,108.3
8,4,34,554,9.8,.426,.368,.091,.545,141,5.2,9.3,7.1,20.1,1.9,0.8,19.2,17.3,,0.0,0.5,0.5,.040,,-3.7,0.6,-3.0
9,0,9,68,6,25,.240,1,4,.250,5,21,.238,10,10,1.000,4,2,6,2,2,2,3,12,27
9,1,9,7.6,0.7,2.8,.240,0.1,0.4,.250,0.6,2.3,.238,1.1,1.1,1.000,0.7,0.2,0.2,0.2,0.3,1.3,3.0
9,2,9,68,3.5,14.7,.240,0.6,2.4,.250,2.9,12.4,.238,5.9,5.9,1.000,3.5,1.2,1.2,1.2,1.8,7.1,15.9
9,3,9,68,5.8,24.2,.240,1.0,3.9,.250,4.8,20.3,.238,9.7,9.7,1.000,5.8,1.9,1.9,1.9,2.9,11.6,26.1,,102.5,108.8
9,4,9,68,12.0,.454,.340,.840,.400,26,6.7,3.8,5.3,6.3,1.9,3.4,9.2,26.9,,0.1,0.1,0.1,.084,,1.2,-2.4,-1.1
10,0,34,809,140,266,.526,140,266,.526,0,0,,118,172,.686,64,99,163,40,28,21,43,63,398
10,1,34,23.8,4.1,7.8,.526,4.1,7.8,.526,0.0,0.0,,3.5,5.1,.686,4.8,1.2,0.8,0.6,1.3,1.9,11.7
10,2,34,809,6.9,13.2,.526,6.9,13.2,.526,0.0,0.0,,5.8,8.5,.686,8.1,2.0,1.4,1.0,2.1,3.1,19.7
10,3,34,809,11.4,21.6,.526,11.4,21.6,.526,0.0,0.0,,9.6,14.0,.686,13.2,3.3,2.3,1.7,3.5,5.1,32.3,,117.3,103.6
10,4,34,809,26.0,.572,.526,.000,.647,376,9.1,15.7,12.2,13.0,2.3,3.0,11.0,26.9,,2.5,1.1,3.6,.180,,2.7,1.8,4.5
11,0,28,697,89,247,.360,27,74,.365,62,173,.358,14,20,.700,11,50,61,40,25,1,18,53,254
11,1,28,24.9,3.2,8.8,.360,1.0,2.6,.365,2.2,6.2,.358,0.5,0.7,.700,2.2,1.4,0.9,0.0,0.6,1.9,9.1
11,2,28,697,5.1,14.2,.360,1.5,4.2,.365,3.6,9.9,.358,0.8,1.1,.700,3.5,2.3,1.4,0.1,1.0,3.0,14.6
11,3,28,697,8.4,23.3,.360,2.5,7.0,.365,5.8,16.3,.358,1.3,1.9,.700,5.8,3.8,2.4,0.1,1.7,5.0,24.0,,107.4,107.7
11,4,28,697,14.3,.495,.486,.700,.081,226,1.8,9.2,5.3,13.4,2.4,0.2,6.6,22.0,,1.0,0.7,1.7,.098,,2.6,-1.1,1.5
12,0,34,511,39,112,.348,13,39,.333,26,73,.356,33,40,.825,6,16,22,60,8,0,23,45,137
12,1,34,15.0,1.1,3.3,.348,0.4,1.1,.333,0.8,2.1,.356,1.0,1.2,.825,0.6,1.8,0.2,0.0,0.7,1.3,4.0
12,2,34,511,3.1,8.8,.348,1.0,3.1,.333,2.0,5.7,.356,2.6,3.1,.825,1.7,4.7,0.6,0.0,1.8,3.5,10.7
12,3,34,511,5.0,14.4,.348,1.7,5.0,.333,3.3,9.4,.356,4.2,5.1,.825,2.8,7.7,1.0,0.0,3.0,5.8,17.6,,111.6,112.9
12,4,34,511,11.3,.523,.464,.652,.357,147,1.3,4.0,2.6,24.6,1.0,0.0,14.9,16.8,,0.8,0.3,1.1,.083,,0.3,-3.6,-3.4
13,0,29,246,25,66,.379,4,4,1.000,21,62,.339,2,6,.333,8,20,28,2,5,1,3,45,73
13,1,29,8.5,0.9,2.3,.379,0.1,0.1,1.000,0.7,2.1,.339,0.1,0.2,.333,1.0,0.1,0.2,0.0,0.1,1.6,2.5
13,2,29,246,4.1,10.7,.379,0.7,0.7,1.000,3.4,10.1,.339,0.3,1.0,.333,4.6,0.3,0.8,0.2,0.5,7.3,11.9
13,3,29,246,6.7,17.6,.379,1.1,1.1,1.000,5.6,16.6,.339,0.5,1.6,.333,7.5,0.5,1.3,0.3,0.8,12.0,19.5,,113.3,108.7
13,4,29,246,9.9,.530,.538,.939,.091,61,3.7,10.4,6.9,1.8,1.3,0.5,4.2,16.3,,0.4,0.2,0.6,.094,,1.1,-2.8,-1.7
14,0,22,178,22,48,.458,3,6,.500,19,42,.452,3,3,1.000,2,16,18,4,2,0,6,15,66
14,1,22,8.1,1.0,2.2,.458,0.1,0.3,.500,0.9,1.9,.452,0.1,0.1,1.000,0.8,0.2,0.1,0.0,0.3,0.7,3.0
14,2,22,178,4.9,10.8,.458,0.7,1.3,.500,4.3,9.4,.452,0.7,0.7,1.000,4.0,0.9,0.4,0.0,1.3,3.4,14.8
14,3,22,178,8.1,17.7,.458,1.1,2.2,.500,7.0,15.5,.452,1.1,1.1,1.000,6.6,1.5,0.7,0.0,2.2,5.5,24.4,,123.5,110.3
14,4,22,178,15.1,.668,.656,.875,.063,51,1.3,11.5,6.1,5.2,0.7,0.0,10.8,17.4,,0.4,0.1,0.5,.122,,2.7,-3.1,-0.3
