0,0,1,0,0,0,,0,0,,0,0,,0,0,,0,1,1,0,0,0,0,0,0
0,1,1,0.0,0.0,0.0,,0.0,0.0,,0.0,0.0,,0.0,0.0,,1.0,0.0,0.0,0.0,0.0,0.0,0.0
0,2,1,0,,,,,,,,,,,,,,,,,,,
0,3,1,0,,,,,,,,,,,,,,,,,,,,,,
0,4,1,0,,,,,,,,,,,,,,,,0.0,0.0,0.0,,,-5.1,-0.3,-5.4
1,0,24,257,21,45,.467,16,30,.533,5,15,.333,15,24,.625,12,30,42,2,7,13,15,30,62
1,1,24,10.7,0.9,1.9,.467,0.7,1.3,.533,0.2,0.6,.333,0.6,1.0,.625,1.8,0.1,0.3,0.5,0.6,1.3,2.6
1,2,24,257,3.3,7.0,.467,2.5,4.7,.533,0.8,2.3,.333,2.3,3.7,.625,6.5,0.3,1.1,2.0,2.3,4.7,9.6
1,3,24,257,5.4,11.7,.467,4.1,7.8,.533,1.3,3.9,.333,3.9,6.2,.625,10.9,0.5,1.8,3.4,3.9,7.8,16.1,,95.9,102.0
1,4,24,257,12.0,.550,.522,.333,.533,56,5.7,16.1,10.6,1.6,1.8,6.4,21.0,15.8,,0.1,0.3,0.4,.068,,-3.6,1.4,-2.2
2,0,32,765,133,254,.524,133,252,.528,0,2,.000,33,44,.750,60,86,146,24,12,11,23,75,299
2,1,32,23.9,4.2,7.9,.524,4.2,7.9,.528,0.0,0.1,.000,1.0,1.4,.750,4.6,0.8,0.4,0.3,0.7,2.3,9.3
2,2,32,765,7.0,13.3,.524,7.0,13.2,.528,0.0,0.1,.000,1.7,2.3,.750,7.6,1.3,0.6,0.6,1.2,3.9,15.6
2,3,32,765,11.6,22.1,.524,11.6,21.9,.528,0.0,0.2,.000,2.9,3.8,.750,12.7,2.1,1.0,1.0,2.0,6.5,26.0,,114.8,106.6
2,4,32,765,20.0,.544,.524,.008,.173,272,9.6,15.5,12.4,8.2,1.0,1.8,7.7,22.2,,2.0,0.5,2.6,.135,,0.7,-1.3,-0.6
3,0,30,986,173,383,.452,152,315,.483,21,68,.309,96,133,.722,75,135,210,61,21,4,55,59,463
3,1,30,32.9,5.8,12.8,.452,5.1,10.5,.483,0.7,2.3,.309,3.2,4.4,.722,7.0,2.0,0.7,0.1,1.8,2.0,15.4
3,2,30,986,7.0,15.5,.452,6.2,12.8,.483,0.9,2.8,.309,3.9,5.4,.722,8.5,2.5,0.9,0.2,2.2,2.4,18.8
3,3,30,986,11.7,25.9,.452,10.3,21.3,.483,1.4,4.6,.309,6.5,9.0,.722,14.2,4.1,1.4,0.3,3.7,4.0,31.3,,109.0,105.6
3,4,30,986,22.5,.519,.479,.178,.347,445,9.3,18.9,13.8,16.2,1.4,0.5,11.0,28.9,,2.7,0.8,3.5,.144,,2.4,-1.1,1.3
4,0,31,270,24,49,.490,24,48,.500,0,1,.000,21,35,.600,26,45,71,3,10,6,10,40,69
4,1,31,8.7,0.8,1.6,.490,0.8,1.5,.500,0.0,0.0,.000,0.7,1.1,.600,2.3,0.1,0.3,0.2,0.3,1.3,2.2
4,2,31,270,3.6,7.3,.490,3.6,7.1,.500,0.0,0.1,.000,3.1,5.2,.600,10.5,0.4,1.5,0.9,1.5,5.9,10.2
4,3,31,270,5.9,12.1,.490,5.9,11.8,.500,0.0,0.2,.000,5.2,8.6,.600,17.5,0.7,2.5,1.5,2.5,9.9,17.0,,110.4,100.1
4,4,31,270,16.1,.526,.490,.020,.714,71,11.8,23.0,17.1,2.4,2.5,2.8,13.2,15.9,,0.5,0.4,0.8,.122,,-2.5,0.0,-2.5
5,0,32,752,44,121,.364,35,91,.385,9,30,.300,44,59,.746,11,59,70,122,29,2,44,60,141
5,1,32,23.5,1.4,3.8,.364,1.1,2.8,.385,0.3,0.9,.300,1.4,1.8,.746,2.2,3.8,0.9,0.1,1.4,1.9,4.4
5,2,32,752,2.3,6.4,.364,1.9,4.8,.385,0.5,1.6,.300,2.3,3.1,.746,3.7,6.5,1.5,0.1,2.3,3.2,7.5
5,3,32,752,3.9,10.7,.364,3.1,8.1,.385,0.8,2.7,.300,3.9,5.2,.746,6.2,10.8,2.6,0.2,3.9,5.3,12.5,,104.1,105.7
5,4,32,752,12.8,.473,.401,.248,.488,191,1.8,10.8,6.0,32.5,2.6,0.3,22.8,14.6,,0.9,0.6,1.5,.081,,-1.2,-0.9,-2.1
6,0,32,611,49,148,.331,13,43,.302,36,105,.343,54,60,.900,17,56,73,34,27,3,14,67,188
6,1,32,19.1,1.5,4.6,.331,0.4,1.3,.302,1.1,3.3,.343,1.7,1.9,.900,2.3,1.1,0.8,0.1,0.4,2.1,5.9
6,2,32,611,3.2,9.7,.331,0.9,2.8,.302,2.4,6.9,.343,3.5,3.9,.900,4.8,2.2,1.8,0.2,0.9,4.4,12.3
6,3,32,611,5.3,16.1,.331,1.4,4.7,.302,3.9,11.4,.343,5.9,6.5,.900,8.0,3.7,2.9,0.3,1.5,7.3,20.5,,119.5,103.9
6,4,32,611,16.1,.533,.453,.709,.405,181,3.4,12.7,7.8,11.7,2.9,0.6,7.3,17.8,,1.5,0.6,2.1,.139,,3.2,-0.6,2.6
7,0,31,643,49,101,.485,35,75,.467,14,26,.538,45,58,.776,28,50,78,56,17,10,31,70,157
7,1,31,20.7,1.6,3.3,.485,1.1,2.4,.467,0.5,0.8,.538,1.5,1.9,.776,2.5,1.8,0.5,0.3,1.0,2.3,5.1
7,2,31,643,3.0,6.3,.485,2.2,4.7,.467,0.9,1.6,.538,2.8,3.6,.776,4.9,3.5,1.1,0.6,1.9,4.4,9.8
7,3,31,643,5.1,10.5,.485,3.6,7.8,.467,1.5,2.7,.538,4.7,6.0,.776,8.1,5.8,1.8,1.0,3.2,7.3,16.3,,119.3,106.5
7,4,31,643,15.1,.611,.554,.257,.574,171,5.3,10.8,7.9,18.1,1.8,2.0,19.4,14.1,,1.4,0.5,1.9,.119,,1.4,0.5,1.9
8,0,30,536,67,182,.368,20,55,.364,47,127,.370,14,19,.737,8,25,33,25,14,2,25,34,195
8,1,30,17.9,2.2,6.1,.368,0.7,1.8,.364,1.6,4.2,.370,0.5,0.6,.737,1.1,0.8,0.5,0.1,0.8,1.1,6.5
8,2,30,536,5.0,13.6,.368,1.5,4.1,.364,3.5,9.5,.370,1.0,1.4,.737,2.5,1.9,1.0,0.1,1.9,2.5,14.6
8,3,30,536,8.3,22.6,.368,2.5,6.8,.364,5.8,15.8,.370,1.7,2.4,.737,4.1,3.1,1.7,0.2,3.1,4.2,24.2,,100.5,109.0
8,4,30,536,12.8,.510,.497,.698,.104,167,1.8,6.4,4.0,10.8,1.7,0.5,11.6,22.9,,0.7,0.3,0.9,.067,,1.1,-3.5,-2.4
9,0,32,900,106,262,.405,22,66,.333,84,196,.429,26,29,.897,20,57,77,35,27,4,34,51,322
9,1,32,28.1,3.3,8.2,.405,0.7,2.1,.333,2.6,6.1,.429,0.8,0.9,.897,2.4,1.1,0.8,0.1,1.1,1.6,10.1
9,2,32,900,4.7,11.6,.405,1.0,2.9,.333,3.7,8.7,.429,1.2,1.3,.897,3.4,1.6,1.2,0.2,1.5,2.3,14.3
9,3,32,900,7.8,19.4,.405,1.6,4.9,.333,6.2,14.5,.429,1.9,2.1,.897,5.7,2.6,2.0,0.3,2.5,3.8,23.8,,113.6,107.7
9,4,32,900,16.1,.584,.565,.748,.111,271,2.7,8.8,5.6,8.8,2.0,0.6,11.0,19.6,,2.0,0.5,2.5,.111,,4.0,-1.8,2.2
10,0,11,32,3,7,.429,1,1,1.000,2,6,.333,0,0,,4,4,8,0,0,0,3,3,8
10,1,11,2.9,0.3,0.6,.429,0.1,0.1,1.000,0.2,0.5,.333,0.0,0.0,,0.7,0.0,0.0,0.0,0.3,0.3,0.7
10,2,11,32,3.8,8.8,.429,1.3,1.3,1.000,2.5,7.5,.333,0.0,0.0,,10.0,0.0,0.0,0.0,3.8,3.8,10.0
10,3,11,32,6.2,14.6,.429,2.1,2.1,1.000,4.2,12.5,.333,0.0,0.0,,16.7,0.0,0.0,0.0,6.2,6.2,16.7,,90.9,109.4
10,4,11,32,9.4,.571,.571,.857,.000,8,15.3,17.3,16.2,0.0,0.0,0.0,30.0,17.8,,0.0,0.0,0.0,.026,,-3.2,-7.5,-10.7
11,0,32,698,50,144,.347,41,114,.360,9,30,.300,61,103,.592,29,74,103,79,20,0,38,60,170
11,1,32,21.8,1.6,4.5,.347,1.3,3.6,.360,0.3,0.9,.300,1.9,3.2,.592,3.2,2.5,0.6,0.0,1.2,1.9,5.3
11,2,32,698,2.9,8.3,.347,2.3,6.5,.360,0.5,1.7,.300,3.5,5.9,.592,5.9,4.5,1.1,0.0,2.2,3.4,9.7
11,3,32,698,4.8,13.7,.347,3.9,10.9,.360,0.9,2.9,.300,5.8,9.8,.592,9.8,7.5,1.9,0.0,3.6,5.7,16.2,,99.3,106.1
11,4,32,698,12.5,.441,.378,.208,.715,203,5.1,14.7,9.6,23.3,1.9,0.0,16.5,18.8,,0.7,0.5,1.3,.072,,-1.4,-0.4,-1.9
