0,0,30,512,53,108,.491,53,108,.491,0,0,,30,53,.566,35,63,98,10,6,11,22,78,136
0,1,30,17.1,1.8,3.6,.491,1.8,3.6,.491,0.0,0.0,,1.0,1.8,.566,3.3,0.3,0.2,0.4,0.7,2.6,4.5
0,2,30,512,4.1,8.4,.491,4.1,8.4,.491,0.0,0.0,,2.3,4.1,.566,7.7,0.8,0.5,0.9,1.7,6.1,10.6
0,3,30,512,6.2,12.7,.491,6.2,12.7,.491,0.0,0.0,,3.5,6.2,.566,11.5,1.2,0.7,1.3,2.6,9.2,16.0,,101.5,103.1
0,4,30,512,11.1,.511,.491,.000,.491,137,7.9,14.1,11.0,3.8,0.7,2.1,14.2,16.1,,0.5,0.6,1.1,.083,,-2.0,1.3,-0.7
1,0,23,648,92,210,.438,61,126,.484,31,84,.369,26,34,.765,22,54,76,40,11,10,28,51,241
1,1,23,28.2,4.0,9.1,.438,2.7,5.5,.484,1.3,3.7,.369,1.1,1.5,.765,3.3,1.7,0.5,0.4,1.2,2.2,10.5
1,2,23,648,5.7,13.0,.438,3.8,7.8,.484,1.9,5.2,.369,1.6,2.1,.765,4.7,2.5,0.7,0.6,1.7,3.1,14.9
1,3,23,648,8.6,19.6,.438,5.7,11.7,.484,2.9,7.8,.369,2.4,3.2,.765,7.1,3.7,1.0,0.9,2.6,4.7,22.4,,106.6,104.9
1,4,23,648,15.4,.533,.512,.400,.162,228,3.9,9.5,6.7,13.0,1.0,1.5,11.0,20.8,,1.0,0.7,1.7,.105,,2.6,0.7,3.3
2,0,22,210,19,47,.404,7,16,.438,12,31,.387,3,6,.500,0,14,14,15,2,0,19,21,53
2,1,22,9.5,0.9,2.1,.404,0.3,0.7,.438,0.5,1.4,.387,0.1,0.3,.500,0.6,0.7,0.1,0.0,0.9,1.0,2.4
2,2,22,210,3.6,9.0,.404,1.3,3.0,.438,2.3,5.9,.387,0.6,1.1,.500,2.7,2.9,0.4,0.0,3.6,4.0,10.1
2,3,22,210,5.5,13.5,.404,2.0,4.6,.438,3.4,8.9,.387,0.9,1.7,.500,4.0,4.3,0.6,0.0,5.5,6.0,15.2,,83.9,107.4
2,4,22,210,5.2,.532,.532,.660,.128,50,0.0,7.6,3.8,13.6,0.6,0.0,27.6,17.4,,-0.1,0.2,0.1,.011,,-2.5,-1.3,-3.8
3,0,10,19,3,6,.500,3,6,.500,0,0,,7,9,.778,1,0,1,1,0,0,0,3,13
3,1,10,1.9,0.3,0.6,.500,0.3,0.6,.500,0.0,0.0,,0.7,0.9,.778,0.1,0.1,0.0,0.0,0.0,0.3,1.3
3,2,10,19,6.3,12.6,.500,6.3,12.6,.500,0.0,0.0,,14.7,18.9,.778,2.1,2.1,0.0,0.0,0.0,6.3,27.4
3,3,10,19,9.5,19.1,.500,9.5,19.1,.500,0.0,0.0,,22.2,28.6,.778,3.2,3.2,0.0,0.0,0.0,9.5,41.3,,146.8,111.1
3,4,10,19,30.4,.633,.500,.000,1.500,12,6.1,0.0,3.0,11.5,0.0,0.0,0.0,28.7,,0.1,0.0,0.1,.311,,7.5,-5.2,2.4
4,0,5,10,1,4,.250,1,4,.250,0,0,,0,0,,1,0,1,0,1,0,0,1,2
4,1,5,2.0,0.2,0.8,.250,0.2,0.8,.250,0.0,0.0,,0.0,0.0,,0.2,0.0,0.2,0.0,0.0,0.2,0.4
4,2,5,10,4.0,16.0,.250,4.0,16.0,.250,0.0,0.0,,0.0,0.0,,4.0,0.0,4.0,0.0,0.0,4.0,8.0
4,3,5,10,6.0,24.1,.250,6.0,24.1,.250,0.0,0.0,,0.0,0.0,,6.0,0.0,6.0,0.0,0.0,6.0,12.1,,69.8,98.3
4,4,5,10,6.3,.250,.250,.000,.000,2,11.6,0.0,5.8,0.0,6.0,0.0,0.0,21.3,,0.0,0.0,0.0,-.012,,-6.3,0.1,-6.2
5,0,33,973,162,339,.478,158,325,.486,4,14,.286,45,62,.726,58,172,230,38,13,49,50,104,373
5,1,33,29.5,4.9,10.3,.478,4.8,9.8,.486,0.1,0.4,.286,1.4,1.9,.726,7.0,1.2,0.4,1.5,1.5,3.2,11.3
5,2,33,973,6.7,13.9,.478,6.5,13.4,.486,0.2,0.6,.286,1.8,2.5,.726,9.5,1.6,0.5,2.0,2.1,4.3,15.3
5,3,33,973,10.0,21.0,.478,9.8,20.2,.486,0.2,0.9,.286,2.8,3.8,.726,14.3,2.4,0.8,3.0,3.1,6.4,23.1,,100.8,99.1
5,4,33,973,17.7,.506,.484,.041,.183,357,6.9,20.2,13.6,8.7,0.8,4.9,11.9,22.9,,1.1,1.5,2.7,.109,,-0.9,3.4,2.5
6,0,33,1027,143,321,.445,73,163,.448,70,158,.443,92,117,.786,18,95,113,46,20,1,50,64,448
6,1,33,31.1,4.3,9.7,.445,2.2,4.9,.448,2.1,4.8,.443,2.8,3.5,.786,3.4,1.4,0.6,0.0,1.5,1.9,13.6
6,2,33,1027,5.6,12.5,.445,2.8,6.3,.448,2.7,6.2,.443,3.6,4.6,.786,4.4,1.8,0.8,0.0,1.9,2.5,17.4
6,3,33,1027,8.4,18.9,.445,4.3,9.6,.448,4.1,9.3,.443,5.4,6.9,.786,6.6,2.7,1.2,0.1,2.9,3.8,26.3,,113.8,105.2
6,4,33,1027,17.5,.595,.555,.492,.364,397,2.0,10.6,6.3,9.4,1.2,0.1,11.7,22.1,,2.4,1.0,3.5,.135,,4.6,-0.3,4.3
7,0,29,280,16,45,.356,13,31,.419,3,14,.214,11,24,.458,14,26,40,10,3,8,13,24,46
7,1,29,9.7,0.6,1.6,.356,0.4,1.1,.419,0.1,0.5,.214,0.4,0.8,.458,1.4,0.3,0.1,0.3,0.4,0.8,1.6
7,2,29,280,2.3,6.4,.356,1.9,4.4,.419,0.4,2.0,.214,1.6,3.4,.458,5.7,1.4,0.4,1.1,1.9,3.4,6.6
7,3,29,280,3.4,9.7,.356,2.8,6.7,.419,0.6,3.0,.214,2.4,5.2,.458,8.6,2.2,0.6,1.7,2.8,5.2,9.9,,84.2,104.4
7,4,29,280,6.3,.408,.389,.311,.533,52,5.8,10.6,8.2,6.4,0.6,2.8,18.7,13.2,,-0.1,0.3,0.2,.028,,-3.4,2.0,-1.4
8,0,30,394,24,52,.462,24,52,.462,0,0,,12,23,.522,29,37,66,8,8,28,21,59,60
8,1,30,13.1,0.8,1.7,.462,0.8,1.7,.462,0.0,0.0,,0.4,0.8,.522,2.2,0.3,0.3,0.9,0.7,2.0,2.0
8,2,30,394,2.4,5.3,.462,2.4,5.3,.462,0.0,0.0,,1.2,2.3,.522,6.7,0.8,0.8,2.8,2.1,6.0,6.1
8,3,30,394,3.7,8.0,.462,3.7,8.0,.462,0.0,0.0,,1.8,3.5,.522,10.1,1.2,1.2,4.3,3.2,9.0,9.2,,89.9,99.9
8,4,30,394,8.8,.477,.462,.000,.442,71,8.5,10.7,9.6,3.6,1.2,6.9,25.0,11.3,,0.0,0.6,0.6,.060,,-3.2,5.5,2.3
9,0,33,793,57,131,.435,44,84,.524,13,47,.277,17,35,.486,12,74,86,97,24,5,45,79,144
9,1,33,24.0,1.7,4.0,.435,1.3,2.5,.524,0.4,1.4,.277,0.5,1.1,.486,2.6,2.9,0.7,0.2,1.4,2.4,4.4
9,2,33,793,2.9,6.6,.435,2.2,4.2,.524,0.7,2.4,.277,0.9,1.8,.486,4.3,4.9,1.2,0.3,2.3,4.0,7.3
9,3,33,793,4.3,10.0,.435,3.3,6.4,.524,1.0,3.6,.277,1.3,2.7,.486,6.5,7.4,1.8,0.4,3.4,6.0,11.0,,96.0,103.2
9,4,33,793,9.6,.488,.485,.359,.267,177,1.8,10.7,6.2,22.4,1.8,0.6,23.4,12.9,,0.3,0.9,1.3,.064,,-0.7,1.9,1.2
10,0,33,619,42,110,.382,18,31,.581,24,79,.304,5,6,.833,26,70,96,16,6,4,17,49,113
10,1,33,18.8,1.3,3.3,.382,0.5,0.9,.581,0.7,2.4,.304,0.2,0.2,.833,2.9,0.5,0.2,0.1,0.5,1.5,3.4
10,2,33,619,2.7,7.1,.382,1.2,2.0,.581,1.6,5.1,.304,0.3,0.4,.833,6.2,1.0,0.4,0.3,1.1,3.2,7.3
10,3,33,619,4.1,10.7,.382,1.8,3.0,.581,2.3,7.7,.304,0.5,0.6,.833,9.4,1.6,0.6,0.4,1.7,4.8,11.0,,101.5,105.2
10,4,33,619,8.0,.501,.491,.718,.055,114,4.9,12.9,8.9,4.7,0.6,0.6,13.1,11.1,,0.4,0.6,1.0,.064,,0.0,1.0,1.0
11,0,33,1152,208,489,.425,180,401,.449,28,88,.318,120,198,.606,30,205,235,131,42,11,94,91,564
11,1,33,34.9,6.3,14.8,.425,5.5,12.2,.449,0.8,2.7,.318,3.6,6.0,.606,7.1,4.0,1.3,0.3,2.8,2.8,17.1
11,2,33,1152,7.2,17.0,.425,6.3,13.9,.449,1.0,3.1,.318,4.2,6.9,.606,8.2,4.5,1.5,0.4,3.3,3.2,19.6
11,3,33,1152,10.9,25.6,.425,9.4,21.0,.449,1.5,4.6,.318,6.3,10.4,.606,12.3,6.9,2.2,0.6,4.9,4.8,29.5,,97.3,98.8
11,4,33,1152,19.7,.484,.454,.180,.405,567,3.0,20.3,11.7,26.0,2.2,0.9,13.9,31.2,,1.3,1.8,3.1,.108,,1.7,3.0,4.7
12,0,6,11,1,6,.167,1,6,.167,0,0,,0,0,,2,2,4,0,1,0,0,2,2
12,1,6,1.8,0.2,1.0,.167,0.2,1.0,.167,0.0,0.0,,0.0,0.0,,0.7,0.0,0.2,0.0,0.0,0.3,0.3
12,2,6,11,3.6,21.8,.167,3.6,21.8,.167,0.0,0.0,,0.0,0.0,,14.5,0.0,3.6,0.0,0.0,7.3,7.3
12,3,6,11,5.5,32.9,.167,5.5,32.9,.167,0.0,0.0,,0.0,0.0,,21.9,0.0,5.5,0.0,0.0,11.0,11.0,,58.4,91.6
12,4,6,11,3.5,.167,.167,.000,.000,3,21.1,20.8,20.9,0.0,5.5,0.0,0.0,29.0,,0.0,0.0,0.0,-.078,,-12.8,-4.1,-17.0
