0,0,34,1325,247,532,.464,140,278,.504,107,254,.421,220,249,.884,17,149,166,180,56,1,101,38,821
0,1,34,39.0,7.3,15.6,.464,4.1,8.2,.504,3.1,7.5,.421,6.5,7.3,.884,4.9,5.3,1.6,0.0,3.0,1.1,24.1
0,2,34,1325,7.5,16.1,.464,4.2,8.4,.504,3.2,7.7,.421,6.6,7.5,.884,5.0,5.4,1.7,0.0,3.0,1.1,24.8
0,3,34,1325,10.9,23.6,.464,6.2,12.3,.504,4.7,11.2,.421,9.7,11.0,.884,7.3,8.0,2.5,0.0,4.5,1.7,36.3,,127.7,109.4
0,4,34,1325,28.4,.631,.565,.477,.468,805,1.5,13.0,7.3,28.8,2.5,0.1,13.4,28.7,,6.2,1.1,7.4,.222,,9.1,-1.9,7.2
1,0,17,109,6,15,.400,3,7,.429,3,8,.375,3,5,.600,5,16,21,4,3,1,8,20,18
1,1,17,6.4,0.4,0.9,.400,0.2,0.4,.429,0.2,0.5,.375,0.2,0.3,.600,1.2,0.2,0.2,0.1,0.5,1.2,1.1
1,2,17,109,2.2,5.5,.400,1.1,2.6,.429,1.1,2.9,.375,1.1,1.8,.600,7.7,1.5,1.1,0.4,2.9,7.3,6.6
1,3,17,109,3.2,8.1,.400,1.6,3.8,.429,1.6,4.3,.375,1.6,2.7,.600,11.3,2.2,1.6,0.5,4.3,10.8,9.7,,87.8,108.4
1,4,17,109,5.3,.518,.500,.533,.333,20,5.4,17.0,11.2,6.1,1.6,1.0,31.5,11.8,,0.0,0.1,0.1,.027,,-3.6,-0.9,-4.6
2,0,34,940,134,251,.534,89,142,.627,45,109,.413,43,88,.489,59,129,188,30,35,72,34,107,356
2,1,34,27.6,3.9,7.4,.534,2.6,4.2,.627,1.3,3.2,.413,1.3,2.6,.489,5.5,0.9,1.0,2.1,1.0,3.1,10.5
2,2,34,940,5.7,10.7,.534,3.8,6.0,.627,1.9,4.6,.413,1.8,3.7,.489,8.0,1.3,1.5,3.1,1.4,4.6,15.1
2,3,34,940,8.4,15.7,.534,5.6,8.9,.627,2.8,6.8,.413,2.7,5.5,.489,11.7,1.9,2.2,4.5,2.1,6.7,22.2,,123.0,104.8
2,4,34,940,21.2,.608,.624,.434,.351,331,7.4,15.9,11.7,6.2,2.2,8.2,10.4,17.6,,2.3,1.2,3.5,.149,,2.8,3.0,5.8
3,0,34,373,27,63,.429,27,63,.429,0,0,,15,27,.556,27,48,75,8,10,14,18,67,69
3,1,34,11.0,0.8,1.9,.429,0.8,1.9,.429,0.0,0.0,,0.4,0.8,.556,2.2,0.2,0.3,0.4,0.5,2.0,2.0
3,2,34,373,2.9,6.8,.429,2.9,6.8,.429,0.0,0.0,,1.6,2.9,.556,8.0,0.9,1.1,1.5,1.9,7.2,7.4
3,3,34,373,4.2,9.9,.429,4.2,9.9,.429,0.0,0.0,,2.4,4.2,.556,11.8,1.3,1.6,2.2,2.8,10.5,10.9,,94.9,108.1
3,4,34,373,8.2,.455,.429,.000,.429,79,8.5,14.9,11.7,3.7,1.6,4.0,19.2,12.7,,0.1,0.4,0.4,.045,,-4.3,0.6,-3.7
4,0,32,912,101,253,.399,38,91,.418,63,162,.389,38,51,.745,20,50,70,52,44,11,26,56,303
4,1,32,28.5,3.2,7.9,.399,1.2,2.8,.418,2.0,5.1,.389,1.2,1.6,.745,2.2,1.6,1.4,0.3,0.8,1.8,9.5
4,2,32,912,4.4,11.1,.399,1.7,4.0,.418,2.8,7.1,.389,1.7,2.2,.745,3.1,2.3,1.9,0.5,1.1,2.5,13.3
4,3,32,912,6.5,16.3,.399,2.4,5.9,.418,4.1,10.4,.389,2.4,3.3,.745,4.5,3.3,2.8,0.7,1.7,3.6,19.5,,118.1,111.1
4,4,32,912,15.0,.546,.524,.640,.202,287,2.6,6.3,4.5,10.4,2.8,1.3,8.6,16.8,,1.8,0.6,2.4,.104,,2.7,-1.1,1.5
5,0,31,746,87,178,.489,87,177,.492,0,1,.000,86,118,.729,87,128,215,24,16,14,44,102,260
5,1,31,24.1,2.8,5.7,.489,2.8,5.7,.492,0.0,0.0,.000,2.8,3.8,.729,6.9,0.8,0.5,0.5,1.4,3.3,8.4
5,2,31,746,4.7,9.5,.489,4.7,9.5,.492,0.0,0.1,.000,4.6,6.3,.729,11.5,1.3,0.9,0.8,2.4,5.5,13.9
5,3,31,746,6.8,14.0,.489,6.8,13.9,.492,0.0,0.1,.000,6.8,9.3,.729,16.9,1.9,1.3,1.1,3.5,8.0,20.4,,115.6,107.6
5,4,31,746,17.5,.555,.489,.006,.663,285,13.7,19.9,16.8,5.9,1.3,2.0,15.8,18.9,,1.6,0.8,2.4,.127,,-0.5,-1.1,-1.6
6,0,34,1192,161,364,.442,135,293,.461,26,71,.366,92,131,.702,37,58,95,58,26,1,72,79,440
6,1,34,35.1,4.7,10.7,.442,4.0,8.6,.461,0.8,2.1,.366,2.7,3.9,.702,2.8,1.7,0.8,0.0,2.1,2.3,12.9
6,2,34,1192,5.4,12.2,.442,4.5,9.8,.461,0.9,2.4,.366,3.1,4.4,.702,3.2,1.9,0.9,0.0,2.4,2.7,14.8
6,3,34,1192,7.9,17.9,.442,6.6,14.4,.461,1.3,3.5,.366,4.5,6.4,.702,4.7,2.9,1.3,0.0,3.5,3.9,21.7,,103.4,115.4
6,4,34,1192,11.8,.516,.478,.195,.360,421,3.7,5.6,4.7,9.3,1.3,0.1,14.5,21.1,,1.3,0.3,1.6,.054,,-1.3,-2.9,-4.2
7,0,34,529,71,168,.423,55,110,.500,16,58,.276,30,41,.732,14,32,46,21,18,5,27,39,188
7,1,34,15.6,2.1,4.9,.423,1.6,3.2,.500,0.5,1.7,.276,0.9,1.2,.732,1.4,0.6,0.5,0.1,0.8,1.1,5.5
7,2,34,529,5.4,12.7,.423,4.2,8.3,.500,1.2,4.4,.276,2.3,3.1,.732,3.5,1.6,1.4,0.4,2.0,2.9,14.2
7,3,34,529,7.9,18.6,.423,6.1,12.2,.500,1.8,6.4,.276,3.3,4.5,.732,5.1,2.3,2.0,0.6,3.0,4.3,20.8,,101.7,112.7
7,4,34,529,12.1,.501,.470,.345,.244,174,3.1,7.0,5.1,7.6,2.0,1.0,12.6,20.5,,0.5,0.3,0.7,.056,,-1.8,-2.8,-4.7
8,0,1,0,0,0,,0,0,,0,0,,0,0,,1,0,1,0,0,0,0,0,0
8,1,1,0.0,0.0,0.0,,0.0,0.0,,0.0,0.0,,0.0,0.0,,1.0,0.0,0.0,0.0,0.0,0.0,0.0
8,2,1,0,,,,,,,,,,,,,,,,,,,
8,3,1,0,,,,,,,,,,,,,,,,,,,,,,
8,4,1,0,,,,,,,,,,,,,,,,0.0,0.0,0.0,,,-4.5,-1.2,-5.7
9,0,34,624,66,130,.508,60,105,.571,6,25,.240,33,47,.702,56,75,131,31,19,9,41,70,171
9,1,34,18.4,1.9,3.8,.508,1.8,3.1,.571,0.2,0.7,.240,1.0,1.4,.702,3.9,0.9,0.6,0.3,1.2,2.1,5.0
9,2,34,624,4.2,8.3,.508,3.8,6.7,.571,0.4,1.6,.240,2.1,3.0,.702,8.4,2.0,1.2,0.6,2.6,4.5,11.0
9,3,34,624,6.2,12.2,.508,5.6,9.9,.571,0.6,2.4,.240,3.1,4.4,.702,12.3,2.9,1.8,0.8,3.9,6.6,16.1,,109.1,109.5
9,4,34,624,13.8,.561,.531,.192,.362,192,10.6,13.9,12.3,9.0,1.8,1.5,21.2,15.7,,0.8,0.5,1.3,.086,,-0.2,-0.4,-0.6
10,0,17,199,13,35,.371,8,21,.381,5,14,.357,4,5,.800,4,9,13,17,6,2,18,34,35
10,1,17,11.7,0.8,2.1,.371,0.5,1.2,.381,0.3,0.8,.357,0.2,0.3,.800,0.8,1.0,0.4,0.1,1.1,2.0,2.1
10,2,17,199,2.6,7.0,.371,1.6,4.2,.381,1.0,2.8,.357,0.8,1.0,.800,2.6,3.4,1.2,0.4,3.6,6.8,7.0
10,3,17,199,3.8,10.3,.371,2.4,6.2,.381,1.5,4.1,.357,1.2,1.5,.800,3.8,5.0,1.8,0.6,5.3,10.0,10.3,,82.2,113.6
10,4,17,199,3.3,.468,.443,.400,.143,41,2.4,5.2,3.8,14.4,1.8,1.1,32.5,14.1,,-0.1,0.1,0.0,-.010,,-4.5,-1.9,-6.5
