0,0,26,779,114,308,.370,68,167,.407,46,141,.326,37,53,.698,16,63,79,68,31,2,78,48,311
0,1,26,30.0,4.4,11.8,.370,2.6,6.4,.407,1.8,5.4,.326,1.4,2.0,.698,3.0,2.6,1.2,0.1,3.0,1.8,12.0
0,2,26,779,5.9,15.8,.370,3.5,8.6,.407,2.4,7.2,.326,1.9,2.7,.698,4.1,3.5,1.6,0.1,4.0,2.5,16.0
0,3,26,779,8.7,23.4,.370,5.2,12.7,.407,3.5,10.7,.326,2.8,4.0,.698,6.0,5.2,2.4,0.2,5.9,3.6,23.6,,90.3,113.6
0,4,26,779,12.2,.467,.445,.458,.172,301,2.3,9.2,5.7,20.0,2.4,0.3,19.0,26.5,,0.1,0.1,0.2,.009,,-2.1,-4.1,-6.2
1,0,30,449,32,83,.386,27,64,.422,5,19,.263,11,18,.611,28,57,85,12,8,11,25,59,80
1,1,30,15.0,1.1,2.8,.386,0.9,2.1,.422,0.2,0.6,.263,0.4,0.6,.611,2.8,0.4,0.3,0.4,0.8,2.0,2.7
1,2,30,449,2.9,7.4,.386,2.4,5.7,.422,0.4,1.7,.263,1.0,1.6,.611,7.6,1.1,0.7,1.0,2.2,5.3,7.1
1,3,30,449,4.2,10.9,.386,3.6,8.4,.422,0.7,2.5,.263,1.5,2.4,.611,11.2,1.6,1.1,1.5,3.3,7.8,10.6,,86.2,112.6
1,4,30,449,7.1,.437,.416,.229,.217,85,6.9,14.5,10.6,5.2,1.1,2.7,21.5,13.0,,-0.1,0.1,0.0,.000,,-5.6,-1.9,-7.5
2,0,17,99,5,8,.625,5,8,.625,0,0,,1,3,.333,3,11,14,1,0,9,6,11,11
2,1,17,5.8,0.3,0.5,.625,0.3,0.5,.625,0.0,0.0,,0.1,0.2,.333,0.8,0.1,0.0,0.5,0.4,0.6,0.6
2,2,17,99,2.0,3.2,.625,2.0,3.2,.625,0.0,0.0,,0.4,1.2,.333,5.7,0.4,0.0,3.6,2.4,4.4,4.4
2,3,17,99,3.0,4.8,.625,3.0,4.8,.625,0.0,0.0,,0.6,1.8,.333,8.4,0.6,0.0,5.4,3.6,6.6,6.6,,76.2,112.8
2,4,17,99,6.3,.584,.625,.000,.375,10,3.4,12.7,7.9,1.9,0.0,9.9,38.9,7.8,,-0.1,0.0,0.0,-.014,,-7.7,1.4,-6.3
3,0,13,12,1,1,1.000,1,1,1.000,0,0,,2,2,1.000,0,0,0,0,1,0,0,0,4
3,1,13,0.9,0.1,0.1,1.000,0.1,0.1,1.000,0.0,0.0,,0.2,0.2,1.000,0.0,0.0,0.1,0.0,0.0,0.0,0.3
3,2,13,12,3.3,3.3,1.000,3.3,3.3,1.000,0.0,0.0,,6.7,6.7,1.000,0.0,0.0,3.3,0.0,0.0,0.0,13.3
3,3,13,12,4.9,4.9,1.000,4.9,4.9,1.000,0.0,0.0,,9.9,9.9,1.000,0.0,0.0,4.9,0.0,0.0,0.0,19.7,,226.2,112.6
3,4,13,12,23.6,1.026,1.000,.000,2.000,3,0.0,0.0,0.0,0.0,4.9,0.0,0.0,8.2,,0.1,0.0,0.1,.193,,3.7,-2.4,1.3
4,0,14,60,2,9,.222,2,8,.250,0,1,.000,1,2,.500,2,10,12,1,1,0,5,13,5
4,1,14,4.3,0.1,0.6,.222,0.1,0.6,.250,0.0,0.1,.000,0.1,0.1,.500,0.9,0.1,0.1,0.0,0.4,0.9,0.4
4,2,14,60,1.3,6.0,.222,1.3,5.3,.250,0.0,0.7,.000,0.7,1.3,.500,8.0,0.7,0.7,0.0,3.3,8.7,3.3
4,3,14,60,2.0,8.9,.222,2.0,7.9,.250,0.0,1.0,.000,1.0,2.0,.500,11.8,1.0,1.0,0.0,4.9,12.8,4.9,,45.9,111.4
4,4,14,60,-3.5,.251,.222,.111,.222,6,3.7,19.0,11.2,3.0,1.0,0.0,33.4,12.5,,-0.2,0.0,-0.1,-.093,,-11.8,-3.6,-15.4
5,0,24,612,46,126,.365,27,67,.403,19,59,.322,28,42,.667,13,43,56,60,31,3,52,52,139
5,1,24,25.5,1.9,5.3,.365,1.1,2.8,.403,0.8,2.5,.322,1.2,1.8,.667,2.3,2.5,1.3,0.1,2.2,2.2,5.8
5,2,24,612,3.0,8.2,.365,1.8,4.4,.403,1.2,3.9,.322,1.8,2.7,.667,3.7,3.9,2.0,0.2,3.4,3.4,9.1
5,3,24,612,4.5,12.2,.365,2.6,6.5,.403,1.8,5.7,.322,2.7,4.1,.667,5.4,5.8,3.0,0.3,5.0,5.0,13.4,,88.9,112.5
5,4,24,612,9.4,.476,.440,.468,.333,153,2.3,8.0,5.1,19.4,3.0,0.5,26.3,16.2,,0.0,0.1,0.1,.007,,-3.1,-2.5,-5.6
6,0,30,672,49,97,.505,49,96,.510,0,1,.000,38,55,.691,67,114,181,16,18,26,22,85,136
6,1,30,22.4,1.6,3.2,.505,1.6,3.2,.510,0.0,0.0,.000,1.3,1.8,.691,6.0,0.5,0.6,0.9,0.7,2.8,4.5
6,2,30,672,2.9,5.8,.505,2.9,5.7,.510,0.0,0.1,.000,2.3,3.3,.691,10.8,1.0,1.1,1.5,1.3,5.1,8.1
6,3,30,672,4.3,8.5,.505,4.3,8.5,.510,0.0,0.1,.000,3.3,4.8,.691,15.9,1.4,1.6,2.3,1.9,7.5,12.0,,116.9,108.5
6,4,30,672,15.0,.552,.505,.010,.567,151,11.0,19.4,15.1,4.7,1.6,4.2,15.2,10.8,,1.0,0.4,1.4,.085,,-2.2,0.0,-2.2
7,0,30,1061,168,431,.390,84,174,.483,84,257,.327,41,56,.732,27,70,97,51,36,2,80,64,461
7,1,30,35.4,5.6,14.4,.390,2.8,5.8,.483,2.8,8.6,.327,1.4,1.9,.732,3.2,1.7,1.2,0.1,2.7,2.1,15.4
7,2,30,1061,6.3,16.2,.390,3.2,6.6,.483,3.2,9.7,.327,1.5,2.1,.732,3.7,1.9,1.4,0.1,3.0,2.4,17.4
7,3,30,1061,9.4,24.1,.390,4.7,9.7,.483,4.7,14.3,.327,2.3,3.1,.732,5.4,2.8,2.0,0.1,4.5,3.6,25.7,,98.5,115.2
7,4,30,1061,13.9,.504,.487,.596,.130,415,2.8,7.5,5.1,11.4,2.0,0.2,14.9,25.4,,1.2,-0.1,1.1,.041,,0.4,-4.9,-4.5
8,0,30,838,74,169,.438,74,169,.438,0,0,,62,84,.738,99,122,221,17,23,19,49,107,210
8,1,30,27.9,2.5,5.6,.438,2.5,5.6,.438,0.0,0.0,,2.1,2.8,.738,7.4,0.6,0.8,0.6,1.6,3.6,7.0
8,2,30,838,3.5,8.1,.438,3.5,8.1,.438,0.0,0.0,,3.0,4.0,.738,10.5,0.8,1.1,0.9,2.3,5.1,10.0
8,3,30,838,5.2,11.9,.438,5.2,11.9,.438,0.0,0.0,,4.4,5.9,.738,15.6,1.2,1.6,1.3,3.5,7.6,14.8,,102.4,110.4
8,4,30,838,13.7,.503,.438,.000,.497,230,13.1,16.6,14.8,4.1,1.6,2.5,19.0,15.4,,0.9,0.3,1.2,.057,,-2.9,-1.6,-4.6
9,0,27,247,20,53,.377,11,35,.314,9,18,.500,21,26,.808,13,33,46,11,8,1,15,26,70
9,1,27,9.1,0.7,2.0,.377,0.4,1.3,.314,0.3,0.7,.500,0.8,1.0,.808,1.7,0.4,0.3,0.0,0.6,1.0,2.6
9,2,27,247,3.2,8.6,.377,1.8,5.7,.314,1.5,2.9,.500,3.4,4.2,.808,7.4,1.8,1.3,0.2,2.4,4.2,11.3
9,3,27,247,4.8,12.7,.377,2.6,8.4,.314,2.2,4.3,.500,5.0,6.2,.808,11.0,2.6,1.9,0.2,3.6,6.2,16.8,,105.2,111.4
9,4,27,247,12.8,.536,.462,.340,.491,70,5.8,15.3,10.5,8.9,1.9,0.4,18.7,16.3,,0.3,0.1,0.4,.063,,-2.7,-3.4,-6.0
10,0,23,172,11,35,.314,10,26,.385,1,9,.111,6,10,.600,8,11,19,7,4,2,9,24,29
10,1,23,7.5,0.5,1.5,.314,0.4,1.1,.385,0.0,0.4,.111,0.3,0.4,.600,0.8,0.3,0.2,0.1,0.4,1.0,1.3
10,2,23,172,2.6,8.1,.314,2.3,6.0,.385,0.2,2.1,.111,1.4,2.3,.600,4.4,1.6,0.9,0.5,2.1,5.6,6.7
10,3,23,172,3.8,12.0,.314,3.4,9.0,.385,0.3,3.1,.111,2.1,3.4,.600,6.5,2.4,1.4,0.7,3.1,8.3,10.0,,79.0,115.9
10,4,23,172,3.8,.365,.329,.257,.286,32,5.1,7.3,6.2,7.9,1.4,1.3,18.5,14.2,,-0.1,0.0,-0.1,-.033,,-6.4,-3.4,-9.8
11,0,30,1049,182,411,.443,155,336,.461,27,75,.360,118,152,.776,39,89,128,83,31,1,94,50,509
11,1,30,35.0,6.1,13.7,.443,5.2,11.2,.461,0.9,2.5,.360,3.9,5.1,.776,4.3,2.8,1.0,0.0,3.1,1.7,17.0
11,2,30,1049,6.9,15.7,.443,5.9,12.8,.461,1.0,2.9,.360,4.5,5.8,.776,4.9,3.2,1.2,0.0,3.6,1.9,19.4
11,3,30,1049,10.3,23.2,.443,8.7,19.0,.461,1.5,4.2,.360,6.7,8.6,.776,7.2,4.7,1.7,0.1,5.3,2.8,28.7,,103.7,114.9
11,4,30,1049,18.5,.527,.476,.182,.370,489,4.1,9.7,6.9,19.4,1.7,0.1,16.3,27.6,,2.0,0.0,2.0,.075,,0.3,-4.2,-3.9
