0,0,28,470,47,114,.412,41,97,.423,6,17,.353,23,29,.793,26,46,72,55,23,4,28,66,123
0,1,28,16.8,1.7,4.1,.412,1.5,3.5,.423,0.2,0.6,.353,0.8,1.0,.793,2.6,2.0,0.8,0.1,1.0,2.4,4.4
0,2,28,470,4.0,9.7,.412,3.5,8.3,.423,0.5,1.4,.353,2.0,2.5,.793,6.1,4.7,2.0,0.3,2.4,5.6,10.5
0,3,28,470,5.5,13.3,.412,4.8,11.3,.423,0.7,2.0,.353,2.7,3.4,.793,8.4,6.4,2.7,0.5,3.3,7.7,14.3,,104.2,105.4
0,4,28,470,13.0,.481,.439,.149,.254,144,5.5,10.3,7.9,19.6,2.7,0.8,18.0,15.2,,0.6,0.4,1.0,.082,,-1.5,-1.6,-3.1
1,0,22,459,65,127,.512,65,127,.512,0,0,,22,43,.512,48,64,112,10,10,48,22,49,152
1,1,22,20.9,3.0,5.8,.512,3.0,5.8,.512,0.0,0.0,,1.0,2.0,.512,5.1,0.5,0.5,2.2,1.0,2.2,6.9
1,2,22,459,5.7,11.1,.512,5.7,11.1,.512,0.0,0.0,,1.9,3.7,.512,9.8,0.9,0.9,4.2,1.9,4.3,13.2
1,3,22,459,7.7,15.1,.512,7.7,15.1,.512,0.0,0.0,,2.6,5.1,.512,13.3,1.2,1.2,5.7,2.6,5.8,18.1,,106.1,102.7
1,4,22,459,18.4,.516,.512,.000,.339,150,10.4,14.7,12.5,3.9,1.2,9.5,13.0,17.0,,0.7,0.5,1.2,.102,,-2.7,1.5,-1.3
2,0,26,321,19,53,.358,13,29,.448,6,24,.250,4,11,.364,14,27,41,31,15,0,30,24,48
2,1,26,12.3,0.7,2.0,.358,0.5,1.1,.448,0.2,0.9,.250,0.2,0.4,.364,1.6,1.2,0.6,0.0,1.2,0.9,1.8
2,2,26,321,2.4,6.6,.358,1.6,3.6,.448,0.7,3.0,.250,0.5,1.4,.364,5.1,3.9,1.9,0.0,3.7,3.0,6.0
2,3,26,321,3.2,9.0,.358,2.2,4.9,.448,1.0,4.1,.250,0.7,1.9,.364,7.0,5.3,2.6,0.0,5.1,4.1,8.2,,76.7,107.1
2,4,26,321,5.9,.412,.415,.453,.208,63,4.4,8.9,6.6,15.2,2.6,0.0,34.0,12.6,,-0.3,0.2,-0.1,-.007,,-4.7,-2.0,-6.7
3,0,26,252,31,57,.544,31,57,.544,0,0,,7,9,.778,31,43,74,8,8,4,23,42,69
3,1,26,9.7,1.2,2.2,.544,1.2,2.2,.544,0.0,0.0,,0.3,0.3,.778,2.8,0.3,0.3,0.2,0.9,1.6,2.7
3,2,26,252,4.9,9.0,.544,4.9,9.0,.544,0.0,0.0,,1.1,1.4,.778,11.7,1.3,1.3,0.6,3.7,6.7,11.0
3,3,26,252,6.7,12.4,.544,6.7,12.4,.544,0.0,0.0,,1.5,2.0,.778,16.1,1.7,1.7,0.9,5.0,9.1,15.0,,97.4,103.4
3,4,26,252,12.8,.563,.544,.000,.158,74,12.3,18.0,15.1,5.5,1.7,1.4,27.3,15.4,,0.2,0.3,0.4,.069,,-3.4,-2.2,-5.6
4,0,29,830,136,315,.432,51,116,.440,85,199,.427,71,92,.772,31,89,120,41,30,17,49,53,428
4,1,29,28.6,4.7,10.9,.432,1.8,4.0,.440,2.9,6.9,.427,2.4,3.2,.772,4.1,1.4,1.0,0.6,1.7,1.8,14.8
4,2,29,830,6.6,15.2,.432,2.5,5.6,.440,4.1,9.6,.427,3.4,4.4,.772,5.8,2.0,1.4,0.8,2.4,2.6,20.6
4,3,29,830,9.0,20.8,.432,3.4,7.6,.440,5.6,13.1,.427,4.7,6.1,.772,7.9,2.7,2.0,1.1,3.2,3.5,28.2,,118.1,106.5
4,4,29,830,21.1,.597,.567,.632,.292,376,3.7,11.3,7.4,9.3,2.0,1.9,12.0,22.6,,2.5,0.6,3.1,.151,,4.3,-3.3,1.0
5,0,28,845,156,374,.417,103,219,.470,53,155,.342,79,109,.725,39,158,197,36,31,12,68,67,444
5,1,28,30.2,5.6,13.4,.417,3.7,7.8,.470,1.9,5.5,.342,2.8,3.9,.725,7.0,1.3,1.1,0.4,2.4,2.4,15.9
5,2,28,845,7.4,17.7,.417,4.9,10.4,.470,2.5,7.3,.342,3.7,5.2,.725,9.3,1.7,1.5,0.6,3.2,3.2,21.0
5,3,28,845,10.1,24.2,.417,6.7,14.2,.470,3.4,10.0,.342,5.1,7.1,.725,12.7,2.3,2.0,0.8,4.4,4.3,28.7,,102.7,102.8
5,4,28,845,19.1,.521,.488,.414,.291,398,4.6,19.8,12.0,8.3,2.0,1.3,13.8,26.9,,1.5,0.9,2.4,.113,,-0.1,-3.4,-3.5
6,0,30,596,102,174,.586,101,172,.587,1,2,.500,33,63,.524,58,67,125,21,15,10,21,99,238
6,1,30,19.9,3.4,5.8,.586,3.4,5.7,.587,0.0,0.1,.500,1.1,2.1,.524,4.2,0.7,0.5,0.3,0.7,3.3,7.9
6,2,30,596,6.8,11.7,.586,6.8,11.5,.587,0.1,0.1,.500,2.2,4.2,.524,8.4,1.4,1.0,0.7,1.4,6.6,16.0
6,3,30,596,9.4,16.0,.586,9.3,15.8,.587,0.1,0.2,.500,3.0,5.8,.524,11.5,1.9,1.4,0.9,1.9,9.1,21.8,,121.1,107.0
6,4,30,596,18.5,.584,.589,.011,.362,225,9.7,11.9,10.8,6.7,1.4,1.5,9.3,17.4,,1.6,0.4,2.0,.136,,0.9,-2.9,-2.0
7,0,29,651,65,160,.406,41,79,.519,24,81,.296,18,25,.720,18,34,52,67,30,11,32,56,172
7,1,29,22.4,2.2,5.5,.406,1.4,2.7,.519,0.8,2.8,.296,0.6,0.9,.720,1.8,2.3,1.0,0.4,1.1,1.9,5.9
7,2,29,651,4.0,9.8,.406,2.5,4.9,.519,1.5,5.0,.296,1.1,1.5,.720,3.2,4.1,1.8,0.7,2.0,3.4,10.6
7,3,29,651,5.5,13.4,.406,3.4,6.6,.519,2.0,6.8,.296,1.5,2.1,.720,4.4,5.6,2.5,0.9,2.7,4.7,14.4,,105.9,107.9
7,4,29,651,12.4,.500,.481,.506,.156,184,2.8,5.5,4.1,17.3,2.5,1.5,15.7,14.4,,0.8,0.4,1.2,.073,,-0.4,-2.5,-2.9
8,0,25,714,153,346,.442,146,319,.458,7,27,.259,72,139,.518,61,68,129,77,37,10,78,60,385
8,1,25,28.6,6.1,13.8,.442,5.8,12.8,.458,0.3,1.1,.259,2.9,5.6,.518,5.2,3.1,1.5,0.4,3.1,2.4,15.4
8,2,25,714,8.6,19.4,.442,8.2,17.9,.458,0.4,1.5,.259,4.0,7.8,.518,7.2,4.3,2.1,0.6,4.4,3.4,21.6
8,3,25,714,11.7,26.5,.442,11.2,24.4,.458,0.5,2.1,.259,5.5,10.6,.518,9.9,5.9,2.8,0.8,6.0,4.6,29.5,,95.5,105.3
8,4,25,714,19.3,.467,.452,.078,.402,390,8.5,10.1,9.3,22.4,2.8,1.3,15.9,31.6,,0.8,0.6,1.4,.076,,-0.9,-2.1,-2.9
9,0,22,159,15,52,.288,5,16,.313,10,36,.278,3,5,.600,4,16,20,3,4,1,11,19,43
9,1,22,7.2,0.7,2.4,.288,0.2,0.7,.313,0.5,1.6,.278,0.1,0.2,.600,0.9,0.1,0.2,0.0,0.5,0.9,2.0
9,2,22,159,3.8,13.1,.288,1.3,4.0,.313,2.5,9.1,.278,0.8,1.3,.600,5.0,0.8,1.0,0.3,2.8,4.8,10.8
9,3,22,159,5.2,17.9,.288,1.7,5.5,.313,3.4,12.4,.278,1.0,1.7,.600,6.9,1.0,1.4,0.3,3.8,6.5,14.8,,77.2,108.3
9,4,22,159,3.5,.395,.385,.692,.096,39,2.5,10.6,6.5,3.1,1.4,0.6,16.8,18.9,,-0.2,0.1,-0.1,-.017,,-5.6,-5.2,-10.8
10,0,7,25,2,7,.286,2,5,.400,0,2,.000,2,3,.667,3,4,7,0,0,2,2,6,6
10,1,7,3.6,0.3,1.0,.286,0.3,0.7,.400,0.0,0.3,.000,0.3,0.4,.667,1.0,0.0,0.0,0.3,0.3,0.9,0.9
10,2,7,25,3.2,11.2,.286,3.2,8.0,.400,0.0,3.2,.000,3.2,4.8,.667,11.2,0.0,0.0,3.2,3.2,9.6,9.6
10,3,7,25,4.4,15.3,.286,4.4,10.9,.400,0.0,4.4,.000,4.4,6.6,.667,15.3,0.0,0.0,4.4,4.4,13.1,13.1,,76.9,104.4
10,4,7,25,5.5,.356,.286,.286,.429,7,12.0,16.9,14.4,0.0,0.0,7.3,19.2,19.2,,0.0,0.0,0.0,-.007,,-9.6,-5.1,-14.7
11,0,29,409,26,61,.426,19,43,.442,7,18,.389,11,18,.611,6,31,37,34,11,0,24,31,70
11,1,29,14.1,0.9,2.1,.426,0.7,1.5,.442,0.2,0.6,.389,0.4,0.6,.611,1.3,1.2,0.4,0.0,0.8,1.1,2.4
11,2,29,409,2.5,6.0,.426,1.9,4.2,.442,0.7,1.8,.389,1.1,1.8,.611,3.6,3.3,1.1,0.0,2.3,3.0,6.8
11,3,29,409,3.5,8.2,.426,2.5,5.7,.442,0.9,2.4,.389,1.5,2.4,.611,4.9,4.5,1.5,0.0,3.2,4.1,9.4,,93.8,109.9
11,4,29,409,6.9,.503,.484,.295,.295,78,1.5,8.0,4.6,13.1,1.5,0.0,25.7,10.5,,0.1,0.2,0.3,.027,,-3.8,-3.2,-7.0
12,0,30,404,38,120,.317,23,74,.311,15,46,.326,23,36,.639,14,44,58,40,21,1,38,49,114
12,1,30,13.5,1.3,4.0,.317,0.8,2.5,.311,0.5,1.5,.326,0.8,1.2,.639,1.9,1.3,0.7,0.0,1.3,1.6,3.8
12,2,30,404,3.8,11.9,.317,2.3,7.3,.311,1.5,4.6,.326,2.3,3.6,.639,5.7,4.0,2.1,0.1,3.8,4.9,11.3
12,3,30,404,5.1,16.2,.317,3.1,10.0,.311,2.0,6.2,.326,3.1,4.9,.639,7.8,5.4,2.8,0.1,5.1,6.6,15.4,,84.1,104.9
12,4,30,404,8.3,.416,.379,.383,.300,124,3.5,11.5,7.4,16.5,2.8,0.2,21.7,19.9,,-0.2,0.4,0.2,.017,,-4.3,-2.7,-7.0
13,0,4,15,1,7,.143,1,6,.167,0,1,.000,0,0,,2,1,3,0,1,0,2,4,2
13,1,4,3.8,0.3,1.8,.143,0.3,1.5,.167,0.0,0.3,.000,0.0,0.0,,0.8,0.0,0.3,0.0,0.5,1.0,0.5
13,2,4,15,2.7,18.7,.143,2.7,16.0,.167,0.0,2.7,.000,0.0,0.0,,8.0,0.0,2.7,0.0,5.3,10.7,5.3
13,3,4,15,3.6,25.5,.143,3.6,21.9,.167,0.0,3.6,.000,0.0,0.0,,10.9,0.0,3.6,0.0,7.3,14.6,7.3,,38.3,104.3
13,4,4,15,-11.2,.143,.143,.143,.000,3,13.3,7.0,10.3,0.0,3.6,0.0,22.2,27.6,,-0.1,0.0,-0.1,-.222,,-17.3,-7.0,-24.3
