0,0,30,553,29,77,.377,18,43,.419,11,34,.324,20,32,.625,20,59,79,17,12,13,17,33,89
0,1,30,18.4,1.0,2.6,.377,0.6,1.4,.419,0.4,1.1,.324,0.7,1.1,.625,2.6,0.6,0.4,0.4,0.6,1.1,3.0
0,2,30,553,2.1,5.6,.377,1.3,3.1,.419,0.8,2.5,.324,1.4,2.3,.625,5.7,1.2,0.9,0.9,1.2,2.4,6.4
0,3,30,553,3.3,8.7,.377,2.0,4.9,.419,1.2,3.8,.324,2.3,3.6,.625,8.9,1.9,1.4,1.5,1.9,3.7,10.1,,98.7,111.0
0,4,30,553,9.2,.483,.448,.442,.416,91,4.2,12.5,8.3,6.3,1.4,2.5,15.6,10.6,,0.2,0.2,0.5,.036,,-3.7,-1.2,-4.9
1,0,27,282,25,68,.368,25,68,.368,0,0,,8,16,.500,26,41,67,3,3,9,12,39,58
1,1,27,10.4,0.9,2.5,.368,0.9,2.5,.368,0.0,0.0,,0.3,0.6,.500,2.5,0.1,0.1,0.3,0.4,1.4,2.1
1,2,27,282,3.5,9.6,.368,3.5,9.6,.368,0.0,0.0,,1.1,2.3,.500,9.5,0.4,0.4,1.3,1.7,5.5,8.2
1,3,27,282,5.5,15.1,.368,5.5,15.1,.368,0.0,0.0,,1.8,3.5,.500,14.9,0.7,0.7,2.0,2.7,8.6,12.9,,83.9,109.6
1,4,27,282,8.2,.384,.368,.000,.235,62,10.7,17.0,13.8,2.3,0.7,3.4,13.7,16.6,,-0.1,0.2,0.0,.004,,-7.8,-3.3,-11.1
2,0,28,899,103,254,.406,65,137,.474,38,117,.325,34,53,.642,16,63,79,62,23,2,64,51,278
2,1,28,32.1,3.7,9.1,.406,2.3,4.9,.474,1.4,4.2,.325,1.2,1.9,.642,2.8,2.2,0.8,0.1,2.3,1.8,9.9
2,2,28,899,4.6,11.3,.406,2.9,6.1,.474,1.7,5.2,.325,1.5,2.4,.642,3.5,2.8,1.0,0.1,2.8,2.3,12.4
2,3,28,899,7.2,17.7,.406,4.5,9.5,.474,2.6,8.1,.325,2.4,3.7,.642,5.5,4.3,1.6,0.1,4.5,3.5,19.3,,92.9,113.6
2,4,28,899,10.6,.498,.480,.461,.209,264,2.1,8.2,5.1,16.2,1.6,0.2,18.6,20.4,,0.3,0.2,0.4,.019,,-1.8,-3.8,-5.6
3,0,30,937,142,341,.416,140,327,.428,2,14,.143,101,130,.777,72,139,211,48,38,5,89,89,387
3,1,30,31.2,4.7,11.4,.416,4.7,10.9,.428,0.1,0.5,.143,3.4,4.3,.777,7.0,1.6,1.3,0.2,3.0,3.0,12.9
3,2,30,937,6.1,14.6,.416,6.0,14.0,.428,0.1,0.6,.143,4.3,5.5,.777,9.0,2.0,1.6,0.2,3.8,3.8,16.5
3,3,30,937,9.5,22.8,.416,9.3,21.8,.428,0.1,0.9,.143,6.7,8.7,.777,14.1,3.2,2.5,0.3,5.9,5.9,25.8,,92.9,107.0
3,4,30,937,16.3,.480,.419,.041,.381,382,8.9,17.4,13.1,13.1,2.5,0.6,18.1,28.1,,0.4,0.8,1.1,.049,,-3.2,-2.0,-5.2
4,0,29,240,18,52,.346,18,52,.346,0,0,,10,17,.588,18,22,40,4,2,12,12,16,46
4,1,29,8.3,0.6,1.8,.346,0.6,1.8,.346,0.0,0.0,,0.3,0.6,.588,1.4,0.1,0.1,0.4,0.4,0.6,1.6
4,2,29,240,3.0,8.7,.346,3.0,8.7,.346,0.0,0.0,,1.7,2.8,.588,6.7,0.7,0.3,2.0,2.0,2.7,7.7
4,3,29,240,4.7,13.5,.346,4.7,13.5,.346,0.0,0.0,,2.6,4.4,.588,10.4,1.0,0.5,3.1,3.1,4.2,12.0,,80.9,112.1
4,4,29,240,7.9,.383,.346,.000,.327,49,8.7,10.7,9.7,3.6,0.5,5.3,16.6,16.1,,-0.2,0.1,-0.1,-.014,,-8.0,-1.9,-9.8
5,0,24,226,15,51,.294,10,24,.417,5,27,.185,7,9,.778,9,14,23,14,6,3,7,20,42
5,1,24,9.4,0.6,2.1,.294,0.4,1.0,.417,0.2,1.1,.185,0.3,0.4,.778,1.0,0.6,0.3,0.1,0.3,0.8,1.8
5,2,24,226,2.7,9.0,.294,1.8,4.2,.417,0.9,4.8,.185,1.2,1.6,.778,4.1,2.5,1.1,0.5,1.2,3.5,7.4
5,3,24,226,4.1,14.1,.294,2.8,6.6,.417,1.4,7.5,.185,1.9,2.5,.778,6.4,3.9,1.7,0.8,1.9,5.5,11.6,,89.6,113.1
5,4,24,226,7.5,.380,.343,.529,.176,46,4.6,7.3,5.9,13.0,1.7,1.4,11.2,14.7,,0.0,0.1,0.0,.009,,-3.9,-3.3,-7.2
6,0,2,60,1,15,.067,0,8,.000,1,7,.143,4,4,1.000,1,6,7,7,1,1,5,7,7
6,1,2,30.0,0.5,7.5,.067,0.0,4.0,.000,0.5,3.5,.143,2.0,2.0,1.000,3.5,3.5,0.5,0.5,2.5,3.5,3.5
6,2,2,60,0.7,10.0,.067,0.0,5.3,.000,0.7,4.7,.143,2.7,2.7,1.000,4.7,4.7,0.7,0.7,3.3,4.7,4.7
6,3,2,60,1.0,15.6,.067,0.0,8.3,.000,1.0,7.3,.143,4.2,4.2,1.000,7.3,7.3,1.0,1.0,5.2,7.3,7.3,,54.5,112.2
6,4,2,60,-1.9,.207,.100,.467,.267,10,1.9,11.7,6.8,22.2,1.0,1.8,22.8,19.5,,-0.2,0.0,-0.2,-.119,,-10.4,-3.5,-13.8
7,0,31,1147,171,428,.400,97,221,.439,74,207,.357,118,156,.756,15,71,86,57,26,6,83,64,534
7,1,31,37.0,5.5,13.8,.400,3.1,7.1,.439,2.4,6.7,.357,3.8,5.0,.756,2.8,1.8,0.8,0.2,2.7,2.1,17.2
7,2,31,1147,6.0,14.9,.400,3.4,7.7,.439,2.6,7.2,.357,4.1,5.4,.756,3.0,2.0,0.9,0.2,2.9,2.2,18.6
7,3,31,1147,9.3,23.3,.400,5.3,12.0,.439,4.0,11.3,.357,6.4,8.5,.756,4.7,3.1,1.4,0.3,4.5,3.5,29.1,,102.2,114.3
7,4,31,1147,15.6,.532,.486,.484,.364,476,1.5,7.2,4.4,12.7,1.4,0.6,14.2,27.3,,1.7,0.1,1.9,.066,,1.3,-5.0,-3.7
8,0,31,1026,125,267,.468,121,256,.473,4,11,.364,27,44,.614,99,173,272,31,25,52,70,80,281
8,1,31,33.1,4.0,8.6,.468,3.9,8.3,.473,0.1,0.4,.364,0.9,1.4,.614,8.8,1.0,0.8,1.7,2.3,2.6,9.1
8,2,31,1026,4.9,10.4,.468,4.7,10.0,.473,0.2,0.4,.364,1.1,1.7,.614,10.6,1.2,1.0,2.0,2.7,3.1,11.0
8,3,31,1026,7.6,16.3,.468,7.4,15.6,.473,0.2,0.7,.364,1.6,2.7,.614,16.6,1.9,1.5,3.2,4.3,4.9,17.1,,93.1,105.7
8,4,31,1026,15.6,.488,.476,.041,.165,288,11.2,19.7,15.4,7.2,1.5,5.4,19.6,18.7,,0.3,1.0,1.3,.049,,-3.8,0.9,-3.0
9,0,28,845,44,120,.367,33,84,.393,11,36,.306,11,18,.611,8,60,68,96,17,5,57,29,110
9,1,28,30.2,1.6,4.3,.367,1.2,3.0,.393,0.4,1.3,.306,0.4,0.6,.611,2.4,3.4,0.6,0.2,2.0,1.0,3.9
9,2,28,845,2.1,5.7,.367,1.6,4.0,.393,0.5,1.7,.306,0.5,0.9,.611,3.2,4.5,0.8,0.2,2.7,1.4,5.2
9,3,28,845,3.3,8.9,.367,2.4,6.2,.393,0.8,2.7,.306,0.8,1.3,.611,5.0,7.1,1.3,0.4,4.2,2.1,8.1,,81.5,114.2
9,4,28,845,6.3,.428,.413,.300,.150,141,1.1,8.3,4.7,23.2,1.3,0.6,30.7,11.7,,-0.4,0.1,-0.3,-.016,,-5.4,-3.0,-8.4
