0,0,30,417,52,93,.559,52,92,.565,0,1,.000,22,44,.500,35,44,79,6,11,10,26,46,126
0,1,30,13.9,1.7,3.1,.559,1.7,3.1,.565,0.0,0.0,.000,0.7,1.5,.500,2.6,0.2,0.4,0.3,0.9,1.5,4.2
0,2,30,417,5.0,8.9,.559,5.0,8.8,.565,0.0,0.1,.000,2.1,4.2,.500,7.6,0.6,1.1,1.0,2.5,4.4,12.1
0,3,30,417,7.0,12.6,.559,7.0,12.4,.565,0.0,0.1,.000,3.0,6.0,.500,10.7,0.8,1.5,1.4,3.5,6.2,17.0,,103.5,104.0
0,4,30,417,13.3,.553,.559,.011,.473,123,9.1,12.9,10.9,2.6,1.5,2.6,18.6,16.1,,0.5,0.4,0.9,.086,,-3.1,-1.1,-4.2
1,0,13,39,4,7,.571,0,0,,4,7,.571,0,0,,1,6,7,3,1,0,1,2,12
1,1,13,3.0,0.3,0.5,.571,0.0,0.0,,0.3,0.5,.571,0.0,0.0,,0.5,0.2,0.1,0.0,0.1,0.2,0.9
1,2,13,39,4.1,7.2,.571,0.0,0.0,,4.1,7.2,.571,0.0,0.0,,7.2,3.1,1.0,0.0,1.0,2.1,12.3
1,3,13,39,5.8,10.1,.571,0.0,0.0,,5.8,10.1,.571,0.0,0.0,,10.1,4.3,1.4,0.0,1.4,2.9,17.4,,162.5,103.8
1,4,13,39,19.3,.857,.857,1.000,.000,11,2.8,18.8,10.3,13.5,1.4,0.0,12.5,9.8,,0.1,0.0,0.2,.184,,4.1,-2.3,1.7
2,0,12,48,2,7,.286,2,6,.333,0,1,.000,1,2,.500,6,5,11,0,1,1,3,14,5
2,1,12,4.0,0.2,0.6,.286,0.2,0.5,.333,0.0,0.1,.000,0.1,0.2,.500,0.9,0.0,0.1,0.1,0.3,1.2,0.4
2,2,12,48,1.7,5.8,.286,1.7,5.0,.333,0.0,0.8,.000,0.8,1.7,.500,9.2,0.0,0.8,0.8,2.5,11.7,4.2
2,3,12,48,2.4,8.2,.286,2.4,7.1,.333,0.0,1.2,.000,1.2,2.4,.500,12.9,0.0,1.2,1.2,3.5,16.5,5.9,,75.0,104.0
2,4,12,48,1.2,.314,.286,.143,.286,8,13.6,12.7,13.2,0.0,1.2,2.3,27.4,10.9,,0.0,0.0,0.0,.008,,-7.3,-3.0,-10.3
3,0,31,685,54,114,.474,53,110,.482,1,4,.250,46,63,.730,79,95,174,10,25,1,32,104,155
3,1,31,22.1,1.7,3.7,.474,1.7,3.5,.482,0.0,0.1,.250,1.5,2.0,.730,5.6,0.3,0.8,0.0,1.0,3.4,5.0
3,2,31,685,3.2,6.7,.474,3.1,6.4,.482,0.1,0.2,.250,2.7,3.7,.730,10.2,0.6,1.5,0.1,1.9,6.1,9.1
3,3,31,685,4.4,9.4,.474,4.4,9.1,.482,0.1,0.3,.250,3.8,5.2,.730,14.3,0.8,2.1,0.1,2.6,8.6,12.8,,112.3,102.4
3,4,31,685,12.4,.538,.478,.035,.553,177,12.5,16.9,14.6,2.5,2.1,0.2,18.2,12.3,,1.0,0.8,1.8,.106,,-1.5,-0.9,-2.4
4,0,25,274,36,78,.462,20,44,.455,16,34,.471,19,29,.655,16,36,52,19,9,0,24,31,107
4,1,25,11.0,1.4,3.1,.462,0.8,1.8,.455,0.6,1.4,.471,0.8,1.2,.655,2.1,0.8,0.4,0.0,1.0,1.2,4.3
4,2,25,274,5.3,11.4,.462,2.9,6.4,.455,2.3,5.0,.471,2.8,4.2,.655,7.6,2.8,1.3,0.0,3.5,4.5,15.6
4,3,25,274,7.4,16.1,.462,4.1,9.1,.455,3.3,7.0,.471,3.9,6.0,.655,10.7,3.9,1.9,0.0,4.9,6.4,22.0,,107.8,103.5
4,4,25,274,15.9,.583,.564,.436,.372,106,6.3,16.1,10.9,12.9,1.9,0.0,20.7,20.3,,0.5,0.3,0.8,.117,,-0.1,-2.1,-2.2
5,0,31,856,134,310,.432,79,173,.457,55,137,.401,66,85,.776,24,67,91,58,63,6,57,72,389
5,1,31,27.6,4.3,10.0,.432,2.5,5.6,.457,1.8,4.4,.401,2.1,2.7,.776,2.9,1.9,2.0,0.2,1.8,2.3,12.5
5,2,31,856,6.3,14.5,.432,3.7,8.1,.457,2.6,6.4,.401,3.1,4.0,.776,4.3,2.7,2.9,0.3,2.7,3.4,18.2
5,3,31,856,8.8,20.4,.432,5.2,11.4,.457,3.6,9.0,.401,4.3,5.6,.776,6.0,3.8,4.2,0.4,3.8,4.7,25.6,,111.1,100.4
5,4,31,856,19.5,.555,.521,.442,.274,362,3.0,9.6,6.1,13.2,4.2,0.8,14.0,22.8,,2.0,1.2,3.2,.148,,2.0,-0.2,1.9
6,0,6,11,0,0,,0,0,,0,0,,0,0,,0,3,3,1,0,0,2,1,0
6,1,6,1.8,0.0,0.0,,0.0,0.0,,0.0,0.0,,0.0,0.0,,0.5,0.2,0.0,0.0,0.3,0.2,0.0
6,2,6,11,0.0,0.0,,0.0,0.0,,0.0,0.0,,0.0,0.0,,10.9,3.6,0.0,0.0,7.3,3.6,0.0
6,3,6,11,0.0,0.0,,0.0,0.0,,0.0,0.0,,0.0,0.0,,15.4,5.1,0.0,0.0,10.3,5.1,0.0,,24.3,101.8
6,4,6,11,-3.8,,,,,1,0.0,33.3,15.7,13.6,0.0,0.0,100.0,8.7,,0.0,0.0,0.0,-.097,,-13.8,1.2,-12.6
7,0,31,1016,187,318,.588,185,310,.597,2,8,.250,100,166,.602,82,199,281,52,65,51,70,80,476
7,1,31,32.8,6.0,10.3,.588,6.0,10.0,.597,0.1,0.3,.250,3.2,5.4,.602,9.1,1.7,2.1,1.6,2.3,2.6,15.4
7,2,31,1016,7.4,12.5,.588,7.3,12.2,.597,0.1,0.3,.250,3.9,6.5,.602,11.1,2.0,2.6,2.0,2.8,3.1,18.7
7,3,31,1016,10.4,17.7,.588,10.3,17.2,.597,0.1,0.4,.250,5.6,9.2,.602,15.6,2.9,3.6,2.8,3.9,4.4,26.4,,116.6,94.3
7,4,31,1016,26.8,.600,.591,.025,.522,457,8.8,23.9,15.9,10.5,3.6,5.5,15.0,22.0,,3.0,2.0,5.0,.196,,1.5,4.1,5.6
8,0,31,834,100,237,.422,33,83,.398,67,154,.435,38,47,.809,36,89,125,30,21,9,46,77,305
8,1,31,26.9,3.2,7.6,.422,1.1,2.7,.398,2.2,5.0,.435,1.2,1.5,.809,4.0,1.0,0.7,0.3,1.5,2.5,9.8
8,2,31,834,4.8,11.4,.422,1.6,4.0,.398,3.2,7.4,.435,1.8,2.3,.809,6.0,1.4,1.0,0.4,2.2,3.7,14.6
8,3,31,834,6.8,16.0,.422,2.2,5.6,.398,4.5,10.4,.435,2.6,3.2,.809,8.5,2.0,1.4,0.6,3.1,5.2,20.6,,114.2,105.0
8,4,31,834,14.7,.588,.563,.650,.198,278,4.7,13.0,8.6,6.5,1.4,1.2,15.1,17.6,,1.7,0.8,2.5,.118,,1.4,-1.7,-0.4
9,0,31,966,126,358,.352,64,174,.368,62,184,.337,106,147,.721,31,56,87,120,23,2,81,67,420
9,1,31,31.2,4.1,11.5,.352,2.1,5.6,.368,2.0,5.9,.337,3.4,4.7,.721,2.8,3.9,0.7,0.1,2.6,2.2,13.5
9,2,31,966,5.2,14.8,.352,2.7,7.2,.368,2.6,7.6,.337,4.4,6.1,.721,3.6,5.0,1.0,0.1,3.4,2.8,17.4
9,3,31,966,7.4,20.9,.352,3.7,10.2,.368,3.6,10.7,.337,6.2,8.6,.721,5.1,7.0,1.3,0.1,4.7,3.9,24.5,,104.3,107.8
9,4,31,966,14.9,.491,.439,.514,.411,442,3.5,7.1,5.2,23.0,1.3,0.2,15.9,25.3,,1.8,0.6,2.4,.100,,0.5,-3.6,-3.0
10,0,9,18,3,7,.429,0,1,.000,3,6,.500,2,3,.667,0,1,1,0,0,0,0,0,11
10,1,9,2.0,0.3,0.8,.429,0.0,0.1,.000,0.3,0.7,.500,0.2,0.3,.667,0.1,0.0,0.0,0.0,0.0,0.0,1.2
10,2,9,18,6.7,15.6,.429,0.0,2.2,.000,6.7,13.3,.500,4.4,6.7,.667,2.2,0.0,0.0,0.0,0.0,0.0,24.4
10,3,9,18,9.4,21.9,.429,0.0,3.1,.000,9.4,18.8,.500,6.3,9.4,.667,3.1,0.0,0.0,0.0,0.0,0.0,34.5,,143.7,111.4
10,4,9,18,23.6,.653,.643,.857,.429,8,0.0,6.8,3.2,0.0,0.0,0.0,0.0,22.5,,0.1,0.0,0.1,.207,,5.0,-9.4,-4.4
11,0,25,595,75,181,.414,46,96,.479,29,85,.341,40,51,.784,15,32,47,51,17,1,35,31,219
11,1,25,23.8,3.0,7.2,.414,1.8,3.8,.479,1.2,3.4,.341,1.6,2.0,.784,1.9,2.0,0.7,0.0,1.4,1.2,8.8
11,2,25,595,5.0,12.2,.414,3.1,6.5,.479,1.9,5.7,.341,2.7,3.4,.784,3.2,3.4,1.1,0.1,2.4,2.1,14.7
11,3,25,595,7.1,17.2,.414,4.4,9.1,.479,2.7,8.1,.341,3.8,4.8,.784,4.5,4.8,1.6,0.1,3.3,2.9,20.8,,110.1,107.5
11,4,25,595,14.5,.534,.494,.470,.282,217,2.7,6.6,4.5,15.7,1.6,0.2,14.6,19.4,,1.2,0.4,1.6,.104,,0.3,-3.0,-2.7
12,0,1,0,0,1,.000,0,1,.000,0,0,,0,0,,0,0,0,0,0,0,0,0,0
12,1,1,0.0,0.0,1.0,.000,0.0,1.0,.000,0.0,0.0,,0.0,0.0,,0.0,0.0,0.0,0.0,0.0,0.0,0.0
12,2,1,0,,,.000,,,.000,,,,,,,,,,,,,
12,3,1,0,,,.000,,,.000,,,,,,,,,,,,,,,,
12,4,1,0,,.000,.000,.000,.000,,,,,,,,0.0,,,0.0,0.0,0.0,,,-5.2,-0.9,-6.1
13,0,31,450,62,155,.400,42,95,.442,20,60,.333,14,21,.667,14,24,38,46,15,1,32,37,158
13,1,31,14.5,2.0,5.0,.400,1.4,3.1,.442,0.6,1.9,.333,0.5,0.7,.667,1.2,1.5,0.5,0.0,1.0,1.2,5.1
13,2,31,450,5.5,13.8,.400,3.7,8.4,.442,1.8,5.3,.333,1.2,1.9,.667,3.4,4.1,1.3,0.1,2.8,3.3,14.0
13,3,31,450,7.8,19.4,.400,5.3,11.9,.442,2.5,7.5,.333,1.8,2.6,.667,4.8,5.8,1.9,0.1,4.0,4.6,19.8,,99.9,106.7
13,4,31,450,12.3,.479,.465,.387,.135,164,3.4,6.5,4.9,19.2,1.9,0.2,16.2,21.0,,0.5,0.3,0.8,.074,,-1.7,-3.2,-4.9
14,0,3,16,0,0,,0,0,,0,0,,0,0,,0,0,0,0,0,0,0,0,0
14,1,3,5.3,0.0,0.0,,0.0,0.0,,0.0,0.0,,0.0,0.0,,0.0,0.0,0.0,0.0,0.0,0.0,0.0
14,2,3,16,0.0,0.0,,0.0,0.0,,0.0,0.0,,0.0,0.0,,0.0,0.0,0.0,0.0,0.0,0.0,0.0
14,3,3,16,0.0,0.0,,0.0,0.0,,0.0,0.0,,0.0,0.0,,0.0,0.0,0.0,0.0,0.0,0.0,0.0,,,113.7
14,4,3,16,0.0,,,,,0,0.0,0.0,0.0,0.0,0.0,0.0,,0.0,,0.0,0.0,0.0,.003,,-5.1,-0.8,-5.9
