0,0,28,407,26,71,.366,21,51,.412,5,20,.250,39,65,.600,36,62,98,36,18,6,23,42,96
0,1,28,14.5,0.9,2.5,.366,0.8,1.8,.412,0.2,0.7,.250,1.4,2.3,.600,3.5,1.3,0.6,0.2,0.8,1.5,3.4
0,2,28,407,2.6,7.0,.366,2.1,5.0,.412,0.5,2.0,.250,3.8,6.4,.600,9.6,3.5,1.8,0.6,2.3,4.1,9.4
0,3,28,407,3.7,10.2,.366,3.0,7.3,.412,0.7,2.9,.250,5.6,9.3,.600,14.0,5.2,2.6,0.9,3.3,6.0,13.8,,108.2,101.6
0,4,28,407,14.2,.471,.401,.282,.915,126,10.0,17.4,13.6,14.4,2.6,1.6,18.4,15.3,,0.5,0.6,1.2,.114,,-2.2,0.9,-1.3
1,0,23,190,31,45,.689,31,45,.689,0,0,,14,32,.438,16,31,47,3,4,16,8,30,76
1,1,23,8.3,1.3,2.0,.689,1.3,2.0,.689,0.0,0.0,,0.6,1.4,.438,2.0,0.1,0.2,0.7,0.3,1.3,3.3
1,2,23,190,6.5,9.5,.689,6.5,9.5,.689,0.0,0.0,,2.9,6.7,.438,9.9,0.6,0.8,3.4,1.7,6.3,16.0
1,3,23,190,9.5,13.8,.689,9.5,13.8,.689,0.0,0.0,,4.3,9.8,.438,14.4,0.9,1.2,4.9,2.5,9.2,23.3,,122.1,99.7
1,4,23,190,21.9,.631,.689,.000,.711,69,9.5,18.6,14.0,3.1,1.2,9.3,11.7,17.9,,0.5,0.3,0.8,.168,,-2.5,1.6,-0.9
2,0,31,507,80,130,.615,80,128,.625,0,2,.000,29,50,.580,46,71,117,13,15,17,17,62,189
2,1,31,16.4,2.6,4.2,.615,2.6,4.1,.625,0.0,0.1,.000,0.9,1.6,.580,3.8,0.4,0.5,0.5,0.5,2.0,6.1
2,2,31,507,6.3,10.3,.615,6.3,10.1,.625,0.0,0.2,.000,2.3,3.9,.580,9.2,1.0,1.2,1.3,1.3,4.9,14.9
2,3,31,507,9.2,15.0,.615,9.2,14.7,.625,0.0,0.2,.000,3.3,5.8,.580,13.5,1.5,1.7,2.0,2.0,7.1,21.7,,126.9,102.9
2,4,31,507,20.3,.615,.615,.015,.385,183,10.2,16.0,13.1,4.9,1.7,3.7,10.0,16.8,,1.4,0.7,2.1,.167,,-0.8,-0.2,-1.0
3,0,17,106,18,38,.474,12,18,.667,6,20,.300,11,15,.733,5,13,18,5,6,1,7,9,53
3,1,17,6.2,1.1,2.2,.474,0.7,1.1,.667,0.4,1.2,.300,0.6,0.9,.733,1.1,0.3,0.4,0.1,0.4,0.5,3.1
3,2,17,106,6.8,14.3,.474,4.5,6.8,.667,2.3,7.5,.300,4.2,5.7,.733,6.8,1.9,2.3,0.4,2.6,3.4,20.0
3,3,17,106,9.9,20.9,.474,6.6,9.9,.667,3.3,11.0,.300,6.1,8.3,.733,9.9,2.8,3.3,0.6,3.9,5.0,29.2,,115.0,101.8
3,4,17,106,21.5,.587,.553,.526,.395,48,5.3,14.0,9.6,9.3,3.3,1.0,13.4,24.5,,0.3,0.2,0.4,.162,,0.5,-2.2,-1.7
4,0,18,95,10,24,.417,1,1,1.000,9,23,.391,3,4,.750,1,6,7,5,1,0,4,6,32
4,1,18,5.3,0.6,1.3,.417,0.1,0.1,1.000,0.5,1.3,.391,0.2,0.2,.750,0.4,0.3,0.1,0.0,0.2,0.3,1.8
4,2,18,95,4.2,10.1,.417,0.4,0.4,1.000,3.8,9.7,.391,1.3,1.7,.750,2.9,2.1,0.4,0.0,1.7,2.5,13.5
4,3,18,95,6.1,14.7,.417,0.6,0.6,1.000,5.5,14.1,.391,1.8,2.5,.750,4.3,3.1,0.6,0.0,2.5,3.7,19.6,,120.1,111.2
4,4,18,95,12.0,.618,.604,.958,.167,29,1.2,7.2,4.2,9.2,0.6,0.0,13.4,15.7,,0.2,0.1,0.2,.104,,0.1,-5.0,-4.9
5,0,9,38,7,12,.583,7,12,.583,0,0,,7,9,.778,5,5,10,0,4,3,3,5,21
5,1,9,4.2,0.8,1.3,.583,0.8,1.3,.583,0.0,0.0,,0.8,1.0,.778,1.1,0.0,0.4,0.3,0.3,0.6,2.3
5,2,9,38,7.4,12.6,.583,7.4,12.6,.583,0.0,0.0,,7.4,9.5,.778,10.5,0.0,4.2,3.2,3.2,5.3,22.1
5,3,9,38,10.7,18.4,.583,10.7,18.4,.583,0.0,0.0,,10.7,13.8,.778,15.3,0.0,6.1,4.6,4.6,7.7,32.2,,123.0,90.5
5,4,9,38,32.3,.645,.583,.000,.750,20,14.8,15.0,14.9,0.0,6.1,8.7,15.6,25.3,,0.1,0.1,0.2,.248,,-1.9,1.0,-0.9
6,0,31,413,59,89,.663,59,87,.678,0,2,.000,19,29,.655,44,68,112,10,8,23,13,50,137
6,1,31,13.3,1.9,2.9,.663,1.9,2.8,.678,0.0,0.1,.000,0.6,0.9,.655,3.6,0.3,0.3,0.7,0.4,1.6,4.4
6,2,31,413,5.7,8.6,.663,5.7,8.4,.678,0.0,0.2,.000,1.8,2.8,.655,10.8,1.0,0.8,2.2,1.3,4.8,13.3
6,3,31,413,8.3,12.6,.663,8.3,12.3,.678,0.0,0.3,.000,2.7,4.1,.655,15.8,1.4,1.1,3.2,1.8,7.1,19.3,,135.9,101.8
6,4,31,413,21.2,.667,.663,.022,.326,138,12.0,18.8,15.4,4.5,1.1,6.1,11.2,14.0,,1.2,0.6,1.9,.181,,-0.4,1.0,0.6
7,0,31,659,69,153,.451,51,104,.490,18,49,.367,24,35,.686,74,130,204,26,18,2,35,75,180
7,1,31,21.3,2.2,4.9,.451,1.6,3.4,.490,0.6,1.6,.367,0.8,1.1,.686,6.6,0.8,0.6,0.1,1.1,2.4,5.8
7,2,31,659,4.2,9.3,.451,3.1,6.3,.490,1.1,3.0,.367,1.5,2.1,.686,12.4,1.6,1.1,0.1,2.1,4.6,10.9
7,3,31,659,6.1,13.5,.451,4.5,9.2,.490,1.6,4.3,.367,2.1,3.1,.686,18.1,2.3,1.6,0.2,3.1,6.6,15.9,,112.3,102.5
7,4,31,659,14.8,.531,.510,.320,.229,207,12.6,22.5,17.5,6.9,1.6,0.3,17.1,15.5,,1.0,1.0,2.0,.122,,-1.7,-1.1,-2.8
8,0,29,773,118,269,.439,81,154,.526,37,115,.322,92,119,.773,24,80,104,65,47,7,45,76,365
8,1,29,26.7,4.1,9.3,.439,2.8,5.3,.526,1.3,4.0,.322,3.2,4.1,.773,3.6,2.2,1.6,0.2,1.6,2.6,12.6
8,2,29,773,6.1,13.9,.439,4.2,8.0,.526,1.9,6.0,.322,4.8,6.2,.773,5.4,3.4,2.4,0.4,2.3,3.9,18.9
8,3,29,773,8.9,20.3,.439,6.1,11.6,.526,2.8,8.7,.322,6.9,9.0,.773,7.8,4.9,3.5,0.5,3.4,5.7,27.5,,116.7,102.0
8,4,29,773,20.8,.561,.507,.428,.442,354,3.5,11.8,7.6,16.0,3.5,1.0,12.1,23.9,,2.1,1.2,3.2,.168,,1.4,-0.6,0.8
9,0,31,949,135,264,.511,86,166,.518,49,98,.500,69,76,.908,7,52,59,41,21,4,43,46,388
9,1,31,30.6,4.4,8.5,.511,2.8,5.4,.518,1.6,3.2,.500,2.2,2.5,.908,1.9,1.3,0.7,0.1,1.4,1.5,12.5
9,2,31,949,5.7,11.1,.511,3.6,7.0,.518,2.1,4.1,.500,2.9,3.2,.908,2.5,1.7,0.9,0.2,1.8,1.9,16.4
9,3,31,949,8.3,16.2,.511,5.3,10.2,.518,3.0,6.0,.500,4.2,4.7,.908,3.6,2.5,1.3,0.2,2.6,2.8,23.8,,123.9,109.9
9,4,31,949,16.2,.646,.604,.371,.288,334,0.8,6.2,3.5,8.1,1.3,0.5,12.5,18.0,,2.4,0.8,3.1,.132,,0.7,-2.8,-2.1
10,0,23,648,84,234,.359,45,122,.369,39,112,.348,98,127,.772,12,41,53,114,23,2,52,47,305
10,1,23,28.2,3.7,10.2,.359,2.0,5.3,.369,1.7,4.9,.348,4.3,5.5,.772,2.3,5.0,1.0,0.1,2.3,2.0,13.3
10,2,23,648,5.2,14.4,.359,2.8,7.5,.369,2.4,6.9,.348,6.0,7.8,.772,3.3,7.0,1.4,0.1,3.2,2.9,18.8
10,3,23,648,7.6,21.1,.359,4.0,11.0,.369,3.5,10.1,.348,8.8,11.4,.772,4.8,10.3,2.1,0.2,4.7,4.2,27.4,,112.8,107.7
10,4,23,648,18.8,.518,.442,.479,.543,337,2.1,7.2,4.6,32.0,2.1,0.3,15.0,26.7,,1.7,0.6,2.4,.145,,1.0,-3.7,-2.7
11,0,7,35,1,7,.143,0,0,,1,7,.143,0,0,,0,0,0,1,0,0,2,0,3
11,1,7,5.0,0.1,1.0,.143,0.0,0.0,,0.1,1.0,.143,0.0,0.0,,0.0,0.1,0.0,0.0,0.3,0.0,0.4
11,2,7,35,1.1,8.0,.143,0.0,0.0,,1.1,8.0,.143,0.0,0.0,,0.0,1.1,0.0,0.0,2.3,0.0,3.4
11,3,7,35,1.7,11.7,.143,0.0,0.0,,1.7,11.7,.143,0.0,0.0,,0.0,1.7,0.0,0.0,3.3,0.0,5.0,,45.0,115.9
11,4,7,35,-5.1,.214,.214,1.000,.000,3,0.0,0.0,0.0,4.4,0.0,0.0,22.2,12.8,,-0.1,0.0,-0.1,-.095,,-9.6,-5.7,-15.4
12,0,31,670,97,235,.413,23,52,.442,74,183,.404,57,74,.770,37,115,152,24,13,7,34,64,325
12,1,31,21.6,3.1,7.6,.413,0.7,1.7,.442,2.4,5.9,.404,1.8,2.4,.770,4.9,0.8,0.4,0.2,1.1,2.1,10.5
12,2,31,670,5.8,14.0,.413,1.4,3.1,.442,4.4,10.9,.404,3.4,4.4,.770,9.1,1.4,0.8,0.4,2.0,3.8,19.4
12,3,31,670,8.4,20.5,.413,2.0,4.5,.442,6.4,15.9,.404,5.0,6.4,.770,13.2,2.1,1.1,0.6,3.0,5.6,28.3,,121.8,104.3
12,4,31,670,20.0,.602,.570,.779,.315,294,6.2,19.5,12.8,6.7,1.1,1.2,11.2,22.6,,2.0,0.9,2.9,.171,,2.3,-3.5,-1.1
13,0,31,835,124,305,.407,60,147,.408,64,158,.405,41,54,.759,11,63,74,81,24,0,42,53,353
13,1,31,26.9,4.0,9.8,.407,1.9,4.7,.408,2.1,5.1,.405,1.3,1.7,.759,2.4,2.6,0.8,0.0,1.4,1.7,11.4
13,2,31,835,5.9,14.6,.407,2.9,7.0,.408,3.1,7.6,.405,2.0,2.6,.759,3.5,3.9,1.1,0.0,2.0,2.5,16.9
13,3,31,835,8.7,21.3,.407,4.2,10.3,.408,4.5,11.0,.405,2.9,3.8,.759,5.2,5.7,1.7,0.0,2.9,3.7,24.7,,112.8,108.3
13,4,31,835,15.8,.534,.511,.518,.177,341,1.5,8.6,5.0,18.3,1.7,0.0,11.3,22.3,,1.7,0.8,2.5,.121,,0.1,-3.4,-3.3
