0,0,30,720,103,164,.628,103,164,.628,0,0,,39,60,.650,76,56,132,19,18,13,22,52,245
0,1,30,24.0,3.4,5.5,.628,3.4,5.5,.628,0.0,0.0,,1.3,2.0,.650,4.4,0.6,0.6,0.4,0.7,1.7,8.2
0,2,30,720,5.7,9.1,.628,5.7,9.1,.628,0.0,0.0,,2.2,3.3,.650,7.3,1.1,1.0,0.7,1.2,2.9,13.6
0,3,30,720,8.6,13.7,.628,8.6,13.7,.628,0.0,0.0,,3.2,5.0,.650,11.0,1.6,1.5,1.1,1.8,4.3,20.4,,131.9,105.5
0,4,30,720,20.2,.636,.628,.000,.366,239,11.2,9.4,10.4,5.5,1.5,2.3,10.3,14.9,,2.2,0.7,2.9,.162,,1.2,-0.9,0.3
1,0,5,20,1,8,.125,0,1,.000,1,7,.143,0,0,,0,2,2,0,2,0,1,0,3
1,1,5,4.0,0.2,1.6,.125,0.0,0.2,.000,0.2,1.4,.143,0.0,0.0,,0.4,0.0,0.4,0.0,0.2,0.0,0.6
1,2,5,20,2.0,16.0,.125,0.0,2.0,.000,2.0,14.0,.143,0.0,0.0,,4.0,0.0,4.0,0.0,2.0,0.0,6.0
1,3,5,20,3.0,24.0,.125,0.0,3.0,.000,3.0,21.0,.143,0.0,0.0,,6.0,0.0,6.0,0.0,3.0,0.0,9.0,,41.0,95.9
1,4,5,20,-2.2,.188,.188,.875,.000,3,0.0,12.1,5.7,0.0,6.0,0.0,11.1,22.6,,-0.1,0.0,-0.1,-.104,,-11.7,-3.4,-15.0
2,0,30,612,37,95,.389,28,59,.475,9,36,.250,20,33,.606,61,125,186,24,23,5,32,68,103
2,1,30,20.4,1.2,3.2,.389,0.9,2.0,.475,0.3,1.2,.250,0.7,1.1,.606,6.2,0.8,0.8,0.2,1.1,2.3,3.4
2,2,30,612,2.4,6.2,.389,1.8,3.9,.475,0.6,2.4,.250,1.3,2.2,.606,12.2,1.6,1.5,0.3,2.1,4.4,6.7
2,3,30,612,3.6,9.3,.389,2.7,5.8,.475,0.9,3.5,.250,2.0,3.2,.606,18.2,2.4,2.3,0.5,3.1,6.7,10.1,,99.9,98.8
2,4,30,612,11.8,.465,.437,.379,.347,130,10.6,24.6,17.2,7.0,2.3,1.0,22.4,11.7,,0.4,1.0,1.4,.089,,-3.3,0.6,-2.7
3,0,29,892,135,339,.398,86,198,.434,49,141,.348,63,91,.692,18,99,117,63,53,12,45,62,382
3,1,29,30.8,4.7,11.7,.398,3.0,6.8,.434,1.7,4.9,.348,2.2,3.1,.692,4.0,2.2,1.8,0.4,1.6,2.1,13.2
3,2,29,892,6.1,15.2,.398,3.9,8.9,.434,2.2,6.3,.348,2.8,4.1,.692,5.2,2.8,2.4,0.5,2.0,2.8,17.1
3,3,29,892,9.1,22.8,.398,5.8,13.3,.434,3.3,9.5,.348,4.2,6.1,.692,7.9,4.2,3.6,0.8,3.0,4.2,25.7,,106.6,99.7
3,4,29,892,18.4,.500,.471,.416,.268,356,2.1,13.4,7.4,15.0,3.6,1.7,10.5,24.0,,1.6,1.4,3.0,.134,,-0.1,-0.3,-0.4
4,0,25,173,25,41,.610,24,37,.649,1,4,.250,3,4,.750,11,15,26,5,4,1,10,23,54
4,1,25,6.9,1.0,1.6,.610,1.0,1.5,.649,0.0,0.2,.250,0.1,0.2,.750,1.0,0.2,0.2,0.0,0.4,0.9,2.2
4,2,25,173,5.8,9.5,.610,5.5,8.6,.649,0.2,0.9,.250,0.7,0.9,.750,6.0,1.2,0.9,0.2,2.3,5.3,12.5
4,3,25,173,8.7,14.2,.610,8.3,12.8,.649,0.3,1.4,.250,1.0,1.4,.750,9.0,1.7,1.4,0.3,3.5,8.0,18.7,,111.7,105.9
4,4,25,173,13.8,.629,.622,.098,.098,49,6.8,10.5,8.5,6.0,1.4,0.7,18.9,15.3,,0.3,0.2,0.4,.101,,-2.4,-2.6,-5.0
5,0,23,158,11,23,.478,11,23,.478,0,0,,9,26,.346,15,12,27,2,4,6,5,25,31
5,1,23,6.9,0.5,1.0,.478,0.5,1.0,.478,0.0,0.0,,0.4,1.1,.346,1.2,0.1,0.2,0.3,0.2,1.1,1.3
5,2,23,158,2.8,5.8,.478,2.8,5.8,.478,0.0,0.0,,2.3,6.6,.346,6.8,0.5,1.0,1.5,1.3,6.3,7.8
5,3,23,158,4.2,8.7,.478,4.2,8.7,.478,0.0,0.0,,3.4,9.9,.346,10.2,0.8,1.5,2.3,1.9,9.5,11.8,,98.4,103.8
5,4,23,158,9.5,.438,.478,.000,1.130,35,10.1,9.2,9.7,2.3,1.5,4.8,12.4,12.8,,0.1,0.2,0.3,.067,,-5.1,-0.2,-5.2
6,0,25,232,18,45,.400,13,25,.520,5,20,.250,3,8,.375,16,34,50,4,10,4,23,28,44
6,1,25,9.3,0.7,1.8,.400,0.5,1.0,.520,0.2,0.8,.250,0.1,0.3,.375,2.0,0.2,0.4,0.2,0.9,1.1,1.8
6,2,25,232,3.1,7.8,.400,2.2,4.3,.520,0.9,3.4,.250,0.5,1.4,.375,8.6,0.7,1.7,0.7,4.0,4.8,7.6
6,3,25,232,4.7,11.6,.400,3.4,6.5,.520,1.3,5.2,.250,0.8,2.1,.375,12.9,1.0,2.6,1.0,5.9,7.2,11.4,,73.9,99.9
6,4,25,232,6.3,.451,.456,.444,.178,46,7.3,17.7,12.2,3.2,2.6,2.2,32.0,15.5,,-0.3,0.3,0.1,.010,,-7.2,-0.3,-7.5
7,0,30,1067,176,460,.383,72,165,.436,104,295,.353,180,219,.822,15,109,124,124,27,1,81,67,636
7,1,30,35.6,5.9,15.3,.383,2.4,5.5,.436,3.5,9.8,.353,6.0,7.3,.822,4.1,4.1,0.9,0.0,2.7,2.2,21.2
7,2,30,1067,6.6,17.2,.383,2.7,6.2,.436,3.9,11.1,.353,6.7,8.2,.822,4.6,4.6,1.0,0.0,3.0,2.5,23.8
7,3,30,1067,9.9,25.9,.383,4.0,9.3,.436,5.8,16.6,.353,10.1,12.3,.822,7.0,7.0,1.5,0.1,4.6,3.8,35.8,,117.9,105.6
7,4,30,1067,23.6,.564,.496,.641,.476,608,1.5,12.3,6.6,25.4,1.5,0.1,12.6,30.3,,4.2,1.0,5.2,.196,,5.9,-3.9,1.9
8,0,7,27,2,7,.286,2,5,.400,0,2,.000,2,2,1.000,0,3,3,1,0,0,2,3,6
8,1,7,3.9,0.3,1.0,.286,0.3,0.7,.400,0.0,0.3,.000,0.3,0.3,1.000,0.4,0.1,0.0,0.0,0.3,0.4,0.9
8,2,7,27,3.0,10.4,.286,3.0,7.4,.400,0.0,3.0,.000,3.0,3.0,1.000,4.4,1.5,0.0,0.0,3.0,4.4,8.9
8,3,7,27,4.4,15.5,.286,4.4,11.1,.400,0.0,4.4,.000,4.4,4.4,1.000,6.7,2.2,0.0,0.0,4.4,6.7,13.3,,73.2,108.5
8,4,7,27,0.9,.377,.286,.286,.286,6,0.0,13.4,6.3,6.7,0.0,0.0,20.1,18.5,,0.0,0.0,0.0,-.029,,-10.1,-4.8,-14.9
9,0,1,0,0,0,,0,0,,0,0,,0,0,,0,0,0,0,0,0,0,0,0
9,1,1,0.0,0.0,0.0,,0.0,0.0,,0.0,0.0,,0.0,0.0,,0.0,0.0,0.0,0.0,0.0,0.0,0.0
9,2,1,0,,,,,,,,,,,,,,,,,,,
9,3,1,0,,,,,,,,,,,,,,,,,,,,,,
9,4,1,0,,,,,,,,,,,,,,,,0.0,0.0,0.0,,,-6.5,-1.4,-7.9
10,0,29,795,120,287,.418,28,63,.444,92,224,.411,44,61,.721,45,131,176,28,20,5,35,86,376
10,1,29,27.4,4.1,9.9,.418,1.0,2.2,.444,3.2,7.7,.411,1.5,2.1,.721,6.1,1.0,0.7,0.2,1.2,3.0,13.0
10,2,29,795,6.0,14.4,.418,1.4,3.2,.444,4.6,11.3,.411,2.2,3.1,.721,8.9,1.4,1.0,0.3,1.8,4.3,18.9
10,3,29,795,9.1,21.7,.418,2.1,4.8,.444,6.9,16.9,.411,3.3,4.6,.721,13.3,2.1,1.5,0.4,2.6,6.5,28.4,,121.9,102.3
10,4,29,795,20.8,.595,.578,.780,.213,330,6.0,19.9,12.5,7.5,1.5,0.8,10.0,22.1,,2.5,1.0,3.5,.178,,3.7,-3.2,0.5
11,0,29,338,18,83,.217,7,25,.280,11,58,.190,18,27,.667,4,13,17,35,12,1,26,38,65
11,1,29,11.7,0.6,2.9,.217,0.2,0.9,.280,0.4,2.0,.190,0.6,0.9,.667,0.6,1.2,0.4,0.0,0.9,1.3,2.2
11,2,29,338,2.1,9.8,.217,0.8,3.0,.280,1.3,6.9,.190,2.1,3.2,.667,2.0,4.1,1.4,0.1,3.1,4.5,7.7
11,3,29,338,3.2,14.7,.217,1.2,4.4,.280,2.0,10.3,.190,3.2,4.8,.667,3.0,6.2,2.1,0.2,4.6,6.7,11.5,,76.5,106.6
11,4,29,338,2.7,.339,.283,.699,.325,78,1.3,4.6,2.8,18.2,2.1,0.4,21.3,18.1,,-0.4,0.3,-0.1,-.013,,-6.4,-3.9,-10.3
12,0,21,141,12,34,.353,7,19,.368,5,15,.333,4,10,.400,2,13,15,9,5,2,4,12,33
12,1,21,6.7,0.6,1.6,.353,0.3,0.9,.368,0.2,0.7,.333,0.2,0.5,.400,0.7,0.4,0.2,0.1,0.2,0.6,1.6
12,2,21,141,3.4,9.6,.353,2.0,5.4,.368,1.4,4.3,.333,1.1,2.8,.400,4.3,2.6,1.4,0.6,1.1,3.4,9.4
12,3,21,141,5.1,14.5,.353,3.0,8.1,.368,2.1,6.4,.333,1.7,4.3,.400,6.4,3.8,2.1,0.9,1.7,5.1,14.0,,97.5,103.7
12,4,21,141,9.5,.426,.426,.441,.294,33,1.5,11.1,6.0,11.9,2.1,1.8,9.4,15.2,,0.1,0.2,0.2,.067,,-4.2,-1.7,-5.9
13,0,30,921,102,210,.486,102,198,.515,0,12,.000,39,75,.520,74,78,152,72,33,18,51,60,243
13,1,30,30.7,3.4,7.0,.486,3.4,6.6,.515,0.0,0.4,.000,1.3,2.5,.520,5.1,2.4,1.1,0.6,1.7,2.0,8.1
13,2,30,921,4.4,9.1,.486,4.4,8.6,.515,0.0,0.5,.000,1.7,3.3,.520,6.6,3.1,1.4,0.8,2.2,2.6,10.6
13,3,30,921,6.6,13.7,.486,6.6,12.9,.515,0.0,0.8,.000,2.5,4.9,.520,9.9,4.7,2.1,1.2,3.3,3.9,15.8,,105.8,103.7
13,4,30,921,14.9,.495,.486,.057,.357,278,8.6,10.2,9.3,15.3,2.1,2.4,17.2,16.2,,1.2,1.0,2.3,.098,,-1.7,0.8,-0.9
