0,0,31,718,95,208,.457,94,207,.454,1,1,1.000,30,38,.789,67,140,207,35,39,32,44,78,221
0,1,31,23.2,3.1,6.7,.457,3.0,6.7,.454,0.0,0.0,1.000,1.0,1.2,.789,6.7,1.1,1.3,1.0,1.4,2.5,7.1
0,2,31,718,5.3,11.6,.457,5.2,11.5,.454,0.1,0.1,1.000,1.7,2.1,.789,11.5,1.9,2.2,1.8,2.5,4.3,12.3
0,3,31,718,7.7,16.8,.457,7.6,16.7,.454,0.1,0.1,1.000,2.4,3.1,.789,16.7,2.8,3.2,2.6,3.6,6.3,17.9,,103.3,93.3
0,4,31,718,18.5,.489,.459,.005,.183,233,10.6,22.7,16.6,9.2,3.2,4.7,16.3,18.3,,0.9,1.5,2.4,.133,,-2.6,3.0,0.4
1,0,5,25,3,9,.333,2,3,.667,1,6,.167,0,0,,2,8,10,4,0,0,0,3,7
1,1,5,5.0,0.6,1.8,.333,0.4,0.6,.667,0.2,1.2,.167,0.0,0.0,,2.0,0.8,0.0,0.0,0.0,0.6,1.4
1,2,5,25,4.8,14.4,.333,3.2,4.8,.667,1.6,9.6,.167,0.0,0.0,,16.0,6.4,0.0,0.0,0.0,4.8,11.2
1,3,5,25,7.0,20.9,.333,4.6,7.0,.667,2.3,13.9,.167,0.0,0.0,,23.2,9.3,0.0,0.0,0.0,7.0,16.2,,120.1,96.7
1,4,5,25,18.6,.389,.389,.667,.000,9,9.1,37.2,23.0,29.6,0.0,0.0,0.0,17.5,,0.1,0.0,0.1,.175,,1.6,-1.8,-0.3
2,0,30,311,26,74,.351,19,51,.373,7,23,.304,18,22,.818,12,21,33,18,8,1,24,44,77
2,1,30,10.4,0.9,2.5,.351,0.6,1.7,.373,0.2,0.8,.304,0.6,0.7,.818,1.1,0.6,0.3,0.0,0.8,1.5,2.6
2,2,30,311,3.3,9.5,.351,2.4,6.6,.373,0.9,3.0,.304,2.3,2.8,.818,4.2,2.3,1.0,0.1,3.1,5.7,9.9
2,3,30,311,4.8,13.8,.351,3.5,9.5,.373,1.3,4.3,.304,3.4,4.1,.818,6.2,3.4,1.5,0.2,4.5,8.2,14.4,,90.2,104.8
2,4,30,311,6.4,.456,.399,.311,.297,81,4.4,7.9,6.1,10.0,1.5,0.3,22.1,17.0,,0.0,0.3,0.3,.042,,-4.6,-2.7,-7.4
3,0,11,78,5,22,.227,4,11,.364,1,11,.091,1,2,.500,2,7,9,8,5,1,5,3,12
3,1,11,7.1,0.5,2.0,.227,0.4,1.0,.364,0.1,1.0,.091,0.1,0.2,.500,0.8,0.7,0.5,0.1,0.5,0.3,1.1
3,2,11,78,2.6,11.3,.227,2.1,5.6,.364,0.5,5.6,.091,0.5,1.0,.500,4.6,4.1,2.6,0.5,2.6,1.5,6.2
3,3,11,78,3.7,16.4,.227,3.0,8.2,.364,0.7,8.2,.091,0.7,1.5,.500,6.7,5.9,3.7,0.7,3.7,2.2,8.9,,69.1,99.0
3,4,11,78,5.5,.261,.250,.500,.091,16,2.9,10.4,6.6,17.2,3.7,1.4,17.9,17.4,,-0.1,0.1,0.0,-.005,,-6.6,-0.4,-7.0
4,0,28,218,25,62,.403,14,35,.400,11,27,.407,11,11,1.000,4,20,24,12,5,1,11,16,72
4,1,28,7.8,0.9,2.2,.403,0.5,1.3,.400,0.4,1.0,.407,0.4,0.4,1.000,0.9,0.4,0.2,0.0,0.4,0.6,2.6
4,2,28,218,4.6,11.4,.403,2.6,6.4,.400,2.0,5.0,.407,2.0,2.0,1.000,4.4,2.2,0.9,0.2,2.0,2.9,13.2
4,3,28,218,6.7,16.5,.403,3.7,9.3,.400,2.9,7.2,.407,2.9,2.9,1.000,6.4,3.2,1.3,0.3,2.9,4.3,19.2,,110.2,104.3
4,4,28,218,12.7,.536,.492,.435,.177,67,2.1,10.7,6.3,10.1,1.3,0.5,14.1,17.5,,0.4,0.2,0.6,.107,,-1.9,-3.4,-5.4
5,0,11,122,10,26,.385,10,26,.385,0,0,,4,7,.571,8,19,27,4,1,5,5,17,24
5,1,11,11.1,0.9,2.4,.385,0.9,2.4,.385,0.0,0.0,,0.4,0.6,.571,2.5,0.4,0.1,0.5,0.5,1.5,2.2
5,2,11,122,3.3,8.5,.385,3.3,8.5,.385,0.0,0.0,,1.3,2.3,.571,8.9,1.3,0.3,1.6,1.6,5.6,7.9
5,3,11,122,4.8,12.4,.385,4.8,12.4,.385,0.0,0.0,,1.9,3.3,.571,12.8,1.9,0.5,2.4,2.4,8.1,11.4,,92.9,100.9
5,4,11,122,8.7,.409,.385,.000,.269,26,7.5,18.1,12.7,5.7,0.5,4.4,14.6,13.7,,0.0,0.2,0.2,.063,,-6.0,-0.2,-6.2
6,0,30,885,138,231,.597,137,229,.598,1,2,.500,93,137,.679,114,155,269,39,58,27,48,78,370
6,1,30,29.5,4.6,7.7,.597,4.6,7.6,.598,0.0,0.1,.500,3.1,4.6,.679,9.0,1.3,1.9,0.9,1.6,2.6,12.3
6,2,30,885,6.2,10.4,.597,6.2,10.4,.598,0.0,0.1,.500,4.2,6.2,.679,12.2,1.8,2.6,1.2,2.2,3.5,16.7
6,3,30,885,9.0,15.1,.597,9.0,15.0,.598,0.1,0.1,.500,6.1,9.0,.679,17.6,2.6,3.8,1.8,3.1,5.1,24.2,,127.1,93.6
6,4,30,885,27.6,.625,.600,.009,.593,376,14.7,20.4,17.5,8.7,3.8,3.2,14.0,18.9,,3.1,1.8,5.0,.225,,3.4,2.4,5.8
7,0,32,660,108,223,.484,108,220,.491,0,3,.000,61,92,.663,60,102,162,20,24,14,52,97,277
7,1,32,20.6,3.4,7.0,.484,3.4,6.9,.491,0.0,0.1,.000,1.9,2.9,.663,5.1,0.6,0.8,0.4,1.6,3.0,8.7
7,2,32,660,6.5,13.5,.484,6.5,13.3,.491,0.0,0.2,.000,3.7,5.6,.663,9.8,1.2,1.5,0.8,3.2,5.9,16.8
7,3,32,660,9.5,19.6,.484,9.5,19.3,.491,0.0,0.3,.000,5.4,8.1,.663,14.2,1.8,2.1,1.2,4.6,8.5,24.3,,103.2,98.4
7,4,32,660,17.6,.519,.484,.013,.413,267,10.4,18.0,14.1,6.1,2.1,2.3,16.3,23.5,,1.0,1.1,2.1,.125,,-3.1,-1.3,-4.4
8,0,22,194,22,40,.550,22,40,.550,0,0,,19,28,.679,16,33,49,6,7,4,15,24,63
8,1,22,8.8,1.0,1.8,.550,1.0,1.8,.550,0.0,0.0,,0.9,1.3,.679,2.2,0.3,0.3,0.2,0.7,1.1,2.9
8,2,22,194,4.5,8.2,.550,4.5,8.2,.550,0.0,0.0,,3.9,5.8,.679,10.1,1.2,1.4,0.8,3.1,4.9,13.0
8,3,22,194,6.6,12.0,.550,6.6,12.0,.550,0.0,0.0,,5.7,8.4,.679,14.6,1.8,2.1,1.2,4.5,7.2,18.8,,107.6,97.9
8,4,22,194,16.5,.591,.550,.000,.700,63,9.4,19.8,14.5,5.7,2.1,2.2,22.0,17.1,,0.3,0.3,0.6,.127,,-2.9,-0.7,-3.6
9,0,5,17,4,8,.500,1,1,1.000,3,7,.429,0,0,,0,1,1,0,0,0,1,1,11
9,1,5,3.4,0.8,1.6,.500,0.2,0.2,1.000,0.6,1.4,.429,0.0,0.0,,0.2,0.0,0.0,0.0,0.2,0.2,2.2
9,2,5,17,9.4,18.8,.500,2.4,2.4,1.000,7.1,16.5,.429,0.0,0.0,,2.4,0.0,0.0,0.0,2.4,2.4,25.9
9,3,5,17,13.6,27.3,.500,3.4,3.4,1.000,10.2,23.9,.429,0.0,0.0,,3.4,0.0,0.0,0.0,3.4,3.4,37.5,,122.4,109.1
9,4,5,17,21.9,.688,.688,.875,.000,8,0.0,6.8,3.4,0.0,0.0,0.0,11.1,25.8,,0.1,0.0,0.1,.157,,3.4,-10.0,-6.5
10,0,31,275,17,36,.472,17,36,.472,0,0,,15,22,.682,31,24,55,7,10,6,11,31,49
10,1,31,8.9,0.5,1.2,.472,0.5,1.2,.472,0.0,0.0,,0.5,0.7,.682,1.8,0.2,0.3,0.2,0.4,1.0,1.6
10,2,31,275,2.5,5.2,.472,2.5,5.2,.472,0.0,0.0,,2.2,3.2,.682,8.0,1.0,1.5,0.9,1.6,4.5,7.1
10,3,31,275,3.6,7.6,.472,3.6,7.6,.472,0.0,0.0,,3.2,4.6,.682,11.6,1.5,2.1,1.3,2.3,6.5,10.3,,113.7,101.7
10,4,31,275,12.2,.527,.472,.000,.611,60,12.8,10.1,11.5,4.3,2.1,2.3,19.1,10.2,,0.4,0.4,0.7,.104,,-1.6,0.0,-1.6
11,0,32,1046,127,328,.387,68,162,.420,59,166,.355,32,43,.744,10,42,52,85,36,4,69,64,345
11,1,32,32.7,4.0,10.3,.387,2.1,5.1,.420,1.8,5.2,.355,1.0,1.3,.744,1.6,2.7,1.1,0.1,2.2,2.0,10.8
11,2,32,1046,4.9,12.5,.387,2.6,6.2,.420,2.3,6.3,.355,1.2,1.6,.744,2.0,3.3,1.4,0.2,2.6,2.4,13.2
11,3,32,1046,7.0,18.2,.387,3.8,9.0,.420,3.3,9.2,.355,1.8,2.4,.744,2.9,4.7,2.0,0.2,3.8,3.5,19.1,,100.7,105.4
11,4,32,1046,11.1,.495,.477,.506,.131,334,1.1,4.7,2.9,15.1,2.0,0.4,16.5,19.4,,1.1,1.0,2.0,.078,,-1.2,-2.9,-4.2
12,0,32,808,89,221,.403,45,111,.405,44,110,.400,49,60,.817,22,40,62,73,39,1,64,60,271
12,1,32,25.3,2.8,6.9,.403,1.4,3.5,.405,1.4,3.4,.400,1.5,1.9,.817,1.9,2.3,1.2,0.0,2.0,1.9,8.5
12,2,32,808,4.4,10.9,.403,2.2,5.5,.405,2.2,5.4,.400,2.4,3.0,.817,3.1,3.6,1.9,0.0,3.2,3.0,13.4
12,3,32,808,6.4,15.9,.403,3.2,8.0,.405,3.2,7.9,.400,3.5,4.3,.817,4.5,5.2,2.8,0.1,4.6,4.3,19.5,,105.4,103.2
12,4,32,808,13.6,.543,.502,.498,.271,273,3.1,5.8,4.4,16.4,2.8,0.1,20.4,18.9,,1.2,0.9,2.1,.103,,0.0,-2.1,-2.2
13,0,32,1068,180,410,.439,100,193,.518,80,217,.369,123,142,.866,16,79,95,90,44,2,100,70,563
13,1,32,33.4,5.6,12.8,.439,3.1,6.0,.518,2.5,6.8,.369,3.8,4.4,.866,3.0,2.8,1.4,0.1,3.1,2.2,17.6
13,2,32,1068,6.7,15.4,.439,3.7,7.2,.518,3.0,8.1,.369,4.6,5.3,.866,3.6,3.4,1.6,0.1,3.7,2.6,21.1
13,3,32,1068,9.8,22.3,.439,5.4,10.5,.518,4.3,11.8,.369,6.7,7.7,.866,5.2,4.9,2.4,0.1,5.4,3.8,30.6,,113.2,103.0
13,4,32,1068,20.3,.590,.537,.529,.346,520,1.7,8.6,5.1,17.1,2.4,0.2,17.3,26.3,,3.1,1.2,4.3,.162,,3.2,-3.0,0.2
