0,0,4,4,0,0,,0,0,,0,0,,0,0,,1,0,1,0,0,0,0,0,0
0,1,4,1.0,0.0,0.0,,0.0,0.0,,0.0,0.0,,0.0,0.0,,0.3,0.0,0.0,0.0,0.0,0.0,0.0
0,2,4,4,0.0,0.0,,0.0,0.0,,0.0,0.0,,0.0,0.0,,10.0,0.0,0.0,0.0,0.0,0.0,0.0
0,3,4,4,0.0,0.0,,0.0,0.0,,0.0,0.0,,0.0,0.0,,14.3,0.0,0.0,0.0,0.0,0.0,0.0,,214.4,113.7
0,4,4,4,10.5,,,,,1,27.8,0.0,13.8,0.0,0.0,0.0,,0.0,,0.0,0.0,0.0,.097,,0.8,-1.9,-1.1
1,0,15,47,0,11,.000,0,4,.000,0,7,.000,2,2,1.000,2,5,7,1,0,1,2,8,2
1,1,15,3.1,0.0,0.7,.000,0.0,0.3,.000,0.0,0.5,.000,0.1,0.1,1.000,0.5,0.1,0.0,0.1,0.1,0.5,0.1
1,2,15,47,0.0,9.4,.000,0.0,3.4,.000,0.0,6.0,.000,1.7,1.7,1.000,6.0,0.9,0.0,0.9,1.7,6.8,1.7
1,3,15,47,0.0,13.4,.000,0.0,4.9,.000,0.0,8.5,.000,2.4,2.4,1.000,8.5,1.2,0.0,1.2,2.4,9.8,2.4,,32.1,106.5
1,4,15,47,-7.6,.084,.000,.636,.182,3,4.7,11.6,8.2,3.4,0.0,2.2,14.3,14.5,,-0.2,0.1,-0.1,-.101,,-10.7,-1.2,-11.9
2,0,31,384,45,98,.459,45,98,.459,0,0,,19,29,.655,27,50,77,14,6,4,26,37,109
2,1,31,12.4,1.5,3.2,.459,1.5,3.2,.459,0.0,0.0,,0.6,0.9,.655,2.5,0.5,0.2,0.1,0.8,1.2,3.5
2,2,31,384,4.7,10.2,.459,4.7,10.2,.459,0.0,0.0,,2.0,3.0,.655,8.0,1.5,0.6,0.4,2.7,3.9,11.4
2,3,31,384,6.7,14.6,.459,6.7,14.6,.459,0.0,0.0,,2.8,4.3,.655,11.5,2.1,0.9,0.6,3.9,5.5,16.3,,94.6,104.6
2,4,31,384,10.0,.488,.459,.000,.296,109,7.8,14.2,11.0,7.1,0.9,1.1,18.9,17.5,,0.1,0.5,0.6,.059,,-4.0,-0.3,-4.3
3,0,31,673,59,135,.437,10,28,.357,49,107,.458,29,34,.853,5,26,31,22,10,0,18,54,196
3,1,31,21.7,1.9,4.4,.437,0.3,0.9,.357,1.6,3.5,.458,0.9,1.1,.853,1.0,0.7,0.3,0.0,0.6,1.7,6.3
3,2,31,673,3.5,8.0,.437,0.6,1.7,.357,2.9,6.4,.458,1.7,2.0,.853,1.8,1.3,0.6,0.0,1.1,3.2,11.6
3,3,31,673,5.0,11.5,.437,0.9,2.4,.357,4.2,9.1,.458,2.5,2.9,.853,2.6,1.9,0.9,0.0,1.5,4.6,16.7,,127.8,109.5
3,4,31,673,10.3,.648,.619,.793,.252,165,0.8,4.2,2.5,6.0,0.9,0.0,10.6,12.3,,1.3,0.6,1.8,.108,,2.3,-1.8,0.5
4,0,31,914,127,214,.593,127,214,.593,0,0,,82,166,.494,118,157,275,24,25,18,69,109,336
4,1,31,29.5,4.1,6.9,.593,4.1,6.9,.593,0.0,0.0,,2.6,5.4,.494,8.9,0.8,0.8,0.6,2.2,3.5,10.8
4,2,31,914,5.6,9.4,.593,5.6,9.4,.593,0.0,0.0,,3.6,7.3,.494,12.0,1.1,1.1,0.8,3.0,4.8,14.7
4,3,31,914,8.0,13.4,.593,8.0,13.4,.593,0.0,0.0,,5.1,10.4,.494,17.3,1.5,1.6,1.1,4.3,6.8,21.1,,107.2,100.6
4,4,31,914,17.7,.574,.593,.000,.776,338,14.4,18.7,16.6,5.3,1.6,2.1,19.1,19.3,,1.3,1.5,2.8,.123,,0.2,1.2,1.4
5,0,30,1013,124,303,.409,93,205,.454,31,98,.316,91,129,.705,41,112,153,175,64,22,99,87,370
5,1,30,33.8,4.1,10.1,.409,3.1,6.8,.454,1.0,3.3,.316,3.0,4.3,.705,5.1,5.8,2.1,0.7,3.3,2.9,12.3
5,2,30,1013,4.9,12.0,.409,3.7,8.1,.454,1.2,3.9,.316,3.6,5.1,.705,6.0,6.9,2.5,0.9,3.9,3.4,14.6
5,3,30,1013,7.0,17.2,.409,5.3,11.6,.454,1.8,5.5,.316,5.2,7.3,.705,8.7,9.9,3.6,1.2,5.6,4.9,21.0,,103.2,98.9
5,4,30,1013,17.9,.508,.460,.323,.426,428,4.5,12.0,8.3,34.0,3.6,2.3,21.4,22.3,,1.3,1.8,3.1,.122,,2.0,3.0,5.0
6,0,28,756,79,183,.432,38,90,.422,41,93,.441,27,39,.692,11,49,60,52,19,2,36,54,226
6,1,28,27.0,2.8,6.5,.432,1.4,3.2,.422,1.5,3.3,.441,1.0,1.4,.692,2.1,1.9,0.7,0.1,1.3,1.9,8.1
6,2,28,756,4.2,9.7,.432,2.0,4.8,.422,2.2,4.9,.441,1.4,2.1,.692,3.2,2.8,1.0,0.1,1.9,2.9,12.0
6,3,28,756,6.0,13.9,.432,2.9,6.8,.422,3.1,7.1,.441,2.0,3.0,.692,4.6,3.9,1.4,0.2,2.7,4.1,17.1,,109.8,107.0
6,4,28,756,11.0,.561,.544,.508,.213,212,1.6,7.1,4.4,13.1,1.4,0.3,15.2,15.3,,0.9,0.8,1.7,.092,,0.7,-0.7,0.0
7,0,31,757,126,300,.420,77,142,.542,49,158,.310,68,90,.756,19,111,130,48,24,2,76,65,369
7,1,31,24.4,4.1,9.7,.420,2.5,4.6,.542,1.6,5.1,.310,2.2,2.9,.756,4.2,1.5,0.8,0.1,2.5,2.1,11.9
7,2,31,757,6.7,15.9,.420,4.1,7.5,.542,2.6,8.3,.310,3.6,4.8,.756,6.9,2.5,1.3,0.1,4.0,3.4,19.5
7,3,31,757,9.5,22.7,.420,5.8,10.8,.542,3.7,12.0,.310,5.2,6.8,.756,9.9,3.6,1.8,0.2,5.8,4.9,28.0,,99.3,102.4
7,4,31,757,15.1,.538,.502,.527,.300,332,2.8,16.0,9.5,13.7,1.8,0.3,18.1,27.0,,0.7,1.1,1.8,.094,,0.7,-1.0,-0.3
8,0,31,759,120,236,.508,120,235,.511,0,1,.000,41,80,.513,78,130,208,12,9,23,51,78,281
8,1,31,24.5,3.9,7.6,.508,3.9,7.6,.511,0.0,0.0,.000,1.3,2.6,.513,6.7,0.4,0.3,0.7,1.6,2.5,9.1
8,2,31,759,6.3,12.4,.508,6.3,12.4,.511,0.0,0.1,.000,2.2,4.2,.513,11.0,0.6,0.5,1.2,2.7,4.1,14.8
8,3,31,759,9.1,17.8,.508,9.1,17.8,.511,0.0,0.1,.000,3.1,6.0,.513,15.7,0.9,0.7,1.7,3.9,5.9,21.2,,99.8,102.1
8,4,31,759,14.9,.513,.508,.004,.339,268,11.4,18.6,15.1,3.3,0.7,3.2,15.7,20.9,,0.6,1.2,1.7,.090,,-3.1,-0.2,-3.2
9,0,31,937,108,288,.375,92,231,.398,16,57,.281,94,130,.723,29,124,153,72,31,6,73,76,326
9,1,31,30.2,3.5,9.3,.375,3.0,7.5,.398,0.5,1.8,.281,3.0,4.2,.723,4.9,2.3,1.0,0.2,2.4,2.5,10.5
9,2,31,937,4.6,12.3,.375,3.9,9.9,.398,0.7,2.4,.281,4.0,5.5,.723,6.5,3.1,1.3,0.3,3.1,3.2,13.9
9,3,31,937,6.6,17.6,.375,5.6,14.1,.398,1.0,3.5,.281,5.8,8.0,.723,9.4,4.4,1.9,0.4,4.5,4.7,20.0,,94.5,102.7
9,4,31,937,11.4,.466,.403,.198,.451,329,3.4,14.4,9.0,14.9,1.9,0.7,17.3,22.0,,0.2,1.4,1.6,.068,,-2.6,0.8,-1.8
10,0,5,6,0,3,.000,0,1,.000,0,2,.000,0,0,,0,0,0,0,0,0,1,1,0
10,1,5,1.2,0.0,0.6,.000,0.0,0.2,.000,0.0,0.4,.000,0.0,0.0,,0.0,0.0,0.0,0.0,0.2,0.2,0.0
10,2,5,6,0.0,20.0,.000,0.0,6.7,.000,0.0,13.3,.000,0.0,0.0,,0.0,0.0,0.0,0.0,6.7,6.7,0.0
10,3,5,6,0.0,28.7,.000,0.0,9.6,.000,0.0,19.1,.000,0.0,0.0,,0.0,0.0,0.0,0.0,9.6,9.6,0.0,,0.0,112.5
10,4,5,6,-33.7,.000,.000,.667,.000,0,0.0,0.0,0.0,0.0,0.0,0.0,25.0,32.6,,-0.1,0.0,-0.1,-.464,,-25.2,-7.3,-32.5
