0,0,30,956,131,302,.434,72,154,.468,59,148,.399,41,56,.732,45,123,168,40,15,5,45,65,362
0,1,30,31.9,4.4,10.1,.434,2.4,5.1,.468,2.0,4.9,.399,1.4,1.9,.732,5.6,1.3,0.5,0.2,1.5,2.2,12.1
0,2,30,956,5.5,12.6,.434,3.0,6.4,.468,2.5,6.2,.399,1.7,2.3,.732,7.0,1.7,0.6,0.2,1.9,2.7,15.1
0,3,30,956,8.0,18.4,.434,4.4,9.4,.468,3.6,9.0,.399,2.5,3.4,.732,10.2,2.4,0.9,0.3,2.7,4.0,22.0,,108.3,103.8
0,4,30,956,15.4,.551,.531,.490,.185,327,5.1,14.6,9.8,9.6,0.9,0.6,12.0,19.6,,1.7,1.0,2.6,.110,,1.9,-0.9,1.0
1,0,1,1,1,1,1.000,0,0,,1,1,1.000,0,0,,0,1,1,0,0,0,0,0,3
1,1,1,1.0,1.0,1.0,1.000,0.0,0.0,,1.0,1.0,1.000,0.0,0.0,,1.0,0.0,0.0,0.0,0.0,0.0,3.0
1,2,1,1,40.0,40.0,1.000,0.0,0.0,,40.0,40.0,1.000,0.0,0.0,,40.0,0.0,0.0,0.0,0.0,0.0,120.0
1,3,1,1,58.2,58.2,1.000,0.0,0.0,,58.2,58.2,1.000,0.0,0.0,,58.2,0.0,0.0,0.0,0.0,0.0,174.5,,300.0,64.2
1,4,1,1,181.2,1.500,1.500,1.000,.000,3,0.0,100.0,55.6,0.0,0.0,0.0,0.0,50.1,,0.1,0.0,0.1,2.399,,70.0,-20.5,49.5
2,0,29,863,162,317,.511,147,268,.549,15,49,.306,118,152,.776,73,147,220,34,35,36,90,93,457
2,1,29,29.8,5.6,10.9,.511,5.1,9.2,.549,0.5,1.7,.306,4.1,5.2,.776,7.6,1.2,1.2,1.2,3.1,3.2,15.8
2,2,29,863,7.5,14.7,.511,6.8,12.4,.549,0.7,2.3,.306,5.5,7.0,.776,10.2,1.6,1.6,1.7,4.2,4.3,21.2
2,3,29,863,10.9,21.4,.511,9.9,18.1,.549,1.0,3.3,.306,8.0,10.2,.776,14.8,2.3,2.4,2.4,6.1,6.3,30.8,,105.3,96.3
2,4,29,863,23.6,.587,.535,.155,.479,420,9.2,19.4,14.2,10.2,2.4,4.7,18.8,27.8,,1.9,1.5,3.4,.156,,1.6,2.5,4.1
3,0,30,614,73,208,.351,39,103,.379,34,105,.324,39,57,.684,13,50,63,34,26,0,34,46,219
3,1,30,20.5,2.4,6.9,.351,1.3,3.4,.379,1.1,3.5,.324,1.3,1.9,.684,2.1,1.1,0.9,0.0,1.1,1.5,7.3
3,2,30,614,4.8,13.6,.351,2.5,6.7,.379,2.2,6.8,.324,2.5,3.7,.684,4.1,2.2,1.7,0.0,2.2,3.0,14.3
3,3,30,614,6.9,19.7,.351,3.7,9.8,.379,3.2,9.9,.324,3.7,5.4,.684,6.0,3.2,2.5,0.0,3.2,4.4,20.8,,94.1,102.9
3,4,30,614,11.6,.466,.433,.505,.274,203,2.3,9.3,5.7,12.2,2.5,0.0,12.6,22.0,,0.3,0.7,1.0,.065,,-0.8,-1.3,-2.1
4,0,25,471,50,158,.316,19,63,.302,31,95,.326,31,43,.721,6,27,33,44,25,3,34,26,162
4,1,25,18.8,2.0,6.3,.316,0.8,2.5,.302,1.2,3.8,.326,1.2,1.7,.721,1.3,1.8,1.0,0.1,1.4,1.0,6.5
4,2,25,471,4.2,13.4,.316,1.6,5.4,.302,2.6,8.1,.326,2.6,3.7,.721,2.8,3.7,2.1,0.3,2.9,2.2,13.8
4,3,25,471,6.2,19.5,.316,2.3,7.8,.302,3.8,11.7,.326,3.8,5.3,.721,4.1,5.4,3.1,0.4,4.2,3.2,20.0,,91.4,102.4
4,4,25,471,11.7,.454,.415,.601,.272,160,1.4,6.5,3.9,20.0,3.1,0.7,16.0,22.6,,0.1,0.5,0.7,.056,,-0.7,-1.2,-1.8
5,0,28,845,68,165,.412,54,122,.443,14,43,.326,51,93,.548,34,68,102,96,72,11,67,83,201
5,1,28,30.2,2.4,5.9,.412,1.9,4.4,.443,0.5,1.5,.326,1.8,3.3,.548,3.6,3.4,2.6,0.4,2.4,3.0,7.2
5,2,28,845,3.2,7.8,.412,2.6,5.8,.443,0.7,2.0,.326,2.4,4.4,.548,4.8,4.5,3.4,0.5,3.2,3.9,9.5
5,3,28,845,4.7,11.4,.412,3.7,8.4,.443,1.0,3.0,.326,3.5,6.4,.548,7.0,6.6,5.0,0.8,4.6,5.7,13.8,,92.9,96.5
5,4,28,845,13.6,.480,.455,.261,.564,234,4.4,9.1,6.7,23.1,5.0,1.5,24.3,16.4,,0.3,1.5,1.7,.082,,-0.5,3.7,3.2
6,0,8,49,3,4,.750,3,4,.750,0,0,,1,1,1.000,3,5,8,2,0,0,0,13,7
6,1,8,6.1,0.4,0.5,.750,0.4,0.5,.750,0.0,0.0,,0.1,0.1,1.000,1.0,0.3,0.0,0.0,0.0,1.6,0.9
6,2,8,49,2.4,3.3,.750,2.4,3.3,.750,0.0,0.0,,0.8,0.8,1.000,6.5,1.6,0.0,0.0,0.0,10.6,5.7
6,3,8,49,3.6,4.7,.750,3.6,4.7,.750,0.0,0.0,,1.2,1.2,1.000,9.5,2.4,0.0,0.0,0.0,15.4,8.3,,178.5,106.5
6,4,8,49,8.1,.782,.750,.000,.250,8,6.7,11.6,9.1,8.0,0.0,0.0,0.0,4.6,,0.1,0.0,0.1,.121,,0.1,-1.1,-1.0
7,0,4,6,2,7,.286,0,0,,2,7,.286,0,0,,0,0,0,1,0,0,0,1,6
7,1,4,1.5,0.5,1.8,.286,0.0,0.0,,0.5,1.8,.286,0.0,0.0,,0.0,0.3,0.0,0.0,0.0,0.3,1.5
7,2,4,6,13.3,46.7,.286,0.0,0.0,,13.3,46.7,.286,0.0,0.0,,0.0,6.7,0.0,0.0,0.0,6.7,40.0
7,3,4,6,19.4,67.9,.286,0.0,0.0,,19.4,67.9,.286,0.0,0.0,,0.0,9.7,0.0,0.0,0.0,9.7,58.2,,100.5,112.0
7,4,4,6,22.9,.429,.429,1.000,.000,5,0.0,0.0,0.0,69.6,0.0,0.0,0.0,58.4,,0.0,0.0,0.0,.123,,26.2,-11.0,15.2
8,0,29,887,112,278,.403,86,190,.453,26,88,.295,74,133,.556,55,149,204,74,29,8,53,71,324
8,1,29,30.6,3.9,9.6,.403,3.0,6.6,.453,0.9,3.0,.295,2.6,4.6,.556,7.0,2.6,1.0,0.3,1.8,2.4,11.2
8,2,29,887,5.1,12.5,.403,3.9,8.6,.453,1.2,4.0,.295,3.3,6.0,.556,9.2,3.3,1.3,0.4,2.4,3.2,14.6
8,3,29,887,7.3,18.2,.403,5.6,12.5,.453,1.7,5.8,.295,4.9,8.7,.556,13.4,4.9,1.9,0.5,3.5,4.7,21.3,,99.9,99.4
8,4,29,887,16.3,.475,.450,.317,.478,334,6.7,19.1,12.8,18.7,1.9,1.0,13.4,22.3,,1.0,1.3,2.3,.105,,0.6,1.2,1.8
9,0,30,506,30,93,.323,27,74,.365,3,19,.158,29,53,.547,25,37,62,24,23,6,32,52,92
9,1,30,16.9,1.0,3.1,.323,0.9,2.5,.365,0.1,0.6,.158,1.0,1.8,.547,2.1,0.8,0.8,0.2,1.1,1.7,3.1
9,2,30,506,2.4,7.4,.323,2.1,5.8,.365,0.2,1.5,.158,2.3,4.2,.547,4.9,1.9,1.8,0.5,2.5,4.1,7.3
9,3,30,506,3.4,10.7,.323,3.1,8.5,.365,0.3,2.2,.158,3.3,6.1,.547,7.1,2.8,2.6,0.7,3.7,6.0,10.6,,79.2,102.1
9,4,30,506,6.3,.389,.339,.204,.570,103,5.4,8.3,6.8,9.2,2.6,1.3,21.3,14.9,,-0.4,0.6,0.2,.019,,-4.6,1.5,-3.1
10,0,25,327,25,52,.481,25,52,.481,0,0,,20,26,.769,15,20,35,4,7,10,19,45,70
10,1,25,13.1,1.0,2.1,.481,1.0,2.1,.481,0.0,0.0,,0.8,1.0,.769,1.4,0.2,0.3,0.4,0.8,1.8,2.8
10,2,25,327,3.1,6.4,.481,3.1,6.4,.481,0.0,0.0,,2.4,3.2,.769,4.3,0.5,0.9,1.2,2.3,5.5,8.6
10,3,25,327,4.4,9.3,.481,4.4,9.3,.481,0.0,0.0,,3.6,4.6,.769,6.2,0.7,1.2,1.8,3.4,8.0,12.5,,94.4,104.6
10,4,25,327,7.5,.544,.481,.000,.500,67,5.0,6.9,5.9,2.5,1.2,3.5,22.8,12.8,,0.1,0.3,0.4,.051,,-4.2,1.1,-3.1
11,0,1,3,0,1,.000,0,1,.000,0,0,,0,0,,0,0,0,0,0,0,0,0,0
11,1,1,3.0,0.0,1.0,.000,0.0,1.0,.000,0.0,0.0,,0.0,0.0,,0.0,0.0,0.0,0.0,0.0,0.0,0.0
11,2,1,3,0.0,13.3,.000,0.0,13.3,.000,0.0,0.0,,0.0,0.0,,0.0,0.0,0.0,0.0,0.0,0.0,0.0
11,3,1,3,0.0,19.4,.000,0.0,19.4,.000,0.0,0.0,,0.0,0.0,,0.0,0.0,0.0,0.0,0.0,0.0,0.0,,0.0,112.8
11,4,1,3,-14.1,.000,.000,.000,.000,0,0.0,0.0,0.0,0.0,0.0,0.0,0.0,16.7,,0.0,0.0,0.0,-.224,,-16.8,-4.4,-21.3
12,0,8,125,9,25,.360,4,9,.444,5,16,.313,1,2,.500,2,4,6,8,3,1,10,8,24
12,1,8,15.6,1.1,3.1,.360,0.5,1.1,.444,0.6,2.0,.313,0.1,0.3,.500,0.8,1.0,0.4,0.1,1.3,1.0,3.0
12,2,8,125,2.9,8.0,.360,1.3,2.9,.444,1.6,5.1,.313,0.3,0.6,.500,1.9,2.6,1.0,0.3,3.2,2.6,7.7
12,3,8,125,4.2,11.6,.360,1.9,4.2,.444,2.3,7.4,.313,0.5,0.9,.500,2.8,3.7,1.4,0.5,4.7,3.7,11.2,,78.4,107.3
12,4,8,125,4.3,.462,.460,.640,.080,24,1.7,3.6,2.7,12.8,1.4,0.9,27.8,14.4,,-0.1,0.1,0.0,-.003,,-4.2,-1.5,-5.6
13,0,29,397,27,72,.375,25,53,.472,2,19,.105,27,40,.675,14,66,80,31,8,5,32,45,83
13,1,29,13.7,0.9,2.5,.375,0.9,1.8,.472,0.1,0.7,.105,0.9,1.4,.675,2.8,1.1,0.3,0.2,1.1,1.6,2.9
13,2,29,397,2.7,7.3,.375,2.5,5.3,.472,0.2,1.9,.105,2.7,4.0,.675,8.1,3.1,0.8,0.5,3.2,4.5,8.4
13,3,29,397,4.0,10.6,.375,3.7,7.8,.472,0.3,2.8,.105,4.0,5.9,.675,11.7,4.5,1.2,0.7,4.7,6.6,12.2,,85.1,100.8
13,4,29,397,8.1,.456,.389,.264,.556,93,3.8,18.9,11.2,15.5,1.2,1.4,26.0,15.5,,-0.1,0.5,0.4,.040,,-4.6,1.0,-3.6
