0,0,32,456,37,101,.366,26,65,.400,11,36,.306,17,25,.680,21,56,77,25,14,0,48,42,102
0,1,32,14.3,1.2,3.2,.366,0.8,2.0,.400,0.3,1.1,.306,0.5,0.8,.680,2.4,0.8,0.4,0.0,1.5,1.3,3.2
0,2,32,456,3.2,8.9,.366,2.3,5.7,.400,1.0,3.2,.306,1.5,2.2,.680,6.8,2.2,1.2,0.0,4.2,3.7,8.9
0,3,32,456,4.7,12.9,.366,3.3,8.3,.400,1.4,4.6,.306,2.2,3.2,.680,9.8,3.2,1.8,0.0,6.1,5.4,13.0,,77.6,106.7
0,4,32,456,6.0,.452,.421,.356,.248,107,5.0,14.5,9.5,10.8,1.8,0.0,29.8,17.2,,-0.4,0.3,-0.1,-.010,,-5.6,-2.0,-7.7
1,0,19,113,21,49,.429,12,25,.480,9,24,.375,9,10,.900,2,11,13,10,7,0,19,9,60
1,1,19,5.9,1.1,2.6,.429,0.6,1.3,.480,0.5,1.3,.375,0.5,0.5,.900,0.7,0.5,0.4,0.0,1.0,0.5,3.2
1,2,19,113,7.4,17.3,.429,4.2,8.8,.480,3.2,8.5,.375,3.2,3.5,.900,4.6,3.5,2.5,0.0,6.7,3.2,21.2
1,3,19,113,10.8,25.2,.429,6.2,12.9,.480,4.6,12.3,.375,4.6,5.1,.900,6.7,5.1,3.6,0.0,9.8,4.6,30.8,,91.3,103.7
1,4,19,113,16.3,.558,.520,.490,.204,54,1.9,11.5,6.5,21.9,3.6,0.0,26.1,31.4,,0.0,0.1,0.2,.056,,-1.4,-3.5,-4.9
2,0,31,324,25,50,.500,25,50,.500,0,0,,25,46,.543,26,43,69,8,8,1,25,56,75
2,1,31,10.5,0.8,1.6,.500,0.8,1.6,.500,0.0,0.0,,0.8,1.5,.543,2.2,0.3,0.3,0.0,0.8,1.8,2.4
2,2,31,324,3.1,6.2,.500,3.1,6.2,.500,0.0,0.0,,3.1,5.7,.543,8.5,1.0,1.0,0.1,3.1,6.9,9.3
2,3,31,324,4.5,9.0,.500,4.5,9.0,.500,0.0,0.0,,4.5,8.2,.543,12.4,1.4,1.4,0.2,4.5,10.0,13.4,,92.2,106.5
2,4,31,324,8.4,.522,.500,.000,.920,78,8.7,15.7,12.0,4.8,1.4,0.4,25.8,14.6,,0.1,0.2,0.3,.039,,-4.7,-2.4,-7.1
3,0,26,474,53,168,.315,28,69,.406,25,99,.253,16,23,.696,12,47,59,43,23,0,28,14,147
3,1,26,18.2,2.0,6.5,.315,1.1,2.7,.406,1.0,3.8,.253,0.6,0.9,.696,2.3,1.7,0.9,0.0,1.1,0.5,5.7
3,2,26,474,4.5,14.2,.315,2.4,5.8,.406,2.1,8.4,.253,1.4,1.9,.696,5.0,3.6,1.9,0.0,2.4,1.2,12.4
3,3,26,474,6.5,20.6,.315,3.4,8.5,.406,3.1,12.1,.253,2.0,2.8,.696,7.2,5.3,2.8,0.0,3.4,1.7,18.0,,91.0,105.7
3,4,26,474,11.6,.411,.390,.589,.137,149,2.7,11.7,7.0,18.9,2.8,0.0,13.5,21.3,,0.1,0.4,0.5,.042,,-1.7,-2.7,-4.5
4,0,5,92,13,34,.382,3,14,.214,10,20,.500,13,15,.867,2,17,19,10,5,0,9,10,49
4,1,5,18.4,2.6,6.8,.382,0.6,2.8,.214,2.0,4.0,.500,2.6,3.0,.867,3.8,2.0,1.0,0.0,1.8,2.0,9.8
4,2,5,92,5.7,14.8,.382,1.3,6.1,.214,4.3,8.7,.500,5.7,6.5,.867,8.3,4.3,2.2,0.0,3.9,4.3,21.3
4,3,5,92,8.2,21.5,.382,1.9,8.8,.214,6.3,12.6,.500,8.2,9.5,.867,12.0,6.3,3.2,0.0,5.7,6.3,30.9,,114.6,100.8
4,4,5,92,23.3,.596,.529,.588,.441,47,2.4,21.8,11.7,24.2,3.2,0.0,18.0,26.5,,0.3,0.1,0.4,.182,,3.8,-1.9,1.8
5,0,18,400,38,95,.400,36,84,.429,2,11,.182,18,35,.514,31,34,65,24,14,3,42,43,96
5,1,18,22.2,2.1,5.3,.400,2.0,4.7,.429,0.1,0.6,.182,1.0,1.9,.514,3.6,1.3,0.8,0.2,2.3,2.4,5.3
5,2,18,400,3.8,9.5,.400,3.6,8.4,.429,0.2,1.1,.182,1.8,3.5,.514,6.5,2.4,1.4,0.3,4.2,4.3,9.6
5,3,18,400,5.5,13.8,.400,5.2,12.2,.429,0.3,1.6,.182,2.6,5.1,.514,9.4,3.5,2.0,0.4,6.1,6.2,13.9,,79.5,107.2
5,4,18,400,7.2,.430,.411,.116,.368,106,8.4,10.0,9.2,12.1,2.0,0.9,27.3,18.7,,-0.3,0.3,-0.1,-.009,,-5.1,-1.2,-6.3
6,0,32,873,173,353,.490,149,277,.538,24,76,.316,107,149,.718,78,165,243,22,29,29,52,56,477
6,1,32,27.3,5.4,11.0,.490,4.7,8.7,.538,0.8,2.4,.316,3.3,4.7,.718,7.6,0.7,0.9,0.9,1.6,1.8,14.9
6,2,32,873,7.9,16.2,.490,6.8,12.7,.538,1.1,3.5,.316,4.9,6.8,.718,11.1,1.0,1.3,1.3,2.4,2.6,21.9
6,3,32,873,11.5,23.5,.490,9.9,18.4,.538,1.6,5.1,.316,7.1,9.9,.718,16.2,1.5,1.9,1.9,3.5,3.7,31.7,,114.9,101.6
6,4,32,873,26.3,.563,.524,.215,.422,430,9.7,22.3,15.7,6.4,1.9,4.2,10.9,26.6,,2.8,1.0,3.9,.177,,1.6,-1.5,0.1
7,0,32,927,114,287,.397,76,162,.469,38,125,.304,120,196,.612,43,78,121,75,43,7,47,60,386
7,1,32,29.0,3.6,9.0,.397,2.4,5.1,.469,1.2,3.9,.304,3.8,6.1,.612,3.8,2.3,1.3,0.2,1.5,1.9,12.1
7,2,32,927,4.9,12.4,.397,3.3,7.0,.469,1.6,5.4,.304,5.2,8.5,.612,5.2,3.2,1.9,0.3,2.0,2.6,16.7
7,3,32,927,7.1,18.0,.397,4.8,10.2,.469,2.4,7.8,.304,7.5,12.3,.612,7.6,4.7,2.7,0.4,2.9,3.8,24.2,,110.3,105.9
7,4,32,927,18.6,.508,.463,.436,.683,381,5.0,9.9,7.4,17.3,2.7,1.0,11.0,22.4,,2.2,0.7,2.9,.124,,2.5,-1.8,0.6
8,0,32,389,37,105,.352,22,54,.407,15,51,.294,15,22,.682,14,27,41,23,15,6,14,38,104
8,1,32,12.2,1.2,3.3,.352,0.7,1.7,.407,0.5,1.6,.294,0.5,0.7,.682,1.3,0.7,0.5,0.2,0.4,1.2,3.3
8,2,32,389,3.8,10.8,.352,2.3,5.6,.407,1.5,5.2,.294,1.5,2.3,.682,4.2,2.4,1.5,0.6,1.4,3.9,10.7
8,3,32,389,5.5,15.7,.352,3.3,8.1,.407,2.2,7.6,.294,2.2,3.3,.682,6.1,3.4,2.2,0.9,2.1,5.7,15.5,,101.0,106.9
8,4,32,389,10.9,.450,.424,.486,.210,104,3.9,8.2,6.0,11.9,2.2,2.0,10.8,16.2,,0.4,0.3,0.6,.065,,-1.7,-1.9,-3.7
9,0,19,290,20,46,.435,20,46,.435,0,0,,13,35,.371,18,19,37,16,15,1,21,35,53
9,1,19,15.3,1.1,2.4,.435,1.1,2.4,.435,0.0,0.0,,0.7,1.8,.371,1.9,0.8,0.8,0.1,1.1,1.8,2.8
9,2,19,290,2.8,6.3,.435,2.8,6.3,.435,0.0,0.0,,1.8,4.8,.371,5.1,2.2,2.1,0.1,2.9,4.8,7.3
9,3,19,290,4.0,9.2,.435,4.0,9.2,.435,0.0,0.0,,2.6,7.0,.371,7.4,3.2,3.0,0.2,4.2,7.0,10.6,,81.6,106.0
9,4,19,290,7.1,.423,.435,.000,.761,61,6.7,7.7,7.2,10.6,3.0,0.4,25.1,14.0,,-0.1,0.2,0.1,.010,,-4.6,-0.6,-5.2
10,0,32,475,30,57,.526,30,54,.556,0,3,.000,21,34,.618,31,61,92,13,5,9,26,68,81
10,1,32,14.8,0.9,1.8,.526,0.9,1.7,.556,0.0,0.1,.000,0.7,1.1,.618,2.9,0.4,0.2,0.3,0.8,2.1,2.5
10,2,32,475,2.5,4.8,.526,2.5,4.5,.556,0.0,0.3,.000,1.8,2.9,.618,7.7,1.1,0.4,0.8,2.2,5.7,6.8
10,3,32,475,3.7,7.0,.526,3.7,6.6,.556,0.0,0.4,.000,2.6,4.2,.618,11.3,1.6,0.6,1.1,3.2,8.3,9.9,,98.2,107.7
10,4,32,475,7.9,.554,.526,.053,.596,87,7.1,15.2,10.9,5.2,0.6,2.4,26.2,10.2,,0.2,0.3,0.5,.044,,-4.0,-1.0,-5.0
11,0,32,880,85,243,.350,52,127,.409,33,116,.284,123,149,.826,11,102,113,97,34,1,69,57,326
11,1,32,27.5,2.7,7.6,.350,1.6,4.0,.409,1.0,3.6,.284,3.8,4.7,.826,3.5,3.0,1.1,0.0,2.2,1.8,10.2
11,2,32,880,3.9,11.0,.350,2.4,5.8,.409,1.5,5.3,.284,5.6,6.8,.826,5.1,4.4,1.5,0.0,3.1,2.6,14.8
11,3,32,880,5.6,16.0,.350,3.4,8.4,.409,2.2,7.7,.284,8.1,9.8,.826,7.5,6.4,2.2,0.1,4.6,3.8,21.5,,105.1,106.0
11,4,32,880,15.5,.519,.418,.477,.613,332,1.4,13.7,7.3,22.3,2.2,0.1,18.0,21.2,,1.5,0.7,2.2,.098,,0.4,-2.4,-2.1
12,0,32,757,116,234,.496,116,234,.496,0,0,,30,54,.556,63,85,148,15,8,8,41,81,262
12,1,32,23.7,3.6,7.3,.496,3.6,7.3,.496,0.0,0.0,,0.9,1.7,.556,4.6,0.5,0.3,0.3,1.3,2.5,8.2
12,2,32,757,6.1,12.4,.496,6.1,12.4,.496,0.0,0.0,,1.6,2.9,.556,7.8,0.8,0.4,0.4,2.2,4.3,13.8
12,3,32,757,8.9,18.0,.496,8.9,18.0,.496,0.0,0.0,,2.3,4.1,.556,11.4,1.2,0.6,0.6,3.1,6.2,20.1,,101.2,109.1
12,4,32,757,13.2,.505,.496,.000,.231,245,9.0,13.3,11.1,4.5,0.6,1.3,13.6,19.4,,0.9,0.3,1.2,.065,,-3.2,-3.3,-6.5
