0,0,26,316,29,102,.284,26,79,.329,3,23,.130,24,31,.774,8,26,34,40,15,0,33,37,85
0,1,26,12.2,1.1,3.9,.284,1.0,3.0,.329,0.1,0.9,.130,0.9,1.2,.774,1.3,1.5,0.6,0.0,1.3,1.4,3.3
0,2,26,316,3.7,12.9,.284,3.3,10.0,.329,0.4,2.9,.130,3.0,3.9,.774,4.3,5.1,1.9,0.0,4.2,4.7,10.8
0,3,26,316,4.9,17.3,.284,4.4,13.4,.329,0.5,3.9,.130,4.1,5.3,.774,5.8,6.8,2.5,0.0,5.6,6.3,14.4,,74.2,115.8
0,4,26,316,5.8,.364,.299,.225,.304,97,2.6,8.9,5.6,25.6,2.5,0.0,22.0,22.0,,-0.5,0.0,-0.5,-.069,,-7.0,-5.1,-12.1
1,0,13,35,5,11,.455,1,4,.250,4,7,.571,2,2,1.000,1,5,6,1,0,0,3,4,16
1,1,13,2.7,0.4,0.8,.455,0.1,0.3,.250,0.3,0.5,.571,0.2,0.2,1.000,0.5,0.1,0.0,0.0,0.2,0.3,1.2
1,2,13,35,5.7,12.6,.455,1.1,4.6,.250,4.6,8.0,.571,2.3,2.3,1.000,6.9,1.1,0.0,0.0,3.4,4.6,18.3
1,3,13,35,7.6,16.8,.455,1.5,6.1,.250,6.1,10.7,.571,3.1,3.1,1.000,9.2,1.5,0.0,0.0,4.6,6.1,24.5,,108.9,118.8
1,4,13,35,14.2,.669,.636,.636,.182,13,2.9,15.5,9.0,6.4,0.0,0.0,20.1,19.9,,0.1,0.0,0.0,.055,,-1.1,-7.8,-9.0
2,0,29,200,11,42,.262,11,42,.262,0,0,,5,6,.833,9,39,48,1,4,4,20,36,27
2,1,29,6.9,0.4,1.4,.262,0.4,1.4,.262,0.0,0.0,,0.2,0.2,.833,1.7,0.0,0.1,0.1,0.7,1.2,0.9
2,2,29,200,2.2,8.4,.262,2.2,8.4,.262,0.0,0.0,,1.0,1.2,.833,9.6,0.2,0.8,0.8,4.0,7.2,5.4
2,3,29,200,2.9,11.2,.262,2.9,11.2,.262,0.0,0.0,,1.3,1.6,.833,12.8,0.3,1.1,1.1,5.4,9.6,7.2,,50.6,112.7
2,4,29,200,-0.9,.301,.262,.000,.143,28,4.6,21.2,12.6,0.9,1.1,2.1,30.8,15.1,,-0.6,0.0,-0.5,-.104,,-13.4,-4.3,-17.7
3,0,31,896,82,208,.394,73,180,.406,9,28,.321,124,181,.685,35,115,150,56,34,7,110,100,297
3,1,31,28.9,2.6,6.7,.394,2.4,5.8,.406,0.3,0.9,.321,4.0,5.8,.685,4.8,1.8,1.1,0.2,3.5,3.2,9.6
3,2,31,896,3.7,9.3,.394,3.3,8.0,.406,0.4,1.3,.321,5.5,8.1,.685,6.7,2.5,1.5,0.3,4.9,4.5,13.3
3,3,31,896,4.9,12.4,.394,4.4,10.8,.406,0.5,1.7,.321,7.4,10.8,.685,9.0,3.3,2.0,0.4,6.6,6.0,17.7,,84.8,114.6
3,4,31,896,9.4,.505,.416,.135,.870,298,4.0,13.9,8.8,12.6,2.0,0.8,27.2,21.0,,-0.4,0.0,-0.4,-.017,,-5.1,-2.9,-8.1
4,0,30,704,88,218,.404,82,186,.441,6,32,.188,33,60,.550,61,95,156,11,10,18,29,80,215
4,1,30,23.5,2.9,7.3,.404,2.7,6.2,.441,0.2,1.1,.188,1.1,2.0,.550,5.2,0.4,0.3,0.6,1.0,2.7,7.2
4,2,30,704,5.0,12.4,.404,4.7,10.6,.441,0.3,1.8,.188,1.9,3.4,.550,8.9,0.6,0.6,1.0,1.6,4.5,12.2
4,3,30,704,6.7,16.6,.404,6.2,14.1,.441,0.5,2.4,.188,2.5,4.6,.550,11.9,0.8,0.8,1.4,2.2,6.1,16.3,,92.1,116.3
4,4,30,704,10.7,.436,.417,.147,.275,210,8.8,14.6,11.6,3.4,0.8,2.7,10.5,18.2,,0.2,-0.1,0.1,.004,,-4.9,-4.4,-9.2
5,0,29,411,12,43,.279,8,31,.258,4,12,.333,4,8,.500,2,18,20,47,12,3,37,47,32
5,1,29,14.2,0.4,1.5,.279,0.3,1.1,.258,0.1,0.4,.333,0.1,0.3,.500,0.7,1.6,0.4,0.1,1.3,1.6,1.1
5,2,29,411,1.2,4.2,.279,0.8,3.0,.258,0.4,1.2,.333,0.4,0.8,.500,1.9,4.6,1.2,0.3,3.6,4.6,3.1
5,3,29,411,1.6,5.6,.279,1.0,4.0,.258,0.5,1.6,.333,0.5,1.0,.500,2.6,6.1,1.6,0.4,4.8,6.1,4.2,,60.6,119.4
5,4,29,411,1.0,.342,.326,.279,.186,50,0.5,4.8,2.6,20.5,1.6,0.8,44.2,9.5,,-0.6,-0.2,-0.8,-.077,,-8.7,-4.8,-13.4
6,0,32,879,209,398,.525,206,384,.536,3,14,.214,134,217,.618,98,160,258,35,20,31,76,101,555
6,1,32,27.5,6.5,12.4,.525,6.4,12.0,.536,0.1,0.4,.214,4.2,6.8,.618,8.1,1.1,0.6,1.0,2.4,3.2,17.3
6,2,32,879,9.5,18.1,.525,9.4,17.5,.536,0.1,0.6,.214,6.1,9.9,.618,11.7,1.6,0.9,1.4,3.5,4.6,25.3
6,3,32,879,12.7,24.2,.525,12.5,23.4,.536,0.2,0.9,.214,8.2,13.2,.618,15.7,2.1,1.2,1.9,4.6,6.2,33.8,,106.5,112.7
6,4,32,879,25.2,.554,.529,.035,.545,510,11.3,19.8,15.4,11.4,1.2,3.8,13.2,30.5,,2.1,0.2,2.3,.106,,1.3,-3.4,-2.1
7,0,32,804,106,293,.362,57,143,.399,49,150,.327,59,75,.787,20,61,81,45,36,3,53,77,320
7,1,32,25.1,3.3,9.2,.362,1.8,4.5,.399,1.5,4.7,.327,1.8,2.3,.787,2.5,1.4,1.1,0.1,1.7,2.4,10.0
7,2,32,804,5.3,14.6,.362,2.8,7.1,.399,2.4,7.5,.327,2.9,3.7,.787,4.0,2.2,1.8,0.1,2.6,3.8,15.9
7,3,32,804,7.1,19.5,.362,3.8,9.5,.399,3.3,10.0,.327,3.9,5.0,.787,5.4,3.0,2.4,0.2,3.5,5.1,21.3,,95.1,116.4
7,4,32,804,12.0,.487,.445,.512,.256,295,2.5,8.2,5.3,12.3,2.4,0.4,13.9,22.1,,0.5,-0.1,0.3,.017,,-1.1,-4.9,-6.0
8,0,10,119,18,43,.419,17,35,.486,1,8,.125,7,13,.538,13,12,25,4,1,6,16,22,44
8,1,10,11.9,1.8,4.3,.419,1.7,3.5,.486,0.1,0.8,.125,0.7,1.3,.538,2.5,0.4,0.1,0.6,1.6,2.2,4.4
8,2,10,119,6.1,14.5,.419,5.7,11.8,.486,0.3,2.7,.125,2.4,4.4,.538,8.4,1.3,0.3,2.0,5.4,7.4,14.8
8,3,10,119,8.1,19.3,.419,7.6,15.7,.486,0.4,3.6,.125,3.1,5.8,.538,11.2,1.8,0.4,2.7,7.2,9.9,19.8,,77.8,116.9
8,4,10,119,7.9,.447,.430,.186,.302,44,11.1,10.9,11.0,7.7,0.4,5.4,24.5,25.5,,-0.2,0.0,-0.2,-.065,,-7.3,-3.9,-11.2
9,0,26,696,66,185,.357,24,57,.421,42,128,.328,20,36,.556,18,62,80,43,9,2,46,70,194
9,1,26,26.8,2.5,7.1,.357,0.9,2.2,.421,1.6,4.9,.328,0.8,1.4,.556,3.1,1.7,0.3,0.1,1.8,2.7,7.5
9,2,26,696,3.8,10.6,.357,1.4,3.3,.421,2.4,7.4,.328,1.1,2.1,.556,4.6,2.5,0.5,0.1,2.6,4.0,11.1
9,3,26,696,5.1,14.2,.357,1.8,4.4,.421,3.2,9.8,.328,1.5,2.8,.556,6.2,3.3,0.7,0.2,3.5,5.4,14.9,,89.4,119.6
9,4,26,696,7.1,.480,.470,.692,.195,186,2.6,9.7,6.0,12.6,0.7,0.3,18.5,16.6,,0.0,-0.3,-0.3,-.018,,-2.5,-5.3,-7.9
10,0,18,287,16,36,.444,13,25,.520,3,11,.273,5,12,.417,11,18,29,11,11,0,20,28,40
10,1,18,15.9,0.9,2.0,.444,0.7,1.4,.520,0.2,0.6,.273,0.3,0.7,.417,1.6,0.6,0.6,0.0,1.1,1.6,2.2
10,2,18,287,2.2,5.0,.444,1.8,3.5,.520,0.4,1.5,.273,0.7,1.7,.417,4.0,1.5,1.5,0.0,2.8,3.9,5.6
10,3,18,287,3.0,6.7,.444,2.4,4.7,.520,0.6,2.1,.273,0.9,2.2,.417,5.4,2.1,2.1,0.0,3.7,5.2,7.5,,76.4,117.9
10,4,18,287,4.3,.480,.486,.306,.333,43,3.9,6.8,5.3,7.2,2.1,0.0,32.4,10.0,,-0.2,-0.1,-0.3,-.038,,-5.6,-3.1,-8.8
11,0,30,463,36,106,.340,34,97,.351,2,9,.222,20,29,.690,5,31,36,45,20,0,46,55,94
11,1,30,15.4,1.2,3.5,.340,1.1,3.2,.351,0.1,0.3,.222,0.7,1.0,.690,1.2,1.5,0.7,0.0,1.5,1.8,3.1
11,2,30,463,3.1,9.2,.340,2.9,8.4,.351,0.2,0.8,.222,1.7,2.5,.690,3.1,3.9,1.7,0.0,4.0,4.8,8.1
11,3,30,463,4.2,12.3,.340,3.9,11.2,.351,0.2,1.0,.222,2.3,3.4,.690,4.2,5.2,2.3,0.0,5.3,6.4,10.9,,70.9,117.0
11,4,30,463,3.7,.392,.349,.085,.274,104,1.1,7.3,4.1,19.1,2.3,0.0,27.7,16.7,,-0.7,-0.1,-0.8,-.069,,-8.1,-4.5,-12.6
12,0,21,119,11,18,.611,11,18,.611,0,0,,0,7,.000,10,18,28,2,2,3,10,37,22
12,1,21,5.7,0.5,0.9,.611,0.5,0.9,.611,0.0,0.0,,0.0,0.3,.000,1.3,0.1,0.1,0.1,0.5,1.8,1.0
12,2,21,119,3.7,6.1,.611,3.7,6.1,.611,0.0,0.0,,0.0,2.4,.000,9.4,0.7,0.7,1.0,3.4,12.4,7.4
12,3,21,119,4.9,8.1,.611,4.9,8.1,.611,0.0,0.0,,0.0,3.1,.000,12.6,0.9,0.9,1.3,4.5,16.6,9.9,,77.6,114.0
12,4,21,119,4.1,.516,.611,.000,.389,22,8.5,16.4,12.4,3.4,0.9,2.7,31.9,12.2,,-0.1,0.0,-0.1,-.026,,-7.4,-3.2,-10.5
13,0,30,546,70,190,.368,51,121,.421,19,69,.275,28,41,.683,15,41,56,51,32,4,46,69,187
13,1,30,18.2,2.3,6.3,.368,1.7,4.0,.421,0.6,2.3,.275,0.9,1.4,.683,1.9,1.7,1.1,0.1,1.5,2.3,6.2
13,2,30,546,5.1,13.9,.368,3.7,8.9,.421,1.4,5.1,.275,2.1,3.0,.683,4.1,3.7,2.3,0.3,3.4,5.1,13.7
13,3,30,546,6.9,18.6,.368,5.0,11.9,.421,1.9,6.8,.275,2.7,4.0,.683,5.5,5.0,3.1,0.4,4.5,6.8,18.3,,86.5,114.4
13,4,30,546,10.4,.446,.418,.363,.216,187,2.8,8.2,5.4,20.4,3.1,0.8,18.0,21.8,,-0.2,0.0,-0.1,-.010,,-3.2,-4.0,-7.2
