0,0,27,213,26,66,.394,14,35,.400,12,31,.387,4,9,.444,5,20,25,14,13,1,16,20,68
0,1,27,7.9,1.0,2.4,.394,0.5,1.3,.400,0.4,1.1,.387,0.1,0.3,.444,0.9,0.5,0.5,0.0,0.6,0.7,2.5
0,2,27,213,4.9,12.4,.394,2.6,6.6,.400,2.3,5.8,.387,0.8,1.7,.444,4.7,2.6,2.4,0.2,3.0,3.8,12.8
0,3,27,213,7.6,19.3,.394,4.1,10.3,.400,3.5,9.1,.387,1.2,2.6,.444,7.3,4.1,3.8,0.3,4.7,5.9,19.9,,92.5,94.9
0,4,27,213,12.6,.484,.485,.470,.136,64,2.6,10.9,6.6,13.3,3.8,0.5,18.5,20.9,,0.1,0.4,0.5,.089,,-0.3,1.5,1.1
1,0,37,1266,159,429,.371,112,249,.450,47,180,.261,116,166,.699,67,59,126,76,60,17,67,45,481
1,1,37,34.2,4.3,11.6,.371,3.0,6.7,.450,1.3,4.9,.261,3.1,4.5,.699,3.4,2.1,1.6,0.5,1.8,1.2,13.0
1,2,37,1266,5.0,13.6,.371,3.5,7.9,.450,1.5,5.7,.261,3.7,5.2,.699,4.0,2.4,1.9,0.5,2.1,1.4,15.2
1,3,37,1266,7.8,21.1,.371,5.5,12.3,.450,2.3,8.9,.261,5.7,8.2,.699,6.2,3.7,3.0,0.8,3.3,2.2,23.7,,103.7,99.5
1,4,37,1266,16.8,.474,.425,.420,.387,472,5.8,5.4,5.6,12.2,3.0,1.4,11.7,23.5,,2.0,1.8,3.9,.122,,2.9,1.6,4.5
2,0,3,25,2,5,.400,2,5,.400,0,0,,3,4,.750,1,4,5,1,2,2,3,1,7
2,1,3,8.3,0.7,1.7,.400,0.7,1.7,.400,0.0,0.0,,1.0,1.3,.750,1.7,0.3,0.7,0.7,1.0,0.3,2.3
2,2,3,25,3.2,8.0,.400,3.2,8.0,.400,0.0,0.0,,4.8,6.4,.750,8.0,1.6,3.2,3.2,4.8,1.6,11.2
2,3,3,25,5.0,12.5,.400,5.0,12.5,.400,0.0,0.0,,7.5,10.0,.750,12.5,2.5,5.0,5.0,7.5,2.5,17.5,,82.9,84.8
2,4,3,25,16.7,.507,.400,.000,.800,7,4.4,18.7,11.3,7.5,5.0,8.4,30.3,20.5,,0.0,0.1,0.1,.089,,-5.2,8.4,3.2
3,0,8,17,2,4,.500,1,2,.500,1,2,.500,1,2,.500,0,2,2,2,0,0,2,4,6
3,1,8,2.1,0.3,0.5,.500,0.1,0.3,.500,0.1,0.3,.500,0.1,0.3,.500,0.3,0.3,0.0,0.0,0.3,0.5,0.8
3,2,8,17,4.7,9.4,.500,2.4,4.7,.500,2.4,4.7,.500,2.4,4.7,.500,4.7,4.7,0.0,0.0,4.7,9.4,14.1
3,3,8,17,7.3,14.7,.500,3.7,7.3,.500,3.7,7.3,.500,3.7,7.3,.500,7.3,7.3,0.0,0.0,7.3,14.7,22.0,,97.6,101.4
3,4,8,17,9.1,.606,.625,.500,.500,6,0.0,13.7,6.6,23.6,0.0,0.0,28.8,21.1,,0.0,0.0,0.0,.087,,-1.0,-2.5,-3.5
4,0,17,145,6,15,.400,6,15,.400,0,0,,2,6,.333,11,27,38,2,5,23,8,27,14
4,1,17,8.5,0.4,0.9,.400,0.4,0.9,.400,0.0,0.0,,0.1,0.4,.333,2.2,0.1,0.3,1.4,0.5,1.6,0.8
4,2,17,145,1.7,4.1,.400,1.7,4.1,.400,0.0,0.0,,0.6,1.7,.333,10.5,0.6,1.4,6.3,2.2,7.4,3.9
4,3,17,145,2.6,6.5,.400,2.6,6.5,.400,0.0,0.0,,0.9,2.6,.333,16.4,0.9,2.2,9.9,3.4,11.6,6.0,,75.8,84.9
4,4,17,145,12.1,.392,.400,.000,.400,18,8.3,21.7,14.8,2.4,2.2,16.7,30.9,9.2,,-0.1,0.4,0.3,.087,,-5.6,11.9,6.3
5,0,31,993,156,329,.474,154,324,.475,2,5,.400,64,106,.604,98,179,277,22,23,29,34,78,378
5,1,31,32.0,5.0,10.6,.474,5.0,10.5,.475,0.1,0.2,.400,2.1,3.4,.604,8.9,0.7,0.7,0.9,1.1,2.5,12.2
5,2,31,993,6.3,13.3,.474,6.2,13.1,.475,0.1,0.2,.400,2.6,4.3,.604,11.2,0.9,0.9,1.2,1.4,3.1,15.2
5,3,31,993,9.8,20.7,.474,9.7,20.4,.475,0.1,0.3,.400,4.0,6.7,.604,17.4,1.4,1.4,1.8,2.1,4.9,23.8,,110.1,93.8
5,4,31,993,20.7,.498,.477,.015,.322,361,10.8,21.0,15.8,4.8,1.4,3.1,8.2,21.5,,2.1,2.0,4.1,.164,,0.5,1.8,2.2
6,0,32,322,27,69,.391,18,36,.500,9,33,.273,9,14,.643,5,21,26,20,18,0,19,36,72
6,1,32,10.1,0.8,2.2,.391,0.6,1.1,.500,0.3,1.0,.273,0.3,0.4,.643,0.8,0.6,0.6,0.0,0.6,1.1,2.3
6,2,32,322,3.4,8.6,.391,2.2,4.5,.500,1.1,4.1,.273,1.1,1.7,.643,3.2,2.5,2.2,0.0,2.4,4.5,8.9
6,3,32,322,5.2,13.4,.391,3.5,7.0,.500,1.7,6.4,.273,1.7,2.7,.643,5.0,3.9,3.5,0.0,3.7,7.0,14.0,,92.0,97.4
6,4,32,322,9.0,.476,.457,.478,.203,71,1.7,7.6,4.6,11.7,3.5,0.0,20.1,15.2,,0.1,0.5,0.6,.074,,-1.0,1.5,0.5
7,0,37,780,77,148,.520,77,141,.546,0,7,.000,34,65,.523,72,84,156,39,33,61,55,116,188
7,1,37,21.1,2.1,4.0,.520,2.1,3.8,.546,0.0,0.2,.000,0.9,1.8,.523,4.2,1.1,0.9,1.6,1.5,3.1,5.1
7,2,37,780,3.9,7.6,.520,3.9,7.2,.546,0.0,0.4,.000,1.7,3.3,.523,8.0,2.0,1.7,3.1,2.8,5.9,9.6
7,3,37,780,6.2,11.8,.520,6.2,11.3,.546,0.0,0.6,.000,2.7,5.2,.523,12.5,3.1,2.6,4.9,4.4,9.3,15.0,,99.0,92.7
7,4,37,780,16.0,.526,.520,.047,.439,205,10.1,12.6,11.3,9.7,2.6,8.3,23.5,15.5,,0.6,1.6,2.3,.116,,-0.2,7.4,7.2
8,0,37,1277,185,432,.428,93,187,.497,92,245,.376,66,88,.750,52,117,169,78,49,12,56,49,528
8,1,37,34.5,5.0,11.7,.428,2.5,5.1,.497,2.5,6.6,.376,1.8,2.4,.750,4.6,2.1,1.3,0.3,1.5,1.3,14.3
8,2,37,1277,5.8,13.5,.428,2.9,5.9,.497,2.9,7.7,.376,2.1,2.8,.750,5.3,2.4,1.5,0.4,1.8,1.5,16.5
8,3,37,1277,9.0,21.1,.428,4.5,9.1,.497,4.5,12.0,.376,3.2,4.3,.750,8.3,3.8,2.4,0.6,2.7,2.4,25.8,,117.0,98.2
8,4,37,1277,20.4,.557,.535,.567,.204,484,4.5,10.7,7.5,13.0,2.4,1.0,10.6,21.5,,3.5,2.0,5.5,.173,,6.2,1.4,7.5
9,0,28,271,20,53,.377,19,52,.365,1,1,1.000,7,18,.389,29,31,60,4,3,19,7,47,48
9,1,28,9.7,0.7,1.9,.377,0.7,1.9,.365,0.0,0.0,1.000,0.3,0.6,.389,2.1,0.1,0.1,0.7,0.3,1.7,1.7
9,2,28,271,3.0,7.8,.377,2.8,7.7,.365,0.1,0.1,1.000,1.0,2.7,.389,8.9,0.6,0.4,2.8,1.0,6.9,7.1
9,3,28,271,4.6,12.2,.377,4.4,12.0,.365,0.2,0.2,1.000,1.6,4.1,.389,13.8,0.9,0.7,4.4,1.6,10.8,11.1,,96.3,96.9
9,4,28,271,10.3,.390,.387,.019,.340,55,11.7,13.3,12.5,2.7,0.7,7.4,10.2,13.1,,0.1,0.5,0.6,.086,,-3.1,3.7,0.6
10,0,30,798,99,238,.416,73,168,.435,26,70,.371,57,84,.679,55,113,168,38,17,2,31,55,281
10,1,30,26.6,3.3,7.9,.416,2.4,5.6,.435,0.9,2.3,.371,1.9,2.8,.679,5.6,1.3,0.6,0.1,1.0,1.8,9.4
10,2,30,798,5.0,11.9,.416,3.7,8.4,.435,1.3,3.5,.371,2.9,4.2,.679,8.4,1.9,0.9,0.1,1.6,2.8,14.1
10,3,30,798,7.7,18.6,.416,5.7,13.1,.435,2.0,5.5,.371,4.5,6.6,.679,13.1,3.0,1.3,0.2,2.4,4.3,22.0,,111.3,97.8
10,4,30,798,17.2,.506,.471,.294,.353,274,7.5,16.5,11.9,9.7,1.3,0.3,10.0,20.0,,1.7,1.3,3.0,.148,,2.2,0.5,2.7
11,0,28,238,16,42,.381,9,23,.391,7,19,.368,9,18,.500,12,21,33,14,1,2,13,11,48
11,1,28,8.5,0.6,1.5,.381,0.3,0.8,.391,0.3,0.7,.368,0.3,0.6,.500,1.2,0.5,0.0,0.1,0.5,0.4,1.7
11,2,28,238,2.7,7.1,.381,1.5,3.9,.391,1.2,3.2,.368,1.5,3.0,.500,5.5,2.4,0.2,0.3,2.2,1.8,8.1
11,3,28,238,4.2,11.0,.381,2.4,6.0,.391,1.8,5.0,.368,2.4,4.7,.500,8.7,3.7,0.3,0.5,3.4,2.9,12.6,,96.2,103.2
11,4,28,238,8.6,.475,.464,.452,.429,52,5.5,10.3,7.8,10.7,0.3,0.9,20.5,13.8,,0.1,0.3,0.4,.063,,-1.4,-0.1,-1.5
12,0,37,1156,149,364,.409,86,194,.443,63,170,.371,42,63,.667,28,112,140,169,74,2,83,81,403
12,1,37,31.2,4.0,9.8,.409,2.3,5.2,.443,1.7,4.6,.371,1.1,1.7,.667,3.8,4.6,2.0,0.1,2.2,2.2,10.9
12,2,37,1156,5.2,12.6,.409,3.0,6.7,.443,2.2,5.9,.371,1.5,2.2,.667,4.8,5.8,2.6,0.1,2.9,2.8,13.9
12,3,37,1156,8.0,19.7,.409,4.6,10.5,.443,3.4,9.2,.371,2.3,3.4,.667,7.6,9.1,4.0,0.1,4.5,4.4,21.8,,106.5,94.6
12,4,37,1156,18.8,.512,.496,.467,.173,431,2.7,11.3,6.8,30.0,4.0,0.2,17.4,21.3,,2.2,2.2,4.4,.151,,4.4,2.3,6.7
