0,0,35,931,103,249,.414,61,136,.449,42,113,.372,46,56,.821,38,83,121,60,34,20,38,50,294
0,1,35,26.6,2.9,7.1,.414,1.7,3.9,.449,1.2,3.2,.372,1.3,1.6,.821,3.5,1.7,1.0,0.6,1.1,1.4,8.4
0,2,35,931,4.4,10.7,.414,2.6,5.8,.449,1.8,4.9,.372,2.0,2.4,.821,5.2,2.6,1.5,0.9,1.6,2.1,12.6
0,3,35,931,7.0,16.8,.414,4.1,9.2,.449,2.8,7.6,.372,3.1,3.8,.821,8.2,4.1,2.3,1.4,2.6,3.4,19.9,,114.6,96.0
0,4,35,931,16.7,.533,.498,.454,.225,283,4.8,11.0,7.9,13.1,2.3,2.4,12.1,17.6,,1.9,1.7,3.6,.154,,3.3,3.9,7.2
1,0,35,565,56,150,.373,26,61,.426,30,89,.337,16,22,.727,17,19,36,33,17,0,25,43,158
1,1,35,16.1,1.6,4.3,.373,0.7,1.7,.426,0.9,2.5,.337,0.5,0.6,.727,1.0,0.9,0.5,0.0,0.7,1.2,4.5
1,2,35,565,4.0,10.6,.373,1.8,4.3,.426,2.1,6.3,.337,1.1,1.6,.727,2.5,2.3,1.2,0.0,1.8,3.0,11.2
1,3,35,565,6.2,16.7,.373,2.9,6.8,.426,3.3,9.9,.337,1.8,2.4,.727,4.0,3.7,1.9,0.0,2.8,4.8,17.6,,104.5,101.0
1,4,35,565,10.4,.492,.473,.593,.147,150,3.5,4.2,3.9,11.6,1.9,0.0,13.5,17.1,,0.7,0.8,1.4,.100,,1.5,0.6,2.1
2,0,35,938,132,318,.415,84,183,.459,48,135,.356,93,122,.762,40,63,103,65,36,1,44,44,405
2,1,35,26.8,3.8,9.1,.415,2.4,5.2,.459,1.4,3.9,.356,2.7,3.5,.762,2.9,1.9,1.0,0.0,1.3,1.3,11.6
2,2,35,938,5.6,13.6,.415,3.6,7.8,.459,2.0,5.8,.356,4.0,5.2,.762,4.4,2.8,1.5,0.0,1.9,1.9,17.3
2,3,35,938,8.8,21.3,.415,5.6,12.3,.459,3.2,9.0,.356,6.2,8.2,.762,6.9,4.4,2.4,0.1,2.9,2.9,27.1,,116.6,98.1
2,4,35,938,19.7,.539,.491,.425,.384,379,5.0,8.3,6.6,15.0,2.4,0.1,10.5,23.4,,2.7,1.5,4.2,.180,,5.0,1.3,6.3
3,0,7,10,1,2,.500,1,2,.500,0,0,,2,2,1.000,0,0,0,0,1,0,0,0,4
3,1,7,1.4,0.1,0.3,.500,0.1,0.3,.500,0.0,0.0,,0.3,0.3,1.000,0.0,0.0,0.1,0.0,0.0,0.0,0.6
3,2,7,10,4.0,8.0,.500,4.0,8.0,.500,0.0,0.0,,8.0,8.0,1.000,0.0,0.0,4.0,0.0,0.0,0.0,16.0
3,3,7,10,6.3,12.6,.500,6.3,12.6,.500,0.0,0.0,,12.6,12.6,1.000,0.0,0.0,6.3,0.0,0.0,0.0,25.1,,160.2,93.5
3,4,7,10,24.7,.678,.500,.000,1.000,3,0.0,0.0,0.0,0.0,6.3,0.0,0.0,15.4,,0.0,0.0,0.1,.261,,4.0,3.2,7.3
4,0,34,944,162,317,.511,158,303,.521,4,14,.286,77,133,.579,74,162,236,42,27,43,44,75,405
4,1,34,27.8,4.8,9.3,.511,4.6,8.9,.521,0.1,0.4,.286,2.3,3.9,.579,6.9,1.2,0.8,1.3,1.3,2.2,11.9
4,2,34,944,6.9,13.4,.511,6.7,12.8,.521,0.2,0.6,.286,3.3,5.6,.579,10.0,1.8,1.1,1.8,1.9,3.2,17.2
4,3,34,944,10.8,21.1,.511,10.5,20.2,.521,0.3,0.9,.286,5.1,8.9,.579,15.7,2.8,1.8,2.9,2.9,5.0,27.0,,112.7,91.1
4,4,34,944,23.3,.533,.517,.044,.420,376,9.2,21.3,15.1,10.3,1.8,5.1,10.4,23.4,,2.4,2.2,4.5,.192,,1.9,5.1,7.1
5,0,35,452,39,74,.527,38,71,.535,1,3,.333,10,33,.303,30,58,88,24,26,18,36,71,89
5,1,35,12.9,1.1,2.1,.527,1.1,2.0,.535,0.0,0.1,.333,0.3,0.9,.303,2.5,0.7,0.7,0.5,1.0,2.0,2.5
5,2,35,452,3.5,6.5,.527,3.4,6.3,.535,0.1,0.3,.333,0.9,2.9,.303,7.8,2.1,2.3,1.6,3.2,6.3,7.9
5,3,35,452,5.4,10.3,.527,5.3,9.9,.535,0.1,0.4,.333,1.4,4.6,.303,12.2,3.3,3.6,2.5,5.0,9.9,12.4,,86.6,89.4
5,4,35,452,11.5,.496,.534,.041,.446,96,7.8,15.9,11.8,10.3,3.6,4.4,28.6,14.5,,-0.1,1.1,1.0,.089,,-1.8,7.4,5.6
6,0,35,720,114,261,.437,68,139,.489,46,122,.377,65,90,.722,42,69,111,52,27,2,43,45,339
6,1,35,20.6,3.3,7.5,.437,1.9,4.0,.489,1.3,3.5,.377,1.9,2.6,.722,3.2,1.5,0.8,0.1,1.2,1.3,9.7
6,2,35,720,6.3,14.5,.437,3.8,7.7,.489,2.6,6.8,.377,3.6,5.0,.722,6.2,2.9,1.5,0.1,2.4,2.5,18.8
6,3,35,720,10.0,22.8,.437,5.9,12.1,.489,4.0,10.7,.377,5.7,7.9,.722,9.7,4.5,2.4,0.2,3.8,3.9,29.6,,115.9,96.5
6,4,35,720,21.9,.558,.525,.467,.345,314,6.9,11.9,9.3,16.2,2.4,0.3,12.4,25.1,,2.2,1.3,3.5,.193,,5.9,1.5,7.4
7,0,8,12,0,2,.000,0,1,.000,0,1,.000,0,0,,0,1,1,1,0,0,0,1,0
7,1,8,1.5,0.0,0.3,.000,0.0,0.1,.000,0.0,0.1,.000,0.0,0.0,,0.1,0.1,0.0,0.0,0.0,0.1,0.0
7,2,8,12,0.0,6.7,.000,0.0,3.3,.000,0.0,3.3,.000,0.0,0.0,,3.3,3.3,0.0,0.0,0.0,3.3,0.0
7,3,8,12,0.0,10.5,.000,0.0,5.2,.000,0.0,5.2,.000,0.0,0.0,,5.2,5.2,0.0,0.0,0.0,5.2,0.0,,36.0,102.4
7,4,8,12,-3.8,.000,.000,.500,.000,1,0.0,10.3,5.0,13.8,0.0,0.0,0.0,8.7,,0.0,0.0,0.0,-.029,,-7.2,0.5,-6.7
8,0,27,166,14,26,.538,14,26,.538,0,0,,14,24,.583,22,24,46,4,0,5,6,17,42
8,1,27,6.1,0.5,1.0,.538,0.5,1.0,.538,0.0,0.0,,0.5,0.9,.583,1.7,0.1,0.0,0.2,0.2,0.6,1.6
8,2,27,166,3.4,6.3,.538,3.4,6.3,.538,0.0,0.0,,3.4,5.8,.583,11.1,1.0,0.0,1.2,1.4,4.1,10.1
8,3,27,166,5.3,9.8,.538,5.3,9.8,.538,0.0,0.0,,5.3,9.1,.583,17.4,1.5,0.0,1.9,2.3,6.4,15.9,,121.5,97.3
8,4,27,166,16.6,.561,.538,.000,.923,47,15.6,17.9,16.7,4.6,0.0,3.4,13.8,13.6,,0.4,0.3,0.7,.158,,0.7,2.0,2.7
9,0,23,196,9,49,.184,6,29,.207,3,20,.150,14,24,.583,12,28,40,18,5,1,13,10,35
9,1,23,8.5,0.4,2.1,.184,0.3,1.3,.207,0.1,0.9,.150,0.6,1.0,.583,1.7,0.8,0.2,0.0,0.6,0.4,1.5
9,2,23,196,1.8,10.0,.184,1.2,5.9,.207,0.6,4.1,.150,2.9,4.9,.583,8.2,3.7,1.0,0.2,2.7,2.0,7.1
9,3,23,196,2.9,15.7,.184,1.9,9.3,.207,1.0,6.4,.150,4.5,7.7,.583,12.8,5.8,1.6,0.3,4.2,3.2,11.2,,76.4,95.5
9,4,23,196,6.0,.290,.214,.408,.490,46,7.2,17.7,12.3,16.5,1.6,0.6,17.7,19.5,,-0.2,0.4,0.1,.025,,-4.3,2.4,-1.9
10,0,35,664,78,157,.497,75,129,.581,3,28,.107,42,70,.600,73,111,184,22,18,21,29,106,201
10,1,35,19.0,2.2,4.5,.497,2.1,3.7,.581,0.1,0.8,.107,1.2,2.0,.600,5.3,0.6,0.5,0.6,0.8,3.0,5.7
10,2,35,664,4.7,9.5,.497,4.5,7.8,.581,0.2,1.7,.107,2.5,4.2,.600,11.1,1.3,1.1,1.3,1.7,6.4,12.1
10,3,35,664,7.4,14.9,.497,7.1,12.2,.581,0.3,2.7,.107,4.0,6.6,.600,17.4,2.1,1.7,2.0,2.7,10.0,19.0,,113.0,91.9
10,4,35,664,17.6,.528,.506,.178,.446,206,13.0,20.7,16.7,6.8,1.7,3.5,13.2,17.2,,1.3,1.5,2.8,.167,,1.6,4.1,5.7
11,0,8,13,1,3,.333,1,3,.333,0,0,,0,1,.000,0,0,0,0,0,0,1,2,2
11,1,8,1.6,0.1,0.4,.333,0.1,0.4,.333,0.0,0.0,,0.0,0.1,.000,0.0,0.0,0.0,0.0,0.1,0.3,0.3
11,2,8,13,3.1,9.2,.333,3.1,9.2,.333,0.0,0.0,,0.0,3.1,.000,0.0,0.0,0.0,0.0,3.1,6.2,6.2
11,3,8,13,4.8,14.5,.333,4.8,14.5,.333,0.0,0.0,,0.0,4.8,.000,0.0,0.0,0.0,0.0,4.8,9.7,9.7,,47.5,106.6
11,4,8,13,-8.4,.288,.333,.000,.333,2,0.0,0.0,0.0,0.0,0.0,0.0,22.3,18.0,,0.0,0.0,0.0,-.102,,-10.8,-1.6,-12.4
12,0,35,525,41,95,.432,30,60,.500,11,35,.314,33,52,.635,39,52,91,38,20,16,35,72,126
12,1,35,15.0,1.2,2.7,.432,0.9,1.7,.500,0.3,1.0,.314,0.9,1.5,.635,2.6,1.1,0.6,0.5,1.0,2.1,3.6
12,2,35,525,3.1,7.2,.432,2.3,4.6,.500,0.8,2.7,.314,2.5,4.0,.635,6.9,2.9,1.5,1.2,2.7,5.5,9.6
12,3,35,525,4.9,11.4,.432,3.6,7.2,.500,1.3,4.2,.314,4.0,6.2,.635,10.9,4.5,2.4,1.9,4.2,8.6,15.1,,104.1,94.3
12,4,35,525,13.6,.526,.489,.368,.547,141,8.8,12.3,10.5,13.8,2.4,3.4,22.6,15.4,,0.6,1.0,1.6,.126,,1.3,5.1,6.4
13,0,35,889,98,236,.415,66,145,.455,32,91,.352,84,113,.743,10,71,81,138,47,2,73,66,312
13,1,35,25.4,2.8,6.7,.415,1.9,4.1,.455,0.9,2.6,.352,2.4,3.2,.743,2.3,3.9,1.3,0.1,2.1,1.9,8.9
13,2,35,889,4.4,10.6,.415,3.0,6.5,.455,1.4,4.1,.352,3.8,5.1,.743,3.6,6.2,2.1,0.1,3.3,3.0,14.0
13,3,35,889,6.9,16.7,.415,4.7,10.3,.455,2.3,6.4,.352,5.9,8.0,.743,5.7,9.8,3.3,0.1,5.2,4.7,22.1,,108.6,95.2
13,4,35,889,17.8,.539,.483,.386,.479,335,1.3,9.9,5.5,31.5,3.3,0.3,20.1,21.3,,1.8,1.7,3.5,.157,,3.2,2.2,5.3
