0,0,34,650,54,142,.380,35,84,.417,19,58,.328,58,74,.784,13,66,79,76,31,2,42,50,185
0,1,34,19.1,1.6,4.2,.380,1.0,2.5,.417,0.6,1.7,.328,1.7,2.2,.784,2.3,2.2,0.9,0.1,1.2,1.5,5.4
0,2,34,650,3.3,8.7,.380,2.2,5.2,.417,1.2,3.6,.328,3.6,4.6,.784,4.9,4.7,1.9,0.1,2.6,3.1,11.4
0,3,34,650,5.2,13.7,.380,3.4,8.1,.417,1.8,5.6,.328,5.6,7.2,.784,7.6,7.4,3.0,0.2,4.1,4.8,17.9,,108.6,94.2
0,4,34,650,14.5,.522,.447,.408,.521,199,2.3,12.2,7.2,23.0,3.0,0.4,19.2,17.5,,0.9,1.5,2.4,.146,,0.9,2.4,3.3
1,0,3,2,0,1,.000,0,1,.000,0,0,,0,0,,0,1,1,0,0,0,0,0,0
1,1,3,0.7,0.0,0.3,.000,0.0,0.3,.000,0.0,0.0,,0.0,0.0,,0.3,0.0,0.0,0.0,0.0,0.0,0.0
1,2,3,2,0.0,20.0,.000,0.0,20.0,.000,0.0,0.0,,0.0,0.0,,20.0,0.0,0.0,0.0,0.0,0.0,0.0
1,3,3,2,0.0,31.5,.000,0.0,31.5,.000,0.0,0.0,,0.0,0.0,,31.5,0.0,0.0,0.0,0.0,0.0,0.0,,0.0,78.0
1,4,3,2,-13.4,.000,.000,.000,.000,0,0.0,60.0,29.5,0.0,0.0,0.0,0.0,26.0,,0.0,0.0,0.0,-.170,,-28.9,-7.9,-36.8
2,0,6,30,2,4,.500,2,3,.667,0,1,.000,2,2,1.000,2,2,4,2,1,0,1,4,6
2,1,6,5.0,0.3,0.7,.500,0.3,0.5,.667,0.0,0.2,.000,0.3,0.3,1.000,0.7,0.3,0.2,0.0,0.2,0.7,1.0
2,2,6,30,2.7,5.3,.500,2.7,4.0,.667,0.0,1.3,.000,2.7,2.7,1.000,5.3,2.7,1.3,0.0,1.3,5.3,8.0
2,3,6,30,4.2,8.4,.500,4.2,6.3,.667,0.0,2.1,.000,4.2,4.2,1.000,8.4,4.2,2.1,0.0,2.1,8.4,12.6,,129.4,98.1
2,4,6,30,12.7,.606,.500,.250,.500,7,7.8,8.0,7.9,12.7,2.1,0.0,16.8,10.3,,0.1,0.1,0.1,.155,,1.2,1.7,2.9
3,0,34,647,55,166,.331,26,72,.361,29,94,.309,14,26,.538,16,52,68,33,22,6,35,67,153
3,1,34,19.0,1.6,4.9,.331,0.8,2.1,.361,0.9,2.8,.309,0.4,0.8,.538,2.0,1.0,0.6,0.2,1.0,2.0,4.5
3,2,34,647,3.4,10.3,.331,1.6,4.5,.361,1.8,5.8,.309,0.9,1.6,.538,4.2,2.0,1.4,0.4,2.2,4.1,9.5
3,3,34,647,5.3,16.1,.331,2.5,7.0,.361,2.8,9.1,.309,1.4,2.5,.538,6.6,3.2,2.1,0.6,3.4,6.5,14.9,,90.3,96.9
3,4,34,647,6.9,.429,.419,.566,.157,148,2.9,9.6,6.2,10.1,2.1,1.1,16.4,17.1,,-0.1,1.3,1.2,.075,,-1.9,1.9,0.0
4,0,34,944,160,301,.532,160,301,.532,0,0,,58,126,.460,110,137,247,59,55,98,67,104,378
4,1,34,27.8,4.7,8.9,.532,4.7,8.9,.532,0.0,0.0,,1.7,3.7,.460,7.3,1.7,1.6,2.9,2.0,3.1,11.1
4,2,34,944,6.8,12.8,.532,6.8,12.8,.532,0.0,0.0,,2.5,5.3,.460,10.5,2.5,2.3,4.2,2.8,4.4,16.0
4,3,34,944,10.7,20.1,.532,10.7,20.1,.532,0.0,0.0,,3.9,8.4,.460,16.5,3.9,3.7,6.5,4.5,6.9,25.2,,107.1,84.6
4,4,34,944,25.8,.524,.532,.000,.419,382,13.6,17.4,15.5,14.8,3.7,12.0,15.7,23.5,,1.6,3.0,4.6,.193,,1.9,11.1,12.9
5,0,33,338,41,103,.398,26,55,.473,15,48,.313,26,30,.867,14,19,33,21,13,4,17,42,123
5,1,33,10.2,1.2,3.1,.398,0.8,1.7,.473,0.5,1.5,.313,0.8,0.9,.867,1.0,0.6,0.4,0.1,0.5,1.3,3.7
5,2,33,338,4.9,12.2,.398,3.1,6.5,.473,1.8,5.7,.313,3.1,3.6,.867,3.9,2.5,1.5,0.5,2.0,5.0,14.6
5,3,33,338,7.6,19.2,.398,4.8,10.2,.473,2.8,8.9,.313,4.8,5.6,.867,6.1,3.9,2.4,0.7,3.2,7.8,22.9,,112.6,97.4
5,4,33,338,14.6,.525,.471,.466,.291,117,4.8,6.7,5.8,13.2,2.4,1.4,12.7,20.6,,0.6,0.7,1.3,.153,,1.6,0.9,2.6
6,0,34,1149,214,506,.423,121,239,.506,93,267,.348,180,213,.845,36,110,146,86,48,1,70,46,701
6,1,34,33.8,6.3,14.9,.423,3.6,7.0,.506,2.7,7.9,.348,5.3,6.3,.845,4.3,2.5,1.4,0.0,2.1,1.4,20.6
6,2,34,1149,7.4,17.6,.423,4.2,8.3,.506,3.2,9.3,.348,6.3,7.4,.845,5.1,3.0,1.7,0.0,2.4,1.6,24.4
6,3,34,1149,11.7,27.7,.423,6.6,13.1,.506,5.1,14.6,.348,9.9,11.7,.845,8.0,4.7,2.6,0.1,3.8,2.5,38.4,,123.2,95.7
6,4,34,1149,26.2,.577,.515,.528,.421,631,3.6,11.5,7.5,18.5,2.6,0.1,10.3,30.6,,4.7,2.4,7.2,.250,,9.0,0.5,9.5
7,0,26,391,28,84,.333,28,84,.333,0,0,,16,34,.471,32,43,75,13,7,16,27,58,72
7,1,26,15.0,1.1,3.2,.333,1.1,3.2,.333,0.0,0.0,,0.6,1.3,.471,2.9,0.5,0.3,0.6,1.0,2.2,2.8
7,2,26,391,2.9,8.6,.333,2.9,8.6,.333,0.0,0.0,,1.6,3.5,.471,7.7,1.3,0.7,1.6,2.8,5.9,7.4
7,3,26,391,4.5,13.5,.333,4.5,13.5,.333,0.0,0.0,,2.6,5.5,.471,12.1,2.1,1.1,2.6,4.3,9.3,11.6,,78.2,95.4
7,4,26,391,5.5,.359,.333,.000,.405,82,9.5,13.2,11.3,6.4,1.1,4.7,21.2,16.9,,-0.4,0.8,0.4,.041,,-6.1,3.9,-2.1
8,0,22,148,12,21,.571,12,21,.571,0,0,,7,8,.875,14,15,29,2,2,12,8,24,31
8,1,22,6.7,0.5,1.0,.571,0.5,1.0,.571,0.0,0.0,,0.3,0.4,.875,1.3,0.1,0.1,0.5,0.4,1.1,1.4
8,2,22,148,3.2,5.7,.571,3.2,5.7,.571,0.0,0.0,,1.9,2.2,.875,7.8,0.5,0.5,3.2,2.2,6.5,8.4
8,3,22,148,5.1,8.9,.571,5.1,8.9,.571,0.0,0.0,,3.0,3.4,.875,12.3,0.9,0.9,5.1,3.4,10.2,13.2,,111.8,94.3
8,4,22,148,13.5,.625,.571,.000,.381,32,11.0,12.2,11.6,2.6,0.9,9.4,24.4,11.5,,0.2,0.3,0.5,.135,,-1.9,5.9,4.0
9,0,34,985,83,205,.405,83,202,.411,0,3,.000,83,108,.769,86,145,231,67,44,28,50,103,249
9,1,34,29.0,2.4,6.0,.405,2.4,5.9,.411,0.0,0.1,.000,2.4,3.2,.769,6.8,2.0,1.3,0.8,1.5,3.0,7.3
9,2,34,985,3.4,8.3,.405,3.4,8.2,.411,0.0,0.1,.000,3.4,4.4,.769,9.4,2.7,1.8,1.1,2.0,4.2,10.1
9,3,34,985,5.3,13.1,.405,5.3,12.9,.411,0.0,0.2,.000,5.3,6.9,.769,14.8,4.3,2.8,1.8,3.2,6.6,15.9,,108.9,90.4
9,4,34,985,16.3,.486,.405,.015,.527,285,10.2,17.7,13.9,13.4,2.8,3.3,16.3,16.2,,1.3,2.6,3.9,.157,,0.2,6.1,6.4
10,0,34,725,67,160,.419,32,67,.478,35,93,.376,26,38,.684,42,63,105,34,16,9,16,41,195
10,1,34,21.3,2.0,4.7,.419,0.9,2.0,.478,1.0,2.7,.376,0.8,1.1,.684,3.1,1.0,0.5,0.3,0.5,1.2,5.7
10,2,34,725,3.7,8.8,.419,1.8,3.7,.478,1.9,5.1,.376,1.4,2.1,.684,5.8,1.9,0.9,0.5,0.9,2.3,10.8
10,3,34,725,5.8,13.9,.419,2.8,5.8,.478,3.0,8.1,.376,2.3,3.3,.684,9.1,3.0,1.4,0.8,1.4,3.6,16.9,,125.2,98.3
10,4,34,725,14.6,.548,.528,.581,.238,191,6.7,10.4,8.6,9.4,1.4,1.4,8.2,13.9,,1.5,1.4,2.9,.158,,2.9,2.0,4.9
11,0,34,779,89,196,.454,84,177,.475,5,19,.263,49,74,.662,37,57,94,32,29,12,36,55,232
11,1,34,22.9,2.6,5.8,.454,2.5,5.2,.475,0.1,0.6,.263,1.4,2.2,.662,2.8,0.9,0.9,0.4,1.1,1.6,6.8
11,2,34,779,4.6,10.1,.454,4.3,9.1,.475,0.3,1.0,.263,2.5,3.8,.662,4.8,1.6,1.5,0.6,1.8,2.8,11.9
11,3,34,779,7.2,15.8,.454,6.8,14.3,.475,0.4,1.5,.263,4.0,6.0,.662,7.6,2.6,2.3,1.0,2.9,4.4,18.7,,105.4,96.7
11,4,34,779,13.3,.502,.467,.097,.378,222,5.5,8.8,7.1,8.6,2.3,1.8,13.5,17.8,,0.8,1.6,2.4,.123,,-0.8,2.8,2.1
12,0,8,13,0,4,.000,0,2,.000,0,2,.000,0,0,,1,1,2,0,0,0,0,1,0
12,1,8,1.6,0.0,0.5,.000,0.0,0.3,.000,0.0,0.3,.000,0.0,0.0,,0.3,0.0,0.0,0.0,0.0,0.1,0.0
12,2,8,13,0.0,12.3,.000,0.0,6.2,.000,0.0,6.2,.000,0.0,0.0,,6.2,0.0,0.0,0.0,0.0,3.1,0.0
12,3,8,13,0.0,19.4,.000,0.0,9.7,.000,0.0,9.7,.000,0.0,0.0,,9.7,0.0,0.0,0.0,0.0,4.8,0.0,,18.8,102.5
12,4,8,13,-10.5,.000,.000,.500,.000,0,9.0,9.2,9.1,0.0,0.0,0.0,0.0,16.0,,-0.1,0.0,0.0,-.112,,-12.4,-4.1,-16.6
