0,0,12,82,3,13,.231,3,13,.231,0,0,,3,5,.600,5,10,15,0,3,2,5,25,9
0,1,12,6.8,0.3,1.1,.231,0.3,1.1,.231,0.0,0.0,,0.3,0.4,.600,1.3,0.0,0.3,0.2,0.4,2.1,0.8
0,2,12,82,1.5,6.3,.231,1.5,6.3,.231,0.0,0.0,,1.5,2.4,.600,7.3,0.0,1.5,1.0,2.4,12.2,4.4
0,3,12,82,2.2,9.5,.231,2.2,9.5,.231,0.0,0.0,,2.2,3.7,.600,11.0,0.0,2.2,1.5,3.7,18.3,6.6,,60.6,107.8
0,4,12,82,-1.1,.293,.231,.000,.385,11,7.3,13.6,10.6,0.0,2.2,2.6,24.5,13.2,,-0.2,0.1,-0.1,-.039,,-11.9,-2.9,-14.8
1,0,22,274,27,69,.391,21,49,.429,6,20,.300,21,31,.677,19,38,57,4,6,4,11,30,81
1,1,22,12.5,1.2,3.1,.391,1.0,2.2,.429,0.3,0.9,.300,1.0,1.4,.677,2.6,0.2,0.3,0.2,0.5,1.4,3.7
1,2,22,274,3.9,10.1,.391,3.1,7.2,.429,0.9,2.9,.300,3.1,4.5,.677,8.3,0.6,0.9,0.6,1.6,4.4,11.8
1,3,22,274,5.9,15.1,.391,4.6,10.8,.429,1.3,4.4,.300,4.6,6.8,.677,12.5,0.9,1.3,0.9,2.4,6.6,17.8,,100.1,110.7
1,4,22,274,11.6,.484,.435,.290,.449,80,8.3,15.4,12.0,3.1,1.3,1.5,11.6,18.4,,0.2,0.2,0.4,.056,,-5.0,-4.0,-9.0
2,0,32,866,66,147,.449,39,69,.565,27,78,.346,66,89,.742,8,74,82,131,29,4,65,86,225
2,1,32,27.1,2.1,4.6,.449,1.2,2.2,.565,0.8,2.4,.346,2.1,2.8,.742,2.6,4.1,0.9,0.1,2.0,2.7,7.0
2,2,32,866,3.0,6.8,.449,1.8,3.2,.565,1.2,3.6,.346,3.0,4.1,.742,3.8,6.1,1.3,0.2,3.0,4.0,10.4
2,3,32,866,4.6,10.2,.449,2.7,4.8,.565,1.9,5.4,.346,4.6,6.2,.742,5.7,9.1,2.0,0.3,4.5,6.0,15.6,,108.3,112.4
2,4,32,866,12.9,.594,.541,.531,.605,261,1.1,9.5,5.5,30.4,2.0,0.5,25.6,15.6,,1.1,0.5,1.6,.074,,-1.3,-3.4,-4.7
3,0,32,405,39,84,.464,39,83,.470,0,1,.000,10,17,.588,31,48,79,14,2,7,22,79,88
3,1,32,12.7,1.2,2.6,.464,1.2,2.6,.470,0.0,0.0,.000,0.3,0.5,.588,2.5,0.4,0.1,0.2,0.7,2.5,2.8
3,2,32,405,3.9,8.3,.464,3.9,8.2,.470,0.0,0.1,.000,1.0,1.7,.588,7.8,1.4,0.2,0.7,2.2,7.8,8.7
3,3,32,405,5.8,12.5,.464,5.8,12.3,.470,0.0,0.1,.000,1.5,2.5,.588,11.7,2.1,0.3,1.0,3.3,11.7,13.1,,93.6,113.3
3,4,32,405,7.0,.478,.464,.012,.202,96,9.2,13.2,11.3,7.2,0.3,1.8,19.3,15.0,,0.0,0.2,0.2,.024,,-6.2,-2.7,-8.9
4,0,33,767,88,199,.442,83,178,.466,5,21,.238,43,83,.518,43,55,98,34,20,10,51,61,224
4,1,33,23.2,2.7,6.0,.442,2.5,5.4,.466,0.2,0.6,.238,1.3,2.5,.518,3.0,1.0,0.6,0.3,1.5,1.8,6.8
4,2,33,767,4.6,10.4,.442,4.3,9.3,.466,0.3,1.1,.238,2.2,4.3,.518,5.1,1.8,1.0,0.5,2.7,3.2,11.7
4,3,33,767,6.9,15.6,.442,6.5,14.0,.466,0.4,1.6,.238,3.4,6.5,.518,7.7,2.7,1.6,0.8,4.0,4.8,17.6,,90.3,113.8
4,4,33,767,9.7,.470,.455,.106,.417,226,6.7,8.0,7.4,9.6,1.6,1.4,17.6,20.1,,-0.1,0.3,0.2,.011,,-5.5,-2.5,-8.0
5,0,33,1070,150,386,.389,80,216,.370,70,170,.412,94,120,.783,16,95,111,120,33,3,82,64,464
5,1,33,32.4,4.5,11.7,.389,2.4,6.5,.370,2.1,5.2,.412,2.8,3.6,.783,3.4,3.6,1.0,0.1,2.5,1.9,14.1
5,2,33,1070,5.6,14.4,.389,3.0,8.1,.370,2.6,6.4,.412,3.5,4.5,.783,4.1,4.5,1.2,0.1,3.1,2.4,17.3
5,3,33,1070,8.4,21.7,.389,4.5,12.1,.370,3.9,9.6,.412,5.3,6.7,.783,6.2,6.7,1.9,0.2,4.6,3.6,26.1,,102.0,113.0
5,4,33,1070,15.6,.524,.479,.440,.311,458,1.8,9.9,6.0,25.8,1.9,0.3,15.6,26.1,,1.3,0.5,1.8,.068,,-0.2,-3.7,-3.9
6,0,26,296,23,68,.338,7,22,.318,16,46,.348,13,18,.722,2,35,37,34,11,1,23,36,75
6,1,26,11.4,0.9,2.6,.338,0.3,0.8,.318,0.6,1.8,.348,0.5,0.7,.722,1.4,1.3,0.4,0.0,0.9,1.4,2.9
6,2,26,296,3.1,9.2,.338,0.9,3.0,.318,2.2,6.2,.348,1.8,2.4,.722,5.0,4.6,1.5,0.1,3.1,4.9,10.1
6,3,26,296,4.7,13.8,.338,1.4,4.5,.318,3.3,9.3,.348,2.6,3.7,.722,7.5,6.9,2.2,0.2,4.7,7.3,15.2,,91.6,110.2
6,4,26,296,9.0,.490,.456,.676,.265,81,0.8,13.2,7.2,23.1,2.2,0.4,23.1,17.9,,0.0,0.2,0.2,.029,,-4.0,-3.1,-7.1
7,0,14,180,24,75,.320,15,43,.349,9,32,.281,6,12,.500,14,17,31,8,5,2,14,21,63
7,1,14,12.9,1.7,5.4,.320,1.1,3.1,.349,0.6,2.3,.281,0.4,0.9,.500,2.2,0.6,0.4,0.1,1.0,1.5,4.5
7,2,14,180,5.3,16.7,.320,3.3,9.6,.349,2.0,7.1,.281,1.3,2.7,.500,6.9,1.8,1.1,0.4,3.1,4.7,14.0
7,3,14,180,8.0,25.1,.320,5.0,14.4,.349,3.0,10.7,.281,2.0,4.0,.500,10.4,2.7,1.7,0.7,4.7,7.0,21.1,,80.0,112.3
7,4,14,180,7.3,.390,.380,.427,.160,64,9.4,10.5,10.0,10.1,1.7,1.2,14.8,28.0,,-0.3,0.1,-0.2,-.038,,-6.6,-4.7,-11.2
8,0,27,384,23,62,.371,14,41,.341,9,21,.429,17,25,.680,2,25,27,49,5,1,24,31,72
8,1,27,14.2,0.9,2.3,.371,0.5,1.5,.341,0.3,0.8,.429,0.6,0.9,.680,1.0,1.8,0.2,0.0,0.9,1.1,2.7
8,2,27,384,2.4,6.5,.371,1.5,4.3,.341,0.9,2.2,.429,1.8,2.6,.680,2.8,5.1,0.5,0.1,2.5,3.2,7.5
8,3,27,384,3.6,9.7,.371,2.2,6.4,.341,1.4,3.3,.429,2.7,3.9,.680,4.2,7.7,0.8,0.2,3.8,4.9,11.3,,95.3,116.4
8,4,27,384,7.1,.487,.444,.339,.403,88,0.6,7.3,4.1,24.8,0.8,0.3,24.5,13.6,,0.1,0.1,0.2,.016,,-5.6,-5.0,-10.6
9,0,33,1062,145,333,.435,79,152,.520,66,181,.365,117,136,.860,32,144,176,34,12,23,54,98,473
9,1,33,32.2,4.4,10.1,.435,2.4,4.6,.520,2.0,5.5,.365,3.5,4.1,.860,5.3,1.0,0.4,0.7,1.6,3.0,14.3
9,2,33,1062,5.5,12.5,.435,3.0,5.7,.520,2.5,6.8,.365,4.4,5.1,.860,6.6,1.3,0.5,0.9,2.0,3.7,17.8
9,3,33,1062,8.2,18.9,.435,4.5,8.6,.520,3.7,10.3,.365,6.6,7.7,.860,10.0,1.9,0.7,1.3,3.1,5.6,26.8,,113.9,112.0
9,4,33,1062,17.3,.595,.535,.544,.408,417,3.6,15.1,9.6,7.3,0.7,2.3,12.0,22.6,,2.3,0.6,2.9,.110,,0.7,-3.5,-2.8
10,0,33,901,147,271,.542,145,259,.560,2,12,.167,72,94,.766,51,130,181,10,7,28,36,67,368
10,1,33,27.3,4.5,8.2,.542,4.4,7.8,.560,0.1,0.4,.167,2.2,2.8,.766,5.5,0.3,0.2,0.8,1.1,2.0,11.2
10,2,33,901,6.5,12.0,.542,6.4,11.5,.560,0.1,0.5,.167,3.2,4.2,.766,8.0,0.4,0.3,1.2,1.6,3.0,16.3
10,3,33,901,9.8,18.1,.542,9.7,17.3,.560,0.1,0.8,.167,4.8,6.3,.766,12.1,0.7,0.5,1.9,2.4,4.5,24.6,,113.2,111.6
10,4,33,901,17.9,.583,.546,.044,.347,323,6.8,16.1,11.6,2.7,0.5,3.3,10.2,20.8,,1.7,0.6,2.3,.102,,-3.1,-3.4,-6.5
