0,0,30,363,35,98,.357,24,58,.414,11,40,.275,13,20,.650,17,38,55,12,19,5,20,46,94
0,1,30,12.1,1.2,3.3,.357,0.8,1.9,.414,0.4,1.3,.275,0.4,0.7,.650,1.8,0.4,0.6,0.2,0.7,1.5,3.1
0,2,30,363,3.9,10.8,.357,2.6,6.4,.414,1.2,4.4,.275,1.4,2.2,.650,6.1,1.3,2.1,0.6,2.2,5.1,10.4
0,3,30,363,6.1,17.2,.357,4.2,10.2,.414,1.9,7.0,.275,2.3,3.5,.650,9.7,2.1,3.3,0.9,3.5,8.1,16.5,,89.6,97.1
0,4,30,363,10.4,.437,.413,.408,.204,91,5.4,11.9,8.7,7.3,3.3,1.5,15.7,18.9,,0.0,0.6,0.6,.070,,-1.5,3.0,1.5
1,0,31,958,144,296,.486,127,237,.536,17,59,.288,102,144,.708,76,177,253,30,24,11,54,45,407
1,1,31,30.9,4.6,9.5,.486,4.1,7.6,.536,0.5,1.9,.288,3.3,4.6,.708,8.2,1.0,0.8,0.4,1.7,1.5,13.1
1,2,31,958,6.0,12.4,.486,5.3,9.9,.536,0.7,2.5,.288,4.3,6.0,.708,10.6,1.3,1.0,0.5,2.3,1.9,17.0
1,3,31,958,9.6,19.7,.486,8.5,15.8,.536,1.1,3.9,.288,6.8,9.6,.708,16.8,2.0,1.6,0.7,3.6,3.0,27.1,,112.9,97.0
1,4,31,958,22.5,.558,.515,.199,.486,383,9.2,21.0,15.1,7.8,1.6,1.3,12.9,23.5,,2.4,1.7,4.1,.172,,3.1,1.9,5.1
2,0,19,162,15,56,.268,6,20,.300,9,36,.250,4,7,.571,2,15,17,10,7,0,3,16,43
2,1,19,8.5,0.8,2.9,.268,0.3,1.1,.300,0.5,1.9,.250,0.2,0.4,.571,0.9,0.5,0.4,0.0,0.2,0.8,2.3
2,2,19,162,3.7,13.8,.268,1.5,4.9,.300,2.2,8.9,.250,1.0,1.7,.571,4.2,2.5,1.7,0.0,0.7,4.0,10.6
2,3,19,162,5.9,22.0,.268,2.4,7.9,.300,3.5,14.2,.250,1.6,2.8,.571,6.7,3.9,2.8,0.0,1.2,6.3,16.9,,89.9,100.0
2,4,19,162,8.3,.362,.348,.643,.125,42,1.4,10.5,6.0,13.5,2.8,0.0,4.8,20.7,,0.0,0.2,0.2,.059,,-0.5,0.3,-0.2
3,0,30,331,22,48,.458,22,48,.458,0,0,,19,34,.559,48,47,95,4,11,17,14,66,63
3,1,30,11.0,0.7,1.6,.458,0.7,1.6,.458,0.0,0.0,,0.6,1.1,.559,3.2,0.1,0.4,0.6,0.5,2.2,2.1
3,2,30,331,2.7,5.8,.458,2.7,5.8,.458,0.0,0.0,,2.3,4.1,.559,11.5,0.5,1.3,2.1,1.7,8.0,7.6
3,3,30,331,4.2,9.2,.458,4.2,9.2,.458,0.0,0.0,,3.7,6.5,.559,18.3,0.8,2.1,3.3,2.7,12.7,12.1,,107.0,95.1
3,4,30,331,14.6,.491,.458,.000,.708,77,16.8,16.2,16.5,2.5,2.1,5.6,17.9,12.7,,0.4,0.6,1.0,.124,,-0.8,4.7,4.0
4,0,31,918,102,274,.372,61,127,.480,41,147,.279,29,53,.547,50,92,142,52,27,31,53,46,274
4,1,31,29.6,3.3,8.8,.372,2.0,4.1,.480,1.3,4.7,.279,0.9,1.7,.547,4.6,1.7,0.9,1.0,1.7,1.5,8.8
4,2,31,918,4.4,11.9,.372,2.7,5.5,.480,1.8,6.4,.279,1.3,2.3,.547,6.2,2.3,1.2,1.4,2.3,2.0,11.9
4,3,31,918,7.1,19.0,.372,4.2,8.8,.480,2.8,10.2,.279,2.0,3.7,.547,9.9,3.6,1.9,2.2,3.7,3.2,19.0,,95.6,99.9
4,4,31,918,13.9,.458,.447,.536,.193,274,6.3,11.4,8.9,12.9,1.9,3.7,15.0,20.6,,0.5,1.4,1.9,.082,,1.3,3.8,5.0
5,0,31,1061,92,227,.405,73,167,.437,19,60,.317,81,107,.757,9,63,72,106,27,6,64,55,284
5,1,31,34.2,3.0,7.3,.405,2.4,5.4,.437,0.6,1.9,.317,2.6,3.5,.757,2.3,3.4,0.9,0.2,2.1,1.8,9.2
5,2,31,1061,3.5,8.6,.405,2.8,6.3,.437,0.7,2.3,.317,3.1,4.0,.757,2.7,4.0,1.0,0.2,2.4,2.1,10.7
5,3,31,1061,5.5,13.6,.405,4.4,10.0,.437,1.1,3.6,.317,4.9,6.4,.757,4.3,6.4,1.6,0.4,3.8,3.3,17.1,,102.7,104.4
5,4,31,1061,12.1,.511,.447,.264,.471,298,1.0,6.8,3.9,21.5,1.6,0.6,18.7,17.3,,1.1,1.1,2.3,.086,,0.6,1.2,1.8
6,0,31,753,83,222,.374,43,107,.402,40,115,.348,40,58,.690,13,78,91,38,19,6,47,65,246
6,1,31,24.3,2.7,7.2,.374,1.4,3.5,.402,1.3,3.7,.348,1.3,1.9,.690,2.9,1.2,0.6,0.2,1.5,2.1,7.9
6,2,31,753,4.4,11.8,.374,2.3,5.7,.402,2.1,6.1,.348,2.1,3.1,.690,4.8,2.0,1.0,0.3,2.5,3.5,13.1
6,3,31,753,7.0,18.8,.374,3.6,9.1,.402,3.4,9.7,.348,3.4,4.9,.690,7.7,3.2,1.6,0.5,4.0,5.5,20.8,,96.7,101.6
6,4,31,753,11.4,.493,.464,.518,.261,227,2.0,11.8,6.9,11.4,1.6,0.9,15.8,21.2,,0.5,1.0,1.5,.080,,0.4,1.2,1.6
7,0,8,12,1,5,.200,1,1,1.000,0,4,.000,0,0,,1,1,2,0,1,0,0,1,2
7,1,8,1.5,0.1,0.6,.200,0.1,0.1,1.000,0.0,0.5,.000,0.0,0.0,,0.3,0.0,0.1,0.0,0.0,0.1,0.3
7,2,8,12,3.3,16.7,.200,3.3,3.3,1.000,0.0,13.3,.000,0.0,0.0,,6.7,0.0,3.3,0.0,0.0,3.3,6.7
7,3,8,12,5.3,26.6,.200,5.3,5.3,1.000,0.0,21.3,.000,0.0,0.0,,10.6,0.0,5.3,0.0,0.0,5.3,10.6,,60.6,94.9
7,4,8,12,3.3,.200,.200,.800,.000,2,9.6,9.5,9.6,0.0,5.3,0.0,0.0,22.4,,0.0,0.0,0.0,-.031,,-4.7,-1.8,-6.5
8,0,31,753,95,187,.508,95,187,.508,0,0,,46,70,.657,71,96,167,21,6,63,47,100,236
8,1,31,24.3,3.1,6.0,.508,3.1,6.0,.508,0.0,0.0,,1.5,2.3,.657,5.4,0.7,0.2,2.0,1.5,3.2,7.6
8,2,31,753,5.0,9.9,.508,5.0,9.9,.508,0.0,0.0,,2.4,3.7,.657,8.9,1.1,0.3,3.3,2.5,5.3,12.5
8,3,31,753,8.0,15.8,.508,8.0,15.8,.508,0.0,0.0,,3.9,5.9,.657,14.1,1.8,0.5,5.3,4.0,8.5,20.0,,104.1,98.1
8,4,31,753,17.6,.536,.508,.000,.374,235,10.9,14.5,12.7,6.6,0.5,9.2,17.6,19.1,,1.0,1.3,2.2,.119,,-0.6,6.0,5.4
9,0,13,52,6,22,.273,0,3,.000,6,19,.316,2,5,.400,0,3,3,6,3,0,0,6,20
9,1,13,4.0,0.5,1.7,.273,0.0,0.2,.000,0.5,1.5,.316,0.2,0.4,.400,0.2,0.5,0.2,0.0,0.0,0.5,1.5
9,2,13,52,4.6,16.9,.273,0.0,2.3,.000,4.6,14.6,.316,1.5,3.8,.400,2.3,4.6,2.3,0.0,0.0,4.6,15.4
9,3,13,52,7.4,27.0,.273,0.0,3.7,.000,7.4,23.3,.316,2.5,6.1,.400,3.7,7.4,3.7,0.0,0.0,7.4,24.5,,108.1,99.9
9,4,13,52,15.1,.410,.409,.864,.227,20,0.0,6.6,3.3,26.5,3.7,0.0,0.0,25.2,,0.1,0.1,0.2,.140,,5.9,-1.5,4.4
10,0,31,591,68,200,.340,40,108,.370,28,92,.304,36,44,.818,10,35,45,47,17,3,39,27,200
10,1,31,19.1,2.2,6.5,.340,1.3,3.5,.370,0.9,3.0,.304,1.2,1.4,.818,1.5,1.5,0.5,0.1,1.3,0.9,6.5
10,2,31,591,4.6,13.5,.340,2.7,7.3,.370,1.9,6.2,.304,2.4,3.0,.818,3.0,3.2,1.2,0.2,2.6,1.8,13.5
10,3,31,591,7.3,21.6,.340,4.3,11.7,.370,3.0,9.9,.304,3.9,4.7,.818,4.9,5.1,1.8,0.3,4.2,2.9,21.6,,94.3,104.0
10,4,31,591,11.4,.453,.410,.460,.220,195,2.0,6.7,4.4,18.2,1.8,0.6,15.0,23.6,,0.3,0.7,0.9,.063,,-0.1,-0.1,-0.2
11,0,31,296,26,50,.520,26,50,.520,0,0,,23,37,.622,30,54,84,4,7,6,17,29,75
11,1,31,9.5,0.8,1.6,.520,0.8,1.6,.520,0.0,0.0,,0.7,1.2,.622,2.7,0.1,0.2,0.2,0.5,0.9,2.4
11,2,31,296,3.5,6.8,.520,3.5,6.8,.520,0.0,0.0,,3.1,5.0,.622,11.4,0.5,0.9,0.8,2.3,3.9,10.1
11,3,31,296,5.6,10.8,.520,5.6,10.8,.520,0.0,0.0,,5.0,8.0,.622,18.1,0.9,1.5,1.3,3.7,6.2,16.2,,105.5,96.5
11,4,31,296,15.6,.555,.520,.000,.740,78,11.7,20.8,16.3,2.9,1.5,2.2,20.1,15.4,,0.4,0.5,0.9,.121,,-1.7,2.0,0.3
