0,0,31,306,14,30,.467,11,26,.423,3,4,.750,8,19,.421,10,31,41,39,22,8,40,42,39
0,1,31,9.9,0.5,1.0,.467,0.4,0.8,.423,0.1,0.1,.750,0.3,0.6,.421,1.3,1.3,0.7,0.3,1.3,1.4,1.3
0,2,31,306,1.8,3.9,.467,1.4,3.4,.423,0.4,0.5,.750,1.0,2.5,.421,5.4,5.1,2.9,1.0,5.2,5.5,5.1
0,3,31,306,2.8,6.0,.467,2.2,5.2,.423,0.6,0.8,.750,1.6,3.8,.421,8.2,7.8,4.4,1.6,8.0,8.4,7.8,,72.6,90.6
0,4,31,306,7.7,.500,.517,.133,.633,58,4.0,11.8,8.0,23.4,4.4,2.9,50.6,13.6,,-0.4,0.7,0.3,.041,,-3.9,6.3,2.4
1,0,23,79,10,17,.588,10,17,.588,0,0,,5,14,.357,9,17,26,0,1,3,4,14,25
1,1,23,3.4,0.4,0.7,.588,0.4,0.7,.588,0.0,0.0,,0.2,0.6,.357,1.1,0.0,0.0,0.1,0.2,0.6,1.1
1,2,23,79,5.1,8.6,.588,5.1,8.6,.588,0.0,0.0,,2.5,7.1,.357,13.2,0.0,0.5,1.5,2.0,7.1,12.7
1,3,23,79,7.8,13.2,.588,7.8,13.2,.588,0.0,0.0,,3.9,10.9,.357,20.2,0.0,0.8,2.3,3.1,10.9,19.5,,102.8,91.4
1,4,23,79,16.1,.529,.588,.000,.824,24,13.9,25.1,19.6,0.0,0.8,4.3,14.5,18.4,,0.1,0.2,0.3,.138,,-4.0,-1.7,-5.6
2,0,11,25,0,2,.000,0,2,.000,0,0,,0,0,,0,3,3,0,0,0,3,0,0
2,1,11,2.3,0.0,0.2,.000,0.0,0.2,.000,0.0,0.0,,0.0,0.0,,0.3,0.0,0.0,0.0,0.3,0.0,0.0
2,2,11,25,0.0,3.2,.000,0.0,3.2,.000,0.0,0.0,,0.0,0.0,,4.8,0.0,0.0,0.0,4.8,0.0,0.0
2,3,11,25,0.0,4.9,.000,0.0,4.9,.000,0.0,0.0,,0.0,0.0,,7.4,0.0,0.0,0.0,7.4,0.0,0.0,,0.0,101.4
2,4,11,25,-8.9,.000,.000,.000,.000,0,0.0,14.0,7.2,0.0,0.0,0.0,60.0,10.5,,-0.1,0.0,-0.1,-.131,,-13.8,0.8,-13.0
3,0,34,827,102,228,.447,87,183,.475,15,45,.333,58,79,.734,56,130,186,24,22,15,53,98,277
3,1,34,24.3,3.0,6.7,.447,2.6,5.4,.475,0.4,1.3,.333,1.7,2.3,.734,5.5,0.7,0.6,0.4,1.6,2.9,8.1
3,2,34,827,4.9,11.0,.447,4.2,8.9,.475,0.7,2.2,.333,2.8,3.8,.734,9.0,1.2,1.1,0.7,2.6,4.7,13.4
3,3,34,827,7.6,16.9,.447,6.5,13.6,.475,1.1,3.3,.333,4.3,5.9,.734,13.8,1.8,1.6,1.1,3.9,7.3,20.6,,102.1,94.1
3,4,34,827,14.8,.522,.480,.197,.346,266,8.3,18.3,13.4,6.2,1.6,2.0,16.6,20.2,,1.0,1.7,2.6,.128,,-0.3,2.6,2.3
4,0,34,923,157,275,.571,157,275,.571,0,0,,108,152,.711,89,139,228,27,35,78,50,74,422
4,1,34,27.1,4.6,8.1,.571,4.6,8.1,.571,0.0,0.0,,3.2,4.5,.711,6.7,0.8,1.0,2.3,1.5,2.2,12.4
4,2,34,923,6.8,11.9,.571,6.8,11.9,.571,0.0,0.0,,4.7,6.6,.711,9.9,1.2,1.5,3.4,2.2,3.2,18.3
4,3,34,923,10.5,18.3,.571,10.5,18.3,.571,0.0,0.0,,7.2,10.1,.711,15.2,1.8,2.3,5.2,3.3,4.9,28.1,,121.2,89.7
4,4,34,923,28.1,.608,.571,.000,.553,395,11.8,17.6,14.7,6.9,2.3,9.5,12.6,22.6,,3.1,2.2,5.3,.232,,3.6,7.3,10.9
5,0,7,10,0,2,.000,0,2,.000,0,0,,0,0,,1,0,1,1,1,1,2,2,0
5,1,7,1.4,0.0,0.3,.000,0.0,0.3,.000,0.0,0.0,,0.0,0.0,,0.1,0.1,0.1,0.1,0.3,0.3,0.0
5,2,7,10,0.0,8.0,.000,0.0,8.0,.000,0.0,0.0,,0.0,0.0,,4.0,4.0,4.0,4.0,8.0,8.0,0.0
5,3,7,10,0.0,12.3,.000,0.0,12.3,.000,0.0,0.0,,0.0,0.0,,6.1,6.1,6.1,6.1,12.3,12.3,0.0,,28.1,88.4
5,4,7,10,-5.8,.000,.000,.000,.000,1,12.2,0.0,6.0,16.9,6.1,11.2,50.0,21.0,,-0.1,0.0,0.0,-.173,,-13.8,12.1,-1.8
6,0,34,682,98,239,.410,74,157,.471,24,82,.293,61,79,.772,60,116,176,19,19,14,64,80,281
6,1,34,20.1,2.9,7.0,.410,2.2,4.6,.471,0.7,2.4,.293,1.8,2.3,.772,5.2,0.6,0.6,0.4,1.9,2.4,8.3
6,2,34,682,5.7,14.0,.410,4.3,9.2,.471,1.4,4.8,.293,3.6,4.6,.772,10.3,1.1,1.1,0.8,3.8,4.7,16.5
6,3,34,682,8.8,21.5,.410,6.7,14.2,.471,2.2,7.4,.293,5.5,7.1,.772,15.9,1.7,1.7,1.3,5.8,7.2,25.3,,96.8,93.1
6,4,34,682,16.1,.508,.460,.343,.331,269,10.7,19.8,15.4,6.2,1.7,2.3,18.8,26.2,,0.6,1.4,2.1,.120,,-0.7,1.5,0.8
7,0,7,92,6,22,.273,3,8,.375,3,14,.214,5,8,.625,3,8,11,2,2,1,6,11,20
7,1,7,13.1,0.9,3.1,.273,0.4,1.1,.375,0.4,2.0,.214,0.7,1.1,.625,1.6,0.3,0.3,0.1,0.9,1.6,2.9
7,2,7,92,2.6,9.6,.273,1.3,3.5,.375,1.3,6.1,.214,2.2,3.5,.625,4.8,0.9,0.9,0.4,2.6,4.8,8.7
7,3,7,92,4.0,14.7,.273,2.0,5.3,.375,2.0,9.4,.214,3.3,5.3,.625,7.4,1.3,1.3,0.7,4.0,7.4,13.4,,77.4,99.2
7,4,7,92,3.4,.388,.341,.636,.364,20,4.0,10.1,7.1,4.1,1.3,1.2,18.9,18.2,,-0.1,0.1,0.0,.021,,-3.7,0.6,-3.1
8,0,34,429,36,72,.500,27,47,.574,9,25,.360,17,32,.531,18,35,53,10,18,15,23,45,98
8,1,34,12.6,1.1,2.1,.500,0.8,1.4,.574,0.3,0.7,.360,0.5,0.9,.531,1.6,0.3,0.5,0.4,0.7,1.3,2.9
8,2,34,429,3.4,6.7,.500,2.5,4.4,.574,0.8,2.3,.360,1.6,3.0,.531,4.9,0.9,1.7,1.4,2.1,4.2,9.1
8,3,34,429,5.2,10.3,.500,3.9,6.7,.574,1.3,3.6,.360,2.4,4.6,.531,7.6,1.4,2.6,2.1,3.3,6.4,14.0,,100.0,95.5
8,4,34,429,11.5,.562,.563,.347,.444,92,5.1,9.5,7.4,4.6,2.6,3.9,20.9,13.5,,0.3,0.8,1.1,.102,,-0.2,4.6,4.4
9,0,32,935,79,192,.411,48,99,.485,31,93,.333,59,81,.728,19,93,112,89,41,8,60,72,248
9,1,32,29.2,2.5,6.0,.411,1.5,3.1,.485,1.0,2.9,.333,1.8,2.5,.728,3.5,2.8,1.3,0.3,1.9,2.3,7.8
9,2,32,935,3.4,8.2,.411,2.1,4.2,.485,1.3,4.0,.333,2.5,3.5,.728,4.8,3.8,1.8,0.3,2.6,3.1,10.6
9,3,32,935,5.2,12.6,.411,3.2,6.5,.485,2.0,6.1,.333,3.9,5.3,.728,7.4,5.9,2.7,0.5,3.9,4.7,16.3,,104.8,95.7
9,4,32,935,13.6,.538,.492,.484,.422,262,2.5,11.6,7.1,18.8,2.7,1.0,20.7,16.3,,1.1,1.7,2.9,.123,,2.0,3.5,5.5
10,0,33,351,29,84,.345,21,46,.457,8,38,.211,14,21,.667,6,15,21,25,20,2,21,50,80
10,1,33,10.6,0.9,2.5,.345,0.6,1.4,.457,0.2,1.2,.211,0.4,0.6,.667,0.6,0.8,0.6,0.1,0.6,1.5,2.4
10,2,33,351,3.3,9.6,.345,2.4,5.2,.457,0.9,4.3,.211,1.6,2.4,.667,2.4,2.8,2.3,0.2,2.4,5.7,9.1
10,3,33,351,5.1,14.7,.345,3.7,8.1,.457,1.4,6.7,.211,2.5,3.7,.667,3.7,4.4,3.5,0.4,3.7,8.8,14.0,,87.9,97.0
10,4,33,351,7.4,.426,.393,.452,.250,83,2.1,5.0,3.6,14.0,3.5,0.6,18.3,17.2,,0.0,0.6,0.6,.064,,-1.6,2.1,0.5
11,0,32,1093,152,351,.433,108,224,.482,44,127,.346,115,157,.732,37,102,139,107,44,14,68,79,463
11,1,32,34.2,4.8,11.0,.433,3.4,7.0,.482,1.4,4.0,.346,3.6,4.9,.732,4.3,3.3,1.4,0.4,2.1,2.5,14.5
11,2,32,1093,5.6,12.8,.433,4.0,8.2,.482,1.6,4.6,.346,4.2,5.7,.732,5.1,3.9,1.6,0.5,2.5,2.9,16.9
11,3,32,1093,8.5,19.7,.433,6.1,12.6,.482,2.5,7.1,.346,6.5,8.8,.732,7.8,6.0,2.5,0.8,3.8,4.4,26.0,,112.8,96.4
11,4,32,1093,20.1,.544,.496,.362,.447,460,4.1,10.9,7.6,21.7,2.5,1.4,13.8,23.7,,2.9,2.0,4.8,.176,,4.8,2.9,7.7
12,0,34,1098,127,313,.406,47,111,.423,80,202,.396,43,61,.705,26,62,88,102,47,2,40,57,377
12,1,34,32.3,3.7,9.2,.406,1.4,3.3,.423,2.4,5.9,.396,1.3,1.8,.705,2.6,3.0,1.4,0.1,1.2,1.7,11.1
12,2,34,1098,4.6,11.4,.406,1.7,4.0,.423,2.9,7.4,.396,1.6,2.2,.705,3.2,3.7,1.7,0.1,1.5,2.1,13.7
12,3,34,1098,7.1,17.5,.406,2.6,6.2,.423,4.5,11.3,.396,2.4,3.4,.705,4.9,5.7,2.6,0.1,2.2,3.2,21.1,,118.8,98.8
12,4,34,1098,17.2,.551,.534,.645,.195,369,2.9,6.6,4.8,19.5,2.6,0.2,10.5,18.3,,2.7,1.7,4.4,.162,,5.7,1.5,7.2
