0,0,26,772,111,243,.457,93,194,.479,18,49,.367,40,50,.800,53,64,117,56,66,17,46,65,280
0,1,26,29.7,4.3,9.3,.457,3.6,7.5,.479,0.7,1.9,.367,1.5,1.9,.800,4.5,2.2,2.5,0.7,1.8,2.5,10.8
0,2,26,772,5.8,12.6,.457,4.8,10.1,.479,0.9,2.5,.367,2.1,2.6,.800,6.1,2.9,3.4,0.9,2.4,3.4,14.5
0,3,26,772,9.0,19.6,.457,7.5,15.6,.479,1.5,4.0,.367,3.2,4.0,.800,9.4,4.5,5.3,1.4,3.7,5.2,22.6,,108.7,89.4
0,4,26,772,21.3,.525,.494,.202,.206,282,8.6,10.3,9.4,15.6,5.3,2.7,14.7,21.5,,1.6,1.9,3.4,.177,,2.8,4.7,7.5
1,0,15,200,17,34,.500,15,29,.517,2,5,.400,8,13,.615,10,20,30,10,11,2,17,19,44
1,1,15,13.3,1.1,2.3,.500,1.0,1.9,.517,0.1,0.3,.400,0.5,0.9,.615,2.0,0.7,0.7,0.1,1.1,1.3,2.9
1,2,15,200,3.4,6.8,.500,3.0,5.8,.517,0.4,1.0,.400,1.6,2.6,.615,6.0,2.0,2.2,0.4,3.4,3.8,8.8
1,3,15,200,5.3,10.6,.500,4.7,9.0,.517,0.6,1.6,.400,2.5,4.0,.615,9.3,3.1,3.4,0.6,5.3,5.9,13.7,,90.7,93.1
1,4,15,200,11.0,.548,.529,.147,.382,46,6.2,12.4,9.3,9.5,3.4,1.2,29.7,15.1,,0.0,0.4,0.4,.088,,-2.5,2.5,0.1
2,0,33,699,112,210,.533,110,200,.550,2,10,.200,56,89,.629,64,148,212,33,29,45,49,99,282
2,1,33,21.2,3.4,6.4,.533,3.3,6.1,.550,0.1,0.3,.200,1.7,2.7,.629,6.4,1.0,0.9,1.4,1.5,3.0,8.5
2,2,33,699,6.4,12.0,.533,6.3,11.4,.550,0.1,0.6,.200,3.2,5.1,.629,12.1,1.9,1.7,2.6,2.8,5.7,16.1
2,3,33,699,10.0,18.7,.533,9.8,17.8,.550,0.2,0.9,.200,5.0,7.9,.629,18.9,2.9,2.6,4.0,4.4,8.8,25.1,,108.9,85.5
2,4,33,699,23.8,.559,.538,.048,.424,273,11.4,26.3,18.9,10.5,2.6,8.0,16.3,22.8,,1.5,2.0,3.5,.199,,0.1,5.7,5.8
3,0,1,2,0,0,,0,0,,0,0,,0,0,,0,0,0,0,0,0,0,0,0
3,1,1,2.0,0.0,0.0,,0.0,0.0,,0.0,0.0,,0.0,0.0,,0.0,0.0,0.0,0.0,0.0,0.0,0.0
3,2,1,2,0.0,0.0,,0.0,0.0,,0.0,0.0,,0.0,0.0,,0.0,0.0,0.0,0.0,0.0,0.0,0.0
3,3,1,2,0.0,0.0,,0.0,0.0,,0.0,0.0,,0.0,0.0,,0.0,0.0,0.0,0.0,0.0,0.0,0.0,,,107.4
3,4,1,2,0.0,,,,,0,0.0,0.0,0.0,0.0,0.0,0.0,,0.0,,0.0,0.0,0.0,.027,,-4.7,0.6,-4.1
4,0,32,984,141,343,.411,70,154,.455,71,189,.376,50,60,.833,24,59,83,67,43,2,51,74,403
4,1,32,30.8,4.4,10.7,.411,2.2,4.8,.455,2.2,5.9,.376,1.6,1.9,.833,2.6,2.1,1.3,0.1,1.6,2.3,12.6
4,2,32,984,5.7,13.9,.411,2.8,6.3,.455,2.9,7.7,.376,2.0,2.4,.833,3.4,2.7,1.7,0.1,2.1,3.0,16.4
4,3,32,984,8.9,21.7,.411,4.4,9.7,.455,4.5,12.0,.376,3.2,3.8,.833,5.3,4.2,2.7,0.1,3.2,4.7,25.5,,111.6,97.4
4,4,32,984,17.2,.542,.515,.551,.175,369,3.0,7.5,5.3,14.6,2.7,0.3,12.1,22.7,,2.3,1.6,3.9,.159,,3.5,-0.6,3.0
5,0,33,1009,117,200,.585,88,137,.642,29,63,.460,38,48,.792,46,84,130,71,36,6,44,69,301
5,1,33,30.6,3.5,6.1,.585,2.7,4.2,.642,0.9,1.9,.460,1.2,1.5,.792,3.9,2.2,1.1,0.2,1.3,2.1,9.1
5,2,33,1009,4.6,7.9,.585,3.5,5.4,.642,1.1,2.5,.460,1.5,1.9,.792,5.2,2.8,1.4,0.2,1.7,2.7,11.9
5,3,33,1009,7.2,12.3,.585,5.4,8.5,.642,1.8,3.9,.460,2.3,3.0,.792,8.0,4.4,2.2,0.4,2.7,4.3,18.6,,128.0,97.0
5,4,33,1009,18.1,.675,.658,.315,.240,292,5.7,10.3,8.0,14.3,2.2,0.7,16.5,14.0,,2.7,1.7,4.4,.175,,4.2,1.4,5.5
6,0,33,579,46,143,.322,35,84,.417,11,59,.186,32,38,.842,7,47,54,74,26,0,59,70,135
6,1,33,17.5,1.4,4.3,.322,1.1,2.5,.417,0.3,1.8,.186,1.0,1.2,.842,1.6,2.2,0.8,0.0,1.8,2.1,4.1
6,2,33,579,3.2,9.9,.322,2.4,5.8,.417,0.8,4.1,.186,2.2,2.6,.842,3.7,5.1,1.8,0.0,4.1,4.8,9.3
6,3,33,579,4.9,15.4,.322,3.8,9.0,.417,1.2,6.3,.186,3.4,4.1,.842,5.8,8.0,2.8,0.0,6.3,7.5,14.5,,83.3,95.8
6,4,33,579,7.1,.419,.360,.413,.266,159,1.5,10.1,5.8,24.1,2.8,0.0,26.8,20.1,,-0.3,1.0,0.7,.049,,-4.0,-0.2,-4.2
7,0,22,112,12,22,.545,12,22,.545,0,0,,3,5,.600,8,14,22,2,1,1,6,17,27
7,1,22,5.1,0.5,1.0,.545,0.5,1.0,.545,0.0,0.0,,0.1,0.2,.600,1.0,0.1,0.0,0.0,0.3,0.8,1.2
7,2,22,112,4.3,7.9,.545,4.3,7.9,.545,0.0,0.0,,1.1,1.8,.600,7.9,0.7,0.4,0.4,2.1,6.1,9.6
7,3,22,112,6.7,12.2,.545,6.7,12.2,.545,0.0,0.0,,1.7,2.8,.600,12.2,1.1,0.6,0.6,3.3,9.4,15.0,,101.8,97.5
7,4,22,112,10.0,.554,.545,.000,.227,26,8.9,15.5,12.2,3.6,0.6,1.1,19.8,14.4,,0.1,0.2,0.3,.101,,-3.2,-1.1,-4.3
8,0,18,225,26,53,.491,19,41,.463,7,12,.583,8,13,.615,13,34,47,7,5,3,21,27,67
8,1,18,12.5,1.4,2.9,.491,1.1,2.3,.463,0.4,0.7,.583,0.4,0.7,.615,2.6,0.4,0.3,0.2,1.2,1.5,3.7
8,2,18,225,4.6,9.4,.491,3.4,7.3,.463,1.2,2.1,.583,1.4,2.3,.615,8.4,1.2,0.9,0.5,3.7,4.8,11.9
8,3,18,225,7.2,14.7,.491,5.3,11.3,.463,1.9,3.3,.583,2.2,3.6,.615,13.0,1.9,1.4,0.8,5.8,7.5,18.5,,92.7,94.2
8,4,18,225,11.5,.566,.557,.226,.245,62,7.2,18.8,13.0,6.3,1.4,1.7,26.2,18.9,,0.1,0.4,0.5,.092,,-3.2,0.3,-2.9
9,0,33,952,122,318,.384,61,144,.424,61,174,.351,56,72,.778,15,61,76,101,37,1,97,86,361
9,1,33,28.8,3.7,9.6,.384,1.8,4.4,.424,1.8,5.3,.351,1.7,2.2,.778,2.3,3.1,1.1,0.0,2.9,2.6,10.9
9,2,33,952,5.1,13.4,.384,2.6,6.1,.424,2.6,7.3,.351,2.4,3.0,.778,3.2,4.2,1.6,0.0,4.1,3.6,15.2
9,3,33,952,8.0,20.8,.384,4.0,9.4,.424,4.0,11.4,.351,3.7,4.7,.778,5.0,6.6,2.4,0.1,6.3,5.6,23.6,,96.3,97.8
9,4,33,952,12.8,.512,.480,.547,.226,358,2.0,8.0,5.0,22.1,2.4,0.1,21.6,25.0,,0.8,1.5,2.4,.099,,0.4,-1.1,-0.6
10,0,30,226,14,36,.389,13,31,.419,1,5,.200,9,14,.643,15,23,38,3,3,6,11,40,38
10,1,30,7.5,0.5,1.2,.389,0.4,1.0,.419,0.0,0.2,.200,0.3,0.5,.643,1.3,0.1,0.1,0.2,0.4,1.3,1.3
10,2,30,226,2.5,6.4,.389,2.3,5.5,.419,0.2,0.9,.200,1.6,2.5,.643,6.7,0.5,0.5,1.1,1.9,7.1,6.7
10,3,30,226,3.9,9.9,.389,3.6,8.5,.419,0.3,1.4,.200,2.5,3.9,.643,10.5,0.8,0.8,1.7,3.0,11.0,10.5,,89.6,97.2
10,4,30,226,5.7,.445,.403,.139,.389,41,8.3,12.6,10.5,2.4,0.8,3.3,20.5,12.6,,0.0,0.4,0.4,.068,,-4.5,0.6,-3.9
11,0,27,166,20,45,.444,6,13,.462,14,32,.438,4,11,.364,3,12,15,5,5,5,6,19,58
11,1,27,6.1,0.7,1.7,.444,0.2,0.5,.462,0.5,1.2,.438,0.1,0.4,.364,0.6,0.2,0.2,0.2,0.2,0.7,2.1
11,2,27,166,4.8,10.8,.444,1.4,3.1,.462,3.4,7.7,.438,1.0,2.7,.364,3.6,1.2,1.2,1.2,1.4,4.6,14.0
11,3,27,166,7.5,16.9,.444,2.3,4.9,.462,5.3,12.0,.438,1.5,4.1,.364,5.6,1.9,1.9,1.9,2.3,7.1,21.8,,112.6,96.9
11,4,27,166,14.7,.577,.600,.711,.244,48,2.3,9.0,5.6,6.2,1.9,3.7,10.7,17.9,,0.3,0.3,0.6,.141,,1.5,-0.1,1.4
12,0,32,674,66,151,.437,65,150,.433,1,1,1.000,48,83,.578,59,84,143,22,17,22,47,107,181
12,1,32,21.1,2.1,4.7,.437,2.0,4.7,.433,0.0,0.0,1.000,1.5,2.6,.578,4.5,0.7,0.5,0.7,1.5,3.3,5.7
12,2,32,674,3.9,9.0,.437,3.9,8.9,.433,0.1,0.1,1.000,2.8,4.9,.578,8.5,1.3,1.0,1.3,2.8,6.4,10.7
12,3,32,674,6.1,13.9,.437,6.0,13.9,.433,0.1,0.1,1.000,4.4,7.7,.578,13.2,2.0,1.6,2.0,4.3,9.9,16.7,,94.4,94.1
12,4,32,674,11.6,.475,.440,.007,.550,190,10.9,15.5,13.2,6.4,1.6,4.0,19.8,18.7,,0.3,1.3,1.7,.098,,-3.2,2.2,-1.0
