0,0,23,124,7,16,.438,7,16,.438,0,0,,4,4,1.000,6,20,26,0,1,4,7,22,18
0,1,23,5.4,0.3,0.7,.438,0.3,0.7,.438,0.0,0.0,,0.2,0.2,1.000,1.1,0.0,0.0,0.2,0.3,1.0,0.8
0,2,23,124,2.3,5.2,.438,2.3,5.2,.438,0.0,0.0,,1.3,1.3,1.000,8.4,0.0,0.3,1.3,2.3,7.1,5.8
0,3,23,124,3.5,8.0,.438,3.5,8.0,.438,0.0,0.0,,2.0,2.0,1.000,13.0,0.0,0.5,2.0,3.5,11.0,9.0,,85.5,101.4
0,4,23,124,4.8,.503,.438,.000,.250,18,6.2,19.1,12.9,0.0,0.5,3.8,28.1,10.7,,0.0,0.2,0.2,.050,,-7.3,-1.0,-8.3
1,0,26,628,89,145,.614,86,139,.619,3,6,.500,29,53,.547,35,51,86,35,18,0,44,45,210
1,1,26,24.2,3.4,5.6,.614,3.3,5.3,.619,0.1,0.2,.500,1.1,2.0,.547,3.3,1.3,0.7,0.0,1.7,1.7,8.1
1,2,26,628,5.7,9.2,.614,5.5,8.9,.619,0.2,0.4,.500,1.8,3.4,.547,5.5,2.2,1.1,0.0,2.8,2.9,13.4
1,3,26,628,8.8,14.3,.614,8.5,13.7,.619,0.3,0.6,.500,2.9,5.2,.547,8.5,3.4,1.8,0.0,4.3,4.4,20.7,,109.6,105.2
1,4,26,628,15.1,.617,.624,.041,.366,202,7.2,9.6,8.5,11.5,1.8,0.0,20.5,18.2,,0.9,0.8,1.7,.109,,0.3,0.0,0.3
2,0,8,12,0,4,.000,0,3,.000,0,1,.000,0,0,,1,2,3,1,0,0,0,2,0
2,1,8,1.5,0.0,0.5,.000,0.0,0.4,.000,0.0,0.1,.000,0.0,0.0,,0.4,0.1,0.0,0.0,0.0,0.3,0.0
2,2,8,12,0.0,13.3,.000,0.0,10.0,.000,0.0,3.3,.000,0.0,0.0,,10.0,3.3,0.0,0.0,0.0,6.7,0.0
2,3,8,12,0.0,20.6,.000,0.0,15.5,.000,0.0,5.2,.000,0.0,0.0,,15.5,5.2,0.0,0.0,0.0,10.3,0.0,,37.5,104.0
2,4,8,12,-7.7,.000,.000,.250,.000,1,10.7,19.8,15.4,13.3,0.0,0.0,0.0,17.8,,0.0,0.0,0.0,-.112,,-12.3,-1.9,-14.2
3,0,20,99,9,14,.643,9,14,.643,0,0,,2,5,.400,5,9,14,2,2,1,8,17,20
3,1,20,5.0,0.5,0.7,.643,0.5,0.7,.643,0.0,0.0,,0.1,0.3,.400,0.7,0.1,0.1,0.1,0.4,0.9,1.0
3,2,20,99,3.6,5.7,.643,3.6,5.7,.643,0.0,0.0,,0.8,2.0,.400,5.7,0.8,0.8,0.4,3.2,6.9,8.1
3,3,20,99,5.6,8.7,.643,5.6,8.7,.643,0.0,0.0,,1.2,3.1,.400,8.7,1.2,1.2,0.6,5.0,10.6,12.5,,88.8,104.8
3,4,20,99,5.9,.611,.643,.000,.357,19,6.5,10.8,8.7,3.8,1.2,1.2,32.8,13.1,,0.0,0.1,0.1,.042,,-4.2,-0.1,-4.3
4,0,32,1102,154,355,.434,73,164,.445,81,191,.424,109,132,.826,23,76,99,54,25,1,50,50,498
4,1,32,34.4,4.8,11.1,.434,2.3,5.1,.445,2.5,6.0,.424,3.4,4.1,.826,3.1,1.7,0.8,0.0,1.6,1.6,15.6
4,2,32,1102,5.6,12.9,.434,2.6,6.0,.445,2.9,6.9,.424,4.0,4.8,.826,3.6,2.0,0.9,0.0,1.8,1.8,18.1
4,3,32,1102,8.6,19.9,.434,4.1,9.2,.445,4.5,10.7,.424,6.1,7.4,.826,5.6,3.0,1.4,0.1,2.8,2.8,28.0,,120.7,106.8
4,4,32,1102,18.0,.596,.548,.538,.372,443,2.7,8.2,5.5,10.1,1.4,0.1,10.7,22.6,,3.1,1.2,4.3,.155,,3.7,-2.0,1.8
5,0,31,762,129,271,.476,128,263,.487,1,8,.125,64,101,.634,70,141,211,53,23,30,54,114,323
5,1,31,24.6,4.2,8.7,.476,4.1,8.5,.487,0.0,0.3,.125,2.1,3.3,.634,6.8,1.7,0.7,1.0,1.7,3.7,10.4
5,2,31,762,6.8,14.2,.476,6.7,13.8,.487,0.1,0.4,.125,3.4,5.3,.634,11.1,2.8,1.2,1.6,2.8,6.0,17.0
5,3,31,762,10.5,22.0,.476,10.4,21.4,.487,0.1,0.6,.125,5.2,8.2,.634,17.1,4.3,1.9,2.4,4.4,9.3,26.2,,105.8,96.8
5,4,31,762,19.9,.506,.478,.030,.373,335,11.8,21.9,17.1,15.3,1.9,4.7,14.5,26.1,,1.3,1.5,2.8,.147,,-1.3,3.2,1.9
6,0,32,856,118,223,.529,78,122,.639,40,101,.396,51,63,.810,42,144,186,44,31,25,37,77,327
6,1,32,26.8,3.7,7.0,.529,2.4,3.8,.639,1.3,3.2,.396,1.6,2.0,.810,5.8,1.4,1.0,0.8,1.2,2.4,10.2
6,2,32,856,5.5,10.4,.529,3.6,5.7,.639,1.9,4.7,.396,2.4,2.9,.810,8.7,2.1,1.4,1.2,1.7,3.6,15.3
6,3,32,856,8.5,16.1,.529,5.6,8.8,.639,2.9,7.3,.396,3.7,4.6,.810,13.4,3.2,2.2,1.8,2.7,5.6,23.6,,126.9,97.7
6,4,32,856,21.5,.646,.619,.453,.283,302,6.3,19.9,13.4,10.6,2.2,3.5,12.8,18.1,,2.4,1.6,4.1,.190,,3.8,2.6,6.3
7,0,30,955,84,213,.394,42,116,.362,42,97,.433,85,94,.904,10,62,72,123,44,0,56,77,295
7,1,30,31.8,2.8,7.1,.394,1.4,3.9,.362,1.4,3.2,.433,2.8,3.1,.904,2.4,4.1,1.5,0.0,1.9,2.6,9.8
7,2,30,955,3.5,8.9,.394,1.8,4.9,.362,1.8,4.1,.433,3.6,3.9,.904,3.0,5.2,1.8,0.0,2.3,3.2,12.4
7,3,30,955,5.4,13.8,.394,2.7,7.5,.362,2.7,6.3,.433,5.5,6.1,.904,4.7,8.0,2.9,0.0,3.6,5.0,19.1,,117.4,103.6
7,4,30,955,15.4,.572,.493,.455,.441,323,1.3,7.7,4.7,24.0,2.9,0.0,17.9,17.5,,2.0,1.3,3.4,.141,,2.0,-0.2,1.8
8,0,33,1044,135,337,.401,77,180,.428,58,157,.369,104,139,.748,24,98,122,112,28,9,81,68,432
8,1,33,31.6,4.1,10.2,.401,2.3,5.5,.428,1.8,4.8,.369,3.2,4.2,.748,3.7,3.4,0.8,0.3,2.5,2.1,13.1
8,2,33,1044,5.2,12.9,.401,3.0,6.9,.428,2.2,6.0,.369,4.0,5.3,.748,4.7,4.3,1.1,0.3,3.1,2.6,16.6
8,3,33,1044,8.0,20.0,.401,4.6,10.7,.428,3.4,9.3,.369,6.2,8.2,.748,7.2,6.6,1.7,0.5,4.8,4.0,25.6,,107.6,104.3
8,4,33,1044,16.2,.536,.487,.466,.412,437,3.0,11.1,7.2,21.7,1.7,1.0,16.7,24.7,,1.8,1.4,3.2,.123,,1.3,-0.5,0.9
9,0,32,385,32,63,.508,32,63,.508,0,0,,8,16,.500,32,22,54,9,5,4,18,65,72
9,1,32,12.0,1.0,2.0,.508,1.0,2.0,.508,0.0,0.0,,0.3,0.5,.500,1.7,0.3,0.2,0.1,0.6,2.0,2.3
9,2,32,385,3.3,6.5,.508,3.3,6.5,.508,0.0,0.0,,0.8,1.7,.500,5.6,0.9,0.5,0.4,1.9,6.8,7.5
9,3,32,385,5.1,10.1,.508,5.1,10.1,.508,0.0,0.0,,1.3,2.6,.500,8.7,1.4,0.8,0.6,2.9,10.4,11.6,,101.8,107.6
9,4,32,385,6.8,.510,.508,.000,.254,81,10.7,6.8,8.7,4.3,0.8,1.2,20.3,12.3,,0.2,0.4,0.6,.064,,-2.4,-0.3,-2.7
10,0,33,666,71,129,.550,56,98,.571,15,31,.484,37,47,.787,45,92,137,36,22,34,45,99,194
10,1,33,20.2,2.2,3.9,.550,1.7,3.0,.571,0.5,0.9,.484,1.1,1.4,.787,4.2,1.1,0.7,1.0,1.4,3.0,5.9
10,2,33,666,4.3,7.7,.550,3.4,5.9,.571,0.9,1.9,.484,2.2,2.8,.787,8.2,2.2,1.3,2.0,2.7,5.9,11.7
10,3,33,666,6.6,12.0,.550,5.2,9.1,.571,1.4,2.9,.484,3.4,4.4,.787,12.7,3.3,2.0,3.2,4.2,9.2,18.0,,114.3,98.3
10,4,33,666,16.7,.641,.609,.240,.364,199,8.7,16.4,12.7,10.4,2.0,6.0,22.9,15.7,,1.1,1.2,2.4,.143,,0.7,4.3,4.9
11,0,6,51,8,13,.615,8,13,.615,0,0,,2,3,.667,6,8,14,0,1,5,1,11,18
11,1,6,8.5,1.3,2.2,.615,1.3,2.2,.615,0.0,0.0,,0.3,0.5,.667,2.3,0.0,0.2,0.8,0.2,1.8,3.0
11,2,6,51,6.3,10.2,.615,6.3,10.2,.615,0.0,0.0,,1.6,2.4,.667,11.0,0.0,0.8,3.9,0.8,8.6,14.1
11,3,6,51,9.7,15.8,.615,9.7,15.8,.615,0.0,0.0,,2.4,3.6,.667,17.0,0.0,1.2,6.1,1.2,13.3,21.8,,132.6,96.2
11,4,6,51,22.5,.624,.615,.000,.231,17,15.2,18.6,17.0,0.0,1.2,11.6,6.5,16.1,,0.1,0.1,0.3,.200,,-1.3,1.2,-0.1
12,0,11,16,1,3,.333,1,1,1.000,0,2,.000,1,2,.500,1,0,1,0,0,0,3,2,3
12,1,11,1.5,0.1,0.3,.333,0.1,0.1,1.000,0.0,0.2,.000,0.1,0.2,.500,0.1,0.0,0.0,0.0,0.3,0.2,0.3
12,2,11,16,2.5,7.5,.333,2.5,2.5,1.000,0.0,5.0,.000,2.5,5.0,.500,2.5,0.0,0.0,0.0,7.5,5.0,7.5
12,3,11,16,3.9,11.6,.333,3.9,3.9,1.000,0.0,7.7,.000,3.9,7.7,.500,3.9,0.0,0.0,0.0,11.6,7.7,11.6,,51.4,113.3
12,4,11,16,-8.5,.380,.333,.667,.667,3,8.1,0.0,3.9,0.0,0.0,0.0,43.2,23.2,,-0.1,0.0,-0.1,-.164,,-11.8,-5.1,-16.9
