0,0,31,864,88,201,.438,85,168,.506,3,33,.091,31,48,.646,40,64,104,52,38,2,73,70,210
0,1,31,27.9,2.8,6.5,.438,2.7,5.4,.506,0.1,1.1,.091,1.0,1.5,.646,3.4,1.7,1.2,0.1,2.4,2.3,6.8
0,2,31,864,4.1,9.3,.438,3.9,7.8,.506,0.1,1.5,.091,1.4,2.2,.646,4.8,2.4,1.8,0.1,3.4,3.2,9.7
0,3,31,864,6.2,14.2,.438,6.0,11.9,.506,0.2,2.3,.091,2.2,3.4,.646,7.4,3.7,2.7,0.1,5.2,5.0,14.9,,85.6,108.4
0,4,31,864,9.2,.469,.445,.164,.239,220,5.6,9.7,7.5,12.8,2.7,0.3,24.6,18.1,,-0.2,0.5,0.2,.011,,-3.4,-0.6,-4.1
1,0,32,904,136,314,.433,75,157,.478,61,157,.389,74,92,.804,24,87,111,38,25,1,53,57,407
1,1,32,28.3,4.3,9.8,.433,2.3,4.9,.478,1.9,4.9,.389,2.3,2.9,.804,3.5,1.2,0.8,0.0,1.7,1.8,12.7
1,2,32,904,6.0,13.9,.433,3.3,6.9,.478,2.7,6.9,.389,3.3,4.1,.804,4.9,1.7,1.1,0.0,2.3,2.5,18.0
1,3,32,904,9.2,21.2,.433,5.1,10.6,.478,4.1,10.6,.389,5.0,6.2,.804,7.5,2.6,1.7,0.1,3.6,3.9,27.5,,110.5,109.7
1,4,32,904,17.9,.569,.530,.500,.293,358,3.2,12.6,7.7,10.0,1.7,0.1,12.9,23.9,,2.1,0.4,2.5,.111,,2.4,-3.6,-1.2
2,0,6,162,36,74,.486,36,73,.493,0,1,.000,10,17,.588,6,27,33,13,13,8,17,21,82
2,1,6,27.0,6.0,12.3,.486,6.0,12.2,.493,0.0,0.2,.000,1.7,2.8,.588,5.5,2.2,2.2,1.3,2.8,3.5,13.7
2,2,6,162,8.9,18.3,.486,8.9,18.0,.493,0.0,0.2,.000,2.5,4.2,.588,8.1,3.2,3.2,2.0,4.2,5.2,20.2
2,3,6,162,13.6,27.9,.486,13.6,27.5,.493,0.0,0.4,.000,3.8,6.4,.588,12.5,4.9,4.9,3.0,6.4,7.9,30.9,,92.7,96.0
2,4,6,162,22.8,.500,.486,.014,.230,75,4.5,21.8,12.8,23.0,4.9,5.9,17.2,32.2,,0.1,0.3,0.4,.094,,-1.8,4.1,2.3
3,0,30,266,13,42,.310,1,8,.125,12,34,.353,1,4,.250,4,26,30,11,7,2,17,30,39
3,1,30,8.9,0.4,1.4,.310,0.0,0.3,.125,0.4,1.1,.353,0.0,0.1,.250,1.0,0.4,0.2,0.1,0.6,1.0,1.3
3,2,30,266,2.0,6.3,.310,0.2,1.2,.125,1.8,5.1,.353,0.2,0.6,.250,4.5,1.7,1.1,0.3,2.6,4.5,5.9
3,3,30,266,3.0,9.7,.310,0.2,1.8,.125,2.8,7.8,.353,0.2,0.9,.250,6.9,2.5,1.6,0.5,3.9,6.9,9.0,,76.1,109.2
3,4,30,266,3.5,.444,.452,.810,.095,39,1.8,12.8,7.1,7.9,1.6,0.9,27.9,12.1,,-0.2,0.1,-0.1,-.011,,-4.7,-1.7,-6.4
4,0,32,973,95,237,.401,54,112,.482,41,125,.328,27,41,.659,34,82,116,49,31,12,37,71,258
4,1,32,30.4,3.0,7.4,.401,1.7,3.5,.482,1.3,3.9,.328,0.8,1.3,.659,3.6,1.5,1.0,0.4,1.2,2.2,8.1
4,2,32,973,3.9,9.7,.401,2.2,4.6,.482,1.7,5.1,.328,1.1,1.7,.659,4.8,2.0,1.3,0.5,1.5,2.9,10.6
4,3,32,973,6.0,14.9,.401,3.4,7.0,.482,2.6,7.9,.328,1.7,2.6,.659,7.3,3.1,1.9,0.8,2.3,4.5,16.2,,104.4,109.0
4,4,32,973,12.2,.503,.487,.527,.173,251,4.2,11.0,7.5,10.6,1.9,1.5,12.6,15.9,,1.1,0.5,1.6,.066,,0.2,-1.0,-0.8
5,0,32,1101,119,301,.395,64,163,.393,55,138,.399,76,88,.864,17,75,92,153,38,5,113,91,369
5,1,32,34.4,3.7,9.4,.395,2.0,5.1,.393,1.7,4.3,.399,2.4,2.8,.864,2.9,4.8,1.2,0.2,3.5,2.8,11.5
5,2,32,1101,4.3,10.9,.395,2.3,5.9,.393,2.0,5.0,.399,2.8,3.2,.864,3.3,5.6,1.4,0.2,4.1,3.3,13.4
5,3,32,1101,6.6,16.7,.395,3.6,9.1,.393,3.1,7.7,.399,4.2,4.9,.864,5.1,8.5,2.1,0.3,6.3,5.1,20.5,,99.2,109.8
5,4,32,1101,13.6,.538,.487,.458,.292,399,1.9,8.9,5.2,30.1,2.1,0.5,24.8,21.8,,1.3,0.4,1.7,.062,,0.3,-2.8,-2.5
6,0,25,462,39,121,.322,27,88,.307,12,33,.364,55,80,.688,23,35,58,31,20,1,40,43,145
6,1,25,18.5,1.6,4.8,.322,1.1,3.5,.307,0.5,1.3,.364,2.2,3.2,.688,2.3,1.2,0.8,0.0,1.6,1.7,5.8
6,2,25,462,3.4,10.5,.322,2.3,7.6,.307,1.0,2.9,.364,4.8,6.9,.688,5.0,2.7,1.7,0.1,3.5,3.7,12.6
6,3,25,462,5.2,16.0,.322,3.6,11.6,.307,1.6,4.4,.364,7.3,10.6,.688,7.7,4.1,2.6,0.1,5.3,5.7,19.2,,90.7,108.4
6,4,25,462,10.8,.456,.372,.273,.661,153,6.0,9.9,7.9,13.8,2.6,0.3,20.1,22.7,,0.1,0.2,0.4,.031,,-3.2,-2.1,-5.3
7,0,26,517,75,122,.615,75,122,.615,0,0,,24,48,.500,47,44,91,10,15,13,27,73,174
7,1,26,19.9,2.9,4.7,.615,2.9,4.7,.615,0.0,0.0,,0.9,1.8,.500,3.5,0.4,0.6,0.5,1.0,2.8,6.7
7,2,26,517,5.8,9.4,.615,5.8,9.4,.615,0.0,0.0,,1.9,3.7,.500,7.0,0.8,1.2,1.0,2.1,5.6,13.5
7,3,26,517,8.9,14.4,.615,8.9,14.4,.615,0.0,0.0,,2.8,5.7,.500,10.8,1.2,1.8,1.5,3.2,8.6,20.6,,111.8,108.3
7,4,26,517,16.9,.601,.615,.000,.393,161,10.9,11.1,11.0,4.5,1.8,3.0,15.7,17.5,,1.0,0.3,1.3,.099,,-0.2,-1.0,-1.2
8,0,32,714,89,214,.416,68,146,.466,21,68,.309,56,75,.747,51,119,170,29,35,31,54,83,255
8,1,32,22.3,2.8,6.7,.416,2.1,4.6,.466,0.7,2.1,.309,1.8,2.3,.747,5.3,0.9,1.1,1.0,1.7,2.6,8.0
8,2,32,714,5.0,12.0,.416,3.8,8.2,.466,1.2,3.8,.309,3.1,4.2,.747,9.5,1.6,2.0,1.7,3.0,4.6,14.3
8,3,32,714,7.6,18.3,.416,5.8,12.5,.466,1.8,5.8,.309,4.8,6.4,.747,14.6,2.5,3.0,2.7,4.6,7.1,21.8,,98.8,100.7
8,4,32,714,17.8,.511,.465,.318,.350,250,8.6,21.8,14.9,9.1,3.0,5.2,17.8,22.4,,0.8,0.9,1.7,.095,,-1.5,1.7,0.3
9,0,24,303,30,71,.423,29,67,.433,1,4,.250,12,22,.545,20,28,48,2,8,16,8,57,73
9,1,24,12.6,1.3,3.0,.423,1.2,2.8,.433,0.0,0.2,.250,0.5,0.9,.545,2.0,0.1,0.3,0.7,0.3,2.4,3.0
9,2,24,303,4.0,9.4,.423,3.8,8.8,.433,0.1,0.5,.250,1.6,2.9,.545,6.3,0.3,1.1,2.1,1.1,7.5,9.6
9,3,24,303,6.1,14.3,.423,5.9,13.5,.433,0.2,0.8,.250,2.4,4.4,.545,9.7,0.4,1.6,3.2,1.6,11.5,14.7,,97.7,106.6
9,4,24,303,10.4,.448,.430,.056,.310,70,7.9,12.1,9.9,1.4,1.6,6.3,8.9,15.5,,0.2,0.2,0.4,.055,,-4.6,-0.2,-4.8
10,0,24,133,12,26,.462,12,26,.462,0,0,,12,18,.667,15,13,28,1,3,4,6,27,36
10,1,24,5.5,0.5,1.1,.462,0.5,1.1,.462,0.0,0.0,,0.5,0.8,.667,1.2,0.0,0.1,0.2,0.3,1.1,1.5
10,2,24,133,3.6,7.8,.462,3.6,7.8,.462,0.0,0.0,,3.6,5.4,.667,8.4,0.3,0.9,1.2,1.8,8.1,10.8
10,3,24,133,5.5,12.0,.462,5.5,12.0,.462,0.0,0.0,,5.5,8.3,.667,12.9,0.5,1.4,1.8,2.8,12.4,16.5,,108.3,108.1
10,4,24,133,12.7,.521,.462,.000,.692,38,13.6,12.8,13.2,1.6,1.4,3.6,14.8,16.1,,0.2,0.1,0.3,.085,,-3.1,-2.4,-5.5
11,0,13,25,1,11,.091,1,3,.333,0,8,.000,1,2,.500,1,7,8,0,0,0,3,4,3
11,1,13,1.9,0.1,0.8,.091,0.1,0.2,.333,0.0,0.6,.000,0.1,0.2,.500,0.6,0.0,0.0,0.0,0.2,0.3,0.2
11,2,13,25,1.6,17.6,.091,1.6,4.8,.333,0.0,12.8,.000,1.6,3.2,.500,12.8,0.0,0.0,0.0,4.8,6.4,4.8
11,3,13,25,2.4,26.9,.091,2.4,7.3,.333,0.0,19.6,.000,2.4,4.9,.500,19.6,0.0,0.0,0.0,7.3,9.8,7.3,,27.9,104.1
11,4,13,25,-15.6,.126,.091,.727,.182,3,4.8,36.6,20.0,0.0,0.0,0.0,20.1,31.5,,-0.2,0.0,-0.2,-.297,,-22.1,-11.9,-34.0
