0,0,13,97,9,18,.500,9,18,.500,0,0,,9,18,.500,7,13,20,4,4,1,10,14,27
0,1,13,7.5,0.7,1.4,.500,0.7,1.4,.500,0.0,0.0,,0.7,1.4,.500,1.5,0.3,0.3,0.1,0.8,1.1,2.1
0,2,13,97,3.7,7.4,.500,3.7,7.4,.500,0.0,0.0,,3.7,7.4,.500,8.2,1.6,1.6,0.4,4.1,5.8,11.1
0,3,13,97,5.6,11.1,.500,5.6,11.1,.500,0.0,0.0,,5.6,11.1,.500,12.3,2.5,2.5,0.6,6.2,8.6,16.7,,88.5,97.4
0,4,13,97,10.7,.508,.500,.000,1.000,29,9.0,14.4,11.9,7.0,2.5,1.1,27.4,19.2,,0.0,0.2,0.2,.064,,-4.9,-0.9,-5.7
1,0,5,13,1,2,.500,1,1,1.000,0,1,.000,0,0,,0,1,1,2,1,0,2,1,2
1,1,5,2.6,0.2,0.4,.500,0.2,0.2,1.000,0.0,0.2,.000,0.0,0.0,,0.2,0.4,0.2,0.0,0.4,0.2,0.4
1,2,5,13,3.1,6.2,.500,3.1,3.1,1.000,0.0,3.1,.000,0.0,0.0,,3.1,6.2,3.1,0.0,6.2,3.1,6.2
1,3,5,13,4.6,9.2,.500,4.6,4.6,1.000,0.0,4.6,.000,0.0,0.0,,4.6,9.2,4.6,0.0,9.2,4.6,9.2,,69.6,96.5
1,4,5,13,6.7,.500,.500,.500,.000,3,0.0,8.3,4.4,25.4,4.6,0.0,50.0,15.7,,0.0,0.0,0.0,-.001,,-6.7,-1.1,-7.8
2,0,12,121,13,27,.481,12,26,.462,1,1,1.000,12,16,.750,8,23,31,7,4,0,8,18,39
2,1,12,10.1,1.1,2.3,.481,1.0,2.2,.462,0.1,0.1,1.000,1.0,1.3,.750,2.6,0.6,0.3,0.0,0.7,1.5,3.3
2,2,12,121,4.3,8.9,.481,4.0,8.6,.462,0.3,0.3,1.000,4.0,5.3,.750,10.2,2.3,1.3,0.0,2.6,6.0,12.9
2,3,12,121,6.4,13.4,.481,5.9,12.9,.462,0.5,0.5,1.000,5.9,7.9,.750,15.3,3.5,2.0,0.0,4.0,8.9,19.3,,110.9,96.1
2,4,12,121,16.3,.564,.500,.037,.593,41,8.2,20.4,14.8,10.1,2.0,0.0,18.8,17.9,,0.2,0.2,0.4,.149,,-1.7,-1.3,-3.0
3,0,30,458,48,105,.457,45,87,.517,3,18,.167,13,17,.765,13,43,56,33,17,2,29,52,112
3,1,30,15.3,1.6,3.5,.457,1.5,2.9,.517,0.1,0.6,.167,0.4,0.6,.765,1.9,1.1,0.6,0.1,1.0,1.7,3.7
3,2,30,458,4.2,9.2,.457,3.9,7.6,.517,0.3,1.6,.167,1.1,1.5,.765,4.9,2.9,1.5,0.2,2.5,4.5,9.8
3,3,30,458,6.3,13.7,.457,5.9,11.4,.517,0.4,2.4,.167,1.7,2.2,.765,7.3,4.3,2.2,0.3,3.8,6.8,14.6,,96.8,100.6
3,4,30,458,10.3,.495,.471,.171,.162,117,3.5,10.1,7.1,12.5,2.2,0.5,20.4,15.8,,0.3,0.6,0.9,.077,,-2.9,-1.1,-4.0
4,0,30,836,172,377,.456,133,264,.504,39,113,.345,63,79,.797,44,143,187,31,19,25,68,78,446
4,1,30,27.9,5.7,12.6,.456,4.4,8.8,.504,1.3,3.8,.345,2.1,2.6,.797,6.2,1.0,0.6,0.8,2.3,2.6,14.9
4,2,30,836,8.2,18.0,.456,6.4,12.6,.504,1.9,5.4,.345,3.0,3.8,.797,8.9,1.5,0.9,1.2,3.3,3.7,21.3
4,3,30,836,12.3,27.0,.456,9.5,18.9,.504,2.8,8.1,.345,4.5,5.7,.797,13.4,2.2,1.4,1.8,4.9,5.6,31.9,,105.7,97.1
4,4,30,836,21.5,.538,.508,.300,.210,400,6.6,18.4,12.9,7.8,1.4,3.2,14.1,29.4,,1.9,1.4,3.2,.155,,-0.8,-2.1,-2.9
5,0,28,888,108,231,.468,90,190,.474,18,41,.439,77,97,.794,14,87,101,141,39,12,79,64,311
5,1,28,31.7,3.9,8.3,.468,3.2,6.8,.474,0.6,1.5,.439,2.8,3.5,.794,3.6,5.0,1.4,0.4,2.8,2.3,11.1
5,2,28,888,4.9,10.4,.468,4.1,8.6,.474,0.8,1.8,.439,3.5,4.4,.794,4.5,6.4,1.8,0.5,3.6,2.9,14.0
5,3,28,888,7.3,15.6,.468,6.1,12.8,.474,1.2,2.8,.439,5.2,6.5,.794,6.8,9.5,2.6,0.8,5.3,4.3,21.0,,109.2,99.2
5,4,28,888,18.6,.561,.506,.177,.420,348,2.0,10.5,6.6,28.3,2.6,1.5,22.2,20.4,,1.9,1.3,3.2,.144,,0.4,-0.5,0.0
6,0,28,199,11,44,.250,6,17,.353,5,27,.185,3,4,.750,7,22,29,12,5,0,6,24,30
6,1,28,7.1,0.4,1.6,.250,0.2,0.6,.353,0.2,1.0,.185,0.1,0.1,.750,1.0,0.4,0.2,0.0,0.2,0.9,1.1
6,2,28,199,2.2,8.8,.250,1.2,3.4,.353,1.0,5.4,.185,0.6,0.8,.750,5.8,2.4,1.0,0.0,1.2,4.8,6.0
6,3,28,199,3.3,13.2,.250,1.8,5.1,.353,1.5,8.1,.185,0.9,1.2,.750,8.7,3.6,1.5,0.0,1.8,7.2,9.0,,85.6,101.5
6,4,28,199,4.8,.327,.307,.614,.091,36,4.4,11.9,8.4,9.6,1.5,0.0,11.6,13.3,,0.0,0.2,0.2,.041,,-3.9,-2.3,-6.2
7,0,4,33,4,8,.500,4,7,.571,0,1,.000,7,8,.875,1,5,6,1,2,0,1,3,15
7,1,4,8.3,1.0,2.0,.500,1.0,1.8,.571,0.0,0.3,.000,1.8,2.0,.875,1.5,0.3,0.5,0.0,0.3,0.8,3.8
7,2,4,33,4.8,9.7,.500,4.8,8.5,.571,0.0,1.2,.000,8.5,9.7,.875,7.3,1.2,2.4,0.0,1.2,3.6,18.2
7,3,4,33,7.3,14.5,.500,7.3,12.7,.571,0.0,1.8,.000,12.7,14.5,.875,10.9,1.8,3.6,0.0,1.8,5.4,27.2,,137.1,94.7
7,4,4,33,25.1,.636,.500,.125,1.000,14,3.8,16.3,10.5,5.4,3.6,0.0,7.8,19.7,,0.1,0.1,0.2,.248,,1.4,-2.0,-0.6
8,0,15,122,16,31,.516,16,31,.516,0,0,,5,10,.500,16,15,31,3,4,5,8,13,37
8,1,15,8.1,1.1,2.1,.516,1.1,2.1,.516,0.0,0.0,,0.3,0.7,.500,2.1,0.2,0.3,0.3,0.5,0.9,2.5
8,2,15,122,5.2,10.2,.516,5.2,10.2,.516,0.0,0.0,,1.6,3.3,.500,10.2,1.0,1.3,1.6,2.6,4.3,12.1
8,3,15,122,7.9,15.2,.516,7.9,15.2,.516,0.0,0.0,,2.5,4.9,.500,15.2,1.5,2.0,2.5,3.9,6.4,18.2,,104.1,97.6
8,4,15,122,17.2,.517,.516,.000,.323,40,16.4,13.2,14.7,4.5,2.0,4.4,18.3,18.2,,0.2,0.2,0.4,.120,,-2.0,-0.3,-2.2
9,0,31,914,137,210,.652,137,210,.652,0,0,,36,69,.522,87,146,233,30,20,36,49,76,310
9,1,31,29.5,4.4,6.8,.652,4.4,6.8,.652,0.0,0.0,,1.2,2.2,.522,7.5,1.0,0.6,1.2,1.6,2.5,10.0
9,2,31,914,6.0,9.2,.652,6.0,9.2,.652,0.0,0.0,,1.6,3.0,.522,10.2,1.3,0.9,1.6,2.1,3.3,13.6
9,3,31,914,9.0,13.8,.652,9.0,13.8,.652,0.0,0.0,,2.4,4.5,.522,15.3,2.0,1.3,2.4,3.2,5.0,20.3,,120.0,97.4
9,4,31,914,21.0,.638,.652,.000,.329,304,11.9,17.2,14.7,6.2,1.3,4.3,16.8,16.2,,2.3,1.5,3.8,.166,,1.4,1.0,2.4
10,0,28,272,33,80,.413,14,23,.609,19,57,.333,9,10,.900,1,18,19,15,6,3,11,21,94
10,1,28,9.7,1.2,2.9,.413,0.5,0.8,.609,0.7,2.0,.333,0.3,0.4,.900,0.7,0.5,0.2,0.1,0.4,0.8,3.4
10,2,28,272,4.9,11.8,.413,2.1,3.4,.609,2.8,8.4,.333,1.3,1.5,.900,2.8,2.2,0.9,0.4,1.6,3.1,13.8
10,3,28,272,7.3,17.6,.413,3.1,5.1,.609,4.2,12.5,.333,2.0,2.2,.900,4.2,3.3,1.3,0.7,2.4,4.6,20.7,,113.9,103.9
10,4,28,272,13.5,.555,.531,.713,.125,84,0.5,7.1,4.0,9.8,1.3,1.2,11.5,17.9,,0.5,0.3,0.8,.120,,0.4,-3.8,-3.4
11,0,20,533,32,82,.390,12,28,.429,20,54,.370,4,9,.444,10,53,63,39,9,1,31,27,88
11,1,20,26.7,1.6,4.1,.390,0.6,1.4,.429,1.0,2.7,.370,0.2,0.5,.444,3.2,2.0,0.5,0.1,1.6,1.4,4.4
11,2,20,533,2.4,6.2,.390,0.9,2.1,.429,1.5,4.1,.370,0.3,0.7,.444,4.7,2.9,0.7,0.1,2.3,2.0,6.6
11,3,20,533,3.6,9.2,.390,1.3,3.1,.429,2.2,6.1,.370,0.4,1.0,.444,7.1,4.4,1.0,0.1,3.5,3.0,9.9,,94.4,103.5
11,4,20,533,7.3,.510,.512,.659,.110,98,2.3,10.7,6.8,11.8,1.0,0.2,26.4,11.2,,0.2,0.6,0.7,.054,,-1.8,-1.4,-3.2
12,0,31,802,85,155,.548,85,154,.552,0,1,.000,49,101,.485,80,116,196,26,16,33,54,76,219
12,1,31,25.9,2.7,5.0,.548,2.7,5.0,.552,0.0,0.0,.000,1.6,3.3,.485,6.3,0.8,0.5,1.1,1.7,2.5,7.1
12,2,31,802,4.2,7.7,.548,4.2,7.7,.552,0.0,0.0,.000,2.4,5.0,.485,9.8,1.3,0.8,1.6,2.7,3.8,10.9
12,3,31,802,6.3,11.6,.548,6.3,11.5,.552,0.0,0.1,.000,3.7,7.5,.485,14.6,1.9,1.2,2.5,4.0,5.7,16.4,,103.0,98.3
12,4,31,802,15.3,.539,.548,.006,.652,236,12.4,15.5,14.1,5.6,1.2,4.5,21.0,16.3,,0.9,1.2,2.2,.109,,-1.6,0.9,-0.7
13,0,31,962,184,383,.480,139,257,.541,45,126,.357,105,144,.729,42,74,116,63,57,2,67,71,518
13,1,31,31.0,5.9,12.4,.480,4.5,8.3,.541,1.5,4.1,.357,3.4,4.6,.729,3.7,2.0,1.8,0.1,2.2,2.3,16.7
13,2,31,962,7.7,15.9,.480,5.8,10.7,.541,1.9,5.2,.357,4.4,6.0,.729,4.8,2.6,2.4,0.1,2.8,3.0,21.5
13,3,31,962,11.5,23.8,.480,8.7,16.0,.541,2.8,7.8,.357,6.5,9.0,.729,7.2,3.9,3.5,0.1,4.2,4.4,32.2,,115.6,98.8
13,4,31,962,24.2,.574,.539,.329,.376,480,5.4,8.3,7.0,13.3,3.5,0.2,12.9,27.4,,3.2,1.4,4.7,.195,,3.8,-1.8,2.1
