0,0,11,51,0,9,.000,0,9,.000,0,0,,2,6,.333,6,4,10,1,1,1,5,14,2
0,1,11,4.6,0.0,0.8,.000,0.0,0.8,.000,0.0,0.0,,0.2,0.5,.333,0.9,0.1,0.1,0.1,0.5,1.3,0.2
0,2,11,51,0.0,7.1,.000,0.0,7.1,.000,0.0,0.0,,1.6,4.7,.333,7.8,0.8,0.8,0.8,3.9,11.0,1.6
0,3,11,51,0.0,10.8,.000,0.0,10.8,.000,0.0,0.0,,2.4,7.2,.333,12.0,1.2,1.2,1.2,6.0,16.8,2.4,,37.8,99.2
0,4,11,51,-8.9,.084,.000,.000,.667,5,13.4,8.8,11.1,3.2,1.2,2.5,29.7,16.8,,-0.2,0.1,-0.1,-.111,,-12.7,-0.5,-13.2
1,0,32,688,133,314,.424,72,147,.490,61,167,.365,85,113,.752,14,50,64,47,33,2,48,36,412
1,1,32,21.5,4.2,9.8,.424,2.3,4.6,.490,1.9,5.2,.365,2.7,3.5,.752,2.0,1.5,1.0,0.1,1.5,1.1,12.9
1,2,32,688,7.7,18.3,.424,4.2,8.5,.490,3.5,9.7,.365,4.9,6.6,.752,3.7,2.7,1.9,0.1,2.8,2.1,24.0
1,3,32,688,11.9,28.0,.424,6.4,13.1,.490,5.4,14.9,.365,7.6,10.1,.752,5.7,4.2,2.9,0.2,4.3,3.2,36.7,,115.9,97.8
1,4,32,688,24.2,.560,.521,.532,.360,366,2.3,8.1,5.2,16.3,2.9,0.4,11.5,30.7,,2.4,1.2,3.6,.210,,4.6,-3.0,1.6
2,0,32,687,57,105,.543,57,105,.543,0,0,,34,66,.515,81,116,197,6,8,23,28,69,148
2,1,32,21.5,1.8,3.3,.543,1.8,3.3,.543,0.0,0.0,,1.1,2.1,.515,6.2,0.2,0.3,0.7,0.9,2.2,4.6
2,2,32,687,3.3,6.1,.543,3.3,6.1,.543,0.0,0.0,,2.0,3.8,.515,11.5,0.3,0.5,1.3,1.6,4.0,8.6
2,3,32,687,5.1,9.4,.543,5.1,9.4,.543,0.0,0.0,,3.0,5.9,.515,17.6,0.5,0.7,2.1,2.5,6.2,13.2,,112.5,95.9
2,4,32,687,14.5,.543,.543,.000,.629,164,13.4,18.9,16.2,1.6,0.7,4.2,17.0,12.1,,1.0,1.3,2.3,.132,,-2.1,0.2,-2.0
3,0,33,905,113,229,.493,84,163,.515,29,66,.439,61,95,.642,67,178,245,24,26,33,65,87,316
3,1,33,27.4,3.4,6.9,.493,2.5,4.9,.515,0.9,2.0,.439,1.8,2.9,.642,7.4,0.7,0.8,1.0,2.0,2.6,9.6
3,2,33,905,5.0,10.1,.493,3.7,7.2,.515,1.3,2.9,.439,2.7,4.2,.642,10.8,1.1,1.1,1.5,2.9,3.8,14.0
3,3,33,905,7.7,15.5,.493,5.7,11.0,.515,2.0,4.5,.439,4.1,6.4,.642,16.6,1.6,1.8,2.2,4.4,5.9,21.4,,107.9,92.0
3,4,33,905,18.4,.576,.557,.288,.415,300,8.4,22.0,15.3,5.4,1.8,4.6,19.2,19.0,,1.5,2.0,3.5,.156,,-0.7,1.7,0.9
4,0,33,527,31,78,.397,20,46,.435,11,32,.344,16,31,.516,42,80,122,30,19,8,33,61,89
4,1,33,16.0,0.9,2.4,.397,0.6,1.4,.435,0.3,1.0,.344,0.5,0.9,.516,3.7,0.9,0.6,0.2,1.0,1.8,2.7
4,2,33,527,2.4,5.9,.397,1.5,3.5,.435,0.8,2.4,.344,1.2,2.4,.516,9.3,2.3,1.4,0.6,2.5,4.6,6.8
4,3,33,527,3.6,9.1,.397,2.3,5.4,.435,1.3,3.7,.344,1.9,3.6,.516,14.2,3.5,2.2,0.9,3.8,7.1,10.4,,96.8,94.4
4,4,33,527,10.7,.480,.468,.410,.397,111,9.1,17.0,13.1,10.3,2.2,1.9,26.2,12.1,,0.2,1.1,1.3,.098,,-1.8,1.8,0.0
5,0,26,358,54,102,.529,54,102,.529,0,0,,31,53,.585,62,87,149,8,13,25,17,50,139
5,1,26,13.8,2.1,3.9,.529,2.1,3.9,.529,0.0,0.0,,1.2,2.0,.585,5.7,0.3,0.5,1.0,0.7,1.9,5.3
5,2,26,358,6.0,11.4,.529,6.0,11.4,.529,0.0,0.0,,3.5,5.9,.585,16.6,0.9,1.5,2.8,1.9,5.6,15.5
5,3,26,358,9.2,17.5,.529,9.2,17.5,.529,0.0,0.0,,5.3,9.1,.585,25.5,1.4,2.2,4.3,2.9,8.6,23.8,,119.6,86.2
5,4,26,358,27.5,.546,.529,.000,.520,147,19.7,27.2,23.5,4.8,2.2,8.8,11.8,20.4,,1.1,1.0,2.1,.234,,-0.1,3.1,2.9
6,0,33,1030,150,347,.432,124,263,.471,26,84,.310,107,123,.870,19,82,101,107,47,3,87,74,433
6,1,33,31.2,4.5,10.5,.432,3.8,8.0,.471,0.8,2.5,.310,3.2,3.7,.870,3.1,3.2,1.4,0.1,2.6,2.2,13.1
6,2,33,1030,5.8,13.5,.432,4.8,10.2,.471,1.0,3.3,.310,4.2,4.8,.870,3.9,4.2,1.8,0.1,3.4,2.9,16.8
6,3,33,1030,8.9,20.7,.432,7.4,15.7,.471,1.5,5.0,.310,6.4,7.3,.870,6.0,6.4,2.8,0.2,5.2,4.4,25.8,,107.5,97.7
6,4,33,1030,17.8,.534,.470,.242,.354,431,2.1,8.9,5.5,22.3,2.8,0.4,17.7,24.3,,2.1,1.8,3.9,.150,,0.5,-0.9,-0.4
7,0,6,32,0,3,.000,0,2,.000,0,1,.000,0,0,,2,6,8,7,4,0,2,3,0
7,1,6,5.3,0.0,0.5,.000,0.0,0.3,.000,0.0,0.2,.000,0.0,0.0,,1.3,1.2,0.7,0.0,0.3,0.5,0.0
7,2,6,32,0.0,3.8,.000,0.0,2.5,.000,0.0,1.3,.000,0.0,0.0,,10.0,8.8,5.0,0.0,2.5,3.8,0.0
7,3,6,32,0.0,5.7,.000,0.0,3.8,.000,0.0,1.9,.000,0.0,0.0,,15.3,13.4,7.7,0.0,3.8,5.7,0.0,,79.2,81.3
7,4,6,32,13.7,.000,.000,.333,.000,5,7.1,21.0,14.1,35.7,7.7,0.0,40.0,7.9,,0.0,0.1,0.1,.107,,-3.7,6.0,2.3
8,0,8,91,11,21,.524,11,21,.524,0,0,,10,17,.588,13,13,26,2,3,0,7,6,32
8,1,8,11.4,1.4,2.6,.524,1.4,2.6,.524,0.0,0.0,,1.3,2.1,.588,3.3,0.3,0.4,0.0,0.9,0.8,4.0
8,2,8,91,4.8,9.2,.524,4.8,9.2,.524,0.0,0.0,,4.4,7.5,.588,11.4,0.9,1.3,0.0,3.1,2.6,14.1
8,3,8,91,7.4,14.1,.524,7.4,14.1,.524,0.0,0.0,,6.7,11.5,.588,17.5,1.3,2.0,0.0,4.7,4.0,21.6,,108.2,96.6
8,4,8,91,19.1,.550,.524,.000,.810,34,16.2,16.0,16.1,4.5,2.0,0.0,19.4,20.1,,0.2,0.2,0.3,.147,,-1.5,-2.3,-3.7
9,0,33,279,25,71,.352,15,29,.517,10,42,.238,6,15,.400,27,46,73,14,18,6,16,32,66
9,1,33,8.5,0.8,2.2,.352,0.5,0.9,.517,0.3,1.3,.238,0.2,0.5,.400,2.2,0.4,0.5,0.2,0.5,1.0,2.0
9,2,33,279,3.6,10.2,.352,2.2,4.2,.517,1.4,6.0,.238,0.9,2.2,.400,10.5,2.0,2.6,0.9,2.3,4.6,9.5
9,3,33,279,5.5,15.6,.352,3.3,6.4,.517,2.2,9.2,.238,1.3,3.3,.400,16.0,3.1,4.0,1.3,3.5,7.0,14.5,,95.6,89.4
9,4,33,279,14.2,.422,.423,.592,.211,75,11.0,18.5,14.8,9.6,4.0,2.7,17.0,17.1,,0.1,0.7,0.8,.119,,-1.1,2.3,1.2
10,0,8,30,9,20,.450,4,5,.800,5,15,.333,4,6,.667,0,5,5,1,1,0,4,5,27
10,1,8,3.8,1.1,2.5,.450,0.5,0.6,.800,0.6,1.9,.333,0.5,0.8,.667,0.6,0.1,0.1,0.0,0.5,0.6,3.4
10,2,8,30,12.0,26.7,.450,5.3,6.7,.800,6.7,20.0,.333,5.3,8.0,.667,6.7,1.3,1.3,0.0,5.3,6.7,36.0
10,3,8,30,18.4,40.9,.450,8.2,10.2,.800,10.2,30.7,.333,8.2,12.3,.667,10.2,2.0,2.0,0.0,8.2,10.2,55.2,,104.8,94.8
10,4,8,30,28.4,.591,.575,.750,.300,20,0.0,18.7,9.4,10.7,2.0,0.0,14.9,45.4,,0.1,0.1,0.1,.193,,4.9,-7.3,-2.4
11,0,33,1034,103,225,.458,86,176,.489,17,49,.347,114,161,.708,12,79,91,107,37,3,41,59,337
11,1,33,31.3,3.1,6.8,.458,2.6,5.3,.489,0.5,1.5,.347,3.5,4.9,.708,2.8,3.2,1.1,0.1,1.2,1.8,10.2
11,2,33,1034,4.0,8.7,.458,3.3,6.8,.489,0.7,1.9,.347,4.4,6.2,.708,3.5,4.1,1.4,0.1,1.6,2.3,13.0
11,3,33,1034,6.1,13.3,.458,5.1,10.4,.489,1.0,2.9,.347,6.8,9.5,.708,5.4,6.3,2.2,0.2,2.4,3.5,20.0,,122.5,99.3
11,4,33,1034,17.3,.559,.496,.218,.716,348,1.3,8.6,5.0,20.2,2.2,0.4,12.0,16.8,,2.8,1.6,4.4,.169,,1.5,-0.9,0.6
12,0,33,886,122,317,.385,60,152,.395,62,165,.376,59,83,.711,31,86,117,22,22,6,38,49,365
12,1,33,26.8,3.7,9.6,.385,1.8,4.6,.395,1.9,5.0,.376,1.8,2.5,.711,3.5,0.7,0.7,0.2,1.2,1.5,11.1
12,2,33,886,5.5,14.3,.385,2.7,6.9,.395,2.8,7.4,.376,2.7,3.7,.711,5.3,1.0,1.0,0.3,1.7,2.2,16.5
12,3,33,886,8.4,21.9,.385,4.2,10.5,.395,4.3,11.4,.376,4.1,5.7,.711,8.1,1.5,1.5,0.4,2.6,3.4,25.3,,110.1,99.6
12,4,33,886,15.5,.512,.483,.521,.262,323,4.0,10.9,7.4,5.2,1.5,0.9,9.6,22.6,,1.8,1.3,3.1,.141,,0.2,-2.7,-2.5
