0,0,24,573,71,210,.338,45,125,.360,26,85,.306,56,76,.737,16,42,58,33,11,6,52,44,224
0,1,24,23.9,3.0,8.8,.338,1.9,5.2,.360,1.1,3.5,.306,2.3,3.2,.737,2.4,1.4,0.5,0.3,2.2,1.8,9.3
0,2,24,573,5.0,14.7,.338,3.1,8.7,.360,1.8,5.9,.306,3.9,5.3,.737,4.0,2.3,0.8,0.4,3.6,3.1,15.6
0,3,24,573,8.0,23.6,.338,5.1,14.0,.360,2.9,9.5,.306,6.3,8.5,.737,6.5,3.7,1.2,0.7,5.8,4.9,25.2,,90.6,103.9
0,4,24,573,9.9,.455,.400,.405,.362,214,3.2,8.4,5.8,13.7,1.2,1.1,17.4,28.1,,-0.1,0.8,0.7,.047,,-3.6,-1.4,-5.0
1,0,32,921,102,203,.502,102,203,.502,0,0,,83,131,.634,75,164,239,34,20,45,57,106,287
1,1,32,28.8,3.2,6.3,.502,3.2,6.3,.502,0.0,0.0,,2.6,4.1,.634,7.5,1.1,0.6,1.4,1.8,3.3,9.0
1,2,32,921,4.4,8.8,.502,4.4,8.8,.502,0.0,0.0,,3.6,5.7,.634,10.4,1.5,0.9,2.0,2.5,4.6,12.5
1,3,32,921,7.1,14.2,.502,7.1,14.2,.502,0.0,0.0,,5.8,9.2,.634,16.7,2.4,1.4,3.1,4.0,7.4,20.1,,106.4,95.7
1,4,32,921,17.8,.541,.502,.000,.645,291,9.5,20.4,15.0,8.5,1.4,5.2,17.7,18.9,,1.2,2.0,3.1,.137,,-2.0,4.1,2.1
2,0,2,2,0,1,.000,0,1,.000,0,0,,0,0,,0,0,0,0,0,0,0,0,0
2,1,2,1.0,0.0,0.5,.000,0.0,0.5,.000,0.0,0.0,,0.0,0.0,,0.0,0.0,0.0,0.0,0.0,0.0,0.0
2,2,2,2,0.0,20.0,.000,0.0,20.0,.000,0.0,0.0,,0.0,0.0,,0.0,0.0,0.0,0.0,0.0,0.0,0.0
2,3,2,2,0.0,32.2,.000,0.0,32.2,.000,0.0,0.0,,0.0,0.0,,0.0,0.0,0.0,0.0,0.0,0.0,0.0,,0.0,111.5
2,4,2,2,-23.6,.000,.000,.000,.000,0,0.0,0.0,0.0,0.0,0.0,0.0,0.0,27.0,,0.0,0.0,0.0,-.325,,-24.3,-6.6,-30.9
3,0,11,15,1,4,.250,0,1,.000,1,3,.333,2,2,1.000,0,0,0,0,0,0,0,0,5
3,1,11,1.4,0.1,0.4,.250,0.0,0.1,.000,0.1,0.3,.333,0.2,0.2,1.000,0.0,0.0,0.0,0.0,0.0,0.0,0.5
3,2,11,15,2.7,10.7,.250,0.0,2.7,.000,2.7,8.0,.333,5.3,5.3,1.000,0.0,0.0,0.0,0.0,0.0,0.0,13.3
3,3,11,15,4.3,17.2,.250,0.0,4.3,.000,4.3,12.9,.333,8.6,8.6,1.000,0.0,0.0,0.0,0.0,0.0,0.0,21.5,,125.2,111.5
3,4,11,15,10.3,.505,.375,.750,.500,4,0.0,0.0,0.0,0.0,0.0,0.0,0.0,17.8,,0.0,0.0,0.0,.118,,-0.9,-5.4,-6.3
4,0,24,163,11,41,.268,5,16,.313,6,25,.240,11,19,.579,6,8,14,7,6,1,8,16,39
4,1,24,6.8,0.5,1.7,.268,0.2,0.7,.313,0.3,1.0,.240,0.5,0.8,.579,0.6,0.3,0.3,0.0,0.3,0.7,1.6
4,2,24,163,2.7,10.1,.268,1.2,3.9,.313,1.5,6.1,.240,2.7,4.7,.579,3.4,1.7,1.5,0.2,2.0,3.9,9.6
4,3,24,163,4.3,16.2,.268,2.0,6.3,.313,2.4,9.9,.240,4.3,7.5,.579,5.5,2.8,2.4,0.4,3.2,6.3,15.4,,86.9,102.8
4,4,24,163,6.3,.390,.341,.610,.463,40,4.3,5.6,5.0,9.0,2.4,0.7,13.8,19.2,,-0.1,0.2,0.2,.041,,-3.8,-0.6,-4.4
5,0,27,559,58,159,.365,39,95,.411,19,64,.297,50,75,.667,11,43,54,53,18,7,46,61,185
5,1,27,20.7,2.1,5.9,.365,1.4,3.5,.411,0.7,2.4,.297,1.9,2.8,.667,2.0,2.0,0.7,0.3,1.7,2.3,6.9
5,2,27,559,4.2,11.4,.365,2.8,6.8,.411,1.4,4.6,.297,3.6,5.4,.667,3.9,3.8,1.3,0.5,3.3,4.4,13.2
5,3,27,559,6.7,18.3,.365,4.5,10.9,.411,2.2,7.4,.297,5.8,8.6,.667,6.2,6.1,2.1,0.8,5.3,7.0,21.3,,95.4,101.6
5,4,27,559,11.3,.475,.425,.403,.472,190,2.3,8.8,5.6,21.5,2.1,1.3,19.1,23.2,,0.2,0.9,1.1,.077,,-2.1,0.1,-2.0
6,0,2,2,0,0,,0,0,,0,0,,0,0,,0,0,0,1,0,0,0,0,0
6,1,2,1.0,0.0,0.0,,0.0,0.0,,0.0,0.0,,0.0,0.0,,0.0,0.5,0.0,0.0,0.0,0.0,0.0
6,2,2,2,0.0,0.0,,0.0,0.0,,0.0,0.0,,0.0,0.0,,0.0,20.0,0.0,0.0,0.0,0.0,0.0
6,3,2,2,0.0,0.0,,0.0,0.0,,0.0,0.0,,0.0,0.0,,0.0,32.2,0.0,0.0,0.0,0.0,0.0,,229.5,111.5
6,4,2,2,21.6,,,,,0,0.0,0.0,0.0,91.7,0.0,0.0,,0.0,,0.0,0.0,0.0,.206,,-9.6,-23.8,-33.4
7,0,5,6,1,2,.500,0,0,,1,2,.500,0,0,,0,4,4,0,0,0,0,0,3
7,1,5,1.2,0.2,0.4,.500,0.0,0.0,,0.2,0.4,.500,0.0,0.0,,0.8,0.0,0.0,0.0,0.0,0.0,0.6
7,2,5,6,6.7,13.3,.500,0.0,0.0,,6.7,13.3,.500,0.0,0.0,,26.7,0.0,0.0,0.0,0.0,0.0,20.0
7,3,5,6,10.7,21.5,.500,0.0,0.0,,10.7,21.5,.500,0.0,0.0,,42.9,0.0,0.0,0.0,0.0,0.0,32.2,,157.0,78.6
7,4,5,6,34.7,.750,.750,1.000,.000,2,0.0,76.4,38.5,0.0,0.0,0.0,0.0,18.0,,0.0,0.0,0.0,.322,,-1.5,-9.4,-10.8
8,0,32,1065,147,313,.470,104,197,.528,43,116,.371,57,73,.781,90,203,293,28,17,11,67,77,394
8,1,32,33.3,4.6,9.8,.470,3.3,6.2,.528,1.3,3.6,.371,1.8,2.3,.781,9.2,0.9,0.5,0.3,2.1,2.4,12.3
8,2,32,1065,5.5,11.8,.470,3.9,7.4,.528,1.6,4.4,.371,2.1,2.7,.781,11.0,1.1,0.6,0.4,2.5,2.9,14.8
8,3,32,1065,8.9,18.9,.470,6.3,11.9,.528,2.6,7.0,.371,3.4,4.4,.781,17.7,1.7,1.0,0.7,4.0,4.7,23.8,,110.3,98.6
8,4,32,1065,18.5,.567,.538,.371,.233,373,9.8,21.9,15.9,6.5,1.0,1.1,16.2,21.0,,1.9,2.0,3.8,.144,,0.6,0.4,1.0
9,0,25,562,62,148,.419,11,29,.379,51,119,.429,20,23,.870,11,36,47,20,17,10,15,69,195
9,1,25,22.5,2.5,5.9,.419,0.4,1.2,.379,2.0,4.8,.429,0.8,0.9,.870,1.9,0.8,0.7,0.4,0.6,2.8,7.8
9,2,25,562,4.4,10.5,.419,0.8,2.1,.379,3.6,8.5,.429,1.4,1.6,.870,3.3,1.4,1.2,0.7,1.1,4.9,13.9
9,3,25,562,7.1,16.9,.419,1.3,3.3,.379,5.8,13.6,.429,2.3,2.6,.870,5.4,2.3,1.9,1.1,1.7,7.9,22.3,,128.1,102.0
9,4,25,562,15.5,.613,.591,.804,.155,169,2.3,7.3,4.8,8.2,1.9,1.9,8.6,16.7,,1.4,0.9,2.3,.164,,3.4,0.2,3.6
10,0,30,275,17,48,.354,14,28,.500,3,20,.150,13,19,.684,16,30,46,14,2,8,12,27,50
10,1,30,9.2,0.6,1.6,.354,0.5,0.9,.500,0.1,0.7,.150,0.4,0.6,.684,1.5,0.5,0.1,0.3,0.4,0.9,1.7
10,2,30,275,2.5,7.0,.354,2.0,4.1,.500,0.4,2.9,.150,1.9,2.8,.684,6.7,2.0,0.3,1.2,1.7,3.9,7.3
10,3,30,275,4.0,11.2,.354,3.3,6.6,.500,0.7,4.7,.150,3.0,4.4,.684,10.8,3.3,0.5,1.9,2.8,6.3,11.7,,96.8,102.5
10,4,30,275,8.8,.438,.385,.417,.396,57,6.8,12.5,9.7,10.5,0.5,3.1,17.4,13.5,,0.1,0.4,0.5,.072,,-3.7,1.3,-2.4
11,0,17,64,4,9,.444,3,8,.375,1,1,1.000,7,11,.636,4,7,11,0,1,2,8,8,16
11,1,17,3.8,0.2,0.5,.444,0.2,0.5,.375,0.1,0.1,1.000,0.4,0.6,.636,0.6,0.0,0.1,0.1,0.5,0.5,0.9
11,2,17,64,2.5,5.6,.444,1.9,5.0,.375,0.6,0.6,1.000,4.4,6.9,.636,6.9,0.0,0.6,1.3,5.0,5.0,10.0
11,3,17,64,4.0,9.0,.444,3.0,8.0,.375,1.0,1.0,1.000,7.0,11.1,.636,11.1,0.0,1.0,2.0,8.0,8.0,16.1,,80.0,101.0
11,4,17,64,6.3,.562,.500,.111,1.222,15,7.3,12.5,9.9,0.0,1.0,3.3,36.0,18.7,,-0.1,0.1,0.0,.021,,-9.0,-1.3,-10.4
12,0,9,14,1,1,1.000,1,1,1.000,0,0,,0,0,,1,3,4,1,0,0,1,5,2
12,1,9,1.6,0.1,0.1,1.000,0.1,0.1,1.000,0.0,0.0,,0.0,0.0,,0.4,0.1,0.0,0.0,0.1,0.6,0.2
12,2,9,14,2.9,2.9,1.000,2.9,2.9,1.000,0.0,0.0,,0.0,0.0,,11.4,2.9,0.0,0.0,2.9,14.3,5.7
12,3,9,14,4.6,4.6,1.000,4.6,4.6,1.000,0.0,0.0,,0.0,0.0,,18.4,4.6,0.0,0.0,4.6,23.0,9.2,,112.4,98.0
12,4,9,14,7.3,1.000,1.000,.000,.000,2,8.3,24.6,16.5,15.1,0.0,0.0,50.0,7.7,,0.0,0.0,0.0,.114,,-2.6,0.4,-2.1
13,0,32,1106,113,319,.354,58,158,.367,55,161,.342,39,70,.557,16,76,92,98,32,3,54,61,320
13,1,32,34.6,3.5,10.0,.354,1.8,4.9,.367,1.7,5.0,.342,1.2,2.2,.557,2.9,3.1,1.0,0.1,1.7,1.9,10.0
13,2,32,1106,4.1,11.5,.354,2.1,5.7,.367,2.0,5.8,.342,1.4,2.5,.557,3.3,3.5,1.2,0.1,2.0,2.2,11.6
13,3,32,1106,6.6,18.6,.354,3.4,9.2,.367,3.2,9.4,.342,2.3,4.1,.557,5.4,5.7,1.9,0.2,3.1,3.5,18.6,,99.6,103.5
13,4,32,1106,11.0,.454,.440,.505,.219,327,1.7,7.9,4.8,20.0,1.9,0.3,13.3,19.8,,0.7,1.5,2.3,.083,,-0.7,-0.1,-0.8
14,0,32,795,94,198,.475,91,181,.503,3,17,.176,34,65,.523,54,94,148,29,23,19,50,72,225
14,1,32,24.8,2.9,6.2,.475,2.8,5.7,.503,0.1,0.5,.176,1.1,2.0,.523,4.6,0.9,0.7,0.6,1.6,2.3,7.0
14,2,32,795,4.7,10.0,.475,4.6,9.1,.503,0.2,0.9,.176,1.7,3.3,.523,7.4,1.5,1.2,1.0,2.5,3.6,11.3
14,3,32,795,7.6,16.0,.475,7.4,14.7,.503,0.2,1.4,.176,2.8,5.3,.523,12.0,2.3,1.9,1.5,4.0,5.8,18.2,,96.4,99.4
14,4,32,795,13.2,.492,.482,.086,.328,224,7.9,13.6,10.8,8.5,1.9,2.5,17.9,18.9,,0.3,1.4,1.7,.086,,-3.1,2.4,-0.7
15,0,30,377,27,63,.429,27,63,.429,0,0,,17,29,.586,33,49,82,6,2,20,33,49,71
15,1,30,12.6,0.9,2.1,.429,0.9,2.1,.429,0.0,0.0,,0.6,1.0,.586,2.7,0.2,0.1,0.7,1.1,1.6,2.4
15,2,30,377,2.9,6.7,.429,2.9,6.7,.429,0.0,0.0,,1.8,3.1,.586,8.7,0.6,0.2,2.1,3.5,5.2,7.5
15,3,30,377,4.6,10.8,.429,4.6,10.8,.429,0.0,0.0,,2.9,5.0,.586,14.0,1.0,0.3,3.4,5.6,8.4,12.1,,80.5,99.9
15,4,30,377,7.4,.462,.429,.000,.460,78,10.2,14.9,12.6,3.4,0.3,5.6,30.1,15.7,,-0.3,0.7,0.3,.033,,-7.4,2.5,-5.0
