0,0,29,775,83,172,.483,83,172,.483,0,0,,59,116,.509,75,109,184,17,19,19,27,78,225
0,1,29,26.7,2.9,5.9,.483,2.9,5.9,.483,0.0,0.0,,2.0,4.0,.509,6.3,0.6,0.7,0.7,0.9,2.7,7.8
0,2,29,775,4.3,8.9,.483,4.3,8.9,.483,0.0,0.0,,3.0,6.0,.509,9.5,0.9,1.0,1.0,1.4,4.0,11.6
0,3,29,775,6.3,13.0,.483,6.3,13.0,.483,0.0,0.0,,4.5,8.8,.509,13.9,1.3,1.4,1.4,2.0,5.9,17.0,,107.6,99.1
0,4,29,775,15.3,.495,.483,.000,.674,236,10.6,14.9,12.8,4.5,1.4,2.4,10.6,16.5,,1.2,1.1,2.3,.119,,-1.7,0.8,-1.0
1,0,7,8,0,0,,0,0,,0,0,,1,2,.500,0,0,0,0,0,0,0,0,1
1,1,7,1.1,0.0,0.0,,0.0,0.0,,0.0,0.0,,0.1,0.3,.500,0.0,0.0,0.0,0.0,0.0,0.0,0.1
1,2,7,8,0.0,0.0,,0.0,0.0,,0.0,0.0,,5.0,10.0,.500,0.0,0.0,0.0,0.0,0.0,0.0,5.0
1,3,7,8,0.0,0.0,,0.0,0.0,,0.0,0.0,,7.3,14.6,.500,0.0,0.0,0.0,0.0,0.0,0.0,7.3,,122.1,111.9
1,4,7,8,4.2,.526,,,,1,0.0,0.0,0.0,0.0,0.0,0.0,0.0,6.0,,0.0,0.0,0.0,.045,,-3.9,-2.4,-6.3
2,0,7,9,1,1,1.000,1,1,1.000,0,0,,0,0,,1,2,3,0,0,0,1,1,2
2,1,7,1.3,0.1,0.1,1.000,0.1,0.1,1.000,0.0,0.0,,0.0,0.0,,0.4,0.0,0.0,0.0,0.1,0.1,0.3
2,2,7,9,4.4,4.4,1.000,4.4,4.4,1.000,0.0,0.0,,0.0,0.0,,13.3,0.0,0.0,0.0,4.4,4.4,8.9
2,3,7,9,6.5,6.5,1.000,6.5,6.5,1.000,0.0,0.0,,0.0,0.0,,19.5,0.0,0.0,0.0,6.5,6.5,13.0,,96.7,98.8
2,4,7,9,11.8,1.000,1.000,.000,.000,2,12.1,23.6,17.9,0.0,0.0,0.0,50.0,11.2,,0.0,0.0,0.0,.079,,-5.0,-5.1,-10.0
3,0,22,178,8,30,.267,8,25,.320,0,5,.000,8,13,.615,14,18,32,4,5,12,16,30,24
3,1,22,8.1,0.4,1.4,.267,0.4,1.1,.320,0.0,0.2,.000,0.4,0.6,.615,1.5,0.2,0.2,0.5,0.7,1.4,1.1
3,2,22,178,1.8,6.7,.267,1.8,5.6,.320,0.0,1.1,.000,1.8,2.9,.615,7.2,0.9,1.1,2.7,3.6,6.7,5.4
3,3,22,178,2.6,9.9,.267,2.6,8.2,.320,0.0,1.6,.000,2.6,4.3,.615,10.5,1.3,1.6,3.9,5.3,9.9,7.9,,65.5,98.6
3,4,22,178,3.7,.332,.267,.167,.433,31,8.6,10.7,9.7,4.1,1.6,6.7,30.7,14.7,,-0.3,0.3,0.0,-.010,,-8.1,3.5,-4.6
4,0,19,75,6,24,.250,5,17,.294,1,7,.143,7,10,.700,5,6,11,3,3,0,8,13,20
4,1,19,3.9,0.3,1.3,.250,0.3,0.9,.294,0.1,0.4,.143,0.4,0.5,.700,0.6,0.2,0.2,0.0,0.4,0.7,1.1
4,2,19,75,3.2,12.8,.250,2.7,9.1,.294,0.5,3.7,.143,3.7,5.3,.700,5.9,1.6,1.6,0.0,4.3,6.9,10.7
4,3,19,75,4.7,18.7,.250,3.9,13.3,.294,0.8,5.5,.143,5.5,7.8,.700,8.6,2.3,2.3,0.0,6.2,10.1,15.6,,70.4,101.3
4,4,19,75,2.3,.348,.271,.292,.417,22,7.3,8.5,7.9,7.7,2.3,0.0,21.8,24.7,,-0.2,0.1,-0.1,-.037,,-8.4,-2.0,-10.4
5,0,31,554,61,149,.409,26,50,.520,35,99,.354,28,43,.651,15,36,51,17,32,9,28,56,185
5,1,31,17.9,2.0,4.8,.409,0.8,1.6,.520,1.1,3.2,.354,0.9,1.4,.651,1.6,0.5,1.0,0.3,0.9,1.8,6.0
5,2,31,554,4.4,10.8,.409,1.9,3.6,.520,2.5,7.1,.354,2.0,3.1,.651,3.7,1.2,2.3,0.6,2.0,4.0,13.4
5,3,31,554,6.4,15.7,.409,2.7,5.3,.520,3.7,10.5,.354,3.0,4.5,.651,5.4,1.8,3.4,1.0,3.0,5.9,19.5,,104.2,99.5
5,4,31,554,13.9,.546,.527,.664,.289,166,3.0,6.9,5.0,6.3,3.4,1.6,14.2,17.9,,0.7,0.8,1.5,.108,,0.7,0.5,1.3
6,0,31,1096,121,301,.402,61,126,.484,60,175,.343,100,134,.746,12,79,91,171,58,17,83,72,402
6,1,31,35.4,3.9,9.7,.402,2.0,4.1,.484,1.9,5.6,.343,3.2,4.3,.746,2.9,5.5,1.9,0.5,2.7,2.3,13.0
6,2,31,1096,4.4,11.0,.402,2.2,4.6,.484,2.2,6.4,.343,3.6,4.9,.746,3.3,6.2,2.1,0.6,3.0,2.6,14.7
6,3,31,1096,6.5,16.1,.402,3.3,6.7,.484,3.2,9.3,.343,5.3,7.2,.746,4.9,9.1,3.1,0.9,4.4,3.8,21.5,,110.8,99.9
6,4,31,1096,18.7,.551,.502,.581,.445,442,1.2,7.7,4.5,32.0,3.1,1.5,18.5,20.5,,2.5,1.5,4.0,.147,,3.3,0.0,3.3
7,0,29,429,37,100,.370,13,30,.433,24,70,.343,13,16,.813,4,27,31,17,20,7,28,37,111
7,1,29,14.8,1.3,3.4,.370,0.4,1.0,.433,0.8,2.4,.343,0.4,0.6,.813,1.1,0.6,0.7,0.2,1.0,1.3,3.8
7,2,29,429,3.4,9.3,.370,1.2,2.8,.433,2.2,6.5,.343,1.2,1.5,.813,2.9,1.6,1.9,0.7,2.6,3.4,10.3
7,3,29,429,5.0,13.6,.370,1.8,4.1,.433,3.3,9.5,.343,1.8,2.2,.813,4.2,2.3,2.7,1.0,3.8,5.0,15.1,,91.2,101.1
7,4,29,429,9.0,.516,.490,.700,.160,101,1.0,6.7,3.9,7.7,2.7,1.6,20.6,15.9,,0.1,0.6,0.6,.058,,-2.1,0.3,-1.8
8,0,19,522,64,141,.454,38,71,.535,26,70,.371,30,51,.588,4,29,33,36,20,4,39,33,184
8,1,19,27.5,3.4,7.4,.454,2.0,3.7,.535,1.4,3.7,.371,1.6,2.7,.588,1.7,1.9,1.1,0.2,2.1,1.7,9.7
8,2,19,522,4.9,10.8,.454,2.9,5.4,.535,2.0,5.4,.371,2.3,3.9,.588,2.5,2.8,1.5,0.3,3.0,2.5,14.1
8,3,19,522,7.2,15.8,.454,4.3,8.0,.535,2.9,7.8,.371,3.4,5.7,.588,3.7,4.0,2.2,0.4,4.4,3.7,20.6,,100.2,103.1
8,4,19,522,13.2,.557,.546,.496,.362,170,0.8,5.9,3.4,14.5,2.2,0.8,19.1,19.7,,0.5,0.6,1.1,.085,,-0.2,-1.0,-1.2
9,0,29,633,59,163,.362,20,41,.488,39,122,.320,24,31,.774,26,84,110,11,17,6,23,54,181
9,1,29,21.8,2.0,5.6,.362,0.7,1.4,.488,1.3,4.2,.320,0.8,1.1,.774,3.8,0.4,0.6,0.2,0.8,1.9,6.2
9,2,29,633,3.7,10.3,.362,1.3,2.6,.488,2.5,7.7,.320,1.5,2.0,.774,7.0,0.7,1.1,0.4,1.5,3.4,11.4
9,3,29,633,5.5,15.1,.362,1.8,3.8,.488,3.6,11.3,.320,2.2,2.9,.774,10.2,1.0,1.6,0.6,2.1,5.0,16.7,,103.5,100.1
9,4,29,633,11.7,.509,.482,.748,.190,167,4.5,14.1,9.4,3.4,1.6,0.9,11.5,16.0,,0.7,0.9,1.5,.098,,-0.4,-1.0,-1.4
10,0,30,939,138,287,.481,138,278,.496,0,9,.000,86,125,.688,60,201,261,27,20,27,76,79,362
10,1,30,31.3,4.6,9.6,.481,4.6,9.3,.496,0.0,0.3,.000,2.9,4.2,.688,8.7,0.9,0.7,0.9,2.5,2.6,12.1
10,2,30,939,5.9,12.2,.481,5.9,11.8,.496,0.0,0.4,.000,3.7,5.3,.688,11.1,1.2,0.9,1.2,3.2,3.4,15.4
10,3,30,939,8.6,17.9,.481,8.6,17.3,.496,0.0,0.6,.000,5.4,7.8,.688,16.3,1.7,1.2,1.7,4.7,4.9,22.6,,97.6,95.3
10,4,30,939,16.9,.523,.481,.031,.436,346,7.0,22.7,15.0,6.4,1.2,2.8,18.0,22.6,,0.9,1.7,2.6,.111,,-3.6,0.9,-2.7
11,0,31,1082,176,401,.439,116,233,.498,60,168,.357,82,142,.577,78,122,200,67,35,14,73,44,494
11,1,31,34.9,5.7,12.9,.439,3.7,7.5,.498,1.9,5.4,.357,2.6,4.6,.577,6.5,2.2,1.1,0.5,2.4,1.4,15.9
11,2,31,1082,6.5,14.8,.439,4.3,8.6,.498,2.2,6.2,.357,3.0,5.2,.577,7.4,2.5,1.3,0.5,2.7,1.6,18.3
11,3,31,1082,9.5,21.7,.439,6.3,12.6,.498,3.2,9.1,.357,4.4,7.7,.577,10.8,3.6,1.9,0.8,3.9,2.4,26.7,,106.4,100.5
11,4,31,1082,20.1,.527,.514,.419,.354,484,7.9,12.0,9.9,14.2,1.9,1.3,13.5,25.2,,2.3,1.4,3.7,.138,,2.8,0.0,2.8
