0,0,3,5,0,0,,0,0,,0,0,,0,0,,0,0,0,0,1,0,2,0,0
0,1,3,1.7,0.0,0.0,,0.0,0.0,,0.0,0.0,,0.0,0.0,,0.0,0.0,0.3,0.0,0.7,0.0,0.0
0,2,3,5,0.0,0.0,,0.0,0.0,,0.0,0.0,,0.0,0.0,,0.0,0.0,8.0,0.0,16.0,0.0,0.0
0,3,3,5,0.0,0.0,,0.0,0.0,,0.0,0.0,,0.0,0.0,,0.0,0.0,13.3,0.0,26.6,0.0,0.0,,0.0,87.5
0,4,3,5,-13.9,,,,,0,0.0,0.0,0.0,0.0,13.3,0.0,100.0,24.0,,-0.1,0.0,0.0,-.357,,-22.3,11.4,-10.9
1,0,4,6,1,1,1.000,0,0,,1,1,1.000,0,0,,0,0,0,0,0,0,0,0,3
1,1,4,1.5,0.3,0.3,1.000,0.0,0.0,,0.3,0.3,1.000,0.0,0.0,,0.0,0.0,0.0,0.0,0.0,0.0,0.8
1,2,4,6,6.7,6.7,1.000,0.0,0.0,,6.7,6.7,1.000,0.0,0.0,,0.0,0.0,0.0,0.0,0.0,0.0,20.0
1,3,4,6,11.1,11.1,1.000,0.0,0.0,,11.1,11.1,1.000,0.0,0.0,,0.0,0.0,0.0,0.0,0.0,0.0,33.2,,300.0,116.9
1,4,4,6,30.8,1.500,1.500,1.000,.000,1,0.0,0.0,0.0,0.0,0.0,0.0,0.0,10.0,,0.0,0.0,0.0,.175,,14.4,-6.9,7.4
2,0,31,287,13,38,.342,13,38,.342,0,0,,7,16,.438,20,42,62,1,6,7,11,59,33
2,1,31,9.3,0.4,1.2,.342,0.4,1.2,.342,0.0,0.0,,0.2,0.5,.438,2.0,0.0,0.2,0.2,0.4,1.9,1.1
2,2,31,287,1.8,5.3,.342,1.8,5.3,.342,0.0,0.0,,1.0,2.2,.438,8.6,0.1,0.8,1.0,1.5,8.2,4.6
2,3,31,287,3.0,8.8,.342,3.0,8.8,.342,0.0,0.0,,1.6,3.7,.438,14.4,0.2,1.4,1.6,2.5,13.7,7.6,,80.5,103.6
2,4,31,287,4.3,.362,.342,.000,.421,43,9.9,18.6,14.5,0.6,1.4,2.8,19.4,11.8,,-0.2,0.3,0.2,.023,,-6.9,-1.3,-8.2
3,0,4,26,0,4,.000,0,4,.000,0,0,,0,1,.000,2,3,5,0,0,0,1,3,0
3,1,4,6.5,0.0,1.0,.000,0.0,1.0,.000,0.0,0.0,,0.0,0.3,.000,1.3,0.0,0.0,0.0,0.3,0.8,0.0
3,2,4,26,0.0,6.2,.000,0.0,6.2,.000,0.0,0.0,,0.0,1.5,.000,7.7,0.0,0.0,0.0,1.5,4.6,0.0
3,3,4,26,0.0,10.2,.000,0.0,10.2,.000,0.0,0.0,,0.0,2.6,.000,12.8,0.0,0.0,0.0,2.6,7.7,0.0,,27.8,110.5
3,4,4,26,-7.3,.000,.000,.000,.250,1,11.0,14.7,12.9,0.0,0.0,0.0,18.3,12.6,,-0.1,0.0,-0.1,-.135,,-13.7,-5.4,-19.1
4,0,4,56,3,10,.300,2,6,.333,1,4,.250,2,2,1.000,0,3,3,2,0,0,1,12,9
4,1,4,14.0,0.8,2.5,.300,0.5,1.5,.333,0.3,1.0,.250,0.5,0.5,1.000,0.8,0.5,0.0,0.0,0.3,3.0,2.3
4,2,4,56,2.1,7.1,.300,1.4,4.3,.333,0.7,2.9,.250,1.4,1.4,1.000,2.1,1.4,0.0,0.0,0.7,8.6,6.4
4,3,4,56,3.6,11.9,.300,2.4,7.1,.333,1.2,4.7,.250,2.4,2.4,1.000,3.6,2.4,0.0,0.0,1.2,14.2,10.7,,89.3,112.8
4,4,4,56,0.9,.411,.350,.400,.200,9,0.0,6.8,3.6,6.6,0.0,0.0,8.4,12.8,,0.0,0.0,0.0,.009,,-4.7,-4.1,-8.8
5,0,32,899,156,317,.492,117,202,.579,39,115,.339,54,72,.750,29,111,140,32,11,36,51,87,405
5,1,32,28.1,4.9,9.9,.492,3.7,6.3,.579,1.2,3.6,.339,1.7,2.3,.750,4.4,1.0,0.3,1.1,1.6,2.7,12.7
5,2,32,899,6.9,14.1,.492,5.2,9.0,.579,1.7,5.1,.339,2.4,3.2,.750,6.2,1.4,0.5,1.6,2.3,3.9,18.0
5,3,32,899,11.5,23.4,.492,8.6,14.9,.579,2.9,8.5,.339,4.0,5.3,.750,10.3,2.4,0.8,2.7,3.8,6.4,29.9,,107.3,105.7
5,4,32,899,20.3,.577,.554,.363,.227,360,4.6,15.7,10.5,8.5,0.8,4.6,12.7,26.9,,1.9,0.9,2.7,.122,,0.4,-1.4,-0.9
6,0,4,4,0,0,,0,0,,0,0,,0,0,,0,0,0,1,0,0,0,0,0
6,1,4,1.0,0.0,0.0,,0.0,0.0,,0.0,0.0,,0.0,0.0,,0.0,0.3,0.0,0.0,0.0,0.0,0.0
6,2,4,4,0.0,0.0,,0.0,0.0,,0.0,0.0,,0.0,0.0,,0.0,10.0,0.0,0.0,0.0,0.0,0.0
6,3,4,4,0.0,0.0,,0.0,0.0,,0.0,0.0,,0.0,0.0,,0.0,16.6,0.0,0.0,0.0,0.0,0.0,,231.5,116.9
6,4,4,4,11.5,,,,,1,0.0,0.0,0.0,42.3,0.0,0.0,,0.0,,0.0,0.0,0.0,.114,,-6.0,-12.4,-18.4
7,0,32,1065,107,202,.530,59,107,.551,48,95,.505,47,57,.825,33,176,209,67,33,24,55,81,309
7,1,32,33.3,3.3,6.3,.530,1.8,3.3,.551,1.5,3.0,.505,1.5,1.8,.825,6.5,2.1,1.0,0.8,1.7,2.5,9.7
7,2,32,1065,4.0,7.6,.530,2.2,4.0,.551,1.8,3.6,.505,1.8,2.1,.825,7.8,2.5,1.2,0.9,2.1,3.0,11.6
7,3,32,1065,6.7,12.6,.530,3.7,6.7,.551,3.0,5.9,.505,2.9,3.6,.825,13.0,4.2,2.1,1.5,3.4,5.1,19.3,,119.6,102.2
7,4,32,1065,18.9,.674,.649,.470,.282,307,4.4,21.1,13.2,12.8,2.1,2.6,19.4,16.0,,2.5,1.4,3.8,.144,,2.8,1.7,4.5
8,0,24,319,27,71,.380,3,9,.333,24,62,.387,3,6,.500,3,15,18,17,2,1,11,16,81
8,1,24,13.3,1.1,3.0,.380,0.1,0.4,.333,1.0,2.6,.387,0.1,0.3,.500,0.8,0.7,0.1,0.0,0.5,0.7,3.4
8,2,24,319,3.4,8.9,.380,0.4,1.1,.333,3.0,7.8,.387,0.4,0.8,.500,2.3,2.1,0.3,0.1,1.4,2.0,10.2
8,3,24,319,5.6,14.8,.380,0.6,1.9,.333,5.0,12.9,.387,0.6,1.2,.500,3.7,3.5,0.4,0.2,2.3,3.3,16.9,,105.0,113.1
8,4,24,319,9.7,.548,.549,.873,.085,76,1.3,6.0,3.8,10.5,0.4,0.4,13.0,16.0,,0.4,0.1,0.4,.054,,0.3,-4.5,-4.2
9,0,31,234,9,38,.237,3,10,.300,6,28,.214,2,3,.667,6,20,26,10,7,1,13,34,26
9,1,31,7.5,0.3,1.2,.237,0.1,0.3,.300,0.2,0.9,.214,0.1,0.1,.667,0.8,0.3,0.2,0.0,0.4,1.1,0.8
9,2,31,234,1.5,6.5,.237,0.5,1.7,.300,1.0,4.8,.214,0.3,0.5,.667,4.4,1.7,1.2,0.2,2.2,5.8,4.4
9,3,31,234,2.6,10.8,.237,0.9,2.8,.300,1.7,8.0,.214,0.6,0.9,.667,7.4,2.8,2.0,0.3,3.7,9.7,7.4,,67.8,107.0
9,4,31,234,1.2,.330,.316,.737,.079,33,3.7,10.9,7.5,7.7,2.0,0.5,24.8,13.5,,-0.3,0.2,-0.2,-.026,,-5.4,-1.2,-6.6
10,0,30,371,28,47,.596,16,28,.571,12,19,.632,10,15,.667,8,32,40,21,17,0,21,48,78
10,1,30,12.4,0.9,1.6,.596,0.5,0.9,.571,0.4,0.6,.632,0.3,0.5,.667,1.3,0.7,0.6,0.0,0.7,1.6,2.6
10,2,30,371,3.0,5.1,.596,1.7,3.0,.571,1.3,2.0,.632,1.1,1.6,.667,4.3,2.3,1.8,0.0,2.3,5.2,8.4
10,3,30,371,5.0,8.4,.596,2.9,5.0,.571,2.1,3.4,.632,1.8,2.7,.667,7.2,3.8,3.0,0.0,3.8,8.6,14.0,,112.2,105.1
10,4,30,371,12.0,.721,.723,.404,.319,78,3.1,11.0,7.3,11.0,3.0,0.0,28.0,12.2,,0.5,0.4,0.9,.095,,0.4,-0.3,0.1
11,0,13,102,7,22,.318,3,9,.333,4,13,.308,0,1,.000,2,6,8,1,2,3,6,4,18
11,1,13,7.8,0.5,1.7,.318,0.2,0.7,.333,0.3,1.0,.308,0.0,0.1,.000,0.6,0.1,0.2,0.2,0.5,0.3,1.4
11,2,13,102,2.7,8.6,.318,1.2,3.5,.333,1.6,5.1,.308,0.0,0.4,.000,3.1,0.4,0.8,1.2,2.4,1.6,7.1
11,3,13,102,4.6,14.3,.318,2.0,5.9,.333,2.6,8.5,.308,0.0,0.7,.000,5.2,0.7,1.3,2.0,3.9,2.6,11.7,,68.8,108.9
11,4,13,102,3.7,.400,.409,.591,.045,17,2.8,7.5,5.3,1.9,1.3,3.4,21.1,16.8,,-0.2,0.1,-0.1,-.039,,-6.5,-1.8,-8.2
12,0,32,1063,126,212,.594,126,212,.594,0,0,,63,94,.670,52,146,198,81,26,8,62,80,315
12,1,32,33.2,3.9,6.6,.594,3.9,6.6,.594,0.0,0.0,,2.0,2.9,.670,6.2,2.5,0.8,0.3,1.9,2.5,9.8
12,2,32,1063,4.7,8.0,.594,4.7,8.0,.594,0.0,0.0,,2.4,3.5,.670,7.5,3.0,1.0,0.3,2.3,3.0,11.9
12,3,32,1063,7.9,13.3,.594,7.9,13.3,.594,0.0,0.0,,3.9,5.9,.670,12.4,5.1,1.6,0.5,3.9,5.0,19.7,,115.1,105.6
12,4,32,1063,18.0,.614,.594,.000,.443,343,7.0,17.5,12.5,16.1,1.6,0.9,19.5,18.0,,2.4,1.0,3.4,.130,,0.9,0.4,1.4
13,0,32,1010,171,371,.461,106,196,.541,65,175,.371,68,100,.680,18,91,109,60,17,5,59,51,475
13,1,32,31.6,5.3,11.6,.461,3.3,6.1,.541,2.0,5.5,.371,2.1,3.1,.680,3.4,1.9,0.5,0.2,1.8,1.6,14.8
13,2,32,1010,6.8,14.7,.461,4.2,7.8,.541,2.6,6.9,.371,2.7,4.0,.680,4.3,2.4,0.7,0.2,2.3,2.0,18.8
13,3,32,1010,11.3,24.4,.461,7.0,12.9,.541,4.3,11.5,.371,4.5,6.6,.680,7.2,3.9,1.1,0.3,3.9,3.4,31.3,,107.5,109.4
13,4,32,1010,19.6,.568,.549,.472,.270,432,2.5,11.5,7.3,14.1,1.1,0.6,12.4,28.4,,2.3,0.6,2.9,.114,,2.2,-3.6,-1.4
14,0,32,1078,123,263,.468,80,160,.500,43,103,.417,48,70,.686,9,53,62,129,36,0,67,73,337
14,1,32,33.7,3.8,8.2,.468,2.5,5.0,.500,1.3,3.2,.417,1.5,2.2,.686,1.9,4.0,1.1,0.0,2.1,2.3,10.5
14,2,32,1078,4.6,9.8,.468,3.0,5.9,.500,1.6,3.8,.417,1.8,2.6,.686,2.3,4.8,1.3,0.0,2.5,2.7,12.5
14,3,32,1078,7.6,16.2,.468,4.9,9.9,.500,2.7,6.3,.417,3.0,4.3,.686,3.8,8.0,2.2,0.0,4.1,4.5,20.8,,108.9,109.1
14,4,32,1078,15.5,.569,.549,.392,.266,365,1.2,6.3,3.9,25.1,2.2,0.0,18.4,20.2,,2.1,0.7,2.7,.101,,1.3,-2.7,-1.5
