0,0,35,1069,166,427,.389,129,291,.443,37,136,.272,112,137,.818,20,111,131,116,45,2,88,62,481
0,1,35,30.5,4.7,12.2,.389,3.7,8.3,.443,1.1,3.9,.272,3.2,3.9,.818,3.7,3.3,1.3,0.1,2.5,1.8,13.7
0,2,35,1069,6.2,16.0,.389,4.8,10.9,.443,1.4,5.1,.272,4.2,5.1,.818,4.9,4.3,1.7,0.1,3.3,2.3,18.0
0,3,35,1069,9.3,23.8,.389,7.2,16.3,.443,2.1,7.6,.272,6.3,7.7,.818,7.3,6.5,2.5,0.1,4.9,3.5,26.9,,101.1,102.5
0,4,35,1069,16.3,.489,.432,.319,.321,479,2.2,12.0,7.2,25.8,2.5,0.2,15.2,27.8,,1.2,1.6,2.8,.105,,2.1,1.6,3.7
1,0,4,10,2,4,.500,0,0,,2,4,.500,0,0,,1,0,1,1,0,0,1,1,6
1,1,4,2.5,0.5,1.0,.500,0.0,0.0,,0.5,1.0,.500,0.0,0.0,,0.3,0.3,0.0,0.0,0.3,0.3,1.5
1,2,4,10,8.0,16.0,.500,0.0,0.0,,8.0,16.0,.500,0.0,0.0,,4.0,4.0,0.0,0.0,4.0,4.0,24.0
1,3,4,10,11.9,23.9,.500,0.0,0.0,,11.9,23.9,.500,0.0,0.0,,6.0,6.0,0.0,0.0,6.0,6.0,35.8,,130.0,112.5
1,4,4,10,24.3,.750,.750,1.000,.000,6,12.0,0.0,5.9,26.6,0.0,0.0,20.0,25.6,,0.0,0.0,0.1,.204,,13.3,-4.2,9.1
2,0,17,529,61,131,.466,35,68,.515,26,63,.413,102,119,.857,8,44,52,64,26,4,30,32,250
2,1,17,31.1,3.6,7.7,.466,2.1,4.0,.515,1.5,3.7,.413,6.0,7.0,.857,3.1,3.8,1.5,0.2,1.8,1.9,14.7
2,2,17,529,4.6,9.9,.466,2.6,5.1,.515,2.0,4.8,.413,7.7,9.0,.857,3.9,4.8,2.0,0.3,2.3,2.4,18.9
2,3,17,529,6.9,14.8,.466,3.9,7.7,.515,2.9,7.1,.413,11.5,13.4,.857,5.9,7.2,2.9,0.5,3.4,3.6,28.2,,135.3,102.0
2,4,17,529,24.8,.667,.565,.481,.908,248,1.8,9.6,5.8,26.3,2.9,0.8,13.8,21.0,,2.2,0.8,3.1,.231,,8.8,1.7,10.5
3,0,20,193,20,50,.400,15,23,.652,5,27,.185,13,19,.684,12,19,31,5,4,4,9,28,58
3,1,20,9.7,1.0,2.5,.400,0.8,1.2,.652,0.3,1.4,.185,0.7,1.0,.684,1.6,0.3,0.2,0.2,0.5,1.4,2.9
3,2,20,193,4.1,10.4,.400,3.1,4.8,.652,1.0,5.6,.185,2.7,3.9,.684,6.4,1.0,0.8,0.8,1.9,5.8,12.0
3,3,20,193,6.2,15.5,.400,4.6,7.1,.652,1.5,8.4,.185,4.0,5.9,.684,9.6,1.5,1.2,1.2,2.8,8.7,17.9,,102.9,103.9
3,4,20,193,10.8,.491,.450,.540,.380,57,7.5,11.4,9.5,5.5,1.2,2.3,13.2,18.0,,0.2,0.3,0.4,.089,,0.5,0.9,1.4
4,0,9,16,3,7,.429,0,0,,3,7,.429,0,2,.000,0,5,5,6,0,0,3,1,9
4,1,9,1.8,0.3,0.8,.429,0.0,0.0,,0.3,0.8,.429,0.0,0.2,.000,0.6,0.7,0.0,0.0,0.3,0.1,1.0
4,2,9,16,7.5,17.5,.429,0.0,0.0,,7.5,17.5,.429,0.0,5.0,.000,12.5,15.0,0.0,0.0,7.5,2.5,22.5
4,3,9,16,11.2,26.1,.429,0.0,0.0,,11.2,26.1,.429,0.0,7.5,.000,18.7,22.4,0.0,0.0,11.2,3.7,33.6,,107.0,99.3
4,4,9,16,24.8,.566,.643,1.000,.286,11,0.0,36.2,18.4,96.7,0.0,0.0,27.4,35.0,,0.0,0.0,0.1,.181,,14.2,2.1,16.3
5,0,31,779,67,141,.475,63,130,.485,4,11,.364,44,73,.603,76,110,186,29,13,41,49,55,182
5,1,31,25.1,2.2,4.5,.475,2.0,4.2,.485,0.1,0.4,.364,1.4,2.4,.603,6.0,0.9,0.4,1.3,1.6,1.8,5.9
5,2,31,779,3.4,7.2,.475,3.2,6.7,.485,0.2,0.6,.364,2.3,3.7,.603,9.6,1.5,0.7,2.1,2.5,2.8,9.3
5,3,31,779,5.1,10.8,.475,4.8,10.0,.485,0.3,0.8,.364,3.4,5.6,.603,14.3,2.2,1.0,3.1,3.8,4.2,13.9,,101.7,100.9
5,4,31,779,13.8,.518,.489,.078,.518,206,11.7,16.3,14.1,7.6,1.0,5.8,21.8,14.8,,0.5,1.3,1.8,.094,,-0.1,5.5,5.4
6,0,35,638,60,157,.382,38,86,.442,22,71,.310,26,52,.500,23,64,87,36,27,3,38,77,168
6,1,35,18.2,1.7,4.5,.382,1.1,2.5,.442,0.6,2.0,.310,0.7,1.5,.500,2.5,1.0,0.8,0.1,1.1,2.2,4.8
6,2,35,638,3.8,9.8,.382,2.4,5.4,.442,1.4,4.5,.310,1.6,3.3,.500,5.5,2.3,1.7,0.2,2.4,4.8,10.5
6,3,35,638,5.6,14.7,.382,3.6,8.0,.442,2.1,6.6,.310,2.4,4.9,.500,8.1,3.4,2.5,0.3,3.6,7.2,15.7,,93.1,102.1
6,4,35,638,9.2,.462,.452,.452,.331,169,4.3,11.6,8.0,11.7,2.5,0.5,17.3,17.6,,0.0,1.0,1.0,.064,,-0.1,2.3,2.2
7,0,33,994,136,293,.464,99,191,.518,37,102,.363,87,142,.613,57,137,194,27,25,10,58,67,396
7,1,33,30.1,4.1,8.9,.464,3.0,5.8,.518,1.1,3.1,.363,2.6,4.3,.613,5.9,0.8,0.8,0.3,1.8,2.0,12.0
7,2,33,994,5.5,11.8,.464,4.0,7.7,.518,1.5,4.1,.363,3.5,5.7,.613,7.8,1.1,1.0,0.4,2.3,2.7,15.9
7,3,33,994,8.2,17.6,.464,5.9,11.5,.518,2.2,6.1,.363,5.2,8.5,.613,11.7,1.6,1.5,0.6,3.5,4.0,23.8,,108.3,102.7
7,4,33,994,16.3,.549,.527,.348,.485,365,6.9,15.9,11.5,6.2,1.5,1.1,13.9,21.5,,1.5,1.5,3.0,.121,,2.2,1.4,3.6
8,0,27,148,11,39,.282,7,19,.368,4,20,.200,15,23,.652,5,36,41,5,4,1,12,14,41
8,1,27,5.5,0.4,1.4,.282,0.3,0.7,.368,0.1,0.7,.200,0.6,0.9,.652,1.5,0.2,0.1,0.0,0.4,0.5,1.5
8,2,27,148,3.0,10.5,.282,1.9,5.1,.368,1.1,5.4,.200,4.1,6.2,.652,11.1,1.4,1.1,0.3,3.2,3.8,11.1
8,3,27,148,4.4,15.7,.282,2.8,7.7,.368,1.6,8.1,.200,6.1,9.3,.652,16.5,2.0,1.6,0.4,4.8,5.6,16.5,,81.4,98.0
8,4,27,148,8.0,.411,.333,.513,.590,41,4.1,28.1,16.3,6.7,1.6,0.7,19.4,21.4,,-0.2,0.3,0.1,.035,,-4.8,0.8,-3.9
9,0,25,99,11,23,.478,10,22,.455,1,1,1.000,8,10,.800,8,13,21,4,1,1,5,10,31
9,1,25,4.0,0.4,0.9,.478,0.4,0.9,.455,0.0,0.0,1.000,0.3,0.4,.800,0.8,0.2,0.0,0.0,0.2,0.4,1.2
9,2,25,99,4.4,9.3,.478,4.0,8.9,.455,0.4,0.4,1.000,3.2,4.0,.800,8.5,1.6,0.4,0.4,2.0,4.0,12.5
9,3,25,99,6.6,13.9,.478,6.0,13.3,.455,0.6,0.6,1.000,4.8,6.0,.800,12.7,2.4,0.6,0.6,3.0,6.0,18.7,,114.0,104.8
9,4,25,99,14.5,.559,.500,.043,.435,32,9.7,15.2,12.5,8.7,0.6,1.1,15.3,16.9,,0.2,0.1,0.3,.121,,0.2,0.8,0.9
10,0,9,17,1,2,.500,0,0,,1,2,.500,0,0,,0,4,4,0,0,0,0,2,3
10,1,9,1.9,0.1,0.2,.500,0.0,0.0,,0.1,0.2,.500,0.0,0.0,,0.4,0.0,0.0,0.0,0.0,0.2,0.3
10,2,9,17,2.4,4.7,.500,0.0,0.0,,2.4,4.7,.500,0.0,0.0,,9.4,0.0,0.0,0.0,0.0,4.7,7.1
10,3,9,17,3.5,7.0,.500,0.0,0.0,,3.5,7.0,.500,0.0,0.0,,14.0,0.0,0.0,0.0,0.0,7.0,10.5,,159.9,102.3
10,4,9,17,9.3,.750,.750,1.000,.000,2,0.0,27.2,13.9,0.0,0.0,0.0,0.0,6.0,,0.0,0.0,0.1,.122,,-0.9,-2.5,-3.4
11,0,35,1107,159,311,.511,159,309,.515,0,2,.000,175,216,.810,102,193,295,22,28,40,51,63,493
11,1,35,31.6,4.5,8.9,.511,4.5,8.8,.515,0.0,0.1,.000,5.0,6.2,.810,8.4,0.6,0.8,1.1,1.5,1.8,14.1
11,2,35,1107,5.7,11.2,.511,5.7,11.2,.515,0.0,0.1,.000,6.3,7.8,.810,10.7,0.8,1.0,1.4,1.8,2.3,17.8
11,3,35,1107,8.6,16.8,.511,8.6,16.7,.515,0.0,0.1,.000,9.4,11.6,.810,15.9,1.2,1.5,2.2,2.8,3.4,26.6,,124.4,99.4
11,4,35,1107,24.0,.596,.511,.006,.695,475,11.0,20.2,15.7,4.6,1.5,4.0,11.0,21.5,,3.5,2.0,5.5,.197,,3.1,3.1,6.2
12,0,27,225,13,32,.406,8,17,.471,5,15,.333,11,18,.611,6,16,22,8,7,0,11,18,42
12,1,27,8.3,0.5,1.2,.406,0.3,0.6,.471,0.2,0.6,.333,0.4,0.7,.611,0.8,0.3,0.3,0.0,0.4,0.7,1.6
12,2,27,225,2.3,5.7,.406,1.4,3.0,.471,0.9,2.7,.333,2.0,3.2,.611,3.9,1.4,1.2,0.0,2.0,3.2,7.5
12,3,27,225,3.4,8.5,.406,2.1,4.5,.471,1.3,4.0,.333,2.9,4.8,.611,5.8,2.1,1.9,0.0,2.9,4.8,11.1,,96.9,105.3
12,4,27,225,7.0,.518,.484,.469,.563,42,3.2,8.2,5.8,6.9,1.9,0.0,21.3,11.7,,0.1,0.3,0.3,.059,,-0.7,1.6,0.8
13,0,35,724,58,143,.406,30,68,.441,28,75,.373,26,39,.667,11,65,76,55,20,6,47,63,170
13,1,35,20.7,1.7,4.1,.406,0.9,1.9,.441,0.8,2.1,.373,0.7,1.1,.667,2.2,1.6,0.6,0.2,1.3,1.8,4.9
13,2,35,724,3.2,7.9,.406,1.7,3.8,.441,1.5,4.1,.373,1.4,2.2,.667,4.2,3.0,1.1,0.3,2.6,3.5,9.4
13,3,35,724,4.8,11.8,.406,2.5,5.6,.441,2.3,6.2,.373,2.1,3.2,.667,6.3,4.5,1.6,0.5,3.9,5.2,14.0,,97.5,104.4
13,4,35,724,8.9,.526,.503,.524,.273,173,1.8,10.4,6.2,15.3,1.6,0.9,22.5,14.7,,0.3,0.9,1.2,.067,,0.3,2.0,2.2
14,0,35,527,46,111,.414,40,78,.513,6,33,.182,29,53,.547,33,53,86,19,7,3,49,83,127
14,1,35,15.1,1.3,3.2,.414,1.1,2.2,.513,0.2,0.9,.182,0.8,1.5,.547,2.5,0.5,0.2,0.1,1.4,2.4,3.6
14,2,35,527,3.5,8.4,.414,3.0,5.9,.513,0.5,2.5,.182,2.2,4.0,.547,6.5,1.4,0.5,0.2,3.7,6.3,9.6
14,3,35,527,5.2,12.6,.414,4.5,8.8,.513,0.7,3.7,.182,3.3,6.0,.547,9.7,2.2,0.8,0.3,5.6,9.4,14.4,,83.2,105.7
14,4,35,527,4.9,.466,.441,.297,.477,133,7.5,11.6,9.6,7.4,0.8,0.6,26.5,18.0,,-0.4,0.6,0.2,.017,,-2.9,1.0,-1.9
