0,0,5,3,0,0,,0,0,,0,0,,0,0,,0,0,0,0,0,0,0,1,0
0,1,5,0.6,0.0,0.0,,0.0,0.0,,0.0,0.0,,0.0,0.0,,0.0,0.0,0.0,0.0,0.0,0.2,0.0
0,2,5,3,0.0,0.0,,0.0,0.0,,0.0,0.0,,0.0,0.0,,0.0,0.0,0.0,0.0,0.0,13.3,0.0
0,3,5,3,0.0,0.0,,0.0,0.0,,0.0,0.0,,0.0,0.0,,0.0,0.0,0.0,0.0,0.0,20.4,0.0,,,113.1
0,4,5,3,-5.8,,,,,0,0.0,0.0,0.0,0.0,0.0,0.0,,0.0,,0.0,0.0,0.0,.009,,-3.4,1.3,-2.1
1,0,31,935,173,447,.387,118,280,.421,55,167,.329,131,157,.834,15,88,103,99,44,2,70,56,532
1,1,31,30.2,5.6,14.4,.387,3.8,9.0,.421,1.8,5.4,.329,4.2,5.1,.834,3.3,3.2,1.4,0.1,2.3,1.8,17.2
1,2,31,935,7.4,19.1,.387,5.0,12.0,.421,2.4,7.1,.329,5.6,6.7,.834,4.4,4.2,1.9,0.1,3.0,2.4,22.8
1,3,31,935,11.3,29.2,.387,7.7,18.3,.421,3.6,10.9,.329,8.6,10.3,.834,6.7,6.5,2.9,0.1,4.6,3.7,34.8,,107.6,103.2
1,4,31,935,22.3,.510,.449,.374,.351,509,1.9,10.7,6.4,26.7,2.9,0.2,11.8,32.9,,2.5,1.1,3.6,.153,,5.4,0.0,5.4
2,0,5,10,0,0,,0,0,,0,0,,0,0,,0,0,0,0,0,0,0,1,0
2,1,5,2.0,0.0,0.0,,0.0,0.0,,0.0,0.0,,0.0,0.0,,0.0,0.0,0.0,0.0,0.0,0.2,0.0
2,2,5,10,0.0,0.0,,0.0,0.0,,0.0,0.0,,0.0,0.0,,0.0,0.0,0.0,0.0,0.0,4.0,0.0
2,3,5,10,0.0,0.0,,0.0,0.0,,0.0,0.0,,0.0,0.0,,0.0,0.0,0.0,0.0,0.0,6.1,0.0,,,114.3
2,4,5,10,-1.7,,,,,0,0.0,0.0,0.0,0.0,0.0,0.0,,0.0,,0.0,0.0,0.0,.005,,-3.4,1.4,-2.0
3,0,28,531,43,123,.350,27,64,.422,16,59,.271,23,39,.590,8,38,46,37,17,3,35,67,125
3,1,28,19.0,1.5,4.4,.350,1.0,2.3,.422,0.6,2.1,.271,0.8,1.4,.590,1.6,1.3,0.6,0.1,1.3,2.4,4.5
3,2,28,531,3.2,9.3,.350,2.0,4.8,.422,1.2,4.4,.271,1.7,2.9,.590,3.5,2.8,1.3,0.2,2.6,5.0,9.4
3,3,28,531,4.9,14.1,.350,3.1,7.4,.422,1.8,6.8,.271,2.6,4.5,.590,5.3,4.3,2.0,0.3,4.0,7.7,14.4,,87.2,105.9
3,4,28,531,6.6,.442,.415,.480,.317,128,1.8,8.1,5.0,13.9,2.0,0.6,19.8,17.3,,-0.1,0.5,0.4,.028,,-1.3,0.5,-0.9
4,0,32,570,58,125,.464,38,83,.458,20,42,.476,27,39,.692,25,56,81,29,10,3,41,43,163
4,1,32,17.8,1.8,3.9,.464,1.2,2.6,.458,0.6,1.3,.476,0.8,1.2,.692,2.5,0.9,0.3,0.1,1.3,1.3,5.1
4,2,32,570,4.1,8.8,.464,2.7,5.8,.458,1.4,2.9,.476,1.9,2.7,.692,5.7,2.0,0.7,0.2,2.9,3.0,11.4
4,3,32,570,6.2,13.4,.464,4.1,8.9,.458,2.1,4.5,.476,2.9,4.2,.692,8.7,3.1,1.1,0.3,4.4,4.6,17.5,,101.7,106.8
4,4,32,570,11.7,.568,.544,.336,.312,159,5.2,11.1,8.3,10.6,1.1,0.6,22.2,16.8,,0.5,0.5,1.0,.072,,0.6,0.4,1.0
5,0,32,836,77,141,.546,73,127,.575,4,14,.286,55,81,.679,82,139,221,36,11,46,38,65,213
5,1,32,26.1,2.4,4.4,.546,2.3,4.0,.575,0.1,0.4,.286,1.7,2.5,.679,6.9,1.1,0.3,1.4,1.2,2.0,6.7
5,2,32,836,3.7,6.7,.546,3.5,6.1,.575,0.2,0.7,.286,2.6,3.9,.679,10.6,1.7,0.5,2.2,1.8,3.1,10.2
5,3,32,836,5.6,10.3,.546,5.3,9.3,.575,0.3,1.0,.286,4.0,5.9,.679,16.1,2.6,0.8,3.4,2.8,4.7,15.6,,119.1,101.0
5,4,32,836,18.4,.593,.560,.099,.574,235,11.7,18.8,15.4,8.8,0.8,6.2,17.5,13.5,,1.7,1.2,2.9,.138,,2.4,4.9,7.3
6,0,30,632,71,145,.490,58,109,.532,13,36,.361,27,50,.540,20,80,100,40,30,4,54,60,182
6,1,30,21.1,2.4,4.8,.490,1.9,3.6,.532,0.4,1.2,.361,0.9,1.7,.540,3.3,1.3,1.0,0.1,1.8,2.0,6.1
6,2,30,632,4.5,9.2,.490,3.7,6.9,.532,0.8,2.3,.361,1.7,3.2,.540,6.3,2.5,1.9,0.3,3.4,3.8,11.5
6,3,30,632,6.9,14.0,.490,5.6,10.5,.532,1.3,3.5,.361,2.6,4.8,.540,9.7,3.9,2.9,0.4,5.2,5.8,17.6,,93.5,101.1
6,4,30,632,12.5,.539,.534,.248,.345,178,3.8,14.3,9.2,13.5,2.9,0.7,24.2,18.3,,0.2,0.9,1.1,.068,,-0.1,2.6,2.4
7,0,27,667,99,221,.448,71,146,.486,28,75,.373,58,91,.637,43,111,154,16,16,8,49,61,284
7,1,27,24.7,3.7,8.2,.448,2.6,5.4,.486,1.0,2.8,.373,2.1,3.4,.637,5.7,0.6,0.6,0.3,1.8,2.3,10.5
7,2,27,667,5.9,13.3,.448,4.3,8.8,.486,1.7,4.5,.373,3.5,5.5,.637,9.2,1.0,1.0,0.5,2.9,3.7,17.0
7,3,27,667,9.1,20.2,.448,6.5,13.4,.486,2.6,6.9,.373,5.3,8.3,.637,14.1,1.5,1.5,0.7,4.5,5.6,26.0,,103.0,102.1
7,4,27,667,17.3,.537,.511,.339,.412,260,7.7,18.9,13.4,5.5,1.5,1.4,15.6,24.4,,1.0,0.9,1.8,.110,,1.0,-0.2,0.8
8,0,28,231,25,53,.472,25,53,.472,0,0,,25,33,.758,17,40,57,3,3,5,20,37,75
8,1,28,8.3,0.9,1.9,.472,0.9,1.9,.472,0.0,0.0,,0.9,1.2,.758,2.0,0.1,0.1,0.2,0.7,1.3,2.7
8,2,28,231,4.3,9.2,.472,4.3,9.2,.472,0.0,0.0,,4.3,5.7,.758,9.9,0.5,0.5,0.9,3.5,6.4,13.0
8,3,28,231,6.6,14.0,.472,6.6,14.0,.472,0.0,0.0,,6.6,8.7,.758,15.1,0.8,0.8,1.3,5.3,9.8,19.8,,97.5,102.3
8,4,28,231,12.4,.546,.472,.000,.623,73,8.8,19.6,14.4,2.7,0.8,2.5,22.6,20.0,,0.2,0.3,0.5,.080,,-3.5,-0.3,-3.8
9,0,4,4,0,0,,0,0,,0,0,,0,0,,0,0,0,0,0,0,0,1,0
9,1,4,1.0,0.0,0.0,,0.0,0.0,,0.0,0.0,,0.0,0.0,,0.0,0.0,0.0,0.0,0.0,0.3,0.0
9,2,4,4,0.0,0.0,,0.0,0.0,,0.0,0.0,,0.0,0.0,,0.0,0.0,0.0,0.0,0.0,10.0,0.0
9,3,4,4,0.0,0.0,,0.0,0.0,,0.0,0.0,,0.0,0.0,,0.0,0.0,0.0,0.0,0.0,15.3,0.0,,,113.5
9,4,4,4,-4.4,,,,,0,0.0,0.0,0.0,0.0,0.0,0.0,,0.0,,0.0,0.0,0.0,.008,,-3.4,1.3,-2.1
10,0,24,739,115,214,.537,114,211,.540,1,3,.333,105,137,.766,74,118,192,25,18,45,19,41,336
10,1,24,30.8,4.8,8.9,.537,4.8,8.8,.540,0.0,0.1,.333,4.4,5.7,.766,8.0,1.0,0.8,1.9,0.8,1.7,14.0
10,2,24,739,6.2,11.6,.537,6.2,11.4,.540,0.1,0.2,.333,5.7,7.4,.766,10.4,1.4,1.0,2.4,1.0,2.2,18.2
10,3,24,739,9.5,17.7,.537,9.4,17.4,.540,0.1,0.2,.333,8.7,11.3,.766,15.9,2.1,1.5,3.7,1.6,3.4,27.8,,132.9,99.5
10,4,24,739,28.9,.602,.540,.014,.640,327,12.0,18.1,15.1,8.0,1.5,6.9,6.4,21.0,,3.1,1.1,4.3,.231,,5.5,4.3,9.7
11,0,17,97,5,20,.250,2,6,.333,3,14,.214,0,1,.000,2,8,10,4,4,1,5,5,13
11,1,17,5.7,0.3,1.2,.250,0.1,0.4,.333,0.2,0.8,.214,0.0,0.1,.000,0.6,0.2,0.2,0.1,0.3,0.3,0.8
11,2,17,97,2.1,8.2,.250,0.8,2.5,.333,1.2,5.8,.214,0.0,0.4,.000,4.1,1.6,1.6,0.4,2.1,2.1,5.4
11,3,17,97,3.1,12.6,.250,1.3,3.8,.333,1.9,8.8,.214,0.0,0.6,.000,6.3,2.5,2.5,0.6,3.1,3.1,8.2,,67.9,104.2
11,4,17,97,3.4,.317,.325,.700,.050,14,2.5,9.3,6.0,7.8,2.5,1.2,19.6,13.7,,-0.1,0.1,0.0,-.012,,-3.5,1.5,-2.0
12,0,32,708,40,134,.299,17,66,.258,23,68,.338,27,37,.730,3,49,52,49,19,3,45,64,130
12,1,32,22.1,1.3,4.2,.299,0.5,2.1,.258,0.7,2.1,.338,0.8,1.2,.730,1.6,1.5,0.6,0.1,1.4,2.0,4.1
12,2,32,708,2.3,7.6,.299,1.0,3.7,.258,1.3,3.8,.338,1.5,2.1,.730,2.9,2.8,1.1,0.2,2.5,3.6,7.3
12,3,32,708,3.5,11.6,.299,1.5,5.7,.258,2.0,5.9,.338,2.3,3.2,.730,4.5,4.2,1.6,0.3,3.9,5.5,11.2,,83.2,107.0
12,4,32,708,4.8,.429,.384,.507,.276,136,0.5,7.8,4.3,13.2,1.6,0.5,22.9,14.4,,-0.3,0.6,0.3,.014,,-2.1,0.7,-1.4
13,0,32,536,49,110,.445,43,91,.473,6,19,.316,36,53,.679,26,53,79,29,12,8,34,81,140
13,1,32,16.8,1.5,3.4,.445,1.3,2.8,.473,0.2,0.6,.316,1.1,1.7,.679,2.5,0.9,0.4,0.3,1.1,2.5,4.4
13,2,32,536,3.7,8.2,.445,3.2,6.8,.473,0.4,1.4,.316,2.7,4.0,.679,5.9,2.2,0.9,0.6,2.5,6.0,10.4
13,3,32,536,5.6,12.5,.445,4.9,10.4,.473,0.7,2.2,.316,4.1,6.0,.679,9.0,3.3,1.4,0.9,3.9,9.2,16.0,,99.9,105.2
13,4,32,536,10.4,.518,.473,.173,.482,145,5.8,11.2,8.6,11.1,1.4,1.7,20.1,16.4,,0.4,0.5,1.0,.072,,-0.4,1.5,1.1
