0,0,31,769,90,174,.517,90,174,.517,0,0,,77,92,.837,38,81,119,16,9,16,44,91,257
0,1,31,24.8,2.9,5.6,.517,2.9,5.6,.517,0.0,0.0,,2.5,3.0,.837,3.8,0.5,0.3,0.5,1.4,2.9,8.3
0,2,31,769,4.7,9.1,.517,4.7,9.1,.517,0.0,0.0,,4.0,4.8,.837,6.2,0.8,0.5,0.8,2.3,4.7,13.4
0,3,31,769,7.3,14.0,.517,7.3,14.0,.517,0.0,0.0,,6.2,7.4,.837,9.6,1.3,0.7,1.3,3.5,7.3,20.7,,110.8,107.6
0,4,31,769,14.5,.590,.517,.000,.529,246,6.9,12.9,10.1,4.4,0.7,2.6,16.8,18.7,,1.5,0.5,2.0,.103,,0.5,-0.4,0.1
1,0,15,52,8,11,.727,8,11,.727,0,0,,5,10,.500,4,8,12,1,1,1,4,6,21
1,1,15,3.5,0.5,0.7,.727,0.5,0.7,.727,0.0,0.0,,0.3,0.7,.500,0.8,0.1,0.1,0.1,0.3,0.4,1.4
1,2,15,52,6.2,8.5,.727,6.2,8.5,.727,0.0,0.0,,3.8,7.7,.500,9.2,0.8,0.8,0.8,3.1,4.6,16.2
1,3,15,52,9.5,13.1,.727,9.5,13.1,.727,0.0,0.0,,6.0,11.9,.500,14.3,1.2,1.2,1.2,4.8,7.2,25.0,,112.6,104.2
1,4,15,52,20.2,.667,.727,.000,.909,19,10.7,18.9,15.1,4.4,1.2,2.4,20.3,20.9,,0.1,0.1,0.2,.133,,1.1,-1.4,-0.3
2,0,32,822,78,168,.464,53,110,.482,25,58,.431,50,69,.725,9,97,106,86,22,2,54,74,231
2,1,32,25.7,2.4,5.3,.464,1.7,3.4,.482,0.8,1.8,.431,1.6,2.2,.725,3.3,2.7,0.7,0.1,1.7,2.3,7.2
2,2,32,822,3.8,8.2,.464,2.6,5.4,.482,1.2,2.8,.431,2.4,3.4,.725,5.2,4.2,1.1,0.1,2.6,3.6,11.2
2,3,32,822,5.9,12.7,.464,4.0,8.3,.482,1.9,4.4,.431,3.8,5.2,.725,8.0,6.5,1.7,0.2,4.1,5.6,17.4,,107.6,106.1
2,4,32,822,13.9,.575,.539,.345,.411,247,1.5,14.5,8.4,21.1,1.7,0.3,21.2,17.0,,1.3,0.7,2.0,.095,,2.3,0.0,2.3
3,0,32,1046,166,412,.403,111,263,.422,55,149,.369,108,123,.878,4,55,59,65,25,2,68,67,495
3,1,32,32.7,5.2,12.9,.403,3.5,8.2,.422,1.7,4.7,.369,3.4,3.8,.878,1.8,2.0,0.8,0.1,2.1,2.1,15.5
3,2,32,1046,6.3,15.8,.403,4.2,10.1,.422,2.1,5.7,.369,4.1,4.7,.878,2.3,2.5,1.0,0.1,2.6,2.6,18.9
3,3,32,1046,9.8,24.4,.403,6.6,15.6,.422,3.3,8.8,.369,6.4,7.3,.878,3.5,3.9,1.5,0.1,4.0,4.0,29.3,,104.0,109.9
3,4,32,1046,16.3,.526,.470,.362,.299,455,0.5,6.5,3.7,14.4,1.5,0.2,12.6,28.3,,2.0,0.5,2.4,.094,,1.6,-3.2,-1.5
4,0,32,1076,132,274,.482,80,152,.526,52,122,.426,103,124,.831,14,98,112,78,27,2,59,73,419
4,1,32,33.6,4.1,8.6,.482,2.5,4.8,.526,1.6,3.8,.426,3.2,3.9,.831,3.5,2.4,0.8,0.1,1.8,2.3,13.1
4,2,32,1076,4.9,10.2,.482,3.0,5.7,.526,1.9,4.5,.426,3.8,4.6,.831,4.2,2.9,1.0,0.1,2.2,2.7,15.6
4,3,32,1076,7.6,15.8,.482,4.6,8.8,.526,3.0,7.0,.426,5.9,7.1,.831,6.5,4.5,1.6,0.1,3.4,4.2,24.2,,120.0,107.8
4,4,32,1076,18.4,.629,.577,.445,.453,398,1.8,11.2,6.8,15.5,1.6,0.2,15.1,20.0,,3.1,0.7,3.8,.142,,5.7,-0.9,4.8
5,0,26,708,96,147,.653,92,132,.697,4,15,.267,33,59,.559,93,134,227,45,49,12,36,79,229
5,1,26,27.2,3.7,5.7,.653,3.5,5.1,.697,0.2,0.6,.267,1.3,2.3,.559,8.7,1.7,1.9,0.5,1.4,3.0,8.8
5,2,26,708,5.4,8.3,.653,5.2,7.5,.697,0.2,0.8,.267,1.9,3.3,.559,12.8,2.5,2.8,0.7,2.0,4.5,12.9
5,3,26,708,8.4,12.9,.653,8.1,11.6,.697,0.4,1.3,.267,2.9,5.2,.559,19.9,3.9,4.3,1.1,3.2,6.9,20.1,,129.2,95.7
5,4,26,708,26.3,.654,.667,.102,.401,265,18.3,23.3,20.9,14.0,4.3,2.1,17.1,16.4,,2.5,1.3,3.8,.214,,8.1,4.7,12.8
6,0,17,85,2,15,.133,2,13,.154,0,2,.000,6,8,.750,2,7,9,8,2,0,4,10,10
6,1,17,5.0,0.1,0.9,.133,0.1,0.8,.154,0.0,0.1,.000,0.4,0.5,.750,0.5,0.5,0.1,0.0,0.2,0.6,0.6
6,2,17,85,0.9,7.1,.133,0.9,6.1,.154,0.0,0.9,.000,2.8,3.8,.750,4.2,3.8,0.9,0.0,1.9,4.7,4.7
6,3,17,85,1.5,10.9,.133,1.5,9.5,.154,0.0,1.5,.000,4.4,5.8,.750,6.6,5.8,1.5,0.0,2.9,7.3,7.3,,73.1,108.3
6,4,17,85,2.4,.266,.133,.133,.533,15,3.3,10.1,6.9,16.6,1.5,0.0,17.5,14.8,,-0.1,0.0,0.0,-.023,,-4.9,-1.1,-5.9
7,0,29,671,44,94,.468,17,32,.531,27,62,.435,19,23,.826,9,57,66,33,16,0,35,46,134
7,1,29,23.1,1.5,3.2,.468,0.6,1.1,.531,0.9,2.1,.435,0.7,0.8,.826,2.3,1.1,0.6,0.0,1.2,1.6,4.6
7,2,29,671,2.6,5.6,.468,1.0,1.9,.531,1.6,3.7,.435,1.1,1.4,.826,3.9,2.0,1.0,0.0,2.1,2.7,8.0
7,3,29,671,4.1,8.7,.468,1.6,3.0,.531,2.5,5.7,.435,1.8,2.1,.826,6.1,3.1,1.5,0.0,3.2,4.3,12.4,,106.3,108.4
7,4,29,671,9.4,.639,.612,.660,.245,131,1.9,10.4,6.4,9.4,1.5,0.0,25.0,11.5,,0.6,0.4,1.0,.062,,2.4,-0.3,2.1
8,0,30,475,46,94,.489,39,75,.520,7,19,.368,54,78,.692,15,45,60,29,12,10,26,74,153
8,1,30,15.8,1.5,3.1,.489,1.3,2.5,.520,0.2,0.6,.368,1.8,2.6,.692,2.0,1.0,0.4,0.3,0.9,2.5,5.1
8,2,30,475,3.9,7.9,.489,3.3,6.3,.520,0.6,1.6,.368,4.5,6.6,.692,5.1,2.4,1.0,0.8,2.2,6.2,12.9
8,3,30,475,6.0,12.3,.489,5.1,9.8,.520,0.9,2.5,.368,7.1,10.2,.692,7.8,3.8,1.6,1.3,3.4,9.7,20.0,,113.3,106.0
8,4,30,475,14.8,.584,.527,.202,.830,155,4.4,11.6,8.3,12.4,1.6,2.6,16.6,18.2,,1.0,0.4,1.4,.118,,2.0,0.4,2.4
9,0,30,679,97,221,.439,78,175,.446,19,46,.413,70,97,.722,36,118,154,28,9,13,61,73,283
9,1,30,22.6,3.2,7.4,.439,2.6,5.8,.446,0.6,1.5,.413,2.3,3.2,.722,5.1,0.9,0.3,0.4,2.0,2.4,9.4
9,2,30,679,5.7,13.0,.439,4.6,10.3,.446,1.1,2.7,.413,4.1,5.7,.722,9.1,1.6,0.5,0.8,3.6,4.3,16.7
9,3,30,679,8.9,20.2,.439,7.1,16.0,.446,1.7,4.2,.413,6.4,8.9,.722,14.1,2.6,0.8,1.2,5.6,6.7,25.8,,98.4,104.1
9,4,30,679,16.1,.530,.482,.208,.439,274,7.4,21.4,14.8,9.2,0.8,2.4,18.6,26.6,,0.8,0.7,1.5,.087,,-0.9,-0.8,-1.7
10,0,14,92,5,11,.455,5,11,.455,0,0,,1,2,.500,6,9,15,0,0,2,7,12,11
10,1,14,6.6,0.4,0.8,.455,0.4,0.8,.455,0.0,0.0,,0.1,0.1,.500,1.1,0.0,0.0,0.1,0.5,0.9,0.8
10,2,14,92,2.2,4.8,.455,2.2,4.8,.455,0.0,0.0,,0.4,0.9,.500,6.5,0.0,0.0,0.9,3.0,5.2,4.8
10,3,14,92,3.4,7.4,.455,3.4,7.4,.455,0.0,0.0,,0.7,1.3,.500,10.1,0.0,0.0,1.3,4.7,8.1,7.4,,72.6,109.5
10,4,14,92,2.0,.460,.455,.000,.182,13,9.1,12.0,10.7,0.0,0.0,2.7,36.9,11.3,,-0.1,0.0,0.0,-.019,,-5.2,-2.2,-7.4
