0,0,30,230,30,57,.526,30,57,.526,0,0,,26,40,.650,14,29,43,7,3,14,20,39,86
0,1,30,7.7,1.0,1.9,.526,1.0,1.9,.526,0.0,0.0,,0.9,1.3,.650,1.4,0.2,0.1,0.5,0.7,1.3,2.9
0,2,30,230,5.2,9.9,.526,5.2,9.9,.526,0.0,0.0,,4.5,7.0,.650,7.5,1.2,0.5,2.4,3.5,6.8,15.0
0,3,30,230,7.7,14.7,.526,7.7,14.7,.526,0.0,0.0,,6.7,10.3,.650,11.1,1.8,0.8,3.6,5.2,10.1,22.2,,100.9,100.6
0,4,30,230,15.0,.566,.526,.000,.702,82,7.5,14.8,11.2,6.2,0.8,6.8,20.8,21.5,,0.3,0.3,0.6,.102,,-2.4,2.7,0.2
1,0,32,486,44,105,.419,27,48,.563,17,57,.298,28,39,.718,14,44,58,52,20,2,40,35,133
1,1,32,15.2,1.4,3.3,.419,0.8,1.5,.563,0.5,1.8,.298,0.9,1.2,.718,1.8,1.6,0.6,0.1,1.3,1.1,4.2
1,2,32,486,3.6,8.6,.419,2.2,4.0,.563,1.4,4.7,.298,2.3,3.2,.718,4.8,4.3,1.6,0.2,3.3,2.9,10.9
1,3,32,486,5.4,12.8,.419,3.3,5.9,.563,2.1,7.0,.298,3.4,4.8,.718,7.1,6.3,2.4,0.2,4.9,4.3,16.2,,100.1,102.3
1,4,32,486,12.7,.538,.500,.543,.371,146,3.6,10.6,7.2,20.2,2.4,0.5,24.5,17.3,,0.5,0.6,1.0,.086,,1.1,1.0,2.1
2,0,29,741,89,226,.394,50,117,.427,39,109,.358,47,55,.855,9,34,43,62,19,0,50,48,264
2,1,29,25.6,3.1,7.8,.394,1.7,4.0,.427,1.3,3.8,.358,1.6,1.9,.855,1.5,2.1,0.7,0.0,1.7,1.7,9.1
2,2,29,741,4.8,12.2,.394,2.7,6.3,.427,2.1,5.9,.358,2.5,3.0,.855,2.3,3.3,1.0,0.0,2.7,2.6,14.3
2,3,29,741,7.1,18.1,.394,4.0,9.4,.427,3.1,8.7,.358,3.8,4.4,.855,3.4,5.0,1.5,0.0,4.0,3.8,21.1,,102.7,106.8
2,4,29,741,12.3,.524,.480,.482,.243,256,1.5,5.4,3.5,16.7,1.5,0.0,16.5,21.0,,1.0,0.6,1.5,.083,,1.3,-1.4,0.0
3,0,32,763,120,220,.545,120,220,.545,0,0,,137,211,.649,64,80,144,57,43,4,81,74,377
3,1,32,23.8,3.8,6.9,.545,3.8,6.9,.545,0.0,0.0,,4.3,6.6,.649,4.5,1.8,1.3,0.1,2.5,2.3,11.8
3,2,32,763,6.3,11.5,.545,6.3,11.5,.545,0.0,0.0,,7.2,11.1,.649,7.5,3.0,2.3,0.2,4.2,3.9,19.8
3,3,32,763,9.3,17.1,.545,9.3,17.1,.545,0.0,0.0,,10.7,16.4,.649,11.2,4.4,3.3,0.3,6.3,5.8,29.3,,109.0,99.4
3,4,32,763,22.9,.589,.545,.000,.959,381,10.4,12.3,11.3,16.1,3.3,0.6,20.2,27.1,,2.0,1.1,3.1,.163,,3.2,2.2,5.4
4,0,32,936,70,191,.366,37,80,.463,33,111,.297,54,71,.761,7,89,96,91,22,2,58,73,227
4,1,32,29.3,2.2,6.0,.366,1.2,2.5,.463,1.0,3.5,.297,1.7,2.2,.761,3.0,2.8,0.7,0.1,1.8,2.3,7.1
4,2,32,936,3.0,8.2,.366,1.6,3.4,.463,1.4,4.7,.297,2.3,3.0,.761,4.1,3.9,0.9,0.1,2.5,3.1,9.7
4,3,32,936,4.4,12.1,.366,2.3,5.1,.463,2.1,7.0,.297,3.4,4.5,.761,6.1,5.8,1.4,0.1,3.7,4.6,14.4,,99.6,104.5
4,4,32,936,9.8,.505,.453,.581,.372,244,0.9,11.1,6.2,17.8,1.4,0.2,20.5,15.5,,0.7,0.9,1.7,.071,,0.7,0.7,1.4
5,0,32,655,64,105,.610,62,92,.674,2,13,.154,7,17,.412,59,87,146,27,35,17,24,89,137
5,1,32,20.5,2.0,3.3,.610,1.9,2.9,.674,0.1,0.4,.154,0.2,0.5,.412,4.6,0.8,1.1,0.5,0.8,2.8,4.3
5,2,32,655,3.9,6.4,.610,3.8,5.6,.674,0.1,0.8,.154,0.4,1.0,.412,8.9,1.6,2.1,1.0,1.5,5.4,8.4
5,3,32,655,5.8,9.5,.610,5.6,8.3,.674,0.2,1.2,.154,0.6,1.5,.412,13.2,2.4,3.2,1.5,2.2,8.1,12.4,,119.7,97.1
5,4,32,655,15.9,.606,.619,.124,.162,153,11.1,15.6,13.4,7.9,3.2,2.9,17.5,10.8,,1.1,1.1,2.2,.137,,3.0,5.1,8.1
6,0,28,250,27,80,.338,8,15,.533,19,65,.292,7,10,.700,6,17,23,8,8,3,9,18,80
6,1,28,8.9,1.0,2.9,.338,0.3,0.5,.533,0.7,2.3,.292,0.3,0.4,.700,0.8,0.3,0.3,0.1,0.3,0.6,2.9
6,2,28,250,4.3,12.8,.338,1.3,2.4,.533,3.0,10.4,.292,1.1,1.6,.700,3.7,1.3,1.3,0.5,1.4,2.9,12.8
6,3,28,250,6.4,19.0,.338,1.9,3.6,.533,4.5,15.4,.292,1.7,2.4,.700,5.5,1.9,1.9,0.7,2.1,4.3,19.0,,99.4,104.2
6,4,28,250,10.8,.472,.456,.813,.125,72,3.0,8.0,5.5,6.2,1.9,1.3,9.6,19.3,,0.2,0.3,0.5,.075,,1.1,-0.9,0.2
7,0,30,664,61,151,.404,7,20,.350,54,131,.412,17,21,.810,5,64,69,51,32,3,38,52,193
7,1,30,22.1,2.0,5.0,.404,0.2,0.7,.350,1.8,4.4,.412,0.6,0.7,.810,2.3,1.7,1.1,0.1,1.3,1.7,6.4
7,2,30,664,3.7,9.1,.404,0.4,1.2,.350,3.3,7.9,.412,1.0,1.3,.810,4.2,3.1,1.9,0.2,2.3,3.1,11.6
7,3,30,664,5.5,13.5,.404,0.6,1.8,.350,4.8,11.7,.412,1.5,1.9,.810,6.2,4.6,2.9,0.3,3.4,4.6,17.2,,109.8,101.1
7,4,30,664,13.7,.599,.583,.868,.139,182,0.9,11.3,6.2,14.5,2.9,0.5,19.1,15.4,,1.0,0.9,1.9,.112,,3.6,1.5,5.2
8,0,32,944,215,366,.587,206,342,.602,9,24,.375,110,169,.651,76,170,246,21,26,18,75,90,549
8,1,32,29.5,6.7,11.4,.587,6.4,10.7,.602,0.3,0.8,.375,3.4,5.3,.651,7.7,0.7,0.8,0.6,2.3,2.8,17.2
8,2,32,944,9.1,15.5,.587,8.7,14.5,.602,0.4,1.0,.375,4.7,7.2,.651,10.4,0.9,1.1,0.8,3.2,3.8,23.3
8,3,32,944,13.5,23.0,.587,12.9,21.5,.602,0.6,1.5,.375,6.9,10.6,.651,15.5,1.3,1.6,1.1,4.7,5.7,34.5,,114.2,98.8
8,4,32,944,26.4,.615,.600,.066,.462,482,9.9,21.1,15.7,5.7,1.6,2.1,14.4,28.4,,3.0,1.5,4.5,.190,,3.1,0.1,3.2
9,0,3,10,2,2,1.000,1,1,1.000,1,1,1.000,1,2,.500,1,2,3,0,1,0,0,0,6
9,1,3,3.3,0.7,0.7,1.000,0.3,0.3,1.000,0.3,0.3,1.000,0.3,0.7,.500,1.0,0.0,0.3,0.0,0.0,0.0,2.0
9,2,3,10,8.0,8.0,1.000,4.0,4.0,1.000,4.0,4.0,1.000,4.0,8.0,.500,12.0,0.0,4.0,0.0,0.0,0.0,24.0
9,3,3,10,11.9,11.9,1.000,5.9,5.9,1.000,5.9,5.9,1.000,5.9,11.9,.500,17.8,0.0,5.9,0.0,0.0,0.0,35.6,,196.2,89.8
9,4,3,10,44.8,1.017,1.250,.500,1.000,4,12.3,23.4,18.0,0.0,5.9,0.0,0.0,15.2,,0.1,0.0,0.1,.338,,13.9,-1.6,12.4
10,0,20,148,10,22,.455,8,12,.667,2,10,.200,5,8,.625,5,11,16,9,2,3,9,22,27
10,1,20,7.4,0.5,1.1,.455,0.4,0.6,.667,0.1,0.5,.200,0.3,0.4,.625,0.8,0.5,0.1,0.2,0.5,1.1,1.4
10,2,20,148,2.7,5.9,.455,2.2,3.2,.667,0.5,2.7,.200,1.4,2.2,.625,4.3,2.4,0.5,0.8,2.4,5.9,7.3
10,3,20,148,4.0,8.8,.455,3.2,4.8,.667,0.8,4.0,.200,2.0,3.2,.625,6.4,3.6,0.8,1.2,3.6,8.8,10.8,,95.3,105.5
10,4,20,148,6.6,.523,.500,.455,.364,30,4.2,8.7,6.5,11.0,0.8,2.3,25.9,12.1,,0.1,0.1,0.2,.051,,-1.1,1.1,-0.1
11,0,28,513,60,158,.380,49,126,.389,11,32,.344,46,58,.793,21,72,93,33,18,15,31,56,177
11,1,28,18.3,2.1,5.6,.380,1.8,4.5,.389,0.4,1.1,.344,1.6,2.1,.793,3.3,1.2,0.6,0.5,1.1,2.0,6.3
11,2,28,513,4.7,12.3,.380,3.8,9.8,.389,0.9,2.5,.344,3.6,4.5,.793,7.3,2.6,1.4,1.2,2.4,4.4,13.8
11,3,28,513,6.9,18.3,.380,5.7,14.6,.389,1.3,3.7,.344,5.3,6.7,.793,10.8,3.8,2.1,1.7,3.6,6.5,20.5,,99.7,99.1
11,4,28,513,14.7,.477,.415,.203,.367,179,5.1,16.4,10.9,12.8,2.1,3.3,14.3,21.7,,0.5,0.8,1.3,.103,,-1.0,2.7,1.8
12,0,2,11,0,3,.000,0,3,.000,0,0,,1,4,.250,1,1,2,1,0,0,1,5,1
12,1,2,5.5,0.0,1.5,.000,0.0,1.5,.000,0.0,0.0,,0.5,2.0,.250,1.0,0.5,0.0,0.0,0.5,2.5,0.5
12,2,2,11,0.0,10.9,.000,0.0,10.9,.000,0.0,0.0,,3.6,14.5,.250,7.3,3.6,0.0,0.0,3.6,18.2,3.6
12,3,2,11,0.0,16.2,.000,0.0,16.2,.000,0.0,0.0,,5.4,21.6,.250,10.8,5.4,0.0,0.0,5.4,27.0,5.4,,40.4,106.0
12,4,2,11,-17.0,.102,.000,.000,1.333,2,11.2,10.6,10.9,14.6,0.0,0.0,16.9,27.6,,-0.1,0.0,-0.1,-.225,,-15.1,-2.3,-17.4
13,0,12,74,6,21,.286,6,13,.462,0,8,.000,10,12,.833,1,9,10,5,3,1,9,6,22
13,1,12,6.2,0.5,1.8,.286,0.5,1.1,.462,0.0,0.7,.000,0.8,1.0,.833,0.8,0.4,0.3,0.1,0.8,0.5,1.8
13,2,12,74,3.2,11.4,.286,3.2,7.0,.462,0.0,4.3,.000,5.4,6.5,.833,5.4,2.7,1.6,0.5,4.9,3.2,11.9
13,3,12,74,4.8,16.8,.286,4.8,10.4,.462,0.0,6.4,.000,8.0,9.6,.833,8.0,4.0,2.4,0.8,7.2,4.8,17.6,,75.8,100.3
13,4,12,74,6.6,.412,.286,.381,.571,23,1.7,14.2,8.1,12.5,2.4,1.5,25.2,24.8,,-0.1,0.1,0.0,-.007,,-6.0,0.8,-5.3
