0,0,32,1070,186,410,.454,162,334,.485,24,76,.316,136,171,.795,82,155,237,106,35,16,78,84,532
0,1,32,33.4,5.8,12.8,.454,5.1,10.4,.485,0.8,2.4,.316,4.3,5.3,.795,7.4,3.3,1.1,0.5,2.4,2.6,16.6
0,2,32,1070,7.0,15.3,.454,6.1,12.5,.485,0.9,2.8,.316,5.1,6.4,.795,8.9,4.0,1.3,0.6,2.9,3.1,19.9
0,3,32,1070,10.6,23.3,.454,9.2,19.0,.485,1.4,4.3,.316,7.7,9.7,.795,13.5,6.0,2.0,0.9,4.4,4.8,30.2,,113.5,105.4
0,4,32,1070,23.3,.542,.483,.185,.417,538,8.5,17.0,12.6,23.2,2.0,1.7,13.7,27.2,,2.9,1.3,4.2,.158,,4.3,0.9,5.2
1,0,32,1084,164,450,.364,103,260,.396,61,190,.321,134,169,.793,73,194,267,105,35,18,58,59,523
1,1,32,33.9,5.1,14.1,.364,3.2,8.1,.396,1.9,5.9,.321,4.2,5.3,.793,8.3,3.3,1.1,0.6,1.8,1.8,16.3
1,2,32,1084,6.1,16.6,.364,3.8,9.6,.396,2.3,7.0,.321,4.9,6.2,.793,9.9,3.9,1.3,0.7,2.1,2.2,19.3
1,3,32,1084,9.2,25.3,.364,5.8,14.6,.396,3.4,10.7,.321,7.5,9.5,.793,15.0,5.9,2.0,1.0,3.3,3.3,29.3,,111.6,104.0
1,4,32,1084,22.2,.493,.432,.422,.376,529,7.4,21.0,14.0,21.5,2.0,1.9,9.9,27.7,,2.7,1.5,4.1,.152,,4.0,0.8,4.8
2,0,7,16,0,3,.000,0,0,,0,3,.000,1,4,.250,0,0,0,1,1,1,1,3,1
2,1,7,2.3,0.0,0.4,.000,0.0,0.0,,0.0,0.4,.000,0.1,0.6,.250,0.0,0.1,0.1,0.1,0.1,0.4,0.1
2,2,7,16,0.0,7.5,.000,0.0,0.0,,0.0,7.5,.000,2.5,10.0,.250,0.0,2.5,2.5,2.5,2.5,7.5,2.5
2,3,7,16,0.0,11.4,.000,0.0,0.0,,0.0,11.4,.000,3.8,15.2,.250,0.0,3.8,3.8,3.8,3.8,11.4,3.8,,29.8,103.9
2,4,7,16,-7.2,.102,.000,1.000,1.333,1,0.0,0.0,0.0,10.4,3.8,7.1,16.9,18.8,,-0.1,0.0,-0.1,-.154,,-10.2,0.0,-10.2
3,0,7,16,1,4,.250,1,4,.250,0,0,,4,4,1.000,2,2,4,0,0,1,0,4,6
3,1,7,2.3,0.1,0.6,.250,0.1,0.6,.250,0.0,0.0,,0.6,0.6,1.000,0.6,0.0,0.0,0.1,0.0,0.6,0.9
3,2,7,16,2.5,10.0,.250,2.5,10.0,.250,0.0,0.0,,10.0,10.0,1.000,10.0,0.0,0.0,2.5,0.0,10.0,15.0
3,3,7,16,3.8,15.2,.250,3.8,15.2,.250,0.0,0.0,,15.2,15.2,1.000,15.2,0.0,0.0,3.8,0.0,15.2,22.8,,136.9,106.7
3,4,7,16,18.4,.508,.250,.000,1.000,6,13.8,14.7,14.2,0.0,0.0,7.1,0.0,18.8,,0.1,0.0,0.1,.195,,-2.3,-3.9,-6.2
4,0,31,464,31,81,.383,15,36,.417,16,45,.356,42,53,.792,4,33,37,29,12,0,14,35,120
4,1,31,15.0,1.0,2.6,.383,0.5,1.2,.417,0.5,1.5,.356,1.4,1.7,.792,1.2,0.9,0.4,0.0,0.5,1.1,3.9
4,2,31,464,2.7,7.0,.383,1.3,3.1,.417,1.4,3.9,.356,3.6,4.6,.792,3.2,2.5,1.0,0.0,1.2,3.0,10.3
4,3,31,464,4.1,10.6,.383,2.0,4.7,.417,2.1,5.9,.356,5.5,6.9,.792,4.9,3.8,1.6,0.0,1.8,4.6,15.7,,119.9,110.5
4,4,31,464,11.4,.565,.481,.556,.654,115,1.0,8.3,4.5,11.7,1.6,0.0,11.6,13.2,,0.8,0.3,1.1,.096,,0.8,-1.9,-1.1
5,0,32,815,94,213,.441,60,115,.522,34,98,.347,52,76,.684,10,71,81,39,15,15,28,86,274
5,1,32,25.5,2.9,6.7,.441,1.9,3.6,.522,1.1,3.1,.347,1.6,2.4,.684,2.5,1.2,0.5,0.5,0.9,2.7,8.6
5,2,32,815,4.6,10.5,.441,2.9,5.6,.522,1.7,4.8,.347,2.6,3.7,.684,4.0,1.9,0.7,0.7,1.4,4.2,13.4
5,3,32,815,7.0,15.9,.441,4.5,8.6,.522,2.5,7.3,.347,3.9,5.7,.684,6.0,2.9,1.1,1.1,2.1,6.4,20.4,,113.3,109.5
5,4,32,815,12.9,.550,.521,.460,.357,242,1.4,10.2,5.7,9.8,1.1,2.1,10.1,17.4,,1.3,0.7,2.0,.097,,1.1,-1.0,0.1
6,0,30,368,33,56,.589,33,56,.589,0,0,,24,51,.471,38,44,82,0,5,21,12,60,90
6,1,30,12.3,1.1,1.9,.589,1.1,1.9,.589,0.0,0.0,,0.8,1.7,.471,2.7,0.0,0.2,0.7,0.4,2.0,3.0
6,2,30,368,3.6,6.1,.589,3.6,6.1,.589,0.0,0.0,,2.6,5.5,.471,8.9,0.0,0.5,2.3,1.3,6.5,9.8
6,3,30,368,5.5,9.3,.589,5.5,9.3,.589,0.0,0.0,,4.0,8.4,.471,13.6,0.0,0.8,3.5,2.0,9.9,14.9,,115.4,105.9
6,4,30,368,13.7,.561,.589,.000,.911,92,11.4,14.0,12.7,0.0,0.8,6.5,13.0,12.8,,0.5,0.4,1.0,.105,,-2.6,-0.8,-3.3
7,0,30,491,40,91,.440,39,82,.476,1,9,.111,44,68,.647,18,48,66,25,6,5,23,43,125
7,1,30,16.4,1.3,3.0,.440,1.3,2.7,.476,0.0,0.3,.111,1.5,2.3,.647,2.2,0.8,0.2,0.2,0.8,1.4,4.2
7,2,30,491,3.3,7.4,.440,3.2,6.7,.476,0.1,0.7,.111,3.6,5.5,.647,5.4,2.0,0.5,0.4,1.9,3.5,10.2
7,3,30,491,5.0,11.3,.440,4.8,10.2,.476,0.1,1.1,.111,5.5,8.4,.647,8.2,3.1,0.7,0.6,2.8,5.3,15.5,,103.7,110.5
7,4,30,491,10.1,.507,.445,.099,.747,126,4.0,11.5,7.6,9.8,0.7,1.2,15.7,15.2,,0.4,0.4,0.8,.063,,-2.3,-1.0,-3.3
8,0,13,31,6,13,.462,3,5,.600,3,8,.375,0,2,.000,0,0,0,2,2,0,2,3,15
8,1,13,2.4,0.5,1.0,.462,0.2,0.4,.600,0.2,0.6,.375,0.0,0.2,.000,0.0,0.2,0.2,0.0,0.2,0.2,1.2
8,2,13,31,7.7,16.8,.462,3.9,6.5,.600,3.9,10.3,.375,0.0,2.6,.000,0.0,2.6,2.6,0.0,2.6,3.9,19.4
8,3,13,31,11.8,25.5,.462,5.9,9.8,.600,5.9,15.7,.375,0.0,3.9,.000,0.0,3.9,3.9,0.0,3.9,5.9,29.4,,100.0,108.2
8,4,13,31,15.3,.538,.577,.615,.154,12,0.0,0.0,0.0,15.8,3.9,0.0,12.5,26.3,,0.0,0.0,0.1,.073,,1.1,-6.4,-5.3
9,0,32,1075,130,320,.406,103,244,.422,27,76,.355,143,189,.757,33,117,150,73,28,5,39,85,430
9,1,32,33.6,4.1,10.0,.406,3.2,7.6,.422,0.8,2.4,.355,4.5,5.9,.757,4.7,2.3,0.9,0.2,1.2,2.7,13.4
9,2,32,1075,4.8,11.9,.406,3.8,9.1,.422,1.0,2.8,.355,5.3,7.0,.757,5.6,2.7,1.0,0.2,1.5,3.2,16.0
9,3,32,1075,7.4,18.1,.406,5.8,13.8,.422,1.5,4.3,.355,8.1,10.7,.757,8.5,4.1,1.6,0.3,2.2,4.8,24.3,,116.1,108.6
9,4,32,1075,17.0,.525,.448,.238,.591,413,3.4,12.8,7.9,14.1,1.6,0.5,8.7,21.3,,2.5,1.0,3.5,.128,,1.9,-1.0,0.9
10,0,31,729,64,109,.587,64,109,.587,0,0,,46,72,.639,61,67,128,13,15,17,22,79,174
10,1,31,23.5,2.1,3.5,.587,2.1,3.5,.587,0.0,0.0,,1.5,2.3,.639,4.1,0.4,0.5,0.5,0.7,2.5,5.6
10,2,31,729,3.5,6.0,.587,3.5,6.0,.587,0.0,0.0,,2.5,4.0,.639,7.0,0.7,0.8,0.9,1.2,4.3,9.5
10,3,31,729,5.3,9.1,.587,5.3,9.1,.587,0.0,0.0,,3.8,6.0,.639,10.7,1.1,1.3,1.4,1.8,6.6,14.5,,124.4,108.7
10,4,31,729,13.7,.608,.587,.000,.661,178,9.2,10.8,10.0,3.5,1.3,2.7,13.3,11.6,,1.3,0.7,2.0,.110,,0.6,0.7,1.4
11,0,18,242,21,48,.438,17,31,.548,4,17,.235,11,18,.611,19,23,42,12,5,4,9,50,57
11,1,18,13.4,1.2,2.7,.438,0.9,1.7,.548,0.2,0.9,.235,0.6,1.0,.611,2.3,0.7,0.3,0.2,0.5,2.8,3.2
11,2,18,242,3.5,7.9,.438,2.8,5.1,.548,0.7,2.8,.235,1.8,3.0,.611,6.9,2.0,0.8,0.7,1.5,8.3,9.4
11,3,18,242,5.3,12.1,.438,4.3,7.8,.548,1.0,4.3,.235,2.8,4.5,.611,10.6,3.0,1.3,1.0,2.3,12.6,14.3,,110.7,108.5
11,4,18,242,10.2,.504,.479,.354,.375,63,8.7,11.2,9.9,9.6,1.3,1.9,13.7,13.8,,0.3,0.2,0.5,.087,,0.1,-0.2,-0.1
