0,0,2,66,11,41,.268,6,27,.222,5,14,.357,1,3,.333,3,5,8,7,2,0,6,1,28
0,1,2,33.0,5.5,20.5,.268,3.0,13.5,.222,2.5,7.0,.357,0.5,1.5,.333,4.0,3.5,1.0,0.0,3.0,0.5,14.0
0,2,2,66,6.7,24.8,.268,3.6,16.4,.222,3.0,8.5,.357,0.6,1.8,.333,4.8,4.2,1.2,0.0,3.6,0.6,17.0
0,3,2,66,10.5,39.2,.268,5.7,25.8,.222,4.8,13.4,.357,1.0,2.9,.333,7.6,6.7,1.9,0.0,5.7,1.0,26.7,,73.5,101.3
0,4,2,66,6.8,.330,.329,.341,.073,29,5.6,9.2,7.4,26.7,1.9,0.0,12.4,40.5,,-0.2,0.1,-0.1,-.064,,-6.3,-3.7,-10.0
1,0,30,1068,141,358,.394,104,247,.421,37,111,.333,146,162,.901,16,67,83,133,30,3,69,46,465
1,1,30,35.6,4.7,11.9,.394,3.5,8.2,.421,1.2,3.7,.333,4.9,5.4,.901,2.8,4.4,1.0,0.1,2.3,1.5,15.5
1,2,30,1068,5.3,13.4,.394,3.9,9.3,.421,1.4,4.2,.333,5.5,6.1,.901,3.1,5.0,1.1,0.1,2.6,1.7,17.4
1,3,30,1068,8.3,21.1,.394,6.1,14.6,.421,2.2,6.6,.333,8.6,9.6,.901,4.9,7.8,1.8,0.2,4.1,2.7,27.4,,111.7,101.9
1,4,30,1068,19.8,.535,.446,.310,.453,481,1.8,7.6,4.7,28.8,1.8,0.3,13.7,26.0,,3.0,1.3,4.3,.162,,2.5,-2.2,0.3
2,0,30,755,124,210,.590,124,210,.590,0,0,,52,78,.667,76,140,216,32,10,23,49,80,300
2,1,30,25.2,4.1,7.0,.590,4.1,7.0,.590,0.0,0.0,,1.7,2.6,.667,7.2,1.1,0.3,0.8,1.6,2.7,10.0
2,2,30,755,6.6,11.1,.590,6.6,11.1,.590,0.0,0.0,,2.8,4.1,.667,11.4,1.7,0.5,1.2,2.6,4.2,15.9
2,3,30,755,10.4,17.5,.590,10.4,17.5,.590,0.0,0.0,,4.3,6.5,.667,18.0,2.7,0.8,1.9,4.1,6.7,25.0,,114.5,96.1
2,4,30,755,22.5,.607,.590,.000,.371,294,12.4,22.5,17.5,10.6,0.8,3.3,16.6,21.6,,2.0,1.3,3.4,.178,,0.8,0.9,1.6
3,0,27,419,49,135,.363,5,19,.263,44,116,.379,12,17,.706,2,21,23,27,7,2,26,38,154
3,1,27,15.5,1.8,5.0,.363,0.2,0.7,.263,1.6,4.3,.379,0.4,0.6,.706,0.9,1.0,0.3,0.1,1.0,1.4,5.7
3,2,27,419,4.7,12.9,.363,0.5,1.8,.263,4.2,11.1,.379,1.1,1.6,.706,2.2,2.6,0.7,0.2,2.5,3.6,14.7
3,3,27,419,7.4,20.3,.363,0.8,2.9,.263,6.6,17.4,.379,1.8,2.6,.706,3.5,4.1,1.1,0.3,3.9,5.7,23.2,,100.3,103.7
3,4,27,419,11.5,.538,.526,.859,.126,137,0.6,6.1,3.4,14.4,1.1,0.5,15.4,22.3,,0.5,0.4,0.9,.087,,0.8,-4.1,-3.3
4,0,26,510,27,79,.342,27,75,.360,0,4,.000,24,30,.800,39,101,140,37,17,2,43,53,78
4,1,26,19.6,1.0,3.0,.342,1.0,2.9,.360,0.0,0.2,.000,0.9,1.2,.800,5.4,1.4,0.7,0.1,1.7,2.0,3.0
4,2,26,510,2.1,6.2,.342,2.1,5.9,.360,0.0,0.3,.000,1.9,2.4,.800,11.0,2.9,1.3,0.2,3.4,4.2,6.1
4,3,26,510,3.3,9.8,.342,3.3,9.3,.360,0.0,0.5,.000,3.0,3.7,.800,17.3,4.6,2.1,0.2,5.3,6.5,9.6,,83.4,94.5
4,4,26,510,9.3,.418,.342,.051,.380,109,9.4,24.0,16.8,14.2,2.1,0.4,31.6,14.7,,-0.2,1.0,0.8,.059,,-5.1,2.2,-2.9
5,0,17,149,20,47,.426,8,18,.444,12,29,.414,6,6,1.000,7,24,31,4,6,0,11,12,58
5,1,17,8.8,1.2,2.8,.426,0.5,1.1,.444,0.7,1.7,.414,0.4,0.4,1.000,1.8,0.2,0.4,0.0,0.6,0.7,3.4
5,2,17,149,5.4,12.6,.426,2.1,4.8,.444,3.2,7.8,.414,1.6,1.6,1.000,8.3,1.1,1.6,0.0,3.0,3.2,15.6
5,3,17,149,8.5,19.9,.426,3.4,7.6,.444,5.1,12.3,.414,2.5,2.5,1.000,13.1,1.7,2.5,0.0,4.7,5.1,24.5,,102.1,95.7
5,4,17,149,17.1,.582,.553,.617,.128,51,5.8,19.5,12.7,6.2,2.5,0.0,18.1,22.5,,0.2,0.3,0.5,.127,,-0.3,-2.1,-2.3
6,0,15,153,18,36,.500,11,17,.647,7,19,.368,6,10,.600,2,17,19,5,9,5,4,12,49
6,1,15,10.2,1.2,2.4,.500,0.7,1.1,.647,0.5,1.3,.368,0.4,0.7,.600,1.3,0.3,0.6,0.3,0.3,0.8,3.3
6,2,15,153,4.7,9.4,.500,2.9,4.4,.647,1.8,5.0,.368,1.6,2.6,.600,5.0,1.3,2.4,1.3,1.0,3.1,12.8
6,3,15,153,7.4,14.8,.500,4.5,7.0,.647,2.9,7.8,.368,2.5,4.1,.600,7.8,2.1,3.7,2.1,1.6,4.9,20.2,,117.4,93.2
6,4,15,153,18.8,.601,.597,.528,.278,41,1.6,13.5,7.6,7.3,3.7,3.5,8.9,16.1,,0.3,0.3,0.6,.163,,1.0,1.8,2.8
7,0,15,134,6,21,.286,2,4,.500,4,17,.235,3,4,.750,1,14,15,5,2,1,9,19,19
7,1,15,8.9,0.4,1.4,.286,0.1,0.3,.500,0.3,1.1,.235,0.2,0.3,.750,1.0,0.3,0.1,0.1,0.6,1.3,1.3
7,2,15,134,1.8,6.3,.286,0.6,1.2,.500,1.2,5.1,.235,0.9,1.2,.750,4.5,1.5,0.6,0.3,2.7,5.7,5.7
7,3,15,134,2.8,9.9,.286,0.9,1.9,.500,1.9,8.0,.235,1.4,1.9,.750,7.1,2.4,0.9,0.5,4.2,8.9,8.9,,70.4,101.0
7,4,15,134,1.3,.415,.381,.810,.190,19,0.9,12.7,6.8,7.2,0.9,0.8,28.2,13.1,,-0.2,0.2,0.0,.006,,-5.9,-1.1,-7.0
8,0,13,76,1,1,1.000,1,1,1.000,0,0,,3,4,.750,0,6,6,13,2,0,5,7,5
8,1,13,5.8,0.1,0.1,1.000,0.1,0.1,1.000,0.0,0.0,,0.2,0.3,.750,0.5,1.0,0.2,0.0,0.4,0.5,0.4
8,2,13,76,0.5,0.5,1.000,0.5,0.5,1.000,0.0,0.0,,1.6,2.1,.750,3.2,6.8,1.1,0.0,2.6,3.7,2.6
8,3,13,76,0.8,0.8,1.000,0.8,0.8,1.000,0.0,0.0,,2.5,3.3,.750,5.0,10.8,1.7,0.0,4.1,5.8,4.1,,109.2,101.3
8,4,13,76,8.3,.862,1.000,.000,4.000,11,0.0,9.6,4.8,31.0,1.7,0.0,63.3,5.7,,0.1,0.1,0.2,.084,,-4.0,-3.1,-7.1
9,0,30,887,114,246,.463,56,114,.491,58,132,.439,33,50,.660,11,79,90,19,34,5,35,44,319
9,1,30,29.6,3.8,8.2,.463,1.9,3.8,.491,1.9,4.4,.439,1.1,1.7,.660,3.0,0.6,1.1,0.2,1.2,1.5,10.6
9,2,30,887,5.1,11.1,.463,2.5,5.1,.491,2.6,6.0,.439,1.5,2.3,.660,4.1,0.9,1.5,0.2,1.6,2.0,14.4
9,3,30,887,8.1,17.5,.463,4.0,8.1,.491,4.1,9.4,.439,2.3,3.6,.660,6.4,1.4,2.4,0.4,2.5,3.1,22.7,,110.1,99.0
9,4,30,887,16.0,.591,.581,.537,.203,261,1.5,10.8,6.2,4.9,2.4,0.6,11.5,19.0,,1.5,1.3,2.9,.129,,1.4,-0.9,0.5
10,0,29,320,33,72,.458,32,68,.471,1,4,.250,12,25,.480,20,37,57,15,4,19,9,34,79
10,1,29,11.0,1.1,2.5,.458,1.1,2.3,.471,0.0,0.1,.250,0.4,0.9,.480,2.0,0.5,0.1,0.7,0.3,1.2,2.7
10,2,29,320,4.1,9.0,.458,4.0,8.5,.471,0.1,0.5,.250,1.5,3.1,.480,7.1,1.9,0.5,2.4,1.1,4.3,9.9
10,3,29,320,6.5,14.2,.458,6.3,13.4,.471,0.2,0.8,.250,2.4,4.9,.480,11.2,3.0,0.8,3.7,1.8,6.7,15.6,,104.4,97.5
10,4,29,320,14.3,.471,.465,.056,.347,83,7.7,14.0,10.9,10.2,0.8,6.4,9.7,16.0,,0.4,0.5,0.9,.113,,-3.0,2.1,-0.9
11,0,6,15,1,4,.250,0,3,.000,1,1,1.000,1,2,.500,1,3,4,1,0,1,0,3,4
11,1,6,2.5,0.2,0.7,.250,0.0,0.5,.000,0.2,0.2,1.000,0.2,0.3,.500,0.7,0.2,0.0,0.2,0.0,0.5,0.7
11,2,6,15,2.7,10.7,.250,0.0,8.0,.000,2.7,2.7,1.000,2.7,5.3,.500,10.7,2.7,0.0,2.7,0.0,8.0,10.7
11,3,6,15,4.2,16.8,.250,0.0,12.6,.000,4.2,4.2,1.000,4.2,8.4,.500,16.8,4.2,0.0,4.2,0.0,12.6,16.8,,109.1,94.4
11,4,6,15,14.4,.404,.375,.250,.500,5,8.2,24.2,16.3,13.4,0.0,7.2,0.0,18.2,,0.0,0.0,0.1,.146,,-2.8,1.5,-1.3
12,0,30,742,73,176,.415,48,113,.425,25,63,.397,45,71,.634,31,95,126,49,28,8,58,88,216
12,1,30,24.7,2.4,5.9,.415,1.6,3.8,.425,0.8,2.1,.397,1.5,2.4,.634,4.2,1.6,0.9,0.3,1.9,2.9,7.2
12,2,30,742,3.9,9.5,.415,2.6,6.1,.425,1.3,3.4,.397,2.4,3.8,.634,6.8,2.6,1.5,0.4,3.1,4.7,11.6
12,3,30,742,6.2,14.9,.415,4.1,9.6,.425,2.1,5.4,.397,3.8,6.0,.634,10.7,4.2,2.4,0.7,4.9,7.5,18.3,,95.0,96.6
12,4,30,742,12.6,.515,.486,.358,.403,221,5.1,15.5,10.4,14.2,2.4,1.2,21.7,19.9,,0.4,1.3,1.7,.092,,-1.7,1.0,-0.7
13,0,25,333,19,59,.322,4,10,.400,15,49,.306,11,14,.786,3,24,27,16,16,1,12,24,64
13,1,25,13.3,0.8,2.4,.322,0.2,0.4,.400,0.6,2.0,.306,0.4,0.6,.786,1.1,0.6,0.6,0.0,0.5,1.0,2.6
13,2,25,333,2.3,7.1,.322,0.5,1.2,.400,1.8,5.9,.306,1.3,1.7,.786,3.2,1.9,1.9,0.1,1.4,2.9,7.7
13,3,25,333,3.6,11.2,.322,0.8,1.9,.400,2.8,9.3,.306,2.1,2.6,.786,5.1,3.0,3.0,0.2,2.3,4.5,12.1,,97.5,98.5
13,4,25,333,9.1,.487,.449,.831,.237,63,1.1,8.7,4.9,9.5,3.0,0.3,15.5,12.9,,0.2,0.5,0.7,.082,,-1.3,-0.2,-1.5
14,0,30,398,45,96,.469,43,90,.478,2,6,.333,17,25,.680,33,60,93,17,14,0,23,46,109
14,1,30,13.3,1.5,3.2,.469,1.4,3.0,.478,0.1,0.2,.333,0.6,0.8,.680,3.1,0.6,0.5,0.0,0.8,1.5,3.6
14,2,30,398,4.5,9.6,.469,4.3,9.0,.478,0.2,0.6,.333,1.7,2.5,.680,9.3,1.7,1.4,0.0,2.3,4.6,11.0
14,3,30,398,7.1,15.2,.469,6.8,14.3,.478,0.3,1.0,.333,2.7,4.0,.680,14.7,2.7,2.2,0.0,3.6,7.3,17.3,,100.5,96.7
14,4,30,398,14.1,.505,.479,.063,.260,116,10.2,18.3,14.3,9.5,2.2,0.0,17.6,18.1,,0.4,0.7,1.1,.110,,-2.5,-0.1,-2.6
15,0,9,25,1,5,.200,1,5,.200,0,0,,6,8,.750,2,3,5,0,1,0,2,4,8
15,1,9,2.8,0.1,0.6,.200,0.1,0.6,.200,0.0,0.0,,0.7,0.9,.750,0.6,0.0,0.1,0.0,0.2,0.4,0.9
15,2,9,25,1.6,8.0,.200,1.6,8.0,.200,0.0,0.0,,9.6,12.8,.750,8.0,0.0,1.6,0.0,3.2,6.4,12.8
15,3,9,25,2.5,12.6,.200,2.5,12.6,.200,0.0,0.0,,15.1,20.2,.750,12.6,0.0,2.5,0.0,5.0,10.1,20.2,,92.1,97.2
15,4,9,25,10.0,.455,.200,.000,1.600,8,9.8,14.5,12.2,0.0,2.5,0.0,18.5,23.8,,0.0,0.0,0.1,.081,,-8.5,-5.3,-13.7
