0,0,28,747,101,220,.459,77,156,.494,24,64,.375,63,78,.808,53,65,118,27,22,8,35,48,289
0,1,28,26.7,3.6,7.9,.459,2.8,5.6,.494,0.9,2.3,.375,2.3,2.8,.808,4.2,1.0,0.8,0.3,1.3,1.7,10.3
0,2,28,747,5.4,11.8,.459,4.1,8.4,.494,1.3,3.4,.375,3.4,4.2,.808,6.3,1.4,1.2,0.4,1.9,2.6,15.5
0,3,28,747,8.9,19.4,.459,6.8,13.8,.494,2.1,5.7,.375,5.6,6.9,.808,10.4,2.4,1.9,0.7,3.1,4.2,25.5,,116.5,104.7
0,4,28,747,19.9,.562,.514,.291,.355,279,9.0,11.0,10.0,8.3,1.9,1.2,12.0,22.1,,2.0,0.8,2.8,.151,,2.1,-1.3,0.8
1,0,27,459,49,132,.371,36,89,.404,13,43,.302,34,47,.723,37,53,90,14,6,19,36,61,145
1,1,27,17.0,1.8,4.9,.371,1.3,3.3,.404,0.5,1.6,.302,1.3,1.7,.723,3.3,0.5,0.2,0.7,1.3,2.3,5.4
1,2,27,459,4.3,11.5,.371,3.1,7.8,.404,1.1,3.7,.302,3.0,4.1,.723,7.8,1.2,0.5,1.7,3.1,5.3,12.6
1,3,27,459,7.0,19.0,.371,5.2,12.8,.404,1.9,6.2,.302,4.9,6.8,.723,12.9,2.0,0.9,2.7,5.2,8.8,20.8,,93.5,103.3
1,4,27,459,12.1,.470,.420,.326,.356,149,10.2,14.6,12.4,6.6,0.9,4.7,18.9,23.5,,0.2,0.5,0.7,.063,,-3.8,-0.5,-4.3
2,0,28,799,60,96,.625,56,85,.659,4,11,.364,11,28,.393,35,116,151,111,18,8,43,62,135
2,1,28,28.5,2.1,3.4,.625,2.0,3.0,.659,0.1,0.4,.364,0.4,1.0,.393,5.4,4.0,0.6,0.3,1.5,2.2,4.8
2,2,28,799,3.0,4.8,.625,2.8,4.3,.659,0.2,0.6,.364,0.6,1.4,.393,7.6,5.6,0.9,0.4,2.2,3.1,6.8
2,3,28,799,5.0,7.9,.625,4.6,7.0,.659,0.3,0.9,.364,0.9,2.3,.393,12.5,9.2,1.5,0.7,3.6,5.1,11.2,,120.1,102.8
2,4,28,799,15.5,.618,.646,.115,.292,192,5.6,18.4,12.0,28.1,1.5,1.1,28.2,10.8,,1.5,1.0,2.5,.126,,0.8,1.1,1.9
3,0,26,573,70,168,.417,24,57,.421,46,111,.414,13,14,.929,4,43,47,16,8,5,19,37,199
3,1,26,22.0,2.7,6.5,.417,0.9,2.2,.421,1.8,4.3,.414,0.5,0.5,.929,1.8,0.6,0.3,0.2,0.7,1.4,7.7
3,2,26,573,4.9,11.7,.417,1.7,4.0,.421,3.2,7.7,.414,0.9,1.0,.929,3.3,1.1,0.6,0.3,1.3,2.6,13.9
3,3,26,573,8.1,19.3,.417,2.8,6.6,.421,5.3,12.8,.414,1.5,1.6,.929,5.4,1.8,0.9,0.6,2.2,4.3,22.9,,113.0,107.7
3,4,26,573,13.7,.570,.554,.661,.083,165,0.9,9.5,5.2,6.3,0.9,1.0,9.8,19.1,,1.1,0.4,1.5,.106,,1.1,-3.0,-1.9
4,0,19,131,8,33,.242,5,17,.294,3,16,.188,10,13,.769,5,11,16,3,6,3,12,16,29
4,1,19,6.9,0.4,1.7,.242,0.3,0.9,.294,0.2,0.8,.188,0.5,0.7,.769,0.8,0.2,0.3,0.2,0.6,0.8,1.5
4,2,19,131,2.4,10.1,.242,1.5,5.2,.294,0.9,4.9,.188,3.1,4.0,.769,4.9,0.9,1.8,0.9,3.7,4.9,8.9
4,3,19,131,4.0,16.6,.242,2.5,8.6,.294,1.5,8.1,.188,5.0,6.5,.769,8.1,1.5,3.0,1.5,6.0,8.1,14.6,,70.9,101.4
4,4,19,131,3.8,.370,.288,.485,.394,30,4.9,10.6,7.8,4.5,3.0,2.6,23.4,22.1,,-0.3,0.2,-0.1,-.023,,-7.5,-0.4,-8.0
5,0,22,203,17,35,.486,7,10,.700,10,25,.400,11,13,.846,2,12,14,10,8,0,11,22,55
5,1,22,9.2,0.8,1.6,.486,0.3,0.5,.700,0.5,1.1,.400,0.5,0.6,.846,0.6,0.5,0.4,0.0,0.5,1.0,2.5
5,2,22,203,3.3,6.9,.486,1.4,2.0,.700,2.0,4.9,.400,2.2,2.6,.846,2.8,2.0,1.6,0.0,2.2,4.3,10.8
5,3,22,203,5.5,11.4,.486,2.3,3.3,.700,3.3,8.1,.400,3.6,4.2,.846,4.6,3.3,2.6,0.0,3.6,7.2,17.9,,116.3,105.1
5,4,22,203,12.8,.668,.629,.714,.371,50,1.3,7.5,4.4,10.2,2.6,0.0,21.1,14.6,,0.4,0.2,0.6,.112,,1.1,-1.7,-0.6
6,0,28,957,181,370,.489,97,175,.554,84,195,.431,70,91,.769,13,109,122,65,43,16,69,62,516
6,1,28,34.2,6.5,13.2,.489,3.5,6.3,.554,3.0,7.0,.431,2.5,3.3,.769,4.4,2.3,1.5,0.6,2.5,2.2,18.4
6,2,28,957,7.6,15.5,.489,4.1,7.3,.554,3.5,8.2,.431,2.9,3.8,.769,5.1,2.7,1.8,0.7,2.9,2.6,21.6
6,3,28,957,12.5,25.5,.489,6.7,12.1,.554,5.8,13.4,.431,4.8,6.3,.769,8.4,4.5,3.0,1.1,4.8,4.3,35.6,,117.7,100.8
6,4,28,957,26.1,.624,.603,.527,.246,452,1.7,14.4,8.1,17.9,3.0,1.9,14.3,28.5,,3.4,1.4,4.8,.200,,6.7,-0.1,6.6
7,0,28,510,35,113,.310,6,16,.375,29,97,.299,9,12,.750,18,27,45,9,6,5,11,49,108
7,1,28,18.2,1.3,4.0,.310,0.2,0.6,.375,1.0,3.5,.299,0.3,0.4,.750,1.6,0.3,0.2,0.2,0.4,1.8,3.9
7,2,28,510,2.7,8.9,.310,0.5,1.3,.375,2.3,7.6,.299,0.7,0.9,.750,3.5,0.7,0.5,0.4,0.9,3.8,8.5
7,3,28,510,4.5,14.6,.310,0.8,2.1,.375,3.8,12.6,.299,1.2,1.6,.750,5.8,1.2,0.8,0.6,1.4,6.3,14.0,,101.6,108.9
7,4,28,510,6.9,.455,.438,.858,.106,102,4.5,6.7,5.6,3.5,0.8,1.1,8.5,14.4,,0.4,0.3,0.7,.055,,-0.7,-2.6,-3.3
8,0,27,643,67,160,.419,62,128,.484,5,32,.156,49,78,.628,61,88,149,54,8,20,56,63,188
8,1,27,23.8,2.5,5.9,.419,2.3,4.7,.484,0.2,1.2,.156,1.8,2.9,.628,5.5,2.0,0.3,0.7,2.1,2.3,7.0
8,2,27,643,4.2,10.0,.419,3.9,8.0,.484,0.3,2.0,.156,3.0,4.9,.628,9.3,3.4,0.5,1.2,3.5,3.9,11.7
8,3,27,643,6.9,16.4,.419,6.4,13.1,.484,0.5,3.3,.156,5.0,8.0,.628,15.3,5.5,0.8,2.1,5.7,6.5,19.3,,98.1,103.2
8,4,27,643,14.9,.477,.434,.200,.488,224,12.1,17.3,14.7,18.1,0.8,3.5,22.1,22.3,,0.6,0.8,1.4,.085,,-1.7,1.0,-0.7
9,0,19,322,35,87,.402,20,41,.488,15,46,.326,11,20,.550,16,40,56,18,2,12,17,40,96
9,1,19,16.9,1.8,4.6,.402,1.1,2.2,.488,0.8,2.4,.326,0.6,1.1,.550,2.9,0.9,0.1,0.6,0.9,2.1,5.1
9,2,19,322,4.3,10.8,.402,2.5,5.1,.488,1.9,5.7,.326,1.4,2.5,.550,7.0,2.2,0.2,1.5,2.1,5.0,11.9
9,3,19,322,7.2,17.8,.402,4.1,8.4,.488,3.1,9.4,.326,2.3,4.1,.550,11.5,3.7,0.4,2.5,3.5,8.2,19.7,,102.4,104.2
9,4,19,322,13.1,.497,.489,.529,.230,97,6.3,15.7,11.0,12.2,0.4,4.2,15.0,20.0,,0.4,0.4,0.7,.091,,-1.0,-0.5,-1.4
10,0,8,19,0,1,.000,0,0,,0,1,.000,1,2,.500,2,1,3,1,0,0,0,4,1
10,1,8,2.4,0.0,0.1,.000,0.0,0.0,,0.0,0.1,.000,0.1,0.3,.500,0.4,0.1,0.0,0.0,0.0,0.5,0.1
10,2,8,19,0.0,2.1,.000,0.0,0.0,,0.0,2.1,.000,2.1,4.2,.500,6.3,2.1,0.0,0.0,0.0,8.4,2.1
10,3,8,19,0.0,3.5,.000,0.0,0.0,,0.0,3.5,.000,3.5,6.9,.500,10.4,3.5,0.0,0.0,0.0,13.9,3.5,,121.8,110.6
10,4,8,19,4.0,.256,.000,1.000,2.000,3,13.4,6.7,10.0,9.3,0.0,0.0,0.0,5.8,,0.0,0.0,0.0,.065,,-0.1,-2.1,-2.3
11,0,23,176,11,29,.379,0,0,,11,29,.379,12,14,.857,0,12,12,4,10,4,4,25,45
11,1,23,7.7,0.5,1.3,.379,0.0,0.0,,0.5,1.3,.379,0.5,0.6,.857,0.5,0.2,0.4,0.2,0.2,1.1,2.0
11,2,23,176,2.5,6.6,.379,0.0,0.0,,2.5,6.6,.379,2.7,3.2,.857,2.7,0.9,2.3,0.9,0.9,5.7,10.2
11,3,23,176,4.1,10.9,.379,0.0,0.0,,4.1,10.9,.379,4.5,5.2,.857,4.5,1.5,3.7,1.5,1.5,9.4,16.9,,127.6,100.5
11,4,23,176,13.7,.631,.569,1.000,.483,39,0.0,8.6,4.3,4.5,3.7,2.6,10.1,12.8,,0.4,0.3,0.6,.141,,2.1,0.5,2.7
12,0,19,61,3,9,.333,3,9,.333,0,0,,4,6,.667,2,12,14,1,0,0,5,13,10
12,1,19,3.2,0.2,0.5,.333,0.2,0.5,.333,0.0,0.0,,0.2,0.3,.667,0.7,0.1,0.0,0.0,0.3,0.7,0.5
12,2,19,61,2.0,5.9,.333,2.0,5.9,.333,0.0,0.0,,2.6,3.9,.667,9.2,0.7,0.0,0.0,3.3,8.5,6.6
12,3,19,61,3.2,9.7,.333,3.2,9.7,.333,0.0,0.0,,4.3,6.5,.667,15.1,1.1,0.0,0.0,5.4,14.1,10.8,,71.9,103.3
12,4,19,61,0.8,.422,.333,.000,.667,10,4.2,24.9,14.6,3.2,0.0,0.0,29.7,15.6,,-0.1,0.1,0.0,-.008,,-9.8,-2.8,-12.6
