0,0,6,6,0,0,,0,0,,0,0,,0,0,,0,0,0,0,0,0,1,0,0
0,1,6,1.0,0.0,0.0,,0.0,0.0,,0.0,0.0,,0.0,0.0,,0.0,0.0,0.0,0.0,0.2,0.0,0.0
0,2,6,6,0.0,0.0,,0.0,0.0,,0.0,0.0,,0.0,0.0,,0.0,0.0,0.0,0.0,6.7,0.0,0.0
0,3,6,6,0.0,0.0,,0.0,0.0,,0.0,0.0,,0.0,0.0,,0.0,0.0,0.0,0.0,10.2,0.0,0.0,,0.0,113.0
0,4,6,6,-10.7,,,,,0,0.0,0.0,0.0,0.0,0.0,0.0,100.0,8.5,,0.0,0.0,0.0,-.171,,-10.5,2.8,-7.8
1,0,39,333,20,54,.370,13,39,.333,7,15,.467,21,28,.750,15,34,49,47,10,4,29,31,68
1,1,39,8.5,0.5,1.4,.370,0.3,1.0,.333,0.2,0.4,.467,0.5,0.7,.750,1.3,1.2,0.3,0.1,0.7,0.8,1.7
1,2,39,333,2.4,6.5,.370,1.6,4.7,.333,0.8,1.8,.467,2.5,3.4,.750,5.9,5.6,1.2,0.5,3.5,3.7,8.2
1,3,39,333,3.7,10.0,.370,2.4,7.2,.333,1.3,2.8,.467,3.9,5.2,.750,9.0,8.7,1.8,0.7,5.4,5.7,12.6,,98.9,101.5
1,4,39,333,11.8,.505,.435,.278,.519,88,5.1,10.6,8.0,24.7,1.8,1.2,30.1,14.7,,0.3,0.4,0.7,.082,,0.1,2.4,2.5
2,0,41,679,81,197,.411,57,113,.504,24,84,.286,44,55,.800,21,87,108,22,10,7,30,41,230
2,1,41,16.6,2.0,4.8,.411,1.4,2.8,.504,0.6,2.0,.286,1.1,1.3,.800,2.6,0.5,0.2,0.2,0.7,1.0,5.6
2,2,41,679,4.8,11.6,.411,3.4,6.7,.504,1.4,4.9,.286,2.6,3.2,.800,6.4,1.3,0.6,0.4,1.8,2.4,13.5
2,3,41,679,7.3,17.8,.411,5.2,10.2,.504,2.2,7.6,.286,4.0,5.0,.800,9.8,2.0,0.9,0.6,2.7,3.7,20.8,,108.3,102.3
2,4,41,679,13.9,.515,.472,.426,.279,207,3.5,13.4,8.6,6.3,0.9,1.0,11.9,19.0,,1.1,0.8,1.9,.112,,1.3,0.7,2.0
3,0,41,404,31,77,.403,20,43,.465,11,34,.324,17,21,.810,25,31,56,18,9,4,31,35,90
3,1,41,9.9,0.8,1.9,.403,0.5,1.0,.465,0.3,0.8,.324,0.4,0.5,.810,1.4,0.4,0.2,0.1,0.8,0.9,2.2
3,2,41,404,3.1,7.6,.403,2.0,4.3,.465,1.1,3.4,.324,1.7,2.1,.810,5.5,1.8,0.9,0.4,3.1,3.5,8.9
3,3,41,404,4.7,11.7,.403,3.0,6.5,.465,1.7,5.2,.324,2.6,3.2,.810,8.5,2.7,1.4,0.6,4.7,5.3,13.7,,94.7,104.2
3,4,41,404,8.9,.517,.474,.442,.273,95,7.0,8.0,7.5,8.0,1.4,1.0,26.3,14.9,,0.2,0.4,0.6,.057,,0.1,1.9,2.1
4,0,41,1140,182,374,.487,136,249,.546,46,125,.368,47,59,.797,50,133,183,66,35,25,52,64,457
4,1,41,27.8,4.4,9.1,.487,3.3,6.1,.546,1.1,3.0,.368,1.1,1.4,.797,4.5,1.6,0.9,0.6,1.3,1.6,11.1
4,2,41,1140,6.4,13.1,.487,4.8,8.7,.546,1.6,4.4,.368,1.6,2.1,.797,6.4,2.3,1.2,0.9,1.8,2.2,16.0
4,3,41,1140,9.8,20.2,.487,7.3,13.4,.546,2.5,6.7,.368,2.5,3.2,.797,9.9,3.6,1.9,1.3,2.8,3.5,24.6,,118.1,100.2
4,4,41,1140,20.4,.568,.548,.334,.158,416,5.0,12.2,8.7,12.3,1.9,2.2,11.5,20.3,,3.0,1.6,4.6,.163,,5.1,3.1,8.2
5,0,41,976,100,270,.370,54,129,.419,46,141,.326,74,96,.771,26,73,99,124,66,5,75,72,320
5,1,41,23.8,2.4,6.6,.370,1.3,3.1,.419,1.1,3.4,.326,1.8,2.3,.771,2.4,3.0,1.6,0.1,1.8,1.8,7.8
5,2,41,976,4.1,11.1,.370,2.2,5.3,.419,1.9,5.8,.326,3.0,3.9,.771,4.1,5.1,2.7,0.2,3.1,3.0,13.1
5,3,41,976,6.3,17.0,.370,3.4,8.1,.419,2.9,8.9,.326,4.7,6.0,.771,6.2,7.8,4.2,0.3,4.7,4.5,20.2,,105.2,98.4
5,4,41,976,16.8,.507,.456,.522,.356,341,3.0,7.8,5.5,24.1,4.2,0.5,19.2,20.4,,1.5,1.5,3.1,.126,,4.0,3.2,7.2
6,0,41,631,54,115,.470,54,115,.470,0,0,,11,21,.524,44,69,113,22,11,51,36,100,119
6,1,41,15.4,1.3,2.8,.470,1.3,2.8,.470,0.0,0.0,,0.3,0.5,.524,2.8,0.5,0.3,1.2,0.9,2.4,2.9
6,2,41,631,3.4,7.3,.470,3.4,7.3,.470,0.0,0.0,,0.7,1.3,.524,7.2,1.4,0.7,3.2,2.3,6.3,7.5
6,3,41,631,5.3,11.2,.470,5.3,11.2,.470,0.0,0.0,,1.1,2.0,.524,11.0,2.1,1.1,5.0,3.5,9.7,11.6,,93.3,99.0
6,4,41,631,10.7,.476,.470,.000,.183,128,7.9,11.4,9.7,6.4,1.1,8.0,22.4,13.0,,0.2,1.0,1.1,.071,,-1.4,6.8,5.4
7,0,39,376,25,67,.373,25,65,.385,0,2,.000,8,12,.667,25,47,72,17,4,7,23,56,58
7,1,39,9.6,0.6,1.7,.373,0.6,1.7,.385,0.0,0.1,.000,0.2,0.3,.667,1.8,0.4,0.1,0.2,0.6,1.4,1.5
7,2,39,376,2.7,7.1,.373,2.7,6.9,.385,0.0,0.2,.000,0.9,1.3,.667,7.7,1.8,0.4,0.7,2.4,6.0,6.2
7,3,39,376,4.1,11.0,.373,4.1,10.6,.385,0.0,0.3,.000,1.3,2.0,.667,11.8,2.8,0.7,1.1,3.8,9.2,9.5,,84.1,102.1
7,4,39,376,5.5,.399,.373,.030,.179,69,7.5,13.0,10.4,8.0,0.7,1.9,24.0,12.9,,-0.1,0.5,0.3,.036,,-2.8,3.0,0.2
8,0,41,1193,153,302,.507,153,302,.507,0,0,,87,138,.630,152,206,358,15,16,67,45,103,393
8,1,41,29.1,3.7,7.4,.507,3.7,7.4,.507,0.0,0.0,,2.1,3.4,.630,8.7,0.4,0.4,1.6,1.1,2.5,9.6
8,2,41,1193,5.1,10.1,.507,5.1,10.1,.507,0.0,0.0,,2.9,4.6,.630,12.0,0.5,0.5,2.2,1.5,3.5,13.2
8,3,41,1193,7.9,15.6,.507,7.9,15.6,.507,0.0,0.0,,4.5,7.1,.630,18.4,0.8,0.8,3.5,2.3,5.3,20.3,,117.4,97.3
8,4,41,1193,20.7,.535,.507,.000,.457,398,14.5,18.0,16.3,2.5,0.8,5.6,10.9,17.6,,2.8,2.0,4.9,.163,,2.0,3.6,5.6
9,0,41,1040,87,227,.383,62,144,.431,25,83,.301,59,75,.787,78,135,213,19,21,51,36,82,258
9,1,41,25.4,2.1,5.5,.383,1.5,3.5,.431,0.6,2.0,.301,1.4,1.8,.787,5.2,0.5,0.5,1.2,0.9,2.0,6.3
9,2,41,1040,3.3,8.7,.383,2.4,5.5,.431,1.0,3.2,.301,2.3,2.9,.787,8.2,0.7,0.8,2.0,1.4,3.2,9.9
9,3,41,1040,5.1,13.4,.383,3.7,8.5,.431,1.5,4.9,.301,3.5,4.4,.787,12.6,1.1,1.2,3.0,2.1,4.8,15.2,,109.8,99.4
9,4,41,1040,14.2,.491,.438,.366,.330,259,8.5,13.5,11.1,3.3,1.2,4.9,12.1,14.6,,1.4,1.6,3.0,.115,,1.4,4.2,5.6
10,0,4,4,1,2,.500,1,2,.500,0,0,,0,0,,1,1,2,0,0,0,0,0,2
10,1,4,1.0,0.3,0.5,.500,0.3,0.5,.500,0.0,0.0,,0.0,0.0,,0.5,0.0,0.0,0.0,0.0,0.0,0.5
10,2,4,4,10.0,20.0,.500,10.0,20.0,.500,0.0,0.0,,0.0,0.0,,20.0,0.0,0.0,0.0,0.0,0.0,20.0
10,3,4,4,15.4,30.7,.500,15.4,30.7,.500,0.0,0.0,,0.0,0.0,,30.7,0.0,0.0,0.0,0.0,0.0,30.7,,126.0,97.7
10,4,4,4,32.3,.500,.500,.000,.000,2,28.4,26.1,27.2,0.0,0.0,0.0,0.0,25.4,,0.0,0.0,0.0,.234,,1.5,-8.8,-7.3
11,0,41,1543,316,739,.428,241,512,.471,75,227,.330,258,315,.819,53,170,223,184,77,7,93,56,965
11,1,41,37.6,7.7,18.0,.428,5.9,12.5,.471,1.8,5.5,.330,6.3,7.7,.819,5.4,4.5,1.9,0.2,2.3,1.4,23.5
11,2,41,1543,8.2,19.2,.428,6.2,13.3,.471,1.9,5.9,.330,6.7,8.2,.819,5.8,4.8,2.0,0.2,2.4,1.5,25.0
11,3,41,1543,12.6,29.4,.428,9.6,20.4,.471,3.0,9.0,.330,10.3,12.5,.819,8.9,7.3,3.1,0.3,3.7,2.2,38.4,,121.2,98.9
11,4,41,1543,29.9,.543,.478,.307,.426,930,3.9,11.5,7.9,28.0,3.1,0.5,9.5,32.4,,7.3,2.4,9.7,.251,,10.2,2.7,12.9
12,0,6,25,3,5,.600,3,5,.600,0,0,,1,2,.500,4,2,6,0,0,0,5,3,7
12,1,6,4.2,0.5,0.8,.600,0.5,0.8,.600,0.0,0.0,,0.2,0.3,.500,1.0,0.0,0.0,0.0,0.8,0.5,1.2
12,2,6,25,4.8,8.0,.600,4.8,8.0,.600,0.0,0.0,,1.6,3.2,.500,9.6,0.0,0.0,0.0,8.0,4.8,11.2
12,3,6,25,7.4,12.3,.600,7.4,12.3,.600,0.0,0.0,,2.5,4.9,.500,14.8,0.0,0.0,0.0,12.3,7.4,17.2,,72.7,107.4
12,4,6,25,4.7,.588,.600,.000,.400,7,18.2,8.3,13.0,0.0,0.0,0.0,45.7,22.3,,-0.1,0.0,0.0,-.051,,-6.3,-3.5,-9.8
