0,0,9,19,1,5,.200,1,1,1.000,0,4,.000,0,0,,2,0,2,1,0,1,2,3,2
0,1,9,2.1,0.1,0.6,.200,0.1,0.1,1.000,0.0,0.4,.000,0.0,0.0,,0.2,0.1,0.0,0.1,0.2,0.3,0.2
0,2,9,19,2.1,10.5,.200,2.1,2.1,1.000,0.0,8.4,.000,0.0,0.0,,4.2,2.1,0.0,2.1,4.2,6.3,4.2
0,3,9,19,3.3,16.4,.200,3.3,3.3,1.000,0.0,13.1,.000,0.0,0.0,,6.6,3.3,0.0,3.3,6.6,9.9,6.6,,54.1,112.0
0,4,9,19,-4.0,.200,.200,.800,.000,3,12.7,0.0,5.9,9.2,0.0,5.5,28.6,19.3,,-0.1,0.0,-0.1,-.126,,-5.6,0.2,-5.4
1,0,3,4,0,0,,0,0,,0,0,,0,0,,1,0,1,0,0,0,0,0,0
1,1,3,1.3,0.0,0.0,,0.0,0.0,,0.0,0.0,,0.0,0.0,,0.3,0.0,0.0,0.0,0.0,0.0,0.0
1,2,3,4,0.0,0.0,,0.0,0.0,,0.0,0.0,,0.0,0.0,,10.0,0.0,0.0,0.0,0.0,0.0,0.0
1,3,3,4,0.0,0.0,,0.0,0.0,,0.0,0.0,,0.0,0.0,,15.6,0.0,0.0,0.0,0.0,0.0,0.0,,214.2,115.2
1,4,3,4,11.3,,,,,1,30.1,0.0,14.0,0.0,0.0,0.0,,0.0,,0.0,0.0,0.0,.088,,3.5,-1.6,2.0
2,0,25,753,88,209,.421,62,140,.443,26,69,.377,58,84,.690,16,67,83,100,29,6,56,37,260
2,1,25,30.1,3.5,8.4,.421,2.5,5.6,.443,1.0,2.8,.377,2.3,3.4,.690,3.3,4.0,1.2,0.2,2.2,1.5,10.4
2,2,25,753,4.7,11.1,.421,3.3,7.4,.443,1.4,3.7,.377,3.1,4.5,.690,4.4,5.3,1.5,0.3,3.0,2.0,13.8
2,3,25,753,7.3,17.3,.421,5.1,11.6,.443,2.2,5.7,.377,4.8,7.0,.690,6.9,8.3,2.4,0.5,4.6,3.1,21.5,,106.4,103.2
2,4,25,753,17.3,.522,.483,.330,.402,276,2.6,9.3,6.2,26.2,2.4,0.8,18.4,21.2,,1.4,0.8,2.2,.116,,3.4,0.8,4.2
3,0,2,3,0,0,,0,0,,0,0,,0,0,,0,0,0,0,0,0,0,0,0
3,1,2,1.5,0.0,0.0,,0.0,0.0,,0.0,0.0,,0.0,0.0,,0.0,0.0,0.0,0.0,0.0,0.0,0.0
3,2,2,3,0.0,0.0,,0.0,0.0,,0.0,0.0,,0.0,0.0,,0.0,0.0,0.0,0.0,0.0,0.0,0.0
3,3,2,3,0.0,0.0,,0.0,0.0,,0.0,0.0,,0.0,0.0,,0.0,0.0,0.0,0.0,0.0,0.0,0.0,,,115.2
3,4,2,3,0.0,,,,,0,0.0,0.0,0.0,0.0,0.0,0.0,,0.0,,0.0,0.0,0.0,-.003,,-2.8,1.2,-1.6
4,0,31,376,31,91,.341,19,41,.463,12,50,.240,20,25,.800,20,45,65,15,11,18,22,31,94
4,1,31,12.1,1.0,2.9,.341,0.6,1.3,.463,0.4,1.6,.240,0.6,0.8,.800,2.1,0.5,0.4,0.6,0.7,1.0,3.0
4,2,31,376,3.3,9.7,.341,2.0,4.4,.463,1.3,5.3,.240,2.1,2.7,.800,6.9,1.6,1.2,1.9,2.3,3.3,10.0
4,3,31,376,5.1,15.1,.341,3.2,6.8,.463,2.0,8.3,.240,3.3,4.1,.800,10.8,2.5,1.8,3.0,3.7,5.1,15.6,,94.7,100.4
4,4,31,376,12.1,.457,.407,.549,.275,96,6.4,12.5,9.7,7.4,1.8,5.0,17.6,17.4,,0.2,0.5,0.7,.072,,-0.1,2.8,2.7
5,0,34,967,157,292,.538,157,290,.541,0,2,.000,26,88,.295,114,143,257,15,28,92,52,75,340
5,1,34,28.4,4.6,8.6,.538,4.6,8.5,.541,0.0,0.1,.000,0.8,2.6,.295,7.6,0.4,0.8,2.7,1.5,2.2,10.0
5,2,34,967,6.5,12.1,.538,6.5,12.0,.541,0.0,0.1,.000,1.1,3.6,.295,10.6,0.6,1.2,3.8,2.2,3.1,14.1
5,3,34,967,10.1,18.8,.538,10.1,18.7,.541,0.0,0.1,.000,1.7,5.7,.295,16.6,1.0,1.8,5.9,3.4,4.8,21.9,,103.1,96.3
5,4,34,967,21.9,.509,.538,.007,.301,328,14.2,15.5,14.9,3.4,1.8,9.9,13.5,20.9,,1.4,1.7,3.0,.126,,0.7,5.3,6.0
6,0,30,350,25,56,.446,16,35,.457,9,21,.429,19,24,.792,16,29,45,13,10,5,13,31,78
6,1,30,11.7,0.8,1.9,.446,0.5,1.2,.457,0.3,0.7,.429,0.6,0.8,.792,1.5,0.4,0.3,0.2,0.4,1.0,2.6
6,2,30,350,2.9,6.4,.446,1.8,4.0,.457,1.0,2.4,.429,2.2,2.7,.792,5.1,1.5,1.1,0.6,1.5,3.5,8.9
6,3,30,350,4.5,10.0,.446,2.9,6.2,.457,1.6,3.7,.429,3.4,4.3,.792,8.0,2.3,1.8,0.9,2.3,5.5,13.9,,116.3,104.6
6,4,30,350,12.2,.579,.527,.375,.429,78,5.5,8.7,7.2,6.7,1.8,1.5,16.2,12.0,,0.6,0.3,0.9,.102,,2.0,1.3,3.3
7,0,34,1266,217,454,.478,146,243,.601,71,211,.336,98,121,.810,32,134,166,58,42,21,68,57,603
7,1,34,37.2,6.4,13.4,.478,4.3,7.1,.601,2.1,6.2,.336,2.9,3.6,.810,4.9,1.7,1.2,0.6,2.0,1.7,17.7
7,2,34,1266,6.9,14.3,.478,4.6,7.7,.601,2.2,6.7,.336,3.1,3.8,.810,5.2,1.8,1.3,0.7,2.1,1.8,19.1
7,3,34,1266,10.7,22.4,.478,7.2,12.0,.601,3.5,10.4,.336,4.8,6.0,.810,8.2,2.9,2.1,1.0,3.4,2.8,29.7,,117.6,102.5
7,4,34,1266,22.1,.589,.556,.465,.267,524,3.0,11.1,7.3,10.1,2.1,1.7,11.7,23.9,,3.9,1.4,5.3,.169,,6.7,0.8,7.6
8,0,34,1191,136,350,.389,77,184,.418,59,166,.355,110,148,.743,23,97,120,198,56,9,94,87,441
8,1,34,35.0,4.0,10.3,.389,2.3,5.4,.418,1.7,4.9,.355,3.2,4.4,.743,3.5,5.8,1.6,0.3,2.8,2.6,13.0
8,2,34,1191,4.6,11.8,.389,2.6,6.2,.418,2.0,5.6,.355,3.7,5.0,.743,4.0,6.6,1.9,0.3,3.2,2.9,14.8
8,3,34,1191,7.1,18.3,.389,4.0,9.6,.418,3.1,8.7,.355,5.8,7.8,.743,6.3,10.4,2.9,0.5,4.9,4.6,23.1,,109.9,102.4
8,4,34,1191,19.1,.525,.473,.474,.423,488,2.3,8.5,5.6,32.6,2.9,0.8,18.3,22.6,,2.8,1.4,4.2,.141,,5.4,0.8,6.2
9,0,34,600,56,126,.444,55,121,.455,1,5,.200,30,44,.682,46,85,131,40,12,16,32,60,143
9,1,34,17.6,1.6,3.7,.444,1.6,3.6,.455,0.0,0.1,.200,0.9,1.3,.682,3.9,1.2,0.4,0.5,0.9,1.8,4.2
9,2,34,600,3.7,8.4,.444,3.7,8.1,.455,0.1,0.3,.200,2.0,2.9,.682,8.7,2.7,0.8,1.1,2.1,4.0,9.5
9,3,34,600,5.8,13.1,.444,5.7,12.6,.455,0.1,0.5,.200,3.1,4.6,.682,13.6,4.2,1.2,1.7,3.3,6.2,14.9,,103.7,101.3
9,4,34,600,13.9,.487,.448,.040,.349,162,9.2,14.8,12.2,12.6,1.2,2.8,17.9,15.6,,0.7,0.8,1.5,.097,,0.5,2.6,3.1
10,0,34,731,93,188,.495,93,188,.495,0,0,,41,72,.569,58,105,163,10,4,45,41,61,227
10,1,34,21.5,2.7,5.5,.495,2.7,5.5,.495,0.0,0.0,,1.2,2.1,.569,4.8,0.3,0.1,1.3,1.2,1.8,6.7
10,2,34,731,5.1,10.3,.495,5.1,10.3,.495,0.0,0.0,,2.2,3.9,.569,8.9,0.5,0.2,2.5,2.2,3.3,12.4
10,3,34,731,7.9,16.0,.495,7.9,16.0,.495,0.0,0.0,,3.5,6.1,.569,13.9,0.9,0.3,3.8,3.5,5.2,19.4,,100.8,101.6
10,4,34,731,15.5,.511,.495,.000,.383,215,9.5,15.0,12.5,2.8,0.3,6.4,15.6,18.8,,0.8,0.9,1.7,.091,,-1.4,2.0,0.7
11,0,33,601,53,125,.424,46,96,.479,7,29,.241,33,51,.647,39,73,112,7,7,19,28,42,146
11,1,33,18.2,1.6,3.8,.424,1.4,2.9,.479,0.2,0.9,.241,1.0,1.5,.647,3.4,0.2,0.2,0.6,0.8,1.3,4.4
11,2,33,601,3.5,8.3,.424,3.1,6.4,.479,0.5,1.9,.241,2.2,3.4,.647,7.5,0.5,0.5,1.3,1.9,2.8,9.7
11,3,33,601,5.5,13.0,.424,4.8,10.0,.479,0.7,3.0,.241,3.4,5.3,.647,11.6,0.7,0.7,2.0,2.9,4.4,15.2,,99.3,103.7
11,4,33,601,11.3,.489,.452,.232,.408,142,7.8,12.7,10.4,2.2,0.7,3.3,15.8,15.4,,0.5,0.6,1.1,.071,,-0.9,0.7,-0.2
12,0,3,3,0,0,,0,0,,0,0,,0,0,,0,0,0,0,0,0,0,1,0
12,1,3,1.0,0.0,0.0,,0.0,0.0,,0.0,0.0,,0.0,0.0,,0.0,0.0,0.0,0.0,0.0,0.3,0.0
12,2,3,3,0.0,0.0,,0.0,0.0,,0.0,0.0,,0.0,0.0,,0.0,0.0,0.0,0.0,0.0,13.3,0.0
12,3,3,3,0.0,0.0,,0.0,0.0,,0.0,0.0,,0.0,0.0,,0.0,0.0,0.0,0.0,0.0,20.8,0.0,,,113.8
12,4,3,3,-6.1,,,,,0,0.0,0.0,0.0,0.0,0.0,0.0,,0.0,,0.0,0.0,0.0,.002,,-2.8,1.2,-1.7
13,0,1,1,0,0,,0,0,,0,0,,0,0,,0,0,0,0,0,0,2,1,0
13,1,1,1.0,0.0,0.0,,0.0,0.0,,0.0,0.0,,0.0,0.0,,0.0,0.0,0.0,0.0,2.0,1.0,0.0
13,2,1,1,0.0,0.0,,0.0,0.0,,0.0,0.0,,0.0,0.0,,0.0,0.0,0.0,0.0,80.0,40.0,0.0
13,3,1,1,0.0,0.0,,0.0,0.0,,0.0,0.0,,0.0,0.0,,0.0,0.0,0.0,0.0,124.8,62.4,0.0,,0.0,111.0
13,4,1,1,-148.7,,,,,0,0.0,0.0,0.0,0.0,0.0,0.0,100.0,100.0,,-0.1,0.0,-0.1,-2.167,,-96.1,2.3,-93.8
14,0,8,10,1,4,.250,1,4,.250,0,0,,0,0,,3,3,6,0,0,1,0,3,2
14,1,8,1.3,0.1,0.5,.250,0.1,0.5,.250,0.0,0.0,,0.0,0.0,,0.8,0.0,0.0,0.1,0.0,0.4,0.3
14,2,8,10,4.0,16.0,.250,4.0,16.0,.250,0.0,0.0,,0.0,0.0,,24.0,0.0,0.0,4.0,0.0,12.0,8.0
14,3,8,10,6.2,25.0,.250,6.2,25.0,.250,0.0,0.0,,0.0,0.0,,37.4,0.0,0.0,6.2,0.0,18.7,12.5,,94.6,89.3
14,4,8,10,16.0,.250,.250,.000,.000,3,36.1,31.4,33.6,0.0,0.0,10.4,0.0,20.9,,0.0,0.0,0.0,.119,,-5.9,-3.7,-9.6
