0,0,31,369,25,67,.373,25,67,.373,0,0,,13,25,.520,10,30,40,9,1,11,17,79,63
0,1,31,11.9,0.8,2.2,.373,0.8,2.2,.373,0.0,0.0,,0.4,0.8,.520,1.3,0.3,0.0,0.4,0.5,2.5,2.0
0,2,31,369,2.7,7.3,.373,2.7,7.3,.373,0.0,0.0,,1.4,2.7,.520,4.3,1.0,0.1,1.2,1.8,8.6,6.8
0,3,31,369,3.7,9.9,.373,3.7,9.9,.373,0.0,0.0,,1.9,3.7,.520,5.9,1.3,0.1,1.6,2.5,11.6,9.3,,77.7,117.4
0,4,31,369,1.8,.399,.373,.000,.373,64,2.7,9.3,5.8,4.5,0.1,2.8,17.7,12.4,,-0.3,-0.1,-0.3,-.035,,-8.1,-3.1,-11.2
1,0,18,414,41,112,.366,22,60,.367,19,52,.365,32,35,.914,14,29,43,39,21,0,21,28,133
1,1,18,23.0,2.3,6.2,.366,1.2,3.3,.367,1.1,2.9,.365,1.8,1.9,.914,2.4,2.2,1.2,0.0,1.2,1.6,7.4
1,2,18,414,4.0,10.8,.366,2.1,5.8,.367,1.8,5.0,.365,3.1,3.4,.914,4.2,3.8,2.0,0.0,2.0,2.7,12.9
1,3,18,414,5.4,14.7,.366,2.9,7.9,.367,2.5,6.8,.365,4.2,4.6,.914,5.6,5.1,2.8,0.0,2.8,3.7,17.5,,107.5,114.2
1,4,18,414,14.0,.517,.451,.464,.313,141,3.4,8.0,5.6,18.4,2.8,0.0,14.0,17.2,,0.6,0.1,0.7,.064,,-0.3,-3.5,-3.8
2,0,31,980,132,322,.410,76,176,.432,56,146,.384,52,77,.675,27,81,108,151,46,1,69,67,372
2,1,31,31.6,4.3,10.4,.410,2.5,5.7,.432,1.8,4.7,.384,1.7,2.5,.675,3.5,4.9,1.5,0.0,2.2,2.2,12.0
2,2,31,980,5.4,13.1,.410,3.1,7.2,.432,2.3,6.0,.384,2.1,3.1,.675,4.4,6.2,1.9,0.0,2.8,2.7,15.2
2,3,31,980,7.3,17.9,.410,4.2,9.8,.432,3.1,8.1,.384,2.9,4.3,.675,6.0,8.4,2.6,0.1,3.8,3.7,20.6,,106.3,114.0
2,4,31,980,16.5,.519,.497,.453,.239,409,2.8,9.5,5.9,32.3,2.6,0.1,16.1,20.8,,1.7,0.1,1.8,.074,,1.5,-3.8,-2.3
3,0,29,284,16,40,.400,16,40,.400,0,0,,7,20,.350,22,35,57,7,14,14,17,57,39
3,1,29,9.8,0.6,1.4,.400,0.6,1.4,.400,0.0,0.0,,0.2,0.7,.350,2.0,0.2,0.5,0.5,0.6,2.0,1.3
3,2,29,284,2.3,5.6,.400,2.3,5.6,.400,0.0,0.0,,1.0,2.8,.350,8.0,1.0,2.0,2.0,2.4,8.0,5.5
3,3,29,284,3.1,7.7,.400,3.1,7.7,.400,0.0,0.0,,1.3,3.8,.350,10.9,1.3,2.7,2.7,3.3,10.9,7.5,,78.3,109.0
3,4,29,284,6.7,.394,.400,.000,.500,49,7.8,14.1,10.7,4.4,2.7,4.7,25.6,11.1,,-0.2,0.2,0.0,-.002,,-6.9,1.0,-6.0
4,0,31,834,134,321,.417,82,179,.458,52,142,.366,41,55,.745,46,127,173,20,15,29,41,84,361
4,1,31,26.9,4.3,10.4,.417,2.6,5.8,.458,1.7,4.6,.366,1.3,1.8,.745,5.6,0.6,0.5,0.9,1.3,2.7,11.6
4,2,31,834,6.4,15.4,.417,3.9,8.6,.458,2.5,6.8,.366,2.0,2.6,.745,8.3,1.0,0.7,1.4,2.0,4.0,17.3
4,3,31,834,8.7,20.9,.417,5.3,11.7,.458,3.4,9.3,.366,2.7,3.6,.745,11.3,1.3,1.0,1.9,2.7,5.5,23.5,,102.4,112.6
4,4,31,834,15.8,.520,.498,.442,.171,325,5.5,17.4,11.1,5.3,1.0,3.3,10.6,22.2,,1.0,0.2,1.3,.062,,-1.5,-3.6,-5.2
5,0,29,548,70,188,.372,56,127,.441,14,61,.230,74,103,.718,13,75,88,20,10,9,48,43,228
5,1,29,18.9,2.4,6.5,.372,1.9,4.4,.441,0.5,2.1,.230,2.6,3.6,.718,3.0,0.7,0.3,0.3,1.7,1.5,7.9
5,2,29,548,5.1,13.7,.372,4.1,9.3,.441,1.0,4.5,.230,5.4,7.5,.718,6.4,1.5,0.7,0.7,3.5,3.1,16.6
5,3,29,548,6.9,18.7,.372,5.6,12.6,.441,1.4,6.1,.230,7.3,10.2,.718,8.7,2.0,1.0,0.9,4.8,4.3,22.6,,89.5,114.2
5,4,29,548,11.0,.481,.410,.324,.548,211,2.4,15.7,8.6,7.5,1.0,1.6,16.8,24.8,,0.0,0.1,0.0,.003,,-5.5,-4.8,-10.3
6,0,31,389,42,120,.350,36,79,.456,6,41,.146,40,65,.615,34,37,71,11,16,6,41,47,130
6,1,31,12.5,1.4,3.9,.350,1.2,2.5,.456,0.2,1.3,.146,1.3,2.1,.615,2.3,0.4,0.5,0.2,1.3,1.5,4.2
6,2,31,389,4.3,12.3,.350,3.7,8.1,.456,0.6,4.2,.146,4.1,6.7,.615,7.3,1.1,1.6,0.6,4.2,4.8,13.4
6,3,31,389,5.9,16.8,.350,5.0,11.0,.456,0.8,5.7,.146,5.6,9.1,.615,9.9,1.5,2.2,0.8,5.7,6.6,18.2,,81.2,113.2
6,4,31,389,8.4,.431,.375,.342,.542,135,8.8,10.9,9.8,5.6,2.2,1.5,21.4,23.5,,-0.4,0.1,-0.3,-.031,,-6.3,-3.9,-10.3
7,0,31,723,97,241,.402,46,113,.407,51,128,.398,53,68,.779,15,47,62,50,19,2,58,80,298
7,1,31,23.3,3.1,7.8,.402,1.5,3.6,.407,1.6,4.1,.398,1.7,2.2,.779,2.0,1.6,0.6,0.1,1.9,2.6,9.6
7,2,31,723,5.4,13.3,.402,2.5,6.3,.407,2.8,7.1,.398,2.9,3.8,.779,3.4,2.8,1.1,0.1,3.2,4.4,16.5
7,3,31,723,7.3,18.1,.402,3.5,8.5,.407,3.8,9.6,.398,4.0,5.1,.779,4.7,3.8,1.4,0.2,4.4,6.0,22.4,,99.8,117.0
7,4,31,723,12.0,.545,.508,.531,.282,279,2.1,7.4,4.6,14.5,1.4,0.3,17.5,21.8,,0.7,-0.1,0.6,.035,,-0.9,-5.3,-6.1
8,0,4,13,2,5,.400,0,0,,2,5,.400,2,2,1.000,0,4,4,1,0,0,2,1,8
8,1,4,3.3,0.5,1.3,.400,0.0,0.0,,0.5,1.3,.400,0.5,0.5,1.000,1.0,0.3,0.0,0.0,0.5,0.3,2.0
8,2,4,13,6.2,15.4,.400,0.0,0.0,,6.2,15.4,.400,6.2,6.2,1.000,12.3,3.1,0.0,0.0,6.2,3.1,24.6
8,3,4,13,8.4,20.9,.400,0.0,0.0,,8.4,20.9,.400,8.4,8.4,1.000,16.7,4.2,0.0,0.0,8.4,4.2,33.5,,105.1,109.0
8,4,4,13,20.1,.672,.600,1.000,.400,7,0.0,35.2,16.4,16.8,0.0,0.0,25.2,29.1,,0.0,0.0,0.0,.108,,0.9,-6.5,-5.6
9,0,11,64,8,22,.364,2,9,.222,6,13,.462,3,9,.333,3,1,4,6,0,0,9,4,25
9,1,11,5.8,0.7,2.0,.364,0.2,0.8,.222,0.5,1.2,.462,0.3,0.8,.333,0.4,0.5,0.0,0.0,0.8,0.4,2.3
9,2,11,64,5.0,13.8,.364,1.3,5.6,.222,3.8,8.1,.462,1.9,5.6,.333,2.5,3.8,0.0,0.0,5.6,2.5,15.6
9,3,11,64,6.8,18.7,.364,1.7,7.6,.222,5.1,11.0,.462,2.5,7.6,.333,3.4,5.1,0.0,0.0,7.6,3.4,21.2,,81.8,122.9
9,4,11,64,5.6,.476,.500,.591,.409,25,4.7,1.8,3.3,19.3,0.0,0.0,25.5,26.2,,-0.1,0.0,-0.1,-.070,,-4.9,-8.7,-13.7
10,0,25,225,7,29,.241,7,29,.241,0,0,,11,21,.524,24,19,43,4,1,8,15,43,25
10,1,25,9.0,0.3,1.2,.241,0.3,1.2,.241,0.0,0.0,,0.4,0.8,.524,1.7,0.2,0.0,0.3,0.6,1.7,1.0
10,2,25,225,1.2,5.2,.241,1.2,5.2,.241,0.0,0.0,,2.0,3.7,.524,7.6,0.7,0.2,1.4,2.7,7.6,4.4
10,3,25,225,1.7,7.0,.241,1.7,7.0,.241,0.0,0.0,,2.7,5.1,.524,10.4,1.0,0.2,1.9,3.6,10.4,6.0,,72.9,116.9
10,4,25,225,1.9,.321,.241,.000,.724,38,10.7,9.7,10.2,3.1,0.2,3.4,27.8,11.4,,-0.2,0.0,-0.3,-.046,,-8.3,-2.4,-10.7
11,0,31,933,147,314,.468,71,132,.538,76,182,.418,61,79,.772,42,110,152,51,44,15,45,46,431
11,1,31,30.1,4.7,10.1,.468,2.3,4.3,.538,2.5,5.9,.418,2.0,2.5,.772,4.9,1.6,1.4,0.5,1.5,1.5,13.9
11,2,31,933,6.3,13.5,.468,3.0,5.7,.538,3.3,7.8,.418,2.6,3.4,.772,6.5,2.2,1.9,0.6,1.9,2.0,18.5
11,3,31,933,8.6,18.3,.468,4.1,7.7,.538,4.4,10.6,.418,3.6,4.6,.772,8.9,3.0,2.6,0.9,2.6,2.7,25.1,,118.8,111.8
11,4,31,933,21.1,.613,.589,.580,.252,392,4.5,13.5,8.7,12.0,2.6,1.5,11.3,20.2,,2.5,0.3,2.9,.123,,3.9,-2.4,1.5
12,0,13,101,4,17,.235,4,17,.235,0,0,,2,4,.500,11,11,22,3,5,2,4,22,10
12,1,13,7.8,0.3,1.3,.235,0.3,1.3,.235,0.0,0.0,,0.2,0.3,.500,1.7,0.2,0.4,0.2,0.3,1.7,0.8
12,2,13,101,1.6,6.7,.235,1.6,6.7,.235,0.0,0.0,,0.8,1.6,.500,8.7,1.2,2.0,0.8,1.6,8.7,4.0
12,3,13,101,2.2,9.2,.235,2.2,9.2,.235,0.0,0.0,,1.1,2.2,.500,11.8,1.6,2.7,1.1,2.2,11.8,5.4,,75.7,110.9
12,4,13,101,4.5,.265,.235,.000,.235,16,10.9,12.5,11.6,5.2,2.7,1.9,17.5,10.8,,-0.1,0.0,0.0,-.014,,-7.0,-0.7,-7.7
13,0,26,323,33,108,.306,20,52,.385,13,56,.232,17,27,.630,8,21,29,18,15,2,25,31,96
13,1,26,12.4,1.3,4.2,.306,0.8,2.0,.385,0.5,2.2,.232,0.7,1.0,.630,1.1,0.7,0.6,0.1,1.0,1.2,3.7
13,2,26,323,4.1,13.4,.306,2.5,6.4,.385,1.6,6.9,.232,2.1,3.3,.630,3.6,2.2,1.9,0.2,3.1,3.8,11.9
13,3,26,323,5.6,18.2,.306,3.4,8.8,.385,2.2,9.4,.232,2.9,4.5,.630,4.9,3.0,2.5,0.3,4.2,5.2,16.2,,77.7,114.5
13,4,26,323,6.0,.397,.366,.519,.250,95,2.5,7.4,4.8,10.9,2.5,0.6,17.1,21.5,,-0.4,0.0,-0.4,-.045,,-5.8,-4.4,-10.2
