0,0,28,472,44,105,.419,44,103,.427,0,2,.000,12,22,.545,29,63,92,17,10,16,19,74,100
0,1,28,16.9,1.6,3.8,.419,1.6,3.7,.427,0.0,0.1,.000,0.4,0.8,.545,3.3,0.6,0.4,0.6,0.7,2.6,3.6
0,2,28,472,3.7,8.9,.419,3.7,8.7,.427,0.0,0.2,.000,1.0,1.9,.545,7.8,1.4,0.8,1.4,1.6,6.3,8.5
0,3,28,472,5.3,12.8,.419,5.3,12.5,.427,0.0,0.2,.000,1.5,2.7,.545,11.2,2.1,1.2,1.9,2.3,9.0,12.1,,94.0,102.6
0,4,28,472,9.3,.433,.419,.019,.210,108,6.8,14.5,10.7,6.8,1.2,3.8,14.1,14.1,,0.1,0.6,0.7,.060,,-5.1,0.5,-4.6
1,0,30,1011,123,313,.393,67,151,.444,56,162,.346,65,112,.580,40,134,174,63,23,9,76,67,367
1,1,30,33.7,4.1,10.4,.393,2.2,5.0,.444,1.9,5.4,.346,2.2,3.7,.580,5.8,2.1,0.8,0.3,2.5,2.2,12.2
1,2,30,1011,4.9,12.4,.393,2.7,6.0,.444,2.2,6.4,.346,2.6,4.4,.580,6.9,2.5,0.9,0.4,3.0,2.7,14.5
1,3,30,1011,7.0,17.8,.393,3.8,8.6,.444,3.2,9.2,.346,3.7,6.4,.580,9.9,3.6,1.3,0.5,4.3,3.8,20.8,,98.0,104.2
1,4,30,1011,13.4,.501,.482,.518,.358,362,4.4,14.4,9.4,12.4,1.3,1.0,17.2,21.6,,0.9,1.0,1.9,.076,,-1.2,-1.6,-2.8
2,0,30,848,100,275,.364,49,124,.395,51,151,.338,92,120,.767,7,61,68,79,38,0,76,58,343
2,1,30,28.3,3.3,9.2,.364,1.6,4.1,.395,1.7,5.0,.338,3.1,4.0,.767,2.3,2.6,1.3,0.0,2.5,1.9,11.4
2,2,30,848,4.7,13.0,.364,2.3,5.8,.395,2.4,7.1,.338,4.3,5.7,.767,3.2,3.7,1.8,0.0,3.6,2.7,16.2
2,3,30,848,6.8,18.6,.364,3.3,8.4,.395,3.4,10.2,.338,6.2,8.1,.767,4.6,5.3,2.6,0.0,5.1,3.9,23.2,,99.6,105.0
2,4,30,848,14.1,.517,.456,.549,.436,338,0.9,7.8,4.4,18.4,2.6,0.0,18.6,23.8,,1.0,0.8,1.8,.084,,-0.6,-2.8,-3.4
3,0,28,666,84,181,.464,80,165,.485,4,16,.250,60,77,.779,20,42,62,90,31,3,50,38,232
3,1,28,23.8,3.0,6.5,.464,2.9,5.9,.485,0.1,0.6,.250,2.1,2.8,.779,2.2,3.2,1.1,0.1,1.8,1.4,8.3
3,2,28,666,5.0,10.9,.464,4.8,9.9,.485,0.2,1.0,.250,3.6,4.6,.779,3.7,5.4,1.9,0.2,3.0,2.3,13.9
3,3,28,666,7.2,15.6,.464,6.9,14.2,.485,0.3,1.4,.250,5.2,6.6,.779,5.3,7.7,2.7,0.3,4.3,3.3,20.0,,108.1,105.1
3,4,28,666,17.2,.533,.475,.088,.425,258,3.3,6.8,5.1,27.2,2.7,0.5,18.7,19.9,,1.2,0.6,1.9,.113,,-0.9,-1.9,-2.9
4,0,28,855,151,322,.469,87,176,.494,64,146,.438,59,67,.881,17,85,102,36,44,9,57,53,425
4,1,28,30.5,5.4,11.5,.469,3.1,6.3,.494,2.3,5.2,.438,2.1,2.4,.881,3.6,1.3,1.6,0.3,2.0,1.9,15.2
4,2,28,855,7.1,15.1,.469,4.1,8.2,.494,3.0,6.8,.438,2.8,3.1,.881,4.8,1.7,2.1,0.4,2.7,2.5,19.9
4,3,28,855,10.1,21.6,.469,5.8,11.8,.494,4.3,9.8,.438,4.0,4.5,.881,6.8,2.4,3.0,0.6,3.8,3.6,28.5,,113.3,102.2
4,4,28,855,20.9,.601,.568,.453,.208,370,2.2,10.8,6.5,9.4,3.0,1.2,13.9,23.8,,2.2,1.1,3.2,.151,,2.3,-1.4,0.9
5,0,21,185,14,32,.438,9,19,.474,5,13,.385,9,11,.818,11,14,25,4,10,2,11,15,42
5,1,21,8.8,0.7,1.5,.438,0.4,0.9,.474,0.2,0.6,.385,0.4,0.5,.818,1.2,0.2,0.5,0.1,0.5,0.7,2.0
5,2,21,185,3.0,6.9,.438,1.9,4.1,.474,1.1,2.8,.385,1.9,2.4,.818,5.4,0.9,2.2,0.4,2.4,3.2,9.1
5,3,21,185,4.3,9.9,.438,2.8,5.9,.474,1.5,4.0,.385,2.8,3.4,.818,7.7,1.2,3.1,0.6,3.4,4.6,13.0,,102.1,103.0
5,4,21,185,11.4,.564,.516,.406,.344,43,6.6,8.2,7.4,4.0,3.1,1.2,22.8,12.9,,0.1,0.2,0.4,.078,,-2.4,-0.4,-2.8
6,0,30,556,59,127,.465,55,109,.505,4,18,.222,30,51,.588,43,66,109,6,19,7,27,79,152
6,1,30,18.5,2.0,4.2,.465,1.8,3.6,.505,0.1,0.6,.222,1.0,1.7,.588,3.6,0.2,0.6,0.2,0.9,2.6,5.1
6,2,30,556,4.2,9.1,.465,4.0,7.8,.505,0.3,1.3,.222,2.2,3.7,.588,7.8,0.4,1.4,0.5,1.9,5.7,10.9
6,3,30,556,6.1,13.1,.465,5.7,11.2,.505,0.4,1.9,.222,3.1,5.3,.588,11.2,0.6,2.0,0.7,2.8,8.1,15.7,,100.8,102.8
6,4,30,556,11.6,.503,.480,.142,.402,152,8.6,12.9,10.8,2.1,2.0,1.4,15.1,15.9,,0.5,0.7,1.1,.081,,-3.6,-1.7,-5.3
7,0,20,404,67,169,.396,29,70,.414,38,99,.384,35,41,.854,20,45,65,7,16,8,24,49,207
7,1,20,20.2,3.4,8.5,.396,1.5,3.5,.414,1.9,5.0,.384,1.8,2.1,.854,3.3,0.4,0.8,0.4,1.2,2.5,10.4
7,2,20,404,6.6,16.7,.396,2.9,6.9,.414,3.8,9.8,.384,3.5,4.1,.854,6.4,0.7,1.6,0.8,2.4,4.9,20.5
7,3,20,404,9.5,24.0,.396,4.1,9.9,.414,5.4,14.1,.384,5.0,5.8,.854,9.2,1.0,2.3,1.1,3.4,7.0,29.4,,109.4,102.3
7,4,20,404,19.2,.549,.509,.586,.243,182,5.5,12.1,8.8,3.8,2.3,2.2,11.3,26.0,,0.9,0.5,1.4,.140,,0.8,-3.4,-2.6
8,0,23,279,31,74,.419,28,63,.444,3,11,.273,15,22,.682,23,27,50,5,11,6,9,31,80
8,1,23,12.1,1.3,3.2,.419,1.2,2.7,.444,0.1,0.5,.273,0.7,1.0,.682,2.2,0.2,0.5,0.3,0.4,1.3,3.5
8,2,23,279,4.4,10.6,.419,4.0,9.0,.444,0.4,1.6,.273,2.2,3.2,.682,7.2,0.7,1.6,0.9,1.3,4.4,11.5
8,3,23,279,6.4,15.2,.419,5.8,12.9,.444,0.6,2.3,.273,3.1,4.5,.682,10.3,1.0,2.3,1.2,1.8,6.4,16.4,,105.0,103.1
8,4,23,279,13.6,.474,.439,.149,.297,82,9.2,10.5,9.8,3.5,2.3,2.4,9.6,16.6,,0.3,0.3,0.7,.094,,-3.0,-1.2,-4.2
9,0,7,26,2,8,.250,2,7,.286,0,1,.000,1,2,.500,1,3,4,1,0,2,3,0,5
9,1,7,3.7,0.3,1.1,.250,0.3,1.0,.286,0.0,0.1,.000,0.1,0.3,.500,0.6,0.1,0.0,0.3,0.4,0.0,0.7
9,2,7,26,3.1,12.3,.250,3.1,10.8,.286,0.0,1.5,.000,1.5,3.1,.500,6.2,1.5,0.0,3.1,4.6,0.0,7.7
9,3,7,26,4.4,17.6,.250,4.4,15.4,.286,0.0,2.2,.000,2.2,4.4,.500,8.8,2.2,0.0,4.4,6.6,0.0,11.0,,54.6,105.2
9,4,7,26,1.2,.279,.250,.125,.250,5,4.3,12.5,8.4,7.0,0.0,8.6,25.1,22.7,,-0.1,0.0,-0.1,-.111,,-14.2,0.4,-13.8
10,0,17,95,10,25,.400,3,8,.375,7,17,.412,2,6,.333,2,9,11,4,3,0,12,11,29
10,1,17,5.6,0.6,1.5,.400,0.2,0.5,.375,0.4,1.0,.412,0.1,0.4,.333,0.6,0.2,0.2,0.0,0.7,0.6,1.7
10,2,17,95,4.2,10.5,.400,1.3,3.4,.375,2.9,7.2,.412,0.8,2.5,.333,4.6,1.7,1.3,0.0,5.1,4.6,12.2
10,3,17,95,6.0,15.1,.400,1.8,4.8,.375,4.2,10.3,.412,1.2,3.6,.333,6.6,2.4,1.8,0.0,7.2,6.6,17.5,,79.0,105.2
10,4,17,95,5.7,.521,.540,.680,.240,27,2.3,10.3,6.4,8.1,1.8,0.0,30.1,20.7,,-0.1,0.1,0.0,-.004,,-5.5,-3.3,-8.8
11,0,30,703,75,139,.540,75,136,.551,0,3,.000,43,72,.597,76,125,201,32,14,6,42,65,193
11,1,30,23.4,2.5,4.6,.540,2.5,4.5,.551,0.0,0.1,.000,1.4,2.4,.597,6.7,1.1,0.5,0.2,1.4,2.2,6.4
11,2,30,703,4.3,7.9,.540,4.3,7.7,.551,0.0,0.2,.000,2.4,4.1,.597,11.4,1.8,0.8,0.3,2.4,3.7,11.0
11,3,30,703,6.1,11.3,.540,6.1,11.1,.551,0.0,0.2,.000,3.5,5.9,.597,16.4,2.6,1.1,0.5,3.4,5.3,15.7,,110.2,102.0
11,4,30,703,15.8,.557,.540,.022,.518,217,12.0,19.3,15.7,8.8,1.1,1.0,19.5,15.1,,1.1,0.9,2.0,.115,,-1.5,-0.6,-2.1
