0,0,27,382,14,48,.292,8,24,.333,6,24,.250,13,29,.448,12,21,33,26,9,0,22,46,47
0,1,27,14.1,0.5,1.8,.292,0.3,0.9,.333,0.2,0.9,.250,0.5,1.1,.448,1.2,1.0,0.3,0.0,0.8,1.7,1.7
0,2,27,382,1.5,5.0,.292,0.8,2.5,.333,0.6,2.5,.250,1.4,3.0,.448,3.5,2.7,0.9,0.0,2.3,4.8,4.9
0,3,27,382,2.2,7.6,.292,1.3,3.8,.333,1.0,3.8,.250,2.1,4.6,.448,5.2,4.1,1.4,0.0,3.5,7.3,7.5,,79.1,111.1
0,4,27,382,2.9,.380,.354,.500,.604,60,3.5,7.0,5.1,12.4,1.4,0.0,26.3,11.5,,-0.2,0.1,-0.1,-.010,,-4.6,-1.4,-6.0
1,0,15,106,11,19,.579,11,19,.579,0,0,,11,15,.733,11,12,23,1,0,5,8,19,33
1,1,15,7.1,0.7,1.3,.579,0.7,1.3,.579,0.0,0.0,,0.7,1.0,.733,1.5,0.1,0.0,0.3,0.5,1.3,2.2
1,2,15,106,4.2,7.2,.579,4.2,7.2,.579,0.0,0.0,,4.2,5.7,.733,8.7,0.4,0.0,1.9,3.0,7.2,12.5
1,3,15,106,6.3,10.9,.579,6.3,10.9,.579,0.0,0.0,,6.3,8.6,.733,13.1,0.6,0.0,2.9,4.6,10.9,18.9,,109.0,108.6
1,4,15,106,13.7,.632,.579,.000,.789,32,11.5,14.3,12.8,2.0,0.0,5.4,23.4,16.8,,0.2,0.1,0.2,.090,,-3.3,-1.2,-4.6
2,0,5,5,0,2,.000,0,1,.000,0,1,.000,0,1,.000,0,0,0,0,1,0,0,1,0
2,1,5,1.0,0.0,0.4,.000,0.0,0.2,.000,0.0,0.2,.000,0.0,0.2,.000,0.0,0.0,0.2,0.0,0.0,0.2,0.0
2,2,5,5,0.0,16.0,.000,0.0,8.0,.000,0.0,8.0,.000,0.0,8.0,.000,0.0,0.0,8.0,0.0,0.0,8.0,0.0
2,3,5,5,0.0,24.2,.000,0.0,12.1,.000,0.0,12.1,.000,0.0,12.1,.000,0.0,0.0,12.1,0.0,0.0,12.1,0.0,,0.0,89.8
2,4,5,5,-13.1,.000,.000,.500,.500,0,0.0,0.0,0.0,0.0,12.1,0.0,0.0,25.9,,0.0,0.0,0.0,-.277,,-15.9,2.2,-13.6
3,0,28,480,62,124,.500,62,123,.504,0,1,.000,24,39,.615,39,70,109,26,19,16,20,67,148
3,1,28,17.1,2.2,4.4,.500,2.2,4.4,.504,0.0,0.0,.000,0.9,1.4,.615,3.9,0.9,0.7,0.6,0.7,2.4,5.3
3,2,28,480,5.2,10.3,.500,5.2,10.3,.504,0.0,0.1,.000,2.0,3.3,.615,9.1,2.2,1.6,1.3,1.7,5.6,12.3
3,3,28,480,7.8,15.6,.500,7.8,15.5,.504,0.0,0.1,.000,3.0,4.9,.615,13.8,3.3,2.4,2.0,2.5,8.5,18.7,,109.1,102.7
3,4,28,480,17.4,.519,.500,.008,.315,152,9.0,18.5,13.4,11.9,2.4,3.8,12.3,17.7,,0.8,0.6,1.4,.115,,-1.1,2.1,1.0
4,0,28,813,110,267,.412,30,62,.484,80,205,.390,32,37,.865,10,49,59,36,24,2,32,47,332
4,1,28,29.0,3.9,9.5,.412,1.1,2.2,.484,2.9,7.3,.390,1.1,1.3,.865,2.1,1.3,0.9,0.1,1.1,1.7,11.9
4,2,28,813,5.4,13.1,.412,1.5,3.1,.484,3.9,10.1,.390,1.6,1.8,.865,2.9,1.8,1.2,0.1,1.6,2.3,16.3
4,3,28,813,8.2,19.9,.412,2.2,4.6,.484,6.0,15.3,.390,2.4,2.8,.865,4.4,2.7,1.8,0.1,2.4,3.5,24.7,,112.7,110.2
4,4,28,813,15.9,.583,.562,.768,.139,276,1.4,7.6,4.3,9.8,1.8,0.3,10.1,20.4,,1.7,0.4,2.1,.101,,3.8,-2.9,0.9
5,0,22,186,26,74,.351,17,49,.347,9,25,.360,9,14,.643,9,28,37,6,7,4,9,27,70
5,1,22,8.5,1.2,3.4,.351,0.8,2.2,.347,0.4,1.1,.360,0.4,0.6,.643,1.7,0.3,0.3,0.2,0.4,1.2,3.2
5,2,22,186,5.6,15.9,.351,3.7,10.5,.347,1.9,5.4,.360,1.9,3.0,.643,8.0,1.3,1.5,0.9,1.9,5.8,15.1
5,3,22,186,8.5,24.1,.351,5.5,16.0,.347,2.9,8.1,.360,2.9,4.6,.643,12.1,2.0,2.3,1.3,2.9,8.8,22.8,,90.1,103.3
5,4,22,186,12.4,.434,.412,.338,.189,64,5.3,19.1,11.7,7.2,2.3,2.5,10.0,25.2,,0.0,0.2,0.2,.048,,-4.2,-1.7,-6.0
6,0,16,123,21,32,.656,17,25,.680,4,7,.571,7,11,.636,4,13,17,4,2,3,5,18,53
6,1,16,7.7,1.3,2.0,.656,1.1,1.6,.680,0.3,0.4,.571,0.4,0.7,.636,1.1,0.3,0.1,0.2,0.3,1.1,3.3
6,2,16,123,6.8,10.4,.656,5.5,8.1,.680,1.3,2.3,.571,2.3,3.6,.636,5.5,1.3,0.7,1.0,1.6,5.9,17.2
6,3,16,123,10.3,15.8,.656,8.4,12.3,.680,2.0,3.4,.571,3.4,5.4,.636,8.4,2.0,1.0,1.5,2.5,8.9,26.1,,127.0,108.2
6,4,16,123,20.1,.712,.719,.219,.344,41,3.6,13.4,8.1,7.9,1.0,2.8,11.8,18.0,,0.4,0.1,0.4,.142,,1.8,-1.7,0.1
7,0,26,349,42,107,.393,23,50,.460,19,57,.333,19,30,.633,26,33,59,29,9,3,29,44,122
7,1,26,13.4,1.6,4.1,.393,0.9,1.9,.460,0.7,2.2,.333,0.7,1.2,.633,2.3,1.1,0.3,0.1,1.1,1.7,4.7
7,2,26,349,4.8,12.3,.393,2.6,5.7,.460,2.2,6.5,.333,2.2,3.4,.633,6.8,3.3,1.0,0.3,3.3,5.0,14.0
7,3,26,349,7.3,18.6,.393,4.0,8.7,.460,3.3,9.9,.333,3.3,5.2,.633,10.2,5.0,1.6,0.5,5.0,7.6,21.2,,98.0,108.4
7,4,26,349,13.2,.503,.481,.533,.280,127,8.2,12.0,10.0,17.9,1.6,1.0,19.3,22.5,,0.3,0.2,0.5,.063,,0.1,-1.7,-1.6
8,0,23,469,54,142,.380,15,38,.395,39,104,.375,8,10,.800,5,45,50,14,4,1,14,18,155
8,1,23,20.4,2.3,6.2,.380,0.7,1.7,.395,1.7,4.5,.375,0.3,0.4,.800,2.2,0.6,0.2,0.0,0.6,0.8,6.7
8,2,23,469,4.6,12.1,.380,1.3,3.2,.395,3.3,8.9,.375,0.7,0.9,.800,4.3,1.2,0.3,0.1,1.2,1.5,13.2
8,3,23,469,7.0,18.3,.380,1.9,4.9,.395,5.0,13.4,.375,1.0,1.3,.800,6.5,1.8,0.5,0.1,1.8,2.3,20.0,,104.0,111.4
8,4,23,469,11.5,.528,.518,.732,.070,128,1.2,12.1,6.3,6.4,0.5,0.2,8.7,17.9,,0.5,0.2,0.7,.059,,0.0,-3.7,-3.8
9,0,21,187,11,26,.423,7,13,.538,4,13,.308,4,5,.800,3,14,17,12,3,0,14,15,30
9,1,21,8.9,0.5,1.2,.423,0.3,0.6,.538,0.2,0.6,.308,0.2,0.2,.800,0.8,0.6,0.1,0.0,0.7,0.7,1.4
9,2,21,187,2.4,5.6,.423,1.5,2.8,.538,0.9,2.8,.308,0.9,1.1,.800,3.6,2.6,0.6,0.0,3.0,3.2,6.4
9,3,21,187,3.6,8.4,.423,2.3,4.2,.538,1.3,4.2,.308,1.3,1.6,.800,5.5,3.9,1.0,0.0,4.5,4.9,9.7,,84.1,111.4
9,4,21,187,4.7,.529,.500,.500,.192,32,1.8,9.5,5.4,12.2,1.0,0.0,33.0,11.9,,-0.1,0.1,0.0,.001,,-4.5,-2.0,-6.6
10,0,13,71,4,20,.200,1,5,.200,3,15,.200,1,2,.500,3,8,11,0,0,0,1,6,12
10,1,13,5.5,0.3,1.5,.200,0.1,0.4,.200,0.2,1.2,.200,0.1,0.2,.500,0.8,0.0,0.0,0.0,0.1,0.5,0.9
10,2,13,71,2.3,11.3,.200,0.6,2.8,.200,1.7,8.5,.200,0.6,1.1,.500,6.2,0.0,0.0,0.0,0.6,3.4,6.8
10,3,13,71,3.4,17.1,.200,0.9,4.3,.200,2.6,12.8,.200,0.9,1.7,.500,9.4,0.0,0.0,0.0,0.9,5.1,10.2,,69.7,111.7
10,4,13,71,0.7,.286,.275,.750,.100,12,4.7,14.3,9.1,0.0,0.0,0.0,4.6,16.2,,-0.1,0.0,-0.1,-.042,,-7.5,-7.0,-14.5
11,0,16,332,42,85,.494,41,83,.494,1,2,.500,25,50,.500,22,46,68,13,13,8,24,44,110
11,1,16,20.8,2.6,5.3,.494,2.6,5.2,.494,0.1,0.1,.500,1.6,3.1,.500,4.3,0.8,0.8,0.5,1.5,2.8,6.9
11,2,16,332,5.1,10.2,.494,4.9,10.0,.494,0.1,0.2,.500,3.0,6.0,.500,8.2,1.6,1.6,1.0,2.9,5.3,13.3
11,3,16,332,7.7,15.5,.494,7.5,15.1,.494,0.2,0.4,.500,4.6,9.1,.500,12.4,2.4,2.4,1.5,4.4,8.0,20.1,,94.7,103.6
11,4,16,332,14.0,.506,.500,.024,.588,106,7.3,17.5,12.1,8.5,2.4,2.8,18.1,20.9,,0.2,0.4,0.5,.065,,-3.5,0.8,-2.7
12,0,27,621,105,253,.415,80,187,.428,25,66,.379,62,89,.697,37,60,97,35,17,19,44,81,297
12,1,27,23.0,3.9,9.4,.415,3.0,6.9,.428,0.9,2.4,.379,2.3,3.3,.697,3.6,1.3,0.6,0.7,1.6,3.0,11.0
12,2,27,621,6.8,16.3,.415,5.2,12.0,.428,1.6,4.3,.379,4.0,5.7,.697,6.2,2.3,1.1,1.2,2.8,5.2,19.1
12,3,27,621,10.2,24.7,.415,7.8,18.2,.428,2.4,6.4,.379,6.0,8.7,.697,9.5,3.4,1.7,1.9,4.3,7.9,29.0,,100.4,106.9
12,4,27,621,17.4,.503,.464,.261,.352,277,6.6,12.2,9.2,13.6,1.7,3.5,13.0,28.6,,0.9,0.5,1.4,.089,,-0.5,-0.9,-1.4
13,0,14,54,4,14,.286,3,8,.375,1,6,.167,0,1,.000,3,8,11,3,2,2,6,7,9
13,1,14,3.9,0.3,1.0,.286,0.2,0.6,.375,0.1,0.4,.167,0.0,0.1,.000,0.8,0.2,0.1,0.1,0.4,0.5,0.6
13,2,14,54,3.0,10.4,.286,2.2,5.9,.375,0.7,4.4,.167,0.0,0.7,.000,8.1,2.2,1.5,1.5,4.4,5.2,6.7
13,3,14,54,4.5,15.7,.286,3.4,9.0,.375,1.1,6.7,.167,0.0,1.1,.000,12.3,3.4,2.2,2.2,6.7,7.9,10.1,,59.6,102.7
13,4,14,54,2.6,.311,.321,.429,.071,11,6.1,18.7,12.0,10.9,2.2,4.3,29.3,19.8,,-0.2,0.1,-0.1,-.070,,-9.3,1.5,-7.8
14,0,7,44,4,8,.500,3,3,1.000,1,5,.200,3,5,.600,1,3,4,3,1,0,2,3,12
14,1,7,6.3,0.6,1.1,.500,0.4,0.4,1.000,0.1,0.7,.200,0.4,0.7,.600,0.6,0.4,0.1,0.0,0.3,0.4,1.7
14,2,7,44,3.6,7.3,.500,2.7,2.7,1.000,0.9,4.5,.200,2.7,4.5,.600,3.6,2.7,0.9,0.0,1.8,2.7,10.9
14,3,7,44,5.5,11.0,.500,4.1,4.1,1.000,1.4,6.9,.200,4.1,6.9,.600,5.5,4.1,1.4,0.0,2.8,4.1,16.5,,111.3,110.9
14,4,7,44,12.2,.578,.563,.625,.625,12,2.5,8.6,5.4,13.8,1.4,0.0,16.2,14.7,,0.1,0.0,0.1,.078,,-0.2,-3.1,-3.3
15,0,28,552,38,80,.475,31,60,.517,7,20,.350,24,36,.667,54,85,139,49,35,5,34,82,107
15,1,28,19.7,1.4,2.9,.475,1.1,2.1,.517,0.3,0.7,.350,0.9,1.3,.667,5.0,1.8,1.3,0.2,1.2,2.9,3.8
15,2,28,552,2.8,5.8,.475,2.2,4.3,.517,0.5,1.4,.350,1.7,2.6,.667,10.1,3.6,2.5,0.4,2.5,5.9,7.8
15,3,28,552,4.2,8.8,.475,3.4,6.6,.517,0.8,2.2,.350,2.6,4.0,.667,15.3,5.4,3.8,0.5,3.7,9.0,11.7,,110.0,100.4
15,4,28,552,15.5,.551,.519,.250,.450,143,10.8,19.5,14.8,17.2,3.8,1.0,25.9,12.4,,0.8,0.8,1.6,.113,,0.5,3.1,3.5
16,0,26,851,110,279,.394,58,159,.365,52,120,.433,97,118,.822,9,80,89,149,40,2,71,53,369
16,1,26,32.7,4.2,10.7,.394,2.2,6.1,.365,2.0,4.6,.433,3.7,4.5,.822,3.4,5.7,1.5,0.1,2.7,2.0,14.2
16,2,26,851,5.2,13.1,.394,2.7,7.5,.365,2.4,5.6,.433,4.6,5.5,.822,4.2,7.0,1.9,0.1,3.3,2.5,17.3
16,3,26,851,7.8,19.9,.394,4.1,11.3,.365,3.7,8.5,.433,6.9,8.4,.822,6.3,10.6,2.8,0.1,5.1,3.8,26.3,,111.2,106.3
16,4,26,851,20.8,.551,.487,.430,.423,396,1.2,11.9,6.2,38.4,2.8,0.3,17.5,25.0,,2.3,0.7,3.0,.141,,4.0,-1.5,2.5
