0,0,34,245,38,61,.623,38,61,.623,0,0,,21,28,.750,19,54,73,14,5,8,20,51,97
0,1,34,7.2,1.1,1.8,.623,1.1,1.8,.623,0.0,0.0,,0.6,0.8,.750,2.1,0.4,0.1,0.2,0.6,1.5,2.9
0,2,34,245,6.2,10.0,.623,6.2,10.0,.623,0.0,0.0,,3.4,4.6,.750,11.9,2.3,0.8,1.3,3.3,8.3,15.8
0,3,34,245,9.2,14.8,.623,9.2,14.8,.623,0.0,0.0,,5.1,6.8,.750,17.7,3.4,1.2,1.9,4.9,12.4,23.5,,115.5,98.8
0,4,34,245,19.7,.653,.623,.000,.459,95,10.2,24.7,18.1,10.7,1.2,3.2,21.2,20.1,,0.6,0.4,1.0,.165,,2.2,2.2,4.3
1,0,35,414,26,71,.366,20,55,.364,6,16,.375,25,33,.758,4,35,39,67,12,1,41,50,83
1,1,35,11.8,0.7,2.0,.366,0.6,1.6,.364,0.2,0.5,.375,0.7,0.9,.758,1.1,1.9,0.3,0.0,1.2,1.4,2.4
1,2,35,414,2.5,6.9,.366,1.9,5.3,.364,0.6,1.5,.375,2.4,3.2,.758,3.8,6.5,1.2,0.1,4.0,4.8,8.0
1,3,35,414,3.7,10.2,.366,2.9,7.9,.364,0.9,2.3,.375,3.6,4.7,.758,5.6,9.6,1.7,0.1,5.9,7.2,11.9,,92.6,105.7
1,4,35,414,7.9,.479,.408,.225,.465,115,1.3,9.5,5.7,25.7,1.7,0.2,32.1,16.1,,0.1,0.3,0.5,.046,,-1.6,-0.3,-1.8
2,0,35,252,33,76,.434,7,14,.500,26,62,.419,9,14,.643,7,19,26,6,3,1,9,28,101
2,1,35,7.2,0.9,2.2,.434,0.2,0.4,.500,0.7,1.8,.419,0.3,0.4,.643,0.7,0.2,0.1,0.0,0.3,0.8,2.9
2,2,35,252,5.2,12.1,.434,1.1,2.2,.500,4.1,9.8,.419,1.4,2.2,.643,4.1,1.0,0.5,0.2,1.4,4.4,16.0
2,3,35,252,7.8,17.9,.434,1.7,3.3,.500,6.1,14.6,.419,2.1,3.3,.643,6.1,1.4,0.7,0.2,2.1,6.6,23.8,,117.2,108.3
2,4,35,252,14.2,.611,.605,.816,.184,82,3.7,8.5,6.3,4.2,0.7,0.4,9.8,19.0,,0.6,0.1,0.7,.116,,5.2,-3.0,2.1
3,0,13,32,2,7,.286,0,2,.000,2,5,.400,3,6,.500,3,4,7,0,1,1,1,6,9
3,1,13,2.5,0.2,0.5,.286,0.0,0.2,.000,0.2,0.4,.400,0.2,0.5,.500,0.5,0.0,0.1,0.1,0.1,0.5,0.7
3,2,13,32,2.5,8.8,.286,0.0,2.5,.000,2.5,6.3,.400,3.8,7.5,.500,8.8,0.0,1.3,1.3,1.3,7.5,11.3
3,3,13,32,3.7,13.0,.286,0.0,3.7,.000,3.7,9.3,.400,5.6,11.1,.500,13.0,0.0,1.9,1.9,1.9,11.1,16.7,,104.6,101.4
3,4,13,32,11.1,.457,.429,.714,.857,10,12.4,14.0,13.3,0.0,1.9,3.1,9.2,17.7,,0.0,0.0,0.1,.102,,0.8,-2.9,-2.1
4,0,35,835,130,214,.607,130,214,.607,0,0,,81,121,.669,95,160,255,22,13,57,54,77,341
4,1,35,23.9,3.7,6.1,.607,3.7,6.1,.607,0.0,0.0,,2.3,3.5,.669,7.3,0.6,0.4,1.6,1.5,2.2,9.7
4,2,35,835,6.2,10.3,.607,6.2,10.3,.607,0.0,0.0,,3.9,5.8,.669,12.2,1.1,0.6,2.7,2.6,3.7,16.3
4,3,35,835,9.3,15.2,.607,9.3,15.2,.607,0.0,0.0,,5.8,8.6,.669,18.2,1.6,0.9,4.1,3.8,5.5,24.3,,119.9,98.9
4,4,35,835,23.7,.628,.607,.000,.565,340,15.0,21.5,18.5,4.9,0.9,6.8,16.6,20.3,,2.6,1.2,3.8,.182,,3.3,3.2,6.5
5,0,12,26,4,12,.333,1,2,.500,3,10,.300,0,0,,1,4,5,1,2,0,1,1,11
5,1,12,2.2,0.3,1.0,.333,0.1,0.2,.500,0.3,0.8,.300,0.0,0.0,,0.4,0.1,0.2,0.0,0.1,0.1,0.9
5,2,12,26,6.2,18.5,.333,1.5,3.1,.500,4.6,15.4,.300,0.0,0.0,,7.7,1.5,3.1,0.0,1.5,1.5,16.9
5,3,12,26,9.1,27.4,.333,2.3,4.6,.500,6.9,22.9,.300,0.0,0.0,,11.4,2.3,4.6,0.0,2.3,2.3,25.2,,97.0,97.1
5,4,12,26,17.4,.458,.458,.833,.000,10,5.1,17.3,11.7,7.2,4.6,0.0,7.7,26.1,,0.0,0.0,0.1,.102,,3.2,-0.7,2.5
6,0,35,1045,81,165,.491,63,116,.543,18,49,.367,65,93,.699,27,130,157,176,37,4,73,96,245
6,1,35,29.9,2.3,4.7,.491,1.8,3.3,.543,0.5,1.4,.367,1.9,2.7,.699,4.5,5.0,1.1,0.1,2.1,2.7,7.0
6,2,35,1045,3.1,6.3,.491,2.4,4.4,.543,0.7,1.9,.367,2.5,3.6,.699,6.0,6.7,1.4,0.2,2.8,3.7,9.4
6,3,35,1045,4.6,9.4,.491,3.6,6.6,.543,1.0,2.8,.367,3.7,5.3,.699,8.9,10.0,2.1,0.2,4.2,5.5,13.9,,116.2,103.3
6,4,35,1045,15.2,.586,.545,.297,.564,329,3.4,14.0,9.1,27.4,2.1,0.4,25.9,14.1,,2.2,1.1,3.4,.129,,3.9,2.0,6.0
7,0,35,596,60,144,.417,19,47,.404,41,97,.423,21,40,.525,6,57,63,63,21,0,31,37,182
7,1,35,17.0,1.7,4.1,.417,0.5,1.3,.404,1.2,2.8,.423,0.6,1.1,.525,1.8,1.8,0.6,0.0,0.9,1.1,5.2
7,2,35,596,4.0,9.7,.417,1.3,3.2,.404,2.8,6.5,.423,1.4,2.7,.525,4.2,4.2,1.4,0.0,2.1,2.5,12.2
7,3,35,596,6.0,14.4,.417,1.9,4.7,.404,4.1,9.7,.423,2.1,4.0,.525,6.3,6.3,2.1,0.0,3.1,3.7,18.2,,110.6,104.9
7,4,35,596,14.2,.558,.559,.674,.278,184,1.3,10.7,6.4,17.9,2.1,0.0,16.0,17.0,,1.1,0.5,1.6,.107,,4.1,-0.1,4.0
8,0,35,794,73,155,.471,14,29,.483,59,126,.468,27,31,.871,10,66,76,53,26,0,29,74,232
8,1,35,22.7,2.1,4.4,.471,0.4,0.8,.483,1.7,3.6,.468,0.8,0.9,.871,2.2,1.5,0.7,0.0,0.8,2.1,6.6
8,2,35,794,3.7,7.8,.471,0.7,1.5,.483,3.0,6.3,.468,1.4,1.6,.871,3.8,2.7,1.3,0.0,1.5,3.7,11.7
8,3,35,794,5.5,11.6,.471,1.0,2.2,.483,4.4,9.4,.468,2.0,2.3,.871,5.7,4.0,1.9,0.0,2.2,5.5,17.4,,127.9,105.6
8,4,35,794,14.3,.683,.661,.813,.200,211,1.7,9.3,5.8,11.1,1.9,0.0,14.6,13.0,,1.9,0.7,2.6,.129,,6.5,0.4,6.9
9,0,35,1117,307,511,.601,253,400,.633,54,111,.486,133,167,.796,84,204,288,37,7,3,79,61,801
9,1,35,31.9,8.8,14.6,.601,7.2,11.4,.633,1.5,3.2,.486,3.8,4.8,.796,8.2,1.1,0.2,0.1,2.3,1.7,22.9
9,2,35,1117,11.0,18.3,.601,9.1,14.3,.633,1.9,4.0,.486,4.8,6.0,.796,10.3,1.3,0.3,0.1,2.8,2.2,28.7
9,3,35,1117,16.3,27.2,.601,13.5,21.3,.633,2.9,5.9,.486,7.1,8.9,.796,15.3,2.0,0.4,0.2,4.2,3.2,42.6,,126.7,105.0
9,4,35,1117,32.2,.678,.654,.217,.327,667,9.9,20.5,15.6,8.0,0.4,0.3,11.8,31.2,,5.8,1.0,6.8,.244,,8.9,-2.4,6.5
10,0,11,32,4,6,.667,4,6,.667,0,0,,1,4,.250,3,1,4,3,1,0,0,5,9
10,1,11,2.9,0.4,0.5,.667,0.4,0.5,.667,0.0,0.0,,0.1,0.4,.250,0.4,0.3,0.1,0.0,0.0,0.5,0.8
10,2,11,32,5.0,7.5,.667,5.0,7.5,.667,0.0,0.0,,1.3,5.0,.250,5.0,3.8,1.3,0.0,0.0,6.3,11.3
10,3,11,32,7.4,11.1,.667,7.4,11.1,.667,0.0,0.0,,1.9,7.4,.250,7.4,5.6,1.9,0.0,0.0,9.3,16.7,,141.6,107.5
10,4,11,32,17.4,.570,.667,.000,.667,11,12.4,3.5,7.6,16.5,1.9,0.0,0.0,12.9,,0.1,0.0,0.1,.171,,6.5,-0.4,6.1
11,0,13,30,3,10,.300,1,2,.500,2,8,.250,0,0,,0,5,5,5,2,0,0,3,8
11,1,13,2.3,0.2,0.8,.300,0.1,0.2,.500,0.2,0.6,.250,0.0,0.0,,0.4,0.4,0.2,0.0,0.0,0.2,0.6
11,2,13,30,4.0,13.3,.300,1.3,2.7,.500,2.7,10.7,.250,0.0,0.0,,6.7,6.7,2.7,0.0,0.0,4.0,10.7
11,3,13,30,5.9,19.8,.300,2.0,4.0,.500,4.0,15.9,.250,0.0,0.0,,9.9,9.9,4.0,0.0,0.0,5.9,15.9,,114.0,97.6
11,4,13,30,16.7,.400,.400,.800,.000,10,0.0,18.7,10.1,28.2,4.0,0.0,0.0,17.4,,0.1,0.0,0.1,.148,,4.6,1.5,6.1
12,0,35,561,74,177,.418,8,16,.500,66,161,.410,16,19,.842,18,77,95,13,11,6,13,57,230
12,1,35,16.0,2.1,5.1,.418,0.2,0.5,.500,1.9,4.6,.410,0.5,0.5,.842,2.7,0.4,0.3,0.2,0.4,1.6,6.6
12,2,35,561,5.3,12.6,.418,0.6,1.1,.500,4.7,11.5,.410,1.1,1.4,.842,6.8,0.9,0.8,0.4,0.9,4.1,16.4
12,3,35,561,7.8,18.8,.418,0.8,1.7,.500,7.0,17.1,.410,1.7,2.0,.842,10.1,1.4,1.2,0.6,1.4,6.0,24.4,,124.5,104.3
12,4,35,561,17.7,.618,.605,.910,.107,188,4.2,15.4,10.3,4.1,1.2,1.1,6.5,18.5,,1.6,0.5,2.1,.151,,6.8,-1.5,5.2
13,0,35,1071,140,326,.429,130,294,.442,10,32,.313,133,181,.735,13,57,70,156,28,1,65,45,423
13,1,35,30.6,4.0,9.3,.429,3.7,8.4,.442,0.3,0.9,.313,3.8,5.2,.735,2.0,4.5,0.8,0.0,1.9,1.3,12.1
13,2,35,1071,5.2,12.2,.429,4.9,11.0,.442,0.4,1.2,.313,5.0,6.8,.735,2.6,5.8,1.0,0.0,2.4,1.7,15.8
13,3,35,1071,7.8,18.1,.429,7.2,16.3,.442,0.6,1.8,.313,7.4,10.0,.735,3.9,8.7,1.6,0.1,3.6,2.5,23.5,,111.8,107.9
13,4,35,1071,17.0,.513,.445,.098,.555,466,1.6,6.0,4.0,26.0,1.6,0.1,13.6,23.2,,2.8,0.7,3.5,.129,,1.8,-1.1,0.7
