0,0,33,534,86,155,.555,86,155,.555,0,0,,29,60,.483,54,100,154,12,20,15,24,73,201
0,1,33,16.2,2.6,4.7,.555,2.6,4.7,.555,0.0,0.0,,0.9,1.8,.483,4.7,0.4,0.6,0.5,0.7,2.2,6.1
0,2,33,534,6.4,11.6,.555,6.4,11.6,.555,0.0,0.0,,2.2,4.5,.483,11.5,0.9,1.5,1.1,1.8,5.5,15.1
0,3,33,534,10.2,18.3,.555,10.2,18.3,.555,0.0,0.0,,3.4,7.1,.483,18.2,1.4,2.4,1.8,2.8,8.6,23.8,,109.9,98.6
0,4,33,534,20.8,.548,.555,.000,.387,187,12.2,22.8,17.5,5.7,2.4,3.3,11.6,21.1,,1.0,0.9,1.9,.143,,0.8,2.7,3.5
1,0,33,758,83,237,.350,66,167,.395,17,70,.243,74,101,.733,46,118,164,101,32,3,76,46,257
1,1,33,23.0,2.5,7.2,.350,2.0,5.1,.395,0.5,2.1,.243,2.2,3.1,.733,5.0,3.1,1.0,0.1,2.3,1.4,7.8
1,2,33,758,4.4,12.5,.350,3.5,8.8,.395,0.9,3.7,.243,3.9,5.3,.733,8.7,5.3,1.7,0.2,4.0,2.4,13.6
1,3,33,758,6.9,19.8,.350,5.5,13.9,.395,1.4,5.8,.243,6.2,8.4,.733,13.7,8.4,2.7,0.3,6.3,3.8,21.4,,94.0,101.5
1,4,33,758,15.6,.451,.386,.295,.426,300,7.3,19.0,13.1,29.8,2.7,0.5,21.1,25.8,,0.4,1.0,1.4,.075,,0.7,3.1,3.9
2,0,33,1115,117,316,.370,72,171,.421,45,145,.310,102,126,.810,21,93,114,121,16,2,67,59,381
2,1,33,33.8,3.5,9.6,.370,2.2,5.2,.421,1.4,4.4,.310,3.1,3.8,.810,3.5,3.7,0.5,0.1,2.0,1.8,11.5
2,2,33,1115,4.2,11.3,.370,2.6,6.1,.421,1.6,5.2,.310,3.7,4.5,.810,4.1,4.3,0.6,0.1,2.4,2.1,13.7
2,3,33,1115,6.6,17.9,.370,4.1,9.7,.421,2.6,8.2,.310,5.8,7.1,.810,6.5,6.9,0.9,0.1,3.8,3.3,21.6,,106.2,109.1
2,4,33,1115,13.9,.507,.441,.459,.399,397,2.3,10.2,6.2,24.0,0.9,0.2,15.1,21.5,,1.9,0.7,2.6,.092,,2.7,-0.2,2.5
3,0,26,145,5,23,.217,1,7,.143,4,16,.250,3,7,.429,1,12,13,13,2,0,11,15,17
3,1,26,5.6,0.2,0.9,.217,0.0,0.3,.143,0.2,0.6,.250,0.1,0.3,.429,0.5,0.5,0.1,0.0,0.4,0.6,0.7
3,2,26,145,1.4,6.3,.217,0.3,1.9,.143,1.1,4.4,.250,0.8,1.9,.429,3.6,3.6,0.6,0.0,3.0,4.1,4.7
3,3,26,145,2.2,10.0,.217,0.4,3.1,.143,1.7,7.0,.250,1.3,3.1,.429,5.7,5.7,0.9,0.0,4.8,6.5,7.4,,66.8,109.0
3,4,26,145,0.1,.323,.304,.696,.304,22,0.8,10.1,5.4,17.2,0.9,0.0,29.5,13.9,,-0.2,0.1,-0.1,-.040,,-5.0,-0.3,-5.3
4,0,10,22,0,7,.000,0,4,.000,0,3,.000,4,4,1.000,4,2,6,0,1,0,1,2,4
4,1,10,2.2,0.0,0.7,.000,0.0,0.4,.000,0.0,0.3,.000,0.4,0.4,1.000,0.6,0.0,0.1,0.0,0.1,0.2,0.4
4,2,10,22,0.0,12.7,.000,0.0,7.3,.000,0.0,5.5,.000,7.3,7.3,1.000,10.9,0.0,1.8,0.0,1.8,3.6,7.3
4,3,10,22,0.0,20.1,.000,0.0,11.5,.000,0.0,8.6,.000,11.5,11.5,1.000,17.2,0.0,2.9,0.0,2.9,5.7,11.5,,72.3,104.2
4,4,10,22,4.5,.225,.000,.429,.571,6,21.9,11.1,16.5,0.0,2.9,0.0,10.1,24.4,,0.0,0.0,0.0,-.036,,-6.9,-5.0,-12.0
5,0,28,552,35,104,.337,17,48,.354,18,56,.321,28,43,.651,12,66,78,28,7,10,25,53,116
5,1,28,19.7,1.3,3.7,.337,0.6,1.7,.354,0.6,2.0,.321,1.0,1.5,.651,2.8,1.0,0.3,0.4,0.9,1.9,4.1
5,2,28,552,2.5,7.5,.337,1.2,3.5,.354,1.3,4.1,.321,2.0,3.1,.651,5.7,2.0,0.5,0.7,1.8,3.8,8.4
5,3,28,552,4.0,11.9,.337,1.9,5.5,.354,2.1,6.4,.321,3.2,4.9,.651,8.9,3.2,0.8,1.1,2.9,6.1,13.3,,94.6,106.3
5,4,28,552,8.0,.466,.423,.538,.413,117,2.6,14.6,8.6,10.3,0.8,2.1,16.7,14.7,,0.2,0.5,0.7,.048,,-1.0,1.8,0.9
6,0,8,39,1,7,.143,0,4,.000,1,3,.333,6,10,.600,2,7,9,3,0,0,3,5,9
6,1,8,4.9,0.1,0.9,.143,0.0,0.5,.000,0.1,0.4,.333,0.8,1.3,.600,1.1,0.4,0.0,0.0,0.4,0.6,1.1
6,2,8,39,1.0,7.2,.143,0.0,4.1,.000,1.0,3.1,.333,6.2,10.3,.600,9.2,3.1,0.0,0.0,3.1,5.1,9.2
6,3,8,39,1.6,11.3,.143,0.0,6.5,.000,1.6,4.9,.333,9.7,16.2,.600,14.6,4.9,0.0,0.0,4.9,8.1,14.6,,84.6,106.2
6,4,8,39,5.7,.383,.214,.429,1.429,11,6.2,21.9,14.0,14.5,0.0,0.0,20.3,20.5,,0.0,0.0,0.0,.014,,-4.0,-0.6,-4.6
7,0,31,382,72,111,.649,72,111,.649,0,0,,24,36,.667,33,43,76,9,5,18,28,52,168
7,1,31,12.3,2.3,3.6,.649,2.3,3.6,.649,0.0,0.0,,0.8,1.2,.667,2.5,0.3,0.2,0.6,0.9,1.7,5.4
7,2,31,382,7.5,11.6,.649,7.5,11.6,.649,0.0,0.0,,2.5,3.8,.667,8.0,0.9,0.5,1.9,2.9,5.4,17.6
7,3,31,382,11.9,18.4,.649,11.9,18.4,.649,0.0,0.0,,4.0,6.0,.667,12.6,1.5,0.8,3.0,4.6,8.6,27.8,,113.0,104.4
7,4,31,382,21.6,.656,.649,.000,.324,142,10.4,13.7,12.1,6.4,0.8,5.5,17.9,22.1,,0.9,0.4,1.3,.136,,1.9,2.2,4.1
8,0,30,344,47,86,.547,47,86,.547,0,0,,19,30,.633,30,42,72,4,10,10,33,51,113
8,1,30,11.5,1.6,2.9,.547,1.6,2.9,.547,0.0,0.0,,0.6,1.0,.633,2.4,0.1,0.3,0.3,1.1,1.7,3.8
8,2,30,344,5.5,10.0,.547,5.5,10.0,.547,0.0,0.0,,2.2,3.5,.633,8.4,0.5,1.2,1.2,3.8,5.9,13.1
8,3,30,344,8.6,15.8,.547,8.6,15.8,.547,0.0,0.0,,3.5,5.5,.633,13.2,0.7,1.8,1.8,6.1,9.4,20.8,,92.8,102.8
8,4,30,344,13.2,.564,.547,.000,.349,104,10.5,14.9,12.7,2.8,1.8,3.4,24.8,21.0,,0.1,0.4,0.5,.061,,-2.8,1.6,-1.1
9,0,33,632,72,172,.419,27,47,.574,45,125,.360,33,40,.825,27,84,111,25,5,12,26,73,222
9,1,33,19.2,2.2,5.2,.419,0.8,1.4,.574,1.4,3.8,.360,1.0,1.2,.825,3.4,0.8,0.2,0.4,0.8,2.2,6.7
9,2,33,632,4.6,10.9,.419,1.7,3.0,.574,2.8,7.9,.360,2.1,2.5,.825,7.0,1.6,0.3,0.8,1.6,4.6,14.1
9,3,33,632,7.2,17.2,.419,2.7,4.7,.574,4.5,12.5,.360,3.3,4.0,.825,11.1,2.5,0.5,1.2,2.6,7.3,22.2,,115.1,106.1
9,4,33,632,15.3,.581,.549,.727,.233,199,5.1,16.2,10.6,8.9,0.5,2.2,12.0,18.6,,1.3,0.6,1.9,.121,,3.9,0.4,4.3
10,0,32,783,76,177,.429,33,64,.516,43,113,.381,45,63,.714,34,66,100,48,24,6,44,77,240
10,1,32,24.5,2.4,5.5,.429,1.0,2.0,.516,1.3,3.5,.381,1.4,2.0,.714,3.1,1.5,0.8,0.2,1.4,2.4,7.5
10,2,32,783,3.9,9.0,.429,1.7,3.3,.516,2.2,5.8,.381,2.3,3.2,.714,5.1,2.5,1.2,0.3,2.2,3.9,12.3
10,3,32,783,6.1,14.3,.429,2.7,5.2,.516,3.5,9.1,.381,3.6,5.1,.714,8.1,3.9,1.9,0.5,3.6,6.2,19.4,,110.4,106.1
10,4,32,783,14.1,.580,.551,.638,.356,233,5.2,10.3,7.7,13.3,1.9,0.9,17.5,17.4,,1.3,0.7,2.0,.104,,3.9,1.4,5.4
11,0,31,811,95,234,.406,50,117,.427,45,117,.385,62,79,.785,9,73,82,56,13,0,30,51,297
11,1,31,26.2,3.1,7.5,.406,1.6,3.8,.427,1.5,3.8,.385,2.0,2.5,.785,2.6,1.8,0.4,0.0,1.0,1.6,9.6
11,2,31,811,4.7,11.5,.406,2.5,5.8,.427,2.2,5.8,.385,3.1,3.9,.785,4.0,2.8,0.6,0.0,1.5,2.5,14.6
11,3,31,811,7.4,18.2,.406,3.9,9.1,.427,3.5,9.1,.385,4.8,6.2,.785,6.4,4.4,1.0,0.0,2.3,4.0,23.1,,113.9,108.6
11,4,31,811,15.0,.547,.502,.500,.338,273,1.3,11.0,6.1,15.7,1.0,0.0,9.9,20.1,,1.8,0.5,2.3,.114,,3.5,-0.6,2.9
12,0,11,25,2,8,.250,2,8,.250,0,0,,2,5,.400,5,3,8,0,0,0,3,7,6
12,1,11,2.3,0.2,0.7,.250,0.2,0.7,.250,0.0,0.0,,0.2,0.5,.400,0.7,0.0,0.0,0.0,0.3,0.6,0.5
12,2,11,25,3.2,12.8,.250,3.2,12.8,.250,0.0,0.0,,3.2,8.0,.400,12.8,0.0,0.0,0.0,4.8,11.2,9.6
12,3,11,25,5.1,20.2,.250,5.1,20.2,.250,0.0,0.0,,5.1,12.6,.400,20.2,0.0,0.0,0.0,7.6,17.7,15.2,,67.2,108.2
12,4,11,25,-2.1,.289,.250,.000,.625,8,24.1,14.6,19.4,0.0,0.0,0.0,22.4,29.0,,-0.1,0.0,-0.1,-.103,,-12.3,-7.6,-19.9
13,0,20,558,55,139,.396,11,28,.393,44,111,.396,36,40,.900,3,42,45,29,12,1,13,25,190
13,1,20,27.9,2.8,7.0,.396,0.6,1.4,.393,2.2,5.6,.396,1.8,2.0,.900,2.3,1.5,0.6,0.1,0.7,1.3,9.5
13,2,20,558,3.9,10.0,.396,0.8,2.0,.393,3.2,8.0,.396,2.6,2.9,.900,3.2,2.1,0.9,0.1,0.9,1.8,13.6
13,3,20,558,6.2,15.7,.396,1.2,3.2,.393,5.0,12.6,.396,4.1,4.5,.900,5.1,3.3,1.4,0.1,1.5,2.8,21.5,,125.4,108.5
13,4,20,558,15.5,.601,.554,.799,.288,166,0.6,9.2,4.9,11.3,1.4,0.2,7.6,16.6,,1.4,0.4,1.8,.130,,5.5,-0.2,5.2
