0,0,35,457,79,118,.669,79,118,.669,0,0,,35,63,.556,37,77,114,8,9,12,23,65,193
0,1,35,13.1,2.3,3.4,.669,2.3,3.4,.669,0.0,0.0,,1.0,1.8,.556,3.3,0.2,0.3,0.3,0.7,1.9,5.5
0,2,35,457,6.9,10.3,.669,6.9,10.3,.669,0.0,0.0,,3.1,5.5,.556,10.0,0.7,0.8,1.1,2.0,5.7,16.9
0,3,35,457,10.6,15.8,.669,10.6,15.8,.669,0.0,0.0,,4.7,8.4,.556,15.3,1.1,1.2,1.6,3.1,8.7,25.9,,121.5,101.9
0,4,35,457,20.5,.652,.669,.000,.534,172,10.7,18.9,15.2,3.4,1.2,2.8,13.5,20.3,,1.2,0.7,1.9,.168,,2.4,1.4,3.8
1,0,34,566,75,169,.444,66,137,.482,9,32,.281,62,89,.697,43,81,124,95,23,2,62,37,221
1,1,34,16.6,2.2,5.0,.444,1.9,4.0,.482,0.3,0.9,.281,1.8,2.6,.697,3.6,2.8,0.7,0.1,1.8,1.1,6.5
1,2,34,566,5.3,11.9,.444,4.7,9.7,.482,0.6,2.3,.281,4.4,6.3,.697,8.8,6.7,1.6,0.1,4.4,2.6,15.6
1,3,34,566,8.1,18.3,.444,7.1,14.8,.482,1.0,3.5,.281,6.7,9.6,.697,13.4,10.3,2.5,0.2,6.7,4.0,23.9,,107.0,102.1
1,4,34,566,19.3,.523,.470,.189,.527,280,10.1,16.1,13.3,30.5,2.5,0.4,22.7,26.2,,1.1,0.9,2.0,.141,,2.6,3.4,6.0
2,0,35,1059,90,212,.425,55,122,.451,35,90,.389,67,89,.753,22,98,120,155,18,1,60,78,282
2,1,35,30.3,2.6,6.1,.425,1.6,3.5,.451,1.0,2.6,.389,1.9,2.5,.753,3.4,4.4,0.5,0.0,1.7,2.2,8.1
2,2,35,1059,3.4,8.0,.425,2.1,4.6,.451,1.3,3.4,.389,2.5,3.4,.753,4.5,5.9,0.7,0.0,2.3,2.9,10.7
2,3,35,1059,5.2,12.3,.425,3.2,7.1,.451,2.0,5.2,.389,3.9,5.1,.753,6.9,9.0,1.0,0.1,3.5,4.5,16.3,,116.7,107.8
2,4,35,1059,13.3,.555,.507,.425,.420,350,2.7,10.4,6.9,24.5,1.0,0.1,19.1,16.1,,2.1,1.0,3.2,.121,,3.4,1.4,4.8
3,0,35,501,40,89,.449,29,46,.630,11,43,.256,21,29,.724,16,64,80,29,11,4,21,60,112
3,1,35,14.3,1.1,2.5,.449,0.8,1.3,.630,0.3,1.2,.256,0.6,0.8,.724,2.3,0.8,0.3,0.1,0.6,1.7,3.2
3,2,35,501,3.2,7.1,.449,2.3,3.7,.630,0.9,3.4,.256,1.7,2.3,.724,6.4,2.3,0.9,0.3,1.7,4.8,8.9
3,3,35,501,4.9,10.9,.449,3.5,5.6,.630,1.3,5.3,.256,2.6,3.5,.724,9.8,3.5,1.3,0.5,2.6,7.3,13.7,,109.0,104.8
3,4,35,501,10.1,.545,.511,.483,.326,120,4.2,14.4,9.7,9.6,1.3,0.9,17.0,13.4,,0.5,0.6,1.2,.094,,1.7,2.5,4.1
4,0,7,18,2,6,.333,2,3,.667,0,3,.000,3,3,1.000,0,1,1,2,0,0,0,0,7
4,1,7,2.6,0.3,0.9,.333,0.3,0.4,.667,0.0,0.4,.000,0.4,0.4,1.000,0.1,0.3,0.0,0.0,0.0,0.0,1.0
4,2,7,18,4.4,13.3,.333,4.4,6.7,.667,0.0,6.7,.000,6.7,6.7,1.000,2.2,4.4,0.0,0.0,0.0,0.0,15.6
4,3,7,18,6.8,20.4,.333,6.8,10.2,.667,0.0,10.2,.000,10.2,10.2,1.000,3.4,6.8,0.0,0.0,0.0,0.0,23.8,,120.3,112.3
4,4,7,18,15.9,.471,.333,.500,.500,7,0.0,6.2,3.4,19.4,0.0,0.0,0.0,22.4,,0.1,0.0,0.1,.134,,2.3,-3.6,-1.3
5,0,29,758,74,133,.556,55,89,.618,19,44,.432,41,67,.612,27,69,96,112,16,11,54,87,208
5,1,29,26.1,2.6,4.6,.556,1.9,3.1,.618,0.7,1.5,.432,1.4,2.3,.612,3.3,3.9,0.6,0.4,1.9,3.0,7.2
5,2,29,758,3.9,7.0,.556,2.9,4.7,.618,1.0,2.3,.432,2.2,3.5,.612,5.1,5.9,0.8,0.6,2.8,4.6,11.0
5,3,29,758,6.0,10.7,.556,4.4,7.2,.618,1.5,3.6,.432,3.3,5.4,.612,7.8,9.1,1.3,0.9,4.4,7.0,16.8,,119.1,106.2
5,4,29,758,14.8,.631,.628,.331,.504,257,4.7,10.2,7.7,25.2,1.3,1.6,24.7,15.7,,1.7,0.9,2.6,.135,,4.2,2.5,6.7
6,0,15,49,10,13,.769,10,13,.769,0,0,,3,6,.500,4,10,14,2,0,4,1,8,23
6,1,15,3.3,0.7,0.9,.769,0.7,0.9,.769,0.0,0.0,,0.2,0.4,.500,0.9,0.1,0.0,0.3,0.1,0.5,1.5
6,2,15,49,8.2,10.6,.769,8.2,10.6,.769,0.0,0.0,,2.4,4.9,.500,11.4,1.6,0.0,3.3,0.8,6.5,18.8
6,3,15,49,12.5,16.3,.769,12.5,16.3,.769,0.0,0.0,,3.8,7.5,.500,17.5,2.5,0.0,5.0,1.3,10.0,28.8,,145.4,99.3
6,4,15,49,28.3,.726,.769,.000,.462,20,10.8,22.9,17.4,8.5,0.0,8.8,5.9,18.7,,0.2,0.1,0.3,.242,,5.6,4.6,10.2
7,0,24,122,26,38,.684,26,36,.722,0,2,.000,14,25,.560,11,16,27,1,0,6,4,19,66
7,1,24,5.1,1.1,1.6,.684,1.1,1.5,.722,0.0,0.1,.000,0.6,1.0,.560,1.1,0.0,0.0,0.3,0.2,0.8,2.8
7,2,24,122,8.5,12.5,.684,8.5,11.8,.722,0.0,0.7,.000,4.6,8.2,.560,8.9,0.3,0.0,2.0,1.3,6.2,21.6
7,3,24,122,13.1,19.1,.684,13.1,18.1,.722,0.0,1.0,.000,7.0,12.6,.560,13.6,0.5,0.0,3.0,2.0,9.5,33.1,,130.1,104.8
7,4,24,122,25.3,.662,.684,.053,.658,55,11.9,14.7,13.4,1.7,0.0,5.3,7.4,24.0,,0.5,0.2,0.6,.204,,3.4,-0.8,2.7
8,0,35,993,84,192,.438,24,44,.545,60,148,.405,18,20,.900,14,85,99,100,36,0,25,79,246
8,1,35,28.4,2.4,5.5,.438,0.7,1.3,.545,1.7,4.2,.405,0.5,0.6,.900,2.8,2.9,1.0,0.0,0.7,2.3,7.0
8,2,35,993,3.4,7.7,.438,1.0,1.8,.545,2.4,6.0,.405,0.7,0.8,.900,4.0,4.0,1.5,0.0,1.0,3.2,9.9
8,3,35,993,5.2,11.8,.438,1.5,2.7,.545,3.7,9.1,.405,1.1,1.2,.900,6.1,6.2,2.2,0.0,1.5,4.9,15.2,,129.1,105.5
8,4,35,993,13.9,.610,.594,.771,.104,263,1.9,9.6,6.1,16.8,2.2,0.0,11.0,12.4,,2.2,1.2,3.4,.136,,6.1,2.4,8.4
9,0,35,1181,330,627,.526,234,413,.567,96,214,.449,178,206,.864,57,187,244,55,8,5,62,67,934
9,1,35,33.7,9.4,17.9,.526,6.7,11.8,.567,2.7,6.1,.449,5.1,5.9,.864,7.0,1.6,0.2,0.1,1.8,1.9,26.7
9,2,35,1181,11.2,21.2,.526,7.9,14.0,.567,3.3,7.2,.449,6.0,7.0,.864,8.3,1.9,0.3,0.2,2.1,2.3,31.6
9,3,35,1181,17.1,32.5,.526,12.1,21.4,.567,5.0,11.1,.449,9.2,10.7,.864,12.7,2.9,0.4,0.3,3.2,3.5,48.4,,127.4,106.0
9,4,35,1181,32.8,.644,.603,.341,.329,788,6.4,17.8,12.6,11.5,0.4,0.5,7.9,36.2,,6.3,1.4,7.7,.261,,9.8,-1.6,8.2
10,0,9,19,2,4,.500,2,4,.500,0,0,,1,2,.500,0,3,3,0,0,0,0,3,5
10,1,9,2.1,0.2,0.4,.500,0.2,0.4,.500,0.0,0.0,,0.1,0.2,.500,0.3,0.0,0.0,0.0,0.0,0.3,0.6
10,2,9,19,4.2,8.4,.500,4.2,8.4,.500,0.0,0.0,,2.1,4.2,.500,6.3,0.0,0.0,0.0,0.0,6.3,10.5
10,3,9,19,6.4,12.9,.500,6.4,12.9,.500,0.0,0.0,,3.2,6.4,.500,9.7,0.0,0.0,0.0,0.0,9.7,16.1,,106.8,106.7
10,4,9,19,7.6,.505,.500,.000,.500,4,0.0,17.7,9.6,0.0,0.0,0.0,0.0,14.1,,0.0,0.0,0.0,.077,,-3.6,-2.8,-6.5
11,0,13,27,1,2,.500,1,2,.500,0,0,,2,4,.500,0,2,2,2,0,0,0,2,4
11,1,13,2.1,0.1,0.2,.500,0.1,0.2,.500,0.0,0.0,,0.2,0.3,.500,0.2,0.2,0.0,0.0,0.0,0.2,0.3
11,2,13,27,1.5,3.0,.500,1.5,3.0,.500,0.0,0.0,,3.0,5.9,.500,3.0,3.0,0.0,0.0,0.0,3.0,5.9
11,3,13,27,2.3,4.5,.500,2.3,4.5,.500,0.0,0.0,,4.5,9.1,.500,4.5,4.5,0.0,0.0,0.0,4.5,9.1,,132.9,111.1
11,4,13,27,7.5,.513,.500,.000,2.000,5,0.0,8.3,4.5,11.5,0.0,0.0,0.0,7.8,,0.0,0.0,0.1,.089,,0.2,0.2,0.4
12,0,35,946,112,242,.463,2,8,.250,110,234,.470,31,38,.816,18,120,138,27,15,4,20,92,365
12,1,35,27.0,3.2,6.9,.463,0.1,0.2,.250,3.1,6.7,.470,0.9,1.1,.816,3.9,0.8,0.4,0.1,0.6,2.6,10.4
12,2,35,946,4.7,10.2,.463,0.1,0.3,.250,4.7,9.9,.470,1.3,1.6,.816,5.8,1.1,0.6,0.2,0.8,3.9,15.4
12,3,35,946,7.3,15.7,.463,0.1,0.5,.250,7.1,15.2,.470,2.0,2.5,.816,8.9,1.7,1.0,0.3,1.3,6.0,23.6,,134.2,106.0
12,4,35,946,17.0,.702,.690,.967,.157,290,2.5,14.3,8.9,5.0,1.0,0.5,7.1,16.1,,2.6,1.1,3.7,.158,,8.4,0.5,8.9
13,0,28,304,32,82,.390,16,33,.485,16,49,.327,10,13,.769,1,20,21,26,3,0,4,21,90
13,1,28,10.9,1.1,2.9,.390,0.6,1.2,.485,0.6,1.8,.327,0.4,0.5,.769,0.8,0.9,0.1,0.0,0.1,0.8,3.2
13,2,28,304,4.2,10.8,.390,2.1,4.3,.485,2.1,6.4,.327,1.3,1.7,.769,2.8,3.4,0.4,0.0,0.5,2.8,11.8
13,3,28,304,6.4,16.5,.390,3.2,6.6,.485,3.2,9.9,.327,2.0,2.6,.769,4.2,5.2,0.6,0.0,0.8,4.2,18.1,,116.6,110.1
13,4,28,304,11.4,.510,.488,.598,.159,89,0.4,7.4,4.2,14.8,0.6,0.0,4.3,16.5,,0.5,0.2,0.8,.102,,2.7,-1.1,1.6
