0,0,32,419,36,99,.364,20,42,.476,16,57,.281,15,21,.714,18,47,65,23,4,5,22,60,103
0,1,32,13.1,1.1,3.1,.364,0.6,1.3,.476,0.5,1.8,.281,0.5,0.7,.714,2.0,0.7,0.1,0.2,0.7,1.9,3.2
0,2,32,419,3.4,9.5,.364,1.9,4.0,.476,1.5,5.4,.281,1.4,2.0,.714,6.2,2.2,0.4,0.5,2.1,5.7,9.8
0,3,32,419,5.6,15.4,.364,3.1,6.5,.476,2.5,8.9,.281,2.3,3.3,.714,10.1,3.6,0.6,0.8,3.4,9.3,16.0,,96.6,102.2
0,4,32,419,8.5,.473,.444,.576,.212,104,5.4,14.4,9.8,12.3,0.6,1.7,16.8,17.3,,0.2,0.5,0.8,.073,,-2.8,-1.4,-4.3
1,0,30,882,150,304,.493,149,299,.498,1,5,.200,109,148,.736,66,151,217,46,8,22,70,78,410
1,1,30,29.4,5.0,10.1,.493,5.0,10.0,.498,0.0,0.2,.200,3.6,4.9,.736,7.2,1.5,0.3,0.7,2.3,2.6,13.7
1,2,30,882,6.8,13.8,.493,6.8,13.6,.498,0.0,0.2,.200,4.9,6.7,.736,9.8,2.1,0.4,1.0,3.2,3.5,18.6
1,3,30,882,11.1,22.5,.493,11.0,22.1,.498,0.1,0.4,.200,8.1,10.9,.736,16.0,3.4,0.6,1.6,5.2,5.8,30.3,,106.8,98.8
1,4,30,882,21.2,.548,.495,.016,.487,387,9.3,21.9,15.6,14.4,0.6,3.5,15.8,27.8,,1.9,1.4,3.3,.152,,-1.2,0.4,-0.8
2,0,32,892,80,198,.404,61,139,.439,19,59,.322,69,88,.784,43,71,114,57,22,7,40,94,248
2,1,32,27.9,2.5,6.2,.404,1.9,4.3,.439,0.6,1.8,.322,2.2,2.8,.784,3.6,1.8,0.7,0.2,1.3,2.9,7.8
2,2,32,892,3.6,8.9,.404,2.7,6.2,.439,0.9,2.6,.322,3.1,3.9,.784,5.1,2.6,1.0,0.3,1.8,4.2,11.1
2,3,32,892,5.8,14.5,.404,4.5,10.2,.439,1.4,4.3,.322,5.0,6.4,.784,8.3,4.2,1.6,0.5,2.9,6.9,18.1,,109.4,102.1
2,4,32,892,13.1,.517,.452,.298,.444,255,6.0,10.2,8.1,14.4,1.6,1.1,14.3,17.3,,1.4,1.1,2.6,.116,,-0.5,-0.3,-0.8
3,0,32,498,52,141,.369,24,62,.387,28,79,.354,18,19,.947,12,35,47,26,20,1,25,50,150
3,1,32,15.6,1.6,4.4,.369,0.8,1.9,.387,0.9,2.5,.354,0.6,0.6,.947,1.5,0.8,0.6,0.0,0.8,1.6,4.7
3,2,32,498,4.2,11.3,.369,1.9,5.0,.387,2.2,6.3,.354,1.4,1.5,.947,3.8,2.1,1.6,0.1,2.0,4.0,12.0
3,3,32,498,6.8,18.5,.369,3.1,8.1,.387,3.7,10.3,.354,2.4,2.5,.947,6.2,3.4,2.6,0.1,3.3,6.5,19.6,,100.6,100.7
3,4,32,498,11.5,.500,.468,.560,.135,138,3.0,9.0,6.0,12.2,2.6,0.3,14.3,19.4,,0.5,0.7,1.2,.094,,-1.3,-1.5,-2.8
4,0,32,696,56,148,.378,32,82,.390,24,66,.364,47,60,.783,16,55,71,71,28,2,61,36,183
4,1,32,21.8,1.8,4.6,.378,1.0,2.6,.390,0.8,2.1,.364,1.5,1.9,.783,2.2,2.2,0.9,0.1,1.9,1.1,5.7
4,2,32,696,3.2,8.5,.378,1.8,4.7,.390,1.4,3.8,.364,2.7,3.4,.783,4.1,4.1,1.6,0.1,3.5,2.1,10.5
4,3,32,696,5.2,13.9,.378,3.0,7.7,.390,2.2,6.2,.364,4.4,5.6,.783,6.7,6.7,2.6,0.2,5.7,3.4,17.1,,94.9,100.5
4,4,32,696,11.8,.518,.459,.446,.405,195,2.9,10.1,6.5,22.5,2.6,0.4,25.7,18.8,,0.3,1.0,1.3,.076,,-2.2,-0.6,-2.9
5,0,26,201,19,38,.500,19,38,.500,0,0,,13,33,.394,9,26,35,0,2,10,11,21,51
5,1,26,7.7,0.7,1.5,.500,0.7,1.5,.500,0.0,0.0,,0.5,1.3,.394,1.3,0.0,0.1,0.4,0.4,0.8,2.0
5,2,26,201,3.8,7.6,.500,3.8,7.6,.500,0.0,0.0,,2.6,6.6,.394,7.0,0.0,0.4,2.0,2.2,4.2,10.1
5,3,26,201,6.2,12.3,.500,6.2,12.3,.500,0.0,0.0,,4.2,10.7,.394,11.4,0.0,0.6,3.2,3.6,6.8,16.5,,86.6,98.8
5,4,26,201,9.6,.475,.500,.000,.868,45,5.6,16.6,11.0,0.0,0.6,7.0,17.0,17.8,,-0.1,0.3,0.3,.053,,-9.0,-1.4,-10.5
6,0,32,933,91,255,.357,22,58,.379,69,197,.350,37,55,.673,9,34,43,29,27,2,33,77,288
6,1,32,29.2,2.8,8.0,.357,0.7,1.8,.379,2.2,6.2,.350,1.2,1.7,.673,1.3,0.9,0.8,0.1,1.0,2.4,9.0
6,2,32,933,3.9,10.9,.357,0.9,2.5,.379,3.0,8.4,.350,1.6,2.4,.673,1.8,1.2,1.2,0.1,1.4,3.3,12.3
6,3,32,933,6.4,17.8,.357,1.5,4.1,.379,4.8,13.8,.350,2.6,3.8,.673,3.0,2.0,1.9,0.1,2.3,5.4,20.1,,104.1,104.1
6,4,32,933,10.1,.512,.492,.773,.216,245,1.2,4.7,2.9,7.1,1.9,0.3,10.5,18.6,,1.1,1.0,2.1,.089,,0.1,-2.5,-2.3
7,0,31,865,111,234,.474,111,229,.485,0,5,.000,68,93,.731,100,154,254,31,34,4,55,96,290
7,1,31,27.9,3.6,7.5,.474,3.6,7.4,.485,0.0,0.2,.000,2.2,3.0,.731,8.2,1.0,1.1,0.1,1.8,3.1,9.4
7,2,31,865,5.1,10.8,.474,5.1,10.6,.485,0.0,0.2,.000,3.1,4.3,.731,11.7,1.4,1.6,0.2,2.5,4.4,13.4
7,3,31,865,8.4,17.6,.474,8.4,17.3,.485,0.0,0.4,.000,5.1,7.0,.731,19.1,2.3,2.6,0.3,4.1,7.2,21.9,,105.9,95.3
7,4,31,865,18.8,.521,.474,.021,.397,299,14.4,22.8,18.6,8.8,2.6,0.7,16.5,21.3,,1.4,1.7,3.1,.143,,-1.3,0.7,-0.6
8,0,28,455,59,145,.407,33,79,.418,26,66,.394,36,50,.720,19,54,73,19,17,3,30,65,180
8,1,28,16.3,2.1,5.2,.407,1.2,2.8,.418,0.9,2.4,.394,1.3,1.8,.720,2.6,0.7,0.6,0.1,1.1,2.3,6.4
8,2,28,455,5.2,12.7,.407,2.9,6.9,.418,2.3,5.8,.394,3.2,4.4,.720,6.4,1.7,1.5,0.3,2.6,5.7,15.8
8,3,28,455,8.5,20.8,.407,4.7,11.3,.418,3.7,9.5,.394,5.2,7.2,.720,10.5,2.7,2.4,0.4,4.3,9.3,25.8,,103.2,98.2
8,4,28,455,15.3,.533,.497,.455,.345,161,5.2,15.2,10.1,10.3,2.4,0.9,15.1,24.1,,0.7,0.8,1.4,.124,,-0.7,-1.4,-2.1
9,0,6,14,0,4,.000,0,0,,0,4,.000,0,0,,0,2,2,0,0,0,0,1,0
9,1,6,2.3,0.0,0.7,.000,0.0,0.0,,0.0,0.7,.000,0.0,0.0,,0.3,0.0,0.0,0.0,0.0,0.2,0.0
9,2,6,14,0.0,11.4,.000,0.0,0.0,,0.0,11.4,.000,0.0,0.0,,5.7,0.0,0.0,0.0,0.0,2.9,0.0
9,3,6,14,0.0,18.6,.000,0.0,0.0,,0.0,18.6,.000,0.0,0.0,,9.3,0.0,0.0,0.0,0.0,4.7,0.0,,0.0,103.4
9,4,6,14,-12.3,.000,.000,1.000,.000,0,0.0,18.3,9.0,0.0,0.0,0.0,0.0,15.8,,-0.1,0.0,-0.1,-.160,,-14.9,-6.7,-21.6
10,0,32,670,42,88,.477,42,83,.506,0,5,.000,60,86,.698,21,84,105,110,21,2,41,79,144
10,1,32,20.9,1.3,2.8,.477,1.3,2.6,.506,0.0,0.2,.000,1.9,2.7,.698,3.3,3.4,0.7,0.1,1.3,2.5,4.5
10,2,32,670,2.5,5.3,.477,2.5,5.0,.506,0.0,0.3,.000,3.6,5.1,.698,6.3,6.6,1.3,0.1,2.4,4.7,8.6
10,3,32,670,4.1,8.6,.477,4.1,8.1,.506,0.0,0.5,.000,5.8,8.4,.698,10.2,10.7,2.0,0.2,4.0,7.7,14.0,,114.4,99.1
10,4,32,670,15.5,.559,.477,.057,.977,189,3.9,16.1,9.9,34.9,2.0,0.4,24.1,14.0,,1.3,1.0,2.3,.139,,-1.0,-0.2,-1.2
