0,0,25,364,35,102,.343,23,68,.338,12,34,.353,14,21,.667,27,39,66,8,7,6,26,45,96
0,1,25,14.6,1.4,4.1,.343,0.9,2.7,.338,0.5,1.4,.353,0.6,0.8,.667,2.6,0.3,0.3,0.2,1.0,1.8,3.8
0,2,25,364,3.8,11.2,.343,2.5,7.5,.338,1.3,3.7,.353,1.5,2.3,.667,7.3,0.9,0.8,0.7,2.9,4.9,10.5
0,3,25,364,5.8,17.0,.343,3.8,11.3,.338,2.0,5.7,.353,2.3,3.5,.667,11.0,1.3,1.2,1.0,4.3,7.5,16.0,,86.5,106.0
0,4,25,364,7.0,.429,.402,.333,.206,97,8.7,13.0,10.8,4.4,1.2,2.0,18.8,19.5,,-0.2,0.4,0.2,.026,,-5.5,-1.7,-7.2
1,0,24,567,81,169,.479,81,169,.479,0,0,,51,77,.662,58,101,159,12,12,20,40,81,213
1,1,24,23.6,3.4,7.0,.479,3.4,7.0,.479,0.0,0.0,,2.1,3.2,.662,6.6,0.5,0.5,0.8,1.7,3.4,8.9
1,2,24,567,5.7,11.9,.479,5.7,11.9,.479,0.0,0.0,,3.6,5.4,.662,11.2,0.8,0.8,1.4,2.8,5.7,15.0
1,3,24,567,8.7,18.1,.479,8.7,18.1,.479,0.0,0.0,,5.4,8.2,.662,17.0,1.3,1.3,2.1,4.3,8.7,22.8,,102.9,101.1
1,4,24,567,16.6,.518,.479,.000,.456,210,12.0,21.6,16.7,4.7,1.3,4.3,16.3,22.2,,0.6,0.9,1.5,.109,,-3.8,0.0,-3.8
2,0,32,835,115,256,.449,97,193,.503,18,63,.286,55,95,.579,41,96,137,43,29,6,57,87,303
2,1,32,26.1,3.6,8.0,.449,3.0,6.0,.503,0.6,2.0,.286,1.7,3.0,.579,4.3,1.3,0.9,0.2,1.8,2.7,9.5
2,2,32,835,5.5,12.3,.449,4.6,9.2,.503,0.9,3.0,.286,2.6,4.6,.579,6.6,2.1,1.4,0.3,2.7,4.2,14.5
2,3,32,835,8.3,18.6,.449,7.0,14.0,.503,1.3,4.6,.286,4.0,6.9,.579,9.9,3.1,2.1,0.4,4.1,6.3,22.0,,99.8,104.2
2,4,32,835,13.5,.503,.484,.246,.371,292,5.8,14.0,9.8,11.3,2.1,0.9,15.9,22.0,,0.6,1.1,1.7,.084,,-2.0,-0.6,-2.6
3,0,32,449,40,115,.348,32,88,.364,8,27,.296,66,84,.786,9,51,60,64,17,0,46,30,154
3,1,32,14.0,1.3,3.6,.348,1.0,2.8,.364,0.3,0.8,.296,2.1,2.6,.786,1.9,2.0,0.5,0.0,1.4,0.9,4.8
3,2,32,449,3.6,10.2,.348,2.9,7.8,.364,0.7,2.4,.296,5.9,7.5,.786,5.3,5.7,1.5,0.0,4.1,2.7,13.7
3,3,32,449,5.4,15.5,.348,4.3,11.9,.364,1.1,3.6,.296,8.9,11.3,.786,8.1,8.6,2.3,0.0,6.2,4.0,20.8,,99.2,104.5
3,4,32,449,13.8,.497,.383,.235,.730,174,2.4,13.8,8.0,28.2,2.3,0.0,22.9,23.0,,0.4,0.6,0.9,.083,,-2.9,-1.5,-4.4
4,0,32,1017,171,341,.501,100,195,.513,71,146,.486,130,160,.813,21,69,90,124,46,1,90,80,543
4,1,32,31.8,5.3,10.7,.501,3.1,6.1,.513,2.2,4.6,.486,4.1,5.0,.813,2.8,3.9,1.4,0.0,2.8,2.5,17.0
4,2,32,1017,6.7,13.4,.501,3.9,7.7,.513,2.8,5.7,.486,5.1,6.3,.813,3.5,4.9,1.8,0.0,3.5,3.1,21.4
4,3,32,1017,10.2,20.3,.501,6.0,11.6,.513,4.2,8.7,.486,7.7,9.5,.813,5.4,7.4,2.7,0.1,5.4,4.8,32.4,,122.8,105.6
4,4,32,1017,23.9,.651,.606,.428,.469,522,2.4,8.2,5.3,28.6,2.7,0.1,17.8,25.6,,3.7,1.2,5.0,.195,,6.4,-2.0,4.4
5,0,27,326,35,73,.479,28,51,.549,7,22,.318,24,38,.632,26,47,73,5,13,8,25,54,101
5,1,27,12.1,1.3,2.7,.479,1.0,1.9,.549,0.3,0.8,.318,0.9,1.4,.632,2.7,0.2,0.5,0.3,0.9,2.0,3.7
5,2,27,326,4.3,9.0,.479,3.4,6.3,.549,0.9,2.7,.318,2.9,4.7,.632,9.0,0.6,1.6,1.0,3.1,6.6,12.4
5,3,27,326,6.5,13.6,.479,5.2,9.5,.549,1.3,4.1,.318,4.5,7.1,.632,13.6,0.9,2.4,1.5,4.6,10.0,18.8,,100.1,100.8
5,4,27,326,13.1,.555,.527,.301,.521,97,9.4,17.5,13.4,3.1,2.4,3.0,21.5,18.3,,0.2,0.5,0.8,.093,,-3.1,-0.2,-3.3
6,0,32,824,81,187,.433,70,153,.458,11,34,.324,18,31,.581,49,113,162,51,21,21,39,93,191
6,1,32,25.8,2.5,5.8,.433,2.2,4.8,.458,0.3,1.1,.324,0.6,1.0,.581,5.1,1.6,0.7,0.7,1.2,2.9,6.0
6,2,32,824,3.9,9.1,.433,3.4,7.4,.458,0.5,1.7,.324,0.9,1.5,.581,7.9,2.5,1.0,1.0,1.9,4.5,9.3
6,3,32,824,6.0,13.8,.433,5.1,11.3,.458,0.8,2.5,.324,1.3,2.3,.581,11.9,3.8,1.5,1.5,2.9,6.8,14.0,,101.2,103.3
6,4,32,824,11.7,.473,.463,.182,.166,209,7.0,16.6,11.7,12.5,1.5,3.1,16.2,15.0,,0.5,1.2,1.7,.082,,-2.5,1.7,-0.8
7,0,16,147,20,38,.526,20,38,.526,0,0,,5,12,.417,10,18,28,2,1,12,10,33,45
7,1,16,9.2,1.3,2.4,.526,1.3,2.4,.526,0.0,0.0,,0.3,0.8,.417,1.8,0.1,0.1,0.8,0.6,2.1,2.8
7,2,16,147,5.4,10.3,.526,5.4,10.3,.526,0.0,0.0,,1.4,3.3,.417,7.6,0.5,0.3,3.3,2.7,9.0,12.2
7,3,16,147,8.2,15.7,.526,8.2,15.7,.526,0.0,0.0,,2.1,4.9,.417,11.5,0.8,0.4,4.9,4.1,13.6,18.5,,94.0,102.6
7,4,16,147,11.2,.515,.526,.000,.316,41,8.0,14.9,11.4,3.0,0.4,9.9,18.6,18.8,,0.0,0.2,0.2,.065,,-6.3,2.0,-4.4
8,0,30,563,41,105,.390,41,100,.410,0,5,.000,48,77,.623,49,69,118,25,18,19,43,69,130
8,1,30,18.8,1.4,3.5,.390,1.4,3.3,.410,0.0,0.2,.000,1.6,2.6,.623,3.9,0.8,0.6,0.6,1.4,2.3,4.3
8,2,30,563,2.9,7.5,.390,2.9,7.1,.410,0.0,0.4,.000,3.4,5.5,.623,8.4,1.8,1.3,1.3,3.1,4.9,9.2
8,3,30,563,4.4,11.3,.390,4.4,10.8,.410,0.0,0.5,.000,5.2,8.3,.623,12.7,2.7,1.9,2.0,4.6,7.4,14.0,,91.9,102.6
8,4,30,563,10.6,.459,.390,.048,.733,150,10.2,14.9,12.5,8.5,1.9,4.1,23.3,16.8,,0.0,0.8,0.8,.058,,-4.6,2.0,-2.5
9,0,25,260,32,90,.356,23,64,.359,9,26,.346,21,24,.875,4,19,23,26,8,1,13,28,94
9,1,25,10.4,1.3,3.6,.356,0.9,2.6,.359,0.4,1.0,.346,0.8,1.0,.875,0.9,1.0,0.3,0.0,0.5,1.1,3.8
9,2,25,260,4.9,13.8,.356,3.5,9.8,.359,1.4,4.0,.346,3.2,3.7,.875,3.5,4.0,1.2,0.2,2.0,4.3,14.5
9,3,25,260,7.5,21.0,.356,5.4,14.9,.359,2.1,6.1,.346,4.9,5.6,.875,5.4,6.1,1.9,0.2,3.0,6.5,21.9,,104.0,107.0
9,4,25,260,12.4,.464,.406,.289,.267,96,1.8,8.9,5.3,21.2,1.9,0.5,11.4,22.6,,0.3,0.3,0.6,.091,,-2.4,-2.9,-5.3
10,0,32,904,92,233,.395,17,40,.425,75,193,.389,21,31,.677,19,34,53,22,33,3,23,79,280
10,1,32,28.3,2.9,7.3,.395,0.5,1.3,.425,2.3,6.0,.389,0.7,1.0,.677,1.7,0.7,1.0,0.1,0.7,2.5,8.8
10,2,32,904,4.1,10.3,.395,0.8,1.8,.425,3.3,8.5,.389,0.9,1.4,.677,2.3,1.0,1.5,0.1,1.0,3.5,12.4
10,3,32,904,6.2,15.6,.395,1.1,2.7,.425,5.0,12.9,.389,1.4,2.1,.677,3.6,1.5,2.2,0.2,1.5,5.3,18.8,,117.9,108.1
10,4,32,904,11.7,.565,.556,.828,.133,241,2.5,4.6,3.5,4.9,2.2,0.4,8.5,15.4,,1.5,0.9,2.4,.105,,2.0,-1.8,0.2
11,0,18,37,10,19,.526,0,1,.000,10,18,.556,2,3,.667,1,3,4,1,2,1,2,8,32
11,1,18,2.1,0.6,1.1,.526,0.0,0.1,.000,0.6,1.0,.556,0.1,0.2,.667,0.2,0.1,0.1,0.1,0.1,0.4,1.8
11,2,18,37,10.8,20.5,.526,0.0,1.1,.000,10.8,19.5,.556,2.2,3.2,.667,4.3,1.1,2.2,1.1,2.2,8.6,34.6
11,3,18,37,16.4,31.1,.526,0.0,1.6,.000,16.4,29.5,.556,3.3,4.9,.667,6.6,1.6,3.3,1.6,3.3,13.1,52.4,,138.3,101.5
11,4,18,37,37.4,.783,.789,.947,.158,21,3.2,9.8,6.5,8.3,3.3,3.3,8.9,31.1,,0.2,0.1,0.3,.284,,14.6,-3.6,11.0
12,0,15,154,14,24,.583,14,24,.583,0,0,,5,16,.313,16,26,42,1,1,13,17,21,33
12,1,15,10.3,0.9,1.6,.583,0.9,1.6,.583,0.0,0.0,,0.3,1.1,.313,2.8,0.1,0.1,0.9,1.1,1.4,2.2
12,2,15,154,3.6,6.2,.583,3.6,6.2,.583,0.0,0.0,,1.3,4.2,.313,10.9,0.3,0.3,3.4,4.4,5.5,8.6
12,3,15,154,5.5,9.4,.583,5.5,9.4,.583,0.0,0.0,,2.0,6.3,.313,16.5,0.4,0.4,5.1,6.7,8.3,13.0,,78.5,100.8
12,4,15,154,9.6,.522,.583,.000,.667,35,12.2,20.5,16.3,1.3,0.4,10.2,35.0,16.2,,-0.2,0.3,0.1,.021,,-8.3,2.5,-5.8
