0,0,30,431,29,74,.392,27,67,.403,2,7,.286,18,38,.474,24,51,75,12,13,6,24,45,78
0,1,30,14.4,1.0,2.5,.392,0.9,2.2,.403,0.1,0.2,.286,0.6,1.3,.474,2.5,0.4,0.4,0.2,0.8,1.5,2.6
0,2,30,431,2.7,6.9,.392,2.5,6.2,.403,0.2,0.6,.286,1.7,3.5,.474,7.0,1.1,1.2,0.6,2.2,4.2,7.2
0,3,30,431,4.1,10.5,.392,3.8,9.5,.403,0.3,1.0,.286,2.5,5.4,.474,10.6,1.7,1.8,0.8,3.4,6.4,11.0,,83.2,105.0
0,4,30,431,7.4,.424,.405,.095,.514,85,6.3,14.3,10.2,5.7,1.8,1.6,20.7,14.2,,-0.2,0.4,0.2,.022,,-5.1,0.4,-4.7
1,0,31,529,22,67,.328,20,58,.345,2,9,.222,24,40,.600,14,52,66,36,18,0,24,32,70
1,1,31,17.1,0.7,2.2,.328,0.6,1.9,.345,0.1,0.3,.222,0.8,1.3,.600,2.1,1.2,0.6,0.0,0.8,1.0,2.3
1,2,31,529,1.7,5.1,.328,1.5,4.4,.345,0.2,0.7,.222,1.8,3.0,.600,5.0,2.7,1.4,0.0,1.8,2.4,5.3
1,3,31,529,2.5,7.7,.328,2.3,6.7,.345,0.2,1.0,.222,2.8,4.6,.600,7.6,4.1,2.1,0.0,2.8,3.7,8.1,,86.1,106.5
1,4,31,529,7.1,.407,.343,.134,.597,86,3.0,11.9,7.3,13.2,2.1,0.0,21.8,11.0,,-0.1,0.5,0.3,.026,,-4.1,0.4,-3.8
2,0,31,525,29,74,.392,29,74,.392,0,0,,23,27,.852,36,79,115,12,3,6,25,65,81
2,1,31,16.9,0.9,2.4,.392,0.9,2.4,.392,0.0,0.0,,0.7,0.9,.852,3.7,0.4,0.1,0.2,0.8,2.1,2.6
2,2,31,525,2.2,5.6,.392,2.2,5.6,.392,0.0,0.0,,1.8,2.1,.852,8.8,0.9,0.2,0.5,1.9,5.0,6.2
2,3,31,525,3.4,8.6,.392,3.4,8.6,.392,0.0,0.0,,2.7,3.1,.852,13.4,1.4,0.3,0.7,2.9,7.5,9.4,,92.7,107.1
2,4,31,525,7.2,.466,.392,.000,.365,94,7.8,18.2,12.8,4.6,0.3,1.3,22.4,11.2,,0.1,0.4,0.5,.039,,-4.7,-0.4,-5.2
3,0,31,461,54,108,.500,54,108,.500,0,0,,21,46,.457,36,65,101,5,9,19,26,60,129
3,1,31,14.9,1.7,3.5,.500,1.7,3.5,.500,0.0,0.0,,0.7,1.5,.457,3.3,0.2,0.3,0.6,0.8,1.9,4.2
3,2,31,461,4.7,9.4,.500,4.7,9.4,.500,0.0,0.0,,1.8,4.0,.457,8.8,0.4,0.8,1.6,2.3,5.2,11.2
3,3,31,461,7.1,14.3,.500,7.1,14.3,.500,0.0,0.0,,2.8,6.1,.457,13.4,0.7,1.2,2.5,3.4,7.9,17.1,,94.9,103.5
3,4,31,461,12.9,.497,.500,.000,.426,127,8.8,17.0,12.8,2.5,1.2,4.6,16.7,17.8,,0.2,0.5,0.7,.063,,-4.6,0.1,-4.5
4,0,31,732,58,132,.439,52,102,.510,6,30,.200,71,78,.910,21,55,76,41,17,8,48,52,193
4,1,31,23.6,1.9,4.3,.439,1.7,3.3,.510,0.2,1.0,.200,2.3,2.5,.910,2.5,1.3,0.5,0.3,1.5,1.7,6.2
4,2,31,732,3.2,7.2,.439,2.8,5.6,.510,0.3,1.6,.200,3.9,4.3,.910,4.2,2.2,0.9,0.4,2.6,2.8,10.5
4,3,31,732,4.8,11.0,.439,4.3,8.5,.510,0.5,2.5,.200,5.9,6.5,.910,6.3,3.4,1.4,0.7,4.0,4.3,16.1,,103.8,108.2
4,4,31,732,11.8,.571,.462,.227,.591,196,3.3,9.1,6.1,11.7,1.4,1.2,22.1,15.6,,0.8,0.5,1.3,.071,,-1.4,-0.5,-1.9
5,0,28,897,147,354,.415,112,231,.485,35,123,.285,112,167,.671,12,99,111,98,41,4,77,54,441
5,1,28,32.0,5.3,12.6,.415,4.0,8.3,.485,1.3,4.4,.285,4.0,6.0,.671,4.0,3.5,1.5,0.1,2.8,1.9,15.8
5,2,28,897,6.6,15.8,.415,5.0,10.3,.485,1.6,5.5,.285,5.0,7.4,.671,4.9,4.4,1.8,0.2,3.4,2.4,19.7
5,3,28,897,10.0,24.1,.415,7.6,15.7,.485,2.4,8.4,.285,7.6,11.4,.671,7.5,6.7,2.8,0.3,5.2,3.7,30.0,,100.9,104.1
5,4,28,897,19.9,.509,.465,.347,.472,432,1.5,13.3,7.2,27.9,2.8,0.5,15.1,30.0,,1.4,1.0,2.4,.106,,2.8,-0.8,2.0
6,0,31,680,126,311,.405,68,176,.386,58,135,.430,75,89,.843,10,38,48,47,23,0,47,57,385
6,1,31,21.9,4.1,10.0,.405,2.2,5.7,.386,1.9,4.4,.430,2.4,2.9,.843,1.5,1.5,0.7,0.0,1.5,1.8,12.4
6,2,31,680,7.4,18.3,.405,4.0,10.4,.386,3.4,7.9,.430,4.4,5.2,.843,2.8,2.8,1.4,0.0,2.8,3.4,22.6
6,3,31,680,11.3,27.9,.405,6.1,15.8,.386,5.2,12.1,.430,6.7,8.0,.843,4.3,4.2,2.1,0.0,4.2,5.1,34.5,,108.0,108.2
6,4,31,680,20.5,.545,.498,.434,.286,348,1.7,6.8,4.1,18.6,2.1,0.0,11.7,31.0,,1.7,0.5,2.2,.130,,4.0,-4.1,-0.1
7,0,19,249,40,95,.421,28,51,.549,12,44,.273,15,22,.682,12,32,44,11,7,1,15,30,107
7,1,19,13.1,2.1,5.0,.421,1.5,2.7,.549,0.6,2.3,.273,0.8,1.2,.682,2.3,0.6,0.4,0.1,0.8,1.6,5.6
7,2,19,249,6.4,15.3,.421,4.5,8.2,.549,1.9,7.1,.273,2.4,3.5,.682,7.1,1.8,1.1,0.2,2.4,4.8,17.2
7,3,19,249,9.8,23.3,.421,6.9,12.5,.549,2.9,10.8,.273,3.7,5.4,.682,10.8,2.7,1.7,0.2,3.7,7.3,26.2,,100.8,105.5
7,4,19,249,16.2,.507,.484,.463,.232,99,5.5,15.5,10.3,11.2,1.7,0.4,12.5,25.5,,0.3,0.2,0.6,.090,,0.4,-2.8,-2.4
8,0,31,786,90,162,.556,90,162,.556,0,0,,34,52,.654,82,169,251,20,11,10,42,89,214
8,1,31,25.4,2.9,5.2,.556,2.9,5.2,.556,0.0,0.0,,1.1,1.7,.654,8.1,0.6,0.4,0.3,1.4,2.9,6.9
8,2,31,786,4.6,8.2,.556,4.6,8.2,.556,0.0,0.0,,1.7,2.6,.654,12.8,1.0,0.6,0.5,2.1,4.5,10.9
8,3,31,786,7.0,12.6,.556,7.0,12.6,.556,0.0,0.0,,2.6,4.0,.654,19.5,1.6,0.9,0.8,3.3,6.9,16.6,,109.7,103.2
8,4,31,786,16.4,.573,.556,.000,.321,226,11.8,26.0,18.7,5.8,0.9,1.4,18.4,15.3,,1.2,0.9,2.1,.109,,-1.4,0.0,-1.4
9,0,31,794,89,270,.330,45,128,.352,44,142,.310,25,45,.556,16,54,70,18,14,8,42,54,247
9,1,31,25.6,2.9,8.7,.330,1.5,4.1,.352,1.4,4.6,.310,0.8,1.5,.556,2.3,0.6,0.5,0.3,1.4,1.7,8.0
9,2,31,794,4.5,13.6,.330,2.3,6.4,.352,2.2,7.2,.310,1.3,2.3,.556,3.5,0.9,0.7,0.4,2.1,2.7,12.4
9,3,31,794,6.8,20.7,.330,3.5,9.8,.352,3.4,10.9,.310,1.9,3.5,.556,5.4,1.4,1.1,0.6,3.2,4.1,19.0,,84.3,109.3
9,4,31,794,7.0,.424,.411,.526,.167,223,2.3,8.2,5.2,5.1,1.1,1.1,12.6,22.1,,-0.4,0.5,0.0,.002,,-3.6,-2.8,-6.4
10,0,21,174,14,46,.304,6,14,.429,8,32,.250,10,19,.526,12,20,32,5,0,0,10,24,46
10,1,21,8.3,0.7,2.2,.304,0.3,0.7,.429,0.4,1.5,.250,0.5,0.9,.526,1.5,0.2,0.0,0.0,0.5,1.1,2.2
10,2,21,174,3.2,10.6,.304,1.4,3.2,.429,1.8,7.4,.250,2.3,4.4,.526,7.4,1.1,0.0,0.0,2.3,5.5,10.6
10,3,21,174,4.9,16.1,.304,2.1,4.9,.429,2.8,11.2,.250,3.5,6.7,.526,11.2,1.8,0.0,0.0,3.5,8.4,16.1,,87.3,110.0
10,4,21,174,6.0,.418,.391,.696,.413,48,7.8,13.9,10.8,6.0,0.0,0.0,15.4,19.7,,0.0,0.1,0.0,.011,,-3.0,-4.4,-7.4
11,0,7,19,0,2,.000,0,1,.000,0,1,.000,0,0,,0,2,2,0,0,0,2,3,0
11,1,7,2.7,0.0,0.3,.000,0.0,0.1,.000,0.0,0.1,.000,0.0,0.0,,0.3,0.0,0.0,0.0,0.3,0.4,0.0
11,2,7,19,0.0,4.2,.000,0.0,2.1,.000,0.0,2.1,.000,0.0,0.0,,4.2,0.0,0.0,0.0,4.2,6.3,0.0
11,3,7,19,0.0,6.4,.000,0.0,3.2,.000,0.0,3.2,.000,0.0,0.0,,6.4,0.0,0.0,0.0,6.4,9.6,0.0,,0.0,110.3
11,4,7,19,-12.3,.000,.000,.500,.000,0,0.0,12.7,6.2,0.0,0.0,0.0,50.0,11.1,,-0.1,0.0,-0.1,-.169,,-15.0,-2.7,-17.7
