0,0,31,720,59,133,.444,53,106,.500,6,27,.222,27,52,.519,22,70,92,61,16,3,38,54,151
0,1,31,23.2,1.9,4.3,.444,1.7,3.4,.500,0.2,0.9,.222,0.9,1.7,.519,3.0,2.0,0.5,0.1,1.2,1.7,4.9
0,2,31,720,3.3,7.4,.444,2.9,5.9,.500,0.3,1.5,.222,1.5,2.9,.519,5.1,3.4,0.9,0.2,2.1,3.0,8.4
0,3,31,720,4.9,11.1,.444,4.4,8.8,.500,0.5,2.2,.222,2.2,4.3,.519,7.7,5.1,1.3,0.2,3.2,4.5,12.6,,96.4,109.3
0,4,31,720,9.3,.479,.466,.203,.391,170,3.4,11.9,7.5,16.7,1.3,0.4,19.4,14.1,,0.2,0.6,0.8,.046,,-2.5,0.1,-2.4
1,0,28,335,22,54,.407,22,52,.423,0,2,.000,16,22,.727,21,50,71,3,5,6,16,42,60
1,1,28,12.0,0.8,1.9,.407,0.8,1.9,.423,0.0,0.1,.000,0.6,0.8,.727,2.5,0.1,0.2,0.2,0.6,1.5,2.1
1,2,28,335,2.6,6.4,.407,2.6,6.2,.423,0.0,0.2,.000,1.9,2.6,.727,8.5,0.4,0.6,0.7,1.9,5.0,7.2
1,3,28,335,3.9,9.7,.407,3.9,9.3,.423,0.0,0.4,.000,2.9,3.9,.727,12.7,0.5,0.9,1.1,2.9,7.5,10.7,,90.9,106.9
1,4,28,335,7.3,.465,.407,.037,.407,64,7.0,18.3,12.4,1.7,0.9,1.9,19.9,12.4,,0.0,0.4,0.3,.040,,-5.8,-0.3,-6.1
2,0,25,338,34,104,.327,33,90,.367,1,14,.071,21,36,.583,23,27,50,22,12,1,20,26,90
2,1,25,13.5,1.4,4.2,.327,1.3,3.6,.367,0.0,0.6,.071,0.8,1.4,.583,2.0,0.9,0.5,0.0,0.8,1.0,3.6
2,2,25,338,4.0,12.3,.327,3.9,10.7,.367,0.1,1.7,.071,2.5,4.3,.583,5.9,2.6,1.4,0.1,2.4,3.1,10.7
2,3,25,338,6.0,18.4,.327,5.8,15.9,.367,0.2,2.5,.071,3.7,6.4,.583,8.9,3.9,2.1,0.2,3.5,4.6,15.9,,83.8,108.3
2,4,25,338,8.4,.372,.332,.135,.346,102,7.6,9.8,8.6,13.3,2.1,0.3,14.2,21.6,,-0.3,0.3,0.0,.004,,-4.9,-0.7,-5.6
3,0,28,401,28,70,.400,28,69,.406,0,1,.000,28,50,.560,15,31,46,32,6,0,31,50,84
3,1,28,14.3,1.0,2.5,.400,1.0,2.5,.406,0.0,0.0,.000,1.0,1.8,.560,1.6,1.1,0.2,0.0,1.1,1.8,3.0
3,2,28,401,2.8,7.0,.400,2.8,6.9,.406,0.0,0.1,.000,2.8,5.0,.560,4.6,3.2,0.6,0.0,3.1,5.0,8.4
3,3,28,401,4.2,10.5,.400,4.2,10.3,.406,0.0,0.1,.000,4.2,7.5,.560,6.9,4.8,0.9,0.0,4.6,7.5,12.5,,85.9,111.0
3,4,28,401,5.5,.448,.400,.014,.714,97,4.2,9.5,6.7,15.4,0.9,0.0,24.8,16.1,,-0.2,0.3,0.1,.007,,-5.3,-1.1,-6.3
4,0,31,710,82,186,.441,56,109,.514,26,77,.338,42,64,.656,21,47,68,32,10,7,33,50,232
4,1,31,22.9,2.6,6.0,.441,1.8,3.5,.514,0.8,2.5,.338,1.4,2.1,.656,2.2,1.0,0.3,0.2,1.1,1.6,7.5
4,2,31,710,4.6,10.5,.441,3.2,6.1,.514,1.5,4.3,.338,2.4,3.6,.656,3.8,1.8,0.6,0.4,1.9,2.8,13.1
4,3,31,710,6.9,15.7,.441,4.7,9.2,.514,2.2,6.5,.338,3.5,5.4,.656,5.7,2.7,0.8,0.6,2.8,4.2,19.6,,105.6,111.3
4,4,31,710,11.9,.536,.511,.414,.344,218,3.3,8.1,5.6,9.5,0.8,1.0,13.2,18.2,,0.8,0.5,1.3,.071,,-0.3,-1.6,-1.9
5,0,27,894,126,322,.391,72,161,.447,54,161,.335,114,172,.663,20,69,89,66,34,2,55,57,420
5,1,27,33.1,4.7,11.9,.391,2.7,6.0,.447,2.0,6.0,.335,4.2,6.4,.663,3.3,2.4,1.3,0.1,2.0,2.1,15.6
5,2,27,894,5.6,14.4,.391,3.2,7.2,.447,2.4,7.2,.335,5.1,7.7,.663,4.0,3.0,1.5,0.1,2.5,2.6,18.8
5,3,27,894,8.4,21.6,.391,4.8,10.8,.447,3.6,10.8,.335,7.6,11.5,.663,6.0,4.4,2.3,0.1,3.7,3.8,28.1,,105.8,108.2
5,4,27,894,17.2,.520,.475,.500,.534,398,2.5,9.4,5.8,16.5,2.3,0.2,12.0,26.5,,1.5,0.8,2.3,.103,,2.8,-1.5,1.3
6,0,30,671,92,224,.411,67,152,.441,25,72,.347,35,50,.700,38,92,130,29,17,10,40,73,244
6,1,30,22.4,3.1,7.5,.411,2.2,5.1,.441,0.8,2.4,.347,1.2,1.7,.700,4.3,1.0,0.6,0.3,1.3,2.4,8.1
6,2,30,671,5.5,13.4,.411,4.0,9.1,.441,1.5,4.3,.347,2.1,3.0,.700,7.7,1.7,1.0,0.6,2.4,4.4,14.5
6,3,30,671,8.2,20.0,.411,6.0,13.6,.441,2.2,6.4,.347,3.1,4.5,.700,11.6,2.6,1.5,0.9,3.6,6.5,21.8,,98.6,106.3
6,4,30,671,13.6,.492,.467,.321,.223,236,6.3,16.8,11.3,9.6,1.5,1.6,13.9,22.2,,0.4,0.8,1.2,.071,,-1.5,-0.3,-1.8
7,0,27,287,23,37,.622,23,37,.622,0,0,,8,15,.533,23,41,64,3,6,10,10,61,54
7,1,27,10.6,0.9,1.4,.622,0.9,1.4,.622,0.0,0.0,,0.3,0.6,.533,2.4,0.1,0.2,0.4,0.4,2.3,2.0
7,2,27,287,3.2,5.2,.622,3.2,5.2,.622,0.0,0.0,,1.1,2.1,.533,8.9,0.4,0.8,1.4,1.4,8.5,7.5
7,3,27,287,4.8,7.7,.622,4.8,7.7,.622,0.0,0.0,,1.7,3.1,.533,13.4,0.6,1.3,2.1,2.1,12.7,11.3,,115.0,104.8
7,4,27,287,10.7,.612,.622,.000,.405,57,8.9,17.5,13.0,2.1,1.3,3.7,18.5,9.7,,0.3,0.4,0.7,.095,,-2.7,1.4,-1.3
8,0,31,682,75,127,.591,74,126,.587,1,1,1.000,39,52,.750,68,115,183,19,10,13,50,110,190
8,1,31,22.0,2.4,4.1,.591,2.4,4.1,.587,0.0,0.0,1.000,1.3,1.7,.750,5.9,0.6,0.3,0.4,1.6,3.5,6.1
8,2,31,682,4.4,7.4,.591,4.3,7.4,.587,0.1,0.1,1.000,2.3,3.0,.750,10.7,1.1,0.6,0.8,2.9,6.5,11.1
8,3,31,682,6.6,11.2,.591,6.5,11.1,.587,0.1,0.1,1.000,3.4,4.6,.750,16.1,1.7,0.9,1.1,4.4,9.7,16.7,,108.3,105.8
8,4,31,682,13.9,.626,.594,.008,.409,200,11.1,20.6,15.7,5.8,0.9,2.0,24.8,15.3,,0.8,0.8,1.6,.097,,-1.6,0.8,-0.8
9,0,7,9,3,7,.429,0,0,,3,7,.429,0,0,,0,1,1,0,0,0,0,0,9
9,1,7,1.3,0.4,1.0,.429,0.0,0.0,,0.4,1.0,.429,0.0,0.0,,0.1,0.0,0.0,0.0,0.0,0.0,1.3
9,2,7,9,13.3,31.1,.429,0.0,0.0,,13.3,31.1,.429,0.0,0.0,,4.4,0.0,0.0,0.0,0.0,0.0,40.0
9,3,7,9,20.0,46.6,.429,0.0,0.0,,20.0,46.6,.429,0.0,0.0,,6.7,0.0,0.0,0.0,0.0,0.0,59.9,,121.1,112.2
9,4,7,9,37.3,.643,.643,1.000,.000,6,0.0,13.6,6.5,0.0,0.0,0.0,0.0,40.2,,0.0,0.0,0.0,.192,,13.3,-14.1,-0.8
10,0,15,106,6,21,.286,2,4,.500,4,17,.235,4,6,.667,3,13,16,0,1,0,5,7,20
10,1,15,7.1,0.4,1.4,.286,0.1,0.3,.500,0.3,1.1,.235,0.3,0.4,.667,1.1,0.0,0.1,0.0,0.3,0.5,1.3
10,2,15,106,2.3,7.9,.286,0.8,1.5,.500,1.5,6.4,.235,1.5,2.3,.667,6.0,0.0,0.4,0.0,1.9,2.6,7.5
10,3,15,106,3.4,11.9,.286,1.1,2.3,.500,2.3,9.6,.235,2.3,3.4,.667,9.0,0.0,0.6,0.0,2.8,4.0,11.3,,79.6,110.1
10,4,15,106,3.6,.419,.381,.810,.286,18,3.2,15.0,8.8,0.0,0.6,0.0,17.3,14.1,,-0.1,0.1,0.0,.000,,-6.0,-4.5,-10.4
11,0,31,1073,184,441,.417,113,243,.465,71,198,.359,99,139,.712,19,109,128,76,28,6,67,74,538
11,1,31,34.6,5.9,14.2,.417,3.6,7.8,.465,2.3,6.4,.359,3.2,4.5,.712,4.1,2.5,0.9,0.2,2.2,2.4,17.4
11,2,31,1073,6.9,16.4,.417,4.2,9.1,.465,2.6,7.4,.359,3.7,5.2,.712,4.8,2.8,1.0,0.2,2.5,2.8,20.1
11,3,31,1073,10.3,24.6,.417,6.3,13.6,.465,4.0,11.1,.359,5.5,7.8,.712,7.1,4.2,1.6,0.3,3.7,4.1,30.0,,106.3,108.5
11,4,31,1073,17.9,.531,.498,.449,.315,496,2.0,12.4,7.0,16.9,1.6,0.6,11.7,27.7,,1.9,1.0,2.9,.107,,2.9,-1.5,1.3
