0,0,31,541,41,93,.441,27,59,.458,14,34,.412,37,51,.725,24,66,90,20,11,5,37,59,133
0,1,31,17.5,1.3,3.0,.441,0.9,1.9,.458,0.5,1.1,.412,1.2,1.6,.725,2.9,0.6,0.4,0.2,1.2,1.9,4.3
0,2,31,541,3.0,6.9,.441,2.0,4.4,.458,1.0,2.5,.412,2.7,3.8,.725,6.7,1.5,0.8,0.4,2.7,4.4,9.8
0,3,31,541,4.4,10.1,.441,2.9,6.4,.458,1.5,3.7,.412,4.0,5.5,.725,9.7,2.2,1.2,0.5,4.0,6.4,14.4,,100.1,110.8
0,4,31,541,9.8,.567,.516,.366,.548,134,5.3,14.5,10.0,7.0,1.2,1.1,24.0,14.5,,0.4,0.2,0.6,.046,,-1.7,-1.5,-3.2
1,0,31,959,127,294,.432,102,219,.466,25,75,.333,100,134,.746,43,132,175,65,24,21,76,87,379
1,1,31,30.9,4.1,9.5,.432,3.3,7.1,.466,0.8,2.4,.333,3.2,4.3,.746,5.6,2.1,0.8,0.7,2.5,2.8,12.2
1,2,31,959,5.3,12.3,.432,4.3,9.1,.466,1.0,3.1,.333,4.2,5.6,.746,7.3,2.7,1.0,0.9,3.2,3.6,15.8
1,3,31,959,7.7,17.9,.432,6.2,13.4,.466,1.5,4.6,.333,6.1,8.2,.746,10.7,4.0,1.5,1.3,4.6,5.3,23.1,,102.9,108.8
1,4,31,959,16.2,.530,.474,.255,.456,376,5.4,16.4,10.9,14.4,1.5,2.6,17.5,23.0,,1.4,0.6,2.0,.082,,-0.3,-0.5,-0.8
2,0,20,211,16,42,.381,6,11,.545,10,31,.323,2,2,1.000,9,29,38,7,7,0,12,20,44
2,1,20,10.6,0.8,2.1,.381,0.3,0.6,.545,0.5,1.6,.323,0.1,0.1,1.000,1.9,0.4,0.4,0.0,0.6,1.0,2.2
2,2,20,211,3.0,8.0,.381,1.1,2.1,.545,1.9,5.9,.323,0.4,0.4,1.000,7.2,1.3,1.3,0.0,2.3,3.8,8.3
2,3,20,211,4.4,11.6,.381,1.7,3.0,.545,2.8,8.6,.323,0.6,0.6,1.000,10.5,1.9,1.9,0.0,3.3,5.5,12.2,,94.0,109.0
2,4,20,211,8.7,.512,.500,.738,.048,44,5.1,16.4,10.8,6.3,1.9,0.0,21.8,13.2,,0.1,0.1,0.2,.035,,-1.6,-2.0,-3.6
3,0,19,525,74,162,.457,74,162,.457,0,0,,53,93,.570,59,103,162,19,10,1,34,62,201
3,1,19,27.6,3.9,8.5,.457,3.9,8.5,.457,0.0,0.0,,2.8,4.9,.570,8.5,1.0,0.5,0.1,1.8,3.3,10.6
3,2,19,525,5.6,12.3,.457,5.6,12.3,.457,0.0,0.0,,4.0,7.1,.570,12.3,1.4,0.8,0.1,2.6,4.7,15.3
3,3,19,525,8.2,18.0,.457,8.2,18.0,.457,0.0,0.0,,5.9,10.4,.570,18.0,2.1,1.1,0.1,3.8,6.9,22.4,,102.0,107.7
3,4,19,525,16.6,.487,.457,.000,.574,210,13.5,23.4,18.5,7.8,1.1,0.2,14.2,23.3,,0.7,0.4,1.1,.084,,-2.1,-2.7,-4.8
4,0,27,797,145,269,.539,145,261,.556,0,8,.000,97,133,.729,70,118,188,36,24,8,71,91,387
4,1,27,29.5,5.4,10.0,.539,5.4,9.7,.556,0.0,0.3,.000,3.6,4.9,.729,7.0,1.3,0.9,0.3,2.6,3.4,14.3
4,2,27,797,7.3,13.5,.539,7.3,13.1,.556,0.0,0.4,.000,4.9,6.7,.729,9.4,1.8,1.2,0.4,3.6,4.6,19.4
4,3,27,797,10.6,19.7,.539,10.6,19.2,.556,0.0,0.6,.000,7.1,9.8,.729,13.8,2.6,1.8,0.6,5.2,6.7,28.4,,109.1,108.2
4,4,27,797,21.2,.583,.539,.030,.494,372,10.6,17.6,14.1,10.7,1.8,1.2,17.6,25.7,,1.9,0.5,2.4,.122,,1.0,-1.4,-0.5
5,0,17,219,15,42,.357,8,17,.471,7,25,.280,7,18,.389,10,20,30,6,3,0,12,25,44
5,1,17,12.9,0.9,2.5,.357,0.5,1.0,.471,0.4,1.5,.280,0.4,1.1,.389,1.8,0.4,0.2,0.0,0.7,1.5,2.6
5,2,17,219,2.7,7.7,.357,1.5,3.1,.471,1.3,4.6,.280,1.3,3.3,.389,5.5,1.1,0.5,0.0,2.2,4.6,8.0
5,3,17,219,4.0,11.2,.357,2.1,4.5,.471,1.9,6.7,.280,1.9,4.8,.389,8.0,1.6,0.8,0.0,3.2,6.7,11.7,,85.3,113.7
5,4,17,219,4.8,.435,.440,.595,.429,45,5.5,10.9,8.2,5.1,0.8,0.0,19.2,14.5,,-0.1,0.0,0.0,-.007,,-3.1,-3.4,-6.5
6,0,29,256,31,62,.500,31,62,.500,0,0,,10,19,.526,24,19,43,5,1,3,22,35,72
6,1,29,8.8,1.1,2.1,.500,1.1,2.1,.500,0.0,0.0,,0.3,0.7,.526,1.5,0.2,0.0,0.1,0.8,1.2,2.5
6,2,29,256,4.8,9.7,.500,4.8,9.7,.500,0.0,0.0,,1.6,3.0,.526,6.7,0.8,0.2,0.5,3.4,5.5,11.3
6,3,29,256,7.1,14.2,.500,7.1,14.2,.500,0.0,0.0,,2.3,4.3,.526,9.8,1.1,0.2,0.7,5.0,8.0,16.4,,90.7,115.1
6,4,29,256,8.1,.507,.500,.000,.306,74,11.3,8.8,10.0,4.0,0.2,1.4,23.6,18.5,,0.0,0.0,0.0,.004,,-4.4,-3.7,-8.1
7,0,31,986,144,316,.456,72,139,.518,72,177,.407,89,99,.899,16,37,53,31,20,1,56,73,449
7,1,31,31.8,4.6,10.2,.456,2.3,4.5,.518,2.3,5.7,.407,2.9,3.2,.899,1.7,1.0,0.6,0.0,1.8,2.4,14.5
7,2,31,986,5.8,12.8,.456,2.9,5.6,.518,2.9,7.2,.407,3.6,4.0,.899,2.2,1.3,0.8,0.0,2.3,3.0,18.2
7,3,31,986,8.5,18.7,.456,4.3,8.2,.518,4.3,10.5,.407,5.3,5.9,.899,3.1,1.8,1.2,0.1,3.3,4.3,26.6,,116.6,115.6
7,4,31,986,16.2,.618,.570,.560,.313,383,2.0,4.5,3.2,6.9,1.2,0.1,13.4,21.6,,2.5,-0.1,2.5,.101,,3.5,-4.5,-1.0
8,0,31,633,83,183,.454,44,80,.550,39,103,.379,24,35,.686,10,32,42,38,18,0,43,65,229
8,1,31,20.4,2.7,5.9,.454,1.4,2.6,.550,1.3,3.3,.379,0.8,1.1,.686,1.4,1.2,0.6,0.0,1.4,2.1,7.4
8,2,31,633,5.2,11.6,.454,2.8,5.1,.550,2.5,6.5,.379,1.5,2.2,.686,2.7,2.4,1.1,0.0,2.7,4.1,14.5
8,3,31,633,7.7,16.9,.454,4.1,7.4,.550,3.6,9.5,.379,2.2,3.2,.686,3.9,3.5,1.7,0.0,4.0,6.0,21.2,,104.2,113.8
8,4,31,633,12.2,.574,.560,.563,.191,207,1.9,6.0,4.0,12.7,1.7,0.0,17.7,19.5,,0.8,0.1,0.9,.057,,0.9,-3.8,-2.9
9,0,30,895,66,188,.351,40,112,.357,26,76,.342,77,108,.713,17,81,98,155,35,4,58,88,235
9,1,30,29.8,2.2,6.3,.351,1.3,3.7,.357,0.9,2.5,.342,2.6,3.6,.713,3.3,5.2,1.2,0.1,1.9,2.9,7.8
9,2,30,895,2.9,8.4,.351,1.8,5.0,.357,1.2,3.4,.342,3.4,4.8,.713,4.4,6.9,1.6,0.2,2.6,3.9,10.5
9,3,30,895,4.3,12.3,.351,2.6,7.3,.357,1.7,5.0,.342,5.0,7.1,.713,6.4,10.1,2.3,0.3,3.8,5.8,15.4,,107.7,110.2
9,4,30,895,14.1,.491,.420,.404,.574,298,2.3,10.8,6.6,32.7,2.3,0.5,19.5,16.9,,1.4,0.4,1.9,.083,,0.8,-1.9,-1.1
10,0,24,203,10,24,.417,5,13,.385,5,11,.455,10,12,.833,3,22,25,11,9,1,17,31,35
10,1,24,8.5,0.4,1.0,.417,0.2,0.5,.385,0.2,0.5,.455,0.4,0.5,.833,1.0,0.5,0.4,0.0,0.7,1.3,1.5
10,2,24,203,2.0,4.7,.417,1.0,2.6,.385,1.0,2.2,.455,2.0,2.4,.833,4.9,2.2,1.8,0.2,3.3,6.1,6.9
10,3,24,203,2.9,6.9,.417,1.4,3.7,.385,1.4,3.2,.455,2.9,3.5,.833,7.2,3.2,2.6,0.3,4.9,8.9,10.1,,87.1,108.4
10,4,24,203,6.2,.589,.521,.458,.500,37,1.8,12.9,7.4,9.8,2.6,0.6,36.4,11.7,,0.0,0.1,0.1,.020,,-3.2,-0.5,-3.6
