0,0,27,286,17,47,.362,16,37,.432,1,10,.100,12,24,.500,24,30,54,12,7,28,31,72,47
0,1,27,10.6,0.6,1.7,.362,0.6,1.4,.432,0.0,0.4,.100,0.4,0.9,.500,2.0,0.4,0.3,1.0,1.1,2.7,1.7
0,2,27,286,2.4,6.6,.362,2.2,5.2,.432,0.1,1.4,.100,1.7,3.4,.500,7.6,1.7,1.0,3.9,4.3,10.1,6.6
0,3,27,286,3.4,9.5,.362,3.2,7.5,.432,0.2,2.0,.100,2.4,4.9,.500,10.9,2.4,1.4,5.7,6.3,14.6,9.5,,69.5,105.6
0,4,27,286,5.1,.402,.372,.213,.511,55,8.6,13.0,10.6,8.2,1.4,12.3,34.7,15.0,,-0.4,0.2,-0.2,-.027,,-7.6,5.1,-2.4
1,0,25,351,37,83,.446,27,62,.435,10,21,.476,14,18,.778,20,27,47,10,10,7,11,51,98
1,1,25,14.0,1.5,3.3,.446,1.1,2.5,.435,0.4,0.8,.476,0.6,0.7,.778,1.9,0.4,0.4,0.3,0.4,2.0,3.9
1,2,25,351,4.2,9.5,.446,3.1,7.1,.435,1.1,2.4,.476,1.6,2.1,.778,5.4,1.1,1.1,0.8,1.3,5.8,11.2
1,3,25,351,6.1,13.7,.446,4.5,10.2,.435,1.7,3.5,.476,2.3,3.0,.778,7.8,1.7,1.7,1.2,1.8,8.4,16.2,,112.4,110.9
1,4,25,351,11.9,.535,.506,.253,.217,90,5.8,9.6,7.5,6.1,1.7,2.5,10.7,14.0,,0.5,0.1,0.6,.074,,-1.4,-1.5,-2.9
2,0,1,3,0,0,,0,0,,0,0,,0,0,,0,0,0,0,0,0,0,0,0
2,1,1,3.0,0.0,0.0,,0.0,0.0,,0.0,0.0,,0.0,0.0,,0.0,0.0,0.0,0.0,0.0,0.0,0.0
2,2,1,3,0.0,0.0,,0.0,0.0,,0.0,0.0,,0.0,0.0,,0.0,0.0,0.0,0.0,0.0,0.0,0.0
2,3,1,3,0.0,0.0,,0.0,0.0,,0.0,0.0,,0.0,0.0,,0.0,0.0,0.0,0.0,0.0,0.0,0.0,,,120.3
2,4,1,3,0.0,,,,,0,0.0,0.0,0.0,0.0,0.0,0.0,,0.0,,0.0,0.0,0.0,-.023,,-6.6,-1.8,-8.4
3,0,28,821,113,307,.368,56,147,.381,57,160,.356,64,77,.831,21,68,89,83,22,0,55,56,347
3,1,28,29.3,4.0,11.0,.368,2.0,5.3,.381,2.0,5.7,.356,2.3,2.8,.831,3.2,3.0,0.8,0.0,2.0,2.0,12.4
3,2,28,821,5.5,15.0,.368,2.7,7.2,.381,2.8,7.8,.356,3.1,3.8,.831,4.3,4.0,1.1,0.0,2.7,2.7,16.9
3,3,28,821,8.0,21.7,.368,4.0,10.4,.381,4.0,11.3,.356,4.5,5.4,.831,6.3,5.9,1.6,0.0,3.9,4.0,24.5,,105.4,112.2
3,4,28,821,15.1,.505,.461,.521,.251,330,2.6,10.3,6.1,23.4,1.6,0.0,13.8,23.3,,1.5,0.2,1.6,.080,,2.0,-3.9,-1.9
4,0,27,368,32,103,.311,26,87,.299,6,16,.375,24,29,.828,5,16,21,52,13,3,28,44,94
4,1,27,13.6,1.2,3.8,.311,1.0,3.2,.299,0.2,0.6,.375,0.9,1.1,.828,0.8,1.9,0.5,0.1,1.0,1.6,3.5
4,2,27,368,3.5,11.2,.311,2.8,9.5,.299,0.7,1.7,.375,2.6,3.2,.828,2.3,5.7,1.4,0.3,3.0,4.8,10.2
4,3,27,368,5.0,16.2,.311,4.1,13.7,.299,0.9,2.5,.375,3.8,4.6,.828,3.3,8.2,2.0,0.5,4.4,6.9,14.8,,88.5,112.4
4,4,27,368,7.8,.402,.340,.155,.282,106,1.4,5.4,3.2,29.3,2.0,1.0,19.3,18.9,,0.0,0.1,0.1,.006,,-5.0,-4.4,-9.3
5,0,27,338,34,91,.374,26,71,.366,8,20,.400,26,36,.722,17,32,49,4,5,2,15,50,102
5,1,27,12.5,1.3,3.4,.374,1.0,2.6,.366,0.3,0.7,.400,1.0,1.3,.722,1.8,0.1,0.2,0.1,0.6,1.9,3.8
5,2,27,338,4.0,10.8,.374,3.1,8.4,.366,0.9,2.4,.400,3.1,4.3,.722,5.8,0.5,0.6,0.2,1.8,5.9,12.1
5,3,27,338,5.8,15.6,.374,4.5,12.2,.366,1.4,3.4,.400,4.5,6.2,.722,8.4,0.7,0.9,0.3,2.6,8.6,17.5,,98.3,112.4
5,4,27,338,8.3,.472,.418,.220,.396,92,5.2,11.8,8.1,2.5,0.9,0.7,12.2,17.5,,0.2,0.1,0.3,.037,,-4.4,-4.4,-8.8
6,0,28,840,136,309,.440,121,248,.488,15,61,.246,135,166,.813,78,120,198,28,25,2,57,70,422
6,1,28,30.0,4.9,11.0,.440,4.3,8.9,.488,0.5,2.2,.246,4.8,5.9,.813,7.1,1.0,0.9,0.1,2.0,2.5,15.1
6,2,28,840,6.5,14.7,.440,5.8,11.8,.488,0.7,2.9,.246,6.4,7.9,.813,9.4,1.3,1.2,0.1,2.7,3.3,20.1
6,3,28,840,9.4,21.3,.440,8.3,17.1,.488,1.0,4.2,.246,9.3,11.5,.813,13.7,1.9,1.7,0.1,3.9,4.8,29.1,,111.9,108.6
6,4,28,840,21.0,.544,.464,.197,.537,391,9.5,17.7,13.2,8.2,1.7,0.3,12.8,25.4,,2.3,0.5,2.7,.131,,1.4,-3.3,-1.8
7,0,6,122,10,22,.455,9,21,.429,1,1,1.000,6,8,.750,13,14,27,5,3,2,6,17,27
7,1,6,20.3,1.7,3.7,.455,1.5,3.5,.429,0.2,0.2,1.000,1.0,1.3,.750,4.5,0.8,0.5,0.3,1.0,2.8,4.5
7,2,6,122,3.3,7.2,.455,3.0,6.9,.429,0.3,0.3,1.000,2.0,2.6,.750,8.9,1.6,1.0,0.7,2.0,5.6,8.9
7,3,6,122,4.7,10.4,.455,4.3,10.0,.429,0.5,0.5,1.000,2.8,3.8,.750,12.8,2.4,1.4,0.9,2.8,8.1,12.8,,107.4,109.7
7,4,6,122,12.0,.523,.477,.045,.364,30,10.9,14.2,12.4,8.4,1.4,2.1,18.9,12.5,,0.1,0.1,0.2,.066,,-2.1,-0.7,-2.8
8,0,22,171,19,34,.559,19,34,.559,0,0,,5,11,.455,11,19,30,6,7,4,12,18,43
8,1,22,7.8,0.9,1.5,.559,0.9,1.5,.559,0.0,0.0,,0.2,0.5,.455,1.4,0.3,0.3,0.2,0.5,0.8,2.0
8,2,22,171,4.4,8.0,.559,4.4,8.0,.559,0.0,0.0,,1.2,2.6,.455,7.0,1.4,1.6,0.9,2.8,4.2,10.1
8,3,22,171,6.4,11.5,.559,6.4,11.5,.559,0.0,0.0,,1.7,3.7,.455,10.2,2.0,2.4,1.4,4.1,6.1,14.6,,94.1,107.6
8,4,22,171,11.9,.548,.559,.000,.324,40,6.6,13.8,9.9,7.6,2.4,2.9,23.4,14.4,,0.1,0.1,0.2,.041,,-4.0,0.0,-4.0
9,0,20,342,31,89,.348,31,88,.352,0,1,.000,31,45,.689,39,50,89,16,12,7,31,56,93
9,1,20,17.1,1.6,4.5,.348,1.6,4.4,.352,0.0,0.1,.000,1.6,2.3,.689,4.5,0.8,0.6,0.4,1.6,2.8,4.7
9,2,20,342,3.6,10.4,.348,3.6,10.3,.352,0.0,0.1,.000,3.6,5.3,.689,10.4,1.9,1.4,0.8,3.6,6.5,10.9
9,3,20,342,5.3,15.1,.348,5.3,14.9,.352,0.0,0.2,.000,5.3,7.6,.689,15.1,2.7,2.0,1.2,5.3,9.5,15.8,,86.2,106.4
9,4,20,342,10.1,.421,.348,.011,.506,103,11.7,18.2,14.6,9.8,2.0,2.6,21.9,19.9,,-0.1,0.3,0.2,.020,,-5.3,-0.3,-5.6
10,0,23,518,75,143,.524,75,143,.524,0,0,,47,75,.627,69,78,147,12,17,5,19,66,197
10,1,23,22.5,3.3,6.2,.524,3.3,6.2,.524,0.0,0.0,,2.0,3.3,.627,6.4,0.5,0.7,0.2,0.8,2.9,8.6
10,2,23,518,5.8,11.0,.524,5.8,11.0,.524,0.0,0.0,,3.6,5.8,.627,11.4,0.9,1.3,0.4,1.5,5.1,15.2
10,3,23,518,8.4,16.0,.524,8.4,16.0,.524,0.0,0.0,,5.3,8.4,.627,16.4,1.3,1.9,0.6,2.1,7.4,22.0,,118.5,107.2
10,4,23,518,20.1,.551,.524,.000,.524,190,13.7,18.7,15.9,5.5,1.9,1.2,9.6,18.3,,1.3,0.4,1.7,.131,,0.5,-2.1,-1.6
11,0,28,693,73,236,.309,23,66,.348,50,170,.294,33,44,.750,10,34,44,96,34,0,58,51,229
11,1,28,24.8,2.6,8.4,.309,0.8,2.4,.348,1.8,6.1,.294,1.2,1.6,.750,1.6,3.4,1.2,0.0,2.1,1.8,8.2
11,2,28,693,4.2,13.6,.309,1.3,3.8,.348,2.9,9.8,.294,1.9,2.5,.750,2.5,5.5,2.0,0.0,3.3,2.9,13.2
11,3,28,693,6.1,19.7,.309,1.9,5.5,.348,4.2,14.2,.294,2.8,3.7,.750,3.7,8.0,2.8,0.0,4.8,4.3,19.1,,93.2,111.0
11,4,28,693,11.1,.446,.415,.720,.186,238,1.5,6.1,3.6,29.8,2.8,0.0,18.4,21.8,,0.3,0.2,0.5,.031,,0.0,-4.4,-4.4
12,0,14,100,2,8,.250,2,8,.250,0,0,,2,4,.500,6,11,17,0,3,1,8,30,6
12,1,14,7.1,0.1,0.6,.250,0.1,0.6,.250,0.0,0.0,,0.1,0.3,.500,1.2,0.0,0.2,0.1,0.6,2.1,0.4
12,2,14,100,0.8,3.2,.250,0.8,3.2,.250,0.0,0.0,,0.8,1.6,.500,6.8,0.0,1.2,0.4,3.2,12.0,2.4
12,3,14,100,1.2,4.6,.250,1.2,4.6,.250,0.0,0.0,,1.2,2.3,.500,9.9,0.0,1.7,0.6,4.6,17.4,3.5,,48.4,108.6
12,4,14,100,-3.0,.303,.250,.000,.500,8,6.2,13.7,9.6,0.0,1.7,1.3,44.7,8.6,,-0.2,0.1,-0.1,-.052,,-9.9,-2.2,-12.1
13,0,22,165,17,42,.405,15,27,.556,2,15,.133,8,8,1.000,5,9,14,8,2,0,6,4,44
13,1,22,7.5,0.8,1.9,.405,0.7,1.2,.556,0.1,0.7,.133,0.4,0.4,1.000,0.6,0.4,0.1,0.0,0.3,0.2,2.0
13,2,22,165,4.1,10.2,.405,3.6,6.5,.556,0.5,3.6,.133,1.9,1.9,1.000,3.4,1.9,0.5,0.0,1.5,1.0,10.7
13,3,22,165,6.0,14.7,.405,5.3,9.5,.556,0.7,5.3,.133,2.8,2.8,1.000,4.9,2.8,0.7,0.0,2.1,1.4,15.5,,103.1,115.8
13,4,22,165,9.7,.480,.429,.357,.190,41,3.1,6.8,4.8,10.4,0.7,0.0,11.6,15.1,,0.2,0.0,0.1,.034,,-2.9,-4.7,-7.6
14,0,23,486,44,151,.291,24,74,.324,20,77,.260,49,59,.831,12,37,49,39,15,5,41,39,157
14,1,23,21.1,1.9,6.6,.291,1.0,3.2,.324,0.9,3.3,.260,2.1,2.6,.831,2.1,1.7,0.7,0.2,1.8,1.7,6.8
14,2,23,486,3.6,12.4,.291,2.0,6.1,.324,1.6,6.3,.260,4.0,4.9,.831,4.0,3.2,1.2,0.4,3.4,3.2,12.9
14,3,23,486,5.2,18.0,.291,2.9,8.8,.324,2.4,9.2,.260,5.8,7.0,.831,5.8,4.6,1.8,0.6,4.9,4.6,18.7,,89.5,111.5
14,4,23,486,8.9,.438,.358,.510,.391,156,2.5,9.5,5.7,16.7,1.8,1.3,18.6,21.7,,0.0,0.1,0.2,.013,,-3.0,-3.0,-5.9
15,0,5,14,0,3,.000,0,1,.000,0,2,.000,0,0,,1,1,2,2,0,1,2,2,0
15,1,5,2.8,0.0,0.6,.000,0.0,0.2,.000,0.0,0.4,.000,0.0,0.0,,0.4,0.4,0.0,0.2,0.4,0.4,0.0
15,2,5,14,0.0,8.6,.000,0.0,2.9,.000,0.0,5.7,.000,0.0,0.0,,5.7,5.7,0.0,2.9,5.7,5.7,0.0
15,3,5,14,0.0,12.4,.000,0.0,4.1,.000,0.0,8.3,.000,0.0,0.0,,8.3,8.3,0.0,4.1,8.3,8.3,0.0,,30.0,112.4
15,4,5,14,-7.0,.000,.000,.667,.000,1,7.3,8.9,8.0,25.1,0.0,8.9,40.0,17.2,,-0.1,0.0,-0.1,-.205,,-13.4,0.7,-12.7
16,0,4,7,1,3,.333,1,3,.333,0,0,,0,0,,1,1,2,2,0,0,0,0,2
16,1,4,1.8,0.3,0.8,.333,0.3,0.8,.333,0.0,0.0,,0.0,0.0,,0.5,0.5,0.0,0.0,0.0,0.0,0.5
16,2,4,7,5.7,17.1,.333,5.7,17.1,.333,0.0,0.0,,0.0,0.0,,11.4,11.4,0.0,0.0,0.0,0.0,11.4
16,3,4,7,8.3,24.8,.333,8.3,24.8,.333,0.0,0.0,,0.0,0.0,,16.6,16.6,0.0,0.0,0.0,0.0,16.6,,114.9,113.0
16,4,4,7,22.5,.333,.333,.000,.000,3,14.7,17.7,16.1,66.9,0.0,0.0,0.0,20.6,,0.0,0.0,0.0,.119,,4.8,-3.2,1.6
