0,0,3,5,0,2,.000,0,2,.000,0,0,,2,2,1.000,0,1,1,0,0,0,0,1,2
0,1,3,1.7,0.0,0.7,.000,0.0,0.7,.000,0.0,0.0,,0.7,0.7,1.000,0.3,0.0,0.0,0.0,0.0,0.3,0.7
0,2,3,5,0.0,16.0,.000,0.0,16.0,.000,0.0,0.0,,16.0,16.0,1.000,8.0,0.0,0.0,0.0,0.0,8.0,16.0
0,3,3,5,0.0,23.3,.000,0.0,23.3,.000,0.0,0.0,,23.3,23.3,1.000,11.6,0.0,0.0,0.0,0.0,11.6,23.3,,90.8,112.1
0,4,3,5,4.5,.339,.000,.000,1.000,2,0.0,23.2,12.0,0.0,0.0,0.0,0.0,29.7,,0.0,0.0,0.0,.018,,-14.3,-11.4,-25.7
1,0,35,820,61,152,.401,38,87,.437,23,65,.354,34,45,.756,8,46,54,114,26,6,62,92,179
1,1,35,23.4,1.7,4.3,.401,1.1,2.5,.437,0.7,1.9,.354,1.0,1.3,.756,1.5,3.3,0.7,0.2,1.8,2.6,5.1
1,2,35,820,3.0,7.4,.401,1.9,4.2,.437,1.1,3.2,.354,1.7,2.2,.756,2.6,5.6,1.3,0.3,3.0,4.5,8.7
1,3,35,820,4.3,10.8,.401,2.7,6.2,.437,1.6,4.6,.354,2.4,3.2,.756,3.8,8.1,1.8,0.4,4.4,6.5,12.7,,98.0,114.6
1,4,35,820,8.8,.516,.477,.428,.296,211,1.2,6.5,4.0,25.7,1.8,0.8,26.3,14.5,,0.3,0.3,0.6,.031,,-1.8,-3.1,-4.8
2,0,35,1256,156,382,.408,78,201,.388,78,181,.431,169,185,.914,12,92,104,115,38,6,69,85,559
2,1,35,35.9,4.5,10.9,.408,2.2,5.7,.388,2.2,5.2,.431,4.8,5.3,.914,3.0,3.3,1.1,0.2,2.0,2.4,16.0
2,2,35,1256,5.0,12.2,.408,2.5,6.4,.388,2.5,5.8,.431,5.4,5.9,.914,3.3,3.7,1.2,0.2,2.2,2.7,17.8
2,3,35,1256,7.2,17.7,.408,3.6,9.3,.388,3.6,8.4,.431,7.8,8.6,.914,4.8,5.3,1.8,0.3,3.2,3.9,25.9,,121.5,114.4
2,4,35,1256,18.0,.595,.510,.474,.484,530,1.2,8.5,5.0,18.6,1.8,0.5,12.8,21.6,,3.5,0.5,4.0,.128,,3.9,-3.0,0.9
3,0,35,993,91,197,.462,88,177,.497,3,20,.150,51,70,.729,58,174,232,76,46,62,62,123,236
3,1,35,28.4,2.6,5.6,.462,2.5,5.1,.497,0.1,0.6,.150,1.5,2.0,.729,6.6,2.2,1.3,1.8,1.8,3.5,6.7
3,2,35,993,3.7,7.9,.462,3.5,7.1,.497,0.1,0.8,.150,2.1,2.8,.729,9.3,3.1,1.9,2.5,2.5,5.0,9.5
3,3,35,993,5.3,11.5,.462,5.2,10.4,.497,0.2,1.2,.150,3.0,4.1,.729,13.6,4.5,2.7,3.6,3.6,7.2,13.8,,102.1,104.1
3,4,35,993,15.2,.512,.470,.102,.355,268,7.3,20.3,14.0,14.6,2.7,7.1,21.2,14.8,,0.7,1.3,2.1,.083,,-1.3,4.9,3.5
4,0,35,1198,206,397,.519,196,364,.538,10,33,.303,179,218,.821,73,164,237,37,47,10,55,86,601
4,1,35,34.2,5.9,11.3,.519,5.6,10.4,.538,0.3,0.9,.303,5.1,6.2,.821,6.8,1.1,1.3,0.3,1.6,2.5,17.2
4,2,35,1198,6.9,13.3,.519,6.5,12.2,.538,0.3,1.1,.303,6.0,7.3,.821,7.9,1.2,1.6,0.3,1.8,2.9,20.1
4,3,35,1198,10.0,19.3,.519,9.5,17.7,.538,0.5,1.6,.303,8.7,10.6,.821,11.5,1.8,2.3,0.5,2.7,4.2,29.2,,123.9,110.1
4,4,35,1198,22.9,.600,.531,.083,.549,552,7.6,15.9,11.9,7.0,2.3,1.0,9.9,23.4,,3.9,0.9,4.8,.162,,2.6,-1.8,0.8
5,0,35,1210,216,395,.547,216,395,.547,0,0,,180,239,.753,129,180,309,20,26,3,80,87,612
5,1,35,34.6,6.2,11.3,.547,6.2,11.3,.547,0.0,0.0,,5.1,6.8,.753,8.8,0.6,0.7,0.1,2.3,2.5,17.5
5,2,35,1210,7.1,13.1,.547,7.1,13.1,.547,0.0,0.0,,6.0,7.9,.753,10.2,0.7,0.9,0.1,2.6,2.9,20.2
5,3,35,1210,10.4,19.0,.547,10.4,19.0,.547,0.0,0.0,,8.7,11.5,.753,14.9,1.0,1.3,0.1,3.8,4.2,29.4,,119.1,112.2
5,4,35,1210,22.3,.602,.547,.000,.605,581,13.3,17.3,15.3,3.8,1.3,0.3,13.6,24.5,,3.6,0.7,4.3,.143,,1.4,-3.9,-2.5
6,0,35,652,59,181,.326,51,153,.333,8,28,.286,106,150,.707,17,50,67,48,27,1,42,91,232
6,1,35,18.6,1.7,5.2,.326,1.5,4.4,.333,0.2,0.8,.286,3.0,4.3,.707,1.9,1.4,0.8,0.0,1.2,2.6,6.6
6,2,35,652,3.6,11.1,.326,3.1,9.4,.333,0.5,1.7,.286,6.5,9.2,.707,4.1,2.9,1.7,0.1,2.6,5.6,14.2
6,3,35,652,5.3,16.2,.326,4.6,13.7,.333,0.7,2.5,.286,9.5,13.4,.707,6.0,4.3,2.4,0.1,3.7,8.1,20.7,,98.2,112.6
6,4,35,652,10.6,.460,.348,.155,.829,236,3.2,8.9,6.2,14.0,2.4,0.2,14.3,22.7,,0.4,0.4,0.8,.047,,-3.3,-2.8,-6.1
7,0,1,1,0,1,.000,0,1,.000,0,0,,0,0,,1,0,1,0,0,0,0,1,0
7,1,1,1.0,0.0,1.0,.000,0.0,1.0,.000,0.0,0.0,,0.0,0.0,,1.0,0.0,0.0,0.0,0.0,1.0,0.0
7,2,1,1,0.0,40.0,.000,0.0,40.0,.000,0.0,0.0,,0.0,0.0,,40.0,0.0,0.0,0.0,0.0,40.0,0.0
7,3,1,1,0.0,58.2,.000,0.0,58.2,.000,0.0,0.0,,0.0,0.0,,58.2,0.0,0.0,0.0,0.0,58.2,0.0,,64.9,116.9
7,4,1,1,-16.8,.000,.000,.000,.000,1,100.0,0.0,60.1,0.0,0.0,0.0,0.0,50.4,,0.0,0.0,0.0,-.271,,-20.8,-25.3,-46.2
8,0,28,321,27,67,.403,24,59,.407,3,8,.375,22,31,.710,23,38,61,15,13,3,22,66,79
8,1,28,11.5,1.0,2.4,.403,0.9,2.1,.407,0.1,0.3,.375,0.8,1.1,.710,2.2,0.5,0.5,0.1,0.8,2.4,2.8
8,2,28,321,3.4,8.3,.403,3.0,7.4,.407,0.4,1.0,.375,2.7,3.9,.710,7.6,1.9,1.6,0.4,2.7,8.2,9.8
8,3,28,321,4.9,12.1,.403,4.4,10.7,.407,0.5,1.5,.375,4.0,5.6,.710,11.1,2.7,2.4,0.5,4.0,12.0,14.3,,96.2,110.0
8,4,28,321,8.8,.483,.425,.119,.463,87,8.9,13.7,11.4,8.8,2.4,1.1,21.2,16.3,,0.1,0.3,0.4,.044,,-3.0,-0.8,-3.8
9,0,33,316,34,94,.362,16,44,.364,18,50,.360,8,8,1.000,4,30,34,32,9,0,31,32,94
9,1,33,9.6,1.0,2.8,.362,0.5,1.3,.364,0.5,1.5,.360,0.2,0.2,1.000,1.0,1.0,0.3,0.0,0.9,1.0,2.8
9,2,33,316,4.3,11.9,.362,2.0,5.6,.364,2.3,6.3,.360,1.0,1.0,1.000,4.3,4.1,1.1,0.0,3.9,4.1,11.9
9,3,33,316,6.3,17.3,.362,2.9,8.1,.364,3.3,9.2,.360,1.5,1.5,1.000,6.3,5.9,1.7,0.0,5.7,5.9,17.3,,88.0,113.7
9,4,33,316,7.5,.481,.457,.532,.085,95,1.6,11.0,6.5,19.9,1.7,0.0,24.1,20.5,,-0.1,0.1,0.0,.002,,-3.4,-3.6,-7.0
10,0,34,334,36,80,.450,31,62,.500,5,18,.278,13,17,.765,11,31,42,11,10,1,14,29,90
10,1,34,9.8,1.1,2.4,.450,0.9,1.8,.500,0.1,0.5,.278,0.4,0.5,.765,1.2,0.3,0.3,0.0,0.4,0.9,2.6
10,2,34,334,4.3,9.6,.450,3.7,7.4,.500,0.6,2.2,.278,1.6,2.0,.765,5.0,1.3,1.2,0.1,1.7,3.5,10.8
10,3,34,334,6.3,13.9,.450,5.4,10.8,.500,0.9,3.1,.278,2.3,3.0,.765,7.3,1.9,1.7,0.2,2.4,5.1,15.7,,102.5,113.5
10,4,34,334,10.0,.511,.481,.225,.213,84,4.1,10.8,7.6,6.5,1.7,0.3,13.7,15.4,,0.2,0.2,0.4,.047,,-2.6,-2.7,-5.3
11,0,24,101,2,7,.286,2,7,.286,0,0,,1,2,.500,5,7,12,3,0,4,7,25,5
11,1,24,4.2,0.1,0.3,.286,0.1,0.3,.286,0.0,0.0,,0.0,0.1,.500,0.5,0.1,0.0,0.2,0.3,1.0,0.2
11,2,24,101,0.8,2.8,.286,0.8,2.8,.286,0.0,0.0,,0.4,0.8,.500,4.8,1.2,0.0,1.6,2.8,9.9,2.0
11,3,24,101,1.2,4.0,.286,1.2,4.0,.286,0.0,0.0,,0.6,1.2,.500,6.9,1.7,0.0,2.3,4.0,14.4,2.9,,59.5,115.6
11,4,24,101,-2.0,.314,.286,.000,.286,9,6.2,8.0,7.1,5.0,0.0,4.5,46.8,7.5,,-0.1,0.0,-0.1,-.042,,-6.9,0.3,-6.6
