0,0,30,295,29,53,.547,11,16,.688,18,37,.486,10,15,.667,3,34,37,9,2,2,12,30,86
0,1,30,9.8,1.0,1.8,.547,0.4,0.5,.688,0.6,1.2,.486,0.3,0.5,.667,1.2,0.3,0.1,0.1,0.4,1.0,2.9
0,2,30,295,3.9,7.2,.547,1.5,2.2,.688,2.4,5.0,.486,1.4,2.0,.667,5.0,1.2,0.3,0.3,1.6,4.1,11.7
0,3,30,295,6.2,11.4,.547,2.4,3.4,.688,3.9,7.9,.486,2.1,3.2,.667,7.9,1.9,0.4,0.4,2.6,6.4,18.4,,121.4,111.0
0,4,30,295,12.8,.715,.717,.698,.283,71,1.4,14.7,8.2,5.7,0.4,0.8,16.6,13.6,,0.6,0.1,0.7,.094,,0.3,-4.1,-3.8
1,0,30,994,95,195,.487,90,172,.523,5,23,.217,93,112,.830,40,114,154,100,26,11,56,72,288
1,1,30,33.1,3.2,6.5,.487,3.0,5.7,.523,0.2,0.8,.217,3.1,3.7,.830,5.1,3.3,0.9,0.4,1.9,2.4,9.6
1,2,30,994,3.8,7.8,.487,3.6,6.9,.523,0.2,0.9,.217,3.7,4.5,.830,6.2,4.0,1.0,0.4,2.3,2.9,11.6
1,3,30,994,6.0,12.4,.487,5.7,10.9,.523,0.3,1.5,.217,5.9,7.1,.830,9.8,6.4,1.7,0.7,3.6,4.6,18.3,,116.5,108.2
1,4,30,994,16.9,.580,.500,.118,.574,327,5.4,14.6,10.1,18.7,1.7,1.3,18.4,17.0,,2.3,0.7,3.0,.121,,0.3,-0.6,-0.3
2,0,30,988,132,282,.468,61,106,.575,71,176,.403,72,87,.828,5,55,60,80,30,1,50,47,407
2,1,30,32.9,4.4,9.4,.468,2.0,3.5,.575,2.4,5.9,.403,2.4,2.9,.828,2.0,2.7,1.0,0.0,1.7,1.6,13.6
2,2,30,988,5.3,11.4,.468,2.5,4.3,.575,2.9,7.1,.403,2.9,3.5,.828,2.4,3.2,1.2,0.0,2.0,1.9,16.5
2,3,30,988,8.4,18.0,.468,3.9,6.8,.575,4.5,11.3,.403,4.6,5.6,.828,3.8,5.1,1.9,0.1,3.2,3.0,26.0,,120.1,111.3
2,4,30,988,18.9,.629,.594,.624,.309,372,0.7,7.1,4.0,16.2,1.9,0.1,13.4,21.0,,2.9,0.4,3.3,.133,,3.8,-4.0,-0.2
3,0,12,64,6,20,.300,2,8,.250,4,12,.333,0,1,.000,0,3,3,3,3,0,5,10,16
3,1,12,5.3,0.5,1.7,.300,0.2,0.7,.250,0.3,1.0,.333,0.0,0.1,.000,0.3,0.3,0.3,0.0,0.4,0.8,1.3
3,2,12,64,3.8,12.5,.300,1.3,5.0,.250,2.5,7.5,.333,0.0,0.6,.000,1.9,1.9,1.9,0.0,3.1,6.3,10.0
3,3,12,64,5.9,19.8,.300,2.0,7.9,.250,4.0,11.9,.333,0.0,1.0,.000,3.0,3.0,3.0,0.0,4.9,9.9,15.8,,70.7,109.0
3,4,12,64,1.8,.391,.400,.600,.050,15,0.0,6.0,3.1,8.7,3.0,0.0,19.6,22.2,,-0.1,0.0,-0.1,-.051,,-7.1,-4.3,-11.4
4,0,3,9,1,2,.500,1,2,.500,0,0,,2,2,1.000,2,3,5,0,0,0,0,1,4
4,1,3,3.0,0.3,0.7,.500,0.3,0.7,.500,0.0,0.0,,0.7,0.7,1.000,1.7,0.0,0.0,0.0,0.0,0.3,1.3
4,2,3,9,4.4,8.9,.500,4.4,8.9,.500,0.0,0.0,,8.9,8.9,1.000,22.2,0.0,0.0,0.0,0.0,4.4,17.8
4,3,3,9,7.0,14.0,.500,7.0,14.0,.500,0.0,0.0,,14.0,14.0,1.000,35.1,0.0,0.0,0.0,0.0,7.0,28.1,,167.8,101.2
4,4,3,9,35.0,.678,.500,.000,1.000,5,29.9,42.5,36.4,0.0,0.0,0.0,0.0,18.3,,0.1,0.0,0.1,.354,,1.5,-12.5,-11.0
5,0,30,736,77,164,.470,73,154,.474,4,10,.400,42,65,.646,44,116,160,48,43,10,53,79,200
5,1,30,24.5,2.6,5.5,.470,2.4,5.1,.474,0.1,0.3,.400,1.4,2.2,.646,5.3,1.6,1.4,0.3,1.8,2.6,6.7
5,2,30,736,4.2,8.9,.470,4.0,8.4,.474,0.2,0.5,.400,2.3,3.5,.646,8.7,2.6,2.3,0.5,2.9,4.3,10.9
5,3,30,736,6.6,14.1,.470,6.3,13.2,.474,0.3,0.9,.400,3.6,5.6,.646,13.7,4.1,3.7,0.9,4.6,6.8,17.2,,98.6,101.1
5,4,30,736,15.4,.513,.482,.061,.396,222,8.0,20.1,14.2,12.4,3.7,1.6,21.4,18.8,,0.6,1.0,1.6,.088,,-2.7,1.4,-1.3
6,0,11,25,2,5,.400,1,3,.333,1,2,.500,2,2,1.000,0,2,2,3,3,0,1,2,7
6,1,11,2.3,0.2,0.5,.400,0.1,0.3,.333,0.1,0.2,.500,0.2,0.2,1.000,0.2,0.3,0.3,0.0,0.1,0.2,0.6
6,2,11,25,3.2,8.0,.400,1.6,4.8,.333,1.6,3.2,.500,3.2,3.2,1.000,3.2,4.8,4.8,0.0,1.6,3.2,11.2
6,3,11,25,5.1,12.6,.400,2.5,7.6,.333,2.5,5.1,.500,5.1,5.1,1.000,5.1,7.6,7.6,0.0,2.5,5.1,17.7,,122.7,97.3
6,4,11,25,21.2,.588,.500,.400,.400,8,0.0,10.2,5.2,21.7,7.6,0.0,14.4,15.5,,0.1,0.0,0.1,.170,,1.2,0.8,2.0
7,0,29,1071,198,386,.513,140,253,.553,58,133,.436,101,128,.789,16,65,81,142,74,4,60,52,555
7,1,29,36.9,6.8,13.3,.513,4.8,8.7,.553,2.0,4.6,.436,3.5,4.4,.789,2.8,4.9,2.6,0.1,2.1,1.8,19.1
7,2,29,1071,7.4,14.4,.513,5.2,9.4,.553,2.2,5.0,.436,3.8,4.8,.789,3.0,5.3,2.8,0.1,2.2,1.9,20.7
7,3,29,1071,11.7,22.8,.513,8.3,14.9,.553,3.4,7.8,.436,6.0,7.6,.789,4.8,8.4,4.4,0.2,3.5,3.1,32.8,,124.8,105.4
7,4,29,1071,28.4,.621,.588,.345,.332,544,2.0,7.7,4.9,29.6,4.4,0.5,11.8,26.4,,4.7,1.0,5.7,.214,,6.9,-1.6,5.3
8,0,30,606,69,151,.457,44,95,.463,25,56,.446,20,28,.714,26,70,96,19,18,2,20,48,183
8,1,30,20.2,2.3,5.0,.457,1.5,3.2,.463,0.8,1.9,.446,0.7,0.9,.714,3.2,0.6,0.6,0.1,0.7,1.6,6.1
8,2,30,606,4.6,10.0,.457,2.9,6.3,.463,1.7,3.7,.446,1.3,1.8,.714,6.3,1.3,1.2,0.1,1.3,3.2,12.1
8,3,30,606,7.2,15.7,.457,4.6,9.9,.463,2.6,5.8,.446,2.1,2.9,.714,10.0,2.0,1.9,0.2,2.1,5.0,19.1,,112.0,108.1
8,4,30,606,14.6,.557,.540,.371,.185,171,5.8,14.7,10.4,6.0,1.9,0.4,10.9,16.9,,1.0,0.4,1.5,.097,,-0.6,-2.7,-3.3
9,0,22,100,8,13,.615,8,13,.615,0,0,,5,13,.385,4,14,18,6,1,2,3,14,21
9,1,22,4.5,0.4,0.6,.615,0.4,0.6,.615,0.0,0.0,,0.2,0.6,.385,0.8,0.3,0.0,0.1,0.1,0.6,1.0
9,2,22,100,3.2,5.2,.615,3.2,5.2,.615,0.0,0.0,,2.0,5.2,.385,7.2,2.4,0.4,0.8,1.2,5.6,8.4
9,3,22,100,5.1,8.2,.615,5.1,8.2,.615,0.0,0.0,,3.2,8.2,.385,11.4,3.8,0.6,1.3,1.9,8.8,13.3,,113.1,108.4
9,4,22,100,11.7,.548,.615,.000,1.000,23,5.4,17.8,11.8,10.9,0.6,2.4,13.5,12.4,,0.1,0.1,0.2,.085,,-3.0,-1.6,-4.6
10,0,30,608,84,166,.506,84,164,.512,0,2,.000,35,65,.538,46,57,103,7,8,30,30,74,203
10,1,30,20.3,2.8,5.5,.506,2.8,5.5,.512,0.0,0.1,.000,1.2,2.2,.538,3.4,0.2,0.3,1.0,1.0,2.5,6.8
10,2,30,608,5.5,10.9,.506,5.5,10.8,.512,0.0,0.1,.000,2.3,4.3,.538,6.8,0.5,0.5,2.0,2.0,4.9,13.4
10,3,30,608,8.7,17.3,.506,8.7,17.0,.512,0.0,0.2,.000,3.6,6.8,.538,10.7,0.7,0.8,3.1,3.1,7.7,21.1,,102.2,108.6
10,4,30,608,14.6,.516,.506,.012,.392,196,10.2,11.9,11.1,2.3,0.8,6.0,13.2,20.8,,0.7,0.4,1.1,.074,,-4.4,-1.7,-6.1
11,0,5,16,2,6,.333,2,5,.400,0,1,.000,1,3,.333,0,6,6,0,0,1,2,5,5
11,1,5,3.2,0.4,1.2,.333,0.4,1.0,.400,0.0,0.2,.000,0.2,0.6,.333,1.2,0.0,0.0,0.2,0.4,1.0,1.0
11,2,5,16,5.0,15.0,.333,5.0,12.5,.400,0.0,2.5,.000,2.5,7.5,.333,15.0,0.0,0.0,2.5,5.0,12.5,12.5
11,3,5,16,7.9,23.7,.333,7.9,19.8,.400,0.0,4.0,.000,4.0,11.9,.333,23.7,0.0,0.0,4.0,7.9,19.8,19.8,,55.1,94.5
11,4,5,16,-1.1,.337,.333,.167,.500,4,0.0,47.8,24.5,0.0,0.0,7.6,21.2,32.8,,-0.1,0.0,0.0,-.121,,-22.9,-7.4,-30.3
12,0,30,480,55,114,.482,55,113,.487,0,1,.000,25,34,.735,30,61,91,9,8,9,28,74,135
12,1,30,16.0,1.8,3.8,.482,1.8,3.8,.487,0.0,0.0,.000,0.8,1.1,.735,3.0,0.3,0.3,0.3,0.9,2.5,4.5
12,2,30,480,4.6,9.5,.482,4.6,9.4,.487,0.0,0.1,.000,2.1,2.8,.735,7.6,0.8,0.7,0.8,2.3,6.2,11.3
12,3,30,480,7.2,15.0,.482,7.2,14.9,.487,0.0,0.1,.000,3.3,4.5,.735,12.0,1.2,1.1,1.2,3.7,9.7,17.8,,98.5,108.1
12,4,30,480,11.0,.519,.482,.009,.298,134,8.4,16.2,12.4,3.6,1.1,2.3,17.7,18.4,,0.4,0.3,0.7,.059,,-5.0,-2.6,-7.5
13,0,5,8,1,4,.250,1,1,1.000,0,3,.000,1,1,1.000,0,2,2,1,0,0,2,2,3
13,1,5,1.6,0.2,0.8,.250,0.2,0.2,1.000,0.0,0.6,.000,0.2,0.2,1.000,0.4,0.2,0.0,0.0,0.4,0.4,0.6
13,2,5,8,5.0,20.0,.250,5.0,5.0,1.000,0.0,15.0,.000,5.0,5.0,1.000,10.0,5.0,0.0,0.0,10.0,10.0,15.0
13,3,5,8,7.9,31.6,.250,7.9,7.9,1.000,0.0,23.7,.000,7.9,7.9,1.000,15.8,7.9,0.0,0.0,15.8,15.8,23.7,,57.7,104.8
13,4,5,8,-7.2,.335,.250,.750,.250,3,0.0,31.8,16.4,24.6,0.0,0.0,30.9,45.1,,-0.1,0.0,0.0,-.234,,-15.8,-5.4,-21.3
