0,0,18,386,77,162,.475,53,95,.558,24,67,.358,22,46,.478,32,24,56,12,15,0,26,42,200
0,1,18,21.4,4.3,9.0,.475,2.9,5.3,.558,1.3,3.7,.358,1.2,2.6,.478,3.1,0.7,0.8,0.0,1.4,2.3,11.1
0,2,18,386,8.0,16.8,.475,5.5,9.8,.558,2.5,6.9,.358,2.3,4.8,.478,5.8,1.2,1.6,0.0,2.7,4.4,20.7
0,3,18,386,12.1,25.5,.475,8.4,15.0,.558,3.8,10.6,.358,3.5,7.2,.478,8.8,1.9,2.4,0.0,4.1,6.6,31.5,,104.0,107.3
0,4,18,386,19.6,.544,.549,.414,.284,174,10.3,7.5,8.9,7.9,2.4,0.0,12.4,28.7,,0.7,0.3,1.0,.105,,2.5,-3.9,-1.4
1,0,28,225,7,19,.368,5,9,.556,2,10,.200,8,13,.615,2,22,24,26,8,0,17,34,24
1,1,28,8.0,0.3,0.7,.368,0.2,0.3,.556,0.1,0.4,.200,0.3,0.5,.615,0.9,0.9,0.3,0.0,0.6,1.2,0.9
1,2,28,225,1.2,3.4,.368,0.9,1.6,.556,0.4,1.8,.200,1.4,2.3,.615,4.3,4.6,1.4,0.0,3.0,6.0,4.3
1,3,28,225,1.9,5.1,.368,1.4,2.4,.556,0.5,2.7,.200,2.2,3.5,.615,6.5,7.0,2.2,0.0,4.6,9.2,6.5,,83.3,105.9
1,4,28,225,5.0,.477,.421,.526,.684,35,1.1,11.9,6.6,20.6,2.2,0.0,40.3,9.9,,-0.1,0.2,0.1,.020,,-4.5,-1.0,-5.5
2,0,28,717,122,283,.431,113,249,.454,9,34,.265,93,127,.732,26,92,118,30,14,28,60,66,346
2,1,28,25.6,4.4,10.1,.431,4.0,8.9,.454,0.3,1.2,.265,3.3,4.5,.732,4.2,1.1,0.5,1.0,2.1,2.4,12.4
2,2,28,717,6.8,15.8,.431,6.3,13.9,.454,0.5,1.9,.265,5.2,7.1,.732,6.6,1.7,0.8,1.6,3.3,3.7,19.3
2,3,28,717,10.4,24.0,.431,9.6,21.1,.454,0.8,2.9,.265,7.9,10.8,.732,10.0,2.5,1.2,2.4,5.1,5.6,29.4,,97.0,104.6
2,4,28,717,17.1,.504,.447,.120,.449,314,4.5,15.6,10.1,9.9,1.2,4.4,14.9,29.7,,0.8,0.7,1.5,.081,,-3.8,-1.0,-4.8
3,0,28,1000,112,223,.502,68,127,.535,44,96,.458,44,58,.759,42,122,164,42,18,4,44,66,312
3,1,28,35.7,4.0,8.0,.502,2.4,4.5,.535,1.6,3.4,.458,1.6,2.1,.759,5.9,1.5,0.6,0.1,1.6,2.4,11.1
3,2,28,1000,4.5,8.9,.502,2.7,5.1,.535,1.8,3.8,.458,1.8,2.3,.759,6.6,1.7,0.7,0.2,1.8,2.6,12.5
3,3,28,1000,6.8,13.6,.502,4.1,7.7,.535,2.7,5.8,.458,2.7,3.5,.759,10.0,2.6,1.1,0.2,2.7,4.0,19.0,,117.2,107.4
3,4,28,1000,15.3,.623,.601,.430,.260,286,5.2,14.8,10.1,8.8,1.1,0.4,14.9,15.5,,2.1,0.7,2.7,.109,,2.1,-1.0,1.1
4,0,22,396,20,94,.213,2,12,.167,18,82,.220,5,9,.556,5,20,25,25,5,0,11,26,63
4,1,22,18.0,0.9,4.3,.213,0.1,0.5,.167,0.8,3.7,.220,0.2,0.4,.556,1.1,1.1,0.2,0.0,0.5,1.2,2.9
4,2,22,396,2.0,9.5,.213,0.2,1.2,.167,1.8,8.3,.220,0.5,0.9,.556,2.5,2.5,0.5,0.0,1.1,2.6,6.4
4,3,22,396,3.1,14.4,.213,0.3,1.8,.167,2.8,12.6,.220,0.8,1.4,.556,3.8,3.8,0.8,0.0,1.7,4.0,9.7,,78.7,111.6
4,4,22,396,2.5,.321,.309,.872,.096,69,1.6,6.1,3.9,11.7,0.8,0.0,10.1,14.6,,-0.3,0.1,-0.2,-.016,,-3.6,-3.6,-7.2
5,0,28,945,65,161,.404,41,89,.461,24,72,.333,72,88,.818,4,61,65,193,26,0,85,57,226
5,1,28,33.8,2.3,5.8,.404,1.5,3.2,.461,0.9,2.6,.333,2.6,3.1,.818,2.3,6.9,0.9,0.0,3.0,2.0,8.1
5,2,28,945,2.8,6.8,.404,1.7,3.8,.461,1.0,3.0,.333,3.0,3.7,.818,2.8,8.2,1.1,0.0,3.6,2.4,9.6
5,3,28,945,4.2,10.4,.404,2.6,5.7,.461,1.5,4.6,.333,4.6,5.7,.818,4.2,12.4,1.7,0.0,5.5,3.7,14.5,,105.5,109.0
5,4,28,945,13.5,.557,.478,.447,.547,298,0.5,7.8,4.2,39.1,1.7,0.0,29.5,16.1,,1.4,0.5,1.9,.080,,-0.4,-3.9,-4.3
6,0,19,75,4,12,.333,4,11,.364,0,1,.000,0,0,,3,4,7,7,7,0,4,7,8
6,1,19,3.9,0.2,0.6,.333,0.2,0.6,.364,0.0,0.1,.000,0.0,0.0,,0.4,0.4,0.4,0.0,0.2,0.4,0.4
6,2,19,75,2.1,6.4,.333,2.1,5.9,.364,0.0,0.5,.000,0.0,0.0,,3.7,3.7,3.7,0.0,2.1,3.7,4.3
6,3,19,75,3.2,9.7,.333,3.2,8.9,.364,0.0,0.8,.000,0.0,0.0,,5.7,5.7,5.7,0.0,3.2,5.7,6.5,,79.6,100.4
6,4,19,75,8.6,.333,.333,.083,.000,12,5.0,6.5,5.7,17.3,5.7,0.0,25.0,11.3,,0.0,0.1,0.1,.031,,-4.1,1.9,-2.3
7,0,28,584,66,153,.431,36,72,.500,30,81,.370,40,47,.851,17,56,73,25,16,3,32,55,202
7,1,28,20.9,2.4,5.5,.431,1.3,2.6,.500,1.1,2.9,.370,1.4,1.7,.851,2.6,0.9,0.6,0.1,1.1,2.0,7.2
7,2,28,584,4.5,10.5,.431,2.5,4.9,.500,2.1,5.5,.370,2.7,3.2,.851,5.0,1.7,1.1,0.2,2.2,3.8,13.8
7,3,28,584,6.9,15.9,.431,3.8,7.5,.500,3.1,8.4,.370,4.2,4.9,.851,7.6,2.6,1.7,0.3,3.3,5.7,21.0,,108.8,107.0
7,4,28,584,14.1,.576,.529,.529,.307,183,3.6,11.6,7.7,8.9,1.7,0.6,15.4,18.7,,1.0,0.4,1.4,.096,,0.7,-2.0,-1.3
8,0,11,252,33,57,.579,32,55,.582,1,2,.500,14,18,.778,20,30,50,3,8,7,13,21,81
8,1,11,22.9,3.0,5.2,.579,2.9,5.0,.582,0.1,0.2,.500,1.3,1.6,.778,4.5,0.3,0.7,0.6,1.2,1.9,7.4
8,2,11,252,5.2,9.0,.579,5.1,8.7,.582,0.2,0.3,.500,2.2,2.9,.778,7.9,0.5,1.3,1.1,2.1,3.3,12.9
8,3,11,252,8.0,13.8,.579,7.7,13.3,.582,0.2,0.5,.500,3.4,4.3,.778,12.1,0.7,1.9,1.7,3.1,5.1,19.6,,113.3,104.1
8,4,11,252,17.5,.618,.588,.035,.316,74,9.9,14.5,12.2,2.6,1.9,3.1,16.5,16.5,,0.5,0.3,0.7,.115,,-0.9,-0.4,-1.3
9,0,28,426,60,103,.583,60,103,.583,0,0,,27,42,.643,32,85,117,13,7,13,29,59,147
9,1,28,15.2,2.1,3.7,.583,2.1,3.7,.583,0.0,0.0,,1.0,1.5,.643,4.2,0.5,0.3,0.5,1.0,2.1,5.3
9,2,28,426,5.6,9.7,.583,5.6,9.7,.583,0.0,0.0,,2.5,3.9,.643,11.0,1.2,0.7,1.2,2.7,5.5,13.8
9,3,28,426,8.6,14.7,.583,8.6,14.7,.583,0.0,0.0,,3.9,6.0,.643,16.7,1.9,1.0,1.9,4.1,8.4,21.0,,106.9,102.0
9,4,28,426,17.3,.598,.583,.000,.408,138,9.4,24.2,16.9,6.8,1.0,3.4,19.1,18.8,,0.7,0.5,1.2,.112,,-2.2,-0.2,-2.4
10,0,2,5,0,0,,0,0,,0,0,,1,2,.500,0,4,4,0,0,0,0,0,1
10,1,2,2.5,0.0,0.0,,0.0,0.0,,0.0,0.0,,0.5,1.0,.500,2.0,0.0,0.0,0.0,0.0,0.0,0.5
10,2,2,5,0.0,0.0,,0.0,0.0,,0.0,0.0,,8.0,16.0,.500,32.0,0.0,0.0,0.0,0.0,0.0,8.0
10,3,2,5,0.0,0.0,,0.0,0.0,,0.0,0.0,,12.2,24.3,.500,48.7,0.0,0.0,0.0,0.0,0.0,12.2,,122.3,79.6
10,4,2,5,22.3,.526,,,,1,0.0,97.1,49.2,0.0,0.0,0.0,0.0,10.0,,0.0,0.0,0.0,.194,,-13.9,-8.8,-22.7
11,0,16,82,8,24,.333,8,23,.348,0,1,.000,5,7,.714,3,13,16,1,1,5,11,19,21
11,1,16,5.1,0.5,1.5,.333,0.5,1.4,.348,0.0,0.1,.000,0.3,0.4,.714,1.0,0.1,0.1,0.3,0.7,1.2,1.3
11,2,16,82,3.9,11.7,.333,3.9,11.2,.348,0.0,0.5,.000,2.4,3.4,.714,7.8,0.5,0.5,2.4,5.4,9.3,10.2
11,3,16,82,5.9,17.8,.333,5.9,17.1,.348,0.0,0.7,.000,3.7,5.2,.714,11.9,0.7,0.7,3.7,8.2,14.1,15.6,,62.3,102.1
11,4,16,82,0.6,.384,.333,.042,.292,20,4.6,19.2,12.0,2.5,0.7,6.8,28.7,24.7,,-0.3,0.1,-0.2,-.076,,-13.6,-0.5,-14.1
12,0,27,509,89,179,.497,89,177,.503,0,2,.000,66,111,.595,48,79,127,9,5,4,47,83,244
12,1,27,18.9,3.3,6.6,.497,3.3,6.6,.503,0.0,0.1,.000,2.4,4.1,.595,4.7,0.3,0.2,0.1,1.7,3.1,9.0
12,2,27,509,7.0,14.1,.497,7.0,13.9,.503,0.0,0.2,.000,5.2,8.7,.595,10.0,0.7,0.4,0.3,3.7,6.5,19.2
12,3,27,509,10.6,21.4,.497,10.6,21.2,.503,0.0,0.2,.000,7.9,13.3,.595,15.2,1.1,0.6,0.5,5.6,9.9,29.2,,98.2,106.2
12,4,27,509,16.2,.526,.497,.011,.620,226,11.7,18.8,15.3,4.2,0.6,0.9,16.9,28.9,,0.6,0.4,1.0,.082,,-4.2,-4.6,-8.8
