0,0,28,692,96,208,.462,86,173,.497,10,35,.286,41,47,.872,47,103,150,21,9,5,44,56,243
0,1,28,24.7,3.4,7.4,.462,3.1,6.2,.497,0.4,1.3,.286,1.5,1.7,.872,5.4,0.8,0.3,0.2,1.6,2.0,8.7
0,2,28,692,5.5,12.0,.462,5.0,10.0,.497,0.6,2.0,.286,2.4,2.7,.872,8.7,1.2,0.5,0.3,2.5,3.2,14.0
0,3,28,692,8.7,18.7,.462,7.8,15.6,.497,0.9,3.2,.286,3.7,4.2,.872,13.5,1.9,0.8,0.5,4.0,5.0,21.9,,101.0,104.8
0,4,28,692,15.3,.528,.486,.168,.226,232,8.1,19.2,13.4,7.7,0.8,0.9,16.0,21.4,,0.9,0.6,1.5,.086,,-1.9,-2.8,-4.7
1,0,20,471,42,100,.420,38,90,.422,4,10,.400,52,77,.675,47,64,111,24,12,2,35,58,140
1,1,20,23.6,2.1,5.0,.420,1.9,4.5,.422,0.2,0.5,.400,2.6,3.9,.675,5.6,1.2,0.6,0.1,1.8,2.9,7.0
1,2,20,471,3.6,8.5,.420,3.2,7.6,.422,0.3,0.8,.400,4.4,6.5,.675,9.4,2.0,1.0,0.2,3.0,4.9,11.9
1,3,20,471,5.6,13.2,.420,5.0,11.9,.422,0.5,1.3,.400,6.9,10.2,.675,14.7,3.2,1.6,0.3,4.6,7.7,18.5,,100.9,103.8
1,4,20,471,14.4,.513,.440,.100,.770,155,11.9,17.5,14.6,11.5,1.6,0.5,20.4,19.7,,0.6,0.5,1.0,.089,,-1.4,-1.3,-2.7
2,0,21,193,15,33,.455,14,28,.500,1,5,.200,4,6,.667,8,15,23,8,6,0,15,18,35
2,1,21,9.2,0.7,1.6,.455,0.7,1.3,.500,0.0,0.2,.200,0.2,0.3,.667,1.1,0.4,0.3,0.0,0.7,0.9,1.7
2,2,21,193,3.1,6.8,.455,2.9,5.8,.500,0.2,1.0,.200,0.8,1.2,.667,4.8,1.7,1.2,0.0,3.1,3.7,7.3
2,3,21,193,4.8,10.7,.455,4.5,9.0,.500,0.3,1.6,.200,1.3,1.9,.667,7.4,2.6,1.9,0.0,4.8,5.8,11.3,,81.0,106.3
2,4,21,193,6.2,.488,.470,.152,.182,37,5.0,10.0,7.4,9.1,1.9,0.0,29.5,14.2,,-0.1,0.1,0.0,.007,,-5.2,-1.8,-7.0
3,0,27,316,21,75,.280,12,35,.343,9,40,.225,7,10,.700,13,33,46,9,11,5,25,43,58
3,1,27,11.7,0.8,2.8,.280,0.4,1.3,.343,0.3,1.5,.225,0.3,0.4,.700,1.7,0.3,0.4,0.2,0.9,1.6,2.1
3,2,27,316,2.7,9.5,.280,1.5,4.4,.343,1.1,5.1,.225,0.9,1.3,.700,5.8,1.1,1.4,0.6,3.2,5.4,7.3
3,3,27,316,4.1,14.8,.280,2.4,6.9,.343,1.8,7.9,.225,1.4,2.0,.700,9.1,1.8,2.2,1.0,4.9,8.5,11.4,,68.0,103.3
3,4,27,316,3.1,.364,.340,.533,.133,60,4.9,13.5,9.0,6.1,2.2,1.9,23.9,17.9,,-0.6,0.3,-0.2,-.030,,-6.7,-1.3,-8.0
4,0,26,429,40,126,.317,27,88,.307,13,38,.342,40,49,.816,11,27,38,48,50,2,42,43,133
4,1,26,16.5,1.5,4.8,.317,1.0,3.4,.307,0.5,1.5,.342,1.5,1.9,.816,1.5,1.8,1.9,0.1,1.6,1.7,5.1
4,2,26,429,3.7,11.7,.317,2.5,8.2,.307,1.2,3.5,.342,3.7,4.6,.816,3.5,4.5,4.7,0.2,3.9,4.0,12.4
4,3,26,429,5.8,18.3,.317,3.9,12.8,.307,1.9,5.5,.342,5.8,7.1,.816,5.5,7.0,7.3,0.3,6.1,6.3,19.3,,87.2,94.8
4,4,26,429,15.2,.445,.369,.302,.389,145,3.1,8.1,5.5,25.5,7.3,0.6,22.0,24.1,,-0.1,0.8,0.7,.067,,-1.8,1.5,-0.3
5,0,28,862,67,188,.356,35,86,.407,32,102,.314,44,68,.647,13,66,79,38,31,6,34,53,210
5,1,28,30.8,2.4,6.7,.356,1.3,3.1,.407,1.1,3.6,.314,1.6,2.4,.647,2.8,1.4,1.1,0.2,1.2,1.9,7.5
5,2,28,862,3.1,8.7,.356,1.6,4.0,.407,1.5,4.7,.314,2.0,3.2,.647,3.7,1.8,1.4,0.3,1.6,2.5,9.7
5,3,28,862,4.8,13.6,.356,2.5,6.2,.407,2.3,7.4,.314,3.2,4.9,.647,5.7,2.7,2.2,0.4,2.5,3.8,15.2,,96.5,105.4
5,4,28,862,10.2,.477,.441,.543,.362,201,1.8,9.9,5.7,9.7,2.2,0.8,13.4,15.9,,0.5,0.7,1.2,.056,,-1.2,-1.3,-2.5
6,0,25,109,7,19,.368,7,19,.368,0,0,,2,5,.400,7,12,19,2,0,2,5,19,16
6,1,25,4.4,0.3,0.8,.368,0.3,0.8,.368,0.0,0.0,,0.1,0.2,.400,0.8,0.1,0.0,0.1,0.2,0.8,0.6
6,2,25,109,2.6,7.0,.368,2.6,7.0,.368,0.0,0.0,,0.7,1.8,.400,7.0,0.7,0.0,0.7,1.8,7.0,5.9
6,3,25,109,4.0,10.9,.368,4.0,10.9,.368,0.0,0.0,,1.1,2.9,.400,10.9,1.1,0.0,1.1,2.9,10.9,9.2,,78.1,107.6
6,4,25,109,3.1,.374,.368,.000,.263,18,7.7,14.2,10.8,3.9,0.0,2.2,19.0,13.1,,-0.1,0.1,0.0,-.003,,-7.4,-2.6,-10.0
7,0,28,765,125,266,.470,125,262,.477,0,4,.000,68,108,.630,63,130,193,38,30,39,57,86,318
7,1,28,27.3,4.5,9.5,.470,4.5,9.4,.477,0.0,0.1,.000,2.4,3.9,.630,6.9,1.4,1.1,1.4,2.0,3.1,11.4
7,2,28,765,6.5,13.9,.470,6.5,13.7,.477,0.0,0.2,.000,3.6,5.6,.630,10.1,2.0,1.6,2.0,3.0,4.5,16.6
7,3,28,765,10.2,21.7,.470,10.2,21.4,.477,0.0,0.3,.000,5.5,8.8,.630,15.7,3.1,2.4,3.2,4.6,7.0,25.9,,99.1,97.4
7,4,28,765,21.2,.501,.470,.015,.406,315,9.8,21.9,15.6,13.5,2.4,6.1,15.2,26.4,,1.0,1.2,2.2,.118,,-1.6,2.3,0.7
8,0,13,20,3,5,.600,1,1,1.000,2,4,.500,1,2,.500,3,1,4,0,0,1,1,2,9
8,1,13,1.5,0.2,0.4,.600,0.1,0.1,1.000,0.2,0.3,.500,0.1,0.2,.500,0.3,0.0,0.0,0.1,0.1,0.2,0.7
8,2,13,20,6.0,10.0,.600,2.0,2.0,1.000,4.0,8.0,.500,2.0,4.0,.500,8.0,0.0,0.0,2.0,2.0,4.0,18.0
8,3,13,20,9.4,15.6,.600,3.1,3.1,1.000,6.2,12.5,.500,3.1,6.2,.500,12.5,0.0,0.0,3.1,3.1,6.2,28.1,,133.4,109.1
8,4,13,20,25.6,.756,.800,.800,.400,8,17.9,6.4,12.4,0.0,0.0,6.0,14.4,18.8,,0.1,0.0,0.1,.179,,5.6,-6.3,-0.7
9,0,25,210,11,28,.393,8,14,.571,3,14,.214,3,4,.750,4,22,26,9,1,5,10,25,28
9,1,25,8.4,0.4,1.1,.393,0.3,0.6,.571,0.1,0.6,.214,0.1,0.2,.750,1.0,0.4,0.0,0.2,0.4,1.0,1.1
9,2,25,210,2.1,5.3,.393,1.5,2.7,.571,0.6,2.7,.214,0.6,0.8,.750,5.0,1.7,0.2,1.0,1.9,4.8,5.3
9,3,25,210,3.3,8.3,.393,2.4,4.2,.571,0.9,4.2,.214,0.9,1.2,.750,7.7,2.7,0.3,1.5,3.0,7.4,8.3,,84.6,107.1
9,4,25,210,4.7,.468,.446,.500,.143,30,2.3,13.5,7.7,8.9,0.3,2.9,25.1,10.3,,0.0,0.1,0.1,.018,,-5.1,-1.2,-6.3
10,0,17,53,2,7,.286,2,4,.500,0,3,.000,4,5,.800,0,6,6,4,2,1,5,5,8
10,1,17,3.1,0.1,0.4,.286,0.1,0.2,.500,0.0,0.2,.000,0.2,0.3,.800,0.4,0.2,0.1,0.1,0.3,0.3,0.5
10,2,17,53,1.5,5.3,.286,1.5,3.0,.500,0.0,2.3,.000,3.0,3.8,.800,4.5,3.0,1.5,0.8,3.8,3.8,6.0
10,3,17,53,2.4,8.2,.286,2.4,4.7,.500,0.0,3.5,.000,4.7,5.9,.800,7.1,4.7,2.4,1.2,5.9,5.9,9.4,,70.5,102.4
10,4,17,53,4.9,.427,.286,.429,.714,9,0.0,14.6,7.0,15.3,2.4,2.3,34.8,14.6,,-0.1,0.1,0.0,-.010,,-7.4,-0.4,-7.7
11,0,27,533,66,136,.485,46,88,.523,20,48,.417,51,61,.836,7,33,40,40,12,2,36,56,203
11,1,27,19.7,2.4,5.0,.485,1.7,3.3,.523,0.7,1.8,.417,1.9,2.3,.836,1.5,1.5,0.4,0.1,1.3,2.1,7.5
11,2,27,533,5.0,10.2,.485,3.5,6.6,.523,1.5,3.6,.417,3.8,4.6,.836,3.0,3.0,0.9,0.2,2.7,4.2,15.2
11,3,27,533,7.7,15.9,.485,5.4,10.3,.523,2.3,5.6,.417,6.0,7.1,.836,4.7,4.7,1.4,0.2,4.2,6.6,23.8,,112.5,108.0
11,4,27,533,16.0,.615,.559,.353,.449,190,1.6,8.0,4.7,18.4,1.4,0.5,17.9,20.4,,1.2,0.3,1.5,.116,,1.3,-3.8,-2.6
12,0,28,914,102,265,.385,37,99,.374,65,166,.392,46,54,.852,9,60,69,55,31,1,62,56,315
12,1,28,32.6,3.6,9.5,.385,1.3,3.5,.374,2.3,5.9,.392,1.6,1.9,.852,2.5,2.0,1.1,0.0,2.2,2.0,11.3
12,2,28,914,4.5,11.6,.385,1.6,4.3,.374,2.8,7.3,.392,2.0,2.4,.852,3.0,2.4,1.4,0.0,2.7,2.5,13.8
12,3,28,914,7.0,18.1,.385,2.5,6.8,.374,4.4,11.3,.392,3.1,3.7,.852,4.7,3.8,2.1,0.1,4.2,3.8,21.5,,99.9,106.6
12,4,28,914,12.9,.542,.508,.626,.204,290,1.2,8.5,4.7,14.3,2.1,0.1,17.6,20.8,,1.0,0.6,1.7,.072,,1.0,-2.9,-1.9
13,0,16,49,1,8,.125,1,8,.125,0,0,,1,3,.333,5,7,12,0,0,0,3,7,3
13,1,16,3.1,0.1,0.5,.125,0.1,0.5,.125,0.0,0.0,,0.1,0.2,.333,0.8,0.0,0.0,0.0,0.2,0.4,0.2
13,2,16,49,0.8,6.5,.125,0.8,6.5,.125,0.0,0.0,,0.8,2.4,.333,9.8,0.0,0.0,0.0,2.4,5.7,2.4
13,3,16,49,1.3,10.2,.125,1.3,10.2,.125,0.0,0.0,,1.3,3.8,.333,15.3,0.0,0.0,0.0,3.8,8.9,3.8,,47.5,107.2
13,4,16,49,-3.2,.159,.125,.000,.375,5,12.2,18.4,15.2,0.0,0.0,0.0,24.1,13.7,,-0.1,0.0,-0.1,-.088,,-12.8,-6.5,-19.3
14,0,9,9,0,3,.000,0,0,,0,3,.000,0,0,,0,1,1,1,0,0,0,3,0
14,1,9,1.0,0.0,0.3,.000,0.0,0.0,,0.0,0.3,.000,0.0,0.0,,0.1,0.1,0.0,0.0,0.0,0.3,0.0
14,2,9,9,0.0,13.3,.000,0.0,0.0,,0.0,13.3,.000,0.0,0.0,,4.4,4.4,0.0,0.0,0.0,13.3,0.0
14,3,9,9,0.0,20.8,.000,0.0,0.0,,0.0,20.8,.000,0.0,0.0,,6.9,6.9,0.0,0.0,0.0,20.8,0.0,,21.2,108.0
14,4,9,9,-14.4,.000,.000,1.000,.000,0,0.0,14.3,6.9,20.9,0.0,0.0,0.0,18.0,,0.0,0.0,0.0,-.187,,-10.3,-5.8,-16.2
