0,0,30,847,80,171,.468,80,169,.473,0,2,.000,121,154,.786,66,132,198,34,14,7,67,99,281
0,1,30,28.2,2.7,5.7,.468,2.7,5.6,.473,0.0,0.1,.000,4.0,5.1,.786,6.6,1.1,0.5,0.2,2.2,3.3,9.4
0,2,30,847,3.8,8.1,.468,3.8,8.0,.473,0.0,0.1,.000,5.7,7.3,.786,9.4,1.6,0.7,0.3,3.2,4.7,13.3
0,3,30,847,6.0,12.7,.468,6.0,12.6,.473,0.0,0.1,.000,9.0,11.5,.786,14.7,2.5,1.0,0.5,5.0,7.4,20.9,,105.5,100.8
0,4,30,847,16.0,.575,.468,.012,.901,291,9.5,19.5,14.4,10.1,1.0,1.0,21.5,20.3,,1.4,1.1,2.5,.119,,-1.3,-0.6,-1.8
1,0,25,202,24,59,.407,20,44,.455,4,15,.267,14,19,.737,13,24,37,6,3,0,12,13,66
1,1,25,8.1,1.0,2.4,.407,0.8,1.8,.455,0.2,0.6,.267,0.6,0.8,.737,1.5,0.2,0.1,0.0,0.5,0.5,2.6
1,2,25,202,4.8,11.7,.407,4.0,8.7,.455,0.8,3.0,.267,2.8,3.8,.737,7.3,1.2,0.6,0.0,2.4,2.6,13.1
1,3,25,202,7.5,18.4,.407,6.2,13.7,.455,1.2,4.7,.267,4.4,5.9,.737,11.5,1.9,0.9,0.0,3.7,4.1,20.6,,95.2,103.6
1,4,25,202,12.9,.485,.441,.254,.322,64,7.9,14.8,11.3,8.0,0.9,0.0,15.0,21.9,,0.1,0.2,0.3,.067,,-3.2,-3.6,-6.8
2,0,30,817,74,175,.423,38,81,.469,36,94,.383,34,55,.618,16,87,103,31,18,7,45,61,218
2,1,30,27.2,2.5,5.8,.423,1.3,2.7,.469,1.2,3.1,.383,1.1,1.8,.618,3.4,1.0,0.6,0.2,1.5,2.0,7.3
2,2,30,817,3.6,8.6,.423,1.9,4.0,.469,1.8,4.6,.383,1.7,2.7,.618,5.0,1.5,0.9,0.3,2.2,3.0,10.7
2,3,30,817,5.7,13.5,.423,2.9,6.3,.469,2.8,7.3,.383,2.6,4.2,.618,7.9,2.4,1.4,0.5,3.5,4.7,16.8,,97.3,102.6
2,4,30,817,10.9,.542,.526,.537,.314,200,2.4,13.3,7.8,9.5,1.4,1.0,18.3,16.6,,0.5,0.9,1.5,.071,,-1.2,-0.9,-2.1
3,0,30,785,72,204,.353,30,94,.319,42,110,.382,41,54,.759,9,67,76,33,20,2,55,59,227
3,1,30,26.2,2.4,6.8,.353,1.0,3.1,.319,1.4,3.7,.382,1.4,1.8,.759,2.5,1.1,0.7,0.1,1.8,2.0,7.6
3,2,30,785,3.7,10.4,.353,1.5,4.8,.319,2.1,5.6,.382,2.1,2.8,.759,3.9,1.7,1.0,0.1,2.8,3.0,11.6
3,3,30,785,5.8,16.4,.353,2.4,7.6,.319,3.4,8.8,.382,3.3,4.3,.759,6.1,2.7,1.6,0.2,4.4,4.7,18.2,,88.7,103.5
3,4,30,785,8.8,.494,.456,.539,.265,209,1.4,10.7,6.0,10.5,1.6,0.3,19.3,20.0,,0.0,0.8,0.8,.041,,-2.5,-2.0,-4.5
4,0,3,15,0,4,.000,0,2,.000,0,2,.000,0,0,,0,1,1,1,0,0,1,3,0
4,1,3,5.0,0.0,1.3,.000,0.0,0.7,.000,0.0,0.7,.000,0.0,0.0,,0.3,0.3,0.0,0.0,0.3,1.0,0.0
4,2,3,15,0.0,10.7,.000,0.0,5.3,.000,0.0,5.3,.000,0.0,0.0,,2.7,2.7,0.0,0.0,2.7,8.0,0.0
4,3,3,15,0.0,16.8,.000,0.0,8.4,.000,0.0,8.4,.000,0.0,0.0,,4.2,4.2,0.0,0.0,4.2,12.6,0.0,,11.5,107.7
4,4,3,15,-16.1,.000,.000,.500,.000,0,0.0,8.3,4.1,13.6,0.0,0.0,20.0,18.4,,-0.1,0.0,-0.1,-.232,,-15.9,-4.4,-20.2
5,0,30,369,27,75,.360,27,75,.360,0,0,,18,28,.643,15,54,69,14,2,8,18,55,72
5,1,30,12.3,0.9,2.5,.360,0.9,2.5,.360,0.0,0.0,,0.6,0.9,.643,2.3,0.5,0.1,0.3,0.6,1.8,2.4
5,2,30,369,2.9,8.1,.360,2.9,8.1,.360,0.0,0.0,,2.0,3.0,.643,7.5,1.5,0.2,0.9,2.0,6.0,7.8
5,3,30,369,4.6,12.8,.360,4.6,12.8,.360,0.0,0.0,,3.1,4.8,.643,11.8,2.4,0.3,1.4,3.1,9.4,12.3,,83.1,101.8
5,4,30,369,6.5,.408,.360,.000,.373,76,5.0,18.3,11.5,9.1,0.3,2.5,16.9,15.9,,-0.2,0.4,0.3,.030,,-6.9,-0.6,-7.5
6,0,30,797,107,247,.433,106,243,.436,1,4,.250,58,95,.611,70,145,215,37,26,38,62,91,273
6,1,30,26.6,3.6,8.2,.433,3.5,8.1,.436,0.0,0.1,.250,1.9,3.2,.611,7.2,1.2,0.9,1.3,2.1,3.0,9.1
6,2,30,797,5.4,12.4,.433,5.3,12.2,.436,0.1,0.2,.250,2.9,4.8,.611,10.8,1.9,1.3,1.9,3.1,4.6,13.7
6,3,30,797,8.5,19.5,.433,8.4,19.2,.436,0.1,0.3,.250,4.6,7.5,.611,17.0,2.9,2.1,3.0,4.9,7.2,21.6,,91.7,94.7
6,4,30,797,17.3,.467,.435,.016,.385,282,10.7,22.7,16.7,13.0,2.1,5.6,17.5,24.5,,0.3,1.5,1.8,.089,,-3.3,3.0,-0.3
7,0,8,18,4,5,.800,1,1,1.000,3,4,.750,0,0,,0,1,1,0,0,0,0,1,11
7,1,8,2.3,0.5,0.6,.800,0.1,0.1,1.000,0.4,0.5,.750,0.0,0.0,,0.1,0.0,0.0,0.0,0.0,0.1,1.4
7,2,8,18,8.9,11.1,.800,2.2,2.2,1.000,6.7,8.9,.750,0.0,0.0,,2.2,0.0,0.0,0.0,0.0,2.2,24.4
7,3,8,18,14.0,17.5,.800,3.5,3.5,1.000,10.5,14.0,.750,0.0,0.0,,3.5,0.0,0.0,0.0,0.0,3.5,38.5,,199.8,108.8
7,4,8,18,33.7,1.100,1.100,.800,.000,5,0.0,6.9,3.4,0.0,0.0,0.0,0.0,15.3,,0.1,0.0,0.1,.219,,11.7,-7.6,4.1
8,0,29,318,12,54,.222,5,22,.227,7,32,.219,16,23,.696,4,24,28,31,16,2,20,24,47
8,1,29,11.0,0.4,1.9,.222,0.2,0.8,.227,0.2,1.1,.219,0.6,0.8,.696,1.0,1.1,0.6,0.1,0.7,0.8,1.6
8,2,29,318,1.5,6.8,.222,0.6,2.8,.227,0.9,4.0,.219,2.0,2.9,.696,3.5,3.9,2.0,0.3,2.5,3.0,5.9
8,3,29,318,2.4,10.7,.222,1.0,4.4,.227,1.4,6.3,.219,3.2,4.6,.696,5.6,6.1,3.2,0.4,4.0,4.8,9.3,,76.7,100.2
8,4,29,318,6.6,.362,.287,.593,.426,58,1.5,9.4,5.4,21.5,3.2,0.7,23.6,14.7,,-0.3,0.4,0.1,.018,,-4.7,-0.6,-5.3
9,0,29,422,54,138,.391,43,98,.439,11,40,.275,39,47,.830,12,27,39,18,13,2,48,49,158
9,1,29,14.6,1.9,4.8,.391,1.5,3.4,.439,0.4,1.4,.275,1.3,1.6,.830,1.3,0.6,0.4,0.1,1.7,1.7,5.4
9,2,29,422,5.1,13.1,.391,4.1,9.3,.439,1.0,3.8,.275,3.7,4.5,.830,3.7,1.7,1.2,0.2,4.5,4.6,15.0
9,3,29,422,8.1,20.6,.391,6.4,14.6,.439,1.6,6.0,.275,5.8,7.0,.830,5.8,2.7,1.9,0.3,7.2,7.3,23.6,,84.1,103.5
9,4,29,422,9.3,.493,.431,.290,.341,147,3.5,8.0,5.7,11.7,1.9,0.6,23.0,27.2,,-0.3,0.4,0.2,.017,,-4.7,-2.9,-7.7
10,0,30,729,71,189,.376,49,124,.395,22,65,.338,20,36,.556,23,68,91,35,30,2,47,60,184
10,1,30,24.3,2.4,6.3,.376,1.6,4.1,.395,0.7,2.2,.338,0.7,1.2,.556,3.0,1.2,1.0,0.1,1.6,2.0,6.1
10,2,30,729,3.9,10.4,.376,2.7,6.8,.395,1.2,3.6,.338,1.1,2.0,.556,5.0,1.9,1.6,0.1,2.6,3.3,10.1
10,3,30,729,6.1,16.3,.376,4.2,10.7,.395,1.9,5.6,.338,1.7,3.1,.556,7.9,3.0,2.6,0.2,4.1,5.2,15.9,,84.3,100.9
10,4,30,729,9.2,.446,.434,.344,.190,181,3.9,11.6,7.7,12.2,2.6,0.3,18.6,19.2,,-0.3,0.9,0.6,.035,,-3.3,-0.5,-3.8
11,0,6,20,1,3,.333,1,2,.500,0,1,.000,2,2,1.000,1,3,4,0,0,1,0,4,4
11,1,6,3.3,0.2,0.5,.333,0.2,0.3,.500,0.0,0.2,.000,0.3,0.3,1.000,0.7,0.0,0.0,0.2,0.0,0.7,0.7
11,2,6,20,2.0,6.0,.333,2.0,4.0,.500,0.0,2.0,.000,4.0,4.0,1.000,8.0,0.0,0.0,2.0,0.0,8.0,8.0
11,3,6,20,3.2,9.5,.333,3.2,6.3,.500,0.0,3.2,.000,6.3,6.3,1.000,12.6,0.0,0.0,3.2,0.0,12.6,12.6,,124.8,100.3
11,4,6,20,11.0,.506,.333,.333,.667,4,6.1,18.7,12.3,0.0,0.0,5.8,0.0,10.9,,0.0,0.0,0.1,.125,,-4.8,-2.8,-7.5
12,0,30,686,66,180,.367,38,86,.442,28,94,.298,26,39,.667,2,44,46,51,21,4,31,38,186
12,1,30,22.9,2.2,6.0,.367,1.3,2.9,.442,0.9,3.1,.298,0.9,1.3,.667,1.5,1.7,0.7,0.1,1.0,1.3,6.2
12,2,30,686,3.8,10.5,.367,2.2,5.0,.442,1.6,5.5,.298,1.5,2.3,.667,2.7,3.0,1.2,0.2,1.8,2.2,10.8
12,3,30,686,6.1,16.5,.367,3.5,7.9,.442,2.6,8.6,.298,2.4,3.6,.667,4.2,4.7,1.9,0.4,2.8,3.5,17.1,,94.6,103.7
12,4,30,686,10.8,.468,.444,.522,.217,182,0.4,8.0,4.1,18.8,1.9,0.7,13.5,18.5,,0.3,0.7,1.0,.060,,-1.4,-2.3,-3.8
