0,0,27,750,104,200,.520,87,161,.540,17,39,.436,37,67,.552,49,90,139,28,12,5,52,71,262
0,1,27,27.8,3.9,7.4,.520,3.2,6.0,.540,0.6,1.4,.436,1.4,2.5,.552,5.1,1.0,0.4,0.2,1.9,2.6,9.7
0,2,27,750,5.5,10.7,.520,4.6,8.6,.540,0.9,2.1,.436,2.0,3.6,.552,7.4,1.5,0.6,0.3,2.8,3.8,14.0
0,3,27,750,8.9,17.1,.520,7.4,13.7,.540,1.5,3.3,.436,3.2,5.7,.552,11.9,2.4,1.0,0.4,4.4,6.1,22.4,,102.8,102.8
0,4,27,750,15.0,.565,.563,.195,.335,245,8.0,15.4,11.6,8.9,1.0,0.9,18.3,20.8,,1.0,0.9,1.9,.100,,-0.3,-1.5,-1.9
1,0,28,387,45,80,.563,44,74,.595,1,6,.167,20,39,.513,18,62,80,30,14,9,30,46,111
1,1,28,13.8,1.6,2.9,.563,1.6,2.6,.595,0.0,0.2,.167,0.7,1.4,.513,2.9,1.1,0.5,0.3,1.1,1.6,4.0
1,2,28,387,4.7,8.3,.563,4.5,7.6,.595,0.1,0.6,.167,2.1,4.0,.513,8.3,3.1,1.4,0.9,3.1,4.8,11.5
1,3,28,387,7.4,13.2,.563,7.3,12.2,.595,0.2,1.0,.167,3.3,6.4,.513,13.2,5.0,2.3,1.5,5.0,7.6,18.4,,99.7,96.7
1,4,28,387,15.7,.563,.569,.075,.488,114,5.7,20.6,12.9,17.6,2.3,3.1,23.3,18.3,,0.3,0.7,1.0,.108,,-1.9,1.8,-0.1
2,0,28,490,33,110,.300,12,53,.226,21,57,.368,19,24,.792,23,38,61,20,22,2,19,54,106
2,1,28,17.5,1.2,3.9,.300,0.4,1.9,.226,0.8,2.0,.368,0.7,0.9,.792,2.2,0.7,0.8,0.1,0.7,1.9,3.8
2,2,28,490,2.7,9.0,.300,1.0,4.3,.226,1.7,4.7,.368,1.6,2.0,.792,5.0,1.6,1.8,0.2,1.6,4.4,8.7
2,3,28,490,4.3,14.4,.300,1.6,6.9,.226,2.7,7.4,.368,2.5,3.1,.792,8.0,2.6,2.9,0.3,2.5,7.1,13.8,,95.1,100.8
2,4,28,490,9.1,.437,.395,.518,.218,110,5.7,10.0,7.8,8.3,2.9,0.6,13.5,15.8,,0.2,0.7,0.9,.072,,-1.6,-0.4,-2.0
3,0,26,187,15,29,.517,15,29,.517,0,0,,4,9,.444,14,14,28,1,2,11,11,17,34
3,1,26,7.2,0.6,1.1,.517,0.6,1.1,.517,0.0,0.0,,0.2,0.3,.444,1.1,0.0,0.1,0.4,0.4,0.7,1.3
3,2,26,187,3.2,6.2,.517,3.2,6.2,.517,0.0,0.0,,0.9,1.9,.444,6.0,0.2,0.4,2.4,2.4,3.6,7.3
3,3,26,187,5.1,9.9,.517,5.1,9.9,.517,0.0,0.0,,1.4,3.1,.444,9.6,0.3,0.7,3.8,3.8,5.8,11.6,,88.8,102.4
3,4,26,187,9.2,.511,.517,.000,.310,35,9.1,9.6,9.4,1.1,0.7,7.9,24.8,13.0,,0.0,0.2,0.2,.047,,-5.4,1.4,-4.0
4,0,28,513,47,115,.409,30,61,.492,17,54,.315,49,66,.742,11,50,61,89,41,2,53,55,160
4,1,28,18.3,1.7,4.1,.409,1.1,2.2,.492,0.6,1.9,.315,1.8,2.4,.742,2.2,3.2,1.5,0.1,1.9,2.0,5.7
4,2,28,513,3.7,9.0,.409,2.3,4.8,.492,1.3,4.2,.315,3.8,5.1,.742,4.8,6.9,3.2,0.2,4.1,4.3,12.5
4,3,28,513,5.9,14.3,.409,3.7,7.6,.492,2.1,6.7,.315,6.1,8.2,.742,7.6,11.1,5.1,0.2,6.6,6.9,20.0,,102.0,94.9
4,4,28,513,18.4,.547,.483,.470,.574,188,2.6,12.5,7.4,37.2,5.1,0.5,26.6,21.4,,0.7,1.0,1.7,.134,,1.5,0.5,2.0
5,0,21,525,41,106,.387,33,74,.446,8,32,.250,16,26,.615,15,45,60,32,17,5,23,36,106
5,1,21,25.0,2.0,5.0,.387,1.6,3.5,.446,0.4,1.5,.250,0.8,1.2,.615,2.9,1.5,0.8,0.2,1.1,1.7,5.0
5,2,21,525,3.1,8.1,.387,2.5,5.6,.446,0.6,2.4,.250,1.2,2.0,.615,4.6,2.4,1.3,0.4,1.8,2.7,8.1
5,3,21,525,5.0,12.9,.387,4.0,9.0,.446,1.0,3.9,.250,2.0,3.2,.615,7.3,3.9,2.1,0.6,2.8,4.4,12.9,,93.2,102.1
5,4,21,525,9.4,.448,.425,.302,.245,112,3.5,11.0,7.2,12.7,2.1,1.3,16.3,14.8,,0.1,0.7,0.8,.061,,-2.5,0.1,-2.3
6,0,26,144,17,35,.486,17,35,.486,0,0,,4,12,.333,9,22,31,2,2,6,15,34,38
6,1,26,5.5,0.7,1.3,.486,0.7,1.3,.486,0.0,0.0,,0.2,0.5,.333,1.2,0.1,0.1,0.2,0.6,1.3,1.5
6,2,26,144,4.7,9.7,.486,4.7,9.7,.486,0.0,0.0,,1.1,3.3,.333,8.6,0.6,0.6,1.7,4.2,9.4,10.6
6,3,26,144,7.6,15.6,.486,7.6,15.6,.486,0.0,0.0,,1.8,5.3,.333,13.8,0.9,0.9,2.7,6.7,15.1,16.9,,75.2,98.3
6,4,26,144,5.7,.467,.486,.000,.343,36,7.6,19.6,13.5,3.2,0.9,5.6,26.9,21.3,,-0.2,0.2,0.0,.006,,-9.0,-0.3,-9.3
7,0,3,7,1,1,1.000,0,0,,1,1,1.000,0,0,,0,1,1,0,0,0,0,2,3
7,1,3,2.3,0.3,0.3,1.000,0.0,0.0,,0.3,0.3,1.000,0.0,0.0,,0.3,0.0,0.0,0.0,0.0,0.7,1.0
7,2,3,7,5.7,5.7,1.000,0.0,0.0,,5.7,5.7,1.000,0.0,0.0,,5.7,0.0,0.0,0.0,0.0,11.4,17.1
7,3,3,7,9.1,9.1,1.000,0.0,0.0,,9.1,9.1,1.000,0.0,0.0,,9.1,0.0,0.0,0.0,0.0,18.3,27.4,,300.0,103.2
7,4,3,7,23.0,1.500,1.500,1.000,.000,1,0.0,18.4,8.9,0.0,0.0,0.0,0.0,7.9,,0.0,0.0,0.0,.201,,8.8,-6.9,1.8
8,0,22,181,12,31,.387,7,14,.500,5,17,.294,18,21,.857,3,13,16,7,2,0,13,21,47
8,1,22,8.2,0.5,1.4,.387,0.3,0.6,.500,0.2,0.8,.294,0.8,1.0,.857,0.7,0.3,0.1,0.0,0.6,1.0,2.1
8,2,22,181,2.7,6.9,.387,1.5,3.1,.500,1.1,3.8,.294,4.0,4.6,.857,3.5,1.5,0.4,0.0,2.9,4.6,10.4
8,3,22,181,4.2,11.0,.387,2.5,5.0,.500,1.8,6.0,.294,6.4,7.4,.857,5.7,2.5,0.7,0.0,4.6,7.4,16.6,,98.8,106.2
8,4,22,181,7.6,.574,.468,.548,.677,45,2.0,9.2,5.5,7.9,0.7,0.0,24.1,16.4,,0.1,0.2,0.3,.063,,-2.7,-3.5,-6.1
9,0,28,786,120,250,.480,120,249,.482,0,1,.000,70,123,.569,63,127,190,45,34,53,69,90,310
9,1,28,28.1,4.3,8.9,.480,4.3,8.9,.482,0.0,0.0,.000,2.5,4.4,.569,6.8,1.6,1.2,1.9,2.5,3.2,11.1
9,2,28,786,6.1,12.7,.480,6.1,12.7,.482,0.0,0.1,.000,3.6,6.3,.569,9.7,2.3,1.7,2.7,3.5,4.6,15.8
9,3,28,786,9.8,20.4,.480,9.8,20.3,.482,0.0,0.1,.000,5.7,10.0,.569,15.5,3.7,2.8,4.3,5.6,7.3,25.2,,96.5,92.7
9,4,28,786,20.5,.503,.480,.004,.492,311,9.8,20.8,15.1,14.1,2.8,9.1,18.3,26.4,,0.7,1.7,2.4,.121,,-2.2,5.4,3.2
10,0,7,48,7,18,.389,6,13,.462,1,5,.200,1,2,.500,8,9,17,1,2,3,4,13,16
10,1,7,6.9,1.0,2.6,.389,0.9,1.9,.462,0.1,0.7,.200,0.1,0.3,.500,2.4,0.1,0.3,0.4,0.6,1.9,2.3
10,2,7,48,5.8,15.0,.389,5.0,10.8,.462,0.8,4.2,.200,0.8,1.7,.500,14.2,0.8,1.7,2.5,3.3,10.8,13.3
10,3,7,48,9.3,24.0,.389,8.0,17.3,.462,1.3,6.7,.200,1.3,2.7,.500,22.7,1.3,2.7,4.0,5.3,17.3,21.3,,88.0,91.0
10,4,7,48,15.3,.422,.417,.278,.111,17,20.3,24.1,22.2,5.1,2.7,8.4,17.4,26.3,,0.0,0.1,0.1,.084,,-4.2,1.5,-2.7
11,0,28,970,108,278,.388,42,100,.420,66,178,.371,64,75,.853,10,64,74,76,21,0,34,35,346
11,1,28,34.6,3.9,9.9,.388,1.5,3.6,.420,2.4,6.4,.371,2.3,2.7,.853,2.6,2.7,0.8,0.0,1.2,1.3,12.4
11,2,28,970,4.5,11.5,.388,1.7,4.1,.420,2.7,7.3,.371,2.6,3.1,.853,3.1,3.1,0.9,0.0,1.4,1.4,14.3
11,3,28,970,7.1,18.3,.388,2.8,6.6,.420,4.4,11.7,.371,4.2,4.9,.853,4.9,5.0,1.4,0.0,2.2,2.3,22.8,,116.4,105.5
11,4,28,970,16.0,.552,.507,.640,.270,327,1.3,8.5,4.8,17.6,1.4,0.0,9.8,19.7,,2.3,0.9,3.2,.134,,3.6,-2.9,0.7
12,0,11,27,0,3,.000,0,2,.000,0,1,.000,0,2,.000,1,6,7,2,0,0,1,7,0
12,1,11,2.5,0.0,0.3,.000,0.0,0.2,.000,0.0,0.1,.000,0.0,0.2,.000,0.6,0.2,0.0,0.0,0.1,0.6,0.0
12,2,11,27,0.0,4.4,.000,0.0,3.0,.000,0.0,1.5,.000,0.0,3.0,.000,10.4,3.0,0.0,0.0,1.5,10.4,0.0
12,3,11,27,0.0,7.1,.000,0.0,4.7,.000,0.0,2.4,.000,0.0,4.7,.000,16.6,4.7,0.0,0.0,2.4,16.6,0.0,,34.4,99.4
12,4,11,27,-4.9,.000,.000,.333,.667,2,4.5,28.6,16.2,13.3,0.0,0.0,20.2,10.1,,-0.1,0.0,0.0,-.053,,-10.6,-0.6,-11.2
13,0,15,49,3,11,.273,2,8,.250,1,3,.333,1,3,.333,1,3,4,2,1,0,2,6,8
13,1,15,3.3,0.2,0.7,.273,0.1,0.5,.250,0.1,0.2,.333,0.1,0.2,.333,0.3,0.1,0.1,0.0,0.1,0.4,0.5
13,2,15,49,2.4,9.0,.273,1.6,6.5,.250,0.8,2.4,.333,0.8,2.4,.333,3.3,1.6,0.8,0.0,1.6,4.9,6.5
13,3,15,49,3.9,14.4,.273,2.6,10.4,.250,1.3,3.9,.333,1.3,3.9,.333,5.2,2.6,1.3,0.0,2.6,7.8,10.4,,71.2,105.4
13,4,15,49,1.0,.322,.318,.273,.273,8,2.5,7.9,5.1,8.2,1.3,0.0,13.9,16.2,,-0.1,0.0,0.0,-.017,,-7.1,-3.0,-10.1
14,0,4,4,0,0,,0,0,,0,0,,1,2,.500,0,1,1,0,0,0,0,0,1
14,1,4,1.0,0.0,0.0,,0.0,0.0,,0.0,0.0,,0.3,0.5,.500,0.3,0.0,0.0,0.0,0.0,0.0,0.3
14,2,4,4,0.0,0.0,,0.0,0.0,,0.0,0.0,,10.0,20.0,.500,10.0,0.0,0.0,0.0,0.0,0.0,10.0
14,3,4,4,0.0,0.0,,0.0,0.0,,0.0,0.0,,16.0,32.0,.500,16.0,0.0,0.0,0.0,0.0,0.0,16.0,,122.1,99.7
14,4,4,4,13.8,.526,,,,1,0.0,32.1,15.7,0.0,0.0,0.0,0.0,13.1,,0.0,0.0,0.0,.136,,-6.6,-6.7,-13.3
15,0,28,582,77,179,.430,51,106,.481,26,73,.356,35,54,.648,33,49,82,9,40,3,25,51,215
15,1,28,20.8,2.8,6.4,.430,1.8,3.8,.481,0.9,2.6,.356,1.3,1.9,.648,2.9,0.3,1.4,0.1,0.9,1.8,7.7
15,2,28,582,5.3,12.3,.430,3.5,7.3,.481,1.8,5.0,.356,2.4,3.7,.648,5.6,0.6,2.7,0.2,1.7,3.5,14.8
15,3,28,582,8.5,19.7,.430,5.6,11.7,.481,2.9,8.0,.356,3.8,5.9,.648,9.0,1.0,4.4,0.3,2.7,5.6,23.6,,105.4,97.2
15,4,28,582,17.6,.525,.503,.408,.302,192,6.9,10.8,8.8,3.6,4.4,0.7,10.9,21.7,,0.9,1.0,1.9,.131,,0.9,-0.8,0.1
