0,0,35,240,26,58,.448,23,40,.575,3,18,.167,15,24,.625,6,19,25,20,17,3,13,51,70
0,1,35,6.9,0.7,1.7,.448,0.7,1.1,.575,0.1,0.5,.167,0.4,0.7,.625,0.7,0.6,0.5,0.1,0.4,1.5,2.0
0,2,35,240,4.3,9.7,.448,3.8,6.7,.575,0.5,3.0,.167,2.5,4.0,.625,4.2,3.3,2.8,0.5,2.2,8.5,11.7
0,3,35,240,6.6,14.8,.448,5.9,10.2,.575,0.8,4.6,.167,3.8,6.1,.625,6.4,5.1,4.3,0.8,3.3,13.0,17.8,,103.9,98.5
0,4,35,240,12.6,.504,.474,.310,.414,72,3.1,9.6,6.3,16.1,4.3,1.4,15.8,18.0,,0.2,0.4,0.7,.114,,0.9,3.1,4.0
1,0,15,99,15,24,.625,14,20,.700,1,4,.250,3,5,.600,6,15,21,1,1,1,3,15,34
1,1,15,6.6,1.0,1.6,.625,0.9,1.3,.700,0.1,0.3,.250,0.2,0.3,.600,1.4,0.1,0.1,0.1,0.2,1.0,2.3
1,2,15,99,6.1,9.7,.625,5.7,8.1,.700,0.4,1.6,.250,1.2,2.0,.600,8.5,0.4,0.4,0.4,1.2,6.1,13.7
1,3,15,99,9.3,14.8,.625,8.6,12.4,.700,0.6,2.5,.250,1.9,3.1,.600,13.0,0.6,0.6,0.6,1.9,9.3,21.0,,125.0,103.8
1,4,15,99,16.1,.645,.646,.167,.208,29,7.4,18.4,12.9,2.1,0.6,1.1,10.2,15.5,,0.2,0.1,0.4,.144,,1.2,-1.0,0.2
2,0,33,559,72,137,.526,72,137,.526,0,0,,44,65,.677,47,68,115,25,12,12,33,85,188
2,1,33,16.9,2.2,4.2,.526,2.2,4.2,.526,0.0,0.0,,1.3,2.0,.677,3.5,0.8,0.4,0.4,1.0,2.6,5.7
2,2,33,559,5.2,9.8,.526,5.2,9.8,.526,0.0,0.0,,3.1,4.7,.677,8.2,1.8,0.9,0.9,2.4,6.1,13.5
2,3,33,559,7.9,15.0,.526,7.9,15.0,.526,0.0,0.0,,4.8,7.1,.677,12.6,2.7,1.3,1.3,3.6,9.3,20.6,,111.6,103.0
2,4,33,559,15.5,.560,.526,.000,.474,193,10.3,14.8,12.5,9.0,1.3,2.4,16.4,18.8,,1.0,0.8,1.8,.127,,1.0,2.2,3.2
3,0,37,1107,149,308,.484,107,202,.530,42,106,.396,100,131,.763,84,191,275,86,33,10,53,93,440
3,1,37,29.9,4.0,8.3,.484,2.9,5.5,.530,1.1,2.9,.396,2.7,3.5,.763,7.4,2.3,0.9,0.3,1.4,2.5,11.9
3,2,37,1107,5.4,11.1,.484,3.9,7.3,.530,1.5,3.8,.396,3.6,4.7,.763,9.9,3.1,1.2,0.4,1.9,3.4,15.9
3,3,37,1107,8.2,17.0,.484,5.9,11.2,.530,2.3,5.9,.396,5.5,7.2,.763,15.2,4.8,1.8,0.6,2.9,5.1,24.3,,125.1,100.6
3,4,37,1107,22.0,.594,.552,.344,.425,453,9.3,20.9,15.1,15.8,1.8,1.0,12.5,20.0,,3.5,1.8,5.3,.192,,6.2,2.9,9.1
4,0,37,994,148,299,.495,121,233,.519,27,66,.409,92,136,.676,87,117,204,60,20,13,59,60,415
4,1,37,26.9,4.0,8.1,.495,3.3,6.3,.519,0.7,1.8,.409,2.5,3.7,.676,5.5,1.6,0.5,0.4,1.6,1.6,11.2
4,2,37,994,6.0,12.0,.495,4.9,9.4,.519,1.1,2.7,.409,3.7,5.5,.676,8.2,2.4,0.8,0.5,2.4,2.4,16.7
4,3,37,994,9.1,18.4,.495,7.4,14.3,.519,1.7,4.1,.409,5.7,8.4,.676,12.6,3.7,1.2,0.8,3.6,3.7,25.5,,116.9,104.3
4,4,37,994,20.2,.571,.540,.221,.455,418,10.7,14.3,12.5,12.6,1.2,1.5,14.0,22.2,,2.6,1.3,3.9,.156,,4.3,1.6,5.9
5,0,37,316,34,62,.548,34,60,.567,0,2,.000,15,46,.326,15,32,47,9,11,11,21,52,83
5,1,37,8.5,0.9,1.7,.548,0.9,1.6,.567,0.0,0.1,.000,0.4,1.2,.326,1.3,0.2,0.3,0.3,0.6,1.4,2.2
5,2,37,316,4.3,7.8,.548,4.3,7.6,.567,0.0,0.3,.000,1.9,5.8,.326,5.9,1.1,1.4,1.4,2.7,6.6,10.5
5,3,37,316,6.6,12.0,.548,6.6,11.6,.567,0.0,0.4,.000,2.9,8.9,.326,9.1,1.7,2.1,2.1,4.1,10.1,16.1,,89.6,101.2
5,4,37,316,9.5,.495,.548,.032,.742,79,5.8,12.3,9.1,5.5,2.1,3.9,20.0,17.4,,-0.1,0.5,0.4,.056,,-2.8,3.2,0.5
6,0,37,829,65,164,.396,19,46,.413,46,118,.390,53,60,.883,3,49,52,66,24,2,41,78,229
6,1,37,22.4,1.8,4.4,.396,0.5,1.2,.413,1.2,3.2,.390,1.4,1.6,.883,1.4,1.8,0.6,0.1,1.1,2.1,6.2
6,2,37,829,3.1,7.9,.396,0.9,2.2,.413,2.2,5.7,.390,2.6,2.9,.883,2.5,3.2,1.2,0.1,2.0,3.8,11.0
6,3,37,829,4.8,12.1,.396,1.4,3.4,.413,3.4,8.7,.390,3.9,4.4,.883,3.8,4.9,1.8,0.1,3.0,5.8,16.9,,115.7,106.3
6,4,37,829,11.3,.595,.537,.720,.366,224,0.4,7.2,3.8,14.5,1.8,0.3,17.6,14.7,,1.3,0.9,2.3,.109,,3.1,0.4,3.5
7,0,36,457,52,126,.413,47,117,.402,5,9,.556,47,71,.662,39,62,101,9,12,13,31,52,156
7,1,36,12.7,1.4,3.5,.413,1.3,3.3,.402,0.1,0.3,.556,1.3,2.0,.662,2.8,0.3,0.3,0.4,0.9,1.4,4.3
7,2,36,457,4.6,11.0,.413,4.1,10.2,.402,0.4,0.8,.556,4.1,6.2,.662,8.8,0.8,1.1,1.1,2.7,4.6,13.7
7,3,36,457,7.0,16.9,.413,6.3,15.7,.402,0.7,1.2,.556,6.3,9.5,.662,13.5,1.2,1.6,1.7,4.1,7.0,20.9,,99.2,101.4
7,4,36,457,13.6,.488,.433,.071,.563,157,10.4,16.5,13.5,3.8,1.6,3.2,16.3,21.8,,0.3,0.7,1.0,.092,,-2.4,1.3,-1.1
8,0,37,800,134,299,.448,115,236,.487,19,63,.302,67,96,.698,16,83,99,66,27,11,52,59,354
8,1,37,21.6,3.6,8.1,.448,3.1,6.4,.487,0.5,1.7,.302,1.8,2.6,.698,2.7,1.8,0.7,0.3,1.4,1.6,9.6
8,2,37,800,6.7,15.0,.448,5.8,11.8,.487,1.0,3.2,.302,3.4,4.8,.698,5.0,3.3,1.4,0.6,2.6,3.0,17.7
8,3,37,800,10.2,22.9,.448,8.8,18.0,.487,1.5,4.8,.302,5.1,7.3,.698,7.6,5.0,2.1,0.8,4.0,4.5,27.1,,105.0,103.0
8,4,37,800,17.1,.514,.480,.211,.321,335,2.4,12.6,7.5,17.9,2.1,1.5,13.1,25.9,,1.2,1.1,2.3,.117,,1.0,1.3,2.3
9,0,35,441,44,78,.564,44,78,.564,0,0,,31,51,.608,24,70,94,15,8,10,38,76,119
9,1,35,12.6,1.3,2.2,.564,1.3,2.2,.564,0.0,0.0,,0.9,1.5,.608,2.7,0.4,0.2,0.3,1.1,2.2,3.4
9,2,35,441,4.0,7.1,.564,4.0,7.1,.564,0.0,0.0,,2.8,4.6,.608,8.5,1.4,0.7,0.9,3.4,6.9,10.8
9,3,35,441,6.1,10.8,.564,6.1,10.8,.564,0.0,0.0,,4.3,7.1,.608,13.0,2.1,1.1,1.4,5.3,10.5,16.5,,96.3,101.5
9,4,35,441,10.3,.582,.564,.000,.654,118,6.7,19.3,13.0,6.4,1.1,2.6,27.1,16.6,,0.1,0.7,0.8,.077,,-2.2,2.5,0.3
10,0,37,963,147,323,.455,64,128,.500,83,195,.426,74,104,.712,14,70,84,55,30,4,46,64,451
10,1,37,26.0,4.0,8.7,.455,1.7,3.5,.500,2.2,5.3,.426,2.0,2.8,.712,2.3,1.5,0.8,0.1,1.2,1.7,12.2
10,2,37,963,6.1,13.4,.455,2.7,5.3,.500,3.4,8.1,.426,3.1,4.3,.712,3.5,2.3,1.2,0.2,1.9,2.7,18.7
10,3,37,963,9.3,20.5,.455,4.1,8.1,.500,5.3,12.4,.426,4.7,6.6,.712,5.3,3.5,1.9,0.3,2.9,4.1,28.6,,120.7,105.4
10,4,37,963,19.0,.606,.584,.604,.322,393,1.8,8.8,5.3,12.0,1.9,0.5,11.0,22.7,,2.7,1.2,3.9,.160,,6.2,-0.3,6.0
11,0,37,640,49,139,.353,32,77,.416,17,62,.274,17,30,.567,4,43,47,73,27,5,41,50,132
11,1,37,17.3,1.3,3.8,.353,0.9,2.1,.416,0.5,1.7,.274,0.5,0.8,.567,1.3,2.0,0.7,0.1,1.1,1.4,3.6
11,2,37,640,3.1,8.7,.353,2.0,4.8,.416,1.1,3.9,.274,1.1,1.9,.567,2.9,4.6,1.7,0.3,2.6,3.1,8.3
11,3,37,640,4.7,13.3,.353,3.1,7.4,.416,1.6,5.9,.274,1.6,2.9,.567,4.5,7.0,2.6,0.5,3.9,4.8,12.6,,90.6,103.9
11,4,37,640,8.1,.431,.414,.446,.216,153,0.8,8.2,4.5,20.7,2.6,0.9,21.1,15.9,,-0.1,0.9,0.8,.049,,-1.3,1.5,0.2
12,0,3,2,0,0,,0,0,,0,0,,0,0,,0,0,0,0,0,0,0,0,0
12,1,3,0.7,0.0,0.0,,0.0,0.0,,0.0,0.0,,0.0,0.0,,0.0,0.0,0.0,0.0,0.0,0.0,0.0
12,2,3,2,0.0,0.0,,0.0,0.0,,0.0,0.0,,0.0,0.0,,0.0,0.0,0.0,0.0,0.0,0.0,0.0
12,3,3,2,0.0,0.0,,0.0,0.0,,0.0,0.0,,0.0,0.0,,0.0,0.0,0.0,0.0,0.0,0.0,0.0,,,113.6
12,4,3,2,0.0,,,,,0,0.0,0.0,0.0,0.0,0.0,0.0,,0.0,,0.0,0.0,0.0,.018,,-2.9,1.9,-1.0
13,0,3,3,0,1,.000,0,0,,0,1,.000,0,0,,0,0,0,0,0,1,0,0,0
13,1,3,1.0,0.0,0.3,.000,0.0,0.0,,0.0,0.3,.000,0.0,0.0,,0.0,0.0,0.0,0.3,0.0,0.0,0.0
13,2,3,3,0.0,13.3,.000,0.0,0.0,,0.0,13.3,.000,0.0,0.0,,0.0,0.0,0.0,13.3,0.0,0.0,0.0
13,3,3,3,0.0,20.4,.000,0.0,0.0,,0.0,20.4,.000,0.0,0.0,,0.0,0.0,0.0,20.4,0.0,0.0,0.0,,0.0,93.2
13,4,3,3,0.0,.000,.000,1.000,.000,0,0.0,0.0,0.0,0.0,0.0,37.5,0.0,17.4,,0.0,0.0,0.0,-.133,,-12.7,17.6,4.9
