0,0,31,633,31,95,.326,14,36,.389,17,59,.288,23,29,.793,22,28,50,28,6,6,17,56,102
0,1,31,20.4,1.0,3.1,.326,0.5,1.2,.389,0.5,1.9,.288,0.7,0.9,.793,1.6,0.9,0.2,0.2,0.5,1.8,3.3
0,2,31,633,2.0,6.0,.326,0.9,2.3,.389,1.1,3.7,.288,1.5,1.8,.793,3.2,1.8,0.4,0.4,1.1,3.5,6.4
0,3,31,633,3.1,9.5,.326,1.4,3.6,.389,1.7,5.9,.288,2.3,2.9,.793,5.0,2.8,0.6,0.6,1.7,5.6,10.2,,102.5,112.2
0,4,31,633,6.8,.469,.416,.621,.305,112,4.2,5.1,4.7,9.2,0.6,1.0,13.5,11.0,,0.4,0.2,0.6,.039,,-1.1,-0.6,-1.7
1,0,20,449,57,117,.487,57,117,.487,0,0,,35,60,.583,32,71,103,11,3,8,26,56,149
1,1,20,22.5,2.9,5.9,.487,2.9,5.9,.487,0.0,0.0,,1.8,3.0,.583,5.2,0.6,0.2,0.4,1.3,2.8,7.5
1,2,20,449,5.1,10.4,.487,5.1,10.4,.487,0.0,0.0,,3.1,5.3,.583,9.2,1.0,0.3,0.7,2.3,5.0,13.3
1,3,20,449,8.1,16.6,.487,8.1,16.6,.487,0.0,0.0,,5.0,8.5,.583,14.6,1.6,0.4,1.1,3.7,7.9,21.1,,99.8,105.7
1,4,20,449,14.4,.512,.487,.000,.513,146,8.6,18.2,13.6,6.1,0.4,1.8,15.2,21.1,,0.5,0.4,0.9,.077,,-3.1,-0.8,-3.9
2,0,31,1105,134,351,.382,50,130,.385,84,221,.380,144,170,.847,19,95,114,74,27,1,65,75,496
2,1,31,35.6,4.3,11.3,.382,1.6,4.2,.385,2.7,7.1,.380,4.6,5.5,.847,3.7,2.4,0.9,0.0,2.1,2.4,16.0
2,2,31,1105,4.9,12.7,.382,1.8,4.7,.385,3.0,8.0,.380,5.2,6.2,.847,4.1,2.7,1.0,0.0,2.4,2.7,18.0
2,3,31,1105,7.7,20.2,.382,2.9,7.5,.385,4.8,12.7,.380,8.3,9.8,.847,6.6,4.3,1.6,0.1,3.7,4.3,28.5,,113.6,108.4
2,4,31,1105,19.2,.574,.501,.630,.484,465,2.1,9.9,6.1,16.4,1.6,0.1,13.1,24.8,,3.1,0.7,3.8,.136,,5.4,-1.6,3.8
3,0,17,104,4,13,.308,4,5,.800,0,8,.000,5,6,.833,3,7,10,7,3,0,4,20,13
3,1,17,6.1,0.2,0.8,.308,0.2,0.3,.800,0.0,0.5,.000,0.3,0.4,.833,0.6,0.4,0.2,0.0,0.2,1.2,0.8
3,2,17,104,1.5,5.0,.308,1.5,1.9,.800,0.0,3.1,.000,1.9,2.3,.833,3.8,2.7,1.2,0.0,1.5,7.7,5.0
3,3,17,104,2.4,7.9,.308,2.4,3.1,.800,0.0,4.9,.000,3.1,3.7,.833,6.1,4.3,1.8,0.0,2.4,12.2,7.9,,91.1,108.2
3,4,17,104,4.5,.410,.308,.615,.462,17,3.5,7.8,5.7,13.7,1.8,0.0,20.2,10.5,,0.0,0.1,0.1,.029,,-2.8,-0.5,-3.3
4,0,20,473,54,164,.329,27,78,.346,27,86,.314,17,24,.708,19,43,62,10,5,2,19,41,152
4,1,20,23.7,2.7,8.2,.329,1.4,3.9,.346,1.4,4.3,.314,0.9,1.2,.708,3.1,0.5,0.3,0.1,1.0,2.1,7.6
4,2,20,473,4.6,13.9,.329,2.3,6.6,.346,2.3,7.3,.314,1.4,2.0,.708,5.2,0.8,0.4,0.2,1.6,3.5,12.9
4,3,20,473,7.3,22.0,.329,3.6,10.5,.346,3.6,11.6,.314,2.3,3.2,.708,8.3,1.3,0.7,0.3,2.6,5.5,20.4,,90.4,109.8
4,4,20,473,9.1,.433,.412,.524,.146,141,4.9,10.5,7.7,5.1,0.7,0.4,9.8,22.7,,0.0,0.2,0.3,.024,,-2.3,-3.0,-5.3
5,0,29,853,97,208,.466,97,208,.466,0,0,,50,78,.641,48,163,211,17,19,87,43,99,244
5,1,29,29.4,3.3,7.2,.466,3.3,7.2,.466,0.0,0.0,,1.7,2.7,.641,7.3,0.6,0.7,3.0,1.5,3.4,8.4
5,2,29,853,4.5,9.8,.466,4.5,9.8,.466,0.0,0.0,,2.3,3.7,.641,9.9,0.8,0.9,4.1,2.0,4.6,11.4
5,3,29,853,7.2,15.5,.466,7.2,15.5,.466,0.0,0.0,,3.7,5.8,.641,15.7,1.3,1.4,6.5,3.2,7.4,18.2,,97.3,97.1
5,4,29,853,17.8,.498,.466,.000,.375,237,6.8,22.0,14.6,4.8,1.4,10.5,14.9,18.7,,0.6,1.5,2.0,.096,,-3.9,5.9,2.0
6,0,9,67,3,11,.273,3,9,.333,0,2,.000,2,2,1.000,8,13,21,5,1,4,6,12,8
6,1,9,7.4,0.3,1.2,.273,0.3,1.0,.333,0.0,0.2,.000,0.2,0.2,1.000,2.3,0.6,0.1,0.4,0.7,1.3,0.9
6,2,9,67,1.8,6.6,.273,1.8,5.4,.333,0.0,1.2,.000,1.2,1.2,1.000,12.5,3.0,0.6,2.4,3.6,7.2,4.8
6,3,9,67,2.8,10.4,.273,2.8,8.5,.333,0.0,1.9,.000,1.9,1.9,1.000,19.9,4.7,0.9,3.8,5.7,11.4,7.6,,77.4,100.0
6,4,9,67,8.6,.335,.273,.182,.182,14,14.5,22.4,18.5,15.4,0.9,6.1,33.4,14.8,,-0.1,0.1,0.0,.017,,-5.7,4.4,-1.3
7,0,28,524,35,88,.398,16,39,.410,19,49,.388,17,31,.548,6,26,32,60,11,1,28,54,106
7,1,28,18.7,1.3,3.1,.398,0.6,1.4,.410,0.7,1.8,.388,0.6,1.1,.548,1.1,2.1,0.4,0.0,1.0,1.9,3.8
7,2,28,524,2.7,6.7,.398,1.2,3.0,.410,1.5,3.7,.388,1.3,2.4,.548,2.4,4.6,0.8,0.1,2.1,4.1,8.1
7,3,28,524,4.2,10.7,.398,1.9,4.7,.410,2.3,5.9,.388,2.1,3.8,.548,3.9,7.3,1.3,0.1,3.4,6.6,12.9,,101.7,110.6
7,4,28,524,9.3,.516,.506,.557,.352,122,1.4,5.7,3.6,24.7,1.3,0.2,21.4,13.8,,0.5,0.2,0.7,.051,,-0.9,-2.4,-3.3
8,0,1,1,0,1,.000,0,1,.000,0,0,,0,0,,1,0,1,1,0,0,0,2,0
8,1,1,1.0,0.0,1.0,.000,0.0,1.0,.000,0.0,0.0,,0.0,0.0,,1.0,1.0,0.0,0.0,0.0,2.0,0.0
8,2,1,1,0.0,40.0,.000,0.0,40.0,.000,0.0,0.0,,0.0,0.0,,40.0,40.0,0.0,0.0,0.0,80.0,0.0
8,3,1,1,0.0,63.6,.000,0.0,63.6,.000,0.0,0.0,,0.0,0.0,,63.6,63.6,0.0,0.0,0.0,127.1,0.0,,89.8,106.4
8,4,1,1,7.0,.000,.000,.000,.000,1,100.0,0.0,59.1,100.0,0.0,0.0,0.0,55.2,,0.0,0.0,0.0,.038,,23.6,22.3,45.9
9,0,7,8,3,5,.600,2,3,.667,1,2,.500,0,2,.000,0,0,0,0,0,0,1,1,7
9,1,7,1.1,0.4,0.7,.600,0.3,0.4,.667,0.1,0.3,.500,0.0,0.3,.000,0.0,0.0,0.0,0.0,0.1,0.1,1.0
9,2,7,8,15.0,25.0,.600,10.0,15.0,.667,5.0,10.0,.500,0.0,10.0,.000,0.0,0.0,0.0,0.0,5.0,5.0,35.0
9,3,7,8,23.8,39.7,.600,15.9,23.8,.667,7.9,15.9,.500,0.0,15.9,.000,0.0,0.0,0.0,0.0,7.9,7.9,55.6,,83.8,116.3
9,4,7,8,22.7,.588,.700,.400,.400,4,0.0,0.0,0.0,0.0,0.0,0.0,14.4,48.0,,0.0,0.0,0.0,-.049,,-0.4,-12.1,-12.6
10,0,20,326,32,78,.410,32,77,.416,0,1,.000,27,39,.692,23,29,52,5,4,6,15,59,91
10,1,20,16.3,1.6,3.9,.410,1.6,3.9,.416,0.0,0.1,.000,1.4,2.0,.692,2.6,0.3,0.2,0.3,0.8,3.0,4.6
10,2,20,326,3.9,9.6,.410,3.9,9.4,.416,0.0,0.1,.000,3.3,4.8,.692,6.4,0.6,0.5,0.7,1.8,7.2,11.2
10,3,20,326,6.2,15.2,.410,6.2,15.0,.416,0.0,0.2,.000,5.3,7.6,.692,10.1,1.0,0.8,1.2,2.9,11.5,17.7,,97.4,108.4
10,4,20,326,9.8,.471,.410,.013,.500,92,8.6,10.2,9.4,3.5,0.8,1.9,13.4,18.9,,0.2,0.2,0.4,.054,,-3.9,-1.2,-5.0
11,0,31,614,59,128,.461,58,127,.457,1,1,1.000,37,62,.597,37,117,154,16,8,6,29,69,156
11,1,31,19.8,1.9,4.1,.461,1.9,4.1,.457,0.0,0.0,1.000,1.2,2.0,.597,5.0,0.5,0.3,0.2,0.9,2.2,5.0
11,2,31,614,3.8,8.3,.461,3.8,8.3,.457,0.1,0.1,1.000,2.4,4.0,.597,10.0,1.0,0.5,0.4,1.9,4.5,10.2
11,3,31,614,6.1,13.3,.461,6.0,13.1,.457,0.1,0.1,1.000,3.8,6.4,.597,15.9,1.7,0.8,0.6,3.0,7.1,16.2,,98.5,103.5
11,4,31,614,12.4,.495,.465,.008,.484,158,7.3,22.0,14.8,6.0,0.8,1.0,15.6,16.8,,0.5,0.7,1.1,.073,,-3.7,0.0,-3.7
12,0,4,3,1,2,.500,0,0,,1,2,.500,0,0,,1,0,1,0,1,0,0,0,3
12,1,4,0.8,0.3,0.5,.500,0.0,0.0,,0.3,0.5,.500,0.0,0.0,,0.3,0.0,0.3,0.0,0.0,0.0,0.8
12,2,4,3,13.3,26.7,.500,0.0,0.0,,13.3,26.7,.500,0.0,0.0,,13.3,0.0,13.3,0.0,0.0,0.0,40.0
12,3,4,3,21.2,42.4,.500,0.0,0.0,,21.2,42.4,.500,0.0,0.0,,21.2,0.0,21.2,0.0,0.0,0.0,63.6,,149.1,70.7
12,4,4,3,82.3,.750,.750,1.000,.000,2,40.4,0.0,19.7,0.0,21.2,0.0,0.0,36.8,,0.0,0.0,0.0,.546,,34.9,3.3,38.1
13,0,31,1036,149,319,.467,119,234,.509,30,85,.353,83,135,.615,28,105,133,88,21,4,98,59,411
13,1,31,33.4,4.8,10.3,.467,3.8,7.5,.509,1.0,2.7,.353,2.7,4.4,.615,4.3,2.8,0.7,0.1,3.2,1.9,13.3
13,2,31,1036,5.8,12.3,.467,4.6,9.0,.509,1.2,3.3,.353,3.2,5.2,.615,5.1,3.4,0.8,0.2,3.8,2.3,15.9
13,3,31,1036,9.1,19.6,.467,7.3,14.4,.509,1.8,5.2,.353,5.1,8.3,.615,8.2,5.4,1.3,0.2,6.0,3.6,25.2,,97.2,108.0
13,4,31,1036,15.6,.536,.514,.266,.423,404,3.3,11.7,7.6,22.0,1.3,0.4,20.4,25.7,,1.0,0.7,1.7,.065,,0.4,-0.6,-0.2
14,0,14,44,3,10,.300,1,4,.250,2,6,.333,3,3,1.000,1,5,6,1,6,0,5,8,11
14,1,14,3.1,0.2,0.7,.300,0.1,0.3,.250,0.1,0.4,.333,0.2,0.2,1.000,0.4,0.1,0.4,0.0,0.4,0.6,0.8
14,2,14,44,2.7,9.1,.300,0.9,3.6,.250,1.8,5.5,.333,2.7,2.7,1.000,5.5,0.9,5.5,0.0,4.5,7.3,10.0
14,3,14,44,4.3,14.4,.300,1.4,5.8,.250,2.9,8.7,.333,4.3,4.3,1.000,8.7,1.4,8.7,0.0,7.2,11.6,15.9,,74.5,90.8
14,4,14,44,10.1,.481,.400,.600,.300,10,2.8,13.1,8.1,4.9,8.7,0.0,30.4,20.6,,-0.1,0.1,0.0,.034,,-4.0,4.6,0.6
15,0,7,10,1,3,.333,1,2,.500,0,1,.000,0,0,,1,1,2,0,0,0,0,2,2
15,1,7,1.4,0.1,0.4,.333,0.1,0.3,.500,0.0,0.1,.000,0.0,0.0,,0.3,0.0,0.0,0.0,0.0,0.3,0.3
15,2,7,10,4.0,12.0,.333,4.0,8.0,.500,0.0,4.0,.000,0.0,0.0,,8.0,0.0,0.0,0.0,0.0,8.0,8.0
15,3,7,10,6.4,19.1,.333,6.4,12.7,.500,0.0,6.4,.000,0.0,0.0,,12.7,0.0,0.0,0.0,0.0,12.7,12.7,,89.1,110.4
15,4,7,10,5.1,.333,.333,.333,.000,2,12.1,11.5,11.8,0.0,0.0,0.0,0.0,16.6,,0.0,0.0,0.0,.016,,-5.5,-6.6,-12.2
