0,0,31,949,97,259,.375,29,59,.492,68,200,.340,14,21,.667,19,71,90,24,15,8,33,70,276
0,1,31,30.6,3.1,8.4,.375,0.9,1.9,.492,2.2,6.5,.340,0.5,0.7,.667,2.9,0.8,0.5,0.3,1.1,2.3,8.9
0,2,31,949,4.1,10.9,.375,1.2,2.5,.492,2.9,8.4,.340,0.6,0.9,.667,3.8,1.0,0.6,0.3,1.4,3.0,11.6
0,3,31,949,6.1,16.2,.375,1.8,3.7,.492,4.3,12.5,.340,0.9,1.3,.667,5.6,1.5,0.9,0.5,2.1,4.4,17.3,,102.7,106.1
0,4,31,949,10.2,.513,.506,.772,.081,249,2.3,7.5,5.1,5.4,0.9,0.8,10.9,16.5,,1.0,0.8,1.7,.073,,1.6,-2.0,-0.4
1,0,32,830,102,193,.528,102,193,.528,0,0,,75,107,.701,56,94,150,18,5,18,48,95,279
1,1,32,25.9,3.2,6.0,.528,3.2,6.0,.528,0.0,0.0,,2.3,3.3,.701,4.7,0.6,0.2,0.6,1.5,3.0,8.7
1,2,32,830,4.9,9.3,.528,4.9,9.3,.528,0.0,0.0,,3.6,5.2,.701,7.2,0.9,0.2,0.9,2.3,4.6,13.4
1,3,32,830,7.3,13.8,.528,7.3,13.8,.528,0.0,0.0,,5.4,7.7,.701,10.8,1.3,0.4,1.3,3.4,6.8,20.0,,109.0,104.4
1,4,32,830,14.8,.572,.528,.000,.554,274,7.8,11.4,9.7,4.8,0.4,2.0,16.4,18.2,,1.5,0.8,2.3,.109,,-0.4,-1.2,-1.6
2,0,32,998,155,283,.548,155,283,.548,0,0,,86,129,.667,86,268,354,28,21,95,73,107,396
2,1,32,31.2,4.8,8.8,.548,4.8,8.8,.548,0.0,0.0,,2.7,4.0,.667,11.1,0.9,0.7,3.0,2.3,3.3,12.4
2,2,32,998,6.2,11.3,.548,6.2,11.3,.548,0.0,0.0,,3.4,5.2,.667,14.2,1.1,0.8,3.8,2.9,4.3,15.9
2,3,32,998,9.2,16.9,.548,9.2,16.9,.548,0.0,0.0,,5.1,7.7,.667,21.1,1.7,1.3,5.7,4.4,6.4,23.6,,107.8,89.9
2,4,32,998,24.5,.575,.548,.000,.456,391,10.0,27.1,19.1,6.7,1.3,8.8,17.5,21.6,,2.0,2.3,4.3,.174,,-0.4,4.3,3.9
3,0,32,946,57,151,.377,47,110,.427,10,41,.244,42,65,.646,15,44,59,83,34,5,63,67,166
3,1,32,29.6,1.8,4.7,.377,1.5,3.4,.427,0.3,1.3,.244,1.3,2.0,.646,1.8,2.6,1.1,0.2,2.0,2.1,5.2
3,2,32,946,2.4,6.4,.377,2.0,4.7,.427,0.4,1.7,.244,1.8,2.7,.646,2.5,3.5,1.4,0.2,2.7,2.8,7.0
3,3,32,946,3.6,9.5,.377,3.0,6.9,.427,0.6,2.6,.244,2.6,4.1,.646,3.7,5.2,2.1,0.3,4.0,4.2,10.4,,86.9,105.3
3,4,32,946,7.3,.456,.411,.272,.430,194,1.8,4.7,3.4,17.2,2.1,0.5,25.7,13.4,,-0.1,0.8,0.7,.029,,-2.1,-0.5,-2.6
4,0,8,7,1,8,.125,0,0,,1,8,.125,1,2,.500,0,0,0,2,0,0,0,0,4
4,1,8,0.9,0.1,1.0,.125,0.0,0.0,,0.1,1.0,.125,0.1,0.3,.500,0.0,0.3,0.0,0.0,0.0,0.0,0.5
4,2,8,7,5.7,45.7,.125,0.0,0.0,,5.7,45.7,.125,5.7,11.4,.500,0.0,11.4,0.0,0.0,0.0,0.0,22.9
4,3,8,7,8.5,68.0,.125,0.0,0.0,,8.5,68.0,.125,8.5,17.0,.500,0.0,17.0,0.0,0.0,0.0,0.0,34.0,,66.8,113.3
4,4,8,7,-1.7,.223,.188,1.000,.250,5,0.0,0.0,0.0,66.6,0.0,0.0,0.0,66.1,,0.0,0.0,0.0,-.253,,10.2,-11.3,-1.1
5,0,29,263,15,39,.385,15,38,.395,0,1,.000,11,20,.550,11,30,41,7,0,8,6,34,41
5,1,29,9.1,0.5,1.3,.385,0.5,1.3,.395,0.0,0.0,.000,0.4,0.7,.550,1.4,0.2,0.0,0.3,0.2,1.2,1.4
5,2,29,263,2.3,5.9,.385,2.3,5.8,.395,0.0,0.2,.000,1.7,3.0,.550,6.2,1.1,0.0,1.2,0.9,5.2,6.2
5,3,29,263,3.4,8.8,.385,3.4,8.6,.395,0.0,0.2,.000,2.5,4.5,.550,9.3,1.6,0.0,1.8,1.4,7.7,9.3,,95.6,104.6
5,4,29,263,6.7,.423,.385,.026,.513,45,4.8,11.5,8.4,5.2,0.0,2.8,11.0,10.7,,0.1,0.2,0.3,.051,,-3.8,-0.4,-4.2
6,0,32,450,26,63,.413,26,63,.413,0,0,,24,50,.480,26,70,96,13,5,1,22,59,76
6,1,32,14.1,0.8,2.0,.413,0.8,2.0,.413,0.0,0.0,,0.8,1.6,.480,3.0,0.4,0.2,0.0,0.7,1.8,2.4
6,2,32,450,2.3,5.6,.413,2.3,5.6,.413,0.0,0.0,,2.1,4.4,.480,8.5,1.2,0.4,0.1,2.0,5.2,6.8
6,3,32,450,3.4,8.3,.413,3.4,8.3,.413,0.0,0.0,,3.2,6.6,.480,12.7,1.7,0.7,0.1,2.9,7.8,10.1,,88.6,102.1
6,4,32,450,6.7,.438,.413,.000,.794,87,6.7,15.7,11.5,5.6,0.7,0.2,20.2,12.5,,0.0,0.5,0.5,.046,,-3.9,-0.9,-4.8
7,0,6,5,0,2,.000,0,1,.000,0,1,.000,0,0,,1,0,1,0,0,0,0,2,0
7,1,6,0.8,0.0,0.3,.000,0.0,0.2,.000,0.0,0.2,.000,0.0,0.0,,0.2,0.0,0.0,0.0,0.0,0.3,0.0
7,2,6,5,0.0,16.0,.000,0.0,8.0,.000,0.0,8.0,.000,0.0,0.0,,8.0,0.0,0.0,0.0,0.0,16.0,0.0
7,3,6,5,0.0,23.8,.000,0.0,11.9,.000,0.0,11.9,.000,0.0,0.0,,11.9,0.0,0.0,0.0,0.0,23.8,0.0,,34.6,111.3
7,4,6,5,-15.6,.000,.000,.500,.000,1,23.1,0.0,10.8,0.0,0.0,0.0,0.0,20.7,,0.0,0.0,0.0,-.197,,-10.9,-9.0,-19.9
8,0,32,1130,193,493,.391,134,303,.442,59,190,.311,158,197,.802,22,108,130,56,24,11,102,82,603
8,1,32,35.3,6.0,15.4,.391,4.2,9.5,.442,1.8,5.9,.311,4.9,6.2,.802,4.1,1.8,0.8,0.3,3.2,2.6,18.8
8,2,32,1130,6.8,17.5,.391,4.7,10.7,.442,2.1,6.7,.311,5.6,7.0,.802,4.6,2.0,0.8,0.4,3.6,2.9,21.3
8,3,32,1130,10.2,26.0,.391,7.1,16.0,.442,3.1,10.0,.311,8.3,10.4,.802,6.8,2.9,1.3,0.6,5.4,4.3,31.8,,99.1,104.1
8,4,32,1130,17.5,.514,.451,.385,.400,557,2.3,9.6,6.2,12.4,1.3,0.9,14.8,31.5,,1.7,1.1,2.8,.098,,1.0,-2.9,-1.9
9,0,27,197,11,36,.306,10,26,.385,1,10,.100,3,7,.429,10,24,34,1,4,6,12,17,26
9,1,27,7.3,0.4,1.3,.306,0.4,1.0,.385,0.0,0.4,.100,0.1,0.3,.429,1.3,0.0,0.1,0.2,0.4,0.6,1.0
9,2,27,197,2.2,7.3,.306,2.0,5.3,.385,0.2,2.0,.100,0.6,1.4,.429,6.9,0.2,0.8,1.2,2.4,3.5,5.3
9,3,27,197,3.3,10.9,.306,3.0,7.9,.385,0.3,3.0,.100,0.9,2.1,.429,10.3,0.3,1.2,1.8,3.6,5.1,7.9,,64.6,101.7
9,4,27,197,3.4,.331,.319,.278,.194,29,5.9,12.3,9.3,1.0,1.2,2.8,23.4,13.5,,-0.3,0.2,-0.1,-.015,,-7.0,-0.7,-7.6
10,0,31,742,87,220,.395,58,130,.446,29,90,.322,130,160,.813,27,95,122,70,41,8,49,32,333
10,1,31,23.9,2.8,7.1,.395,1.9,4.2,.446,0.9,2.9,.322,4.2,5.2,.813,3.9,2.3,1.3,0.3,1.6,1.0,10.7
10,2,31,742,4.7,11.9,.395,3.1,7.0,.446,1.6,4.9,.322,7.0,8.6,.813,6.6,3.8,2.2,0.4,2.6,1.7,18.0
10,3,31,742,7.0,17.6,.395,4.7,10.4,.446,2.3,7.2,.322,10.4,12.8,.813,9.8,5.6,3.3,0.6,3.9,2.6,26.7,,114.9,97.9
10,4,31,742,23.8,.563,.461,.409,.727,340,4.2,12.9,8.9,20.8,3.3,1.0,14.2,24.0,,2.2,1.2,3.4,.184,,5.0,0.4,5.4
11,0,6,4,2,3,.667,1,1,1.000,1,2,.500,0,0,,1,1,2,0,1,0,0,2,5
11,1,6,0.7,0.3,0.5,.667,0.2,0.2,1.000,0.2,0.3,.500,0.0,0.0,,0.3,0.0,0.2,0.0,0.0,0.3,0.8
11,2,6,4,20.0,30.0,.667,10.0,10.0,1.000,10.0,20.0,.500,0.0,0.0,,20.0,0.0,10.0,0.0,0.0,20.0,50.0
11,3,6,4,29.8,44.6,.667,14.9,14.9,1.000,14.9,29.8,.500,0.0,0.0,,29.8,0.0,14.9,0.0,0.0,29.8,74.4,,160.1,63.4
11,4,6,4,82.1,.833,.833,.667,.000,3,28.9,25.2,26.9,0.0,14.9,0.0,0.0,38.8,,0.0,0.0,0.1,.617,,30.5,-3.2,27.3
12,0,6,4,0,0,,0,0,,0,0,,1,2,.500,1,0,1,0,0,0,1,0,1
12,1,6,0.7,0.0,0.0,,0.0,0.0,,0.0,0.0,,0.2,0.3,.500,0.2,0.0,0.0,0.0,0.2,0.0,0.2
12,2,6,4,0.0,0.0,,0.0,0.0,,0.0,0.0,,10.0,20.0,.500,10.0,0.0,0.0,0.0,10.0,0.0,10.0
12,3,6,4,0.0,0.0,,0.0,0.0,,0.0,0.0,,14.9,29.8,.500,14.9,0.0,0.0,0.0,14.9,0.0,14.9,,73.7,113.3
12,4,6,4,4.1,.526,,,,1,28.9,0.0,13.5,0.0,0.0,0.0,51.3,25.2,,0.0,0.0,0.0,-.085,,-8.1,-7.1,-15.2
