0,0,33,978,128,313,.409,61,136,.449,67,177,.379,48,56,.857,41,133,174,34,30,8,29,81,371
0,1,33,29.6,3.9,9.5,.409,1.8,4.1,.449,2.0,5.4,.379,1.5,1.7,.857,5.3,1.0,0.9,0.2,0.9,2.5,11.2
0,2,33,978,5.2,12.8,.409,2.5,5.6,.449,2.7,7.2,.379,2.0,2.3,.857,7.1,1.4,1.2,0.3,1.2,3.3,15.2
0,3,33,978,7.6,18.5,.409,3.6,8.0,.449,4.0,10.5,.379,2.8,3.3,.857,10.3,2.0,1.8,0.5,1.7,4.8,21.9,,116.9,104.9
0,4,33,978,16.6,.546,.516,.565,.179,337,4.5,14.1,9.4,7.1,1.8,0.9,7.9,18.5,,2.2,1.0,3.2,.130,,1.7,-2.2,-0.5
1,0,30,544,15,53,.283,10,35,.286,5,18,.278,26,38,.684,23,50,73,82,21,0,58,56,61
1,1,30,18.1,0.5,1.8,.283,0.3,1.2,.286,0.2,0.6,.278,0.9,1.3,.684,2.4,2.7,0.7,0.0,1.9,1.9,2.0
1,2,30,544,1.1,3.9,.283,0.7,2.6,.286,0.4,1.3,.278,1.9,2.8,.684,5.4,6.0,1.5,0.0,4.3,4.1,4.5
1,3,30,544,1.6,5.6,.283,1.1,3.7,.286,0.5,1.9,.278,2.8,4.0,.684,7.7,8.7,2.2,0.0,6.2,5.9,6.5,,81.3,106.3
1,4,30,544,6.2,.429,.330,.340,.717,108,4.6,9.5,7.1,25.3,2.2,0.0,44.9,11.7,,-0.3,0.5,0.2,.012,,-5.0,-1.5,-6.5
2,0,1,0,0,0,,0,0,,0,0,,0,0,,1,0,1,0,0,0,0,0,0
2,1,1,0.0,0.0,0.0,,0.0,0.0,,0.0,0.0,,0.0,0.0,,1.0,0.0,0.0,0.0,0.0,0.0,0.0
2,2,1,0,,,,,,,,,,,,,,,,,,,
2,3,1,0,,,,,,,,,,,,,,,,,,,,,,
2,4,1,0,,,,,,,,,,,,,,,,0.0,0.0,0.0,,,-6.1,-1.6,-7.6
3,0,30,327,24,87,.276,8,24,.333,16,63,.254,2,4,.500,2,17,19,8,8,1,24,28,66
3,1,30,10.9,0.8,2.9,.276,0.3,0.8,.333,0.5,2.1,.254,0.1,0.1,.500,0.6,0.3,0.3,0.0,0.8,0.9,2.2
3,2,30,327,2.9,10.6,.276,1.0,2.9,.333,2.0,7.7,.254,0.2,0.5,.500,2.3,1.0,1.0,0.1,2.9,3.4,8.1
3,3,30,327,4.2,15.4,.276,1.4,4.2,.333,2.8,11.1,.254,0.4,0.7,.500,3.4,1.4,1.4,0.2,4.2,4.9,11.7,,67.5,110.1
3,4,30,327,0.3,.371,.368,.724,.046,60,0.7,5.4,3.1,4.5,1.4,0.3,21.3,17.0,,-0.6,0.2,-0.4,-.047,,-6.7,-3.9,-10.6
4,0,23,179,18,37,.486,18,37,.486,0,0,,8,20,.400,23,31,54,3,5,4,11,26,44
4,1,23,7.8,0.8,1.6,.486,0.8,1.6,.486,0.0,0.0,,0.3,0.9,.400,2.3,0.1,0.2,0.2,0.5,1.1,1.9
4,2,23,179,4.0,8.3,.486,4.0,8.3,.486,0.0,0.0,,1.8,4.5,.400,12.1,0.7,1.1,0.9,2.5,5.8,9.8
4,3,23,179,5.8,11.9,.486,5.8,11.9,.486,0.0,0.0,,2.6,6.5,.400,17.4,1.0,1.6,1.3,3.5,8.4,14.2,,96.0,102.2
4,4,23,179,12.5,.473,.486,.000,.541,49,13.9,17.9,16.0,3.2,1.6,2.4,19.1,15.8,,0.1,0.2,0.3,.071,,-4.6,-1.8,-6.4
5,0,32,1083,145,261,.556,145,260,.558,0,1,.000,94,146,.644,109,280,389,34,15,87,64,83,384
5,1,32,33.8,4.5,8.2,.556,4.5,8.1,.558,0.0,0.0,.000,2.9,4.6,.644,12.2,1.1,0.5,2.7,2.0,2.6,12.0
5,2,32,1083,5.4,9.6,.556,5.4,9.6,.558,0.0,0.0,.000,3.5,5.4,.644,14.4,1.3,0.6,3.2,2.4,3.1,14.2
5,3,32,1083,7.7,13.9,.556,7.7,13.9,.558,0.0,0.1,.000,5.0,7.8,.644,20.7,1.8,0.8,4.6,3.4,4.4,20.5,,113.7,97.2
5,4,32,1083,22.4,.581,.556,.004,.559,385,10.9,26.8,19.0,6.4,0.8,8.5,16.2,17.9,,2.3,1.9,4.2,.154,,-1.4,3.0,1.6
6,0,4,30,6,16,.375,3,5,.600,3,11,.273,4,4,1.000,1,3,4,1,0,0,1,4,19
6,1,4,7.5,1.5,4.0,.375,0.8,1.3,.600,0.8,2.8,.273,1.0,1.0,1.000,1.0,0.3,0.0,0.0,0.3,1.0,4.8
6,2,4,30,8.0,21.3,.375,4.0,6.7,.600,4.0,14.7,.273,5.3,5.3,1.000,5.3,1.3,0.0,0.0,1.3,5.3,25.3
6,3,4,30,11.5,30.8,.375,5.8,9.6,.600,5.8,21.2,.273,7.7,7.7,1.000,7.7,1.9,0.0,0.0,1.9,7.7,36.6,,115.7,110.7
6,4,4,30,19.9,.531,.469,.688,.250,16,3.6,10.4,7.1,7.9,0.0,0.0,5.3,31.0,,0.1,0.0,0.1,.155,,2.9,-9.0,-6.0
7,0,32,582,59,160,.369,43,108,.398,16,52,.308,54,74,.730,16,48,64,40,25,3,55,56,188
7,1,32,18.2,1.8,5.0,.369,1.3,3.4,.398,0.5,1.6,.308,1.7,2.3,.730,2.0,1.3,0.8,0.1,1.7,1.8,5.9
7,2,32,582,4.1,11.0,.369,3.0,7.4,.398,1.1,3.6,.308,3.7,5.1,.730,4.4,2.7,1.7,0.2,3.8,3.8,12.9
7,3,32,582,5.9,15.9,.369,4.3,10.7,.398,1.6,5.2,.308,5.4,7.3,.730,6.3,4.0,2.5,0.3,5.5,5.6,18.7,,90.1,106.0
7,4,32,582,9.8,.482,.419,.325,.463,188,3.0,8.5,5.8,13.2,2.5,0.5,22.0,21.1,,0.0,0.5,0.5,.037,,-3.9,-2.2,-6.1
8,0,22,304,48,110,.436,40,88,.455,8,22,.364,13,24,.542,17,31,48,8,9,11,20,26,117
8,1,22,13.8,2.2,5.0,.436,1.8,4.0,.455,0.4,1.0,.364,0.6,1.1,.542,2.2,0.4,0.4,0.5,0.9,1.2,5.3
8,2,22,304,6.3,14.5,.436,5.3,11.6,.455,1.1,2.9,.364,1.7,3.2,.542,6.3,1.1,1.2,1.4,2.6,3.4,15.4
8,3,22,304,9.1,20.9,.436,7.6,16.7,.455,1.5,4.2,.364,2.5,4.6,.542,9.1,1.5,1.7,2.1,3.8,4.9,22.2,,94.4,105.2
8,4,22,304,13.8,.482,.473,.200,.218,106,6.1,10.6,8.4,5.7,1.7,3.8,14.1,22.9,,0.1,0.3,0.4,.058,,-4.2,-1.9,-6.1
9,0,30,1015,214,507,.422,133,298,.446,81,209,.388,115,141,.816,32,94,126,80,32,5,88,53,624
9,1,30,33.8,7.1,16.9,.422,4.4,9.9,.446,2.7,7.0,.388,3.8,4.7,.816,4.2,2.7,1.1,0.2,2.9,1.8,20.8
9,2,30,1015,8.4,20.0,.422,5.2,11.7,.446,3.2,8.2,.388,4.5,5.6,.816,5.0,3.2,1.3,0.2,3.5,2.1,24.6
9,3,30,1015,12.2,28.8,.422,7.6,17.0,.446,4.6,11.9,.388,6.5,8.0,.816,7.2,4.6,1.8,0.3,5.0,3.0,35.5,,108.2,107.3
9,4,30,1015,21.8,.544,.502,.412,.278,571,3.4,9.6,6.6,19.1,1.8,0.5,13.3,32.1,,2.7,0.8,3.5,.139,,3.4,-3.8,-0.4
10,0,15,90,10,20,.500,10,19,.526,0,1,.000,3,5,.600,4,12,16,2,1,0,6,14,23
10,1,15,6.0,0.7,1.3,.500,0.7,1.3,.526,0.0,0.1,.000,0.2,0.3,.600,1.1,0.1,0.1,0.0,0.4,0.9,1.5
10,2,15,90,4.4,8.9,.500,4.4,8.4,.526,0.0,0.4,.000,1.3,2.2,.600,7.1,0.9,0.4,0.0,2.7,6.2,10.2
10,3,15,90,6.4,12.8,.500,6.4,12.2,.526,0.0,0.6,.000,1.9,3.2,.600,10.3,1.3,0.6,0.0,3.8,9.0,14.8,,91.3,107.5
10,4,15,90,7.2,.514,.500,.050,.250,22,4.8,13.8,9.4,4.3,0.6,0.0,21.1,15.5,,0.0,0.1,0.1,.035,,-5.9,-3.7,-9.7
11,0,23,121,9,29,.310,3,10,.300,6,19,.316,1,5,.200,6,14,20,3,2,3,5,18,25
11,1,23,5.3,0.4,1.3,.310,0.1,0.4,.300,0.3,0.8,.316,0.0,0.2,.200,0.9,0.1,0.1,0.1,0.2,0.8,1.1
11,2,23,121,3.0,9.6,.310,1.0,3.3,.300,2.0,6.3,.316,0.3,1.7,.200,6.6,1.0,0.7,1.0,1.7,6.0,8.3
11,3,23,121,4.3,13.8,.310,1.4,4.8,.300,2.9,9.1,.316,0.5,2.4,.200,9.5,1.4,1.0,1.4,2.4,8.6,11.9,,85.5,106.4
11,4,23,121,5.5,.398,.414,.655,.172,25,5.4,12.0,8.7,4.5,1.0,2.6,13.7,14.8,,0.0,0.1,0.1,.023,,-4.6,-2.5,-7.1
12,0,12,66,5,16,.313,3,8,.375,2,8,.250,4,9,.444,2,10,12,1,2,1,4,11,16
12,1,12,5.5,0.4,1.3,.313,0.3,0.7,.375,0.2,0.7,.250,0.3,0.8,.444,1.0,0.1,0.2,0.1,0.3,0.9,1.3
12,2,12,66,3.0,9.7,.313,1.8,4.8,.375,1.2,4.8,.250,2.4,5.5,.444,7.3,0.6,1.2,0.6,2.4,6.7,9.7
12,3,12,66,4.4,14.0,.313,2.6,7.0,.375,1.7,7.0,.250,3.5,7.9,.444,10.5,0.9,1.7,0.9,3.5,9.6,14.0,,77.8,103.2
12,4,12,66,4.7,.395,.375,.500,.563,15,3.3,15.7,9.6,2.8,1.7,1.6,16.5,18.1,,-0.1,0.1,0.0,.007,,-6.9,-3.1,-10.0
13,0,7,32,3,11,.273,1,2,.500,2,9,.222,2,3,.667,1,3,4,5,1,0,4,1,10
13,1,7,4.6,0.4,1.6,.273,0.1,0.3,.500,0.3,1.3,.222,0.3,0.4,.667,0.6,0.7,0.1,0.0,0.6,0.1,1.4
13,2,7,32,3.8,13.8,.273,1.3,2.5,.500,2.5,11.3,.222,2.5,3.8,.667,5.0,6.3,1.3,0.0,5.0,1.3,12.5
13,3,7,32,5.4,19.8,.273,1.8,3.6,.500,3.6,16.2,.222,3.6,5.4,.667,7.2,9.0,1.8,0.0,7.2,1.8,18.0,,83.0,107.6
13,4,7,32,8.5,.402,.364,.818,.273,12,3.4,9.7,6.6,29.5,1.8,0.0,24.4,25.3,,0.0,0.0,0.0,-.004,,-3.3,-4.8,-8.2
14,0,33,463,46,83,.554,29,44,.659,17,39,.436,18,24,.750,26,35,61,16,3,5,23,52,127
14,1,33,14.0,1.4,2.5,.554,0.9,1.3,.659,0.5,1.2,.436,0.5,0.7,.750,1.8,0.5,0.1,0.2,0.7,1.6,3.8
14,2,33,463,4.0,7.2,.554,2.5,3.8,.659,1.5,3.4,.436,1.6,2.1,.750,5.3,1.4,0.3,0.4,2.0,4.5,11.0
14,3,33,463,5.7,10.4,.554,3.6,5.5,.659,2.1,4.9,.436,2.2,3.0,.750,7.6,2.0,0.4,0.6,2.9,6.5,15.8,,120.0,110.7
14,4,33,463,11.9,.673,.657,.470,.289,120,6.1,7.8,7.0,6.6,0.4,1.1,19.6,12.5,,0.8,0.2,1.1,.092,,0.0,-3.0,-3.0
15,0,32,811,95,254,.374,56,145,.386,39,109,.358,48,60,.800,24,61,85,93,14,1,48,60,277
15,1,32,25.3,3.0,7.9,.374,1.8,4.5,.386,1.2,3.4,.358,1.5,1.9,.800,2.7,2.9,0.4,0.0,1.5,1.9,8.7
15,2,32,811,4.7,12.5,.374,2.8,7.2,.386,1.9,5.4,.358,2.4,3.0,.800,4.2,4.6,0.7,0.0,2.4,3.0,13.7
15,3,32,811,6.8,18.1,.374,4.0,10.3,.386,2.8,7.8,.358,3.4,4.3,.800,6.1,6.6,1.0,0.1,3.4,4.3,19.7,,105.5,110.0
15,4,32,811,12.9,.490,.451,.429,.236,294,3.2,7.8,5.5,22.7,1.0,0.1,14.5,20.0,,1.2,0.4,1.6,.081,,-0.4,-4.0,-4.4
