0,0,28,371,30,71,.423,21,40,.525,9,31,.290,15,24,.625,12,26,38,20,16,11,29,43,84
0,1,28,13.3,1.1,2.5,.423,0.8,1.4,.525,0.3,1.1,.290,0.5,0.9,.625,1.4,0.7,0.6,0.4,1.0,1.5,3.0
0,2,28,371,3.2,7.7,.423,2.3,4.3,.525,1.0,3.3,.290,1.6,2.6,.625,4.1,2.2,1.7,1.2,3.1,4.6,9.1
0,3,28,371,5.5,13.1,.423,3.9,7.4,.525,1.7,5.7,.290,2.8,4.4,.625,7.0,3.7,2.9,2.0,5.3,7.9,15.5,,86.6,100.6
0,4,28,371,9.8,.510,.486,.437,.338,89,5.0,10.4,7.8,13.1,2.9,3.7,26.0,18.9,,-0.1,0.5,0.4,.045,,-4.2,1.2,-3.0
1,0,10,51,2,5,.400,2,3,.667,0,2,.000,1,3,.333,1,4,5,2,0,0,4,8,5
1,1,10,5.1,0.2,0.5,.400,0.2,0.3,.667,0.0,0.2,.000,0.1,0.3,.333,0.5,0.2,0.0,0.0,0.4,0.8,0.5
1,2,10,51,1.6,3.9,.400,1.6,2.4,.667,0.0,1.6,.000,0.8,2.4,.333,3.9,1.6,0.0,0.0,3.1,6.3,3.9
1,3,10,51,2.7,6.7,.400,2.7,4.0,.667,0.0,2.7,.000,1.3,4.0,.333,6.7,2.7,0.0,0.0,5.4,10.7,6.7,,61.5,108.0
1,4,10,51,-2.4,.389,.400,.400,.600,6,3.0,11.7,7.4,8.6,0.0,0.0,38.4,12.9,,-0.1,0.0,-0.1,-.046,,-9.0,-2.6,-11.6
2,0,30,1031,129,279,.462,92,192,.479,37,87,.425,80,108,.741,26,110,136,69,47,8,58,94,375
2,1,30,34.4,4.3,9.3,.462,3.1,6.4,.479,1.2,2.9,.425,2.7,3.6,.741,4.5,2.3,1.6,0.3,1.9,3.1,12.5
2,2,30,1031,5.0,10.8,.462,3.6,7.4,.479,1.4,3.4,.425,3.1,4.2,.741,5.3,2.7,1.8,0.3,2.3,3.6,14.5
2,3,30,1031,8.5,18.5,.462,6.1,12.7,.479,2.5,5.8,.425,5.3,7.2,.741,9.0,4.6,3.1,0.5,3.8,6.2,24.8,,106.8,99.9
2,4,30,1031,18.5,.568,.529,.312,.387,366,3.9,15.9,10.0,18.2,3.1,1.0,14.9,23.8,,2.0,1.5,3.5,.135,,0.8,0.5,1.3
3,0,30,1071,91,199,.457,51,108,.472,40,91,.440,36,52,.692,16,88,104,81,29,10,55,68,258
3,1,30,35.7,3.0,6.6,.457,1.7,3.6,.472,1.3,3.0,.440,1.2,1.7,.692,3.5,2.7,1.0,0.3,1.8,2.3,8.6
3,2,30,1071,3.4,7.4,.457,1.9,4.0,.472,1.5,3.4,.440,1.3,1.9,.692,3.9,3.0,1.1,0.4,2.1,2.5,9.6
3,3,30,1071,5.8,12.7,.457,3.3,6.9,.472,2.6,5.8,.440,2.3,3.3,.692,6.6,5.2,1.8,0.6,3.5,4.3,16.4,,104.3,103.9
3,4,30,1071,12.8,.577,.558,.457,.261,267,2.3,12.2,7.4,18.6,1.8,1.2,19.7,16.4,,1.3,1.1,2.4,.090,,-0.4,-0.1,-0.5
4,0,20,315,37,81,.457,17,31,.548,20,50,.400,10,16,.625,7,23,30,22,4,9,21,32,104
4,1,20,15.8,1.9,4.1,.457,0.9,1.6,.548,1.0,2.5,.400,0.5,0.8,.625,1.5,1.1,0.2,0.5,1.1,1.6,5.2
4,2,20,315,4.7,10.3,.457,2.2,3.9,.548,2.5,6.3,.400,1.3,2.0,.625,3.8,2.8,0.5,1.1,2.7,4.1,13.2
4,3,20,315,8.0,17.6,.457,3.7,6.7,.548,4.3,10.8,.400,2.2,3.5,.625,6.5,4.8,0.9,2.0,4.6,6.9,22.5,,101.0,105.0
4,4,20,315,14.2,.587,.580,.617,.198,98,3.4,10.9,7.2,18.6,0.9,3.6,19.2,21.9,,0.4,0.3,0.7,.086,,-0.4,-1.7,-2.0
5,0,29,538,32,91,.352,17,48,.354,15,43,.349,21,29,.724,4,25,29,34,6,2,18,61,100
5,1,29,18.6,1.1,3.1,.352,0.6,1.7,.354,0.5,1.5,.349,0.7,1.0,.724,1.0,1.2,0.2,0.1,0.6,2.1,3.4
5,2,29,538,2.4,6.8,.352,1.3,3.6,.354,1.1,3.2,.349,1.6,2.2,.724,2.2,2.5,0.4,0.1,1.3,4.5,7.4
5,3,29,538,4.1,11.5,.352,2.2,6.1,.354,1.9,5.5,.349,2.7,3.7,.724,3.7,4.3,0.8,0.3,2.3,7.7,12.7,,96.4,108.1
5,4,29,538,6.2,.477,.434,.473,.319,107,1.1,6.9,4.1,14.6,0.8,0.5,14.7,14.4,,0.3,0.4,0.6,.046,,-3.6,-2.9,-6.5
6,0,25,418,36,100,.360,19,50,.380,17,50,.340,18,26,.692,12,48,60,42,8,17,38,80,107
6,1,25,16.7,1.4,4.0,.360,0.8,2.0,.380,0.7,2.0,.340,0.7,1.0,.692,2.4,1.7,0.3,0.7,1.5,3.2,4.3
6,2,25,418,3.4,9.6,.360,1.8,4.8,.380,1.6,4.8,.340,1.7,2.5,.692,5.7,4.0,0.8,1.6,3.6,7.7,10.2
6,3,25,418,5.9,16.3,.360,3.1,8.2,.380,2.8,8.2,.340,2.9,4.2,.692,9.8,6.9,1.3,2.8,6.2,13.1,17.5,,87.1,100.6
6,4,25,418,9.2,.476,.445,.500,.260,124,4.4,17.1,10.9,24.7,1.3,5.1,25.3,22.7,,-0.1,0.6,0.5,.045,,-4.4,1.1,-3.3
7,0,6,19,3,6,.500,3,5,.600,0,1,.000,1,3,.333,0,0,0,0,1,0,4,4,7
7,1,6,3.2,0.5,1.0,.500,0.5,0.8,.600,0.0,0.2,.000,0.2,0.5,.333,0.0,0.0,0.2,0.0,0.7,0.7,1.2
7,2,6,19,6.3,12.6,.500,6.3,10.5,.600,0.0,2.1,.000,2.1,6.3,.333,0.0,0.0,2.1,0.0,8.4,8.4,14.7
7,3,6,19,10.8,21.6,.500,10.8,18.0,.600,0.0,3.6,.000,3.6,10.8,.333,0.0,0.0,3.6,0.0,14.4,14.4,25.2,,53.9,104.0
7,4,6,19,-4.6,.471,.500,.167,.500,5,0.0,0.0,0.0,0.0,3.6,0.0,35.0,37.9,,-0.1,0.0,-0.1,-.198,,-17.5,-5.1,-22.6
8,0,30,1008,118,243,.486,56,101,.554,62,142,.437,90,106,.849,9,63,72,65,28,8,65,92,388
8,1,30,33.6,3.9,8.1,.486,1.9,3.4,.554,2.1,4.7,.437,3.0,3.5,.849,2.4,2.2,0.9,0.3,2.2,3.1,12.9
8,2,30,1008,4.7,9.6,.486,2.2,4.0,.554,2.5,5.6,.437,3.6,4.2,.849,2.9,2.6,1.1,0.3,2.6,3.7,15.4
8,3,30,1008,8.0,16.5,.486,3.8,6.8,.554,4.2,9.6,.437,6.1,7.2,.849,4.9,4.4,1.9,0.5,4.4,6.2,26.3,,113.6,104.7
8,4,30,1008,17.8,.661,.613,.584,.436,353,1.4,9.3,5.4,17.2,1.9,1.0,18.1,22.4,,2.5,1.0,3.5,.139,,3.2,-1.9,1.3
9,0,29,592,36,74,.486,12,24,.500,24,50,.480,28,32,.875,5,31,36,22,6,2,21,75,124
9,1,29,20.4,1.2,2.6,.486,0.4,0.8,.500,0.8,1.7,.480,1.0,1.1,.875,1.2,0.8,0.2,0.1,0.7,2.6,4.3
9,2,29,592,2.4,5.0,.486,0.8,1.6,.500,1.6,3.4,.480,1.9,2.2,.875,2.4,1.5,0.4,0.1,1.4,5.1,8.4
9,3,29,592,4.2,8.5,.486,1.4,2.8,.500,2.8,5.8,.480,3.2,3.7,.875,4.2,2.5,0.7,0.2,2.4,8.6,14.3,,117.3,107.9
9,4,29,592,8.7,.695,.649,.676,.432,113,1.3,7.8,4.6,8.6,0.7,0.4,19.1,11.7,,0.9,0.4,1.3,.088,,-0.3,-2.5,-2.7
10,0,30,686,87,175,.497,79,144,.549,8,31,.258,66,106,.623,25,107,132,40,21,39,41,94,248
10,1,30,22.9,2.9,5.8,.497,2.6,4.8,.549,0.3,1.0,.258,2.2,3.5,.623,4.4,1.3,0.7,1.3,1.4,3.1,8.3
10,2,30,686,5.1,10.2,.497,4.6,8.4,.549,0.5,1.8,.258,3.8,6.2,.623,7.7,2.3,1.2,2.3,2.4,5.5,14.5
10,3,30,686,8.7,17.4,.497,7.9,14.3,.549,0.8,3.1,.258,6.6,10.6,.623,13.1,4.0,2.1,3.9,4.1,9.4,24.7,,103.9,96.1
10,4,30,686,19.6,.550,.520,.177,.606,244,5.6,23.2,14.6,15.9,2.1,7.1,15.4,24.5,,1.1,1.2,2.4,.139,,-2.1,3.4,1.3
