0,0,15,234,36,78,.462,36,76,.474,0,2,.000,19,26,.731,9,13,22,17,8,11,27,57,91
0,1,15,15.6,2.4,5.2,.462,2.4,5.1,.474,0.0,0.1,.000,1.3,1.7,.731,1.5,1.1,0.5,0.7,1.8,3.8,6.1
0,2,15,234,6.2,13.3,.462,6.2,13.0,.474,0.0,0.3,.000,3.2,4.4,.731,3.8,2.9,1.4,1.9,4.6,9.7,15.6
0,3,15,234,10.6,22.9,.462,10.6,22.3,.474,0.0,0.6,.000,5.6,7.6,.731,6.5,5.0,2.3,3.2,7.9,16.7,26.7,,86.2,105.8
0,4,15,234,11.0,.504,.462,.026,.333,91,6.1,8.4,7.2,18.8,2.3,6.1,23.0,31.9,,-0.1,0.2,0.1,.015,,-7.1,-0.4,-7.5
1,0,30,846,87,178,.489,38,67,.567,49,111,.441,28,35,.800,14,96,110,54,15,10,44,86,251
1,1,30,28.2,2.9,5.9,.489,1.3,2.2,.567,1.6,3.7,.441,0.9,1.2,.800,3.7,1.8,0.5,0.3,1.5,2.9,8.4
1,2,30,846,4.1,8.4,.489,1.8,3.2,.567,2.3,5.2,.441,1.3,1.7,.800,5.2,2.6,0.7,0.5,2.1,4.1,11.9
1,3,30,846,7.1,14.5,.489,3.1,5.4,.567,4.0,9.0,.441,2.3,2.8,.800,8.9,4.4,1.2,0.8,3.6,7.0,20.4,,109.8,108.8
1,4,30,846,14.6,.645,.626,.624,.197,233,2.6,17.1,10.0,14.6,1.2,1.5,18.4,17.9,,1.4,0.6,2.0,.093,,1.3,-1.9,-0.6
2,0,18,245,15,46,.326,10,23,.435,5,23,.217,9,14,.643,6,24,30,14,12,1,4,31,44
2,1,18,13.6,0.8,2.6,.326,0.6,1.3,.435,0.3,1.3,.217,0.5,0.8,.643,1.7,0.8,0.7,0.1,0.2,1.7,2.4
2,2,18,245,2.4,7.5,.326,1.6,3.8,.435,0.8,3.8,.217,1.5,2.3,.643,4.9,2.3,2.0,0.2,0.7,5.1,7.2
2,3,18,245,4.2,12.9,.326,2.8,6.5,.435,1.4,6.5,.217,2.5,3.9,.643,8.4,3.9,3.4,0.3,1.1,8.7,12.3,,97.0,105.2
2,4,18,245,9.8,.418,.380,.500,.304,50,3.9,14.7,9.4,11.9,3.4,0.5,7.1,14.7,,0.1,0.2,0.4,.060,,-2.4,-0.9,-3.4
3,0,23,240,21,47,.447,21,39,.538,0,8,.000,7,18,.389,7,15,22,8,4,8,17,32,49
3,1,23,10.4,0.9,2.0,.447,0.9,1.7,.538,0.0,0.3,.000,0.3,0.8,.389,1.0,0.3,0.2,0.3,0.7,1.4,2.1
3,2,23,240,3.5,7.8,.447,3.5,6.5,.538,0.0,1.3,.000,1.2,3.0,.389,3.7,1.3,0.7,1.3,2.8,5.3,8.2
3,3,23,240,6.0,13.5,.447,6.0,11.2,.538,0.0,2.3,.000,2.0,5.2,.389,6.3,2.3,1.1,2.3,4.9,9.2,14.0,,75.9,109.7
3,4,23,240,4.6,.441,.447,.170,.383,50,4.6,9.4,7.1,7.4,1.1,4.3,23.4,19.2,,-0.3,0.1,-0.2,-.028,,-7.9,-1.5,-9.4
4,0,5,3,0,0,,0,0,,0,0,,0,0,,0,2,2,0,0,0,0,0,0
4,1,5,0.6,0.0,0.0,,0.0,0.0,,0.0,0.0,,0.0,0.0,,0.4,0.0,0.0,0.0,0.0,0.0,0.0
4,2,5,3,0.0,0.0,,0.0,0.0,,0.0,0.0,,0.0,0.0,,26.7,0.0,0.0,0.0,0.0,0.0,0.0
4,3,5,3,0.0,0.0,,0.0,0.0,,0.0,0.0,,0.0,0.0,,45.8,0.0,0.0,0.0,0.0,0.0,0.0,,,86.4
4,4,5,3,14.0,,,,,0,0.0,100.0,51.4,0.0,0.0,0.0,,0.0,,0.0,0.0,0.0,.112,,-16.2,-6.3,-22.5
5,0,29,795,108,209,.517,56,89,.629,52,120,.433,29,35,.829,8,60,68,69,21,4,35,51,297
5,1,29,27.4,3.7,7.2,.517,1.9,3.1,.629,1.8,4.1,.433,1.0,1.2,.829,2.3,2.4,0.7,0.1,1.2,1.8,10.2
5,2,29,795,5.4,10.5,.517,2.8,4.5,.629,2.6,6.0,.433,1.5,1.8,.829,3.4,3.5,1.1,0.2,1.8,2.6,14.9
5,3,29,795,9.3,18.1,.517,4.8,7.7,.629,4.5,10.4,.433,2.5,3.0,.829,5.9,6.0,1.8,0.3,3.0,4.4,25.7,,118.8,109.9
5,4,29,795,19.7,.658,.641,.574,.167,271,1.6,11.3,6.6,21.4,1.8,0.7,13.4,20.8,,2.2,0.4,2.6,.132,,4.2,-3.3,0.9
6,0,28,930,109,201,.542,104,179,.581,5,22,.227,97,128,.758,51,121,172,66,48,8,62,70,320
6,1,28,33.2,3.9,7.2,.542,3.7,6.4,.581,0.2,0.8,.227,3.5,4.6,.758,6.1,2.4,1.7,0.3,2.2,2.5,11.4
6,2,28,930,4.7,8.6,.542,4.5,7.7,.581,0.2,0.9,.227,4.2,5.5,.758,7.4,2.8,2.1,0.3,2.7,3.0,13.8
6,3,28,930,8.1,14.9,.542,7.7,13.2,.581,0.4,1.6,.227,7.2,9.5,.758,12.7,4.9,3.5,0.6,4.6,5.2,23.6,,113.5,103.2
6,4,28,930,21.1,.611,.555,.109,.637,341,8.7,19.6,14.3,16.7,3.5,1.1,19.1,22.1,,2.4,1.1,3.5,.149,,1.3,0.9,2.2
7,0,25,797,60,152,.395,34,73,.466,26,79,.329,29,34,.853,7,48,55,67,32,1,28,64,175
7,1,25,31.9,2.4,6.1,.395,1.4,2.9,.466,1.0,3.2,.329,1.2,1.4,.853,2.2,2.7,1.3,0.0,1.1,2.6,7.0
7,2,25,797,3.0,7.6,.395,1.7,3.7,.466,1.3,4.0,.329,1.5,1.7,.853,2.8,3.4,1.6,0.1,1.4,3.2,8.8
7,3,25,797,5.2,13.1,.395,2.9,6.3,.466,2.2,6.8,.329,2.5,2.9,.853,4.7,5.8,2.8,0.1,2.4,5.5,15.1,,104.6,108.8
7,4,25,797,11.7,.520,.480,.520,.224,190,1.4,9.1,5.3,18.1,2.8,0.2,14.3,15.7,,0.9,0.5,1.4,.071,,-0.4,-1.8,-2.3
8,0,25,264,28,43,.651,27,39,.692,1,4,.250,14,18,.778,14,31,45,25,1,8,18,58,71
8,1,25,10.6,1.1,1.7,.651,1.1,1.6,.692,0.0,0.2,.250,0.6,0.7,.778,1.8,1.0,0.0,0.3,0.7,2.3,2.8
8,2,25,264,4.2,6.5,.651,4.1,5.9,.692,0.2,0.6,.250,2.1,2.7,.778,6.8,3.8,0.2,1.2,2.7,8.8,10.8
8,3,25,264,7.3,11.2,.651,7.0,10.2,.692,0.3,1.0,.250,3.6,4.7,.778,11.7,6.5,0.3,2.1,4.7,15.1,18.5,,118.3,108.7
8,4,25,264,14.6,.689,.663,.093,.419,81,8.4,17.7,13.1,21.8,0.3,3.9,25.9,16.8,,0.6,0.2,0.8,.125,,-0.4,-1.0,-1.4
9,0,30,1061,139,288,.483,72,128,.563,67,160,.419,73,87,.839,12,89,101,90,24,4,52,83,418
9,1,30,35.4,4.6,9.6,.483,2.4,4.3,.563,2.2,5.3,.419,2.4,2.9,.839,3.4,3.0,0.8,0.1,1.7,2.8,13.9
9,2,30,1061,5.2,10.9,.483,2.7,4.8,.563,2.5,6.0,.419,2.8,3.3,.839,3.8,3.4,0.9,0.2,2.0,3.1,15.8
9,3,30,1061,9.0,18.7,.483,4.7,8.3,.563,4.3,10.4,.419,4.7,5.6,.839,6.5,5.8,1.6,0.3,3.4,5.4,27.1,,117.0,110.1
9,4,30,1061,19.4,.635,.599,.556,.302,393,1.8,12.6,7.3,20.7,1.6,0.5,13.6,22.9,,3.0,0.6,3.6,.136,,4.2,-3.1,1.1
10,0,17,126,5,21,.238,3,10,.300,2,11,.182,0,0,,2,8,10,8,2,0,5,19,12
10,1,17,7.4,0.3,1.2,.238,0.2,0.6,.300,0.1,0.6,.182,0.0,0.0,,0.6,0.5,0.1,0.0,0.3,1.1,0.7
10,2,17,126,1.6,6.7,.238,1.0,3.2,.300,0.6,3.5,.182,0.0,0.0,,3.2,2.5,0.6,0.0,1.6,6.0,3.8
10,3,17,126,2.7,11.5,.238,1.6,5.5,.300,1.1,6.0,.182,0.0,0.0,,5.5,4.4,1.1,0.0,2.7,10.4,6.5,,67.6,112.0
10,4,17,126,-0.3,.286,.286,.524,.000,17,2.5,9.5,6.1,12.7,1.1,0.0,19.2,13.1,,-0.2,0.0,-0.1,-.045,,-7.1,-3.4,-10.6
11,0,29,532,49,106,.462,32,57,.561,17,49,.347,22,32,.688,5,39,44,39,12,0,32,59,137
11,1,29,18.3,1.7,3.7,.462,1.1,2.0,.561,0.6,1.7,.347,0.8,1.1,.688,1.5,1.3,0.4,0.0,1.1,2.0,4.7
11,2,29,532,3.7,8.0,.462,2.4,4.3,.561,1.3,3.7,.347,1.7,2.4,.688,3.3,2.9,0.9,0.0,2.4,4.4,10.3
11,3,29,532,6.3,13.7,.462,4.1,7.4,.561,2.2,6.3,.347,2.8,4.1,.688,5.7,5.0,1.6,0.0,4.1,7.6,17.7,,98.3,110.7
11,4,29,532,10.0,.565,.542,.462,.302,136,1.5,11.0,6.4,16.3,1.6,0.0,20.9,18.3,,0.4,0.2,0.6,.048,,-2.1,-3.4,-5.6
