0,0,5,4,0,0,,0,0,,0,0,,1,2,.500,0,0,0,0,0,0,0,1,1
0,1,5,0.8,0.0,0.0,,0.0,0.0,,0.0,0.0,,0.2,0.4,.500,0.0,0.0,0.0,0.0,0.0,0.2,0.2
0,2,5,4,0.0,0.0,,0.0,0.0,,0.0,0.0,,10.0,20.0,.500,0.0,0.0,0.0,0.0,0.0,10.0,10.0
0,3,5,4,0.0,0.0,,0.0,0.0,,0.0,0.0,,14.5,29.0,.500,0.0,0.0,0.0,0.0,0.0,14.5,14.5,,122.2,120.2
0,4,5,4,3.9,.526,,,,1,0.0,0.0,0.0,0.0,0.0,0.0,0.0,11.9,,0.0,0.0,0.0,.050,,-1.9,-4.5,-6.4
1,0,28,449,13,42,.310,10,30,.333,3,12,.250,8,12,.667,9,32,41,51,26,4,20,53,37
1,1,28,16.0,0.5,1.5,.310,0.4,1.1,.333,0.1,0.4,.250,0.3,0.4,.667,1.5,1.8,0.9,0.1,0.7,1.9,1.3
1,2,28,449,1.2,3.7,.310,0.9,2.7,.333,0.3,1.1,.250,0.7,1.1,.667,3.7,4.5,2.3,0.4,1.8,4.7,3.3
1,3,28,449,1.7,5.4,.310,1.3,3.9,.333,0.4,1.6,.250,1.0,1.6,.667,5.3,6.6,3.4,0.5,2.6,6.8,4.8,,89.1,109.7
1,4,28,449,7.3,.388,.345,.286,.286,61,2.2,9.1,5.4,19.5,3.4,0.8,29.5,7.6,,0.0,0.2,0.2,.020,,-2.1,1.5,-0.6
2,0,31,745,65,178,.365,24,54,.444,41,124,.331,28,34,.824,28,74,102,66,29,6,31,90,199
2,1,31,24.0,2.1,5.7,.365,0.8,1.7,.444,1.3,4.0,.331,0.9,1.1,.824,3.3,2.1,0.9,0.2,1.0,2.9,6.4
2,2,31,745,3.5,9.6,.365,1.3,2.9,.444,2.2,6.7,.331,1.5,1.8,.824,5.5,3.5,1.6,0.3,1.7,4.8,10.7
2,3,31,745,5.1,13.9,.365,1.9,4.2,.444,3.2,9.7,.331,2.2,2.6,.824,7.9,5.1,2.3,0.5,2.4,7.0,15.5,,107.4,110.7
2,4,31,745,12.7,.512,.480,.697,.191,207,4.2,12.6,8.1,16.9,2.3,0.8,13.8,15.1,,1.0,0.3,1.3,.069,,2.9,0.0,2.9
3,0,31,745,80,166,.482,79,165,.479,1,1,1.000,56,87,.644,61,103,164,15,18,17,49,104,217
3,1,31,24.0,2.6,5.4,.482,2.5,5.3,.479,0.0,0.0,1.000,1.8,2.8,.644,5.3,0.5,0.6,0.5,1.6,3.4,7.0
3,2,31,745,4.3,8.9,.482,4.2,8.9,.479,0.1,0.1,1.000,3.0,4.7,.644,8.8,0.8,1.0,0.9,2.6,5.6,11.7
3,3,31,745,6.2,12.9,.482,6.2,12.8,.479,0.1,0.1,1.000,4.4,6.8,.644,12.8,1.2,1.4,1.3,3.8,8.1,16.9,,97.7,110.0
3,4,31,745,12.1,.523,.485,.006,.524,214,9.1,17.6,13.0,4.0,1.4,2.1,19.1,17.2,,0.5,0.4,0.9,.047,,-1.8,0.0,-1.8
4,0,31,764,105,236,.445,105,235,.447,0,1,.000,88,149,.591,69,86,155,26,19,14,59,104,298
4,1,31,24.6,3.4,7.6,.445,3.4,7.6,.447,0.0,0.0,.000,2.8,4.8,.591,5.0,0.8,0.6,0.5,1.9,3.4,9.6
4,2,31,764,5.5,12.4,.445,5.5,12.3,.447,0.0,0.1,.000,4.6,7.8,.591,8.1,1.4,1.0,0.7,3.1,5.4,15.6
4,3,31,764,8.0,17.9,.445,8.0,17.8,.447,0.0,0.1,.000,6.7,11.3,.591,11.8,2.0,1.4,1.1,4.5,7.9,22.6,,95.4,111.3
4,4,31,764,13.7,.486,.445,.004,.631,294,10.0,14.3,12.0,7.2,1.4,1.7,16.1,24.0,,0.5,0.3,0.8,.041,,-1.7,-1.0,-2.7
5,0,5,80,10,25,.400,8,19,.421,2,6,.333,4,8,.500,2,10,12,5,2,4,4,10,26
5,1,5,16.0,2.0,5.0,.400,1.6,3.8,.421,0.4,1.2,.333,0.8,1.6,.500,2.4,1.0,0.4,0.8,0.8,2.0,5.2
5,2,5,80,5.0,12.5,.400,4.0,9.5,.421,1.0,3.0,.333,2.0,4.0,.500,6.0,2.5,1.0,2.0,2.0,5.0,13.0
5,3,5,80,7.3,18.1,.400,5.8,13.8,.421,1.5,4.4,.333,2.9,5.8,.500,8.7,3.6,1.5,2.9,2.9,7.3,18.9,,92.0,109.4
5,4,5,80,12.2,.451,.440,.240,.320,25,2.8,15.9,8.9,12.9,1.5,4.7,12.2,20.5,,0.0,0.0,0.1,.031,,-2.3,0.7,-1.6
6,0,31,983,82,220,.373,32,80,.400,50,140,.357,22,26,.846,16,53,69,90,52,3,42,81,236
6,1,31,31.7,2.6,7.1,.373,1.0,2.6,.400,1.6,4.5,.357,0.7,0.8,.846,2.2,2.9,1.7,0.1,1.4,2.6,7.6
6,2,31,983,3.3,9.0,.373,1.3,3.3,.400,2.0,5.7,.357,0.9,1.1,.846,2.8,3.7,2.1,0.1,1.7,3.3,9.6
6,3,31,983,4.8,13.0,.373,1.9,4.7,.400,3.0,8.3,.357,1.3,1.5,.846,4.1,5.3,3.1,0.2,2.5,4.8,13.9,,103.2,111.6
6,4,31,983,11.4,.508,.486,.636,.118,241,1.8,6.8,4.2,17.4,3.1,0.3,15.3,14.0,,0.9,0.3,1.2,.050,,2.3,0.0,2.3
7,0,9,16,1,1,1.000,1,1,1.000,0,0,,3,6,.500,2,0,2,4,0,0,1,3,5
7,1,9,1.8,0.1,0.1,1.000,0.1,0.1,1.000,0.0,0.0,,0.3,0.7,.500,0.2,0.4,0.0,0.0,0.1,0.3,0.6
7,2,9,16,2.5,2.5,1.000,2.5,2.5,1.000,0.0,0.0,,7.5,15.0,.500,5.0,10.0,0.0,0.0,2.5,7.5,12.5
7,3,9,16,3.6,3.6,1.000,3.6,3.6,1.000,0.0,0.0,,10.9,21.8,.500,7.3,14.5,0.0,0.0,3.6,10.9,18.1,,135.5,120.4
7,4,9,16,20.8,.649,1.000,.000,6.000,7,13.9,0.0,7.4,45.6,0.0,0.0,20.6,15.2,,0.1,0.0,0.1,.156,,6.2,-5.7,0.5
8,0,27,708,163,312,.522,163,311,.524,0,1,.000,60,90,.667,60,74,134,19,26,40,41,53,386
8,1,27,26.2,6.0,11.6,.522,6.0,11.5,.524,0.0,0.0,.000,2.2,3.3,.667,5.0,0.7,1.0,1.5,1.5,2.0,14.3
8,2,27,708,9.2,17.6,.522,9.2,17.6,.524,0.0,0.1,.000,3.4,5.1,.667,7.6,1.1,1.5,2.3,2.3,3.0,21.8
8,3,27,708,13.4,25.6,.522,13.4,25.5,.524,0.0,0.1,.000,4.9,7.4,.667,11.0,1.6,2.1,3.3,3.4,4.3,31.6,,107.0,108.8
8,4,27,708,24.4,.544,.522,.003,.288,337,9.4,13.3,11.2,7.1,2.1,5.3,10.4,28.0,,1.6,0.4,2.0,.112,,1.9,0.6,2.5
9,0,28,392,47,127,.370,26,52,.500,21,75,.280,29,35,.829,13,37,50,21,10,8,31,35,144
9,1,28,14.0,1.7,4.5,.370,0.9,1.9,.500,0.8,2.7,.280,1.0,1.3,.829,1.8,0.8,0.4,0.3,1.1,1.3,5.1
9,2,28,392,4.8,13.0,.370,2.7,5.3,.500,2.1,7.7,.280,3.0,3.6,.829,5.1,2.1,1.0,0.8,3.2,3.6,14.7
9,3,28,392,7.0,18.8,.370,3.8,7.7,.500,3.1,11.1,.280,4.3,5.2,.829,7.4,3.1,1.5,1.2,4.6,5.2,21.3,,93.7,112.2
9,4,28,392,11.8,.501,.453,.591,.276,134,3.7,12.0,7.6,10.9,1.5,1.9,17.8,22.3,,0.2,0.1,0.3,.028,,0.0,-1.7,-1.6
10,0,27,369,54,147,.367,47,108,.435,7,39,.179,30,38,.789,10,28,38,32,15,4,35,22,145
10,1,27,13.7,2.0,5.4,.367,1.7,4.0,.435,0.3,1.4,.179,1.1,1.4,.789,1.4,1.2,0.6,0.1,1.3,0.8,5.4
10,2,27,369,5.9,15.9,.367,5.1,11.7,.435,0.8,4.2,.179,3.3,4.1,.789,4.1,3.5,1.6,0.4,3.8,2.4,15.7
10,3,27,369,8.5,23.1,.367,7.4,17.0,.435,1.1,6.1,.179,4.7,6.0,.789,6.0,5.0,2.4,0.6,5.5,3.5,22.8,,85.6,111.8
10,4,27,369,11.4,.439,.391,.265,.259,141,3.0,9.6,6.1,18.7,2.4,1.0,17.5,27.2,,-0.2,0.1,-0.1,-.007,,-2.4,-1.8,-4.2
11,0,19,79,6,21,.286,2,5,.400,4,16,.250,2,2,1.000,4,7,11,2,1,0,6,6,18
11,1,19,4.2,0.3,1.1,.286,0.1,0.3,.400,0.2,0.8,.250,0.1,0.1,1.000,0.6,0.1,0.1,0.0,0.3,0.3,0.9
11,2,19,79,3.0,10.6,.286,1.0,2.5,.400,2.0,8.1,.250,1.0,1.0,1.000,5.6,1.0,0.5,0.0,3.0,3.0,9.1
11,3,19,79,4.4,15.4,.286,1.5,3.7,.400,2.9,11.8,.250,1.5,1.5,1.000,8.1,1.5,0.7,0.0,4.4,4.4,13.2,,76.8,115.1
11,4,19,79,3.7,.410,.381,.762,.095,18,5.6,11.3,8.2,4.7,0.7,0.0,21.5,17.7,,-0.1,0.0,-0.1,-.042,,-3.5,-3.5,-7.0
12,0,31,941,140,325,.431,106,221,.480,34,104,.327,78,110,.709,11,62,73,115,33,3,92,52,392
12,1,31,30.4,4.5,10.5,.431,3.4,7.1,.480,1.1,3.4,.327,2.5,3.5,.709,2.4,3.7,1.1,0.1,3.0,1.7,12.6
12,2,31,941,6.0,13.8,.431,4.5,9.4,.480,1.4,4.4,.327,3.3,4.7,.709,3.1,4.9,1.4,0.1,3.9,2.2,16.7
12,3,31,941,8.6,20.0,.431,6.5,13.6,.480,2.1,6.4,.327,4.8,6.8,.709,4.5,7.1,2.0,0.2,5.7,3.2,24.2,,96.6,113.3
12,4,31,941,14.7,.520,.483,.320,.338,385,1.3,8.4,4.6,26.5,2.0,0.3,19.6,25.0,,0.8,0.1,1.0,.041,,1.5,-2.2,-0.7
