0,0,36,876,119,228,.522,114,210,.543,5,18,.278,89,110,.809,60,107,167,42,40,15,49,88,332
0,1,36,24.3,3.3,6.3,.522,3.2,5.8,.543,0.1,0.5,.278,2.5,3.1,.809,4.6,1.2,1.1,0.4,1.4,2.4,9.2
0,2,36,876,5.4,10.4,.522,5.2,9.6,.543,0.2,0.8,.278,4.1,5.0,.809,7.6,1.9,1.8,0.7,2.2,4.0,15.2
0,3,36,876,8.1,15.5,.522,7.8,14.3,.543,0.3,1.2,.278,6.1,7.5,.809,11.4,2.9,2.7,1.0,3.3,6.0,22.6,,118.0,100.3
0,4,36,876,20.3,.592,.533,.079,.482,323,8.2,15.0,11.5,9.8,2.7,2.0,14.9,19.0,,2.3,1.2,3.5,.161,,2.2,0.3,2.5
1,0,34,257,9,40,.225,6,24,.250,3,16,.188,7,12,.583,7,24,31,29,13,0,24,22,28
1,1,34,7.6,0.3,1.2,.225,0.2,0.7,.250,0.1,0.5,.188,0.2,0.4,.583,0.9,0.9,0.4,0.0,0.7,0.6,0.8
1,2,34,257,1.4,6.2,.225,0.9,3.7,.250,0.5,2.5,.188,1.1,1.9,.583,4.8,4.5,2.0,0.0,3.7,3.4,4.4
1,3,34,257,2.1,9.3,.225,1.4,5.6,.250,0.7,3.7,.188,1.6,2.8,.583,7.2,6.7,3.0,0.0,5.6,5.1,6.5,,66.8,102.1
1,4,34,257,3.8,.306,.263,.400,.300,43,3.2,11.4,7.3,19.1,3.0,0.0,34.4,13.7,,-0.4,0.3,-0.1,-.017,,-5.5,-0.6,-6.1
2,0,36,436,55,108,.509,44,69,.638,11,39,.282,27,44,.614,36,54,90,13,16,15,21,66,148
2,1,36,12.1,1.5,3.0,.509,1.2,1.9,.638,0.3,1.1,.282,0.8,1.2,.614,2.5,0.4,0.4,0.4,0.6,1.8,4.1
2,2,36,436,5.0,9.9,.509,4.0,6.3,.638,1.0,3.6,.282,2.5,4.0,.614,8.3,1.2,1.5,1.4,1.9,6.1,13.6
2,3,36,436,7.5,14.8,.509,6.0,9.4,.638,1.5,5.3,.282,3.7,6.0,.614,12.3,1.8,2.2,2.0,2.9,9.0,20.2,,115.0,100.2
2,4,36,436,17.6,.574,.560,.361,.407,143,9.8,15.2,12.5,6.0,2.2,4.0,14.0,17.3,,0.9,0.6,1.5,.141,,1.6,-0.1,1.5
3,0,36,1103,103,269,.383,47,106,.443,56,163,.344,104,137,.759,21,86,107,59,40,4,58,82,366
3,1,36,30.6,2.9,7.5,.383,1.3,2.9,.443,1.6,4.5,.344,2.9,3.8,.759,3.0,1.6,1.1,0.1,1.6,2.3,10.2
3,2,36,1103,3.7,9.8,.383,1.7,3.8,.443,2.0,5.9,.344,3.8,5.0,.759,3.9,2.1,1.5,0.1,2.1,3.0,13.3
3,3,36,1103,5.6,14.5,.383,2.5,5.7,.443,3.0,8.8,.344,5.6,7.4,.759,5.8,3.2,2.2,0.2,3.1,4.4,19.8,,110.2,104.6
3,4,36,1103,13.6,.548,.487,.606,.509,343,2.3,9.5,5.9,10.1,2.2,0.4,14.8,17.9,,1.9,1.0,3.0,.108,,2.2,-1.7,0.5
4,0,34,601,43,120,.358,36,95,.379,7,25,.280,26,45,.578,10,23,33,56,28,3,35,58,119
4,1,34,17.7,1.3,3.5,.358,1.1,2.8,.379,0.2,0.7,.280,0.8,1.3,.578,1.0,1.6,0.8,0.1,1.0,1.7,3.5
4,2,34,601,2.9,8.0,.358,2.4,6.3,.379,0.5,1.7,.280,1.7,3.0,.578,2.2,3.7,1.9,0.2,2.3,3.9,7.9
4,3,34,601,4.3,11.9,.358,3.6,9.4,.379,0.7,2.5,.280,2.6,4.5,.578,3.3,5.6,2.8,0.3,3.5,5.7,11.8,,89.2,105.1
4,4,34,601,7.6,.421,.388,.208,.375,134,2.0,4.7,3.3,16.8,2.8,0.6,19.8,14.8,,0.0,0.5,0.5,.037,,-2.8,-1.6,-4.5
5,0,26,605,119,196,.607,119,196,.607,0,0,,44,74,.595,77,105,182,19,19,35,29,76,282
5,1,26,23.3,4.6,7.5,.607,4.6,7.5,.607,0.0,0.0,,1.7,2.8,.595,7.0,0.7,0.7,1.3,1.1,2.9,10.8
5,2,26,605,7.9,13.0,.607,7.9,13.0,.607,0.0,0.0,,2.9,4.9,.595,12.0,1.3,1.3,2.3,1.9,5.0,18.6
5,3,26,605,11.7,19.3,.607,11.7,19.3,.607,0.0,0.0,,4.3,7.3,.595,17.9,1.9,1.9,3.4,2.9,7.5,27.8,,123.6,97.2
5,4,26,605,27.8,.610,.607,.000,.378,266,15.2,21.3,18.2,7.3,1.9,6.7,11.1,21.7,,2.2,1.0,3.2,.210,,3.5,1.6,5.1
6,0,35,801,83,161,.516,83,161,.516,0,0,,62,86,.721,62,112,174,13,16,79,44,111,228
6,1,35,22.9,2.4,4.6,.516,2.4,4.6,.516,0.0,0.0,,1.8,2.5,.721,5.0,0.4,0.5,2.3,1.3,3.2,6.5
6,2,35,801,4.1,8.0,.516,4.1,8.0,.516,0.0,0.0,,3.1,4.3,.721,8.7,0.6,0.8,3.9,2.2,5.5,11.4
6,3,35,801,6.2,12.0,.516,6.2,12.0,.516,0.0,0.0,,4.6,6.4,.721,12.9,1.0,1.2,5.9,3.3,8.3,17.0,,108.8,98.2
6,4,35,801,16.9,.565,.516,.000,.534,225,9.2,17.1,13.1,3.1,1.2,11.4,17.9,15.5,,1.2,1.3,2.4,.122,,-1.8,4.2,2.4
7,0,36,1213,192,419,.458,162,294,.551,30,125,.240,141,184,.766,37,126,163,143,57,7,80,74,555
7,1,36,33.7,5.3,11.6,.458,4.5,8.2,.551,0.8,3.5,.240,3.9,5.1,.766,4.5,4.0,1.6,0.2,2.2,2.1,15.4
7,2,36,1213,6.3,13.8,.458,5.3,9.7,.551,1.0,4.1,.240,4.6,6.1,.766,5.4,4.7,1.9,0.2,2.6,2.4,18.3
7,3,36,1213,9.4,20.6,.458,8.0,14.4,.551,1.5,6.1,.240,6.9,9.0,.766,8.0,7.0,2.8,0.3,3.9,3.6,27.3,,114.6,101.8
7,4,36,1213,22.3,.548,.494,.298,.439,557,3.6,12.7,8.1,25.3,2.8,0.7,13.6,24.4,,3.6,1.5,5.1,.168,,4.5,-0.8,3.7
8,0,5,116,25,47,.532,21,38,.553,4,9,.444,6,7,.857,9,11,20,2,2,1,4,8,60
8,1,5,23.2,5.0,9.4,.532,4.2,7.6,.553,0.8,1.8,.444,1.2,1.4,.857,4.0,0.4,0.4,0.2,0.8,1.6,12.0
8,2,5,116,8.6,16.2,.532,7.2,13.1,.553,1.4,3.1,.444,2.1,2.4,.857,6.9,0.7,0.7,0.3,1.4,2.8,20.7
8,3,5,116,12.8,24.1,.532,10.8,19.5,.553,2.1,4.6,.444,3.1,3.6,.857,10.3,1.0,1.0,0.5,2.1,4.1,30.8,,122.7,106.1
8,4,5,116,23.5,.596,.574,.191,.149,50,9.3,11.6,10.4,4.2,1.0,1.0,7.4,23.6,,0.4,0.1,0.5,.171,,2.8,-4.8,-2.0
9,0,4,8,0,1,.000,0,1,.000,0,0,,2,4,.500,0,0,0,0,0,0,0,2,2
9,1,4,2.0,0.0,0.3,.000,0.0,0.3,.000,0.0,0.0,,0.5,1.0,.500,0.0,0.0,0.0,0.0,0.0,0.5,0.5
9,2,4,8,0.0,5.0,.000,0.0,5.0,.000,0.0,0.0,,10.0,20.0,.500,0.0,0.0,0.0,0.0,0.0,10.0,10.0
9,3,4,8,0.0,7.4,.000,0.0,7.4,.000,0.0,0.0,,14.9,29.8,.500,0.0,0.0,0.0,0.0,0.0,14.9,14.9,,86.3,112.7
9,4,4,8,-1.2,.345,.000,.000,4.000,2,0.0,0.0,0.0,0.0,0.0,0.0,0.0,18.3,,0.0,0.0,0.0,-.002,,-7.3,-6.9,-14.2
10,0,36,1209,155,419,.370,106,261,.406,49,158,.310,118,154,.766,56,101,157,87,41,6,96,97,477
10,1,36,33.6,4.3,11.6,.370,2.9,7.3,.406,1.4,4.4,.310,3.3,4.3,.766,4.4,2.4,1.1,0.2,2.7,2.7,13.3
10,2,36,1209,5.1,13.9,.370,3.5,8.6,.406,1.6,5.2,.310,3.9,5.1,.766,5.2,2.9,1.4,0.2,3.2,3.2,15.8
10,3,36,1209,7.6,20.6,.370,5.2,12.9,.406,2.4,7.8,.310,5.8,7.6,.766,7.7,4.3,2.0,0.3,4.7,4.8,23.5,,99.5,104.6
10,4,36,1209,14.1,.485,.428,.377,.368,474,5.5,10.2,7.8,14.5,2.0,0.6,16.3,24.5,,1.5,1.1,2.6,.086,,0.3,-1.9,-1.5
