0,0,33,882,174,326,.534,165,298,.554,9,28,.321,41,77,.532,64,89,153,45,42,20,32,88,398
0,1,33,26.7,5.3,9.9,.534,5.0,9.0,.554,0.3,0.8,.321,1.2,2.3,.532,4.6,1.4,1.3,0.6,1.0,2.7,12.1
0,2,33,882,7.9,14.8,.534,7.5,13.5,.554,0.4,1.3,.321,1.9,3.5,.532,6.9,2.0,1.9,0.9,1.5,4.0,18.0
0,3,33,882,11.3,21.1,.534,10.7,19.3,.554,0.6,1.8,.321,2.7,5.0,.532,9.9,2.9,2.7,1.3,2.1,5.7,25.7,,116.2,101.9
0,4,33,882,21.8,.549,.548,.086,.236,374,8.2,12.9,10.4,10.4,2.7,2.5,8.1,22.0,,2.5,1.0,3.5,.160,,2.9,0.3,3.2
1,0,32,280,16,54,.296,14,37,.378,2,17,.118,12,23,.522,11,18,29,40,22,1,27,30,46
1,1,32,8.8,0.5,1.7,.296,0.4,1.2,.378,0.1,0.5,.118,0.4,0.7,.522,0.9,1.3,0.7,0.0,0.8,0.9,1.4
1,2,32,280,2.3,7.7,.296,2.0,5.3,.378,0.3,2.4,.118,1.7,3.3,.522,4.1,5.7,3.1,0.1,3.9,4.3,6.6
1,3,32,280,3.3,11.0,.296,2.9,7.5,.378,0.4,3.5,.118,2.4,4.7,.522,5.9,8.1,4.5,0.2,5.5,6.1,9.4,,78.6,100.6
1,4,32,280,7.8,.354,.315,.315,.426,68,4.5,8.2,6.2,22.6,4.5,0.4,29.4,16.1,,-0.2,0.4,0.1,.016,,-3.5,0.5,-3.0
2,0,32,688,64,123,.520,50,75,.667,14,48,.292,36,49,.735,49,90,139,34,27,16,36,86,178
2,1,32,21.5,2.0,3.8,.520,1.6,2.3,.667,0.4,1.5,.292,1.1,1.5,.735,4.3,1.1,0.8,0.5,1.1,2.7,5.6
2,2,32,688,3.7,7.2,.520,2.9,4.4,.667,0.8,2.8,.292,2.1,2.8,.735,8.1,2.0,1.6,0.9,2.1,5.0,10.3
2,3,32,688,5.3,10.2,.520,4.1,6.2,.667,1.2,4.0,.292,3.0,4.1,.735,11.5,2.8,2.2,1.3,3.0,7.1,14.8,,116.1,101.6
2,4,32,688,14.8,.608,.577,.390,.398,190,8.1,16.7,12.1,8.3,2.2,2.6,19.8,13.0,,1.3,0.8,2.1,.121,,2.0,1.3,3.3
3,0,33,1161,133,342,.389,60,142,.423,73,200,.365,136,163,.834,20,83,103,109,44,5,72,64,475
3,1,33,35.2,4.0,10.4,.389,1.8,4.3,.423,2.2,6.1,.365,4.1,4.9,.834,3.1,3.3,1.3,0.2,2.2,1.9,14.4
3,2,33,1161,4.6,11.8,.389,2.1,4.9,.423,2.5,6.9,.365,4.7,5.6,.834,3.5,3.8,1.5,0.2,2.5,2.2,16.4
3,3,33,1161,6.5,16.8,.389,2.9,7.0,.423,3.6,9.8,.365,6.7,8.0,.834,5.1,5.4,2.2,0.2,3.5,3.1,23.3,,114.5,105.7
3,4,33,1161,17.3,.566,.496,.585,.477,466,2.0,9.1,5.3,16.4,2.2,0.5,14.7,20.8,,3.0,0.9,3.9,.134,,4.2,-1.7,2.5
4,0,6,27,4,9,.444,3,8,.375,1,1,1.000,1,3,.333,2,1,3,1,0,0,3,4,10
4,1,6,4.5,0.7,1.5,.444,0.5,1.3,.375,0.2,0.2,1.000,0.2,0.5,.333,0.5,0.2,0.0,0.0,0.5,0.7,1.7
4,2,6,27,5.9,13.3,.444,4.4,11.9,.375,1.5,1.5,1.000,1.5,4.4,.333,4.4,1.5,0.0,0.0,4.4,5.9,14.8
4,3,6,27,8.5,19.0,.444,6.3,16.9,.375,2.1,2.1,1.000,2.1,6.3,.333,6.3,2.1,0.0,0.0,6.3,8.5,21.1,,85.1,111.9
4,4,6,27,6.0,.480,.500,.111,.333,10,8.4,4.7,6.7,6.9,0.0,0.0,22.3,24.4,,0.0,0.0,0.0,-.009,,-4.8,-5.4,-10.2
5,0,32,804,85,220,.386,55,138,.399,30,82,.366,44,54,.815,35,67,102,47,22,11,38,53,244
5,1,32,25.1,2.7,6.9,.386,1.7,4.3,.399,0.9,2.6,.366,1.4,1.7,.815,3.2,1.5,0.7,0.3,1.2,1.7,7.6
5,2,32,804,4.2,10.9,.386,2.7,6.9,.399,1.5,4.1,.366,2.2,2.7,.815,5.1,2.3,1.1,0.5,1.9,2.6,12.1
5,3,32,804,6.0,15.6,.386,3.9,9.8,.399,2.1,5.8,.366,3.1,3.8,.815,7.2,3.3,1.6,0.8,2.7,3.8,17.3,,104.8,106.0
5,4,32,804,12.6,.497,.455,.373,.245,247,4.9,10.6,7.6,10.0,1.6,1.5,13.4,17.3,,1.1,0.6,1.7,.084,,0.4,-0.9,-0.5
6,0,28,128,11,22,.500,9,17,.529,2,5,.400,7,9,.778,14,16,30,5,4,3,12,35,31
6,1,28,4.6,0.4,0.8,.500,0.3,0.6,.529,0.1,0.2,.400,0.3,0.3,.778,1.1,0.2,0.1,0.1,0.4,1.3,1.1
6,2,28,128,3.4,6.9,.500,2.8,5.3,.529,0.6,1.6,.400,2.2,2.8,.778,9.4,1.6,1.3,0.9,3.8,10.9,9.7
6,3,28,128,4.9,9.8,.500,4.0,7.6,.529,0.9,2.2,.400,3.1,4.0,.778,13.4,2.2,1.8,1.3,5.3,15.6,13.8,,100.2,102.1
6,4,28,128,9.6,.590,.545,.227,.409,36,12.4,16.0,14.1,6.5,1.8,2.6,31.4,14.7,,0.1,0.1,0.3,.082,,-1.1,0.1,-1.0
7,0,33,1208,214,436,.491,172,306,.562,42,130,.323,147,205,.717,43,124,167,147,64,20,68,66,617
7,1,33,36.6,6.5,13.2,.491,5.2,9.3,.562,1.3,3.9,.323,4.5,6.2,.717,5.1,4.5,1.9,0.6,2.1,2.0,18.7
7,2,33,1208,7.1,14.4,.491,5.7,10.1,.562,1.4,4.3,.323,4.9,6.8,.717,5.5,4.9,2.1,0.7,2.3,2.2,20.4
7,3,33,1208,10.1,20.6,.491,8.1,14.5,.562,2.0,6.1,.323,6.9,9.7,.717,7.9,6.9,3.0,0.9,3.2,3.1,29.1,,121.5,101.7
7,4,33,1208,25.7,.578,.539,.298,.470,617,4.0,13.1,8.3,23.8,3.0,1.8,11.3,24.4,,4.7,1.4,6.1,.203,,6.5,0.5,7.1
8,0,33,977,177,383,.462,126,241,.523,51,142,.359,78,99,.788,59,137,196,32,28,14,44,98,483
8,1,33,29.6,5.4,11.6,.462,3.8,7.3,.523,1.5,4.3,.359,2.4,3.0,.788,5.9,1.0,0.8,0.4,1.3,3.0,14.6
8,2,33,977,7.2,15.7,.462,5.2,9.9,.523,2.1,5.8,.359,3.2,4.1,.788,8.0,1.3,1.1,0.6,1.8,4.0,19.8
8,3,33,977,10.3,22.4,.462,7.4,14.1,.523,3.0,8.3,.359,4.6,5.8,.788,11.4,1.9,1.6,0.8,2.6,5.7,28.2,,116.0,103.1
8,4,33,977,20.8,.562,.529,.371,.258,436,6.8,17.9,12.1,6.5,1.6,1.6,9.3,23.8,,2.9,1.0,3.9,.160,,3.1,-2.1,1.0
9,0,33,207,9,25,.360,9,25,.360,0,0,,9,21,.429,24,29,53,4,7,20,5,39,27
9,1,33,6.3,0.3,0.8,.360,0.3,0.8,.360,0.0,0.0,,0.3,0.6,.429,1.6,0.1,0.2,0.6,0.2,1.2,0.8
9,2,33,207,1.7,4.8,.360,1.7,4.8,.360,0.0,0.0,,1.7,4.1,.429,10.2,0.8,1.4,3.9,1.0,7.5,5.2
9,3,33,207,2.5,6.9,.360,2.5,6.9,.360,0.0,0.0,,2.5,5.8,.429,14.6,1.1,1.9,5.5,1.4,10.7,7.4,,103.6,97.4
9,4,33,207,11.8,.386,.360,.000,.840,40,13.1,17.9,15.4,3.0,1.9,10.7,12.5,9.5,,0.2,0.3,0.5,.095,,-2.6,5.1,2.5
10,0,7,9,1,3,.333,1,3,.333,0,0,,2,2,1.000,2,2,4,1,1,0,1,3,4
10,1,7,1.3,0.1,0.4,.333,0.1,0.4,.333,0.0,0.0,,0.3,0.3,1.000,0.6,0.1,0.1,0.0,0.1,0.4,0.6
10,2,7,9,4.4,13.3,.333,4.4,13.3,.333,0.0,0.0,,8.9,8.9,1.000,17.8,4.4,4.4,0.0,4.4,13.3,17.8
10,3,7,9,6.3,19.0,.333,6.3,19.0,.333,0.0,0.0,,12.7,12.7,1.000,25.4,6.3,6.3,0.0,6.3,19.0,25.4,,112.5,88.7
10,4,7,9,26.1,.506,.333,.000,.667,5,25.2,28.4,26.7,19.3,6.3,0.0,20.2,27.0,,0.0,0.0,0.1,.237,,3.4,3.3,6.7
11,0,30,229,20,48,.417,10,16,.625,10,32,.313,5,6,.833,5,14,19,16,12,2,16,22,55
11,1,30,7.6,0.7,1.6,.417,0.3,0.5,.625,0.3,1.1,.313,0.2,0.2,.833,0.6,0.5,0.4,0.1,0.5,0.7,1.8
11,2,30,229,3.5,8.4,.417,1.7,2.8,.625,1.7,5.6,.313,0.9,1.0,.833,3.3,2.8,2.1,0.3,2.8,3.8,9.6
11,3,30,229,5.0,12.0,.417,2.5,4.0,.625,2.5,8.0,.313,1.2,1.5,.833,4.7,4.0,3.0,0.5,4.0,5.5,13.7,,96.6,103.9
11,4,30,229,9.9,.541,.521,.667,.125,56,2.5,7.8,5.0,11.6,3.0,1.0,23.9,14.3,,0.1,0.2,0.4,.061,,-0.2,-0.8,-1.0
