0,0,33,670,96,229,.419,79,185,.427,17,44,.386,71,90,.789,7,65,72,52,24,3,56,84,280
0,1,33,20.3,2.9,6.9,.419,2.4,5.6,.427,0.5,1.3,.386,2.2,2.7,.789,2.2,1.6,0.7,0.1,1.7,2.5,8.5
0,2,33,670,5.7,13.7,.419,4.7,11.0,.427,1.0,2.6,.386,4.2,5.4,.789,4.3,3.1,1.4,0.2,3.3,5.0,16.7
0,3,33,670,8.5,20.4,.419,7.0,16.5,.427,1.5,3.9,.386,6.3,8.0,.789,6.4,4.6,2.1,0.3,5.0,7.5,24.9,,96.7,100.6
0,4,33,670,14.6,.515,.456,.192,.393,272,1.3,11.7,6.5,18.1,2.1,0.5,17.1,26.1,,0.6,0.9,1.5,.091,,-1.2,-0.6,-1.8
1,0,34,806,76,152,.500,76,151,.503,0,1,.000,51,117,.436,81,158,239,37,49,16,51,100,203
1,1,34,23.7,2.2,4.5,.500,2.2,4.4,.503,0.0,0.0,.000,1.5,3.4,.436,7.0,1.1,1.4,0.5,1.5,2.9,6.0
1,2,34,806,3.8,7.5,.500,3.8,7.5,.503,0.0,0.0,.000,2.5,5.8,.436,11.9,1.8,2.4,0.8,2.5,5.0,10.1
1,3,34,806,5.6,11.3,.500,5.6,11.2,.503,0.0,0.1,.000,3.8,8.7,.436,17.7,2.7,3.6,1.2,3.8,7.4,15.0,,98.4,92.1
1,4,34,806,16.5,.489,.500,.007,.770,241,12.2,23.7,17.9,9.6,3.6,2.2,19.7,17.1,,0.7,1.7,2.4,.120,,-0.9,4.4,3.5
2,0,34,704,75,204,.368,29,83,.349,46,121,.380,21,37,.568,22,66,88,26,12,6,34,52,217
2,1,34,20.7,2.2,6.0,.368,0.9,2.4,.349,1.4,3.6,.380,0.6,1.1,.568,2.6,0.8,0.4,0.2,1.0,1.5,6.4
2,2,34,704,4.3,11.6,.368,1.6,4.7,.349,2.6,6.9,.380,1.2,2.1,.568,5.0,1.5,0.7,0.3,1.9,3.0,12.3
2,3,34,704,6.4,17.3,.368,2.5,7.0,.349,3.9,10.3,.380,1.8,3.1,.568,7.5,2.2,1.0,0.5,2.9,4.4,18.4,,95.6,103.2
2,4,34,704,10.7,.490,.480,.593,.181,207,3.8,11.3,7.6,8.0,1.0,0.9,13.3,19.3,,0.4,0.8,1.2,.067,,-0.3,-1.1,-1.4
3,0,34,882,82,180,.456,50,106,.472,32,74,.432,47,60,.783,9,79,88,32,10,0,31,79,243
3,1,34,25.9,2.4,5.3,.456,1.5,3.1,.472,0.9,2.2,.432,1.4,1.8,.783,2.6,0.9,0.3,0.0,0.9,2.3,7.1
3,2,34,882,3.7,8.2,.456,2.3,4.8,.472,1.5,3.4,.432,2.1,2.7,.783,4.0,1.5,0.5,0.0,1.4,3.6,11.0
3,3,34,882,5.5,12.2,.456,3.4,7.2,.472,2.2,5.0,.432,3.2,4.1,.783,6.0,2.2,0.7,0.0,2.1,5.3,16.4,,111.1,104.6
3,4,34,882,10.9,.583,.544,.411,.333,224,1.2,10.8,6.0,7.6,0.7,0.0,12.9,14.5,,1.3,0.8,2.1,.097,,0.6,-0.8,-0.3
4,0,31,713,45,132,.341,35,97,.361,10,35,.286,47,68,.691,7,41,48,76,24,1,61,71,147
4,1,31,23.0,1.5,4.3,.341,1.1,3.1,.361,0.3,1.1,.286,1.5,2.2,.691,1.5,2.5,0.8,0.0,2.0,2.3,4.7
4,2,31,713,2.5,7.4,.341,2.0,5.4,.361,0.6,2.0,.286,2.6,3.8,.691,2.7,4.3,1.3,0.1,3.4,4.0,8.2
4,3,31,713,3.8,11.0,.341,2.9,8.1,.361,0.8,2.9,.286,3.9,5.7,.691,4.0,6.4,2.0,0.1,5.1,5.9,12.3,,83.5,103.0
4,4,31,713,6.6,.447,.379,.265,.515,175,1.2,6.9,4.1,21.0,2.0,0.2,27.1,16.8,,-0.3,0.8,0.5,.025,,-3.6,-0.4,-4.0
5,0,14,61,1,4,.250,1,3,.333,0,1,.000,4,7,.571,1,3,4,0,1,1,1,7,6
5,1,14,4.4,0.1,0.3,.250,0.1,0.2,.333,0.0,0.1,.000,0.3,0.5,.571,0.3,0.0,0.1,0.1,0.1,0.5,0.4
5,2,14,61,0.7,2.6,.250,0.7,2.0,.333,0.0,0.7,.000,2.6,4.6,.571,2.6,0.0,0.7,0.7,0.7,4.6,3.9
5,3,14,61,1.0,3.9,.250,1.0,2.9,.333,0.0,1.0,.000,3.9,6.8,.571,3.9,0.0,1.0,1.0,1.0,6.8,5.9,,86.6,104.6
5,4,14,61,2.7,.410,.250,.250,1.750,6,2.0,5.9,4.0,0.0,1.0,1.8,12.0,7.3,,0.0,0.1,0.1,.035,,-4.5,-0.3,-4.8
6,0,33,1101,190,436,.436,163,324,.503,27,112,.241,148,209,.708,42,148,190,52,63,25,83,103,555
6,1,33,33.4,5.8,13.2,.436,4.9,9.8,.503,0.8,3.4,.241,4.5,6.3,.708,5.8,1.6,1.9,0.8,2.5,3.1,16.8
6,2,33,1101,6.9,15.8,.436,5.9,11.8,.503,1.0,4.1,.241,5.4,7.6,.708,6.9,1.9,2.3,0.9,3.0,3.7,20.2
6,3,33,1101,10.3,23.6,.436,8.8,17.6,.503,1.5,6.1,.241,8.0,11.3,.708,10.3,2.8,3.4,1.4,4.5,5.6,30.1,,100.8,95.3
6,4,33,1101,21.5,.518,.467,.257,.479,527,4.6,16.2,10.4,11.9,3.4,2.5,13.4,29.9,,1.8,2.0,3.8,.140,,1.2,1.9,3.1
7,0,29,1041,169,359,.471,92,178,.517,77,181,.425,62,73,.849,18,81,99,40,24,9,47,56,477
7,1,29,35.9,5.8,12.4,.471,3.2,6.1,.517,2.7,6.2,.425,2.1,2.5,.849,3.4,1.4,0.8,0.3,1.6,1.9,16.4
7,2,29,1041,6.5,13.8,.471,3.5,6.8,.517,3.0,7.0,.425,2.4,2.8,.849,3.8,1.5,0.9,0.3,1.8,2.2,18.3
7,3,29,1041,9.7,20.6,.471,5.3,10.2,.517,4.4,10.4,.425,3.6,4.2,.849,5.7,2.3,1.4,0.5,2.7,3.2,27.3,,115.7,103.3
7,4,29,1041,19.5,.606,.578,.504,.203,420,2.1,9.4,5.7,9.4,1.4,1.0,10.7,22.6,,2.8,1.1,4.0,.152,,4.9,-1.0,3.9
8,0,29,244,8,18,.444,8,18,.444,0,0,,11,20,.550,8,25,33,12,6,2,19,32,27
8,1,29,8.4,0.3,0.6,.444,0.3,0.6,.444,0.0,0.0,,0.4,0.7,.550,1.1,0.4,0.2,0.1,0.7,1.1,0.9
8,2,29,244,1.3,3.0,.444,1.3,3.0,.444,0.0,0.0,,1.8,3.3,.550,5.4,2.0,1.0,0.3,3.1,5.2,4.4
8,3,29,244,2.0,4.4,.444,2.0,4.4,.444,0.0,0.0,,2.7,4.9,.550,8.1,2.9,1.5,0.5,4.6,7.8,6.6,,76.3,101.6
8,4,29,244,3.7,.491,.444,.000,1.111,35,4.0,12.4,8.2,9.1,1.5,0.9,40.9,10.2,,-0.2,0.3,0.1,.022,,-5.0,1.7,-3.3
9,0,1,1,0,0,,0,0,,0,0,,0,0,,0,0,0,0,0,0,0,0,0
9,1,1,1.0,0.0,0.0,,0.0,0.0,,0.0,0.0,,0.0,0.0,,0.0,0.0,0.0,0.0,0.0,0.0,0.0
9,2,1,1,0.0,0.0,,0.0,0.0,,0.0,0.0,,0.0,0.0,,0.0,0.0,0.0,0.0,0.0,0.0,0.0
9,3,1,1,0.0,0.0,,0.0,0.0,,0.0,0.0,,0.0,0.0,,0.0,0.0,0.0,0.0,0.0,0.0,0.0,,,110.5
9,4,1,1,0.0,,,,,0,0.0,0.0,0.0,0.0,0.0,0.0,,0.0,,0.0,0.0,0.0,.015,,-4.6,0.7,-3.8
10,0,13,134,5,19,.263,2,3,.667,3,16,.188,2,4,.500,5,16,21,9,6,1,6,18,15
10,1,13,10.3,0.4,1.5,.263,0.2,0.2,.667,0.2,1.2,.188,0.2,0.3,.500,1.6,0.7,0.5,0.1,0.5,1.4,1.2
10,2,13,134,1.5,5.7,.263,0.6,0.9,.667,0.9,4.8,.188,0.6,1.2,.500,6.3,2.7,1.8,0.3,1.8,5.4,4.5
10,3,13,134,2.2,8.5,.263,0.9,1.3,.667,1.3,7.1,.188,0.9,1.8,.500,9.4,4.0,2.7,0.4,2.7,8.0,6.7,,81.5,98.2
10,4,13,134,6.1,.359,.342,.842,.211,21,4.5,14.4,9.5,12.6,2.7,0.8,22.3,10.7,,-0.1,0.2,0.2,.046,,-2.1,2.1,0.0
11,0,5,7,1,2,.500,1,2,.500,0,0,,1,2,.500,1,0,1,0,0,0,0,1,3
11,1,5,1.4,0.2,0.4,.500,0.2,0.4,.500,0.0,0.0,,0.2,0.4,.500,0.2,0.0,0.0,0.0,0.0,0.2,0.6
11,2,5,7,5.7,11.4,.500,5.7,11.4,.500,0.0,0.0,,5.7,11.4,.500,5.7,0.0,0.0,0.0,0.0,5.7,17.1
11,3,5,7,8.5,17.0,.500,8.5,17.0,.500,0.0,0.0,,8.5,17.0,.500,8.5,0.0,0.0,0.0,0.0,8.5,25.6,,121.6,109.7
11,4,5,7,18.1,.508,.500,.000,1.000,3,17.3,0.0,8.6,0.0,0.0,0.0,0.0,22.5,,0.0,0.0,0.0,.158,,0.6,-7.8,-7.2
12,0,32,536,40,59,.678,40,59,.678,0,0,,26,62,.419,39,91,130,14,17,39,41,82,106
12,1,32,16.8,1.3,1.8,.678,1.3,1.8,.678,0.0,0.0,,0.8,1.9,.419,4.1,0.4,0.5,1.2,1.3,2.6,3.3
12,2,32,536,3.0,4.4,.678,3.0,4.4,.678,0.0,0.0,,1.9,4.6,.419,9.7,1.0,1.3,2.9,3.1,6.1,7.9
12,3,32,536,4.5,6.6,.678,4.5,6.6,.678,0.0,0.0,,2.9,6.9,.419,14.5,1.6,1.9,4.3,4.6,9.1,11.8,,94.8,93.7
12,4,32,536,13.0,.599,.678,.000,1.051,117,8.8,20.5,14.7,5.3,1.9,8.1,31.7,12.9,,0.2,1.1,1.3,.096,,-2.8,6.0,3.3
