0,0,16,489,36,77,.468,35,75,.467,1,2,.500,42,56,.750,41,65,106,6,11,6,14,52,115
0,1,16,30.6,2.3,4.8,.468,2.2,4.7,.467,0.1,0.1,.500,2.6,3.5,.750,6.6,0.4,0.7,0.4,0.9,3.3,7.2
0,2,16,489,2.9,6.3,.468,2.9,6.1,.467,0.1,0.2,.500,3.4,4.6,.750,8.7,0.5,0.9,0.5,1.1,4.3,9.4
0,3,16,489,4.6,9.9,.468,4.5,9.7,.467,0.1,0.3,.500,5.4,7.2,.750,13.7,0.8,1.4,0.8,1.8,6.7,14.8,,118.6,102.9
0,4,16,489,13.8,.555,.474,.026,.727,123,9.6,15.4,12.5,2.4,1.4,1.4,11.9,13.1,,0.8,0.7,1.5,.126,,-1.1,1.1,-0.1
1,0,28,826,128,323,.396,107,248,.431,21,75,.280,51,78,.654,12,72,84,53,19,8,44,59,328
1,1,28,29.5,4.6,11.5,.396,3.8,8.9,.431,0.8,2.7,.280,1.8,2.8,.654,3.0,1.9,0.7,0.3,1.6,2.1,11.7
1,2,28,826,6.2,15.6,.396,5.2,12.0,.431,1.0,3.6,.280,2.5,3.8,.654,4.1,2.6,0.9,0.4,2.1,2.9,15.9
1,3,28,826,9.8,24.7,.396,8.2,18.9,.431,1.6,5.7,.280,3.9,6.0,.654,6.4,4.0,1.5,0.6,3.4,4.5,25.1,,93.2,105.5
1,4,28,826,12.6,.455,.429,.232,.241,304,1.7,10.1,5.8,15.2,1.5,1.1,10.9,26.7,,0.1,1.0,1.1,.054,,-2.4,-0.7,-3.1
2,0,24,280,19,30,.633,19,30,.633,0,0,,10,19,.526,23,41,64,3,3,11,3,33,48
2,1,24,11.7,0.8,1.3,.633,0.8,1.3,.633,0.0,0.0,,0.4,0.8,.526,2.7,0.1,0.1,0.5,0.1,1.4,2.0
2,2,24,280,2.7,4.3,.633,2.7,4.3,.633,0.0,0.0,,1.4,2.7,.526,9.1,0.4,0.4,1.6,0.4,4.7,6.9
2,3,24,280,4.3,6.8,.633,4.3,6.8,.633,0.0,0.0,,2.3,4.3,.526,14.4,0.7,0.7,2.5,0.7,7.4,10.8,,135.6,102.1
2,4,24,280,13.6,.615,.633,.000,.633,53,9.4,17.0,13.1,2.1,0.7,4.4,7.1,8.2,,0.5,0.4,0.9,.134,,-1.7,2.1,0.4
3,0,30,479,21,63,.333,18,49,.367,3,14,.214,19,33,.576,5,46,51,27,12,1,17,52,64
3,1,30,16.0,0.7,2.1,.333,0.6,1.6,.367,0.1,0.5,.214,0.6,1.1,.576,1.7,0.9,0.4,0.0,0.6,1.7,2.1
3,2,30,479,1.8,5.3,.333,1.5,4.1,.367,0.3,1.2,.214,1.6,2.8,.576,4.3,2.3,1.0,0.1,1.4,4.3,5.3
3,3,30,479,2.8,8.3,.333,2.4,6.5,.367,0.4,1.8,.214,2.5,4.3,.576,6.7,3.6,1.6,0.1,2.2,6.8,8.4,,85.1,104.9
3,4,30,479,4.9,.407,.357,.222,.524,71,1.2,11.1,6.1,10.6,1.6,0.2,17.8,10.9,,-0.2,0.6,0.4,.036,,-4.7,1.1,-3.6
4,0,30,1062,186,466,.399,114,244,.467,72,222,.324,106,129,.822,20,77,97,60,26,3,38,83,550
4,1,30,35.4,6.2,15.5,.399,3.8,8.1,.467,2.4,7.4,.324,3.5,4.3,.822,3.2,2.0,0.9,0.1,1.3,2.8,18.3
4,2,30,1062,7.0,17.6,.399,4.3,9.2,.467,2.7,8.4,.324,4.0,4.9,.822,3.7,2.3,1.0,0.1,1.4,3.1,20.7
4,3,30,1062,11.1,27.7,.399,6.8,14.5,.467,4.3,13.2,.324,6.3,7.7,.822,5.8,3.6,1.5,0.2,2.3,4.9,32.7,,110.4,106.3
4,4,30,1062,19.1,.522,.476,.476,.277,492,2.2,8.4,5.3,14.1,1.5,0.3,6.7,29.1,,2.4,1.2,3.6,.137,,4.2,-2.2,2.1
5,0,4,7,0,1,.000,0,1,.000,0,0,,0,0,,0,0,0,0,1,0,0,0,0
5,1,4,1.8,0.0,0.3,.000,0.0,0.3,.000,0.0,0.0,,0.0,0.0,,0.0,0.0,0.3,0.0,0.0,0.0,0.0
5,2,4,7,0.0,5.7,.000,0.0,5.7,.000,0.0,0.0,,0.0,0.0,,0.0,0.0,5.7,0.0,0.0,0.0,0.0
5,3,4,7,0.0,9.0,.000,0.0,9.0,.000,0.0,0.0,,0.0,0.0,,0.0,0.0,9.0,0.0,0.0,0.0,0.0,,0.0,94.5
5,4,4,7,2.8,.000,.000,.000,.000,0,0.0,0.0,0.0,0.0,9.0,0.0,0.0,7.8,,0.0,0.0,0.0,-.019,,-8.0,7.0,-0.9
6,0,5,134,20,54,.370,14,32,.438,6,22,.273,19,22,.864,0,21,21,11,3,1,7,17,65
6,1,5,26.8,4.0,10.8,.370,2.8,6.4,.438,1.2,4.4,.273,3.8,4.4,.864,4.2,2.2,0.6,0.2,1.4,3.4,13.0
6,2,5,134,6.0,16.1,.370,4.2,9.6,.438,1.8,6.6,.273,5.7,6.6,.864,6.3,3.3,0.9,0.3,2.1,5.1,19.4
6,3,5,134,9.4,25.4,.370,6.6,15.1,.438,2.8,10.4,.273,8.9,10.4,.864,9.9,5.2,1.4,0.5,3.3,8.0,30.6,,104.9,101.9
6,4,5,134,17.6,.504,.426,.407,.407,60,0.0,18.1,9.0,19.2,1.4,0.8,9.8,29.1,,0.2,0.2,0.4,.127,,0.9,-1.1,-0.2
7,0,5,4,1,1,1.000,1,1,1.000,0,0,,0,0,,0,0,0,1,0,0,0,1,2
7,1,5,0.8,0.2,0.2,1.000,0.2,0.2,1.000,0.0,0.0,,0.0,0.0,,0.0,0.2,0.0,0.0,0.0,0.2,0.4
7,2,5,4,10.0,10.0,1.000,10.0,10.0,1.000,0.0,0.0,,0.0,0.0,,0.0,10.0,0.0,0.0,0.0,10.0,20.0
7,3,5,4,15.8,15.8,1.000,15.8,15.8,1.000,0.0,0.0,,0.0,0.0,,0.0,15.8,0.0,0.0,0.0,15.8,31.5,,204.2,112.3
7,4,5,4,33.2,1.000,1.000,.000,.000,2,0.0,0.0,0.0,76.5,0.0,0.0,0.0,13.7,,0.0,0.0,0.0,.383,,8.9,-18.1,-9.2
8,0,7,15,1,1,1.000,0,0,,1,1,1.000,0,0,,2,0,2,3,1,0,2,0,3
8,1,7,2.1,0.1,0.1,1.000,0.0,0.0,,0.1,0.1,1.000,0.0,0.0,,0.3,0.4,0.1,0.0,0.3,0.0,0.4
8,2,7,15,2.7,2.7,1.000,0.0,0.0,,2.7,2.7,1.000,0.0,0.0,,5.3,8.0,2.7,0.0,5.3,0.0,8.0
8,3,7,15,4.2,4.2,1.000,0.0,0.0,,4.2,4.2,1.000,0.0,0.0,,8.4,12.6,4.2,0.0,8.4,0.0,12.6,,125.0,104.9
8,4,7,15,21.7,1.500,1.500,1.000,.000,5,15.2,0.0,7.7,39.2,4.2,0.0,66.7,10.9,,0.0,0.0,0.1,.155,,5.0,-2.0,3.0
9,0,30,1105,161,398,.405,119,279,.427,42,119,.353,160,222,.721,17,96,113,142,23,12,57,83,524
9,1,30,36.8,5.4,13.3,.405,4.0,9.3,.427,1.4,4.0,.353,5.3,7.4,.721,3.8,4.7,0.8,0.4,1.9,2.8,17.5
9,2,30,1105,5.8,14.4,.405,4.3,10.1,.427,1.5,4.3,.353,5.8,8.0,.721,4.1,5.1,0.8,0.4,2.1,3.0,19.0
9,3,30,1105,9.2,22.7,.405,6.8,15.9,.427,2.4,6.8,.353,9.1,12.7,.721,6.5,8.1,1.3,0.7,3.3,4.7,29.9,,111.7,105.7
9,4,30,1105,20.4,.520,.457,.299,.558,527,1.8,10.1,5.9,29.8,1.3,1.2,10.2,27.7,,2.8,1.3,4.1,.148,,4.1,-0.5,3.6
10,0,12,161,6,12,.500,6,12,.500,0,0,,2,5,.400,21,20,41,2,4,19,4,28,14
10,1,12,13.4,0.5,1.0,.500,0.5,1.0,.500,0.0,0.0,,0.2,0.4,.400,3.4,0.2,0.3,1.6,0.3,2.3,1.2
10,2,12,161,1.5,3.0,.500,1.5,3.0,.500,0.0,0.0,,0.5,1.2,.400,10.2,0.5,1.0,4.7,1.0,7.0,3.5
10,3,12,161,2.4,4.7,.500,2.4,4.7,.500,0.0,0.0,,0.8,2.0,.400,16.1,0.8,1.6,7.4,1.6,11.0,5.5,,118.1,96.3
10,4,12,161,13.8,.487,.500,.000,.417,25,14.9,14.4,14.6,2.3,1.6,13.2,21.8,6.2,,0.2,0.3,0.5,.124,,-2.7,8.8,6.1
11,0,28,828,61,105,.581,61,105,.581,0,0,,17,30,.567,69,147,216,17,23,20,24,108,139
11,1,28,29.6,2.2,3.8,.581,2.2,3.8,.581,0.0,0.0,,0.6,1.1,.567,7.7,0.6,0.8,0.7,0.9,3.9,5.0
11,2,28,828,2.9,5.1,.581,2.9,5.1,.581,0.0,0.0,,0.8,1.4,.567,10.4,0.8,1.1,1.0,1.2,5.2,6.7
11,3,28,828,4.6,8.0,.581,4.6,8.0,.581,0.0,0.0,,1.3,2.3,.567,16.5,1.3,1.8,1.5,1.8,8.2,10.6,,117.3,99.1
11,4,28,828,13.2,.583,.581,.000,.286,159,9.5,20.6,15.0,4.1,1.8,2.7,16.8,9.4,,1.0,1.5,2.5,.122,,-1.2,3.7,2.5
12,0,30,625,58,112,.518,58,112,.518,0,0,,46,72,.639,45,104,149,12,6,35,28,107,162
12,1,30,20.8,1.9,3.7,.518,1.9,3.7,.518,0.0,0.0,,1.5,2.4,.639,5.0,0.4,0.2,1.2,0.9,3.6,5.4
12,2,30,625,3.7,7.2,.518,3.7,7.2,.518,0.0,0.0,,2.9,4.6,.639,9.5,0.8,0.4,2.2,1.8,6.8,10.4
12,3,30,625,5.9,11.3,.518,5.9,11.3,.518,0.0,0.0,,4.6,7.3,.639,15.0,1.2,0.6,3.5,2.8,10.8,16.4,,108.4,100.0
12,4,30,625,13.9,.554,.518,.000,.643,165,8.2,19.3,13.7,4.0,0.6,6.2,16.1,15.2,,0.7,1.1,1.8,.117,,-3.0,3.1,0.1
13,0,19,209,20,64,.313,12,28,.429,8,36,.222,2,3,.667,6,15,21,16,5,1,12,15,50
13,1,19,11.0,1.1,3.4,.313,0.6,1.5,.429,0.4,1.9,.222,0.1,0.2,.667,1.1,0.8,0.3,0.1,0.6,0.8,2.6
13,2,19,209,3.8,12.2,.313,2.3,5.4,.429,1.5,6.9,.222,0.4,0.6,.667,4.0,3.1,1.0,0.2,2.3,2.9,9.6
13,3,19,209,6.0,19.3,.313,3.6,8.5,.429,2.4,10.9,.222,0.6,0.9,.667,6.3,4.8,1.5,0.3,3.6,4.5,15.1,,81.1,106.4
13,4,19,209,6.2,.382,.375,.563,.047,53,3.3,8.3,5.8,15.9,1.5,0.5,15.5,20.2,,-0.2,0.2,0.0,.004,,-3.8,-1.3,-5.1
