0,0,29,951,109,346,.315,66,194,.340,43,152,.283,64,80,.800,15,73,88,68,24,18,60,74,325
0,1,29,32.8,3.8,11.9,.315,2.3,6.7,.340,1.5,5.2,.283,2.2,2.8,.800,3.0,2.3,0.8,0.6,2.1,2.6,11.2
0,2,29,951,4.6,14.6,.315,2.8,8.2,.340,1.8,6.4,.283,2.7,3.4,.800,3.7,2.9,1.0,0.8,2.5,3.1,13.7
0,3,29,951,7.5,23.7,.315,4.5,13.3,.340,2.9,10.4,.283,4.4,5.5,.800,6.0,4.7,1.6,1.2,4.1,5.1,22.3,,87.0,107.0
0,4,29,951,10.3,.423,.377,.439,.231,317,1.9,9.6,5.6,18.1,1.6,2.1,13.5,26.5,,-0.3,0.8,0.5,.019,,-2.8,-1.5,-4.3
1,0,30,656,42,77,.545,42,75,.560,0,2,.000,33,41,.805,47,92,139,14,14,19,24,86,117
1,1,30,21.9,1.4,2.6,.545,1.4,2.5,.560,0.0,0.1,.000,1.1,1.4,.805,4.6,0.5,0.5,0.6,0.8,2.9,3.9
1,2,30,656,2.6,4.7,.545,2.6,4.6,.560,0.0,0.1,.000,2.0,2.5,.805,8.5,0.9,0.9,1.2,1.5,5.2,7.1
1,3,30,656,4.2,7.6,.545,4.2,7.4,.560,0.0,0.2,.000,3.3,4.1,.805,13.8,1.4,1.4,1.9,2.4,8.5,11.6,,115.1,103.4
1,4,30,656,12.7,.606,.545,.026,.532,127,8.4,17.6,12.8,4.8,1.4,3.2,19.9,10.4,,0.9,0.8,1.6,.100,,-2.3,1.6,-0.7
2,0,8,53,6,9,.667,6,9,.667,0,0,,2,3,.667,11,3,14,0,0,0,5,5,14
2,1,8,6.6,0.8,1.1,.667,0.8,1.1,.667,0.0,0.0,,0.3,0.4,.667,1.8,0.0,0.0,0.0,0.6,0.6,1.8
2,2,8,53,4.5,6.8,.667,4.5,6.8,.667,0.0,0.0,,1.5,2.3,.667,10.6,0.0,0.0,0.0,3.8,3.8,10.6
2,3,8,53,7.4,11.1,.667,7.4,11.1,.667,0.0,0.0,,2.5,3.7,.667,17.2,0.0,0.0,0.0,6.1,6.1,17.2,,107.2,112.7
2,4,8,53,15.1,.671,.667,.000,.333,16,24.4,7.1,16.0,0.0,0.0,0.0,32.4,16.5,,0.1,0.0,0.1,.074,,-2.5,-6.9,-9.5
3,0,27,1029,170,388,.438,105,219,.479,65,169,.385,173,195,.887,24,141,165,63,41,9,50,60,578
3,1,27,38.1,6.3,14.4,.438,3.9,8.1,.479,2.4,6.3,.385,6.4,7.2,.887,6.1,2.3,1.5,0.3,1.9,2.2,21.4
3,2,27,1029,6.6,15.1,.438,4.1,8.5,.479,2.5,6.6,.385,6.7,7.6,.887,6.4,2.4,1.6,0.3,1.9,2.3,22.5
3,3,27,1029,10.8,24.6,.438,6.6,13.9,.479,4.1,10.7,.385,10.9,12.3,.887,10.4,4.0,2.6,0.6,3.2,3.8,36.6,,122.0,102.6
3,4,27,1029,28.2,.601,.522,.436,.503,522,2.7,17.2,9.7,17.8,2.6,1.0,9.4,29.2,,4.3,1.3,5.6,.219,,8.5,-0.6,7.8
4,0,30,910,85,226,.376,71,174,.408,14,52,.269,26,41,.634,7,56,63,47,20,3,55,68,210
4,1,30,30.3,2.8,7.5,.376,2.4,5.8,.408,0.5,1.7,.269,0.9,1.4,.634,2.1,1.6,0.7,0.1,1.8,2.3,7.0
4,2,30,910,3.7,9.9,.376,3.1,7.6,.408,0.6,2.3,.269,1.1,1.8,.634,2.8,2.1,0.9,0.1,2.4,3.0,9.2
4,3,30,910,6.1,16.2,.376,5.1,12.5,.408,1.0,3.7,.269,1.9,2.9,.634,4.5,3.4,1.4,0.2,3.9,4.9,15.0,,80.4,109.2
4,4,30,910,5.7,.428,.407,.230,.181,201,0.9,7.7,4.2,12.4,1.4,0.4,18.3,18.7,,-0.8,0.6,-0.2,-.009,,-5.3,-1.6,-6.9
5,0,24,593,57,145,.393,33,80,.413,24,65,.369,13,28,.464,29,41,70,41,23,3,26,44,151
5,1,24,24.7,2.4,6.0,.393,1.4,3.3,.413,1.0,2.7,.369,0.5,1.2,.464,2.9,1.7,1.0,0.1,1.1,1.8,6.3
5,2,24,593,3.8,9.8,.393,2.2,5.4,.413,1.6,4.4,.369,0.9,1.9,.464,4.7,2.8,1.6,0.2,1.8,3.0,10.2
5,3,24,593,6.3,15.9,.393,3.6,8.8,.413,2.6,7.1,.369,1.4,3.1,.464,7.7,4.5,2.5,0.3,2.9,4.8,16.6,,98.9,106.4
5,4,24,593,12.7,.477,.476,.448,.193,158,5.7,8.7,7.2,16.7,2.5,0.6,14.1,17.6,,0.5,0.5,1.0,.066,,-0.1,-0.5,-0.6
6,0,27,314,17,44,.386,17,44,.386,0,0,,8,16,.500,40,52,92,5,4,14,8,42,42
6,1,27,11.6,0.6,1.6,.386,0.6,1.6,.386,0.0,0.0,,0.3,0.6,.500,3.4,0.2,0.1,0.5,0.3,1.6,1.6
6,2,27,314,2.2,5.6,.386,2.2,5.6,.386,0.0,0.0,,1.0,2.0,.500,11.7,0.6,0.5,1.8,1.0,5.4,5.4
6,3,27,314,3.5,9.1,.386,3.5,9.1,.386,0.0,0.0,,1.7,3.3,.500,19.1,1.0,0.8,2.9,1.7,8.7,8.7,,102.2,102.4
6,4,27,314,11.9,.407,.386,.000,.364,59,15.0,20.7,17.8,3.5,0.8,4.9,13.4,10.8,,0.2,0.4,0.6,.079,,-4.5,1.2,-3.3
7,0,20,211,4,10,.400,4,10,.400,0,0,,1,5,.200,7,26,33,6,3,8,6,34,9
7,1,20,10.6,0.2,0.5,.400,0.2,0.5,.400,0.0,0.0,,0.1,0.3,.200,1.7,0.3,0.2,0.4,0.3,1.7,0.5
7,2,20,211,0.8,1.9,.400,0.8,1.9,.400,0.0,0.0,,0.2,0.9,.200,6.3,1.1,0.6,1.5,1.1,6.4,1.7
7,3,20,211,1.2,3.1,.400,1.2,3.1,.400,0.0,0.0,,0.3,1.5,.200,10.2,1.9,0.9,2.5,1.9,10.5,2.8,,76.5,104.6
7,4,20,211,3.8,.364,.400,.000,.500,14,3.9,15.4,9.5,5.8,0.9,4.2,32.7,4.9,,-0.1,0.2,0.1,.028,,-6.5,2.8,-3.7
8,0,22,672,71,164,.433,71,163,.436,0,1,.000,39,66,.591,55,99,154,28,8,34,37,64,181
8,1,22,30.5,3.2,7.5,.433,3.2,7.4,.436,0.0,0.0,.000,1.8,3.0,.591,7.0,1.3,0.4,1.5,1.7,2.9,8.2
8,2,22,672,4.2,9.8,.433,4.2,9.7,.436,0.0,0.1,.000,2.3,3.9,.591,9.2,1.7,0.5,2.0,2.2,3.8,10.8
8,3,22,672,6.9,15.9,.433,6.9,15.8,.436,0.0,0.1,.000,3.8,6.4,.591,14.9,2.7,0.8,3.3,3.6,6.2,17.5,,95.0,103.3
8,4,22,672,14.5,.463,.433,.006,.402,193,9.6,18.5,13.9,10.3,0.8,5.6,15.9,19.6,,0.3,0.8,1.1,.067,,-3.7,2.2,-1.5
9,0,30,636,53,160,.331,23,61,.377,30,99,.303,24,39,.615,4,41,45,45,18,2,36,46,160
9,1,30,21.2,1.8,5.3,.331,0.8,2.0,.377,1.0,3.3,.303,0.8,1.3,.615,1.5,1.5,0.6,0.1,1.2,1.5,5.3
9,2,30,636,3.3,10.1,.331,1.4,3.8,.377,1.9,6.2,.303,1.5,2.5,.615,2.8,2.8,1.1,0.1,2.3,2.9,10.1
9,3,30,636,5.4,16.4,.331,2.4,6.2,.377,3.1,10.1,.303,2.5,4.0,.615,4.6,4.6,1.8,0.2,3.7,4.7,16.4,,87.5,108.2
9,4,30,636,8.0,.448,.425,.619,.244,157,0.7,8.1,4.3,16.6,1.8,0.3,16.8,19.1,,-0.1,0.5,0.3,.020,,-2.6,-2.4,-5.1
