0,0,35,1042,137,317,.432,72,142,.507,65,175,.371,67,81,.827,13,63,76,153,47,1,57,66,406
0,1,35,29.8,3.9,9.1,.432,2.1,4.1,.507,1.9,5.0,.371,1.9,2.3,.827,2.2,4.4,1.3,0.0,1.6,1.9,11.6
0,2,35,1042,5.3,12.2,.432,2.8,5.5,.507,2.5,6.7,.371,2.6,3.1,.827,2.9,5.9,1.8,0.0,2.2,2.5,15.6
0,3,35,1042,8.0,18.6,.432,4.2,8.3,.507,3.8,10.3,.371,3.9,4.8,.827,4.5,9.0,2.8,0.1,3.3,3.9,23.9,,122.1,106.0
0,4,35,1042,19.0,.571,.535,.552,.256,426,1.5,7.5,4.4,27.7,2.8,0.1,13.8,20.4,,3.0,1.2,4.2,.163,,7.1,0.7,7.7
1,0,33,453,84,189,.444,20,37,.541,64,152,.421,30,37,.811,6,37,43,12,15,5,18,43,262
1,1,33,13.7,2.5,5.7,.444,0.6,1.1,.541,1.9,4.6,.421,0.9,1.1,.811,1.3,0.4,0.5,0.2,0.5,1.3,7.9
1,2,33,453,7.4,16.7,.444,1.8,3.3,.541,5.7,13.4,.421,2.6,3.3,.811,3.8,1.1,1.3,0.4,1.6,3.8,23.1
1,3,33,453,11.4,25.5,.444,2.7,5.0,.541,8.6,20.5,.421,4.1,5.0,.811,5.8,1.6,2.0,0.7,2.4,5.8,35.4,,126.0,105.9
1,4,33,453,22.4,.634,.614,.804,.196,204,1.5,10.1,5.7,5.6,2.0,1.1,8.0,25.6,,1.6,0.5,2.1,.187,,8.8,-1.6,7.2
2,0,30,284,17,35,.486,17,34,.500,0,1,.000,9,14,.643,21,17,38,11,3,3,10,65,43
2,1,30,9.5,0.6,1.2,.486,0.6,1.1,.500,0.0,0.0,.000,0.3,0.5,.643,1.3,0.4,0.1,0.1,0.3,2.2,1.4
2,2,30,284,2.4,4.9,.486,2.4,4.8,.500,0.0,0.1,.000,1.3,2.0,.643,5.4,1.5,0.4,0.4,1.4,9.2,6.1
2,3,30,284,3.7,7.5,.486,3.7,7.3,.500,0.0,0.2,.000,1.9,3.0,.643,8.2,2.4,0.6,0.6,2.2,14.0,9.3,,112.4,109.1
2,4,30,284,5.6,.516,.486,.029,.400,54,8.6,7.4,8.0,6.4,0.6,1.1,19.4,9.4,,0.3,0.2,0.5,.075,,1.3,1.8,3.1
3,0,35,1150,191,412,.464,120,243,.494,71,169,.420,109,135,.807,29,109,138,75,25,9,54,91,562
3,1,35,32.9,5.5,11.8,.464,3.4,6.9,.494,2.0,4.8,.420,3.1,3.9,.807,3.9,2.1,0.7,0.3,1.5,2.6,16.1
3,2,35,1150,6.6,14.3,.464,4.2,8.5,.494,2.5,5.9,.420,3.8,4.7,.807,4.8,2.6,0.9,0.3,1.9,3.2,19.5
3,3,35,1150,10.2,21.9,.464,6.4,12.9,.494,3.8,9.0,.420,5.8,7.2,.807,7.3,4.0,1.3,0.5,2.9,4.8,29.9,,122.5,107.0
3,4,35,1150,20.1,.590,.550,.410,.328,507,2.9,11.7,7.2,13.2,1.3,0.8,10.2,23.8,,3.7,1.2,4.9,.169,,6.6,0.6,7.2
4,0,35,796,94,146,.644,94,146,.644,0,0,,40,81,.494,101,139,240,36,23,20,23,93,228
4,1,35,22.7,2.7,4.2,.644,2.7,4.2,.644,0.0,0.0,,1.1,2.3,.494,6.9,1.0,0.7,0.6,0.7,2.7,6.5
4,2,35,796,4.7,7.3,.644,4.7,7.3,.644,0.0,0.0,,2.0,4.1,.494,12.1,1.8,1.2,1.0,1.2,4.7,11.5
4,3,35,796,7.2,11.2,.644,7.2,11.2,.644,0.0,0.0,,3.1,6.2,.494,18.5,2.8,1.8,1.5,1.8,7.2,17.5,,134.9,101.2
4,4,35,796,20.8,.618,.644,.000,.555,258,14.8,21.5,18.1,8.3,1.8,2.5,11.1,13.4,,2.4,1.3,3.6,.183,,5.7,4.3,10.0
5,0,32,235,15,51,.294,12,30,.400,3,21,.143,23,41,.561,11,16,27,5,11,1,4,24,56
5,1,32,7.3,0.5,1.6,.294,0.4,0.9,.400,0.1,0.7,.143,0.7,1.3,.561,0.8,0.2,0.3,0.0,0.1,0.8,1.8
5,2,32,235,2.6,8.7,.294,2.0,5.1,.400,0.5,3.6,.143,3.9,7.0,.561,4.6,0.9,1.9,0.2,0.7,4.1,9.5
5,3,32,235,3.9,13.3,.294,3.1,7.8,.400,0.8,5.5,.143,6.0,10.7,.561,7.0,1.3,2.9,0.3,1.0,6.3,14.6,,99.0,105.0
5,4,32,235,8.7,.397,.324,.412,.804,58,5.5,8.4,6.9,3.6,2.9,0.4,5.4,16.3,,0.1,0.3,0.4,.070,,0.3,1.1,1.3
6,0,5,33,1,6,.167,0,1,.000,1,5,.200,2,4,.500,2,3,5,2,0,0,1,3,5
6,1,5,6.6,0.2,1.2,.167,0.0,0.2,.000,0.2,1.0,.200,0.4,0.8,.500,1.0,0.4,0.0,0.0,0.2,0.6,1.0
6,2,5,33,1.2,7.3,.167,0.0,1.2,.000,1.2,6.1,.200,2.4,4.8,.500,6.1,2.4,0.0,0.0,1.2,3.6,6.1
6,3,5,33,1.9,11.1,.167,0.0,1.9,.000,1.9,9.3,.200,3.7,7.4,.500,9.3,3.7,0.0,0.0,1.9,5.6,9.3,,90.0,110.4
6,4,5,33,3.6,.316,.250,.833,.667,7,7.1,11.2,9.1,9.6,0.0,0.0,11.2,13.9,,0.0,0.0,0.0,.024,,0.0,-0.7,-0.7
7,0,17,80,7,14,.500,3,7,.429,4,7,.571,10,11,.909,7,8,15,2,4,4,5,6,28
7,1,17,4.7,0.4,0.8,.500,0.2,0.4,.429,0.2,0.4,.571,0.6,0.6,.909,0.9,0.1,0.2,0.2,0.3,0.4,1.6
7,2,17,80,3.5,7.0,.500,1.5,3.5,.429,2.0,3.5,.571,5.0,5.5,.909,7.5,1.0,2.0,2.0,2.5,3.0,14.0
7,3,17,80,5.4,10.7,.500,2.3,5.4,.429,3.1,5.4,.571,7.7,8.4,.909,11.5,1.5,3.1,3.1,3.8,4.6,21.4,,132.7,100.7
7,4,17,80,21.8,.728,.643,.500,.786,28,10.2,12.3,11.2,4.4,3.1,5.0,20.6,15.6,,0.2,0.1,0.4,.189,,6.0,4.3,10.2
8,0,3,5,0,1,.000,0,1,.000,0,0,,1,2,.500,1,1,2,0,0,0,0,0,1
8,1,3,1.7,0.0,0.3,.000,0.0,0.3,.000,0.0,0.0,,0.3,0.7,.500,0.7,0.0,0.0,0.0,0.0,0.0,0.3
8,2,3,5,0.0,8.0,.000,0.0,8.0,.000,0.0,0.0,,8.0,16.0,.500,16.0,0.0,0.0,0.0,0.0,0.0,8.0
8,3,3,5,0.0,12.2,.000,0.0,12.2,.000,0.0,0.0,,12.2,24.5,.500,24.5,0.0,0.0,0.0,0.0,0.0,12.2,,93.0,105.9
8,4,3,5,10.3,.256,.000,.000,2.000,2,23.3,24.6,24.0,0.0,0.0,0.0,0.0,20.1,,0.0,0.0,0.0,.050,,-6.4,-7.0,-13.4
9,0,35,1074,236,499,.473,198,393,.504,38,106,.358,160,214,.748,105,201,306,41,37,43,81,83,670
9,1,35,30.7,6.7,14.3,.473,5.7,11.2,.504,1.1,3.0,.358,4.6,6.1,.748,8.7,1.2,1.1,1.2,2.3,2.4,19.1
9,2,35,1074,8.8,18.6,.473,7.4,14.6,.504,1.4,3.9,.358,6.0,8.0,.748,11.4,1.5,1.4,1.6,3.0,3.1,25.0
9,3,35,1074,13.5,28.4,.473,11.3,22.4,.504,2.2,6.0,.358,9.1,12.2,.748,17.4,2.3,2.1,2.5,4.6,4.7,38.2,,115.0,99.3
9,4,35,1074,28.4,.558,.511,.212,.429,623,11.4,23.1,17.1,8.6,2.1,4.0,11.9,32.7,,3.6,1.9,5.5,.205,,4.3,2.3,6.6
10,0,30,253,16,29,.552,16,29,.552,0,0,,6,17,.353,36,29,65,8,6,17,10,29,38
10,1,30,8.4,0.5,1.0,.552,0.5,1.0,.552,0.0,0.0,,0.2,0.6,.353,2.2,0.3,0.2,0.6,0.3,1.0,1.3
10,2,30,253,2.5,4.6,.552,2.5,4.6,.552,0.0,0.0,,0.9,2.7,.353,10.3,1.3,0.9,2.7,1.6,4.6,6.0
10,3,30,253,3.9,7.0,.552,3.9,7.0,.552,0.0,0.0,,1.5,4.1,.353,15.7,1.9,1.5,4.1,2.4,7.0,9.2,,116.9,102.3
10,4,30,253,14.3,.512,.552,.000,.586,57,16.6,14.1,15.4,5.3,1.5,6.7,21.2,9.6,,0.4,0.4,0.7,.115,,2.3,6.0,8.4
11,0,34,871,99,246,.402,56,141,.397,43,105,.410,96,125,.768,17,66,83,81,27,1,37,74,337
11,1,34,25.6,2.9,7.2,.402,1.6,4.1,.397,1.3,3.1,.410,2.8,3.7,.768,2.4,2.4,0.8,0.0,1.1,2.2,9.9
11,2,34,871,4.5,11.3,.402,2.6,6.5,.397,2.0,4.8,.410,4.4,5.7,.768,3.8,3.7,1.2,0.0,1.7,3.4,15.5
11,3,34,871,7.0,17.3,.402,3.9,9.9,.397,3.0,7.4,.410,6.7,8.8,.768,5.8,5.7,1.9,0.1,2.6,5.2,23.7,,120.7,107.0
11,4,34,871,16.6,.552,.490,.427,.508,334,2.3,9.3,5.7,17.0,1.9,0.1,10.8,20.3,,2.3,0.9,3.2,.148,,5.1,0.6,5.7
12,0,35,745,32,75,.427,5,15,.333,27,60,.450,18,21,.857,16,48,64,83,46,1,24,102,109
12,1,35,21.3,0.9,2.1,.427,0.1,0.4,.333,0.8,1.7,.450,0.5,0.6,.857,1.8,2.4,1.3,0.0,0.7,2.9,3.1
12,2,35,745,1.7,4.0,.427,0.3,0.8,.333,1.4,3.2,.450,1.0,1.1,.857,3.4,4.5,2.5,0.1,1.3,5.5,5.9
12,3,35,745,2.6,6.2,.427,0.4,1.2,.333,2.2,4.9,.450,1.5,1.7,.857,5.3,6.8,3.8,0.1,2.0,8.4,9.0,,133.1,103.2
12,4,35,745,11.6,.641,.607,.800,.280,143,2.5,7.9,5.1,18.0,3.8,0.1,22.0,7.5,,1.3,1.1,2.3,.125,,5.2,3.5,8.7
13,0,3,4,0,0,,0,0,,0,0,,0,0,,0,1,1,0,0,0,0,1,0
13,1,3,1.3,0.0,0.0,,0.0,0.0,,0.0,0.0,,0.0,0.0,,0.3,0.0,0.0,0.0,0.0,0.3,0.0
13,2,3,4,0.0,0.0,,0.0,0.0,,0.0,0.0,,0.0,0.0,,10.0,0.0,0.0,0.0,0.0,10.0,0.0
13,3,3,4,0.0,0.0,,0.0,0.0,,0.0,0.0,,0.0,0.0,,15.3,0.0,0.0,0.0,0.0,15.3,0.0,,,102.2
13,4,3,4,0.3,,,,,0,0.0,30.8,15.0,0.0,0.0,0.0,,0.0,,0.0,0.0,0.0,.060,,-4.6,1.0,-3.6
