0,0,33,387,47,116,.405,33,60,.550,14,56,.250,38,49,.776,6,28,34,63,14,2,18,26,146
0,1,33,11.7,1.4,3.5,.405,1.0,1.8,.550,0.4,1.7,.250,1.2,1.5,.776,1.0,1.9,0.4,0.1,0.5,0.8,4.4
0,2,33,387,4.9,12.0,.405,3.4,6.2,.550,1.4,5.8,.250,3.9,5.1,.776,3.5,6.5,1.4,0.2,1.9,2.7,15.1
0,3,33,387,7.1,17.5,.405,5.0,9.1,.550,2.1,8.5,.250,5.7,7.4,.776,5.1,9.5,2.1,0.3,2.7,3.9,22.1,,120.9,103.4
0,4,33,387,19.4,.524,.466,.483,.422,164,1.8,8.0,5.0,31.5,2.1,0.5,11.4,20.3,,1.2,0.4,1.7,.171,,5.4,-0.8,4.6
1,0,34,1026,141,336,.420,77,169,.456,64,167,.383,103,118,.873,26,63,89,83,43,7,69,73,449
1,1,34,30.2,4.1,9.9,.420,2.3,5.0,.456,1.9,4.9,.383,3.0,3.5,.873,2.6,2.4,1.3,0.2,2.0,2.1,13.2
1,2,34,1026,5.5,13.1,.420,3.0,6.6,.456,2.5,6.5,.383,4.0,4.6,.873,3.5,3.2,1.7,0.3,2.7,2.8,17.5
1,3,34,1026,8.0,19.2,.420,4.4,9.6,.456,3.7,9.5,.383,5.9,6.7,.873,5.1,4.7,2.5,0.4,3.9,4.2,25.6,,115.5,103.1
1,4,34,1026,18.6,.573,.515,.497,.351,433,3.0,6.8,4.9,16.2,2.5,0.6,15.0,22.5,,2.9,1.1,4.0,.155,,5.9,0.8,6.8
2,0,34,760,92,230,.400,25,59,.424,67,171,.392,34,46,.739,11,59,70,20,14,2,27,62,285
2,1,34,22.4,2.7,6.8,.400,0.7,1.7,.424,2.0,5.0,.392,1.0,1.4,.739,2.1,0.6,0.4,0.1,0.8,1.8,8.4
2,2,34,760,4.8,12.1,.400,1.3,3.1,.424,3.5,9.0,.392,1.8,2.4,.739,3.7,1.1,0.7,0.1,1.4,3.3,15.0
2,3,34,760,7.1,17.7,.400,1.9,4.5,.424,5.2,13.2,.392,2.6,3.5,.739,5.4,1.5,1.1,0.2,2.1,4.8,21.9,,115.9,105.5
2,4,34,760,13.4,.566,.546,.743,.200,243,1.7,8.6,5.2,5.1,1.1,0.2,9.7,18.3,,1.6,0.7,2.3,.120,,4.7,-0.9,3.8
3,0,19,111,11,20,.550,7,10,.700,4,10,.400,7,7,1.000,5,11,16,3,3,1,8,19,33
3,1,19,5.8,0.6,1.1,.550,0.4,0.5,.700,0.2,0.5,.400,0.4,0.4,1.000,0.8,0.2,0.2,0.1,0.4,1.0,1.7
3,2,19,111,4.0,7.2,.550,2.5,3.6,.700,1.4,3.6,.400,2.5,2.5,1.000,5.8,1.1,1.1,0.4,2.9,6.8,11.9
3,3,19,111,5.8,10.5,.550,3.7,5.3,.700,2.1,5.3,.400,3.7,3.7,1.000,8.4,1.6,1.6,0.5,4.2,10.0,17.4,,115.2,102.6
3,4,19,111,12.3,.707,.650,.500,.350,31,5.3,11.0,8.2,5.0,1.6,0.8,25.5,14.1,,0.2,0.1,0.3,.118,,3.1,0.8,3.9
4,0,29,246,31,69,.449,31,68,.456,0,1,.000,16,24,.667,23,19,42,5,4,4,15,39,78
4,1,29,8.5,1.1,2.4,.449,1.1,2.3,.456,0.0,0.0,.000,0.6,0.8,.667,1.4,0.2,0.1,0.1,0.5,1.3,2.7
4,2,29,246,5.0,11.2,.449,5.0,11.1,.456,0.0,0.2,.000,2.6,3.9,.667,6.8,0.8,0.7,0.7,2.4,6.3,12.7
4,3,29,246,7.4,16.4,.449,7.4,16.2,.456,0.0,0.2,.000,3.8,5.7,.667,10.0,1.2,1.0,1.0,3.6,9.3,18.6,,100.6,104.7
4,4,29,246,11.1,.485,.449,.014,.348,80,10.9,8.5,9.7,4.0,1.0,1.5,15.7,19.4,,0.3,0.2,0.5,.081,,-0.7,-0.1,-0.8
5,0,31,803,107,241,.444,67,143,.469,40,98,.408,113,140,.807,56,111,167,35,24,31,43,71,367
5,1,31,25.9,3.5,7.8,.444,2.2,4.6,.469,1.3,3.2,.408,3.6,4.5,.807,5.4,1.1,0.8,1.0,1.4,2.3,11.8
5,2,31,803,5.3,12.0,.444,3.3,7.1,.469,2.0,4.9,.408,5.6,7.0,.807,8.3,1.7,1.2,1.5,2.1,3.5,18.3
5,3,31,803,7.8,17.6,.444,4.9,10.4,.469,2.9,7.1,.408,8.2,10.2,.807,12.2,2.6,1.7,2.3,3.1,5.2,26.7,,124.1,99.2
5,4,31,803,23.2,.597,.527,.407,.581,355,8.2,15.3,11.8,8.6,1.7,3.5,12.3,21.8,,2.9,1.2,4.1,.202,,6.2,2.5,8.7
6,0,34,964,143,250,.572,143,250,.572,0,0,,93,176,.528,99,213,312,55,26,55,74,86,379
6,1,34,28.4,4.2,7.4,.572,4.2,7.4,.572,0.0,0.0,,2.7,5.2,.528,9.2,1.6,0.8,1.6,2.2,2.5,11.1
6,2,34,964,5.9,10.4,.572,5.9,10.4,.572,0.0,0.0,,3.9,7.3,.528,12.9,2.3,1.1,2.3,3.1,3.6,15.7
6,3,34,964,8.7,15.2,.572,8.7,15.2,.572,0.0,0.0,,5.6,10.7,.528,18.9,3.3,1.6,3.3,4.5,5.2,23.0,,111.0,94.7
6,4,34,964,23.1,.568,.572,.000,.704,397,12.0,24.5,18.4,11.7,1.6,5.2,18.2,21.1,,2.3,1.8,4.1,.170,,3.0,5.4,8.5
7,0,34,697,89,146,.610,89,146,.610,0,0,,48,76,.632,99,143,242,18,18,32,42,78,226
7,1,34,20.5,2.6,4.3,.610,2.6,4.3,.610,0.0,0.0,,1.4,2.2,.632,7.1,0.5,0.5,0.9,1.2,2.3,6.6
7,2,34,697,5.1,8.4,.610,5.1,8.4,.610,0.0,0.0,,2.8,4.4,.632,13.9,1.0,1.0,1.8,2.4,4.5,13.0
7,3,34,697,7.5,12.3,.610,7.5,12.3,.610,0.0,0.0,,4.0,6.4,.632,20.3,1.5,1.5,2.7,3.5,6.5,19.0,,121.1,96.1
7,4,34,697,21.8,.621,.610,.000,.521,247,16.6,22.7,19.8,5.1,1.5,4.2,18.7,16.1,,1.9,1.2,3.1,.179,,3.8,3.7,7.5
8,0,34,1129,174,402,.433,116,243,.477,58,159,.365,121,184,.658,21,94,115,71,33,1,79,76,527
8,1,34,33.2,5.1,11.8,.433,3.4,7.1,.477,1.7,4.7,.365,3.6,5.4,.658,3.4,2.1,1.0,0.0,2.3,2.2,15.5
8,2,34,1129,6.2,14.2,.433,4.1,8.6,.477,2.1,5.6,.365,4.3,6.5,.658,4.1,2.5,1.2,0.0,2.8,2.7,18.7
8,3,34,1129,9.0,20.8,.433,6.0,12.6,.477,3.0,8.2,.365,6.3,9.5,.658,6.0,3.7,1.7,0.1,4.1,3.9,27.3,,107.8,104.0
8,4,34,1129,16.9,.538,.505,.396,.458,488,2.2,9.2,5.8,13.0,1.7,0.1,13.9,25.2,,2.4,1.1,3.6,.127,,3.7,0.0,3.7
9,0,34,717,39,103,.379,12,26,.462,27,77,.351,33,44,.750,16,47,63,69,31,0,34,95,138
9,1,34,21.1,1.1,3.0,.379,0.4,0.8,.462,0.8,2.3,.351,1.0,1.3,.750,1.9,2.0,0.9,0.0,1.0,2.8,4.1
9,2,34,717,2.2,5.7,.379,0.7,1.5,.462,1.5,4.3,.351,1.8,2.5,.750,3.5,3.8,1.7,0.0,1.9,5.3,7.7
9,3,34,717,3.2,8.4,.379,1.0,2.1,.462,2.2,6.3,.351,2.7,3.6,.750,5.1,5.6,2.5,0.0,2.8,7.8,11.3,,114.0,102.8
9,4,34,717,10.1,.557,.510,.748,.427,163,2.6,7.3,5.0,16.5,2.5,0.0,21.5,11.0,,1.0,0.8,1.8,.102,,3.9,1.7,5.6
10,0,5,10,0,2,.000,0,2,.000,0,0,,0,0,,0,2,2,1,0,1,1,1,0
10,1,5,2.0,0.0,0.4,.000,0.0,0.4,.000,0.0,0.0,,0.0,0.0,,0.4,0.2,0.0,0.2,0.2,0.2,0.0
10,2,5,10,0.0,8.0,.000,0.0,8.0,.000,0.0,0.0,,0.0,0.0,,8.0,4.0,0.0,4.0,4.0,4.0,0.0
10,3,5,10,0.0,11.7,.000,0.0,11.7,.000,0.0,0.0,,0.0,0.0,,11.7,5.9,0.0,5.9,5.9,5.9,0.0,,22.2,96.8
10,4,5,10,-4.3,.000,.000,.000,.000,1,0.0,22.1,11.4,15.7,0.0,9.0,33.3,15.0,,0.0,0.0,0.0,-.124,,-12.8,6.8,-6.1
