0,0,6,21,1,3,.333,1,3,.333,0,0,,0,0,,0,0,0,0,0,1,3,10,2
0,1,6,3.5,0.2,0.5,.333,0.2,0.5,.333,0.0,0.0,,0.0,0.0,,0.0,0.0,0.0,0.2,0.5,1.7,0.3
0,2,6,21,1.9,5.7,.333,1.9,5.7,.333,0.0,0.0,,0.0,0.0,,0.0,0.0,0.0,1.9,5.7,19.0,3.8
0,3,6,21,2.8,8.3,.333,2.8,8.3,.333,0.0,0.0,,0.0,0.0,,0.0,0.0,0.0,2.8,8.3,27.5,5.5,,31.5,112.2
0,4,6,21,-13.9,.333,.333,.000,.000,2,0.0,0.0,0.0,0.0,0.0,4.9,50.0,14.4,,-0.1,0.0,-0.1,-.153,,-12.5,0.4,-12.1
1,0,3,5,1,2,.500,1,1,1.000,0,1,.000,0,0,,0,2,2,0,0,0,0,0,2
1,1,3,1.7,0.3,0.7,.500,0.3,0.3,1.000,0.0,0.3,.000,0.0,0.0,,0.7,0.0,0.0,0.0,0.0,0.0,0.7
1,2,3,5,8.0,16.0,.500,8.0,8.0,1.000,0.0,8.0,.000,0.0,0.0,,16.0,0.0,0.0,0.0,0.0,0.0,16.0
1,3,3,5,11.6,23.1,.500,11.6,11.6,1.000,0.0,11.6,.000,0.0,0.0,,23.1,0.0,0.0,0.0,0.0,0.0,23.1,,102.6,93.9
1,4,3,5,19.0,.500,.500,.500,.000,1,0.0,47.7,23.3,0.0,0.0,0.0,0.0,20.1,,0.0,0.0,0.0,.123,,-6.2,-9.1,-15.3
2,0,31,324,29,62,.468,29,61,.475,0,1,.000,8,21,.381,33,34,67,4,4,4,24,64,66
2,1,31,10.5,0.9,2.0,.468,0.9,2.0,.475,0.0,0.0,.000,0.3,0.7,.381,2.2,0.1,0.1,0.1,0.8,2.1,2.1
2,2,31,324,3.6,7.7,.468,3.6,7.5,.475,0.0,0.1,.000,1.0,2.6,.381,8.3,0.5,0.5,0.5,3.0,7.9,8.1
2,3,31,324,5.2,11.1,.468,5.2,10.9,.475,0.0,0.2,.000,1.4,3.7,.381,12.0,0.7,0.7,0.7,4.3,11.4,11.8,,85.0,107.5
2,4,31,324,5.3,.458,.468,.016,.339,74,11.6,12.5,12.0,2.2,0.7,1.3,25.0,14.9,,-0.1,0.2,0.1,.015,,-4.7,-1.5,-6.2
3,0,31,807,93,231,.403,68,138,.493,25,93,.269,81,110,.736,19,56,75,79,34,1,35,48,292
3,1,31,26.0,3.0,7.5,.403,2.2,4.5,.493,0.8,3.0,.269,2.6,3.5,.736,2.4,2.5,1.1,0.0,1.1,1.5,9.4
3,2,31,807,4.6,11.4,.403,3.4,6.8,.493,1.2,4.6,.269,4.0,5.5,.736,3.7,3.9,1.7,0.0,1.7,2.4,14.5
3,3,31,807,6.7,16.5,.403,4.9,9.9,.493,1.8,6.7,.269,5.8,7.9,.736,5.4,5.7,2.4,0.1,2.5,3.4,20.9,,110.4,106.8
3,4,31,807,16.1,.515,.457,.403,.476,296,2.7,8.3,5.4,18.4,2.4,0.1,11.0,19.8,,1.6,0.6,2.2,.110,,2.1,-1.2,0.9
4,0,6,18,4,7,.571,2,5,.400,2,2,1.000,0,0,,1,2,3,0,2,0,3,4,10
4,1,6,3.0,0.7,1.2,.571,0.3,0.8,.400,0.3,0.3,1.000,0.0,0.0,,0.5,0.0,0.3,0.0,0.5,0.7,1.7
4,2,6,18,8.9,15.6,.571,4.4,11.1,.400,4.4,4.4,1.000,0.0,0.0,,6.7,0.0,4.4,0.0,6.7,8.9,22.2
4,3,6,18,12.8,22.5,.571,6.4,16.1,.400,6.4,6.4,1.000,0.0,0.0,,9.6,0.0,6.4,0.0,9.6,12.8,32.1,,87.4,94.9
4,4,6,18,19.3,.714,.714,.286,.000,7,6.3,13.3,9.7,0.0,6.4,0.0,30.0,28.0,,0.0,0.0,0.0,.068,,-1.7,-2.0,-3.7
5,0,31,802,137,319,.429,95,205,.463,42,114,.368,102,133,.767,21,77,98,44,26,10,55,69,418
5,1,31,25.9,4.4,10.3,.429,3.1,6.6,.463,1.4,3.7,.368,3.3,4.3,.767,3.2,1.4,0.8,0.3,1.8,2.2,13.5
5,2,31,802,6.8,15.9,.429,4.7,10.2,.463,2.1,5.7,.368,5.1,6.6,.767,4.9,2.2,1.3,0.5,2.7,3.4,20.8
5,3,31,802,9.9,23.0,.429,6.8,14.8,.463,3.0,8.2,.368,7.4,9.6,.767,7.1,3.2,1.9,0.7,4.0,5.0,30.1,,106.4,105.9
5,4,31,802,18.8,.547,.495,.357,.417,372,3.0,11.4,7.1,11.5,1.9,1.3,12.6,27.4,,1.7,0.7,2.4,.119,,1.9,-1.8,0.1
6,0,29,564,68,132,.515,41,62,.661,27,70,.386,24,32,.750,42,50,92,27,15,9,24,52,187
6,1,29,19.4,2.3,4.6,.515,1.4,2.1,.661,0.9,2.4,.386,0.8,1.1,.750,3.2,0.9,0.5,0.3,0.8,1.8,6.4
6,2,29,564,4.8,9.4,.515,2.9,4.4,.661,1.9,5.0,.386,1.7,2.3,.750,6.5,1.9,1.1,0.6,1.7,3.7,13.3
6,3,29,564,7.0,13.5,.515,4.2,6.4,.661,2.8,7.2,.386,2.5,3.3,.750,9.4,2.8,1.5,0.9,2.5,5.3,19.2,,122.7,106.9
6,4,29,564,17.1,.635,.617,.530,.242,181,8.5,10.6,9.5,9.1,1.5,1.7,14.0,15.3,,1.4,0.4,1.8,.129,,4.0,-0.3,3.7
7,0,29,623,60,122,.492,60,121,.496,0,1,.000,28,63,.444,52,64,116,7,15,40,36,72,148
7,1,29,21.5,2.1,4.2,.492,2.1,4.2,.496,0.0,0.0,.000,1.0,2.2,.444,4.0,0.2,0.5,1.4,1.2,2.5,5.1
7,2,29,623,3.9,7.8,.492,3.9,7.8,.496,0.0,0.1,.000,1.8,4.0,.444,7.4,0.4,1.0,2.6,2.3,4.6,9.5
7,3,29,623,5.6,11.3,.492,5.6,11.2,.496,0.0,0.1,.000,2.6,5.8,.444,10.8,0.6,1.4,3.7,3.3,6.7,13.7,,92.8,104.3
7,4,29,623,11.2,.487,.492,.008,.516,152,9.5,12.3,10.8,2.0,1.4,6.7,19.2,15.2,,0.2,0.6,0.8,.050,,-3.4,2.5,-0.9
8,0,12,46,3,7,.429,3,6,.500,0,1,.000,0,1,.000,3,10,13,1,0,6,4,11,6
8,1,12,3.8,0.3,0.6,.429,0.3,0.5,.500,0.0,0.1,.000,0.0,0.1,.000,1.1,0.1,0.0,0.5,0.3,0.9,0.5
8,2,12,46,2.6,6.1,.429,2.6,5.2,.500,0.0,0.9,.000,0.0,0.9,.000,11.3,0.9,0.0,5.2,3.5,9.6,5.2
8,3,12,46,3.8,8.8,.429,3.8,7.5,.500,0.0,1.3,.000,0.0,1.3,.000,16.3,1.3,0.0,7.5,5.0,13.8,7.5,,66.9,97.7
8,4,12,46,6.2,.401,.429,.143,.143,7,7.4,25.9,16.4,3.7,0.0,13.5,34.9,12.6,,-0.1,0.1,0.0,.007,,-8.6,6.1,-2.5
9,0,31,1062,135,265,.509,97,177,.548,38,88,.432,46,55,.836,27,108,135,171,86,8,80,51,354
9,1,31,34.3,4.4,8.5,.509,3.1,5.7,.548,1.2,2.8,.432,1.5,1.8,.836,4.4,5.5,2.8,0.3,2.6,1.6,11.4
9,2,31,1062,5.1,10.0,.509,3.7,6.7,.548,1.4,3.3,.432,1.7,2.1,.836,5.1,6.4,3.2,0.3,3.0,1.9,13.3
9,3,31,1062,7.3,14.4,.509,5.3,9.6,.548,2.1,4.8,.432,2.5,3.0,.836,7.3,9.3,4.7,0.4,4.4,2.8,19.3,,114.0,99.8
9,4,31,1062,21.2,.608,.581,.332,.208,391,2.9,12.1,7.4,30.9,4.7,0.8,21.6,17.6,,2.4,1.5,3.9,.149,,4.3,2.3,6.7
10,0,28,869,164,341,.481,141,263,.536,23,78,.295,68,114,.596,42,109,151,61,30,28,46,68,419
10,1,28,31.0,5.9,12.2,.481,5.0,9.4,.536,0.8,2.8,.295,2.4,4.1,.596,5.4,2.2,1.1,1.0,1.6,2.4,15.0
10,2,28,869,7.5,15.7,.481,6.5,12.1,.536,1.1,3.6,.295,3.1,5.2,.596,7.0,2.8,1.4,1.3,2.1,3.1,19.3
10,3,28,869,10.9,22.7,.481,9.4,17.5,.536,1.5,5.2,.295,4.5,7.6,.596,10.0,4.1,2.0,1.9,3.1,4.5,27.9,,107.9,103.2
10,4,28,869,21.2,.530,.515,.229,.334,390,5.5,15.0,10.1,15.3,2.0,3.3,10.4,25.6,,1.9,0.9,2.9,.132,,2.4,0.9,3.3
11,0,30,407,38,88,.432,17,33,.515,21,55,.382,7,10,.700,22,33,55,12,7,6,10,36,104
11,1,30,13.6,1.3,2.9,.432,0.6,1.1,.515,0.7,1.8,.382,0.2,0.3,.700,1.8,0.4,0.2,0.2,0.3,1.2,3.5
11,2,30,407,3.7,8.6,.432,1.7,3.2,.515,2.1,5.4,.382,0.7,1.0,.700,5.4,1.2,0.7,0.6,1.0,3.5,10.2
11,3,30,407,5.4,12.5,.432,2.4,4.7,.515,3.0,7.8,.382,1.0,1.4,.700,7.8,1.7,1.0,0.9,1.4,5.1,14.8,,115.8,108.6
11,4,30,407,11.7,.561,.551,.625,.114,99,6.1,9.7,7.9,5.3,1.0,1.5,9.7,12.7,,0.6,0.2,0.9,.086,,1.3,-1.1,0.2
12,0,1,1,0,1,.000,0,1,.000,0,0,,0,0,,1,0,1,2,0,0,0,0,0
12,1,1,1.0,0.0,1.0,.000,0.0,1.0,.000,0.0,0.0,,0.0,0.0,,1.0,2.0,0.0,0.0,0.0,0.0,0.0
12,2,1,1,0.0,40.0,.000,0.0,40.0,.000,0.0,0.0,,0.0,0.0,,40.0,80.0,0.0,0.0,0.0,0.0,0.0
12,3,1,1,0.0,57.8,.000,0.0,57.8,.000,0.0,0.0,,0.0,0.0,,57.8,115.6,0.0,0.0,0.0,0.0,0.0,,115.2,116.4
12,4,1,1,80.8,.000,.000,.000,.000,2,100.0,0.0,58.2,100.0,0.0,0.0,0.0,50.3,,0.0,0.0,0.0,.415,,23.5,19.6,43.1
13,0,31,640,68,190,.358,49,109,.450,19,81,.235,76,119,.639,6,31,37,59,18,0,46,52,231
13,1,31,20.6,2.2,6.1,.358,1.6,3.5,.450,0.6,2.6,.235,2.5,3.8,.639,1.2,1.9,0.6,0.0,1.5,1.7,7.5
13,2,31,640,4.3,11.9,.358,3.1,6.8,.450,1.2,5.1,.235,4.8,7.4,.639,2.3,3.7,1.1,0.0,2.9,3.3,14.4
13,3,31,640,6.1,17.2,.358,4.4,9.8,.450,1.7,7.3,.235,6.9,10.7,.639,3.3,5.3,1.6,0.0,4.2,4.7,20.9,,94.2,109.7
13,4,31,640,10.4,.469,.408,.426,.626,230,1.1,5.8,3.4,17.0,1.6,0.0,15.7,23.0,,0.4,0.3,0.7,.041,,-1.5,-3.2,-4.7
14,0,9,36,5,16,.313,3,7,.429,2,9,.222,1,2,.500,2,1,3,6,3,0,3,4,13
14,1,9,4.0,0.6,1.8,.313,0.3,0.8,.429,0.2,1.0,.222,0.1,0.2,.500,0.3,0.7,0.3,0.0,0.3,0.4,1.4
14,2,9,36,5.6,17.8,.313,3.3,7.8,.429,2.2,10.0,.222,1.1,2.2,.500,3.3,6.7,3.3,0.0,3.3,4.4,14.4
14,3,9,36,8.0,25.7,.313,4.8,11.2,.429,3.2,14.5,.222,1.6,3.2,.500,4.8,9.6,4.8,0.0,4.8,6.4,20.9,,88.0,103.6
14,4,9,36,13.0,.383,.375,.563,.125,15,6.3,3.3,4.8,32.8,4.8,0.0,15.0,27.9,,0.0,0.0,0.0,.037,,0.7,-1.9,-1.1
