0,0,28,322,33,45,.733,33,45,.733,0,0,,19,37,.514,37,33,70,8,5,15,22,60,85
0,1,28,11.5,1.2,1.6,.733,1.2,1.6,.733,0.0,0.0,,0.7,1.3,.514,2.5,0.3,0.2,0.5,0.8,2.1,3.0
0,2,28,322,4.1,5.6,.733,4.1,5.6,.733,0.0,0.0,,2.4,4.6,.514,8.7,1.0,0.6,1.9,2.7,7.5,10.6
0,3,28,322,6.2,8.4,.733,6.2,8.4,.733,0.0,0.0,,3.6,6.9,.514,13.1,1.5,0.9,2.8,4.1,11.2,15.9,,113.3,112.3
0,4,28,322,14.4,.679,.733,.000,.822,89,13.8,12.8,13.3,5.1,0.9,5.2,26.0,13.6,,0.5,0.2,0.7,.082,,-1.4,-0.5,-2.0
1,0,27,599,57,149,.383,26,53,.491,31,96,.323,44,53,.830,6,59,65,28,19,1,24,36,189
1,1,27,22.2,2.1,5.5,.383,1.0,2.0,.491,1.1,3.6,.323,1.6,2.0,.830,2.4,1.0,0.7,0.0,0.9,1.3,7.0
1,2,27,599,3.8,9.9,.383,1.7,3.5,.491,2.1,6.4,.323,2.9,3.5,.830,4.3,1.9,1.3,0.1,1.6,2.4,12.6
1,3,27,599,5.7,15.0,.383,2.6,5.3,.491,3.1,9.7,.323,4.4,5.3,.830,6.5,2.8,1.9,0.1,2.4,3.6,19.0,,109.7,113.6
1,4,27,599,12.5,.543,.487,.644,.356,173,1.2,12.3,6.6,9.5,1.9,0.2,12.1,17.2,,0.8,0.3,1.1,.071,,-0.5,-3.4,-3.9
2,0,30,810,155,299,.518,155,296,.524,0,3,.000,126,169,.746,89,150,239,46,31,23,56,68,436
2,1,30,27.0,5.2,10.0,.518,5.2,9.9,.524,0.0,0.1,.000,4.2,5.6,.746,8.0,1.5,1.0,0.8,1.9,2.3,14.5
2,2,30,810,7.7,14.8,.518,7.7,14.6,.524,0.0,0.1,.000,6.2,8.3,.746,11.8,2.3,1.5,1.1,2.8,3.4,21.5
2,3,30,810,11.5,22.2,.518,11.5,22.0,.524,0.0,0.2,.000,9.4,12.6,.746,17.8,3.4,2.3,1.7,4.2,5.1,32.4,,117.0,107.0
2,4,30,810,27.7,.575,.518,.010,.565,431,13.2,23.1,18.1,14.4,2.3,3.2,12.9,27.9,,2.6,0.9,3.5,.171,,2.1,-0.3,1.8
3,0,30,723,66,167,.395,30,64,.469,36,103,.350,33,48,.688,8,59,67,56,36,1,38,63,201
3,1,30,24.1,2.2,5.6,.395,1.0,2.1,.469,1.2,3.4,.350,1.1,1.6,.688,2.2,1.9,1.2,0.0,1.3,2.1,6.7
3,2,30,723,3.7,9.2,.395,1.7,3.5,.469,2.0,5.7,.350,1.8,2.7,.688,3.7,3.1,2.0,0.1,2.1,3.5,11.1
3,3,30,723,5.5,13.9,.395,2.5,5.3,.469,3.0,8.6,.350,2.7,4.0,.688,5.6,4.7,3.0,0.1,3.2,5.2,16.7,,103.6,111.9
3,4,30,723,11.8,.530,.503,.617,.287,197,1.3,10.2,5.7,15.7,3.0,0.2,16.7,16.4,,0.6,0.4,1.1,.059,,-0.6,-2.2,-2.7
4,0,28,529,30,69,.435,22,41,.537,8,28,.286,15,20,.750,2,32,34,37,5,3,31,52,83
4,1,28,18.9,1.1,2.5,.435,0.8,1.5,.537,0.3,1.0,.286,0.5,0.7,.750,1.2,1.3,0.2,0.1,1.1,1.9,3.0
4,2,28,529,2.3,5.2,.435,1.7,3.1,.537,0.6,2.1,.286,1.1,1.5,.750,2.6,2.8,0.4,0.2,2.3,3.9,6.3
4,3,28,529,3.4,7.9,.435,2.5,4.7,.537,0.9,3.2,.286,1.7,2.3,.750,3.9,4.2,0.6,0.3,3.5,5.9,9.4,,90.6,117.9
4,4,28,529,4.4,.529,.493,.406,.290,88,0.5,7.6,3.9,13.2,0.6,0.6,28.3,10.8,,0.0,0.0,0.0,-.001,,-4.7,-3.5,-8.2
5,0,16,219,25,67,.373,24,58,.414,1,9,.111,36,53,.679,11,23,34,15,8,1,20,23,87
5,1,16,13.7,1.6,4.2,.373,1.5,3.6,.414,0.1,0.6,.111,2.3,3.3,.679,2.1,0.9,0.5,0.1,1.3,1.4,5.4
5,2,16,219,4.6,12.2,.373,4.4,10.6,.414,0.2,1.6,.111,6.6,9.7,.679,6.2,2.7,1.5,0.2,3.7,4.2,15.9
5,3,16,219,6.9,18.4,.373,6.6,16.0,.414,0.3,2.5,.111,9.9,14.6,.679,9.4,4.1,2.2,0.3,5.5,6.3,23.9,,94.1,112.3
5,4,16,219,12.8,.472,.381,.134,.791,89,6.0,13.1,9.5,14.5,2.2,0.5,17.8,26.6,,0.1,0.1,0.2,.033,,-4.6,-3.4,-8.0
6,0,27,121,5,18,.278,3,12,.250,2,6,.333,4,4,1.000,1,9,10,7,1,0,12,21,16
6,1,27,4.5,0.2,0.7,.278,0.1,0.4,.250,0.1,0.2,.333,0.1,0.1,1.000,0.4,0.3,0.0,0.0,0.4,0.8,0.6
6,2,27,121,1.7,6.0,.278,1.0,4.0,.250,0.7,2.0,.333,1.3,1.3,1.000,3.3,2.3,0.3,0.0,4.0,6.9,5.3
6,3,27,121,2.5,9.0,.278,1.5,6.0,.250,1.0,3.0,.333,2.0,2.0,1.000,5.0,3.5,0.5,0.0,6.0,10.5,8.0,,63.4,117.4
6,4,27,121,-2.3,.402,.333,.333,.222,18,1.0,9.3,5.1,10.6,0.5,0.0,37.6,13.7,,-0.2,0.0,-0.2,-.072,,-9.3,-4.0,-13.3
7,0,12,75,4,17,.235,2,10,.200,2,7,.286,6,9,.667,1,3,4,2,1,0,6,9,16
7,1,12,6.3,0.3,1.4,.235,0.2,0.8,.200,0.2,0.6,.286,0.5,0.8,.667,0.3,0.2,0.1,0.0,0.5,0.8,1.3
7,2,12,75,2.1,9.1,.235,1.1,5.3,.200,1.1,3.7,.286,3.2,4.8,.667,2.1,1.1,0.5,0.0,3.2,4.8,8.5
7,3,12,75,3.2,13.7,.235,1.6,8.0,.200,1.6,5.6,.286,4.8,7.2,.667,3.2,1.6,0.8,0.0,4.8,7.2,12.8,,70.3,118.6
7,4,12,75,-0.9,.376,.294,.412,.529,15,1.6,5.0,3.3,5.0,0.8,0.0,22.0,18.9,,-0.1,0.0,-0.1,-.074,,-8.9,-5.6,-14.5
8,0,20,398,96,191,.503,96,190,.505,0,1,.000,36,55,.655,27,60,87,9,4,33,31,53,228
8,1,20,19.9,4.8,9.6,.503,4.8,9.5,.505,0.0,0.1,.000,1.8,2.8,.655,4.4,0.5,0.2,1.7,1.6,2.7,11.4
8,2,20,398,9.6,19.2,.503,9.6,19.1,.505,0.0,0.1,.000,3.6,5.5,.655,8.7,0.9,0.4,3.3,3.1,5.3,22.9
8,3,20,398,14.5,28.9,.503,14.5,28.8,.505,0.0,0.2,.000,5.4,8.3,.655,13.2,1.4,0.6,5.0,4.7,8.0,34.5,,100.5,109.0
8,4,20,398,22.0,.525,.503,.005,.288,196,8.2,18.8,13.4,6.6,0.6,9.3,12.5,32.4,,0.5,0.3,0.8,.082,,-4.8,-1.3,-6.1
9,0,30,434,48,101,.475,48,101,.475,0,0,,23,35,.657,21,37,58,13,5,26,29,42,119
9,1,30,14.5,1.6,3.4,.475,1.6,3.4,.475,0.0,0.0,,0.8,1.2,.657,1.9,0.4,0.2,0.9,1.0,1.4,4.0
9,2,30,434,4.4,9.3,.475,4.4,9.3,.475,0.0,0.0,,2.1,3.2,.657,5.3,1.2,0.5,2.4,2.7,3.9,11.0
9,3,30,434,6.7,14.0,.475,6.7,14.0,.475,0.0,0.0,,3.2,4.9,.657,8.0,1.8,0.7,3.6,4.0,5.8,16.5,,93.3,113.4
9,4,30,434,10.7,.506,.475,.000,.347,115,5.8,10.6,8.2,6.3,0.7,6.7,19.8,17.5,,0.0,0.2,0.2,.023,,-5.9,-0.2,-6.1
10,0,17,168,11,37,.297,8,24,.333,3,13,.231,2,2,1.000,8,22,30,8,3,15,8,8,27
10,1,17,9.9,0.6,2.2,.297,0.5,1.4,.333,0.2,0.8,.231,0.1,0.1,1.000,1.8,0.5,0.2,0.9,0.5,0.5,1.6
10,2,17,168,2.6,8.8,.297,1.9,5.7,.333,0.7,3.1,.231,0.5,0.5,1.000,7.1,1.9,0.7,3.6,1.9,1.9,6.4
10,3,17,168,3.9,13.3,.297,2.9,8.6,.333,1.1,4.7,.231,0.7,0.7,1.000,10.8,2.9,1.1,5.4,2.9,2.9,9.7,,79.9,109.0
10,4,17,168,9.3,.356,.338,.351,.054,31,5.7,16.4,10.9,9.2,1.1,10.0,17.4,14.2,,-0.1,0.1,0.0,.003,,-6.9,2.8,-4.1
11,0,30,534,50,126,.397,31,66,.470,19,60,.317,13,17,.765,34,53,87,35,8,19,28,62,132
11,1,30,17.8,1.7,4.2,.397,1.0,2.2,.470,0.6,2.0,.317,0.4,0.6,.765,2.9,1.2,0.3,0.6,0.9,2.1,4.4
11,2,30,534,3.7,9.4,.397,2.3,4.9,.470,1.4,4.5,.317,1.0,1.3,.765,6.5,2.6,0.6,1.4,2.1,4.6,9.9
11,3,30,534,5.6,14.2,.397,3.5,7.4,.470,2.1,6.8,.317,1.5,1.9,.765,9.8,3.9,0.9,2.1,3.2,7.0,14.9,,101.7,113.6
11,4,30,534,11.2,.492,.472,.476,.135,144,7.7,12.4,10.0,13.3,0.9,4.0,17.3,15.8,,0.4,0.2,0.6,.047,,-1.9,-1.1,-3.0
12,0,2,2,0,0,,0,0,,0,0,,0,0,,0,0,0,0,0,0,1,1,0
12,1,2,1.0,0.0,0.0,,0.0,0.0,,0.0,0.0,,0.0,0.0,,0.0,0.0,0.0,0.0,0.5,0.5,0.0
12,2,2,2,0.0,0.0,,0.0,0.0,,0.0,0.0,,0.0,0.0,,0.0,0.0,0.0,0.0,20.0,20.0,0.0
12,3,2,2,0.0,0.0,,0.0,0.0,,0.0,0.0,,0.0,0.0,,0.0,0.0,0.0,0.0,30.1,30.1,0.0,,0.0,120.1
12,4,2,2,-39.9,,,,,0,0.0,0.0,0.0,0.0,0.0,0.0,100.0,26.0,,0.0,0.0,0.0,-.532,,-30.7,-1.9,-32.6
13,0,11,40,3,9,.333,0,2,.000,3,7,.429,2,3,.667,0,2,2,3,2,0,2,3,11
13,1,11,3.6,0.3,0.8,.333,0.0,0.2,.000,0.3,0.6,.429,0.2,0.3,.667,0.2,0.3,0.2,0.0,0.2,0.3,1.0
13,2,11,40,3.0,9.0,.333,0.0,2.0,.000,3.0,7.0,.429,2.0,3.0,.667,2.0,3.0,2.0,0.0,2.0,3.0,11.0
13,3,11,40,4.5,13.6,.333,0.0,3.0,.000,4.5,10.5,.429,3.0,4.5,.667,3.0,4.5,3.0,0.0,3.0,4.5,16.6,,104.3,113.4
13,4,11,40,10.5,.528,.500,.778,.333,11,0.0,6.2,3.1,14.7,3.0,0.0,16.1,16.1,,0.0,0.0,0.1,.054,,-1.6,-4.3,-6.0
14,0,26,765,99,249,.398,70,153,.458,29,96,.302,113,155,.729,9,53,62,85,33,2,74,50,340
14,1,26,29.4,3.8,9.6,.398,2.7,5.9,.458,1.1,3.7,.302,4.3,6.0,.729,2.4,3.3,1.3,0.1,2.8,1.9,13.1
14,2,26,765,5.2,13.0,.398,3.7,8.0,.458,1.5,5.0,.302,5.9,8.1,.729,3.2,4.4,1.7,0.1,3.9,2.6,17.8
14,3,26,765,7.8,19.6,.398,5.5,12.0,.458,2.3,7.6,.302,8.9,12.2,.729,4.9,6.7,2.6,0.2,5.8,3.9,26.8,,101.3,113.4
14,4,26,765,15.8,.527,.456,.386,.622,338,1.4,8.7,5.0,24.3,2.6,0.3,18.7,26.9,,0.9,0.4,1.2,.064,,-0.3,-3.7,-4.0
15,0,28,261,21,54,.389,3,7,.429,18,47,.383,0,0,,4,21,25,7,10,5,3,24,60
15,1,28,9.3,0.8,1.9,.389,0.1,0.3,.429,0.6,1.7,.383,0.0,0.0,,0.9,0.3,0.4,0.2,0.1,0.9,2.1
15,2,28,261,3.2,8.3,.389,0.5,1.1,.429,2.8,7.2,.383,0.0,0.0,,3.8,1.1,1.5,0.8,0.5,3.7,9.2
15,3,28,261,4.8,12.5,.389,0.7,1.6,.429,4.2,10.8,.383,0.0,0.0,,5.8,1.6,2.3,1.2,0.7,5.5,13.8,,119.3,112.4
15,4,28,261,11.1,.556,.556,.870,.000,52,1.8,10.0,5.9,5.3,2.3,2.2,5.3,11.3,,0.3,0.1,0.5,.075,,-0.5,-1.9,-2.5
