0,0,24,247,20,45,.444,20,45,.444,0,0,,11,23,.478,22,19,41,3,5,6,5,30,51
0,1,24,10.3,0.8,1.9,.444,0.8,1.9,.444,0.0,0.0,,0.5,1.0,.478,1.7,0.1,0.2,0.3,0.2,1.3,2.1
0,2,24,247,3.2,7.3,.444,3.2,7.3,.444,0.0,0.0,,1.8,3.7,.478,6.6,0.5,0.8,1.0,0.8,4.9,8.3
0,3,24,247,5.2,11.7,.444,5.2,11.7,.444,0.0,0.0,,2.9,6.0,.478,10.7,0.8,1.3,1.6,1.3,7.8,13.3,,103.9,104.9
0,4,24,247,10.8,.456,.444,.000,.511,57,11.3,9.1,10.1,2.6,1.3,2.8,8.2,14.1,,0.2,0.3,0.5,.079,,-3.9,-1.0,-4.9
1,0,28,701,138,289,.478,125,251,.498,13,38,.342,78,121,.645,54,84,138,49,21,18,64,78,367
1,1,28,25.0,4.9,10.3,.478,4.5,9.0,.498,0.5,1.4,.342,2.8,4.3,.645,4.9,1.8,0.8,0.6,2.3,2.8,13.1
1,2,28,701,7.9,16.5,.478,7.1,14.3,.498,0.7,2.2,.342,4.5,6.9,.645,7.9,2.8,1.2,1.0,3.7,4.5,20.9
1,3,28,701,12.6,26.5,.478,11.5,23.0,.498,1.2,3.5,.342,7.1,11.1,.645,12.6,4.5,1.9,1.6,5.9,7.1,33.6,,100.8,100.8
1,4,28,701,22.1,.530,.500,.131,.419,356,9.8,14.1,12.0,19.8,1.9,2.9,15.6,33.4,,1.2,1.0,2.2,.125,,0.4,-0.1,0.2
2,0,31,854,53,154,.344,6,24,.250,47,130,.362,17,27,.630,8,85,93,55,26,3,36,56,170
2,1,31,27.5,1.7,5.0,.344,0.2,0.8,.250,1.5,4.2,.362,0.5,0.9,.630,3.0,1.8,0.8,0.1,1.2,1.8,5.5
2,2,31,854,2.5,7.2,.344,0.3,1.1,.250,2.2,6.1,.362,0.8,1.3,.630,4.4,2.6,1.2,0.1,1.7,2.6,8.0
2,3,31,854,4.0,11.6,.344,0.5,1.8,.250,3.5,9.8,.362,1.3,2.0,.630,7.0,4.1,2.0,0.2,2.7,4.2,12.8,,96.5,103.4
2,4,31,854,9.3,.510,.497,.844,.175,171,1.2,11.7,6.7,13.2,2.0,0.4,17.7,13.5,,0.4,1.0,1.4,.064,,-1.1,-0.4,-1.5
3,0,21,112,11,17,.647,10,12,.833,1,5,.200,4,11,.364,6,17,23,3,4,0,5,10,27
3,1,21,5.3,0.5,0.8,.647,0.5,0.6,.833,0.0,0.2,.200,0.2,0.5,.364,1.1,0.1,0.2,0.0,0.2,0.5,1.3
3,2,21,112,3.9,6.1,.647,3.6,4.3,.833,0.4,1.8,.200,1.4,3.9,.364,8.2,1.1,1.4,0.0,1.8,3.6,9.6
3,3,21,112,6.3,9.7,.647,5.7,6.9,.833,0.6,2.9,.200,2.3,6.3,.364,13.2,1.7,2.3,0.0,2.9,5.7,15.5,,106.9,99.4
3,4,21,112,14.0,.607,.676,.294,.647,26,6.8,17.9,12.6,5.9,2.3,0.0,18.4,13.9,,0.1,0.2,0.3,.107,,-2.1,-1.0,-3.1
4,0,31,1072,90,207,.435,37,107,.346,53,100,.530,53,61,.869,12,50,62,140,22,0,76,48,286
4,1,31,34.6,2.9,6.7,.435,1.2,3.5,.346,1.7,3.2,.530,1.7,2.0,.869,2.0,4.5,0.7,0.0,2.5,1.5,9.2
4,2,31,1072,3.4,7.7,.435,1.4,4.0,.346,2.0,3.7,.530,2.0,2.3,.869,2.3,5.2,0.8,0.0,2.8,1.8,10.7
4,3,31,1072,5.4,12.4,.435,2.2,6.4,.346,3.2,6.0,.530,3.2,3.7,.869,3.7,8.4,1.3,0.0,4.6,2.9,17.1,,108.6,108.4
4,4,31,1072,13.2,.606,.563,.483,.295,319,1.4,5.5,3.5,28.0,1.3,0.0,24.4,16.6,,1.7,0.7,2.4,.091,,0.2,-3.3,-3.1
5,0,21,246,11,19,.579,4,5,.800,7,14,.500,0,0,,2,16,18,16,7,1,9,18,29
5,1,21,11.7,0.5,0.9,.579,0.2,0.2,.800,0.3,0.7,.500,0.0,0.0,,0.9,0.8,0.3,0.0,0.4,0.9,1.4
5,2,21,246,1.8,3.1,.579,0.7,0.8,.800,1.1,2.3,.500,0.0,0.0,,2.9,2.6,1.1,0.2,1.5,2.9,4.7
5,3,21,246,2.9,5.0,.579,1.0,1.3,.800,1.8,3.7,.500,0.0,0.0,,4.7,4.2,1.8,0.3,2.3,4.7,7.6,,114.3,105.8
5,4,21,246,8.2,.763,.763,.737,.000,31,1.0,7.7,4.5,12.9,1.8,0.5,32.1,6.5,,0.2,0.2,0.4,.071,,-1.9,-1.0,-2.9
6,0,25,594,125,229,.546,125,229,.546,0,0,,78,141,.553,44,92,136,25,13,36,39,63,328
6,1,25,23.8,5.0,9.2,.546,5.0,9.2,.546,0.0,0.0,,3.1,5.6,.553,5.4,1.0,0.5,1.4,1.6,2.5,13.1
6,2,25,594,8.4,15.4,.546,8.4,15.4,.546,0.0,0.0,,5.3,9.5,.553,9.2,1.7,0.9,2.4,2.6,4.2,22.1
6,3,25,594,13.5,24.8,.546,13.5,24.8,.546,0.0,0.0,,8.4,15.2,.553,14.7,2.7,1.4,3.9,4.2,6.8,35.5,,106.7,98.0
6,4,25,594,26.7,.554,.546,.000,.616,298,9.4,18.2,14.0,12.4,1.4,6.9,11.6,32.2,,1.5,1.0,2.5,.166,,-0.3,1.2,0.9
7,0,30,391,45,89,.506,45,89,.506,0,0,,21,30,.700,26,37,63,12,7,30,18,30,111
7,1,30,13.0,1.5,3.0,.506,1.5,3.0,.506,0.0,0.0,,0.7,1.0,.700,2.1,0.4,0.2,1.0,0.6,1.0,3.7
7,2,30,391,4.6,9.1,.506,4.6,9.1,.506,0.0,0.0,,2.1,3.1,.700,6.4,1.2,0.7,3.1,1.8,3.1,11.4
7,3,30,391,7.4,14.6,.506,7.4,14.6,.506,0.0,0.0,,3.4,4.9,.700,10.3,2.0,1.1,4.9,3.0,4.9,18.2,,104.6,101.6
7,4,30,391,16.8,.538,.506,.000,.337,111,8.5,11.1,9.8,7.1,1.1,8.8,14.8,17.7,,0.5,0.5,1.0,.103,,-3.5,2.8,-0.7
8,0,15,70,3,13,.231,2,5,.400,1,8,.125,0,1,.000,1,11,12,0,1,7,3,7,7
8,1,15,4.7,0.2,0.9,.231,0.1,0.3,.400,0.1,0.5,.125,0.0,0.1,.000,0.8,0.0,0.1,0.5,0.2,0.5,0.5
8,2,15,70,1.7,7.4,.231,1.1,2.9,.400,0.6,4.6,.125,0.0,0.6,.000,6.9,0.0,0.6,4.0,1.7,4.0,4.0
8,3,15,70,2.8,11.9,.231,1.8,4.6,.400,0.9,7.3,.125,0.0,0.9,.000,11.0,0.0,0.9,6.4,2.8,6.4,6.4,,48.1,96.9
8,4,15,70,3.3,.260,.269,.615,.077,7,1.8,18.5,10.5,0.0,0.9,11.4,18.2,13.4,,-0.2,0.1,-0.1,-.030,,-11.7,2.1,-9.6
9,0,31,494,45,122,.369,23,50,.460,22,72,.306,9,14,.643,16,71,87,24,5,11,14,38,121
9,1,31,15.9,1.5,3.9,.369,0.7,1.6,.460,0.7,2.3,.306,0.3,0.5,.643,2.8,0.8,0.2,0.4,0.5,1.2,3.9
9,2,31,494,3.6,9.9,.369,1.9,4.0,.460,1.8,5.8,.306,0.7,1.1,.643,7.0,1.9,0.4,0.9,1.1,3.1,9.8
9,3,31,494,5.9,15.9,.369,3.0,6.5,.460,2.9,9.4,.306,1.2,1.8,.643,11.3,3.1,0.7,1.4,1.8,4.9,15.7,,98.7,102.5
9,4,31,494,11.4,.470,.459,.590,.115,120,4.1,16.9,10.8,10.6,0.7,2.5,9.8,16.5,,0.3,0.6,0.9,.077,,-2.3,-0.9,-3.2
10,0,29,671,72,184,.391,46,103,.447,26,81,.321,59,79,.747,7,74,81,36,20,2,48,53,229
10,1,29,23.1,2.5,6.3,.391,1.6,3.6,.447,0.9,2.8,.321,2.0,2.7,.747,2.8,1.2,0.7,0.1,1.7,1.8,7.9
10,2,29,671,4.3,11.0,.391,2.7,6.1,.447,1.5,4.8,.321,3.5,4.7,.747,4.8,2.1,1.2,0.1,2.9,3.2,13.7
10,3,29,671,6.9,17.6,.391,4.4,9.9,.447,2.5,7.8,.321,5.6,7.6,.747,7.8,3.4,1.9,0.2,4.6,5.1,21.9,,93.9,102.8
10,4,29,671,12.0,.517,.462,.440,.429,214,1.3,13.0,7.4,12.1,1.9,0.3,17.8,22.9,,0.3,0.8,1.1,.066,,-2.7,-1.8,-4.5
11,0,18,79,6,18,.333,3,4,.750,3,14,.214,0,0,,3,11,14,4,2,2,1,5,15
11,1,18,4.4,0.3,1.0,.333,0.2,0.2,.750,0.2,0.8,.214,0.0,0.0,,0.8,0.2,0.1,0.1,0.1,0.3,0.8
11,2,18,79,3.0,9.1,.333,1.5,2.0,.750,1.5,7.1,.214,0.0,0.0,,7.1,2.0,1.0,1.0,0.5,2.5,7.6
11,3,18,79,4.9,14.6,.333,2.4,3.3,.750,2.4,11.4,.214,0.0,0.0,,11.4,3.3,1.6,1.6,0.8,4.1,12.2,,98.3,100.5
11,4,18,79,11.4,.417,.417,.778,.000,16,4.8,16.4,10.8,10.7,1.6,2.9,5.3,13.7,,0.0,0.1,0.2,.079,,-2.3,-0.2,-2.4
12,0,31,719,69,188,.367,27,61,.443,42,127,.331,11,21,.524,6,73,79,33,40,15,37,69,191
12,1,31,23.2,2.2,6.1,.367,0.9,2.0,.443,1.4,4.1,.331,0.4,0.7,.524,2.5,1.1,1.3,0.5,1.2,2.2,6.2
12,2,31,719,3.8,10.5,.367,1.5,3.4,.443,2.3,7.1,.331,0.6,1.2,.524,4.4,1.8,2.2,0.8,2.1,3.8,10.6
12,3,31,719,6.2,16.8,.367,2.4,5.4,.443,3.8,11.3,.331,1.0,1.9,.524,7.1,2.9,3.6,1.3,3.3,6.2,17.1,,88.4,98.5
12,4,31,719,11.2,.482,.479,.676,.112,174,1.1,12.0,6.7,10.1,3.6,2.4,15.7,18.6,,-0.1,1.2,1.1,.060,,-2.1,1.2,-0.9
