0,0,29,446,16,48,.333,16,43,.372,0,5,.000,5,11,.455,4,22,26,63,7,1,28,28,37
0,1,29,15.4,0.6,1.7,.333,0.6,1.5,.372,0.0,0.2,.000,0.2,0.4,.455,0.9,2.2,0.2,0.0,1.0,1.0,1.3
0,2,29,446,1.4,4.3,.333,1.4,3.9,.372,0.0,0.4,.000,0.4,1.0,.455,2.3,5.7,0.6,0.1,2.5,2.5,3.3
0,3,29,446,2.2,6.7,.333,2.2,6.0,.372,0.0,0.7,.000,0.7,1.5,.455,3.6,8.8,1.0,0.1,3.9,3.9,5.2,,79.6,111.6
0,4,29,446,4.4,.348,.333,.104,.229,65,1.1,6.1,3.6,25.7,1.0,0.2,34.5,9.8,,-0.2,0.1,-0.1,-.010,,-6.7,-4.1,-10.8
1,0,29,652,67,177,.379,28,73,.384,39,104,.375,21,29,.724,8,48,56,34,25,0,32,39,194
1,1,29,22.5,2.3,6.1,.379,1.0,2.5,.384,1.3,3.6,.375,0.7,1.0,.724,1.9,1.2,0.9,0.0,1.1,1.3,6.7
1,2,29,652,4.1,10.9,.379,1.7,4.5,.384,2.4,6.4,.375,1.3,1.8,.724,3.4,2.1,1.5,0.0,2.0,2.4,11.9
1,3,29,652,6.4,16.9,.379,2.7,7.0,.384,3.7,9.9,.375,2.0,2.8,.724,5.4,3.2,2.4,0.0,3.1,3.7,18.5,,99.4,107.3
1,4,29,652,11.6,.508,.489,.588,.164,176,1.5,9.0,5.3,10.8,2.4,0.0,14.4,18.3,,0.6,0.4,1.0,.062,,-1.0,-3.0,-4.0
2,0,29,973,168,362,.464,139,284,.489,29,78,.372,97,113,.858,20,78,98,88,29,3,66,60,462
2,1,29,33.6,5.8,12.5,.464,4.8,9.8,.489,1.0,2.7,.372,3.3,3.9,.858,3.4,3.0,1.0,0.1,2.3,2.1,15.9
2,2,29,973,6.9,14.9,.464,5.7,11.7,.489,1.2,3.2,.372,4.0,4.6,.858,4.0,3.6,1.2,0.1,2.7,2.5,19.0
2,3,29,973,10.8,23.2,.464,8.9,18.2,.489,1.9,5.0,.372,6.2,7.2,.858,6.3,5.6,1.9,0.2,4.2,3.8,29.6,,110.4,108.0
2,4,29,973,20.3,.556,.504,.215,.312,434,2.5,9.8,6.2,21.9,1.9,0.3,13.7,26.5,,2.6,0.6,3.2,.131,,2.0,-3.2,-1.2
3,0,24,170,13,53,.245,7,28,.250,6,25,.240,8,10,.800,4,18,22,6,6,2,8,16,40
3,1,24,7.1,0.5,2.2,.245,0.3,1.2,.250,0.3,1.0,.240,0.3,0.4,.800,0.9,0.3,0.3,0.1,0.3,0.7,1.7
3,2,24,170,3.1,12.5,.245,1.6,6.6,.250,1.4,5.9,.240,1.9,2.4,.800,5.2,1.4,1.4,0.5,1.9,3.8,9.4
3,3,24,170,4.8,19.4,.245,2.6,10.3,.250,2.2,9.2,.240,2.9,3.7,.800,8.1,2.2,2.2,0.7,2.9,5.9,14.7,,76.5,105.2
3,4,24,170,5.2,.346,.302,.472,.189,39,2.9,13.0,8.0,6.9,2.2,1.3,12.2,20.7,,-0.2,0.2,0.0,-.010,,-6.9,-3.2,-10.1
4,0,19,314,47,113,.416,39,91,.429,8,22,.364,15,20,.750,33,44,77,15,14,14,23,29,117
4,1,19,16.5,2.5,5.9,.416,2.1,4.8,.429,0.4,1.2,.364,0.8,1.1,.750,4.1,0.8,0.7,0.7,1.2,1.5,6.2
4,2,19,314,6.0,14.4,.416,5.0,11.6,.429,1.0,2.8,.364,1.9,2.5,.750,9.8,1.9,1.8,1.8,2.9,3.7,14.9
4,3,19,314,9.3,22.4,.416,7.7,18.1,.429,1.6,4.4,.364,3.0,4.0,.750,15.3,3.0,2.8,2.8,4.6,5.8,23.2,,97.2,100.3
4,4,19,314,19.0,.478,.451,.195,.177,118,13.0,17.2,15.1,11.0,2.8,4.9,15.8,24.8,,0.3,0.4,0.7,.093,,-2.0,0.5,-1.5
5,0,27,296,25,65,.385,7,12,.583,18,53,.340,4,4,1.000,3,22,25,16,3,0,12,30,72
5,1,27,11.0,0.9,2.4,.385,0.3,0.4,.583,0.7,2.0,.340,0.1,0.1,1.000,0.9,0.6,0.1,0.0,0.4,1.1,2.7
5,2,27,296,3.4,8.8,.385,0.9,1.6,.583,2.4,7.2,.340,0.5,0.5,1.000,3.4,2.2,0.4,0.0,1.6,4.1,9.7
5,3,27,296,5.3,13.7,.385,1.5,2.5,.583,3.8,11.2,.340,0.8,0.8,1.000,5.3,3.4,0.6,0.0,2.5,6.3,15.2,,104.1,110.9
5,4,27,296,8.3,.538,.523,.815,.062,66,1.3,9.1,5.2,10.8,0.6,0.0,15.2,14.3,,0.3,0.1,0.4,.053,,-1.4,-4.7,-6.1
6,0,11,47,5,9,.556,5,9,.556,0,0,,1,4,.250,5,5,10,2,2,2,1,4,11
6,1,11,4.3,0.5,0.8,.556,0.5,0.8,.556,0.0,0.0,,0.1,0.4,.250,0.9,0.2,0.2,0.2,0.1,0.4,1.0
6,2,11,47,4.3,7.7,.556,4.3,7.7,.556,0.0,0.0,,0.9,3.4,.250,8.5,1.7,1.7,1.7,0.9,3.4,9.4
6,3,11,47,6.6,11.9,.556,6.6,11.9,.556,0.0,0.0,,1.3,5.3,.250,13.3,2.7,2.7,2.7,1.3,5.3,14.6,,114.2,102.5
6,4,11,47,18.0,.505,.556,.000,.444,12,13.2,13.1,13.1,8.9,2.7,4.7,8.4,13.6,,0.1,0.1,0.1,.116,,-0.9,1.0,0.1
7,0,29,209,21,46,.457,20,43,.465,1,3,.333,5,7,.714,16,25,41,13,1,2,18,29,48
7,1,29,7.2,0.7,1.6,.457,0.7,1.5,.465,0.0,0.1,.333,0.2,0.2,.714,1.4,0.4,0.0,0.1,0.6,1.0,1.7
7,2,29,209,4.0,8.8,.457,3.8,8.2,.465,0.2,0.6,.333,1.0,1.3,.714,7.8,2.5,0.2,0.4,3.4,5.6,9.2
7,3,29,209,6.3,13.7,.457,6.0,12.8,.465,0.3,0.9,.333,1.5,2.1,.714,12.2,3.9,0.3,0.6,5.4,8.6,14.3,,88.6,108.5
7,4,29,209,8.2,.487,.467,.065,.152,54,9.5,14.7,12.1,12.8,0.3,1.1,26.7,17.3,,0.0,0.1,0.1,.021,,-5.2,-2.8,-8.0
8,0,29,689,115,203,.567,115,203,.567,0,0,,65,90,.722,85,119,204,11,16,24,45,89,295
8,1,29,23.8,4.0,7.0,.567,4.0,7.0,.567,0.0,0.0,,2.2,3.1,.722,7.0,0.4,0.6,0.8,1.6,3.1,10.2
8,2,29,689,6.7,11.8,.567,6.7,11.8,.567,0.0,0.0,,3.8,5.2,.722,11.8,0.6,0.9,1.4,2.6,5.2,17.1
8,3,29,689,10.4,18.4,.567,10.4,18.4,.567,0.0,0.0,,5.9,8.1,.722,18.4,1.0,1.4,2.2,4.1,8.0,26.7,,114.7,101.8
8,4,29,689,23.4,.600,.567,.000,.443,280,15.3,21.2,18.3,3.8,1.4,3.8,15.5,22.6,,1.9,0.8,2.8,.160,,-0.2,-2.1,-2.3
9,0,29,830,86,257,.335,48,133,.361,38,124,.306,91,111,.820,14,60,74,83,29,6,69,47,301
9,1,29,28.6,3.0,8.9,.335,1.7,4.6,.361,1.3,4.3,.306,3.1,3.8,.820,2.6,2.9,1.0,0.2,2.4,1.6,10.4
9,2,29,830,4.1,12.4,.335,2.3,6.4,.361,1.8,6.0,.306,4.4,5.3,.820,3.6,4.0,1.4,0.3,3.3,2.3,14.5
9,3,29,830,6.5,19.3,.335,3.6,10.0,.361,2.9,9.3,.306,6.8,8.3,.820,5.6,6.2,2.2,0.5,5.2,3.5,22.6,,96.8,107.5
9,4,29,830,13.6,.486,.409,.482,.432,305,2.1,8.9,5.5,20.8,2.2,0.8,18.2,24.4,,0.7,0.6,1.3,.063,,-1.2,-3.0,-4.2
10,0,12,58,8,19,.421,5,13,.385,3,6,.500,6,9,.667,2,4,6,2,4,0,7,7,25
10,1,12,4.8,0.7,1.6,.421,0.4,1.1,.385,0.3,0.5,.500,0.5,0.8,.667,0.5,0.2,0.3,0.0,0.6,0.6,2.1
10,2,12,58,5.5,13.1,.421,3.4,9.0,.385,2.1,4.1,.500,4.1,6.2,.667,4.1,1.4,2.8,0.0,4.8,4.8,17.2
10,3,12,58,8.6,20.4,.421,5.4,14.0,.385,3.2,6.4,.500,6.4,9.7,.667,6.4,2.1,4.3,0.0,7.5,7.5,26.9,,89.8,103.0
10,4,12,58,13.6,.537,.500,.316,.474,22,4.3,8.5,6.4,7.7,4.3,0.0,23.1,28.0,,0.0,0.1,0.1,.048,,-3.9,-3.2,-7.1
11,0,29,391,49,86,.570,46,80,.575,3,6,.500,24,26,.923,20,42,62,18,8,6,20,37,125
11,1,29,13.5,1.7,3.0,.570,1.6,2.8,.575,0.1,0.2,.500,0.8,0.9,.923,2.1,0.6,0.3,0.2,0.7,1.3,4.3
11,2,29,391,5.0,8.8,.570,4.7,8.2,.575,0.3,0.6,.500,2.5,2.7,.923,6.3,1.8,0.8,0.6,2.0,3.8,12.8
11,3,29,391,7.8,13.7,.570,7.3,12.7,.575,0.5,1.0,.500,3.8,4.1,.923,9.9,2.9,1.3,1.0,3.2,5.9,19.9,,117.8,106.9
11,4,29,391,16.8,.635,.587,.070,.302,117,6.3,13.2,9.8,10.0,1.3,1.7,16.9,16.2,,0.9,0.3,1.2,.119,,-0.6,-2.0,-2.6
12,0,29,644,51,111,.459,51,110,.464,0,1,.000,26,45,.578,41,70,111,26,16,7,30,62,128
12,1,29,22.2,1.8,3.8,.459,1.8,3.8,.464,0.0,0.0,.000,0.9,1.6,.578,3.8,0.9,0.6,0.2,1.0,2.1,4.4
12,2,29,644,3.2,6.9,.459,3.2,6.8,.464,0.0,0.1,.000,1.6,2.8,.578,6.9,1.6,1.0,0.4,1.9,3.9,8.0
12,3,29,644,4.9,10.7,.459,4.9,10.6,.464,0.0,0.1,.000,2.5,4.4,.578,10.7,2.5,1.5,0.7,2.9,6.0,12.4,,97.7,106.5
12,4,29,644,10.2,.483,.459,.009,.405,139,7.9,13.3,10.6,8.0,1.5,1.2,18.5,13.5,,0.4,0.5,0.9,.054,,-3.4,-0.9,-4.3
13,0,22,156,17,30,.567,15,27,.556,2,3,.667,5,14,.357,9,14,23,6,5,0,12,22,41
13,1,22,7.1,0.8,1.4,.567,0.7,1.2,.556,0.1,0.1,.667,0.2,0.6,.357,1.0,0.3,0.2,0.0,0.5,1.0,1.9
13,2,22,156,4.4,7.7,.567,3.8,6.9,.556,0.5,0.8,.667,1.3,3.6,.357,5.9,1.5,1.3,0.0,3.1,5.6,10.5
13,3,22,156,6.8,12.0,.567,6.0,10.8,.556,0.8,1.2,.667,2.0,5.6,.357,9.2,2.4,2.0,0.0,4.8,8.8,16.4,,93.1,106.8
13,4,22,156,10.1,.559,.600,.100,.467,39,7.1,11.0,9.1,8.1,2.0,0.0,24.7,16.7,,0.1,0.1,0.2,.043,,-3.6,-2.7,-6.3
