0,0,22,172,8,16,.500,8,16,.500,0,0,,4,15,.267,29,21,50,4,3,3,15,31,20
0,1,22,7.8,0.4,0.7,.500,0.4,0.7,.500,0.0,0.0,,0.2,0.7,.267,2.3,0.2,0.1,0.1,0.7,1.4,0.9
0,2,22,172,1.9,3.7,.500,1.9,3.7,.500,0.0,0.0,,0.9,3.5,.267,11.6,0.9,0.7,0.7,3.5,7.2,4.7
0,3,22,172,2.9,5.8,.500,2.9,5.8,.500,0.0,0.0,,1.5,5.5,.267,18.3,1.5,1.1,1.1,5.5,11.3,7.3,,80.2,102.7
0,4,22,172,6.9,.432,.500,.000,.938,32,20.6,14.7,17.6,4.6,1.1,2.1,39.3,12.0,,-0.1,0.2,0.1,.021,,-5.4,-0.7,-6.1
1,0,19,404,32,84,.381,17,35,.486,15,49,.306,9,13,.692,4,16,20,19,7,1,14,23,88
1,1,19,21.3,1.7,4.4,.381,0.9,1.8,.486,0.8,2.6,.306,0.5,0.7,.692,1.1,1.0,0.4,0.1,0.7,1.2,4.6
1,2,19,404,3.2,8.3,.381,1.7,3.5,.486,1.5,4.9,.306,0.9,1.3,.692,2.0,1.9,0.7,0.1,1.4,2.3,8.7
1,3,19,404,5.0,13.1,.381,2.6,5.4,.486,2.3,7.6,.306,1.4,2.0,.692,3.1,3.0,1.1,0.2,2.2,3.6,13.7,,98.0,108.7
1,4,19,404,7.5,.488,.470,.583,.155,81,1.2,4.8,3.0,10.0,1.1,0.3,13.4,13.9,,0.2,0.2,0.5,.046,,-2.8,-3.4,-6.2
2,0,29,1028,145,335,.433,118,264,.447,27,71,.380,103,114,.904,29,95,124,98,36,5,64,67,420
2,1,29,35.4,5.0,11.6,.433,4.1,9.1,.447,0.9,2.4,.380,3.6,3.9,.904,4.3,3.4,1.2,0.2,2.2,2.3,14.5
2,2,29,1028,5.6,13.0,.433,4.6,10.3,.447,1.1,2.8,.380,4.0,4.4,.904,4.8,3.8,1.4,0.2,2.5,2.6,16.3
2,3,29,1028,8.9,20.5,.433,7.2,16.1,.447,1.6,4.3,.380,6.3,7.0,.904,7.6,6.0,2.2,0.3,3.9,4.1,25.7,,109.5,103.2
2,4,29,1028,18.9,.540,.473,.212,.340,410,3.4,11.1,7.3,23.3,2.2,0.6,14.1,23.8,,2.3,1.2,3.5,.135,,1.5,-1.5,0.0
3,0,29,764,95,212,.448,91,199,.457,4,13,.308,49,70,.700,54,109,163,49,26,36,56,75,243
3,1,29,26.3,3.3,7.3,.448,3.1,6.9,.457,0.1,0.4,.308,1.7,2.4,.700,5.6,1.7,0.9,1.2,1.9,2.6,8.4
3,2,29,764,5.0,11.1,.448,4.8,10.4,.457,0.2,0.7,.308,2.6,3.7,.700,8.5,2.6,1.4,1.9,2.9,3.9,12.7
3,3,29,764,7.8,17.4,.448,7.5,16.4,.457,0.3,1.1,.308,4.0,5.8,.700,13.4,4.0,2.1,3.0,4.6,6.2,20.0,,96.7,98.0
3,4,29,764,16.7,.495,.458,.061,.330,248,8.6,17.1,12.9,15.1,2.1,5.8,18.6,21.3,,0.6,1.2,1.8,.095,,-2.9,2.6,-0.3
4,0,22,186,13,41,.317,1,2,.500,12,39,.308,0,0,,1,19,20,11,3,1,7,20,38
4,1,22,8.5,0.6,1.9,.317,0.0,0.1,.500,0.5,1.8,.308,0.0,0.0,,0.9,0.5,0.1,0.0,0.3,0.9,1.7
4,2,22,186,2.8,8.8,.317,0.2,0.4,.500,2.6,8.4,.308,0.0,0.0,,4.3,2.4,0.6,0.2,1.5,4.3,8.2
4,3,22,186,4.4,13.8,.317,0.3,0.7,.500,4.1,13.2,.308,0.0,0.0,,6.8,3.7,1.0,0.3,2.4,6.8,12.8,,93.9,105.1
4,4,22,186,6.7,.463,.463,.951,.000,36,0.7,12.3,6.5,12.3,1.0,0.7,14.6,14.0,,0.1,0.2,0.2,.049,,-3.0,-3.2,-6.2
5,0,10,351,38,108,.352,23,58,.397,15,50,.300,23,26,.885,4,25,29,19,10,0,21,26,114
5,1,10,35.1,3.8,10.8,.352,2.3,5.8,.397,1.5,5.0,.300,2.3,2.6,.885,2.9,1.9,1.0,0.0,2.1,2.6,11.4
5,2,10,351,4.3,12.3,.352,2.6,6.6,.397,1.7,5.7,.300,2.6,3.0,.885,3.3,2.2,1.1,0.0,2.4,3.0,13.0
5,3,10,351,6.8,19.3,.352,4.1,10.4,.397,2.7,8.9,.300,4.1,4.7,.885,5.2,3.4,1.8,0.0,3.8,4.7,20.4,,93.7,105.5
5,4,10,351,10.1,.474,.421,.463,.241,105,1.4,8.6,5.0,12.3,1.8,0.0,14.9,21.8,,0.1,0.3,0.5,.053,,-2.6,-3.2,-5.7
6,0,25,218,21,43,.488,20,41,.488,1,2,.500,16,19,.842,14,20,34,4,2,0,13,37,59
6,1,25,8.7,0.8,1.7,.488,0.8,1.6,.488,0.0,0.1,.500,0.6,0.8,.842,1.4,0.2,0.1,0.0,0.5,1.5,2.4
6,2,25,218,3.9,7.9,.488,3.7,7.5,.488,0.2,0.4,.500,2.9,3.5,.842,6.2,0.7,0.4,0.0,2.4,6.8,10.8
6,3,25,218,6.1,12.4,.488,5.8,11.8,.488,0.3,0.6,.500,4.6,5.5,.842,9.8,1.2,0.6,0.0,3.7,10.7,17.0,,103.1,106.6
6,4,25,218,9.4,.567,.500,.047,.442,56,7.8,11.0,9.4,4.1,0.6,0.0,20.0,16.1,,0.2,0.2,0.4,.074,,-4.3,-3.8,-8.1
7,0,29,932,96,271,.354,60,155,.387,36,116,.310,32,50,.640,18,106,124,78,42,3,67,59,260
7,1,29,32.1,3.3,9.3,.354,2.1,5.3,.387,1.2,4.0,.310,1.1,1.7,.640,4.3,2.7,1.4,0.1,2.3,2.0,9.0
7,2,29,932,4.1,11.6,.354,2.6,6.7,.387,1.5,5.0,.310,1.4,2.1,.640,5.3,3.3,1.8,0.1,2.9,2.5,11.2
7,3,29,932,6.5,18.3,.354,4.0,10.4,.387,2.4,7.8,.310,2.2,3.4,.640,8.4,5.3,2.8,0.2,4.5,4.0,17.5,,87.0,100.8
7,4,29,932,10.8,.441,.421,.428,.185,260,2.4,13.7,8.1,18.8,2.8,0.4,18.5,21.0,,-0.2,1.3,1.0,.045,,-3.1,-0.6,-3.7
8,0,25,294,36,66,.545,36,66,.545,0,0,,17,32,.531,28,62,90,4,12,6,28,44,89
8,1,25,11.8,1.4,2.6,.545,1.4,2.6,.545,0.0,0.0,,0.7,1.3,.531,3.6,0.2,0.5,0.2,1.1,1.8,3.6
8,2,25,294,4.9,9.0,.545,4.9,9.0,.545,0.0,0.0,,2.3,4.4,.531,12.2,0.5,1.6,0.8,3.8,6.0,12.1
8,3,25,294,7.7,14.1,.545,7.7,14.1,.545,0.0,0.0,,3.6,6.8,.531,19.2,0.9,2.6,1.3,6.0,9.4,19.0,,90.2,94.7
8,4,25,294,14.7,.548,.545,.000,.485,84,11.6,25.3,18.5,3.2,2.6,2.5,25.6,20.1,,0.0,0.6,0.6,.081,,-6.0,-0.9,-6.9
9,0,18,148,5,23,.217,3,17,.176,2,6,.333,7,10,.700,6,8,14,3,3,0,10,16,19
9,1,18,8.2,0.3,1.3,.217,0.2,0.9,.176,0.1,0.3,.333,0.4,0.6,.700,0.8,0.2,0.2,0.0,0.6,0.9,1.1
9,2,18,148,1.4,6.2,.217,0.8,4.6,.176,0.5,1.6,.333,1.9,2.7,.700,3.8,0.8,0.8,0.0,2.7,4.3,5.1
9,3,18,148,2.1,9.8,.217,1.3,7.2,.176,0.8,2.5,.333,3.0,4.2,.700,5.9,1.3,1.3,0.0,4.2,6.8,8.1,,65.7,107.4
9,4,18,148,0.1,.342,.261,.261,.435,21,5.0,6.5,5.7,3.9,1.3,0.0,26.5,13.8,,-0.2,0.1,-0.1,-.033,,-8.5,-2.7,-11.2
10,0,28,633,97,198,.490,93,186,.500,4,12,.333,54,84,.643,50,75,125,44,16,17,50,97,252
10,1,28,22.6,3.5,7.1,.490,3.3,6.6,.500,0.1,0.4,.333,1.9,3.0,.643,4.5,1.6,0.6,0.6,1.8,3.5,9.0
10,2,28,633,6.1,12.5,.490,5.9,11.8,.500,0.3,0.8,.333,3.4,5.3,.643,7.9,2.8,1.0,1.1,3.2,6.1,15.9
10,3,28,633,9.6,19.6,.490,9.2,18.5,.500,0.4,1.2,.333,5.4,8.3,.643,12.4,4.4,1.6,1.7,5.0,9.6,25.0,,102.0,101.4
10,4,28,633,17.7,.530,.500,.061,.424,248,9.6,14.2,12.0,17.5,1.6,3.3,17.4,24.6,,0.9,0.8,1.8,.111,,-1.0,-0.1,-1.0
11,0,29,361,39,80,.488,39,80,.488,0,0,,15,26,.577,27,53,80,11,7,0,24,34,93
11,1,29,12.4,1.3,2.8,.488,1.3,2.8,.488,0.0,0.0,,0.5,0.9,.577,2.8,0.4,0.2,0.0,0.8,1.2,3.2
11,2,29,361,4.3,8.9,.488,4.3,8.9,.488,0.0,0.0,,1.7,2.9,.577,8.9,1.2,0.8,0.0,2.7,3.8,10.3
11,3,29,361,6.8,13.9,.488,6.8,13.9,.488,0.0,0.0,,2.6,4.5,.577,13.9,1.9,1.2,0.0,4.2,5.9,16.2,,92.9,102.7
11,4,29,361,11.2,.504,.488,.000,.325,92,9.1,17.6,13.4,6.9,1.2,0.0,20.6,17.4,,0.1,0.4,0.5,.059,,-5.2,-2.4,-7.6
12,0,26,334,15,42,.357,14,37,.378,1,5,.200,23,27,.852,6,20,26,22,6,0,24,21,54
12,1,26,12.8,0.6,1.6,.357,0.5,1.4,.378,0.0,0.2,.200,0.9,1.0,.852,1.0,0.8,0.2,0.0,0.9,0.8,2.1
12,2,26,334,1.8,5.0,.357,1.7,4.4,.378,0.1,0.6,.200,2.8,3.2,.852,3.1,2.6,0.7,0.0,2.9,2.5,6.5
12,3,26,334,2.8,7.9,.357,2.6,7.0,.378,0.2,0.9,.200,4.3,5.1,.852,4.9,4.1,1.1,0.0,4.5,3.9,10.2,,85.4,107.7
12,4,26,334,5.4,.492,.369,.119,.643,60,2.2,7.2,4.7,13.1,1.1,0.0,30.4,12.8,,-0.1,0.2,0.1,.018,,-6.3,-2.6,-8.9
