0,0,3,3,0,2,.000,0,0,,0,2,.000,0,0,,0,0,0,0,0,0,1,2,0
0,1,3,1.0,0.0,0.7,.000,0.0,0.0,,0.0,0.7,.000,0.0,0.0,,0.0,0.0,0.0,0.0,0.3,0.7,0.0
0,2,3,3,0.0,26.7,.000,0.0,0.0,,0.0,26.7,.000,0.0,0.0,,0.0,0.0,0.0,0.0,13.3,26.7,0.0
0,3,3,3,0.0,39.5,.000,0.0,0.0,,0.0,39.5,.000,0.0,0.0,,0.0,0.0,0.0,0.0,19.8,39.5,0.0,,0.0,113.6
0,4,3,3,-60.9,.000,.000,1.000,.000,0,0.0,0.0,0.0,0.0,0.0,0.0,33.3,53.6,,-0.1,0.0,-0.1,-.843,,-41.2,-13.4,-54.6
1,0,34,1234,187,435,.430,72,165,.436,115,270,.426,148,176,.841,20,89,109,142,42,2,63,59,637
1,1,34,36.3,5.5,12.8,.430,2.1,4.9,.436,3.4,7.9,.426,4.4,5.2,.841,3.2,4.2,1.2,0.1,1.9,1.7,18.7
1,2,34,1234,6.1,14.1,.430,2.3,5.3,.436,3.7,8.8,.426,4.8,5.7,.841,3.5,4.6,1.4,0.1,2.0,1.9,20.6
1,3,34,1234,9.0,20.9,.430,3.5,7.9,.436,5.5,13.0,.426,7.1,8.5,.841,5.2,6.8,2.0,0.1,3.0,2.8,30.6,,124.5,109.3
1,4,34,1234,22.7,.614,.562,.621,.405,634,2.2,10.2,6.0,23.3,2.0,0.2,10.8,25.2,,4.6,1.1,5.7,.184,,5.4,-3.1,2.3
2,0,4,9,1,3,.333,1,3,.333,0,0,,2,2,1.000,2,2,4,0,0,0,0,0,4
2,1,4,2.3,0.3,0.8,.333,0.3,0.8,.333,0.0,0.0,,0.5,0.5,1.000,1.0,0.0,0.0,0.0,0.0,0.0,1.0
2,2,4,9,4.4,13.3,.333,4.4,13.3,.333,0.0,0.0,,8.9,8.9,1.000,17.8,0.0,0.0,0.0,0.0,0.0,17.8
2,3,4,9,6.6,19.8,.333,6.6,19.8,.333,0.0,0.0,,13.2,13.2,1.000,26.4,0.0,0.0,0.0,0.0,0.0,26.4,,135.5,107.2
2,4,4,9,27.1,.506,.333,.000,.667,5,29.5,31.4,30.4,0.0,0.0,0.0,0.0,23.5,,0.0,0.0,0.1,.246,,-3.6,-12.6,-16.1
3,0,34,348,22,53,.415,11,25,.440,11,28,.393,10,11,.909,16,33,49,37,4,3,13,45,65
3,1,34,10.2,0.6,1.6,.415,0.3,0.7,.440,0.3,0.8,.393,0.3,0.3,.909,1.4,1.1,0.1,0.1,0.4,1.3,1.9
3,2,34,348,2.5,6.1,.415,1.3,2.9,.440,1.3,3.2,.393,1.1,1.3,.909,5.6,4.3,0.5,0.3,1.5,5.2,7.5
3,3,34,348,3.7,9.0,.415,1.9,4.3,.440,1.9,4.8,.393,1.7,1.9,.909,8.3,6.3,0.7,0.5,2.2,7.7,11.1,,122.2,110.4
3,4,34,348,10.3,.558,.519,.528,.208,90,6.1,13.4,9.6,18.3,0.7,1.1,18.3,11.0,,0.6,0.3,0.9,.102,,-0.8,-1.9,-2.7
4,0,34,865,104,216,.481,66,127,.520,38,89,.427,83,116,.716,41,82,123,41,30,3,35,100,329
4,1,34,25.4,3.1,6.4,.481,1.9,3.7,.520,1.1,2.6,.427,2.4,3.4,.716,3.6,1.2,0.9,0.1,1.0,2.9,9.7
4,2,34,865,4.8,10.0,.481,3.1,5.9,.520,1.8,4.1,.427,3.8,5.4,.716,5.7,1.9,1.4,0.1,1.6,4.6,15.2
4,3,34,865,7.1,14.8,.481,4.5,8.7,.520,2.6,6.1,.427,5.7,8.0,.716,8.4,2.8,2.1,0.2,2.4,6.9,22.6,,121.5,107.7
4,4,34,865,16.8,.607,.569,.412,.537,325,6.3,13.4,9.7,9.0,2.1,0.4,11.4,19.0,,2.2,0.9,3.1,.142,,1.4,-1.9,-0.5
5,0,31,325,35,77,.455,16,27,.593,19,50,.380,19,26,.731,11,21,32,8,10,14,19,45,108
5,1,31,10.5,1.1,2.5,.455,0.5,0.9,.593,0.6,1.6,.380,0.6,0.8,.731,1.0,0.3,0.3,0.5,0.6,1.5,3.5
5,2,31,325,4.3,9.5,.455,2.0,3.3,.593,2.3,6.2,.380,2.3,3.2,.731,3.9,1.0,1.2,1.7,2.3,5.5,13.3
5,3,31,325,6.4,14.0,.455,2.9,4.9,.593,3.5,9.1,.380,3.5,4.7,.731,5.8,1.5,1.8,2.6,3.5,8.2,19.7,,106.8,107.3
5,4,31,325,12.7,.604,.578,.649,.338,99,4.5,9.1,6.7,4.6,1.8,5.6,17.5,17.9,,0.4,0.3,0.7,.088,,-1.3,-0.4,-1.7
6,0,34,917,127,247,.514,103,172,.599,24,75,.320,55,93,.591,16,53,69,46,55,11,43,84,333
6,1,34,27.0,3.7,7.3,.514,3.0,5.1,.599,0.7,2.2,.320,1.6,2.7,.591,2.0,1.4,1.6,0.3,1.3,2.5,9.8
6,2,34,917,5.5,10.8,.514,4.5,7.5,.599,1.0,3.3,.320,2.4,4.1,.591,3.0,2.0,2.4,0.5,1.9,3.7,14.5
6,3,34,917,8.2,16.0,.514,6.7,11.1,.599,1.6,4.9,.320,3.6,6.0,.591,4.5,3.0,3.6,0.7,2.8,5.4,21.5,,108.5,105.7
6,4,34,917,15.5,.572,.563,.304,.377,308,2.3,8.2,5.2,9.9,3.6,1.6,12.9,19.5,,1.3,1.1,2.4,.104,,-0.7,-0.2,-0.9
7,0,10,19,1,4,.250,1,3,.333,0,1,.000,3,9,.333,0,2,2,1,2,0,2,3,5
7,1,10,1.9,0.1,0.4,.250,0.1,0.3,.333,0.0,0.1,.000,0.3,0.9,.333,0.2,0.1,0.2,0.0,0.2,0.3,0.5
7,2,10,19,2.1,8.4,.250,2.1,6.3,.333,0.0,2.1,.000,6.3,18.9,.333,4.2,2.1,4.2,0.0,4.2,6.3,10.5
7,3,10,19,3.1,12.5,.250,3.1,9.4,.333,0.0,3.1,.000,9.4,28.1,.333,6.2,3.1,6.2,0.0,6.2,9.4,15.6,,58.2,97.9
7,4,10,19,1.1,.302,.250,.250,2.250,5,0.0,14.9,7.2,8.9,6.2,0.0,19.5,29.0,,-0.1,0.0,0.0,-.101,,-13.7,-0.7,-14.4
8,0,33,349,27,53,.509,9,13,.692,18,40,.450,16,23,.696,2,17,19,18,21,0,8,34,88
8,1,33,10.6,0.8,1.6,.509,0.3,0.4,.692,0.5,1.2,.450,0.5,0.7,.696,0.6,0.5,0.6,0.0,0.2,1.0,2.7
8,2,33,349,3.1,6.1,.509,1.0,1.5,.692,2.1,4.6,.450,1.8,2.6,.696,2.2,2.1,2.4,0.0,0.9,3.9,10.1
8,3,33,349,4.6,9.0,.509,1.5,2.2,.692,3.1,6.8,.450,2.7,3.9,.696,3.2,3.1,3.6,0.0,1.4,5.8,15.0,,132.1,106.7
8,4,33,349,13.4,.688,.679,.755,.434,81,0.8,6.9,3.7,9.1,3.6,0.0,11.1,11.0,,0.7,0.4,1.1,.123,,1.6,-1.4,0.2
9,0,29,111,6,10,.600,6,10,.600,0,0,,6,18,.333,6,9,15,0,4,5,7,28,18
9,1,29,3.8,0.2,0.3,.600,0.2,0.3,.600,0.0,0.0,,0.2,0.6,.333,0.5,0.0,0.1,0.2,0.2,1.0,0.6
9,2,29,111,2.2,3.6,.600,2.2,3.6,.600,0.0,0.0,,2.2,6.5,.333,5.4,0.0,1.4,1.8,2.5,10.1,6.5
9,3,29,111,3.2,5.3,.600,3.2,5.3,.600,0.0,0.0,,3.2,9.6,.333,8.0,0.0,2.1,2.7,3.7,15.0,9.6,,82.5,105.1
9,4,29,111,4.1,.485,.600,.000,1.800,19,7.2,11.5,9.2,0.0,2.1,5.8,27.4,12.3,,-0.1,0.1,0.1,.027,,-7.4,-0.3,-7.7
10,0,10,27,1,11,.091,1,2,.500,0,9,.000,2,4,.500,0,3,3,0,2,0,1,1,4
10,1,10,2.7,0.1,1.1,.091,0.1,0.2,.500,0.0,0.9,.000,0.2,0.4,.500,0.3,0.0,0.2,0.0,0.1,0.1,0.4
10,2,10,27,1.5,16.3,.091,1.5,3.0,.500,0.0,13.3,.000,3.0,5.9,.500,4.4,0.0,3.0,0.0,1.5,1.5,5.9
10,3,10,27,2.2,24.2,.091,2.2,4.4,.500,0.0,19.8,.000,4.4,8.8,.500,6.6,0.0,4.4,0.0,2.2,2.2,8.8,,33.6,102.4
10,4,10,27,-6.4,.155,.091,.818,.364,4,0.0,15.7,7.6,0.0,4.4,0.0,7.2,27.6,,-0.2,0.0,-0.1,-.206,,-16.4,-6.6,-23.0
11,0,6,12,0,0,,0,0,,0,0,,0,0,,0,2,2,2,1,0,1,1,0
11,1,6,2.0,0.0,0.0,,0.0,0.0,,0.0,0.0,,0.0,0.0,,0.3,0.3,0.2,0.0,0.2,0.2,0.0
11,2,6,12,0.0,0.0,,0.0,0.0,,0.0,0.0,,0.0,0.0,,6.7,6.7,3.3,0.0,3.3,3.3,0.0
11,3,6,12,0.0,0.0,,0.0,0.0,,0.0,0.0,,0.0,0.0,,9.9,9.9,4.9,0.0,4.9,4.9,0.0,,81.9,98.4
11,4,6,12,8.2,,,,,1,0.0,23.5,11.4,25.8,4.9,0.0,100.0,4.5,,0.0,0.0,0.0,.060,,-6.8,3.6,-3.2
12,0,34,856,110,169,.651,109,165,.661,1,4,.250,72,93,.774,50,108,158,61,29,24,48,112,293
12,1,34,25.2,3.2,5.0,.651,3.2,4.9,.661,0.0,0.1,.250,2.1,2.7,.774,4.6,1.8,0.9,0.7,1.4,3.3,8.6
12,2,34,856,5.1,7.9,.651,5.1,7.7,.661,0.0,0.2,.250,3.4,4.3,.774,7.4,2.9,1.4,1.1,2.2,5.2,13.7
12,3,34,856,7.6,11.7,.651,7.6,11.4,.661,0.1,0.3,.250,5.0,6.4,.774,10.9,4.2,2.0,1.7,3.3,7.8,20.3,,128.3,104.9
12,4,34,856,19.1,.687,.654,.024,.550,312,7.8,17.8,12.6,13.8,2.0,3.6,18.4,16.3,,2.5,1.1,3.5,.166,,1.1,1.6,2.6
13,0,34,1072,151,304,.497,112,184,.609,39,120,.325,129,155,.832,25,115,140,100,76,1,69,121,470
13,1,34,31.5,4.4,8.9,.497,3.3,5.4,.609,1.1,3.5,.325,3.8,4.6,.832,4.1,2.9,2.2,0.0,2.0,3.6,13.8
13,2,34,1072,5.6,11.3,.497,4.2,6.9,.609,1.5,4.5,.325,4.8,5.8,.832,5.2,3.7,2.8,0.0,2.6,4.5,17.5
13,3,34,1072,8.4,16.8,.497,6.2,10.2,.609,2.2,6.6,.325,7.1,8.6,.832,7.7,5.5,4.2,0.1,3.8,6.7,26.0,,119.5,102.5
13,4,34,1072,21.1,.622,.561,.395,.510,473,3.1,15.2,8.9,18.5,4.2,0.1,15.4,22.3,,3.0,1.6,4.6,.173,,2.8,0.2,3.0
14,0,34,677,109,226,.482,59,107,.551,50,119,.420,55,72,.764,8,59,67,42,23,4,39,72,323
14,1,34,19.9,3.2,6.6,.482,1.7,3.1,.551,1.5,3.5,.420,1.6,2.1,.764,2.0,1.2,0.7,0.1,1.1,2.1,9.5
14,2,34,677,6.4,13.4,.482,3.5,6.3,.551,3.0,7.0,.420,3.2,4.3,.764,4.0,2.5,1.4,0.2,2.3,4.3,19.1
14,3,34,677,9.5,19.8,.482,5.2,9.4,.551,4.4,10.4,.420,4.8,6.3,.764,5.9,3.7,2.0,0.4,3.4,6.3,28.3,,114.9,108.0
14,4,34,677,18.3,.621,.593,.527,.319,287,1.6,12.3,6.8,12.8,2.0,0.8,13.0,23.7,,1.6,0.7,2.3,.133,,1.4,-3.1,-1.7
