0,0,18,166,19,45,.422,19,45,.422,0,0,,15,23,.652,13,17,30,4,2,1,13,25,53
0,1,18,9.2,1.1,2.5,.422,1.1,2.5,.422,0.0,0.0,,0.8,1.3,.652,1.7,0.2,0.1,0.1,0.7,1.4,2.9
0,2,18,166,4.6,10.8,.422,4.6,10.8,.422,0.0,0.0,,3.6,5.5,.652,7.2,1.0,0.5,0.2,3.1,6.0,12.8
0,3,18,166,6.8,16.1,.422,6.8,16.1,.422,0.0,0.0,,5.4,8.2,.652,10.7,1.4,0.7,0.4,4.7,9.0,19.0,,88.7,101.9
0,4,18,166,8.7,.474,.422,.000,.511,51,8.4,12.1,10.2,5.8,0.7,0.6,18.9,21.3,,0.0,0.2,0.2,.047,,-7.1,-2.2,-9.3
1,0,30,967,205,460,.446,177,379,.467,28,81,.346,160,235,.681,71,213,284,55,32,9,97,74,598
1,1,30,32.2,6.8,15.3,.446,5.9,12.6,.467,0.9,2.7,.346,5.3,7.8,.681,9.5,1.8,1.1,0.3,3.2,2.5,19.9
1,2,30,967,8.5,19.0,.446,7.3,15.7,.467,1.2,3.4,.346,6.6,9.7,.681,11.7,2.3,1.3,0.4,4.0,3.1,24.7
1,3,30,967,12.6,28.3,.446,10.9,23.3,.467,1.7,5.0,.346,9.8,14.5,.681,17.5,3.4,2.0,0.6,6.0,4.6,36.8,,100.1,94.1
1,4,30,967,24.1,.523,.476,.176,.511,546,7.9,26.0,16.6,17.9,2.0,1.0,14.5,35.4,,1.7,1.9,3.6,.150,,1.2,0.4,1.5
2,0,24,264,25,78,.321,20,56,.357,5,22,.227,15,29,.517,6,24,30,32,17,1,25,26,70
2,1,24,11.0,1.0,3.3,.321,0.8,2.3,.357,0.2,0.9,.227,0.6,1.2,.517,1.3,1.3,0.7,0.0,1.0,1.1,2.9
2,2,24,264,3.8,11.8,.321,3.0,8.5,.357,0.8,3.3,.227,2.3,4.4,.517,4.5,4.8,2.6,0.2,3.8,3.9,10.6
2,3,24,264,5.6,17.6,.321,4.5,12.6,.357,1.1,5.0,.227,3.4,6.5,.517,6.8,7.2,3.8,0.2,5.6,5.9,15.8,,77.1,96.0
2,4,24,264,8.4,.381,.353,.282,.372,78,2.4,10.7,6.4,27.9,3.8,0.4,21.4,22.7,,-0.4,0.5,0.1,.017,,-6.2,0.2,-6.0
3,0,20,252,13,34,.382,13,32,.406,0,2,.000,8,12,.667,24,39,63,9,8,9,16,30,34
3,1,20,12.6,0.7,1.7,.382,0.7,1.6,.406,0.0,0.1,.000,0.4,0.6,.667,3.2,0.5,0.4,0.5,0.8,1.5,1.7
3,2,20,252,2.1,5.4,.382,2.1,5.1,.406,0.0,0.3,.000,1.3,1.9,.667,10.0,1.4,1.3,1.4,2.5,4.8,5.4
3,3,20,252,3.1,8.0,.382,3.1,7.6,.406,0.0,0.5,.000,1.9,2.8,.667,14.9,2.1,1.9,2.1,3.8,7.1,8.0,,83.8,95.4
3,4,20,252,9.1,.428,.382,.059,.353,44,10.3,18.3,14.1,7.5,1.9,3.8,28.7,11.3,,-0.1,0.5,0.4,.061,,-6.6,3.4,-3.2
4,0,26,163,13,32,.406,5,13,.385,8,19,.421,3,7,.429,7,12,19,6,5,1,7,18,37
4,1,26,6.3,0.5,1.2,.406,0.2,0.5,.385,0.3,0.7,.421,0.1,0.3,.429,0.7,0.2,0.2,0.0,0.3,0.7,1.4
4,2,26,163,3.2,7.9,.406,1.2,3.2,.385,2.0,4.7,.421,0.7,1.7,.429,4.7,1.5,1.2,0.2,1.7,4.4,9.1
4,3,26,163,4.7,11.7,.406,1.8,4.7,.385,2.9,6.9,.421,1.1,2.6,.429,6.9,2.2,1.8,0.4,2.6,6.6,13.5,,98.2,101.0
4,4,26,163,9.0,.524,.531,.594,.219,35,4.6,8.7,6.6,8.2,1.8,0.7,16.5,13.3,,0.1,0.2,0.3,.076,,-3.3,-0.7,-3.9
5,0,3,4,0,0,,0,0,,0,0,,0,2,.000,0,0,0,0,0,0,0,1,0
5,1,3,1.3,0.0,0.0,,0.0,0.0,,0.0,0.0,,0.0,0.7,.000,0.0,0.0,0.0,0.0,0.0,0.3,0.0
5,2,3,4,0.0,0.0,,0.0,0.0,,0.0,0.0,,0.0,20.0,.000,0.0,0.0,0.0,0.0,0.0,10.0,0.0
5,3,3,4,0.0,0.0,,0.0,0.0,,0.0,0.0,,0.0,29.7,.000,0.0,0.0,0.0,0.0,0.0,14.9,0.0,,0.0,107.9
5,4,3,4,-15.7,.000,,,,0,0.0,0.0,0.0,0.0,0.0,0.0,0.0,12.2,,0.0,0.0,0.0,-.180,,-15.9,-3.2,-19.1
6,0,31,738,50,164,.305,12,51,.235,38,113,.336,28,38,.737,30,54,84,45,20,4,30,63,166
6,1,31,23.8,1.6,5.3,.305,0.4,1.6,.235,1.2,3.6,.336,0.9,1.2,.737,2.7,1.5,0.6,0.1,1.0,2.0,5.4
6,2,31,738,2.7,8.9,.305,0.7,2.8,.235,2.1,6.1,.336,1.5,2.1,.737,4.6,2.4,1.1,0.2,1.6,3.4,9.0
6,3,31,738,4.0,13.2,.305,1.0,4.1,.235,3.1,9.1,.336,2.3,3.1,.737,6.8,3.6,1.6,0.3,2.4,5.1,13.4,,96.2,101.7
6,4,31,738,8.8,.456,.421,.689,.232,172,4.4,8.7,6.4,13.2,1.6,0.6,14.1,14.7,,0.3,0.9,1.3,.070,,-2.2,-0.4,-2.6
7,0,31,750,59,118,.500,59,117,.504,0,1,.000,25,64,.391,45,87,132,18,18,72,42,96,143
7,1,31,24.2,1.9,3.8,.500,1.9,3.8,.504,0.0,0.0,.000,0.8,2.1,.391,4.3,0.6,0.6,2.3,1.4,3.1,4.6
7,2,31,750,3.1,6.3,.500,3.1,6.2,.504,0.0,0.1,.000,1.3,3.4,.391,7.0,1.0,1.0,3.8,2.2,5.1,7.6
7,3,31,750,4.7,9.4,.500,4.7,9.3,.504,0.0,0.1,.000,2.0,5.1,.391,10.5,1.4,1.4,5.7,3.3,7.6,11.3,,86.4,94.6
7,4,31,750,11.0,.482,.500,.008,.542,143,6.5,13.7,9.9,5.3,1.4,10.2,22.1,13.0,,-0.1,1.5,1.3,.070,,-6.4,6.4,0.0
8,0,31,831,50,156,.321,21,56,.375,29,100,.290,19,43,.442,30,77,107,63,35,10,55,63,148
8,1,31,26.8,1.6,5.0,.321,0.7,1.8,.375,0.9,3.2,.290,0.6,1.4,.442,3.5,2.0,1.1,0.3,1.8,2.0,4.8
8,2,31,831,2.4,7.5,.321,1.0,2.7,.375,1.4,4.8,.290,0.9,2.1,.442,5.2,3.0,1.7,0.5,2.6,3.0,7.1
8,3,31,831,3.6,11.2,.321,1.5,4.0,.375,2.1,7.2,.290,1.4,3.1,.442,7.7,4.5,2.5,0.7,3.9,4.5,10.6,,81.3,98.5
8,4,31,831,7.6,.419,.413,.641,.276,166,3.9,11.0,7.3,16.2,2.5,1.3,23.8,14.3,,-0.5,1.3,0.8,.040,,-4.1,1.6,-2.5
9,0,22,246,27,52,.519,27,52,.519,0,0,,12,27,.444,25,31,56,2,3,2,20,25,66
9,1,22,11.2,1.2,2.4,.519,1.2,2.4,.519,0.0,0.0,,0.5,1.2,.444,2.5,0.1,0.1,0.1,0.9,1.1,3.0
9,2,22,246,4.4,8.5,.519,4.4,8.5,.519,0.0,0.0,,2.0,4.4,.444,9.1,0.3,0.5,0.3,3.3,4.1,10.7
9,3,22,246,6.5,12.6,.519,6.5,12.6,.519,0.0,0.0,,2.9,6.5,.444,13.5,0.5,0.7,0.5,4.8,6.0,16.0,,87.0,101.0
9,4,22,246,9.5,.509,.519,.000,.519,64,11.0,14.9,12.8,1.9,0.7,0.9,23.6,17.7,,-0.1,0.3,0.3,.045,,-7.2,-2.2,-9.3
10,0,31,639,63,186,.339,41,103,.398,22,83,.265,47,57,.825,17,45,62,112,30,0,69,74,195
10,1,31,20.6,2.0,6.0,.339,1.3,3.3,.398,0.7,2.7,.265,1.5,1.8,.825,2.0,3.6,1.0,0.0,2.2,2.4,6.3
10,2,31,639,3.9,11.6,.339,2.6,6.4,.398,1.4,5.2,.265,2.9,3.6,.825,3.9,7.0,1.9,0.0,4.3,4.6,12.2
10,3,31,639,5.9,17.3,.339,3.8,9.6,.398,2.0,7.7,.265,4.4,5.3,.825,5.8,10.4,2.8,0.0,6.4,6.9,18.2,,90.2,99.4
10,4,31,639,11.5,.458,.398,.446,.306,230,2.9,8.3,5.5,40.7,2.8,0.0,24.5,22.6,,0.1,1.0,1.0,.063,,-2.4,-1.8,-4.2
11,0,23,337,26,72,.361,12,25,.480,14,47,.298,13,17,.765,10,27,37,25,10,1,19,29,79
11,1,23,14.7,1.1,3.1,.361,0.5,1.1,.480,0.6,2.0,.298,0.6,0.7,.765,1.6,1.1,0.4,0.0,0.8,1.3,3.4
11,2,23,337,3.1,8.5,.361,1.4,3.0,.480,1.7,5.6,.298,1.5,2.0,.765,4.4,3.0,1.2,0.1,2.3,3.4,9.4
11,3,23,337,4.6,12.7,.361,2.1,4.4,.480,2.5,8.3,.298,2.3,3.0,.765,6.5,4.4,1.8,0.2,3.4,5.1,13.9,,95.3,101.2
11,4,23,337,9.3,.493,.458,.653,.236,81,3.2,9.5,6.2,16.4,1.8,0.3,19.2,15.1,,0.1,0.4,0.6,.070,,-2.9,-0.9,-3.9
12,0,25,183,19,45,.422,18,38,.474,1,7,.143,5,8,.625,7,18,25,2,7,1,12,34,44
12,1,25,7.3,0.8,1.8,.422,0.7,1.5,.474,0.0,0.3,.143,0.2,0.3,.625,1.0,0.1,0.3,0.0,0.5,1.4,1.8
12,2,25,183,4.2,9.8,.422,3.9,8.3,.474,0.2,1.5,.143,1.1,1.7,.625,5.5,0.4,1.5,0.2,2.6,7.4,9.6
12,3,25,183,6.2,14.6,.422,5.9,12.4,.474,0.3,2.3,.143,1.6,2.6,.625,8.1,0.7,2.3,0.3,3.9,11.1,14.3,,78.7,98.5
12,4,25,183,5.2,.451,.433,.156,.178,39,4.1,11.6,7.7,2.6,2.3,0.6,19.7,17.0,,-0.2,0.3,0.1,.029,,-8.0,-0.7,-8.7
13,0,29,685,90,254,.354,21,65,.323,69,189,.365,24,37,.649,8,65,73,31,16,4,40,49,273
13,1,29,23.6,3.1,8.8,.354,0.7,2.2,.323,2.4,6.5,.365,0.8,1.3,.649,2.5,1.1,0.6,0.1,1.4,1.7,9.4
13,2,29,685,5.3,14.8,.354,1.2,3.8,.323,4.0,11.0,.365,1.4,2.2,.649,4.3,1.8,0.9,0.2,2.3,2.9,15.9
13,3,29,685,7.8,22.1,.354,1.8,5.6,.323,6.0,16.4,.365,2.1,3.2,.649,6.3,2.7,1.4,0.3,3.5,4.3,23.7,,94.6,101.2
13,4,29,685,11.8,.503,.490,.744,.146,231,1.3,11.2,6.0,11.4,1.4,0.6,12.8,23.3,,0.4,0.9,1.3,.074,,-0.7,-2.3,-3.0
