0,0,33,383,29,62,.468,29,61,.475,0,1,.000,10,24,.417,42,44,86,7,11,4,12,60,68
0,1,33,11.6,0.9,1.9,.468,0.9,1.8,.475,0.0,0.0,.000,0.3,0.7,.417,2.6,0.2,0.3,0.1,0.4,1.8,2.1
0,2,33,383,3.0,6.5,.468,3.0,6.4,.475,0.0,0.1,.000,1.0,2.5,.417,9.0,0.7,1.1,0.4,1.3,6.3,7.1
0,3,33,383,5.0,10.6,.468,5.0,10.4,.475,0.0,0.2,.000,1.7,4.1,.417,14.7,1.2,1.9,0.7,2.1,10.3,11.6,,101.9,98.2
0,4,33,383,11.1,.463,.468,.016,.387,76,13.0,13.5,13.3,4.2,1.9,1.5,14.1,12.3,,0.3,0.6,0.9,.095,,-2.8,-0.1,-2.9
1,0,34,930,143,339,.422,134,288,.465,9,51,.176,66,102,.647,61,93,154,19,31,44,57,72,361
1,1,34,27.4,4.2,10.0,.422,3.9,8.5,.465,0.3,1.5,.176,1.9,3.0,.647,4.5,0.6,0.9,1.3,1.7,2.1,10.6
1,2,34,930,6.2,14.6,.422,5.8,12.4,.465,0.4,2.2,.176,2.8,4.4,.647,6.6,0.8,1.3,1.9,2.5,3.1,15.5
1,3,34,930,10.1,23.9,.422,9.4,20.3,.465,0.6,3.6,.176,4.7,7.2,.647,10.9,1.3,2.2,3.1,4.0,5.1,25.4,,94.9,97.3
1,4,34,930,17.0,.466,.435,.150,.301,329,7.8,11.8,9.8,5.7,2.2,6.7,12.8,26.3,,0.7,1.5,2.2,.095,,-3.0,1.3,-1.7
2,0,13,74,9,24,.375,5,10,.500,4,14,.286,2,5,.400,1,5,6,8,1,0,2,10,24
2,1,13,5.7,0.7,1.8,.375,0.4,0.8,.500,0.3,1.1,.286,0.2,0.4,.400,0.5,0.6,0.1,0.0,0.2,0.8,1.8
2,2,13,74,4.9,13.0,.375,2.7,5.4,.500,2.2,7.6,.286,1.1,2.7,.400,3.2,4.3,0.5,0.0,1.1,5.4,13.0
2,3,13,74,8.0,21.3,.375,4.4,8.9,.500,3.5,12.4,.286,1.8,4.4,.400,5.3,7.1,0.9,0.0,1.8,8.9,21.3,,106.9,104.3
2,4,13,74,12.3,.455,.458,.583,.208,24,1.6,7.9,4.8,27.5,0.9,0.0,7.0,21.1,,0.1,0.1,0.2,.109,,0.8,-5.2,-4.4
3,0,29,264,22,60,.367,19,47,.404,3,13,.231,19,23,.826,4,25,29,48,10,0,27,18,66
3,1,29,9.1,0.8,2.1,.367,0.7,1.6,.404,0.1,0.4,.231,0.7,0.8,.826,1.0,1.7,0.3,0.0,0.9,0.6,2.3
3,2,29,264,3.3,9.1,.367,2.9,7.1,.404,0.5,2.0,.231,2.9,3.5,.826,4.4,7.3,1.5,0.0,4.1,2.7,10.0
3,3,29,264,5.5,14.9,.367,4.7,11.7,.404,0.7,3.2,.231,4.7,5.7,.826,7.2,11.9,2.5,0.0,6.7,4.5,16.4,,92.1,99.4
3,4,29,264,13.1,.465,.392,.217,.383,82,1.8,11.1,6.5,42.2,2.5,0.0,27.6,20.4,,0.1,0.4,0.5,.072,,-3.4,-2.8,-6.2
4,0,34,691,55,114,.482,55,114,.482,0,0,,36,57,.632,44,97,141,17,25,33,35,64,146
4,1,34,20.3,1.6,3.4,.482,1.6,3.4,.482,0.0,0.0,,1.1,1.7,.632,4.1,0.5,0.7,1.0,1.0,1.9,4.3
4,2,34,691,3.2,6.6,.482,3.2,6.6,.482,0.0,0.0,,2.1,3.3,.632,8.2,1.0,1.4,1.9,2.0,3.7,8.5
4,3,34,691,5.2,10.8,.482,5.2,10.8,.482,0.0,0.0,,3.4,5.4,.632,13.4,1.6,2.4,3.1,3.3,6.1,13.8,,98.2,94.0
4,4,34,691,14.3,.517,.482,.000,.500,146,7.6,16.5,12.1,5.7,2.4,6.7,19.9,14.0,,0.5,1.3,1.8,.104,,-3.6,4.1,0.5
5,0,34,957,106,264,.402,81,192,.422,25,72,.347,65,77,.844,45,118,163,47,37,14,77,70,302
5,1,34,28.1,3.1,7.8,.402,2.4,5.6,.422,0.7,2.1,.347,1.9,2.3,.844,4.8,1.4,1.1,0.4,2.3,2.1,8.9
5,2,34,957,4.4,11.0,.402,3.4,8.0,.422,1.0,3.0,.347,2.7,3.2,.844,6.8,2.0,1.5,0.6,3.2,2.9,12.6
5,3,34,957,7.3,18.1,.402,5.5,13.1,.422,1.7,4.9,.347,4.5,5.3,.844,11.2,3.2,2.5,1.0,5.3,4.8,20.7,,94.4,96.6
5,4,34,957,14.2,.502,.449,.273,.292,291,5.6,14.5,10.1,12.2,2.5,2.1,20.4,21.7,,0.6,1.6,2.2,.092,,-1.9,0.9,-1.0
6,0,8,113,17,42,.405,15,35,.429,2,7,.286,8,13,.615,4,5,9,17,4,0,23,11,44
6,1,8,14.1,2.1,5.3,.405,1.9,4.4,.429,0.3,0.9,.286,1.0,1.6,.615,1.1,2.1,0.5,0.0,2.9,1.4,5.5
6,2,8,113,6.0,14.9,.405,5.3,12.4,.429,0.7,2.5,.286,2.8,4.6,.615,3.2,6.0,1.4,0.0,8.1,3.9,15.6
6,3,8,113,9.9,24.4,.405,8.7,20.3,.429,1.2,4.1,.286,4.6,7.5,.615,5.2,9.9,2.3,0.0,13.3,6.4,25.5,,76.1,103.0
6,4,8,113,7.6,.457,.429,.167,.310,47,4.2,5.2,4.7,41.3,2.3,0.0,32.3,34.7,,-0.2,0.1,-0.1,-.046,,-6.1,-3.8,-10.0
7,0,10,51,2,14,.143,2,11,.182,0,3,.000,1,4,.250,4,1,5,3,1,0,2,1,5
7,1,10,5.1,0.2,1.4,.143,0.2,1.1,.182,0.0,0.3,.000,0.1,0.4,.250,0.5,0.3,0.1,0.0,0.2,0.1,0.5
7,2,10,51,1.6,11.0,.143,1.6,8.6,.182,0.0,2.4,.000,0.8,3.1,.250,3.9,2.4,0.8,0.0,1.6,0.8,3.9
7,3,10,51,2.6,18.0,.143,2.6,14.1,.182,0.0,3.9,.000,1.3,5.1,.250,6.4,3.9,1.3,0.0,2.6,1.3,6.4,,52.6,107.6
7,4,10,51,-1.8,.157,.143,.214,.286,7,9.3,2.3,5.8,12.4,1.3,0.0,11.2,19.3,,-0.2,0.0,-0.1,-.105,,-9.4,-3.3,-12.7
8,0,34,796,55,112,.491,55,112,.491,0,0,,26,54,.481,73,135,208,25,34,67,49,85,136
8,1,34,23.4,1.6,3.3,.491,1.6,3.3,.491,0.0,0.0,,0.8,1.6,.481,6.1,0.7,1.0,2.0,1.4,2.5,4.0
8,2,34,796,2.8,5.6,.491,2.8,5.6,.491,0.0,0.0,,1.3,2.7,.481,10.5,1.3,1.7,3.4,2.5,4.3,6.8
8,3,34,796,4.5,9.2,.491,4.5,9.2,.491,0.0,0.0,,2.1,4.4,.481,17.1,2.1,2.8,5.5,4.0,7.0,11.2,,91.0,89.2
8,4,34,796,15.8,.494,.491,.000,.482,152,10.9,19.9,15.4,7.1,2.8,11.8,26.3,12.9,,0.1,1.9,2.0,.103,,-3.8,8.3,4.5
9,0,34,741,53,154,.344,32,94,.340,21,60,.350,31,51,.608,4,49,53,77,26,1,78,43,158
9,1,34,21.8,1.6,4.5,.344,0.9,2.8,.340,0.6,1.8,.350,0.9,1.5,.608,1.6,2.3,0.8,0.0,2.3,1.3,4.6
9,2,34,741,2.9,8.3,.344,1.7,5.1,.340,1.1,3.2,.350,1.7,2.8,.608,2.9,4.2,1.4,0.1,4.2,2.3,8.5
9,3,34,741,4.7,13.6,.344,2.8,8.3,.340,1.9,5.3,.350,2.7,4.5,.608,4.7,6.8,2.3,0.1,6.9,3.8,14.0,,77.5,101.8
9,4,34,741,6.3,.443,.412,.390,.331,171,0.6,7.8,4.2,23.5,2.3,0.2,30.4,19.1,,-0.8,0.9,0.1,.005,,-5.4,-1.9,-7.3
10,0,34,759,68,186,.366,39,106,.368,29,80,.363,32,49,.653,12,39,51,40,49,1,43,52,197
10,1,34,22.3,2.0,5.5,.366,1.1,3.1,.368,0.9,2.4,.363,0.9,1.4,.653,1.5,1.2,1.4,0.0,1.3,1.5,5.8
10,2,34,759,3.6,9.8,.366,2.1,5.6,.368,1.5,4.2,.363,1.7,2.6,.653,2.7,2.1,2.6,0.1,2.3,2.7,10.4
10,3,34,759,5.9,16.1,.366,3.4,9.2,.368,2.5,6.9,.363,2.8,4.2,.653,4.4,3.5,4.2,0.1,3.7,4.5,17.0,,92.7,98.4
10,4,34,759,11.2,.471,.444,.430,.263,186,1.9,6.0,4.0,12.4,4.2,0.2,17.0,18.3,,0.3,1.1,1.4,.075,,-1.7,0.0,-1.8
11,0,2,28,3,7,.429,3,7,.429,0,0,,0,0,,3,4,7,0,1,0,2,3,6
11,1,2,14.0,1.5,3.5,.429,1.5,3.5,.429,0.0,0.0,,0.0,0.0,,3.5,0.0,0.5,0.0,1.0,1.5,3.0
11,2,2,28,4.3,10.0,.429,4.3,10.0,.429,0.0,0.0,,0.0,0.0,,10.0,0.0,1.4,0.0,2.9,4.3,8.6
11,3,2,28,7.0,16.4,.429,7.0,16.4,.429,0.0,0.0,,0.0,0.0,,16.4,0.0,2.3,0.0,4.7,7.0,14.0,,80.0,96.1
11,4,2,28,9.2,.429,.429,.000,.000,6,12.7,16.8,14.8,0.0,2.3,0.0,22.2,17.7,,0.0,0.0,0.0,.040,,-8.1,-4.6,-12.8
12,0,27,257,15,37,.405,15,36,.417,0,1,.000,17,19,.895,20,22,42,12,11,2,14,26,47
12,1,27,9.5,0.6,1.4,.405,0.6,1.3,.417,0.0,0.0,.000,0.6,0.7,.895,1.6,0.4,0.4,0.1,0.5,1.0,1.7
12,2,27,257,2.3,5.8,.405,2.3,5.6,.417,0.0,0.2,.000,2.6,3.0,.895,6.5,1.9,1.7,0.3,2.2,4.0,7.3
12,3,27,257,3.8,9.4,.405,3.8,9.2,.417,0.0,0.3,.000,4.3,4.8,.895,10.7,3.1,2.8,0.5,3.6,6.6,12.0,,101.1,98.6
12,4,27,257,11.9,.511,.405,.027,.514,54,9.2,10.1,9.7,10.2,2.8,1.1,23.3,12.9,,0.2,0.4,0.6,.093,,-2.7,0.9,-1.8
13,0,33,781,125,336,.372,53,138,.384,72,198,.364,44,55,.800,16,44,60,44,28,3,45,56,366
13,1,33,23.7,3.8,10.2,.372,1.6,4.2,.384,2.2,6.0,.364,1.3,1.7,.800,1.8,1.3,0.8,0.1,1.4,1.7,11.1
13,2,33,781,6.4,17.2,.372,2.7,7.1,.384,3.7,10.1,.364,2.3,2.8,.800,3.1,2.3,1.4,0.2,2.3,2.9,18.7
13,3,33,781,10.5,28.2,.372,4.4,11.6,.384,6.0,16.6,.364,3.7,4.6,.800,5.0,3.7,2.3,0.3,3.8,4.7,30.7,,104.3,102.1
13,4,33,781,17.3,.505,.479,.589,.164,322,2.4,6.6,4.5,15.9,2.3,0.5,11.1,28.7,,1.6,0.9,2.5,.126,,3.0,-3.6,-0.6
