0,0,27,277,2,21,.095,2,21,.095,0,0,,9,24,.375,26,44,70,4,11,7,11,55,13
0,1,27,10.3,0.1,0.8,.095,0.1,0.8,.095,0.0,0.0,,0.3,0.9,.375,2.6,0.1,0.4,0.3,0.4,2.0,0.5
0,2,27,277,0.3,3.0,.095,0.3,3.0,.095,0.0,0.0,,1.3,3.5,.375,10.1,0.6,1.6,1.0,1.6,7.9,1.9
0,3,27,277,0.4,4.7,.095,0.4,4.7,.095,0.0,0.0,,2.0,5.3,.375,15.6,0.9,2.4,1.6,2.4,12.2,2.9,,65.2,91.0
0,4,27,277,3.7,.201,.095,.000,1.143,27,10.5,17.1,13.8,2.7,2.4,3.1,25.3,8.2,,-0.3,0.7,0.4,.055,,-7.5,4.4,-3.1
1,0,36,762,135,241,.560,134,233,.575,1,8,.125,64,92,.696,74,94,168,9,30,54,23,69,335
1,1,36,21.2,3.8,6.7,.560,3.7,6.5,.575,0.0,0.2,.125,1.8,2.6,.696,4.7,0.3,0.8,1.5,0.6,1.9,9.3
1,2,36,762,7.1,12.7,.560,7.0,12.2,.575,0.1,0.4,.125,3.4,4.8,.696,8.8,0.5,1.6,2.8,1.2,3.6,17.6
1,3,36,762,10.9,19.5,.560,10.8,18.8,.575,0.1,0.6,.125,5.2,7.4,.696,13.6,0.7,2.4,4.4,1.9,5.6,27.1,,122.8,92.2
1,4,36,762,26.0,.588,.562,.033,.382,305,10.8,13.3,12.1,3.2,2.4,8.8,7.5,21.2,,2.2,1.9,4.1,.214,,0.8,4.4,5.3
2,0,36,542,84,249,.337,48,139,.345,36,110,.327,67,88,.761,9,38,47,50,16,1,56,66,271
2,1,36,15.1,2.3,6.9,.337,1.3,3.9,.345,1.0,3.1,.327,1.9,2.4,.761,1.3,1.4,0.4,0.0,1.6,1.8,7.5
2,2,36,542,6.2,18.4,.337,3.5,10.3,.345,2.7,8.1,.327,4.9,6.5,.761,3.5,3.7,1.2,0.1,4.1,4.9,20.0
2,3,36,542,9.5,28.3,.337,5.5,15.8,.345,4.1,12.5,.327,7.6,10.0,.761,5.3,5.7,1.8,0.1,6.4,7.5,30.8,,92.0,100.0
2,4,36,542,12.1,.466,.410,.442,.353,257,1.9,7.5,4.7,23.5,1.8,0.2,16.1,33.5,,0.0,0.9,0.9,.068,,-1.5,-2.6,-4.1
3,0,12,29,5,17,.294,4,10,.400,1,7,.143,1,2,.500,2,4,6,2,3,1,0,3,12
3,1,12,2.4,0.4,1.4,.294,0.3,0.8,.400,0.1,0.6,.143,0.1,0.2,.500,0.5,0.2,0.3,0.1,0.0,0.3,1.0
3,2,12,29,6.9,23.4,.294,5.5,13.8,.400,1.4,9.7,.143,1.4,2.8,.500,8.3,2.8,4.1,1.4,0.0,4.1,16.6
3,3,12,29,10.6,36.1,.294,8.5,21.2,.400,2.1,14.9,.143,2.1,4.2,.500,12.7,4.2,6.4,2.1,0.0,6.4,25.5,,87.5,83.7
3,4,12,29,17.9,.334,.324,.412,.118,12,7.7,14.8,11.3,18.3,6.4,4.3,0.0,32.4,,0.0,0.1,0.1,.103,,-0.6,4.1,3.5
4,0,37,855,74,175,.423,61,132,.462,13,43,.302,41,51,.804,41,104,145,37,44,22,33,72,202
4,1,37,23.1,2.0,4.7,.423,1.6,3.6,.462,0.4,1.2,.302,1.1,1.4,.804,3.9,1.0,1.2,0.6,0.9,1.9,5.5
4,2,37,855,3.5,8.2,.423,2.9,6.2,.462,0.6,2.0,.302,1.9,2.4,.804,6.8,1.7,2.1,1.0,1.5,3.4,9.5
4,3,37,855,5.3,12.6,.423,4.4,9.5,.462,0.9,3.1,.302,3.0,3.7,.804,10.4,2.7,3.2,1.6,2.4,5.2,14.5,,105.0,92.6
4,4,37,855,14.0,.507,.460,.246,.291,206,5.4,13.1,9.3,9.4,3.2,3.2,14.2,14.2,,0.7,2.1,2.8,.131,,-1.6,4.5,3.0
5,0,34,252,15,29,.517,15,29,.517,0,0,,15,32,.469,21,29,50,9,14,8,8,55,45
5,1,34,7.4,0.4,0.9,.517,0.4,0.9,.517,0.0,0.0,,0.4,0.9,.469,1.5,0.3,0.4,0.2,0.2,1.6,1.3
5,2,34,252,2.4,4.6,.517,2.4,4.6,.517,0.0,0.0,,2.4,5.1,.469,7.9,1.4,2.2,1.3,1.3,8.7,7.1
5,3,34,252,3.7,7.1,.517,3.7,7.1,.517,0.0,0.0,,3.7,7.8,.469,12.2,2.2,3.4,2.0,2.0,13.4,11.0,,109.3,91.4
5,4,34,252,12.1,.509,.517,.000,1.103,53,9.3,12.4,10.9,7.3,3.4,3.9,15.3,10.9,,0.2,0.6,0.9,.139,,-2.4,5.0,2.6
6,0,36,780,128,320,.400,88,201,.438,40,119,.336,84,118,.712,11,40,51,56,32,3,74,48,380
6,1,36,21.7,3.6,8.9,.400,2.4,5.6,.438,1.1,3.3,.336,2.3,3.3,.712,1.4,1.6,0.9,0.1,2.1,1.3,10.6
6,2,36,780,6.6,16.4,.400,4.5,10.3,.438,2.1,6.1,.336,4.3,6.1,.712,2.6,2.9,1.6,0.2,3.8,2.5,19.5
6,3,36,780,10.1,25.3,.400,6.9,15.9,.438,3.2,9.4,.336,6.6,9.3,.712,4.0,4.4,2.5,0.2,5.8,3.8,30.0,,95.8,100.0
6,4,36,780,14.9,.505,.463,.372,.369,347,1.6,5.5,3.6,18.7,2.5,0.5,16.4,30.2,,0.4,1.3,1.7,.088,,-0.8,-1.5,-2.3
7,0,1,0,0,0,,0,0,,0,0,,0,0,,0,0,0,0,0,0,1,0,0
7,1,1,0.0,0.0,0.0,,0.0,0.0,,0.0,0.0,,0.0,0.0,,0.0,0.0,0.0,0.0,1.0,0.0,0.0
7,2,1,0,,,,,,,,,,,,,,,,,,,
7,3,1,0,,,,,,,,,,,,,,,,,,,,,,
7,4,1,0,,,,,,,,,,,,,100.0,,,0.0,0.0,0.0,,,-6.7,1.3,-5.5
8,0,37,950,62,126,.492,62,125,.496,0,1,.000,31,49,.633,77,145,222,25,28,95,60,124,155
8,1,37,25.7,1.7,3.4,.492,1.7,3.4,.496,0.0,0.0,.000,0.8,1.3,.633,6.0,0.7,0.8,2.6,1.6,3.4,4.2
8,2,37,950,2.6,5.3,.492,2.6,5.3,.496,0.0,0.0,.000,1.3,2.1,.633,9.3,1.1,1.2,4.0,2.5,5.2,6.5
8,3,37,950,4.0,8.2,.492,4.0,8.1,.496,0.0,0.1,.000,2.0,3.2,.633,14.4,1.6,1.8,6.2,3.9,8.0,10.0,,92.2,90.1
8,4,37,950,13.0,.519,.492,.008,.389,179,9.0,16.4,12.8,5.4,1.8,12.4,28.7,11.5,,0.0,2.5,2.5,.106,,-4.5,9.7,5.2
9,0,26,346,15,61,.246,12,35,.343,3,26,.115,9,23,.391,2,36,38,28,10,0,12,22,42
9,1,26,13.3,0.6,2.3,.246,0.5,1.3,.343,0.1,1.0,.115,0.3,0.9,.391,1.5,1.1,0.4,0.0,0.5,0.8,1.6
9,2,26,346,1.7,7.1,.246,1.4,4.0,.343,0.3,3.0,.115,1.0,2.7,.391,4.4,3.2,1.2,0.0,1.4,2.5,4.9
9,3,26,346,2.7,10.9,.246,2.1,6.2,.343,0.5,4.6,.115,1.6,4.1,.391,6.8,5.0,1.8,0.0,2.1,3.9,7.5,,72.0,98.2
9,4,26,346,3.8,.292,.270,.426,.377,51,0.6,11.2,6.0,16.0,1.8,0.0,14.3,12.7,,-0.4,0.7,0.2,.028,,-6.3,0.7,-5.5
10,0,25,331,28,87,.322,20,43,.465,8,44,.182,23,29,.793,13,25,38,10,18,1,14,30,87
10,1,25,13.2,1.1,3.5,.322,0.8,1.7,.465,0.3,1.8,.182,0.9,1.2,.793,1.5,0.4,0.7,0.0,0.6,1.2,3.5
10,2,25,331,3.4,10.5,.322,2.4,5.2,.465,1.0,5.3,.182,2.8,3.5,.793,4.6,1.2,2.2,0.1,1.7,3.6,10.5
10,3,25,331,5.2,16.2,.322,3.7,8.0,.465,1.5,8.2,.182,4.3,5.4,.793,7.1,1.9,3.3,0.2,2.6,5.6,16.2,,92.4,96.3
10,4,25,331,9.7,.432,.368,.506,.333,85,4.4,8.1,6.3,6.5,3.3,0.4,12.2,18.2,,0.0,0.7,0.7,.083,,-2.8,0.8,-2.0
11,0,27,198,13,22,.591,13,22,.591,0,0,,13,23,.565,8,20,28,3,9,2,5,15,39
11,1,27,7.3,0.5,0.8,.591,0.5,0.8,.591,0.0,0.0,,0.5,0.9,.565,1.0,0.1,0.3,0.1,0.2,0.6,1.4
11,2,27,198,2.6,4.4,.591,2.6,4.4,.591,0.0,0.0,,2.6,4.6,.565,5.7,0.6,1.8,0.4,1.0,3.0,7.9
11,3,27,198,4.0,6.8,.591,4.0,6.8,.591,0.0,0.0,,4.0,7.2,.565,8.7,0.9,2.8,0.6,1.6,4.7,12.1,,116.6,95.6
11,4,27,198,12.2,.592,.591,.000,1.045,37,4.5,10.9,7.7,3.1,2.8,1.3,13.2,10.0,,0.2,0.4,0.7,.131,,-2.9,2.3,-0.5
12,0,37,1072,108,313,.345,80,217,.369,28,96,.292,134,186,.720,14,51,65,132,39,2,82,70,378
12,1,37,29.0,2.9,8.5,.345,2.2,5.9,.369,0.8,2.6,.292,3.6,5.0,.720,1.8,3.6,1.1,0.1,2.2,1.9,10.2
12,2,37,1072,4.0,11.7,.345,3.0,8.1,.369,1.0,3.6,.292,5.0,6.9,.720,2.4,4.9,1.5,0.1,3.1,2.6,14.1
12,3,37,1072,6.2,18.0,.345,4.6,12.5,.369,1.6,5.5,.292,7.7,10.7,.720,3.7,7.6,2.2,0.1,4.7,4.0,21.7,,97.4,100.9
12,4,37,1072,12.6,.471,.390,.307,.594,398,1.5,5.1,3.3,27.5,2.2,0.2,17.0,23.6,,0.6,1.7,2.4,.089,,-1.5,-1.1,-2.6
13,0,37,1083,151,343,.440,94,192,.490,57,151,.377,103,159,.648,47,188,235,28,52,25,44,48,462
13,1,37,29.3,4.1,9.3,.440,2.5,5.2,.490,1.5,4.1,.377,2.8,4.3,.648,6.4,0.8,1.4,0.7,1.2,1.3,12.5
13,2,37,1083,5.6,12.7,.440,3.5,7.1,.490,2.1,5.6,.377,3.8,5.9,.648,8.7,1.0,1.9,0.9,1.6,1.8,17.1
13,3,37,1083,8.6,19.5,.440,5.3,10.9,.490,3.2,8.6,.377,5.9,9.0,.648,13.4,1.6,3.0,1.4,2.5,2.7,26.3,,112.8,89.8
13,4,37,1083,21.3,.552,.523,.440,.464,412,4.8,18.7,11.9,6.3,3.0,2.9,9.5,22.4,,2.2,2.9,5.1,.188,,1.6,2.4,4.0
