0,0,30,1002,102,273,.374,71,177,.401,31,96,.323,77,100,.770,57,136,193,152,29,5,74,83,312
0,1,30,33.4,3.4,9.1,.374,2.4,5.9,.401,1.0,3.2,.323,2.6,3.3,.770,6.4,5.1,1.0,0.2,2.5,2.8,10.4
0,2,30,1002,4.1,10.9,.374,2.8,7.1,.401,1.2,3.8,.323,3.1,4.0,.770,7.7,6.1,1.2,0.2,3.0,3.3,12.5
0,3,30,1002,5.9,15.7,.374,4.1,10.2,.401,1.8,5.5,.323,4.4,5.7,.770,11.1,8.7,1.7,0.3,4.2,4.8,17.9,,106.7,108.9
0,4,30,1002,15.0,.487,.430,.352,.366,390,6.5,14.9,10.8,27.5,1.7,0.5,18.8,19.6,,1.5,0.9,2.3,.094,,0.0,-0.9,-1.0
1,0,2,4,1,1,1.000,0,0,,1,1,1.000,0,0,,0,0,0,0,0,0,0,0,3
1,1,2,2.0,0.5,0.5,1.000,0.0,0.0,,0.5,0.5,1.000,0.0,0.0,,0.0,0.0,0.0,0.0,0.0,0.0,1.5
1,2,2,4,10.0,10.0,1.000,0.0,0.0,,10.0,10.0,1.000,0.0,0.0,,0.0,0.0,0.0,0.0,0.0,0.0,30.0
1,3,2,4,14.4,14.4,1.000,0.0,0.0,,14.4,14.4,1.000,0.0,0.0,,0.0,0.0,0.0,0.0,0.0,0.0,43.1,,300.0,119.1
1,4,2,4,39.1,1.500,1.500,1.000,.000,1,0.0,0.0,0.0,0.0,0.0,0.0,0.0,12.5,,0.0,0.0,0.0,.193,,17.5,-8.1,9.3
2,0,31,1158,206,465,.443,97,213,.455,109,252,.433,156,174,.897,21,108,129,84,35,9,66,71,677
2,1,31,37.4,6.6,15.0,.443,3.1,6.9,.455,3.5,8.1,.433,5.0,5.6,.897,4.2,2.7,1.1,0.3,2.1,2.3,21.8
2,2,31,1158,7.1,16.1,.443,3.4,7.4,.455,3.8,8.7,.433,5.4,6.0,.897,4.5,2.9,1.2,0.3,2.3,2.5,23.4
2,3,31,1158,10.2,23.1,.443,4.8,10.6,.455,5.4,12.5,.433,7.7,8.6,.897,6.4,4.2,1.7,0.4,3.3,3.5,33.6,,124.0,110.5
2,4,31,1158,23.2,.618,.560,.542,.374,612,2.1,10.2,6.2,15.3,1.7,0.8,10.8,26.4,,4.3,0.9,5.2,.178,,5.8,-3.3,2.5
3,0,17,111,5,17,.294,2,8,.250,3,9,.333,9,15,.600,0,5,5,11,5,0,15,22,22
3,1,17,6.5,0.3,1.0,.294,0.1,0.5,.250,0.2,0.5,.333,0.5,0.9,.600,0.3,0.6,0.3,0.0,0.9,1.3,1.3
3,2,17,111,1.8,6.1,.294,0.7,2.9,.250,1.1,3.2,.333,3.2,5.4,.600,1.8,4.0,1.8,0.0,5.4,7.9,7.9
3,3,17,111,2.6,8.8,.294,1.0,4.1,.250,1.6,4.7,.333,4.7,7.8,.600,2.6,5.7,2.6,0.0,7.8,11.4,11.4,,71.1,110.4
3,4,17,111,0.5,.456,.382,.529,.882,25,0.0,4.9,2.5,16.3,2.6,0.0,38.3,17.6,,-0.2,0.1,-0.1,-.043,,-7.8,-3.4,-11.2
4,0,31,985,160,303,.528,159,294,.541,1,9,.111,94,178,.528,73,174,247,77,28,49,80,79,415
4,1,31,31.8,5.2,9.8,.528,5.1,9.5,.541,0.0,0.3,.111,3.0,5.7,.528,8.0,2.5,0.9,1.6,2.6,2.5,13.4
4,2,31,985,6.5,12.3,.528,6.5,11.9,.541,0.0,0.4,.111,3.8,7.2,.528,10.0,3.1,1.1,2.0,3.2,3.2,16.9
4,3,31,985,9.3,17.7,.528,9.3,17.2,.541,0.1,0.5,.111,5.5,10.4,.528,14.4,4.5,1.6,2.9,4.7,4.6,24.2,,105.2,104.6
4,4,31,985,20.0,.535,.530,.030,.587,430,8.5,19.4,14.1,15.9,1.6,5.0,17.1,23.7,,1.5,1.3,2.7,.111,,-1.6,1.7,0.1
5,0,31,1069,94,228,.412,39,77,.506,55,151,.364,68,76,.895,8,87,95,42,21,6,35,86,311
5,1,31,34.5,3.0,7.4,.412,1.3,2.5,.506,1.8,4.9,.364,2.2,2.5,.895,3.1,1.4,0.7,0.2,1.1,2.8,10.0
5,2,31,1069,3.5,8.5,.412,1.5,2.9,.506,2.1,5.7,.364,2.5,2.8,.895,3.6,1.6,0.8,0.2,1.3,3.2,11.6
5,3,31,1069,5.1,12.3,.412,2.1,4.1,.506,3.0,8.1,.364,3.7,4.1,.895,5.1,2.3,1.1,0.3,1.9,4.6,16.7,,117.2,112.4
5,4,31,1069,10.9,.589,.533,.662,.333,281,0.9,8.9,5.0,7.0,1.1,0.6,11.7,14.0,,1.6,0.6,2.2,.084,,0.6,-2.3,-1.7
6,0,25,465,75,178,.421,49,105,.467,26,73,.356,36,48,.750,23,60,83,14,11,5,37,64,212
6,1,25,18.6,3.0,7.1,.421,2.0,4.2,.467,1.0,2.9,.356,1.4,1.9,.750,3.3,0.6,0.4,0.2,1.5,2.6,8.5
6,2,25,465,6.5,15.3,.421,4.2,9.0,.467,2.2,6.3,.356,3.1,4.1,.750,7.1,1.2,0.9,0.4,3.2,5.5,18.2
6,3,25,465,9.3,22.0,.421,6.1,13.0,.467,3.2,9.0,.356,4.5,5.9,.750,10.3,1.7,1.4,0.6,4.6,7.9,26.2,,99.7,109.2
6,4,25,465,13.6,.528,.494,.410,.270,192,5.7,14.2,10.0,6.1,1.4,1.1,15.6,25.5,,0.4,0.4,0.8,.068,,-2.6,-4.0,-6.6
7,0,26,185,13,32,.406,12,28,.429,1,4,.250,4,9,.444,20,20,40,3,5,6,9,50,31
7,1,26,7.1,0.5,1.2,.406,0.5,1.1,.429,0.0,0.2,.250,0.2,0.3,.444,1.5,0.1,0.2,0.2,0.3,1.9,1.2
7,2,26,185,2.8,6.9,.406,2.6,6.1,.429,0.2,0.9,.250,0.9,1.9,.444,8.6,0.6,1.1,1.3,1.9,10.8,6.7
7,3,26,185,4.0,9.9,.406,3.7,8.7,.429,0.3,1.2,.250,1.2,2.8,.444,12.4,0.9,1.6,1.9,2.8,15.5,9.6,,94.0,107.7
7,4,26,185,6.1,.427,.422,.125,.281,40,12.4,11.9,12.1,2.8,1.6,3.3,19.9,12.2,,0.0,0.2,0.2,.044,,-4.7,-0.7,-5.4
8,0,3,17,4,7,.571,3,4,.750,1,3,.333,1,2,.500,0,3,3,0,2,1,1,6,10
8,1,3,5.7,1.3,2.3,.571,1.0,1.3,.750,0.3,1.0,.333,0.3,0.7,.500,1.0,0.0,0.7,0.3,0.3,2.0,3.3
8,2,3,17,9.4,16.5,.571,7.1,9.4,.750,2.4,7.1,.333,2.4,4.7,.500,7.1,0.0,4.7,2.4,2.4,14.1,23.5
8,3,3,17,13.5,23.7,.571,10.1,13.5,.750,3.4,10.1,.333,3.4,6.8,.500,10.1,0.0,6.8,3.4,3.4,20.3,33.8,,108.2,91.3
8,4,3,17,24.2,.629,.643,.429,.286,7,0.0,19.4,9.9,0.0,6.8,5.9,11.2,26.3,,0.0,0.0,0.1,.168,,-1.2,-0.5,-1.6
9,0,28,321,25,66,.379,21,44,.477,4,22,.182,10,24,.417,18,46,64,23,3,6,20,40,64
9,1,28,11.5,0.9,2.4,.379,0.8,1.6,.477,0.1,0.8,.182,0.4,0.9,.417,2.3,0.8,0.1,0.2,0.7,1.4,2.3
9,2,28,321,3.1,8.2,.379,2.6,5.5,.477,0.5,2.7,.182,1.2,3.0,.417,8.0,2.9,0.4,0.7,2.5,5.0,8.0
9,3,28,321,4.5,11.8,.379,3.8,7.9,.477,0.7,3.9,.182,1.8,4.3,.417,11.5,4.1,0.5,1.1,3.6,7.2,11.5,,88.2,110.0
9,4,28,321,6.9,.413,.409,.333,.364,78,6.4,15.7,11.2,12.5,0.5,1.9,20.5,15.1,,-0.1,0.3,0.2,.020,,-5.1,-1.6,-6.7
10,0,31,667,102,153,.667,102,153,.667,0,0,,21,60,.350,71,100,171,6,7,44,30,81,225
10,1,31,21.5,3.3,4.9,.667,3.3,4.9,.667,0.0,0.0,,0.7,1.9,.350,5.5,0.2,0.2,1.4,1.0,2.6,7.3
10,2,31,667,6.1,9.2,.667,6.1,9.2,.667,0.0,0.0,,1.3,3.6,.350,10.3,0.4,0.4,2.6,1.8,4.9,13.5
10,3,31,667,8.8,13.2,.667,8.8,13.2,.667,0.0,0.0,,1.8,5.2,.350,14.7,0.5,0.6,3.8,2.6,7.0,19.4,,117.6,106.9
10,4,31,667,18.4,.620,.667,.000,.392,215,12.2,16.5,14.4,1.8,0.6,6.7,14.2,15.8,,1.3,0.7,2.0,.119,,-1.6,-0.4,-1.9
11,0,28,241,26,68,.382,7,11,.636,19,57,.333,9,14,.643,2,16,18,5,1,2,6,21,80
11,1,28,8.6,0.9,2.4,.382,0.3,0.4,.636,0.7,2.0,.333,0.3,0.5,.643,0.6,0.2,0.0,0.1,0.2,0.8,2.9
11,2,28,241,4.3,11.3,.382,1.2,1.8,.636,3.2,9.5,.333,1.5,2.3,.643,3.0,0.8,0.2,0.3,1.0,3.5,13.3
11,3,28,241,6.2,16.2,.382,1.7,2.6,.636,4.5,13.6,.333,2.1,3.3,.643,4.3,1.2,0.2,0.5,1.4,5.0,19.1,,109.4,114.8
11,4,28,241,9.3,.536,.522,.838,.206,67,0.9,7.3,4.2,3.8,0.2,0.8,7.4,16.7,,0.3,0.1,0.4,.062,,-1.0,-5.6,-6.6
