0,0,24,415,90,224,.402,45,89,.506,45,135,.333,33,48,.688,10,38,48,10,12,11,34,51,258
0,1,24,17.3,3.8,9.3,.402,1.9,3.7,.506,1.9,5.6,.333,1.4,2.0,.688,2.0,0.4,0.5,0.5,1.4,2.1,10.8
0,2,24,415,8.7,21.6,.402,4.3,8.6,.506,4.3,13.0,.333,3.2,4.6,.688,4.6,1.0,1.2,1.1,3.3,4.9,24.9
0,3,24,415,12.7,31.6,.402,6.3,12.5,.506,6.3,19.0,.333,4.6,6.8,.688,6.8,1.4,1.7,1.5,4.8,7.2,36.3,,96.8,109.6
0,4,24,415,18.3,.523,.502,.603,.214,208,2.6,9.7,6.2,6.4,1.7,2.5,12.1,34.1,,0.5,0.2,0.7,.066,,0.1,-5.9,-5.9
1,0,12,432,57,160,.356,21,59,.356,36,101,.356,26,36,.722,18,53,71,66,20,0,41,10,176
1,1,12,36.0,4.8,13.3,.356,1.8,4.9,.356,3.0,8.4,.356,2.2,3.0,.722,5.9,5.5,1.7,0.0,3.4,0.8,14.7
1,2,12,432,5.3,14.8,.356,1.9,5.5,.356,3.3,9.4,.356,2.4,3.3,.722,6.6,6.1,1.9,0.0,3.8,0.9,16.3
1,3,12,432,7.7,21.7,.356,2.8,8.0,.356,4.9,13.7,.356,3.5,4.9,.722,9.6,8.9,2.7,0.0,5.5,1.4,23.8,,100.2,107.4
1,4,12,432,18.3,.497,.469,.631,.225,191,4.5,13.0,8.8,32.9,2.7,0.0,18.8,25.4,,0.6,0.3,0.9,.084,,2.5,-2.2,0.3
2,0,17,125,14,58,.241,11,43,.256,3,15,.200,4,7,.571,1,7,8,2,2,2,13,11,35
2,1,17,7.4,0.8,3.4,.241,0.6,2.5,.256,0.2,0.9,.200,0.2,0.4,.571,0.5,0.1,0.1,0.1,0.8,0.6,2.1
2,2,17,125,4.5,18.6,.241,3.5,13.8,.256,1.0,4.8,.200,1.3,2.2,.571,2.6,0.6,0.6,0.6,4.2,3.5,11.2
2,3,17,125,6.5,27.1,.241,5.1,20.1,.256,1.4,7.0,.200,1.9,3.3,.571,3.7,0.9,0.9,0.9,6.1,5.1,16.4,,53.6,113.8
2,4,17,125,-5.0,.285,.267,.259,.121,31,0.9,5.9,3.4,3.3,0.9,1.5,17.5,29.9,,-0.6,0.0,-0.6,-.187,,-15.2,-6.5,-21.7
3,0,29,733,59,161,.366,31,73,.425,28,88,.318,29,36,.806,23,47,70,57,22,1,32,55,175
3,1,29,25.3,2.0,5.6,.366,1.1,2.5,.425,1.0,3.0,.318,1.0,1.2,.806,2.4,2.0,0.8,0.0,1.1,1.9,6.0
3,2,29,733,3.2,8.8,.366,1.7,4.0,.425,1.5,4.8,.318,1.6,2.0,.806,3.8,3.1,1.2,0.1,1.7,3.0,9.5
3,3,29,733,4.7,12.8,.366,2.5,5.8,.425,2.2,7.0,.318,2.3,2.9,.806,5.6,4.5,1.8,0.1,2.6,4.4,14.0,,103.1,112.3
3,4,29,733,10.3,.491,.453,.547,.224,187,3.4,6.8,5.1,15.1,1.8,0.1,15.2,14.4,,0.8,0.1,0.9,.047,,-1.2,-2.8,-4.0
4,0,21,295,58,111,.523,35,58,.603,23,53,.434,10,23,.435,8,40,48,31,15,3,21,31,149
4,1,21,14.0,2.8,5.3,.523,1.7,2.8,.603,1.1,2.5,.434,0.5,1.1,.435,2.3,1.5,0.7,0.1,1.0,1.5,7.1
4,2,21,295,7.9,15.1,.523,4.7,7.9,.603,3.1,7.2,.434,1.4,3.1,.435,6.5,4.2,2.0,0.4,2.8,4.2,20.2
4,3,21,295,11.5,22.0,.523,6.9,11.5,.603,4.6,10.5,.434,2.0,4.6,.435,9.5,6.1,3.0,0.6,4.2,6.1,29.5,,113.3,105.2
4,4,21,295,23.6,.611,.626,.477,.207,134,2.9,14.3,8.7,26.3,3.0,0.9,14.7,24.4,,0.8,0.2,1.1,.148,,4.2,-2.2,2.0
5,0,30,292,29,96,.302,4,20,.200,25,76,.329,5,6,.833,23,39,62,12,1,3,15,53,88
5,1,30,9.7,1.0,3.2,.302,0.1,0.7,.200,0.8,2.5,.329,0.2,0.2,.833,2.1,0.4,0.0,0.1,0.5,1.8,2.9
5,2,30,292,4.0,13.2,.302,0.5,2.7,.200,3.4,10.4,.329,0.7,0.8,.833,8.5,1.6,0.1,0.4,2.1,7.3,12.1
5,3,30,292,5.8,19.2,.302,0.8,4.0,.200,5.0,15.2,.329,1.0,1.2,.833,12.4,2.4,0.2,0.6,3.0,10.6,17.6,,94.7,111.0
5,4,30,292,8.4,.445,.432,.792,.063,89,8.5,14.1,11.4,8.3,0.2,1.0,13.2,19.6,,0.2,0.1,0.2,.034,,-2.0,-4.9,-6.9
6,0,22,261,10,36,.278,8,23,.348,2,13,.154,17,24,.708,9,20,29,34,8,0,20,20,39
6,1,22,11.9,0.5,1.6,.278,0.4,1.0,.348,0.1,0.6,.154,0.8,1.1,.708,1.3,1.5,0.4,0.0,0.9,0.9,1.8
6,2,22,261,1.5,5.5,.278,1.2,3.5,.348,0.3,2.0,.154,2.6,3.7,.708,4.4,5.2,1.2,0.0,3.1,3.1,6.0
6,3,22,261,2.2,8.1,.278,1.8,5.2,.348,0.4,2.9,.154,3.8,5.4,.708,6.5,7.6,1.8,0.0,4.5,4.5,8.7,,88.0,111.6
6,4,22,261,7.3,.411,.306,.361,.667,57,3.7,8.1,5.9,23.4,1.8,0.0,29.7,13.0,,0.0,0.1,0.0,.007,,-5.1,-3.1,-8.2
7,0,28,916,128,261,.490,128,258,.496,0,3,.000,89,125,.712,61,191,252,57,24,66,69,67,345
7,1,28,32.7,4.6,9.3,.490,4.6,9.2,.496,0.0,0.1,.000,3.2,4.5,.712,9.0,2.0,0.9,2.4,2.5,2.4,12.3
7,2,28,916,5.6,11.4,.490,5.6,11.3,.496,0.0,0.1,.000,3.9,5.5,.712,11.0,2.5,1.0,2.9,3.0,2.9,15.1
7,3,28,916,8.2,16.7,.490,8.2,16.5,.496,0.0,0.2,.000,5.7,8.0,.712,16.1,3.6,1.5,4.2,4.4,4.3,22.0,,103.7,101.7
7,4,28,916,20.8,.538,.490,.011,.479,347,7.2,22.1,14.7,13.6,1.5,6.7,17.7,21.4,,1.5,1.1,2.5,.111,,-2.3,2.6,0.3
8,0,16,42,2,5,.400,2,5,.400,0,0,,1,3,.333,4,5,9,1,0,2,0,11,5
8,1,16,2.6,0.1,0.3,.400,0.1,0.3,.400,0.0,0.0,,0.1,0.2,.333,0.6,0.1,0.0,0.1,0.0,0.7,0.3
8,2,16,42,1.9,4.8,.400,1.9,4.8,.400,0.0,0.0,,1.0,2.9,.333,8.6,1.0,0.0,1.9,0.0,10.5,4.8
8,3,16,42,2.8,7.0,.400,2.8,7.0,.400,0.0,0.0,,1.4,4.2,.333,12.5,1.4,0.0,2.8,0.0,15.3,7.0,,113.6,110.0
8,4,16,42,6.8,.389,.400,.000,.600,7,10.3,12.6,11.5,4.3,0.0,4.4,0.0,7.7,,0.0,0.0,0.1,.056,,-4.6,-1.0,-5.6
9,0,30,842,91,211,.431,36,74,.486,55,137,.401,47,61,.770,15,64,79,29,10,8,34,70,284
9,1,30,28.1,3.0,7.0,.431,1.2,2.5,.486,1.8,4.6,.401,1.6,2.0,.770,2.6,1.0,0.3,0.3,1.1,2.3,9.5
9,2,30,842,4.3,10.0,.431,1.7,3.5,.486,2.6,6.5,.401,2.2,2.9,.770,3.8,1.4,0.5,0.4,1.6,3.3,13.5
9,3,30,842,6.3,14.7,.431,2.5,5.1,.486,3.8,9.5,.401,3.3,4.2,.770,5.5,2.0,0.7,0.6,2.4,4.9,19.7,,113.1,113.6
9,4,30,842,12.6,.592,.562,.649,.289,247,1.9,8.0,5.0,7.1,0.7,0.9,12.4,16.4,,1.5,0.0,1.6,.074,,0.6,-3.7,-3.1
10,0,5,32,6,21,.286,2,7,.286,4,14,.286,4,4,1.000,3,6,9,0,2,0,3,7,20
10,1,5,6.4,1.2,4.2,.286,0.4,1.4,.286,0.8,2.8,.286,0.8,0.8,1.000,1.8,0.0,0.4,0.0,0.6,1.4,4.0
10,2,5,32,7.5,26.3,.286,2.5,8.8,.286,5.0,17.5,.286,5.0,5.0,1.000,11.3,0.0,2.5,0.0,3.8,8.8,25.0
10,3,5,32,11.0,38.4,.286,3.7,12.8,.286,7.3,25.6,.286,7.3,7.3,1.000,16.4,0.0,3.7,0.0,5.5,12.8,36.5,,87.8,100.7
10,4,5,32,15.6,.437,.381,.667,.190,18,10.1,19.8,15.0,0.0,3.7,0.0,11.6,40.7,,0.0,0.0,0.0,.046,,-4.9,-11.8,-16.7
11,0,31,689,56,162,.346,41,105,.390,15,57,.263,39,65,.600,31,65,96,46,21,11,55,74,166
11,1,31,22.2,1.8,5.2,.346,1.3,3.4,.390,0.5,1.8,.263,1.3,2.1,.600,3.1,1.5,0.7,0.4,1.8,2.4,5.4
11,2,31,689,3.3,9.4,.346,2.4,6.1,.390,0.9,3.3,.263,2.3,3.8,.600,5.6,2.7,1.2,0.6,3.2,4.3,9.6
11,3,31,689,4.8,13.7,.346,3.5,8.9,.390,1.3,4.8,.263,3.3,5.5,.600,8.1,3.9,1.8,0.9,4.7,6.3,14.1,,83.9,109.8
11,4,31,689,7.6,.430,.392,.352,.401,181,4.9,10.0,7.5,13.0,1.8,1.5,22.2,18.1,,-0.3,0.3,0.0,-.001,,-4.8,-1.5,-6.3
12,0,31,711,101,162,.623,101,162,.623,0,0,,52,105,.495,80,115,195,9,11,68,37,66,254
12,1,31,22.9,3.3,5.2,.623,3.3,5.2,.623,0.0,0.0,,1.7,3.4,.495,6.3,0.3,0.4,2.2,1.2,2.1,8.2
12,2,31,711,5.7,9.1,.623,5.7,9.1,.623,0.0,0.0,,2.9,5.9,.495,11.0,0.5,0.6,3.8,2.1,3.7,14.3
12,3,31,711,8.3,13.3,.623,8.3,13.3,.623,0.0,0.0,,4.3,8.6,.495,16.0,0.7,0.9,5.6,3.0,5.4,20.9,,113.8,104.4
12,4,31,711,21.9,.599,.623,.000,.648,242,12.2,17.1,14.7,2.8,0.9,8.9,14.9,17.6,,1.5,0.6,2.2,.123,,-1.7,1.1,-0.7
13,0,25,514,50,143,.350,22,60,.367,28,83,.337,24,37,.649,12,36,48,60,16,1,35,44,152
13,1,25,20.6,2.0,5.7,.350,0.9,2.4,.367,1.1,3.3,.337,1.0,1.5,.649,1.9,2.4,0.6,0.0,1.4,1.8,6.1
13,2,25,514,3.9,11.1,.350,1.7,4.7,.367,2.2,6.5,.337,1.9,2.9,.649,3.7,4.7,1.2,0.1,2.7,3.4,11.8
13,3,25,514,5.7,16.3,.350,2.5,6.8,.367,3.2,9.4,.337,2.7,4.2,.649,5.5,6.8,1.8,0.1,4.0,5.0,17.3,,97.0,111.8
13,4,25,514,11.1,.473,.448,.580,.259,165,2.5,7.4,5.0,23.4,1.8,0.2,17.9,19.2,,0.4,0.1,0.5,.040,,-1.5,-4.0,-5.5
