0,0,35,712,137,241,.568,137,238,.576,0,3,.000,53,87,.609,57,99,156,21,16,22,46,116,327
0,1,35,20.3,3.9,6.9,.568,3.9,6.8,.576,0.0,0.1,.000,1.5,2.5,.609,4.5,0.6,0.5,0.6,1.3,3.3,9.3
0,2,35,712,7.7,13.5,.568,7.7,13.4,.576,0.0,0.2,.000,3.0,4.9,.609,8.8,1.2,0.9,1.2,2.6,6.5,18.4
0,3,35,712,11.0,19.3,.568,11.0,19.1,.576,0.0,0.2,.000,4.3,7.0,.609,12.5,1.7,1.3,1.8,3.7,9.3,26.3,,108.7,101.8
0,4,35,712,18.5,.579,.568,.012,.361,289,9.3,14.6,12.1,6.4,1.3,2.8,14.0,22.9,,1.5,0.8,2.3,.132,,-0.2,-1.0,-1.2
1,0,25,379,37,102,.363,9,20,.450,28,82,.341,13,21,.619,1,16,17,37,12,0,15,31,115
1,1,25,15.2,1.5,4.1,.363,0.4,0.8,.450,1.1,3.3,.341,0.5,0.8,.619,0.7,1.5,0.5,0.0,0.6,1.2,4.6
1,2,25,379,3.9,10.8,.363,0.9,2.1,.450,3.0,8.7,.341,1.4,2.2,.619,1.8,3.9,1.3,0.0,1.6,3.3,12.1
1,3,25,379,5.6,15.4,.363,1.4,3.0,.450,4.2,12.4,.341,2.0,3.2,.619,2.6,5.6,1.8,0.0,2.3,4.7,17.3,,107.0,107.5
1,4,25,379,11.0,.514,.500,.804,.206,111,0.3,4.4,2.5,17.6,1.8,0.0,11.8,16.6,,0.5,0.2,0.8,.082,,1.2,-3.9,-2.7
2,0,9,13,2,4,.500,2,4,.500,0,0,,0,4,.000,0,1,1,0,1,0,1,1,4
2,1,9,1.4,0.2,0.4,.500,0.2,0.4,.500,0.0,0.0,,0.0,0.4,.000,0.1,0.0,0.1,0.0,0.1,0.1,0.4
2,2,9,13,6.2,12.3,.500,6.2,12.3,.500,0.0,0.0,,0.0,12.3,.000,3.1,0.0,3.1,0.0,3.1,3.1,12.3
2,3,9,13,8.8,17.6,.500,8.8,17.6,.500,0.0,0.0,,0.0,17.6,.000,4.4,0.0,4.4,0.0,4.4,4.4,17.6,,53.5,100.1
2,4,9,13,1.8,.339,.500,.000,1.000,3,0.0,8.1,4.2,0.0,4.4,0.0,14.5,26.3,,-0.1,0.0,0.0,-.111,,-12.3,-3.6,-15.9
3,0,22,374,18,53,.340,12,33,.364,6,20,.300,4,11,.364,8,46,54,45,12,5,20,25,46
3,1,22,17.0,0.8,2.4,.340,0.5,1.5,.364,0.3,0.9,.300,0.2,0.5,.364,2.5,2.0,0.5,0.2,0.9,1.1,2.1
3,2,22,374,1.9,5.7,.340,1.3,3.5,.364,0.6,2.1,.300,0.4,1.2,.364,5.8,4.8,1.3,0.5,2.1,2.7,4.9
3,3,22,374,2.8,8.1,.340,1.8,5.0,.364,0.9,3.1,.300,0.6,1.7,.364,8.3,6.9,1.8,0.8,3.1,3.8,7.0,,89.5,102.8
3,4,22,374,7.9,.395,.396,.377,.208,67,2.5,12.9,7.9,19.9,1.8,1.2,25.6,10.4,,0.0,0.4,0.4,.045,,-2.9,0.4,-2.5
4,0,31,411,49,95,.516,49,95,.516,0,0,,25,41,.610,33,39,72,23,7,8,28,55,123
4,1,31,13.3,1.6,3.1,.516,1.6,3.1,.516,0.0,0.0,,0.8,1.3,.610,2.3,0.7,0.2,0.3,0.9,1.8,4.0
4,2,31,411,4.8,9.2,.516,4.8,9.2,.516,0.0,0.0,,2.4,4.0,.610,7.0,2.2,0.7,0.8,2.7,5.4,12.0
4,3,31,411,6.8,13.2,.516,6.8,13.2,.516,0.0,0.0,,3.5,5.7,.610,10.0,3.2,1.0,1.1,3.9,7.6,17.1,,102.9,105.4
4,4,31,411,12.1,.537,.516,.000,.432,129,9.3,10.0,9.6,10.5,1.0,1.8,19.7,17.2,,0.5,0.3,0.8,.082,,-1.6,-0.9,-2.4
5,0,35,1202,231,457,.505,215,399,.539,16,58,.276,182,241,.755,87,193,280,85,61,39,67,80,660
5,1,35,34.3,6.6,13.1,.505,6.1,11.4,.539,0.5,1.7,.276,5.2,6.9,.755,8.0,2.4,1.7,1.1,1.9,2.3,18.9
5,2,35,1202,7.7,15.2,.505,7.2,13.3,.539,0.5,1.9,.276,6.1,8.0,.755,9.3,2.8,2.0,1.3,2.2,2.7,22.0
5,3,35,1202,11.0,21.7,.505,10.2,19.0,.539,0.8,2.8,.276,8.7,11.5,.755,13.3,4.0,2.9,1.9,3.2,3.8,31.4,,119.5,97.7
5,4,35,1202,27.3,.577,.523,.127,.527,629,8.4,16.9,12.8,15.4,2.9,2.9,10.5,26.3,,4.6,1.9,6.5,.215,,4.6,1.7,6.3
6,0,8,39,5,14,.357,5,11,.455,0,3,.000,4,7,.571,6,8,14,1,0,2,3,2,14
6,1,8,4.9,0.6,1.8,.357,0.6,1.4,.455,0.0,0.4,.000,0.5,0.9,.571,1.8,0.1,0.0,0.3,0.4,0.3,1.8
6,2,8,39,5.1,14.4,.357,5.1,11.3,.455,0.0,3.1,.000,4.1,7.2,.571,14.4,1.0,0.0,2.1,3.1,2.1,14.4
6,3,8,39,7.3,20.5,.357,7.3,16.1,.455,0.0,4.4,.000,5.9,10.3,.571,20.5,1.5,0.0,2.9,4.4,2.9,20.5,,90.1,100.9
6,4,8,39,14.4,.404,.357,.214,.500,16,17.8,21.5,19.7,4.9,0.0,4.6,14.8,25.8,,0.0,0.0,0.1,.058,,-5.4,-3.0,-8.5
7,0,33,1093,118,319,.370,59,146,.404,59,173,.341,143,164,.872,8,64,72,236,49,5,120,87,438
7,1,33,33.1,3.6,9.7,.370,1.8,4.4,.404,1.8,5.2,.341,4.3,5.0,.872,2.2,7.2,1.5,0.2,3.6,2.6,13.3
7,2,33,1093,4.3,11.7,.370,2.2,5.3,.404,2.2,6.3,.341,5.2,6.0,.872,2.6,8.6,1.8,0.2,4.4,3.2,16.0
7,3,33,1093,6.2,16.7,.370,3.1,7.6,.404,3.1,9.0,.341,7.5,8.6,.872,3.8,12.3,2.6,0.3,6.3,4.6,22.9,,107.7,104.8
7,4,33,1093,17.6,.552,.462,.542,.514,508,0.8,6.1,3.6,39.7,2.6,0.4,23.2,23.4,,2.5,1.0,3.5,.128,,2.7,-3.2,-0.5
8,0,35,704,118,295,.400,13,45,.289,105,250,.420,41,49,.837,9,55,64,41,25,2,32,30,382
8,1,35,20.1,3.4,8.4,.400,0.4,1.3,.289,3.0,7.1,.420,1.2,1.4,.837,1.8,1.2,0.7,0.1,0.9,0.9,10.9
8,2,35,704,6.7,16.8,.400,0.7,2.6,.289,6.0,14.2,.420,2.3,2.8,.837,3.6,2.3,1.4,0.1,1.8,1.7,21.7
8,3,35,704,9.6,24.0,.400,1.1,3.7,.289,8.5,20.3,.420,3.3,4.0,.837,5.2,3.3,2.0,0.2,2.6,2.4,31.0,,116.6,105.3
8,4,35,704,20.7,.600,.578,.847,.166,311,1.5,8.2,5.0,12.0,2.0,0.3,9.1,24.7,,2.1,0.6,2.7,.153,,6.5,-3.9,2.6
9,0,6,9,0,0,,0,0,,0,0,,1,2,.500,3,2,5,1,0,0,0,0,1
9,1,6,1.5,0.0,0.0,,0.0,0.0,,0.0,0.0,,0.2,0.3,.500,0.8,0.2,0.0,0.0,0.0,0.0,0.2
9,2,6,9,0.0,0.0,,0.0,0.0,,0.0,0.0,,4.4,8.9,.500,22.2,4.4,0.0,0.0,0.0,0.0,4.4
9,3,6,9,0.0,0.0,,0.0,0.0,,0.0,0.0,,6.4,12.7,.500,31.8,6.4,0.0,0.0,0.0,0.0,6.4,,181.4,102.7
9,4,6,9,25.9,.526,,,,3,38.5,23.3,30.6,17.1,0.0,0.0,0.0,5.2,,0.0,0.0,0.1,.254,,8.0,-0.5,7.6
10,0,35,896,63,163,.387,21,47,.447,42,116,.362,29,41,.707,4,70,74,63,46,11,34,65,197
10,1,35,25.6,1.8,4.7,.387,0.6,1.3,.447,1.2,3.3,.362,0.8,1.2,.707,2.1,1.8,1.3,0.3,1.0,1.9,5.6
10,2,35,896,2.8,7.3,.387,0.9,2.1,.447,1.9,5.2,.362,1.3,1.8,.707,3.3,2.8,2.1,0.5,1.5,2.9,8.8
10,3,35,896,4.0,10.4,.387,1.3,3.0,.447,2.7,7.4,.362,1.9,2.6,.707,4.7,4.0,2.9,0.7,2.2,4.1,12.6,,105.9,102.7
10,4,35,896,10.9,.540,.515,.712,.252,191,0.5,8.2,4.5,12.1,2.9,1.1,15.7,12.0,,0.9,1.0,1.8,.083,,0.8,0.5,1.3
11,0,33,986,119,243,.490,104,174,.598,15,69,.217,48,87,.552,92,211,303,29,34,60,47,92,301
11,1,33,29.9,3.6,7.4,.490,3.2,5.3,.598,0.5,2.1,.217,1.5,2.6,.552,9.2,0.9,1.0,1.8,1.4,2.8,9.1
11,2,33,986,4.8,9.9,.490,4.2,7.1,.598,0.6,2.8,.217,1.9,3.5,.552,12.3,1.2,1.4,2.4,1.9,3.7,12.2
11,3,33,986,6.9,14.1,.490,6.0,10.1,.598,0.9,4.0,.217,2.8,5.0,.552,17.6,1.7,2.0,3.5,2.7,5.3,17.5,,107.2,95.5
11,4,33,986,18.2,.529,.521,.284,.358,304,10.8,22.5,16.9,5.5,2.0,5.5,14.2,16.7,,1.5,1.8,3.2,.132,,0.1,2.7,2.8
12,0,4,36,6,11,.545,3,4,.750,3,7,.429,6,6,1.000,1,4,5,7,3,0,1,2,21
12,1,4,9.0,1.5,2.8,.545,0.8,1.0,.750,0.8,1.8,.429,1.5,1.5,1.000,1.3,1.8,0.8,0.0,0.3,0.5,5.3
12,2,4,36,6.7,12.2,.545,3.3,4.4,.750,3.3,7.8,.429,6.7,6.7,1.000,5.6,7.8,3.3,0.0,1.1,2.2,23.3
12,3,4,36,9.5,17.5,.545,4.8,6.4,.750,4.8,11.1,.429,9.5,9.5,1.000,7.9,11.1,4.8,0.0,1.6,3.2,33.3,,163.4,97.7
12,4,4,36,37.6,.758,.682,.636,.545,21,3.2,11.7,7.6,40.1,4.8,0.0,6.7,20.4,,0.3,0.1,0.3,.369,,13.8,-1.2,12.6
13,0,22,110,8,18,.444,8,17,.471,0,1,.000,11,16,.688,8,11,19,14,13,2,13,18,27
13,1,22,5.0,0.4,0.8,.444,0.4,0.8,.471,0.0,0.0,.000,0.5,0.7,.688,0.9,0.6,0.6,0.1,0.6,0.8,1.2
13,2,22,110,2.9,6.5,.444,2.9,6.2,.471,0.0,0.4,.000,4.0,5.8,.688,6.9,5.1,4.7,0.7,4.7,6.5,9.8
13,3,22,110,4.2,9.4,.444,4.2,8.8,.471,0.0,0.5,.000,5.7,8.3,.688,9.9,7.3,6.8,1.0,6.8,9.4,14.0,,94.4,92.5
13,4,22,110,15.5,.527,.444,.056,.889,35,8.4,10.5,9.5,22.0,6.8,1.6,33.7,17.4,,0.1,0.2,0.3,.105,,-1.2,4.2,3.0
14,0,27,111,11,24,.458,11,22,.500,0,2,.000,1,7,.143,6,18,24,0,0,0,5,14,23
14,1,27,4.1,0.4,0.9,.458,0.4,0.8,.500,0.0,0.1,.000,0.0,0.3,.143,0.9,0.0,0.0,0.0,0.2,0.5,0.9
14,2,27,111,4.0,8.6,.458,4.0,7.9,.500,0.0,0.7,.000,0.4,2.5,.143,8.6,0.0,0.0,0.0,1.8,5.0,8.3
14,3,27,111,5.7,12.4,.458,5.7,11.3,.500,0.0,1.0,.000,0.5,3.6,.143,12.4,0.0,0.0,0.0,2.6,7.2,11.8,,80.0,105.0
14,4,27,111,4.3,.421,.458,.083,.292,21,6.2,17.0,11.9,0.0,0.0,0.0,15.5,14.4,,-0.1,0.1,0.0,.011,,-7.5,-5.8,-13.3
