0,0,28,495,53,147,.361,32,84,.381,21,63,.333,47,57,.825,10,41,51,61,22,0,41,30,174
0,1,28,17.7,1.9,5.3,.361,1.1,3.0,.381,0.8,2.3,.333,1.7,2.0,.825,1.8,2.2,0.8,0.0,1.5,1.1,6.2
0,2,28,495,4.3,11.9,.361,2.6,6.8,.381,1.7,5.1,.333,3.8,4.6,.825,4.1,4.9,1.8,0.0,3.3,2.4,14.1
0,3,28,495,6.4,17.6,.361,3.8,10.1,.381,2.5,7.6,.333,5.6,6.8,.825,6.1,7.3,2.6,0.0,4.9,3.6,20.9,,100.0,102.0
0,4,28,495,14.4,.500,.432,.429,.388,186,2.3,9.5,5.9,25.7,2.6,0.0,19.1,22.4,,0.5,0.6,1.2,.096,,-1.6,-2.0,-3.6
1,0,27,168,12,20,.600,12,19,.632,0,1,.000,0,5,.000,17,15,32,2,2,27,7,23,24
1,1,27,6.2,0.4,0.7,.600,0.4,0.7,.632,0.0,0.0,.000,0.0,0.2,.000,1.2,0.1,0.1,1.0,0.3,0.9,0.9
1,2,27,168,2.9,4.8,.600,2.9,4.5,.632,0.0,0.2,.000,0.0,1.2,.000,7.6,0.5,0.5,6.4,1.7,5.5,5.7
1,3,27,168,4.2,7.1,.600,4.2,6.7,.632,0.0,0.4,.000,0.0,1.8,.000,11.3,0.7,0.7,9.5,2.5,8.1,8.5,,101.2,96.8
1,4,27,168,14.2,.536,.600,.050,.250,29,11.7,10.2,11.0,2.3,0.7,17.4,23.8,9.0,,0.1,0.3,0.4,.094,,-4.9,8.2,3.3
2,0,28,881,135,285,.474,85,171,.497,50,114,.439,79,113,.699,6,100,106,40,29,2,65,35,399
2,1,28,31.5,4.8,10.2,.474,3.0,6.1,.497,1.8,4.1,.439,2.8,4.0,.699,3.8,1.4,1.0,0.1,2.3,1.3,14.3
2,2,28,881,6.1,12.9,.474,3.9,7.8,.497,2.3,5.2,.439,3.6,5.1,.699,4.8,1.8,1.3,0.1,3.0,1.6,18.1
2,3,28,881,9.1,19.2,.474,5.7,11.5,.497,3.4,7.7,.439,5.3,7.6,.699,7.1,2.7,2.0,0.1,4.4,2.4,26.9,,106.4,102.0
2,4,28,881,17.3,.589,.561,.400,.396,344,0.8,13.0,6.9,10.5,2.0,0.2,16.1,23.6,,1.5,1.1,2.7,.122,,0.1,-1.7,-1.6
3,0,26,248,22,46,.478,21,44,.477,1,2,.500,11,15,.733,19,28,47,7,8,3,13,44,56
3,1,26,9.5,0.8,1.8,.478,0.8,1.7,.477,0.0,0.1,.500,0.4,0.6,.733,1.8,0.3,0.3,0.1,0.5,1.7,2.2
3,2,26,248,3.5,7.4,.478,3.4,7.1,.477,0.2,0.3,.500,1.8,2.4,.733,7.6,1.1,1.3,0.5,2.1,7.1,9.0
3,3,26,248,5.3,11.0,.478,5.0,10.5,.477,0.2,0.5,.500,2.6,3.6,.733,11.3,1.7,1.9,0.7,3.1,10.5,13.4,,102.0,100.8
3,4,26,248,10.2,.527,.489,.043,.326,60,8.9,12.9,10.9,5.7,1.9,1.3,19.7,13.7,,0.2,0.4,0.6,.090,,-3.9,-0.1,-4.1
4,0,26,162,18,41,.439,18,41,.439,0,0,,26,37,.703,13,26,39,1,2,9,8,39,62
4,1,26,6.2,0.7,1.6,.439,0.7,1.6,.439,0.0,0.0,,1.0,1.4,.703,1.5,0.0,0.1,0.3,0.3,1.5,2.4
4,2,26,162,4.4,10.1,.439,4.4,10.1,.439,0.0,0.0,,6.4,9.1,.703,9.6,0.2,0.5,2.2,2.0,9.6,15.3
4,3,26,162,6.6,15.0,.439,6.6,15.0,.439,0.0,0.0,,9.5,13.6,.703,14.3,0.4,0.7,3.3,2.9,14.3,22.7,,109.0,98.3
4,4,26,162,15.6,.529,.439,.000,.902,60,9.3,18.3,13.8,1.3,0.7,6.0,12.0,21.2,,0.3,0.3,0.6,.141,,-5.7,-1.7,-7.4
5,0,28,568,91,163,.558,91,163,.558,0,0,,40,67,.597,76,92,168,13,8,58,45,99,222
5,1,28,20.3,3.3,5.8,.558,3.3,5.8,.558,0.0,0.0,,1.4,2.4,.597,6.0,0.5,0.3,2.1,1.6,3.5,7.9
5,2,28,568,6.4,11.5,.558,6.4,11.5,.558,0.0,0.0,,2.8,4.7,.597,11.8,0.9,0.6,4.1,3.2,7.0,15.6
5,3,28,568,9.5,17.1,.558,9.5,17.1,.558,0.0,0.0,,4.2,7.0,.597,17.6,1.4,0.8,6.1,4.7,10.4,23.2,,106.4,95.8
5,4,28,568,21.3,.570,.558,.000,.411,223,15.5,18.5,17.0,5.4,0.8,11.0,18.8,21.8,,1.0,1.1,2.1,.146,,-2.7,3.6,0.9
6,0,28,604,84,183,.459,60,124,.484,24,59,.407,23,37,.622,33,53,86,23,17,3,37,72,215
6,1,28,21.6,3.0,6.5,.459,2.1,4.4,.484,0.9,2.1,.407,0.8,1.3,.622,3.1,0.8,0.6,0.1,1.3,2.6,7.7
6,2,28,604,5.6,12.1,.459,4.0,8.2,.484,1.6,3.9,.407,1.5,2.5,.622,5.7,1.5,1.1,0.2,2.5,4.8,14.2
6,3,28,604,8.3,18.0,.459,5.9,12.2,.484,2.4,5.8,.407,2.3,3.6,.622,8.5,2.3,1.7,0.3,3.6,7.1,21.2,,101.9,103.3
6,4,28,604,13.1,.536,.525,.322,.202,200,6.3,10.0,8.2,8.5,1.7,0.5,15.6,20.3,,0.7,0.7,1.4,.092,,-1.7,-1.7,-3.4
7,0,28,425,38,117,.325,12,53,.226,26,64,.406,23,31,.742,14,36,50,19,13,3,32,43,125
7,1,28,15.2,1.4,4.2,.325,0.4,1.9,.226,0.9,2.3,.406,0.8,1.1,.742,1.8,0.7,0.5,0.1,1.1,1.5,4.5
7,2,28,425,3.6,11.0,.325,1.1,5.0,.226,2.4,6.0,.406,2.2,2.9,.742,4.7,1.8,1.2,0.3,3.0,4.0,11.8
7,3,28,425,5.3,16.4,.325,1.7,7.4,.226,3.6,8.9,.406,3.2,4.3,.742,7.0,2.7,1.8,0.4,4.5,6.0,17.5,,89.3,103.1
7,4,28,425,8.2,.474,.436,.547,.265,121,3.8,9.7,6.8,9.0,1.8,0.8,19.5,19.9,,0.0,0.5,0.5,.045,,-4.0,-1.8,-5.8
8,0,23,608,67,174,.385,46,119,.387,21,55,.382,62,85,.729,19,92,111,39,26,0,58,42,217
8,1,23,26.4,2.9,7.6,.385,2.0,5.2,.387,0.9,2.4,.382,2.7,3.7,.729,4.8,1.7,1.1,0.0,2.5,1.8,9.4
8,2,23,608,4.4,11.4,.385,3.0,7.8,.387,1.4,3.6,.382,4.1,5.6,.729,7.3,2.6,1.7,0.0,3.8,2.8,14.3
8,3,23,608,6.5,17.0,.385,4.5,11.6,.387,2.1,5.4,.382,6.1,8.3,.729,10.8,3.8,2.5,0.0,5.7,4.1,21.2,,92.8,98.8
8,4,23,608,13.1,.506,.445,.316,.489,213,3.6,17.3,10.5,13.5,2.5,0.0,21.3,23.1,,0.2,1.0,1.2,.077,,-3.6,-0.3,-3.9
9,0,16,134,22,40,.550,14,22,.636,8,18,.444,2,4,.500,4,23,27,1,0,13,3,14,54
9,1,16,8.4,1.4,2.5,.550,0.9,1.4,.636,0.5,1.1,.444,0.1,0.3,.500,1.7,0.1,0.0,0.8,0.2,0.9,3.4
9,2,16,134,6.6,11.9,.550,4.2,6.6,.636,2.4,5.4,.444,0.6,1.2,.500,8.1,0.3,0.0,3.9,0.9,4.2,16.1
9,3,16,134,9.8,17.7,.550,6.2,9.8,.636,3.5,8.0,.444,0.9,1.8,.500,12.0,0.4,0.0,5.8,1.3,6.2,23.9,,123.5,97.9
9,4,16,134,21.3,.644,.650,.450,.100,41,3.5,19.6,11.6,1.8,0.0,10.5,6.7,17.3,,0.3,0.2,0.6,.165,,-1.5,0.9,-0.7
10,0,28,899,82,218,.376,54,129,.419,28,89,.315,49,86,.570,27,94,121,114,38,1,47,33,241
10,1,28,32.1,2.9,7.8,.376,1.9,4.6,.419,1.0,3.2,.315,1.8,3.1,.570,4.3,4.1,1.4,0.0,1.7,1.2,8.6
10,2,28,899,3.6,9.7,.376,2.4,5.7,.419,1.2,4.0,.315,2.2,3.8,.570,5.4,5.1,1.7,0.0,2.1,1.5,10.7
10,3,28,899,5.4,14.4,.376,3.6,8.5,.419,1.9,5.9,.315,3.2,5.7,.570,8.0,7.5,2.5,0.1,3.1,2.2,15.9,,102.9,101.3
10,4,28,899,14.2,.466,.440,.408,.394,281,3.5,12.0,7.7,25.6,2.5,0.1,15.4,17.5,,1.0,1.2,2.2,.100,,-0.8,-0.2,-1.0
11,0,26,432,36,98,.367,17,42,.405,19,56,.339,29,42,.690,3,33,36,25,13,1,15,44,120
11,1,26,16.6,1.4,3.8,.367,0.7,1.6,.405,0.7,2.2,.339,1.1,1.6,.690,1.4,1.0,0.5,0.0,0.6,1.7,4.6
11,2,26,432,3.3,9.1,.367,1.6,3.9,.405,1.8,5.2,.339,2.7,3.9,.690,3.3,2.3,1.2,0.1,1.4,4.1,11.1
11,3,26,432,5.0,13.5,.367,2.3,5.8,.405,2.6,7.7,.339,4.0,5.8,.690,5.0,3.4,1.8,0.1,2.1,6.1,16.5,,106.1,103.9
11,4,26,432,10.4,.509,.464,.571,.429,115,0.8,8.7,4.8,11.5,1.8,0.3,11.3,15.9,,0.5,0.5,1.0,.092,,-1.8,-2.0,-3.8
