0,0,33,1047,152,320,.475,123,223,.552,29,97,.299,55,79,.696,49,186,235,61,23,12,57,78,388
0,1,33,31.7,4.6,9.7,.475,3.7,6.8,.552,0.9,2.9,.299,1.7,2.4,.696,7.1,1.8,0.7,0.4,1.7,2.4,11.8
0,2,33,1047,5.8,12.2,.475,4.7,8.5,.552,1.1,3.7,.299,2.1,3.0,.696,9.0,2.3,0.9,0.5,2.2,3.0,14.8
0,3,33,1047,8.7,18.3,.475,7.0,12.8,.552,1.7,5.6,.299,3.1,4.5,.696,13.5,3.5,1.3,0.7,3.3,4.5,22.2,,106.1,96.5
0,4,33,1047,17.5,.543,.520,.303,.247,375,5.5,20.1,12.9,12.5,1.3,1.2,13.8,20.9,,1.8,1.8,3.6,.137,,-0.6,0.0,-0.6
1,0,28,279,15,44,.341,13,35,.371,2,9,.222,18,34,.529,18,12,30,10,12,0,10,26,50
1,1,28,10.0,0.5,1.6,.341,0.5,1.3,.371,0.1,0.3,.222,0.6,1.2,.529,1.1,0.4,0.4,0.0,0.4,0.9,1.8
1,2,28,279,2.2,6.3,.341,1.9,5.0,.371,0.3,1.3,.222,2.6,4.9,.529,4.3,1.4,1.7,0.0,1.4,3.7,7.2
1,3,28,279,3.2,9.5,.341,2.8,7.5,.371,0.4,1.9,.222,3.9,7.3,.529,6.4,2.1,2.6,0.0,2.1,5.6,10.7,,93.9,101.0
1,4,28,279,7.9,.416,.364,.205,.773,59,7.5,4.9,6.2,6.4,2.6,0.0,14.3,13.3,,0.1,0.3,0.4,.064,,-4.0,-0.6,-4.6
2,0,27,245,33,94,.351,27,69,.391,6,25,.240,22,33,.667,2,22,24,39,10,0,28,29,94
2,1,27,9.1,1.2,3.5,.351,1.0,2.6,.391,0.2,0.9,.240,0.8,1.2,.667,0.9,1.4,0.4,0.0,1.0,1.1,3.5
2,2,27,245,5.4,15.3,.351,4.4,11.3,.391,1.0,4.1,.240,3.6,5.4,.667,3.9,6.4,1.6,0.0,4.6,4.7,15.3
2,3,27,245,8.1,23.0,.351,6.6,16.9,.391,1.5,6.1,.240,5.4,8.1,.667,5.9,9.5,2.4,0.0,6.9,7.1,23.0,,85.2,98.8
2,4,27,245,11.0,.429,.383,.266,.351,104,1.0,10.1,5.6,33.5,2.4,0.0,20.3,29.7,,-0.1,0.4,0.2,.039,,-5.3,-2.9,-8.2
3,0,1,1,0,0,,0,0,,0,0,,0,0,,0,0,0,0,0,0,0,0,0
3,1,1,1.0,0.0,0.0,,0.0,0.0,,0.0,0.0,,0.0,0.0,,0.0,0.0,0.0,0.0,0.0,0.0,0.0
3,2,1,1,0.0,0.0,,0.0,0.0,,0.0,0.0,,0.0,0.0,,0.0,0.0,0.0,0.0,0.0,0.0,0.0
3,3,1,1,0.0,0.0,,0.0,0.0,,0.0,0.0,,0.0,0.0,,0.0,0.0,0.0,0.0,0.0,0.0,0.0,,,109.4
3,4,1,1,0.0,,,,,0,0.0,0.0,0.0,0.0,0.0,0.0,,0.0,,0.0,0.0,0.0,.017,,-6.6,-0.3,-6.9
4,0,2,10,0,1,.000,0,0,,0,1,.000,1,2,.500,0,3,3,1,1,0,0,0,1
4,1,2,5.0,0.0,0.5,.000,0.0,0.0,,0.0,0.5,.000,0.5,1.0,.500,1.5,0.5,0.5,0.0,0.0,0.0,0.5
4,2,2,10,0.0,4.0,.000,0.0,0.0,,0.0,4.0,.000,4.0,8.0,.500,12.0,4.0,4.0,0.0,0.0,0.0,4.0
4,3,2,10,0.0,6.0,.000,0.0,0.0,,0.0,6.0,.000,6.0,12.0,.500,18.0,6.0,6.0,0.0,0.0,0.0,6.0,,85.6,81.1
4,4,2,10,15.2,.256,.000,1.000,2.000,1,0.0,33.9,17.2,16.4,6.0,0.0,0.0,10.3,,0.0,0.0,0.0,.121,,-3.5,4.4,0.8
5,0,27,144,15,32,.469,15,32,.469,0,0,,4,6,.667,17,15,32,3,8,7,10,33,34
5,1,27,5.3,0.6,1.2,.469,0.6,1.2,.469,0.0,0.0,,0.1,0.2,.667,1.2,0.1,0.3,0.3,0.4,1.2,1.3
5,2,27,144,4.2,8.9,.469,4.2,8.9,.469,0.0,0.0,,1.1,1.7,.667,8.9,0.8,2.2,1.9,2.8,9.2,9.4
5,3,27,144,6.2,13.3,.469,6.2,13.3,.469,0.0,0.0,,1.7,2.5,.667,13.3,1.2,3.3,2.9,4.2,13.7,14.2,,94.3,92.7
5,4,27,144,12.2,.488,.469,.000,.188,39,13.8,11.8,12.8,4.1,3.3,5.1,22.3,16.5,,0.1,0.3,0.4,.102,,-4.7,2.6,-2.1
6,0,16,402,41,114,.360,30,68,.441,11,46,.239,26,43,.605,6,36,42,52,24,3,29,25,119
6,1,16,25.1,2.6,7.1,.360,1.9,4.3,.441,0.7,2.9,.239,1.6,2.7,.605,2.6,3.3,1.5,0.2,1.8,1.6,7.4
6,2,16,402,4.1,11.3,.360,3.0,6.8,.441,1.1,4.6,.239,2.6,4.3,.605,4.2,5.2,2.4,0.3,2.9,2.5,11.8
6,3,16,402,6.1,17.0,.360,4.5,10.1,.441,1.6,6.9,.239,3.9,6.4,.605,6.3,7.8,3.6,0.4,4.3,3.7,17.8,,91.8,96.2
6,4,16,402,13.5,.443,.408,.404,.377,133,1.7,10.1,6.0,25.5,3.6,0.8,17.7,21.5,,0.1,0.7,0.8,.082,,-2.5,0.0,-2.5
7,0,5,10,0,2,.000,0,0,,0,2,.000,1,2,.500,1,1,2,1,0,0,1,1,1
7,1,5,2.0,0.0,0.4,.000,0.0,0.0,,0.0,0.4,.000,0.2,0.4,.500,0.4,0.2,0.0,0.0,0.2,0.2,0.2
7,2,5,10,0.0,8.0,.000,0.0,0.0,,0.0,8.0,.000,4.0,8.0,.500,8.0,4.0,0.0,0.0,4.0,4.0,4.0
7,3,5,10,0.0,12.0,.000,0.0,0.0,,0.0,12.0,.000,6.0,12.0,.500,12.0,6.0,0.0,0.0,6.0,6.0,6.0,,55.8,103.8
7,4,5,10,-2.9,.169,.000,1.000,1.000,2,11.7,11.3,11.5,16.4,0.0,0.0,25.3,20.9,,0.0,0.0,0.0,-.104,,-8.5,-3.6,-12.1
8,0,33,1048,135,372,.363,53,134,.396,82,238,.345,83,96,.865,17,96,113,87,28,2,70,60,435
8,1,33,31.8,4.1,11.3,.363,1.6,4.1,.396,2.5,7.2,.345,2.5,2.9,.865,3.4,2.6,0.8,0.1,2.1,1.8,13.2
8,2,33,1048,5.2,14.2,.363,2.0,5.1,.396,3.1,9.1,.345,3.2,3.7,.865,4.3,3.3,1.1,0.1,2.7,2.3,16.6
8,3,33,1048,7.7,21.3,.363,3.0,7.7,.396,4.7,13.6,.345,4.7,5.5,.865,6.5,5.0,1.6,0.1,4.0,3.4,24.9,,102.0,100.8
8,4,33,1048,15.4,.521,.473,.640,.258,417,1.9,10.3,6.2,17.3,1.6,0.2,14.4,24.6,,1.6,1.3,2.9,.112,,0.8,-2.3,-1.5
9,0,32,986,98,226,.434,31,75,.413,67,151,.444,43,56,.768,27,121,148,79,29,10,47,51,306
9,1,32,30.8,3.1,7.1,.434,1.0,2.3,.413,2.1,4.7,.444,1.3,1.8,.768,4.6,2.5,0.9,0.3,1.5,1.6,9.6
9,2,32,986,4.0,9.2,.434,1.3,3.0,.413,2.7,6.1,.444,1.7,2.3,.768,6.0,3.2,1.2,0.4,1.9,2.1,12.4
9,3,32,986,6.0,13.7,.434,1.9,4.6,.413,4.1,9.2,.444,2.6,3.4,.768,9.0,4.8,1.8,0.6,2.9,3.1,18.6,,115.7,98.5
9,4,32,986,16.5,.606,.582,.668,.248,302,3.2,13.9,8.6,15.7,1.8,1.1,15.7,16.1,,2.1,1.5,3.6,.145,,1.9,0.1,2.0
10,0,9,28,4,6,.667,4,6,.667,0,0,,0,0,,2,6,8,0,2,0,2,6,8
10,1,9,3.1,0.4,0.7,.667,0.4,0.7,.667,0.0,0.0,,0.0,0.0,,0.9,0.0,0.2,0.0,0.2,0.7,0.9
10,2,9,28,5.7,8.6,.667,5.7,8.6,.667,0.0,0.0,,0.0,0.0,,11.4,0.0,2.9,0.0,2.9,8.6,11.4
10,3,9,28,8.6,12.8,.667,8.6,12.8,.667,0.0,0.0,,0.0,0.0,,17.1,0.0,4.3,0.0,4.3,12.8,17.1,,100.5,87.9
10,4,9,28,15.3,.667,.667,.000,.000,7,8.3,24.2,16.4,0.0,4.3,0.0,25.0,15.1,,0.0,0.1,0.1,.135,,-5.5,-2.3,-7.8
11,0,33,298,19,48,.396,19,47,.404,0,1,.000,4,8,.500,19,34,53,18,2,5,25,45,42
11,1,33,9.0,0.6,1.5,.396,0.6,1.4,.404,0.0,0.0,.000,0.1,0.2,.500,1.6,0.5,0.1,0.2,0.8,1.4,1.3
11,2,33,298,2.6,6.4,.396,2.6,6.3,.404,0.0,0.1,.000,0.5,1.1,.500,7.1,2.4,0.3,0.7,3.4,6.0,5.6
11,3,33,298,3.8,9.7,.396,3.8,9.5,.404,0.0,0.2,.000,0.8,1.6,.500,10.7,3.6,0.4,1.0,5.0,9.1,8.5,,76.1,101.0
11,4,33,298,3.6,.405,.396,.021,.167,56,7.4,12.9,10.2,11.1,0.4,1.8,32.6,13.6,,-0.3,0.4,0.1,.014,,-7.7,-0.1,-7.8
12,0,32,901,74,196,.378,14,25,.560,60,171,.351,20,22,.909,18,92,110,55,30,5,18,72,228
12,1,32,28.2,2.3,6.1,.378,0.4,0.8,.560,1.9,5.3,.351,0.6,0.7,.909,3.4,1.7,0.9,0.2,0.6,2.3,7.1
12,2,32,901,3.3,8.7,.378,0.6,1.1,.560,2.7,7.6,.351,0.9,1.0,.909,4.9,2.4,1.3,0.2,0.8,3.2,10.1
12,3,32,901,4.9,13.0,.378,0.9,1.7,.560,4.0,11.4,.351,1.3,1.5,.909,7.3,3.7,2.0,0.3,1.2,4.8,15.2,,117.2,99.1
12,4,32,901,13.2,.552,.531,.872,.112,222,2.3,11.5,7.0,11.6,2.0,0.6,8.0,13.2,,1.6,1.3,2.9,.128,,1.4,-0.3,1.1
13,0,7,18,2,11,.182,1,5,.200,1,6,.167,2,2,1.000,0,1,1,0,0,0,0,0,7
13,1,7,2.6,0.3,1.6,.182,0.1,0.7,.200,0.1,0.9,.167,0.3,0.3,1.000,0.1,0.0,0.0,0.0,0.0,0.0,1.0
13,2,7,18,4.4,24.4,.182,2.2,11.1,.200,2.2,13.3,.167,4.4,4.4,1.000,2.2,0.0,0.0,0.0,0.0,0.0,15.6
13,3,7,18,6.7,36.6,.182,3.3,16.7,.200,3.3,20.0,.167,6.7,6.7,1.000,3.3,0.0,0.0,0.0,0.0,0.0,23.3,,68.6,106.6
13,4,7,18,0.8,.293,.227,.545,.182,6,0.0,6.3,3.2,0.0,0.0,0.0,0.0,35.1,,-0.1,0.0,0.0,-.089,,-11.8,-11.8,-23.5
14,0,31,819,194,355,.546,194,353,.550,0,2,.000,80,119,.672,62,101,163,20,37,64,64,73,468
14,1,31,26.4,6.3,11.5,.546,6.3,11.4,.550,0.0,0.1,.000,2.6,3.8,.672,5.3,0.6,1.2,2.1,2.1,2.4,15.1
14,2,31,819,9.5,17.3,.546,9.5,17.2,.550,0.0,0.1,.000,3.9,5.8,.672,8.0,1.0,1.8,3.1,3.1,3.6,22.9
14,3,31,819,14.2,26.0,.546,14.2,25.8,.550,0.0,0.1,.000,5.9,8.7,.672,11.9,1.5,2.7,4.7,4.7,5.3,34.3,,105.6,92.2
14,4,31,819,27.4,.569,.546,.006,.335,411,8.8,13.9,11.4,6.6,2.7,8.2,13.5,30.7,,2.0,1.7,3.7,.180,,-1.3,2.5,1.2
15,0,32,441,32,63,.508,32,63,.508,0,0,,28,41,.683,19,54,73,21,12,5,20,59,92
15,1,32,13.8,1.0,2.0,.508,1.0,2.0,.508,0.0,0.0,,0.9,1.3,.683,2.3,0.7,0.4,0.2,0.6,1.8,2.9
15,2,32,441,2.9,5.7,.508,2.9,5.7,.508,0.0,0.0,,2.5,3.7,.683,6.6,1.9,1.1,0.5,1.8,5.4,8.3
15,3,32,441,4.4,8.6,.508,4.4,8.6,.508,0.0,0.0,,3.8,5.6,.683,9.9,2.9,1.6,0.7,2.7,8.0,12.5,,106.9,98.2
15,4,32,441,10.7,.558,.508,.000,.651,99,5.0,13.8,9.5,8.9,1.6,1.2,19.5,12.3,,0.5,0.7,1.2,.106,,-3.6,0.4,-3.2
