0,0,31,938,154,276,.558,154,276,.558,0,0,,77,140,.550,79,103,182,34,44,42,78,102,385
0,1,31,30.3,5.0,8.9,.558,5.0,8.9,.558,0.0,0.0,,2.5,4.5,.550,5.9,1.1,1.4,1.4,2.5,3.3,12.4
0,2,31,938,6.6,11.8,.558,6.6,11.8,.558,0.0,0.0,,3.3,6.0,.550,7.8,1.4,1.9,1.8,3.3,4.3,16.4
0,3,31,938,9.8,17.6,.558,9.8,17.6,.558,0.0,0.0,,4.9,9.0,.550,11.6,2.2,2.8,2.7,5.0,6.5,24.6,,104.7,96.9
0,4,31,938,20.7,.562,.558,.000,.507,368,9.4,13.5,11.4,8.0,2.8,6.2,18.5,22.3,,1.6,1.6,3.2,.137,,-0.1,2.9,2.7
1,0,27,816,99,219,.452,82,169,.485,17,50,.340,44,66,.667,29,56,85,51,67,1,49,59,259
1,1,27,30.2,3.7,8.1,.452,3.0,6.3,.485,0.6,1.9,.340,1.6,2.4,.667,3.1,1.9,2.5,0.0,1.8,2.2,9.6
1,2,27,816,4.9,10.7,.452,4.0,8.3,.485,0.8,2.5,.340,2.2,3.2,.667,4.2,2.5,3.3,0.0,2.4,2.9,12.7
1,3,27,816,7.3,16.1,.452,6.0,12.4,.485,1.2,3.7,.340,3.2,4.9,.667,6.2,3.7,4.9,0.1,3.6,4.3,19.0,,103.7,96.8
1,4,27,816,16.4,.517,.491,.228,.301,254,4.0,8.4,6.1,12.5,4.9,0.2,16.4,18.3,,1.1,1.4,2.4,.119,,0.5,1.2,1.7
2,0,31,800,123,306,.402,86,175,.491,37,131,.282,52,69,.754,28,58,86,15,23,4,63,29,335
2,1,31,25.8,4.0,9.9,.402,2.8,5.6,.491,1.2,4.2,.282,1.7,2.2,.754,2.8,0.5,0.7,0.1,2.0,0.9,10.8
2,2,31,800,6.2,15.3,.402,4.3,8.8,.491,1.9,6.6,.282,2.6,3.5,.754,4.3,0.8,1.2,0.2,3.2,1.5,16.8
2,3,31,800,9.2,22.9,.402,6.4,13.1,.491,2.8,9.8,.282,3.9,5.2,.754,6.4,1.1,1.7,0.3,4.7,2.2,25.1,,96.1,104.0
2,4,31,800,13.3,.494,.462,.428,.225,296,3.9,8.9,6.3,4.0,1.7,0.7,15.7,25.0,,0.6,0.8,1.4,.072,,-2.1,-3.6,-5.7
3,0,4,10,0,1,.000,0,0,,0,1,.000,0,0,,0,1,1,1,0,0,0,0,0
3,1,4,2.5,0.0,0.3,.000,0.0,0.0,,0.0,0.3,.000,0.0,0.0,,0.3,0.3,0.0,0.0,0.0,0.0,0.0
3,2,4,10,0.0,4.0,.000,0.0,0.0,,0.0,4.0,.000,0.0,0.0,,4.0,4.0,0.0,0.0,0.0,0.0,0.0
3,3,4,10,0.0,6.0,.000,0.0,0.0,,0.0,6.0,.000,0.0,0.0,,6.0,6.0,0.0,0.0,0.0,0.0,0.0,,57.1,107.0
3,4,4,10,1.7,.000,.000,1.000,.000,0,0.0,12.2,5.9,16.1,0.0,0.0,0.0,5.0,,0.0,0.0,0.0,-.002,,-6.3,-2.7,-8.9
4,0,30,971,114,259,.440,94,197,.477,20,62,.323,56,82,.683,80,136,216,36,67,4,68,110,304
4,1,30,32.4,3.8,8.6,.440,3.1,6.6,.477,0.7,2.1,.323,1.9,2.7,.683,7.2,1.2,2.2,0.1,2.3,3.7,10.1
4,2,30,971,4.7,10.7,.440,3.9,8.1,.477,0.8,2.6,.323,2.3,3.4,.683,8.9,1.5,2.8,0.2,2.8,4.5,12.5
4,3,30,971,7.0,16.0,.440,5.8,12.2,.477,1.2,3.8,.323,3.5,5.1,.683,13.3,2.2,4.1,0.2,4.2,6.8,18.8,,100.9,94.2
4,4,30,971,16.4,.510,.479,.239,.317,308,9.2,17.2,13.0,7.4,4.1,0.6,18.6,18.8,,1.1,1.9,3.0,.122,,-0.1,1.4,1.3
5,0,31,647,62,167,.371,26,67,.388,36,100,.360,22,32,.688,11,49,60,30,35,1,26,38,182
5,1,31,20.9,2.0,5.4,.371,0.8,2.2,.388,1.2,3.2,.360,0.7,1.0,.688,1.9,1.0,1.1,0.0,0.8,1.2,5.9
5,2,31,647,3.8,10.3,.371,1.6,4.1,.388,2.2,6.2,.360,1.4,2.0,.688,3.7,1.9,2.2,0.1,1.6,2.3,11.3
5,3,31,647,5.7,15.5,.371,2.4,6.2,.388,3.3,9.3,.360,2.0,3.0,.688,5.6,2.8,3.2,0.1,2.4,3.5,16.9,,105.4,100.4
5,4,31,647,12.6,.499,.479,.599,.192,170,1.9,9.3,5.4,8.9,3.2,0.2,12.5,16.0,,0.8,0.9,1.7,.102,,0.0,-1.0,-1.0
6,0,31,637,49,102,.480,49,102,.480,0,0,,25,49,.510,69,74,143,11,15,31,17,83,123
6,1,31,20.5,1.6,3.3,.480,1.6,3.3,.480,0.0,0.0,,0.8,1.6,.510,4.6,0.4,0.5,1.0,0.5,2.7,4.0
6,2,31,637,3.1,6.4,.480,3.1,6.4,.480,0.0,0.0,,1.6,3.1,.510,9.0,0.7,0.9,1.9,1.1,5.2,7.7
6,3,31,637,4.6,9.6,.480,4.6,9.6,.480,0.0,0.0,,2.4,4.6,.510,13.5,1.0,1.4,2.9,1.6,7.8,11.6,,111.8,99.4
6,4,31,637,13.6,.491,.480,.000,.480,140,12.1,14.2,13.1,3.2,1.4,6.7,11.9,11.1,,0.8,0.9,1.8,.111,,-1.7,2.4,0.7
7,0,19,117,8,33,.242,4,13,.308,4,20,.200,8,18,.444,4,7,11,6,5,0,5,4,28
7,1,19,6.2,0.4,1.7,.242,0.2,0.7,.308,0.2,1.1,.200,0.4,0.9,.444,0.6,0.3,0.3,0.0,0.3,0.2,1.5
7,2,19,117,2.7,11.3,.242,1.4,4.4,.308,1.4,6.8,.200,2.7,6.2,.444,3.8,2.1,1.7,0.0,1.7,1.4,9.6
7,3,19,117,4.1,16.9,.242,2.1,6.7,.308,2.1,10.3,.200,4.1,9.2,.444,5.6,3.1,2.6,0.0,2.6,2.1,14.4,,80.9,103.1
7,4,19,117,6.6,.337,.303,.606,.545,29,3.8,7.3,5.5,9.3,2.6,0.0,10.7,19.8,,-0.1,0.1,0.0,.014,,-3.9,-3.2,-7.1
8,0,31,1083,154,359,.429,141,315,.448,13,44,.295,142,215,.660,50,119,169,137,51,4,97,72,463
8,1,31,34.9,5.0,11.6,.429,4.5,10.2,.448,0.4,1.4,.295,4.6,6.9,.660,5.5,4.4,1.6,0.1,3.1,2.3,14.9
8,2,31,1083,5.7,13.3,.429,5.2,11.6,.448,0.5,1.6,.295,5.2,7.9,.660,6.2,5.1,1.9,0.1,3.6,2.7,17.1
8,3,31,1083,8.5,19.9,.429,7.8,17.4,.448,0.7,2.4,.295,7.9,11.9,.660,9.4,7.6,2.8,0.2,5.4,4.0,25.6,,104.1,99.3
8,4,31,1083,20.0,.502,.447,.123,.599,492,5.2,13.5,9.1,26.5,2.8,0.5,17.4,25.7,,2.1,1.6,3.7,.136,,1.2,-0.1,1.1
9,0,12,92,2,13,.154,2,13,.154,0,0,,4,8,.500,9,6,15,0,6,4,7,12,8
9,1,12,7.7,0.2,1.1,.154,0.2,1.1,.154,0.0,0.0,,0.3,0.7,.500,1.3,0.0,0.5,0.3,0.6,1.0,0.7
9,2,12,92,0.9,5.7,.154,0.9,5.7,.154,0.0,0.0,,1.7,3.5,.500,6.5,0.0,2.6,1.7,3.0,5.2,3.5
9,3,12,92,1.3,8.5,.154,1.3,8.5,.154,0.0,0.0,,2.6,5.2,.500,9.8,0.0,3.9,2.6,4.6,7.8,5.2,,55.7,96.8
9,4,12,92,3.2,.238,.154,.000,.615,11,11.0,8.0,9.5,0.0,3.9,6.0,29.4,12.9,,-0.2,0.2,0.0,-.019,,-8.9,2.0,-6.8
10,0,9,74,3,7,.429,2,4,.500,1,3,.333,3,3,1.000,2,3,5,1,1,0,2,9,10
10,1,9,8.2,0.3,0.8,.429,0.2,0.4,.500,0.1,0.3,.333,0.3,0.3,1.000,0.6,0.1,0.1,0.0,0.2,1.0,1.1
10,2,9,74,1.6,3.8,.429,1.1,2.2,.500,0.5,1.6,.333,1.6,1.6,1.000,2.7,0.5,0.5,0.0,1.1,4.9,5.4
10,3,9,74,2.4,5.7,.429,1.6,3.2,.500,0.8,2.4,.333,2.4,2.4,1.000,4.1,0.8,0.8,0.0,1.6,7.3,8.1,,113.9,107.6
10,4,9,74,4.9,.593,.500,.429,.429,10,3.0,5.0,4.0,2.3,0.8,0.0,19.2,7.0,,0.1,0.0,0.1,.061,,-2.5,-2.5,-5.0
11,0,5,13,0,1,.000,0,1,.000,0,0,,1,2,.500,0,1,1,1,2,0,3,1,1
11,1,5,2.6,0.0,0.2,.000,0.0,0.2,.000,0.0,0.0,,0.2,0.4,.500,0.2,0.2,0.4,0.0,0.6,0.2,0.2
11,2,5,13,0.0,3.1,.000,0.0,3.1,.000,0.0,0.0,,3.1,6.2,.500,3.1,3.1,6.2,0.0,9.2,3.1,3.1
11,3,5,13,0.0,4.6,.000,0.0,4.6,.000,0.0,0.0,,4.6,9.2,.500,4.6,4.6,9.2,0.0,13.8,4.6,4.6,,30.2,86.5
11,4,5,13,-2.1,.256,.000,.000,2.000,1,0.0,9.4,4.5,12.4,9.2,0.0,60.6,19.0,,-0.1,0.0,0.0,-.136,,-13.9,5.4,-8.5
