0,0,25,294,19,56,.339,13,37,.351,6,19,.316,16,25,.640,21,36,57,10,3,3,16,24,60
0,1,25,11.8,0.8,2.2,.339,0.5,1.5,.351,0.2,0.8,.316,0.6,1.0,.640,2.3,0.4,0.1,0.1,0.6,1.0,2.4
0,2,25,294,2.6,7.6,.339,1.8,5.0,.351,0.8,2.6,.316,2.2,3.4,.640,7.8,1.4,0.4,0.4,2.2,3.3,8.2
0,3,25,294,3.9,11.5,.339,2.7,7.6,.351,1.2,3.9,.316,3.3,5.1,.640,11.7,2.1,0.6,0.6,3.3,4.9,12.3,,90.5,110.9
0,4,25,294,8.4,.442,.393,.339,.446,67,8.2,15.2,11.5,7.0,0.6,1.3,19.1,15.0,,0.0,0.1,0.1,.017,,-4.4,-2.6,-6.9
1,0,2,66,6,21,.286,6,15,.400,0,6,.000,7,7,1.000,4,4,8,7,4,0,4,5,19
1,1,2,33.0,3.0,10.5,.286,3.0,7.5,.400,0.0,3.0,.000,3.5,3.5,1.000,4.0,3.5,2.0,0.0,2.0,2.5,9.5
1,2,2,66,3.6,12.7,.286,3.6,9.1,.400,0.0,3.6,.000,4.2,4.2,1.000,4.8,4.2,2.4,0.0,2.4,3.0,11.5
1,3,2,66,5.5,19.2,.286,5.5,13.7,.400,0.0,5.5,.000,6.4,6.4,1.000,7.3,6.4,3.7,0.0,3.7,4.6,17.4,,90.5,107.8
1,4,2,66,13.2,.391,.286,.286,.333,22,6.9,7.5,7.2,23.1,3.7,0.0,14.1,22.6,,0.0,0.0,0.1,.032,,-1.9,-2.0,-3.9
2,0,2,60,9,22,.409,7,14,.500,2,8,.250,11,12,.917,1,8,9,4,2,0,2,2,31
2,1,2,30.0,4.5,11.0,.409,3.5,7.0,.500,1.0,4.0,.250,5.5,6.0,.917,4.5,2.0,1.0,0.0,1.0,1.0,15.5
2,2,2,60,6.0,14.7,.409,4.7,9.3,.500,1.3,5.3,.250,7.3,8.0,.917,6.0,2.7,1.3,0.0,1.3,1.3,20.7
2,3,2,60,9.1,22.2,.409,7.1,14.1,.500,2.0,8.1,.250,11.1,12.1,.917,9.1,4.0,2.0,0.0,2.0,2.0,31.3,,120.8,107.9
2,4,2,60,25.0,.560,.455,.364,.545,29,1.9,16.5,8.9,16.6,2.0,0.0,6.7,26.1,,0.2,0.0,0.3,.177,,3.1,-4.1,-0.9
3,0,31,731,59,163,.362,54,142,.380,5,21,.238,35,47,.745,22,97,119,46,17,5,62,81,158
3,1,31,23.6,1.9,5.3,.362,1.7,4.6,.380,0.2,0.7,.238,1.1,1.5,.745,3.8,1.5,0.5,0.2,2.0,2.6,5.1
3,2,31,731,3.2,8.9,.362,3.0,7.8,.380,0.3,1.1,.238,1.9,2.6,.745,6.5,2.5,0.9,0.3,3.4,4.4,8.6
3,3,31,731,4.9,13.5,.362,4.5,11.8,.380,0.4,1.7,.238,2.9,3.9,.745,9.8,3.8,1.4,0.4,5.1,6.7,13.1,,78.4,108.5
3,4,31,731,6.4,.426,.377,.129,.288,171,3.4,16.5,9.7,13.4,1.4,0.9,25.1,17.8,,-0.7,0.4,-0.3,-.015,,-6.3,-1.1,-7.4
