0,0,3,4,0,0,,0,0,,0,0,,0,0,,0,0,0,1,1,0,0,0,0
0,1,3,1.3,0.0,0.0,,0.0,0.0,,0.0,0.0,,0.0,0.0,,0.0,0.3,0.3,0.0,0.0,0.0,0.0
0,2,3,4,0.0,0.0,,0.0,0.0,,0.0,0.0,,0.0,0.0,,0.0,10.0,10.0,0.0,0.0,0.0,0.0
0,3,3,4,0.0,0.0,,0.0,0.0,,0.0,0.0,,0.0,0.0,,0.0,15.1,15.1,0.0,0.0,0.0,0.0,,220.3,78.5
0,4,3,4,26.4,,,,,1,0.0,0.0,0.0,44.4,15.1,0.0,,0.0,,0.0,0.0,0.0,.229,,-0.5,2.7,2.2
1,0,32,699,87,204,.426,63,122,.516,24,82,.293,37,55,.673,6,40,46,49,14,2,35,55,235
1,1,32,21.8,2.7,6.4,.426,2.0,3.8,.516,0.8,2.6,.293,1.2,1.7,.673,1.4,1.5,0.4,0.1,1.1,1.7,7.3
1,2,32,699,5.0,11.7,.426,3.6,7.0,.516,1.4,4.7,.293,2.1,3.1,.673,2.6,2.8,0.8,0.1,2.0,3.1,13.4
1,3,32,699,7.5,17.7,.426,5.5,10.6,.516,2.1,7.1,.293,3.2,4.8,.673,4.0,4.2,1.2,0.2,3.0,4.8,20.4,,98.0,106.2
1,4,32,699,11.3,.511,.485,.402,.270,217,1.1,7.4,4.2,16.0,1.2,0.4,13.2,20.5,,0.6,0.6,1.1,.066,,0.1,-1.6,-1.5
2,0,1,1,0,0,,0,0,,0,0,,0,0,,0,0,0,0,0,0,0,0,0
2,1,1,1.0,0.0,0.0,,0.0,0.0,,0.0,0.0,,0.0,0.0,,0.0,0.0,0.0,0.0,0.0,0.0,0.0
2,2,1,1,0.0,0.0,,0.0,0.0,,0.0,0.0,,0.0,0.0,,0.0,0.0,0.0,0.0,0.0,0.0,0.0
2,3,1,1,0.0,0.0,,0.0,0.0,,0.0,0.0,,0.0,0.0,,0.0,0.0,0.0,0.0,0.0,0.0,0.0,,,112.1
2,4,1,1,0.0,,,,,0,0.0,0.0,0.0,0.0,0.0,0.0,,0.0,,0.0,0.0,0.0,.011,,-4.3,1.0,-3.2
3,0,31,810,80,208,.385,70,166,.422,10,42,.238,88,130,.677,52,132,184,42,36,14,53,85,258
3,1,31,26.1,2.6,6.7,.385,2.3,5.4,.422,0.3,1.4,.238,2.8,4.2,.677,5.9,1.4,1.2,0.5,1.7,2.7,8.3
3,2,31,810,4.0,10.3,.385,3.5,8.2,.422,0.5,2.1,.238,4.3,6.4,.677,9.1,2.1,1.8,0.7,2.6,4.2,12.7
3,3,31,810,6.0,15.6,.385,5.2,12.4,.422,0.7,3.1,.238,6.6,9.7,.677,13.8,3.1,2.7,1.0,4.0,6.4,19.3,,95.9,97.2
3,4,31,810,14.7,.478,.409,.202,.625,272,8.2,21.0,14.6,11.2,2.7,2.1,16.4,21.6,,0.5,1.4,1.9,.095,,-1.1,3.0,1.9
4,0,32,808,78,183,.426,56,129,.434,22,54,.407,70,94,.745,3,65,68,89,10,2,62,80,248
4,1,32,25.3,2.4,5.7,.426,1.8,4.0,.434,0.7,1.7,.407,2.2,2.9,.745,2.1,2.8,0.3,0.1,1.9,2.5,7.8
4,2,32,808,3.9,9.1,.426,2.8,6.4,.434,1.1,2.7,.407,3.5,4.7,.745,3.4,4.4,0.5,0.1,3.1,4.0,12.3
4,3,32,808,5.8,13.7,.426,4.2,9.7,.434,1.6,4.0,.407,5.2,7.0,.745,5.1,6.7,0.7,0.1,4.6,6.0,18.6,,98.7,106.1
4,4,32,808,10.8,.545,.486,.295,.514,254,0.5,10.4,5.4,23.6,0.7,0.3,21.4,19.4,,0.7,0.7,1.4,.069,,-0.5,-1.2,-1.8
5,0,32,587,66,115,.574,66,115,.574,0,0,,60,83,.723,44,64,108,7,14,8,25,60,192
5,1,32,18.3,2.1,3.6,.574,2.1,3.6,.574,0.0,0.0,,1.9,2.6,.723,3.4,0.2,0.4,0.3,0.8,1.9,6.0
5,2,32,587,4.5,7.8,.574,4.5,7.8,.574,0.0,0.0,,4.1,5.7,.723,7.4,0.5,1.0,0.5,1.7,4.1,13.1
5,3,32,587,6.8,11.9,.574,6.8,11.9,.574,0.0,0.0,,6.2,8.6,.723,11.1,0.7,1.4,0.8,2.6,6.2,19.8,,118.6,102.6
5,4,32,587,16.3,.622,.574,.000,.722,183,9.6,14.0,11.8,2.6,1.4,1.7,13.9,16.5,,1.3,0.7,2.0,.138,,0.6,0.1,0.7
6,0,30,290,38,95,.400,20,46,.435,18,49,.367,21,25,.840,17,48,65,9,1,4,17,51,115
6,1,30,9.7,1.3,3.2,.400,0.7,1.5,.435,0.6,1.6,.367,0.7,0.8,.840,2.2,0.3,0.0,0.1,0.6,1.7,3.8
6,2,30,290,5.2,13.1,.400,2.8,6.3,.435,2.5,6.8,.367,2.9,3.4,.840,9.0,1.2,0.1,0.6,2.3,7.0,15.9
6,3,30,290,7.9,19.8,.400,4.2,9.6,.435,3.8,10.2,.367,4.4,5.2,.840,13.6,1.9,0.2,0.8,3.5,10.6,24.0,,102.1,102.4
6,4,30,290,13.7,.538,.495,.516,.263,106,7.5,21.3,14.4,7.2,0.2,1.7,13.7,23.1,,0.4,0.4,0.7,.102,,0.1,-1.9,-1.8
7,0,31,335,40,88,.455,36,74,.486,4,14,.286,29,56,.518,13,40,53,7,8,1,16,35,113
7,1,31,10.8,1.3,2.8,.455,1.2,2.4,.486,0.1,0.5,.286,0.9,1.8,.518,1.7,0.2,0.3,0.0,0.5,1.1,3.6
7,2,31,335,4.8,10.5,.455,4.3,8.8,.486,0.5,1.7,.286,3.5,6.7,.518,6.3,0.8,1.0,0.1,1.9,4.2,13.5
7,3,31,335,7.2,15.9,.455,6.5,13.4,.486,0.7,2.5,.286,5.2,10.1,.518,9.6,1.3,1.4,0.2,2.9,6.3,20.4,,95.0,102.8
7,4,31,335,11.5,.493,.477,.159,.636,103,5.0,15.4,10.2,4.7,1.4,0.4,12.3,21.1,,0.2,0.4,0.6,.068,,-3.0,-1.4,-4.4
8,0,32,794,55,124,.444,53,116,.457,2,8,.250,50,70,.714,18,62,80,93,21,0,51,66,162
8,1,32,24.8,1.7,3.9,.444,1.7,3.6,.457,0.1,0.3,.250,1.6,2.2,.714,2.5,2.9,0.7,0.0,1.6,2.1,5.1
8,2,32,794,2.8,6.2,.444,2.7,5.8,.457,0.1,0.4,.250,2.5,3.5,.714,4.0,4.7,1.1,0.0,2.6,3.3,8.2
8,3,32,794,4.2,9.5,.444,4.0,8.8,.457,0.2,0.6,.250,3.8,5.3,.714,6.1,7.1,1.6,0.0,3.9,5.0,12.4,,98.7,104.6
8,4,32,794,10.1,.515,.452,.065,.565,196,2.9,10.1,6.5,23.7,1.6,0.0,24.5,14.2,,0.5,0.8,1.3,.067,,-1.2,0.5,-0.7
9,0,16,70,5,9,.556,5,9,.556,0,0,,4,9,.444,6,12,18,0,1,3,7,13,14
9,1,16,4.4,0.3,0.6,.556,0.3,0.6,.556,0.0,0.0,,0.3,0.6,.444,1.1,0.0,0.1,0.2,0.4,0.8,0.9
9,2,16,70,2.9,5.1,.556,2.9,5.1,.556,0.0,0.0,,2.3,5.1,.444,10.3,0.0,0.6,1.7,4.0,7.4,8.0
9,3,16,70,4.3,7.8,.556,4.3,7.8,.556,0.0,0.0,,3.5,7.8,.444,15.6,0.0,0.9,2.6,6.1,11.2,12.1,,79.2,98.9
9,4,16,70,6.7,.527,.556,.000,1.000,15,11.0,22.1,16.5,0.0,0.9,5.3,34.5,15.7,,-0.1,0.1,0.1,.029,,-7.8,-0.5,-8.3
10,0,32,1039,153,368,.416,88,208,.423,65,160,.406,132,151,.874,16,89,105,75,40,7,74,82,503
10,1,32,32.5,4.8,11.5,.416,2.8,6.5,.423,2.0,5.0,.406,4.1,4.7,.874,3.3,2.3,1.3,0.2,2.3,2.6,15.7
10,2,32,1039,5.9,14.2,.416,3.4,8.0,.423,2.5,6.2,.406,5.1,5.8,.874,4.0,2.9,1.5,0.3,2.8,3.2,19.4
10,3,32,1039,8.9,21.4,.416,5.1,12.1,.423,3.8,9.3,.406,7.7,8.8,.874,6.1,4.4,2.3,0.4,4.3,4.8,29.3,,107.2,102.2
10,4,32,1039,19.0,.572,.504,.435,.410,459,2.0,11.0,6.5,17.4,2.3,0.8,14.4,26.7,,2.3,1.3,3.5,.136,,4.2,0.0,4.2
11,0,32,461,36,78,.462,34,75,.453,2,3,.667,17,38,.447,16,63,79,73,21,2,34,56,91
11,1,32,14.4,1.1,2.4,.462,1.1,2.3,.453,0.1,0.1,.667,0.5,1.2,.447,2.5,2.3,0.7,0.1,1.1,1.8,2.8
11,2,32,461,3.1,6.8,.462,3.0,6.5,.453,0.2,0.3,.667,1.5,3.3,.447,6.9,6.3,1.8,0.2,3.0,4.9,7.9
11,3,32,461,4.7,10.2,.462,4.5,9.9,.453,0.3,0.4,.667,2.2,5.0,.447,10.4,9.6,2.8,0.3,4.5,7.4,12.0,,95.1,98.9
11,4,32,461,12.5,.474,.474,.038,.487,124,4.4,17.6,11.0,32.7,2.8,0.5,26.1,15.3,,0.2,0.7,0.9,.081,,-1.3,2.3,1.0
12,0,32,527,85,133,.639,85,133,.639,0,0,,21,35,.600,29,41,70,7,10,16,32,85,191
12,1,32,16.5,2.7,4.2,.639,2.7,4.2,.639,0.0,0.0,,0.7,1.1,.600,2.2,0.2,0.3,0.5,1.0,2.7,6.0
12,2,32,527,6.5,10.1,.639,6.5,10.1,.639,0.0,0.0,,1.6,2.7,.600,5.3,0.5,0.8,1.2,2.4,6.5,14.5
12,3,32,527,9.8,15.3,.639,9.8,15.3,.639,0.0,0.0,,2.4,4.0,.600,8.0,0.8,1.1,1.8,3.7,9.8,21.9,,106.6,103.3
12,4,32,527,14.6,.638,.639,.000,.263,159,7.0,10.0,8.5,3.3,1.1,3.8,17.6,18.6,,0.8,0.6,1.3,.102,,-0.3,0.8,0.6
13,0,2,0,0,1,.000,0,1,.000,0,0,,0,0,,0,0,0,0,0,0,0,0,0
13,1,2,0.0,0.0,0.5,.000,0.0,0.5,.000,0.0,0.0,,0.0,0.0,,0.0,0.0,0.0,0.0,0.0,0.0,0.0
13,2,2,0,,,.000,,,.000,,,,,,,,,,,,,
13,3,2,0,,,.000,,,.000,,,,,,,,,,,,,,,,
13,4,2,0,,.000,.000,.000,.000,,,,,,,,0.0,,,0.0,0.0,0.0,,,-4.3,1.0,-3.3
