0,0,29,219,26,79,.329,19,45,.422,7,34,.206,15,26,.577,7,23,30,15,8,0,23,33,74
0,1,29,7.6,0.9,2.7,.329,0.7,1.6,.422,0.2,1.2,.206,0.5,0.9,.577,1.0,0.5,0.3,0.0,0.8,1.1,2.6
0,2,29,219,4.7,14.4,.329,3.5,8.2,.422,1.3,6.2,.206,2.7,4.7,.577,5.5,2.7,1.5,0.0,4.2,6.0,13.5
0,3,29,219,7.1,21.5,.329,5.2,12.3,.422,1.9,9.3,.206,4.1,7.1,.577,8.2,4.1,2.2,0.0,6.3,9.0,20.2,,78.3,114.3
0,4,29,219,5.6,.405,.373,.430,.329,75,3.6,12.4,7.9,14.4,2.2,0.0,20.1,26.9,,-0.4,0.1,-0.3,-.053,,-6.9,-5.0,-11.9
1,0,29,640,83,132,.629,83,131,.634,0,1,.000,67,98,.684,57,71,128,9,10,44,34,91,233
1,1,29,22.1,2.9,4.6,.629,2.9,4.5,.634,0.0,0.0,.000,2.3,3.4,.684,4.4,0.3,0.3,1.5,1.2,3.1,8.0
1,2,29,640,5.2,8.3,.629,5.2,8.2,.634,0.0,0.1,.000,4.2,6.1,.684,8.0,0.6,0.6,2.8,2.1,5.7,14.6
1,3,29,640,7.7,12.3,.629,7.7,12.2,.634,0.0,0.1,.000,6.2,9.1,.684,11.9,0.8,0.9,4.1,3.2,8.5,21.7,,122.5,113.8
1,4,29,640,19.6,.652,.629,.008,.742,224,10.2,13.1,11.6,3.0,0.9,7.6,16.0,17.1,,1.6,0.3,1.9,.116,,-0.9,-0.6,-1.5
2,0,27,357,50,90,.556,50,90,.556,0,0,,17,32,.531,38,50,88,6,2,12,22,68,117
2,1,27,13.2,1.9,3.3,.556,1.9,3.3,.556,0.0,0.0,,0.6,1.2,.531,3.3,0.2,0.1,0.4,0.8,2.5,4.3
2,2,27,357,5.6,10.1,.556,5.6,10.1,.556,0.0,0.0,,1.9,3.6,.531,9.9,0.7,0.2,1.3,2.5,7.6,13.1
2,3,27,357,8.4,15.0,.556,8.4,15.0,.556,0.0,0.0,,2.8,5.4,.531,14.7,1.0,0.3,2.0,3.7,11.4,19.6,,106.0,114.7
2,4,27,357,14.0,.556,.556,.000,.356,117,12.2,16.5,14.3,3.7,0.3,3.7,17.3,18.4,,0.4,0.1,0.6,.063,,-3.8,-3.7,-7.5
3,0,31,955,97,259,.375,23,72,.319,74,187,.396,33,36,.917,7,79,86,38,38,3,36,67,301
3,1,31,30.8,3.1,8.4,.375,0.7,2.3,.319,2.4,6.0,.396,1.1,1.2,.917,2.8,1.2,1.2,0.1,1.2,2.2,9.7
3,2,31,955,4.1,10.8,.375,1.0,3.0,.319,3.1,7.8,.396,1.4,1.5,.917,3.6,1.6,1.6,0.1,1.5,2.8,12.6
3,3,31,955,6.1,16.2,.375,1.4,4.5,.319,4.6,11.7,.396,2.1,2.3,.917,5.4,2.4,2.4,0.2,2.3,4.2,18.8,,108.5,115.5
3,4,31,955,12.1,.545,.517,.722,.139,268,0.8,9.7,5.2,8.1,2.4,0.3,11.5,16.8,,1.1,0.3,1.4,.059,,0.3,-3.3,-3.0
4,0,30,223,27,74,.365,13,35,.371,14,39,.359,13,14,.929,2,22,24,5,3,0,9,20,81
4,1,30,7.4,0.9,2.5,.365,0.4,1.2,.371,0.5,1.3,.359,0.4,0.5,.929,0.8,0.2,0.1,0.0,0.3,0.7,2.7
4,2,30,223,4.8,13.3,.365,2.3,6.3,.371,2.5,7.0,.359,2.3,2.5,.929,4.3,0.9,0.5,0.0,1.6,3.6,14.5
4,3,30,223,7.2,19.8,.365,3.5,9.4,.371,3.7,10.4,.359,3.5,3.7,.929,6.4,1.3,0.8,0.0,2.4,5.4,21.7,,101.3,118.1
4,4,30,223,10.2,.502,.459,.527,.189,70,1.0,11.6,6.2,4.7,0.8,0.0,10.0,20.7,,0.2,0.0,0.2,.034,,-3.5,-6.9,-10.4
5,0,31,940,83,230,.361,30,72,.417,53,158,.335,47,62,.758,30,79,109,24,26,1,35,63,266
5,1,31,30.3,2.7,7.4,.361,1.0,2.3,.417,1.7,5.1,.335,1.5,2.0,.758,3.5,0.8,0.8,0.0,1.1,2.0,8.6
5,2,31,940,3.5,9.8,.361,1.3,3.1,.417,2.3,6.7,.335,2.0,2.6,.758,4.6,1.0,1.1,0.0,1.5,2.7,11.3
5,3,31,940,5.3,14.6,.361,1.9,4.6,.417,3.4,10.0,.335,3.0,3.9,.758,6.9,1.5,1.7,0.1,2.2,4.0,16.9,,104.8,117.1
5,4,31,940,10.4,.513,.476,.687,.270,249,3.6,9.9,6.7,5.1,1.7,0.1,11.9,16.1,,0.9,0.1,1.0,.041,,-0.8,-3.9,-4.6
6,0,20,76,3,12,.250,3,12,.250,0,0,,1,2,.500,9,11,20,0,0,2,5,15,7
6,1,20,3.8,0.2,0.6,.250,0.2,0.6,.250,0.0,0.0,,0.1,0.1,.500,1.0,0.0,0.0,0.1,0.3,0.8,0.4
6,2,20,76,1.6,6.3,.250,1.6,6.3,.250,0.0,0.0,,0.5,1.1,.500,10.5,0.0,0.0,1.1,2.6,7.9,3.7
6,3,20,76,2.4,9.4,.250,2.4,9.4,.250,0.0,0.0,,0.8,1.6,.500,15.7,0.0,0.0,1.6,3.9,11.8,5.5,,66.5,115.5
6,4,20,76,0.8,.270,.250,.000,.167,11,13.5,17.0,15.3,0.0,0.0,2.9,27.9,12.2,,-0.1,0.0,-0.1,-.053,,-11.1,-5.8,-16.9
7,0,30,471,30,102,.294,19,61,.311,11,41,.268,41,63,.651,8,36,44,29,18,1,45,50,112
7,1,30,15.7,1.0,3.4,.294,0.6,2.0,.311,0.4,1.4,.268,1.4,2.1,.651,1.5,1.0,0.6,0.0,1.5,1.7,3.7
7,2,30,471,2.5,8.7,.294,1.6,5.2,.311,0.9,3.5,.268,3.5,5.4,.651,3.7,2.5,1.5,0.1,3.8,4.2,9.5
7,3,30,471,3.8,12.9,.294,2.4,7.7,.311,1.4,5.2,.268,5.2,8.0,.651,5.6,3.7,2.3,0.1,5.7,6.3,14.2,,77.5,115.9
7,4,30,471,4.4,.424,.348,.402,.618,117,1.9,9.0,5.4,11.6,2.3,0.2,25.4,19.4,,-0.6,0.1,-0.5,-.044,,-6.8,-3.6,-10.4
8,0,30,305,16,37,.432,16,37,.432,0,0,,3,7,.429,20,48,68,5,5,14,15,50,35
8,1,30,10.2,0.5,1.2,.432,0.5,1.2,.432,0.0,0.0,,0.1,0.2,.429,2.3,0.2,0.2,0.5,0.5,1.7,1.2
8,2,30,305,2.1,4.9,.432,2.1,4.9,.432,0.0,0.0,,0.4,0.9,.429,8.9,0.7,0.7,1.8,2.0,6.6,4.6
8,3,30,305,3.1,7.2,.432,3.1,7.2,.432,0.0,0.0,,0.6,1.4,.429,13.3,1.0,1.0,2.7,2.9,9.8,6.8,,83.5,111.9
8,4,30,305,6.2,.434,.432,.000,.189,43,7.5,18.5,12.9,3.0,1.0,5.1,27.1,9.4,,-0.1,0.2,0.1,.008,,-7.1,-0.2,-7.3
9,0,15,140,22,40,.550,20,34,.588,2,6,.333,5,12,.417,7,15,22,2,6,2,6,15,51
9,1,15,9.3,1.5,2.7,.550,1.3,2.3,.588,0.1,0.4,.333,0.3,0.8,.417,1.5,0.1,0.4,0.1,0.4,1.0,3.4
9,2,15,140,6.3,11.4,.550,5.7,9.7,.588,0.6,1.7,.333,1.4,3.4,.417,6.3,0.6,1.7,0.6,1.7,4.3,14.6
9,3,15,140,9.4,17.1,.550,8.5,14.5,.588,0.9,2.6,.333,2.1,5.1,.417,9.4,0.9,2.6,0.9,2.6,6.4,21.7,,106.8,112.9
9,4,15,140,15.9,.558,.575,.150,.300,45,5.7,12.6,9.1,3.3,2.6,1.6,11.6,19.0,,0.2,0.1,0.2,.070,,-2.8,-3.6,-6.5
10,0,31,1041,202,486,.416,171,397,.431,31,89,.348,158,210,.752,32,85,117,181,67,0,78,84,593
10,1,31,33.6,6.5,15.7,.416,5.5,12.8,.431,1.0,2.9,.348,5.1,6.8,.752,3.8,5.8,2.2,0.0,2.5,2.7,19.1
10,2,31,1041,7.8,18.7,.416,6.6,15.3,.431,1.2,3.4,.348,6.1,8.1,.752,4.5,7.0,2.6,0.0,3.0,3.2,22.8
10,3,31,1041,11.6,27.9,.416,9.8,22.8,.431,1.8,5.1,.348,9.1,12.0,.752,6.7,10.4,3.8,0.0,4.5,4.8,34.0,,111.2,112.3
10,4,31,1041,25.1,.506,.448,.183,.432,636,3.5,9.6,6.5,43.5,3.8,0.0,11.8,32.9,,3.1,0.6,3.7,.141,,4.8,-2.5,2.3
11,0,31,883,103,225,.458,69,144,.479,34,81,.420,47,59,.797,61,90,151,25,26,43,44,102,287
11,1,31,28.5,3.3,7.3,.458,2.2,4.6,.479,1.1,2.6,.420,1.5,1.9,.797,4.9,0.8,0.8,1.4,1.4,3.3,9.3
11,2,31,883,4.7,10.2,.458,3.1,6.5,.479,1.5,3.7,.420,2.1,2.7,.797,6.8,1.1,1.2,1.9,2.0,4.6,13.0
11,3,31,883,7.0,15.2,.458,4.7,9.7,.479,2.3,5.5,.420,3.2,4.0,.797,10.2,1.7,1.8,2.9,3.0,6.9,19.4,,111.6,113.5
11,4,31,883,15.9,.567,.533,.360,.262,281,7.9,12.0,9.9,5.9,1.8,5.4,14.8,17.3,,1.4,0.4,1.8,.081,,-0.4,-0.4,-0.8
