0,0,29,846,121,312,.388,85,210,.405,36,102,.353,53,77,.688,30,72,102,86,51,5,75,82,331
0,1,29,29.2,4.2,10.8,.388,2.9,7.2,.405,1.2,3.5,.353,1.8,2.7,.688,3.5,3.0,1.8,0.2,2.6,2.8,11.4
0,2,29,846,5.7,14.8,.388,4.0,9.9,.405,1.7,4.8,.353,2.5,3.6,.688,4.8,4.1,2.4,0.2,3.5,3.9,15.7
0,3,29,846,8.4,21.8,.388,5.9,14.7,.405,2.5,7.1,.353,3.7,5.4,.688,7.1,6.0,3.6,0.3,5.2,5.7,23.1,,93.5,107.0
0,4,29,846,14.8,.475,.446,.327,.247,341,3.9,10.6,7.0,23.3,3.6,0.7,17.7,25.6,,0.4,0.7,1.1,.051,,-1.5,-1.7,-3.2
1,0,28,543,72,146,.493,72,146,.493,0,0,,32,56,.571,55,84,139,19,15,30,38,90,176
1,1,28,19.4,2.6,5.2,.493,2.6,5.2,.493,0.0,0.0,,1.1,2.0,.571,5.0,0.7,0.5,1.1,1.4,3.2,6.3
1,2,28,543,5.3,10.8,.493,5.3,10.8,.493,0.0,0.0,,2.4,4.1,.571,10.2,1.4,1.1,2.2,2.8,6.6,13.0
1,3,28,543,7.8,15.9,.493,7.8,15.9,.493,0.0,0.0,,3.5,6.1,.571,15.1,2.1,1.6,3.3,4.1,9.8,19.1,,98.9,104.8
1,4,28,543,16.0,.510,.493,.000,.384,184,11.1,19.2,14.9,7.8,1.6,6.5,18.0,19.9,,0.5,0.6,1.0,.077,,-4.2,0.8,-3.4
2,0,20,327,33,116,.284,19,67,.284,14,49,.286,25,35,.714,10,18,28,23,8,1,41,35,105
2,1,20,16.4,1.7,5.8,.284,1.0,3.4,.284,0.7,2.5,.286,1.3,1.8,.714,1.4,1.2,0.4,0.1,2.1,1.8,5.3
2,2,20,327,4.0,14.2,.284,2.3,8.2,.284,1.7,6.0,.286,3.1,4.3,.714,3.4,2.8,1.0,0.1,5.0,4.3,12.8
2,3,20,327,6.0,21.0,.284,3.4,12.1,.284,2.5,8.9,.286,4.5,6.3,.714,5.1,4.2,1.4,0.2,7.4,6.3,19.0,,73.1,113.4
2,4,20,327,3.1,.396,.345,.422,.302,108,3.4,6.8,5.0,14.7,1.4,0.4,23.6,27.2,,-0.7,0.1,-0.6,-.079,,-8.1,-5.3,-13.4
3,0,29,933,125,325,.385,49,120,.408,76,205,.371,69,79,.873,7,50,57,55,42,2,63,59,395
3,1,29,32.2,4.3,11.2,.385,1.7,4.1,.408,2.6,7.1,.371,2.4,2.7,.873,2.0,1.9,1.4,0.1,2.2,2.0,13.6
3,2,29,933,5.4,13.9,.385,2.1,5.1,.408,3.3,8.8,.371,3.0,3.4,.873,2.4,2.4,1.8,0.1,2.7,2.5,16.9
3,3,29,933,7.9,20.6,.385,3.1,7.6,.408,4.8,13.0,.371,4.4,5.0,.873,3.6,3.5,2.7,0.1,4.0,3.7,25.0,,103.2,111.1
3,4,29,933,15.0,.545,.502,.631,.243,358,0.8,6.7,3.6,13.2,2.7,0.3,14.8,23.4,,1.3,0.4,1.7,.074,,1.0,-3.9,-3.0
4,0,23,150,13,45,.289,10,25,.400,3,20,.150,9,15,.600,7,8,15,3,5,0,9,16,38
4,1,23,6.5,0.6,2.0,.289,0.4,1.1,.400,0.1,0.9,.150,0.4,0.7,.600,0.7,0.1,0.2,0.0,0.4,0.7,1.7
4,2,23,150,3.5,12.0,.289,2.7,6.7,.400,0.8,5.3,.150,2.4,4.0,.600,4.0,0.8,1.3,0.0,2.4,4.3,10.1
4,3,23,150,5.1,17.7,.289,3.9,9.8,.400,1.2,7.9,.150,3.5,5.9,.600,5.9,1.2,2.0,0.0,3.5,6.3,15.0,,75.4,112.5
4,4,23,150,3.9,.365,.322,.444,.333,38,5.1,6.6,5.8,4.1,2.0,0.0,14.7,20.9,,-0.2,0.0,-0.2,-.044,,-7.2,-5.2,-12.4
5,0,29,856,82,195,.421,41,75,.547,41,120,.342,56,67,.836,37,80,117,31,27,2,32,83,261
5,1,29,29.5,2.8,6.7,.421,1.4,2.6,.547,1.4,4.1,.342,1.9,2.3,.836,4.0,1.1,0.9,0.1,1.1,2.9,9.0
5,2,29,856,3.8,9.1,.421,1.9,3.5,.547,1.9,5.6,.342,2.6,3.1,.836,5.5,1.4,1.3,0.1,1.5,3.9,12.2
5,3,29,856,5.7,13.5,.421,2.8,5.2,.547,2.8,8.3,.342,3.9,4.6,.836,8.1,2.1,1.9,0.1,2.2,5.7,18.0,,115.4,110.4
5,4,29,856,13.8,.575,.526,.615,.344,250,4.8,11.6,8.0,7.5,1.9,0.3,12.4,15.5,,1.6,0.4,2.0,.094,,0.8,-2.7,-1.9
6,0,24,127,11,20,.550,11,20,.550,0,0,,3,11,.273,13,19,32,2,3,7,6,29,25
6,1,24,5.3,0.5,0.8,.550,0.5,0.8,.550,0.0,0.0,,0.1,0.5,.273,1.3,0.1,0.1,0.3,0.3,1.2,1.0
6,2,24,127,3.5,6.3,.550,3.5,6.3,.550,0.0,0.0,,0.9,3.5,.273,10.1,0.6,0.9,2.2,1.9,9.1,7.9
6,3,24,127,5.1,9.3,.550,5.1,9.3,.550,0.0,0.0,,1.4,5.1,.273,14.9,0.9,1.4,3.3,2.8,13.5,11.6,,97.5,105.2
6,4,24,127,10.9,.496,.550,.000,.550,28,11.3,18.6,14.7,3.2,1.4,6.5,19.2,12.6,,0.1,0.1,0.2,.059,,-5.6,0.2,-5.4
7,0,28,433,24,80,.300,15,54,.278,9,26,.346,54,67,.806,4,21,25,53,29,0,46,43,111
7,1,28,15.5,0.9,2.9,.300,0.5,1.9,.278,0.3,0.9,.346,1.9,2.4,.806,0.9,1.9,1.0,0.0,1.6,1.5,4.0
7,2,28,433,2.2,7.4,.300,1.4,5.0,.278,0.8,2.4,.346,5.0,6.2,.806,2.3,4.9,2.7,0.0,4.2,4.0,10.3
7,3,28,433,3.3,10.9,.300,2.0,7.4,.278,1.2,3.5,.346,7.4,9.1,.806,3.4,7.2,4.0,0.0,6.3,5.9,15.1,,89.1,108.4
7,4,28,433,10.0,.496,.356,.325,.838,127,1.0,6.0,3.4,23.4,4.0,0.0,29.1,18.7,,0.0,0.3,0.3,.024,,-4.7,-3.0,-7.7
8,0,29,527,67,162,.414,53,104,.510,14,58,.241,44,63,.698,22,61,83,14,21,9,13,85,192
8,1,29,18.2,2.3,5.6,.414,1.8,3.6,.510,0.5,2.0,.241,1.5,2.2,.698,2.9,0.5,0.7,0.3,0.4,2.9,6.6
8,2,29,527,5.1,12.3,.414,4.0,7.9,.510,1.1,4.4,.241,3.3,4.8,.698,6.3,1.1,1.6,0.7,1.0,6.5,14.6
8,3,29,527,7.5,18.2,.414,5.9,11.7,.510,1.6,6.5,.241,4.9,7.1,.698,9.3,1.6,2.4,1.0,1.5,9.5,21.5,,108.1,107.0
8,4,29,527,15.0,.500,.457,.358,.389,178,4.6,14.4,9.2,5.9,2.4,2.0,6.3,19.9,,0.9,0.4,1.3,.098,,-1.6,-2.7,-4.3
9,0,20,63,5,12,.417,2,5,.400,3,7,.429,0,1,.000,0,0,0,4,2,0,3,1,13
9,1,20,3.2,0.3,0.6,.417,0.1,0.3,.400,0.2,0.4,.429,0.0,0.1,.000,0.0,0.2,0.1,0.0,0.2,0.1,0.7
9,2,20,63,3.2,7.6,.417,1.3,3.2,.400,1.9,4.4,.429,0.0,0.6,.000,0.0,2.5,1.3,0.0,1.9,0.6,8.3
9,3,20,63,4.7,11.3,.417,1.9,4.7,.400,2.8,6.6,.429,0.0,0.9,.000,0.0,3.8,1.9,0.0,2.8,0.9,12.2,,94.8,116.3
9,4,20,63,7.4,.521,.542,.583,.083,13,0.0,0.0,0.0,12.7,1.9,0.0,19.4,12.6,,0.0,0.0,0.0,.009,,-5.0,-7.2,-12.2
10,0,29,548,40,78,.513,40,78,.513,0,0,,10,31,.323,36,60,96,5,11,34,12,90,90
10,1,29,18.9,1.4,2.7,.513,1.4,2.7,.513,0.0,0.0,,0.3,1.1,.323,3.3,0.2,0.4,1.2,0.4,3.1,3.1
10,2,29,548,2.9,5.7,.513,2.9,5.7,.513,0.0,0.0,,0.7,2.3,.323,7.0,0.4,0.8,2.5,0.9,6.6,6.6
10,3,29,548,4.3,8.4,.513,4.3,8.4,.513,0.0,0.0,,1.1,3.3,.323,10.3,0.5,1.2,3.7,1.3,9.7,9.7,,102.8,108.1
10,4,29,548,9.9,.485,.513,.000,.397,95,7.2,13.6,10.2,1.8,1.2,7.3,11.5,9.8,,0.3,0.4,0.7,.054,,-5.0,1.2,-3.8
11,0,24,524,88,167,.527,76,126,.603,12,41,.293,31,55,.564,30,50,80,30,38,4,25,35,219
11,1,24,21.8,3.7,7.0,.527,3.2,5.3,.603,0.5,1.7,.293,1.3,2.3,.564,3.3,1.3,1.6,0.2,1.0,1.5,9.1
11,2,24,524,6.7,12.7,.527,5.8,9.6,.603,0.9,3.1,.293,2.4,4.2,.564,6.1,2.3,2.9,0.3,1.9,2.7,16.7
11,3,24,524,9.9,18.8,.527,8.6,14.2,.603,1.4,4.6,.293,3.5,6.2,.564,9.0,3.4,4.3,0.5,2.8,3.9,24.7,,112.8,104.9
11,4,24,524,22.1,.567,.563,.246,.329,207,6.3,11.9,8.9,13.9,4.3,0.9,11.5,21.3,,1.2,0.5,1.7,.133,,1.7,-0.8,0.9
