0,0,32,943,149,342,.436,109,219,.498,40,123,.325,109,147,.741,53,106,159,39,28,24,60,91,447
0,1,32,29.5,4.7,10.7,.436,3.4,6.8,.498,1.3,3.8,.325,3.4,4.6,.741,5.0,1.2,0.9,0.8,1.9,2.8,14.0
0,2,32,943,6.3,14.5,.436,4.6,9.3,.498,1.7,5.2,.325,4.6,6.2,.741,6.7,1.7,1.2,1.0,2.5,3.9,19.0
0,3,32,943,9.4,21.7,.436,6.9,13.9,.498,2.5,7.8,.325,6.9,9.3,.741,10.1,2.5,1.8,1.5,3.8,5.8,28.3,,107.8,104.5
0,4,32,943,18.7,.543,.494,.360,.430,412,6.2,13.2,9.6,10.8,1.8,2.7,12.7,25.6,,1.7,1.2,2.9,.124,,1.6,0.3,1.8
1,0,21,310,25,80,.313,7,32,.219,18,48,.375,20,33,.606,6,27,33,14,7,0,28,40,88
1,1,21,14.8,1.2,3.8,.313,0.3,1.5,.219,0.9,2.3,.375,1.0,1.6,.606,1.6,0.7,0.3,0.0,1.3,1.9,4.2
1,2,21,310,3.2,10.3,.313,0.9,4.1,.219,2.3,6.2,.375,2.6,4.3,.606,4.3,1.8,0.9,0.0,3.6,5.2,11.4
1,3,21,310,4.8,15.4,.313,1.3,6.2,.219,3.5,9.3,.375,3.9,6.4,.606,6.4,2.7,1.3,0.0,5.4,7.7,17.0,,81.8,107.9
1,4,21,310,4.4,.460,.425,.600,.413,83,2.1,10.2,6.0,9.8,1.3,0.0,22.6,20.4,,-0.3,0.3,0.0,.001,,-4.9,-1.9,-6.8
2,0,18,228,15,52,.288,9,30,.300,6,22,.273,10,13,.769,3,18,21,17,5,1,14,18,46
2,1,18,12.7,0.8,2.9,.288,0.5,1.7,.300,0.3,1.2,.273,0.6,0.7,.769,1.2,0.9,0.3,0.1,0.8,1.0,2.6
2,2,18,228,2.6,9.1,.288,1.6,5.3,.300,1.1,3.9,.273,1.8,2.3,.769,3.7,3.0,0.9,0.2,2.5,3.2,8.1
2,3,18,228,3.9,13.6,.288,2.4,7.9,.300,1.6,5.8,.273,2.6,3.4,.769,5.5,4.5,1.3,0.3,3.7,4.7,12.1,,81.4,108.4
2,4,18,228,4.7,.395,.346,.423,.250,49,1.4,9.2,5.2,15.6,1.3,0.5,19.4,16.2,,-0.2,0.2,0.0,.005,,-5.7,-1.2,-6.9
3,0,28,285,32,66,.485,32,66,.485,0,0,,6,17,.353,25,51,76,5,5,36,13,61,70
3,1,28,10.2,1.1,2.4,.485,1.1,2.4,.485,0.0,0.0,,0.2,0.6,.353,2.7,0.2,0.2,1.3,0.5,2.2,2.5
3,2,28,285,4.5,9.3,.485,4.5,9.3,.485,0.0,0.0,,0.8,2.4,.353,10.7,0.7,0.7,5.1,1.8,8.6,9.8
3,3,28,285,6.7,13.8,.485,6.7,13.8,.485,0.0,0.0,,1.3,3.6,.353,15.9,1.0,1.0,7.5,2.7,12.8,14.7,,94.7,96.5
3,4,28,285,14.4,.472,.485,.000,.258,70,9.6,20.9,15.1,4.1,1.0,13.5,14.9,15.6,,0.1,0.6,0.6,.089,,-6.0,6.6,0.6
4,0,32,1042,143,353,.405,70,154,.455,73,199,.367,86,112,.768,28,136,164,50,20,14,91,92,445
4,1,32,32.6,4.5,11.0,.405,2.2,4.8,.455,2.3,6.2,.367,2.7,3.5,.768,5.1,1.6,0.6,0.4,2.8,2.9,13.9
4,2,32,1042,5.5,13.6,.405,2.7,5.9,.455,2.8,7.6,.367,3.3,4.3,.768,6.3,1.9,0.8,0.5,3.5,3.5,17.1
4,3,32,1042,8.2,20.2,.405,4.0,8.8,.455,4.2,11.4,.367,4.9,6.4,.768,9.4,2.9,1.1,0.8,5.2,5.3,25.5,,99.3,105.8
4,4,32,1042,13.7,.548,.508,.564,.317,401,3.0,15.3,8.9,11.8,1.1,1.4,18.3,24.4,,0.8,1.2,2.0,.078,,0.2,-0.6,-0.4
5,0,21,420,24,85,.282,9,32,.281,15,53,.283,24,29,.828,7,25,32,29,5,0,32,33,87
5,1,21,20.0,1.1,4.0,.282,0.4,1.5,.281,0.7,2.5,.283,1.1,1.4,.828,1.5,1.4,0.2,0.0,1.5,1.6,4.1
5,2,21,420,2.3,8.1,.282,0.9,3.0,.281,1.4,5.0,.283,2.3,2.8,.828,3.0,2.8,0.5,0.0,3.0,3.1,8.3
5,3,21,420,3.4,12.1,.282,1.3,4.6,.281,2.1,7.5,.283,3.4,4.1,.828,4.6,4.1,0.7,0.0,4.6,4.7,12.4,,82.7,110.9
5,4,21,420,3.7,.440,.371,.624,.341,92,1.8,7.0,4.3,14.2,0.7,0.0,24.5,15.9,,-0.3,0.3,0.0,.000,,-4.7,-2.0,-6.7
6,0,22,315,34,98,.347,23,64,.359,11,34,.324,12,18,.667,4,31,35,25,6,0,34,28,91
6,1,22,14.3,1.5,4.5,.347,1.0,2.9,.359,0.5,1.5,.324,0.5,0.8,.667,1.6,1.1,0.3,0.0,1.5,1.3,4.1
6,2,22,315,4.3,12.4,.347,2.9,8.1,.359,1.4,4.3,.324,1.5,2.3,.667,4.4,3.2,0.8,0.0,4.3,3.6,11.6
6,3,22,315,6.5,18.6,.347,4.4,12.1,.359,2.1,6.5,.324,2.3,3.4,.667,6.6,4.7,1.1,0.0,6.5,5.3,17.3,,76.7,108.0
6,4,22,315,4.4,.427,.403,.347,.184,91,1.4,11.5,6.3,18.3,1.1,0.0,24.2,22.8,,-0.5,0.3,-0.2,-.027,,-6.7,-1.9,-8.7
7,0,32,660,72,183,.393,72,182,.396,0,1,.000,35,54,.648,51,93,144,24,14,30,39,113,179
7,1,32,20.6,2.3,5.7,.393,2.3,5.7,.396,0.0,0.0,.000,1.1,1.7,.648,4.5,0.8,0.4,0.9,1.2,3.5,5.6
7,2,32,660,4.4,11.1,.393,4.4,11.0,.396,0.0,0.1,.000,2.1,3.3,.648,8.7,1.5,0.8,1.8,2.4,6.8,10.8
7,3,32,660,6.5,16.6,.393,6.5,16.5,.396,0.0,0.1,.000,3.2,4.9,.648,13.0,2.2,1.3,2.7,3.5,10.2,16.2,,89.1,102.7
7,4,32,660,10.1,.429,.393,.005,.295,186,8.5,16.5,12.4,8.4,1.3,4.9,15.7,19.2,,-0.2,1.0,0.8,.047,,-5.6,2.5,-3.1
8,0,15,265,23,62,.371,1,5,.200,22,57,.386,18,26,.692,7,18,25,14,8,0,7,32,86
8,1,15,17.7,1.5,4.1,.371,0.1,0.3,.200,1.5,3.8,.386,1.2,1.7,.692,1.7,0.9,0.5,0.0,0.5,2.1,5.7
8,2,15,265,3.5,9.4,.371,0.2,0.8,.200,3.3,8.6,.386,2.7,3.9,.692,3.8,2.1,1.2,0.0,1.1,4.8,13.0
8,3,15,265,5.2,14.0,.371,0.2,1.1,.200,5.0,12.9,.386,4.1,5.9,.692,5.6,3.2,1.8,0.0,1.6,7.2,19.4,,122.4,107.8
8,4,15,265,13.1,.578,.548,.919,.419,80,2.9,8.0,5.3,11.6,1.8,0.0,8.6,15.7,,0.6,0.3,0.8,.124,,2.7,-1.8,0.9
9,0,1,1,0,0,,0,0,,0,0,,0,0,,0,1,1,0,0,0,0,0,0
9,1,1,1.0,0.0,0.0,,0.0,0.0,,0.0,0.0,,0.0,0.0,,1.0,0.0,0.0,0.0,0.0,0.0,0.0
9,2,1,1,0.0,0.0,,0.0,0.0,,0.0,0.0,,0.0,0.0,,40.0,0.0,0.0,0.0,0.0,0.0,0.0
9,3,1,1,0.0,0.0,,0.0,0.0,,0.0,0.0,,0.0,0.0,,59.8,0.0,0.0,0.0,0.0,0.0,0.0,,,68.9
9,4,1,1,18.3,,,,,0,0.0,100.0,56.7,0.0,0.0,0.0,,0.0,,0.0,0.0,0.0,.183,,-17.6,-3.9,-21.6
10,0,30,936,88,203,.433,74,150,.493,14,53,.264,49,93,.527,29,73,102,112,25,0,94,99,239
10,1,30,31.2,2.9,6.8,.433,2.5,5.0,.493,0.5,1.8,.264,1.6,3.1,.527,3.4,3.7,0.8,0.0,3.1,3.3,8.0
10,2,30,936,3.8,8.7,.433,3.2,6.4,.493,0.6,2.3,.264,2.1,4.0,.527,4.4,4.8,1.1,0.0,4.0,4.2,10.2
10,3,30,936,5.6,13.0,.433,4.7,9.6,.493,0.9,3.4,.264,3.1,5.9,.527,6.5,7.2,1.6,0.0,6.0,6.3,15.3,,87.9,107.9
10,4,30,936,8.1,.483,.468,.261,.458,272,3.4,9.1,6.2,26.7,1.6,0.0,27.6,18.7,,-0.4,0.9,0.5,.023,,-3.2,-0.6,-3.8
11,0,32,757,70,155,.452,70,155,.452,0,0,,40,57,.702,75,137,212,26,15,10,36,107,180
11,1,32,23.7,2.2,4.8,.452,2.2,4.8,.452,0.0,0.0,,1.3,1.8,.702,6.6,0.8,0.5,0.3,1.1,3.3,5.6
11,2,32,757,3.7,8.2,.452,3.7,8.2,.452,0.0,0.0,,2.1,3.0,.702,11.2,1.4,0.8,0.5,1.9,5.7,9.5
11,3,32,757,5.5,12.2,.452,5.5,12.2,.452,0.0,0.0,,3.2,4.5,.702,16.7,2.1,1.2,0.8,2.8,8.4,14.2,,102.9,103.0
11,4,32,757,12.4,.494,.452,.000,.368,198,10.9,21.2,15.9,7.6,1.2,1.4,16.5,14.7,,0.6,1.1,1.7,.088,,-3.1,1.3,-1.8
12,0,27,264,22,74,.297,1,4,.250,21,70,.300,7,8,.875,8,20,28,5,3,2,11,20,72
12,1,27,9.8,0.8,2.7,.297,0.0,0.1,.250,0.8,2.6,.300,0.3,0.3,.875,1.0,0.2,0.1,0.1,0.4,0.7,2.7
12,2,27,264,3.3,11.2,.297,0.2,0.6,.250,3.2,10.6,.300,1.1,1.2,.875,4.2,0.8,0.5,0.3,1.7,3.0,10.9
12,3,27,264,5.0,16.8,.297,0.2,0.9,.250,4.8,15.8,.300,1.6,1.8,.875,6.3,1.1,0.7,0.5,2.5,4.5,16.3,,93.3,109.7
12,4,27,264,6.7,.463,.439,.946,.108,65,3.3,8.9,6.0,4.1,0.7,0.8,12.4,17.2,,0.0,0.2,0.2,.036,,-2.3,-2.8,-5.1
