0,0,5,32,2,13,.154,2,6,.333,0,7,.000,3,8,.375,0,1,1,0,1,0,3,4,7
0,1,5,6.4,0.4,2.6,.154,0.4,1.2,.333,0.0,1.4,.000,0.6,1.6,.375,0.2,0.0,0.2,0.0,0.6,0.8,1.4
0,2,5,32,2.5,16.3,.154,2.5,7.5,.333,0.0,8.8,.000,3.8,10.0,.375,1.3,0.0,1.3,0.0,3.8,5.0,8.8
0,3,5,32,4.0,26.2,.154,4.0,12.1,.333,0.0,14.1,.000,6.0,16.1,.375,2.0,0.0,2.0,0.0,6.0,8.0,14.1,,40.2,108.8
0,4,5,32,-13.4,.208,.154,.538,.615,6,0.0,3.8,1.9,0.0,2.0,0.0,15.2,34.8,,-0.2,0.0,-0.2,-.277,,-17.6,-7.8,-25.4
1,0,21,226,20,57,.351,15,32,.469,5,25,.200,8,14,.571,6,37,43,5,4,4,11,27,53
1,1,21,10.8,1.0,2.7,.351,0.7,1.5,.469,0.2,1.2,.200,0.4,0.7,.571,2.0,0.2,0.2,0.2,0.5,1.3,2.5
1,2,21,226,3.5,10.1,.351,2.7,5.7,.469,0.9,4.4,.200,1.4,2.5,.571,7.6,0.9,0.7,0.7,1.9,4.8,9.4
1,3,21,226,5.7,16.2,.351,4.3,9.1,.469,1.4,7.1,.200,2.3,4.0,.571,12.3,1.4,1.1,1.1,3.1,7.7,15.1,,80.9,102.5
1,4,21,226,7.2,.416,.395,.439,.246,49,3.2,19.7,11.5,5.6,1.1,1.9,14.7,18.6,,-0.2,0.3,0.1,.020,,-6.5,-1.2,-7.7
2,0,25,258,8,30,.267,8,30,.267,0,0,,7,11,.636,15,32,47,8,1,33,12,45,23
2,1,25,10.3,0.3,1.2,.267,0.3,1.2,.267,0.0,0.0,,0.3,0.4,.636,1.9,0.3,0.0,1.3,0.5,1.8,0.9
2,2,25,258,1.2,4.7,.267,1.2,4.7,.267,0.0,0.0,,1.1,1.7,.636,7.3,1.2,0.2,5.1,1.9,7.0,3.6
2,3,25,258,2.0,7.5,.267,2.0,7.5,.267,0.0,0.0,,1.7,2.7,.636,11.7,2.0,0.2,8.2,3.0,11.2,5.7,,72.8,100.3
2,4,25,258,7.3,.326,.267,.000,.367,32,7.0,15.0,11.0,6.8,0.2,13.5,25.4,10.3,,-0.2,0.4,0.1,.022,,-8.5,7.1,-1.4
3,0,31,1075,154,348,.443,98,177,.554,56,171,.327,143,184,.777,49,124,173,38,25,19,67,70,507
3,1,31,34.7,5.0,11.2,.443,3.2,5.7,.554,1.8,5.5,.327,4.6,5.9,.777,5.6,1.2,0.8,0.6,2.2,2.3,16.4
3,2,31,1075,5.7,12.9,.443,3.6,6.6,.554,2.1,6.4,.327,5.3,6.8,.777,6.4,1.4,0.9,0.7,2.5,2.6,18.9
3,3,31,1075,9.2,20.8,.443,5.9,10.6,.554,3.4,10.2,.327,8.6,11.0,.777,10.4,2.3,1.5,1.1,4.0,4.2,30.4,,111.8,104.7
3,4,31,1075,21.3,.582,.523,.491,.529,461,5.5,13.9,9.7,10.3,1.5,1.9,13.3,26.3,,2.8,1.1,3.9,.147,,3.8,-1.1,2.7
4,0,4,4,0,0,,0,0,,0,0,,0,0,,0,0,0,0,1,0,1,0,0
4,1,4,1.0,0.0,0.0,,0.0,0.0,,0.0,0.0,,0.0,0.0,,0.0,0.0,0.3,0.0,0.3,0.0,0.0
4,2,4,4,0.0,0.0,,0.0,0.0,,0.0,0.0,,0.0,0.0,,0.0,0.0,10.0,0.0,10.0,0.0,0.0
4,3,4,4,0.0,0.0,,0.0,0.0,,0.0,0.0,,0.0,0.0,,0.0,0.0,16.1,0.0,16.1,0.0,0.0,,0.0,81.0
4,4,4,4,0.0,,,,,0,0.0,0.0,0.0,0.0,16.1,0.0,100.0,14.0,,0.0,0.0,0.0,-.149,,-14.5,14.6,0.1
5,0,2,1,0,0,,0,0,,0,0,,0,0,,0,0,0,0,0,0,0,0,0
5,1,2,0.5,0.0,0.0,,0.0,0.0,,0.0,0.0,,0.0,0.0,,0.0,0.0,0.0,0.0,0.0,0.0,0.0
5,2,2,1,0.0,0.0,,0.0,0.0,,0.0,0.0,,0.0,0.0,,0.0,0.0,0.0,0.0,0.0,0.0,0.0
5,3,2,1,0.0,0.0,,0.0,0.0,,0.0,0.0,,0.0,0.0,,0.0,0.0,0.0,0.0,0.0,0.0,0.0,,,115.7
5,4,2,1,0.0,,,,,0,0.0,0.0,0.0,0.0,0.0,0.0,,0.0,,0.0,0.0,0.0,-.001,,-7.1,-0.2,-7.3
6,0,28,541,38,108,.352,38,108,.352,0,0,,31,40,.775,41,61,102,19,15,41,27,91,107
6,1,28,19.3,1.4,3.9,.352,1.4,3.9,.352,0.0,0.0,,1.1,1.4,.775,3.6,0.7,0.5,1.5,1.0,3.3,3.8
6,2,28,541,2.8,8.0,.352,2.8,8.0,.352,0.0,0.0,,2.3,3.0,.775,7.5,1.4,1.1,3.0,2.0,6.7,7.9
6,3,28,541,4.5,12.9,.352,4.5,12.9,.352,0.0,0.0,,3.7,4.8,.775,12.1,2.3,1.8,4.9,3.2,10.8,12.7,,89.6,100.4
6,4,28,541,11.3,.421,.352,.000,.370,122,9.1,13.6,11.4,8.5,1.8,8.0,17.5,16.0,,0.0,0.8,0.8,.057,,-5.4,4.6,-0.8
7,0,31,577,33,117,.282,7,17,.412,26,100,.260,29,41,.707,4,32,36,15,17,1,23,51,121
7,1,31,18.6,1.1,3.8,.282,0.2,0.5,.412,0.8,3.2,.260,0.9,1.3,.707,1.2,0.5,0.5,0.0,0.7,1.6,3.9
7,2,31,577,2.3,8.1,.282,0.5,1.2,.412,1.8,6.9,.260,2.0,2.8,.707,2.5,1.0,1.2,0.1,1.6,3.5,8.4
7,3,31,577,3.7,13.1,.282,0.8,1.9,.412,2.9,11.2,.260,3.2,4.6,.707,4.0,1.7,1.9,0.1,2.6,5.7,13.5,,86.5,107.9
7,4,31,577,5.4,.443,.393,.855,.350,111,0.8,6.7,3.8,6.1,1.9,0.2,14.4,15.5,,-0.1,0.4,0.3,.020,,-3.1,-1.7,-4.8
8,0,31,784,87,215,.405,78,180,.433,9,35,.257,63,84,.750,36,87,123,32,17,4,50,80,246
8,1,31,25.3,2.8,6.9,.405,2.5,5.8,.433,0.3,1.1,.257,2.0,2.7,.750,4.0,1.0,0.5,0.1,1.6,2.6,7.9
8,2,31,784,4.4,11.0,.405,4.0,9.2,.433,0.5,1.8,.257,3.2,4.3,.750,6.3,1.6,0.9,0.2,2.6,4.1,12.6
8,3,31,784,7.1,17.7,.405,6.4,14.8,.433,0.7,2.9,.257,5.2,6.9,.750,10.1,2.6,1.4,0.3,4.1,6.6,20.2,,93.6,105.6
8,4,31,784,11.5,.483,.426,.163,.391,241,5.5,13.4,9.5,10.9,1.4,0.5,16.4,21.8,,0.3,0.7,1.0,.053,,-3.6,-1.0,-4.6
9,0,3,2,0,1,.000,0,0,,0,1,.000,0,0,,0,0,0,0,0,0,1,0,0
9,1,3,0.7,0.0,0.3,.000,0.0,0.0,,0.0,0.3,.000,0.0,0.0,,0.0,0.0,0.0,0.0,0.3,0.0,0.0
9,2,3,2,0.0,20.0,.000,0.0,0.0,,0.0,20.0,.000,0.0,0.0,,0.0,0.0,0.0,0.0,20.0,0.0,0.0
9,3,3,2,0.0,32.2,.000,0.0,0.0,,0.0,32.2,.000,0.0,0.0,,0.0,0.0,0.0,0.0,32.2,0.0,0.0,,0.0,115.7
9,4,3,2,-57.6,.000,.000,1.000,.000,0,0.0,0.0,0.0,0.0,0.0,0.0,50.0,56.2,,0.0,0.0,0.0,-.962,,-44.1,-9.5,-53.6
10,0,30,815,97,229,.424,33,78,.423,64,151,.424,49,57,.860,14,44,58,41,21,0,40,39,307
10,1,30,27.2,3.2,7.6,.424,1.1,2.6,.423,2.1,5.0,.424,1.6,1.9,.860,1.9,1.4,0.7,0.0,1.3,1.3,10.2
10,2,30,815,4.8,11.2,.424,1.6,3.8,.423,3.1,7.4,.424,2.4,2.8,.860,2.8,2.0,1.0,0.0,2.0,1.9,15.1
10,3,30,815,7.7,18.1,.424,2.6,6.2,.423,5.1,11.9,.424,3.9,4.5,.860,4.6,3.2,1.7,0.0,3.2,3.1,24.3,,112.6,108.8
10,4,30,815,16.1,.599,.563,.659,.249,272,2.1,6.5,4.3,13.7,1.7,0.0,13.5,20.4,,1.7,0.5,2.2,.110,,2.9,-2.6,0.3
11,0,28,648,42,134,.313,32,100,.320,10,34,.294,38,65,.585,15,59,74,76,24,2,55,54,132
11,1,28,23.1,1.5,4.8,.313,1.1,3.6,.320,0.4,1.2,.294,1.4,2.3,.585,2.6,2.7,0.9,0.1,2.0,1.9,4.7
11,2,28,648,2.6,8.3,.313,2.0,6.2,.320,0.6,2.1,.294,2.3,4.0,.585,4.6,4.7,1.5,0.1,3.4,3.3,8.1
11,3,28,648,4.2,13.3,.313,3.2,9.9,.320,1.0,3.4,.294,3.8,6.5,.585,7.4,7.6,2.4,0.2,5.5,5.4,13.1,,80.4,104.8
11,4,28,648,7.6,.400,.351,.254,.485,161,2.8,11.0,6.9,27.9,2.4,0.3,25.0,19.1,,-0.6,0.7,0.1,.004,,-5.2,-0.4,-5.6
12,0,30,623,59,162,.364,46,116,.397,13,46,.283,15,31,.484,5,30,35,64,15,2,60,48,146
12,1,30,20.8,2.0,5.4,.364,1.5,3.9,.397,0.4,1.5,.283,0.5,1.0,.484,1.2,2.1,0.5,0.1,2.0,1.6,4.9
12,2,30,623,3.8,10.4,.364,3.0,7.4,.397,0.8,3.0,.283,1.0,2.0,.484,2.2,4.1,1.0,0.1,3.9,3.1,9.4
12,3,30,623,6.1,16.7,.364,4.8,12.0,.397,1.3,4.8,.283,1.6,3.2,.484,3.6,6.6,1.6,0.2,6.2,5.0,15.1,,75.6,109.0
12,4,30,623,4.8,.413,.404,.284,.191,158,1.0,5.8,3.4,26.3,1.6,0.3,25.3,21.3,,-0.9,0.4,-0.5,-.035,,-6.6,-2.9,-9.5
13,0,24,547,54,110,.491,54,110,.491,0,0,,29,42,.690,56,107,163,16,12,3,30,56,137
13,1,24,22.8,2.3,4.6,.491,2.3,4.6,.491,0.0,0.0,,1.2,1.8,.690,6.8,0.7,0.5,0.1,1.3,2.3,5.7
13,2,24,547,3.9,8.0,.491,3.9,8.0,.491,0.0,0.0,,2.1,3.1,.690,11.9,1.2,0.9,0.2,2.2,4.1,10.0
13,3,24,547,6.4,12.9,.491,6.4,12.9,.491,0.0,0.0,,3.4,4.9,.690,19.2,1.9,1.4,0.4,3.5,6.6,16.1,,103.1,100.9
13,4,24,547,15.1,.527,.491,.000,.382,149,12.4,23.6,18.0,7.6,1.4,0.6,18.8,16.4,,0.6,0.8,1.4,.100,,-2.9,0.2,-2.7
14,0,19,171,17,49,.347,3,6,.500,14,43,.326,0,1,.000,2,22,24,7,1,0,4,24,48
14,1,19,9.0,0.9,2.6,.347,0.2,0.3,.500,0.7,2.3,.326,0.0,0.1,.000,1.3,0.4,0.1,0.0,0.2,1.3,2.5
14,2,19,171,4.0,11.5,.347,0.7,1.4,.500,3.3,10.1,.326,0.0,0.2,.000,5.6,1.6,0.2,0.0,0.9,5.6,11.2
14,3,19,171,6.4,18.5,.347,1.1,2.3,.500,5.3,16.2,.326,0.0,0.4,.000,9.0,2.6,0.4,0.0,1.5,9.0,18.1,,100.0,106.8
14,4,19,171,8.8,.485,.490,.878,.020,42,1.4,15.5,8.5,10.6,0.4,0.0,7.5,17.6,,0.1,0.1,0.3,.065,,-1.0,-3.5,-4.6
15,0,4,21,3,5,.600,2,4,.500,1,1,1.000,4,7,.571,1,0,1,3,0,0,1,2,11
15,1,4,5.3,0.8,1.3,.600,0.5,1.0,.500,0.3,0.3,1.000,1.0,1.8,.571,0.3,0.8,0.0,0.0,0.3,0.5,2.8
15,2,4,21,5.7,9.5,.600,3.8,7.6,.500,1.9,1.9,1.000,7.6,13.3,.571,1.9,5.7,0.0,0.0,1.9,3.8,21.0
15,3,4,21,9.2,15.3,.600,6.1,12.3,.500,3.1,3.1,1.000,12.3,21.5,.571,3.1,9.2,0.0,0.0,3.1,6.1,33.7,,136.1,115.1
15,4,4,21,26.6,.661,.700,.200,1.400,11,5.7,0.0,2.9,41.7,0.0,0.0,10.7,24.9,,0.1,0.0,0.1,.231,,7.0,-7.6,-0.7
