0,0,18,145,13,45,.289,10,31,.323,3,14,.214,18,29,.621,10,19,29,8,9,0,16,14,47
0,1,18,8.1,0.7,2.5,.289,0.6,1.7,.323,0.2,0.8,.214,1.0,1.6,.621,1.6,0.4,0.5,0.0,0.9,0.8,2.6
0,2,18,145,3.6,12.4,.289,2.8,8.6,.323,0.8,3.9,.214,5.0,8.0,.621,8.0,2.2,2.5,0.0,4.4,3.9,13.0
0,3,18,145,5.4,18.7,.289,4.2,12.9,.323,1.2,5.8,.214,7.5,12.1,.621,12.1,3.3,3.7,0.0,6.7,5.8,19.6,,80.1,97.5
0,4,18,145,10.1,.400,.322,.311,.644,50,8.1,14.0,11.2,11.7,3.7,0.0,21.4,26.6,,-0.2,0.2,0.1,.020,,-4.9,-1.4,-6.3
1,0,30,759,100,233,.429,73,157,.465,27,76,.355,54,73,.740,21,87,108,57,22,6,76,66,281
1,1,30,25.3,3.3,7.8,.429,2.4,5.2,.465,0.9,2.5,.355,1.8,2.4,.740,3.6,1.9,0.7,0.2,2.5,2.2,9.4
1,2,30,759,5.3,12.3,.429,3.8,8.3,.465,1.4,4.0,.355,2.8,3.8,.740,5.7,3.0,1.2,0.3,4.0,3.5,14.8
1,3,30,759,8.0,18.5,.429,5.8,12.5,.465,2.1,6.0,.355,4.3,5.8,.740,8.6,4.5,1.7,0.5,6.0,5.2,22.4,,95.3,102.4
1,4,30,759,13.6,.525,.487,.326,.313,275,3.3,12.3,8.0,17.4,1.7,0.8,22.1,23.4,,0.6,0.8,1.4,.075,,-1.0,-1.7,-2.6
2,0,15,129,3,16,.188,3,16,.188,0,0,,5,8,.625,4,16,20,4,3,2,7,18,11
2,1,15,8.6,0.2,1.1,.188,0.2,1.1,.188,0.0,0.0,,0.3,0.5,.625,1.3,0.3,0.2,0.1,0.5,1.2,0.7
2,2,15,129,0.9,5.0,.188,0.9,5.0,.188,0.0,0.0,,1.6,2.5,.625,6.2,1.2,0.9,0.6,2.2,5.6,3.4
2,3,15,129,1.4,7.5,.188,1.4,7.5,.188,0.0,0.0,,2.3,3.7,.625,9.4,1.9,1.4,0.9,3.3,8.4,5.1,,60.5,101.9
2,4,15,129,1.1,.278,.188,.000,.500,14,3.7,13.3,8.7,5.7,1.4,1.5,26.1,10.7,,-0.2,0.1,0.0,-.013,,-7.6,0.0,-7.6
3,0,32,1175,235,550,.427,151,333,.453,84,217,.387,123,155,.794,22,111,133,44,25,3,78,48,677
3,1,32,36.7,7.3,17.2,.427,4.7,10.4,.453,2.6,6.8,.387,3.8,4.8,.794,4.2,1.4,0.8,0.1,2.4,1.5,21.2
3,2,32,1175,8.0,18.7,.427,5.1,11.3,.453,2.9,7.4,.387,4.2,5.3,.794,4.5,1.5,0.9,0.1,2.7,1.6,23.0
3,3,32,1175,12.1,28.3,.427,7.8,17.1,.453,4.3,11.1,.387,6.3,8.0,.794,6.8,2.3,1.3,0.2,4.0,2.5,34.8,,109.3,105.1
3,4,32,1175,21.1,.543,.504,.395,.282,595,2.2,10.1,6.3,10.3,1.3,0.2,11.1,30.8,,3.4,1.0,4.4,.148,,3.2,-4.4,-1.1
4,0,1,2,0,1,.000,0,1,.000,0,0,,0,0,,0,0,0,0,1,0,0,0,0
4,1,1,2.0,0.0,1.0,.000,0.0,1.0,.000,0.0,0.0,,0.0,0.0,,0.0,0.0,1.0,0.0,0.0,0.0,0.0
4,2,1,2,0.0,20.0,.000,0.0,20.0,.000,0.0,0.0,,0.0,0.0,,0.0,0.0,20.0,0.0,0.0,0.0,0.0
4,3,1,2,0.0,30.2,.000,0.0,30.2,.000,0.0,0.0,,0.0,0.0,,0.0,0.0,30.2,0.0,0.0,0.0,0.0,,0.0,47.8
4,4,1,2,9.5,.000,.000,.000,.000,0,0.0,0.0,0.0,0.0,30.2,0.0,0.0,25.8,,0.0,0.0,0.0,-.086,,-12.2,19.0,6.8
5,0,8,28,0,4,.000,0,3,.000,0,1,.000,3,4,.750,0,2,2,0,2,0,1,4,3
5,1,8,3.5,0.0,0.5,.000,0.0,0.4,.000,0.0,0.1,.000,0.4,0.5,.750,0.3,0.0,0.3,0.0,0.1,0.5,0.4
5,2,8,28,0.0,5.7,.000,0.0,4.3,.000,0.0,1.4,.000,4.3,5.7,.750,2.9,0.0,2.9,0.0,1.4,5.7,4.3
5,3,8,28,0.0,8.6,.000,0.0,6.5,.000,0.0,2.2,.000,6.5,8.6,.750,4.3,0.0,4.3,0.0,2.2,8.6,6.5,,54.3,99.3
5,4,8,28,0.2,.254,.000,.250,1.000,3,0.0,7.6,4.0,0.0,4.3,0.0,14.5,12.7,,-0.1,0.0,0.0,-.017,,-8.2,-1.1,-9.3
6,0,29,350,25,50,.500,25,50,.500,0,0,,20,33,.606,24,42,66,5,12,18,18,38,70
6,1,29,12.1,0.9,1.7,.500,0.9,1.7,.500,0.0,0.0,,0.7,1.1,.606,2.3,0.2,0.4,0.6,0.6,1.3,2.4
6,2,29,350,2.9,5.7,.500,2.9,5.7,.500,0.0,0.0,,2.3,3.8,.606,7.5,0.6,1.4,2.1,2.1,4.3,8.0
6,3,29,350,4.3,8.6,.500,4.3,8.6,.500,0.0,0.0,,3.4,5.7,.606,11.4,0.9,2.1,3.1,3.1,6.6,12.1,,99.5,99.2
6,4,29,350,12.4,.533,.500,.000,.660,73,8.1,12.8,10.6,2.9,2.1,5.0,21.5,12.3,,0.2,0.5,0.7,.084,,-3.0,1.6,-1.5
7,0,30,820,62,120,.517,62,120,.517,0,0,,47,84,.560,75,116,191,11,17,22,28,63,171
7,1,30,27.3,2.1,4.0,.517,2.1,4.0,.517,0.0,0.0,,1.6,2.8,.560,6.4,0.4,0.6,0.7,0.9,2.1,5.7
7,2,30,820,3.0,5.9,.517,3.0,5.9,.517,0.0,0.0,,2.3,4.1,.560,9.3,0.5,0.8,1.1,1.4,3.1,8.3
7,3,30,820,4.6,8.8,.517,4.6,8.8,.517,0.0,0.0,,3.5,6.2,.560,14.1,0.8,1.3,1.6,2.1,4.6,12.6,,111.2,101.1
7,4,30,820,13.8,.535,.517,.000,.700,184,10.8,15.1,13.1,2.8,1.3,2.6,14.9,11.8,,1.1,1.0,2.1,.104,,-1.0,0.1,-0.9
8,0,29,908,151,359,.421,99,212,.467,52,147,.354,101,124,.815,19,102,121,65,21,9,91,59,455
8,1,29,31.3,5.2,12.4,.421,3.4,7.3,.467,1.8,5.1,.354,3.5,4.3,.815,4.2,2.2,0.7,0.3,3.1,2.0,15.7
8,2,29,908,6.7,15.8,.421,4.4,9.3,.467,2.3,6.5,.354,4.4,5.5,.815,5.3,2.9,0.9,0.4,4.0,2.6,20.0
8,3,29,908,10.0,23.9,.421,6.6,14.1,.467,3.5,9.8,.354,6.7,8.2,.815,8.0,4.3,1.4,0.6,6.1,3.9,30.3,,102.7,103.3
8,4,29,908,18.4,.544,.493,.409,.345,425,2.5,12.0,7.5,18.0,1.4,1.0,17.9,29.0,,1.7,0.9,2.7,.117,,1.9,-2.6,-0.8
9,0,20,317,24,52,.462,23,49,.469,1,3,.333,22,37,.595,22,41,63,13,3,1,25,29,71
9,1,20,15.9,1.2,2.6,.462,1.2,2.5,.469,0.1,0.2,.333,1.1,1.9,.595,3.2,0.7,0.2,0.1,1.3,1.5,3.6
9,2,20,317,3.0,6.6,.462,2.9,6.2,.469,0.1,0.4,.333,2.8,4.7,.595,7.9,1.6,0.4,0.1,3.2,3.7,9.0
9,3,20,317,4.6,9.9,.462,4.4,9.3,.469,0.2,0.6,.333,4.2,7.0,.595,12.0,2.5,0.6,0.2,4.8,5.5,13.5,,91.9,104.3
9,4,20,317,9.0,.510,.471,.058,.712,77,8.2,13.8,11.1,8.4,0.6,0.3,26.4,15.4,,0.1,0.3,0.4,.047,,-3.5,-1.9,-5.4
10,0,32,663,20,50,.400,20,50,.400,0,0,,2,6,.333,51,82,133,12,17,69,24,105,42
10,1,32,20.7,0.6,1.6,.400,0.6,1.6,.400,0.0,0.0,,0.1,0.2,.333,4.2,0.4,0.5,2.2,0.8,3.3,1.3
10,2,32,663,1.2,3.0,.400,1.2,3.0,.400,0.0,0.0,,0.1,0.4,.333,8.0,0.7,1.0,4.2,1.4,6.3,2.5
10,3,32,663,1.8,4.6,.400,1.8,4.6,.400,0.0,0.0,,0.2,0.5,.333,12.1,1.1,1.5,6.3,2.2,9.6,3.8,,86.0,97.2
10,4,32,663,8.9,.397,.400,.000,.120,66,9.1,13.2,11.2,3.4,1.5,10.1,31.2,6.0,,-0.1,1.1,1.0,.061,,-3.6,6.1,2.6
11,0,32,511,45,104,.433,43,97,.443,2,7,.286,17,34,.500,43,78,121,41,14,13,48,86,109
11,1,32,16.0,1.4,3.3,.433,1.3,3.0,.443,0.1,0.2,.286,0.5,1.1,.500,3.8,1.3,0.4,0.4,1.5,2.7,3.4
11,2,32,511,3.5,8.1,.433,3.4,7.6,.443,0.2,0.5,.286,1.3,2.7,.500,9.5,3.2,1.1,1.0,3.8,6.7,8.5
11,3,32,511,5.3,12.3,.433,5.1,11.5,.443,0.2,0.8,.286,2.0,4.0,.500,14.3,4.8,1.7,1.5,5.7,10.2,12.9,,86.3,99.1
11,4,32,511,9.9,.454,.442,.067,.327,134,9.9,16.3,13.3,16.9,1.7,2.5,28.5,17.0,,-0.1,0.7,0.6,.049,,-3.3,1.0,-2.3
12,0,6,59,4,10,.400,3,8,.375,1,2,.500,1,2,.500,1,8,9,0,2,1,5,2,10
12,1,6,9.8,0.7,1.7,.400,0.5,1.3,.375,0.2,0.3,.500,0.2,0.3,.500,1.5,0.0,0.3,0.2,0.8,0.3,1.7
12,2,6,59,2.7,6.8,.400,2.0,5.4,.375,0.7,1.4,.500,0.7,1.4,.500,6.1,0.0,1.4,0.7,3.4,1.4,6.8
12,3,6,59,4.1,10.2,.400,3.1,8.2,.375,1.0,2.0,.500,1.0,2.0,.500,9.2,0.0,2.0,1.0,5.1,2.0,10.2,,66.5,100.5
12,4,6,59,4.9,.457,.450,.200,.200,9,2.0,14.5,8.6,0.0,2.0,1.6,31.3,14.0,,-0.1,0.1,0.0,-.006,,-8.4,-2.4,-10.8
13,0,29,634,50,141,.355,25,67,.373,25,74,.338,20,29,.690,8,57,65,62,19,21,57,48,145
13,1,29,21.9,1.7,4.9,.355,0.9,2.3,.373,0.9,2.6,.338,0.7,1.0,.690,2.2,2.1,0.7,0.7,2.0,1.7,5.0
13,2,29,634,3.2,8.9,.355,1.6,4.2,.373,1.6,4.7,.338,1.3,1.8,.690,4.1,3.9,1.2,1.3,3.6,3.0,9.1
13,3,29,634,4.8,13.4,.355,2.4,6.4,.373,2.4,7.0,.338,1.9,2.8,.690,6.2,5.9,1.8,2.0,5.4,4.6,13.8,,86.0,102.5
13,4,29,634,9.1,.468,.443,.525,.206,159,1.5,9.6,5.7,20.2,1.8,3.2,26.9,17.3,,-0.1,0.7,0.6,.035,,-2.9,-0.3,-3.2
