0,0,7,7,0,0,,0,0,,0,0,,2,2,1.000,1,0,1,0,1,0,1,0,2
0,1,7,1.0,0.0,0.0,,0.0,0.0,,0.0,0.0,,0.3,0.3,1.000,0.1,0.0,0.1,0.0,0.1,0.0,0.3
0,2,7,7,0.0,0.0,,0.0,0.0,,0.0,0.0,,11.4,11.4,1.000,5.7,0.0,5.7,0.0,5.7,0.0,11.4
0,3,7,7,0.0,0.0,,0.0,0.0,,0.0,0.0,,17.6,17.6,1.000,8.8,0.0,8.8,0.0,8.8,0.0,17.6,,118.4,90.6
0,4,7,7,23.1,1.053,,,,2,16.1,0.0,7.8,0.0,8.8,0.0,51.3,14.4,,0.0,0.0,0.0,.191,,1.9,3.6,5.5
1,0,16,54,4,11,.364,4,11,.364,0,0,,2,3,.667,5,9,14,3,0,0,4,3,10
1,1,16,3.4,0.3,0.7,.364,0.3,0.7,.364,0.0,0.0,,0.1,0.2,.667,0.9,0.2,0.0,0.0,0.3,0.2,0.6
1,2,16,54,3.0,8.1,.364,3.0,8.1,.364,0.0,0.0,,1.5,2.2,.667,10.4,2.2,0.0,0.0,3.0,2.2,7.4
1,3,16,54,4.6,12.6,.364,4.6,12.6,.364,0.0,0.0,,2.3,3.4,.667,16.0,3.4,0.0,0.0,4.6,3.4,11.4,,84.5,100.3
1,4,16,54,7.7,.402,.364,.000,.273,12,10.4,17.7,14.2,10.3,0.0,0.0,24.4,15.8,,0.0,0.1,0.1,.041,,-6.7,-0.8,-7.5
2,0,32,1023,139,329,.422,102,215,.474,37,114,.325,86,122,.705,20,93,113,229,38,5,78,71,401
2,1,32,32.0,4.3,10.3,.422,3.2,6.7,.474,1.2,3.6,.325,2.7,3.8,.705,3.5,7.2,1.2,0.2,2.4,2.2,12.5
2,2,32,1023,5.4,12.9,.422,4.0,8.4,.474,1.4,4.5,.325,3.4,4.8,.705,4.4,9.0,1.5,0.2,3.0,2.8,15.7
2,3,32,1023,8.4,19.8,.422,6.2,13.0,.474,2.2,6.9,.325,5.2,7.4,.705,6.8,13.8,2.3,0.3,4.7,4.3,24.2,,112.4,99.2
2,4,32,1023,21.0,.518,.479,.347,.371,466,2.2,9.6,6.0,47.0,2.3,0.5,16.8,23.6,,2.8,1.6,4.4,.172,,3.5,-0.8,2.7
3,0,29,897,121,283,.428,91,185,.492,30,98,.306,57,77,.740,35,79,114,38,28,23,39,68,329
3,1,29,30.9,4.2,9.8,.428,3.1,6.4,.492,1.0,3.4,.306,2.0,2.7,.740,3.9,1.3,1.0,0.8,1.3,2.3,11.3
3,2,29,897,5.4,12.6,.428,4.1,8.2,.492,1.3,4.4,.306,2.5,3.4,.740,5.1,1.7,1.2,1.0,1.7,3.0,14.7
3,3,29,897,8.3,19.5,.428,6.3,12.7,.492,2.1,6.7,.306,3.9,5.3,.740,7.8,2.6,1.9,1.6,2.7,4.7,22.6,,106.9,99.0
3,4,29,897,15.7,.515,.481,.346,.272,299,4.4,9.3,6.9,8.9,1.9,2.8,10.9,20.7,,1.4,1.4,2.8,.127,,-0.1,1.2,1.1
4,0,28,277,11,57,.193,11,42,.262,0,15,.000,6,9,.667,3,21,24,25,7,1,26,28,28
4,1,28,9.9,0.4,2.0,.193,0.4,1.5,.262,0.0,0.5,.000,0.2,0.3,.667,0.9,0.9,0.3,0.0,0.9,1.0,1.0
4,2,28,277,1.6,8.2,.193,1.6,6.1,.262,0.0,2.2,.000,0.9,1.3,.667,3.5,3.6,1.0,0.1,3.8,4.0,4.0
4,3,28,277,2.5,12.7,.193,2.5,9.4,.262,0.0,3.3,.000,1.3,2.0,.667,5.3,5.6,1.6,0.2,5.8,6.2,6.2,,52.0,101.5
4,4,28,277,-2.6,.228,.193,.263,.158,39,1.2,8.0,4.7,15.8,1.6,0.4,29.8,16.3,,-0.8,0.4,-0.5,-.068,,-10.7,-0.1,-10.8
5,0,30,464,38,71,.535,38,70,.543,0,1,.000,37,52,.712,40,91,131,7,5,25,13,41,113
5,1,30,15.5,1.3,2.4,.535,1.3,2.3,.543,0.0,0.0,.000,1.2,1.7,.712,4.4,0.2,0.2,0.8,0.4,1.4,3.8
5,2,30,464,3.3,6.1,.535,3.3,6.0,.543,0.0,0.1,.000,3.2,4.5,.712,11.3,0.6,0.4,2.2,1.1,3.5,9.7
5,3,30,464,5.1,9.4,.535,5.1,9.3,.543,0.0,0.1,.000,4.9,6.9,.712,17.4,0.9,0.7,3.3,1.7,5.5,15.0,,124.0,94.1
5,4,30,464,17.4,.590,.535,.014,.732,114,9.7,20.8,15.4,2.8,0.7,5.9,12.0,12.1,,0.9,1.0,1.9,.163,,-2.4,2.6,0.3
6,0,13,79,4,12,.333,4,11,.364,0,1,.000,1,7,.143,7,14,21,3,2,1,3,10,9
6,1,13,6.1,0.3,0.9,.333,0.3,0.8,.364,0.0,0.1,.000,0.1,0.5,.143,1.6,0.2,0.2,0.1,0.2,0.8,0.7
6,2,13,79,2.0,6.1,.333,2.0,5.6,.364,0.0,0.5,.000,0.5,3.5,.143,10.6,1.5,1.0,0.5,1.5,5.1,4.6
6,3,13,79,3.1,9.4,.333,3.1,8.6,.364,0.0,0.8,.000,0.8,5.5,.143,16.4,2.3,1.6,0.8,2.3,7.8,7.0,,76.4,95.1
6,4,13,79,6.2,.294,.333,.083,.583,12,10.0,18.8,14.5,6.8,1.6,1.4,16.4,12.0,,-0.1,0.2,0.1,.044,,-6.5,1.7,-4.8
7,0,23,675,101,234,.432,70,147,.476,31,87,.356,37,54,.685,29,95,124,24,9,3,35,39,270
7,1,23,29.3,4.4,10.2,.432,3.0,6.4,.476,1.3,3.8,.356,1.6,2.3,.685,5.4,1.0,0.4,0.1,1.5,1.7,11.7
7,2,23,675,6.0,13.9,.432,4.1,8.7,.476,1.8,5.2,.356,2.2,3.2,.685,7.3,1.4,0.5,0.2,2.1,2.3,16.0
7,3,23,675,9.2,21.4,.432,6.4,13.4,.476,2.8,8.0,.356,3.4,4.9,.685,11.3,2.2,0.8,0.3,3.2,3.6,24.7,,104.4,99.7
7,4,23,675,15.3,.520,.498,.372,.231,237,4.8,14.9,10.0,7.7,0.8,0.5,11.9,22.6,,1.0,1.0,2.0,.119,,-0.8,-1.2,-2.0
8,0,27,253,17,41,.415,16,37,.432,1,4,.250,13,27,.481,13,25,38,6,4,9,25,43,48
8,1,27,9.4,0.6,1.5,.415,0.6,1.4,.432,0.0,0.1,.250,0.5,1.0,.481,1.4,0.2,0.1,0.3,0.9,1.6,1.8
8,2,27,253,2.7,6.5,.415,2.5,5.8,.432,0.2,0.6,.250,2.1,4.3,.481,6.0,0.9,0.6,1.4,4.0,6.8,7.6
8,3,27,253,4.1,10.0,.415,3.9,9.0,.432,0.2,1.0,.250,3.2,6.6,.481,9.3,1.5,1.0,2.2,6.1,10.5,11.7,,72.0,99.4
8,4,27,253,3.2,.446,.427,.098,.659,49,5.8,10.5,8.2,4.4,1.0,3.9,31.7,16.2,,-0.4,0.4,0.0,.004,,-8.1,1.7,-6.3
9,0,32,602,63,110,.573,63,110,.573,0,0,,21,40,.525,71,74,145,6,7,42,26,87,147
9,1,32,18.8,2.0,3.4,.573,2.0,3.4,.573,0.0,0.0,,0.7,1.3,.525,4.5,0.2,0.2,1.3,0.8,2.7,4.6
9,2,32,602,4.2,7.3,.573,4.2,7.3,.573,0.0,0.0,,1.4,2.7,.525,9.6,0.4,0.5,2.8,1.7,5.8,9.8
9,3,32,602,6.5,11.3,.573,6.5,11.3,.573,0.0,0.0,,2.2,4.1,.525,14.9,0.6,0.7,4.3,2.7,8.9,15.1,,111.8,96.9
9,4,32,602,15.6,.570,.573,.000,.364,151,13.3,13.0,13.2,2.0,0.7,7.7,16.8,13.3,,0.9,1.1,2.0,.130,,-2.2,3.3,1.1
10,0,32,693,104,207,.502,104,207,.502,0,0,,53,86,.616,53,110,163,29,13,5,42,55,261
10,1,32,21.7,3.3,6.5,.502,3.3,6.5,.502,0.0,0.0,,1.7,2.7,.616,5.1,0.9,0.4,0.2,1.3,1.7,8.2
10,2,32,693,6.0,11.9,.502,6.0,11.9,.502,0.0,0.0,,3.1,5.0,.616,9.4,1.7,0.8,0.3,2.4,3.2,15.1
10,3,32,693,9.3,18.4,.502,9.3,18.4,.502,0.0,0.0,,4.7,7.7,.616,14.5,2.6,1.2,0.4,3.7,4.9,23.2,,104.8,97.7
10,4,32,693,17.0,.527,.502,.000,.415,248,8.6,16.8,12.9,9.1,1.2,0.8,14.5,21.7,,1.1,1.2,2.2,.129,,-2.1,0.1,-2.1
11,0,8,8,0,0,,0,0,,0,0,,0,0,,0,1,1,1,1,0,1,0,0
11,1,8,1.0,0.0,0.0,,0.0,0.0,,0.0,0.0,,0.0,0.0,,0.1,0.1,0.1,0.0,0.1,0.0,0.0
11,2,8,8,0.0,0.0,,0.0,0.0,,0.0,0.0,,0.0,0.0,,5.0,5.0,5.0,0.0,5.0,0.0,0.0
11,3,8,8,0.0,0.0,,0.0,0.0,,0.0,0.0,,0.0,0.0,,7.7,7.7,7.7,0.0,7.7,0.0,0.0,,40.3,86.0
11,4,8,8,7.7,,,,,0,0.0,13.3,6.8,20.4,7.7,0.0,100.0,6.5,,0.0,0.0,0.0,.022,,-8.9,7.6,-1.3
12,0,11,20,1,4,.250,1,2,.500,0,2,.000,0,0,,0,4,4,2,1,0,2,5,2
12,1,11,1.8,0.1,0.4,.250,0.1,0.2,.500,0.0,0.2,.000,0.0,0.0,,0.4,0.2,0.1,0.0,0.2,0.5,0.2
12,2,11,20,2.0,8.0,.250,2.0,4.0,.500,0.0,4.0,.000,0.0,0.0,,8.0,4.0,2.0,0.0,4.0,10.0,4.0
12,3,11,20,3.1,12.3,.250,3.1,6.2,.500,0.0,6.2,.000,0.0,0.0,,12.3,6.2,3.1,0.0,6.2,15.4,6.2,,52.1,90.3
12,4,11,20,-1.1,.250,.250,.500,.000,3,0.0,21.2,10.9,17.8,3.1,0.0,33.3,15.6,,-0.1,0.0,0.0,-.021,,-9.9,2.3,-7.6
13,0,32,376,38,94,.404,19,42,.452,19,52,.365,15,20,.750,6,42,48,21,9,7,28,31,110
13,1,32,11.8,1.2,2.9,.404,0.6,1.3,.452,0.6,1.6,.365,0.5,0.6,.750,1.5,0.7,0.3,0.2,0.9,1.0,3.4
13,2,32,376,4.0,10.0,.404,2.0,4.5,.452,2.0,5.5,.365,1.6,2.1,.750,5.1,2.2,1.0,0.7,3.0,3.3,11.7
13,3,32,376,6.2,15.4,.404,3.1,6.9,.452,3.1,8.5,.365,2.5,3.3,.750,7.9,3.4,1.5,1.1,4.6,5.1,18.1,,94.7,99.0
13,4,32,376,10.6,.531,.505,.553,.213,100,1.8,11.9,7.0,10.9,1.5,2.0,21.3,18.1,,0.2,0.6,0.7,.079,,-2.9,0.3,-2.5
14,0,31,996,145,369,.393,74,182,.407,71,187,.380,64,87,.736,44,110,154,55,55,4,48,64,425
14,1,31,32.1,4.7,11.9,.393,2.4,5.9,.407,2.3,6.0,.380,2.1,2.8,.736,5.0,1.8,1.8,0.1,1.5,2.1,13.7
14,2,31,996,5.8,14.8,.393,3.0,7.3,.407,2.9,7.5,.380,2.6,3.5,.736,6.2,2.2,2.2,0.2,1.9,2.6,17.1
14,3,31,996,9.0,22.9,.393,4.6,11.3,.407,4.4,11.6,.380,4.0,5.4,.736,9.5,3.4,3.4,0.2,3.0,4.0,26.3,,108.8,95.7
14,4,31,996,19.0,.518,.489,.507,.236,387,5.0,11.7,8.5,11.8,3.4,0.4,10.5,23.9,,2.0,1.9,3.9,.157,,2.6,0.9,3.5
