0,0,9,29,3,6,.500,3,6,.500,0,0,,3,7,.429,1,4,5,3,2,1,0,6,9
0,1,9,3.2,0.3,0.7,.500,0.3,0.7,.500,0.0,0.0,,0.3,0.8,.429,0.6,0.3,0.2,0.1,0.0,0.7,1.0
0,2,9,29,4.1,8.3,.500,4.1,8.3,.500,0.0,0.0,,4.1,9.7,.429,6.9,4.1,2.8,1.4,0.0,8.3,12.4
0,3,9,29,6.0,12.1,.500,6.0,12.1,.500,0.0,0.0,,6.0,14.1,.429,10.1,6.0,4.0,2.0,0.0,12.1,18.1,,123.6,98.7
0,4,9,29,19.4,.483,.500,.000,1.167,10,4.1,15.1,9.9,19.4,4.0,4.0,0.0,16.1,,0.1,0.0,0.1,.170,,0.5,1.6,2.0
1,0,28,757,132,277,.477,87,155,.561,45,122,.369,48,66,.727,54,111,165,23,33,10,33,72,357
1,1,28,27.0,4.7,9.9,.477,3.1,5.5,.561,1.6,4.4,.369,1.7,2.4,.727,5.9,0.8,1.2,0.4,1.2,2.6,12.8
1,2,28,757,7.0,14.6,.477,4.6,8.2,.561,2.4,6.4,.369,2.5,3.5,.727,8.7,1.2,1.7,0.5,1.7,3.8,18.9
1,3,28,757,10.2,21.4,.477,6.7,12.0,.561,3.5,9.4,.369,3.7,5.1,.727,12.7,1.8,2.5,0.8,2.5,5.6,27.6,,119.4,103.4
1,4,28,757,22.5,.579,.558,.440,.238,321,8.5,16.0,12.5,6.6,2.5,1.5,9.7,22.6,,2.3,0.8,3.2,.167,,3.6,-2.2,1.4
2,0,31,471,37,102,.363,37,102,.363,0,0,,14,37,.378,44,50,94,12,11,22,29,75,88
2,1,31,15.2,1.2,3.3,.363,1.2,3.3,.363,0.0,0.0,,0.5,1.2,.378,3.0,0.4,0.4,0.7,0.9,2.4,2.8
2,2,31,471,3.1,8.7,.363,3.1,8.7,.363,0.0,0.0,,1.2,3.1,.378,8.0,1.0,0.9,1.9,2.5,6.4,7.5
2,3,31,471,4.6,12.7,.363,4.6,12.7,.363,0.0,0.0,,1.7,4.6,.378,11.7,1.5,1.4,2.7,3.6,9.3,10.9,,80.9,106.2
2,4,31,471,6.8,.368,.363,.000,.363,104,11.2,11.6,11.4,4.6,1.4,5.4,19.5,15.8,,-0.3,0.4,0.1,.006,,-5.7,0.4,-5.3
3,0,2,2,1,1,1.000,1,1,1.000,0,0,,0,0,,0,0,0,1,0,0,0,0,2
3,1,2,1.0,0.5,0.5,1.000,0.5,0.5,1.000,0.0,0.0,,0.0,0.0,,0.0,0.5,0.0,0.0,0.0,0.0,1.0
3,2,2,2,20.0,20.0,1.000,20.0,20.0,1.000,0.0,0.0,,0.0,0.0,,0.0,20.0,0.0,0.0,0.0,0.0,40.0
3,3,2,2,29.2,29.2,1.000,29.2,29.2,1.000,0.0,0.0,,0.0,0.0,,0.0,29.2,0.0,0.0,0.0,0.0,58.4,,206.4,118.5
3,4,2,2,72.3,1.000,1.000,.000,.000,2,0.0,0.0,0.0,100.0,0.0,0.0,0.0,25.1,,0.0,0.0,0.0,.763,,23.9,-20.3,3.6
4,0,32,907,103,235,.438,92,188,.489,11,47,.234,74,108,.685,35,85,120,178,40,1,136,64,291
4,1,32,28.3,3.2,7.3,.438,2.9,5.9,.489,0.3,1.5,.234,2.3,3.4,.685,3.8,5.6,1.3,0.0,4.3,2.0,9.1
4,2,32,907,4.5,10.4,.438,4.1,8.3,.489,0.5,2.1,.234,3.3,4.8,.685,5.3,7.9,1.8,0.0,6.0,2.8,12.8
4,3,32,907,6.6,15.1,.438,5.9,12.1,.489,0.7,3.0,.234,4.8,7.0,.685,7.7,11.5,2.6,0.1,8.8,4.1,18.7,,93.2,107.0
4,4,32,907,13.8,.508,.462,.200,.460,372,4.6,10.3,7.6,37.4,2.6,0.1,32.2,23.4,,0.5,0.7,1.1,.050,,-1.9,-2.1,-4.0
5,0,32,493,76,170,.447,20,40,.500,56,130,.431,9,14,.643,10,48,58,9,7,5,20,23,217
5,1,32,15.4,2.4,5.3,.447,0.6,1.3,.500,1.8,4.1,.431,0.3,0.4,.643,1.8,0.3,0.2,0.2,0.6,0.7,6.8
5,2,32,493,6.2,13.8,.447,1.6,3.2,.500,4.5,10.5,.431,0.7,1.1,.643,4.7,0.7,0.6,0.4,1.6,1.9,17.6
5,3,32,493,9.0,20.1,.447,2.4,4.7,.500,6.6,15.4,.431,1.1,1.7,.643,6.9,1.1,0.8,0.6,2.4,2.7,25.7,,118.3,110.4
5,4,32,493,17.1,.614,.612,.765,.082,173,2.4,10.7,6.7,3.8,0.8,1.2,10.2,20.0,,1.2,0.2,1.4,.115,,2.6,-5.1,-2.5
6,0,32,786,80,168,.476,58,102,.569,22,66,.333,34,51,.667,43,97,140,62,26,38,40,88,216
6,1,32,24.6,2.5,5.3,.476,1.8,3.2,.569,0.7,2.1,.333,1.1,1.6,.667,4.4,1.9,0.8,1.2,1.3,2.8,6.8
6,2,32,786,4.1,8.5,.476,3.0,5.2,.569,1.1,3.4,.333,1.7,2.6,.667,7.1,3.2,1.3,1.9,2.0,4.5,11.0
6,3,32,786,5.9,12.5,.476,4.3,7.6,.569,1.6,4.9,.333,2.5,3.8,.667,10.4,4.6,1.9,2.8,3.0,6.5,16.1,,114.3,104.3
6,4,32,786,16.3,.562,.542,.393,.304,233,6.6,13.5,10.2,14.7,1.9,5.5,17.2,14.8,,1.5,0.8,2.3,.115,,1.2,1.7,3.0
7,0,28,589,90,192,.469,77,145,.531,13,47,.277,42,66,.636,22,43,65,20,32,4,59,80,235
7,1,28,21.0,3.2,6.9,.469,2.8,5.2,.531,0.5,1.7,.277,1.5,2.4,.636,2.3,0.7,1.1,0.1,2.1,2.9,8.4
7,2,28,589,6.1,13.0,.469,5.2,9.8,.531,0.9,3.2,.277,2.9,4.5,.636,4.4,1.4,2.2,0.3,4.0,5.4,16.0
7,3,28,589,8.9,19.0,.469,7.6,14.4,.531,1.3,4.7,.277,4.2,6.5,.636,6.4,2.0,3.2,0.4,5.9,7.9,23.3,,92.7,106.0
7,4,28,589,12.4,.526,.503,.245,.344,212,4.5,8.0,6.3,7.0,3.2,0.8,20.9,24.0,,0.2,0.5,0.7,.049,,-2.6,-2.2,-4.8
8,0,32,713,77,131,.588,73,118,.619,4,13,.308,49,70,.700,45,79,124,15,20,30,20,69,207
8,1,32,22.3,2.4,4.1,.588,2.3,3.7,.619,0.1,0.4,.308,1.5,2.2,.700,3.9,0.5,0.6,0.9,0.6,2.2,6.5
8,2,32,713,4.3,7.3,.588,4.1,6.6,.619,0.2,0.7,.308,2.7,3.9,.700,7.0,0.8,1.1,1.7,1.1,3.9,11.6
8,3,32,713,6.3,10.7,.588,6.0,9.7,.619,0.3,1.1,.308,4.0,5.7,.700,10.2,1.2,1.6,2.5,1.6,5.7,17.0,,128.6,106.0
8,4,32,713,17.2,.630,.603,.099,.534,196,7.6,12.1,9.9,4.0,1.6,4.8,10.9,13.0,,1.7,0.6,2.3,.130,,1.0,0.4,1.3
9,0,24,134,7,22,.318,3,13,.231,4,9,.444,5,8,.625,10,12,22,6,6,4,8,13,23
9,1,24,5.6,0.3,0.9,.318,0.1,0.5,.231,0.2,0.4,.444,0.2,0.3,.625,0.9,0.3,0.3,0.2,0.3,0.5,1.0
9,2,24,134,2.1,6.6,.318,0.9,3.9,.231,1.2,2.7,.444,1.5,2.4,.625,6.6,1.8,1.8,1.2,2.4,3.9,6.9
9,3,24,134,3.1,9.6,.318,1.3,5.7,.231,1.7,3.9,.444,2.2,3.5,.625,9.6,2.6,2.6,1.7,3.5,5.7,10.0,,93.0,105.6
9,4,24,134,9.4,.446,.409,.409,.364,28,8.9,9.8,9.4,7.6,2.6,3.4,23.7,12.7,,0.0,0.1,0.1,.045,,-2.5,0.4,-2.1
10,0,32,880,128,289,.443,92,194,.474,36,95,.379,76,118,.644,43,122,165,69,57,4,85,75,368
10,1,32,27.5,4.0,9.0,.443,2.9,6.1,.474,1.1,3.0,.379,2.4,3.7,.644,5.2,2.2,1.8,0.1,2.7,2.3,11.5
10,2,32,880,5.8,13.1,.443,4.2,8.8,.474,1.6,4.3,.379,3.5,5.4,.644,7.5,3.1,2.6,0.2,3.9,3.4,16.7
10,3,32,880,8.5,19.2,.443,6.1,12.9,.474,2.4,6.3,.379,5.0,7.8,.644,11.0,4.6,3.8,0.3,5.6,5.0,24.4,,101.1,101.5
10,4,32,880,18.2,.533,.505,.329,.408,365,5.9,15.2,10.7,15.9,3.8,0.5,19.8,24.5,,1.3,1.1,2.4,.107,,0.6,-0.3,0.3
11,0,32,689,89,213,.418,29,70,.414,60,143,.420,55,63,.873,17,63,80,30,27,6,43,46,293
11,1,32,21.5,2.8,6.7,.418,0.9,2.2,.414,1.9,4.5,.420,1.7,2.0,.873,2.5,0.9,0.8,0.2,1.3,1.4,9.2
11,2,32,689,5.2,12.4,.418,1.7,4.1,.414,3.5,8.3,.420,3.2,3.7,.873,4.6,1.7,1.6,0.3,2.5,2.7,17.0
11,3,32,689,7.5,18.1,.418,2.5,5.9,.414,5.1,12.1,.420,4.7,5.3,.873,6.8,2.5,2.3,0.5,3.6,3.9,24.8,,115.4,107.4
11,4,32,689,17.6,.603,.559,.671,.296,260,3.0,10.0,6.6,8.6,2.3,1.0,15.0,20.8,,1.7,0.5,2.2,.126,,2.9,-2.9,0.0
