0,0,27,660,80,225,.356,38,87,.437,42,138,.304,34,42,.810,7,47,54,52,21,0,43,44,236
0,1,27,24.4,3.0,8.3,.356,1.4,3.2,.437,1.6,5.1,.304,1.3,1.6,.810,2.0,1.9,0.8,0.0,1.6,1.6,8.7
0,2,27,660,4.8,13.6,.356,2.3,5.3,.437,2.5,8.4,.304,2.1,2.5,.810,3.3,3.2,1.3,0.0,2.6,2.7,14.3
0,3,27,660,7.7,21.7,.356,3.7,8.4,.437,4.0,13.3,.304,3.3,4.0,.810,5.2,5.0,2.0,0.0,4.1,4.2,22.7,,96.4,99.4
0,4,27,660,11.9,.482,.449,.613,.187,224,1.3,9.0,5.1,17.3,2.0,0.0,14.9,23.8,,0.5,1.0,1.5,.090,,1.9,1.1,3.0
1,0,32,728,44,111,.396,23,46,.500,21,65,.323,21,44,.477,13,56,69,70,39,1,39,53,130
1,1,32,22.8,1.4,3.5,.396,0.7,1.4,.500,0.7,2.0,.323,0.7,1.4,.477,2.2,2.2,1.2,0.0,1.2,1.7,4.1
1,2,32,728,2.4,6.1,.396,1.3,2.5,.500,1.2,3.6,.323,1.2,2.4,.477,3.8,3.8,2.1,0.1,2.1,2.9,7.1
1,3,32,728,3.8,9.7,.396,2.0,4.0,.500,1.8,5.7,.323,1.8,3.8,.477,6.0,6.1,3.4,0.1,3.4,4.6,11.4,,97.2,95.9
1,4,32,728,10.5,.493,.491,.586,.396,150,2.2,9.8,5.9,18.6,3.4,0.2,22.8,12.8,,0.3,1.4,1.7,.094,,1.2,4.4,5.6
2,0,10,24,0,1,.000,0,0,,0,1,.000,0,0,,0,5,5,1,0,0,0,5,0
2,1,10,2.4,0.0,0.1,.000,0.0,0.0,,0.0,0.1,.000,0.0,0.0,,0.5,0.1,0.0,0.0,0.0,0.5,0.0
2,2,10,24,0.0,1.7,.000,0.0,0.0,,0.0,1.7,.000,0.0,0.0,,8.3,1.7,0.0,0.0,0.0,8.3,0.0
2,3,10,24,0.0,2.6,.000,0.0,0.0,,0.0,2.6,.000,0.0,0.0,,13.2,2.6,0.0,0.0,0.0,13.2,0.0,,58.8,96.2
2,4,10,24,0.1,.000,.000,1.000,.000,1,0.0,26.5,12.9,7.2,0.0,0.0,0.0,2.3,,0.0,0.0,0.0,.060,,-4.7,4.1,-0.6
3,0,27,753,135,280,.482,86,167,.515,49,113,.434,44,75,.587,70,96,166,41,32,23,54,71,363
3,1,27,27.9,5.0,10.4,.482,3.2,6.2,.515,1.8,4.2,.434,1.6,2.8,.587,6.1,1.5,1.2,0.9,2.0,2.6,13.4
3,2,27,753,7.2,14.9,.482,4.6,8.9,.515,2.6,6.0,.434,2.3,4.0,.587,8.8,2.2,1.7,1.2,2.9,3.8,19.3
3,3,27,753,11.4,23.6,.482,7.3,14.1,.515,4.1,9.5,.434,3.7,6.3,.587,14.0,3.5,2.7,1.9,4.6,6.0,30.7,,110.6,93.0
3,4,27,753,24.5,.575,.570,.404,.268,338,11.3,16.2,13.7,13.7,2.7,3.6,14.6,26.8,,2.0,1.6,3.6,.190,,6.9,5.1,11.9
4,0,25,742,98,231,.424,41,84,.488,57,147,.388,59,68,.868,23,84,107,37,31,2,43,42,312
4,1,25,29.7,3.9,9.2,.424,1.6,3.4,.488,2.3,5.9,.388,2.4,2.7,.868,4.3,1.5,1.2,0.1,1.7,1.7,12.5
4,2,25,742,5.3,12.5,.424,2.2,4.5,.488,3.1,7.9,.388,3.2,3.7,.868,5.8,2.0,1.7,0.1,2.3,2.3,16.8
4,3,25,742,8.4,19.8,.424,3.5,7.2,.488,4.9,12.6,.388,5.1,5.8,.868,9.2,3.2,2.7,0.2,3.7,3.6,26.7,,113.7,95.7
4,4,25,742,19.5,.592,.548,.636,.294,278,3.8,14.4,8.9,11.2,2.7,0.3,14.0,22.5,,1.8,1.4,3.2,.173,,6.1,2.9,9.0
5,0,1,3,0,1,.000,0,0,,0,1,.000,0,0,,0,0,0,0,1,0,0,0,0
5,1,1,3.0,0.0,1.0,.000,0.0,0.0,,0.0,1.0,.000,0.0,0.0,,0.0,0.0,1.0,0.0,0.0,0.0,0.0
5,2,1,3,0.0,13.3,.000,0.0,0.0,,0.0,13.3,.000,0.0,0.0,,0.0,0.0,13.3,0.0,0.0,0.0,0.0
5,3,1,3,0.0,21.2,.000,0.0,0.0,,0.0,21.2,.000,0.0,0.0,,0.0,0.0,21.2,0.0,0.0,0.0,0.0,,0.0,60.6
5,4,1,3,6.5,.000,.000,1.000,.000,0,0.0,0.0,0.0,0.0,21.2,0.0,0.0,18.2,,0.0,0.0,0.0,-.035,,-3.6,16.3,12.7
6,0,32,965,85,225,.378,77,196,.393,8,29,.276,50,95,.526,13,63,76,145,32,7,68,63,228
6,1,32,30.2,2.7,7.0,.378,2.4,6.1,.393,0.3,0.9,.276,1.6,3.0,.526,2.4,4.5,1.0,0.2,2.1,2.0,7.1
6,2,32,965,3.5,9.3,.378,3.2,8.1,.393,0.3,1.2,.276,2.1,3.9,.526,3.2,6.0,1.3,0.3,2.8,2.6,9.5
6,3,32,965,5.6,14.8,.378,5.1,12.9,.393,0.5,1.9,.276,3.3,6.3,.526,5.0,9.6,2.1,0.5,4.5,4.2,15.0,,92.3,99.1
6,4,32,965,10.6,.422,.396,.129,.422,281,1.6,8.3,4.9,30.8,2.1,0.9,20.1,19.1,,0.2,1.5,1.7,.072,,-1.2,2.7,1.4
7,0,4,7,0,2,.000,0,1,.000,0,1,.000,0,0,,0,0,0,0,0,0,1,1,0
7,1,4,1.8,0.0,0.5,.000,0.0,0.3,.000,0.0,0.3,.000,0.0,0.0,,0.0,0.0,0.0,0.0,0.3,0.3,0.0
7,2,4,7,0.0,11.4,.000,0.0,5.7,.000,0.0,5.7,.000,0.0,0.0,,0.0,0.0,0.0,0.0,5.7,5.7,0.0
7,3,4,7,0.0,18.2,.000,0.0,9.1,.000,0.0,9.1,.000,0.0,0.0,,0.0,0.0,0.0,0.0,9.1,9.1,0.0,,0.0,107.3
7,4,4,7,-25.6,.000,.000,.500,.000,0,0.0,0.0,0.0,0.0,0.0,0.0,33.3,23.4,,-0.1,0.0,-0.1,-.338,,-19.3,-1.5,-20.7
8,0,30,594,71,151,.470,59,102,.578,12,49,.245,32,41,.780,46,100,146,10,10,26,18,64,186
8,1,30,19.8,2.4,5.0,.470,2.0,3.4,.578,0.4,1.6,.245,1.1,1.4,.780,4.9,0.3,0.3,0.9,0.6,2.1,6.2
8,2,30,594,4.8,10.2,.470,4.0,6.9,.578,0.8,3.3,.245,2.2,2.8,.780,9.8,0.7,0.7,1.8,1.2,4.3,12.5
8,3,30,594,7.6,16.2,.470,6.3,10.9,.578,1.3,5.2,.245,3.4,4.4,.780,15.6,1.1,1.1,2.8,1.9,6.9,19.9,,114.7,93.6
8,4,30,594,17.9,.546,.510,.325,.272,176,9.4,21.4,15.2,3.7,1.1,5.2,9.6,17.3,,1.2,1.2,2.4,.163,,1.5,4.2,5.7
9,0,32,604,50,84,.595,50,82,.610,0,2,.000,30,43,.698,51,65,116,32,23,1,36,47,130
9,1,32,18.9,1.6,2.6,.595,1.6,2.6,.610,0.0,0.1,.000,0.9,1.3,.698,3.6,1.0,0.7,0.0,1.1,1.5,4.1
9,2,32,604,3.3,5.6,.595,3.3,5.4,.610,0.0,0.1,.000,2.0,2.8,.698,7.7,2.1,1.5,0.1,2.4,3.1,8.6
9,3,32,604,5.3,8.8,.595,5.3,8.6,.610,0.0,0.2,.000,3.2,4.5,.698,12.2,3.4,2.4,0.1,3.8,4.9,13.7,,111.4,96.5
9,4,32,604,14.6,.622,.595,.024,.512,147,10.2,13.7,11.9,10.7,2.4,0.2,25.6,12.7,,0.9,1.1,2.0,.131,,2.1,4.7,6.8
10,0,22,317,41,89,.461,35,57,.614,6,32,.188,27,44,.614,10,32,42,6,9,6,20,34,115
10,1,22,14.4,1.9,4.0,.461,1.6,2.6,.614,0.3,1.5,.188,1.2,2.0,.614,1.9,0.3,0.4,0.3,0.9,1.5,5.2
10,2,22,317,5.2,11.2,.461,4.4,7.2,.614,0.8,4.0,.188,3.4,5.6,.614,5.3,0.8,1.1,0.8,2.5,4.3,14.5
10,3,22,317,8.2,17.9,.461,7.0,11.4,.614,1.2,6.4,.188,5.4,8.8,.614,8.4,1.2,1.8,1.2,4.0,6.8,23.1,,97.2,97.0
10,4,22,317,13.1,.523,.494,.360,.494,100,3.8,12.8,8.2,4.2,1.8,2.3,15.4,22.4,,0.2,0.6,0.8,.100,,-0.6,2.0,1.5
11,0,32,609,77,190,.405,56,108,.519,21,82,.256,34,52,.654,27,63,90,23,17,12,31,55,209
11,1,32,19.0,2.4,5.9,.405,1.8,3.4,.519,0.7,2.6,.256,1.1,1.6,.654,2.8,0.7,0.5,0.4,1.0,1.7,6.5
11,2,32,609,5.1,12.5,.405,3.7,7.1,.519,1.4,5.4,.256,2.2,3.4,.654,5.9,1.5,1.1,0.8,2.0,3.6,13.7
11,3,32,609,8.0,19.8,.405,5.8,11.3,.519,2.2,8.6,.256,3.6,5.4,.654,9.4,2.4,1.8,1.3,3.2,5.7,21.8,,98.7,97.0
11,4,32,609,13.6,.487,.461,.432,.274,194,5.4,13.1,9.2,8.4,1.8,2.3,12.6,22.0,,0.5,1.1,1.6,.106,,0.9,2.8,3.7
12,0,30,446,63,117,.538,63,114,.553,0,3,.000,17,44,.386,39,65,104,2,10,36,31,61,143
12,1,30,14.9,2.1,3.9,.538,2.1,3.8,.553,0.0,0.1,.000,0.6,1.5,.386,3.5,0.1,0.3,1.2,1.0,2.0,4.8
12,2,30,446,5.7,10.5,.538,5.7,10.2,.553,0.0,0.3,.000,1.5,3.9,.386,9.3,0.2,0.9,3.2,2.8,5.5,12.8
12,3,30,446,9.0,16.7,.538,9.0,16.3,.553,0.0,0.4,.000,2.4,6.3,.386,14.8,0.3,1.4,5.1,4.4,8.7,20.4,,93.3,91.6
12,4,30,446,16.0,.518,.538,.026,.376,130,10.6,18.5,14.5,1.0,1.4,9.6,18.4,20.7,,0.1,1.0,1.2,.105,,-3.3,5.5,2.3
