0,0,1,0,0,0,,0,0,,0,0,,0,0,,0,0,0,0,0,0,0,0,0
0,1,1,0.0,0.0,0.0,,0.0,0.0,,0.0,0.0,,0.0,0.0,,0.0,0.0,0.0,0.0,0.0,0.0,0.0
0,2,1,0,,,,,,,,,,,,,,,,,,,
0,3,1,0,,,,,,,,,,,,,,,,,,,,,,
0,4,1,0,,,,,,,,,,,,,,,,0.0,0.0,0.0,,,-2.2,2.6,0.4
1,0,37,1218,169,439,.385,89,197,.452,80,242,.331,107,130,.823,15,39,54,98,32,9,53,49,525
1,1,37,32.9,4.6,11.9,.385,2.4,5.3,.452,2.2,6.5,.331,2.9,3.5,.823,1.5,2.6,0.9,0.2,1.4,1.3,14.2
1,2,37,1218,5.6,14.4,.385,2.9,6.5,.452,2.6,7.9,.331,3.5,4.3,.823,1.8,3.2,1.1,0.3,1.7,1.6,17.2
1,3,37,1218,8.7,22.6,.385,4.6,10.1,.452,4.1,12.4,.331,5.5,6.7,.823,2.8,5.0,1.6,0.5,2.7,2.5,27.0,,115.4,103.5
1,4,37,1218,17.5,.524,.476,.551,.296,490,1.5,3.7,2.6,16.1,1.6,0.8,9.6,23.8,,3.4,1.3,4.7,.155,,5.2,-0.4,4.8
2,0,37,905,191,322,.593,191,322,.593,0,0,,46,102,.451,82,117,199,30,13,26,63,91,428
2,1,37,24.5,5.2,8.7,.593,5.2,8.7,.593,0.0,0.0,,1.2,2.8,.451,5.4,0.8,0.4,0.7,1.7,2.5,11.6
2,2,37,905,8.4,14.2,.593,8.4,14.2,.593,0.0,0.0,,2.0,4.5,.451,8.8,1.3,0.6,1.1,2.8,4.0,18.9
2,3,37,905,13.2,22.3,.593,13.2,22.3,.593,0.0,0.0,,3.2,7.1,.451,13.8,2.1,0.9,1.8,4.4,6.3,29.6,,110.0,98.5
2,4,37,905,22.2,.578,.593,.000,.317,382,10.9,14.9,13.0,7.7,0.9,3.1,14.5,25.1,,2.2,1.4,3.6,.160,,2.8,2.1,4.9
3,0,8,21,1,3,.333,1,3,.333,0,0,,5,8,.625,1,2,3,2,3,1,1,1,7
3,1,8,2.6,0.1,0.4,.333,0.1,0.4,.333,0.0,0.0,,0.6,1.0,.625,0.4,0.3,0.4,0.1,0.1,0.1,0.9
3,2,8,21,1.9,5.7,.333,1.9,5.7,.333,0.0,0.0,,9.5,15.2,.625,5.7,3.8,5.7,1.9,1.9,1.9,13.3
3,3,8,21,3.0,8.9,.333,3.0,8.9,.333,0.0,0.0,,14.9,23.9,.625,8.9,6.0,8.9,3.0,3.0,3.0,20.9,,116.4,81.6
3,4,8,21,27.4,.515,.333,.000,2.667,8,5.7,11.0,8.4,16.1,8.9,5.2,12.8,19.5,,0.1,0.1,0.1,.233,,3.5,10.5,14.0
4,0,33,355,54,105,.514,42,75,.560,12,30,.400,21,28,.750,27,48,75,8,5,15,24,55,141
4,1,33,10.8,1.6,3.2,.514,1.3,2.3,.560,0.4,0.9,.400,0.6,0.8,.750,2.3,0.2,0.2,0.5,0.7,1.7,4.3
4,2,33,355,6.1,11.8,.514,4.7,8.5,.560,1.4,3.4,.400,2.4,3.2,.750,8.5,0.9,0.6,1.7,2.7,6.2,15.9
4,3,33,355,9.5,18.5,.514,7.4,13.2,.560,2.1,5.3,.400,3.7,4.9,.750,13.2,1.4,0.9,2.6,4.2,9.7,24.9,,111.4,97.1
4,4,33,355,18.2,.596,.571,.286,.267,126,9.2,15.6,12.5,4.6,0.9,4.6,16.9,21.0,,0.8,0.6,1.4,.155,,2.0,2.1,4.2
5,0,36,1229,155,323,.480,112,206,.544,43,117,.368,54,97,.557,74,205,279,136,34,15,81,67,407
5,1,36,34.1,4.3,9.0,.480,3.1,5.7,.544,1.2,3.3,.368,1.5,2.7,.557,7.8,3.8,0.9,0.4,2.3,1.9,11.3
5,2,36,1229,5.0,10.5,.480,3.6,6.7,.544,1.4,3.8,.368,1.8,3.2,.557,9.1,4.4,1.1,0.5,2.6,2.2,13.2
5,3,36,1229,7.9,16.5,.480,5.7,10.5,.544,2.2,6.0,.368,2.8,4.9,.557,14.2,6.9,1.7,0.8,4.1,3.4,20.7,,112.4,96.0
5,4,36,1229,19.7,.551,.546,.362,.300,440,7.3,19.3,13.4,21.6,1.7,1.3,18.0,19.2,,2.7,2.2,5.0,.163,,5.2,4.3,9.5
6,0,33,222,17,39,.436,13,24,.542,4,15,.267,0,0,,13,24,37,12,7,2,18,20,38
6,1,33,6.7,0.5,1.2,.436,0.4,0.7,.542,0.1,0.5,.267,0.0,0.0,,1.1,0.4,0.2,0.1,0.5,0.6,1.2
6,2,33,222,3.1,7.0,.436,2.3,4.3,.542,0.7,2.7,.267,0.0,0.0,,6.7,2.2,1.3,0.4,3.2,3.6,6.8
6,3,33,222,4.8,11.0,.436,3.7,6.8,.542,1.1,4.2,.267,0.0,0.0,,10.4,3.4,2.0,0.6,5.1,5.6,10.7,,85.4,98.4
6,4,33,222,7.8,.487,.487,.385,.000,43,7.1,12.5,9.8,9.6,2.0,1.0,31.6,13.5,,-0.1,0.4,0.3,.052,,-1.0,3.2,2.2
7,0,36,903,133,266,.500,131,260,.504,2,6,.333,58,92,.630,73,149,222,30,16,29,50,64,326
7,1,36,25.1,3.7,7.4,.500,3.6,7.2,.504,0.1,0.2,.333,1.6,2.6,.630,6.2,0.8,0.4,0.8,1.4,1.8,9.1
7,2,36,903,5.9,11.8,.500,5.8,11.5,.504,0.1,0.3,.333,2.6,4.1,.630,9.8,1.3,0.7,1.3,2.2,2.8,14.4
7,3,36,903,9.2,18.4,.500,9.1,18.0,.504,0.1,0.4,.333,4.0,6.4,.630,15.4,2.1,1.1,2.0,3.5,4.4,22.6,,107.8,96.2
7,4,36,903,18.7,.526,.504,.023,.346,314,9.8,19.1,14.5,6.8,1.1,3.5,13.9,20.9,,1.6,1.6,3.3,.145,,0.8,3.3,4.1
8,0,37,1212,153,372,.411,74,167,.443,79,205,.385,154,198,.778,18,91,109,125,41,0,87,56,539
8,1,37,32.8,4.1,10.1,.411,2.0,4.5,.443,2.1,5.5,.385,4.2,5.4,.778,2.9,3.4,1.1,0.0,2.4,1.5,14.6
8,2,37,1212,5.0,12.3,.411,2.4,5.5,.443,2.6,6.8,.385,5.1,6.5,.778,3.6,4.1,1.4,0.0,2.9,1.8,17.8
8,3,37,1212,7.9,19.2,.411,3.8,8.6,.443,4.1,10.6,.385,8.0,10.2,.778,5.6,6.5,2.1,0.0,4.5,2.9,27.9,,116.5,100.6
8,4,37,1212,20.0,.578,.517,.551,.532,521,1.8,8.7,5.3,20.1,2.1,0.0,15.7,23.9,,3.7,1.7,5.4,.177,,6.6,0.9,7.5
9,0,37,631,31,89,.348,18,43,.419,13,46,.283,15,25,.600,14,41,55,61,36,1,28,42,90
9,1,37,17.1,0.8,2.4,.348,0.5,1.2,.419,0.4,1.2,.283,0.4,0.7,.600,1.5,1.6,1.0,0.0,0.8,1.1,2.4
9,2,37,631,2.0,5.6,.348,1.1,2.7,.419,0.8,2.9,.283,1.0,1.6,.600,3.5,3.9,2.3,0.1,1.8,2.7,5.7
9,3,37,631,3.1,8.8,.348,1.8,4.3,.419,1.3,4.6,.283,1.5,2.5,.600,5.5,6.1,3.6,0.1,2.8,4.2,8.9,,99.4,97.7
9,4,37,631,9.8,.446,.421,.517,.281,115,2.7,7.5,5.1,16.4,3.6,0.2,21.7,10.7,,0.4,1.0,1.4,.089,,1.3,3.8,5.1
10,0,31,221,14,35,.400,14,35,.400,0,0,,12,27,.444,37,44,81,7,13,2,19,27,40
10,1,31,7.1,0.5,1.1,.400,0.5,1.1,.400,0.0,0.0,,0.4,0.9,.444,2.6,0.2,0.4,0.1,0.6,0.9,1.3
10,2,31,221,2.5,6.3,.400,2.5,6.3,.400,0.0,0.0,,2.2,4.9,.444,14.7,1.3,2.4,0.4,3.4,4.9,7.2
10,3,31,221,4.0,9.9,.400,4.0,9.9,.400,0.0,0.0,,3.4,7.7,.444,23.0,2.0,3.7,0.6,5.4,7.7,11.3,,89.2,89.7
10,4,31,221,13.6,.418,.400,.000,.771,57,20.2,23.0,21.6,5.5,3.7,1.0,28.4,15.9,,0.0,0.5,0.5,.096,,-0.9,4.5,3.5
11,0,37,658,50,90,.556,50,90,.556,0,0,,26,37,.703,48,91,139,12,21,31,25,73,126
11,1,37,17.8,1.4,2.4,.556,1.4,2.4,.556,0.0,0.0,,0.7,1.0,.703,3.8,0.3,0.6,0.8,0.7,2.0,3.4
11,2,37,658,3.0,5.5,.556,3.0,5.5,.556,0.0,0.0,,1.6,2.2,.703,8.4,0.7,1.3,1.9,1.5,4.4,7.7
11,3,37,658,4.8,8.6,.556,4.8,8.6,.556,0.0,0.0,,2.5,3.5,.703,13.2,1.1,2.0,3.0,2.4,6.9,12.0,,114.0,94.4
11,4,37,658,14.2,.586,.556,.000,.411,131,8.8,16.0,12.5,3.2,2.0,5.1,18.9,10.6,,0.9,1.3,2.2,.132,,1.1,5.9,7.0
