0,0,16,93,3,8,.375,2,5,.400,1,3,.333,0,5,.000,1,2,3,6,3,0,5,9,7
0,1,16,5.8,0.2,0.5,.375,0.1,0.3,.400,0.1,0.2,.333,0.0,0.3,.000,0.2,0.4,0.2,0.0,0.3,0.6,0.4
0,2,16,93,1.3,3.4,.375,0.9,2.2,.400,0.4,1.3,.333,0.0,2.2,.000,1.3,2.6,1.3,0.0,2.2,3.9,3.0
0,3,16,93,1.8,4.9,.375,1.2,3.1,.400,0.6,1.8,.333,0.0,3.1,.000,1.8,3.7,1.8,0.0,3.1,5.5,4.3,,64.6,111.4
0,4,16,93,1.1,.337,.438,.375,.625,9,1.1,2.4,1.7,11.0,1.8,0.0,32.5,7.8,,-0.1,0.0,-0.1,-.029,,-6.8,-3.8,-10.5
1,0,33,673,53,167,.317,39,127,.307,14,40,.350,13,21,.619,16,65,81,61,36,4,67,54,133
1,1,33,20.4,1.6,5.1,.317,1.2,3.8,.307,0.4,1.2,.350,0.4,0.6,.619,2.5,1.8,1.1,0.1,2.0,1.6,4.0
1,2,33,673,3.2,9.9,.317,2.3,7.5,.307,0.8,2.4,.350,0.8,1.2,.619,4.8,3.6,2.1,0.2,4.0,3.2,7.9
1,3,33,673,4.5,14.2,.317,3.3,10.8,.307,1.2,3.4,.350,1.1,1.8,.619,6.9,5.2,3.1,0.3,5.7,4.6,11.3,,72.6,104.4
1,4,33,673,5.8,.376,.359,.240,.126,149,2.4,10.9,6.4,16.9,3.1,0.6,27.5,17.2,,-0.9,0.6,-0.3,-.018,,-6.4,-1.5,-7.9
2,0,31,823,105,226,.465,105,224,.469,0,2,.000,63,89,.708,90,114,204,12,25,70,41,76,273
2,1,31,26.5,3.4,7.3,.465,3.4,7.2,.469,0.0,0.1,.000,2.0,2.9,.708,6.6,0.4,0.8,2.3,1.3,2.5,8.8
2,2,31,823,5.1,11.0,.465,5.1,10.9,.469,0.0,0.1,.000,3.1,4.3,.708,9.9,0.6,1.2,3.4,2.0,3.7,13.3
2,3,31,823,7.3,15.7,.465,7.3,15.6,.469,0.0,0.1,.000,4.4,6.2,.708,14.2,0.8,1.7,4.9,2.8,5.3,19.0,,106.8,101.7
2,4,31,823,19.3,.509,.465,.009,.394,269,11.0,15.6,13.2,3.0,1.7,8.5,13.3,17.8,,1.3,1.0,2.3,.110,,-2.5,1.0,-1.5
3,0,32,752,67,149,.450,66,139,.475,1,10,.100,43,91,.473,64,92,156,39,25,15,44,71,178
3,1,32,23.5,2.1,4.7,.450,2.1,4.3,.475,0.0,0.3,.100,1.3,2.8,.473,4.9,1.2,0.8,0.5,1.4,2.2,5.6
3,2,32,752,3.6,7.9,.450,3.5,7.4,.475,0.1,0.5,.100,2.3,4.8,.473,8.3,2.1,1.3,0.8,2.3,3.8,9.5
3,3,32,752,5.1,11.3,.450,5.0,10.6,.475,0.1,0.8,.100,3.3,6.9,.473,11.9,3.0,1.9,1.1,3.3,5.4,13.5,,95.5,104.9
3,4,32,752,12.3,.463,.453,.067,.611,194,8.6,13.8,11.0,9.8,1.9,2.0,18.6,14.9,,0.4,0.7,1.1,.056,,-2.9,-0.9,-3.8
4,0,32,384,58,128,.453,57,125,.456,1,3,.333,26,49,.531,37,44,81,4,17,14,33,85,143
4,1,32,12.0,1.8,4.0,.453,1.8,3.9,.456,0.0,0.1,.333,0.8,1.5,.531,2.5,0.1,0.5,0.4,1.0,2.7,4.5
4,2,32,384,6.0,13.3,.453,5.9,13.0,.456,0.1,0.3,.333,2.7,5.1,.531,8.4,0.4,1.8,1.5,3.4,8.9,14.9
4,3,32,384,8.6,19.0,.453,8.5,18.6,.456,0.1,0.4,.333,3.9,7.3,.531,12.1,0.6,2.5,2.1,4.9,12.7,21.3,,90.6,102.4
4,4,32,384,12.7,.473,.457,.023,.383,134,9.7,12.9,11.2,2.2,2.5,3.6,17.9,22.7,,0.1,0.4,0.5,.053,,-5.5,-2.9,-8.3
5,0,19,111,12,29,.414,11,27,.407,1,2,.500,13,20,.650,4,3,7,19,9,1,15,13,38
5,1,19,5.8,0.6,1.5,.414,0.6,1.4,.407,0.1,0.1,.500,0.7,1.1,.650,0.4,1.0,0.5,0.1,0.8,0.7,2.0
5,2,19,111,4.3,10.5,.414,4.0,9.7,.407,0.4,0.7,.500,4.7,7.2,.650,2.5,6.8,3.2,0.4,5.4,4.7,13.7
5,3,19,111,6.2,14.9,.414,5.7,13.9,.407,0.5,1.0,.500,6.7,10.3,.650,3.6,9.8,4.6,0.5,7.7,6.7,19.6,,91.8,104.5
5,4,19,111,14.7,.494,.431,.069,.690,44,3.6,3.0,3.4,33.7,4.6,0.9,28.0,22.8,,0.0,0.1,0.1,.052,,-3.5,-3.7,-7.2
6,0,14,197,18,62,.290,9,25,.360,9,37,.243,13,16,.813,6,12,18,15,17,0,22,17,58
6,1,14,14.1,1.3,4.4,.290,0.6,1.8,.360,0.6,2.6,.243,0.9,1.1,.813,1.3,1.1,1.2,0.0,1.6,1.2,4.1
6,2,14,197,3.7,12.6,.290,1.8,5.1,.360,1.8,7.5,.243,2.6,3.2,.813,3.7,3.0,3.5,0.0,4.5,3.5,11.8
6,3,14,197,5.2,18.0,.290,2.6,7.3,.360,2.6,10.7,.243,3.8,4.6,.813,5.2,4.4,4.9,0.0,6.4,4.9,16.8,,80.0,102.5
6,4,14,197,8.8,.417,.363,.597,.258,59,3.1,6.9,4.9,14.5,4.9,0.0,24.0,22.0,,-0.2,0.2,0.0,.008,,-3.7,-2.3,-6.0
7,0,30,403,26,89,.292,20,63,.317,6,26,.231,7,15,.467,7,21,28,40,21,2,44,56,65
7,1,30,13.4,0.9,3.0,.292,0.7,2.1,.317,0.2,0.9,.231,0.2,0.5,.467,0.9,1.3,0.7,0.1,1.5,1.9,2.2
7,2,30,403,2.6,8.8,.292,2.0,6.3,.317,0.6,2.6,.231,0.7,1.5,.467,2.8,4.0,2.1,0.2,4.4,5.6,6.5
7,3,30,403,3.7,12.6,.292,2.8,8.9,.317,0.9,3.7,.231,1.0,2.1,.467,4.0,5.7,3.0,0.3,6.2,7.9,9.2,,64.7,106.7
7,4,30,403,1.8,.338,.326,.292,.169,78,1.7,5.9,3.7,18.0,3.0,0.5,31.4,16.5,,-0.8,0.3,-0.5,-.052,,-7.9,-2.9,-10.7
8,0,33,911,138,355,.389,84,216,.389,54,139,.388,38,60,.633,24,53,77,47,24,1,46,61,368
8,1,33,27.6,4.2,10.8,.389,2.5,6.5,.389,1.6,4.2,.388,1.2,1.8,.633,2.3,1.4,0.7,0.0,1.4,1.8,11.2
8,2,33,911,6.1,15.6,.389,3.7,9.5,.389,2.4,6.1,.388,1.7,2.6,.633,3.4,2.1,1.1,0.0,2.0,2.7,16.2
8,3,33,911,8.7,22.3,.389,5.3,13.6,.389,3.4,8.7,.388,2.4,3.8,.633,4.8,2.9,1.5,0.1,2.9,3.8,23.1,,102.5,110.2
8,4,33,911,13.0,.480,.465,.392,.169,337,2.7,6.6,4.5,11.1,1.5,0.1,10.7,22.3,,1.2,0.4,1.6,.071,,-0.5,-5.1,-5.6
9,0,33,708,112,306,.366,51,107,.477,61,199,.307,35,41,.854,11,38,49,43,31,1,57,38,320
9,1,33,21.5,3.4,9.3,.366,1.5,3.2,.477,1.8,6.0,.307,1.1,1.2,.854,1.5,1.3,0.9,0.0,1.7,1.2,9.7
9,2,33,708,6.3,17.3,.366,2.9,6.0,.477,3.4,11.2,.307,2.0,2.3,.854,2.8,2.4,1.8,0.1,3.2,2.1,18.1
9,3,33,708,9.0,24.7,.366,4.1,8.6,.477,4.9,16.1,.307,2.8,3.3,.854,4.0,3.5,2.5,0.1,4.6,3.1,25.8,,98.7,108.4
9,4,33,708,14.0,.492,.466,.650,.134,290,1.6,6.0,3.7,13.2,2.5,0.1,14.9,25.6,,0.8,0.4,1.2,.068,,0.5,-5.4,-5.0
10,0,7,15,1,5,.200,1,5,.200,0,0,,4,6,.667,4,6,10,1,1,0,1,4,6
10,1,7,2.1,0.1,0.7,.200,0.1,0.7,.200,0.0,0.0,,0.6,0.9,.667,1.4,0.1,0.1,0.0,0.1,0.6,0.9
10,2,7,15,2.7,13.3,.200,2.7,13.3,.200,0.0,0.0,,10.7,16.0,.667,26.7,2.7,2.7,0.0,2.7,10.7,16.0
10,3,7,15,3.8,19.0,.200,3.8,19.0,.200,0.0,0.0,,15.2,22.9,.667,38.1,3.8,3.8,0.0,3.8,15.2,22.9,,99.6,85.0
10,4,7,15,24.4,.382,.200,.000,1.200,7,26.9,45.1,35.5,12.1,3.8,0.0,11.3,27.9,,0.0,0.0,0.1,.173,,-2.5,-2.1,-4.6
11,0,16,107,4,9,.444,4,9,.444,0,0,,3,8,.375,12,10,22,0,2,1,7,25,11
11,1,16,6.7,0.3,0.6,.444,0.3,0.6,.444,0.0,0.0,,0.2,0.5,.375,1.4,0.0,0.1,0.1,0.4,1.6,0.7
11,2,16,107,1.5,3.4,.444,1.5,3.4,.444,0.0,0.0,,1.1,3.0,.375,8.2,0.0,0.7,0.4,2.6,9.3,4.1
11,3,16,107,2.1,4.8,.444,2.1,4.8,.444,0.0,0.0,,1.6,4.3,.375,11.8,0.0,1.1,0.5,3.7,13.4,5.9,,75.6,107.8
11,4,16,107,2.6,.430,.444,.000,.889,14,11.3,10.5,10.9,0.0,1.1,0.9,35.4,8.8,,-0.1,0.1,0.0,.000,,-7.0,-4.7,-11.7
12,0,21,680,146,295,.495,132,245,.539,14,50,.280,53,86,.616,87,132,219,30,32,24,66,54,359
12,1,21,32.4,7.0,14.0,.495,6.3,11.7,.539,0.7,2.4,.280,2.5,4.1,.616,10.4,1.4,1.5,1.1,3.1,2.6,17.1
12,2,21,680,8.6,17.4,.495,7.8,14.4,.539,0.8,2.9,.280,3.1,5.1,.616,12.9,1.8,1.9,1.4,3.9,3.2,21.1
12,3,21,680,12.3,24.8,.495,11.1,20.6,.539,1.2,4.2,.280,4.5,7.2,.616,18.4,2.5,2.7,2.0,5.5,4.5,30.2,,104.0,98.7
12,4,21,680,25.7,.534,.519,.169,.292,341,12.9,21.9,17.1,11.0,2.7,3.5,16.4,28.0,,1.4,1.0,2.4,.142,,1.5,-0.7,0.8
13,0,28,385,35,84,.417,34,79,.430,1,5,.200,17,29,.586,28,45,73,12,12,7,36,72,88
13,1,28,13.8,1.3,3.0,.417,1.2,2.8,.430,0.0,0.2,.200,0.6,1.0,.586,2.6,0.4,0.4,0.3,1.3,2.6,3.1
13,2,28,385,3.6,8.7,.417,3.5,8.2,.430,0.1,0.5,.200,1.8,3.0,.586,7.6,1.2,1.2,0.7,3.7,7.5,9.1
13,3,28,385,5.2,12.5,.417,5.0,11.7,.430,0.1,0.7,.200,2.5,4.3,.586,10.8,1.8,1.8,1.0,5.3,10.7,13.1,,80.2,104.9
13,4,28,385,6.5,.450,.423,.060,.345,91,7.3,13.2,10.1,5.9,1.8,1.8,26.9,16.4,,-0.3,0.4,0.1,.008,,-6.3,-2.0,-8.3
14,0,18,407,42,107,.393,22,54,.407,20,53,.377,24,36,.667,16,28,44,15,14,5,29,36,128
14,1,18,22.6,2.3,5.9,.393,1.2,3.0,.407,1.1,2.9,.377,1.3,2.0,.667,2.4,0.8,0.8,0.3,1.6,2.0,7.1
14,2,18,407,4.1,10.5,.393,2.2,5.3,.407,2.0,5.2,.377,2.4,3.5,.667,4.3,1.5,1.4,0.5,2.9,3.5,12.6
14,3,18,407,5.9,15.0,.393,3.1,7.6,.407,2.8,7.4,.377,3.4,5.1,.667,6.2,2.1,2.0,0.7,4.1,5.1,18.0,,98.0,108.0
14,4,18,407,11.0,.516,.486,.495,.336,120,4.0,7.8,5.8,7.2,2.0,1.2,18.9,17.8,,0.3,0.2,0.6,.055,,-1.7,-3.2,-4.9
