0,0,25,581,79,187,.422,79,185,.427,0,2,.000,42,63,.667,39,73,112,11,5,8,35,74,200
0,1,25,23.2,3.2,7.5,.422,3.2,7.4,.427,0.0,0.1,.000,1.7,2.5,.667,4.5,0.4,0.2,0.3,1.4,3.0,8.0
0,2,25,581,5.4,12.9,.422,5.4,12.7,.427,0.0,0.1,.000,2.9,4.3,.667,7.7,0.8,0.3,0.6,2.4,5.1,13.8
0,3,25,581,8.3,19.6,.422,8.3,19.4,.427,0.0,0.2,.000,4.4,6.6,.667,11.7,1.2,0.5,0.8,3.7,7.8,21.0,,90.6,112.6
0,4,25,581,11.3,.461,.422,.011,.337,191,7.4,14.9,11.0,5.5,0.5,1.6,13.9,23.0,,0.0,0.2,0.2,.014,,-6.5,-4.8,-11.4
1,0,29,747,68,210,.324,55,154,.357,13,56,.232,70,100,.700,13,62,75,57,35,2,70,58,219
1,1,29,25.8,2.3,7.2,.324,1.9,5.3,.357,0.4,1.9,.232,2.4,3.4,.700,2.6,2.0,1.2,0.1,2.4,2.0,7.6
1,2,29,747,3.6,11.2,.324,2.9,8.2,.357,0.7,3.0,.232,3.7,5.4,.700,4.0,3.1,1.9,0.1,3.7,3.1,11.7
1,3,29,747,5.5,17.1,.324,4.5,12.5,.357,1.1,4.6,.232,5.7,8.1,.700,6.1,4.6,2.9,0.2,5.7,4.7,17.8,,79.5,110.6
1,4,29,747,8.5,.425,.355,.267,.476,223,1.9,9.8,5.7,19.5,2.9,0.3,21.4,23.3,,-0.9,0.4,-0.5,-.027,,-6.1,-3.2,-9.3
2,0,7,10,2,5,.400,0,1,.000,2,4,.500,0,0,,0,1,1,0,0,0,0,2,6
2,1,7,1.4,0.3,0.7,.400,0.0,0.1,.000,0.3,0.6,.500,0.0,0.0,,0.1,0.0,0.0,0.0,0.0,0.3,0.9
2,2,7,10,8.0,20.0,.400,0.0,4.0,.000,8.0,16.0,.500,0.0,0.0,,4.0,0.0,0.0,0.0,0.0,8.0,24.0
2,3,7,10,12.2,30.4,.400,0.0,6.1,.000,12.2,24.4,.500,0.0,0.0,,6.1,0.0,0.0,0.0,0.0,12.2,36.5,,120.6,115.2
2,4,7,10,19.6,.600,.600,.800,.000,4,0.0,11.8,5.7,0.0,0.0,0.0,0.0,26.6,,0.0,0.0,0.0,.131,,2.8,-12.7,-9.9
3,0,28,438,20,92,.217,12,54,.222,8,38,.211,14,28,.500,4,28,32,29,12,0,43,34,62
3,1,28,15.6,0.7,3.3,.217,0.4,1.9,.222,0.3,1.4,.211,0.5,1.0,.500,1.1,1.0,0.4,0.0,1.5,1.2,2.2
3,2,28,438,1.8,8.4,.217,1.1,4.9,.222,0.7,3.5,.211,1.3,2.6,.500,2.9,2.6,1.1,0.0,3.9,3.1,5.7
3,3,28,438,2.8,12.8,.217,1.7,7.5,.222,1.1,5.3,.211,1.9,3.9,.500,4.4,4.0,1.7,0.0,6.0,4.7,8.6,,53.7,114.3
3,4,28,438,-1.6,.294,.261,.413,.304,69,1.0,7.6,4.2,15.1,1.7,0.0,29.0,18.0,,-1.4,0.1,-1.3,-.121,,-11.1,-4.4,-15.5
4,0,27,313,15,44,.341,15,44,.341,0,0,,8,18,.444,20,24,44,7,4,7,23,38,38
4,1,27,11.6,0.6,1.6,.341,0.6,1.6,.341,0.0,0.0,,0.3,0.7,.444,1.6,0.3,0.1,0.3,0.9,1.4,1.4
4,2,27,313,1.9,5.6,.341,1.9,5.6,.341,0.0,0.0,,1.0,2.3,.444,5.6,0.9,0.5,0.9,2.9,4.9,4.9
4,3,27,313,2.9,8.6,.341,2.9,8.6,.341,0.0,0.0,,1.6,3.5,.444,8.6,1.4,0.8,1.4,4.5,7.4,7.4,,65.2,114.1
4,4,27,313,2.1,.362,.341,.000,.409,45,7.1,9.1,8.0,5.1,0.8,2.5,30.4,12.8,,-0.5,0.0,-0.5,-.059,,-9.9,-2.3,-12.2
5,0,29,443,26,55,.473,26,55,.473,0,0,,4,14,.286,24,39,63,3,3,14,32,50,56
5,1,29,15.3,0.9,1.9,.473,0.9,1.9,.473,0.0,0.0,,0.1,0.5,.286,2.2,0.1,0.1,0.5,1.1,1.7,1.9
5,2,29,443,2.3,5.0,.473,2.3,5.0,.473,0.0,0.0,,0.4,1.3,.286,5.7,0.3,0.3,1.3,2.9,4.5,5.1
5,3,29,443,3.6,7.6,.473,3.6,7.6,.473,0.0,0.0,,0.5,1.9,.286,8.7,0.4,0.4,1.9,4.4,6.9,7.7,,68.5,114.0
5,4,29,443,3.2,.454,.473,.000,.255,58,6.0,10.4,8.1,1.6,0.4,3.6,34.2,11.2,,-0.5,0.1,-0.5,-.042,,-9.7,-2.2,-11.8
6,0,29,752,40,121,.331,40,120,.333,0,1,.000,18,32,.563,27,77,104,29,6,22,40,52,98
6,1,29,25.9,1.4,4.2,.331,1.4,4.1,.333,0.0,0.0,.000,0.6,1.1,.563,3.6,1.0,0.2,0.8,1.4,1.8,3.4
6,2,29,752,2.1,6.4,.331,2.1,6.4,.333,0.0,0.1,.000,1.0,1.7,.563,5.5,1.5,0.3,1.2,2.1,2.8,5.2
6,3,29,752,3.2,9.8,.331,3.2,9.7,.333,0.0,0.1,.000,1.5,2.6,.563,8.4,2.3,0.5,1.8,3.2,4.2,7.9,,70.7,113.5
6,4,29,752,4.4,.360,.331,.008,.264,110,4.0,12.1,7.9,9.0,0.5,3.3,22.7,12.4,,-0.9,0.2,-0.7,-.039,,-8.8,-1.2,-10.0
7,0,19,287,13,51,.255,6,19,.316,7,32,.219,28,45,.622,3,14,17,16,5,3,17,35,61
7,1,19,15.1,0.7,2.7,.255,0.3,1.0,.316,0.4,1.7,.219,1.5,2.4,.622,0.9,0.8,0.3,0.2,0.9,1.8,3.2
7,2,19,287,1.8,7.1,.255,0.8,2.6,.316,1.0,4.5,.219,3.9,6.3,.622,2.4,2.2,0.7,0.4,2.4,4.9,8.5
7,3,19,287,2.8,10.8,.255,1.3,4.0,.316,1.5,6.8,.219,5.9,9.5,.622,3.6,3.4,1.1,0.6,3.6,7.4,12.9,,82.4,115.6
7,4,19,287,4.3,.421,.324,.627,.882,62,1.2,5.8,3.4,12.7,1.1,1.2,19.0,16.5,,-0.2,0.0,-0.2,-.023,,-6.0,-5.0,-11.0
8,0,27,809,96,276,.348,41,108,.380,55,168,.327,59,83,.711,17,56,73,18,19,3,42,41,306
8,1,27,30.0,3.6,10.2,.348,1.5,4.0,.380,2.0,6.2,.327,2.2,3.1,.711,2.7,0.7,0.7,0.1,1.6,1.5,11.3
8,2,27,809,4.7,13.6,.348,2.0,5.3,.380,2.7,8.3,.327,2.9,4.1,.711,3.6,0.9,0.9,0.1,2.1,2.0,15.1
8,3,27,809,7.2,20.8,.348,3.1,8.1,.380,4.1,12.6,.327,4.4,6.2,.711,5.5,1.4,1.4,0.2,3.2,3.1,23.0,,95.0,114.6
8,4,27,809,11.6,.485,.447,.609,.301,273,2.3,8.2,5.2,6.1,1.4,0.4,11.8,23.5,,0.4,0.1,0.5,.025,,-1.8,-5.8,-7.6
9,0,29,957,181,401,.451,148,289,.512,33,112,.295,110,162,.679,40,154,194,62,46,2,69,88,505
9,1,29,33.0,6.2,13.8,.451,5.1,10.0,.512,1.1,3.9,.295,3.8,5.6,.679,6.7,2.1,1.6,0.1,2.4,3.0,17.4
9,2,29,957,7.6,16.8,.451,6.2,12.1,.512,1.4,4.7,.295,4.6,6.8,.679,8.1,2.6,1.9,0.1,2.9,3.7,21.1
9,3,29,957,11.5,25.5,.451,9.4,18.4,.512,2.1,7.1,.295,7.0,10.3,.679,12.3,3.9,2.9,0.1,4.4,5.6,32.1,,103.7,106.3
9,4,29,957,22.7,.528,.493,.279,.404,473,4.6,19.0,11.6,22.1,2.9,0.2,12.6,30.4,,1.9,0.9,2.7,.113,,3.3,-2.5,0.9
10,0,25,196,9,24,.375,9,24,.375,0,0,,2,2,1.000,10,23,33,1,3,1,8,33,20
10,1,25,7.8,0.4,1.0,.375,0.4,1.0,.375,0.0,0.0,,0.1,0.1,1.000,1.3,0.0,0.1,0.0,0.3,1.3,0.8
10,2,25,196,1.8,4.9,.375,1.8,4.9,.375,0.0,0.0,,0.4,0.4,1.000,6.7,0.2,0.6,0.2,1.6,6.7,4.1
10,3,25,196,2.8,7.5,.375,2.8,7.5,.375,0.0,0.0,,0.6,0.6,1.000,10.2,0.3,0.9,0.3,2.5,10.2,6.2,,74.7,112.2
10,4,25,196,2.6,.401,.375,.000,.083,22,5.7,13.9,9.6,1.2,0.9,0.6,24.3,8.9,,-0.1,0.1,-0.1,-.014,,-9.4,-3.8,-13.1
11,0,28,267,11,34,.324,10,26,.385,1,8,.125,13,20,.650,11,28,39,8,5,0,21,13,36
11,1,28,9.5,0.4,1.2,.324,0.4,0.9,.385,0.0,0.3,.125,0.5,0.7,.650,1.4,0.3,0.2,0.0,0.8,0.5,1.3
11,2,28,267,1.6,5.1,.324,1.5,3.9,.385,0.1,1.2,.125,1.9,3.0,.650,5.8,1.2,0.7,0.0,3.1,1.9,5.4
11,3,28,267,2.5,7.8,.324,2.3,5.9,.385,0.2,1.8,.125,3.0,4.6,.650,8.9,1.8,1.1,0.0,4.8,3.0,8.2,,68.8,113.6
11,4,28,267,3.5,.414,.338,.235,.588,40,4.6,12.4,8.4,6.8,1.1,0.0,32.6,12.8,,-0.4,0.1,-0.3,-.047,,-9.2,-3.5,-12.7
