0,0,31,681,101,273,.370,79,194,.407,22,79,.278,61,96,.635,32,96,128,40,35,5,72,57,285
0,1,31,22.0,3.3,8.8,.370,2.5,6.3,.407,0.7,2.5,.278,2.0,3.1,.635,4.1,1.3,1.1,0.2,2.3,1.8,9.2
0,2,31,681,5.9,16.0,.370,4.6,11.4,.407,1.3,4.6,.278,3.6,5.6,.635,7.5,2.3,2.1,0.3,4.2,3.3,16.7
0,3,31,681,8.5,22.9,.370,6.6,16.2,.407,1.8,6.6,.278,5.1,8.0,.635,10.7,3.3,2.9,0.4,6.0,4.8,23.9,,85.7,99.4
0,4,31,681,13.1,.447,.410,.289,.352,273,4.8,16.0,10.2,13.6,2.9,0.7,18.4,27.6,,-0.3,1.0,0.7,.041,,-4.2,-1.9,-6.1
1,0,30,917,136,396,.343,80,199,.402,56,197,.284,91,119,.765,8,57,65,93,56,1,104,71,419
1,1,30,30.6,4.5,13.2,.343,2.7,6.6,.402,1.9,6.6,.284,3.0,4.0,.765,2.2,3.1,1.9,0.0,3.5,2.4,14.0
1,2,30,917,5.9,17.3,.343,3.5,8.7,.402,2.4,8.6,.284,4.0,5.2,.765,2.8,4.1,2.4,0.0,4.5,3.1,18.3
1,3,30,917,8.5,24.6,.343,5.0,12.4,.402,3.5,12.2,.284,5.7,7.4,.765,4.0,5.8,3.5,0.1,6.5,4.4,26.0,,89.3,102.6
1,4,30,917,13.2,.463,.414,.497,.301,405,0.9,7.1,3.8,23.4,3.5,0.1,18.7,29.2,,0.1,1.0,1.1,.047,,-1.2,-3.3,-4.5
2,0,14,80,8,18,.444,8,18,.444,0,0,,0,0,,8,10,18,1,1,3,0,15,16
2,1,14,5.7,0.6,1.3,.444,0.6,1.3,.444,0.0,0.0,,0.0,0.0,,1.3,0.1,0.1,0.2,0.0,1.1,1.1
2,2,14,80,4.0,9.0,.444,4.0,9.0,.444,0.0,0.0,,0.0,0.0,,9.0,0.5,0.5,1.5,0.0,7.5,8.0
2,3,14,80,5.7,12.8,.444,5.7,12.8,.444,0.0,0.0,,0.0,0.0,,12.8,0.7,0.7,2.1,0.0,10.7,11.4,,113.3,103.1
2,4,14,80,11.1,.444,.444,.000,.000,17,10.3,14.2,12.2,2.6,0.7,3.8,0.0,10.8,,0.1,0.1,0.2,.093,,-4.5,-1.8,-6.3
3,0,31,666,103,250,.412,66,142,.465,37,108,.343,41,72,.569,37,73,110,35,45,1,58,62,284
3,1,31,21.5,3.3,8.1,.412,2.1,4.6,.465,1.2,3.5,.343,1.3,2.3,.569,3.5,1.1,1.5,0.0,1.9,2.0,9.2
3,2,31,666,6.2,15.0,.412,4.0,8.5,.465,2.2,6.5,.343,2.5,4.3,.569,6.6,2.1,2.7,0.1,3.5,3.7,17.1
3,3,31,666,8.8,21.4,.412,5.6,12.2,.465,3.2,9.2,.343,3.5,6.2,.569,9.4,3.0,3.9,0.1,5.0,5.3,24.3,,95.0,99.2
3,4,31,666,16.2,.500,.486,.432,.288,265,5.7,12.5,8.9,12.3,3.9,0.2,16.9,24.7,,0.5,0.9,1.4,.087,,-0.6,-1.6,-2.1
4,0,20,414,33,95,.347,25,76,.329,8,19,.421,16,24,.667,9,40,49,32,20,1,37,32,90
4,1,20,20.7,1.7,4.8,.347,1.3,3.8,.329,0.4,1.0,.421,0.8,1.2,.667,2.5,1.6,1.0,0.1,1.9,1.6,4.5
4,2,20,414,3.2,9.2,.347,2.4,7.3,.329,0.8,1.8,.421,1.5,2.3,.667,4.7,3.1,1.9,0.1,3.6,3.1,8.7
4,3,20,414,4.5,13.1,.347,3.4,10.5,.329,1.1,2.6,.421,2.2,3.3,.667,6.7,4.4,2.8,0.1,5.1,4.4,12.4,,77.7,102.3
4,4,20,414,6.9,.423,.389,.200,.253,95,2.2,11.0,6.4,15.4,2.8,0.2,25.8,16.6,,-0.4,0.5,0.1,.008,,-6.3,-1.2,-7.5
5,0,12,143,10,24,.417,9,21,.429,1,3,.333,7,8,.875,0,7,7,18,1,0,18,12,28
5,1,12,11.9,0.8,2.0,.417,0.8,1.8,.429,0.1,0.3,.333,0.6,0.7,.875,0.6,1.5,0.1,0.0,1.5,1.0,2.3
5,2,12,143,2.8,6.7,.417,2.5,5.9,.429,0.3,0.8,.333,2.0,2.2,.875,2.0,5.0,0.3,0.0,5.0,3.4,7.8
5,3,12,143,4.0,9.6,.417,3.6,8.4,.429,0.4,1.2,.333,2.8,3.2,.875,2.8,7.2,0.4,0.0,7.2,4.8,11.2,,76.8,110.0
5,4,12,143,3.5,.504,.438,.125,.333,33,0.0,5.6,2.6,24.6,0.4,0.0,39.3,15.4,,-0.1,0.1,-0.1,-.024,,-8.8,-5.9,-14.7
6,0,31,630,33,69,.478,33,67,.493,0,2,.000,11,36,.306,47,73,120,21,22,25,21,51,77
6,1,31,20.3,1.1,2.2,.478,1.1,2.2,.493,0.0,0.1,.000,0.4,1.2,.306,3.9,0.7,0.7,0.8,0.7,1.6,2.5
6,2,31,630,2.1,4.4,.478,2.1,4.3,.493,0.0,0.1,.000,0.7,2.3,.306,7.6,1.3,1.4,1.6,1.3,3.2,4.9
6,3,31,630,3.0,6.2,.478,3.0,6.1,.493,0.0,0.2,.000,1.0,3.3,.306,10.9,1.9,2.0,2.3,1.9,4.6,7.0,,94.5,101.3
6,4,31,630,10.0,.447,.478,.029,.522,93,7.7,13.2,10.3,6.3,2.0,4.0,19.6,8.2,,0.2,0.8,0.9,.059,,-4.4,2.0,-2.5
7,0,3,0,0,0,,0,0,,0,0,,0,0,,1,0,1,0,1,0,0,0,0
7,1,3,0.0,0.0,0.0,,0.0,0.0,,0.0,0.0,,0.0,0.0,,0.3,0.0,0.3,0.0,0.0,0.0,0.0
7,2,3,0,,,,,,,,,,,,,,,,,,,
7,3,3,0,,,,,,,,,,,,,,,,,,,,,,
7,4,3,0,,,,,,,,,,,,,,,,0.0,0.0,0.0,,,-7.8,-1.8,-9.6
8,0,17,69,8,15,.533,8,13,.615,0,2,.000,6,9,.667,2,10,12,4,4,0,3,6,22
8,1,17,4.1,0.5,0.9,.533,0.5,0.8,.615,0.0,0.1,.000,0.4,0.5,.667,0.7,0.2,0.2,0.0,0.2,0.4,1.3
8,2,17,69,4.6,8.7,.533,4.6,7.5,.615,0.0,1.2,.000,3.5,5.2,.667,7.0,2.3,2.3,0.0,1.7,3.5,12.8
8,3,17,69,6.6,12.4,.533,6.6,10.7,.615,0.0,1.7,.000,5.0,7.4,.667,9.9,3.3,3.3,0.0,2.5,5.0,18.2,,113.2,98.6
8,4,17,69,17.1,.571,.533,.133,.600,21,3.0,16.5,9.4,12.5,3.3,0.0,13.5,15.5,,0.1,0.1,0.2,.133,,-2.3,-1.4,-3.6
9,0,31,674,76,164,.463,76,162,.469,0,2,.000,43,67,.642,69,67,136,20,18,15,42,80,195
9,1,31,21.7,2.5,5.3,.463,2.5,5.2,.469,0.0,0.1,.000,1.4,2.2,.642,4.4,0.6,0.6,0.5,1.4,2.6,6.3
9,2,31,674,4.5,9.7,.463,4.5,9.6,.469,0.0,0.1,.000,2.6,4.0,.642,8.1,1.2,1.1,0.9,2.5,4.7,11.6
9,3,31,674,6.4,13.9,.463,6.4,13.7,.469,0.0,0.2,.000,3.6,5.7,.642,11.5,1.7,1.5,1.3,3.6,6.8,16.5,,98.6,103.7
9,4,31,674,13.0,.498,.463,.012,.409,201,10.5,11.3,10.9,6.3,1.5,2.3,17.7,17.0,,0.6,0.7,1.2,.073,,-3.5,-1.2,-4.6
10,0,30,928,117,315,.371,70,172,.407,47,143,.329,33,45,.733,14,39,53,62,25,5,45,35,314
10,1,30,30.9,3.9,10.5,.371,2.3,5.7,.407,1.6,4.8,.329,1.1,1.5,.733,1.8,2.1,0.8,0.2,1.5,1.2,10.5
10,2,30,928,5.0,13.6,.371,3.0,7.4,.407,2.0,6.2,.329,1.4,1.9,.733,2.3,2.7,1.1,0.2,1.9,1.5,13.5
10,3,30,928,7.2,19.4,.371,4.3,10.6,.407,2.9,8.8,.329,2.0,2.8,.733,3.3,3.8,1.5,0.3,2.8,2.2,19.3,,97.5,108.0
10,4,30,928,11.2,.467,.446,.454,.143,296,1.6,4.8,3.1,14.7,1.5,0.5,11.8,19.7,,0.8,0.5,1.3,.056,,-1.7,-3.9,-5.6
11,0,31,384,22,61,.361,22,61,.361,0,0,,21,55,.382,34,52,86,2,9,36,30,77,65
11,1,31,12.4,0.7,2.0,.361,0.7,2.0,.361,0.0,0.0,,0.7,1.8,.382,2.8,0.1,0.3,1.2,1.0,2.5,2.1
11,2,31,384,2.3,6.4,.361,2.3,6.4,.361,0.0,0.0,,2.2,5.7,.382,9.0,0.2,0.9,3.8,3.1,8.0,6.8
11,3,31,384,3.3,9.1,.361,3.3,9.1,.361,0.0,0.0,,3.1,8.2,.382,12.8,0.3,1.3,5.3,4.5,11.4,9.7,,69.9,98.6
11,4,31,384,6.3,.373,.361,.000,.902,71,9.1,15.4,12.1,1.0,1.3,9.5,25.6,14.7,,-0.5,0.6,0.0,.003,,-9.8,1.9,-7.9
12,0,31,714,85,169,.503,85,164,.518,0,5,.000,50,75,.667,56,104,160,12,19,11,50,109,220
12,1,31,23.0,2.7,5.5,.503,2.7,5.3,.518,0.0,0.2,.000,1.6,2.4,.667,5.2,0.4,0.6,0.4,1.6,3.5,7.1
12,2,31,714,4.8,9.5,.503,4.8,9.2,.518,0.0,0.3,.000,2.8,4.2,.667,9.0,0.7,1.1,0.6,2.8,6.1,12.3
12,3,31,714,6.8,13.5,.503,6.8,13.1,.518,0.0,0.4,.000,4.0,6.0,.667,12.8,1.0,1.5,0.9,4.0,8.7,17.6,,98.3,101.4
12,4,31,714,12.5,.538,.503,.030,.444,210,8.1,16.6,12.1,3.6,1.5,1.6,19.6,17.1,,0.6,0.9,1.4,.081,,-4.3,-1.9,-6.2
