0,0,29,320,11,50,.220,8,31,.258,3,19,.158,6,9,.667,4,18,22,19,10,2,32,38,31
0,1,29,11.0,0.4,1.7,.220,0.3,1.1,.258,0.1,0.7,.158,0.2,0.3,.667,0.8,0.7,0.3,0.1,1.1,1.3,1.1
0,2,29,320,1.4,6.3,.220,1.0,3.9,.258,0.4,2.4,.158,0.8,1.1,.667,2.8,2.4,1.3,0.3,4.0,4.8,3.9
0,3,29,320,2.1,9.5,.220,1.5,5.9,.258,0.6,3.6,.158,1.1,1.7,.667,4.2,3.6,1.9,0.4,6.1,7.3,5.9,,50.4,103.8
0,4,29,320,-2.4,.286,.250,.380,.180,39,1.5,6.3,4.0,11.3,1.9,0.7,37.1,14.4,,-0.9,0.4,-0.5,-.068,,-9.6,-1.3,-10.9
1,0,9,74,4,12,.333,4,9,.444,0,3,.000,1,4,.250,2,12,14,2,2,0,5,12,9
1,1,9,8.2,0.4,1.3,.333,0.4,1.0,.444,0.0,0.3,.000,0.1,0.4,.250,1.6,0.2,0.2,0.0,0.6,1.3,1.0
1,2,9,74,2.2,6.5,.333,2.2,4.9,.444,0.0,1.6,.000,0.5,2.2,.250,7.6,1.1,1.1,0.0,2.7,6.5,4.9
1,3,9,74,3.3,9.9,.333,3.3,7.4,.444,0.0,2.5,.000,0.8,3.3,.250,11.6,1.7,1.7,0.0,4.1,9.9,7.4,,59.2,98.6
1,4,9,74,0.8,.324,.333,.250,.333,10,3.3,18.1,11.1,5.3,1.7,0.0,26.5,13.7,,-0.1,0.1,0.0,-.016,,-8.8,-1.3,-10.2
2,0,30,533,33,98,.337,22,62,.355,11,36,.306,20,30,.667,5,49,54,62,31,0,56,61,97
2,1,30,17.8,1.1,3.3,.337,0.7,2.1,.355,0.4,1.2,.306,0.7,1.0,.667,1.8,2.1,1.0,0.0,1.9,2.0,3.2
2,2,30,533,2.5,7.4,.337,1.7,4.7,.355,0.8,2.7,.306,1.5,2.3,.667,4.1,4.7,2.3,0.0,4.2,4.6,7.3
2,3,30,533,3.8,11.2,.337,2.5,7.1,.355,1.3,4.1,.306,2.3,3.4,.667,6.2,7.1,3.6,0.0,6.4,7.0,11.1,,75.6,98.5
2,4,30,533,6.3,.432,.393,.367,.306,117,1.2,10.3,6.0,23.3,3.6,0.0,33.3,16.9,,-0.7,0.9,0.2,.016,,-5.5,-0.6,-6.0
3,0,33,1033,164,272,.603,164,272,.603,0,0,,101,176,.574,106,122,228,44,29,99,85,126,429
3,1,33,31.3,5.0,8.2,.603,5.0,8.2,.603,0.0,0.0,,3.1,5.3,.574,6.9,1.3,0.9,3.0,2.6,3.8,13.0
3,2,33,1033,6.4,10.5,.603,6.4,10.5,.603,0.0,0.0,,3.9,6.8,.574,8.8,1.7,1.1,3.8,3.3,4.9,16.6
3,3,33,1033,9.7,16.1,.603,9.7,16.1,.603,0.0,0.0,,6.0,10.4,.574,13.5,2.6,1.7,5.9,5.0,7.5,25.4,,109.2,96.0
3,4,33,1033,23.9,.603,.603,.000,.647,424,12.7,13.2,13.0,10.6,1.7,11.3,19.3,22.8,,2.2,1.9,4.2,.161,,1.1,5.0,6.1
4,0,31,836,100,225,.444,91,200,.455,9,25,.360,61,85,.718,33,124,157,35,49,22,63,85,270
4,1,31,27.0,3.2,7.3,.444,2.9,6.5,.455,0.3,0.8,.360,2.0,2.7,.718,5.1,1.1,1.6,0.7,2.0,2.7,8.7
4,2,31,836,4.8,10.8,.444,4.4,9.6,.455,0.4,1.2,.360,2.9,4.1,.718,7.5,1.7,2.3,1.1,3.0,4.1,12.9
4,3,31,836,7.3,16.4,.444,6.7,14.6,.455,0.7,1.8,.360,4.5,6.2,.718,11.5,2.6,3.6,1.6,4.6,6.2,19.7,,93.6,94.1
4,4,31,836,15.1,.509,.464,.111,.378,260,4.9,16.6,11.0,9.5,3.6,3.1,19.2,21.0,,0.3,1.7,2.0,.097,,-3.0,2.0,-1.1
5,0,33,656,54,139,.388,30,50,.600,24,89,.270,9,16,.563,22,80,102,24,22,6,32,59,141
5,1,33,19.9,1.6,4.2,.388,0.9,1.5,.600,0.7,2.7,.270,0.3,0.5,.563,3.1,0.7,0.7,0.2,1.0,1.8,4.3
5,2,33,656,3.3,8.5,.388,1.8,3.0,.600,1.5,5.4,.270,0.5,1.0,.563,6.2,1.5,1.3,0.4,2.0,3.6,8.6
5,3,33,656,5.0,13.0,.388,2.8,4.7,.600,2.2,8.3,.270,0.8,1.5,.563,9.5,2.2,2.0,0.6,3.0,5.5,13.1,,91.4,99.9
5,4,33,656,9.1,.481,.475,.640,.115,138,4.1,13.6,9.1,7.6,2.0,1.1,17.9,14.6,,0.1,1.0,1.1,.064,,-2.3,-0.8,-3.1
6,0,12,83,12,17,.706,12,17,.706,0,0,,5,6,.833,5,6,11,0,0,2,3,10,29
6,1,12,6.9,1.0,1.4,.706,1.0,1.4,.706,0.0,0.0,,0.4,0.5,.833,0.9,0.0,0.0,0.2,0.3,0.8,2.4
6,2,12,83,5.8,8.2,.706,5.8,8.2,.706,0.0,0.0,,2.4,2.9,.833,5.3,0.0,0.0,1.0,1.4,4.8,14.0
6,3,12,83,8.8,12.5,.706,8.8,12.5,.706,0.0,0.0,,3.7,4.4,.833,8.1,0.0,0.0,1.5,2.2,7.4,21.4,,131.4,106.2
6,4,12,83,16.9,.730,.706,.000,.353,24,7.5,8.1,7.8,0.0,0.0,2.8,13.1,14.7,,0.2,0.1,0.3,.145,,-1.3,-5.0,-6.3
7,0,33,1174,198,452,.438,167,353,.473,31,99,.313,142,221,.643,27,147,174,103,41,1,118,47,569
7,1,33,35.6,6.0,13.7,.438,5.1,10.7,.473,0.9,3.0,.313,4.3,6.7,.643,5.3,3.1,1.2,0.0,3.6,1.4,17.2
7,2,33,1174,6.7,15.4,.438,5.7,12.0,.473,1.1,3.4,.313,4.8,7.5,.643,5.9,3.5,1.4,0.0,4.0,1.6,19.4
7,3,33,1174,10.3,23.5,.438,8.7,18.4,.473,1.6,5.2,.313,7.4,11.5,.643,9.1,5.4,2.1,0.1,6.1,2.4,29.6,,96.7,100.4
7,4,33,1174,17.8,.511,.472,.219,.489,551,2.8,14.0,8.7,22.4,2.1,0.1,17.5,30.8,,1.1,1.7,2.9,.097,,-0.3,-1.7,-2.0
8,0,5,10,3,7,.429,1,2,.500,2,5,.400,0,0,,0,0,0,0,0,1,0,0,8
8,1,5,2.0,0.6,1.4,.429,0.2,0.4,.500,0.4,1.0,.400,0.0,0.0,,0.0,0.0,0.0,0.2,0.0,0.0,1.6
8,2,5,10,12.0,28.0,.429,4.0,8.0,.500,8.0,20.0,.400,0.0,0.0,,0.0,0.0,0.0,4.0,0.0,0.0,32.0
8,3,5,10,18.3,42.8,.429,6.1,12.2,.500,12.2,30.6,.400,0.0,0.0,,0.0,0.0,0.0,6.1,0.0,0.0,48.9,,111.3,106.9
8,4,5,10,31.6,.571,.571,.714,.000,5,0.0,0.0,0.0,0.0,0.0,11.8,0.0,37.5,,0.0,0.0,0.0,.154,,5.6,-6.6,-1.0
9,0,33,194,7,13,.538,7,13,.538,0,0,,6,15,.400,13,19,32,6,0,12,3,50,20
9,1,33,5.9,0.2,0.4,.538,0.2,0.4,.538,0.0,0.0,,0.2,0.5,.400,1.0,0.2,0.0,0.4,0.1,1.5,0.6
9,2,33,194,1.4,2.7,.538,1.4,2.7,.538,0.0,0.0,,1.2,3.1,.400,6.6,1.2,0.0,2.5,0.6,10.3,4.1
9,3,33,194,2.2,4.1,.538,2.2,4.1,.538,0.0,0.0,,1.9,4.7,.400,10.1,1.9,0.0,3.8,0.9,15.8,6.3,,115.1,101.7
9,4,33,194,6.7,.497,.538,.000,1.154,26,8.3,11.0,9.7,5.9,0.0,7.3,13.0,6.4,,0.2,0.3,0.4,.089,,-3.5,1.9,-1.6
10,0,28,380,34,93,.366,10,21,.476,24,72,.333,3,5,.600,3,32,35,11,6,1,16,27,95
10,1,28,13.6,1.2,3.3,.366,0.4,0.8,.476,0.9,2.6,.333,0.1,0.2,.600,1.3,0.4,0.2,0.0,0.6,1.0,3.4
10,2,28,380,3.6,9.8,.366,1.1,2.2,.476,2.5,7.6,.333,0.3,0.5,.600,3.7,1.2,0.6,0.1,1.7,2.8,10.0
10,3,28,380,5.5,15.0,.366,1.6,3.4,.476,3.9,11.6,.333,0.5,0.8,.600,5.6,1.8,1.0,0.2,2.6,4.3,15.3,,93.5,104.9
10,4,28,380,7.4,.498,.495,.774,.054,83,1.0,9.4,5.4,6.1,1.0,0.3,14.4,15.7,,0.1,0.4,0.5,.051,,-2.3,-3.5,-5.9
11,0,32,675,48,129,.372,11,26,.423,37,103,.359,22,32,.688,8,48,56,50,12,1,41,41,155
11,1,32,21.1,1.5,4.0,.372,0.3,0.8,.423,1.2,3.2,.359,0.7,1.0,.688,1.8,1.6,0.4,0.0,1.3,1.3,4.8
11,2,32,675,2.8,7.6,.372,0.7,1.5,.423,2.2,6.1,.359,1.3,1.9,.688,3.3,3.0,0.7,0.1,2.4,2.4,9.2
11,3,32,675,4.3,11.7,.372,1.0,2.4,.423,3.4,9.3,.359,2.0,2.9,.688,5.1,4.5,1.1,0.1,3.7,3.7,14.0,,97.3,105.5
11,4,32,675,8.6,.537,.516,.798,.248,157,1.5,8.0,4.9,15.1,1.1,0.2,22.1,14.7,,0.4,0.7,1.0,.060,,-1.2,-3.0,-4.2
12,0,30,708,81,186,.435,71,151,.470,10,35,.286,35,48,.729,34,100,134,18,22,3,36,57,207
12,1,30,23.6,2.7,6.2,.435,2.4,5.0,.470,0.3,1.2,.286,1.2,1.6,.729,4.5,0.6,0.7,0.1,1.2,1.9,6.9
12,2,30,708,4.6,10.5,.435,4.0,8.5,.470,0.6,2.0,.286,2.0,2.7,.729,7.6,1.0,1.2,0.2,2.0,3.2,11.7
12,3,30,708,7.0,16.1,.435,6.1,13.0,.470,0.9,3.0,.286,3.0,4.1,.729,11.6,1.6,1.9,0.3,3.1,4.9,17.9,,96.7,99.6
12,4,30,708,12.4,.496,.462,.188,.258,197,5.9,15.8,11.1,5.7,1.9,0.5,14.7,18.5,,0.4,1.1,1.5,.085,,-3.1,-1.6,-4.7
