0,0,33,365,35,64,.547,35,64,.547,0,0,,25,33,.758,28,35,63,9,8,25,21,37,95
0,1,33,11.1,1.1,1.9,.547,1.1,1.9,.547,0.0,0.0,,0.8,1.0,.758,1.9,0.3,0.2,0.8,0.6,1.1,2.9
0,2,33,365,3.8,7.0,.547,3.8,7.0,.547,0.0,0.0,,2.7,3.6,.758,6.9,1.0,0.9,2.7,2.3,4.1,10.4
0,3,33,365,5.8,10.6,.547,5.8,10.6,.547,0.0,0.0,,4.1,5.5,.758,10.4,1.5,1.3,4.1,3.5,6.1,15.7,,109.9,104.8
0,4,33,365,15.5,.596,.547,.000,.516,98,10.0,11.3,10.7,5.2,1.3,7.3,20.9,14.5,,0.6,0.3,0.9,.097,,0.5,3.4,3.9
1,0,34,730,67,137,.489,35,76,.461,32,61,.525,54,66,.818,9,53,62,80,19,5,57,48,220
1,1,34,21.5,2.0,4.0,.489,1.0,2.2,.461,0.9,1.8,.525,1.6,1.9,.818,1.8,2.4,0.6,0.1,1.7,1.4,6.5
1,2,34,730,3.7,7.5,.489,1.9,4.2,.461,1.8,3.3,.525,3.0,3.6,.818,3.4,4.4,1.0,0.3,3.1,2.6,12.1
1,3,34,730,5.5,11.3,.489,2.9,6.3,.461,2.6,5.0,.525,4.5,5.5,.818,5.1,6.6,1.6,0.4,4.7,4.0,18.2,,113.1,108.7
1,4,34,730,14.8,.653,.606,.445,.482,229,1.6,8.6,5.3,22.7,1.6,0.7,25.3,16.2,,1.5,0.4,1.8,.101,,3.3,-1.0,2.3
2,0,33,652,49,116,.422,40,85,.471,9,31,.290,22,45,.489,12,47,59,47,11,8,62,48,129
2,1,33,19.8,1.5,3.5,.422,1.2,2.6,.471,0.3,0.9,.290,0.7,1.4,.489,1.8,1.4,0.3,0.2,1.9,1.5,3.9
2,2,33,652,3.0,7.1,.422,2.5,5.2,.471,0.6,1.9,.290,1.3,2.8,.489,3.6,2.9,0.7,0.5,3.8,2.9,7.9
2,3,33,652,4.5,10.7,.422,3.7,7.9,.471,0.8,2.9,.290,2.0,4.2,.489,5.5,4.3,1.0,0.7,5.7,4.4,11.9,,78.4,109.6
2,4,33,652,5.1,.470,.461,.267,.388,140,2.4,8.5,5.6,14.5,1.0,1.3,31.1,16.0,,-0.5,0.3,-0.3,-.017,,-2.9,-0.1,-3.0
3,0,25,209,21,49,.429,20,41,.488,1,8,.125,4,13,.308,6,23,29,2,4,6,18,17,47
3,1,25,8.4,0.8,2.0,.429,0.8,1.6,.488,0.0,0.3,.125,0.2,0.5,.308,1.2,0.1,0.2,0.2,0.7,0.7,1.9
3,2,25,209,4.0,9.4,.429,3.8,7.8,.488,0.2,1.5,.125,0.8,2.5,.308,5.6,0.4,0.8,1.1,3.4,3.3,9.0
3,3,25,209,6.1,14.1,.429,5.8,11.8,.488,0.3,2.3,.125,1.2,3.8,.308,8.4,0.6,1.2,1.7,5.2,4.9,13.6,,70.4,106.3
3,4,25,209,4.7,.426,.439,.163,.265,43,3.7,13.0,8.6,2.0,1.2,3.1,24.6,18.4,,-0.3,0.2,-0.2,-.034,,-6.2,-0.2,-6.4
4,0,28,526,50,153,.327,27,70,.386,23,83,.277,26,41,.634,6,40,46,52,23,0,40,48,149
4,1,28,18.8,1.8,5.5,.327,1.0,2.5,.386,0.8,3.0,.277,0.9,1.5,.634,1.6,1.9,0.8,0.0,1.4,1.7,5.3
4,2,28,526,3.8,11.6,.327,2.1,5.3,.386,1.7,6.3,.277,2.0,3.1,.634,3.5,4.0,1.7,0.0,3.0,3.7,11.3
4,3,28,526,5.7,17.5,.327,3.1,8.0,.386,2.6,9.5,.277,3.0,4.7,.634,5.3,6.0,2.6,0.0,4.6,5.5,17.1,,87.9,106.3
4,4,28,526,9.1,.432,.402,.542,.268,158,1.5,9.0,5.4,20.7,2.6,0.0,18.8,21.2,,0.0,0.4,0.4,.027,,-0.2,-1.0,-1.3
5,0,6,7,2,5,.400,0,2,.000,2,3,.667,2,2,1.000,0,0,0,0,0,0,0,0,8
5,1,6,1.2,0.3,0.8,.400,0.0,0.3,.000,0.3,0.5,.667,0.3,0.3,1.000,0.0,0.0,0.0,0.0,0.0,0.0,1.3
5,2,6,7,11.4,28.6,.400,0.0,11.4,.000,11.4,17.1,.667,11.4,11.4,1.000,0.0,0.0,0.0,0.0,0.0,0.0,45.7
5,3,6,7,17.2,43.1,.400,0.0,17.2,.000,17.2,25.8,.667,17.2,17.2,1.000,0.0,0.0,0.0,0.0,0.0,0.0,68.9,,142.1,117.1
5,4,6,7,46.9,.672,.600,.600,.400,6,0.0,0.0,0.0,0.0,0.0,0.0,0.0,44.6,,0.1,0.0,0.1,.356,,15.5,-13.8,1.7
6,0,27,136,7,24,.292,7,24,.292,0,0,,4,11,.364,7,20,27,3,3,7,9,24,18
6,1,27,5.0,0.3,0.9,.292,0.3,0.9,.292,0.0,0.0,,0.1,0.4,.364,1.0,0.1,0.1,0.3,0.3,0.9,0.7
6,2,27,136,2.1,7.1,.292,2.1,7.1,.292,0.0,0.0,,1.2,3.2,.364,7.9,0.9,0.9,2.1,2.6,7.1,5.3
6,3,27,136,3.1,10.6,.292,3.1,10.6,.292,0.0,0.0,,1.8,4.9,.364,12.0,1.3,1.3,3.1,4.0,10.6,8.0,,63.8,102.2
6,4,27,136,2.9,.308,.292,.000,.458,21,6.7,17.4,12.3,4.2,1.3,5.5,23.5,14.7,,-0.2,0.2,-0.1,-.027,,-6.9,2.6,-4.2
7,0,6,7,1,1,1.000,1,1,1.000,0,0,,0,0,,0,0,0,1,1,0,3,1,2
7,1,6,1.2,0.2,0.2,1.000,0.2,0.2,1.000,0.0,0.0,,0.0,0.0,,0.0,0.2,0.2,0.0,0.5,0.2,0.3
7,2,6,7,5.7,5.7,1.000,5.7,5.7,1.000,0.0,0.0,,0.0,0.0,,0.0,5.7,5.7,0.0,17.1,5.7,11.4
7,3,6,7,8.6,8.6,1.000,8.6,8.6,1.000,0.0,0.0,,0.0,0.0,,0.0,8.6,8.6,0.0,25.8,8.6,17.2,,51.5,96.9
7,4,6,7,0.9,1.000,1.000,.000,.000,2,0.0,0.0,0.0,33.2,8.6,0.0,75.0,30.0,,0.0,0.0,0.0,-.187,,-13.6,-2.7,-16.3
8,0,20,419,60,130,.462,60,130,.462,0,0,,37,57,.649,42,70,112,16,23,12,45,56,157
8,1,20,21.0,3.0,6.5,.462,3.0,6.5,.462,0.0,0.0,,1.9,2.9,.649,5.6,0.8,1.2,0.6,2.3,2.8,7.9
8,2,20,419,5.7,12.4,.462,5.7,12.4,.462,0.0,0.0,,3.5,5.4,.649,10.7,1.5,2.2,1.1,4.3,5.3,15.0
8,3,20,419,8.6,18.7,.462,8.6,18.7,.462,0.0,0.0,,5.3,8.2,.649,16.1,2.3,3.3,1.7,6.5,8.1,22.6,,92.3,97.9
8,4,20,419,16.9,.500,.462,.000,.438,162,13.1,19.7,16.6,8.9,3.3,3.1,22.3,25.3,,0.2,0.6,0.8,.080,,-1.2,2.7,1.4
9,0,33,1079,155,365,.425,92,201,.458,63,164,.384,116,142,.817,22,125,147,82,33,15,91,81,489
9,1,33,32.7,4.7,11.1,.425,2.8,6.1,.458,1.9,5.0,.384,3.5,4.3,.817,4.5,2.5,1.0,0.5,2.8,2.5,14.8
9,2,33,1079,5.7,13.5,.425,3.4,7.5,.458,2.3,6.1,.384,4.3,5.3,.817,5.4,3.0,1.2,0.6,3.4,3.0,18.1
9,3,33,1079,8.7,20.4,.425,5.1,11.2,.458,3.5,9.2,.384,6.5,7.9,.817,8.2,4.6,1.8,0.8,5.1,4.5,27.3,,106.9,105.2
9,4,33,1079,18.6,.565,.511,.449,.389,465,2.7,13.7,8.4,17.7,1.8,1.5,17.4,25.5,,2.4,0.9,3.3,.122,,4.3,0.1,4.5
10,0,34,633,73,179,.408,64,138,.464,9,41,.220,49,70,.700,23,57,80,38,22,10,48,34,204
10,1,34,18.6,2.1,5.3,.408,1.9,4.1,.464,0.3,1.2,.220,1.4,2.1,.700,2.4,1.1,0.6,0.3,1.4,1.0,6.0
10,2,34,633,4.6,11.3,.408,4.0,8.7,.464,0.6,2.6,.220,3.1,4.4,.700,5.1,2.4,1.4,0.6,3.0,2.1,12.9
10,3,34,633,7.0,17.1,.408,6.1,13.1,.464,0.9,3.9,.220,4.7,6.7,.700,7.6,3.6,2.1,1.0,4.6,3.2,19.4,,93.5,106.1
10,4,34,633,12.7,.481,.433,.229,.391,206,4.7,10.6,7.8,13.1,2.1,1.7,18.4,21.6,,0.3,0.5,0.8,.050,,-0.6,0.4,-0.3
11,0,34,537,70,137,.511,70,135,.519,0,2,.000,44,63,.698,42,59,101,10,14,43,30,79,184
11,1,34,15.8,2.1,4.0,.511,2.1,4.0,.519,0.0,0.1,.000,1.3,1.9,.698,3.0,0.3,0.4,1.3,0.9,2.3,5.4
11,2,34,537,5.2,10.2,.511,5.2,10.1,.519,0.0,0.1,.000,3.3,4.7,.698,7.5,0.7,1.0,3.2,2.2,5.9,13.7
11,3,34,537,7.9,15.4,.511,7.9,15.2,.519,0.0,0.2,.000,4.9,7.1,.698,11.3,1.1,1.6,4.8,3.4,8.9,20.7,,107.7,102.6
11,4,34,537,17.9,.551,.511,.015,.460,179,10.2,13.0,11.7,4.2,1.6,8.5,15.2,19.2,,0.9,0.6,1.5,.114,,0.2,3.5,3.7
12,0,30,517,52,128,.406,20,38,.526,32,90,.356,20,21,.952,6,23,29,18,16,3,13,24,156
12,1,30,17.2,1.7,4.3,.406,0.7,1.3,.526,1.1,3.0,.356,0.7,0.7,.952,1.0,0.6,0.5,0.1,0.4,0.8,5.2
12,2,30,517,4.0,9.9,.406,1.5,2.9,.526,2.5,7.0,.356,1.5,1.6,.952,2.2,1.4,1.2,0.2,1.0,1.9,12.1
12,3,30,517,6.1,14.9,.406,2.3,4.4,.526,3.7,10.5,.356,2.3,2.4,.952,3.4,2.1,1.9,0.3,1.5,2.8,18.2,,117.1,109.8
12,4,30,517,13.2,.565,.531,.703,.164,139,1.5,5.3,3.5,7.4,1.9,0.6,8.6,15.3,,1.0,0.2,1.2,.093,,3.7,-1.4,2.3
13,0,34,983,138,270,.511,113,190,.595,25,80,.313,119,146,.815,74,127,201,27,33,38,54,103,420
13,1,34,28.9,4.1,7.9,.511,3.3,5.6,.595,0.7,2.4,.313,3.5,4.3,.815,5.9,0.8,1.0,1.1,1.6,3.0,12.4
13,2,34,983,5.6,11.0,.511,4.6,7.7,.595,1.0,3.3,.313,4.8,5.9,.815,8.2,1.1,1.3,1.5,2.2,4.2,17.1
13,3,34,983,8.5,16.6,.511,6.9,11.7,.595,1.5,4.9,.313,7.3,9.0,.815,12.3,1.7,2.0,2.3,3.3,6.3,25.8,,121.5,102.6
13,4,34,983,22.7,.619,.557,.296,.541,400,9.8,15.3,12.7,6.3,2.0,4.1,13.7,21.0,,3.2,1.1,4.3,.174,,5.5,1.6,7.1
