0,0,29,530,37,101,.366,28,73,.384,9,28,.321,49,74,.662,5,27,32,70,22,5,61,60,132
0,1,29,18.3,1.3,3.5,.366,1.0,2.5,.384,0.3,1.0,.321,1.7,2.6,.662,1.1,2.4,0.8,0.2,2.1,2.1,4.6
0,2,29,530,2.8,7.6,.366,2.1,5.5,.384,0.7,2.1,.321,3.7,5.6,.662,2.4,5.3,1.7,0.4,4.6,4.5,10.0
0,3,29,530,4.2,11.5,.366,3.2,8.3,.384,1.0,3.2,.321,5.6,8.4,.662,3.6,8.0,2.5,0.6,6.9,6.8,15.0,,85.6,107.4
0,4,29,530,7.9,.485,.411,.277,.733,151,1.1,6.0,3.5,26.3,2.5,1.1,30.9,19.1,,-0.2,0.4,0.2,.015,,-4.0,-1.9,-5.9
1,0,26,109,1,11,.091,1,9,.111,0,2,.000,2,3,.667,3,12,15,3,2,1,8,19,4
1,1,26,4.2,0.0,0.4,.091,0.0,0.3,.111,0.0,0.1,.000,0.1,0.1,.667,0.6,0.1,0.1,0.0,0.3,0.7,0.2
1,2,26,109,0.4,4.0,.091,0.4,3.3,.111,0.0,0.7,.000,0.7,1.1,.667,5.5,1.1,0.7,0.4,2.9,7.0,1.5
1,3,26,109,0.6,6.1,.091,0.6,5.0,.111,0.0,1.1,.000,1.1,1.7,.667,8.3,1.7,1.1,0.6,4.4,10.5,2.2,,36.7,107.4
1,4,26,109,-4.0,.161,.091,.182,.273,6,3.1,13.0,8.0,4.9,1.1,1.1,39.2,9.6,,-0.3,0.1,-0.2,-.069,,-9.5,0.3,-9.2
2,0,5,7,1,2,.500,1,2,.500,0,0,,0,0,,1,0,1,1,0,0,1,0,2
2,1,5,1.4,0.2,0.4,.500,0.2,0.4,.500,0.0,0.0,,0.0,0.0,,0.2,0.2,0.0,0.0,0.2,0.0,0.4
2,2,5,7,5.7,11.4,.500,5.7,11.4,.500,0.0,0.0,,0.0,0.0,,5.7,5.7,0.0,0.0,5.7,0.0,11.4
2,3,5,7,8.6,17.2,.500,8.6,17.2,.500,0.0,0.0,,0.0,0.0,,8.6,8.6,0.0,0.0,8.6,0.0,17.2,,90.0,116.6
2,4,5,7,12.0,.500,.500,.000,.000,3,16.3,0.0,8.3,33.4,0.0,0.0,33.3,22.0,,0.0,0.0,0.0,-.003,,-1.9,-4.5,-6.4
3,0,10,12,0,3,.000,0,3,.000,0,0,,0,0,,1,0,1,0,0,0,1,1,0
3,1,10,1.2,0.0,0.3,.000,0.0,0.3,.000,0.0,0.0,,0.0,0.0,,0.1,0.0,0.0,0.0,0.1,0.1,0.0
3,2,10,12,0.0,10.0,.000,0.0,10.0,.000,0.0,0.0,,0.0,0.0,,3.3,0.0,0.0,0.0,3.3,3.3,0.0
3,3,10,12,0.0,15.1,.000,0.0,15.1,.000,0.0,0.0,,0.0,0.0,,5.0,0.0,0.0,0.0,5.0,5.0,0.0,,14.8,116.0
3,4,10,12,-14.2,.000,.000,.000,.000,0,9.5,0.0,4.8,0.0,0.0,0.0,25.0,17.1,,-0.1,0.0,-0.1,-.230,,-15.9,-5.0,-20.9
4,0,6,5,0,0,,0,0,,0,0,,0,0,,0,0,0,0,0,0,0,1,0
4,1,6,0.8,0.0,0.0,,0.0,0.0,,0.0,0.0,,0.0,0.0,,0.0,0.0,0.0,0.0,0.0,0.2,0.0
4,2,6,5,0.0,0.0,,0.0,0.0,,0.0,0.0,,0.0,0.0,,0.0,0.0,0.0,0.0,0.0,8.0,0.0
4,3,6,5,0.0,0.0,,0.0,0.0,,0.0,0.0,,0.0,0.0,,0.0,0.0,0.0,0.0,0.0,12.1,0.0,,,115.2
4,4,6,5,-3.4,,,,,0,0.0,0.0,0.0,0.0,0.0,0.0,,0.0,,0.0,0.0,0.0,.001,,-5.3,-0.5,-5.8
5,0,27,842,150,358,.419,105,215,.488,45,143,.315,85,107,.794,45,103,148,27,21,12,76,53,430
5,1,27,31.2,5.6,13.3,.419,3.9,8.0,.488,1.7,5.3,.315,3.1,4.0,.794,5.5,1.0,0.8,0.4,2.8,2.0,15.9
5,2,27,842,7.1,17.0,.419,5.0,10.2,.488,2.1,6.8,.315,4.0,5.1,.794,7.0,1.3,1.0,0.6,3.6,2.5,20.4
5,3,27,842,10.7,25.6,.419,7.5,15.4,.488,3.2,10.2,.315,6.1,7.7,.794,10.6,1.9,1.5,0.9,5.4,3.8,30.8,,100.2,106.4
5,4,27,842,17.6,.526,.482,.399,.299,380,6.1,14.5,10.2,8.2,1.5,1.7,15.7,29.5,,1.1,0.7,1.9,.090,,0.7,-2.3,-1.6
6,0,31,924,77,139,.554,77,139,.554,0,0,,43,64,.672,104,164,268,26,12,40,38,78,197
6,1,31,29.8,2.5,4.5,.554,2.5,4.5,.554,0.0,0.0,,1.4,2.1,.672,8.6,0.8,0.4,1.3,1.2,2.5,6.4
6,2,31,924,3.3,6.0,.554,3.3,6.0,.554,0.0,0.0,,1.9,2.8,.672,11.6,1.1,0.5,1.7,1.6,3.4,8.5
6,3,31,924,5.0,9.1,.554,5.0,9.1,.554,0.0,0.0,,2.8,4.2,.672,17.5,1.7,0.8,2.6,2.5,5.1,12.9,,116.3,103.5
6,4,31,924,16.1,.581,.554,.000,.460,218,12.9,21.0,16.9,5.8,0.8,5.1,18.3,11.5,,1.5,1.1,2.5,.109,,-0.1,2.6,2.6
7,0,31,1049,136,275,.495,99,161,.615,37,114,.325,53,80,.663,64,155,219,21,16,13,50,95,362
7,1,31,33.8,4.4,8.9,.495,3.2,5.2,.615,1.2,3.7,.325,1.7,2.6,.663,7.1,0.7,0.5,0.4,1.6,3.1,11.7
7,2,31,1049,5.2,10.5,.495,3.8,6.1,.615,1.4,4.3,.325,2.0,3.1,.663,8.4,0.8,0.6,0.5,1.9,3.6,13.8
7,3,31,1049,7.8,15.8,.495,5.7,9.3,.615,2.1,6.6,.325,3.0,4.6,.663,12.6,1.2,0.9,0.7,2.9,5.5,20.8,,111.7,106.4
7,4,31,1049,15.4,.578,.562,.415,.291,323,7.0,17.5,12.1,4.5,0.9,1.5,13.8,17.7,,1.8,0.9,2.8,.106,,1.4,-1.2,0.2
8,0,22,416,52,151,.344,38,93,.409,14,58,.241,30,37,.811,18,39,57,32,19,5,44,42,148
8,1,22,18.9,2.4,6.9,.344,1.7,4.2,.409,0.6,2.6,.241,1.4,1.7,.811,2.6,1.5,0.9,0.2,2.0,1.9,6.7
8,2,22,416,5.0,14.5,.344,3.7,8.9,.409,1.3,5.6,.241,2.9,3.6,.811,5.5,3.1,1.8,0.5,4.2,4.0,14.2
8,3,22,416,7.5,21.9,.344,5.5,13.5,.409,2.0,8.4,.241,4.3,5.4,.811,8.3,4.6,2.8,0.7,6.4,6.1,21.5,,85.3,104.8
8,4,22,416,10.2,.439,.391,.384,.245,148,4.9,11.1,8.0,17.2,2.8,1.4,20.7,26.2,,-0.2,0.4,0.2,.019,,-2.9,-0.6,-3.5
9,0,31,734,73,188,.388,52,102,.510,21,86,.244,35,43,.814,30,66,96,64,30,11,41,77,202
9,1,31,23.7,2.4,6.1,.388,1.7,3.3,.510,0.7,2.8,.244,1.1,1.4,.814,3.1,2.1,1.0,0.4,1.3,2.5,6.5
9,2,31,734,4.0,10.2,.388,2.8,5.6,.510,1.1,4.7,.244,1.9,2.3,.814,5.2,3.5,1.6,0.6,2.2,4.2,11.0
9,3,31,734,6.0,15.4,.388,4.3,8.4,.510,1.7,7.1,.244,2.9,3.5,.814,7.9,5.3,2.5,0.9,3.4,6.3,16.6,,101.7,105.4
9,4,31,734,12.7,.485,.444,.457,.229,213,4.7,10.7,7.6,18.5,2.5,1.8,16.4,17.4,,0.7,0.7,1.4,.079,,0.4,0.4,0.8
10,0,19,143,12,52,.231,5,24,.208,7,28,.250,4,6,.667,10,30,40,3,3,18,12,26,35
10,1,19,7.5,0.6,2.7,.231,0.3,1.3,.208,0.4,1.5,.250,0.2,0.3,.667,2.1,0.2,0.2,0.9,0.6,1.4,1.8
10,2,19,143,3.4,14.5,.231,1.4,6.7,.208,2.0,7.8,.250,1.1,1.7,.667,11.2,0.8,0.8,5.0,3.4,7.3,9.8
10,3,19,143,5.1,21.9,.231,2.1,10.1,.208,3.0,11.8,.250,1.7,2.5,.667,16.9,1.3,1.3,7.6,5.1,11.0,14.8,,67.9,95.3
10,4,19,143,7.0,.319,.298,.538,.115,36,8.0,24.9,16.3,4.3,1.3,14.9,18.0,23.9,,-0.3,0.3,-0.1,-.016,,-9.1,4.8,-4.3
11,0,31,1065,140,346,.405,104,244,.426,36,102,.353,97,130,.746,38,86,124,112,73,13,67,83,413
11,1,31,34.4,4.5,11.2,.405,3.4,7.9,.426,1.2,3.3,.353,3.1,4.2,.746,4.0,3.6,2.4,0.4,2.2,2.7,13.3
11,2,31,1065,5.3,13.0,.405,3.9,9.2,.426,1.4,3.8,.353,3.6,4.9,.746,4.7,4.2,2.7,0.5,2.5,3.1,15.5
11,3,31,1065,7.9,19.6,.405,5.9,13.8,.426,2.0,5.8,.353,5.5,7.4,.746,7.0,6.3,4.1,0.7,3.8,4.7,23.4,,107.1,102.5
11,4,31,1065,18.8,.506,.457,.295,.376,420,4.1,9.6,6.8,23.9,4.1,1.4,14.1,22.8,,2.0,1.3,3.3,.125,,2.9,1.3,4.2
12,0,9,23,0,0,,0,0,,0,0,,0,0,,1,3,4,2,3,0,3,7,0
12,1,9,2.6,0.0,0.0,,0.0,0.0,,0.0,0.0,,0.0,0.0,,0.4,0.2,0.3,0.0,0.3,0.8,0.0
12,2,9,23,0.0,0.0,,0.0,0.0,,0.0,0.0,,0.0,0.0,,7.0,3.5,5.2,0.0,5.2,12.2,0.0
12,3,9,23,0.0,0.0,,0.0,0.0,,0.0,0.0,,0.0,0.0,,10.5,5.2,7.9,0.0,7.9,18.4,0.0,,39.4,91.1
12,4,9,23,2.7,,,,,1,5.0,15.5,10.1,15.2,7.9,0.0,100.0,6.7,,-0.1,0.1,0.0,.000,,-6.9,7.6,0.7
13,0,27,366,32,87,.368,14,35,.400,18,52,.346,8,15,.533,9,14,23,29,8,1,33,40,90
13,1,27,13.6,1.2,3.2,.368,0.5,1.3,.400,0.7,1.9,.346,0.3,0.6,.533,0.9,1.1,0.3,0.0,1.2,1.5,3.3
13,2,27,366,3.5,9.5,.368,1.5,3.8,.400,2.0,5.7,.346,0.9,1.6,.533,2.5,3.2,0.9,0.1,3.6,4.4,9.8
13,3,27,366,5.3,14.3,.368,2.3,5.8,.400,3.0,8.6,.346,1.3,2.5,.533,3.8,4.8,1.3,0.2,5.4,6.6,14.8,,85.2,111.0
13,4,27,366,5.4,.478,.471,.598,.172,91,2.8,4.5,3.7,16.4,1.3,0.3,26.0,17.8,,-0.1,0.2,0.0,.001,,-2.8,-3.1,-6.0
