0,0,29,738,72,129,.558,72,129,.558,0,0,,14,34,.412,88,145,233,13,16,69,28,97,158
0,1,29,25.4,2.5,4.4,.558,2.5,4.4,.558,0.0,0.0,,0.5,1.2,.412,8.0,0.4,0.6,2.4,1.0,3.3,5.4
0,2,29,738,3.9,7.0,.558,3.9,7.0,.558,0.0,0.0,,0.8,1.8,.412,12.6,0.7,0.9,3.7,1.5,5.3,8.6
0,3,29,738,5.8,10.4,.558,5.8,10.4,.558,0.0,0.0,,1.1,2.7,.412,18.7,1.0,1.3,5.5,2.2,7.8,12.7,,108.5,100.1
0,4,29,738,17.7,.544,.558,.000,.264,162,11.9,21.9,16.6,3.7,1.3,10.2,16.2,11.4,,0.8,1.0,1.9,.101,,-2.3,4.7,2.4
1,0,26,199,16,31,.516,16,31,.516,0,0,,9,25,.360,28,27,55,3,2,12,7,42,41
1,1,26,7.7,0.6,1.2,.516,0.6,1.2,.516,0.0,0.0,,0.3,1.0,.360,2.1,0.1,0.1,0.5,0.3,1.6,1.6
1,2,26,199,3.2,6.2,.516,3.2,6.2,.516,0.0,0.0,,1.8,5.0,.360,11.1,0.6,0.4,2.4,1.4,8.4,8.2
1,3,26,199,4.8,9.2,.516,4.8,9.2,.516,0.0,0.0,,2.7,7.4,.360,16.4,0.9,0.6,3.6,2.1,12.5,12.2,,102.9,106.3
1,4,26,199,12.6,.478,.516,.000,.806,45,14.0,15.1,14.5,3.1,0.6,6.6,14.0,12.2,,0.2,0.2,0.3,.067,,-3.3,0.6,-2.7
2,0,29,355,29,81,.358,29,81,.358,0,0,,26,33,.788,39,52,91,5,7,8,16,43,84
2,1,29,12.2,1.0,2.8,.358,1.0,2.8,.358,0.0,0.0,,0.9,1.1,.788,3.1,0.2,0.2,0.3,0.6,1.5,2.9
2,2,29,355,3.3,9.1,.358,3.3,9.1,.358,0.0,0.0,,2.9,3.7,.788,10.3,0.6,0.8,0.9,1.8,4.8,9.5
2,3,29,355,4.8,13.5,.358,4.8,13.5,.358,0.0,0.0,,4.3,5.5,.788,15.2,0.8,1.2,1.3,2.7,7.2,14.0,,96.1,106.7
2,4,29,355,11.3,.434,.358,.000,.407,88,10.9,16.3,13.5,2.9,1.2,2.5,14.2,15.5,,0.2,0.3,0.5,.051,,-4.7,-1.5,-6.3
3,0,28,568,41,122,.336,19,51,.373,22,71,.310,3,8,.375,17,40,57,11,10,3,21,31,107
3,1,28,20.3,1.5,4.4,.336,0.7,1.8,.373,0.8,2.5,.310,0.1,0.3,.375,2.0,0.4,0.4,0.1,0.8,1.1,3.8
3,2,28,568,2.9,8.6,.336,1.3,3.6,.373,1.5,5.0,.310,0.2,0.6,.375,4.0,0.8,0.7,0.2,1.5,2.2,7.5
3,3,28,568,4.3,12.7,.336,2.0,5.3,.373,2.3,7.4,.310,0.3,0.8,.375,5.9,1.1,1.0,0.3,2.2,3.2,11.2,,86.9,112.5
3,4,28,568,5.4,.425,.426,.582,.066,97,3.0,7.8,5.3,3.9,1.0,0.6,14.3,12.6,,-0.1,0.1,0.0,.003,,-3.5,-2.2,-5.7
4,0,29,982,123,336,.366,81,182,.445,42,154,.273,52,77,.675,19,52,71,118,31,11,62,40,340
4,1,29,33.9,4.2,11.6,.366,2.8,6.3,.445,1.4,5.3,.273,1.8,2.7,.675,2.4,4.1,1.1,0.4,2.1,1.4,11.7
4,2,29,982,5.0,13.7,.366,3.3,7.4,.445,1.7,6.3,.273,2.1,3.1,.675,2.9,4.8,1.3,0.4,2.5,1.6,13.8
4,3,29,982,7.4,20.3,.366,4.9,11.0,.445,2.5,9.3,.273,3.1,4.6,.675,4.3,7.1,1.9,0.7,3.7,2.4,20.5,,98.4,111.4
4,4,29,982,13.5,.456,.429,.458,.229,344,1.9,5.9,3.8,27.1,1.9,1.2,14.3,21.6,,1.0,0.3,1.2,.050,,0.9,-2.8,-1.9
5,0,5,5,1,1,1.000,1,1,1.000,0,0,,0,0,,0,1,1,0,1,0,0,0,2
5,1,5,1.0,0.2,0.2,1.000,0.2,0.2,1.000,0.0,0.0,,0.0,0.0,,0.2,0.0,0.2,0.0,0.0,0.0,0.4
5,2,5,5,8.0,8.0,1.000,8.0,8.0,1.000,0.0,0.0,,0.0,0.0,,8.0,0.0,8.0,0.0,0.0,0.0,16.0
5,3,5,5,11.8,11.8,1.000,11.8,11.8,1.000,0.0,0.0,,0.0,0.0,,11.8,0.0,11.8,0.0,0.0,0.0,23.7,,200.0,81.2
5,4,5,5,37.2,1.000,1.000,.000,.000,1,0.0,22.3,10.5,0.0,11.8,0.0,0.0,9.8,,0.0,0.0,0.0,.268,,4.6,4.3,8.9
6,0,28,950,188,426,.441,185,418,.443,3,8,.375,99,152,.651,111,165,276,30,35,46,75,68,478
6,1,28,33.9,6.7,15.2,.441,6.6,14.9,.443,0.1,0.3,.375,3.5,5.4,.651,9.9,1.1,1.3,1.6,2.7,2.4,17.1
6,2,28,950,7.9,17.9,.441,7.8,17.6,.443,0.1,0.3,.375,4.2,6.4,.651,11.6,1.3,1.5,1.9,3.2,2.9,20.1
6,3,28,950,11.7,26.6,.441,11.5,26.1,.443,0.2,0.5,.375,6.2,9.5,.651,17.2,1.9,2.2,2.9,4.7,4.2,29.8,,98.8,101.9
6,4,28,950,22.7,.480,.445,.019,.357,446,11.6,19.3,15.3,8.5,2.2,5.3,13.1,29.4,,1.3,1.1,2.4,.102,,-0.6,0.8,0.2
7,0,8,17,0,1,.000,0,1,.000,0,0,,2,2,1.000,1,0,1,1,1,0,2,3,2
7,1,8,2.1,0.0,0.1,.000,0.0,0.1,.000,0.0,0.0,,0.3,0.3,1.000,0.1,0.1,0.1,0.0,0.3,0.4,0.3
7,2,8,17,0.0,2.4,.000,0.0,2.4,.000,0.0,0.0,,4.7,4.7,1.000,2.4,2.4,2.4,0.0,4.7,7.1,4.7
7,3,8,17,0.0,3.5,.000,0.0,3.5,.000,0.0,0.0,,7.0,7.0,1.000,3.5,3.5,3.5,0.0,7.0,10.5,7.0,,70.8,110.6
7,4,8,17,2.4,.513,.000,.000,2.000,3,5.9,0.0,3.1,10.3,3.5,0.0,50.6,11.3,,0.0,0.0,0.0,-.032,,-6.5,-0.6,-7.1
8,0,28,760,70,219,.320,63,175,.360,7,44,.159,61,105,.581,23,53,76,81,33,7,83,72,208
8,1,28,27.1,2.5,7.8,.320,2.3,6.3,.360,0.3,1.6,.159,2.2,3.8,.581,2.7,2.9,1.2,0.3,3.0,2.6,7.4
8,2,28,760,3.7,11.5,.320,3.3,9.2,.360,0.4,2.3,.159,3.2,5.5,.581,4.0,4.3,1.7,0.4,4.4,3.8,10.9
8,3,28,760,5.5,17.1,.320,4.9,13.6,.360,0.5,3.4,.159,4.8,8.2,.581,5.9,6.3,2.6,0.5,6.5,5.6,16.2,,76.6,108.7
8,4,28,760,6.7,.387,.336,.201,.479,224,3.0,7.8,5.3,22.3,2.6,1.0,23.6,22.6,,-1.1,0.4,-0.6,-.033,,-5.1,-1.2,-6.3
9,0,9,15,0,2,.000,0,1,.000,0,1,.000,3,6,.500,0,2,2,0,0,0,0,3,3
9,1,9,1.7,0.0,0.2,.000,0.0,0.1,.000,0.0,0.1,.000,0.3,0.7,.500,0.2,0.0,0.0,0.0,0.0,0.3,0.3
9,2,9,15,0.0,5.3,.000,0.0,2.7,.000,0.0,2.7,.000,8.0,16.0,.500,5.3,0.0,0.0,0.0,0.0,8.0,8.0
9,3,9,15,0.0,7.9,.000,0.0,3.9,.000,0.0,3.9,.000,11.8,23.7,.500,7.9,0.0,0.0,0.0,0.0,11.8,11.8,,78.8,110.7
9,4,9,15,0.1,.309,.000,.500,3.000,3,0.0,14.9,7.0,0.0,0.0,0.0,0.0,15.8,,0.0,0.0,0.0,-.013,,-7.8,-7.2,-15.0
10,0,26,214,16,44,.364,14,35,.400,2,9,.222,20,33,.606,5,18,23,29,7,2,36,31,54
10,1,26,8.2,0.6,1.7,.364,0.5,1.3,.400,0.1,0.3,.222,0.8,1.3,.606,0.9,1.1,0.3,0.1,1.4,1.2,2.1
10,2,26,214,3.0,8.2,.364,2.6,6.5,.400,0.4,1.7,.222,3.7,6.2,.606,4.3,5.4,1.3,0.4,6.7,5.8,10.1
10,3,26,214,4.4,12.2,.364,3.9,9.7,.400,0.6,2.5,.222,5.5,9.1,.606,6.4,8.0,1.9,0.6,10.0,8.6,14.9,,71.7,109.0
10,4,26,214,4.4,.452,.386,.205,.750,61,2.3,9.4,5.7,27.4,1.9,1.0,37.6,21.8,,-0.4,0.1,-0.3,-.059,,-7.5,-2.6,-10.1
11,0,8,106,10,33,.303,3,6,.500,7,27,.259,4,5,.800,1,7,8,3,6,1,5,9,31
11,1,8,13.3,1.3,4.1,.303,0.4,0.8,.500,0.9,3.4,.259,0.5,0.6,.800,1.0,0.4,0.8,0.1,0.6,1.1,3.9
11,2,8,106,3.8,12.5,.303,1.1,2.3,.500,2.6,10.2,.259,1.5,1.9,.800,3.0,1.1,2.3,0.4,1.9,3.4,11.7
11,3,8,106,5.6,18.4,.303,1.7,3.4,.500,3.9,15.1,.259,2.2,2.8,.800,4.5,1.7,3.4,0.6,2.8,5.0,17.3,,90.8,107.2
11,4,8,106,8.9,.438,.409,.818,.152,27,0.9,7.4,4.0,6.0,3.4,1.0,12.4,18.6,,0.0,0.1,0.1,.034,,-1.5,-2.0,-3.6
12,0,29,875,93,289,.322,39,110,.355,54,179,.302,37,62,.597,33,60,93,50,38,4,49,72,277
12,1,29,30.2,3.2,10.0,.322,1.3,3.8,.355,1.9,6.2,.302,1.3,2.1,.597,3.2,1.7,1.3,0.1,1.7,2.5,9.6
12,2,29,875,4.3,13.2,.322,1.8,5.0,.355,2.5,8.2,.302,1.7,2.8,.597,4.3,2.3,1.7,0.2,2.2,3.3,12.7
12,3,29,875,6.3,19.6,.322,2.6,7.4,.355,3.7,12.1,.302,2.5,4.2,.597,6.3,3.4,2.6,0.3,3.3,4.9,18.7,,92.5,109.0
12,4,29,875,10.4,.435,.415,.619,.215,262,3.8,7.6,5.6,12.3,2.6,0.5,13.3,20.5,,0.3,0.5,0.7,.034,,0.0,-1.7,-1.7
13,0,10,41,4,15,.267,3,6,.500,1,9,.111,3,4,.750,1,3,4,3,2,0,2,5,12
13,1,10,4.1,0.4,1.5,.267,0.3,0.6,.500,0.1,0.9,.111,0.3,0.4,.750,0.4,0.3,0.2,0.0,0.2,0.5,1.2
13,2,10,41,3.9,14.6,.267,2.9,5.9,.500,1.0,8.8,.111,2.9,3.9,.750,3.9,2.9,2.0,0.0,2.0,4.9,11.7
13,3,10,41,5.8,21.7,.267,4.3,8.7,.500,1.4,13.0,.111,4.3,5.8,.750,5.8,4.3,2.9,0.0,2.9,7.2,17.3,,83.6,108.1
13,4,10,41,7.1,.355,.300,.600,.267,12,2.4,8.1,5.1,15.5,2.9,0.0,10.6,22.5,,0.0,0.0,0.0,.002,,-2.9,-3.6,-6.5
