0,0,25,374,28,55,.509,28,55,.509,0,0,,20,33,.606,56,99,155,3,6,26,8,61,76
0,1,25,15.0,1.1,2.2,.509,1.1,2.2,.509,0.0,0.0,,0.8,1.3,.606,6.2,0.1,0.2,1.0,0.3,2.4,3.0
0,2,25,374,3.0,5.9,.509,3.0,5.9,.509,0.0,0.0,,2.1,3.5,.606,16.6,0.3,0.6,2.8,0.9,6.5,8.1
0,3,25,374,4.3,8.5,.509,4.3,8.5,.509,0.0,0.0,,3.1,5.1,.606,24.0,0.5,0.9,4.0,1.2,9.4,11.8,,125.6,105.4
0,4,25,374,17.7,.538,.509,.000,.600,89,14.7,30.1,21.9,1.5,0.9,7.4,10.2,10.1,,0.7,0.5,1.1,.118,,-2.1,0.6,-1.5
1,0,15,87,7,26,.269,0,5,.000,7,21,.333,3,4,.750,5,6,11,2,2,2,5,19,24
1,1,15,5.8,0.5,1.7,.269,0.0,0.3,.000,0.5,1.4,.333,0.2,0.3,.750,0.7,0.1,0.1,0.1,0.3,1.3,1.6
1,2,15,87,3.2,12.0,.269,0.0,2.3,.000,3.2,9.7,.333,1.4,1.8,.750,5.1,0.9,0.9,0.9,2.3,8.7,11.0
1,3,15,87,4.7,17.3,.269,0.0,3.3,.000,4.7,14.0,.333,2.0,2.7,.750,7.3,1.3,1.3,1.3,3.3,12.6,16.0,,90.5,116.4
1,4,15,87,4.8,.430,.404,.808,.154,23,5.7,7.8,6.7,4.3,1.3,2.5,15.2,18.1,,0.0,0.0,0.0,.002,,-1.8,-3.5,-5.3
2,0,3,11,1,3,.333,0,1,.000,1,2,.500,0,0,,1,2,3,0,0,0,0,0,3
2,1,3,3.7,0.3,1.0,.333,0.0,0.3,.000,0.3,0.7,.500,0.0,0.0,,1.0,0.0,0.0,0.0,0.0,0.0,1.0
2,2,3,11,3.6,10.9,.333,0.0,3.6,.000,3.6,7.3,.500,0.0,0.0,,10.9,0.0,0.0,0.0,0.0,0.0,10.9
2,3,3,11,5.3,15.8,.333,0.0,5.3,.000,5.3,10.5,.500,0.0,0.0,,15.8,0.0,0.0,0.0,0.0,0.0,15.8,,125.2,115.9
2,4,3,11,13.7,.500,.500,.667,.000,3,8.9,20.7,14.4,0.0,0.0,0.0,0.0,13.0,,0.0,0.0,0.0,.083,,-1.5,-8.3,-9.8
3,0,31,1140,186,468,.397,141,309,.456,45,159,.283,148,173,.855,47,110,157,133,34,9,93,72,565
3,1,31,36.8,6.0,15.1,.397,4.5,10.0,.456,1.5,5.1,.283,4.8,5.6,.855,5.1,4.3,1.1,0.3,3.0,2.3,18.2
3,2,31,1140,6.5,16.4,.397,4.9,10.8,.456,1.6,5.6,.283,5.2,6.1,.855,5.5,4.7,1.2,0.3,3.3,2.5,19.8
3,3,31,1140,9.4,23.7,.397,7.2,15.7,.456,2.3,8.1,.283,7.5,8.8,.855,8.0,6.7,1.7,0.5,4.7,3.7,28.7,,108.1,115.7
3,4,31,1140,18.6,.513,.446,.340,.370,565,4.1,11.0,7.3,25.9,1.7,0.8,14.5,27.0,,2.3,0.3,2.6,.091,,4.1,-2.5,1.6
4,0,2,7,0,0,,0,0,,0,0,,0,0,,0,0,0,0,0,0,0,0,0
4,1,2,3.5,0.0,0.0,,0.0,0.0,,0.0,0.0,,0.0,0.0,,0.0,0.0,0.0,0.0,0.0,0.0,0.0
4,2,2,7,0.0,0.0,,0.0,0.0,,0.0,0.0,,0.0,0.0,,0.0,0.0,0.0,0.0,0.0,0.0,0.0
4,3,2,7,0.0,0.0,,0.0,0.0,,0.0,0.0,,0.0,0.0,,0.0,0.0,0.0,0.0,0.0,0.0,0.0,,,125.1
4,4,2,7,0.0,,,,,0,0.0,0.0,0.0,0.0,0.0,0.0,,0.0,,0.0,0.0,0.0,-.025,,-5.2,-1.6,-6.8
5,0,31,484,58,124,.468,58,123,.472,0,1,.000,23,45,.511,59,72,131,9,22,22,31,97,139
5,1,31,15.6,1.9,4.0,.468,1.9,4.0,.472,0.0,0.0,.000,0.7,1.5,.511,4.2,0.3,0.7,0.7,1.0,3.1,4.5
5,2,31,484,4.8,10.2,.468,4.8,10.2,.472,0.0,0.1,.000,1.9,3.7,.511,10.8,0.7,1.8,1.8,2.6,8.0,11.5
5,3,31,484,6.9,14.8,.468,6.9,14.7,.472,0.0,0.1,.000,2.7,5.4,.511,15.7,1.1,2.6,2.6,3.7,11.6,16.6,,96.8,108.5
5,4,31,484,13.6,.478,.468,.008,.363,144,12.0,16.9,14.3,3.8,2.6,4.9,17.6,17.4,,0.2,0.5,0.6,.053,,-2.7,0.8,-1.9
6,0,3,7,1,1,1.000,1,1,1.000,0,0,,0,0,,0,0,0,0,0,0,0,0,2
6,1,3,2.3,0.3,0.3,1.000,0.3,0.3,1.000,0.0,0.0,,0.0,0.0,,0.0,0.0,0.0,0.0,0.0,0.0,0.7
6,2,3,7,5.7,5.7,1.000,5.7,5.7,1.000,0.0,0.0,,0.0,0.0,,0.0,0.0,0.0,0.0,0.0,0.0,11.4
6,3,3,7,8.3,8.3,1.000,8.3,8.3,1.000,0.0,0.0,,0.0,0.0,,0.0,0.0,0.0,0.0,0.0,0.0,16.5,,200.0,125.1
6,4,3,7,14.2,1.000,1.000,.000,.000,1,0.0,0.0,0.0,0.0,0.0,0.0,0.0,6.8,,0.0,0.0,0.0,.079,,1.8,-5.2,-3.4
7,0,25,247,13,32,.406,8,15,.533,5,17,.294,10,11,.909,4,11,15,28,8,0,8,20,41
7,1,25,9.9,0.5,1.3,.406,0.3,0.6,.533,0.2,0.7,.294,0.4,0.4,.909,0.6,1.1,0.3,0.0,0.3,0.8,1.6
7,2,25,247,2.1,5.2,.406,1.3,2.4,.533,0.8,2.8,.294,1.6,1.8,.909,2.4,4.5,1.3,0.0,1.3,3.2,6.6
7,3,25,247,3.0,7.5,.406,1.9,3.5,.533,1.2,4.0,.294,2.3,2.6,.909,3.5,6.6,1.9,0.0,1.9,4.7,9.6,,120.5,118.2
7,4,25,247,9.7,.551,.484,.531,.344,49,1.6,5.1,3.2,20.2,1.9,0.0,17.7,8.8,,0.3,0.0,0.3,.052,,-0.5,-3.7,-4.2
8,0,31,723,82,123,.667,82,123,.667,0,0,,32,57,.561,98,116,214,15,12,28,15,96,196
8,1,31,23.3,2.6,4.0,.667,2.6,4.0,.667,0.0,0.0,,1.0,1.8,.561,6.9,0.5,0.4,0.9,0.5,3.1,6.3
8,2,31,723,4.5,6.8,.667,4.5,6.8,.667,0.0,0.0,,1.8,3.2,.561,11.8,0.8,0.7,1.5,0.8,5.3,10.8
8,3,31,723,6.6,9.8,.667,6.6,9.8,.667,0.0,0.0,,2.6,4.6,.561,17.1,1.2,1.0,2.2,1.2,7.7,15.7,,139.2,112.3
8,4,31,723,19.0,.653,.667,.000,.463,203,13.3,18.3,15.6,4.1,1.0,4.1,9.1,10.9,,1.9,0.4,2.3,.127,,2.2,0.1,2.3
9,0,9,16,0,3,.000,0,3,.000,0,0,,0,0,,2,1,3,0,0,0,1,5,0
9,1,9,1.8,0.0,0.3,.000,0.0,0.3,.000,0.0,0.0,,0.0,0.0,,0.3,0.0,0.0,0.0,0.1,0.6,0.0
9,2,9,16,0.0,7.5,.000,0.0,7.5,.000,0.0,0.0,,0.0,0.0,,7.5,0.0,0.0,0.0,2.5,12.5,0.0
9,3,9,16,0.0,10.8,.000,0.0,10.8,.000,0.0,0.0,,0.0,0.0,,10.8,0.0,0.0,0.0,3.6,18.1,0.0,,28.7,120.2
9,4,9,16,-10.5,.000,.000,.000,.000,1,12.3,7.1,9.9,0.0,0.0,0.0,25.0,12.0,,-0.1,0.0,-0.1,-.150,,-12.0,-5.5,-17.5
10,0,31,1021,163,493,.331,84,262,.321,79,231,.342,131,165,.794,31,56,87,63,29,6,82,69,536
10,1,31,32.9,5.3,15.9,.331,2.7,8.5,.321,2.5,7.5,.342,4.2,5.3,.794,2.8,2.0,0.9,0.2,2.6,2.2,17.3
10,2,31,1021,6.4,19.3,.331,3.3,10.3,.321,3.1,9.0,.342,5.1,6.5,.794,3.4,2.5,1.1,0.2,3.2,2.7,21.0
10,3,31,1021,9.2,27.9,.331,4.8,14.8,.321,4.5,13.1,.342,7.4,9.3,.794,4.9,3.6,1.6,0.3,4.6,3.9,30.4,,98.6,118.0
10,4,31,1021,13.5,.469,.411,.469,.335,493,3.0,6.2,4.5,13.6,1.6,0.6,12.6,30.6,,0.9,0.0,0.9,.036,,1.1,-4.8,-3.7
11,0,29,765,73,216,.338,35,76,.461,38,140,.271,27,34,.794,40,85,125,36,32,7,39,84,211
11,1,29,26.4,2.5,7.4,.338,1.2,2.6,.461,1.3,4.8,.271,0.9,1.2,.794,4.3,1.2,1.1,0.2,1.3,2.9,7.3
11,2,29,765,3.8,11.3,.338,1.8,4.0,.461,2.0,7.3,.271,1.4,1.8,.794,6.5,1.9,1.7,0.4,2.0,4.4,11.0
11,3,29,765,5.5,16.3,.338,2.6,5.7,.461,2.9,10.6,.271,2.0,2.6,.794,9.4,2.7,2.4,0.5,2.9,6.3,15.9,,97.0,113.1
11,4,29,765,10.2,.454,.426,.648,.157,209,5.1,12.6,8.6,9.1,2.4,1.0,14.4,17.0,,0.3,0.4,0.7,.035,,0.2,-1.2,-1.0
12,0,30,990,123,341,.361,78,194,.402,45,147,.306,66,99,.667,46,81,127,60,45,22,45,56,357
12,1,30,33.0,4.1,11.4,.361,2.6,6.5,.402,1.5,4.9,.306,2.2,3.3,.667,4.2,2.0,1.5,0.7,1.5,1.9,11.9
12,2,30,990,5.0,13.8,.361,3.2,7.8,.402,1.8,5.9,.306,2.7,4.0,.667,5.1,2.4,1.8,0.9,1.8,2.3,14.4
12,3,30,990,7.2,19.9,.361,4.6,11.3,.402,2.6,8.6,.306,3.9,5.8,.667,7.4,3.5,2.6,1.3,2.6,3.3,20.9,,102.1,113.7
12,4,30,990,14.3,.460,.427,.431,.290,346,4.6,9.3,6.8,12.4,2.6,2.4,10.4,20.9,,0.9,0.4,1.4,.055,,1.2,-0.7,0.5
13,0,6,10,1,2,.500,1,2,.500,0,0,,0,0,,0,1,1,1,1,0,1,1,2
13,1,6,1.7,0.2,0.3,.500,0.2,0.3,.500,0.0,0.0,,0.0,0.0,,0.2,0.2,0.2,0.0,0.2,0.2,0.3
13,2,6,10,4.0,8.0,.500,4.0,8.0,.500,0.0,0.0,,0.0,0.0,,4.0,4.0,4.0,0.0,4.0,4.0,8.0
13,3,6,10,5.8,11.6,.500,5.8,11.6,.500,0.0,0.0,,0.0,0.0,,5.8,5.8,5.8,0.0,5.8,5.8,11.6,,79.4,106.7
13,4,6,10,9.7,.500,.500,.000,.000,2,0.0,11.4,5.3,19.5,5.8,0.0,33.3,14.3,,0.0,0.0,0.0,.007,,-4.7,0.6,-4.0
14,0,29,343,28,55,.509,28,54,.519,0,1,.000,16,28,.571,16,21,37,29,16,4,19,36,72
14,1,29,11.8,1.0,1.9,.509,1.0,1.9,.519,0.0,0.0,.000,0.6,1.0,.571,1.3,1.0,0.6,0.1,0.7,1.2,2.5
14,2,29,343,3.3,6.4,.509,3.3,6.3,.519,0.0,0.1,.000,1.9,3.3,.571,4.3,3.4,1.9,0.5,2.2,4.2,8.4
14,3,29,343,4.7,9.3,.509,4.7,9.1,.519,0.0,0.2,.000,2.7,4.7,.571,6.2,4.9,2.7,0.7,3.2,6.1,12.1,,103.4,114.9
14,4,29,343,11.1,.527,.509,.018,.509,81,4.6,7.0,5.7,15.9,2.7,1.2,21.8,12.2,,0.2,0.1,0.4,.041,,-1.4,-0.8,-2.2
