0,0,27,404,14,43,.326,8,24,.333,6,19,.316,12,23,.522,9,26,35,32,13,1,29,47,46
0,1,27,15.0,0.5,1.6,.326,0.3,0.9,.333,0.2,0.7,.316,0.4,0.9,.522,1.3,1.2,0.5,0.0,1.1,1.7,1.7
0,2,27,404,1.4,4.3,.326,0.8,2.4,.333,0.6,1.9,.316,1.2,2.3,.522,3.5,3.2,1.3,0.1,2.9,4.7,4.6
0,3,27,404,2.2,6.9,.326,1.3,3.8,.333,1.0,3.0,.316,1.9,3.7,.522,5.6,5.1,2.1,0.2,4.6,7.5,7.3,,76.3,101.9
0,4,27,404,4.0,.427,.395,.442,.535,59,2.5,7.9,5.1,16.9,2.1,0.3,35.0,11.3,,-0.3,0.5,0.2,.016,,-4.1,1.8,-2.3
1,0,10,175,12,36,.333,12,35,.343,0,1,.000,17,24,.708,10,25,35,3,2,1,9,24,41
1,1,10,17.5,1.2,3.6,.333,1.2,3.5,.343,0.0,0.1,.000,1.7,2.4,.708,3.5,0.3,0.2,0.1,0.9,2.4,4.1
1,2,10,175,2.7,8.2,.333,2.7,8.0,.343,0.0,0.2,.000,3.9,5.5,.708,8.0,0.7,0.5,0.2,2.1,5.5,9.4
1,3,10,175,4.4,13.3,.333,4.4,12.9,.343,0.0,0.4,.000,6.3,8.8,.708,12.9,1.1,0.7,0.4,3.3,8.8,15.1,,89.3,99.8
1,4,10,175,8.0,.432,.333,.028,.667,42,6.5,17.5,11.8,3.9,0.7,0.7,16.0,17.8,,0.0,0.2,0.2,.057,,-5.3,0.1,-5.2
2,0,30,744,53,133,.398,53,130,.408,0,3,.000,52,84,.619,51,77,128,21,37,17,29,73,158
2,1,30,24.8,1.8,4.4,.398,1.8,4.3,.408,0.0,0.1,.000,1.7,2.8,.619,4.3,0.7,1.2,0.6,1.0,2.4,5.3
2,2,30,744,2.8,7.2,.398,2.8,7.0,.408,0.0,0.2,.000,2.8,4.5,.619,6.9,1.1,2.0,0.9,1.6,3.9,8.5
2,3,30,744,4.6,11.5,.398,4.6,11.3,.408,0.0,0.3,.000,4.5,7.3,.619,11.1,1.8,3.2,1.5,2.5,6.3,13.7,,97.9,96.2
2,4,30,744,13.1,.457,.398,.023,.632,170,7.8,12.7,10.2,6.5,3.2,2.7,14.4,15.0,,0.5,1.3,1.8,.096,,-1.7,4.8,3.1
3,0,3,15,1,2,.500,1,1,1.000,0,1,.000,0,0,,0,3,3,0,1,0,2,4,2
3,1,3,5.0,0.3,0.7,.500,0.3,0.3,1.000,0.0,0.3,.000,0.0,0.0,,1.0,0.0,0.3,0.0,0.7,1.3,0.7
3,2,3,15,2.7,5.3,.500,2.7,2.7,1.000,0.0,2.7,.000,0.0,0.0,,8.0,0.0,2.7,0.0,5.3,10.7,5.3
3,3,3,15,4.3,8.6,.500,4.3,4.3,1.000,0.0,4.3,.000,0.0,0.0,,12.9,0.0,4.3,0.0,8.6,17.2,8.6,,45.7,88.1
3,4,3,15,-0.9,.500,.500,.500,.000,2,0.0,24.5,11.8,0.0,4.3,0.0,50.0,14.7,,0.0,0.0,0.0,-.026,,-10.8,1.6,-9.2
4,0,29,623,85,227,.374,61,165,.370,24,62,.387,56,77,.727,57,125,182,7,15,18,44,85,250
4,1,29,21.5,2.9,7.8,.374,2.1,5.7,.370,0.8,2.1,.387,1.9,2.7,.727,6.3,0.2,0.5,0.6,1.5,2.9,8.6
4,2,29,623,5.5,14.6,.374,3.9,10.6,.370,1.5,4.0,.387,3.6,4.9,.727,11.7,0.4,1.0,1.2,2.8,5.5,16.1
4,3,29,623,8.8,23.5,.374,6.3,17.1,.370,2.5,6.4,.387,5.8,8.0,.727,18.8,0.7,1.6,1.9,4.5,8.8,25.8,,95.1,93.4
4,4,29,623,17.2,.474,.427,.273,.339,239,10.4,24.6,17.3,3.1,1.6,3.4,14.3,27.2,,0.5,1.2,1.8,.112,,-2.8,0.2,-2.6
5,0,29,411,26,63,.413,24,59,.407,2,4,.500,6,13,.462,21,33,54,7,6,11,11,45,60
5,1,29,14.2,0.9,2.2,.413,0.8,2.0,.407,0.1,0.1,.500,0.2,0.4,.462,1.9,0.2,0.2,0.4,0.4,1.6,2.1
5,2,29,411,2.5,6.1,.413,2.3,5.7,.407,0.2,0.4,.500,0.6,1.3,.462,5.3,0.7,0.6,1.1,1.1,4.4,5.8
5,3,29,411,4.1,9.9,.413,3.8,9.2,.407,0.3,0.6,.500,0.9,2.0,.462,8.5,1.1,0.9,1.7,1.7,7.1,9.4,,92.5,102.2
5,4,29,411,7.1,.434,.429,.063,.206,63,5.8,9.8,7.8,3.9,0.9,3.1,13.7,10.8,,0.1,0.5,0.6,.054,,-3.7,2.8,-0.9
6,0,30,723,76,179,.425,59,132,.447,17,47,.362,52,77,.675,24,52,76,45,26,5,44,57,221
6,1,30,24.1,2.5,6.0,.425,2.0,4.4,.447,0.6,1.6,.362,1.7,2.6,.675,2.5,1.5,0.9,0.2,1.5,1.9,7.4
6,2,30,723,4.2,9.9,.425,3.3,7.3,.447,0.9,2.6,.362,2.9,4.3,.675,4.2,2.5,1.4,0.3,2.4,3.2,12.2
6,3,30,723,6.8,15.9,.425,5.3,11.8,.447,1.5,4.2,.362,4.6,6.9,.675,6.8,4.0,2.3,0.4,3.9,5.1,19.7,,100.0,100.9
6,4,30,723,13.8,.513,.472,.263,.430,219,3.8,8.8,6.2,15.6,2.3,0.8,17.0,19.8,,0.8,0.9,1.7,.094,,0.2,1.6,1.8
7,0,30,793,78,224,.348,36,91,.396,42,133,.316,94,139,.676,8,56,64,52,40,3,58,59,292
7,1,30,26.4,2.6,7.5,.348,1.2,3.0,.396,1.4,4.4,.316,3.1,4.6,.676,2.1,1.7,1.3,0.1,1.9,2.0,9.7
7,2,30,793,3.9,11.3,.348,1.8,4.6,.396,2.1,6.7,.316,4.7,7.0,.676,3.2,2.6,2.0,0.2,2.9,3.0,14.7
7,3,30,793,6.3,18.2,.348,2.9,7.4,.396,3.4,10.8,.316,7.6,11.3,.676,5.2,4.2,3.2,0.2,4.7,4.8,23.7,,97.4,99.2
7,4,30,793,14.6,.503,.442,.594,.621,278,1.2,8.7,4.8,16.2,3.2,0.4,16.7,24.2,,0.8,1.1,1.9,.098,,1.8,0.9,2.7
8,0,18,195,14,37,.378,10,22,.455,4,15,.267,4,4,1.000,4,17,21,4,11,1,3,15,36
8,1,18,10.8,0.8,2.1,.378,0.6,1.2,.455,0.2,0.8,.267,0.2,0.2,1.000,1.2,0.2,0.6,0.1,0.2,0.8,2.0
8,2,18,195,2.9,7.6,.378,2.1,4.5,.455,0.8,3.1,.267,0.8,0.8,1.000,4.3,0.8,2.3,0.2,0.6,3.1,7.4
8,3,18,195,4.6,12.2,.378,3.3,7.3,.455,1.3,5.0,.267,1.3,1.3,1.000,6.9,1.3,3.6,0.3,1.0,5.0,11.9,,101.3,97.3
8,4,18,195,10.7,.463,.432,.405,.108,34,2.3,10.7,6.4,4.7,3.6,0.6,7.2,11.8,,0.1,0.3,0.4,.092,,-1.5,2.9,1.4
9,0,29,859,130,282,.461,95,195,.487,35,87,.402,56,79,.709,33,87,120,58,26,5,40,81,351
9,1,29,29.6,4.5,9.7,.461,3.3,6.7,.487,1.2,3.0,.402,1.9,2.7,.709,4.1,2.0,0.9,0.2,1.4,2.8,12.1
9,2,29,859,6.1,13.1,.461,4.4,9.1,.487,1.6,4.1,.402,2.6,3.7,.709,5.6,2.7,1.2,0.2,1.9,3.8,16.3
9,3,29,859,9.7,21.1,.461,7.1,14.6,.487,2.6,6.5,.402,4.2,5.9,.709,9.0,4.3,1.9,0.4,3.0,6.1,26.3,,112.4,99.9
9,4,29,859,19.9,.549,.523,.309,.280,333,4.4,12.4,8.3,19.1,1.9,0.7,11.1,23.1,,2.2,1.2,3.4,.159,,4.4,1.3,5.7
10,0,30,748,84,242,.347,32,91,.352,52,151,.344,30,36,.833,18,46,64,40,33,3,42,37,250
10,1,30,24.9,2.8,8.1,.347,1.1,3.0,.352,1.7,5.0,.344,1.0,1.2,.833,2.1,1.3,1.1,0.1,1.4,1.2,8.3
10,2,30,748,4.5,12.9,.347,1.7,4.9,.352,2.8,8.1,.344,1.6,1.9,.833,3.4,2.1,1.8,0.2,2.2,2.0,13.4
10,3,30,748,7.2,20.8,.347,2.8,7.8,.352,4.5,13.0,.344,2.6,3.1,.833,5.5,3.4,2.8,0.3,3.6,3.2,21.5,,96.6,100.8
10,4,30,748,13.5,.482,.455,.624,.149,235,2.7,7.5,5.1,13.6,2.8,0.5,13.9,22.2,,0.6,0.9,1.6,.084,,1.5,0.8,2.3
11,0,22,360,37,98,.378,37,98,.378,0,0,,17,37,.459,22,62,84,6,6,39,22,54,91
11,1,22,16.4,1.7,4.5,.378,1.7,4.5,.378,0.0,0.0,,0.8,1.7,.459,3.8,0.3,0.3,1.8,1.0,2.5,4.1
11,2,22,360,4.1,10.9,.378,4.1,10.9,.378,0.0,0.0,,1.9,4.1,.459,9.3,0.7,0.7,4.3,2.4,6.0,10.1
11,3,22,360,6.6,17.5,.378,6.6,17.5,.378,0.0,0.0,,3.0,6.6,.459,15.0,1.1,1.1,7.0,3.9,9.7,16.3,,79.2,92.0
11,4,22,360,12.0,.394,.378,.000,.378,90,7.0,21.1,13.8,4.2,1.1,12.7,16.0,21.1,,-0.3,0.8,0.4,.047,,-7.7,7.1,-0.6
