0,0,31,583,67,165,.406,54,108,.500,13,57,.228,50,75,.667,44,78,122,29,30,25,32,64,197
0,1,31,18.8,2.2,5.3,.406,1.7,3.5,.500,0.4,1.8,.228,1.6,2.4,.667,3.9,0.9,1.0,0.8,1.0,2.1,6.4
0,2,31,583,4.6,11.3,.406,3.7,7.4,.500,0.9,3.9,.228,3.4,5.1,.667,8.4,2.0,2.1,1.7,2.2,4.4,13.5
0,3,31,583,6.8,16.8,.406,5.5,11.0,.500,1.3,5.8,.228,5.1,7.6,.667,12.4,2.9,3.0,2.5,3.3,6.5,20.0,,102.7,96.8
0,4,31,583,17.3,.491,.445,.345,.455,197,8.4,15.5,11.9,10.3,3.0,4.7,13.8,19.9,,0.7,1.0,1.7,.120,,-0.1,2.4,2.3
1,0,31,744,71,176,.403,50,100,.500,21,76,.276,51,71,.718,33,89,122,27,32,13,43,82,214
1,1,31,24.0,2.3,5.7,.403,1.6,3.2,.500,0.7,2.5,.276,1.6,2.3,.718,3.9,0.9,1.0,0.4,1.4,2.6,6.9
1,2,31,744,3.8,9.5,.403,2.7,5.4,.500,1.1,4.1,.276,2.7,3.8,.718,6.6,1.5,1.7,0.7,2.3,4.4,11.5
1,3,31,744,5.7,14.0,.403,4.0,8.0,.500,1.7,6.0,.276,4.1,5.7,.718,9.7,2.1,2.5,1.0,3.4,6.5,17.0,,98.8,100.0
1,4,31,744,12.2,.510,.463,.432,.403,203,4.9,13.9,9.3,7.2,2.5,1.9,17.0,17.0,,0.6,1.1,1.6,.087,,-1.1,0.7,-0.4
2,0,31,644,84,227,.370,39,86,.453,45,141,.319,39,49,.796,19,50,69,37,24,2,40,50,252
2,1,31,20.8,2.7,7.3,.370,1.3,2.8,.453,1.5,4.5,.319,1.3,1.6,.796,2.2,1.2,0.8,0.1,1.3,1.6,8.1
2,2,31,644,5.2,14.1,.370,2.4,5.3,.453,2.8,8.8,.319,2.4,3.0,.796,4.3,2.3,1.5,0.1,2.5,3.1,15.7
2,3,31,644,7.7,20.9,.370,3.6,7.9,.453,4.1,13.0,.319,3.6,4.5,.796,6.3,3.4,2.2,0.2,3.7,4.6,23.2,,100.3,103.8
2,4,31,644,13.5,.503,.469,.621,.216,229,3.3,9.0,6.1,12.3,2.2,0.3,13.8,22.5,,0.7,0.7,1.4,.087,,0.9,-2.3,-1.4
3,0,31,524,52,118,.441,48,90,.533,4,28,.143,27,50,.540,39,52,91,61,34,9,48,50,135
3,1,31,16.9,1.7,3.8,.441,1.5,2.9,.533,0.1,0.9,.143,0.9,1.6,.540,2.9,2.0,1.1,0.3,1.5,1.6,4.4
3,2,31,524,4.0,9.0,.441,3.7,6.9,.533,0.3,2.1,.143,2.1,3.8,.540,6.9,4.7,2.6,0.7,3.7,3.8,10.3
3,3,31,524,5.9,13.3,.441,5.4,10.2,.533,0.5,3.2,.143,3.1,5.7,.540,10.3,6.9,3.8,1.0,5.4,5.7,15.3,,92.8,98.3
3,4,31,524,14.4,.476,.458,.237,.424,161,8.2,11.5,9.8,23.4,3.8,1.9,25.3,18.1,,0.2,0.8,1.0,.077,,-1.0,2.1,1.1
4,0,30,754,122,316,.386,62,133,.466,60,183,.328,56,73,.767,17,40,57,40,35,6,55,51,360
4,1,30,25.1,4.1,10.5,.386,2.1,4.4,.466,2.0,6.1,.328,1.9,2.4,.767,1.9,1.3,1.2,0.2,1.8,1.7,12.0
4,2,30,754,6.5,16.8,.386,3.3,7.1,.466,3.2,9.7,.328,3.0,3.9,.767,3.0,2.1,1.9,0.3,2.9,2.7,19.1
4,3,30,754,9.6,24.8,.386,4.9,10.4,.466,4.7,14.4,.328,4.4,5.7,.767,4.5,3.1,2.7,0.5,4.3,4.0,28.3,,99.9,103.6
4,4,30,754,15.7,.513,.481,.579,.231,313,2.5,6.2,4.3,12.2,2.7,0.9,13.6,26.9,,0.9,0.8,1.8,.094,,1.7,-2.5,-0.8
5,0,19,184,28,66,.424,25,46,.543,3,20,.150,20,29,.690,17,23,40,6,4,0,11,24,79
5,1,19,9.7,1.5,3.5,.424,1.3,2.4,.543,0.2,1.1,.150,1.1,1.5,.690,2.1,0.3,0.2,0.0,0.6,1.3,4.2
5,2,19,184,6.1,14.3,.424,5.4,10.0,.543,0.7,4.3,.150,4.3,6.3,.690,8.7,1.3,0.9,0.0,2.4,5.2,17.2
5,3,19,184,9.0,21.2,.424,8.0,14.8,.543,1.0,6.4,.150,6.4,9.3,.690,12.9,1.9,1.3,0.0,3.5,7.7,25.4,,102.7,103.4
5,4,19,184,15.7,.495,.447,.303,.439,75,10.2,14.5,12.3,7.3,1.3,0.0,12.1,24.7,,0.3,0.2,0.5,.105,,-0.8,-3.8,-4.6
6,0,17,106,9,23,.391,9,23,.391,0,0,,1,9,.111,9,9,18,5,2,2,7,22,19
6,1,17,6.2,0.5,1.4,.391,0.5,1.4,.391,0.0,0.0,,0.1,0.5,.111,1.1,0.3,0.1,0.1,0.4,1.3,1.1
6,2,17,106,3.4,8.7,.391,3.4,8.7,.391,0.0,0.0,,0.4,3.4,.111,6.8,1.9,0.8,0.8,2.6,8.3,7.2
6,3,17,106,5.0,12.8,.391,5.0,12.8,.391,0.0,0.0,,0.6,5.0,.111,10.1,2.8,1.1,1.1,3.9,12.3,10.6,,74.4,104.2
6,4,17,106,3.3,.348,.391,.000,.391,22,9.4,9.9,9.6,9.2,1.1,2.1,20.4,16.2,,-0.1,0.1,0.0,-.008,,-6.4,-0.5,-6.9
7,0,22,531,28,88,.318,11,33,.333,17,55,.309,10,19,.526,4,55,59,83,32,5,32,43,83
7,1,22,24.1,1.3,4.0,.318,0.5,1.5,.333,0.8,2.5,.309,0.5,0.9,.526,2.7,3.8,1.5,0.2,1.5,2.0,3.8
7,2,22,531,2.1,6.6,.318,0.8,2.5,.333,1.3,4.1,.309,0.8,1.4,.526,4.4,6.3,2.4,0.4,2.4,3.2,6.3
7,3,22,531,3.1,9.8,.318,1.2,3.7,.333,1.9,6.1,.309,1.1,2.1,.526,6.6,9.3,3.6,0.6,3.6,4.8,9.3,,93.6,99.2
7,4,22,531,10.9,.428,.415,.625,.216,112,0.8,12.0,6.3,28.7,3.6,1.0,24.8,12.1,,0.1,0.8,0.9,.071,,-1.6,0.7,-0.9
8,0,31,942,139,242,.574,139,241,.577,0,1,.000,86,158,.544,70,182,252,54,35,35,57,81,364
8,1,31,30.4,4.5,7.8,.574,4.5,7.8,.577,0.0,0.0,.000,2.8,5.1,.544,8.1,1.7,1.1,1.1,1.8,2.6,11.7
8,2,31,942,5.9,10.3,.574,5.9,10.2,.577,0.0,0.0,.000,3.7,6.7,.544,10.7,2.3,1.5,1.5,2.4,3.4,15.5
8,3,31,942,8.7,15.2,.574,8.7,15.2,.577,0.0,0.1,.000,5.4,9.9,.544,15.8,3.4,2.2,2.2,3.6,5.1,22.9,,110.9,96.3
8,4,31,942,21.6,.574,.574,.004,.653,348,8.2,22.4,15.2,12.8,2.2,4.1,15.2,19.8,,1.9,1.7,3.6,.154,,1.0,3.0,4.0
9,0,26,642,104,205,.507,88,170,.518,16,35,.457,54,97,.557,49,66,115,49,19,14,57,38,278
9,1,26,24.7,4.0,7.9,.507,3.4,6.5,.518,0.6,1.3,.457,2.1,3.7,.557,4.4,1.9,0.7,0.5,2.2,1.5,10.7
9,2,26,642,6.5,12.8,.507,5.5,10.6,.518,1.0,2.2,.457,3.4,6.0,.557,7.2,3.1,1.2,0.9,3.6,2.4,17.3
9,3,26,642,9.6,18.9,.507,8.1,15.7,.518,1.5,3.2,.457,5.0,8.9,.557,10.6,4.5,1.8,1.3,5.3,3.5,25.6,,103.2,102.7
9,4,26,642,19.1,.554,.546,.171,.473,267,8.4,11.9,10.1,17.6,1.8,2.4,18.5,24.0,,1.0,0.8,1.8,.111,,1.3,0.1,1.4
10,0,30,571,39,114,.342,35,89,.393,4,25,.160,33,49,.673,33,50,83,50,17,4,44,61,115
10,1,30,19.0,1.3,3.8,.342,1.2,3.0,.393,0.1,0.8,.160,1.1,1.6,.673,2.8,1.7,0.6,0.1,1.5,2.0,3.8
10,2,30,571,2.7,8.0,.342,2.5,6.2,.393,0.3,1.8,.160,2.3,3.4,.673,5.8,3.5,1.2,0.3,3.1,4.3,8.1
10,3,30,571,4.0,11.8,.342,3.6,9.2,.393,0.4,2.6,.160,3.4,5.1,.673,8.6,5.2,1.8,0.4,4.6,6.3,11.9,,86.2,103.9
10,4,30,571,7.6,.419,.360,.219,.430,139,6.4,10.2,8.2,16.6,1.8,0.8,24.3,15.9,,-0.2,0.6,0.5,.032,,-3.6,-0.1,-3.7
