0,0,31,929,74,214,.346,36,111,.324,38,103,.369,40,47,.851,20,75,95,45,27,9,58,69,226
0,1,31,30.0,2.4,6.9,.346,1.2,3.6,.324,1.2,3.3,.369,1.3,1.5,.851,3.1,1.5,0.9,0.3,1.9,2.2,7.3
0,2,31,929,3.2,9.2,.346,1.6,4.8,.324,1.6,4.4,.369,1.7,2.0,.851,4.1,1.9,1.2,0.4,2.5,3.0,9.7
0,3,31,929,4.9,14.2,.346,2.4,7.4,.324,2.5,6.9,.369,2.7,3.1,.851,6.3,3.0,1.8,0.6,3.9,4.6,15.0,,89.4,111.6
0,4,31,929,8.5,.478,.435,.481,.220,221,2.6,9.8,6.2,11.0,1.8,1.0,19.7,17.1,,0.1,0.2,0.3,.012,,-3.7,-3.0,-6.7
1,0,13,203,15,40,.375,6,20,.300,9,20,.450,10,16,.625,12,9,21,8,3,3,15,16,49
1,1,13,15.6,1.2,3.1,.375,0.5,1.5,.300,0.7,1.5,.450,0.8,1.2,.625,1.6,0.6,0.2,0.2,1.2,1.2,3.8
1,2,13,203,3.0,7.9,.375,1.2,3.9,.300,1.8,3.9,.450,2.0,3.2,.625,4.1,1.6,0.6,0.6,3.0,3.2,9.7
1,3,13,203,4.6,12.2,.375,1.8,6.1,.300,2.7,6.1,.450,3.0,4.9,.625,6.4,2.4,0.9,0.9,4.6,4.9,14.9,,92.0,115.1
1,4,13,203,8.3,.515,.488,.500,.400,50,7.1,5.4,6.3,8.8,0.9,1.5,24.0,16.6,,0.1,0.0,0.0,.006,,-3.7,-4.4,-8.1
2,0,2,0,0,0,,0,0,,0,0,,0,0,,0,0,0,0,0,0,0,0,0
2,1,2,0.0,0.0,0.0,,0.0,0.0,,0.0,0.0,,0.0,0.0,,0.0,0.0,0.0,0.0,0.0,0.0,0.0
2,2,2,0,,,,,,,,,,,,,,,,,,,
2,3,2,0,,,,,,,,,,,,,,,,,,,,,,
2,4,2,0,,,,,,,,,,,,,,,,0.0,0.0,0.0,,,-7.5,-3.1,-10.6
3,0,19,237,17,47,.362,7,17,.412,10,30,.333,3,5,.600,0,9,9,22,9,1,19,10,47
3,1,19,12.5,0.9,2.5,.362,0.4,0.9,.412,0.5,1.6,.333,0.2,0.3,.600,0.5,1.2,0.5,0.1,1.0,0.5,2.5
3,2,19,237,2.9,7.9,.362,1.2,2.9,.412,1.7,5.1,.333,0.5,0.8,.600,1.5,3.7,1.5,0.2,3.2,1.7,7.9
3,3,19,237,4.4,12.3,.362,1.8,4.4,.412,2.6,7.8,.333,0.8,1.3,.600,2.3,5.7,2.3,0.3,5.0,2.6,12.3,,82.7,113.0
3,4,19,237,6.9,.476,.468,.638,.106,50,0.0,4.6,2.3,20.7,2.3,0.4,27.8,15.6,,-0.1,0.0,-0.1,-.015,,-5.4,-5.6,-11.0
4,0,26,179,7,20,.350,7,20,.350,0,0,,8,18,.444,11,24,35,2,4,3,12,31,22
4,1,26,6.9,0.3,0.8,.350,0.3,0.8,.350,0.0,0.0,,0.3,0.7,.444,1.3,0.1,0.2,0.1,0.5,1.2,0.8
4,2,26,179,1.6,4.5,.350,1.6,4.5,.350,0.0,0.0,,1.8,4.0,.444,7.8,0.4,0.9,0.7,2.7,6.9,4.9
4,3,26,179,2.4,6.9,.350,2.4,6.9,.350,0.0,0.0,,2.8,6.2,.444,12.1,0.7,1.4,1.0,4.1,10.7,7.6,,69.7,108.9
4,4,26,179,2.8,.385,.350,.000,.900,25,7.4,16.2,11.8,2.3,1.4,1.7,29.6,12.2,,-0.2,0.1,-0.1,-.028,,-9.2,-2.9,-12.2
5,0,27,755,82,198,.414,75,158,.475,7,40,.175,95,137,.693,8,69,77,109,38,7,98,46,266
5,1,27,28.0,3.0,7.3,.414,2.8,5.9,.475,0.3,1.5,.175,3.5,5.1,.693,2.9,4.0,1.4,0.3,3.6,1.7,9.9
5,2,27,755,4.3,10.5,.414,4.0,8.4,.475,0.4,2.1,.175,5.0,7.3,.693,4.1,5.8,2.0,0.4,5.2,2.4,14.1
5,3,27,755,6.7,16.2,.414,6.1,12.9,.475,0.6,3.3,.175,7.8,11.2,.693,6.3,8.9,3.1,0.6,8.0,3.8,21.8,,89.9,108.2
5,4,27,755,14.4,.506,.432,.202,.692,292,1.3,11.1,6.2,35.2,3.1,0.9,27.1,25.8,,0.1,0.4,0.5,.029,,-3.4,-3.1,-6.5
6,0,31,859,83,185,.449,65,134,.485,18,51,.353,29,49,.592,45,125,170,22,13,30,51,45,213
6,1,31,27.7,2.7,6.0,.449,2.1,4.3,.485,0.6,1.6,.353,0.9,1.6,.592,5.5,0.7,0.4,1.0,1.6,1.5,6.9
6,2,31,859,3.9,8.6,.449,3.0,6.2,.485,0.8,2.4,.353,1.4,2.3,.592,7.9,1.0,0.6,1.4,2.4,2.1,9.9
6,3,31,859,6.0,13.3,.449,4.7,9.6,.485,1.3,3.7,.353,2.1,3.5,.592,12.2,1.6,0.9,2.2,3.7,3.2,15.3,,93.1,108.9
6,4,31,859,12.1,.511,.497,.276,.265,205,6.3,17.6,12.0,6.1,0.9,3.6,19.7,16.3,,0.3,0.4,0.7,.034,,-4.4,-1.8,-6.2
7,0,29,697,62,183,.339,32,80,.400,30,103,.291,31,55,.564,33,67,100,10,8,13,24,67,185
7,1,29,24.0,2.1,6.3,.339,1.1,2.8,.400,1.0,3.6,.291,1.1,1.9,.564,3.4,0.3,0.3,0.4,0.8,2.3,6.4
7,2,29,697,3.6,10.5,.339,1.8,4.6,.400,1.7,5.9,.291,1.8,3.2,.564,5.7,0.6,0.5,0.7,1.4,3.8,10.6
7,3,29,697,5.5,16.2,.339,2.8,7.1,.400,2.7,9.1,.291,2.8,4.9,.564,8.9,0.9,0.7,1.2,2.1,5.9,16.4,,92.6,112.6
7,4,29,697,8.7,.442,.421,.563,.301,174,5.7,11.6,8.7,3.3,0.7,1.9,10.3,18.0,,0.2,0.1,0.3,.018,,-3.8,-4.9,-8.7
8,0,1,23,1,4,.250,1,3,.333,0,1,.000,2,5,.400,0,5,5,4,0,0,0,1,4
8,1,1,23.0,1.0,4.0,.250,1.0,3.0,.333,0.0,1.0,.000,2.0,5.0,.400,5.0,4.0,0.0,0.0,0.0,1.0,4.0
8,2,1,23,1.7,7.0,.250,1.7,5.2,.333,0.0,1.7,.000,3.5,8.7,.400,8.7,7.0,0.0,0.0,0.0,1.7,7.0
8,3,1,23,2.7,10.8,.250,2.7,8.1,.333,0.0,2.7,.000,5.4,13.4,.400,13.4,10.8,0.0,0.0,0.0,2.7,10.8,,97.8,109.3
8,4,1,23,11.9,.314,.250,.250,1.250,6,0.0,26.3,13.1,36.6,0.0,0.0,0.0,14.9,,0.0,0.0,0.0,.046,,-4.6,-4.7,-9.3
9,0,14,44,1,6,.167,0,1,.000,1,5,.200,0,0,,1,0,1,1,0,0,2,5,3
9,1,14,3.1,0.1,0.4,.167,0.0,0.1,.000,0.1,0.4,.200,0.0,0.0,,0.1,0.1,0.0,0.0,0.1,0.4,0.2
9,2,14,44,0.9,5.5,.167,0.0,0.9,.000,0.9,4.5,.200,0.0,0.0,,0.9,0.9,0.0,0.0,1.8,4.5,2.7
9,3,14,44,1.4,8.4,.167,0.0,1.4,.000,1.4,7.0,.200,0.0,0.0,,1.4,1.4,0.0,0.0,2.8,7.0,4.2,,52.9,120.1
9,4,14,44,-4.2,.250,.250,.833,.000,4,2.7,0.0,1.4,4.6,0.0,0.0,25.0,9.8,,-0.1,0.0,-0.1,-.091,,-8.4,-6.1,-14.5
10,0,23,615,72,170,.424,38,77,.494,34,93,.366,40,52,.769,32,89,121,37,19,13,40,52,218
10,1,23,26.7,3.1,7.4,.424,1.7,3.3,.494,1.5,4.0,.366,1.7,2.3,.769,5.3,1.6,0.8,0.6,1.7,2.3,9.5
10,2,23,615,4.7,11.1,.424,2.5,5.0,.494,2.2,6.0,.366,2.6,3.4,.769,7.9,2.4,1.2,0.8,2.6,3.4,14.2
10,3,23,615,7.2,17.1,.424,3.8,7.7,.494,3.4,9.4,.366,4.0,5.2,.769,12.2,3.7,1.9,1.3,4.0,5.2,21.9,,106.2,107.4
10,4,23,615,17.6,.560,.524,.547,.306,212,6.3,17.5,11.9,15.0,1.9,2.2,17.0,20.6,,1.1,0.4,1.5,.095,,0.7,-2.2,-1.5
11,0,31,882,150,299,.502,150,298,.503,0,1,.000,91,125,.728,77,115,192,54,29,30,56,86,391
11,1,31,28.5,4.8,9.6,.502,4.8,9.6,.503,0.0,0.0,.000,2.9,4.0,.728,6.2,1.7,0.9,1.0,1.8,2.8,12.6
11,2,31,882,6.8,13.6,.502,6.8,13.5,.503,0.0,0.0,.000,4.1,5.7,.728,8.7,2.4,1.3,1.4,2.5,3.9,17.7
11,3,31,882,10.5,21.0,.502,10.5,20.9,.503,0.0,0.1,.000,6.4,8.8,.728,13.5,3.8,2.0,2.1,3.9,6.0,27.4,,109.7,107.0
11,4,31,882,23.1,.546,.502,.003,.418,389,10.5,15.8,13.2,17.5,2.0,3.5,13.5,25.3,,2.3,0.6,2.9,.130,,0.7,-1.0,-0.3
12,0,31,778,80,214,.374,38,96,.396,42,118,.356,43,59,.729,14,44,58,26,14,7,65,55,245
12,1,31,25.1,2.6,6.9,.374,1.2,3.1,.396,1.4,3.8,.356,1.4,1.9,.729,1.9,0.8,0.5,0.2,2.1,1.8,7.9
12,2,31,778,4.1,11.0,.374,2.0,4.9,.396,2.2,6.1,.356,2.2,3.0,.729,3.0,1.3,0.7,0.4,3.3,2.8,12.6
12,3,31,778,6.4,17.0,.374,3.0,7.6,.396,3.3,9.4,.356,3.4,4.7,.729,4.6,2.1,1.1,0.6,5.2,4.4,19.5,,87.4,114.4
12,4,31,778,8.0,.506,.472,.551,.276,221,2.2,6.8,4.5,8.0,1.1,0.9,21.2,21.3,,-0.1,0.0,-0.1,-.007,,-4.0,-5.2,-9.2
