0,0,29,580,45,145,.310,34,106,.321,11,39,.282,28,38,.737,20,35,55,47,21,4,33,50,129
0,1,29,20.0,1.6,5.0,.310,1.2,3.7,.321,0.4,1.3,.282,1.0,1.3,.737,1.9,1.6,0.7,0.1,1.1,1.7,4.4
0,2,29,580,3.1,10.0,.310,2.3,7.3,.321,0.8,2.7,.282,1.9,2.6,.737,3.8,3.2,1.4,0.3,2.3,3.4,8.9
0,3,29,580,4.8,15.6,.310,3.7,11.4,.321,1.2,4.2,.282,3.0,4.1,.737,5.9,5.1,2.3,0.4,3.6,5.4,13.9,,87.7,107.9
0,4,29,580,8.2,.396,.348,.269,.262,141,4.0,7.6,5.7,15.8,2.3,0.7,16.8,17.7,,-0.1,0.4,0.3,.021,,-2.4,-0.7,-3.1
1,0,2,3,0,1,.000,0,1,.000,0,0,,0,2,.000,0,0,0,0,0,0,0,1,0
1,1,2,1.5,0.0,0.5,.000,0.0,0.5,.000,0.0,0.0,,0.0,1.0,.000,0.0,0.0,0.0,0.0,0.0,0.5,0.0
1,2,2,3,0.0,13.3,.000,0.0,13.3,.000,0.0,0.0,,0.0,26.7,.000,0.0,0.0,0.0,0.0,0.0,13.3,0.0
1,3,2,3,0.0,20.8,.000,0.0,20.8,.000,0.0,0.0,,0.0,41.7,.000,0.0,0.0,0.0,0.0,0.0,20.8,0.0,,0.0,115.3
1,4,2,3,-37.2,.000,.000,.000,2.000,0,0.0,0.0,0.0,0.0,0.0,0.0,0.0,34.1,,0.0,0.0,0.0,-.519,,-26.8,-10.1,-36.9
2,0,17,28,2,6,.333,2,5,.400,0,1,.000,1,2,.500,0,3,3,1,1,0,1,2,5
2,1,17,1.6,0.1,0.4,.333,0.1,0.3,.400,0.0,0.1,.000,0.1,0.1,.500,0.2,0.1,0.1,0.0,0.1,0.1,0.3
2,2,17,28,2.9,8.6,.333,2.9,7.1,.400,0.0,1.4,.000,1.4,2.9,.500,4.3,1.4,1.4,0.0,1.4,2.9,7.1
2,3,17,28,4.5,13.4,.333,4.5,11.2,.400,0.0,2.2,.000,2.2,4.5,.500,6.7,2.2,2.2,0.0,2.2,4.5,11.2,,77.1,105.7
2,4,17,28,5.1,.360,.333,.167,.333,5,0.0,13.5,6.4,6.9,2.2,0.0,12.6,14.9,,0.0,0.0,0.0,.002,,-5.9,-1.3,-7.3
3,0,31,581,40,80,.500,40,80,.500,0,0,,13,27,.481,54,62,116,14,14,48,24,67,93
3,1,31,18.7,1.3,2.6,.500,1.3,2.6,.500,0.0,0.0,,0.4,0.9,.481,3.7,0.5,0.5,1.5,0.8,2.2,3.0
3,2,31,581,2.8,5.5,.500,2.8,5.5,.500,0.0,0.0,,0.9,1.9,.481,8.0,1.0,1.0,3.3,1.7,4.6,6.4
3,3,31,581,4.3,8.6,.500,4.3,8.6,.500,0.0,0.0,,1.4,2.9,.481,12.5,1.5,1.5,5.2,2.6,7.2,10.0,,100.5,102.9
3,4,31,581,13.2,.501,.500,.000,.338,105,10.7,13.4,12.0,4.6,1.5,9.0,20.5,10.5,,0.4,0.6,1.0,.070,,-1.7,5.1,3.3
4,0,2,2,0,0,,0,0,,0,0,,0,0,,0,0,0,0,0,0,1,1,0
4,1,2,1.0,0.0,0.0,,0.0,0.0,,0.0,0.0,,0.0,0.0,,0.0,0.0,0.0,0.0,0.5,0.5,0.0
4,2,2,2,0.0,0.0,,0.0,0.0,,0.0,0.0,,0.0,0.0,,0.0,0.0,0.0,0.0,20.0,20.0,0.0
4,3,2,2,0.0,0.0,,0.0,0.0,,0.0,0.0,,0.0,0.0,,0.0,0.0,0.0,0.0,31.2,31.2,0.0,,0.0,114.4
4,4,2,2,-41.8,,,,,0,0.0,0.0,0.0,0.0,0.0,0.0,100.0,26.2,,0.0,0.0,0.0,-.546,,-29.4,-0.1,-29.5
5,0,30,129,9,22,.409,8,19,.421,1,3,.333,4,6,.667,3,9,12,15,5,0,14,16,23
5,1,30,4.3,0.3,0.7,.409,0.3,0.6,.421,0.0,0.1,.333,0.1,0.2,.667,0.4,0.5,0.2,0.0,0.5,0.5,0.8
5,2,30,129,2.8,6.8,.409,2.5,5.9,.421,0.3,0.9,.333,1.2,1.9,.667,3.7,4.7,1.6,0.0,4.3,5.0,7.1
5,3,30,129,4.4,10.7,.409,3.9,9.2,.421,0.5,1.5,.333,1.9,2.9,.667,5.8,7.3,2.4,0.0,6.8,7.7,11.1,,78.0,107.1
5,4,30,129,5.8,.463,.432,.136,.273,28,2.7,8.8,5.6,22.3,2.4,0.0,36.0,15.8,,-0.1,0.1,0.0,-.009,,-5.1,-1.4,-6.5
6,0,31,395,38,84,.452,38,84,.452,0,0,,8,21,.381,19,42,61,10,10,8,16,43,84
6,1,31,12.7,1.2,2.7,.452,1.2,2.7,.452,0.0,0.0,,0.3,0.7,.381,2.0,0.3,0.3,0.3,0.5,1.4,2.7
6,2,31,395,3.8,8.5,.452,3.8,8.5,.452,0.0,0.0,,0.8,2.1,.381,6.2,1.0,1.0,0.8,1.6,4.4,8.5
6,3,31,395,6.0,13.3,.452,6.0,13.3,.452,0.0,0.0,,1.3,3.3,.381,9.6,1.6,1.6,1.3,2.5,6.8,13.3,,91.0,106.0
6,4,31,395,9.1,.447,.452,.000,.250,81,5.5,13.4,9.3,5.1,1.6,2.2,14.5,14.6,,0.1,0.3,0.4,.038,,-3.6,0.1,-3.5
7,0,31,911,136,336,.405,106,240,.442,30,96,.313,43,67,.642,49,110,159,79,52,18,78,73,345
7,1,31,29.4,4.4,10.8,.405,3.4,7.7,.442,1.0,3.1,.313,1.4,2.2,.642,5.1,2.5,1.7,0.6,2.5,2.4,11.1
7,2,31,911,6.0,14.8,.405,4.7,10.5,.442,1.3,4.2,.313,1.9,2.9,.642,7.0,3.5,2.3,0.8,3.4,3.2,15.1
7,3,31,911,9.3,23.0,.405,7.3,16.5,.442,2.1,6.6,.313,2.9,4.6,.642,10.9,5.4,3.6,1.2,5.3,5.0,23.7,,94.2,101.0
7,4,31,911,17.1,.469,.449,.286,.199,343,6.2,15.2,10.5,19.6,3.6,2.1,17.5,25.6,,0.6,1.2,1.8,.078,,1.0,1.9,3.0
8,0,31,759,85,230,.370,34,87,.391,51,143,.357,15,25,.600,13,67,80,20,19,2,32,61,236
8,1,31,24.5,2.7,7.4,.370,1.1,2.8,.391,1.6,4.6,.357,0.5,0.8,.600,2.6,0.6,0.6,0.1,1.0,2.0,7.6
8,2,31,759,4.5,12.1,.370,1.8,4.6,.391,2.7,7.5,.357,0.8,1.3,.600,4.2,1.1,1.0,0.1,1.7,3.2,12.4
8,3,31,759,7.0,18.9,.370,2.8,7.2,.391,4.2,11.8,.357,1.2,2.1,.600,6.6,1.6,1.6,0.2,2.6,5.0,19.4,,98.8,108.1
8,4,31,759,10.2,.488,.480,.622,.109,202,2.0,11.1,6.3,5.5,1.6,0.3,11.7,18.9,,0.6,0.5,1.1,.057,,0.3,-2.2,-2.0
9,0,27,723,122,178,.685,121,173,.699,1,5,.200,35,66,.530,59,105,164,31,14,18,40,66,280
9,1,27,26.8,4.5,6.6,.685,4.5,6.4,.699,0.0,0.2,.200,1.3,2.4,.530,6.1,1.1,0.5,0.7,1.5,2.4,10.4
9,2,27,723,6.7,9.8,.685,6.7,9.6,.699,0.1,0.3,.200,1.9,3.7,.530,9.1,1.7,0.8,1.0,2.2,3.7,15.5
9,3,27,723,10.5,15.4,.685,10.5,14.9,.699,0.1,0.4,.200,3.0,5.7,.530,14.2,2.7,1.2,1.6,3.5,5.7,24.2,,121.1,104.5
9,4,27,723,22.7,.669,.688,.028,.371,250,9.4,18.2,13.6,10.2,1.2,2.7,16.0,18.1,,2.0,0.7,2.7,.151,,3.8,0.7,4.6
10,0,29,473,59,141,.418,57,135,.422,2,6,.333,39,61,.639,65,49,114,12,17,12,35,55,159
10,1,29,16.3,2.0,4.9,.418,2.0,4.7,.422,0.1,0.2,.333,1.3,2.1,.639,3.9,0.4,0.6,0.4,1.2,1.9,5.5
10,2,29,473,5.0,11.9,.418,4.8,11.4,.422,0.2,0.5,.333,3.3,5.2,.639,9.6,1.0,1.4,1.0,3.0,4.7,13.4
10,3,29,473,7.8,18.6,.418,7.5,17.8,.422,0.3,0.8,.333,5.2,8.1,.639,15.1,1.6,2.2,1.6,4.6,7.3,21.0,,96.6,104.4
10,4,29,473,16.0,.468,.426,.043,.433,165,15.8,13.0,14.5,5.4,2.2,2.8,17.1,22.7,,0.4,0.5,0.9,.072,,-1.3,-0.4,-1.6
11,0,31,1067,136,341,.399,105,248,.423,31,93,.333,102,131,.779,24,55,79,134,42,3,87,78,405
11,1,31,34.4,4.4,11.0,.399,3.4,8.0,.423,1.0,3.0,.333,3.3,4.2,.779,2.5,4.3,1.4,0.1,2.8,2.5,13.1
11,2,31,1067,5.1,12.8,.399,3.9,9.3,.423,1.2,3.5,.333,3.8,4.9,.779,3.0,5.0,1.6,0.1,3.3,2.9,15.2
11,3,31,1067,8.0,20.0,.399,6.1,14.5,.423,1.8,5.4,.333,6.0,7.7,.779,4.6,7.8,2.5,0.2,5.1,4.6,23.7,,102.3,108.2
11,4,31,1067,15.9,.502,.444,.273,.384,418,2.6,6.5,4.5,27.1,2.5,0.3,17.7,24.1,,1.7,0.6,2.3,.087,,2.2,-1.6,0.5
12,0,1,1,0,0,,0,0,,0,0,,0,0,,0,0,0,0,0,0,0,0,0
12,1,1,1.0,0.0,0.0,,0.0,0.0,,0.0,0.0,,0.0,0.0,,0.0,0.0,0.0,0.0,0.0,0.0,0.0
12,2,1,1,0.0,0.0,,0.0,0.0,,0.0,0.0,,0.0,0.0,,0.0,0.0,0.0,0.0,0.0,0.0,0.0
12,3,1,1,0.0,0.0,,0.0,0.0,,0.0,0.0,,0.0,0.0,,0.0,0.0,0.0,0.0,0.0,0.0,0.0,,,117.0
12,4,1,1,0.0,,,,,0,0.0,0.0,0.0,0.0,0.0,0.0,,0.0,,0.0,0.0,0.0,-.010,,-4.9,-0.4,-5.4
13,0,31,548,61,161,.379,59,151,.391,2,10,.200,38,45,.844,30,56,86,19,10,2,38,34,162
13,1,31,17.7,2.0,5.2,.379,1.9,4.9,.391,0.1,0.3,.200,1.2,1.5,.844,2.8,0.6,0.3,0.1,1.2,1.1,5.2
13,2,31,548,4.5,11.8,.379,4.3,11.0,.391,0.1,0.7,.200,2.8,3.3,.844,6.3,1.4,0.7,0.1,2.8,2.5,11.8
13,3,31,548,7.0,18.4,.379,6.7,17.2,.391,0.2,1.1,.200,4.3,5.1,.844,9.8,2.2,1.1,0.2,4.3,3.9,18.5,,89.5,108.3
13,4,31,548,9.9,.444,.385,.062,.280,157,6.3,12.8,9.4,7.2,1.1,0.4,17.2,21.1,,0.0,0.3,0.3,.026,,-3.9,-2.1,-6.0
