0,0,33,1056,145,297,.488,143,287,.498,2,10,.200,128,194,.660,77,199,276,53,25,51,62,91,420
0,1,33,32.0,4.4,9.0,.488,4.3,8.7,.498,0.1,0.3,.200,3.9,5.9,.660,8.4,1.6,0.8,1.5,1.9,2.8,12.7
0,2,33,1056,5.5,11.3,.488,5.4,10.9,.498,0.1,0.4,.200,4.8,7.3,.660,10.5,2.0,0.9,1.9,2.3,3.4,15.9
0,3,33,1056,8.1,16.5,.488,8.0,16.0,.498,0.1,0.6,.200,7.1,10.8,.660,15.4,3.0,1.4,2.8,3.5,5.1,23.4,,111.1,95.9
0,4,33,1056,19.7,.540,.492,.034,.653,416,8.6,20.5,14.8,10.1,1.4,5.3,13.7,21.4,,2.0,2.2,4.2,.159,,0.7,4.1,4.8
1,0,32,206,11,49,.224,7,25,.280,4,24,.167,7,13,.538,0,12,12,32,4,0,23,27,33
1,1,32,6.4,0.3,1.5,.224,0.2,0.8,.280,0.1,0.8,.167,0.2,0.4,.538,0.4,1.0,0.1,0.0,0.7,0.8,1.0
1,2,32,206,2.1,9.5,.224,1.4,4.9,.280,0.8,4.7,.167,1.4,2.5,.538,2.3,6.2,0.8,0.0,4.5,5.2,6.4
1,3,32,206,3.1,14.0,.224,2.0,7.1,.280,1.1,6.9,.167,2.0,3.7,.538,3.4,9.1,1.1,0.0,6.6,7.7,9.4,,66.5,105.4
1,4,32,206,-1.0,.299,.265,.490,.265,46,0.0,6.3,3.3,26.8,1.1,0.0,29.4,19.0,,-0.5,0.3,-0.2,-.046,,-7.3,-2.7,-10.0
2,0,32,940,145,350,.414,65,150,.433,80,200,.400,81,109,.743,23,85,108,56,34,5,69,69,451
2,1,32,29.4,4.5,10.9,.414,2.0,4.7,.433,2.5,6.3,.400,2.5,3.4,.743,3.4,1.8,1.1,0.2,2.2,2.2,14.1
2,2,32,940,6.2,14.9,.414,2.8,6.4,.433,3.4,8.5,.400,3.4,4.6,.743,4.6,2.4,1.4,0.2,2.9,2.9,19.2
2,3,32,940,9.1,21.9,.414,4.1,9.4,.433,5.0,12.5,.400,5.1,6.8,.743,6.8,3.5,2.1,0.3,4.3,4.3,28.2,,108.8,101.6
2,4,32,940,16.7,.561,.529,.571,.311,401,2.9,9.8,6.5,12.4,2.1,0.6,14.7,25.1,,1.7,1.5,3.2,.136,,3.8,-0.4,3.5
3,0,26,747,115,205,.561,103,170,.606,12,35,.343,73,123,.593,45,69,114,51,41,22,51,64,315
3,1,26,28.7,4.4,7.9,.561,4.0,6.5,.606,0.5,1.3,.343,2.8,4.7,.593,4.4,2.0,1.6,0.8,2.0,2.5,12.1
3,2,26,747,6.2,11.0,.561,5.5,9.1,.606,0.6,1.9,.343,3.9,6.6,.593,6.1,2.7,2.2,1.2,2.7,3.4,16.9
3,3,26,747,9.1,16.1,.561,8.1,13.4,.606,0.9,2.8,.343,5.8,9.7,.593,9.0,4.0,3.2,1.7,4.0,5.0,24.8,,114.3,97.8
3,4,26,747,20.8,.598,.590,.171,.600,301,7.1,10.0,8.6,14.2,3.2,3.2,16.2,21.1,,1.6,1.4,3.1,.164,,3.9,3.6,7.5
4,0,31,149,21,43,.488,7,14,.500,14,29,.483,0,2,.000,4,10,14,3,2,0,7,17,56
4,1,31,4.8,0.7,1.4,.488,0.2,0.5,.500,0.5,0.9,.483,0.0,0.1,.000,0.5,0.1,0.1,0.0,0.2,0.5,1.8
4,2,31,149,5.6,11.5,.488,1.9,3.8,.500,3.8,7.8,.483,0.0,0.5,.000,3.8,0.8,0.5,0.0,1.9,4.6,15.0
4,3,31,149,8.3,17.0,.488,2.8,5.5,.500,5.5,11.5,.483,0.0,0.8,.000,5.5,1.2,0.8,0.0,2.8,6.7,22.1,,114.2,105.8
4,4,31,149,12.1,.637,.651,.674,.047,44,3.2,7.3,5.3,4.1,0.8,0.0,13.7,17.1,,0.2,0.2,0.4,.111,,2.3,-2.6,-0.3
5,0,33,395,21,48,.438,21,48,.438,0,0,,16,31,.516,29,53,82,13,12,10,21,54,58
5,1,33,12.0,0.6,1.5,.438,0.6,1.5,.438,0.0,0.0,,0.5,0.9,.516,2.5,0.4,0.4,0.3,0.6,1.6,1.8
5,2,33,395,2.1,4.9,.438,2.1,4.9,.438,0.0,0.0,,1.6,3.1,.516,8.3,1.3,1.2,1.0,2.1,5.5,5.9
5,3,33,395,3.1,7.2,.438,3.1,7.2,.438,0.0,0.0,,2.4,4.6,.516,12.2,1.9,1.8,1.5,3.1,8.0,8.6,,92.4,98.7
5,4,33,395,7.9,.462,.438,.000,.646,71,8.7,14.6,11.7,5.7,1.8,2.8,25.1,10.6,,0.0,0.7,0.7,.074,,-2.4,3.4,1.0
6,0,33,1030,151,275,.549,151,273,.553,0,2,.000,75,120,.625,79,149,228,55,18,23,46,65,377
6,1,33,31.2,4.6,8.3,.549,4.6,8.3,.553,0.0,0.1,.000,2.3,3.6,.625,6.9,1.7,0.5,0.7,1.4,2.0,11.4
6,2,33,1030,5.9,10.7,.549,5.9,10.6,.553,0.0,0.1,.000,2.9,4.7,.625,8.9,2.1,0.7,0.9,1.8,2.5,14.6
6,3,33,1030,8.6,15.7,.549,8.6,15.6,.553,0.0,0.1,.000,4.3,6.9,.625,13.0,3.1,1.0,1.3,2.6,3.7,21.5,,117.6,100.5
6,4,33,1030,18.6,.568,.549,.007,.436,373,9.0,15.7,12.5,11.0,1.0,2.4,12.2,18.4,,2.3,1.7,4.0,.155,,2.3,2.2,4.5
7,0,30,96,12,29,.414,12,23,.522,0,6,.000,3,6,.500,6,9,15,0,1,0,9,22,27
7,1,30,3.2,0.4,1.0,.414,0.4,0.8,.522,0.0,0.2,.000,0.1,0.2,.500,0.5,0.0,0.0,0.0,0.3,0.7,0.9
7,2,30,96,5.0,12.1,.414,5.0,9.6,.522,0.0,2.5,.000,1.3,2.5,.500,6.3,0.0,0.4,0.0,3.8,9.2,11.3
7,3,30,96,7.4,17.8,.414,7.4,14.1,.522,0.0,3.7,.000,1.8,3.7,.500,9.2,0.0,0.6,0.0,5.5,13.5,16.5,,75.6,104.2
7,4,30,96,1.2,.424,.414,.207,.207,25,7.4,10.2,8.8,0.0,0.6,0.0,22.0,21.3,,-0.2,0.1,0.0,-.009,,-7.7,-4.6,-12.3
8,0,32,948,76,196,.388,51,132,.386,25,64,.391,88,125,.704,48,98,146,131,50,3,70,72,265
8,1,32,29.6,2.4,6.1,.388,1.6,4.1,.386,0.8,2.0,.391,2.8,3.9,.704,4.6,4.1,1.6,0.1,2.2,2.3,8.3
8,2,32,948,3.2,8.3,.388,2.2,5.6,.386,1.1,2.7,.391,3.7,5.3,.704,6.2,5.5,2.1,0.1,3.0,3.0,11.2
8,3,32,948,4.7,12.2,.388,3.2,8.2,.386,1.6,4.0,.391,5.5,7.8,.704,9.1,8.1,3.1,0.2,4.3,4.5,16.4,,108.1,98.9
8,4,32,948,15.2,.519,.452,.327,.638,321,6.0,11.2,8.7,25.0,3.1,0.3,21.5,17.2,,1.3,1.7,3.0,.129,,2.5,2.5,5.0
9,0,33,544,53,146,.363,13,34,.382,40,112,.357,11,21,.524,9,42,51,17,11,8,18,64,157
9,1,33,16.5,1.6,4.4,.363,0.4,1.0,.382,1.2,3.4,.357,0.3,0.6,.524,1.5,0.5,0.3,0.2,0.5,1.9,4.8
9,2,33,544,3.9,10.7,.363,1.0,2.5,.382,2.9,8.2,.357,0.8,1.5,.524,3.8,1.3,0.8,0.6,1.3,4.7,11.5
9,3,33,544,5.7,15.8,.363,1.4,3.7,.382,4.3,12.1,.357,1.2,2.3,.524,5.5,1.8,1.2,0.9,1.9,6.9,17.0,,104.1,103.6
9,4,33,544,8.5,.503,.500,.767,.144,137,1.9,8.4,5.3,5.8,1.2,1.6,10.3,16.0,,0.4,0.8,1.2,.088,,0.8,-0.3,0.5
10,0,19,486,85,164,.518,79,140,.564,6,24,.250,66,99,.667,28,54,82,49,36,12,42,44,242
10,1,19,25.6,4.5,8.6,.518,4.2,7.4,.564,0.3,1.3,.250,3.5,5.2,.667,4.3,2.6,1.9,0.6,2.2,2.3,12.7
10,2,19,486,7.0,13.5,.518,6.5,11.5,.564,0.5,2.0,.250,5.4,8.1,.667,6.7,4.0,3.0,1.0,3.5,3.6,19.9
10,3,19,486,10.3,19.9,.518,9.6,17.0,.564,0.7,2.9,.250,8.0,12.0,.667,9.9,5.9,4.4,1.5,5.1,5.3,29.3,,111.9,94.5
10,4,19,486,24.1,.573,.537,.146,.604,238,6.8,12.1,9.5,22.0,4.4,2.7,16.6,26.1,,1.2,1.1,2.3,.186,,4.4,4.2,8.6
11,0,16,25,4,10,.400,0,2,.000,4,8,.500,2,2,1.000,1,4,5,1,1,1,0,4,14
11,1,16,1.6,0.3,0.6,.400,0.0,0.1,.000,0.3,0.5,.500,0.1,0.1,1.000,0.3,0.1,0.1,0.1,0.0,0.3,0.9
11,2,16,25,6.4,16.0,.400,0.0,3.2,.000,6.4,12.8,.500,3.2,3.2,1.000,8.0,1.6,1.6,1.6,0.0,6.4,22.4
11,3,16,25,9.4,23.5,.400,0.0,4.7,.000,9.4,18.8,.500,4.7,4.7,1.000,11.8,2.4,2.4,2.4,0.0,9.4,33.0,,147.8,95.2
11,4,16,25,27.0,.639,.600,.800,.200,12,4.7,17.4,11.3,8.4,2.4,4.4,0.0,22.0,,0.1,0.1,0.2,.283,,8.9,0.5,9.4
