0,0,31,764,63,177,.356,39,91,.429,24,86,.279,40,50,.800,13,51,64,45,29,1,31,51,190
0,1,31,24.6,2.0,5.7,.356,1.3,2.9,.429,0.8,2.8,.279,1.3,1.6,.800,2.1,1.5,0.9,0.0,1.0,1.6,6.1
0,2,31,764,3.3,9.3,.356,2.0,4.8,.429,1.3,4.5,.279,2.1,2.6,.800,3.4,2.4,1.5,0.1,1.6,2.7,9.9
0,3,31,764,5.1,14.3,.356,3.2,7.4,.429,1.9,7.0,.279,3.2,4.0,.800,5.2,3.6,2.3,0.1,2.5,4.1,15.4,,101.7,104.0
0,4,31,764,10.4,.473,.424,.486,.282,185,1.9,8.1,4.8,12.0,2.3,0.2,13.4,15.6,,0.7,0.8,1.5,.077,,-0.6,-0.5,-1.0
1,0,16,250,17,29,.586,17,29,.586,0,0,,5,17,.294,24,29,53,3,2,36,4,33,39
1,1,16,15.6,1.1,1.8,.586,1.1,1.8,.586,0.0,0.0,,0.3,1.1,.294,3.3,0.2,0.1,2.3,0.3,2.1,2.4
1,2,16,250,2.7,4.6,.586,2.7,4.6,.586,0.0,0.0,,0.8,2.7,.294,8.5,0.5,0.3,5.8,0.6,5.3,6.2
1,3,16,250,4.2,7.2,.586,4.2,7.2,.586,0.0,0.0,,1.2,4.2,.294,13.1,0.7,0.5,8.9,1.0,8.2,9.6,,117.0,97.3
1,4,16,250,16.0,.526,.586,.000,.586,43,10.6,14.1,12.3,2.4,0.5,17.9,9.7,8.5,,0.3,0.4,0.7,.116,,-2.4,9.1,6.7
2,0,13,93,12,42,.286,3,7,.429,9,35,.257,7,8,.875,6,5,11,2,3,0,3,6,40
2,1,13,7.2,0.9,3.2,.286,0.2,0.5,.429,0.7,2.7,.257,0.5,0.6,.875,0.8,0.2,0.2,0.0,0.2,0.5,3.1
2,2,13,93,5.2,18.1,.286,1.3,3.0,.429,3.9,15.1,.257,3.0,3.4,.875,4.7,0.9,1.3,0.0,1.3,2.6,17.2
2,3,13,93,8.0,27.9,.286,2.0,4.7,.429,6.0,23.3,.257,4.7,5.3,.875,7.3,1.3,2.0,0.0,2.0,4.0,26.6,,102.4,105.6
2,4,13,93,13.8,.437,.393,.833,.190,36,7.1,6.5,6.8,4.9,2.0,0.0,6.1,27.0,,0.1,0.1,0.2,.095,,2.1,-5.3,-3.2
3,0,1,1,0,0,,0,0,,0,0,,0,0,,0,0,0,0,0,0,1,0,0
3,1,1,1.0,0.0,0.0,,0.0,0.0,,0.0,0.0,,0.0,0.0,,0.0,0.0,0.0,0.0,1.0,0.0,0.0
3,2,1,1,0.0,0.0,,0.0,0.0,,0.0,0.0,,0.0,0.0,,0.0,0.0,0.0,0.0,40.0,0.0,0.0
3,3,1,1,0.0,0.0,,0.0,0.0,,0.0,0.0,,0.0,0.0,,0.0,0.0,0.0,0.0,61.9,0.0,0.0,,0.0,113.4
3,4,1,1,-64.7,,,,,0,0.0,0.0,0.0,0.0,0.0,0.0,100.0,51.5,,0.0,0.0,0.0,-1.073,,-53.5,0.6,-52.9
4,0,23,233,12,49,.245,11,41,.268,1,8,.125,10,11,.909,0,15,15,32,10,0,20,22,35
4,1,23,10.1,0.5,2.1,.245,0.5,1.8,.268,0.0,0.3,.125,0.4,0.5,.909,0.7,1.4,0.4,0.0,0.9,1.0,1.5
4,2,23,233,2.1,8.4,.245,1.9,7.0,.268,0.2,1.4,.125,1.7,1.9,.909,2.6,5.5,1.7,0.0,3.4,3.8,6.0
4,3,23,233,3.2,13.0,.245,2.9,10.9,.268,0.3,2.1,.125,2.7,2.9,.909,4.0,8.5,2.7,0.0,5.3,5.8,9.3,,72.5,103.4
4,4,23,233,3.9,.323,.255,.163,.224,46,0.0,7.8,3.7,26.4,2.7,0.0,26.9,16.4,,-0.3,0.3,-0.1,-.012,,-7.0,-1.6,-8.7
5,0,21,196,25,80,.313,14,39,.359,11,41,.268,10,19,.526,14,11,25,9,8,3,16,19,71
5,1,21,9.3,1.2,3.8,.313,0.7,1.9,.359,0.5,2.0,.268,0.5,0.9,.526,1.2,0.4,0.4,0.1,0.8,0.9,3.4
5,2,21,196,5.1,16.3,.313,2.9,8.0,.359,2.2,8.4,.268,2.0,3.9,.526,5.1,1.8,1.6,0.6,3.3,3.9,14.5
5,3,21,196,7.9,25.2,.313,4.4,12.3,.359,3.5,12.9,.268,3.2,6.0,.526,7.9,2.8,2.5,0.9,5.0,6.0,22.4,,84.5,103.3
5,4,21,196,9.5,.399,.381,.513,.238,69,7.9,6.8,7.4,10.3,2.5,1.9,15.2,27.6,,-0.1,0.2,0.1,.020,,-2.5,-1.8,-4.3
6,0,31,660,97,203,.478,97,203,.478,0,0,,56,104,.538,67,88,155,17,23,27,53,100,250
6,1,31,21.3,3.1,6.5,.478,3.1,6.5,.478,0.0,0.0,,1.8,3.4,.538,5.0,0.5,0.7,0.9,1.7,3.2,8.1
6,2,31,660,5.9,12.3,.478,5.9,12.3,.478,0.0,0.0,,3.4,6.3,.538,9.4,1.0,1.4,1.6,3.2,6.1,15.2
6,3,31,660,9.1,19.0,.478,9.1,19.0,.478,0.0,0.0,,5.2,9.7,.538,14.5,1.6,2.2,2.5,5.0,9.4,23.4,,96.3,98.2
6,4,31,660,16.6,.495,.478,.000,.512,240,11.2,16.2,13.6,6.1,2.2,5.1,17.4,23.8,,0.5,1.1,1.6,.096,,-2.6,1.9,-0.7
7,0,31,748,86,205,.420,11,33,.333,75,172,.436,5,14,.357,20,65,85,22,13,6,39,69,252
7,1,31,24.1,2.8,6.6,.420,0.4,1.1,.333,2.4,5.5,.436,0.2,0.5,.357,2.7,0.7,0.4,0.2,1.3,2.2,8.1
7,2,31,748,4.6,11.0,.420,0.6,1.8,.333,4.0,9.2,.436,0.3,0.7,.357,4.5,1.2,0.7,0.3,2.1,3.7,13.5
7,3,31,748,7.1,17.0,.420,0.9,2.7,.333,6.2,14.2,.436,0.4,1.2,.357,7.0,1.8,1.1,0.5,3.2,5.7,20.8,,109.8,105.3
7,4,31,748,12.7,.595,.602,.839,.068,209,2.9,10.6,6.6,6.4,1.1,1.0,15.6,17.2,,1.2,0.7,1.9,.100,,2.4,-1.6,0.8
8,0,31,781,81,150,.540,79,137,.577,2,13,.154,45,83,.542,56,106,162,30,30,20,36,78,209
8,1,31,25.2,2.6,4.8,.540,2.5,4.4,.577,0.1,0.4,.154,1.5,2.7,.542,5.2,1.0,1.0,0.6,1.2,2.5,6.7
8,2,31,781,4.1,7.7,.540,4.0,7.0,.577,0.1,0.7,.154,2.3,4.3,.542,8.3,1.5,1.5,1.0,1.8,4.0,10.7
8,3,31,781,6.4,11.9,.540,6.3,10.9,.577,0.2,1.0,.154,3.6,6.6,.542,12.8,2.4,2.4,1.6,2.9,6.2,16.6,,109.3,98.7
8,4,31,781,16.2,.552,.547,.087,.553,207,7.9,16.5,12.0,8.2,2.4,3.2,16.0,14.9,,1.1,1.2,2.4,.121,,0.0,2.8,2.8
9,0,30,683,106,265,.400,88,208,.423,18,57,.316,48,82,.585,81,72,153,29,26,23,55,66,278
9,1,30,22.8,3.5,8.8,.400,2.9,6.9,.423,0.6,1.9,.316,1.6,2.7,.585,5.1,1.0,0.9,0.8,1.8,2.2,9.3
9,2,30,683,6.2,15.5,.400,5.2,12.2,.423,1.1,3.3,.316,2.8,4.8,.585,9.0,1.7,1.5,1.3,3.2,3.9,16.3
9,3,30,683,9.6,24.0,.400,8.0,18.8,.423,1.6,5.2,.316,4.3,7.4,.585,13.9,2.6,2.4,2.1,5.0,6.0,25.2,,95.6,100.0
9,4,30,683,17.5,.457,.434,.215,.309,277,13.1,12.8,13.0,10.2,2.4,4.2,15.3,27.1,,0.5,1.0,1.5,.089,,-0.7,1.2,0.6
10,0,31,1034,149,353,.422,109,235,.464,40,118,.339,127,183,.694,17,85,102,144,40,1,81,71,465
10,1,31,33.4,4.8,11.4,.422,3.5,7.6,.464,1.3,3.8,.339,4.1,5.9,.694,3.3,4.6,1.3,0.0,2.6,2.3,15.0
10,2,31,1034,5.8,13.7,.422,4.2,9.1,.464,1.5,4.6,.339,4.9,7.1,.694,3.9,5.6,1.5,0.0,3.1,2.7,18.0
10,3,31,1034,8.9,21.1,.422,6.5,14.1,.464,2.4,7.1,.339,7.6,10.9,.694,6.1,8.6,2.4,0.1,4.8,4.2,27.8,,109.6,103.1
10,4,31,1034,20.0,.528,.479,.334,.518,471,1.8,10.0,5.7,32.6,2.4,0.1,15.5,25.9,,2.6,1.2,3.8,.147,,4.2,-1.3,2.9
11,0,31,606,56,139,.403,54,128,.422,2,11,.182,52,71,.732,37,82,119,33,10,1,36,34,166
11,1,31,19.5,1.8,4.5,.403,1.7,4.1,.422,0.1,0.4,.182,1.7,2.3,.732,3.8,1.1,0.3,0.0,1.2,1.1,5.4
11,2,31,606,3.7,9.2,.403,3.6,8.4,.422,0.1,0.7,.182,3.4,4.7,.732,7.9,2.2,0.7,0.1,2.4,2.2,11.0
11,3,31,606,5.7,14.2,.403,5.5,13.1,.422,0.2,1.1,.182,5.3,7.2,.732,12.1,3.4,1.0,0.1,3.7,3.5,16.9,,99.7,103.3
11,4,31,606,12.5,.481,.410,.079,.511,172,6.7,16.5,11.4,11.4,1.0,0.2,17.2,17.7,,0.5,0.7,1.2,.080,,-2.4,-0.6,-3.0
12,0,24,176,8,24,.333,8,24,.333,0,0,,0,4,.000,14,34,48,5,5,5,10,18,16
12,1,24,7.3,0.3,1.0,.333,0.3,1.0,.333,0.0,0.0,,0.0,0.2,.000,2.0,0.2,0.2,0.2,0.4,0.8,0.7
12,2,24,176,1.8,5.5,.333,1.8,5.5,.333,0.0,0.0,,0.0,0.9,.000,10.9,1.1,1.1,1.1,2.3,4.1,3.6
12,3,24,176,2.8,8.4,.333,2.8,8.4,.333,0.0,0.0,,0.0,1.4,.000,16.9,1.8,1.8,1.8,3.5,6.3,5.6,,68.7,96.8
12,4,24,176,6.6,.309,.333,.000,.167,22,8.8,23.5,15.8,5.4,1.8,3.5,27.9,10.5,,-0.2,0.3,0.1,.025,,-6.9,2.9,-4.0
