0,0,28,490,37,75,.493,33,62,.532,4,13,.308,22,31,.710,26,52,78,12,24,8,44,71,100
0,1,28,17.5,1.3,2.7,.493,1.2,2.2,.532,0.1,0.5,.308,0.8,1.1,.710,2.8,0.4,0.9,0.3,1.6,2.5,3.6
0,2,28,490,3.0,6.1,.493,2.7,5.1,.532,0.3,1.1,.308,1.8,2.5,.710,6.4,1.0,2.0,0.7,3.6,5.8,8.2
0,3,28,490,4.3,8.8,.493,3.9,7.3,.532,0.5,1.5,.308,2.6,3.6,.710,9.2,1.4,2.8,0.9,5.2,8.3,11.7,,84.7,107.7
0,4,28,490,8.0,.557,.520,.173,.413,101,6.6,13.7,10.1,4.9,2.8,1.9,32.9,13.8,,-0.2,0.3,0.2,.015,,-5.2,-0.6,-5.8
1,0,32,662,60,103,.583,60,103,.583,0,0,,34,67,.507,45,74,119,10,21,10,37,123,154
1,1,32,20.7,1.9,3.2,.583,1.9,3.2,.583,0.0,0.0,,1.1,2.1,.507,3.7,0.3,0.7,0.3,1.2,3.8,4.8
1,2,32,662,3.6,6.2,.583,3.6,6.2,.583,0.0,0.0,,2.1,4.0,.507,7.2,0.6,1.3,0.6,2.2,7.4,9.3
1,3,32,662,5.2,8.9,.583,5.2,8.9,.583,0.0,0.0,,3.0,5.8,.507,10.3,0.9,1.8,0.9,3.2,10.7,13.4,,100.7,109.5
1,4,32,662,9.8,.571,.583,.000,.650,151,8.5,14.5,11.4,3.1,1.8,1.8,21.5,13.1,,0.5,0.4,0.8,.050,,-3.8,-1.9,-5.7
2,0,30,671,73,180,.406,34,76,.447,39,104,.375,20,28,.714,12,43,55,28,18,2,41,52,205
2,1,30,22.4,2.4,6.0,.406,1.1,2.5,.447,1.3,3.5,.375,0.7,0.9,.714,1.8,0.9,0.6,0.1,1.4,1.7,6.8
2,2,30,671,4.4,10.7,.406,2.0,4.5,.447,2.3,6.2,.375,1.2,1.7,.714,3.3,1.7,1.1,0.1,2.4,3.1,12.2
2,3,30,671,6.3,15.4,.406,2.9,6.5,.447,3.3,8.9,.375,1.7,2.4,.714,4.7,2.4,1.5,0.2,3.5,4.5,17.6,,97.2,113.5
2,4,30,671,9.7,.530,.514,.578,.156,185,2.2,8.3,5.2,8.9,1.5,0.3,17.5,17.6,,0.4,0.1,0.5,.031,,-2.4,-4.2,-6.7
3,0,32,1184,185,385,.481,165,309,.534,20,76,.263,114,159,.717,35,79,114,146,60,1,113,74,504
3,1,32,37.0,5.8,12.0,.481,5.2,9.7,.534,0.6,2.4,.263,3.6,5.0,.717,3.6,4.6,1.9,0.0,3.5,2.3,15.8
3,2,32,1184,6.3,13.0,.481,5.6,10.4,.534,0.7,2.6,.263,3.9,5.4,.717,3.9,4.9,2.0,0.0,3.8,2.5,17.0
3,3,32,1184,9.0,18.7,.481,8.0,15.0,.534,1.0,3.7,.263,5.5,7.7,.717,5.5,7.1,2.9,0.0,5.5,3.6,24.5,,103.9,110.5
3,4,32,1184,18.1,.547,.506,.197,.413,523,3.7,8.6,6.1,29.3,2.9,0.1,19.7,24.5,,2.0,0.5,2.6,.086,,0.6,-2.9,-2.3
4,0,31,894,135,292,.462,130,266,.489,5,26,.192,98,141,.695,68,107,175,48,46,26,97,109,373
4,1,31,28.8,4.4,9.4,.462,4.2,8.6,.489,0.2,0.8,.192,3.2,4.5,.695,5.6,1.5,1.5,0.8,3.1,3.5,12.0
4,2,31,894,6.0,13.1,.462,5.8,11.9,.489,0.2,1.2,.192,4.4,6.3,.695,7.8,2.1,2.1,1.2,4.3,4.9,16.7
4,3,31,894,8.7,18.8,.462,8.4,17.1,.489,0.3,1.7,.192,6.3,9.1,.695,11.3,3.1,3.0,1.7,6.2,7.0,24.0,,94.9,106.3
4,4,31,894,16.7,.520,.471,.089,.483,372,9.5,15.5,12.4,12.6,3.0,3.4,21.3,25.8,,0.6,0.8,1.4,.061,,-3.1,-0.1,-3.2
5,0,32,934,102,269,.379,63,147,.429,39,122,.320,45,62,.726,23,92,115,80,62,4,116,84,288
5,1,32,29.2,3.2,8.4,.379,2.0,4.6,.429,1.2,3.8,.320,1.4,1.9,.726,3.6,2.5,1.9,0.1,3.6,2.6,9.0
5,2,32,934,4.4,11.5,.379,2.7,6.3,.429,1.7,5.2,.320,1.9,2.7,.726,4.9,3.4,2.7,0.2,5.0,3.6,12.3
5,3,32,934,6.3,16.6,.379,3.9,9.1,.429,2.4,7.5,.320,2.8,3.8,.726,7.1,4.9,3.8,0.2,7.1,5.2,17.7,,81.8,106.8
5,4,32,934,9.9,.482,.452,.454,.230,294,3.1,12.8,7.8,18.3,3.8,0.5,28.0,22.4,,-0.8,0.7,0.0,-.001,,-4.3,-1.1,-5.4
6,0,30,671,50,140,.357,15,46,.326,35,94,.372,21,25,.840,8,31,39,33,19,0,35,44,156
6,1,30,22.4,1.7,4.7,.357,0.5,1.5,.326,1.2,3.1,.372,0.7,0.8,.840,1.3,1.1,0.6,0.0,1.2,1.5,5.2
6,2,30,671,3.0,8.3,.357,0.9,2.7,.326,2.1,5.6,.372,1.3,1.5,.840,2.3,2.0,1.1,0.0,2.1,2.6,9.3
6,3,30,671,4.3,12.0,.357,1.3,3.9,.326,3.0,8.1,.372,1.8,2.1,.840,3.3,2.8,1.6,0.0,3.0,3.8,13.4,,96.2,114.3
6,4,30,671,7.5,.514,.482,.671,.179,149,1.5,6.0,3.7,9.8,1.6,0.0,18.7,14.1,,0.3,0.0,0.3,.020,,-2.7,-4.1,-6.8
7,0,27,182,12,23,.522,12,23,.522,0,0,,2,4,.500,13,19,32,1,1,2,13,44,26
7,1,27,6.7,0.4,0.9,.522,0.4,0.9,.522,0.0,0.0,,0.1,0.1,.500,1.2,0.0,0.0,0.1,0.5,1.6,1.0
7,2,27,182,2.6,5.1,.522,2.6,5.1,.522,0.0,0.0,,0.4,0.9,.500,7.0,0.2,0.2,0.4,2.9,9.7,5.7
7,3,27,182,3.8,7.3,.522,3.8,7.3,.522,0.0,0.0,,0.6,1.3,.500,10.1,0.3,0.3,0.6,4.1,13.9,8.2,,80.0,113.0
7,4,27,182,2.1,.522,.522,.000,.174,28,8.9,13.5,11.2,1.1,0.3,1.3,34.3,10.5,,-0.1,0.0,-0.1,-.013,,-7.4,-4.1,-11.4
8,0,29,679,89,189,.471,89,189,.471,0,0,,94,133,.707,48,99,147,23,23,35,59,94,272
8,1,29,23.4,3.1,6.5,.471,3.1,6.5,.471,0.0,0.0,,3.2,4.6,.707,5.1,0.8,0.8,1.2,2.0,3.2,9.4
8,2,29,679,5.2,11.1,.471,5.2,11.1,.471,0.0,0.0,,5.5,7.8,.707,8.7,1.4,1.4,2.1,3.5,5.5,16.0
8,3,29,679,7.5,16.0,.471,7.5,16.0,.471,0.0,0.0,,8.0,11.3,.707,12.5,1.9,1.9,3.0,5.0,8.0,23.0,,100.5,106.0
8,4,29,679,17.2,.539,.471,.000,.704,265,8.8,18.9,13.7,7.6,1.9,6.0,19.0,23.2,,0.8,0.6,1.4,.083,,-4.3,0.0,-4.3
9,0,10,82,2,5,.400,2,5,.400,0,0,,5,12,.417,4,11,15,0,2,0,5,6,9
9,1,10,8.2,0.2,0.5,.400,0.2,0.5,.400,0.0,0.0,,0.5,1.2,.417,1.5,0.0,0.2,0.0,0.5,0.6,0.9
9,2,10,82,1.0,2.4,.400,1.0,2.4,.400,0.0,0.0,,2.4,5.9,.417,7.3,0.0,1.0,0.0,2.4,2.9,4.4
9,3,10,82,1.4,3.5,.400,1.4,3.5,.400,0.0,0.0,,3.5,8.4,.417,10.5,0.0,1.4,0.0,3.5,4.2,6.3,,70.0,110.8
9,4,10,82,3.5,.421,.400,.000,2.400,10,6.1,17.4,11.6,0.0,1.4,0.0,31.8,9.7,,-0.1,0.0,0.0,-.022,,-9.3,-5.0,-14.3
10,0,3,1,0,0,,0,0,,0,0,,3,4,.750,0,0,0,0,0,0,0,1,3
10,1,3,0.3,0.0,0.0,,0.0,0.0,,0.0,0.0,,1.0,1.3,.750,0.0,0.0,0.0,0.0,0.0,0.3,1.0
10,2,3,1,0.0,0.0,,0.0,0.0,,0.0,0.0,,120.0,160.0,.750,0.0,0.0,0.0,0.0,0.0,40.0,120.0
10,3,3,1,0.0,0.0,,0.0,0.0,,0.0,0.0,,172.6,230.1,.750,0.0,0.0,0.0,0.0,0.0,57.5,172.6,,186.5,114.8
10,4,3,1,126.1,.789,,,,3,0.0,0.0,0.0,0.0,0.0,0.0,0.0,96.0,,0.0,0.0,0.0,1.621,,40.6,-28.1,12.5
