0,0,8,12,0,5,.000,0,2,.000,0,3,.000,0,0,,0,3,3,0,0,0,0,0,0
0,1,8,1.5,0.0,0.6,.000,0.0,0.3,.000,0.0,0.4,.000,0.0,0.0,,0.4,0.0,0.0,0.0,0.0,0.0,0.0
0,2,8,12,0.0,16.7,.000,0.0,6.7,.000,0.0,10.0,.000,0.0,0.0,,10.0,0.0,0.0,0.0,0.0,0.0,0.0
0,3,8,12,0.0,24.8,.000,0.0,9.9,.000,0.0,14.9,.000,0.0,0.0,,14.9,0.0,0.0,0.0,0.0,0.0,0.0,,0.0,104.3
0,4,8,12,-13.6,.000,.000,.600,.000,0,0.0,29.3,14.3,0.0,0.0,0.0,0.0,21.4,,-0.1,0.0,-0.1,-.240,,-21.7,-9.5,-31.2
1,0,34,819,70,111,.631,70,111,.631,0,0,,43,71,.606,71,119,190,11,22,13,54,106,183
1,1,34,24.1,2.1,3.3,.631,2.1,3.3,.631,0.0,0.0,,1.3,2.1,.606,5.6,0.3,0.6,0.4,1.6,3.1,5.4
1,2,34,819,3.4,5.4,.631,3.4,5.4,.631,0.0,0.0,,2.1,3.5,.606,9.3,0.5,1.1,0.6,2.6,5.2,8.9
1,3,34,819,5.1,8.1,.631,5.1,8.1,.631,0.0,0.0,,3.1,5.2,.606,13.8,0.8,1.6,0.9,3.9,7.7,13.3,,106.4,103.8
1,4,34,819,12.1,.632,.631,.000,.640,196,9.7,17.0,13.3,2.6,1.6,1.8,27.2,12.5,,0.7,1.1,1.9,.091,,-3.8,-0.4,-4.2
2,0,34,1186,197,431,.457,140,283,.495,57,148,.385,100,151,.662,36,92,128,66,33,3,51,40,551
2,1,34,34.9,5.8,12.7,.457,4.1,8.3,.495,1.7,4.4,.385,2.9,4.4,.662,3.8,1.9,1.0,0.1,1.5,1.2,16.2
2,2,34,1186,6.6,14.5,.457,4.7,9.5,.495,1.9,5.0,.385,3.4,5.1,.662,4.3,2.2,1.1,0.1,1.7,1.3,18.6
2,3,34,1186,9.9,21.7,.457,7.0,14.2,.495,2.9,7.4,.385,5.0,7.6,.662,6.4,3.3,1.7,0.2,2.6,2.0,27.7,,114.7,108.1
2,4,34,1186,19.2,.548,.523,.343,.350,518,3.4,9.1,6.2,12.5,1.7,0.3,9.2,24.0,,2.9,1.1,4.0,.136,,1.0,-3.0,-2.0
3,0,11,20,2,6,.333,1,5,.200,1,1,1.000,0,0,,1,3,4,1,1,0,1,3,5
3,1,11,1.8,0.2,0.5,.333,0.1,0.5,.200,0.1,0.1,1.000,0.0,0.0,,0.4,0.1,0.1,0.0,0.1,0.3,0.5
3,2,11,20,4.0,12.0,.333,2.0,10.0,.200,2.0,2.0,1.000,0.0,0.0,,8.0,2.0,2.0,0.0,2.0,6.0,10.0
3,3,11,20,6.0,17.9,.333,3.0,14.9,.200,3.0,3.0,1.000,0.0,0.0,,11.9,3.0,3.0,0.0,3.0,8.9,14.9,,90.3,101.4
3,4,11,20,9.2,.417,.417,.167,.000,5,5.6,17.6,11.5,9.8,3.0,0.0,14.3,18.0,,0.0,0.0,0.0,.058,,-6.6,-1.4,-7.9
4,0,34,731,76,226,.336,37,94,.394,39,132,.295,25,33,.758,7,62,69,28,20,4,30,49,216
4,1,34,21.5,2.2,6.6,.336,1.1,2.8,.394,1.1,3.9,.295,0.7,1.0,.758,2.0,0.8,0.6,0.1,0.9,1.4,6.4
4,2,34,731,4.2,12.4,.336,2.0,5.1,.394,2.1,7.2,.295,1.4,1.8,.758,3.8,1.5,1.1,0.2,1.6,2.7,11.8
4,3,34,731,6.2,18.4,.336,3.0,7.7,.394,3.2,10.8,.295,2.0,2.7,.758,5.6,2.3,1.6,0.3,2.4,4.0,17.6,,93.4,107.5
4,4,34,731,8.7,.447,.423,.584,.146,201,1.1,9.9,5.4,7.6,1.6,0.6,11.0,19.1,,0.1,0.7,0.8,.045,,-4.2,-3.0,-7.2
5,0,30,634,69,143,.483,66,132,.500,3,11,.273,26,68,.382,63,101,164,12,20,10,42,90,167
5,1,30,21.1,2.3,4.8,.483,2.2,4.4,.500,0.1,0.4,.273,0.9,2.3,.382,5.5,0.4,0.7,0.3,1.4,3.0,5.6
5,2,30,634,4.4,9.0,.483,4.2,8.3,.500,0.2,0.7,.273,1.6,4.3,.382,10.3,0.8,1.3,0.6,2.6,5.7,10.5
5,3,30,634,6.5,13.4,.483,6.2,12.4,.500,0.3,1.0,.273,2.4,6.4,.382,15.4,1.1,1.9,0.9,3.9,8.5,15.7,,93.7,102.5
5,4,30,634,11.6,.476,.493,.077,.476,181,11.2,18.7,14.8,3.8,1.9,1.8,19.3,17.6,,0.1,0.9,1.0,.065,,-5.6,-1.0,-6.6
6,0,6,49,4,4,1.000,4,4,1.000,0,0,,6,6,1.000,1,2,3,0,2,3,2,11,14
6,1,6,8.2,0.7,0.7,1.000,0.7,0.7,1.000,0.0,0.0,,1.0,1.0,1.000,0.5,0.0,0.3,0.5,0.3,1.8,2.3
6,2,6,49,3.3,3.3,1.000,3.3,3.3,1.000,0.0,0.0,,4.9,4.9,1.000,2.4,0.0,1.6,2.4,1.6,9.0,11.4
6,3,6,49,4.9,4.9,1.000,4.9,4.9,1.000,0.0,0.0,,7.3,7.3,1.000,3.6,0.0,2.4,3.6,2.4,13.4,17.0,,160.7,103.6
6,4,6,49,16.0,1.022,1.000,.000,1.500,12,2.3,4.8,3.5,0.0,2.4,6.9,22.6,9.3,,0.1,0.1,0.2,.171,,-0.9,1.0,0.1
7,0,34,1152,211,520,.406,126,284,.444,85,236,.360,153,184,.832,31,120,151,104,75,5,103,78,660
7,1,34,33.9,6.2,15.3,.406,3.7,8.4,.444,2.5,6.9,.360,4.5,5.4,.832,4.4,3.1,2.2,0.1,3.0,2.3,19.4
7,2,34,1152,7.3,18.1,.406,4.4,9.9,.444,3.0,8.2,.360,5.3,6.4,.832,5.2,3.6,2.6,0.2,3.6,2.7,22.9
7,3,34,1152,10.9,26.9,.406,6.5,14.7,.444,4.4,12.2,.360,7.9,9.5,.832,7.8,5.4,3.9,0.3,5.3,4.0,34.1,,108.4,101.6
7,4,34,1152,23.2,.543,.488,.454,.354,638,3.0,12.2,7.5,21.1,3.9,0.5,14.5,31.7,,2.7,1.8,4.5,.157,,2.7,-1.1,1.6
8,0,30,900,83,210,.395,36,84,.429,47,126,.373,58,77,.753,4,70,74,73,27,4,46,58,271
8,1,30,30.0,2.8,7.0,.395,1.2,2.8,.429,1.6,4.2,.373,1.9,2.6,.753,2.5,2.4,0.9,0.1,1.5,1.9,9.0
8,2,30,900,3.7,9.3,.395,1.6,3.7,.429,2.1,5.6,.373,2.6,3.4,.753,3.3,3.2,1.2,0.2,2.0,2.6,12.0
8,3,30,900,5.5,13.9,.395,2.4,5.6,.429,3.1,8.3,.373,3.8,5.1,.753,4.9,4.8,1.8,0.3,3.0,3.8,17.9,,109.6,107.5
8,4,30,900,12.5,.550,.507,.600,.367,271,0.5,9.1,4.7,15.6,1.8,0.5,15.7,16.7,,1.2,0.9,2.1,.095,,-1.0,-2.2,-3.2
9,0,12,33,1,2,.500,1,2,.500,0,0,,0,2,.000,1,5,6,0,0,0,1,4,2
9,1,12,2.8,0.1,0.2,.500,0.1,0.2,.500,0.0,0.0,,0.0,0.2,.000,0.5,0.0,0.0,0.0,0.1,0.3,0.2
9,2,12,33,1.2,2.4,.500,1.2,2.4,.500,0.0,0.0,,0.0,2.4,.000,7.3,0.0,0.0,0.0,1.2,4.8,2.4
9,3,12,33,1.8,3.6,.500,1.8,3.6,.500,0.0,0.0,,0.0,3.6,.000,10.8,0.0,0.0,0.0,1.8,7.2,3.6,,62.1,108.1
9,4,12,33,0.6,.339,.500,.000,1.000,2,3.4,17.7,10.4,0.0,0.0,0.0,25.3,6.1,,0.0,0.0,0.0,.002,,-10.1,-4.1,-14.2
10,0,34,841,104,205,.507,99,168,.589,5,37,.135,50,102,.490,77,150,227,19,19,9,52,76,263
10,1,34,24.7,3.1,6.0,.507,2.9,4.9,.589,0.1,1.1,.135,1.5,3.0,.490,6.7,0.6,0.6,0.3,1.5,2.2,7.7
10,2,34,841,4.9,9.8,.507,4.7,8.0,.589,0.2,1.8,.135,2.4,4.9,.490,10.8,0.9,0.9,0.4,2.5,3.6,12.5
10,3,34,841,7.4,14.5,.507,7.0,11.9,.589,0.4,2.6,.135,3.5,7.2,.490,16.1,1.3,1.3,0.6,3.7,5.4,18.6,,102.0,103.4
10,4,34,841,14.8,.519,.520,.180,.498,272,10.3,20.9,15.5,4.6,1.3,1.2,17.0,18.6,,0.7,1.2,1.9,.091,,-4.0,-1.9,-5.8
11,0,32,327,12,28,.429,12,28,.429,0,0,,12,23,.522,25,30,55,2,5,5,13,51,36
11,1,32,10.2,0.4,0.9,.429,0.4,0.9,.429,0.0,0.0,,0.4,0.7,.522,1.7,0.1,0.2,0.2,0.4,1.6,1.1
11,2,32,327,1.5,3.4,.429,1.5,3.4,.429,0.0,0.0,,1.5,2.8,.522,6.7,0.2,0.6,0.6,1.6,6.2,4.4
11,3,32,327,2.2,5.1,.429,2.2,5.1,.429,0.0,0.0,,2.2,4.2,.522,10.0,0.4,0.9,0.9,2.4,9.3,6.6,,93.7,107.7
11,4,32,327,4.8,.462,.429,.000,.821,46,8.6,10.7,9.6,1.1,0.9,1.7,25.0,8.2,,0.0,0.3,0.3,.043,,-6.3,-1.4,-7.7
12,0,11,21,0,6,.000,0,2,.000,0,4,.000,0,0,,0,1,1,1,2,0,1,1,0
12,1,11,1.9,0.0,0.5,.000,0.0,0.2,.000,0.0,0.4,.000,0.0,0.0,,0.1,0.1,0.2,0.0,0.1,0.1,0.0
12,2,11,21,0.0,11.4,.000,0.0,3.8,.000,0.0,7.6,.000,0.0,0.0,,1.9,1.9,3.8,0.0,1.9,1.9,0.0
12,3,11,21,0.0,17.0,.000,0.0,5.7,.000,0.0,11.4,.000,0.0,0.0,,2.8,2.8,5.7,0.0,2.8,2.8,0.0,,9.9,100.6
12,4,11,21,-7.6,.000,.000,.667,.000,1,0.0,5.6,2.7,7.8,5.7,0.0,14.3,17.1,,-0.1,0.0,-0.1,-.167,,-14.1,-0.3,-14.3
13,0,1,2,0,0,,0,0,,0,0,,0,0,,0,0,0,0,0,0,0,2,0
13,1,1,2.0,0.0,0.0,,0.0,0.0,,0.0,0.0,,0.0,0.0,,0.0,0.0,0.0,0.0,0.0,2.0,0.0
13,2,1,2,0.0,0.0,,0.0,0.0,,0.0,0.0,,0.0,0.0,,0.0,0.0,0.0,0.0,0.0,40.0,0.0
13,3,1,2,0.0,0.0,,0.0,0.0,,0.0,0.0,,0.0,0.0,,0.0,0.0,0.0,0.0,0.0,59.6,0.0,,,110.5
13,4,1,2,-17.2,,,,,0,0.0,0.0,0.0,0.0,0.0,0.0,,0.0,,0.0,0.0,0.0,.030,,-7.2,-1.2,-8.5
14,0,27,149,11,30,.367,6,12,.500,5,18,.278,11,14,.786,0,7,7,10,7,0,3,19,38
14,1,27,5.5,0.4,1.1,.367,0.2,0.4,.500,0.2,0.7,.278,0.4,0.5,.786,0.3,0.4,0.3,0.0,0.1,0.7,1.4
14,2,27,149,3.0,8.1,.367,1.6,3.2,.500,1.3,4.8,.278,3.0,3.8,.786,1.9,2.7,1.9,0.0,0.8,5.1,10.2
14,3,27,149,4.4,12.0,.367,2.4,4.8,.500,2.0,7.2,.278,4.4,5.6,.786,2.8,4.0,2.8,0.0,1.2,7.6,15.2,,117.0,106.6
14,4,27,149,11.0,.518,.450,.600,.467,38,0.0,5.5,2.7,12.5,2.8,0.0,7.6,13.7,,0.2,0.2,0.4,.105,,-2.1,-3.1,-5.3
