0,0,29,617,42,115,.365,4,9,.444,38,106,.358,5,7,.714,5,45,50,26,13,3,17,57,127
0,1,29,21.3,1.4,4.0,.365,0.1,0.3,.444,1.3,3.7,.358,0.2,0.2,.714,1.7,0.9,0.4,0.1,0.6,2.0,4.4
0,2,29,617,2.7,7.5,.365,0.3,0.6,.444,2.5,6.9,.358,0.3,0.5,.714,3.2,1.7,0.8,0.2,1.1,3.7,8.2
0,3,29,617,4.1,11.3,.365,0.4,0.9,.444,3.7,10.4,.358,0.5,0.7,.714,4.9,2.6,1.3,0.3,1.7,5.6,12.5,,110.0,98.8
0,4,29,617,8.0,.537,.530,.922,.061,116,0.9,8.1,4.5,7.8,1.3,0.6,12.6,11.2,,0.6,1.0,1.6,.105,,-1.2,-0.6,-1.8
1,0,6,14,1,11,.091,0,3,.000,1,8,.125,0,0,,0,2,2,0,1,0,1,0,3
1,1,6,2.3,0.2,1.8,.091,0.0,0.5,.000,0.2,1.3,.125,0.0,0.0,,0.3,0.0,0.2,0.0,0.2,0.0,0.5
1,2,6,14,2.9,31.4,.091,0.0,8.6,.000,2.9,22.9,.125,0.0,0.0,,5.7,0.0,2.9,0.0,2.9,0.0,8.6
1,3,6,14,4.3,47.7,.091,0.0,13.0,.000,4.3,34.7,.125,0.0,0.0,,8.7,0.0,4.3,0.0,4.3,0.0,13.0,,32.0,88.9
1,4,6,14,-17.3,.136,.136,.727,.000,3,0.0,15.9,7.9,0.0,4.3,0.0,8.3,43.7,,-0.1,0.0,-0.1,-.298,,-22.3,-9.5,-31.7
2,0,24,153,12,25,.480,7,10,.700,5,15,.333,5,6,.833,3,17,20,15,6,0,7,16,34
2,1,24,6.4,0.5,1.0,.480,0.3,0.4,.700,0.2,0.6,.333,0.2,0.3,.833,0.8,0.6,0.3,0.0,0.3,0.7,1.4
2,2,24,153,3.1,6.5,.480,1.8,2.6,.700,1.3,3.9,.333,1.3,1.6,.833,5.2,3.9,1.6,0.0,1.8,4.2,8.9
2,3,24,153,4.8,9.9,.480,2.8,4.0,.700,2.0,6.0,.333,2.0,2.4,.833,7.9,6.0,2.4,0.0,2.8,6.4,13.5,,119.3,94.4
2,4,24,153,13.3,.610,.580,.600,.240,37,2.1,12.3,7.2,18.6,2.4,0.0,20.1,11.6,,0.3,0.3,0.6,.152,,-1.0,-0.3,-1.3
3,0,6,32,5,12,.417,2,5,.400,3,7,.429,2,4,.500,4,7,11,0,0,0,2,3,15
3,1,6,5.3,0.8,2.0,.417,0.3,0.8,.400,0.5,1.2,.429,0.3,0.7,.500,1.8,0.0,0.0,0.0,0.3,0.5,2.5
3,2,6,32,6.3,15.0,.417,2.5,6.3,.400,3.8,8.8,.429,2.5,5.0,.500,13.8,0.0,0.0,0.0,2.5,3.8,18.8
3,3,6,32,9.5,22.8,.417,3.8,9.5,.400,5.7,13.3,.429,3.8,7.6,.500,20.9,0.0,0.0,0.0,3.8,5.7,28.5,,107.8,93.8
3,4,6,32,19.2,.540,.542,.583,.333,14,13.7,24.3,18.9,0.0,0.0,0.0,12.6,25.3,,0.1,0.1,0.1,.167,,-3.1,-9.4,-12.6
4,0,29,712,78,222,.351,44,96,.458,34,126,.270,41,74,.554,20,72,92,29,16,4,39,58,231
4,1,29,24.6,2.7,7.7,.351,1.5,3.3,.458,1.2,4.3,.270,1.4,2.6,.554,3.2,1.0,0.6,0.1,1.3,2.0,8.0
4,2,29,712,4.4,12.5,.351,2.5,5.4,.458,1.9,7.1,.270,2.3,4.2,.554,5.2,1.6,0.9,0.2,2.2,3.3,13.0
4,3,29,712,6.7,18.9,.351,3.8,8.2,.458,2.9,10.7,.270,3.5,6.3,.554,7.8,2.5,1.4,0.3,3.3,4.9,19.7,,93.3,97.1
4,4,29,712,9.6,.449,.428,.568,.333,216,3.1,11.2,7.1,8.2,1.4,0.7,13.2,21.2,,0.2,1.3,1.5,.084,,-3.2,-1.5,-4.7
5,0,27,328,30,71,.423,29,67,.433,1,4,.250,11,29,.379,28,34,62,9,8,13,28,48,72
5,1,27,12.1,1.1,2.6,.423,1.1,2.5,.433,0.0,0.1,.250,0.4,1.1,.379,2.3,0.3,0.3,0.5,1.0,1.8,2.7
5,2,27,328,3.7,8.7,.423,3.5,8.2,.433,0.1,0.5,.250,1.3,3.5,.379,7.6,1.1,1.0,1.6,3.4,5.9,8.8
5,3,27,328,5.6,13.1,.423,5.4,12.4,.433,0.2,0.7,.250,2.0,5.4,.379,11.5,1.7,1.5,2.4,5.2,8.9,13.3,,80.1,94.4
5,4,27,328,7.4,.425,.430,.056,.408,78,9.3,11.5,10.4,5.3,1.5,4.7,24.8,17.5,,-0.3,0.7,0.4,.047,,-7.3,2.0,-5.3
6,0,23,443,71,140,.507,55,95,.579,16,45,.356,29,60,.483,37,77,114,10,12,14,31,70,187
6,1,23,19.3,3.1,6.1,.507,2.4,4.1,.579,0.7,2.0,.356,1.3,2.6,.483,5.0,0.4,0.5,0.6,1.3,3.0,8.1
6,2,23,443,6.4,12.6,.507,5.0,8.6,.579,1.4,4.1,.356,2.6,5.4,.483,10.3,0.9,1.1,1.3,2.8,6.3,16.9
6,3,23,443,9.7,19.2,.507,7.5,13.0,.579,2.2,6.2,.356,4.0,8.2,.483,15.6,1.4,1.6,1.9,4.3,9.6,25.6,,105.2,90.6
6,4,23,443,18.6,.555,.564,.321,.429,170,9.1,19.3,14.2,5.1,1.6,3.7,15.5,23.0,,0.7,1.1,1.8,.162,,-1.7,0.1,-1.6
7,0,29,1008,145,403,.360,59,152,.388,86,251,.343,151,187,.807,29,93,122,110,77,9,77,53,527
7,1,29,34.8,5.0,13.9,.360,2.0,5.2,.388,3.0,8.7,.343,5.2,6.4,.807,4.2,3.8,2.7,0.3,2.7,1.8,18.2
7,2,29,1008,5.8,16.0,.360,2.3,6.0,.388,3.4,10.0,.343,6.0,7.4,.807,4.8,4.4,3.1,0.4,3.1,2.1,20.9
7,3,29,1008,8.7,24.3,.360,3.6,9.2,.388,5.2,15.1,.343,9.1,11.3,.807,7.4,6.6,4.6,0.5,4.6,3.2,31.8,,112.8,90.2
7,4,29,1008,24.3,.536,.467,.623,.464,518,3.1,10.2,6.7,23.7,4.6,1.0,13.5,28.8,,3.1,2.4,5.6,.220,,5.2,1.3,6.5
8,0,29,876,76,171,.444,47,82,.573,29,89,.326,46,67,.687,44,96,140,67,40,7,43,56,227
8,1,29,30.2,2.6,5.9,.444,1.6,2.8,.573,1.0,3.1,.326,1.6,2.3,.687,4.8,2.3,1.4,0.2,1.5,1.9,7.8
8,2,29,876,3.5,7.8,.444,2.1,3.7,.573,1.3,4.1,.326,2.1,3.1,.687,6.4,3.1,1.8,0.3,2.0,2.6,10.4
8,3,29,876,5.3,11.9,.444,3.3,5.7,.573,2.0,6.2,.326,3.2,4.6,.687,9.7,4.6,2.8,0.5,3.0,3.9,15.7,,114.0,93.4
8,4,29,876,15.6,.560,.529,.520,.392,243,5.5,12.2,8.8,14.8,2.8,0.9,17.5,14.3,,1.5,1.9,3.4,.154,,0.8,1.9,2.7
9,0,5,14,1,1,1.000,1,1,1.000,0,0,,1,2,.500,2,4,6,1,0,0,2,1,3
9,1,5,2.8,0.2,0.2,1.000,0.2,0.2,1.000,0.0,0.0,,0.2,0.4,.500,1.2,0.2,0.0,0.0,0.4,0.2,0.6
9,2,5,14,2.9,2.9,1.000,2.9,2.9,1.000,0.0,0.0,,2.9,5.7,.500,17.1,2.9,0.0,0.0,5.7,2.9,8.6
9,3,5,14,4.3,4.3,1.000,4.3,4.3,1.000,0.0,0.0,,4.3,8.7,.500,26.0,4.3,0.0,0.0,8.7,4.3,13.0,,93.5,90.3
9,4,5,14,14.6,.769,1.000,.000,2.000,4,15.6,31.7,23.6,13.4,0.0,0.0,50.6,14.4,,0.0,0.0,0.0,.110,,-4.6,-0.1,-4.7
10,0,27,702,90,182,.495,86,168,.512,4,14,.286,37,54,.685,65,87,152,50,23,11,45,62,221
10,1,27,26.0,3.3,6.7,.495,3.2,6.2,.512,0.1,0.5,.286,1.4,2.0,.685,5.6,1.9,0.9,0.4,1.7,2.3,8.2
10,2,27,702,5.1,10.4,.495,4.9,9.6,.512,0.2,0.8,.286,2.1,3.1,.685,8.7,2.8,1.3,0.6,2.6,3.5,12.6
10,3,27,702,7.8,15.7,.495,7.4,14.5,.512,0.3,1.2,.286,3.2,4.7,.685,13.2,4.3,2.0,1.0,3.9,5.4,19.1,,108.6,93.8
10,4,27,702,17.4,.532,.505,.077,.297,240,10.1,13.8,11.9,14.9,2.0,1.8,17.8,18.3,,1.2,1.5,2.7,.153,,-0.9,1.8,1.0
11,0,19,98,14,26,.538,14,26,.538,0,0,,6,13,.462,16,25,41,0,1,2,3,13,34
11,1,19,5.2,0.7,1.4,.538,0.7,1.4,.538,0.0,0.0,,0.3,0.7,.462,2.2,0.0,0.1,0.1,0.2,0.7,1.8
11,2,19,98,5.7,10.6,.538,5.7,10.6,.538,0.0,0.0,,2.4,5.3,.462,16.7,0.0,0.4,0.8,1.2,5.3,13.9
11,3,19,98,8.7,16.1,.538,8.7,16.1,.538,0.0,0.0,,3.7,8.1,.462,25.4,0.0,0.6,1.2,1.9,8.1,21.1,,116.9,89.1
11,4,19,98,21.2,.528,.538,.000,.500,35,17.9,28.3,23.1,0.0,0.6,2.4,8.5,18.3,,0.2,0.2,0.5,.198,,-5.1,-5.8,-10.9
12,0,7,24,4,9,.444,2,3,.667,2,6,.333,0,0,,1,4,5,1,0,2,0,1,10
12,1,7,3.4,0.6,1.3,.444,0.3,0.4,.667,0.3,0.9,.333,0.0,0.0,,0.7,0.1,0.0,0.3,0.0,0.1,1.4
12,2,7,24,6.7,15.0,.444,3.3,5.0,.667,3.3,10.0,.333,0.0,0.0,,8.3,1.7,0.0,3.3,0.0,1.7,16.7
12,3,7,24,10.1,22.8,.444,5.1,7.6,.667,5.1,15.2,.333,0.0,0.0,,12.7,2.5,0.0,5.1,0.0,2.5,25.3,,129.7,92.6
12,4,7,24,23.6,.556,.556,.667,.000,9,4.6,18.5,11.5,9.5,0.0,9.8,0.0,19.1,,0.1,0.1,0.1,.219,,1.3,1.7,3.0
13,0,29,829,139,279,.498,134,259,.517,5,20,.250,58,83,.699,63,97,160,31,22,26,53,59,341
13,1,29,28.6,4.8,9.6,.498,4.6,8.9,.517,0.2,0.7,.250,2.0,2.9,.699,5.5,1.1,0.8,0.9,1.8,2.0,11.8
13,2,29,829,6.7,13.5,.498,6.5,12.5,.517,0.2,1.0,.250,2.8,4.0,.699,7.7,1.5,1.1,1.3,2.6,2.8,16.5
13,3,29,829,10.2,20.4,.498,9.8,19.0,.517,0.4,1.5,.250,4.2,6.1,.699,11.7,2.3,1.6,1.9,3.9,4.3,25.0,,106.9,94.3
13,4,29,829,19.2,.535,.507,.072,.297,323,8.3,13.0,10.6,8.5,1.6,3.7,14.3,22.8,,1.5,1.7,3.2,.155,,-1.8,1.2,-0.6
