0,0,10,42,3,14,.214,3,14,.214,0,0,,5,7,.714,8,4,12,1,3,1,4,5,11
0,1,10,4.2,0.3,1.4,.214,0.3,1.4,.214,0.0,0.0,,0.5,0.7,.714,1.2,0.1,0.3,0.1,0.4,0.5,1.1
0,2,10,42,2.9,13.3,.214,2.9,13.3,.214,0.0,0.0,,4.8,6.7,.714,11.4,1.0,2.9,1.0,3.8,4.8,10.5
0,3,10,42,4.2,19.5,.214,4.2,19.5,.214,0.0,0.0,,7.0,9.8,.714,16.7,1.4,4.2,1.4,5.6,7.0,15.3,,79.3,102.6
0,4,10,42,9.6,.317,.214,.000,.500,15,21.7,11.1,16.5,4.2,4.2,2.3,18.8,25.5,,-0.1,0.1,0.0,-.004,,-7.8,-1.3,-9.1
1,0,34,927,99,241,.411,38,73,.521,61,168,.363,15,24,.625,26,59,85,37,24,3,47,74,274
1,1,34,27.3,2.9,7.1,.411,1.1,2.1,.521,1.8,4.9,.363,0.4,0.7,.625,2.5,1.1,0.7,0.1,1.4,2.2,8.1
1,2,34,927,4.3,10.4,.411,1.6,3.1,.521,2.6,7.2,.363,0.6,1.0,.625,3.7,1.6,1.0,0.1,2.0,3.2,11.8
1,3,34,927,6.2,15.2,.411,2.4,4.6,.521,3.8,10.6,.363,0.9,1.5,.625,5.4,2.3,1.5,0.2,3.0,4.7,17.3,,101.2,111.2
1,4,34,927,9.9,.543,.537,.697,.100,242,3.2,7.4,5.3,7.5,1.5,0.3,15.7,16.2,,0.8,0.4,1.2,.050,,0.2,-2.7,-2.6
2,0,34,821,97,231,.420,43,81,.531,54,150,.360,52,60,.867,17,102,119,31,38,2,38,67,300
2,1,34,24.1,2.9,6.8,.420,1.3,2.4,.531,1.6,4.4,.360,1.5,1.8,.867,3.5,0.9,1.1,0.1,1.1,2.0,8.8
2,2,34,821,4.7,11.3,.420,2.1,3.9,.531,2.6,7.3,.360,2.5,2.9,.867,5.8,1.5,1.9,0.1,1.9,3.3,14.6
2,3,34,821,6.9,16.5,.420,3.1,5.8,.531,3.8,10.7,.360,3.7,4.3,.867,8.5,2.2,2.7,0.1,2.7,4.8,21.4,,111.2,106.0
2,4,34,821,15.3,.578,.537,.649,.260,259,2.4,14.5,8.4,7.2,2.7,0.2,12.8,18.2,,1.4,0.7,2.2,.105,,1.4,-1.9,-0.5
3,0,18,118,8,16,.500,8,16,.500,0,0,,1,1,1.000,12,18,30,2,1,4,6,19,17
3,1,18,6.6,0.4,0.9,.500,0.4,0.9,.500,0.0,0.0,,0.1,0.1,1.000,1.7,0.1,0.1,0.2,0.3,1.1,0.9
3,2,18,118,2.7,5.4,.500,2.7,5.4,.500,0.0,0.0,,0.3,0.3,1.000,10.2,0.7,0.3,1.4,2.0,6.4,5.8
3,3,18,118,4.0,7.9,.500,4.0,7.9,.500,0.0,0.0,,0.5,0.5,1.000,14.9,1.0,0.5,2.0,3.0,9.4,8.4,,98.9,107.4
3,4,18,118,8.3,.516,.500,.000,.063,21,11.6,17.8,14.7,3.0,0.5,3.3,26.7,9.6,,0.1,0.1,0.1,.050,,-4.3,-0.9,-5.2
4,0,34,1126,211,446,.473,205,408,.502,6,38,.158,216,344,.628,118,227,345,75,18,23,101,76,644
4,1,34,33.1,6.2,13.1,.473,6.0,12.0,.502,0.2,1.1,.158,6.4,10.1,.628,10.1,2.2,0.5,0.7,3.0,2.2,18.9
4,2,34,1126,7.5,15.8,.473,7.3,14.5,.502,0.2,1.3,.158,7.7,12.2,.628,12.3,2.7,0.6,0.8,3.6,2.7,22.9
4,3,34,1126,11.0,23.2,.473,10.7,21.2,.502,0.3,2.0,.158,11.2,17.9,.628,17.9,3.9,0.9,1.2,5.2,3.9,33.5,,107.4,105.7
4,4,34,1126,23.8,.528,.480,.085,.771,640,11.9,23.6,17.7,14.7,0.9,2.0,14.2,31.7,,3.0,1.1,4.0,.143,,0.1,-1.6,-1.5
5,0,32,490,40,102,.392,27,55,.491,13,47,.277,19,26,.731,17,49,66,30,11,9,16,32,112
5,1,32,15.3,1.3,3.2,.392,0.8,1.7,.491,0.4,1.5,.277,0.6,0.8,.731,2.1,0.9,0.3,0.3,0.5,1.0,3.5
5,2,32,490,3.3,8.3,.392,2.2,4.5,.491,1.1,3.8,.277,1.6,2.1,.731,5.4,2.4,0.9,0.7,1.3,2.6,9.1
5,3,32,490,4.8,12.2,.392,3.2,6.6,.491,1.6,5.6,.277,2.3,3.1,.731,7.9,3.6,1.3,1.1,1.9,3.8,13.4,,106.3,109.3
5,4,32,490,10.9,.490,.456,.461,.255,116,3.9,11.7,7.8,11.0,1.3,1.8,12.3,13.4,,0.5,0.3,0.8,.066,,-1.6,-1.4,-3.0
6,0,34,801,88,217,.406,48,103,.466,40,114,.351,55,76,.724,15,62,77,77,39,2,48,66,271
6,1,34,23.6,2.6,6.4,.406,1.4,3.0,.466,1.2,3.4,.351,1.6,2.2,.724,2.3,2.3,1.1,0.1,1.4,1.9,8.0
6,2,34,801,4.4,10.8,.406,2.4,5.1,.466,2.0,5.7,.351,2.7,3.8,.724,3.8,3.8,1.9,0.1,2.4,3.3,13.5
6,3,34,801,6.4,15.8,.406,3.5,7.5,.466,2.9,8.3,.351,4.0,5.6,.724,5.6,5.6,2.8,0.1,3.5,4.8,19.8,,106.7,107.7
6,4,34,801,14.2,.535,.498,.525,.350,269,2.1,9.1,5.5,18.2,2.8,0.2,15.9,18.9,,1.2,0.6,1.8,.090,,0.7,-2.1,-1.4
7,0,34,936,185,310,.597,185,308,.601,0,2,.000,89,143,.622,100,124,224,26,22,28,54,105,459
7,1,34,27.5,5.4,9.1,.597,5.4,9.1,.601,0.0,0.1,.000,2.6,4.2,.622,6.6,0.8,0.6,0.8,1.6,3.1,13.5
7,2,34,936,7.9,13.2,.597,7.9,13.2,.601,0.0,0.1,.000,3.8,6.1,.622,9.6,1.1,0.9,1.2,2.3,4.5,19.6
7,3,34,936,11.6,19.4,.597,11.6,19.3,.601,0.0,0.1,.000,5.6,8.9,.622,14.0,1.6,1.4,1.8,3.4,6.6,28.7,,118.0,106.9
7,4,34,936,23.2,.607,.597,.006,.461,417,12.1,15.5,13.8,6.3,1.4,3.0,12.5,23.2,,2.8,0.8,3.6,.154,,1.6,-1.6,0.0
8,0,34,454,53,143,.371,6,20,.300,47,123,.382,11,15,.733,10,38,48,17,13,4,16,42,164
8,1,34,13.4,1.6,4.2,.371,0.2,0.6,.300,1.4,3.6,.382,0.3,0.4,.733,1.4,0.5,0.4,0.1,0.5,1.2,4.8
8,2,34,454,4.7,12.6,.371,0.5,1.8,.300,4.1,10.8,.382,1.0,1.3,.733,4.2,1.5,1.1,0.4,1.4,3.7,14.4
8,3,34,454,6.8,18.4,.371,0.8,2.6,.300,6.1,15.8,.382,1.4,1.9,.733,6.2,2.2,1.7,0.5,2.1,5.4,21.1,,109.1,109.6
8,4,34,454,12.8,.546,.535,.860,.105,139,2.5,9.8,6.1,7.2,1.7,0.9,9.6,18.4,,0.7,0.3,1.0,.084,,1.4,-3.7,-2.3
9,0,34,1165,96,247,.389,41,99,.414,55,148,.372,37,56,.661,11,83,94,252,58,5,82,64,284
9,1,34,34.3,2.8,7.3,.389,1.2,2.9,.414,1.6,4.4,.372,1.1,1.6,.661,2.8,7.4,1.7,0.1,2.4,1.9,8.4
9,2,34,1165,3.3,8.5,.389,1.4,3.4,.414,1.9,5.1,.372,1.3,1.9,.661,3.2,8.7,2.0,0.2,2.8,2.2,9.8
9,3,34,1165,4.8,12.4,.389,2.1,5.0,.414,2.8,7.4,.372,1.9,2.8,.661,4.7,12.7,2.9,0.3,4.1,3.2,14.3,,110.4,107.9
9,4,34,1165,15.2,.519,.500,.599,.227,380,1.1,8.3,4.7,38.9,2.9,0.4,23.1,15.3,,2.0,0.9,2.9,.099,,1.0,-2.8,-1.8
10,0,7,21,2,7,.286,1,4,.250,1,3,.333,0,0,,0,2,2,3,0,0,2,2,5
10,1,7,3.0,0.3,1.0,.286,0.1,0.6,.250,0.1,0.4,.333,0.0,0.0,,0.3,0.4,0.0,0.0,0.3,0.3,0.7
10,2,7,21,3.8,13.3,.286,1.9,7.6,.250,1.9,5.7,.333,0.0,0.0,,3.8,5.7,0.0,0.0,3.8,3.8,9.5
10,3,7,21,5.6,19.5,.286,2.8,11.1,.250,2.8,8.4,.333,0.0,0.0,,5.6,8.4,0.0,0.0,5.6,5.6,13.9,,75.6,113.3
10,4,7,21,2.1,.357,.357,.429,.000,6,0.0,11.1,5.5,26.3,0.0,0.0,22.2,21.5,,0.0,0.0,0.0,-.051,,-7.7,-5.9,-13.6
