0,0,27,157,13,43,.302,11,30,.367,2,13,.154,9,13,.692,6,10,16,19,1,0,17,4,37
0,1,27,5.8,0.5,1.6,.302,0.4,1.1,.367,0.1,0.5,.154,0.3,0.5,.692,0.6,0.7,0.0,0.0,0.6,0.1,1.4
0,2,27,157,3.3,11.0,.302,2.8,7.6,.367,0.5,3.3,.154,2.3,3.3,.692,4.1,4.8,0.3,0.0,4.3,1.0,9.4
0,3,27,157,5.2,17.0,.302,4.4,11.9,.367,0.8,5.2,.154,3.6,5.2,.692,6.3,7.5,0.4,0.0,6.7,1.6,14.7,,78.6,104.8
0,4,27,157,5.1,.376,.326,.302,.302,46,4.8,7.3,6.1,21.8,0.4,0.0,25.7,22.5,,-0.2,0.2,0.0,-.010,,-5.6,-1.8,-7.4
1,0,28,153,14,38,.368,13,34,.382,1,4,.250,11,16,.688,9,16,25,6,6,3,7,31,40
1,1,28,5.5,0.5,1.4,.368,0.5,1.2,.382,0.0,0.1,.250,0.4,0.6,.688,0.9,0.2,0.2,0.1,0.3,1.1,1.4
1,2,28,153,3.7,9.9,.368,3.4,8.9,.382,0.3,1.0,.250,2.9,4.2,.688,6.5,1.6,1.6,0.8,1.8,8.1,10.5
1,3,28,153,5.7,15.5,.368,5.3,13.8,.382,0.4,1.6,.250,4.5,6.5,.688,10.2,2.4,2.4,1.2,2.8,12.6,16.3,,96.7,95.9
1,4,28,153,10.0,.439,.382,.105,.421,42,7.3,12.0,9.7,7.2,2.4,2.2,13.3,18.3,,0.1,0.3,0.4,.099,,-2.7,1.9,-0.7
2,0,6,8,0,2,.000,0,2,.000,0,0,,0,0,,0,0,0,0,0,0,1,2,0
2,1,6,1.3,0.0,0.3,.000,0.0,0.3,.000,0.0,0.0,,0.0,0.0,,0.0,0.0,0.0,0.0,0.2,0.3,0.0
2,2,6,8,0.0,10.0,.000,0.0,10.0,.000,0.0,0.0,,0.0,0.0,,0.0,0.0,0.0,0.0,5.0,10.0,0.0
2,3,6,8,0.0,15.6,.000,0.0,15.6,.000,0.0,0.0,,0.0,0.0,,0.0,0.0,0.0,0.0,7.8,15.6,0.0,,0.0,107.8
2,4,6,8,-24.0,.000,.000,.000,.000,0,0.0,0.0,0.0,0.0,0.0,0.0,33.3,20.0,,-0.1,0.0,-0.1,-.284,,-19.3,-2.0,-21.3
3,0,33,294,16,42,.381,16,37,.432,0,5,.000,5,9,.556,17,34,51,16,6,5,14,40,37
3,1,33,8.9,0.5,1.3,.381,0.5,1.1,.432,0.0,0.2,.000,0.2,0.3,.556,1.5,0.5,0.2,0.2,0.4,1.2,1.1
3,2,33,294,2.2,5.7,.381,2.2,5.0,.432,0.0,0.7,.000,0.7,1.2,.556,6.9,2.2,0.8,0.7,1.9,5.4,5.0
3,3,33,294,3.4,8.9,.381,3.4,7.8,.432,0.0,1.1,.000,1.1,1.9,.556,10.8,3.4,1.3,1.1,3.0,8.5,7.8,,89.3,98.4
3,4,33,294,6.4,.400,.381,.119,.214,50,7.2,13.3,10.3,9.3,1.3,1.9,23.2,10.9,,0.0,0.5,0.5,.063,,-2.7,2.9,0.1
4,0,34,923,109,261,.418,48,103,.466,61,158,.386,45,54,.833,10,68,78,53,33,3,52,80,324
4,1,34,27.1,3.2,7.7,.418,1.4,3.0,.466,1.8,4.6,.386,1.3,1.6,.833,2.3,1.6,1.0,0.1,1.5,2.4,9.5
4,2,34,923,4.7,11.3,.418,2.1,4.5,.466,2.6,6.8,.386,2.0,2.3,.833,3.4,2.3,1.4,0.1,2.3,3.5,14.0
4,3,34,923,7.3,17.6,.418,3.2,6.9,.466,4.1,10.7,.386,3.0,3.6,.833,5.3,3.6,2.2,0.2,3.5,5.4,21.8,,107.8,99.6
4,4,34,923,14.0,.565,.534,.605,.207,291,1.3,8.4,5.0,11.1,2.2,0.4,15.4,19.6,,1.5,1.4,2.9,.124,,2.6,0.6,3.3
5,0,33,945,119,241,.494,96,177,.542,23,64,.359,98,121,.810,30,107,137,143,33,16,75,78,359
5,1,33,28.6,3.6,7.3,.494,2.9,5.4,.542,0.7,1.9,.359,3.0,3.7,.810,4.2,4.3,1.0,0.5,2.3,2.4,10.9
5,2,33,945,5.0,10.2,.494,4.1,7.5,.542,1.0,2.7,.359,4.1,5.1,.810,5.8,6.1,1.4,0.7,3.2,3.3,15.2
5,3,33,945,7.8,15.9,.494,6.3,11.7,.542,1.5,4.2,.359,6.5,8.0,.810,9.0,9.4,2.2,1.1,4.9,5.1,23.6,,117.5,96.9
5,4,33,945,21.6,.601,.541,.266,.502,396,4.0,13.0,8.6,29.6,2.2,1.9,20.1,21.1,,2.9,1.6,4.5,.191,,4.3,2.6,6.9
6,0,34,1121,181,378,.479,121,239,.506,60,139,.432,90,120,.750,40,119,159,97,47,8,67,56,512
6,1,34,33.0,5.3,11.1,.479,3.6,7.0,.506,1.8,4.1,.432,2.6,3.5,.750,4.7,2.9,1.4,0.2,2.0,1.6,15.1
6,2,34,1121,6.5,13.5,.479,4.3,8.5,.506,2.1,5.0,.432,3.2,4.3,.750,5.7,3.5,1.7,0.3,2.4,2.0,18.3
6,3,34,1121,10.0,21.0,.479,6.7,13.3,.506,3.3,7.7,.432,5.0,6.7,.750,8.8,5.4,2.6,0.4,3.7,3.1,28.4,,117.7,97.0
6,4,34,1121,23.0,.589,.558,.368,.317,487,4.4,12.2,8.5,18.2,2.6,0.8,13.3,23.9,,3.6,1.9,5.5,.196,,5.6,1.9,7.6
7,0,34,831,95,169,.562,95,169,.562,0,0,,41,104,.394,59,127,186,57,20,40,32,88,231
7,1,34,24.4,2.8,5.0,.562,2.8,5.0,.562,0.0,0.0,,1.2,3.1,.394,5.5,1.7,0.6,1.2,0.9,2.6,6.8
7,2,34,831,4.6,8.1,.562,4.6,8.1,.562,0.0,0.0,,2.0,5.0,.394,9.0,2.7,1.0,1.9,1.5,4.2,11.1
7,3,34,831,7.1,12.7,.562,7.1,12.7,.562,0.0,0.0,,3.1,7.8,.394,13.9,4.3,1.5,3.0,2.4,6.6,17.3,,112.8,94.3
7,4,34,831,18.1,.529,.562,.000,.615,251,8.8,17.5,13.4,13.1,1.5,5.4,12.8,16.1,,1.6,1.6,3.2,.155,,1.1,5.3,6.5
8,0,34,1030,163,319,.511,145,274,.529,18,45,.400,138,195,.708,64,165,229,40,32,20,53,88,482
8,1,34,30.3,4.8,9.4,.511,4.3,8.1,.529,0.5,1.3,.400,4.1,5.7,.708,6.7,1.2,0.9,0.6,1.6,2.6,14.2
8,2,34,1030,6.3,12.4,.511,5.6,10.6,.529,0.7,1.7,.400,5.4,7.6,.708,8.9,1.6,1.2,0.8,2.1,3.4,18.7
8,3,34,1030,9.8,19.3,.511,8.8,16.6,.529,1.1,2.7,.400,8.3,11.8,.708,13.8,2.4,1.9,1.2,3.2,5.3,29.1,,119.0,94.7
8,4,34,1030,23.8,.585,.539,.141,.611,450,7.7,18.4,13.3,8.1,1.9,2.2,11.4,24.1,,3.4,2.0,5.4,.210,,3.1,1.9,5.0
9,0,34,699,76,172,.442,48,104,.462,28,68,.412,32,48,.667,36,46,82,26,26,8,20,41,212
9,1,34,20.6,2.2,5.1,.442,1.4,3.1,.462,0.8,2.0,.412,0.9,1.4,.667,2.4,0.8,0.8,0.2,0.6,1.2,6.2
9,2,34,699,4.3,9.8,.442,2.7,6.0,.462,1.6,3.9,.412,1.8,2.7,.667,4.7,1.5,1.5,0.5,1.1,2.3,12.1
9,3,34,699,6.8,15.3,.442,4.3,9.3,.462,2.5,6.1,.412,2.8,4.3,.667,7.3,2.3,2.3,0.7,1.8,3.6,18.9,,116.6,99.6
9,4,34,699,15.7,.544,.523,.395,.279,204,6.4,7.5,7.0,7.0,2.3,1.3,9.3,16.4,,1.4,1.0,2.5,.142,,2.7,1.6,4.2
10,0,32,304,50,106,.472,17,39,.436,33,67,.493,12,18,.667,14,23,37,11,11,1,15,32,145
10,1,32,9.5,1.6,3.3,.472,0.5,1.2,.436,1.0,2.1,.493,0.4,0.6,.667,1.2,0.3,0.3,0.0,0.5,1.0,4.5
10,2,32,304,6.6,13.9,.472,2.2,5.1,.436,4.3,8.8,.493,1.6,2.4,.667,4.9,1.4,1.4,0.1,2.0,4.2,19.1
10,3,32,304,10.2,21.7,.472,3.5,8.0,.436,6.8,13.7,.493,2.5,3.7,.667,7.6,2.3,2.3,0.2,3.1,6.5,29.7,,120.8,99.4
10,4,32,304,21.0,.633,.627,.632,.170,122,5.7,8.7,7.3,7.7,2.3,0.4,11.6,22.7,,1.0,0.5,1.4,.186,,5.8,-1.0,4.8
11,0,22,117,7,21,.333,6,11,.545,1,10,.100,3,4,.750,7,21,28,7,3,1,6,7,18
11,1,22,5.3,0.3,1.0,.333,0.3,0.5,.545,0.0,0.5,.100,0.1,0.2,.750,1.3,0.3,0.1,0.0,0.3,0.3,0.8
11,2,22,117,2.4,7.2,.333,2.1,3.8,.545,0.3,3.4,.100,1.0,1.4,.750,9.6,2.4,1.0,0.3,2.1,2.4,6.2
11,3,22,117,3.7,11.2,.333,3.2,5.8,.545,0.5,5.3,.100,1.6,2.1,.750,14.9,3.7,1.6,0.5,3.2,3.7,9.6,,89.5,95.1
11,4,22,117,9.5,.393,.357,.476,.190,23,7.4,20.6,14.3,10.4,1.6,1.0,20.8,13.2,,0.0,0.2,0.2,.076,,-2.4,2.3,-0.1
12,0,32,293,33,69,.478,33,68,.485,0,1,.000,11,16,.688,17,26,43,8,6,5,14,34,77
12,1,32,9.2,1.0,2.2,.478,1.0,2.1,.485,0.0,0.0,.000,0.3,0.5,.688,1.3,0.3,0.2,0.2,0.4,1.1,2.4
12,2,32,293,4.5,9.4,.478,4.5,9.3,.485,0.0,0.1,.000,1.5,2.2,.688,5.9,1.1,0.8,0.7,1.9,4.6,10.5
12,3,32,293,7.0,14.7,.478,7.0,14.4,.485,0.0,0.2,.000,2.3,3.4,.688,9.1,1.7,1.3,1.1,3.0,7.2,16.4,,100.7,100.0
12,4,32,293,11.0,.503,.478,.014,.232,76,7.2,10.2,8.8,5.2,1.3,1.9,15.5,16.5,,0.3,0.4,0.7,.093,,-2.1,1.1,-1.1
