0,0,4,66,5,10,.500,5,10,.500,0,0,,9,11,.818,10,7,17,2,0,4,1,13,19
0,1,4,16.5,1.3,2.5,.500,1.3,2.5,.500,0.0,0.0,,2.3,2.8,.818,4.3,0.5,0.0,1.0,0.3,3.3,4.8
0,2,4,66,3.0,6.1,.500,3.0,6.1,.500,0.0,0.0,,5.5,6.7,.818,10.3,1.2,0.0,2.4,0.6,7.9,11.5
0,3,4,66,4.7,9.3,.500,4.7,9.3,.500,0.0,0.0,,8.4,10.2,.818,15.8,1.9,0.0,3.7,0.9,12.1,17.7,,147.8,107.8
0,4,4,66,20.8,.624,.500,.000,1.100,22,17.5,12.7,15.2,6.2,0.0,7.2,6.2,12.7,,0.3,0.0,0.3,.184,,4.3,2.0,6.4
1,0,30,733,46,130,.354,20,51,.392,26,79,.329,30,40,.750,3,49,52,76,46,1,47,71,148
1,1,30,24.4,1.5,4.3,.354,0.7,1.7,.392,0.9,2.6,.329,1.0,1.3,.750,1.7,2.5,1.5,0.0,1.6,2.4,4.9
1,2,30,733,2.5,7.1,.354,1.1,2.8,.392,1.4,4.3,.329,1.6,2.2,.750,2.8,4.1,2.5,0.1,2.6,3.9,8.1
1,3,30,733,3.9,10.9,.354,1.7,4.3,.392,2.2,6.6,.329,2.5,3.4,.750,4.4,6.4,3.9,0.1,3.9,6.0,12.4,,96.4,105.1
1,4,30,733,10.2,.497,.454,.608,.308,163,0.5,8.0,4.2,20.7,3.9,0.2,24.0,13.8,,0.3,0.7,1.1,.058,,0.9,0.9,1.9
2,0,28,411,37,115,.322,18,47,.383,19,68,.279,9,23,.391,16,21,37,10,13,3,11,33,102
2,1,28,14.7,1.3,4.1,.322,0.6,1.7,.383,0.7,2.4,.279,0.3,0.8,.391,1.3,0.4,0.5,0.1,0.4,1.2,3.6
2,2,28,411,3.6,11.2,.322,1.8,4.6,.383,1.8,6.6,.279,0.9,2.2,.391,3.6,1.0,1.3,0.3,1.1,3.2,9.9
2,3,28,411,5.5,17.2,.322,2.7,7.0,.383,2.8,10.2,.279,1.3,3.4,.391,5.5,1.5,1.9,0.4,1.6,4.9,15.2,,93.2,109.9
2,4,28,411,7.8,.405,.404,.591,.200,97,4.5,6.1,5.3,5.1,1.9,0.9,8.0,17.2,,0.1,0.2,0.3,.031,,-0.2,-1.4,-1.6
3,0,25,282,30,63,.476,27,53,.509,3,10,.300,5,12,.417,15,27,42,16,4,3,14,33,68
3,1,25,11.3,1.2,2.5,.476,1.1,2.1,.509,0.1,0.4,.300,0.2,0.5,.417,1.7,0.6,0.2,0.1,0.6,1.3,2.7
3,2,25,282,4.3,8.9,.476,3.8,7.5,.509,0.4,1.4,.300,0.7,1.7,.417,6.0,2.3,0.6,0.4,2.0,4.7,9.6
3,3,25,282,6.5,13.7,.476,5.9,11.5,.509,0.7,2.2,.300,1.1,2.6,.417,9.2,3.5,0.9,0.7,3.1,7.2,14.8,,100.2,109.7
3,4,25,282,10.4,.495,.500,.159,.190,70,6.2,11.5,8.8,12.4,0.9,1.3,16.9,15.1,,0.2,0.2,0.4,.053,,-0.5,-0.3,-0.8
4,0,27,712,108,277,.390,68,156,.436,40,121,.331,38,46,.826,4,29,33,20,18,0,50,54,294
4,1,27,26.4,4.0,10.3,.390,2.5,5.8,.436,1.5,4.5,.331,1.4,1.7,.826,1.2,0.7,0.7,0.0,1.9,2.0,10.9
4,2,27,712,6.1,15.6,.390,3.8,8.8,.436,2.2,6.8,.331,2.1,2.6,.826,1.9,1.1,1.0,0.0,2.8,3.0,16.5
4,3,27,712,9.3,23.9,.390,5.9,13.5,.436,3.5,10.4,.331,3.3,4.0,.826,2.8,1.7,1.6,0.0,4.3,4.7,25.4,,95.8,111.8
4,4,27,712,10.5,.492,.462,.437,.166,252,0.6,4.9,2.7,6.8,1.6,0.0,14.3,25.3,,0.5,0.3,0.7,.041,,-0.1,-3.2,-3.3
5,0,31,811,81,233,.348,50,146,.342,31,87,.356,77,109,.706,32,88,120,41,25,1,63,63,270
5,1,31,26.2,2.6,7.5,.348,1.6,4.7,.342,1.0,2.8,.356,2.5,3.5,.706,3.9,1.3,0.8,0.0,2.0,2.0,8.7
5,2,31,811,4.0,11.5,.348,2.5,7.2,.342,1.5,4.3,.356,3.8,5.4,.706,5.9,2.0,1.2,0.0,3.1,3.1,13.3
5,3,31,811,6.1,17.7,.348,3.8,11.1,.342,2.3,6.6,.356,5.8,8.3,.706,9.1,3.1,1.9,0.1,4.8,4.8,20.5,,94.4,107.5
5,4,31,811,11.3,.474,.414,.373,.468,264,4.6,13.0,8.7,10.9,1.9,0.1,18.1,22.2,,0.4,0.6,1.0,.049,,-0.1,-0.6,-0.7
6,0,31,692,92,198,.465,91,195,.467,1,3,.333,62,108,.574,54,83,137,38,18,26,61,104,247
6,1,31,22.3,3.0,6.4,.465,2.9,6.3,.467,0.0,0.1,.333,2.0,3.5,.574,4.4,1.2,0.6,0.8,2.0,3.4,8.0
6,2,31,692,5.3,11.4,.465,5.3,11.3,.467,0.1,0.2,.333,3.6,6.2,.574,7.9,2.2,1.0,1.5,3.5,6.0,14.3
6,3,31,692,8.2,17.6,.465,8.1,17.3,.467,0.1,0.3,.333,5.5,9.6,.574,12.2,3.4,1.6,2.3,5.4,9.2,21.9,,95.7,105.1
6,4,31,692,14.8,.495,.467,.015,.545,250,9.0,14.4,11.7,12.7,1.6,4.5,19.7,23.2,,0.5,0.7,1.1,.066,,-0.8,2.3,1.5
7,0,5,30,1,4,.250,1,4,.250,0,0,,3,5,.600,1,1,2,2,1,1,3,4,5
7,1,5,6.0,0.2,0.8,.250,0.2,0.8,.250,0.0,0.0,,0.6,1.0,.600,0.4,0.4,0.2,0.2,0.6,0.8,1.0
7,2,5,30,1.3,5.3,.250,1.3,5.3,.250,0.0,0.0,,4.0,6.7,.600,2.7,2.7,1.3,1.3,4.0,5.3,6.7
7,3,5,30,2.0,8.2,.250,2.0,8.2,.250,0.0,0.0,,6.1,10.2,.600,4.1,4.1,2.0,2.0,6.1,8.2,10.2,,71.4,108.8
7,4,5,30,3.3,.392,.250,.000,1.250,6,3.9,4.0,3.9,12.6,2.0,3.9,32.0,16.1,,0.0,0.0,0.0,-.035,,-5.9,1.3,-4.6
8,0,29,879,91,201,.453,85,181,.470,6,20,.300,87,110,.791,14,79,93,89,27,9,66,66,275
8,1,29,30.3,3.1,6.9,.453,2.9,6.2,.470,0.2,0.7,.300,3.0,3.8,.791,3.2,3.1,0.9,0.3,2.3,2.3,9.5
8,2,29,879,4.1,9.1,.453,3.9,8.2,.470,0.3,0.9,.300,4.0,5.0,.791,4.2,4.1,1.2,0.4,3.0,3.0,12.5
8,3,29,879,6.4,14.1,.453,5.9,12.7,.470,0.4,1.4,.300,6.1,7.7,.791,6.5,6.2,1.9,0.6,4.6,4.6,19.2,,104.6,107.9
8,4,29,879,14.5,.543,.468,.100,.547,284,1.8,10.8,6.2,22.0,1.9,1.2,20.7,18.8,,1.2,0.6,1.8,.083,,1.0,0.5,1.5
9,0,30,423,37,79,.468,37,77,.481,0,2,.000,32,55,.582,19,59,78,5,11,33,20,75,106
9,1,30,14.1,1.2,2.6,.468,1.2,2.6,.481,0.0,0.1,.000,1.1,1.8,.582,2.6,0.2,0.4,1.1,0.7,2.5,3.5
9,2,30,423,3.5,7.5,.468,3.5,7.3,.481,0.0,0.2,.000,3.0,5.2,.582,7.4,0.5,1.0,3.1,1.9,7.1,10.0
9,3,30,423,5.4,11.5,.468,5.4,11.2,.481,0.0,0.3,.000,4.6,8.0,.582,11.3,0.7,1.6,4.8,2.9,10.9,15.4,,98.5,101.6
9,4,30,423,12.6,.504,.468,.025,.696,100,5.2,16.7,10.9,2.5,1.6,9.2,16.0,15.3,,0.3,0.6,0.8,.078,,-2.9,4.3,1.4
10,0,18,223,24,67,.358,23,58,.397,1,9,.111,12,18,.667,15,28,43,4,4,5,17,36,61
10,1,18,12.4,1.3,3.7,.358,1.3,3.2,.397,0.1,0.5,.111,0.7,1.0,.667,2.4,0.2,0.2,0.3,0.9,2.0,3.4
10,2,18,223,4.3,12.0,.358,4.1,10.4,.397,0.2,1.6,.111,2.2,3.2,.667,7.7,0.7,0.7,0.9,3.0,6.5,10.9
10,3,18,223,6.6,18.5,.358,6.3,16.0,.397,0.3,2.5,.111,3.3,5.0,.667,11.8,1.1,1.1,1.4,4.7,9.9,16.8,,81.3,106.7
10,4,18,223,6.6,.404,.366,.134,.269,60,7.8,15.1,11.4,3.9,1.1,2.7,18.4,21.4,,-0.2,0.2,0.0,-.001,,-5.2,-0.9,-6.0
11,0,4,4,1,1,1.000,1,1,1.000,0,0,,0,0,,0,0,0,0,0,0,0,1,2
11,1,4,1.0,0.3,0.3,1.000,0.3,0.3,1.000,0.0,0.0,,0.0,0.0,,0.0,0.0,0.0,0.0,0.0,0.3,0.5
11,2,4,4,10.0,10.0,1.000,10.0,10.0,1.000,0.0,0.0,,0.0,0.0,,0.0,0.0,0.0,0.0,0.0,10.0,20.0
11,3,4,4,15.4,15.4,1.000,15.4,15.4,1.000,0.0,0.0,,0.0,0.0,,0.0,0.0,0.0,0.0,0.0,15.4,30.7,,200.0,116.4
11,4,4,4,23.4,1.000,1.000,.000,.000,1,0.0,0.0,0.0,0.0,0.0,0.0,0.0,12.9,,0.0,0.0,0.0,.177,,7.4,-4.8,2.6
12,0,13,72,4,13,.308,1,6,.167,3,7,.429,0,0,,6,8,14,6,3,0,6,16,11
12,1,13,5.5,0.3,1.0,.308,0.1,0.5,.167,0.2,0.5,.429,0.0,0.0,,1.1,0.5,0.2,0.0,0.5,1.2,0.8
12,2,13,72,2.2,7.2,.308,0.6,3.3,.167,1.7,3.9,.429,0.0,0.0,,7.8,3.3,1.7,0.0,3.3,8.9,6.1
12,3,13,72,3.4,11.1,.308,0.9,5.1,.167,2.6,6.0,.429,0.0,0.0,,11.9,5.1,2.6,0.0,5.1,13.7,9.4,,84.7,105.2
12,4,13,72,6.0,.423,.423,.538,.000,15,9.6,13.3,11.4,16.4,2.6,0.0,31.6,13.6,,0.0,0.1,0.0,.024,,-0.9,0.9,0.0
13,0,31,936,151,272,.555,151,272,.555,0,0,,86,139,.619,144,207,351,6,17,34,76,69,388
13,1,31,30.2,4.9,8.8,.555,4.9,8.8,.555,0.0,0.0,,2.8,4.5,.619,11.3,0.2,0.5,1.1,2.5,2.2,12.5
13,2,31,936,6.5,11.6,.555,6.5,11.6,.555,0.0,0.0,,3.7,5.9,.619,15.0,0.3,0.7,1.5,3.2,2.9,16.6
13,3,31,936,9.9,17.9,.555,9.9,17.9,.555,0.0,0.0,,5.6,9.1,.619,23.0,0.4,1.1,2.2,5.0,4.5,25.5,,108.5,101.5
13,4,31,936,23.8,.574,.555,.000,.511,381,17.8,26.5,22.1,1.6,1.1,4.3,18.4,22.8,,2.0,1.3,3.2,.137,,0.7,-0.7,0.0
