0,0,4,24,4,9,.444,4,9,.444,0,0,,2,2,1.000,4,5,9,1,0,3,2,6,10
0,1,4,6.0,1.0,2.3,.444,1.0,2.3,.444,0.0,0.0,,0.5,0.5,1.000,2.3,0.3,0.0,0.8,0.5,1.5,2.5
0,2,4,24,6.7,15.0,.444,6.7,15.0,.444,0.0,0.0,,3.3,3.3,1.000,15.0,1.7,0.0,5.0,3.3,10.0,16.7
0,3,4,24,10.5,23.7,.444,10.5,23.7,.444,0.0,0.0,,5.3,5.3,1.000,23.7,2.6,0.0,7.9,5.3,15.8,26.3,,105.7,86.0
0,4,4,24,23.2,.503,.444,.000,.222,11,21.8,23.5,22.7,9.5,0.0,14.2,16.7,26.9,,0.1,0.1,0.1,.198,,-0.9,6.9,6.0
1,0,14,53,8,20,.400,6,14,.429,2,6,.333,0,0,,1,5,6,1,3,0,2,9,18
1,1,14,3.8,0.6,1.4,.400,0.4,1.0,.429,0.1,0.4,.333,0.0,0.0,,0.4,0.1,0.2,0.0,0.1,0.6,1.3
1,2,14,53,6.0,15.1,.400,4.5,10.6,.429,1.5,4.5,.333,0.0,0.0,,4.5,0.8,2.3,0.0,1.5,6.8,13.6
1,3,14,53,9.5,23.8,.400,7.2,16.7,.429,2.4,7.2,.333,0.0,0.0,,7.2,1.2,3.6,0.0,2.4,10.7,21.5,,93.0,92.0
1,4,14,53,10.5,.450,.450,.300,.000,15,2.5,10.7,6.9,4.2,3.6,0.0,9.1,22.4,,0.0,0.1,0.1,.102,,-2.1,0.4,-1.6
2,0,11,23,1,7,.143,1,6,.167,0,1,.000,0,0,,3,3,6,3,1,2,6,1,2
2,1,11,2.1,0.1,0.6,.143,0.1,0.5,.167,0.0,0.1,.000,0.0,0.0,,0.5,0.3,0.1,0.2,0.5,0.1,0.2
2,2,11,23,1.7,12.2,.143,1.7,10.4,.167,0.0,1.7,.000,0.0,0.0,,10.4,5.2,1.7,3.5,10.4,1.7,3.5
2,3,11,23,2.7,19.2,.143,2.7,16.5,.167,0.0,2.7,.000,0.0,0.0,,16.5,8.2,2.7,5.5,16.5,2.7,5.5,,41.4,87.7
2,4,11,23,-4.0,.143,.143,.143,.000,5,17.1,14.7,15.8,23.2,2.7,9.9,46.2,30.5,,-0.2,0.1,-0.1,-.206,,-15.4,9.1,-6.3
3,0,33,1077,159,334,.476,111,185,.600,48,149,.322,96,128,.750,30,104,134,58,54,9,75,66,462
3,1,33,32.6,4.8,10.1,.476,3.4,5.6,.600,1.5,4.5,.322,2.9,3.9,.750,4.1,1.8,1.6,0.3,2.3,2.0,14.0
3,2,33,1077,5.9,12.4,.476,4.1,6.9,.600,1.8,5.5,.322,3.6,4.8,.750,5.0,2.2,2.0,0.3,2.8,2.5,17.2
3,3,33,1077,9.3,19.6,.476,6.5,10.8,.600,2.8,8.7,.322,5.6,7.5,.750,7.9,3.4,3.2,0.5,4.4,3.9,27.1,,111.4,92.9
3,4,33,1077,20.0,.585,.548,.446,.383,416,3.6,10.9,7.5,11.8,3.2,0.9,16.0,23.6,,2.6,2.2,4.8,.179,,4.8,2.7,7.5
4,0,30,203,22,52,.423,21,50,.420,1,2,.500,27,36,.750,19,15,34,12,1,12,16,29,72
4,1,30,6.8,0.7,1.7,.423,0.7,1.7,.420,0.0,0.1,.500,0.9,1.2,.750,1.1,0.4,0.0,0.4,0.5,1.0,2.4
4,2,30,203,4.3,10.2,.423,4.1,9.9,.420,0.2,0.4,.500,5.3,7.1,.750,6.7,2.4,0.2,2.4,3.2,5.7,14.2
4,3,30,203,6.8,16.2,.423,6.5,15.6,.420,0.3,0.6,.500,8.4,11.2,.750,10.6,3.7,0.3,3.7,5.0,9.0,22.4,,106.0,97.1
4,4,30,203,16.0,.521,.433,.038,.692,77,12.2,8.3,10.2,11.9,0.3,6.7,18.8,22.7,,0.4,0.3,0.7,.143,,-0.4,3.1,2.7
5,0,33,608,46,88,.523,43,78,.551,3,10,.300,20,45,.444,42,86,128,66,10,15,29,65,115
5,1,33,18.4,1.4,2.7,.523,1.3,2.4,.551,0.1,0.3,.300,0.6,1.4,.444,3.9,2.0,0.3,0.5,0.9,2.0,3.5
5,2,33,608,3.0,5.8,.523,2.8,5.1,.551,0.2,0.7,.300,1.3,3.0,.444,8.4,4.3,0.7,1.0,1.9,4.3,7.6
5,3,33,608,4.8,9.1,.523,4.5,8.1,.551,0.3,1.0,.300,2.1,4.7,.444,13.3,6.9,1.0,1.6,3.0,6.8,11.9,,112.6,93.9
5,4,33,608,14.4,.526,.540,.114,.511,151,9.0,16.0,12.8,20.5,1.0,2.8,21.0,12.3,,1.0,1.2,2.2,.144,,1.8,4.3,6.1
6,0,33,980,125,238,.525,113,185,.611,12,53,.226,59,84,.702,66,159,225,51,37,27,38,64,321
6,1,33,29.7,3.8,7.2,.525,3.4,5.6,.611,0.4,1.6,.226,1.8,2.5,.702,6.8,1.5,1.1,0.8,1.2,1.9,9.7
6,2,33,980,5.1,9.7,.525,4.6,7.6,.611,0.5,2.2,.226,2.4,3.4,.702,9.2,2.1,1.5,1.1,1.6,2.6,13.1
6,3,33,980,8.1,15.3,.525,7.3,11.9,.611,0.8,3.4,.226,3.8,5.4,.702,14.5,3.3,2.4,1.7,2.4,4.1,20.7,,120.8,89.9
6,4,33,980,21.3,.578,.550,.223,.353,318,8.8,18.3,13.9,10.9,2.4,3.1,12.0,17.4,,2.6,2.3,4.9,.201,,4.3,5.1,9.3
7,0,33,908,132,286,.462,132,285,.463,0,1,.000,119,168,.708,60,138,198,114,21,45,93,90,383
7,1,33,27.5,4.0,8.7,.462,4.0,8.6,.463,0.0,0.0,.000,3.6,5.1,.708,6.0,3.5,0.6,1.4,2.8,2.7,11.6
7,2,33,908,5.8,12.6,.462,5.8,12.6,.463,0.0,0.0,.000,5.2,7.4,.708,8.7,5.0,0.9,2.0,4.1,4.0,16.9
7,3,33,908,9.2,19.9,.462,9.2,19.8,.463,0.0,0.1,.000,8.3,11.7,.708,13.8,7.9,1.5,3.1,6.5,6.3,26.6,,104.7,91.0
7,4,33,908,21.7,.524,.462,.003,.587,419,8.6,17.2,13.2,27.3,1.5,5.6,20.3,27.3,,1.9,2.1,4.0,.176,,1.5,5.9,7.5
8,0,31,757,80,176,.455,44,78,.564,36,98,.367,23,33,.697,9,40,49,49,18,4,42,60,219
8,1,31,24.4,2.6,5.7,.455,1.4,2.5,.564,1.2,3.2,.367,0.7,1.1,.697,1.6,1.6,0.6,0.1,1.4,1.9,7.1
8,2,31,757,4.2,9.3,.455,2.3,4.1,.564,1.9,5.2,.367,1.2,1.7,.697,2.6,2.6,1.0,0.2,2.2,3.2,11.6
8,3,31,757,6.7,14.7,.455,3.7,6.5,.564,3.0,8.2,.367,1.9,2.8,.697,4.1,4.1,1.5,0.3,3.5,5.0,18.3,,107.2,99.1
8,4,31,757,11.7,.571,.557,.557,.188,202,1.6,6.0,3.9,13.0,1.5,0.6,18.0,16.7,,1.1,1.1,2.2,.116,,2.3,0.8,3.1
9,0,33,1025,155,334,.464,97,199,.487,58,135,.430,55,81,.679,43,139,182,49,22,15,55,71,423
9,1,33,31.1,4.7,10.1,.464,2.9,6.0,.487,1.8,4.1,.430,1.7,2.5,.679,5.5,1.5,0.7,0.5,1.7,2.2,12.8
9,2,33,1025,6.0,13.0,.464,3.8,7.8,.487,2.3,5.3,.430,2.1,3.2,.679,7.1,1.9,0.9,0.6,2.1,2.8,16.5
9,3,33,1025,9.6,20.6,.464,6.0,12.3,.487,3.6,8.3,.430,3.4,5.0,.679,11.2,3.0,1.4,0.9,3.4,4.4,26.1,,113.2,94.3
9,4,33,1025,19.1,.568,.551,.404,.243,381,5.5,15.3,10.8,10.5,1.4,1.7,12.9,22.5,,2.5,2.0,4.5,.176,,4.0,2.0,6.0
10,0,33,378,30,75,.400,24,50,.480,6,25,.240,45,58,.776,11,31,42,18,13,6,18,42,111
10,1,33,11.5,0.9,2.3,.400,0.7,1.5,.480,0.2,0.8,.240,1.4,1.8,.776,1.3,0.5,0.4,0.2,0.5,1.3,3.4
10,2,33,378,3.2,7.9,.400,2.5,5.3,.480,0.6,2.6,.240,4.8,6.1,.776,4.4,1.9,1.4,0.6,1.9,4.4,11.7
10,3,33,378,5.0,12.5,.400,4.0,8.4,.480,1.0,4.2,.240,7.5,9.7,.776,7.0,3.0,2.2,1.0,3.0,7.0,18.5,,111.5,95.2
10,4,33,378,13.6,.541,.440,.333,.773,109,3.8,9.3,6.7,9.1,2.2,1.8,14.9,17.2,,0.7,0.7,1.4,.147,,1.0,2.2,3.2
11,0,33,663,49,124,.395,29,68,.426,20,56,.357,24,38,.632,38,57,95,29,20,18,37,75,142
11,1,33,20.1,1.5,3.8,.395,0.9,2.1,.426,0.6,1.7,.357,0.7,1.2,.632,2.9,0.9,0.6,0.5,1.1,2.3,4.3
11,2,33,663,3.0,7.5,.395,1.7,4.1,.426,1.2,3.4,.357,1.4,2.3,.632,5.7,1.7,1.2,1.1,2.2,4.5,8.6
11,3,33,663,4.7,11.8,.395,2.8,6.5,.426,1.9,5.3,.357,2.3,3.6,.632,9.1,2.8,1.9,1.7,3.5,7.1,13.5,,99.0,94.9
11,4,33,663,10.4,.500,.476,.452,.306,151,7.5,9.7,8.7,8.2,1.9,3.1,20.7,14.6,,0.5,1.2,1.7,.104,,0.8,3.9,4.7
