0,0,30,898,124,255,.486,92,163,.564,32,92,.348,62,87,.713,55,98,153,43,21,15,53,66,342
0,1,30,29.9,4.1,8.5,.486,3.1,5.4,.564,1.1,3.1,.348,2.1,2.9,.713,5.1,1.4,0.7,0.5,1.8,2.2,11.4
0,2,30,898,5.5,11.4,.486,4.1,7.3,.564,1.4,4.1,.348,2.8,3.9,.713,6.8,1.9,0.9,0.7,2.4,2.9,15.2
0,3,30,898,8.5,17.5,.486,6.3,11.2,.564,2.2,6.3,.348,4.3,6.0,.713,10.5,3.0,1.4,1.0,3.6,4.5,23.5,,111.6,99.9
0,4,30,898,17.8,.577,.549,.361,.341,323,7.5,11.7,9.7,11.4,1.4,1.9,15.2,20.6,,1.9,1.3,3.2,.144,,4.2,2.4,6.6
1,0,22,140,8,25,.320,0,1,.000,8,24,.333,1,4,.250,0,13,13,4,2,0,12,12,25
1,1,22,6.4,0.4,1.1,.320,0.0,0.0,.000,0.4,1.1,.333,0.0,0.2,.250,0.6,0.2,0.1,0.0,0.5,0.5,1.1
1,2,22,140,2.3,7.1,.320,0.0,0.3,.000,2.3,6.9,.333,0.3,1.1,.250,3.7,1.1,0.6,0.0,3.4,3.4,7.1
1,3,22,140,3.5,11.0,.320,0.0,0.4,.000,3.5,10.6,.333,0.4,1.8,.250,5.7,1.8,0.9,0.0,5.3,5.3,11.0,,68.5,103.0
1,4,22,140,1.0,.465,.480,.960,.160,22,0.0,10.0,5.3,5.7,0.9,0.0,30.8,14.7,,-0.2,0.2,0.0,-.010,,-3.3,0.2,-3.1
2,0,28,343,41,72,.569,41,71,.577,0,1,.000,16,31,.516,29,46,75,22,8,4,19,20,98
2,1,28,12.3,1.5,2.6,.569,1.5,2.5,.577,0.0,0.0,.000,0.6,1.1,.516,2.7,0.8,0.3,0.1,0.7,0.7,3.5
2,2,28,343,4.8,8.4,.569,4.8,8.3,.577,0.0,0.1,.000,1.9,3.6,.516,8.7,2.6,0.9,0.5,2.2,2.3,11.4
2,3,28,343,7.4,12.9,.569,7.4,12.8,.577,0.0,0.2,.000,2.9,5.6,.516,13.5,4.0,1.4,0.7,3.4,3.6,17.6,,110.4,99.0
2,4,28,343,16.9,.565,.569,.014,.431,105,10.3,14.4,12.5,14.6,1.4,1.3,18.0,16.4,,0.6,0.5,1.1,.131,,1.8,2.8,4.6
3,0,29,844,79,188,.420,31,72,.431,48,116,.414,84,102,.824,22,91,113,97,34,4,43,69,290
3,1,29,29.1,2.7,6.5,.420,1.1,2.5,.431,1.7,4.0,.414,2.9,3.5,.824,3.9,3.3,1.2,0.1,1.5,2.4,10.0
3,2,29,844,3.7,8.9,.420,1.5,3.4,.431,2.3,5.5,.414,4.0,4.8,.824,5.4,4.6,1.6,0.2,2.0,3.3,13.7
3,3,29,844,5.8,13.7,.420,2.3,5.3,.431,3.5,8.5,.414,6.1,7.4,.824,8.2,7.1,2.5,0.3,3.1,5.0,21.2,,124.2,98.3
3,4,29,844,19.3,.613,.548,.617,.543,301,3.2,11.6,7.6,24.7,2.5,0.5,15.4,17.6,,2.5,1.4,3.9,.184,,6.9,2.3,9.2
4,0,29,883,117,288,.406,66,145,.455,51,143,.357,54,77,.701,23,80,103,48,35,28,46,70,339
4,1,29,30.4,4.0,9.9,.406,2.3,5.0,.455,1.8,4.9,.357,1.9,2.7,.701,3.6,1.7,1.2,1.0,1.6,2.4,11.7
4,2,29,883,5.3,13.0,.406,3.0,6.6,.455,2.3,6.5,.357,2.4,3.5,.701,4.7,2.2,1.6,1.3,2.1,3.2,15.4
4,3,29,883,8.2,20.1,.406,4.6,10.1,.455,3.6,10.0,.357,3.8,5.4,.701,7.2,3.3,2.4,2.0,3.2,4.9,23.7,,104.9,97.8
4,4,29,883,16.5,.522,.495,.497,.267,310,3.2,9.7,6.7,12.7,2.4,3.6,12.4,22.3,,1.3,1.5,2.8,.128,,3.3,3.4,6.7
5,0,19,209,13,30,.433,11,21,.524,2,9,.222,8,13,.615,9,19,28,7,6,3,6,21,36
5,1,19,11.0,0.7,1.6,.433,0.6,1.1,.524,0.1,0.5,.222,0.4,0.7,.615,1.5,0.4,0.3,0.2,0.3,1.1,1.9
5,2,19,209,2.5,5.7,.433,2.1,4.0,.524,0.4,1.7,.222,1.5,2.5,.615,5.4,1.3,1.1,0.6,1.1,4.0,6.9
5,3,19,209,3.8,8.8,.433,3.2,6.2,.524,0.6,2.7,.222,2.4,3.8,.615,8.3,2.1,1.8,0.9,1.8,6.2,10.6,,105.1,100.2
5,4,19,209,9.2,.498,.467,.300,.433,38,5.2,9.8,7.6,6.7,1.8,1.6,14.2,10.7,,0.2,0.3,0.5,.091,,0.0,3.0,3.0
6,0,11,27,0,2,.000,0,2,.000,0,0,,0,0,,0,1,1,0,2,1,0,4,0
6,1,11,2.5,0.0,0.2,.000,0.0,0.2,.000,0.0,0.0,,0.0,0.0,,0.1,0.0,0.2,0.1,0.0,0.4,0.0
6,2,11,27,0.0,3.0,.000,0.0,3.0,.000,0.0,0.0,,0.0,0.0,,1.5,0.0,3.0,1.5,0.0,5.9,0.0
6,3,11,27,0.0,4.6,.000,0.0,4.6,.000,0.0,0.0,,0.0,0.0,,2.3,0.0,4.6,2.3,0.0,9.1,0.0,,0.0,95.2
6,4,11,27,1.2,.000,.000,.000,.000,0,0.0,4.0,2.1,0.0,4.6,4.1,0.0,3.9,,0.0,0.1,0.0,.026,,-5.0,7.8,2.8
7,0,26,173,9,25,.360,6,16,.375,3,9,.333,5,10,.500,9,17,26,0,2,4,9,21,26
7,1,26,6.7,0.3,1.0,.360,0.2,0.6,.375,0.1,0.3,.333,0.2,0.4,.500,1.0,0.0,0.1,0.2,0.3,0.8,1.0
7,2,26,173,2.1,5.8,.360,1.4,3.7,.375,0.7,2.1,.333,1.2,2.3,.500,6.0,0.0,0.5,0.9,2.1,4.9,6.0
7,3,26,173,3.2,8.9,.360,2.1,5.7,.375,1.1,3.2,.333,1.8,3.6,.500,9.3,0.0,0.7,1.4,3.2,7.5,9.3,,80.3,101.5
7,4,26,173,4.0,.437,.420,.360,.400,26,6.3,10.5,8.6,0.0,0.7,2.6,23.2,11.9,,-0.1,0.2,0.1,.032,,-4.2,0.3,-3.9
8,0,5,3,0,3,.000,0,1,.000,0,2,.000,0,0,,0,0,0,0,0,0,0,0,0
8,1,5,0.6,0.0,0.6,.000,0.0,0.2,.000,0.0,0.4,.000,0.0,0.0,,0.0,0.0,0.0,0.0,0.0,0.0,0.0
8,2,5,3,0.0,40.0,.000,0.0,13.3,.000,0.0,26.7,.000,0.0,0.0,,0.0,0.0,0.0,0.0,0.0,0.0,0.0
8,3,5,3,0.0,61.6,.000,0.0,20.5,.000,0.0,41.1,.000,0.0,0.0,,0.0,0.0,0.0,0.0,0.0,0.0,0.0,,0.0,110.3
8,4,5,3,-45.7,.000,.000,.667,.000,0,0.0,0.0,0.0,0.0,0.0,0.0,0.0,53.1,,-0.1,0.0,-0.1,-.686,,-31.5,-14.7,-46.2
9,0,30,923,95,234,.406,82,185,.443,13,49,.265,133,198,.672,22,135,157,111,18,4,103,91,336
9,1,30,30.8,3.2,7.8,.406,2.7,6.2,.443,0.4,1.6,.265,4.4,6.6,.672,5.2,3.7,0.6,0.1,3.4,3.0,11.2
9,2,30,923,4.1,10.1,.406,3.6,8.0,.443,0.6,2.1,.265,5.8,8.6,.672,6.8,4.8,0.8,0.2,4.5,3.9,14.6
9,3,30,923,6.3,15.6,.406,5.5,12.3,.443,0.9,3.3,.265,8.9,13.2,.672,10.5,7.4,1.2,0.3,6.9,6.1,22.4,,95.3,99.1
9,4,30,923,13.3,.512,.434,.209,.846,359,2.9,15.7,9.7,26.3,1.2,0.5,23.9,24.8,,0.6,1.5,2.1,.089,,0.2,2.1,2.3
10,0,29,533,49,120,.408,49,119,.412,0,1,.000,42,65,.646,49,69,118,7,10,41,28,64,140
10,1,29,18.4,1.7,4.1,.408,1.7,4.1,.412,0.0,0.0,.000,1.4,2.2,.646,4.1,0.2,0.3,1.4,1.0,2.2,4.8
10,2,29,533,3.7,9.0,.408,3.7,8.9,.412,0.0,0.1,.000,3.2,4.9,.646,8.9,0.5,0.8,3.1,2.1,4.8,10.5
10,3,29,533,5.7,13.9,.408,5.7,13.8,.412,0.0,0.1,.000,4.9,7.5,.646,13.6,0.8,1.2,4.7,3.2,7.4,16.2,,96.9,95.7
10,4,29,533,13.7,.464,.408,.008,.542,147,11.2,13.9,12.6,2.8,1.2,8.6,15.7,17.8,,0.3,1.0,1.3,.100,,-2.5,5.3,2.9
11,0,17,358,28,73,.384,23,49,.469,5,24,.208,27,36,.750,16,49,65,15,11,2,20,31,88
11,1,17,21.1,1.6,4.3,.384,1.4,2.9,.469,0.3,1.4,.208,1.6,2.1,.750,3.8,0.9,0.6,0.1,1.2,1.8,5.2
11,2,17,358,3.1,8.2,.384,2.6,5.5,.469,0.6,2.7,.208,3.0,4.0,.750,7.3,1.7,1.2,0.2,2.2,3.5,9.8
11,3,17,358,4.8,12.6,.384,4.0,8.4,.469,0.9,4.1,.208,4.6,6.2,.750,11.2,2.6,1.9,0.3,3.4,5.3,15.1,,97.2,98.0
11,4,17,358,10.8,.488,.418,.329,.493,90,5.4,14.7,10.4,8.7,1.9,0.6,18.2,16.3,,0.2,0.6,0.8,.090,,-0.3,2.6,2.3
12,0,28,816,126,258,.488,117,230,.509,9,28,.321,83,125,.664,46,150,196,27,20,34,42,84,344
12,1,28,29.1,4.5,9.2,.488,4.2,8.2,.509,0.3,1.0,.321,3.0,4.5,.664,7.0,1.0,0.7,1.2,1.5,3.0,12.3
12,2,28,816,6.2,12.6,.488,5.7,11.3,.509,0.4,1.4,.321,4.1,6.1,.664,9.6,1.3,1.0,1.7,2.1,4.1,16.9
12,3,28,816,9.5,19.5,.488,8.8,17.4,.509,0.7,2.1,.321,6.3,9.4,.664,14.8,2.0,1.5,2.6,3.2,6.3,26.0,,109.1,94.2
12,4,28,816,20.4,.542,.506,.109,.484,316,6.9,19.7,13.7,8.2,1.5,4.7,11.7,23.4,,1.7,1.7,3.3,.164,,1.4,3.9,5.3
13,0,6,5,0,2,.000,0,1,.000,0,1,.000,0,0,,0,1,1,0,0,0,0,0,0
13,1,6,0.8,0.0,0.3,.000,0.0,0.2,.000,0.0,0.2,.000,0.0,0.0,,0.2,0.0,0.0,0.0,0.0,0.0,0.0
13,2,6,5,0.0,16.0,.000,0.0,8.0,.000,0.0,8.0,.000,0.0,0.0,,8.0,0.0,0.0,0.0,0.0,0.0,0.0
13,3,6,5,0.0,24.6,.000,0.0,12.3,.000,0.0,12.3,.000,0.0,0.0,,12.3,0.0,0.0,0.0,0.0,0.0,0.0,,0.0,99.7
13,4,6,5,-14.5,.000,.000,.500,.000,0,0.0,21.5,11.4,0.0,0.0,0.0,0.0,21.2,,0.0,0.0,0.0,-.222,,-17.6,-5.3,-22.9
