0,0,32,574,39,87,.448,39,87,.448,0,0,,28,54,.519,50,68,118,14,10,26,26,54,106
0,1,32,17.9,1.2,2.7,.448,1.2,2.7,.448,0.0,0.0,,0.9,1.7,.519,3.7,0.4,0.3,0.8,0.8,1.7,3.3
0,2,32,574,2.7,6.1,.448,2.7,6.1,.448,0.0,0.0,,2.0,3.8,.519,8.2,1.0,0.7,1.8,1.8,3.8,7.4
0,3,32,574,4.2,9.4,.448,4.2,9.4,.448,0.0,0.0,,3.0,5.8,.519,12.7,1.5,1.1,2.8,2.8,5.8,11.4,,98.0,99.5
0,4,32,574,11.1,.470,.448,.000,.621,118,10.6,13.1,11.9,4.5,1.1,4.8,18.8,12.6,,0.3,0.8,1.2,.081,,-1.5,3.8,2.3
1,0,32,405,31,99,.313,6,18,.333,25,81,.309,7,11,.636,1,31,32,21,9,0,20,16,94
1,1,32,12.7,1.0,3.1,.313,0.2,0.6,.333,0.8,2.5,.309,0.2,0.3,.636,1.0,0.7,0.3,0.0,0.6,0.5,2.9
1,2,32,405,3.1,9.8,.313,0.6,1.8,.333,2.5,8.0,.309,0.7,1.1,.636,3.2,2.1,0.9,0.0,2.0,1.6,9.3
1,3,32,405,4.7,15.1,.313,0.9,2.8,.333,3.8,12.4,.309,1.1,1.7,.636,4.9,3.2,1.4,0.0,3.1,2.4,14.4,,90.6,104.0
1,4,32,405,6.8,.451,.439,.818,.111,86,0.3,8.4,4.6,9.7,1.4,0.0,16.1,16.0,,0.0,0.4,0.5,.045,,-0.7,-0.7,-1.4
2,0,9,17,1,2,.500,1,2,.500,0,0,,2,3,.667,1,1,2,2,0,0,0,3,4
2,1,9,1.9,0.1,0.2,.500,0.1,0.2,.500,0.0,0.0,,0.2,0.3,.667,0.2,0.2,0.0,0.0,0.0,0.3,0.4
2,2,9,17,2.4,4.7,.500,2.4,4.7,.500,0.0,0.0,,4.7,7.1,.667,4.7,4.7,0.0,0.0,0.0,7.1,9.4
2,3,9,17,3.6,7.3,.500,3.6,7.3,.500,0.0,0.0,,7.3,10.9,.667,7.3,7.3,0.0,0.0,0.0,10.9,14.6,,153.6,107.2
2,4,9,17,14.8,.584,.500,.000,1.500,5,7.2,6.5,6.8,21.4,0.0,0.0,0.0,10.5,,0.1,0.0,0.1,.176,,3.3,-1.7,1.6
3,0,33,1062,177,360,.492,164,317,.517,13,43,.302,109,136,.801,106,131,237,97,40,20,71,63,476
3,1,33,32.2,5.4,10.9,.492,5.0,9.6,.517,0.4,1.3,.302,3.3,4.1,.801,7.2,2.9,1.2,0.6,2.2,1.9,14.4
3,2,33,1062,6.7,13.6,.492,6.2,11.9,.517,0.5,1.6,.302,4.1,5.1,.801,8.9,3.7,1.5,0.8,2.7,2.4,17.9
3,3,33,1062,10.3,21.0,.492,9.6,18.5,.517,0.8,2.5,.302,6.4,7.9,.801,13.8,5.7,2.3,1.2,4.1,3.7,27.8,,116.9,98.1
3,4,33,1062,24.9,.561,.510,.119,.378,486,12.2,13.6,12.9,20.6,2.3,2.0,14.3,24.4,,3.4,1.7,5.2,.195,,6.2,3.3,9.4
4,0,23,230,14,34,.412,10,24,.417,4,10,.400,8,15,.533,13,25,38,11,10,6,8,31,40
4,1,23,10.0,0.6,1.5,.412,0.4,1.0,.417,0.2,0.4,.400,0.3,0.7,.533,1.7,0.5,0.4,0.3,0.3,1.3,1.7
4,2,23,230,2.4,5.9,.412,1.7,4.2,.417,0.7,1.7,.400,1.4,2.6,.533,6.6,1.9,1.7,1.0,1.4,5.4,7.0
4,3,23,230,3.8,9.2,.412,2.7,6.5,.417,1.1,2.7,.400,2.2,4.0,.533,10.2,3.0,2.7,1.6,2.2,8.4,10.8,,104.9,97.3
4,4,23,230,11.1,.486,.471,.294,.441,44,6.9,12.0,9.6,8.7,2.7,2.8,16.3,11.2,,0.2,0.4,0.6,.102,,0.1,4.0,4.1
5,0,33,768,109,223,.489,109,223,.489,0,0,,88,115,.765,50,115,165,21,20,25,58,102,306
5,1,33,23.3,3.3,6.8,.489,3.3,6.8,.489,0.0,0.0,,2.7,3.5,.765,5.0,0.6,0.6,0.8,1.8,3.1,9.3
5,2,33,768,5.7,11.6,.489,5.7,11.6,.489,0.0,0.0,,4.6,6.0,.765,8.6,1.1,1.0,1.3,3.0,5.3,15.9
5,3,33,768,8.8,18.0,.489,8.8,18.0,.489,0.0,0.0,,7.1,9.3,.765,13.3,1.7,1.6,2.0,4.7,8.2,24.7,,104.7,97.0
5,4,33,768,17.2,.551,.489,.000,.516,281,8.0,16.5,12.5,5.8,1.6,3.5,17.3,22.8,,1.2,1.3,2.6,.133,,-0.6,2.1,1.5
6,0,33,1069,152,344,.442,121,241,.502,31,103,.301,66,93,.710,25,65,90,133,42,4,100,80,401
6,1,33,32.4,4.6,10.4,.442,3.7,7.3,.502,0.9,3.1,.301,2.0,2.8,.710,2.7,4.0,1.3,0.1,3.0,2.4,12.2
6,2,33,1069,5.7,12.9,.442,4.5,9.0,.502,1.2,3.9,.301,2.5,3.5,.710,3.4,5.0,1.6,0.1,3.7,3.0,15.0
6,3,33,1069,8.8,19.9,.442,7.0,14.0,.502,1.8,6.0,.301,3.8,5.4,.710,5.2,7.7,2.4,0.2,5.8,4.6,23.2,,99.5,102.1
6,4,33,1069,14.9,.517,.487,.299,.270,406,2.9,6.7,4.9,26.6,2.4,0.4,20.5,23.9,,1.2,1.3,2.6,.096,,1.9,0.5,2.3
7,0,30,937,194,403,.481,171,329,.520,23,74,.311,82,119,.689,56,173,229,42,33,50,76,67,493
7,1,30,31.2,6.5,13.4,.481,5.7,11.0,.520,0.8,2.5,.311,2.7,4.0,.689,7.6,1.4,1.1,1.7,2.5,2.2,16.4
7,2,30,937,8.3,17.2,.481,7.3,14.0,.520,1.0,3.2,.311,3.5,5.1,.689,9.8,1.8,1.4,2.1,3.2,2.9,21.0
7,3,30,937,12.8,26.6,.481,11.3,21.8,.520,1.5,4.9,.311,5.4,7.9,.689,15.1,2.8,2.2,3.3,5.0,4.4,32.6,,104.3,93.0
7,4,30,937,24.2,.536,.510,.184,.295,433,7.3,20.4,14.2,11.1,2.2,5.7,14.2,29.9,,1.9,2.0,3.8,.164,,1.9,3.9,5.8
8,0,32,300,18,51,.353,16,43,.372,2,8,.250,10,24,.417,23,39,62,13,11,19,23,28,48
8,1,32,9.4,0.6,1.6,.353,0.5,1.3,.372,0.1,0.3,.250,0.3,0.8,.417,1.9,0.4,0.3,0.6,0.7,0.9,1.5
8,2,32,300,2.4,6.8,.353,2.1,5.7,.372,0.3,1.1,.250,1.3,3.2,.417,8.3,1.7,1.5,2.5,3.1,3.7,6.4
8,3,32,300,3.7,10.5,.353,3.3,8.9,.372,0.4,1.7,.250,2.1,5.0,.417,12.8,2.7,2.3,3.9,4.8,5.8,9.9,,77.0,95.3
8,4,32,300,9.2,.385,.373,.157,.471,58,9.4,14.3,12.0,7.9,2.3,6.7,26.9,14.9,,-0.3,0.6,0.3,.038,,-3.9,6.0,2.0
9,0,33,1095,76,172,.442,19,41,.463,57,131,.435,54,67,.806,5,90,95,114,31,2,39,50,263
9,1,33,33.2,2.3,5.2,.442,0.6,1.2,.463,1.7,4.0,.435,1.6,2.0,.806,2.9,3.5,0.9,0.1,1.2,1.5,8.0
9,2,33,1095,2.8,6.3,.442,0.7,1.5,.463,2.1,4.8,.435,2.0,2.4,.806,3.5,4.2,1.1,0.1,1.4,1.8,9.6
9,3,33,1095,4.3,9.7,.442,1.1,2.3,.463,3.2,7.4,.435,3.1,3.8,.806,5.4,6.5,1.8,0.1,2.2,2.8,14.9,,128.7,102.7
9,4,33,1095,14.5,.645,.608,.762,.390,265,0.6,9.1,5.0,19.3,1.8,0.2,16.1,11.6,,2.4,1.3,3.7,.137,,4.7,1.0,5.7
10,0,30,179,7,26,.269,7,26,.269,0,0,,9,21,.429,12,25,37,13,1,10,6,30,23
10,1,30,6.0,0.2,0.9,.269,0.2,0.9,.269,0.0,0.0,,0.3,0.7,.429,1.2,0.4,0.0,0.3,0.2,1.0,0.8
10,2,30,179,1.6,5.8,.269,1.6,5.8,.269,0.0,0.0,,2.0,4.7,.429,8.3,2.9,0.2,2.2,1.3,6.7,5.1
10,3,30,179,2.4,9.0,.269,2.4,9.0,.269,0.0,0.0,,3.1,7.3,.429,12.8,4.5,0.3,3.5,2.1,10.4,8.0,,87.5,99.0
10,4,30,179,7.3,.320,.269,.000,.808,32,8.2,15.4,12.0,12.7,0.3,5.9,14.3,12.3,,0.0,0.3,0.3,.057,,-3.8,4.1,0.3
11,0,20,114,5,21,.238,4,15,.267,1,6,.167,2,9,.222,0,7,7,14,4,0,8,17,13
11,1,20,5.7,0.3,1.1,.238,0.2,0.8,.267,0.1,0.3,.167,0.1,0.5,.222,0.4,0.7,0.2,0.0,0.4,0.9,0.7
11,2,20,114,1.8,7.4,.238,1.4,5.3,.267,0.4,2.1,.167,0.7,3.2,.222,2.5,4.9,1.4,0.0,2.8,6.0,4.6
11,3,20,114,2.7,11.4,.238,2.2,8.2,.267,0.5,3.3,.167,1.1,4.9,.222,3.8,7.6,2.2,0.0,4.3,9.2,7.1,,63.6,102.4
11,4,20,114,0.0,.257,.262,.286,.429,18,0.0,6.8,3.6,21.7,2.2,0.0,24.0,15.3,,-0.2,0.1,-0.1,-.030,,-6.4,-0.3,-6.7
