0,0,31,1111,148,350,.423,94,219,.429,54,131,.412,90,113,.796,59,148,207,69,48,9,67,71,440
0,1,31,35.8,4.8,11.3,.423,3.0,7.1,.429,1.7,4.2,.412,2.9,3.6,.796,6.7,2.2,1.5,0.3,2.2,2.3,14.2
0,2,31,1111,5.3,12.6,.423,3.4,7.9,.429,1.9,4.7,.412,3.2,4.1,.796,7.5,2.5,1.7,0.3,2.4,2.6,15.8
0,3,31,1111,8.3,19.6,.423,5.3,12.3,.429,3.0,7.4,.412,5.1,6.3,.796,11.6,3.9,2.7,0.5,3.8,4.0,24.7,,109.8,103.3
0,4,31,1111,20.0,.545,.500,.374,.323,437,6.5,16.6,11.5,13.6,2.7,1.0,14.2,22.9,,2.6,1.1,3.7,.135,,2.4,-1.0,1.4
1,0,17,219,12,26,.462,12,26,.462,0,0,,4,10,.400,18,24,42,1,6,8,8,42,28
1,1,17,12.9,0.7,1.5,.462,0.7,1.5,.462,0.0,0.0,,0.2,0.6,.400,2.5,0.1,0.4,0.5,0.5,2.5,1.6
1,2,17,219,2.2,4.7,.462,2.2,4.7,.462,0.0,0.0,,0.7,1.8,.400,7.7,0.2,1.1,1.5,1.5,7.7,5.1
1,3,17,219,3.4,7.4,.462,3.4,7.4,.462,0.0,0.0,,1.1,2.8,.400,12.0,0.3,1.7,2.3,2.3,12.0,8.0,,94.5,104.5
1,4,17,219,7.2,.455,.462,.000,.385,34,10.1,13.7,11.9,0.9,1.7,4.7,20.6,9.6,,0.1,0.2,0.3,.048,,-4.2,-0.2,-4.5
2,0,31,531,46,89,.517,46,86,.535,0,3,.000,24,38,.632,34,64,98,26,19,5,37,78,116
2,1,31,17.1,1.5,2.9,.517,1.5,2.8,.535,0.0,0.1,.000,0.8,1.2,.632,3.2,0.8,0.6,0.2,1.2,2.5,3.7
2,2,31,531,3.5,6.7,.517,3.5,6.5,.535,0.0,0.2,.000,1.8,2.9,.632,7.4,2.0,1.4,0.4,2.8,5.9,8.7
2,3,31,531,5.4,10.5,.517,5.4,10.1,.535,0.0,0.4,.000,2.8,4.5,.632,11.5,3.1,2.2,0.6,4.3,9.2,13.6,,97.8,104.5
2,4,31,531,11.0,.542,.517,.034,.427,129,7.9,15.0,11.4,9.7,2.2,1.2,25.7,14.7,,0.4,0.5,0.9,.064,,-2.5,-0.6,-3.1
3,0,5,5,1,1,1.000,1,1,1.000,0,0,,0,0,,0,0,0,0,0,0,0,0,2
3,1,5,1.0,0.2,0.2,1.000,0.2,0.2,1.000,0.0,0.0,,0.0,0.0,,0.0,0.0,0.0,0.0,0.0,0.0,0.4
3,2,5,5,8.0,8.0,1.000,8.0,8.0,1.000,0.0,0.0,,0.0,0.0,,0.0,0.0,0.0,0.0,0.0,0.0,16.0
3,3,5,5,12.5,12.5,1.000,12.5,12.5,1.000,0.0,0.0,,0.0,0.0,,0.0,0.0,0.0,0.0,0.0,0.0,24.9,,200.0,117.5
3,4,5,5,22.5,1.000,1.000,.000,.000,1,0.0,0.0,0.0,0.0,0.0,0.0,0.0,10.8,,0.0,0.0,0.0,.144,,4.0,-6.6,-2.6
4,0,19,97,0,7,.000,0,1,.000,0,6,.000,5,6,.833,5,10,15,5,3,1,4,15,5
4,1,19,5.1,0.0,0.4,.000,0.0,0.1,.000,0.0,0.3,.000,0.3,0.3,.833,0.8,0.3,0.2,0.1,0.2,0.8,0.3
4,2,19,97,0.0,2.9,.000,0.0,0.4,.000,0.0,2.5,.000,2.1,2.5,.833,6.2,2.1,1.2,0.4,1.6,6.2,2.1
4,3,19,97,0.0,4.5,.000,0.0,0.6,.000,0.0,3.9,.000,3.2,3.9,.833,9.6,3.2,1.9,0.6,2.6,9.6,3.2,,75.5,106.0
4,4,19,97,3.1,.254,.000,.857,.857,10,6.3,12.8,9.6,8.8,1.9,1.3,28.9,7.7,,-0.1,0.1,0.0,.008,,-4.2,-0.6,-4.8
5,0,31,1038,175,399,.439,102,199,.513,73,200,.365,104,134,.776,30,128,158,57,53,26,52,52,527
5,1,31,33.5,5.6,12.9,.439,3.3,6.4,.513,2.4,6.5,.365,3.4,4.3,.776,5.1,1.8,1.7,0.8,1.7,1.7,17.0
5,2,31,1038,6.7,15.4,.439,3.9,7.7,.513,2.8,7.7,.365,4.0,5.2,.776,6.1,2.2,2.0,1.0,2.0,2.0,20.3
5,3,31,1038,10.5,24.0,.439,6.1,12.0,.513,4.4,12.0,.365,6.2,8.1,.776,9.5,3.4,3.2,1.6,3.1,3.1,31.7,,115.6,101.8
5,4,31,1038,25.5,.570,.530,.501,.336,480,3.5,15.4,9.4,13.1,3.2,3.2,10.1,26.8,,3.5,1.2,4.7,.180,,4.9,-0.7,4.2
6,0,31,837,85,195,.436,45,84,.536,40,111,.360,15,24,.625,19,65,84,33,36,0,21,75,225
6,1,31,27.0,2.7,6.3,.436,1.5,2.7,.536,1.3,3.6,.360,0.5,0.8,.625,2.7,1.1,1.2,0.0,0.7,2.4,7.3
6,2,31,837,4.1,9.3,.436,2.2,4.0,.536,1.9,5.3,.360,0.7,1.1,.625,4.0,1.6,1.7,0.0,1.0,3.6,10.8
6,3,31,837,6.3,14.5,.436,3.4,6.3,.536,3.0,8.3,.360,1.1,1.8,.625,6.3,2.5,2.7,0.0,1.6,5.6,16.8,,112.5,106.6
6,4,31,837,13.1,.545,.538,.569,.123,208,2.8,9.7,6.2,8.1,2.7,0.0,9.2,14.7,,1.4,0.6,1.9,.093,,1.4,-2.1,-0.6
7,0,8,8,2,4,.500,0,1,.000,2,3,.667,0,0,,1,1,2,1,1,0,1,0,6
7,1,8,1.0,0.3,0.5,.500,0.0,0.1,.000,0.3,0.4,.667,0.0,0.0,,0.3,0.1,0.1,0.0,0.1,0.0,0.8
7,2,8,8,10.0,20.0,.500,0.0,5.0,.000,10.0,15.0,.667,0.0,0.0,,10.0,5.0,5.0,0.0,5.0,0.0,30.0
7,3,8,8,15.6,31.2,.500,0.0,7.8,.000,15.6,23.4,.667,0.0,0.0,,15.6,7.8,7.8,0.0,7.8,0.0,46.8,,128.7,92.8
7,4,8,8,46.7,.750,.750,.750,.000,6,15.3,15.6,15.5,36.9,7.8,0.0,20.0,33.8,,0.1,0.0,0.1,.351,,18.5,1.8,20.2
8,0,20,108,3,8,.375,3,8,.375,0,0,,3,10,.300,7,7,14,4,1,2,7,32,9
8,1,20,5.4,0.2,0.4,.375,0.2,0.4,.375,0.0,0.0,,0.2,0.5,.300,0.7,0.2,0.1,0.1,0.4,1.6,0.5
8,2,20,108,1.1,3.0,.375,1.1,3.0,.375,0.0,0.0,,1.1,3.7,.300,5.2,1.5,0.4,0.7,2.6,11.9,3.3
8,3,20,108,1.7,4.6,.375,1.7,4.6,.375,0.0,0.0,,1.7,5.8,.300,8.1,2.3,0.6,1.2,4.0,18.5,5.2,,71.7,110.0
8,4,20,108,-1.4,.353,.375,.000,1.250,14,8.0,8.1,8.0,6.6,0.6,2.4,35.4,9.9,,-0.1,0.0,-0.1,-.023,,-6.2,-1.3,-7.5
9,0,8,50,0,3,.000,0,3,.000,0,0,,7,12,.583,3,4,7,0,1,4,5,12,7
9,1,8,6.3,0.0,0.4,.000,0.0,0.4,.000,0.0,0.0,,0.9,1.5,.583,0.9,0.0,0.1,0.5,0.6,1.5,0.9
9,2,8,50,0.0,2.4,.000,0.0,2.4,.000,0.0,0.0,,5.6,9.6,.583,5.6,0.0,0.8,3.2,4.0,9.6,5.6
9,3,8,50,0.0,3.7,.000,0.0,3.7,.000,0.0,0.0,,8.7,15.0,.583,8.7,0.0,1.2,5.0,6.2,15.0,8.7,,66.4,104.3
9,4,8,50,1.5,.402,.000,.000,4.000,8,7.4,10.0,8.7,0.0,1.2,10.3,36.5,14.8,,-0.1,0.0,0.0,-.030,,-10.0,0.9,-9.1
10,0,17,190,33,75,.440,32,71,.451,1,4,.250,25,35,.714,8,13,21,7,2,1,12,10,92
10,1,17,11.2,1.9,4.4,.440,1.9,4.2,.451,0.1,0.2,.250,1.5,2.1,.714,1.2,0.4,0.1,0.1,0.7,0.6,5.4
10,2,17,190,6.9,15.8,.440,6.7,14.9,.451,0.2,0.8,.250,5.3,7.4,.714,4.4,1.5,0.4,0.2,2.5,2.1,19.4
10,3,17,190,10.8,24.6,.440,10.5,23.3,.451,0.3,1.3,.250,8.2,11.5,.714,6.9,2.3,0.7,0.3,3.9,3.3,30.2,,101.1,111.7
10,4,17,190,17.1,.502,.447,.053,.467,85,5.2,8.5,6.8,8.9,0.7,0.7,11.6,29.5,,0.3,0.0,0.4,.077,,-3.5,-6.4,-9.8
11,0,27,230,18,50,.360,9,25,.360,9,25,.360,6,11,.545,2,9,11,23,7,0,12,12,51
11,1,27,8.5,0.7,1.9,.360,0.3,0.9,.360,0.3,0.9,.360,0.2,0.4,.545,0.4,0.9,0.3,0.0,0.4,0.4,1.9
11,2,27,230,3.1,8.7,.360,1.6,4.3,.360,1.6,4.3,.360,1.0,1.9,.545,1.9,4.0,1.2,0.0,2.1,2.1,8.9
11,3,27,230,4.9,13.6,.360,2.4,6.8,.360,2.4,6.8,.360,1.6,3.0,.545,3.0,6.2,1.9,0.0,3.3,3.3,13.8,,95.8,110.7
11,4,27,230,9.2,.462,.450,.500,.220,56,1.1,4.9,3.0,19.6,1.9,0.0,17.9,15.8,,0.1,0.1,0.2,.035,,-2.6,-5.0,-7.5
12,0,31,730,61,117,.521,61,117,.521,0,0,,26,47,.553,54,97,151,15,11,70,32,79,148
12,1,31,23.5,2.0,3.8,.521,2.0,3.8,.521,0.0,0.0,,0.8,1.5,.553,4.9,0.5,0.4,2.3,1.0,2.5,4.8
12,2,31,730,3.3,6.4,.521,3.3,6.4,.521,0.0,0.0,,1.4,2.6,.553,8.3,0.8,0.6,3.8,1.8,4.3,8.1
12,3,31,730,5.2,10.0,.521,5.2,10.0,.521,0.0,0.0,,2.2,4.0,.553,12.9,1.3,0.9,6.0,2.7,6.7,12.6,,103.9,102.0
12,4,31,730,14.7,.531,.521,.000,.402,160,9.1,16.6,12.8,4.1,0.9,12.4,18.7,12.7,,0.7,0.8,1.6,.086,,-3.1,4.6,1.5
13,0,31,1121,155,361,.429,115,233,.494,40,128,.313,108,146,.740,20,66,86,121,52,1,93,54,458
13,1,31,36.2,5.0,11.6,.429,3.7,7.5,.494,1.3,4.1,.313,3.5,4.7,.740,2.8,3.9,1.7,0.0,3.0,1.7,14.8
13,2,31,1121,5.5,12.9,.429,4.1,8.3,.494,1.4,4.6,.313,3.9,5.2,.740,3.1,4.3,1.9,0.0,3.3,1.9,16.3
13,3,31,1121,8.6,20.1,.429,6.4,13.0,.494,2.2,7.1,.313,6.0,8.1,.740,4.8,6.7,2.9,0.1,5.2,3.0,25.5,,103.8,107.4
13,4,31,1121,17.9,.532,.485,.355,.404,467,2.2,7.3,4.7,24.0,2.9,0.1,17.8,25.2,,2.1,0.7,2.8,.100,,1.5,-3.0,-1.4
