0,0,34,1121,163,390,.418,121,275,.440,42,115,.365,58,81,.716,37,167,204,46,53,20,48,66,426
0,1,34,33.0,4.8,11.5,.418,3.6,8.1,.440,1.2,3.4,.365,1.7,2.4,.716,6.0,1.4,1.6,0.6,1.4,1.9,12.5
0,2,34,1121,5.8,13.9,.418,4.3,9.8,.440,1.5,4.1,.365,2.1,2.9,.716,7.3,1.6,1.9,0.7,1.7,2.4,15.2
0,3,34,1121,8.9,21.4,.418,6.6,15.1,.440,2.3,6.3,.365,3.2,4.4,.716,11.2,2.5,2.9,1.1,2.6,3.6,23.3,,103.5,88.8
0,4,34,1121,18.0,.497,.472,.295,.208,388,3.8,16.8,10.4,8.8,2.9,2.1,10.1,22.2,,1.6,2.8,4.4,.156,,-0.1,2.1,2.0
1,0,34,1044,147,237,.620,147,237,.620,0,0,,74,146,.507,93,149,242,13,21,118,47,97,368
1,1,34,30.7,4.3,7.0,.620,4.3,7.0,.620,0.0,0.0,,2.2,4.3,.507,7.1,0.4,0.6,3.5,1.4,2.9,10.8
1,2,34,1044,5.6,9.1,.620,5.6,9.1,.620,0.0,0.0,,2.8,5.6,.507,9.3,0.5,0.8,4.5,1.8,3.7,14.1
1,3,34,1044,8.6,13.9,.620,8.6,13.9,.620,0.0,0.0,,4.3,8.6,.507,14.2,0.8,1.2,6.9,2.8,5.7,21.6,,115.7,87.8
1,4,34,1044,23.2,.601,.620,.000,.616,342,10.2,16.1,13.2,2.7,1.2,13.5,13.3,17.6,,2.4,2.7,5.1,.194,,-0.2,7.0,6.8
2,0,31,973,108,239,.452,97,206,.471,11,33,.333,71,109,.651,33,87,120,89,61,4,61,76,298
2,1,31,31.4,3.5,7.7,.452,3.1,6.6,.471,0.4,1.1,.333,2.3,3.5,.651,3.9,2.9,2.0,0.1,2.0,2.5,9.6
2,2,31,973,4.4,9.8,.452,4.0,8.5,.471,0.5,1.4,.333,2.9,4.5,.651,4.9,3.7,2.5,0.2,2.5,3.1,12.3
2,3,31,973,6.8,15.1,.452,6.1,13.0,.471,0.7,2.1,.333,4.5,6.9,.651,7.6,5.6,3.8,0.3,3.8,4.8,18.8,,102.6,90.9
2,4,31,973,16.2,.512,.475,.138,.456,310,3.9,10.1,7.0,18.3,3.8,0.5,17.3,18.8,,1.2,2.2,3.4,.141,,0.1,2.5,2.7
3,0,12,14,2,6,.333,2,5,.400,0,1,.000,0,0,,2,4,6,1,0,0,1,2,4
3,1,12,1.2,0.2,0.5,.333,0.2,0.4,.400,0.0,0.1,.000,0.0,0.0,,0.5,0.1,0.0,0.0,0.1,0.2,0.3
3,2,12,14,5.7,17.1,.333,5.7,14.3,.400,0.0,2.9,.000,0.0,0.0,,17.1,2.9,0.0,0.0,2.9,5.7,11.4
3,3,12,14,8.8,26.3,.333,8.8,21.9,.400,0.0,4.4,.000,0.0,0.0,,26.3,4.4,0.0,0.0,4.4,8.8,17.5,,81.3,87.7
3,4,12,14,10.7,.333,.333,.167,.000,5,16.4,32.2,24.4,15.3,0.0,0.0,14.3,26.1,,0.0,0.0,0.0,.063,,-6.1,-1.5,-7.7
4,0,6,4,0,1,.000,0,1,.000,0,0,,0,0,,0,1,1,1,0,0,0,0,0
4,1,6,0.7,0.0,0.2,.000,0.0,0.2,.000,0.0,0.0,,0.0,0.0,,0.2,0.2,0.0,0.0,0.0,0.0,0.0
4,2,6,4,0.0,10.0,.000,0.0,10.0,.000,0.0,0.0,,0.0,0.0,,10.0,10.0,0.0,0.0,0.0,0.0,0.0
4,3,6,4,0.0,15.3,.000,0.0,15.3,.000,0.0,0.0,,0.0,0.0,,15.3,15.3,0.0,0.0,0.0,0.0,0.0,,55.6,90.7
4,4,6,4,4.4,.000,.000,.000,.000,0,0.0,28.2,14.2,41.0,0.0,0.0,0.0,13.0,,0.0,0.0,0.0,.003,,-10.1,-0.1,-10.1
5,0,11,13,0,4,.000,0,1,.000,0,3,.000,0,0,,0,2,2,0,1,0,0,0,0
5,1,11,1.2,0.0,0.4,.000,0.0,0.1,.000,0.0,0.3,.000,0.0,0.0,,0.2,0.0,0.1,0.0,0.0,0.0,0.0
5,2,11,13,0.0,12.3,.000,0.0,3.1,.000,0.0,9.2,.000,0.0,0.0,,6.2,0.0,3.1,0.0,0.0,0.0,0.0
5,3,11,13,0.0,18.9,.000,0.0,4.7,.000,0.0,14.2,.000,0.0,0.0,,9.4,0.0,4.7,0.0,0.0,0.0,0.0,,0.0,85.7
5,4,11,13,-5.8,.000,.000,.750,.000,0,0.0,17.3,8.8,0.0,4.7,0.0,0.0,16.0,,-0.1,0.0,0.0,-.105,,-13.2,-1.1,-14.3
6,0,34,477,43,96,.448,35,70,.500,8,26,.308,17,41,.415,28,49,77,28,34,8,30,51,111
6,1,34,14.0,1.3,2.8,.448,1.0,2.1,.500,0.2,0.8,.308,0.5,1.2,.415,2.3,0.8,1.0,0.2,0.9,1.5,3.3
6,2,34,477,3.6,8.1,.448,2.9,5.9,.500,0.7,2.2,.308,1.4,3.4,.415,6.5,2.3,2.9,0.7,2.5,4.3,9.3
6,3,34,477,5.5,12.4,.448,4.5,9.0,.500,1.0,3.3,.308,2.2,5.3,.415,9.9,3.6,4.4,1.0,3.9,6.6,14.3,,93.3,88.0
6,4,34,477,13.4,.481,.490,.271,.427,119,6.8,11.6,9.2,11.3,4.4,2.0,20.6,15.9,,0.2,1.2,1.4,.115,,-1.5,3.8,2.3
7,0,30,340,37,127,.291,20,45,.444,17,82,.207,11,19,.579,29,40,69,18,11,3,19,8,102
7,1,30,11.3,1.2,4.2,.291,0.7,1.5,.444,0.6,2.7,.207,0.4,0.6,.579,2.3,0.6,0.4,0.1,0.6,0.3,3.4
7,2,30,340,4.4,14.9,.291,2.4,5.3,.444,2.0,9.6,.207,1.3,2.2,.579,8.1,2.1,1.3,0.4,2.2,0.9,12.0
7,3,30,340,6.7,22.9,.291,3.6,8.1,.444,3.1,14.8,.207,2.0,3.4,.579,12.5,3.2,2.0,0.5,3.4,1.4,18.4,,86.4,93.5
7,4,30,340,11.5,.375,.358,.646,.150,109,9.8,13.3,11.5,10.6,2.0,1.1,12.3,23.8,,-0.1,0.7,0.6,.069,,-1.9,-0.9,-2.8
8,0,33,953,83,194,.428,78,173,.451,5,21,.238,84,118,.712,50,152,202,120,51,9,83,82,255
8,1,33,28.9,2.5,5.9,.428,2.4,5.2,.451,0.2,0.6,.238,2.5,3.6,.712,6.1,3.6,1.5,0.3,2.5,2.5,7.7
8,2,33,953,3.5,8.1,.428,3.3,7.3,.451,0.2,0.9,.238,3.5,5.0,.712,8.5,5.0,2.1,0.4,3.5,3.4,10.7
8,3,33,953,5.3,12.5,.428,5.0,11.1,.451,0.3,1.4,.238,5.4,7.6,.712,13.0,7.7,3.3,0.6,5.3,5.3,16.4,,99.2,87.6
8,4,33,953,16.6,.510,.441,.108,.608,304,6.0,18.0,12.1,24.1,3.3,1.1,24.9,18.2,,0.9,2.4,3.4,.142,,-0.7,3.8,3.2
9,0,34,465,67,176,.381,27,61,.443,40,115,.348,8,10,.800,13,36,49,9,15,2,18,44,182
9,1,34,13.7,2.0,5.2,.381,0.8,1.8,.443,1.2,3.4,.348,0.2,0.3,.800,1.4,0.3,0.4,0.1,0.5,1.3,5.4
9,2,34,465,5.8,15.1,.381,2.3,5.2,.443,3.4,9.9,.348,0.7,0.9,.800,4.2,0.8,1.3,0.2,1.5,3.8,15.7
9,3,34,465,8.8,23.2,.381,3.6,8.1,.443,5.3,15.2,.348,1.1,1.3,.800,6.5,1.2,2.0,0.3,2.4,5.8,24.0,,102.3,95.7
9,4,34,465,13.4,.503,.494,.653,.057,153,3.2,8.7,6.0,4.2,2.0,0.5,9.1,22.3,,0.6,0.8,1.4,.123,,0.3,-2.4,-2.1
10,0,13,23,1,10,.100,0,1,.000,1,9,.111,2,4,.500,0,3,3,2,0,0,2,1,5
10,1,13,1.8,0.1,0.8,.100,0.0,0.1,.000,0.1,0.7,.111,0.2,0.3,.500,0.2,0.2,0.0,0.0,0.2,0.1,0.4
10,2,13,23,1.7,17.4,.100,0.0,1.7,.000,1.7,15.7,.111,3.5,7.0,.500,5.2,3.5,0.0,0.0,3.5,1.7,8.7
10,3,13,23,2.7,26.7,.100,0.0,2.7,.000,2.7,24.0,.111,5.3,10.7,.500,8.0,5.3,0.0,0.0,5.3,2.7,13.3,,50.9,97.6
10,4,13,23,-6.9,.210,.150,.900,.400,5,0.0,14.7,7.4,15.3,0.0,0.0,14.4,31.5,,-0.1,0.0,-0.1,-.148,,-10.3,-5.3,-15.6
11,0,13,32,3,5,.600,3,5,.600,0,0,,1,2,.500,3,9,12,0,1,3,1,6,7
11,1,13,2.5,0.2,0.4,.600,0.2,0.4,.600,0.0,0.0,,0.1,0.2,.500,0.9,0.0,0.1,0.2,0.1,0.5,0.5
11,2,13,32,3.8,6.3,.600,3.8,6.3,.600,0.0,0.0,,1.3,2.5,.500,15.0,0.0,1.3,3.8,1.3,7.5,8.8
11,3,13,32,5.8,9.6,.600,5.8,9.6,.600,0.0,0.0,,1.9,3.8,.500,23.0,0.0,1.9,5.8,1.9,11.5,13.4,,115.6,78.4
11,4,13,32,19.1,.588,.600,.000,.400,7,10.8,31.7,21.3,0.0,1.9,11.2,14.4,11.3,,0.0,0.1,0.2,.199,,-5.5,3.1,-2.4
12,0,32,276,40,73,.548,40,73,.548,0,0,,22,29,.759,28,35,63,0,7,14,16,40,102
12,1,32,8.6,1.3,2.3,.548,1.3,2.3,.548,0.0,0.0,,0.7,0.9,.759,2.0,0.0,0.2,0.4,0.5,1.3,3.2
12,2,32,276,5.8,10.6,.548,5.8,10.6,.548,0.0,0.0,,3.2,4.2,.759,9.1,0.0,1.0,2.0,2.3,5.8,14.8
12,3,32,276,8.9,16.2,.548,8.9,16.2,.548,0.0,0.0,,4.9,6.4,.759,14.0,0.0,1.6,3.1,3.6,8.9,22.7,,111.4,91.0
12,4,32,276,19.2,.588,.548,.000,.397,95,11.7,14.3,13.0,0.0,1.6,6.1,15.6,19.4,,0.6,0.6,1.2,.173,,-3.1,-0.9,-4.0
13,0,34,1165,148,378,.392,94,221,.425,54,157,.344,88,106,.830,19,57,76,100,60,2,67,73,438
13,1,34,34.3,4.4,11.1,.392,2.8,6.5,.425,1.6,4.6,.344,2.6,3.1,.830,2.2,2.9,1.8,0.1,2.0,2.1,12.9
13,2,34,1165,5.1,13.0,.392,3.2,7.6,.425,1.9,5.4,.344,3.0,3.6,.830,2.6,3.4,2.1,0.1,2.3,2.5,15.0
13,3,34,1165,7.8,19.9,.392,5.0,11.6,.425,2.8,8.3,.344,4.6,5.6,.830,4.0,5.3,3.2,0.1,3.5,3.8,23.1,,105.1,95.1
13,4,34,1165,16.1,.511,.463,.415,.280,424,1.9,5.5,3.7,17.8,3.2,0.2,13.5,22.2,,2.0,2.2,4.1,.142,,1.7,0.0,1.6
