0,0,5,9,1,3,.333,1,1,1.000,0,2,.000,0,0,,0,0,0,0,1,0,1,1,2
0,1,5,1.8,0.2,0.6,.333,0.2,0.2,1.000,0.0,0.4,.000,0.0,0.0,,0.0,0.0,0.2,0.0,0.2,0.2,0.4
0,2,5,9,4.4,13.3,.333,4.4,4.4,1.000,0.0,8.9,.000,0.0,0.0,,0.0,0.0,4.4,0.0,4.4,4.4,8.9
0,3,5,9,6.4,19.3,.333,6.4,6.4,1.000,0.0,12.9,.000,0.0,0.0,,0.0,0.0,6.4,0.0,6.4,6.4,12.9,,52.5,95.5
0,4,5,9,0.1,.333,.333,.667,.000,2,0.0,0.0,0.0,0.0,6.4,0.0,25.0,21.7,,0.0,0.0,0.0,-.069,,-7.8,1.0,-6.8
1,0,22,85,2,8,.250,1,4,.250,1,4,.250,5,6,.833,9,5,14,6,1,2,3,13,10
1,1,22,3.9,0.1,0.4,.250,0.0,0.2,.250,0.0,0.2,.250,0.2,0.3,.833,0.6,0.3,0.0,0.1,0.1,0.6,0.5
1,2,22,85,0.9,3.8,.250,0.5,1.9,.250,0.5,1.9,.250,2.4,2.8,.833,6.6,2.8,0.5,0.9,1.4,6.1,4.7
1,3,22,85,1.4,5.4,.250,0.7,2.7,.250,0.7,2.7,.250,3.4,4.1,.833,9.5,4.1,0.7,1.4,2.0,8.8,6.8,,113.6,104.0
1,4,22,85,8.5,.461,.313,.500,.750,16,11.3,7.4,9.5,12.2,0.7,2.7,21.7,8.0,,0.1,0.1,0.2,.087,,-0.9,1.4,0.5
2,0,24,225,17,30,.567,17,30,.567,0,0,,5,15,.333,25,25,50,4,2,17,8,25,39
2,1,24,9.4,0.7,1.3,.567,0.7,1.3,.567,0.0,0.0,,0.2,0.6,.333,2.1,0.2,0.1,0.7,0.3,1.0,1.6
2,2,24,225,3.0,5.3,.567,3.0,5.3,.567,0.0,0.0,,0.9,2.7,.333,8.9,0.7,0.4,3.0,1.4,4.4,6.9
2,3,24,225,4.4,7.7,.567,4.4,7.7,.567,0.0,0.0,,1.3,3.9,.333,12.9,1.0,0.5,4.4,2.1,6.4,10.0,,106.7,99.3
2,4,24,225,12.6,.525,.567,.000,.500,44,11.8,13.9,12.8,3.4,0.5,8.8,17.7,9.8,,0.2,0.3,0.5,.095,,-2.7,4.6,1.9
3,0,30,432,44,90,.489,44,90,.489,0,0,,15,31,.484,42,38,80,9,13,6,33,57,103
3,1,30,14.4,1.5,3.0,.489,1.5,3.0,.489,0.0,0.0,,0.5,1.0,.484,2.7,0.3,0.4,0.2,1.1,1.9,3.4
3,2,30,432,4.1,8.3,.489,4.1,8.3,.489,0.0,0.0,,1.4,2.9,.484,7.4,0.8,1.2,0.6,3.1,5.3,9.5
3,3,30,432,5.9,12.0,.489,5.9,12.0,.489,0.0,0.0,,2.0,4.2,.484,10.7,1.2,1.7,0.8,4.4,7.6,13.8,,88.8,101.1
3,4,30,432,9.1,.492,.489,.000,.344,106,10.3,11.0,10.7,4.2,1.7,1.6,24.0,15.6,,0.0,0.6,0.6,.051,,-3.7,1.0,-2.6
4,0,31,797,60,121,.496,60,121,.496,0,0,,17,46,.370,48,106,154,19,31,67,39,75,137
4,1,31,25.7,1.9,3.9,.496,1.9,3.9,.496,0.0,0.0,,0.5,1.5,.370,5.0,0.6,1.0,2.2,1.3,2.4,4.4
4,2,31,797,3.0,6.1,.496,3.0,6.1,.496,0.0,0.0,,0.9,2.3,.370,7.7,1.0,1.6,3.4,2.0,3.8,6.9
4,3,31,797,4.4,8.8,.496,4.4,8.8,.496,0.0,0.0,,1.2,3.3,.370,11.2,1.4,2.2,4.9,2.8,5.4,9.9,,89.7,94.1
4,4,31,797,12.1,.480,.496,.000,.380,140,6.4,16.7,11.1,4.5,2.2,9.8,21.4,11.1,,0.0,1.6,1.6,.080,,-3.7,7.8,4.1
5,0,31,627,58,143,.406,41,89,.461,17,54,.315,54,62,.871,10,59,69,75,43,1,51,66,187
5,1,31,20.2,1.9,4.6,.406,1.3,2.9,.461,0.5,1.7,.315,1.7,2.0,.871,2.2,2.4,1.4,0.0,1.6,2.1,6.0
5,2,31,627,3.7,9.1,.406,2.6,5.7,.461,1.1,3.4,.315,3.4,4.0,.871,4.4,4.8,2.7,0.1,3.3,4.2,11.9
5,3,31,627,5.4,13.2,.406,3.8,8.2,.461,1.6,5.0,.315,5.0,5.7,.871,6.4,6.9,4.0,0.1,4.7,6.1,17.3,,102.3,96.7
5,4,31,627,14.5,.542,.465,.378,.434,198,1.7,11.8,6.3,23.5,4.0,0.2,22.8,17.4,,0.7,1.1,1.8,.115,,0.2,1.7,1.9
6,0,5,7,1,2,.500,1,2,.500,0,0,,0,0,,2,1,3,1,1,0,0,1,2
6,1,5,1.4,0.2,0.4,.500,0.2,0.4,.500,0.0,0.0,,0.0,0.0,,0.6,0.2,0.2,0.0,0.0,0.2,0.4
6,2,5,7,5.7,11.4,.500,5.7,11.4,.500,0.0,0.0,,0.0,0.0,,17.1,5.7,5.7,0.0,0.0,5.7,11.4
6,3,5,7,8.3,16.5,.500,8.3,16.5,.500,0.0,0.0,,0.0,0.0,,24.8,8.3,8.3,0.0,0.0,8.3,16.5,,145.0,84.9
6,4,5,7,35.2,.500,.500,.000,.000,3,30.4,17.9,24.7,31.1,8.3,0.0,0.0,14.0,,0.0,0.0,0.1,.302,,11.3,8.1,19.4
7,0,31,567,67,162,.414,45,107,.421,22,55,.400,31,41,.756,24,44,68,12,20,8,42,67,187
7,1,31,18.3,2.2,5.2,.414,1.5,3.5,.421,0.7,1.8,.400,1.0,1.3,.756,2.2,0.4,0.6,0.3,1.4,2.2,6.0
7,2,31,567,4.7,11.4,.414,3.2,7.5,.421,1.6,3.9,.400,2.2,2.9,.756,4.8,0.8,1.4,0.6,3.0,4.7,13.2
7,3,31,567,6.8,16.5,.414,4.6,10.9,.421,2.2,5.6,.400,3.2,4.2,.756,6.9,1.2,2.0,0.8,4.3,6.8,19.1,,93.6,100.9
7,4,31,567,10.2,.515,.481,.340,.253,166,4.5,9.7,6.9,4.4,2.0,1.6,18.8,19.3,,0.2,0.8,1.0,.069,,-2.3,0.2,-2.1
8,0,22,616,86,239,.360,50,113,.442,36,126,.286,22,26,.846,34,64,98,32,14,6,30,55,230
8,1,22,28.0,3.9,10.9,.360,2.3,5.1,.442,1.6,5.7,.286,1.0,1.2,.846,4.5,1.5,0.6,0.3,1.4,2.5,10.5
8,2,22,616,5.6,15.5,.360,3.2,7.3,.442,2.3,8.2,.286,1.4,1.7,.846,6.4,2.1,0.9,0.4,1.9,3.6,14.9
8,3,22,616,8.1,22.4,.360,4.7,10.6,.442,3.4,11.8,.286,2.1,2.4,.846,9.2,3.0,1.3,0.6,2.8,5.2,21.6,,98.5,101.8
8,4,22,616,12.8,.458,.435,.527,.109,217,5.9,13.0,9.2,11.2,1.3,1.1,10.7,22.3,,0.6,0.8,1.3,.087,,0.5,-0.5,0.1
9,0,31,885,145,347,.418,103,208,.495,42,139,.302,65,102,.637,58,115,173,79,46,12,71,75,397
9,1,31,28.5,4.7,11.2,.418,3.3,6.7,.495,1.4,4.5,.302,2.1,3.3,.637,5.6,2.5,1.5,0.4,2.3,2.4,12.8
9,2,31,885,6.6,15.7,.418,4.7,9.4,.495,1.9,6.3,.302,2.9,4.6,.637,7.8,3.6,2.1,0.5,3.2,3.4,17.9
9,3,31,885,9.5,22.7,.418,6.7,13.6,.495,2.7,9.1,.302,4.2,6.7,.637,11.3,5.2,3.0,0.8,4.6,4.9,25.9,,101.5,96.7
9,4,31,885,19.2,.502,.478,.401,.294,389,7.0,16.3,11.3,20.4,3.0,1.6,15.2,25.7,,1.3,1.5,2.9,.129,,3.0,2.2,5.2
10,0,31,992,177,436,.406,135,285,.474,42,151,.278,141,175,.806,53,130,183,108,85,6,72,86,537
10,1,31,32.0,5.7,14.1,.406,4.4,9.2,.474,1.4,4.9,.278,4.5,5.6,.806,5.9,3.5,2.7,0.2,2.3,2.8,17.3
10,2,31,992,7.1,17.6,.406,5.4,11.5,.474,1.7,6.1,.278,5.7,7.1,.806,7.4,4.4,3.4,0.2,2.9,3.5,21.7
10,3,31,992,10.3,25.4,.406,7.9,16.6,.474,2.4,8.8,.278,8.2,10.2,.806,10.7,6.3,5.0,0.3,4.2,5.0,31.3,,109.8,92.8
10,4,31,992,25.4,.517,.454,.346,.401,528,5.7,16.4,10.6,25.7,5.0,0.7,12.2,29.1,,2.8,2.1,4.9,.196,,6.3,3.4,9.8
11,0,2,3,0,1,.000,0,1,.000,0,0,,0,0,,0,0,0,0,0,0,0,0,0
11,1,2,1.5,0.0,0.5,.000,0.0,0.5,.000,0.0,0.0,,0.0,0.0,,0.0,0.0,0.0,0.0,0.0,0.0,0.0
11,2,2,3,0.0,13.3,.000,0.0,13.3,.000,0.0,0.0,,0.0,0.0,,0.0,0.0,0.0,0.0,0.0,0.0,0.0
11,3,2,3,0.0,19.3,.000,0.0,19.3,.000,0.0,0.0,,0.0,0.0,,0.0,0.0,0.0,0.0,0.0,0.0,0.0,,0.0,110.4
11,4,2,3,-14.0,.000,.000,.000,.000,0,0.0,0.0,0.0,0.0,0.0,0.0,0.0,16.3,,0.0,0.0,0.0,-.198,,-16.2,-3.8,-19.9
12,0,24,345,22,80,.275,9,32,.281,13,48,.271,6,6,1.000,10,33,43,25,8,1,20,39,63
12,1,24,14.4,0.9,3.3,.275,0.4,1.3,.281,0.5,2.0,.271,0.3,0.3,1.000,1.8,1.0,0.3,0.0,0.8,1.6,2.6
12,2,24,345,2.6,9.3,.275,1.0,3.7,.281,1.5,5.6,.271,0.7,0.7,1.000,5.0,2.9,0.9,0.1,2.3,4.5,7.3
12,3,24,345,3.7,13.4,.275,1.5,5.4,.281,2.2,8.0,.271,1.0,1.0,1.000,7.2,4.2,1.3,0.2,3.4,6.5,10.6,,81.5,102.4
12,4,24,345,4.7,.380,.356,.600,.075,69,3.1,12.0,7.2,13.5,1.3,0.3,19.4,14.6,,-0.2,0.4,0.2,.026,,-3.7,-0.1,-3.8
13,0,31,660,72,193,.373,53,129,.411,19,64,.297,45,79,.570,33,33,66,38,32,0,43,77,208
13,1,31,21.3,2.3,6.2,.373,1.7,4.2,.411,0.6,2.1,.297,1.5,2.5,.570,2.1,1.2,1.0,0.0,1.4,2.5,6.7
13,2,31,660,4.4,11.7,.373,3.2,7.8,.411,1.2,3.9,.297,2.7,4.8,.570,4.0,2.3,1.9,0.0,2.6,4.7,12.6
13,3,31,660,6.3,16.9,.373,4.6,11.3,.411,1.7,5.6,.297,3.9,6.9,.570,5.8,3.3,2.8,0.0,3.8,6.7,18.2,,92.3,101.3
13,4,31,660,10.1,.451,.422,.332,.409,206,5.3,6.3,5.8,11.7,2.8,0.0,15.7,20.2,,0.2,0.9,1.0,.063,,-1.3,0.1,-1.1
