0,0,25,532,66,161,.410,36,69,.522,30,92,.326,10,13,.769,2,43,45,25,17,3,26,49,172
0,1,25,21.3,2.6,6.4,.410,1.4,2.8,.522,1.2,3.7,.326,0.4,0.5,.769,1.8,1.0,0.7,0.1,1.0,2.0,6.9
0,2,25,532,5.0,12.1,.410,2.7,5.2,.522,2.3,6.9,.326,0.8,1.0,.769,3.4,1.9,1.3,0.2,2.0,3.7,12.9
0,3,25,532,7.8,18.9,.410,4.2,8.1,.522,3.5,10.8,.326,1.2,1.5,.769,5.3,2.9,2.0,0.4,3.1,5.8,20.2,,103.2,102.6
0,4,25,532,11.4,.514,.503,.571,.081,148,0.4,10.2,5.0,10.3,2.0,0.6,13.5,18.6,,0.6,0.7,1.2,.093,,1.7,1.9,3.6
1,0,31,826,116,229,.507,116,229,.507,0,0,,40,81,.494,76,112,188,19,14,28,44,69,272
1,1,31,26.6,3.7,7.4,.507,3.7,7.4,.507,0.0,0.0,,1.3,2.6,.494,6.1,0.6,0.5,0.9,1.4,2.2,8.8
1,2,31,826,5.6,11.1,.507,5.6,11.1,.507,0.0,0.0,,1.9,3.9,.494,9.1,0.9,0.7,1.4,2.1,3.3,13.2
1,3,31,826,8.8,17.3,.507,8.8,17.3,.507,0.0,0.0,,3.0,6.1,.494,14.2,1.4,1.1,2.1,3.3,5.2,20.6,,102.9,100.4
1,4,31,826,16.5,.508,.507,.000,.354,257,10.1,17.1,13.3,5.2,1.1,3.9,14.1,19.3,,1.0,1.2,2.2,.106,,0.1,4.1,4.2
2,0,4,19,0,3,.000,0,1,.000,0,2,.000,0,0,,0,1,1,0,0,0,1,2,0
2,1,4,4.8,0.0,0.8,.000,0.0,0.3,.000,0.0,0.5,.000,0.0,0.0,,0.3,0.0,0.0,0.0,0.3,0.5,0.0
2,2,4,19,0.0,6.3,.000,0.0,2.1,.000,0.0,4.2,.000,0.0,0.0,,2.1,0.0,0.0,0.0,2.1,4.2,0.0
2,3,4,19,0.0,9.9,.000,0.0,3.3,.000,0.0,6.6,.000,0.0,0.0,,3.3,0.0,0.0,0.0,3.3,6.6,0.0,,0.0,108.5
2,4,4,19,-11.7,.000,.000,.667,.000,0,0.0,6.6,3.1,0.0,0.0,0.0,25.0,10.8,,-0.1,0.0,-0.1,-.132,,-10.6,0.2,-10.4
3,0,30,926,135,313,.431,114,240,.475,21,73,.288,116,152,.763,56,109,165,54,39,4,59,64,407
3,1,30,30.9,4.5,10.4,.431,3.8,8.0,.475,0.7,2.4,.288,3.9,5.1,.763,5.5,1.8,1.3,0.1,2.0,2.1,13.6
3,2,30,926,5.8,13.5,.431,4.9,10.4,.475,0.9,3.2,.288,5.0,6.6,.763,7.1,2.3,1.7,0.2,2.5,2.8,17.6
3,3,30,926,9.1,21.2,.431,7.7,16.2,.475,1.4,4.9,.288,7.8,10.3,.763,11.1,3.6,2.6,0.3,4.0,4.3,27.5,,110.5,99.8
3,4,30,926,20.4,.528,.465,.233,.486,386,6.6,14.8,10.5,13.4,2.6,0.5,13.3,24.6,,2.2,1.4,3.6,.155,,4.5,3.3,7.8
4,0,8,34,2,5,.400,2,4,.500,0,1,.000,0,2,.000,2,4,6,0,3,2,5,3,4
4,1,8,4.3,0.3,0.6,.400,0.3,0.5,.500,0.0,0.1,.000,0.0,0.3,.000,0.8,0.0,0.4,0.3,0.6,0.4,0.5
4,2,8,34,2.4,5.9,.400,2.4,4.7,.500,0.0,1.2,.000,0.0,2.4,.000,7.1,0.0,3.5,2.4,5.9,3.5,4.7
4,3,8,34,3.7,9.2,.400,3.7,7.4,.500,0.0,1.8,.000,0.0,3.7,.000,11.0,0.0,5.5,3.7,9.2,5.5,7.4,,42.3,89.5
4,4,8,34,3.3,.336,.400,.200,.400,4,6.5,14.8,10.4,0.0,5.5,6.7,45.7,16.5,,-0.1,0.1,-0.1,-.064,,-9.9,7.9,-2.0
5,0,31,605,47,114,.412,44,101,.436,3,13,.231,36,53,.679,9,35,44,83,20,3,40,37,133
5,1,31,19.5,1.5,3.7,.412,1.4,3.3,.436,0.1,0.4,.231,1.2,1.7,.679,1.4,2.7,0.6,0.1,1.3,1.2,4.3
5,2,31,605,3.1,7.5,.412,2.9,6.7,.436,0.2,0.9,.231,2.4,3.5,.679,2.9,5.5,1.3,0.2,2.6,2.4,8.8
5,3,31,605,4.9,11.8,.412,4.6,10.4,.436,0.3,1.3,.231,3.7,5.5,.679,4.6,8.6,2.1,0.3,4.1,3.8,13.8,,98.6,103.6
5,4,31,605,11.4,.478,.425,.114,.465,154,1.6,7.3,4.3,27.2,2.1,0.6,22.3,15.2,,0.4,0.7,1.1,.073,,-0.7,1.9,1.2
6,0,19,225,8,26,.308,6,15,.400,2,11,.182,7,13,.538,3,11,14,10,10,1,8,29,25
6,1,19,11.8,0.4,1.4,.308,0.3,0.8,.400,0.1,0.6,.182,0.4,0.7,.538,0.7,0.5,0.5,0.1,0.4,1.5,1.3
6,2,19,225,1.4,4.6,.308,1.1,2.7,.400,0.4,2.0,.182,1.2,2.3,.538,2.5,1.8,1.8,0.2,1.4,5.2,4.4
6,3,19,225,2.2,7.2,.308,1.7,4.2,.400,0.6,3.1,.182,1.9,3.6,.538,3.9,2.8,2.8,0.3,2.2,8.1,7.0,,82.7,102.1
6,4,19,225,4.0,.389,.346,.423,.500,27,1.5,6.2,3.6,8.1,2.8,0.5,19.9,9.1,,-0.1,0.3,0.2,.039,,-2.1,4.0,1.8
7,0,30,451,55,201,.274,39,111,.351,16,90,.178,37,60,.617,16,35,51,28,4,4,17,36,163
7,1,30,15.0,1.8,6.7,.274,1.3,3.7,.351,0.5,3.0,.178,1.2,2.0,.617,1.7,0.9,0.1,0.1,0.6,1.2,5.4
7,2,30,451,4.9,17.8,.274,3.5,9.8,.351,1.4,8.0,.178,3.3,5.3,.617,4.5,2.5,0.4,0.4,1.5,3.2,14.5
7,3,30,451,7.6,27.9,.274,5.4,15.4,.351,2.2,12.5,.178,5.1,8.3,.617,7.1,3.9,0.6,0.6,2.4,5.0,22.6,,88.1,105.7
7,4,30,451,7.4,.355,.313,.448,.299,158,3.9,9.8,6.6,13.5,0.6,1.0,6.9,28.0,,-0.1,0.4,0.3,.029,,-1.5,-0.8,-2.3
8,0,30,651,42,135,.311,27,85,.318,15,50,.300,12,16,.750,3,38,41,100,22,3,54,20,111
8,1,30,21.7,1.4,4.5,.311,0.9,2.8,.318,0.5,1.7,.300,0.4,0.5,.750,1.4,3.3,0.7,0.1,1.8,0.7,3.7
8,2,30,651,2.6,8.3,.311,1.7,5.2,.318,0.9,3.1,.300,0.7,1.0,.750,2.5,6.1,1.4,0.2,3.3,1.2,6.8
8,3,30,651,4.0,13.0,.311,2.6,8.2,.318,1.4,4.8,.300,1.2,1.5,.750,3.9,9.6,2.1,0.3,5.2,1.9,10.7,,82.3,103.7
8,4,30,651,7.4,.389,.367,.370,.119,141,0.5,7.3,3.7,29.7,2.1,0.5,27.5,15.5,,-0.4,0.7,0.3,.021,,-2.6,1.3,-1.3
9,0,19,113,9,21,.429,9,21,.429,0,0,,4,9,.444,9,19,28,1,3,4,3,7,22
9,1,19,5.9,0.5,1.1,.429,0.5,1.1,.429,0.0,0.0,,0.2,0.5,.444,1.5,0.1,0.2,0.2,0.2,0.4,1.2
9,2,19,113,3.2,7.4,.429,3.2,7.4,.429,0.0,0.0,,1.4,3.2,.444,9.9,0.4,1.1,1.4,1.1,2.5,7.8
9,3,19,113,5.0,11.6,.429,5.0,11.6,.429,0.0,0.0,,2.2,5.0,.444,15.5,0.6,1.7,2.2,1.7,3.9,12.2,,98.2,97.7
9,4,19,113,12.8,.435,.429,.000,.429,22,8.7,21.2,14.5,1.8,1.7,4.0,10.6,12.8,,0.1,0.2,0.2,.088,,-3.2,3.9,0.7
10,0,31,684,124,238,.521,124,238,.521,0,0,,55,83,.663,109,109,218,12,11,14,66,79,303
10,1,31,22.1,4.0,7.7,.521,4.0,7.7,.521,0.0,0.0,,1.8,2.7,.663,7.0,0.4,0.4,0.5,2.1,2.5,9.8
10,2,31,684,7.3,13.9,.521,7.3,13.9,.521,0.0,0.0,,3.2,4.9,.663,12.7,0.7,0.6,0.8,3.9,4.6,17.7
10,3,31,684,11.3,21.8,.521,11.3,21.8,.521,0.0,0.0,,5.0,7.6,.663,19.9,1.1,1.0,1.3,6.0,7.2,27.7,,102.7,100.3
10,4,31,684,21.0,.546,.521,.000,.349,289,17.5,20.1,18.7,4.4,1.0,2.3,19.2,25.7,,1.1,1.0,2.1,.123,,1.1,1.5,2.6
11,0,2,4,0,0,,0,0,,0,0,,0,0,,0,0,0,0,0,0,1,0,0
11,1,2,2.0,0.0,0.0,,0.0,0.0,,0.0,0.0,,0.0,0.0,,0.0,0.0,0.0,0.0,0.5,0.0,0.0
11,2,2,4,0.0,0.0,,0.0,0.0,,0.0,0.0,,0.0,0.0,,0.0,0.0,0.0,0.0,10.0,0.0,0.0
11,3,2,4,0.0,0.0,,0.0,0.0,,0.0,0.0,,0.0,0.0,,0.0,0.0,0.0,0.0,15.6,0.0,0.0,,0.0,111.3
11,4,2,4,-16.4,,,,,0,0.0,0.0,0.0,0.0,0.0,0.0,100.0,12.8,,0.0,0.0,0.0,-.257,,-16.1,3.4,-12.7
12,0,1,2,0,0,,0,0,,0,0,,0,0,,0,0,0,0,0,0,0,1,0
12,1,1,2.0,0.0,0.0,,0.0,0.0,,0.0,0.0,,0.0,0.0,,0.0,0.0,0.0,0.0,0.0,1.0,0.0
12,2,1,2,0.0,0.0,,0.0,0.0,,0.0,0.0,,0.0,0.0,,0.0,0.0,0.0,0.0,0.0,20.0,0.0
12,3,1,2,0.0,0.0,,0.0,0.0,,0.0,0.0,,0.0,0.0,,0.0,0.0,0.0,0.0,0.0,31.3,0.0,,,108.5
12,4,1,2,-8.9,,,,,0,0.0,0.0,0.0,0.0,0.0,0.0,,0.0,,0.0,0.0,0.0,.027,,-4.1,3.2,-0.9
13,0,31,664,63,160,.394,51,108,.472,12,52,.231,32,59,.542,66,134,200,17,19,25,40,82,170
13,1,31,21.4,2.0,5.2,.394,1.6,3.5,.472,0.4,1.7,.231,1.0,1.9,.542,6.5,0.5,0.6,0.8,1.3,2.6,5.5
13,2,31,664,3.8,9.6,.394,3.1,6.5,.472,0.7,3.1,.231,1.9,3.6,.542,12.0,1.0,1.1,1.5,2.4,4.9,10.2
13,3,31,664,5.9,15.1,.394,4.8,10.2,.472,1.1,4.9,.231,3.0,5.6,.542,18.8,1.6,1.8,2.4,3.8,7.7,16.0,,93.9,95.5
13,4,31,664,13.9,.452,.431,.325,.369,174,10.9,25.4,17.7,5.3,1.8,4.3,17.5,17.6,,0.2,1.3,1.5,.090,,-1.0,5.1,4.1
14,0,30,566,67,194,.345,35,87,.402,32,107,.299,14,19,.737,32,54,86,13,15,13,21,38,180
14,1,30,18.9,2.2,6.5,.345,1.2,2.9,.402,1.1,3.6,.299,0.5,0.6,.737,2.9,0.4,0.5,0.4,0.7,1.3,6.0
14,2,30,566,4.7,13.7,.345,2.5,6.1,.402,2.3,7.6,.299,1.0,1.3,.737,6.1,0.9,1.1,0.9,1.5,2.7,12.7
14,3,30,566,7.4,21.4,.345,3.9,9.6,.402,3.5,11.8,.299,1.5,2.1,.737,9.5,1.4,1.7,1.4,2.3,4.2,19.9,,99.6,101.6
14,4,30,566,12.3,.443,.428,.552,.098,164,6.2,12.0,8.9,5.0,1.7,2.6,9.4,20.3,,0.5,0.8,1.2,.088,,0.9,2.2,3.2
