0,0,9,22,2,5,.400,0,0,,2,5,.400,1,2,.500,0,1,1,1,1,0,1,2,7
0,1,9,2.4,0.2,0.6,.400,0.0,0.0,,0.2,0.6,.400,0.1,0.2,.500,0.1,0.1,0.1,0.0,0.1,0.2,0.8
0,2,9,22,3.6,9.1,.400,0.0,0.0,,3.6,9.1,.400,1.8,3.6,.500,1.8,1.8,1.8,0.0,1.8,3.6,12.7
0,3,9,22,5.6,13.9,.400,0.0,0.0,,5.6,13.9,.400,2.8,5.6,.500,2.8,2.8,2.8,0.0,2.8,5.6,19.5,,113.4,97.1
0,4,9,22,12.3,.588,.600,1.000,.400,6,0.0,5.0,2.7,7.6,2.8,0.0,14.4,16.4,,0.0,0.0,0.1,.137,,4.0,0.3,4.3
1,0,28,233,28,63,.444,4,9,.444,24,54,.444,9,16,.563,10,30,40,11,6,5,7,22,89
1,1,28,8.3,1.0,2.3,.444,0.1,0.3,.444,0.9,1.9,.444,0.3,0.6,.563,1.4,0.4,0.2,0.2,0.3,0.8,3.2
1,2,28,233,4.8,10.8,.444,0.7,1.5,.444,4.1,9.3,.444,1.5,2.7,.563,6.9,1.9,1.0,0.9,1.2,3.8,15.3
1,3,28,233,7.4,16.6,.444,1.1,2.4,.444,6.3,14.2,.444,2.4,4.2,.563,10.5,2.9,1.6,1.3,1.8,5.8,23.4,,132.4,94.0
1,4,28,233,19.8,.630,.635,.857,.254,79,5.6,14.1,10.2,8.3,1.6,2.6,9.0,17.3,,0.8,0.4,1.2,.213,,6.9,2.0,8.8
2,0,34,972,108,257,.420,52,114,.456,56,143,.392,34,47,.723,10,65,75,73,27,0,43,58,306
2,1,34,28.6,3.2,7.6,.420,1.5,3.4,.456,1.6,4.2,.392,1.0,1.4,.723,2.2,2.1,0.8,0.0,1.3,1.7,9.0
2,2,34,972,4.4,10.6,.420,2.1,4.7,.456,2.3,5.9,.392,1.4,1.9,.723,3.1,3.0,1.1,0.0,1.8,2.4,12.6
2,3,34,972,6.8,16.2,.420,3.3,7.2,.456,3.5,9.0,.392,2.1,3.0,.723,4.7,4.6,1.7,0.0,2.7,3.7,19.3,,113.8,98.6
2,4,34,972,13.4,.548,.529,.556,.183,289,1.3,7.3,4.6,13.1,1.7,0.0,13.3,17.2,,1.9,1.4,3.4,.139,,3.6,1.4,5.0
3,0,4,9,0,3,.000,0,2,.000,0,1,.000,0,2,.000,2,1,3,1,1,0,0,1,0
3,1,4,2.3,0.0,0.8,.000,0.0,0.5,.000,0.0,0.3,.000,0.0,0.5,.000,0.8,0.3,0.3,0.0,0.0,0.3,0.0
3,2,4,9,0.0,13.3,.000,0.0,8.9,.000,0.0,4.4,.000,0.0,8.9,.000,13.3,4.4,4.4,0.0,0.0,4.4,0.0
3,3,4,9,0.0,20.4,.000,0.0,13.6,.000,0.0,6.8,.000,0.0,13.6,.000,20.4,6.8,6.8,0.0,0.0,6.8,0.0,,52.4,84.2
3,4,4,9,1.8,.000,.000,.333,.667,2,28.8,12.2,19.8,16.2,6.8,0.0,0.0,22.8,,0.0,0.0,0.0,-.050,,-4.2,5.6,1.5
4,0,35,561,96,172,.558,92,158,.582,4,14,.286,46,61,.754,32,62,94,11,16,15,30,50,242
4,1,35,16.0,2.7,4.9,.558,2.6,4.5,.582,0.1,0.4,.286,1.3,1.7,.754,2.7,0.3,0.5,0.4,0.9,1.4,6.9
4,2,35,561,6.8,12.3,.558,6.6,11.3,.582,0.3,1.0,.286,3.3,4.3,.754,6.7,0.8,1.1,1.1,2.1,3.6,17.3
4,3,35,561,10.5,18.8,.558,10.0,17.3,.582,0.4,1.5,.286,5.0,6.7,.754,10.3,1.2,1.7,1.6,3.3,5.5,26.4,,117.7,94.3
4,4,35,561,20.5,.602,.570,.081,.355,212,7.4,12.1,10.0,3.8,1.7,3.2,13.0,21.4,,1.6,1.1,2.6,.189,,2.1,2.2,4.3
5,0,33,343,37,75,.493,27,41,.659,10,34,.294,12,24,.500,17,32,49,34,14,4,25,31,96
5,1,33,10.4,1.1,2.3,.493,0.8,1.2,.659,0.3,1.0,.294,0.4,0.7,.500,1.5,1.0,0.4,0.1,0.8,0.9,2.9
5,2,33,343,4.3,8.7,.493,3.1,4.8,.659,1.2,4.0,.294,1.4,2.8,.500,5.7,4.0,1.6,0.5,2.9,3.6,11.2
5,3,33,343,6.6,13.4,.493,4.8,7.3,.659,1.8,6.1,.294,2.1,4.3,.500,8.8,6.1,2.5,0.7,4.5,5.5,17.1,,107.2,94.4
5,4,33,343,14.9,.556,.560,.453,.320,106,6.4,10.3,8.5,17.1,2.5,1.4,22.4,16.9,,0.6,0.6,1.2,.140,,2.9,3.2,6.1
6,0,31,331,25,74,.338,18,54,.333,7,20,.350,36,55,.655,16,49,65,10,9,0,19,26,93
6,1,31,10.7,0.8,2.4,.338,0.6,1.7,.333,0.2,0.6,.350,1.2,1.8,.655,2.1,0.3,0.3,0.0,0.6,0.8,3.0
6,2,31,331,3.0,8.9,.338,2.2,6.5,.333,0.8,2.4,.350,4.4,6.6,.655,7.9,1.2,1.1,0.0,2.3,3.1,11.2
6,3,31,331,4.6,13.7,.338,3.3,10.0,.333,1.3,3.7,.350,6.7,10.2,.655,12.0,1.9,1.7,0.0,3.5,4.8,17.2,,98.4,94.0
6,4,31,331,10.8,.464,.385,.270,.743,94,6.3,16.3,11.7,4.9,1.7,0.0,15.9,18.7,,0.3,0.6,0.9,.111,,-1.4,1.1,-0.2
7,0,34,944,169,337,.501,161,290,.555,8,47,.170,149,194,.768,69,184,253,53,40,19,60,67,495
7,1,34,27.8,5.0,9.9,.501,4.7,8.5,.555,0.2,1.4,.170,4.4,5.7,.768,7.4,1.6,1.2,0.6,1.8,2.0,14.6
7,2,34,944,7.2,14.3,.501,6.8,12.3,.555,0.3,2.0,.170,6.3,8.2,.768,10.7,2.2,1.7,0.8,2.5,2.8,21.0
7,3,34,944,11.0,21.9,.501,10.5,18.8,.555,0.5,3.1,.170,9.7,12.6,.768,16.4,3.4,2.6,1.2,3.9,4.3,32.1,,120.5,88.2
7,4,34,944,27.7,.577,.513,.139,.576,475,9.5,21.4,15.9,11.1,2.6,2.4,12.3,26.9,,3.8,2.3,6.2,.261,,4.5,4.0,8.4
8,0,35,593,22,37,.595,9,15,.600,13,22,.591,13,20,.650,70,67,137,39,30,5,8,70,70
8,1,35,16.9,0.6,1.1,.595,0.3,0.4,.600,0.4,0.6,.591,0.4,0.6,.650,3.9,1.1,0.9,0.1,0.2,2.0,2.0
8,2,35,593,1.5,2.5,.595,0.6,1.0,.600,0.9,1.5,.591,0.9,1.3,.650,9.2,2.6,2.0,0.3,0.5,4.7,4.7
8,3,35,593,2.3,3.8,.595,0.9,1.5,.600,1.3,2.3,.591,1.3,2.1,.650,14.2,4.0,3.1,0.5,0.8,7.2,7.2,,168.6,92.0
8,4,35,593,16.1,.753,.770,.595,.541,117,15.3,12.4,13.7,10.1,3.1,1.0,14.7,4.8,,1.7,1.3,2.9,.198,,8.0,5.6,13.5
9,0,34,365,76,134,.567,76,134,.567,0,0,,32,72,.444,36,54,90,7,6,11,27,35,184
9,1,34,10.7,2.2,3.9,.567,2.2,3.9,.567,0.0,0.0,,0.9,2.1,.444,2.6,0.2,0.2,0.3,0.8,1.0,5.4
9,2,34,365,8.3,14.7,.567,8.3,14.7,.567,0.0,0.0,,3.5,7.9,.444,9.9,0.8,0.7,1.2,3.0,3.8,20.2
9,3,34,365,12.8,22.5,.567,12.8,22.5,.567,0.0,0.0,,5.4,12.1,.444,15.1,1.2,1.0,1.8,4.5,5.9,30.9,,106.1,93.7
9,4,34,365,21.9,.547,.567,.000,.537,165,12.8,16.3,14.7,4.0,1.0,3.6,13.8,27.8,,0.8,0.7,1.5,.169,,-0.4,0.5,0.1
10,0,32,845,215,342,.629,206,312,.660,9,30,.300,132,170,.776,77,158,235,55,22,36,77,72,571
10,1,32,26.4,6.7,10.7,.629,6.4,9.8,.660,0.3,0.9,.300,4.1,5.3,.776,7.3,1.7,0.7,1.1,2.4,2.3,17.8
10,2,32,845,10.2,16.2,.629,9.8,14.8,.660,0.4,1.4,.300,6.2,8.0,.776,11.1,2.6,1.0,1.7,3.6,3.4,27.0
10,3,32,845,15.6,24.8,.629,14.9,22.6,.660,0.7,2.2,.300,9.6,12.3,.776,17.0,4.0,1.6,2.6,5.6,5.2,41.4,,127.1,89.5
10,4,32,845,36.2,.675,.642,.088,.497,516,11.8,20.5,16.5,15.1,1.6,5.1,15.4,30.7,,4.7,2.0,6.7,.318,,8.7,4.7,13.4
11,0,35,1128,135,317,.426,57,130,.438,78,187,.417,67,83,.807,14,79,93,116,52,0,51,69,415
11,1,35,32.2,3.9,9.1,.426,1.6,3.7,.438,2.2,5.3,.417,1.9,2.4,.807,2.7,3.3,1.5,0.0,1.5,2.0,11.9
11,2,35,1128,4.8,11.2,.426,2.0,4.6,.438,2.8,6.6,.417,2.4,2.9,.807,3.3,4.1,1.8,0.0,1.8,2.4,14.7
11,3,35,1128,7.3,17.2,.426,3.1,7.1,.438,4.2,10.2,.417,3.6,4.5,.807,5.1,6.3,2.8,0.0,2.8,3.7,22.5,,123.6,95.8
11,4,35,1128,18.5,.582,.549,.590,.262,407,1.6,7.7,4.9,18.1,2.8,0.0,12.5,18.8,,3.5,2.0,5.5,.194,,6.3,2.2,8.5
12,0,35,654,48,118,.407,33,66,.500,15,52,.288,17,31,.548,5,55,60,119,53,1,43,47,128
12,1,35,18.7,1.4,3.4,.407,0.9,1.9,.500,0.4,1.5,.288,0.5,0.9,.548,1.7,3.4,1.5,0.0,1.2,1.3,3.7
12,2,35,654,2.9,7.2,.407,2.0,4.0,.500,0.9,3.2,.288,1.0,1.9,.548,3.7,7.3,3.2,0.1,2.6,2.9,7.8
12,3,35,654,4.5,11.1,.407,3.1,6.2,.500,1.4,4.9,.288,1.6,2.9,.548,5.6,11.1,5.0,0.1,4.0,4.4,12.0,,106.0,90.0
12,4,35,654,15.1,.482,.470,.441,.263,177,1.0,9.2,5.5,29.7,5.0,0.2,24.5,14.0,,0.9,1.5,2.4,.146,,2.2,4.1,6.3
