0,0,8,16,1,3,.333,1,1,1.000,0,2,.000,2,4,.500,0,2,2,1,1,0,0,4,4
0,1,8,2.0,0.1,0.4,.333,0.1,0.1,1.000,0.0,0.3,.000,0.3,0.5,.500,0.3,0.1,0.1,0.0,0.0,0.5,0.5
0,2,8,16,2.5,7.5,.333,2.5,2.5,1.000,0.0,5.0,.000,5.0,10.0,.500,5.0,2.5,2.5,0.0,0.0,10.0,10.0
0,3,8,16,3.8,11.5,.333,3.8,3.8,1.000,0.0,7.7,.000,7.7,15.4,.500,7.7,3.8,3.8,0.0,0.0,15.4,15.4,,105.8,89.8
0,4,8,16,9.8,.408,.333,.667,1.333,4,0.0,13.0,7.3,9.6,3.8,0.0,0.0,16.3,,0.0,0.0,0.1,.145,,1.2,2.8,4.0
1,0,34,938,90,220,.409,38,84,.452,52,136,.382,46,64,.719,9,77,86,66,29,4,32,81,278
1,1,34,27.6,2.6,6.5,.409,1.1,2.5,.452,1.5,4.0,.382,1.4,1.9,.719,2.5,1.9,0.9,0.1,0.9,2.4,8.2
1,2,34,938,3.8,9.4,.409,1.6,3.6,.452,2.2,5.8,.382,2.0,2.7,.719,3.7,2.8,1.2,0.2,1.4,3.5,11.9
1,3,34,938,5.9,14.4,.409,2.5,5.5,.452,3.4,8.9,.382,3.0,4.2,.719,5.6,4.3,1.9,0.3,2.1,5.3,18.2,,117.0,97.1
1,4,34,938,13.2,.555,.527,.618,.291,267,1.3,8.5,5.4,11.4,1.9,0.4,11.3,16.1,,1.8,1.7,3.5,.150,,3.8,2.6,6.3
2,0,34,579,44,92,.478,29,48,.604,15,44,.341,33,41,.805,26,57,83,54,20,14,30,69,136
2,1,34,17.0,1.3,2.7,.478,0.9,1.4,.604,0.4,1.3,.341,1.0,1.2,.805,2.4,1.6,0.6,0.4,0.9,2.0,4.0
2,2,34,579,3.0,6.4,.478,2.0,3.3,.604,1.0,3.0,.341,2.3,2.8,.805,5.7,3.7,1.4,1.0,2.1,4.8,9.4
2,3,34,579,4.7,9.8,.478,3.1,5.1,.604,1.6,4.7,.341,3.5,4.3,.805,8.8,5.7,2.1,1.5,3.2,7.3,14.4,,121.2,94.4
2,4,34,579,14.7,.610,.560,.478,.446,160,6.0,10.2,8.4,14.6,2.1,2.5,21.2,13.0,,1.2,1.2,2.4,.167,,3.9,4.7,8.6
3,0,14,52,3,6,.500,3,6,.500,0,0,,3,6,.500,2,6,8,1,3,2,2,10,9
3,1,14,3.7,0.2,0.4,.500,0.2,0.4,.500,0.0,0.0,,0.2,0.4,.500,0.6,0.1,0.2,0.1,0.1,0.7,0.6
3,2,14,52,2.3,4.6,.500,2.3,4.6,.500,0.0,0.0,,2.3,4.6,.500,6.2,0.8,2.3,1.5,1.5,7.7,6.9
3,3,14,52,3.5,7.1,.500,3.5,7.1,.500,0.0,0.0,,3.5,7.1,.500,9.4,1.2,3.5,2.4,2.4,11.8,10.6,,100.0,89.1
3,4,14,52,9.8,.508,.500,.000,1.000,9,5.2,12.0,9.0,2.9,3.5,4.0,18.4,11.1,,0.0,0.1,0.2,.124,,-0.8,6.5,5.6
4,0,34,831,161,262,.615,160,261,.613,1,1,1.000,51,98,.520,62,134,196,42,19,33,55,74,374
4,1,34,24.4,4.7,7.7,.615,4.7,7.7,.613,0.0,0.0,1.000,1.5,2.9,.520,5.8,1.2,0.6,1.0,1.6,2.2,11.0
4,2,34,831,7.7,12.6,.615,7.7,12.6,.613,0.0,0.0,1.000,2.5,4.7,.520,9.4,2.0,0.9,1.6,2.6,3.6,18.0
4,3,34,831,11.9,19.4,.615,11.8,19.3,.613,0.1,0.1,1.000,3.8,7.2,.520,14.5,3.1,1.4,2.4,4.1,5.5,27.6,,115.5,92.0
4,4,34,831,23.3,.606,.616,.004,.374,351,10.0,16.8,13.8,9.7,1.4,4.1,15.1,23.3,,2.3,1.9,4.2,.202,,2.6,4.5,7.2
5,0,14,110,8,20,.400,5,13,.385,3,7,.429,13,21,.619,3,7,10,9,3,1,4,9,32
5,1,14,7.9,0.6,1.4,.400,0.4,0.9,.385,0.2,0.5,.429,0.9,1.5,.619,0.7,0.6,0.2,0.1,0.3,0.6,2.3
5,2,14,110,2.9,7.3,.400,1.8,4.7,.385,1.1,2.5,.429,4.7,7.6,.619,3.6,3.3,1.1,0.4,1.5,3.3,11.6
5,3,14,110,4.5,11.2,.400,2.8,7.3,.385,1.7,3.9,.429,7.3,11.7,.619,5.6,5.0,1.7,0.6,2.2,5.0,17.9,,118.4,98.4
5,4,14,110,13.9,.534,.475,.350,1.050,34,3.7,6.6,5.3,12.8,1.7,0.9,11.8,16.5,,0.2,0.2,0.4,.157,,2.0,1.6,3.6
6,0,29,292,38,91,.418,21,41,.512,17,50,.340,7,15,.467,5,18,23,10,15,2,12,27,100
6,1,29,10.1,1.3,3.1,.418,0.7,1.4,.512,0.6,1.7,.340,0.2,0.5,.467,0.8,0.3,0.5,0.1,0.4,0.9,3.4
6,2,29,292,5.2,12.5,.418,2.9,5.6,.512,2.3,6.8,.340,1.0,2.1,.467,3.2,1.4,2.1,0.3,1.6,3.7,13.7
6,3,29,292,8.0,19.1,.418,4.4,8.6,.512,3.6,10.5,.340,1.5,3.2,.467,4.8,2.1,3.2,0.4,2.5,5.7,21.0,,102.5,95.3
6,4,29,292,12.7,.510,.511,.549,.165,87,2.3,6.4,4.6,5.9,3.2,0.7,10.9,20.1,,0.3,0.6,0.9,.122,,1.4,1.9,3.2
7,0,24,171,26,44,.591,21,30,.700,5,14,.357,17,26,.654,13,38,51,15,3,8,15,25,74
7,1,24,7.1,1.1,1.8,.591,0.9,1.3,.700,0.2,0.6,.357,0.7,1.1,.654,2.1,0.6,0.1,0.3,0.6,1.0,3.1
7,2,24,171,6.1,10.3,.591,4.9,7.0,.700,1.2,3.3,.357,4.0,6.1,.654,11.9,3.5,0.7,1.9,3.5,5.8,17.3
7,3,24,171,9.3,15.8,.591,7.5,10.8,.700,1.8,5.0,.357,6.1,9.3,.654,18.3,5.4,1.1,2.9,5.4,9.0,26.6,,119.4,88.8
7,4,24,171,24.1,.657,.648,.318,.591,76,10.2,23.1,17.5,15.6,1.1,4.8,21.0,22.3,,0.6,0.4,1.0,.234,,4.2,4.9,9.1
8,0,34,1124,120,261,.460,48,99,.485,72,162,.444,80,96,.833,16,77,93,170,45,4,46,68,392
8,1,34,33.1,3.5,7.7,.460,1.4,2.9,.485,2.1,4.8,.444,2.4,2.8,.833,2.7,5.0,1.3,0.1,1.4,2.0,11.5
8,2,34,1124,4.3,9.3,.460,1.7,3.5,.485,2.6,5.8,.444,2.8,3.4,.833,3.3,6.0,1.6,0.1,1.6,2.4,14.0
8,3,34,1124,6.6,14.3,.460,2.6,5.4,.485,3.9,8.9,.444,4.4,5.2,.833,5.1,9.3,2.5,0.2,2.5,3.7,21.4,,136.1,96.8
8,4,34,1124,20.9,.639,.598,.621,.368,429,1.9,7.1,4.9,25.0,2.5,0.4,13.0,16.7,,4.4,2.0,6.4,.227,,7.8,2.4,10.2
9,0,5,101,9,18,.500,5,8,.625,4,10,.400,3,4,.750,0,5,5,17,4,1,10,7,25
9,1,5,20.2,1.8,3.6,.500,1.0,1.6,.625,0.8,2.0,.400,0.6,0.8,.750,1.0,3.4,0.8,0.2,2.0,1.4,5.0
9,2,5,101,3.6,7.1,.500,2.0,3.2,.625,1.6,4.0,.400,1.2,1.6,.750,2.0,6.7,1.6,0.4,4.0,2.8,9.9
9,3,5,101,5.5,10.9,.500,3.0,4.9,.625,2.4,6.1,.400,1.8,2.4,.750,3.0,10.3,2.4,0.6,6.1,4.3,15.2,,105.5,97.5
9,4,5,101,12.9,.628,.611,.556,.222,30,0.0,5.2,2.9,27.0,2.4,1.0,33.4,15.8,,0.1,0.2,0.3,.123,,1.0,1.0,2.0
10,0,34,733,126,186,.677,126,186,.677,0,0,,71,104,.683,71,165,236,32,16,11,54,91,323
10,1,34,21.6,3.7,5.5,.677,3.7,5.5,.677,0.0,0.0,,2.1,3.1,.683,6.9,0.9,0.5,0.3,1.6,2.7,9.5
10,2,34,733,6.9,10.2,.677,6.9,10.2,.677,0.0,0.0,,3.9,5.7,.683,12.9,1.7,0.9,0.6,2.9,5.0,17.6
10,3,34,733,10.6,15.6,.677,10.6,15.6,.677,0.0,0.0,,5.9,8.7,.683,19.8,2.7,1.3,0.9,4.5,7.6,27.1,,124.5,90.0
10,4,34,733,24.7,.686,.677,.000,.559,313,13.0,23.4,18.9,8.1,1.3,1.5,18.7,21.1,,2.6,1.8,4.4,.240,,4.4,3.3,7.7
11,0,11,31,3,6,.500,0,0,,3,6,.500,0,0,,1,3,4,0,1,0,2,4,9
11,1,11,2.8,0.3,0.5,.500,0.0,0.0,,0.3,0.5,.500,0.0,0.0,,0.4,0.0,0.1,0.0,0.2,0.4,0.8
11,2,11,31,3.9,7.7,.500,0.0,0.0,,3.9,7.7,.500,0.0,0.0,,5.2,0.0,1.3,0.0,2.6,5.2,11.6
11,3,11,31,5.9,11.9,.500,0.0,0.0,,5.9,11.9,.500,0.0,0.0,,7.9,0.0,2.0,0.0,4.0,7.9,17.8,,109.1,96.2
11,4,11,31,11.0,.750,.750,1.000,.000,7,4.3,10.1,7.6,0.0,2.0,0.0,25.0,13.8,,0.0,0.1,0.1,.121,,2.9,-0.5,2.4
12,0,34,919,130,248,.524,121,218,.555,9,30,.300,98,147,.667,43,122,165,79,36,11,56,57,367
12,1,34,27.0,3.8,7.3,.524,3.6,6.4,.555,0.3,0.9,.300,2.9,4.3,.667,4.9,2.3,1.1,0.3,1.6,1.7,10.8
12,2,34,919,5.7,10.8,.524,5.3,9.5,.555,0.4,1.3,.300,4.3,6.4,.667,7.2,3.4,1.6,0.5,2.4,2.5,16.0
12,3,34,919,8.7,16.6,.524,8.1,14.6,.555,0.6,2.0,.300,6.6,9.8,.667,11.0,5.3,2.4,0.7,3.7,3.8,24.5,,117.1,93.1
12,4,34,919,21.0,.577,.542,.121,.593,375,6.3,13.8,10.5,15.0,2.4,1.2,15.0,21.7,,2.6,2.0,4.6,.200,,3.3,4.2,7.5
13,0,34,928,214,399,.536,153,268,.571,61,131,.466,78,99,.788,46,159,205,65,16,23,37,54,567
13,1,34,27.3,6.3,11.7,.536,4.5,7.9,.571,1.8,3.9,.466,2.3,2.9,.788,6.0,1.9,0.5,0.7,1.1,1.6,16.7
13,2,34,928,9.2,17.2,.536,6.6,11.6,.571,2.6,5.6,.466,3.4,4.3,.788,8.8,2.8,0.7,1.0,1.6,2.3,24.4
13,3,34,928,14.2,26.4,.536,10.1,17.7,.571,4.0,8.7,.466,5.2,6.6,.788,13.6,4.3,1.1,1.5,2.4,3.6,37.5,,132.0,93.3
13,4,34,928,31.0,.636,.613,.328,.248,502,6.7,17.8,13.0,14.5,1.1,2.5,7.7,27.8,,4.8,2.0,6.8,.292,,8.3,2.6,10.9
