0,0,27,262,13,53,.245,7,38,.184,6,15,.400,5,13,.385,12,14,26,7,11,1,33,32,37
0,1,27,9.7,0.5,2.0,.245,0.3,1.4,.184,0.2,0.6,.400,0.2,0.5,.385,1.0,0.3,0.4,0.0,1.2,1.2,1.4
0,2,27,262,2.0,8.1,.245,1.1,5.8,.184,0.9,2.3,.400,0.8,2.0,.385,4.0,1.1,1.7,0.2,5.0,4.9,5.6
0,3,27,262,3.0,12.3,.245,1.6,8.8,.184,1.4,3.5,.400,1.2,3.0,.385,6.0,1.6,2.6,0.2,7.7,7.4,8.6,,49.7,112.6
0,4,27,262,-2.7,.313,.302,.283,.245,40,5.4,6.3,5.9,6.8,2.6,0.4,35.8,18.7,,-0.9,0.1,-0.9,-.133,,-12.5,-3.3,-15.8
1,0,26,230,17,48,.354,15,35,.429,2,13,.154,9,19,.474,13,21,34,4,5,2,16,28,45
1,1,26,8.8,0.7,1.8,.354,0.6,1.3,.429,0.1,0.5,.154,0.3,0.7,.474,1.3,0.2,0.2,0.1,0.6,1.1,1.7
1,2,26,230,3.0,8.3,.354,2.6,6.1,.429,0.3,2.3,.154,1.6,3.3,.474,5.9,0.7,0.9,0.3,2.8,4.9,7.8
1,3,26,230,4.5,12.7,.354,4.0,9.3,.429,0.5,3.4,.154,2.4,5.0,.474,9.0,1.1,1.3,0.5,4.2,7.4,11.9,,73.3,113.0
1,4,26,230,4.1,.395,.375,.271,.396,45,6.7,10.8,8.7,4.7,1.3,0.9,21.9,16.9,,-0.3,0.1,-0.2,-.043,,-8.8,-4.5,-13.4
2,0,29,814,66,193,.342,65,179,.363,1,14,.071,44,67,.657,27,66,93,39,35,4,58,62,177
2,1,29,28.1,2.3,6.7,.342,2.2,6.2,.363,0.0,0.5,.071,1.5,2.3,.657,3.2,1.3,1.2,0.1,2.0,2.1,6.1
2,2,29,814,3.2,9.5,.342,3.2,8.8,.363,0.0,0.7,.071,2.2,3.3,.657,4.6,1.9,1.7,0.2,2.9,3.0,8.7
2,3,29,814,4.9,14.4,.342,4.9,13.4,.363,0.1,1.0,.071,3.3,5.0,.657,7.0,2.9,2.6,0.3,4.3,4.6,13.2,,76.3,111.3
2,4,29,814,6.6,.394,.345,.073,.347,182,3.9,9.6,6.8,13.3,2.6,0.5,20.5,18.5,,-1.0,0.3,-0.6,-.031,,-7.6,-2.4,-10.0
3,0,23,676,30,108,.278,25,76,.329,5,32,.156,44,71,.620,11,58,69,75,27,0,58,59,109
3,1,23,29.4,1.3,4.7,.278,1.1,3.3,.329,0.2,1.4,.156,1.9,3.1,.620,3.0,3.3,1.2,0.0,2.5,2.6,4.7
3,2,23,676,1.8,6.4,.278,1.5,4.5,.329,0.3,1.9,.156,2.6,4.2,.620,4.1,4.4,1.6,0.0,3.4,3.5,6.4
3,3,23,676,2.7,9.7,.278,2.3,6.8,.329,0.5,2.9,.156,4.0,6.4,.620,6.2,6.8,2.4,0.0,5.2,5.3,9.8,,74.1,111.6
3,4,23,676,5.6,.385,.301,.296,.657,134,1.9,10.2,6.0,27.9,2.4,0.0,29.0,15.7,,-0.8,0.3,-0.6,-.035,,-7.1,-3.5,-10.6
4,0,27,645,63,182,.346,59,160,.369,4,22,.182,56,93,.602,32,105,137,26,15,10,58,51,186
4,1,27,23.9,2.3,6.7,.346,2.2,5.9,.369,0.1,0.8,.182,2.1,3.4,.602,5.1,1.0,0.6,0.4,2.1,1.9,6.9
4,2,27,645,3.9,11.3,.346,3.7,9.9,.369,0.2,1.4,.182,3.5,5.8,.602,8.5,1.6,0.9,0.6,3.6,3.2,11.5
4,3,27,645,5.9,17.2,.346,5.6,15.1,.369,0.4,2.1,.182,5.3,8.8,.602,12.9,2.5,1.4,0.9,5.5,4.8,17.6,,78.0,109.2
4,4,27,645,8.6,.411,.357,.121,.511,186,5.9,19.3,12.6,11.7,1.4,1.7,20.4,23.4,,-0.8,0.4,-0.4,-.027,,-8.3,-2.9,-11.2
5,0,29,783,91,217,.419,74,174,.425,17,43,.395,106,140,.757,53,118,171,20,13,9,84,69,305
5,1,29,27.0,3.1,7.5,.419,2.6,6.0,.425,0.6,1.5,.395,3.7,4.8,.757,5.9,0.7,0.4,0.3,2.9,2.4,10.5
5,2,29,783,4.6,11.1,.419,3.8,8.9,.425,0.9,2.2,.395,5.4,7.2,.757,8.7,1.0,0.7,0.5,4.3,3.5,15.6
5,3,29,783,7.1,16.9,.419,5.8,13.5,.425,1.3,3.3,.395,8.2,10.9,.757,13.3,1.6,1.0,0.7,6.5,5.4,23.7,,93.7,110.8
5,4,29,783,14.0,.538,.459,.198,.645,290,8.0,17.8,12.9,7.9,1.0,1.3,22.9,25.0,,0.3,0.4,0.7,.036,,-4.4,-4.3,-8.7
6,0,27,198,25,64,.391,14,33,.424,11,31,.355,24,40,.600,17,23,40,3,1,2,17,36,85
6,1,27,7.3,0.9,2.4,.391,0.5,1.2,.424,0.4,1.1,.355,0.9,1.5,.600,1.5,0.1,0.0,0.1,0.6,1.3,3.1
6,2,27,198,5.1,12.9,.391,2.8,6.7,.424,2.2,6.3,.355,4.8,8.1,.600,8.1,0.6,0.2,0.4,3.4,7.3,17.2
6,3,27,198,7.7,19.7,.391,4.3,10.1,.424,3.4,9.5,.355,7.4,12.3,.600,12.3,0.9,0.3,0.6,5.2,11.1,26.1,,96.0,113.4
6,4,27,198,12.6,.512,.477,.484,.625,79,10.1,13.7,11.9,4.8,0.3,1.1,17.0,26.9,,0.1,0.0,0.2,.038,,-3.4,-7.9,-11.3
7,0,5,97,13,40,.325,13,29,.448,0,11,.000,2,4,.500,4,10,14,2,2,0,4,5,28
7,1,5,19.4,2.6,8.0,.325,2.6,5.8,.448,0.0,2.2,.000,0.4,0.8,.500,2.8,0.4,0.4,0.0,0.8,1.0,5.6
7,2,5,97,5.4,16.5,.325,5.4,12.0,.448,0.0,4.5,.000,0.8,1.6,.500,5.8,0.8,0.8,0.0,1.6,2.1,11.5
7,3,5,97,8.2,25.1,.325,8.2,18.2,.448,0.0,6.9,.000,1.3,2.5,.500,8.8,1.3,1.3,0.0,2.5,3.1,17.6,,72.6,113.6
7,4,5,97,5.4,.334,.325,.275,.100,26,4.9,12.2,8.5,6.7,1.3,0.0,8.7,25.2,,-0.2,0.0,-0.2,-.068,,-8.8,-6.8,-15.7
8,0,18,186,6,19,.316,6,17,.353,0,2,.000,3,4,.750,8,13,21,1,2,5,13,47,15
8,1,18,10.3,0.3,1.1,.316,0.3,0.9,.353,0.0,0.1,.000,0.2,0.2,.750,1.2,0.1,0.1,0.3,0.7,2.6,0.8
8,2,18,186,1.3,4.1,.316,1.3,3.7,.353,0.0,0.4,.000,0.6,0.9,.750,4.5,0.2,0.4,1.1,2.8,10.1,3.2
8,3,18,186,2.0,6.2,.316,2.0,5.6,.353,0.0,0.7,.000,1.0,1.3,.750,6.9,0.3,0.7,1.6,4.3,15.4,4.9,,54.9,113.6
8,4,18,186,-2.3,.359,.316,.105,.211,17,5.1,8.3,6.7,1.3,0.7,2.9,38.3,9.7,,-0.3,0.0,-0.3,-.059,,-11.1,-2.6,-13.7
9,0,27,175,13,40,.325,4,15,.267,9,25,.360,7,10,.700,3,11,14,8,4,0,10,7,42
9,1,27,6.5,0.5,1.5,.325,0.1,0.6,.267,0.3,0.9,.360,0.3,0.4,.700,0.5,0.3,0.1,0.0,0.4,0.3,1.6
9,2,27,175,3.0,9.1,.325,0.9,3.4,.267,2.1,5.7,.360,1.6,2.3,.700,3.2,1.8,0.9,0.0,2.3,1.6,9.6
9,3,27,175,4.5,13.9,.325,1.4,5.2,.267,3.1,8.7,.360,2.4,3.5,.700,4.9,2.8,1.4,0.0,3.5,2.4,14.6,,89.5,115.5
9,4,27,175,7.4,.469,.438,.625,.250,40,2.0,7.4,4.7,12.5,1.4,0.0,18.3,16.6,,0.0,0.0,0.0,-.001,,-5.3,-5.9,-11.2
10,0,29,916,131,337,.389,82,190,.432,49,147,.333,59,80,.738,27,76,103,24,26,5,58,58,370
10,1,29,31.6,4.5,11.6,.389,2.8,6.6,.432,1.7,5.1,.333,2.0,2.8,.738,3.6,0.8,0.9,0.2,2.0,2.0,12.8
10,2,29,916,5.7,14.7,.389,3.6,8.3,.432,2.1,6.4,.333,2.6,3.5,.738,4.5,1.0,1.1,0.2,2.5,2.5,16.2
10,3,29,916,8.7,22.4,.389,5.4,12.6,.432,3.3,9.8,.333,3.9,5.3,.738,6.8,1.6,1.7,0.3,3.9,3.9,24.6,,95.8,113.2
10,4,29,916,13.1,.493,.461,.436,.237,330,3.5,9.8,6.6,8.8,1.7,0.6,13.4,25.1,,0.6,0.2,0.8,.035,,-1.9,-5.2,-7.1
11,0,26,261,13,47,.277,12,36,.333,1,11,.091,5,11,.455,5,19,24,9,8,4,30,36,32
11,1,26,10.0,0.5,1.8,.277,0.5,1.4,.333,0.0,0.4,.091,0.2,0.4,.455,0.9,0.3,0.3,0.2,1.2,1.4,1.2
11,2,26,261,2.0,7.2,.277,1.8,5.5,.333,0.2,1.7,.091,0.8,1.7,.455,3.7,1.4,1.2,0.6,4.6,5.5,4.9
11,3,26,261,3.0,11.0,.277,2.8,8.4,.333,0.2,2.6,.091,1.2,2.6,.455,5.6,2.1,1.9,0.9,7.0,8.4,7.5,,47.4,112.4
11,4,26,261,-3.0,.306,.287,.234,.234,34,2.3,8.6,5.4,8.8,1.9,1.7,36.5,16.8,,-0.9,0.1,-0.8,-.125,,-13.2,-2.7,-15.9
12,0,29,557,31,69,.449,31,69,.449,0,0,,16,32,.500,34,66,100,7,5,10,28,59,78
12,1,29,19.2,1.1,2.4,.449,1.1,2.4,.449,0.0,0.0,,0.6,1.1,.500,3.4,0.2,0.2,0.3,1.0,2.0,2.7
12,2,29,557,2.2,5.0,.449,2.2,5.0,.449,0.0,0.0,,1.1,2.3,.500,7.2,0.5,0.4,0.7,2.0,4.2,5.6
12,3,29,557,3.4,7.5,.449,3.4,7.5,.449,0.0,0.0,,1.7,3.5,.500,10.9,0.8,0.5,1.1,3.1,6.4,8.5,,82.7,113.0
12,4,29,557,5.9,.463,.449,.000,.464,82,7.2,14.0,10.6,3.3,0.5,2.0,25.0,10.7,,-0.2,0.1,-0.1,-.005,,-8.0,-2.8,-10.9
