0,0,14,48,4,8,.500,4,6,.667,0,2,.000,1,2,.500,3,3,6,4,1,1,1,1,9
0,1,14,3.4,0.3,0.6,.500,0.3,0.4,.667,0.0,0.1,.000,0.1,0.1,.500,0.4,0.3,0.1,0.1,0.1,0.1,0.6
0,2,14,48,3.3,6.7,.500,3.3,5.0,.667,0.0,1.7,.000,0.8,1.7,.500,5.0,3.3,0.8,0.8,0.8,0.8,7.5
0,3,14,48,4.8,9.7,.500,4.8,7.2,.667,0.0,2.4,.000,1.2,2.4,.500,7.2,4.8,1.2,1.2,1.2,1.2,10.9,,118.3,119.8
0,4,14,48,13.1,.503,.500,.250,.250,11,7.0,8.0,7.5,17.6,1.2,2.2,10.1,10.4,,0.1,0.0,0.1,.051,,-2.2,-4.4,-6.6
1,0,26,225,17,52,.327,16,41,.390,1,11,.091,24,34,.706,11,17,28,13,10,0,25,24,59
1,1,26,8.7,0.7,2.0,.327,0.6,1.6,.390,0.0,0.4,.091,0.9,1.3,.706,1.1,0.5,0.4,0.0,1.0,0.9,2.3
1,2,26,225,3.0,9.2,.327,2.8,7.3,.390,0.2,2.0,.091,4.3,6.0,.706,5.0,2.3,1.8,0.0,4.4,4.3,10.5
1,3,26,225,4.4,13.4,.327,4.1,10.6,.390,0.3,2.8,.091,6.2,8.8,.706,7.2,3.4,2.6,0.0,6.4,6.2,15.2,,78.7,116.7
1,4,26,225,5.9,.433,.337,.212,.654,64,5.5,9.7,7.4,12.0,2.6,0.0,26.8,20.8,,-0.3,0.0,-0.3,-.046,,-7.4,-4.8,-12.2
2,0,19,500,66,149,.443,46,92,.500,20,57,.351,18,34,.529,14,25,39,25,24,3,28,28,170
2,1,19,26.3,3.5,7.8,.443,2.4,4.8,.500,1.1,3.0,.351,0.9,1.8,.529,2.1,1.3,1.3,0.2,1.5,1.5,8.9
2,2,19,500,5.3,11.9,.443,3.7,7.4,.500,1.6,4.6,.351,1.4,2.7,.529,3.1,2.0,1.9,0.2,2.2,2.2,13.6
2,3,19,500,7.7,17.3,.443,5.3,10.7,.500,2.3,6.6,.351,2.1,3.9,.529,4.5,2.9,2.8,0.3,3.2,3.2,19.7,,99.8,117.4
2,4,19,500,12.7,.515,.510,.383,.228,158,3.1,6.4,4.7,11.7,2.8,0.6,14.5,19.4,,0.3,0.0,0.4,.031,,-1.6,-4.6,-6.2
3,0,1,21,1,8,.125,0,0,,1,8,.125,0,0,,1,0,1,0,0,0,1,0,3
3,1,1,21.0,1.0,8.0,.125,0.0,0.0,,1.0,8.0,.125,0.0,0.0,,1.0,0.0,0.0,0.0,1.0,0.0,3.0
3,2,1,21,1.9,15.2,.125,0.0,0.0,,1.9,15.2,.125,0.0,0.0,,1.9,0.0,0.0,0.0,1.9,0.0,5.7
3,3,1,21,2.8,22.1,.125,0.0,0.0,,2.8,22.1,.125,0.0,0.0,,2.8,0.0,0.0,0.0,2.8,0.0,8.3,,45.8,126.4
3,4,1,21,-7.4,.188,.188,1.000,.000,3,5.4,0.0,2.8,0.0,0.0,0.0,11.1,21.5,,-0.1,0.0,-0.1,-.194,,-10.3,-11.3,-21.6
4,0,27,567,24,98,.245,12,59,.203,12,39,.308,45,79,.570,12,38,50,77,24,0,57,64,105
4,1,27,21.0,0.9,3.6,.245,0.4,2.2,.203,0.4,1.4,.308,1.7,2.9,.570,1.9,2.9,0.9,0.0,2.1,2.4,3.9
4,2,27,567,1.7,6.9,.245,0.8,4.2,.203,0.8,2.8,.308,3.2,5.6,.570,3.5,5.4,1.7,0.0,4.0,4.5,7.4
4,3,27,567,2.5,10.0,.245,1.2,6.0,.203,1.2,4.0,.308,4.6,8.1,.570,5.1,7.9,2.5,0.0,5.8,6.5,10.7,,78.1,117.3
4,4,27,567,4.9,.387,.306,.398,.806,138,2.4,8.6,5.3,26.4,2.5,0.0,29.6,17.0,,-0.7,0.1,-0.6,-.044,,-6.2,-5.0,-11.2
5,0,28,556,50,93,.538,50,93,.538,0,0,,22,42,.524,52,48,100,11,10,20,36,100,122
5,1,28,19.9,1.8,3.3,.538,1.8,3.3,.538,0.0,0.0,,0.8,1.5,.524,3.6,0.4,0.4,0.7,1.3,3.6,4.4
5,2,28,556,3.6,6.7,.538,3.6,6.7,.538,0.0,0.0,,1.6,3.0,.524,7.2,0.8,0.7,1.4,2.6,7.2,8.8
5,3,28,556,5.2,9.7,.538,5.2,9.7,.538,0.0,0.0,,2.3,4.4,.524,10.4,1.1,1.0,2.1,3.8,10.4,12.7,,97.1,117.2
5,4,28,556,9.1,.540,.538,.000,.452,130,10.5,11.0,10.8,4.2,1.0,3.8,24.2,13.4,,0.2,0.1,0.2,.018,,-4.4,-2.7,-7.1
6,0,29,391,27,87,.310,21,59,.356,6,28,.214,24,48,.500,12,49,61,7,7,8,29,34,84
6,1,29,13.5,0.9,3.0,.310,0.7,2.0,.356,0.2,1.0,.214,0.8,1.7,.500,2.1,0.2,0.2,0.3,1.0,1.2,2.9
6,2,29,391,2.8,8.9,.310,2.1,6.0,.356,0.6,2.9,.214,2.5,4.9,.500,6.2,0.7,0.7,0.8,3.0,3.5,8.6
6,3,29,391,4.0,12.9,.310,3.1,8.7,.356,0.9,4.2,.214,3.6,7.1,.500,9.0,1.0,1.0,1.2,4.3,5.0,12.5,,71.6,117.0
6,4,29,391,3.5,.383,.345,.322,.552,82,3.5,16.0,9.3,3.7,1.0,2.2,20.9,17.8,,-0.6,0.1,-0.6,-.060,,-9.2,-4.9,-14.1
7,0,27,385,36,77,.468,36,75,.480,0,2,.000,13,19,.684,28,39,67,5,11,10,20,84,85
7,1,27,14.3,1.3,2.9,.468,1.3,2.8,.480,0.0,0.1,.000,0.5,0.7,.684,2.5,0.2,0.4,0.4,0.7,3.1,3.1
7,2,27,385,3.7,8.0,.468,3.7,7.8,.480,0.0,0.2,.000,1.4,2.0,.684,7.0,0.5,1.1,1.0,2.1,8.7,8.8
7,3,27,385,5.4,11.6,.468,5.4,11.3,.480,0.0,0.3,.000,2.0,2.9,.684,10.1,0.8,1.7,1.5,3.0,12.7,12.8,,94.7,115.5
7,4,27,385,7.8,.494,.468,.026,.247,86,8.2,12.9,10.4,2.8,1.7,2.8,18.9,13.8,,0.1,0.1,0.2,.018,,-5.5,-3.4,-8.9
8,0,1,0,0,0,,0,0,,0,0,,0,0,,0,0,0,0,0,0,0,0,0
8,1,1,0.0,0.0,0.0,,0.0,0.0,,0.0,0.0,,0.0,0.0,,0.0,0.0,0.0,0.0,0.0,0.0,0.0
8,2,1,0,,,,,,,,,,,,,,,,,,,
8,3,1,0,,,,,,,,,,,,,,,,,,,,,,
8,4,1,0,,,,,,,,,,,,,,,,0.0,0.0,0.0,,,-7.4,-4.1,-11.5
9,0,1,0,0,2,.000,0,0,,0,2,.000,0,0,,0,0,0,0,0,0,0,0,0
9,1,1,0.0,0.0,2.0,.000,0.0,0.0,,0.0,2.0,.000,0.0,0.0,,0.0,0.0,0.0,0.0,0.0,0.0,0.0
9,2,1,0,,,.000,,,,,,.000,,,,,,,,,,
9,3,1,0,,,.000,,,,,,.000,,,,,,,,,,,,,
9,4,1,0,,.000,.000,1.000,.000,,,,,,,,0.0,,,0.0,0.0,0.0,,,-7.0,-4.5,-11.5
10,0,22,603,80,199,.402,27,48,.563,53,151,.351,11,15,.733,7,34,41,19,9,0,26,23,224
10,1,22,27.4,3.6,9.0,.402,1.2,2.2,.563,2.4,6.9,.351,0.5,0.7,.733,1.9,0.9,0.4,0.0,1.2,1.0,10.2
10,2,22,603,5.3,13.2,.402,1.8,3.2,.563,3.5,10.0,.351,0.7,1.0,.733,2.7,1.3,0.6,0.0,1.7,1.5,14.9
10,3,22,603,7.7,19.1,.402,2.6,4.6,.563,5.1,14.5,.351,1.1,1.4,.733,3.9,1.8,0.9,0.0,2.5,2.2,21.5,,106.0,121.8
10,4,22,603,11.3,.543,.535,.759,.075,191,1.3,7.2,4.1,7.4,0.9,0.0,11.2,19.3,,0.7,-0.2,0.5,.033,,0.0,-7.3,-7.3
11,0,25,839,123,282,.436,76,162,.469,47,120,.392,100,124,.806,23,89,112,92,32,1,91,59,393
11,1,25,33.6,4.9,11.3,.436,3.0,6.5,.469,1.9,4.8,.392,4.0,5.0,.806,4.5,3.7,1.3,0.0,3.6,2.4,15.7
11,2,25,839,5.9,13.4,.436,3.6,7.7,.469,2.2,5.7,.392,4.8,5.9,.806,5.3,4.4,1.5,0.0,4.3,2.8,18.7
11,3,25,839,8.5,19.5,.436,5.3,11.2,.469,3.2,8.3,.392,6.9,8.6,.806,7.7,6.4,2.2,0.1,6.3,4.1,27.2,,105.4,116.4
11,4,25,839,17.7,.576,.520,.426,.440,390,3.1,13.6,8.0,26.7,2.2,0.1,21.1,25.8,,1.3,0.2,1.5,.072,,1.8,-4.8,-2.9
12,0,29,936,129,304,.424,101,210,.481,28,94,.298,113,150,.753,38,81,119,35,20,7,69,63,399
12,1,29,32.3,4.4,10.5,.424,3.5,7.2,.481,1.0,3.2,.298,3.9,5.2,.753,4.1,1.2,0.7,0.2,2.4,2.2,13.8
12,2,29,936,5.5,13.0,.424,4.3,9.0,.481,1.2,4.0,.298,4.8,6.4,.753,5.1,1.5,0.9,0.3,2.9,2.7,17.1
12,3,29,936,8.0,18.8,.424,6.3,13.0,.481,1.7,5.8,.298,7.0,9.3,.753,7.4,2.2,1.2,0.4,4.3,3.9,24.7,,102.7,119.1
12,4,29,936,14.1,.532,.470,.309,.493,372,4.6,11.1,7.6,8.9,1.2,0.8,15.5,23.8,,1.0,-0.1,1.0,.043,,-1.6,-5.7,-7.4
13,0,3,1,0,1,.000,0,1,.000,0,0,,0,0,,0,0,0,0,0,0,0,2,0
13,1,3,0.3,0.0,0.3,.000,0.0,0.3,.000,0.0,0.0,,0.0,0.0,,0.0,0.0,0.0,0.0,0.0,0.7,0.0
13,2,3,1,0.0,40.0,.000,0.0,40.0,.000,0.0,0.0,,0.0,0.0,,0.0,0.0,0.0,0.0,0.0,80.0,0.0
13,3,3,1,0.0,58.0,.000,0.0,58.0,.000,0.0,0.0,,0.0,0.0,,0.0,0.0,0.0,0.0,0.0,116.0,0.0,,0.0,112.2
13,4,3,1,-76.0,.000,.000,.000,.000,0,0.0,0.0,0.0,0.0,0.0,0.0,0.0,50.1,,0.0,0.0,0.0,-.655,,-40.6,-18.5,-59.1
14,0,29,662,85,189,.450,75,162,.463,10,27,.370,53,90,.589,57,114,171,12,27,10,43,70,233
14,1,29,22.8,2.9,6.5,.450,2.6,5.6,.463,0.3,0.9,.370,1.8,3.1,.589,5.9,0.4,0.9,0.3,1.5,2.4,8.0
14,2,29,662,5.1,11.4,.450,4.5,9.8,.463,0.6,1.6,.370,3.2,5.4,.589,10.3,0.7,1.6,0.6,2.6,4.2,14.1
14,3,29,662,7.4,16.6,.450,6.6,14.2,.463,0.9,2.4,.370,4.6,7.9,.589,15.0,1.1,2.4,0.9,3.8,6.1,20.4,,98.7,112.2
14,4,29,662,15.1,.503,.476,.143,.476,227,9.7,22.0,15.4,4.2,2.4,1.6,15.7,20.8,,0.4,0.4,0.8,.049,,-4.1,-4.2,-8.3
15,0,6,13,1,3,.333,1,2,.500,0,1,.000,0,0,,1,1,2,0,0,0,0,1,2
15,1,6,2.2,0.2,0.5,.333,0.2,0.3,.500,0.0,0.2,.000,0.0,0.0,,0.3,0.0,0.0,0.0,0.0,0.2,0.3
15,2,6,13,3.1,9.2,.333,3.1,6.2,.500,0.0,3.1,.000,0.0,0.0,,6.2,0.0,0.0,0.0,0.0,3.1,6.2
15,3,6,13,4.5,13.4,.333,4.5,8.9,.500,0.0,4.5,.000,0.0,0.0,,8.9,0.0,0.0,0.0,0.0,4.5,8.9,,90.0,122.5
15,4,6,13,4.6,.333,.333,.333,.000,2,8.6,9.8,9.2,0.0,0.0,0.0,0.0,11.6,,0.0,0.0,0.0,-.019,,-7.1,-9.4,-16.5
16,0,14,46,4,23,.174,3,11,.273,1,12,.083,3,4,.750,4,2,6,1,2,0,1,4,12
16,1,14,3.3,0.3,1.6,.174,0.2,0.8,.273,0.1,0.9,.083,0.2,0.3,.750,0.4,0.1,0.1,0.0,0.1,0.3,0.9
16,2,14,46,3.5,20.0,.174,2.6,9.6,.273,0.9,10.4,.083,2.6,3.5,.750,5.2,0.9,1.7,0.0,0.9,3.5,10.4
16,3,14,46,5.0,29.0,.174,3.8,13.9,.273,1.3,15.1,.083,3.8,5.0,.750,7.6,1.3,2.5,0.0,1.3,5.0,15.1,,65.9,118.4
16,4,14,46,0.7,.241,.196,.522,.174,13,9.8,5.6,7.8,4.6,2.5,0.0,3.9,28.2,,-0.1,0.0,-0.1,-.124,,-8.7,-9.1,-17.8
17,0,3,8,0,1,.000,0,1,.000,0,0,,3,4,.750,0,1,1,0,0,0,0,0,3
17,1,3,2.7,0.0,0.3,.000,0.0,0.3,.000,0.0,0.0,,1.0,1.3,.750,0.3,0.0,0.0,0.0,0.0,0.0,1.0
17,2,3,8,0.0,5.0,.000,0.0,5.0,.000,0.0,0.0,,15.0,20.0,.750,5.0,0.0,0.0,0.0,0.0,0.0,15.0
17,3,3,8,0.0,7.2,.000,0.0,7.2,.000,0.0,0.0,,21.7,29.0,.750,7.2,0.0,0.0,0.0,0.0,0.0,21.7,,128.2,121.0
17,4,3,8,14.3,.517,.000,.000,4.000,3,0.0,16.0,7.5,0.0,0.0,0.0,0.0,18.2,,0.0,0.0,0.0,.097,,-6.4,-10.6,-17.0
