0,0,23,333,41,116,.353,22,48,.458,19,68,.279,5,9,.556,5,27,32,19,11,0,17,18,106
0,1,23,14.5,1.8,5.0,.353,1.0,2.1,.458,0.8,3.0,.279,0.2,0.4,.556,1.4,0.8,0.5,0.0,0.7,0.8,4.6
0,2,23,333,4.9,13.9,.353,2.6,5.8,.458,2.3,8.2,.279,0.6,1.1,.556,3.8,2.3,1.3,0.0,2.0,2.2,12.7
0,3,23,333,7.1,20.2,.353,3.8,8.3,.458,3.3,11.8,.279,0.9,1.6,.556,5.6,3.3,1.9,0.0,3.0,3.1,18.4,,88.7,101.0
0,4,23,333,9.7,.441,.435,.586,.078,98,1.6,9.1,5.2,14.3,1.9,0.0,12.4,20.6,,0.0,0.5,0.4,.052,,-3.0,-3.2,-6.2
1,0,32,487,36,72,.500,36,72,.500,0,0,,16,55,.291,42,69,111,7,14,10,40,77,88
1,1,32,15.2,1.1,2.3,.500,1.1,2.3,.500,0.0,0.0,,0.5,1.7,.291,3.5,0.2,0.4,0.3,1.3,2.4,2.8
1,2,32,487,3.0,5.9,.500,3.0,5.9,.500,0.0,0.0,,1.3,4.5,.291,9.1,0.6,1.1,0.8,3.3,6.3,7.2
1,3,32,487,4.3,8.6,.500,4.3,8.6,.500,0.0,0.0,,1.9,6.5,.291,13.2,0.8,1.7,1.2,4.8,9.2,10.5,,75.0,96.8
1,4,32,487,6.4,.448,.500,.000,.764,93,9.1,16.0,12.4,3.2,1.7,2.1,29.0,14.2,,-0.5,0.9,0.3,.029,,-7.9,0.1,-7.8
2,0,29,262,9,21,.429,9,21,.429,0,0,,4,12,.333,25,28,53,3,3,6,22,58,22
2,1,29,9.0,0.3,0.7,.429,0.3,0.7,.429,0.0,0.0,,0.1,0.4,.333,1.8,0.1,0.1,0.2,0.8,2.0,0.8
2,2,29,262,1.4,3.2,.429,1.4,3.2,.429,0.0,0.0,,0.6,1.8,.333,8.1,0.5,0.5,0.9,3.4,8.9,3.4
2,3,29,262,2.0,4.6,.429,2.0,4.6,.429,0.0,0.0,,0.9,2.7,.333,11.7,0.7,0.7,1.3,4.9,12.8,4.9,,63.9,99.9
2,4,29,262,1.1,.412,.429,.000,.571,31,10.0,12.0,11.0,2.4,0.7,2.3,45.2,9.3,,-0.3,0.4,0.0,.006,,-8.9,0.0,-8.9
3,0,33,750,78,205,.380,53,127,.417,25,78,.321,44,63,.698,30,57,87,26,11,2,39,54,225
3,1,33,22.7,2.4,6.2,.380,1.6,3.8,.417,0.8,2.4,.321,1.3,1.9,.698,2.6,0.8,0.3,0.1,1.2,1.6,6.8
3,2,33,750,4.2,10.9,.380,2.8,6.8,.417,1.3,4.2,.321,2.3,3.4,.698,4.6,1.4,0.6,0.1,2.1,2.9,12.0
3,3,33,750,6.0,15.8,.380,4.1,9.8,.417,1.9,6.0,.321,3.4,4.9,.698,6.7,2.0,0.8,0.2,3.0,4.2,17.4,,94.6,103.2
3,4,33,750,9.5,.479,.441,.380,.307,212,4.2,8.6,6.3,8.3,0.8,0.3,14.2,18.3,,0.3,0.9,1.2,.063,,-3.4,-2.8,-6.2
4,0,23,266,15,45,.333,15,42,.357,0,3,.000,9,19,.474,14,21,35,16,16,0,22,39,39
4,1,23,11.6,0.7,2.0,.333,0.7,1.8,.357,0.0,0.1,.000,0.4,0.8,.474,1.5,0.7,0.7,0.0,1.0,1.7,1.7
4,2,23,266,2.3,6.8,.333,2.3,6.3,.357,0.0,0.5,.000,1.4,2.9,.474,5.3,2.4,2.4,0.0,3.3,5.9,5.9
4,3,23,266,3.3,9.8,.333,3.3,9.1,.357,0.0,0.7,.000,2.0,4.1,.474,7.6,3.5,3.5,0.0,4.8,8.5,8.5,,68.5,97.0
4,4,23,266,4.4,.361,.333,.067,.422,47,5.5,8.9,7.1,12.9,3.5,0.0,28.9,14.3,,-0.4,0.5,0.1,.009,,-7.7,0.6,-7.1
5,0,29,454,34,128,.266,23,80,.288,11,48,.229,48,68,.706,8,50,58,41,11,1,60,39,127
5,1,29,15.7,1.2,4.4,.266,0.8,2.8,.288,0.4,1.7,.229,1.7,2.3,.706,2.0,1.4,0.4,0.0,2.1,1.3,4.4
5,2,29,454,3.0,11.3,.266,2.0,7.0,.288,1.0,4.2,.229,4.2,6.0,.706,5.1,3.6,1.0,0.1,5.3,3.4,11.2
5,3,29,454,4.3,16.3,.266,2.9,10.2,.288,1.4,6.1,.229,6.1,8.7,.706,7.4,5.2,1.4,0.1,7.7,5.0,16.2,,70.9,100.4
5,4,29,454,3.9,.396,.309,.375,.531,134,1.8,12.4,6.9,20.2,1.4,0.2,27.2,24.3,,-1.0,0.6,-0.3,-.030,,-8.3,-2.6,-10.9
6,0,32,521,59,160,.369,32,82,.390,27,78,.346,18,31,.581,11,33,44,17,13,0,45,53,163
6,1,32,16.3,1.8,5.0,.369,1.0,2.6,.390,0.8,2.4,.346,0.6,1.0,.581,1.4,0.5,0.4,0.0,1.4,1.7,5.1
6,2,32,521,4.5,12.3,.369,2.5,6.3,.390,2.1,6.0,.346,1.4,2.4,.581,3.4,1.3,1.0,0.0,3.5,4.1,12.5
6,3,32,521,6.6,17.8,.369,3.6,9.1,.390,3.0,8.7,.346,2.0,3.4,.581,4.9,1.9,1.4,0.0,5.0,5.9,18.1,,81.4,102.4
6,4,32,521,6.0,.466,.453,.488,.194,146,2.2,7.1,4.6,8.0,1.4,0.0,20.5,21.1,,-0.4,0.6,0.2,.018,,-5.3,-3.4,-8.7
7,0,15,117,11,22,.500,11,21,.524,0,1,.000,3,6,.500,9,21,30,2,1,2,8,28,25
7,1,15,7.8,0.7,1.5,.500,0.7,1.4,.524,0.0,0.1,.000,0.2,0.4,.500,2.0,0.1,0.1,0.1,0.5,1.9,1.7
7,2,15,117,3.8,7.5,.500,3.8,7.2,.524,0.0,0.3,.000,1.0,2.1,.500,10.3,0.7,0.3,0.7,2.7,9.6,8.5
7,3,15,117,5.4,10.9,.500,5.4,10.4,.524,0.0,0.5,.000,1.5,3.0,.500,14.8,1.0,0.5,1.0,4.0,13.9,12.4,,86.9,97.1
7,4,15,117,6.9,.503,.500,.045,.273,25,8.1,20.2,13.9,4.0,0.5,1.7,24.4,14.0,,0.0,0.2,0.2,.062,,-7.4,-1.6,-9.0
8,0,33,930,154,380,.405,139,321,.433,15,59,.254,111,192,.578,64,171,235,46,43,9,94,90,434
8,1,33,28.2,4.7,11.5,.405,4.2,9.7,.433,0.5,1.8,.254,3.4,5.8,.578,7.1,1.4,1.3,0.3,2.8,2.7,13.2
8,2,33,930,6.6,16.3,.405,6.0,13.8,.433,0.6,2.5,.254,4.8,8.3,.578,10.1,2.0,1.8,0.4,4.0,3.9,18.7
8,3,33,930,9.6,23.7,.405,8.7,20.0,.433,0.9,3.7,.254,6.9,12.0,.578,14.6,2.9,2.7,0.6,5.9,5.6,27.0,,88.5,93.9
8,4,33,930,16.4,.461,.425,.155,.505,415,7.2,20.7,13.7,13.9,2.7,1.0,16.6,30.4,,-0.1,1.9,1.8,.076,,-3.4,-0.4,-3.7
9,0,33,958,117,308,.380,53,126,.421,64,182,.352,84,101,.832,15,58,73,59,35,1,54,56,382
9,1,33,29.0,3.5,9.3,.380,1.6,3.8,.421,1.9,5.5,.352,2.5,3.1,.832,2.2,1.8,1.1,0.0,1.6,1.7,11.6
9,2,33,958,4.9,12.9,.380,2.2,5.3,.421,2.7,7.6,.352,3.5,4.2,.832,3.0,2.5,1.5,0.0,2.3,2.3,15.9
9,3,33,958,7.1,18.6,.380,3.2,7.6,.421,3.9,11.0,.352,5.1,6.1,.832,4.4,3.6,2.1,0.1,3.3,3.4,23.1,,105.8,101.4
9,4,33,958,14.9,.537,.484,.591,.328,351,1.6,6.8,4.1,15.4,2.1,0.1,13.2,21.4,,1.5,1.3,2.8,.117,,1.2,-2.8,-1.6
10,0,33,683,61,160,.381,61,160,.381,0,0,,20,30,.667,45,119,164,9,9,59,35,91,142
10,1,33,20.7,1.8,4.8,.381,1.8,4.8,.381,0.0,0.0,,0.6,0.9,.667,5.0,0.3,0.3,1.8,1.1,2.8,4.3
10,2,33,683,3.6,9.4,.381,3.6,9.4,.381,0.0,0.0,,1.2,1.8,.667,9.6,0.5,0.5,3.5,2.0,5.3,8.3
10,3,33,683,5.2,13.6,.381,5.2,13.6,.381,0.0,0.0,,1.7,2.5,.667,13.9,0.8,0.8,5.0,3.0,7.7,12.0,,81.3,94.1
10,4,33,683,10.1,.407,.381,.000,.188,142,6.9,19.6,13.0,3.0,0.8,8.7,16.7,15.3,,-0.4,1.4,1.0,.057,,-8.5,2.9,-5.6
11,0,32,866,72,192,.375,68,159,.428,4,33,.121,63,100,.630,34,95,129,91,45,1,50,80,211
11,1,32,27.1,2.3,6.0,.375,2.1,5.0,.428,0.1,1.0,.121,2.0,3.1,.630,4.0,2.8,1.4,0.0,1.6,2.5,6.6
11,2,32,866,3.3,8.9,.375,3.1,7.3,.428,0.2,1.5,.121,2.9,4.6,.630,6.0,4.2,2.1,0.0,2.3,3.7,9.7
11,3,32,866,4.8,12.8,.375,4.5,10.6,.428,0.3,2.2,.121,4.2,6.7,.630,8.6,6.1,3.0,0.1,3.3,5.3,14.1,,93.6,97.0
11,4,32,866,12.2,.441,.385,.172,.521,239,4.1,12.4,8.1,24.0,3.0,0.1,17.3,16.7,,0.3,1.5,1.8,.083,,-2.9,0.2,-2.6
12,0,3,74,12,29,.414,11,23,.478,1,6,.167,9,21,.429,6,9,15,2,2,0,11,7,34
12,1,3,24.7,4.0,9.7,.414,3.7,7.7,.478,0.3,2.0,.167,3.0,7.0,.429,5.0,0.7,0.7,0.0,3.7,2.3,11.3
12,2,3,74,6.5,15.7,.414,5.9,12.4,.478,0.5,3.2,.167,4.9,11.4,.429,8.1,1.1,1.1,0.0,5.9,3.8,18.4
12,3,3,74,9.4,22.7,.414,8.6,18.0,.478,0.8,4.7,.167,7.0,16.4,.429,11.7,1.6,1.6,0.0,8.6,5.5,26.6,,75.7,99.6
12,4,3,74,8.9,.436,.431,.207,.724,32,8.5,13.7,11.0,7.5,1.6,0.0,22.0,33.8,,-0.2,0.1,-0.1,-.028,,-8.1,-4.5,-12.6
