0,0,4,93,7,28,.250,1,4,.250,6,24,.250,4,5,.800,1,8,9,6,1,0,13,7,24
0,1,4,23.3,1.8,7.0,.250,0.3,1.0,.250,1.5,6.0,.250,1.0,1.3,.800,2.3,1.5,0.3,0.0,3.3,1.8,6.0
0,2,4,93,3.0,12.0,.250,0.4,1.7,.250,2.6,10.3,.250,1.7,2.2,.800,3.9,2.6,0.4,0.0,5.6,3.0,10.3
0,3,4,93,4.5,18.1,.250,0.6,2.6,.250,3.9,15.5,.250,2.6,3.2,.800,5.8,3.9,0.6,0.0,8.4,4.5,15.5,,64.2,112.5
0,4,4,93,0.0,.395,.357,.857,.179,24,1.2,9.7,5.5,16.7,0.6,0.0,30.0,24.4,,-0.3,0.0,-0.3,-.109,,-8.0,-6.9,-15.0
1,0,18,389,17,44,.386,17,41,.415,0,3,.000,36,47,.766,7,39,46,30,11,0,31,40,70
1,1,18,21.6,0.9,2.4,.386,0.9,2.3,.415,0.0,0.2,.000,2.0,2.6,.766,2.6,1.7,0.6,0.0,1.7,2.2,3.9
1,2,18,389,1.7,4.5,.386,1.7,4.2,.415,0.0,0.3,.000,3.7,4.8,.766,4.7,3.1,1.1,0.0,3.2,4.1,7.2
1,3,18,389,2.6,6.8,.386,2.6,6.3,.415,0.0,0.5,.000,5.6,7.3,.766,7.1,4.6,1.7,0.0,4.8,6.2,10.8,,87.3,109.2
1,4,18,389,7.4,.528,.386,.068,1.068,78,2.0,11.4,6.7,18.4,1.7,0.0,31.9,13.1,,0.0,0.2,0.1,.015,,-6.2,-3.4,-9.6
2,0,28,494,26,55,.473,26,55,.473,0,0,,15,31,.484,28,44,72,5,5,14,20,71,67
2,1,28,17.6,0.9,2.0,.473,0.9,2.0,.473,0.0,0.0,,0.5,1.1,.484,2.6,0.2,0.2,0.5,0.7,2.5,2.4
2,2,28,494,2.1,4.5,.473,2.1,4.5,.473,0.0,0.0,,1.2,2.5,.484,5.8,0.4,0.4,1.1,1.6,5.7,5.4
2,3,28,494,3.2,6.7,.473,3.2,6.7,.473,0.0,0.0,,1.8,3.8,.484,8.8,0.6,0.6,1.7,2.4,8.7,8.2,,87.6,110.7
2,4,28,494,5.6,.480,.473,.000,.564,70,6.4,10.1,8.3,2.5,0.6,2.7,22.3,9.5,,0.0,0.2,0.1,.012,,-6.8,-2.7,-9.5
3,0,20,509,47,129,.364,35,91,.385,12,38,.316,30,45,.667,15,35,50,33,22,4,52,22,136
3,1,20,25.5,2.4,6.5,.364,1.8,4.6,.385,0.6,1.9,.316,1.5,2.3,.667,2.5,1.7,1.1,0.2,2.6,1.1,6.8
3,2,20,509,3.7,10.1,.364,2.8,7.2,.385,0.9,3.0,.316,2.4,3.5,.667,3.9,2.6,1.7,0.3,4.1,1.7,10.7
3,3,20,509,5.6,15.3,.364,4.1,10.8,.385,1.4,4.5,.316,3.5,5.3,.667,5.9,3.9,2.6,0.5,6.2,2.6,16.1,,78.1,109.0
3,4,20,509,8.5,.452,.411,.295,.349,137,3.3,7.8,5.6,17.5,2.6,0.8,25.7,20.8,,-0.6,0.3,-0.3,-.023,,-5.6,-3.4,-9.0
4,0,18,172,12,54,.222,3,21,.143,9,33,.273,10,15,.667,3,14,17,7,4,2,25,14,43
4,1,18,9.6,0.7,3.0,.222,0.2,1.2,.143,0.5,1.8,.273,0.6,0.8,.667,0.9,0.4,0.2,0.1,1.4,0.8,2.4
4,2,18,172,2.8,12.6,.222,0.7,4.9,.143,2.1,7.7,.273,2.3,3.5,.667,4.0,1.6,0.9,0.5,5.8,3.3,10.0
4,3,18,172,4.2,18.9,.222,1.1,7.4,.143,3.2,11.6,.273,3.5,5.3,.667,6.0,2.5,1.4,0.7,8.8,4.9,15.1,,57.7,110.5
4,4,18,172,-1.7,.352,.306,.611,.278,42,2.0,9.2,5.6,10.4,1.4,1.1,29.0,26.2,,-0.7,0.1,-0.6,-.141,,-11.1,-5.8,-16.9
5,0,1,0,0,0,,0,0,,0,0,,0,0,,0,0,0,0,0,0,0,1,0
5,1,1,0.0,0.0,0.0,,0.0,0.0,,0.0,0.0,,0.0,0.0,,0.0,0.0,0.0,0.0,0.0,1.0,0.0
5,2,1,0,,,,,,,,,,,,,,,,,,,
5,3,1,0,,,,,,,,,,,,,,,,,,,,,,
5,4,1,0,,,,,,,,,,,,,,,,0.0,0.0,0.0,,,-9.0,-3.4,-12.4
6,0,28,702,40,132,.303,37,119,.311,3,13,.231,34,54,.630,18,61,79,54,28,0,87,45,117
6,1,28,25.1,1.4,4.7,.303,1.3,4.3,.311,0.1,0.5,.231,1.2,1.9,.630,2.8,1.9,1.0,0.0,3.1,1.6,4.2
6,2,28,702,2.3,7.5,.303,2.1,6.8,.311,0.2,0.7,.231,1.9,3.1,.630,4.5,3.1,1.6,0.0,5.0,2.6,6.7
6,3,28,702,3.4,11.3,.303,3.2,10.2,.311,0.3,1.1,.231,2.9,4.6,.630,6.8,4.6,2.4,0.0,7.5,3.9,10.0,,60.6,108.7
6,4,28,702,2.5,.371,.314,.098,.409,134,2.9,9.8,6.4,19.0,2.4,0.0,35.6,18.3,,-1.8,0.4,-1.5,-.083,,-9.8,-2.9,-12.6
7,0,28,563,33,130,.254,27,84,.321,6,46,.130,22,33,.667,23,68,91,15,7,2,42,47,94
7,1,28,20.1,1.2,4.6,.254,1.0,3.0,.321,0.2,1.6,.130,0.8,1.2,.667,3.3,0.5,0.3,0.1,1.5,1.7,3.4
7,2,28,563,2.3,9.2,.254,1.9,6.0,.321,0.4,3.3,.130,1.6,2.3,.667,6.5,1.1,0.5,0.1,3.0,3.3,6.7
7,3,28,563,3.5,13.9,.254,2.9,9.0,.321,0.6,4.9,.130,2.4,3.5,.667,9.7,1.6,0.7,0.2,4.5,5.0,10.1,,62.0,110.2
7,4,28,563,1.3,.323,.277,.354,.254,98,4.6,13.7,9.2,6.6,0.7,0.3,22.4,17.5,,-1.3,0.2,-1.0,-.074,,-9.6,-4.6,-14.2
8,0,28,806,85,219,.388,84,215,.391,1,4,.250,35,55,.636,65,133,198,11,8,70,32,76,206
8,1,28,28.8,3.0,7.8,.388,3.0,7.7,.391,0.0,0.1,.250,1.3,2.0,.636,7.1,0.4,0.3,2.5,1.1,2.7,7.4
8,2,28,806,4.2,10.9,.388,4.2,10.7,.391,0.0,0.2,.250,1.7,2.7,.636,9.8,0.5,0.4,3.5,1.6,3.8,10.2
8,3,28,806,6.4,16.4,.388,6.3,16.1,.391,0.1,0.3,.250,2.6,4.1,.636,14.8,0.8,0.6,5.2,2.4,5.7,15.4,,88.6,104.1
8,4,28,806,13.8,.420,.390,.018,.251,206,9.1,18.7,13.9,3.8,0.6,8.4,11.5,18.0,,0.0,0.8,0.8,.038,,-6.8,-0.3,-7.0
9,0,20,746,149,363,.410,110,241,.456,39,122,.320,141,176,.801,24,95,119,32,20,5,75,40,478
9,1,20,37.3,7.5,18.2,.410,5.5,12.1,.456,2.0,6.1,.320,7.1,8.8,.801,6.0,1.6,1.0,0.3,3.8,2.0,23.9
9,2,20,746,8.0,19.5,.410,5.9,12.9,.456,2.1,6.5,.320,7.6,9.4,.801,6.4,1.7,1.1,0.3,4.0,2.1,25.6
9,3,20,746,12.0,29.3,.410,8.9,19.5,.456,3.1,9.8,.320,11.4,14.2,.801,9.6,2.6,1.6,0.4,6.1,3.2,38.6,,100.9,108.0
9,4,20,746,22.8,.535,.464,.336,.485,427,3.6,14.4,9.0,16.3,1.6,0.6,14.4,36.6,,1.5,0.5,2.0,.105,,3.7,-5.6,-2.0
10,0,25,720,77,230,.335,38,98,.388,39,132,.295,22,38,.579,14,46,60,40,23,0,47,65,215
10,1,25,28.8,3.1,9.2,.335,1.5,3.9,.388,1.6,5.3,.295,0.9,1.5,.579,2.4,1.6,0.9,0.0,1.9,2.6,8.6
10,2,25,720,4.3,12.8,.335,2.1,5.4,.388,2.2,7.3,.295,1.2,2.1,.579,3.3,2.2,1.3,0.0,2.6,3.6,11.9
10,3,25,720,6.4,19.2,.335,3.2,8.2,.388,3.3,11.0,.295,1.8,3.2,.579,5.0,3.3,1.9,0.0,3.9,5.4,18.0,,83.6,110.8
10,4,25,720,7.8,.433,.420,.574,.165,204,2.2,7.2,4.7,15.6,1.9,0.0,15.9,21.5,,-0.4,0.2,-0.1,-.008,,-3.1,-5.2,-8.3
11,0,2,0,0,0,,0,0,,0,0,,0,0,,1,1,2,0,0,0,2,0,0
11,1,2,0.0,0.0,0.0,,0.0,0.0,,0.0,0.0,,0.0,0.0,,1.0,0.0,0.0,0.0,1.0,0.0,0.0
11,2,2,0,,,,,,,,,,,,,,,,,,,
11,3,2,0,,,,,,,,,,,,,,,,,,,,,,
11,4,2,0,,,,,,,,,,,,,100.0,,,0.0,0.0,0.0,,,-9.0,-3.4,-12.4
12,0,19,431,27,68,.397,27,66,.409,0,2,.000,9,20,.450,20,33,53,8,6,4,16,33,63
12,1,19,22.7,1.4,3.6,.397,1.4,3.5,.409,0.0,0.1,.000,0.5,1.1,.450,2.8,0.4,0.3,0.2,0.8,1.7,3.3
12,2,19,431,2.5,6.3,.397,2.5,6.1,.409,0.0,0.2,.000,0.8,1.9,.450,4.9,0.7,0.6,0.4,1.5,3.1,5.8
12,3,19,431,3.8,9.5,.397,3.8,9.2,.409,0.0,0.3,.000,1.3,2.8,.450,7.4,1.1,0.8,0.6,2.2,4.6,8.8,,80.7,112.1
12,4,19,431,5.2,.406,.397,.029,.294,65,5.3,8.7,7.0,4.6,0.8,0.9,17.1,11.4,,-0.2,0.1,-0.1,-.009,,-7.0,-3.5,-10.4
