0,0,33,738,74,135,.548,74,135,.548,0,0,,43,91,.473,73,119,192,14,8,83,27,80,191
0,1,33,22.4,2.2,4.1,.548,2.2,4.1,.548,0.0,0.0,,1.3,2.8,.473,5.8,0.4,0.2,2.5,0.8,2.4,5.8
0,2,33,738,4.0,7.3,.548,4.0,7.3,.548,0.0,0.0,,2.3,4.9,.473,10.4,0.8,0.4,4.5,1.5,4.3,10.4
0,3,33,738,5.9,10.8,.548,5.9,10.8,.548,0.0,0.0,,3.4,7.3,.473,15.3,1.1,0.6,6.6,2.2,6.4,15.2,,110.0,95.1
0,4,33,738,18.4,.536,.548,.000,.674,195,10.6,17.5,14.0,4.1,0.6,12.1,13.2,13.9,,1.1,1.4,2.5,.133,,-3.6,5.0,1.4
1,0,22,269,16,44,.364,14,31,.452,2,13,.154,7,11,.636,4,20,24,26,11,1,26,38,41
1,1,22,12.2,0.7,2.0,.364,0.6,1.4,.452,0.1,0.6,.154,0.3,0.5,.636,1.1,1.2,0.5,0.0,1.2,1.7,1.9
1,2,22,269,2.4,6.5,.364,2.1,4.6,.452,0.3,1.9,.154,1.0,1.6,.636,3.6,3.9,1.6,0.1,3.9,5.7,6.1
1,3,22,269,3.5,9.6,.364,3.1,6.8,.452,0.4,2.8,.154,1.5,2.4,.636,5.3,5.7,2.4,0.2,5.7,8.3,9.0,,72.2,101.1
1,4,22,269,3.8,.416,.386,.295,.250,49,1.6,8.1,4.8,19.3,2.4,0.4,34.6,14.0,,-0.3,0.3,0.0,.002,,-7.5,-1.1,-8.6
2,0,30,683,109,221,.493,109,221,.493,0,0,,59,93,.634,80,139,219,11,11,25,53,67,277
2,1,30,22.8,3.6,7.4,.493,3.6,7.4,.493,0.0,0.0,,2.0,3.1,.634,7.3,0.4,0.4,0.8,1.8,2.2,9.2
2,2,30,683,6.4,12.9,.493,6.4,12.9,.493,0.0,0.0,,3.5,5.4,.634,12.8,0.6,0.6,1.5,3.1,3.9,16.2
2,3,30,683,9.4,19.0,.493,9.4,19.0,.493,0.0,0.0,,5.1,8.0,.634,18.9,0.9,0.9,2.2,4.6,5.8,23.9,,100.6,95.2
2,4,30,683,19.3,.522,.493,.000,.421,267,12.6,22.0,17.3,4.0,0.9,3.9,16.7,23.3,,0.9,1.3,2.2,.126,,-4.3,-1.2,-5.5
3,0,31,606,49,111,.441,42,84,.500,7,27,.259,28,39,.718,56,68,124,7,9,13,28,60,133
3,1,31,19.5,1.6,3.6,.441,1.4,2.7,.500,0.2,0.9,.259,0.9,1.3,.718,4.0,0.2,0.3,0.4,0.9,1.9,4.3
3,2,31,606,3.2,7.3,.441,2.8,5.5,.500,0.5,1.8,.259,1.8,2.6,.718,8.2,0.5,0.6,0.9,1.8,4.0,8.8
3,3,31,606,4.8,10.8,.441,4.1,8.2,.500,0.7,2.6,.259,2.7,3.8,.718,12.0,0.7,0.9,1.3,2.7,5.8,12.9,,102.3,101.6
3,4,31,606,11.0,.513,.473,.243,.351,138,9.9,12.2,11.0,2.4,0.9,2.3,17.8,13.0,,0.5,0.7,1.3,.084,,-3.8,-1.0,-4.8
4,0,5,24,0,2,.000,0,2,.000,0,0,,0,0,,1,2,3,0,3,0,2,4,0
4,1,5,4.8,0.0,0.4,.000,0.0,0.4,.000,0.0,0.0,,0.0,0.0,,0.6,0.0,0.6,0.0,0.4,0.8,0.0
4,2,5,24,0.0,3.3,.000,0.0,3.3,.000,0.0,0.0,,0.0,0.0,,5.0,0.0,5.0,0.0,3.3,6.7,0.0
4,3,5,24,0.0,4.9,.000,0.0,4.9,.000,0.0,0.0,,0.0,0.0,,7.4,0.0,7.4,0.0,4.9,9.8,0.0,,13.1,89.4
4,4,5,24,-0.5,.000,.000,.000,.000,0,4.5,9.0,6.7,0.0,7.4,0.0,50.0,8.3,,-0.1,0.1,0.0,-.032,,-11.5,4.2,-7.3
5,0,11,31,1,10,.100,0,2,.000,1,8,.125,0,1,.000,0,3,3,1,2,0,1,5,3
5,1,11,2.8,0.1,0.9,.100,0.0,0.2,.000,0.1,0.7,.125,0.0,0.1,.000,0.3,0.1,0.2,0.0,0.1,0.5,0.3
5,2,11,31,1.3,12.9,.100,0.0,2.6,.000,1.3,10.3,.125,0.0,1.3,.000,3.9,1.3,2.6,0.0,1.3,6.5,3.9
5,3,11,31,1.9,19.0,.100,0.0,3.8,.000,1.9,15.2,.125,0.0,1.9,.000,5.7,1.9,3.8,0.0,1.9,9.5,5.7,,37.3,96.6
5,4,11,31,-5.4,.143,.150,.800,.100,3,0.0,10.5,5.2,6.1,3.8,0.0,8.7,18.5,,-0.1,0.1,-0.1,-.093,,-10.5,-1.8,-12.3
6,0,30,273,18,36,.500,18,36,.500,0,0,,7,21,.333,14,35,49,8,6,18,20,48,43
6,1,30,9.1,0.6,1.2,.500,0.6,1.2,.500,0.0,0.0,,0.2,0.7,.333,1.6,0.3,0.2,0.6,0.7,1.6,1.4
6,2,30,273,2.6,5.3,.500,2.6,5.3,.500,0.0,0.0,,1.0,3.1,.333,7.2,1.2,0.9,2.6,2.9,7.0,6.3
6,3,30,273,3.9,7.8,.500,3.9,7.8,.500,0.0,0.0,,1.5,4.5,.333,10.6,1.7,1.3,3.9,4.3,10.4,9.3,,77.2,97.4
6,4,30,273,6.9,.468,.500,.000,.583,45,5.5,13.9,9.7,5.9,1.3,7.1,30.3,12.1,,-0.2,0.4,0.2,.036,,-7.8,3.2,-4.6
7,0,23,207,20,51,.392,20,51,.392,0,0,,7,16,.438,18,22,40,1,5,2,16,27,47
7,1,23,9.0,0.9,2.2,.392,0.9,2.2,.392,0.0,0.0,,0.3,0.7,.438,1.7,0.0,0.2,0.1,0.7,1.2,2.0
7,2,23,207,3.9,9.9,.392,3.9,9.9,.392,0.0,0.0,,1.4,3.1,.438,7.7,0.2,1.0,0.4,3.1,5.2,9.1
7,3,23,207,5.7,14.5,.392,5.7,14.5,.392,0.0,0.0,,2.0,4.6,.438,11.4,0.3,1.4,0.6,4.6,7.7,13.4,,76.2,101.1
7,4,23,207,5.6,.401,.392,.000,.314,48,9.3,11.5,10.4,1.0,1.4,1.0,21.4,18.0,,-0.2,0.3,0.0,.007,,-9.1,-2.9,-12.1
8,0,33,1272,196,542,.362,124,299,.415,72,243,.296,139,184,.755,20,119,139,55,40,10,105,67,603
8,1,33,38.5,5.9,16.4,.362,3.8,9.1,.415,2.2,7.4,.296,4.2,5.6,.755,4.2,1.7,1.2,0.3,3.2,2.0,18.3
8,2,33,1272,6.2,17.0,.362,3.9,9.4,.415,2.3,7.6,.296,4.4,5.8,.755,4.4,1.7,1.3,0.3,3.3,2.1,19.0
8,3,33,1272,9.1,25.1,.362,5.7,13.8,.415,3.3,11.2,.296,6.4,8.5,.755,6.4,2.5,1.9,0.5,4.9,3.1,27.9,,94.5,101.4
8,4,33,1272,14.1,.479,.428,.448,.339,544,1.7,10.1,5.9,10.6,1.9,0.8,14.3,28.9,,0.9,1.6,2.5,.079,,-1.8,-2.5,-4.3
9,0,4,32,3,5,.600,3,5,.600,0,0,,0,2,.000,0,3,3,1,2,0,1,5,6
9,1,4,8.0,0.8,1.3,.600,0.8,1.3,.600,0.0,0.0,,0.0,0.5,.000,0.8,0.3,0.5,0.0,0.3,1.3,1.5
9,2,4,32,3.8,6.3,.600,3.8,6.3,.600,0.0,0.0,,0.0,2.5,.000,3.8,1.3,2.5,0.0,1.3,6.3,7.5
9,3,4,32,5.5,9.2,.600,5.5,9.2,.600,0.0,0.0,,0.0,3.7,.000,5.5,1.8,3.7,0.0,1.8,9.2,11.0,,90.8,97.1
9,4,4,32,8.1,.504,.600,.000,.400,5,0.0,10.2,5.1,6.7,3.7,0.0,14.4,10.9,,0.0,0.1,0.1,.070,,-5.5,0.4,-5.1
10,0,4,23,1,4,.250,1,4,.250,0,0,,0,0,,1,1,2,0,1,1,0,2,2
10,1,4,5.8,0.3,1.0,.250,0.3,1.0,.250,0.0,0.0,,0.0,0.0,,0.5,0.0,0.3,0.3,0.0,0.5,0.5
10,2,4,23,1.7,7.0,.250,1.7,7.0,.250,0.0,0.0,,0.0,0.0,,3.5,0.0,1.7,1.7,0.0,3.5,3.5
10,3,4,23,2.6,10.2,.250,2.6,10.2,.250,0.0,0.0,,0.0,0.0,,5.1,0.0,2.6,2.6,0.0,5.1,5.1,,71.7,101.1
10,4,4,23,4.7,.250,.250,.000,.000,2,4.7,4.7,4.7,0.0,2.6,4.7,0.0,8.7,,0.0,0.0,0.0,.025,,-8.4,1.0,-7.4
11,0,32,969,113,283,.399,67,122,.549,46,161,.286,52,72,.722,32,101,133,50,51,3,49,71,324
11,1,32,30.3,3.5,8.8,.399,2.1,3.8,.549,1.4,5.0,.286,1.6,2.3,.722,4.2,1.6,1.6,0.1,1.5,2.2,10.1
11,2,32,969,4.7,11.7,.399,2.8,5.0,.549,1.9,6.6,.286,2.1,3.0,.722,5.5,2.1,2.1,0.1,2.0,2.9,13.4
11,3,32,969,6.9,17.2,.399,4.1,7.4,.549,2.8,9.8,.286,3.2,4.4,.722,8.1,3.0,3.1,0.2,3.0,4.3,19.7,,103.5,98.0
11,4,32,969,14.9,.511,.481,.569,.254,305,3.6,11.3,7.4,11.6,3.1,0.3,13.4,18.9,,1.2,1.5,2.8,.114,,0.1,-0.3,-0.2
12,0,33,994,100,252,.397,83,184,.451,17,68,.250,86,147,.585,39,83,122,148,61,4,101,88,303
12,1,33,30.1,3.0,7.6,.397,2.5,5.6,.451,0.5,2.1,.250,2.6,4.5,.585,3.7,4.5,1.8,0.1,3.1,2.7,9.2
12,2,33,994,4.0,10.1,.397,3.3,7.4,.451,0.7,2.7,.250,3.5,5.9,.585,4.9,6.0,2.5,0.2,4.1,3.5,12.2
12,3,33,994,5.9,14.9,.397,4.9,10.9,.451,1.0,4.0,.250,5.1,8.7,.585,7.2,8.8,3.6,0.2,6.0,5.2,17.9,,92.7,98.0
12,4,33,994,14.3,.471,.431,.270,.583,351,4.2,9.0,6.6,32.3,3.6,0.4,23.9,21.3,,0.4,1.6,2.0,.079,,-1.8,-0.1,-1.9
13,0,29,529,46,157,.293,8,38,.211,38,119,.319,31,40,.775,16,32,48,30,16,0,35,45,161
13,1,29,18.2,1.6,5.4,.293,0.3,1.3,.211,1.3,4.1,.319,1.1,1.4,.775,1.7,1.0,0.6,0.0,1.2,1.6,5.6
13,2,29,529,3.5,11.9,.293,0.6,2.9,.211,2.9,9.0,.319,2.3,3.0,.775,3.6,2.3,1.2,0.0,2.6,3.4,12.2
13,3,29,529,5.1,17.5,.293,0.9,4.2,.211,4.2,13.2,.319,3.4,4.5,.775,5.3,3.3,1.8,0.0,3.9,5.0,17.9,,92.4,103.7
13,4,29,529,8.7,.457,.414,.758,.255,157,3.3,6.6,4.9,12.0,1.8,0.0,16.6,19.9,,0.2,0.5,0.7,.054,,-2.2,-3.1,-5.3
