0,0,20,169,9,27,.333,9,27,.333,0,0,,9,11,.818,15,24,39,6,8,8,11,25,27
0,1,20,8.5,0.5,1.4,.333,0.5,1.4,.333,0.0,0.0,,0.5,0.6,.818,2.0,0.3,0.4,0.4,0.6,1.3,1.4
0,2,20,169,2.1,6.4,.333,2.1,6.4,.333,0.0,0.0,,2.1,2.6,.818,9.2,1.4,1.9,1.9,2.6,5.9,6.4
0,3,20,169,3.1,9.2,.333,3.1,9.2,.333,0.0,0.0,,3.1,3.8,.818,13.3,2.1,2.7,2.7,3.8,8.6,9.2,,85.7,95.1
0,4,20,169,9.9,.419,.333,.000,.407,33,9.6,15.8,12.6,6.9,2.7,5.0,25.4,12.6,,0.0,0.3,0.3,.067,,-6.0,3.0,-3.0
1,0,26,597,42,131,.321,38,93,.409,4,38,.105,26,54,.481,20,58,78,39,40,8,41,66,114
1,1,26,23.0,1.6,5.0,.321,1.5,3.6,.409,0.2,1.5,.105,1.0,2.1,.481,3.0,1.5,1.5,0.3,1.6,2.5,4.4
1,2,26,597,2.8,8.8,.321,2.5,6.2,.409,0.3,2.5,.105,1.7,3.6,.481,5.2,2.6,2.7,0.5,2.7,4.4,7.6
1,3,26,597,4.1,12.7,.321,3.7,9.0,.409,0.4,3.7,.105,2.5,5.2,.481,7.6,3.8,3.9,0.8,4.0,6.4,11.0,,75.7,96.8
1,4,26,597,7.1,.364,.336,.290,.412,127,3.6,10.8,7.1,13.2,3.9,1.4,20.7,16.3,,-0.7,1.1,0.4,.027,,-5.5,1.6,-3.9
2,0,11,58,2,4,.500,2,4,.500,0,0,,1,2,.500,1,3,4,5,3,0,6,5,5
2,1,11,5.3,0.2,0.4,.500,0.2,0.4,.500,0.0,0.0,,0.1,0.2,.500,0.4,0.5,0.3,0.0,0.5,0.5,0.5
2,2,11,58,1.4,2.8,.500,1.4,2.8,.500,0.0,0.0,,0.7,1.4,.500,2.8,3.4,2.1,0.0,4.1,3.4,3.4
2,3,11,58,2.0,4.0,.500,2.0,4.0,.500,0.0,0.0,,1.0,2.0,.500,4.0,5.0,3.0,0.0,6.0,5.0,5.0,,64.5,101.9
2,4,11,58,3.2,.505,.500,.000,.500,7,1.9,5.7,3.8,16.2,3.0,0.0,54.8,9.3,,-0.1,0.1,0.0,-.002,,-7.8,-0.7,-8.4
3,0,30,736,100,235,.426,78,149,.523,22,86,.256,72,122,.590,46,131,177,27,13,3,66,60,294
3,1,30,24.5,3.3,7.8,.426,2.6,5.0,.523,0.7,2.9,.256,2.4,4.1,.590,5.9,0.9,0.4,0.1,2.2,2.0,9.8
3,2,30,736,5.4,12.8,.426,4.2,8.1,.523,1.2,4.7,.256,3.9,6.6,.590,9.6,1.5,0.7,0.2,3.6,3.3,16.0
3,3,30,736,7.9,18.5,.426,6.1,11.7,.523,1.7,6.8,.256,5.7,9.6,.590,13.9,2.1,1.0,0.2,5.2,4.7,23.1,,94.5,99.8
3,4,30,736,13.7,.502,.472,.366,.519,279,6.7,19.8,13.1,8.5,1.0,0.4,18.4,23.9,,0.4,1.1,1.5,.081,,-3.0,-2.7,-5.7
4,0,18,167,17,51,.333,13,29,.448,4,22,.182,4,8,.500,6,20,26,5,7,0,12,15,42
4,1,18,9.3,0.9,2.8,.333,0.7,1.6,.448,0.2,1.2,.182,0.2,0.4,.500,1.4,0.3,0.4,0.0,0.7,0.8,2.3
4,2,18,167,4.1,12.2,.333,3.1,6.9,.448,1.0,5.3,.182,1.0,1.9,.500,6.2,1.2,1.7,0.0,2.9,3.6,10.1
4,3,18,167,5.9,17.7,.333,4.5,10.0,.448,1.4,7.6,.182,1.4,2.8,.500,9.0,1.7,2.4,0.0,4.2,5.2,14.5,,75.4,99.7
4,4,18,167,5.6,.383,.373,.431,.157,40,3.9,13.3,8.5,6.4,2.4,0.0,18.0,19.6,,-0.2,0.3,0.0,.008,,-6.8,-2.3,-9.1
5,0,31,712,81,226,.358,20,54,.370,61,172,.355,67,82,.817,5,45,50,26,17,1,36,68,290
5,1,31,23.0,2.6,7.3,.358,0.6,1.7,.370,2.0,5.5,.355,2.2,2.6,.817,1.6,0.8,0.5,0.0,1.2,2.2,9.4
5,2,31,712,4.6,12.7,.358,1.1,3.0,.370,3.4,9.7,.355,3.8,4.6,.817,2.8,1.5,1.0,0.1,2.0,3.8,16.3
5,3,31,712,6.6,18.4,.358,1.6,4.4,.370,5.0,14.0,.355,5.4,6.7,.817,4.1,2.1,1.4,0.1,2.9,5.5,23.6,,109.9,104.7
5,4,31,712,12.7,.547,.493,.761,.363,254,0.8,7.0,3.8,8.1,1.4,0.1,12.0,20.8,,1.3,0.7,2.0,.115,,0.9,-4.1,-3.2
6,0,11,25,2,8,.250,2,5,.400,0,3,.000,3,7,.429,2,1,3,5,3,0,7,3,7
6,1,11,2.3,0.2,0.7,.250,0.2,0.5,.400,0.0,0.3,.000,0.3,0.6,.429,0.3,0.5,0.3,0.0,0.6,0.3,0.6
6,2,11,25,3.2,12.8,.250,3.2,8.0,.400,0.0,4.8,.000,4.8,11.2,.429,4.8,8.0,4.8,0.0,11.2,4.8,11.2
6,3,11,25,4.6,18.5,.250,4.6,11.6,.400,0.0,6.9,.000,6.9,16.2,.429,6.9,11.6,6.9,0.0,16.2,6.9,16.2,,57.3,93.6
6,4,11,25,1.6,.309,.250,.375,.875,10,8.6,4.4,6.6,41.1,6.9,0.0,38.2,36.0,,-0.2,0.1,-0.1,-.163,,-10.4,0.3,-10.1
7,0,22,582,85,228,.373,51,129,.395,34,99,.343,49,85,.576,31,45,76,35,28,7,32,48,253
7,1,22,26.5,3.9,10.4,.373,2.3,5.9,.395,1.5,4.5,.343,2.2,3.9,.576,3.5,1.6,1.3,0.3,1.5,2.2,11.5
7,2,22,582,5.8,15.7,.373,3.5,8.9,.395,2.3,6.8,.343,3.4,5.8,.576,5.2,2.4,1.9,0.5,2.2,3.3,17.4
7,3,22,582,8.4,22.7,.373,5.1,12.8,.395,3.4,9.8,.343,4.9,8.4,.576,7.6,3.5,2.8,0.7,3.2,4.8,25.1,,101.0,100.4
7,4,22,582,16.2,.471,.447,.434,.373,242,5.7,8.6,7.1,14.3,2.8,1.3,10.7,25.3,,0.7,0.8,1.6,.109,,0.4,-1.6,-1.2
8,0,17,155,9,18,.500,9,15,.600,0,3,.000,7,10,.700,4,10,14,10,8,0,3,18,25
8,1,17,9.1,0.5,1.1,.500,0.5,0.9,.600,0.0,0.2,.000,0.4,0.6,.700,0.8,0.6,0.5,0.0,0.2,1.1,1.5
8,2,17,155,2.3,4.6,.500,2.3,3.9,.600,0.0,0.8,.000,1.8,2.6,.700,3.6,2.6,2.1,0.0,0.8,4.6,6.5
8,3,17,155,3.4,6.7,.500,3.4,5.6,.600,0.0,1.1,.000,2.6,3.7,.700,5.2,3.7,3.0,0.0,1.1,6.7,9.3,,121.4,101.1
8,4,17,155,10.5,.549,.500,.167,.556,28,2.8,7.2,4.9,12.7,3.0,0.0,11.7,8.2,,0.2,0.2,0.4,.108,,-2.3,-0.5,-2.8
9,0,29,807,153,295,.519,145,268,.541,8,27,.296,63,93,.677,62,156,218,19,23,43,79,89,377
9,1,29,27.8,5.3,10.2,.519,5.0,9.2,.541,0.3,0.9,.296,2.2,3.2,.677,7.5,0.7,0.8,1.5,2.7,3.1,13.0
9,2,29,807,7.6,14.6,.519,7.2,13.3,.541,0.4,1.3,.296,3.1,4.6,.677,10.8,0.9,1.1,2.1,3.9,4.4,18.7
9,3,29,807,11.0,21.1,.519,10.4,19.2,.541,0.6,1.9,.296,4.5,6.7,.677,15.6,1.4,1.6,3.1,5.7,6.4,27.0,,99.6,94.9
9,4,29,807,20.1,.556,.532,.092,.315,341,8.3,21.5,14.8,6.2,1.6,5.6,18.9,25.4,,0.9,1.6,2.5,.125,,-3.0,0.8,-2.2
10,0,22,247,13,46,.283,13,46,.283,0,0,,22,43,.512,16,34,50,6,4,8,25,51,48
10,1,22,11.2,0.6,2.1,.283,0.6,2.1,.283,0.0,0.0,,1.0,2.0,.512,2.3,0.3,0.2,0.4,1.1,2.3,2.2
10,2,22,247,2.1,7.4,.283,2.1,7.4,.283,0.0,0.0,,3.6,7.0,.512,8.1,1.0,0.6,1.3,4.0,8.3,7.8
10,3,22,247,3.0,10.8,.283,3.0,10.8,.283,0.0,0.0,,5.2,10.1,.512,11.7,1.4,0.9,1.9,5.9,11.9,11.2,,67.2,99.8
10,4,22,247,1.8,.361,.283,.000,.935,53,7.0,15.3,11.1,4.7,0.9,3.4,27.3,18.2,,-0.5,0.4,-0.1,-.021,,-10.4,-0.5,-10.9
11,0,30,962,96,244,.393,58,135,.430,38,109,.349,81,95,.853,24,74,98,115,35,2,48,66,311
11,1,30,32.1,3.2,8.1,.393,1.9,4.5,.430,1.3,3.6,.349,2.7,3.2,.853,3.3,3.8,1.2,0.1,1.6,2.2,10.4
11,2,30,962,4.0,10.1,.393,2.4,5.6,.430,1.6,4.5,.349,3.4,4.0,.853,4.1,4.8,1.5,0.1,2.0,2.7,12.9
11,3,30,962,5.8,14.7,.393,3.5,8.1,.430,2.3,6.6,.349,4.9,5.7,.853,5.9,6.9,2.1,0.1,2.9,4.0,18.7,,115.1,102.5
11,4,30,962,15.8,.538,.471,.447,.389,332,2.7,8.5,5.6,25.6,2.1,0.2,14.2,17.2,,2.0,1.2,3.2,.135,,1.5,-1.9,-0.4
12,0,28,606,61,138,.442,61,138,.442,0,0,,55,100,.550,60,80,140,20,11,41,56,81,177
12,1,28,21.6,2.2,4.9,.442,2.2,4.9,.442,0.0,0.0,,2.0,3.6,.550,5.0,0.7,0.4,1.5,2.0,2.9,6.3
12,2,28,606,4.0,9.1,.442,4.0,9.1,.442,0.0,0.0,,3.6,6.6,.550,9.2,1.3,0.7,2.7,3.7,5.3,11.7
12,3,28,606,5.8,13.2,.442,5.8,13.2,.442,0.0,0.0,,5.2,9.5,.550,13.4,1.9,1.0,3.9,5.3,7.7,16.9,,89.1,98.4
12,4,28,606,12.5,.477,.442,.000,.725,187,10.7,14.7,12.6,7.1,1.0,7.1,23.2,19.6,,0.0,1.0,0.9,.062,,-5.6,2.1,-3.5
13,0,8,16,2,5,.400,1,1,1.000,1,4,.250,0,0,,0,1,1,1,0,0,2,2,5
13,1,8,2.0,0.3,0.6,.400,0.1,0.1,1.000,0.1,0.5,.250,0.0,0.0,,0.1,0.1,0.0,0.0,0.3,0.3,0.6
13,2,8,16,5.0,12.5,.400,2.5,2.5,1.000,2.5,10.0,.250,0.0,0.0,,2.5,2.5,0.0,0.0,5.0,5.0,12.5
13,3,8,16,7.2,18.1,.400,3.6,3.6,1.000,3.6,14.5,.250,0.0,0.0,,3.6,3.6,0.0,0.0,7.2,7.2,18.1,,78.3,107.7
13,4,8,16,2.7,.500,.500,.800,.000,5,0.0,6.9,3.4,14.1,0.0,0.0,28.6,21.5,,0.0,0.0,0.0,-.017,,-6.0,-6.1,-12.1
14,0,22,209,8,23,.348,8,23,.348,0,0,,6,13,.462,20,28,48,4,1,9,10,48,22
14,1,22,9.5,0.4,1.0,.348,0.4,1.0,.348,0.0,0.0,,0.3,0.6,.462,2.2,0.2,0.0,0.4,0.5,2.2,1.0
14,2,22,209,1.5,4.4,.348,1.5,4.4,.348,0.0,0.0,,1.1,2.5,.462,9.2,0.8,0.2,1.7,1.9,9.2,4.2
14,3,22,209,2.2,6.4,.348,2.2,6.4,.348,0.0,0.0,,1.7,3.6,.462,13.3,1.1,0.3,2.5,2.8,13.3,6.1,,82.6,100.7
14,4,22,209,4.4,.377,.348,.000,.565,30,10.3,14.9,12.6,3.6,0.3,4.5,25.5,9.2,,-0.1,0.3,0.2,.042,,-6.7,0.7,-6.1
15,0,15,149,22,40,.550,20,32,.625,2,8,.250,4,9,.444,16,24,40,4,5,4,7,27,50
15,1,15,9.9,1.5,2.7,.550,1.3,2.1,.625,0.1,0.5,.250,0.3,0.6,.444,2.7,0.3,0.3,0.3,0.5,1.8,3.3
15,2,15,149,5.9,10.7,.550,5.4,8.6,.625,0.5,2.1,.250,1.1,2.4,.444,10.7,1.1,1.3,1.1,1.9,7.2,13.4
15,3,15,149,8.5,15.5,.550,7.8,12.4,.625,0.8,3.1,.250,1.6,3.5,.444,15.5,1.6,1.9,1.6,2.7,10.5,19.4,,111.7,96.8
15,4,15,149,17.6,.565,.575,.200,.225,48,11.6,17.9,14.7,6.4,1.9,2.8,13.7,16.9,,0.3,0.3,0.5,.143,,-1.1,-0.5,-1.6
