0,0,18,115,6,14,.429,6,14,.429,0,0,,4,8,.500,6,14,20,4,3,3,7,18,16
0,1,18,6.4,0.3,0.8,.429,0.3,0.8,.429,0.0,0.0,,0.2,0.4,.500,1.1,0.2,0.2,0.2,0.4,1.0,0.9
0,2,18,115,2.1,4.9,.429,2.1,4.9,.429,0.0,0.0,,1.4,2.8,.500,7.0,1.4,1.0,1.0,2.4,6.3,5.6
0,3,18,115,2.9,6.8,.429,2.9,6.8,.429,0.0,0.0,,2.0,3.9,.500,9.8,2.0,1.5,1.5,3.4,8.8,7.8,,82.4,98.1
0,4,18,115,5.3,.449,.429,.000,.571,18,5.6,13.0,9.3,6.5,1.5,2.8,28.2,10.3,,-0.1,0.2,0.2,.055,,-6.9,1.7,-5.1
1,0,31,793,47,137,.343,42,105,.400,5,32,.156,43,80,.538,51,98,149,51,52,7,52,109,142
1,1,31,25.6,1.5,4.4,.343,1.4,3.4,.400,0.2,1.0,.156,1.4,2.6,.538,4.8,1.6,1.7,0.2,1.7,3.5,4.6
1,2,31,793,2.4,6.9,.343,2.1,5.3,.400,0.3,1.6,.156,2.2,4.0,.538,7.5,2.6,2.6,0.4,2.6,5.5,7.2
1,3,31,793,3.3,9.7,.343,3.0,7.4,.400,0.4,2.3,.156,3.1,5.7,.538,10.6,3.6,3.7,0.5,3.7,7.7,10.1,,85.3,94.0
1,4,31,793,8.6,.406,.361,.234,.584,173,6.9,13.2,10.1,12.2,3.7,0.9,22.9,13.7,,-0.4,1.8,1.4,.072,,-4.1,3.1,-0.9
2,0,29,369,33,90,.367,21,61,.344,12,29,.414,35,45,.778,11,35,46,21,14,2,28,29,113
2,1,29,12.7,1.1,3.1,.367,0.7,2.1,.344,0.4,1.0,.414,1.2,1.6,.778,1.6,0.7,0.5,0.1,1.0,1.0,3.9
2,2,29,369,3.6,9.8,.367,2.3,6.6,.344,1.3,3.1,.414,3.8,4.9,.778,5.0,2.3,1.5,0.2,3.0,3.1,12.2
2,3,29,369,5.0,13.7,.367,3.2,9.3,.344,1.8,4.4,.414,5.3,6.9,.778,7.0,3.2,2.1,0.3,4.3,4.4,17.2,,96.4,99.6
2,4,29,369,10.2,.507,.433,.322,.500,111,3.2,10.2,6.7,11.5,2.1,0.6,20.1,18.0,,0.1,0.6,0.8,.084,,-4.0,-0.7,-4.7
3,0,31,739,90,257,.350,27,64,.422,63,193,.326,78,98,.796,17,52,69,36,32,1,46,80,321
3,1,31,23.8,2.9,8.3,.350,0.9,2.1,.422,2.0,6.2,.326,2.5,3.2,.796,2.2,1.2,1.0,0.0,1.5,2.6,10.4
3,2,31,739,4.9,13.9,.350,1.5,3.5,.422,3.4,10.4,.326,4.2,5.3,.796,3.7,1.9,1.7,0.1,2.5,4.3,17.4
3,3,31,739,6.9,19.6,.350,2.1,4.9,.422,4.8,14.7,.326,5.9,7.5,.796,5.3,2.7,2.4,0.1,3.5,6.1,24.4,,106.4,100.2
3,4,31,739,13.4,.529,.473,.751,.381,291,2.5,7.5,5.0,10.5,2.4,0.1,13.2,22.6,,1.0,1.2,2.3,.124,,1.0,-2.2,-1.2
4,0,5,13,2,4,.500,1,3,.333,1,1,1.000,2,2,1.000,1,0,1,0,0,0,2,2,7
4,1,5,2.6,0.4,0.8,.500,0.2,0.6,.333,0.2,0.2,1.000,0.4,0.4,1.000,0.2,0.0,0.0,0.0,0.4,0.4,1.4
4,2,5,13,6.2,12.3,.500,3.1,9.2,.333,3.1,3.1,1.000,6.2,6.2,1.000,3.1,0.0,0.0,0.0,6.2,6.2,21.5
4,3,5,13,8.7,17.3,.500,4.3,13.0,.333,4.3,4.3,1.000,8.7,8.7,1.000,4.3,0.0,0.0,0.0,8.7,8.7,30.3,,104.2,109.1
4,4,5,13,12.6,.707,.625,.250,.500,6,8.2,0.0,4.1,0.0,0.0,0.0,28.8,25.5,,0.0,0.0,0.0,.091,,-3.7,-6.9,-10.7
5,0,21,120,10,19,.526,6,11,.545,4,8,.500,3,5,.600,2,15,17,6,3,2,7,9,27
5,1,21,5.7,0.5,0.9,.526,0.3,0.5,.545,0.2,0.4,.500,0.1,0.2,.600,0.8,0.3,0.1,0.1,0.3,0.4,1.3
5,2,21,120,3.3,6.3,.526,2.0,3.7,.545,1.3,2.7,.500,1.0,1.7,.600,5.7,2.0,1.0,0.7,2.3,3.0,9.0
5,3,21,120,4.7,8.9,.526,2.8,5.2,.545,1.9,3.8,.500,1.4,2.3,.600,8.0,2.8,1.4,0.9,3.3,4.2,12.7,,104.1,99.0
5,4,21,120,10.1,.632,.632,.421,.263,25,1.8,13.4,7.6,9.9,1.4,1.8,24.7,11.3,,0.1,0.2,0.3,.098,,-3.8,0.2,-3.6
6,0,17,296,30,53,.566,23,35,.657,7,18,.389,32,42,.762,13,17,30,21,11,2,16,49,99
6,1,17,17.4,1.8,3.1,.566,1.4,2.1,.657,0.4,1.1,.389,1.9,2.5,.762,1.8,1.2,0.6,0.1,0.9,2.9,5.8
6,2,17,296,4.1,7.2,.566,3.1,4.7,.657,0.9,2.4,.389,4.3,5.7,.762,4.1,2.8,1.5,0.3,2.2,6.6,13.4
6,3,17,296,5.7,10.1,.566,4.4,6.7,.657,1.3,3.4,.389,6.1,8.0,.762,5.7,4.0,2.1,0.4,3.0,9.3,18.8,,126.7,101.0
6,4,17,296,14.9,.679,.632,.340,.792,98,4.7,6.2,5.4,14.6,2.1,0.7,18.0,14.3,,0.7,0.5,1.2,.161,,0.9,-0.7,0.2
7,0,31,965,176,346,.509,171,325,.526,5,21,.238,105,205,.512,74,153,227,44,36,92,57,94,462
7,1,31,31.1,5.7,11.2,.509,5.5,10.5,.526,0.2,0.7,.238,3.4,6.6,.512,7.3,1.4,1.2,3.0,1.8,3.0,14.9
7,2,31,965,7.3,14.3,.509,7.1,13.5,.526,0.2,0.9,.238,4.4,8.5,.512,9.4,1.8,1.5,3.8,2.4,3.9,19.2
7,3,31,965,10.3,20.2,.509,10.0,18.9,.526,0.3,1.2,.238,6.1,12.0,.512,13.2,2.6,2.1,5.4,3.3,5.5,26.9,,106.6,92.1
7,4,31,965,22.8,.521,.516,.061,.592,436,8.2,17.0,12.6,11.3,2.1,10.2,11.4,24.8,,1.6,2.4,3.9,.163,,-1.3,5.5,4.2
8,0,31,447,67,139,.482,62,125,.496,5,14,.357,42,61,.689,43,63,106,13,15,17,36,65,181
8,1,31,14.4,2.2,4.5,.482,2.0,4.0,.496,0.2,0.5,.357,1.4,2.0,.689,3.4,0.4,0.5,0.5,1.2,2.1,5.8
8,2,31,447,6.0,12.4,.482,5.5,11.2,.496,0.4,1.3,.357,3.8,5.5,.689,9.5,1.2,1.3,1.5,3.2,5.8,16.2
8,3,31,447,8.4,17.5,.482,7.8,15.7,.496,0.6,1.8,.357,5.3,7.7,.689,13.3,1.6,1.9,2.1,4.5,8.2,22.8,,102.7,95.7
8,4,31,447,16.4,.539,.500,.101,.439,175,10.3,15.1,12.7,6.7,1.9,4.1,17.6,21.8,,0.5,0.9,1.4,.127,,-3.2,0.9,-2.3
9,0,30,451,50,135,.370,18,43,.419,32,92,.348,26,33,.788,11,52,63,19,17,9,21,40,158
9,1,30,15.0,1.7,4.5,.370,0.6,1.4,.419,1.1,3.1,.348,0.9,1.1,.788,2.1,0.6,0.6,0.3,0.7,1.3,5.3
9,2,30,451,4.4,12.0,.370,1.6,3.8,.419,2.8,8.2,.348,2.3,2.9,.788,5.6,1.7,1.5,0.8,1.9,3.5,14.0
9,3,30,451,6.2,16.8,.370,2.2,5.4,.419,4.0,11.5,.348,3.2,4.1,.788,7.9,2.4,2.1,1.1,2.6,5.0,19.7,,106.5,97.8
9,4,30,451,13.1,.524,.489,.681,.244,143,2.6,12.4,7.5,8.9,2.1,2.1,12.2,18.2,,0.5,0.9,1.4,.122,,-1.1,-0.3,-1.4
10,0,31,550,59,137,.431,59,137,.431,0,0,,75,125,.600,34,76,110,14,14,24,57,94,193
10,1,31,17.7,1.9,4.4,.431,1.9,4.4,.431,0.0,0.0,,2.4,4.0,.600,3.5,0.5,0.5,0.8,1.8,3.0,6.2
10,2,31,550,4.3,10.0,.431,4.3,10.0,.431,0.0,0.0,,5.5,9.1,.600,8.0,1.0,1.0,1.7,4.1,6.8,14.0
10,3,31,550,6.0,14.0,.431,6.0,14.0,.431,0.0,0.0,,7.7,12.8,.600,11.3,1.4,1.4,2.5,5.8,9.6,19.7,,88.3,96.4
10,4,31,550,10.0,.491,.431,.000,.912,187,6.6,14.8,10.7,5.3,1.4,4.7,22.5,22.0,,-0.2,1.1,0.9,.066,,-7.3,1.1,-6.2
11,0,31,976,115,299,.385,87,203,.429,28,96,.292,108,129,.837,28,69,97,123,31,2,84,80,366
11,1,31,31.5,3.7,9.6,.385,2.8,6.5,.429,0.9,3.1,.292,3.5,4.2,.837,3.1,4.0,1.0,0.1,2.7,2.6,11.8
11,2,31,976,4.7,12.3,.385,3.6,8.3,.429,1.1,3.9,.292,4.4,5.3,.837,4.0,5.0,1.3,0.1,3.4,3.3,15.0
11,3,31,976,6.6,17.2,.385,5.0,11.7,.429,1.6,5.5,.292,6.2,7.4,.837,5.6,7.1,1.8,0.1,4.8,4.6,21.1,,102.3,101.8
11,4,31,976,13.3,.508,.431,.321,.431,389,3.1,7.6,5.3,26.9,1.8,0.2,18.9,21.7,,1.0,1.5,2.5,.104,,-1.0,-1.6,-2.5
12,0,21,405,49,112,.438,49,112,.438,0,0,,41,72,.569,39,69,108,14,5,23,32,60,139
12,1,21,19.3,2.3,5.3,.438,2.3,5.3,.438,0.0,0.0,,2.0,3.4,.569,5.1,0.7,0.2,1.1,1.5,2.9,6.6
12,2,21,405,4.8,11.1,.438,4.8,11.1,.438,0.0,0.0,,4.0,7.1,.569,10.7,1.4,0.5,2.3,3.2,5.9,13.7
12,3,21,405,6.8,15.6,.438,6.8,15.6,.438,0.0,0.0,,5.7,10.0,.569,15.0,1.9,0.7,3.2,4.4,8.3,19.3,,94.4,95.9
12,4,21,405,13.2,.475,.438,.000,.643,143,10.3,18.3,14.3,7.4,0.7,6.1,18.0,21.0,,0.1,0.8,0.9,.093,,-5.8,1.8,-4.0
13,0,13,102,13,38,.342,4,8,.500,9,30,.300,1,2,.500,4,10,14,0,1,0,5,3,36
13,1,13,7.8,1.0,2.9,.342,0.3,0.6,.500,0.7,2.3,.300,0.1,0.2,.500,1.1,0.0,0.1,0.0,0.4,0.2,2.8
13,2,13,102,5.1,14.9,.342,1.6,3.1,.500,3.5,11.8,.300,0.4,0.8,.500,5.5,0.0,0.4,0.0,2.0,1.2,14.1
13,3,13,102,7.2,21.0,.342,2.2,4.4,.500,5.0,16.5,.300,0.6,1.1,.500,7.7,0.0,0.6,0.0,2.8,1.7,19.9,,91.8,103.4
13,4,13,102,8.1,.462,.461,.789,.053,30,4.2,10.5,7.4,0.0,0.6,0.0,11.4,20.6,,0.0,0.1,0.1,.054,,-4.7,-6.6,-11.4
14,0,9,33,0,1,.000,0,1,.000,0,0,,2,2,1.000,1,5,6,1,0,0,2,4,2
14,1,9,3.7,0.0,0.1,.000,0.0,0.1,.000,0.0,0.0,,0.2,0.2,1.000,0.7,0.1,0.0,0.0,0.2,0.4,0.2
14,2,9,33,0.0,1.2,.000,0.0,1.2,.000,0.0,0.0,,2.4,2.4,1.000,7.3,1.2,0.0,0.0,2.4,4.8,2.4
14,3,9,33,0.0,1.7,.000,0.0,1.7,.000,0.0,0.0,,3.4,3.4,1.000,10.2,1.7,0.0,0.0,3.4,6.8,3.4,,73.3,101.1
14,4,9,33,1.4,.513,.000,.000,2.000,3,3.2,16.2,9.7,5.2,0.0,0.0,50.6,5.7,,0.0,0.1,0.0,.041,,-7.9,-0.5,-8.4
