0,0,15,28,1,5,.200,1,3,.333,0,2,.000,2,4,.500,3,6,9,1,2,1,4,6,4
0,1,15,1.9,0.1,0.3,.200,0.1,0.2,.333,0.0,0.1,.000,0.1,0.3,.500,0.6,0.1,0.1,0.1,0.3,0.4,0.3
0,2,15,28,1.4,7.1,.200,1.4,4.3,.333,0.0,2.9,.000,2.9,5.7,.500,12.9,1.4,2.9,1.4,5.7,8.6,5.7
0,3,15,28,2.3,11.3,.200,2.3,6.8,.333,0.0,4.5,.000,4.5,9.0,.500,20.3,2.3,4.5,2.3,9.0,13.5,9.0,,56.4,87.7
0,4,15,28,3.5,.290,.200,.400,.800,6,12.7,27.3,19.7,7.2,4.5,4.5,36.7,21.6,,-0.1,0.1,0.0,-.043,,-11.9,4.0,-8.0
1,0,30,450,64,174,.368,58,154,.377,6,20,.300,59,88,.670,43,54,97,8,6,5,35,59,193
1,1,30,15.0,2.1,5.8,.368,1.9,5.1,.377,0.2,0.7,.300,2.0,2.9,.670,3.2,0.3,0.2,0.2,1.2,2.0,6.4
1,2,30,450,5.7,15.5,.368,5.2,13.7,.377,0.5,1.8,.300,5.2,7.8,.670,8.6,0.7,0.5,0.4,3.1,5.2,17.2
1,3,30,450,9.0,24.4,.368,8.1,21.6,.377,0.8,2.8,.300,8.3,12.3,.670,13.6,1.1,0.8,0.7,4.9,8.3,27.1,,89.9,102.3
1,4,30,450,12.7,.447,.385,.115,.506,190,11.3,15.3,13.2,4.6,0.8,1.4,14.0,31.0,,0.0,0.6,0.6,.051,,-7.1,-4.4,-11.5
2,0,27,454,40,131,.305,12,38,.316,28,93,.301,15,17,.882,10,15,25,14,13,0,20,31,123
2,1,27,16.8,1.5,4.9,.305,0.4,1.4,.316,1.0,3.4,.301,0.6,0.6,.882,0.9,0.5,0.5,0.0,0.7,1.1,4.6
2,2,27,454,3.5,11.5,.305,1.1,3.3,.316,2.5,8.2,.301,1.3,1.5,.882,2.2,1.2,1.1,0.0,1.8,2.7,10.8
2,3,27,454,5.6,18.2,.305,1.7,5.3,.316,3.9,12.9,.301,2.1,2.4,.882,3.5,1.9,1.8,0.0,2.8,4.3,17.1,,87.4,105.4
2,4,27,454,6.9,.442,.412,.710,.130,114,2.6,4.2,3.4,7.0,1.8,0.0,12.6,19.5,,-0.1,0.4,0.3,.030,,-3.3,-3.2,-6.5
3,0,2,1,0,0,,0,0,,0,0,,0,0,,0,0,0,0,0,0,0,0,0
3,1,2,0.5,0.0,0.0,,0.0,0.0,,0.0,0.0,,0.0,0.0,,0.0,0.0,0.0,0.0,0.0,0.0,0.0
3,2,2,1,0.0,0.0,,0.0,0.0,,0.0,0.0,,0.0,0.0,,0.0,0.0,0.0,0.0,0.0,0.0,0.0
3,3,2,1,0.0,0.0,,0.0,0.0,,0.0,0.0,,0.0,0.0,,0.0,0.0,0.0,0.0,0.0,0.0,0.0,,,111.4
3,4,2,1,0.0,,,,,0,0.0,0.0,0.0,0.0,0.0,0.0,,0.0,,0.0,0.0,0.0,.016,,-7.4,-0.3,-7.7
4,0,30,676,73,213,.343,13,49,.265,60,164,.366,41,47,.872,12,71,83,18,8,0,21,54,247
4,1,30,22.5,2.4,7.1,.343,0.4,1.6,.265,2.0,5.5,.366,1.4,1.6,.872,2.8,0.6,0.3,0.0,0.7,1.8,8.2
4,2,30,676,4.3,12.6,.343,0.8,2.9,.265,3.6,9.7,.366,2.4,2.8,.872,4.9,1.1,0.5,0.0,1.2,3.2,14.6
4,3,30,676,6.8,19.9,.343,1.2,4.6,.265,5.6,15.3,.366,3.8,4.4,.872,7.7,1.7,0.7,0.0,2.0,5.0,23.1,,105.3,104.2
4,4,30,676,12.6,.525,.484,.770,.221,215,2.1,13.4,7.5,6.3,0.7,0.0,8.2,21.1,,1.0,0.7,1.7,.101,,0.0,-3.9,-4.0
5,0,30,735,65,155,.419,40,82,.488,25,73,.342,51,70,.729,8,58,66,49,25,1,38,46,206
5,1,30,24.5,2.2,5.2,.419,1.3,2.7,.488,0.8,2.4,.342,1.7,2.3,.729,2.2,1.6,0.8,0.0,1.3,1.5,6.9
5,2,30,735,3.5,8.4,.419,2.2,4.5,.488,1.4,4.0,.342,2.8,3.8,.729,3.6,2.7,1.4,0.1,2.1,2.5,11.2
5,3,30,735,5.6,13.3,.419,3.4,7.0,.488,2.1,6.3,.342,4.4,6.0,.729,5.7,4.2,2.1,0.1,3.3,3.9,17.7,,103.4,102.4
5,4,30,735,12.4,.547,.500,.471,.452,200,1.3,10.1,5.5,15.1,2.1,0.2,16.8,17.1,,0.8,0.9,1.7,.094,,-1.5,-1.1,-2.6
6,0,14,158,12,33,.364,4,6,.667,8,27,.296,0,4,.000,5,21,26,4,4,3,3,14,32
6,1,14,11.3,0.9,2.4,.364,0.3,0.4,.667,0.6,1.9,.296,0.0,0.3,.000,1.9,0.3,0.3,0.2,0.2,1.0,2.3
6,2,14,158,3.0,8.4,.364,1.0,1.5,.667,2.0,6.8,.296,0.0,1.0,.000,6.6,1.0,1.0,0.8,0.8,3.5,8.1
6,3,14,158,4.8,13.2,.364,1.6,2.4,.667,3.2,10.8,.296,0.0,1.6,.000,10.4,1.6,1.6,1.2,1.2,5.6,12.8,,95.7,99.8
6,4,14,158,9.7,.458,.485,.818,.121,30,3.7,17.0,10.1,5.6,1.6,2.4,7.9,13.3,,0.1,0.2,0.3,.075,,-3.1,-0.4,-3.5
7,0,30,990,88,220,.400,54,104,.519,34,116,.293,49,69,.710,15,100,115,80,32,1,55,60,259
7,1,30,33.0,2.9,7.3,.400,1.8,3.5,.519,1.1,3.9,.293,1.6,2.3,.710,3.8,2.7,1.1,0.0,1.8,2.0,8.6
7,2,30,990,3.6,8.9,.400,2.2,4.2,.519,1.4,4.7,.293,2.0,2.8,.710,4.6,3.2,1.3,0.0,2.2,2.4,10.5
7,3,30,990,5.6,14.0,.400,3.4,6.6,.519,2.2,7.4,.293,3.1,4.4,.710,7.3,5.1,2.0,0.1,3.5,3.8,16.5,,98.7,101.6
7,4,30,990,11.8,.512,.477,.527,.314,266,1.8,12.9,7.1,18.3,2.0,0.1,17.9,17.3,,0.7,1.3,2.0,.083,,-1.4,-0.4,-1.9
8,0,28,727,137,272,.504,129,252,.512,8,20,.400,56,91,.615,46,112,158,54,33,8,71,86,338
8,1,28,26.0,4.9,9.7,.504,4.6,9.0,.512,0.3,0.7,.400,2.0,3.3,.615,5.6,1.9,1.2,0.3,2.5,3.1,12.1
8,2,28,727,7.5,15.0,.504,7.1,13.9,.512,0.4,1.1,.400,3.1,5.0,.615,8.7,3.0,1.8,0.4,3.9,4.7,18.6
8,3,28,727,11.9,23.6,.504,11.2,21.9,.512,0.7,1.7,.400,4.9,7.9,.615,13.7,4.7,2.9,0.7,6.2,7.5,29.3,,97.9,96.3
8,4,28,727,20.2,.536,.518,.074,.335,326,7.5,19.7,13.3,21.7,2.9,1.4,18.4,29.5,,0.8,1.3,2.2,.119,,-0.8,1.3,0.5
9,0,5,7,0,0,,0,0,,0,0,,2,4,.500,0,2,2,0,0,0,1,1,2
9,1,5,1.4,0.0,0.0,,0.0,0.0,,0.0,0.0,,0.4,0.8,.500,0.4,0.0,0.0,0.0,0.2,0.2,0.4
9,2,5,7,0.0,0.0,,0.0,0.0,,0.0,0.0,,11.4,22.9,.500,11.4,0.0,0.0,0.0,5.7,5.7,11.4
9,3,5,7,0.0,0.0,,0.0,0.0,,0.0,0.0,,18.0,36.1,.500,18.0,0.0,0.0,0.0,9.0,9.0,18.0,,73.5,96.9
9,4,5,7,3.5,.526,,,,2,0.0,36.5,17.5,0.0,0.0,0.0,34.5,23.0,,0.0,0.0,0.0,.000,,-15.9,-6.8,-22.7
10,0,29,203,8,18,.444,8,18,.444,0,0,,7,11,.636,6,13,19,2,4,13,8,33,23
10,1,29,7.0,0.3,0.6,.444,0.3,0.6,.444,0.0,0.0,,0.2,0.4,.636,0.7,0.1,0.1,0.4,0.3,1.1,0.8
10,2,29,203,1.6,3.5,.444,1.6,3.5,.444,0.0,0.0,,1.4,2.2,.636,3.7,0.4,0.8,2.6,1.6,6.5,4.5
10,3,29,203,2.5,5.6,.444,2.5,5.6,.444,0.0,0.0,,2.2,3.4,.636,5.9,0.6,1.2,4.0,2.5,10.3,7.2,,85.4,100.6
10,4,29,203,5.4,.495,.444,.000,.611,24,3.5,8.2,5.7,2.0,1.2,8.0,25.6,8.5,,0.0,0.3,0.3,.050,,-7.2,3.7,-3.6
11,0,30,553,45,131,.344,28,61,.459,17,70,.243,18,28,.643,27,75,102,58,19,12,39,63,125
11,1,30,18.4,1.5,4.4,.344,0.9,2.0,.459,0.6,2.3,.243,0.6,0.9,.643,3.4,1.9,0.6,0.4,1.3,2.1,4.2
11,2,30,553,3.3,9.5,.344,2.0,4.4,.459,1.2,5.1,.243,1.3,2.0,.643,7.4,4.2,1.4,0.9,2.8,4.6,9.0
11,3,30,553,5.1,14.9,.344,3.2,7.0,.459,1.9,8.0,.243,2.1,3.2,.643,11.6,6.6,2.2,1.4,4.5,7.2,14.3,,89.5,98.1
11,4,30,553,11.2,.433,.408,.534,.214,151,5.8,17.3,11.3,23.3,2.2,2.7,21.3,18.4,,0.0,0.9,0.9,.066,,-3.2,1.5,-1.7
12,0,16,57,4,10,.400,4,10,.400,0,0,,0,0,,4,6,10,1,0,1,3,11,8
12,1,16,3.6,0.3,0.6,.400,0.3,0.6,.400,0.0,0.0,,0.0,0.0,,0.6,0.1,0.0,0.1,0.2,0.7,0.5
12,2,16,57,2.8,7.0,.400,2.8,7.0,.400,0.0,0.0,,0.0,0.0,,7.0,0.7,0.0,0.7,2.1,7.7,5.6
12,3,16,57,4.4,11.1,.400,4.4,11.1,.400,0.0,0.0,,0.0,0.0,,11.1,1.1,0.0,1.1,3.3,12.2,8.9,,78.1,104.0
12,4,16,57,2.7,.400,.400,.000,.000,9,8.3,13.4,10.8,3.8,0.0,2.2,23.1,12.7,,0.0,0.1,0.0,.014,,-8.5,-1.3,-9.8
13,0,30,1036,108,234,.462,59,97,.608,49,137,.358,33,44,.750,21,101,122,73,41,3,57,89,298
13,1,30,34.5,3.6,7.8,.462,2.0,3.2,.608,1.6,4.6,.358,1.1,1.5,.750,4.1,2.4,1.4,0.1,1.9,3.0,9.9
13,2,30,1036,4.2,9.0,.462,2.3,3.7,.608,1.9,5.3,.358,1.3,1.7,.750,4.7,2.8,1.6,0.1,2.2,3.4,11.5
13,3,30,1036,6.6,14.3,.462,3.6,5.9,.608,3.0,8.3,.358,2.0,2.7,.750,7.4,4.4,2.5,0.2,3.5,5.4,18.2,,106.2,100.5
13,4,30,1036,13.9,.585,.566,.585,.188,287,2.4,12.4,7.2,16.5,2.5,0.4,18.3,16.7,,1.4,1.5,2.8,.110,,0.6,0.2,0.9
