0,0,8,12,1,3,.333,1,2,.500,0,1,.000,0,0,,0,1,1,0,0,1,0,2,2
0,1,8,1.5,0.1,0.4,.333,0.1,0.3,.500,0.0,0.1,.000,0.0,0.0,,0.1,0.0,0.0,0.1,0.0,0.3,0.3
0,2,8,12,3.3,10.0,.333,3.3,6.7,.500,0.0,3.3,.000,0.0,0.0,,3.3,0.0,0.0,3.3,0.0,6.7,6.7
0,3,8,12,5.5,16.4,.333,5.5,10.9,.500,0.0,5.5,.000,0.0,0.0,,5.5,0.0,0.0,5.5,0.0,10.9,10.9,,75.3,93.2
0,4,8,12,4.1,.333,.333,.333,.000,2,0.0,10.2,5.5,0.0,0.0,9.2,0.0,14.4,,0.0,0.0,0.0,.050,,-7.0,1.9,-5.1
1,0,31,755,126,245,.514,108,194,.557,18,51,.353,83,115,.722,34,137,171,25,25,35,57,99,353
1,1,31,24.4,4.1,7.9,.514,3.5,6.3,.557,0.6,1.6,.353,2.7,3.7,.722,5.5,0.8,0.8,1.1,1.8,3.2,11.4
1,2,31,755,6.7,13.0,.514,5.7,10.3,.557,1.0,2.7,.353,4.4,6.1,.722,9.1,1.3,1.3,1.9,3.0,5.2,18.7
1,3,31,755,11.0,21.3,.514,9.4,16.9,.557,1.6,4.4,.353,7.2,10.0,.722,14.9,2.2,2.2,3.0,5.0,8.6,30.7,,108.2,86.3
1,4,31,755,23.2,.589,.551,.208,.469,314,6.5,22.3,15.0,8.5,2.2,5.1,16.0,27.2,,1.8,2.1,3.9,.204,,1.2,3.6,4.8
2,0,31,939,81,215,.377,60,142,.423,21,73,.288,63,83,.759,4,58,62,153,49,18,60,69,246
2,1,31,30.3,2.6,6.9,.377,1.9,4.6,.423,0.7,2.4,.288,2.0,2.7,.759,2.0,4.9,1.6,0.6,1.9,2.2,7.9
2,2,31,939,3.5,9.2,.377,2.6,6.0,.423,0.9,3.1,.288,2.7,3.5,.759,2.6,6.5,2.1,0.8,2.6,2.9,10.5
2,3,31,939,5.7,15.0,.377,4.2,9.9,.423,1.5,5.1,.288,4.4,5.8,.759,4.3,10.7,3.4,1.3,4.2,4.8,17.2,,104.4,91.7
2,4,31,939,15.9,.483,.426,.340,.386,302,0.6,7.6,4.4,34.5,3.4,2.1,19.1,19.3,,1.4,2.1,3.5,.149,,1.0,2.1,3.1
3,0,5,9,0,0,,0,0,,0,0,,0,0,,0,1,1,0,0,0,0,1,0
3,1,5,1.8,0.0,0.0,,0.0,0.0,,0.0,0.0,,0.0,0.0,,0.2,0.0,0.0,0.0,0.0,0.2,0.0
3,2,5,9,0.0,0.0,,0.0,0.0,,0.0,0.0,,0.0,0.0,,4.4,0.0,0.0,0.0,0.0,4.4,0.0
3,3,5,9,0.0,0.0,,0.0,0.0,,0.0,0.0,,0.0,0.0,,7.3,0.0,0.0,0.0,0.0,7.3,0.0,,,97.8
3,4,5,9,0.2,,,,,0,0.0,13.6,7.4,0.0,0.0,0.0,,0.0,,0.0,0.0,0.0,.064,,-4.6,1.3,-3.3
4,0,5,10,1,4,.250,1,3,.333,0,1,.000,0,0,,0,0,0,0,2,0,1,1,2
4,1,5,2.0,0.2,0.8,.250,0.2,0.6,.333,0.0,0.2,.000,0.0,0.0,,0.0,0.0,0.4,0.0,0.2,0.2,0.4
4,2,5,10,4.0,16.0,.250,4.0,12.0,.333,0.0,4.0,.000,0.0,0.0,,0.0,0.0,8.0,0.0,4.0,4.0,8.0
4,3,5,10,6.6,26.3,.250,6.6,19.7,.333,0.0,6.6,.000,0.0,0.0,,0.0,0.0,13.1,0.0,6.6,6.6,13.1,,43.4,74.7
4,4,5,10,2.0,.250,.250,.250,.000,2,0.0,0.0,0.0,0.0,13.1,0.0,20.0,28.8,,-0.1,0.0,0.0,-.074,,-11.4,6.6,-4.7
5,0,1,1,0,0,,0,0,,0,0,,0,0,,0,0,0,0,0,0,0,0,0
5,1,1,1.0,0.0,0.0,,0.0,0.0,,0.0,0.0,,0.0,0.0,,0.0,0.0,0.0,0.0,0.0,0.0,0.0
5,2,1,1,0.0,0.0,,0.0,0.0,,0.0,0.0,,0.0,0.0,,0.0,0.0,0.0,0.0,0.0,0.0,0.0
5,3,1,1,0.0,0.0,,0.0,0.0,,0.0,0.0,,0.0,0.0,,0.0,0.0,0.0,0.0,0.0,0.0,0.0,,,104.0
5,4,1,1,0.0,,,,,0,0.0,0.0,0.0,0.0,0.0,0.0,,0.0,,0.0,0.0,0.0,.040,,-3.2,1.8,-1.3
6,0,2,4,0,1,.000,0,0,,0,1,.000,0,0,,0,0,0,0,0,0,0,0,0
6,1,2,2.0,0.0,0.5,.000,0.0,0.0,,0.0,0.5,.000,0.0,0.0,,0.0,0.0,0.0,0.0,0.0,0.0,0.0
6,2,2,4,0.0,10.0,.000,0.0,0.0,,0.0,10.0,.000,0.0,0.0,,0.0,0.0,0.0,0.0,0.0,0.0,0.0
6,3,2,4,0.0,16.4,.000,0.0,0.0,,0.0,16.4,.000,0.0,0.0,,0.0,0.0,0.0,0.0,0.0,0.0,0.0,,0.0,104.0
6,4,2,4,-12.0,.000,.000,1.000,.000,0,0.0,0.0,0.0,0.0,0.0,0.0,0.0,14.4,,0.0,0.0,0.0,-.154,,-9.9,-3.3,-13.3
7,0,31,945,61,147,.415,32,60,.533,29,87,.333,76,86,.884,8,70,78,100,25,2,40,47,227
7,1,31,30.5,2.0,4.7,.415,1.0,1.9,.533,0.9,2.8,.333,2.5,2.8,.884,2.5,3.2,0.8,0.1,1.3,1.5,7.3
7,2,31,945,2.6,6.2,.415,1.4,2.5,.533,1.2,3.7,.333,3.2,3.6,.884,3.3,4.2,1.1,0.1,1.7,2.0,9.6
7,3,31,945,4.2,10.2,.415,2.2,4.2,.533,2.0,6.0,.333,5.3,6.0,.884,5.4,7.0,1.7,0.1,2.8,3.3,15.8,,122.3,96.1
7,4,31,945,14.7,.604,.514,.592,.585,252,1.2,9.1,5.5,21.4,1.7,0.2,17.6,13.9,,2.2,1.7,3.9,.164,,3.6,0.9,4.6
8,0,28,326,36,79,.456,10,22,.455,26,57,.456,8,10,.800,1,13,14,8,3,0,12,15,106
8,1,28,11.6,1.3,2.8,.456,0.4,0.8,.455,0.9,2.0,.456,0.3,0.4,.800,0.5,0.3,0.1,0.0,0.4,0.5,3.8
8,2,28,326,4.4,9.7,.456,1.2,2.7,.455,3.2,7.0,.456,1.0,1.2,.800,1.7,1.0,0.4,0.0,1.5,1.8,13.0
8,3,28,326,7.3,15.9,.456,2.0,4.4,.455,5.2,11.5,.456,1.6,2.0,.800,2.8,1.6,0.6,0.0,2.4,3.0,21.4,,114.6,100.4
8,4,28,326,12.5,.633,.620,.722,.127,84,0.4,4.9,2.8,5.5,0.6,0.0,12.5,16.9,,0.6,0.4,1.0,.128,,2.6,-2.2,0.4
9,0,31,426,56,104,.538,55,101,.545,1,3,.333,38,59,.644,36,69,105,6,17,16,26,42,151
9,1,31,13.7,1.8,3.4,.538,1.8,3.3,.545,0.0,0.1,.333,1.2,1.9,.644,3.4,0.2,0.5,0.5,0.8,1.4,4.9
9,2,31,426,5.3,9.8,.538,5.2,9.5,.545,0.1,0.3,.333,3.6,5.5,.644,9.9,0.6,1.6,1.5,2.4,3.9,14.2
9,3,31,426,8.6,16.0,.538,8.5,15.6,.545,0.2,0.5,.333,5.9,9.1,.644,16.2,0.9,2.6,2.5,4.0,6.5,23.3,,108.3,87.1
9,4,31,426,20.6,.572,.543,.029,.567,145,12.1,19.9,16.3,3.3,2.6,4.1,16.5,21.4,,0.8,1.1,2.0,.184,,-0.5,2.6,2.0
10,0,2,3,0,2,.000,0,2,.000,0,0,,0,0,,0,0,0,0,0,0,0,1,0
10,1,2,1.5,0.0,1.0,.000,0.0,1.0,.000,0.0,0.0,,0.0,0.0,,0.0,0.0,0.0,0.0,0.0,0.5,0.0
10,2,2,3,0.0,26.7,.000,0.0,26.7,.000,0.0,0.0,,0.0,0.0,,0.0,0.0,0.0,0.0,0.0,13.3,0.0
10,3,2,3,0.0,43.8,.000,0.0,43.8,.000,0.0,0.0,,0.0,0.0,,0.0,0.0,0.0,0.0,0.0,21.9,0.0,,0.0,101.8
10,4,2,3,-38.3,.000,.000,.000,.000,0,0.0,0.0,0.0,0.0,0.0,0.0,0.0,38.4,,0.0,0.0,0.0,-.469,,-32.2,-9.2,-41.4
11,0,3,8,0,1,.000,0,1,.000,0,0,,0,0,,0,0,0,0,0,0,0,1,0
11,1,3,2.7,0.0,0.3,.000,0.0,0.3,.000,0.0,0.0,,0.0,0.0,,0.0,0.0,0.0,0.0,0.0,0.3,0.0
11,2,3,8,0.0,5.0,.000,0.0,5.0,.000,0.0,0.0,,0.0,0.0,,0.0,0.0,0.0,0.0,0.0,5.0,0.0
11,3,3,8,0.0,8.2,.000,0.0,8.2,.000,0.0,0.0,,0.0,0.0,,0.0,0.0,0.0,0.0,0.0,8.2,0.0,,0.0,103.2
11,4,3,8,-8.4,.000,.000,.000,.000,0,0.0,0.0,0.0,0.0,0.0,0.0,0.0,7.2,,0.0,0.0,0.0,-.054,,-8.6,-0.2,-8.7
12,0,31,801,96,213,.451,30,52,.577,66,161,.410,54,69,.783,19,63,82,27,19,4,29,33,312
12,1,31,25.8,3.1,6.9,.451,1.0,1.7,.577,2.1,5.2,.410,1.7,2.2,.783,2.6,0.9,0.6,0.1,0.9,1.1,10.1
12,2,31,801,4.8,10.6,.451,1.5,2.6,.577,3.3,8.0,.410,2.7,3.4,.783,4.1,1.3,0.9,0.2,1.4,1.6,15.6
12,3,31,801,7.9,17.5,.451,2.5,4.3,.577,5.4,13.2,.410,4.4,5.7,.783,6.7,2.2,1.6,0.3,2.4,2.7,25.6,,123.4,96.1
12,4,31,801,19.0,.635,.606,.756,.324,268,3.4,9.7,6.8,7.7,1.6,0.5,10.6,19.8,,2.4,1.4,3.8,.191,,6.3,-0.2,6.0
13,0,30,417,29,57,.509,29,57,.509,0,0,,42,55,.764,19,28,47,36,13,8,35,33,100
13,1,30,13.9,1.0,1.9,.509,1.0,1.9,.509,0.0,0.0,,1.4,1.8,.764,1.6,1.2,0.4,0.3,1.2,1.1,3.3
13,2,30,417,2.8,5.5,.509,2.8,5.5,.509,0.0,0.0,,4.0,5.3,.764,4.5,3.5,1.2,0.8,3.4,3.2,9.6
13,3,30,417,4.6,9.0,.509,4.6,9.0,.509,0.0,0.0,,6.6,8.7,.764,7.4,5.7,2.0,1.3,5.5,5.2,15.8,,104.6,94.4
13,4,30,417,13.5,.602,.509,.000,.965,117,6.6,8.2,7.5,17.7,2.0,2.1,29.6,16.3,,0.6,0.8,1.4,.131,,-0.2,2.6,2.4
14,0,8,17,1,1,1.000,1,1,1.000,0,0,,1,2,.500,0,4,4,0,0,2,5,8,3
14,1,8,2.1,0.1,0.1,1.000,0.1,0.1,1.000,0.0,0.0,,0.1,0.3,.500,0.5,0.0,0.0,0.3,0.6,1.0,0.4
14,2,8,17,2.4,2.4,1.000,2.4,2.4,1.000,0.0,0.0,,2.4,4.7,.500,9.4,0.0,0.0,4.7,11.8,18.8,7.1
14,3,8,17,3.9,3.9,1.000,3.9,3.9,1.000,0.0,0.0,,3.9,7.7,.500,15.5,0.0,0.0,7.7,19.3,30.9,11.6,,34.0,81.3
14,4,8,17,-9.8,.769,1.000,.000,2.000,2,0.0,28.9,15.6,0.0,0.0,12.9,71.9,23.6,,-0.1,0.1,-0.1,-.138,,-18.9,5.1,-13.7
15,0,30,196,21,43,.488,21,43,.488,0,0,,29,40,.725,23,28,51,6,6,7,21,25,71
15,1,30,6.5,0.7,1.4,.488,0.7,1.4,.488,0.0,0.0,,1.0,1.3,.725,1.7,0.2,0.2,0.2,0.7,0.8,2.4
15,2,30,196,4.3,8.8,.488,4.3,8.8,.488,0.0,0.0,,5.9,8.2,.725,10.4,1.2,1.2,1.4,4.3,5.1,14.5
15,3,30,196,7.0,14.4,.488,7.0,14.4,.488,0.0,0.0,,9.7,13.4,.725,17.1,2.0,2.0,2.3,7.0,8.4,23.8,,102.5,89.3
15,4,30,196,18.7,.573,.488,.000,.930,77,16.9,17.5,17.2,6.8,2.0,3.9,25.3,24.4,,0.3,0.5,0.8,.164,,-1.3,2.3,1.1
16,0,1,2,0,0,,0,0,,0,0,,0,0,,0,0,0,0,0,0,0,0,0
16,1,1,2.0,0.0,0.0,,0.0,0.0,,0.0,0.0,,0.0,0.0,,0.0,0.0,0.0,0.0,0.0,0.0,0.0
16,2,1,2,0.0,0.0,,0.0,0.0,,0.0,0.0,,0.0,0.0,,0.0,0.0,0.0,0.0,0.0,0.0,0.0
16,3,1,2,0.0,0.0,,0.0,0.0,,0.0,0.0,,0.0,0.0,,0.0,0.0,0.0,0.0,0.0,0.0,0.0,,,104.0
16,4,1,2,0.0,,,,,0,0.0,0.0,0.0,0.0,0.0,0.0,,0.0,,0.0,0.0,0.0,.040,,-3.2,1.9,-1.3
17,0,29,484,47,138,.341,23,55,.418,24,83,.289,12,15,.800,15,40,55,21,10,1,24,22,130
17,1,29,16.7,1.6,4.8,.341,0.8,1.9,.418,0.8,2.9,.289,0.4,0.5,.800,1.9,0.7,0.3,0.0,0.8,0.8,4.5
17,2,29,484,3.9,11.4,.341,1.9,4.5,.418,2.0,6.9,.289,1.0,1.2,.800,4.5,1.7,0.8,0.1,2.0,1.8,10.7
17,3,29,484,6.4,18.7,.341,3.1,7.5,.418,3.3,11.3,.289,1.6,2.0,.800,7.5,2.9,1.4,0.1,3.3,3.0,17.6,,91.5,96.5
17,4,29,484,9.4,.448,.428,.601,.109,126,4.5,10.1,7.5,9.4,1.4,0.2,14.2,20.1,,0.1,0.8,1.0,.079,,-0.8,-0.3,-1.2
18,0,31,870,139,237,.586,139,237,.586,0,0,,52,79,.658,67,185,252,19,15,43,63,74,330
18,1,31,28.1,4.5,7.6,.586,4.5,7.6,.586,0.0,0.0,,1.7,2.5,.658,8.1,0.6,0.5,1.4,2.0,2.4,10.6
18,2,31,870,6.4,10.9,.586,6.4,10.9,.586,0.0,0.0,,2.4,3.6,.658,11.6,0.9,0.7,2.0,2.9,3.4,15.2
18,3,31,870,10.5,17.9,.586,10.5,17.9,.586,0.0,0.0,,3.9,6.0,.658,19.0,1.4,1.1,3.2,4.8,5.6,24.9,,107.3,87.1
18,4,31,870,21.9,.601,.586,.000,.333,306,11.1,26.1,19.2,5.5,1.1,5.4,18.7,22.4,,1.7,2.3,4.0,.183,,-0.2,3.5,3.3
