0,0,6,10,0,1,.000,0,1,.000,0,0,,0,0,,2,2,4,1,0,0,2,0,0
0,1,6,1.7,0.0,0.2,.000,0.0,0.2,.000,0.0,0.0,,0.0,0.0,,0.7,0.2,0.0,0.0,0.3,0.0,0.0
0,2,6,10,0.0,4.0,.000,0.0,4.0,.000,0.0,0.0,,0.0,0.0,,16.0,4.0,0.0,0.0,8.0,0.0,0.0
0,3,6,10,0.0,6.2,.000,0.0,6.2,.000,0.0,0.0,,0.0,0.0,,24.8,6.2,0.0,0.0,12.4,0.0,0.0,,51.2,96.9
0,4,6,10,-0.4,.000,.000,.000,.000,2,25.5,24.2,24.8,16.5,0.0,0.0,66.7,16.0,,0.0,0.0,0.0,-.086,,-10.4,2.9,-7.5
1,0,10,21,0,0,,0,0,,0,0,,5,6,.833,0,3,3,1,0,0,1,1,5
1,1,10,2.1,0.0,0.0,,0.0,0.0,,0.0,0.0,,0.5,0.6,.833,0.3,0.1,0.0,0.0,0.1,0.1,0.5
1,2,10,21,0.0,0.0,,0.0,0.0,,0.0,0.0,,9.5,11.4,.833,5.7,1.9,0.0,0.0,1.9,1.9,9.5
1,3,10,21,0.0,0.0,,0.0,0.0,,0.0,0.0,,14.7,17.7,.833,8.8,2.9,0.0,0.0,2.9,2.9,14.7,,148.3,99.6
1,4,10,21,13.1,.877,,,,5,0.0,17.3,8.9,7.9,0.0,0.0,26.0,9.8,,0.1,0.0,0.1,.178,,-0.2,-0.3,-0.5
2,0,32,703,117,254,.461,110,228,.482,7,26,.269,68,100,.680,41,138,179,42,22,37,46,108,309
2,1,32,22.0,3.7,7.9,.461,3.4,7.1,.482,0.2,0.8,.269,2.1,3.1,.680,5.6,1.3,0.7,1.2,1.4,3.4,9.7
2,2,32,703,6.7,14.5,.461,6.3,13.0,.482,0.4,1.5,.269,3.9,5.7,.680,10.2,2.4,1.3,2.1,2.6,6.1,17.6
2,3,32,703,10.3,22.4,.461,9.7,20.1,.482,0.6,2.3,.269,6.0,8.8,.680,15.8,3.7,1.9,3.3,4.1,9.5,27.2,,104.6,88.9
2,4,32,703,19.7,.512,.474,.102,.394,298,7.4,23.7,15.8,13.6,1.9,5.9,13.2,26.3,,1.0,1.9,3.0,.169,,-1.3,4.7,3.4
3,0,32,1099,104,272,.382,54,141,.383,50,131,.382,96,131,.733,15,62,77,143,41,1,74,33,354
3,1,32,34.3,3.3,8.5,.382,1.7,4.4,.383,1.6,4.1,.382,3.0,4.1,.733,2.4,4.5,1.3,0.0,2.3,1.0,11.1
3,2,32,1099,3.8,9.9,.382,2.0,5.1,.383,1.8,4.8,.382,3.5,4.8,.733,2.8,5.2,1.5,0.0,2.7,1.2,12.9
3,3,32,1099,5.9,15.3,.382,3.0,7.9,.383,2.8,7.4,.382,5.4,7.4,.733,4.3,8.1,2.3,0.1,4.2,1.9,20.0,,107.9,99.0
3,4,32,1099,14.6,.530,.474,.482,.482,383,1.7,6.8,4.3,25.5,2.3,0.1,18.1,19.8,,1.6,2.0,3.6,.132,,1.9,0.3,2.2
4,0,30,303,34,61,.557,34,61,.557,0,0,,17,24,.708,17,41,58,12,10,21,21,43,85
4,1,30,10.1,1.1,2.0,.557,1.1,2.0,.557,0.0,0.0,,0.6,0.8,.708,1.9,0.4,0.3,0.7,0.7,1.4,2.8
4,2,30,303,4.5,8.1,.557,4.5,8.1,.557,0.0,0.0,,2.2,3.2,.708,7.7,1.6,1.3,2.8,2.8,5.7,11.2
4,3,30,303,7.0,12.5,.557,7.0,12.5,.557,0.0,0.0,,3.5,4.9,.708,11.9,2.5,2.0,4.3,4.3,8.8,17.4,,103.6,90.9
4,4,30,303,15.2,.587,.557,.000,.393,84,7.1,16.4,11.9,8.0,2.0,7.8,22.5,16.4,,0.3,0.8,1.0,.138,,-2.2,6.0,3.9
5,0,23,600,77,168,.458,46,85,.541,31,83,.373,31,53,.585,12,56,68,64,32,12,33,45,216
5,1,23,26.1,3.3,7.3,.458,2.0,3.7,.541,1.3,3.6,.373,1.3,2.3,.585,3.0,2.8,1.4,0.5,1.4,2.0,9.4
5,2,23,600,5.1,11.2,.458,3.1,5.7,.541,2.1,5.5,.373,2.1,3.5,.585,4.5,4.3,2.1,0.8,2.2,3.0,14.4
5,3,23,600,7.9,17.3,.458,4.7,8.8,.541,3.2,8.6,.373,3.2,5.5,.585,7.0,6.6,3.3,1.2,3.4,4.6,22.3,,112.1,93.5
5,4,23,600,18.3,.559,.551,.494,.315,213,2.5,11.3,7.0,22.4,3.3,2.3,14.6,20.1,,1.1,1.4,2.5,.167,,3.3,3.0,6.4
6,0,22,126,25,57,.439,25,57,.439,0,0,,14,22,.636,20,18,38,3,1,6,9,19,64
6,1,22,5.7,1.1,2.6,.439,1.1,2.6,.439,0.0,0.0,,0.6,1.0,.636,1.7,0.1,0.0,0.3,0.4,0.9,2.9
6,2,22,126,7.9,18.1,.439,7.9,18.1,.439,0.0,0.0,,4.4,7.0,.636,12.1,1.0,0.3,1.9,2.9,6.0,20.3
6,3,22,126,12.3,28.0,.439,12.3,28.0,.439,0.0,0.0,,6.9,10.8,.636,18.7,1.5,0.5,2.9,4.4,9.3,31.5,,102.1,95.2
6,4,22,126,20.1,.474,.439,.000,.386,65,20.2,17.3,18.7,5.9,0.5,5.4,11.8,32.3,,0.2,0.3,0.5,.145,,-3.4,-0.9,-4.2
7,0,7,17,2,3,.667,0,0,,2,3,.667,0,0,,0,0,0,1,2,0,1,1,6
7,1,7,2.4,0.3,0.4,.667,0.0,0.0,,0.3,0.4,.667,0.0,0.0,,0.0,0.1,0.3,0.0,0.1,0.1,0.9
7,2,7,17,4.7,7.1,.667,0.0,0.0,,4.7,7.1,.667,0.0,0.0,,0.0,2.4,4.7,0.0,2.4,2.4,14.1
7,3,7,17,7.3,10.9,.667,0.0,0.0,,7.3,10.9,.667,0.0,0.0,,0.0,3.6,7.3,0.0,3.6,3.6,21.9,,138.2,90.8
7,4,7,17,22.0,1.000,1.000,1.000,.000,4,0.0,0.0,0.0,12.1,7.3,0.0,25.0,12.5,,0.0,0.0,0.1,.204,,6.6,0.9,7.5
8,0,11,53,7,19,.368,5,9,.556,2,10,.200,0,0,,1,4,5,3,6,1,5,8,16
8,1,11,4.8,0.6,1.7,.368,0.5,0.8,.556,0.2,0.9,.200,0.0,0.0,,0.5,0.3,0.5,0.1,0.5,0.7,1.5
8,2,11,53,5.3,14.3,.368,3.8,6.8,.556,1.5,7.5,.200,0.0,0.0,,3.8,2.3,4.5,0.8,3.8,6.0,12.1
8,3,11,53,8.2,22.2,.368,5.8,10.5,.556,2.3,11.7,.200,0.0,0.0,,5.8,3.5,7.0,1.2,5.8,9.3,18.7,,77.1,85.9
8,4,11,53,9.8,.421,.421,.526,.000,15,2.4,9.1,5.9,12.0,7.0,2.1,20.8,24.1,,-0.1,0.2,0.1,.056,,-3.4,4.7,1.3
9,0,4,4,0,0,,0,0,,0,0,,0,0,,0,0,0,0,0,0,1,1,0
9,1,4,1.0,0.0,0.0,,0.0,0.0,,0.0,0.0,,0.0,0.0,,0.0,0.0,0.0,0.0,0.3,0.3,0.0
9,2,4,4,0.0,0.0,,0.0,0.0,,0.0,0.0,,0.0,0.0,,0.0,0.0,0.0,0.0,10.0,10.0,0.0
9,3,4,4,0.0,0.0,,0.0,0.0,,0.0,0.0,,0.0,0.0,,0.0,0.0,0.0,0.0,15.5,15.5,0.0,,0.0,106.0
9,4,4,4,-20.5,,,,,0,0.0,0.0,0.0,0.0,0.0,0.0,100.0,13.3,,0.0,0.0,0.0,-.224,,-16.4,1.9,-14.5
10,0,32,806,118,219,.539,118,218,.541,0,1,.000,99,129,.767,64,127,191,19,24,43,42,90,335
10,1,32,25.2,3.7,6.8,.539,3.7,6.8,.541,0.0,0.0,.000,3.1,4.0,.767,6.0,0.6,0.8,1.3,1.3,2.8,10.5
10,2,32,806,5.9,10.9,.539,5.9,10.8,.541,0.0,0.0,.000,4.9,6.4,.767,9.5,0.9,1.2,2.1,2.1,4.5,16.6
10,3,32,806,9.1,16.8,.539,9.1,16.8,.541,0.0,0.1,.000,7.6,9.9,.767,14.7,1.5,1.8,3.3,3.2,6.9,25.7,,119.2,91.3
10,4,32,806,22.1,.598,.539,.005,.589,317,10.1,19.1,14.7,5.1,1.8,6.0,13.0,21.3,,2.1,2.0,4.1,.206,,0.7,3.9,4.5
11,0,2,2,1,1,1.000,0,0,,1,1,1.000,0,0,,0,1,1,0,0,0,1,0,3
11,1,2,1.0,0.5,0.5,1.000,0.0,0.0,,0.5,0.5,1.000,0.0,0.0,,0.5,0.0,0.0,0.0,0.5,0.0,1.5
11,2,2,2,20.0,20.0,1.000,0.0,0.0,,20.0,20.0,1.000,0.0,0.0,,20.0,0.0,0.0,0.0,20.0,0.0,60.0
11,3,2,2,31.0,31.0,1.000,0.0,0.0,,31.0,31.0,1.000,0.0,0.0,,31.0,0.0,0.0,0.0,31.0,0.0,92.9,,55.7,81.3
11,4,2,2,60.4,1.500,1.500,1.000,.000,1,0.0,60.5,31.0,0.0,0.0,0.0,50.0,53.3,,0.0,0.0,0.0,-.125,,9.9,-11.0,-1.0
12,0,15,53,1,4,.250,1,3,.333,0,1,.000,3,5,.600,1,2,3,6,1,0,2,9,5
12,1,15,3.5,0.1,0.3,.250,0.1,0.2,.333,0.0,0.1,.000,0.2,0.3,.600,0.2,0.4,0.1,0.0,0.1,0.6,0.3
12,2,15,53,0.8,3.0,.250,0.8,2.3,.333,0.0,0.8,.000,2.3,3.8,.600,2.3,4.5,0.8,0.0,1.5,6.8,3.8
12,3,15,53,1.2,4.7,.250,1.2,3.5,.333,0.0,1.2,.000,3.5,5.8,.600,3.5,7.0,1.2,0.0,2.3,10.5,5.8,,98.7,101.8
12,4,15,53,3.7,.392,.250,.250,1.250,8,2.4,4.6,3.5,19.3,1.2,0.0,23.9,8.4,,0.0,0.1,0.1,.074,,-3.2,-0.6,-3.8
13,0,25,225,25,44,.568,24,42,.571,1,2,.500,15,29,.517,13,27,40,7,7,3,15,22,66
13,1,25,9.0,1.0,1.8,.568,1.0,1.7,.571,0.0,0.1,.500,0.6,1.2,.517,1.6,0.3,0.3,0.1,0.6,0.9,2.6
13,2,25,225,4.4,7.8,.568,4.3,7.5,.571,0.2,0.4,.500,2.7,5.2,.517,7.1,1.2,1.2,0.5,2.7,3.9,11.7
13,3,25,225,6.9,12.1,.568,6.6,11.6,.571,0.3,0.6,.500,4.1,8.0,.517,11.0,1.9,1.9,0.8,4.1,6.1,18.2,,102.0,95.5
13,4,25,225,13.0,.571,.580,.045,.659,63,7.4,14.5,11.0,6.3,1.9,1.5,20.6,17.2,,0.2,0.5,0.7,.117,,-1.9,1.6,-0.3
14,0,32,1079,93,210,.443,13,24,.542,80,186,.430,51,63,.810,25,71,96,24,29,3,22,65,317
14,1,32,33.7,2.9,6.6,.443,0.4,0.8,.542,2.5,5.8,.430,1.6,2.0,.810,3.0,0.8,0.9,0.1,0.7,2.0,9.9
14,2,32,1079,3.4,7.8,.443,0.5,0.9,.542,3.0,6.9,.430,1.9,2.3,.810,3.6,0.9,1.1,0.1,0.8,2.4,11.8
14,3,32,1079,5.3,12.1,.443,0.7,1.4,.542,4.6,10.7,.430,2.9,3.6,.810,5.5,1.4,1.7,0.2,1.3,3.7,18.2,,133.2,99.7
14,4,32,1079,13.7,.661,.633,.886,.300,269,3.0,8.0,5.5,4.3,1.7,0.3,8.4,12.9,,2.4,1.9,4.3,.160,,5.1,0.9,6.1
15,0,30,1011,140,302,.464,130,268,.485,10,34,.294,135,177,.763,31,106,137,115,52,21,69,70,425
15,1,30,33.7,4.7,10.1,.464,4.3,8.9,.485,0.3,1.1,.294,4.5,5.9,.763,4.6,3.8,1.7,0.7,2.3,2.3,14.2
15,2,30,1011,5.5,11.9,.464,5.1,10.6,.485,0.4,1.3,.294,5.3,7.0,.763,5.4,4.5,2.1,0.8,2.7,2.8,16.8
15,3,30,1011,8.6,18.5,.464,8.0,16.4,.485,0.6,2.1,.294,8.3,10.8,.763,8.4,7.0,3.2,1.3,4.2,4.3,26.0,,112.9,93.2
15,4,30,1011,21.0,.550,.480,.113,.586,438,3.9,12.7,8.4,24.4,3.2,2.3,15.2,24.0,,2.4,2.4,4.7,.187,,2.4,3.9,6.2
16,0,2,3,0,1,.000,0,1,.000,0,0,,0,0,,0,0,0,0,0,0,0,0,0
16,1,2,1.5,0.0,0.5,.000,0.0,0.5,.000,0.0,0.0,,0.0,0.0,,0.0,0.0,0.0,0.0,0.0,0.0,0.0
16,2,2,3,0.0,13.3,.000,0.0,13.3,.000,0.0,0.0,,0.0,0.0,,0.0,0.0,0.0,0.0,0.0,0.0,0.0
16,3,2,3,0.0,20.6,.000,0.0,20.6,.000,0.0,0.0,,0.0,0.0,,0.0,0.0,0.0,0.0,0.0,0.0,0.0,,0.0,107.2
16,4,2,3,-15.1,.000,.000,.000,.000,0,0.0,0.0,0.0,0.0,0.0,0.0,0.0,17.8,,0.0,0.0,0.0,-.192,,-17.3,-3.4,-20.7
17,0,30,385,42,75,.560,42,75,.560,0,0,,53,72,.736,47,47,94,8,16,7,16,51,137
17,1,30,12.8,1.4,2.5,.560,1.4,2.5,.560,0.0,0.0,,1.8,2.4,.736,3.1,0.3,0.5,0.2,0.5,1.7,4.6
17,2,30,385,4.4,7.8,.560,4.4,7.8,.560,0.0,0.0,,5.5,7.5,.736,9.8,0.8,1.7,0.7,1.7,5.3,14.2
17,3,30,385,6.8,12.1,.560,6.8,12.1,.560,0.0,0.0,,8.5,11.6,.736,15.1,1.3,2.6,1.1,2.6,8.2,22.0,,130.6,93.5
17,4,30,385,21.2,.627,.560,.000,.960,144,15.5,14.8,15.1,4.2,2.6,2.0,12.8,17.3,,1.2,0.9,2.1,.222,,2.6,1.8,4.5
