0,0,31,1014,185,415,.446,77,192,.401,108,223,.484,155,187,.829,16,62,78,42,34,11,53,65,633
0,1,31,32.7,6.0,13.4,.446,2.5,6.2,.401,3.5,7.2,.484,5.0,6.0,.829,2.5,1.4,1.1,0.4,1.7,2.1,20.4
0,2,31,1014,7.3,16.4,.446,3.0,7.6,.401,4.3,8.8,.484,6.1,7.4,.829,3.1,1.7,1.3,0.4,2.1,2.6,25.0
0,3,31,1014,11.2,25.1,.446,4.7,11.6,.401,6.5,13.5,.484,9.4,11.3,.829,4.7,2.5,2.1,0.7,3.2,3.9,38.4,,125.7,109.5
0,4,31,1014,26.7,.628,.576,.537,.451,539,1.9,7.0,4.5,10.1,2.1,1.3,9.5,28.9,,4.7,0.5,5.2,.206,,7.2,-4.6,2.7
1,0,28,433,37,93,.398,20,45,.444,17,48,.354,20,30,.667,13,31,44,13,9,2,28,43,111
1,1,28,15.5,1.3,3.3,.398,0.7,1.6,.444,0.6,1.7,.354,0.7,1.1,.667,1.6,0.5,0.3,0.1,1.0,1.5,4.0
1,2,28,433,3.4,8.6,.398,1.8,4.2,.444,1.6,4.4,.354,1.8,2.8,.667,4.1,1.2,0.8,0.2,2.6,4.0,10.3
1,3,28,433,5.3,13.2,.398,2.8,6.4,.444,2.4,6.8,.354,2.8,4.3,.667,6.2,1.8,1.3,0.3,4.0,6.1,15.8,,93.8,110.8
1,4,28,433,7.9,.517,.489,.516,.323,105,3.6,8.2,5.9,5.9,1.3,0.5,20.7,16.4,,0.2,0.2,0.3,.029,,-2.7,-3.5,-6.2
2,0,8,19,4,11,.364,4,9,.444,0,2,.000,0,0,,2,2,4,1,1,1,1,1,8
2,1,8,2.4,0.5,1.4,.364,0.5,1.1,.444,0.0,0.3,.000,0.0,0.0,,0.5,0.1,0.1,0.1,0.1,0.1,1.0
2,2,8,19,8.4,23.2,.364,8.4,18.9,.444,0.0,4.2,.000,0.0,0.0,,8.4,2.1,2.1,2.1,2.1,2.1,16.8
2,3,8,19,12.9,35.6,.364,12.9,29.1,.444,0.0,6.5,.000,0.0,0.0,,12.9,3.2,3.2,3.2,3.2,3.2,25.9,,84.7,102.3
2,4,8,19,16.9,.364,.364,.182,.000,8,12.5,12.1,12.3,13.8,3.2,6.3,8.3,33.2,,0.0,0.0,0.0,.021,,-5.2,-0.8,-6.0
3,0,8,14,3,8,.375,2,4,.500,1,4,.250,1,5,.200,1,3,4,1,2,0,1,1,8
3,1,8,1.8,0.4,1.0,.375,0.3,0.5,.500,0.1,0.5,.250,0.1,0.6,.200,0.5,0.1,0.3,0.0,0.1,0.1,1.0
3,2,8,14,8.6,22.9,.375,5.7,11.4,.500,2.9,11.4,.250,2.9,14.3,.200,11.4,2.9,5.7,0.0,2.9,2.9,22.9
3,3,8,14,13.2,35.1,.375,8.8,17.6,.500,4.4,17.6,.250,4.4,21.9,.200,17.6,4.4,8.8,0.0,4.4,4.4,35.1,,83.1,86.6
3,4,8,14,23.3,.386,.438,.500,.625,8,8.5,24.7,16.7,18.9,8.8,0.0,8.8,42.8,,0.0,0.0,0.0,.061,,0.0,0.4,0.4
4,0,31,572,38,91,.418,38,91,.418,0,0,,13,40,.325,39,65,104,10,14,13,21,75,89
4,1,31,18.5,1.2,2.9,.418,1.2,2.9,.418,0.0,0.0,,0.4,1.3,.325,3.4,0.3,0.5,0.4,0.7,2.4,2.9
4,2,31,572,2.7,6.4,.418,2.7,6.4,.418,0.0,0.0,,0.9,2.8,.325,7.3,0.7,1.0,0.9,1.5,5.2,6.2
4,3,31,572,4.1,9.8,.418,4.1,9.8,.418,0.0,0.0,,1.4,4.3,.325,11.2,1.1,1.5,1.4,2.3,8.1,9.6,,88.5,106.8
4,4,31,572,7.2,.405,.418,.000,.440,101,8.1,13.1,10.6,3.3,1.5,2.7,16.0,12.1,,0.0,0.4,0.4,.028,,-4.7,-0.6,-5.3
5,0,21,93,7,14,.500,6,8,.750,1,6,.167,1,2,.500,5,13,18,2,3,2,1,11,16
5,1,21,4.4,0.3,0.7,.500,0.3,0.4,.750,0.0,0.3,.167,0.0,0.1,.500,0.9,0.1,0.1,0.1,0.0,0.5,0.8
5,2,21,93,3.0,6.0,.500,2.6,3.4,.750,0.4,2.6,.167,0.4,0.9,.500,7.7,0.9,1.3,0.9,0.4,4.7,6.9
5,3,21,93,4.6,9.3,.500,4.0,5.3,.750,0.7,4.0,.167,0.7,1.3,.500,11.9,1.3,2.0,1.3,0.7,7.3,10.6,,122.0,104.4
5,4,21,93,12.2,.535,.536,.429,.143,17,6.4,16.1,11.3,4.2,2.0,2.6,6.3,9.0,,0.1,0.1,0.2,.096,,-1.3,-0.8,-2.1
6,0,30,769,112,194,.577,112,192,.583,0,2,.000,60,117,.513,91,126,217,20,22,21,47,83,284
6,1,30,25.6,3.7,6.5,.577,3.7,6.4,.583,0.0,0.1,.000,2.0,3.9,.513,7.2,0.7,0.7,0.7,1.6,2.8,9.5
6,2,30,769,5.8,10.1,.577,5.8,10.0,.583,0.0,0.1,.000,3.1,6.1,.513,11.3,1.0,1.1,1.1,2.4,4.3,14.8
6,3,30,769,8.9,15.5,.577,8.9,15.3,.583,0.0,0.2,.000,4.8,9.3,.513,17.3,1.6,1.8,1.7,3.8,6.6,22.7,,111.7,103.4
6,4,30,769,20.8,.569,.577,.010,.603,287,14.0,18.9,16.5,5.8,1.8,3.2,15.8,20.3,,1.8,0.8,2.6,.134,,-0.1,-0.9,-1.0
7,0,31,639,60,165,.364,48,122,.393,12,43,.279,52,78,.667,14,42,56,81,14,2,55,58,184
7,1,31,20.6,1.9,5.3,.364,1.5,3.9,.393,0.4,1.4,.279,1.7,2.5,.667,1.8,2.6,0.5,0.1,1.8,1.9,5.9
7,2,31,639,3.8,10.3,.364,3.0,7.6,.393,0.8,2.7,.279,3.3,4.9,.667,3.5,5.1,0.9,0.1,3.4,3.6,11.5
7,3,31,639,5.8,15.9,.364,4.6,11.7,.393,1.2,4.1,.279,5.0,7.5,.667,5.4,7.8,1.3,0.2,5.3,5.6,17.7,,93.7,111.1
7,4,31,639,10.0,.455,.400,.261,.473,212,2.6,7.6,5.1,25.4,1.3,0.4,21.4,21.2,,0.3,0.2,0.5,.033,,-3.5,-4.1,-7.6
8,0,1,1,0,0,,0,0,,0,0,,0,0,,0,0,0,0,0,0,0,0,0
8,1,1,1.0,0.0,0.0,,0.0,0.0,,0.0,0.0,,0.0,0.0,,0.0,0.0,0.0,0.0,0.0,0.0,0.0
8,2,1,1,0.0,0.0,,0.0,0.0,,0.0,0.0,,0.0,0.0,,0.0,0.0,0.0,0.0,0.0,0.0,0.0
8,3,1,1,0.0,0.0,,0.0,0.0,,0.0,0.0,,0.0,0.0,,0.0,0.0,0.0,0.0,0.0,0.0,0.0,,,118.5
8,4,1,1,0.0,,,,,0,0.0,0.0,0.0,0.0,0.0,0.0,,0.0,,0.0,0.0,0.0,-.016,,-5.2,-1.9,-7.1
9,0,30,836,55,141,.390,15,35,.429,40,106,.377,18,22,.818,24,99,123,31,9,11,34,76,168
9,1,30,27.9,1.8,4.7,.390,0.5,1.2,.429,1.3,3.5,.377,0.6,0.7,.818,4.1,1.0,0.3,0.4,1.1,2.5,5.6
9,2,30,836,2.6,6.7,.390,0.7,1.7,.429,1.9,5.1,.377,0.9,1.1,.818,5.9,1.5,0.4,0.5,1.6,3.6,8.0
9,3,30,836,4.0,10.4,.390,1.1,2.6,.429,2.9,7.8,.377,1.3,1.6,.818,9.0,2.3,0.7,0.8,2.5,5.6,12.3,,105.9,109.2
9,4,30,836,9.0,.555,.532,.752,.156,164,3.4,13.6,8.6,7.0,0.7,1.6,18.3,11.7,,0.8,0.4,1.2,.058,,-0.6,-1.7,-2.2
10,0,31,973,157,345,.455,95,189,.503,62,156,.397,107,132,.811,37,130,167,92,36,14,72,79,483
10,1,31,31.4,5.1,11.1,.455,3.1,6.1,.503,2.0,5.0,.397,3.5,4.3,.811,5.4,3.0,1.2,0.5,2.3,2.5,15.6
10,2,31,973,6.5,14.2,.455,3.9,7.8,.503,2.5,6.4,.397,4.4,5.4,.811,6.9,3.8,1.5,0.6,3.0,3.2,19.9
10,3,31,973,9.9,21.8,.455,6.0,11.9,.503,3.9,9.9,.397,6.8,8.3,.811,10.5,5.8,2.3,0.9,4.5,5.0,30.5,,117.1,104.8
10,4,31,973,24.1,.592,.545,.452,.383,469,4.5,15.4,10.0,22.0,2.3,1.7,15.0,25.9,,3.4,0.9,4.3,.177,,4.9,-1.3,3.6
11,0,29,461,35,88,.398,34,76,.447,1,12,.083,11,17,.647,13,25,38,74,13,1,36,38,82
11,1,29,15.9,1.2,3.0,.398,1.2,2.6,.447,0.0,0.4,.083,0.4,0.6,.647,1.3,2.6,0.4,0.0,1.2,1.3,2.8
11,2,29,461,3.0,7.6,.398,3.0,6.6,.447,0.1,1.0,.083,1.0,1.5,.647,3.3,6.4,1.1,0.1,3.1,3.3,7.1
11,3,29,461,4.7,11.7,.398,4.5,10.1,.447,0.1,1.6,.083,1.5,2.3,.647,5.1,9.9,1.7,0.1,4.8,5.1,10.9,,93.4,110.9
11,4,29,461,9.0,.427,.403,.136,.193,119,3.3,6.2,4.8,31.1,1.7,0.3,27.3,15.1,,0.2,0.2,0.3,.028,,-4.1,-4.0,-8.1
12,0,31,476,53,133,.398,32,79,.405,21,54,.389,10,24,.417,29,59,88,22,17,10,29,46,137
12,1,31,15.4,1.7,4.3,.398,1.0,2.5,.405,0.7,1.7,.389,0.3,0.8,.417,2.8,0.7,0.5,0.3,0.9,1.5,4.4
12,2,31,476,4.5,11.2,.398,2.7,6.6,.405,1.8,4.5,.389,0.8,2.0,.417,7.4,1.8,1.4,0.8,2.4,3.9,11.5
12,3,31,476,6.8,17.2,.398,4.1,10.2,.405,2.7,7.0,.389,1.3,3.1,.417,11.4,2.8,2.2,1.3,3.7,5.9,17.7,,95.3,105.0
12,4,31,476,12.7,.474,.477,.406,.180,139,7.2,14.3,10.8,9.6,2.2,2.5,16.7,19.2,,0.3,0.4,0.7,.060,,-2.2,-1.2,-3.3
