0,0,17,149,6,13,.462,4,8,.500,2,5,.400,3,6,.500,0,9,9,13,4,0,6,15,17
0,1,17,8.8,0.4,0.8,.462,0.2,0.5,.500,0.1,0.3,.400,0.2,0.4,.500,0.5,0.8,0.2,0.0,0.4,0.9,1.0
0,2,17,149,1.6,3.5,.462,1.1,2.1,.500,0.5,1.3,.400,0.8,1.6,.500,2.4,3.5,1.1,0.0,1.6,4.0,4.6
0,3,17,149,2.5,5.5,.462,1.7,3.4,.500,0.8,2.1,.400,1.3,2.5,.500,3.8,5.5,1.7,0.0,2.5,6.3,7.2,,100.5,107.7
0,4,17,149,6.0,.536,.538,.385,.462,21,0.0,7.5,3.8,14.7,1.7,0.0,27.5,8.0,,0.1,0.1,0.2,.048,,-3.1,-2.1,-5.2
1,0,30,930,226,414,.546,226,409,.553,0,5,.000,119,159,.748,93,84,177,39,38,32,52,62,571
1,1,30,31.0,7.5,13.8,.546,7.5,13.6,.553,0.0,0.2,.000,4.0,5.3,.748,5.9,1.3,1.3,1.1,1.7,2.1,19.0
1,2,30,930,9.7,17.8,.546,9.7,17.6,.553,0.0,0.2,.000,5.1,6.8,.748,7.6,1.7,1.6,1.4,2.2,2.7,24.6
1,3,30,930,15.3,28.0,.546,15.3,27.7,.553,0.0,0.3,.000,8.0,10.7,.748,12.0,2.6,2.6,2.2,3.5,4.2,38.6,,119.6,102.2
1,4,30,930,31.3,.583,.546,.012,.384,531,13.1,11.2,12.1,10.7,2.6,4.3,9.6,32.0,,4.0,1.2,5.2,.225,,3.6,-0.3,3.3
2,0,31,888,111,213,.521,58,96,.604,53,117,.453,30,34,.882,28,109,137,28,7,2,20,45,305
2,1,31,28.6,3.6,6.9,.521,1.9,3.1,.604,1.7,3.8,.453,1.0,1.1,.882,4.4,0.9,0.2,0.1,0.6,1.5,9.8
2,2,31,888,5.0,9.6,.521,2.6,4.3,.604,2.4,5.3,.453,1.4,1.5,.882,6.2,1.3,0.3,0.1,0.9,2.0,13.7
2,3,31,888,7.9,15.1,.521,4.1,6.8,.604,3.8,8.3,.453,2.1,2.4,.882,9.7,2.0,0.5,0.1,1.4,3.2,21.6,,132.6,107.2
2,4,31,888,17.5,.666,.646,.549,.160,262,4.1,15.2,9.8,6.2,0.5,0.3,8.0,15.4,,2.6,0.7,3.3,.148,,3.4,-2.8,0.5
3,0,5,20,5,9,.556,5,9,.556,0,0,,5,6,.833,1,3,4,1,2,0,0,2,15
3,1,5,4.0,1.0,1.8,.556,1.0,1.8,.556,0.0,0.0,,1.0,1.2,.833,0.8,0.2,0.4,0.0,0.0,0.4,3.0
3,2,5,20,10.0,18.0,.556,10.0,18.0,.556,0.0,0.0,,10.0,12.0,.833,8.0,2.0,4.0,0.0,0.0,4.0,30.0
3,3,5,20,15.7,28.3,.556,15.7,28.3,.556,0.0,0.0,,15.7,18.9,.833,12.6,3.1,6.3,0.0,0.0,6.3,47.2,,143.3,92.5
3,4,5,20,43.7,.633,.556,.000,.667,13,6.5,18.6,12.7,13.0,6.3,0.0,0.0,32.5,,0.1,0.0,0.2,.382,,7.5,-0.8,6.7
4,0,7,14,1,1,1.000,1,1,1.000,0,0,,0,0,,0,0,0,1,0,0,1,2,2
4,1,7,2.0,0.1,0.1,1.000,0.1,0.1,1.000,0.0,0.0,,0.0,0.0,,0.0,0.1,0.0,0.0,0.1,0.3,0.3
4,2,7,14,2.9,2.9,1.000,2.9,2.9,1.000,0.0,0.0,,0.0,0.0,,0.0,2.9,0.0,0.0,2.9,5.7,5.7
4,3,7,14,4.5,4.5,1.000,4.5,4.5,1.000,0.0,0.0,,0.0,0.0,,0.0,4.5,0.0,0.0,4.5,9.0,9.0,,99.2,114.5
4,4,7,14,3.6,1.000,1.000,.000,.000,2,0.0,0.0,0.0,12.7,0.0,0.0,50.0,7.8,,0.0,0.0,0.0,.020,,-4.1,-7.0,-11.2
5,0,22,194,17,33,.515,17,33,.515,0,0,,10,25,.400,12,29,41,11,8,5,12,18,44
5,1,22,8.8,0.8,1.5,.515,0.8,1.5,.515,0.0,0.0,,0.5,1.1,.400,1.9,0.5,0.4,0.2,0.5,0.8,2.0
5,2,22,194,3.5,6.8,.515,3.5,6.8,.515,0.0,0.0,,2.1,5.2,.400,8.5,2.3,1.6,1.0,2.5,3.7,9.1
5,3,22,194,5.5,10.7,.515,5.5,10.7,.515,0.0,0.0,,3.2,8.1,.400,13.3,3.6,2.6,1.6,3.9,5.8,14.3,,95.7,99.4
5,4,22,194,13.3,.490,.515,.000,.758,50,8.1,18.6,13.5,10.4,2.6,3.2,21.1,16.1,,0.1,0.3,0.4,.081,,-3.7,1.5,-2.2
6,0,28,329,33,77,.429,10,23,.435,23,54,.426,19,19,1.000,3,39,42,23,17,3,25,31,108
6,1,28,11.8,1.2,2.8,.429,0.4,0.8,.435,0.8,1.9,.426,0.7,0.7,1.000,1.5,0.8,0.6,0.1,0.9,1.1,3.9
6,2,28,329,4.0,9.4,.429,1.2,2.8,.435,2.8,6.6,.426,2.3,2.3,1.000,5.1,2.8,2.1,0.4,3.0,3.8,13.1
6,3,28,329,6.3,14.7,.429,1.9,4.4,.435,4.4,10.3,.426,3.6,3.6,1.000,8.0,4.4,3.2,0.6,4.8,5.9,20.6,,107.2,100.6
6,4,28,329,15.6,.628,.578,.701,.247,100,1.2,14.7,8.1,13.1,3.2,1.1,22.5,18.5,,0.5,0.5,1.0,.117,,0.6,-0.6,0.0
7,0,29,577,41,94,.436,35,77,.455,6,17,.353,33,46,.717,6,47,53,80,26,4,42,42,121
7,1,29,19.9,1.4,3.2,.436,1.2,2.7,.455,0.2,0.6,.353,1.1,1.6,.717,1.8,2.8,0.9,0.1,1.4,1.4,4.2
7,2,29,577,2.8,6.5,.436,2.4,5.3,.455,0.4,1.2,.353,2.3,3.2,.717,3.7,5.5,1.8,0.3,2.9,2.9,8.4
7,3,29,577,4.5,10.2,.436,3.8,8.4,.455,0.7,1.9,.353,3.6,5.0,.717,5.8,8.7,2.8,0.4,4.6,4.6,13.2,,100.4,103.7
7,4,29,577,12.3,.522,.468,.181,.489,150,1.4,10.1,5.8,24.6,2.8,0.9,26.6,15.0,,0.5,0.7,1.1,.079,,-2.5,-0.7,-3.2
8,0,21,310,25,53,.472,15,36,.417,10,17,.588,5,11,.455,4,30,34,43,14,1,22,26,65
8,1,21,14.8,1.2,2.5,.472,0.7,1.7,.417,0.5,0.8,.588,0.2,0.5,.455,1.6,2.0,0.7,0.0,1.0,1.2,3.1
8,2,21,310,3.2,6.8,.472,1.9,4.6,.417,1.3,2.2,.588,0.6,1.4,.455,4.4,5.5,1.8,0.1,2.8,3.4,8.4
8,3,21,310,5.1,10.7,.472,3.0,7.3,.417,2.0,3.4,.588,1.0,2.2,.455,6.9,8.7,2.8,0.2,4.5,5.3,13.2,,102.6,103.0
8,4,21,310,12.6,.558,.566,.321,.208,79,1.7,12.0,7.0,25.0,2.8,0.4,27.4,14.2,,0.3,0.4,0.7,.086,,-1.6,-1.0,-2.6
9,0,31,776,74,184,.402,50,107,.467,24,77,.312,45,63,.714,15,61,76,62,17,14,40,63,217
9,1,31,25.0,2.4,5.9,.402,1.6,3.5,.467,0.8,2.5,.312,1.5,2.0,.714,2.5,2.0,0.5,0.5,1.3,2.0,7.0
9,2,31,776,3.8,9.5,.402,2.6,5.5,.467,1.2,4.0,.312,2.3,3.2,.714,3.9,3.2,0.9,0.7,2.1,3.2,11.2
9,3,31,776,6.0,14.9,.402,4.1,8.7,.467,1.9,6.2,.312,3.6,5.1,.714,6.2,5.0,1.4,1.1,3.2,5.1,17.6,,103.0,106.4
9,4,31,776,12.0,.507,.467,.418,.342,223,2.5,9.8,6.2,14.8,1.4,2.3,15.8,18.0,,0.9,0.7,1.5,.080,,-1.3,-1.1,-2.4
10,0,31,536,62,133,.466,61,130,.469,1,3,.333,36,48,.750,33,52,85,28,14,9,20,47,161
10,1,31,17.3,2.0,4.3,.466,2.0,4.2,.469,0.0,0.1,.333,1.2,1.5,.750,2.7,0.9,0.5,0.3,0.6,1.5,5.2
10,2,31,536,4.6,9.9,.466,4.6,9.7,.469,0.1,0.2,.333,2.7,3.6,.750,6.3,2.1,1.0,0.7,1.5,3.5,12.0
10,3,31,536,7.3,15.6,.466,7.2,15.2,.469,0.1,0.4,.333,4.2,5.6,.750,10.0,3.3,1.6,1.1,2.3,5.5,18.9,,111.5,104.9
10,4,31,536,15.5,.517,.470,.023,.361,168,8.0,12.0,10.1,10.1,1.6,2.1,11.4,18.0,,1.0,0.5,1.5,.115,,-1.5,-0.8,-2.2
11,0,31,866,105,245,.429,47,94,.500,58,151,.384,40,53,.755,43,132,175,43,30,17,38,62,308
11,1,31,27.9,3.4,7.9,.429,1.5,3.0,.500,1.9,4.9,.384,1.3,1.7,.755,5.6,1.4,1.0,0.5,1.2,2.0,9.9
11,2,31,866,4.8,11.3,.429,2.2,4.3,.500,2.7,7.0,.384,1.8,2.4,.755,8.1,2.0,1.4,0.8,1.8,2.9,14.2
11,3,31,866,7.6,17.8,.429,3.4,6.8,.500,4.2,11.0,.384,2.9,3.8,.755,12.7,3.1,2.2,1.2,2.8,4.5,22.4,,114.7,100.7
11,4,31,866,18.9,.570,.547,.616,.216,293,6.5,18.9,12.9,9.7,2.2,2.4,12.3,19.5,,1.9,1.2,3.2,.146,,2.5,0.0,2.4
12,0,29,659,94,200,.470,77,155,.497,17,45,.378,73,97,.753,13,58,71,76,20,4,58,60,278
12,1,29,22.7,3.2,6.9,.470,2.7,5.3,.497,0.6,1.6,.378,2.5,3.3,.753,2.4,2.6,0.7,0.1,2.0,2.1,9.6
12,2,29,659,5.7,12.1,.470,4.7,9.4,.497,1.0,2.7,.378,4.4,5.9,.753,4.3,4.6,1.2,0.2,3.5,3.6,16.9
12,3,29,659,9.0,19.1,.470,7.3,14.8,.497,1.6,4.3,.378,7.0,9.3,.753,6.8,7.3,1.9,0.4,5.5,5.7,26.5,,106.8,105.4
12,4,29,659,17.9,.565,.513,.225,.485,280,2.6,10.9,6.9,23.4,1.9,0.8,19.1,25.3,,1.4,0.6,2.0,.121,,-0.1,-2.2,-2.2
13,0,25,202,19,48,.396,17,35,.486,2,13,.154,20,32,.625,4,15,19,12,3,0,8,13,60
13,1,25,8.1,0.8,1.9,.396,0.7,1.4,.486,0.1,0.5,.154,0.8,1.3,.625,0.8,0.5,0.1,0.0,0.3,0.5,2.4
13,2,25,202,3.8,9.5,.396,3.4,6.9,.486,0.4,2.6,.154,4.0,6.3,.625,3.8,2.4,0.6,0.0,1.6,2.6,11.9
13,3,25,202,5.9,14.9,.396,5.3,10.9,.486,0.6,4.0,.154,6.2,10.0,.625,5.9,3.7,0.9,0.0,2.5,4.0,18.7,,101.6,108.9
13,4,25,202,10.8,.475,.417,.271,.667,60,2.6,9.2,6.0,11.0,0.9,0.0,11.2,19.3,,0.2,0.1,0.3,.067,,-3.2,-4.1,-7.3
