0,0,5,66,4,10,.400,3,5,.600,1,5,.200,2,4,.500,2,12,14,7,3,1,5,8,11
0,1,5,13.2,0.8,2.0,.400,0.6,1.0,.600,0.2,1.0,.200,0.4,0.8,.500,2.8,1.4,0.6,0.2,1.0,1.6,2.2
0,2,5,66,2.4,6.1,.400,1.8,3.0,.600,0.6,3.0,.200,1.2,2.4,.500,8.5,4.2,1.8,0.6,3.0,4.8,6.7
0,3,5,66,3.6,9.0,.400,2.7,4.5,.600,0.9,4.5,.200,1.8,3.6,.500,12.5,6.3,2.7,0.9,4.5,7.2,9.9,,89.2,100.1
0,4,5,66,10.2,.462,.450,.500,.400,14,3.7,20.0,12.2,17.9,2.7,1.5,29.6,12.9,,0.0,0.1,0.1,.056,,-1.8,1.2,-0.7
1,0,4,9,0,1,.000,0,1,.000,0,0,,0,0,,0,0,0,1,0,0,0,1,0
1,1,4,2.3,0.0,0.3,.000,0.0,0.3,.000,0.0,0.0,,0.0,0.0,,0.0,0.3,0.0,0.0,0.0,0.3,0.0
1,2,4,9,0.0,4.4,.000,0.0,4.4,.000,0.0,0.0,,0.0,0.0,,0.0,4.4,0.0,0.0,0.0,4.4,0.0
1,3,4,9,0.0,6.6,.000,0.0,6.6,.000,0.0,0.0,,0.0,0.0,,0.0,6.6,0.0,0.0,0.0,6.6,0.0,,60.2,116.3
1,4,4,9,-2.1,.000,.000,.000,.000,1,0.0,0.0,0.0,17.0,0.0,0.0,0.0,5.6,,0.0,0.0,0.0,-.039,,-7.7,-6.6,-14.3
2,0,27,340,44,92,.478,44,91,.484,0,1,.000,20,31,.645,29,61,90,11,3,10,20,44,108
2,1,27,12.6,1.6,3.4,.478,1.6,3.4,.484,0.0,0.0,.000,0.7,1.1,.645,3.3,0.4,0.1,0.4,0.7,1.6,4.0
2,2,27,340,5.2,10.8,.478,5.2,10.7,.484,0.0,0.1,.000,2.4,3.6,.645,10.6,1.3,0.4,1.2,2.4,5.2,12.7
2,3,27,340,7.6,16.0,.478,7.6,15.8,.484,0.0,0.2,.000,3.5,5.4,.645,15.6,1.9,0.5,1.7,3.5,7.6,18.8,,102.8,104.2
2,4,27,340,14.5,.506,.478,.011,.337,109,10.3,19.7,15.2,6.2,0.5,2.8,15.8,18.7,,0.4,0.3,0.8,.089,,-2.1,-1.6,-3.8
3,0,30,894,144,278,.518,133,253,.526,11,25,.440,100,151,.662,66,127,193,35,21,40,61,85,399
3,1,30,29.8,4.8,9.3,.518,4.4,8.4,.526,0.4,0.8,.440,3.3,5.0,.662,6.4,1.2,0.7,1.3,2.0,2.8,13.3
3,2,30,894,6.4,12.4,.518,6.0,11.3,.526,0.5,1.1,.440,4.5,6.8,.662,8.6,1.6,0.9,1.8,2.7,3.8,17.9
3,3,30,894,9.5,18.4,.518,8.8,16.7,.526,0.7,1.7,.440,6.6,10.0,.662,12.8,2.3,1.4,2.6,4.0,5.6,26.4,,112.1,103.7
3,4,30,894,21.4,.570,.538,.090,.543,378,8.9,15.6,12.4,7.9,1.4,4.3,14.9,23.1,,2.3,0.9,3.2,.142,,1.7,0.1,1.8
4,0,16,138,6,10,.600,4,5,.800,2,5,.400,2,3,.667,0,4,4,18,14,0,14,8,16
4,1,16,8.6,0.4,0.6,.600,0.3,0.3,.800,0.1,0.3,.400,0.1,0.2,.667,0.3,1.1,0.9,0.0,0.9,0.5,1.0
4,2,16,138,1.7,2.9,.600,1.2,1.4,.800,0.6,1.4,.400,0.6,0.9,.667,1.2,5.2,4.1,0.0,4.1,2.3,4.6
4,3,16,138,2.6,4.3,.600,1.7,2.1,.800,0.9,2.1,.400,0.9,1.3,.667,1.7,7.7,6.0,0.0,6.0,3.4,6.9,,83.9,101.8
4,4,16,138,9.8,.700,.700,.500,.300,22,0.0,3.2,1.7,21.4,6.0,0.0,55.1,9.3,,0.0,0.2,0.1,.037,,-1.8,-0.4,-2.2
5,0,5,65,3,9,.333,3,9,.333,0,0,,5,7,.714,4,11,15,1,0,2,5,6,11
5,1,5,13.0,0.6,1.8,.333,0.6,1.8,.333,0.0,0.0,,1.0,1.4,.714,3.0,0.2,0.0,0.4,1.0,1.2,2.2
5,2,5,65,1.8,5.5,.333,1.8,5.5,.333,0.0,0.0,,3.1,4.3,.714,9.2,0.6,0.0,1.2,3.1,3.7,6.8
5,3,5,65,2.7,8.2,.333,2.7,8.2,.333,0.0,0.0,,4.5,6.4,.714,13.6,0.9,0.0,1.8,4.5,5.5,10.0,,81.1,106.1
5,4,5,65,6.0,.446,.333,.000,.778,12,7.4,18.6,13.3,2.5,0.0,3.0,28.9,13.4,,0.0,0.1,0.0,.011,,-5.9,-1.5,-7.5
6,0,30,902,154,301,.512,122,218,.560,32,83,.386,101,141,.716,42,107,149,65,21,11,100,75,441
6,1,30,30.1,5.1,10.0,.512,4.1,7.3,.560,1.1,2.8,.386,3.4,4.7,.716,5.0,2.2,0.7,0.4,3.3,2.5,14.7
6,2,30,902,6.8,13.3,.512,5.4,9.7,.560,1.4,3.7,.386,4.5,6.3,.716,6.6,2.9,0.9,0.5,4.4,3.3,19.6
6,3,30,902,10.1,19.7,.512,8.0,14.3,.560,2.1,5.4,.386,6.6,9.2,.716,9.8,4.3,1.4,0.7,6.6,4.9,28.9,,106.4,106.6
6,4,30,902,19.5,.599,.565,.276,.468,415,5.6,13.1,9.5,14.9,1.4,1.2,21.4,26.1,,2.0,0.7,2.6,.117,,2.7,-1.7,1.0
7,0,3,6,0,0,,0,0,,0,0,,0,0,,0,0,0,0,0,0,0,0,0
7,1,3,2.0,0.0,0.0,,0.0,0.0,,0.0,0.0,,0.0,0.0,,0.0,0.0,0.0,0.0,0.0,0.0,0.0
7,2,3,6,0.0,0.0,,0.0,0.0,,0.0,0.0,,0.0,0.0,,0.0,0.0,0.0,0.0,0.0,0.0,0.0
7,3,3,6,0.0,0.0,,0.0,0.0,,0.0,0.0,,0.0,0.0,,0.0,0.0,0.0,0.0,0.0,0.0,0.0,,,116.9
7,4,3,6,0.0,,,,,0,0.0,0.0,0.0,0.0,0.0,0.0,,0.0,,0.0,0.0,0.0,-.010,,-3.6,-1.0,-4.7
8,0,30,853,58,165,.352,23,59,.390,35,106,.330,23,26,.885,23,64,87,75,20,7,35,52,174
8,1,30,28.4,1.9,5.5,.352,0.8,2.0,.390,1.2,3.5,.330,0.8,0.9,.885,2.9,2.5,0.7,0.2,1.2,1.7,5.8
8,2,30,853,2.7,7.7,.352,1.1,2.8,.390,1.6,5.0,.330,1.1,1.2,.885,4.1,3.5,0.9,0.3,1.6,2.4,8.2
8,3,30,853,4.0,11.4,.352,1.6,4.1,.390,2.4,7.3,.330,1.6,1.8,.885,6.0,5.2,1.4,0.5,2.4,3.6,12.1,,107.4,109.2
8,4,30,853,10.2,.491,.458,.642,.158,196,3.3,8.3,5.9,15.0,1.4,0.8,16.5,12.5,,1.0,0.4,1.4,.066,,1.4,-1.3,0.1
9,0,30,847,138,239,.577,138,237,.582,0,2,.000,45,83,.542,97,148,245,33,25,64,47,55,321
9,1,30,28.2,4.6,8.0,.577,4.6,7.9,.582,0.0,0.1,.000,1.5,2.8,.542,8.2,1.1,0.8,2.1,1.6,1.8,10.7
9,2,30,847,6.5,11.3,.577,6.5,11.2,.582,0.0,0.1,.000,2.1,3.9,.542,11.6,1.6,1.2,3.0,2.2,2.6,15.2
9,3,30,847,9.6,16.7,.577,9.6,16.5,.582,0.0,0.1,.000,3.1,5.8,.542,17.1,2.3,1.7,4.5,3.3,3.8,22.4,,115.5,99.8
9,4,30,847,24.4,.576,.577,.008,.347,321,13.8,19.2,16.6,7.9,1.7,7.3,14.4,19.3,,2.1,1.2,3.3,.157,,2.4,2.9,5.3
10,0,30,738,66,183,.361,49,127,.386,17,56,.304,24,29,.828,10,42,52,75,21,3,64,64,173
10,1,30,24.6,2.2,6.1,.361,1.6,4.2,.386,0.6,1.9,.304,0.8,1.0,.828,1.7,2.5,0.7,0.1,2.1,2.1,5.8
10,2,30,738,3.6,9.9,.361,2.7,6.9,.386,0.9,3.0,.304,1.3,1.6,.828,2.8,4.1,1.1,0.2,3.5,3.5,9.4
10,3,30,738,5.3,14.7,.361,3.9,10.2,.386,1.4,4.5,.304,1.9,2.3,.828,4.2,6.0,1.7,0.2,5.1,5.1,13.9,,85.6,109.5
10,4,30,738,6.7,.440,.407,.306,.158,191,1.6,6.3,4.1,18.0,1.7,0.4,24.5,17.8,,-0.2,0.3,0.1,.007,,-3.0,-2.3,-5.2
11,0,27,313,56,133,.421,45,96,.469,11,37,.297,35,41,.854,24,37,61,6,2,5,22,48,158
11,1,27,11.6,2.1,4.9,.421,1.7,3.6,.469,0.4,1.4,.297,1.3,1.5,.854,2.3,0.2,0.1,0.2,0.8,1.8,5.9
11,2,27,313,7.2,17.0,.421,5.8,12.3,.469,1.4,4.7,.297,4.5,5.2,.854,7.8,0.8,0.3,0.6,2.8,6.1,20.2
11,3,27,313,10.6,25.1,.421,8.5,18.1,.469,2.1,7.0,.297,6.6,7.7,.854,11.5,1.1,0.4,0.9,4.2,9.1,29.8,,105.7,108.3
11,4,27,313,16.8,.518,.462,.278,.308,144,9.2,13.0,11.2,4.0,0.4,1.5,12.6,28.0,,0.7,0.2,0.8,.108,,-0.8,-5.7,-6.5
12,0,30,904,122,293,.416,67,149,.450,55,144,.382,41,49,.837,22,86,108,71,26,6,54,56,340
12,1,30,30.1,4.1,9.8,.416,2.2,5.0,.450,1.8,4.8,.382,1.4,1.6,.837,3.6,2.4,0.9,0.2,1.8,1.9,11.3
12,2,30,904,5.4,13.0,.416,3.0,6.6,.450,2.4,6.4,.382,1.8,2.2,.837,4.8,3.1,1.2,0.3,2.4,2.5,15.0
12,3,30,904,8.0,19.2,.416,4.4,9.7,.450,3.6,9.4,.382,2.7,3.2,.837,7.1,4.6,1.7,0.4,3.5,3.7,22.2,,109.0,107.5
12,4,30,904,15.6,.538,.510,.491,.167,325,2.9,10.5,6.9,15.1,1.7,0.6,14.6,20.6,,1.7,0.6,2.3,.103,,2.6,-2.0,0.7
