0,0,2,2,0,0,,0,0,,0,0,,0,0,,0,0,0,0,0,0,0,0,0
0,1,2,1.0,0.0,0.0,,0.0,0.0,,0.0,0.0,,0.0,0.0,,0.0,0.0,0.0,0.0,0.0,0.0,0.0
0,2,2,2,0.0,0.0,,0.0,0.0,,0.0,0.0,,0.0,0.0,,0.0,0.0,0.0,0.0,0.0,0.0,0.0
0,3,2,2,0.0,0.0,,0.0,0.0,,0.0,0.0,,0.0,0.0,,0.0,0.0,0.0,0.0,0.0,0.0,0.0,,,115.6
0,4,2,2,0.0,,,,,0,0.0,0.0,0.0,0.0,0.0,0.0,,0.0,,0.0,0.0,0.0,-.002,,-4.4,-0.3,-4.7
1,0,27,891,123,283,.435,76,172,.442,47,111,.423,47,64,.734,27,85,112,80,28,6,64,69,340
1,1,27,33.0,4.6,10.5,.435,2.8,6.4,.442,1.7,4.1,.423,1.7,2.4,.734,4.1,3.0,1.0,0.2,2.4,2.6,12.6
1,2,27,891,5.5,12.7,.435,3.4,7.7,.442,2.1,5.0,.423,2.1,2.9,.734,5.0,3.6,1.3,0.3,2.9,3.1,15.3
1,3,27,891,8.3,19.1,.435,5.1,11.6,.442,3.2,7.5,.423,3.2,4.3,.734,7.6,5.4,1.9,0.4,4.3,4.7,23.0,,104.9,105.1
1,4,27,891,15.9,.542,.518,.392,.226,333,3.8,10.5,7.4,19.8,1.9,0.7,17.0,22.1,,1.4,0.8,2.3,.103,,2.1,-0.7,1.3
2,0,27,627,85,183,.464,76,160,.475,9,23,.391,75,120,.625,52,93,145,23,10,26,67,63,254
2,1,27,23.2,3.1,6.8,.464,2.8,5.9,.475,0.3,0.9,.391,2.8,4.4,.625,5.4,0.9,0.4,1.0,2.5,2.3,9.4
2,2,27,627,5.4,11.7,.464,4.8,10.2,.475,0.6,1.5,.391,4.8,7.7,.625,9.3,1.5,0.6,1.7,4.3,4.0,16.2
2,3,27,627,8.2,17.6,.464,7.3,15.4,.475,0.9,2.2,.391,7.2,11.5,.625,13.9,2.2,1.0,2.5,6.4,6.1,24.4,,95.3,102.4
2,4,27,627,15.9,.529,.489,.126,.656,249,10.4,16.4,13.6,8.0,1.0,4.3,21.8,25.6,,0.4,0.8,1.2,.077,,-2.6,0.2,-2.4
3,0,30,341,14,58,.241,5,22,.227,9,36,.250,20,30,.667,5,17,22,18,8,0,19,27,57
3,1,30,11.4,0.5,1.9,.241,0.2,0.7,.227,0.3,1.2,.250,0.7,1.0,.667,0.7,0.6,0.3,0.0,0.6,0.9,1.9
3,2,30,341,1.6,6.8,.241,0.6,2.6,.227,1.1,4.2,.250,2.3,3.5,.667,2.6,2.1,0.9,0.0,2.2,3.2,6.7
3,3,30,341,2.5,10.3,.241,0.9,3.9,.227,1.6,6.4,.250,3.5,5.3,.667,3.9,3.2,1.4,0.0,3.4,4.8,10.1,,80.7,109.1
3,4,30,341,3.4,.394,.319,.621,.517,62,1.8,5.5,3.8,9.6,1.4,0.0,20.8,14.0,,-0.2,0.2,0.0,-.001,,-3.7,-2.1,-5.8
4,0,10,160,10,28,.357,6,16,.375,4,12,.333,1,3,.333,2,10,12,20,2,1,24,21,25
4,1,10,16.0,1.0,2.8,.357,0.6,1.6,.375,0.4,1.2,.333,0.1,0.3,.333,1.2,2.0,0.2,0.1,2.4,2.1,2.5
4,2,10,160,2.5,7.0,.357,1.5,4.0,.375,1.0,3.0,.333,0.3,0.8,.333,3.0,5.0,0.5,0.3,6.0,5.3,6.3
4,3,10,160,3.8,10.5,.357,2.3,6.0,.375,1.5,4.5,.333,0.4,1.1,.333,4.5,7.5,0.8,0.4,9.0,7.9,9.4,,64.6,109.3
4,4,10,160,-0.4,.425,.429,.429,.107,33,1.6,6.9,4.4,23.6,0.8,0.6,44.9,17.5,,-0.4,0.1,-0.3,-.071,,-7.5,-2.7,-10.2
5,0,27,248,20,40,.500,20,40,.500,0,0,,19,29,.655,8,20,28,4,3,5,17,43,59
5,1,27,9.2,0.7,1.5,.500,0.7,1.5,.500,0.0,0.0,,0.7,1.1,.655,1.0,0.1,0.1,0.2,0.6,1.6,2.2
5,2,27,248,3.2,6.5,.500,3.2,6.5,.500,0.0,0.0,,3.1,4.7,.655,4.5,0.6,0.5,0.8,2.7,6.9,9.5
5,3,27,248,4.9,9.7,.500,4.9,9.7,.500,0.0,0.0,,4.6,7.0,.655,6.8,1.0,0.7,1.2,4.1,10.4,14.3,,92.4,107.4
5,4,27,248,6.3,.549,.500,.000,.725,55,4.1,8.9,6.6,3.2,0.7,2.1,24.0,14.9,,0.1,0.2,0.2,.037,,-4.4,-1.2,-5.5
6,0,29,801,147,276,.533,147,276,.533,0,0,,91,163,.558,68,153,221,18,22,42,70,70,385
6,1,29,27.6,5.1,9.5,.533,5.1,9.5,.533,0.0,0.0,,3.1,5.6,.558,7.6,0.6,0.8,1.4,2.4,2.4,13.3
6,2,29,801,7.3,13.8,.533,7.3,13.8,.533,0.0,0.0,,4.5,8.1,.558,11.0,0.9,1.1,2.1,3.5,3.5,19.2
6,3,29,801,11.1,20.8,.533,11.1,20.8,.533,0.0,0.0,,6.8,12.3,.558,16.6,1.4,1.7,3.2,5.3,5.3,29.0,,101.1,98.0
6,4,29,801,22.0,.545,.533,.000,.591,353,10.7,21.1,16.2,5.5,1.7,5.4,16.5,27.6,,1.2,1.3,2.5,.125,,-2.0,0.8,-1.2
7,0,30,1005,95,213,.446,69,141,.489,26,72,.361,94,102,.922,11,67,78,141,53,7,69,81,310
7,1,30,33.5,3.2,7.1,.446,2.3,4.7,.489,0.9,2.4,.361,3.1,3.4,.922,2.6,4.7,1.8,0.2,2.3,2.7,10.3
7,2,30,1005,3.8,8.5,.446,2.7,5.6,.489,1.0,2.9,.361,3.7,4.1,.922,3.1,5.6,2.1,0.3,2.7,3.2,12.3
7,3,30,1005,5.7,12.8,.446,4.1,8.5,.489,1.6,4.3,.361,5.6,6.1,.922,4.7,8.5,3.2,0.4,4.1,4.9,18.6,,115.3,104.0
7,4,30,1005,17.1,.593,.507,.338,.479,345,1.4,7.4,4.6,28.2,3.2,0.7,20.9,17.2,,2.3,1.1,3.3,.133,,2.7,-0.3,2.4
8,0,1,1,0,1,.000,0,1,.000,0,0,,0,0,,0,0,0,0,0,0,0,0,0
8,1,1,1.0,0.0,1.0,.000,0.0,1.0,.000,0.0,0.0,,0.0,0.0,,0.0,0.0,0.0,0.0,0.0,0.0,0.0
8,2,1,1,0.0,40.0,.000,0.0,40.0,.000,0.0,0.0,,0.0,0.0,,0.0,0.0,0.0,0.0,0.0,0.0,0.0
8,3,1,1,0.0,60.3,.000,0.0,60.3,.000,0.0,0.0,,0.0,0.0,,0.0,0.0,0.0,0.0,0.0,0.0,0.0,,0.0,115.6
8,4,1,1,-43.8,.000,.000,.000,.000,0,0.0,0.0,0.0,0.0,0.0,0.0,0.0,52.3,,0.0,0.0,0.0,-.699,,-42.1,-15.4,-57.4
9,0,8,63,3,6,.500,3,3,1.000,0,3,.000,0,0,,0,4,4,7,1,0,3,10,6
9,1,8,7.9,0.4,0.8,.500,0.4,0.4,1.000,0.0,0.4,.000,0.0,0.0,,0.5,0.9,0.1,0.0,0.4,1.3,0.8
9,2,8,63,1.9,3.8,.500,1.9,1.9,1.000,0.0,1.9,.000,0.0,0.0,,2.5,4.4,0.6,0.0,1.9,6.3,3.8
9,3,8,63,2.9,5.7,.500,2.9,2.9,1.000,0.0,2.9,.000,0.0,0.0,,3.8,6.7,1.0,0.0,2.9,9.6,5.7,,95.0,108.9
9,4,8,63,4.0,.500,.500,.500,.000,9,0.0,7.0,3.7,20.4,1.0,0.0,33.3,7.5,,0.0,0.0,0.1,.033,,-3.2,-2.6,-5.9
10,0,30,1052,89,195,.456,30,61,.492,59,134,.440,13,19,.684,24,63,87,62,21,6,43,74,250
10,1,30,35.1,3.0,6.5,.456,1.0,2.0,.492,2.0,4.5,.440,0.4,0.6,.684,2.9,2.1,0.7,0.2,1.4,2.5,8.3
10,2,30,1052,3.4,7.4,.456,1.1,2.3,.492,2.2,5.1,.440,0.5,0.7,.684,3.3,2.4,0.8,0.2,1.6,2.8,9.5
10,3,30,1052,5.1,11.2,.456,1.7,3.5,.492,3.4,7.7,.440,0.7,1.1,.684,5.0,3.6,1.2,0.3,2.5,4.2,14.3,,114.0,108.8
10,4,30,1052,10.9,.613,.608,.687,.097,239,2.9,6.6,4.9,11.6,1.2,0.6,17.4,12.3,,1.5,0.6,2.1,.081,,2.6,-0.7,1.9
11,0,29,459,69,161,.429,47,101,.465,22,60,.367,25,34,.735,25,63,88,12,5,20,30,76,185
11,1,29,15.8,2.4,5.6,.429,1.6,3.5,.465,0.8,2.1,.367,0.9,1.2,.735,3.0,0.4,0.2,0.7,1.0,2.6,6.4
11,2,29,459,6.0,14.0,.429,4.1,8.8,.465,1.9,5.2,.367,2.2,3.0,.735,7.7,1.0,0.4,1.7,2.6,6.6,16.1
11,3,29,459,9.1,21.1,.429,6.2,13.3,.465,2.9,7.9,.367,3.3,4.5,.735,11.6,1.6,0.7,2.6,3.9,10.0,24.3,,100.1,103.3
11,4,29,459,14.4,.522,.497,.373,.211,166,6.8,15.2,11.3,5.9,0.7,4.5,14.5,23.6,,0.5,0.5,1.0,.090,,-1.4,-1.2,-2.6
12,0,23,475,71,136,.522,71,135,.526,0,1,.000,48,83,.578,32,77,109,19,16,12,40,71,190
12,1,23,20.7,3.1,5.9,.522,3.1,5.9,.526,0.0,0.0,.000,2.1,3.6,.578,4.7,0.8,0.7,0.5,1.7,3.1,8.3
12,2,23,475,6.0,11.5,.522,6.0,11.4,.526,0.0,0.1,.000,4.0,7.0,.578,9.2,1.6,1.3,1.0,3.4,6.0,16.0
12,3,23,475,9.0,17.3,.522,9.0,17.1,.526,0.0,0.1,.000,6.1,10.5,.578,13.8,2.4,2.0,1.5,5.1,9.0,24.1,,99.7,99.7
12,4,23,475,16.9,.542,.522,.007,.610,181,8.5,17.9,13.5,9.0,2.0,2.6,18.6,23.7,,0.5,0.7,1.2,.104,,-1.8,0.5,-1.4
