0,0,30,388,35,89,.393,31,77,.403,4,12,.333,22,33,.667,19,56,75,13,9,13,12,59,96
0,1,30,12.9,1.2,3.0,.393,1.0,2.6,.403,0.1,0.4,.333,0.7,1.1,.667,2.5,0.4,0.3,0.4,0.4,2.0,3.2
0,2,30,388,3.6,9.2,.393,3.2,7.9,.403,0.4,1.2,.333,2.3,3.4,.667,7.7,1.3,0.9,1.3,1.2,6.1,9.9
0,3,30,388,5.4,13.7,.393,4.8,11.8,.403,0.6,1.8,.333,3.4,5.1,.667,11.5,2.0,1.4,2.0,1.8,9.1,14.7,,100.9,107.9
0,4,30,388,10.4,.459,.416,.135,.371,97,5.7,16.1,11.0,6.2,1.4,3.3,10.3,15.4,,0.2,0.4,0.6,.064,,-1.9,0.5,-1.4
1,0,3,3,0,3,.000,0,1,.000,0,2,.000,0,0,,0,0,0,0,1,0,1,0,0
1,1,3,1.0,0.0,1.0,.000,0.0,0.3,.000,0.0,0.7,.000,0.0,0.0,,0.0,0.0,0.3,0.0,0.3,0.0,0.0
1,2,3,3,0.0,40.0,.000,0.0,13.3,.000,0.0,26.7,.000,0.0,0.0,,0.0,0.0,13.3,0.0,13.3,0.0,0.0
1,3,3,3,0.0,59.6,.000,0.0,19.9,.000,0.0,39.7,.000,0.0,0.0,,0.0,0.0,19.9,0.0,19.9,0.0,0.0,,0.0,76.9
1,4,3,3,-43.6,.000,.000,.667,.000,0,0.0,0.0,0.0,0.0,19.9,0.0,25.0,68.3,,-0.1,0.0,-0.1,-.881,,-40.0,1.4,-38.6
2,0,24,684,110,257,.428,75,152,.493,35,105,.333,72,103,.699,40,88,128,45,18,18,52,50,327
2,1,24,28.5,4.6,10.7,.428,3.1,6.3,.493,1.5,4.4,.333,3.0,4.3,.699,5.3,1.9,0.8,0.8,2.2,2.1,13.6
2,2,24,684,6.4,15.0,.428,4.4,8.9,.493,2.0,6.1,.333,4.2,6.0,.699,7.5,2.6,1.1,1.1,3.0,2.9,19.1
2,3,24,684,9.6,22.4,.428,6.5,13.2,.493,3.0,9.1,.333,6.3,9.0,.699,11.2,3.9,1.6,1.6,4.5,4.4,28.5,,105.4,109.1
2,4,24,684,18.7,.534,.496,.409,.401,309,6.8,14.4,10.7,14.1,1.6,2.6,14.5,26.8,,1.1,0.6,1.7,.099,,3.3,-0.5,2.8
3,0,4,25,0,1,.000,0,1,.000,0,0,,0,2,.000,1,2,3,1,0,1,2,5,0
3,1,4,6.3,0.0,0.3,.000,0.0,0.3,.000,0.0,0.0,,0.0,0.5,.000,0.8,0.3,0.0,0.3,0.5,1.3,0.0
3,2,4,25,0.0,1.6,.000,0.0,1.6,.000,0.0,0.0,,0.0,3.2,.000,4.8,1.6,0.0,1.6,3.2,8.0,0.0
3,3,4,25,0.0,2.4,.000,0.0,2.4,.000,0.0,0.0,,0.0,4.8,.000,7.2,2.4,0.0,2.4,4.8,11.9,0.0,,27.7,113.7
3,4,4,25,-5.4,.000,.000,.000,2.000,1,4.7,8.9,6.9,6.4,0.0,4.0,50.6,8.1,,-0.1,0.0,-0.1,-.097,,-8.6,1.9,-6.7
4,0,4,42,2,5,.400,2,3,.667,0,2,.000,0,1,.000,1,2,3,3,1,0,3,0,4
4,1,4,10.5,0.5,1.3,.400,0.5,0.8,.667,0.0,0.5,.000,0.0,0.3,.000,0.8,0.8,0.3,0.0,0.8,0.0,1.0
4,2,4,42,1.9,4.8,.400,1.9,2.9,.667,0.0,1.9,.000,0.0,1.0,.000,2.9,2.9,1.0,0.0,2.9,0.0,3.8
4,3,4,42,2.8,7.1,.400,2.8,4.3,.667,0.0,2.8,.000,0.0,1.4,.000,4.3,4.3,1.4,0.0,4.3,0.0,5.7,,68.0,115.3
4,4,4,42,2.9,.365,.400,.400,.200,5,2.8,5.3,4.1,12.3,1.4,0.0,35.4,10.3,,-0.1,0.0,0.0,-.040,,-4.1,-1.3,-5.5
5,0,31,595,81,174,.466,71,148,.480,10,26,.385,49,71,.690,41,93,134,16,13,37,42,70,221
5,1,31,19.2,2.6,5.6,.466,2.3,4.8,.480,0.3,0.8,.385,1.6,2.3,.690,4.3,0.5,0.4,1.2,1.4,2.3,7.1
5,2,31,595,5.4,11.7,.466,4.8,9.9,.480,0.7,1.7,.385,3.3,4.8,.690,9.0,1.1,0.9,2.5,2.8,4.7,14.9
5,3,31,595,8.1,17.4,.466,7.1,14.8,.480,1.0,2.6,.385,4.9,7.1,.690,13.4,1.6,1.3,3.7,4.2,7.0,22.1,,100.8,106.2
5,4,31,595,15.9,.532,.494,.149,.408,208,8.0,17.5,12.9,5.5,1.3,6.1,16.8,21.5,,0.5,0.7,1.2,.080,,-1.1,1.3,0.1
6,0,28,317,26,53,.491,26,53,.491,0,0,,22,38,.579,19,31,50,4,9,6,14,42,74
6,1,28,11.3,0.9,1.9,.491,0.9,1.9,.491,0.0,0.0,,0.8,1.4,.579,1.8,0.1,0.3,0.2,0.5,1.5,2.6
6,2,28,317,3.3,6.7,.491,3.3,6.7,.491,0.0,0.0,,2.8,4.8,.579,6.3,0.5,1.1,0.8,1.8,5.3,9.3
6,3,28,317,4.9,10.0,.491,4.9,10.0,.491,0.0,0.0,,4.1,7.1,.579,9.4,0.8,1.7,1.1,2.6,7.9,13.9,,101.5,110.4
6,4,28,317,9.5,.521,.491,.000,.717,73,7.0,10.9,9.0,2.3,1.7,1.9,16.5,13.7,,0.2,0.2,0.4,.054,,-1.7,-0.5,-2.2
7,0,33,664,68,155,.439,26,58,.448,42,97,.433,31,38,.816,18,52,70,41,21,6,23,57,209
7,1,33,20.1,2.1,4.7,.439,0.8,1.8,.448,1.3,2.9,.433,0.9,1.2,.816,2.1,1.2,0.6,0.2,0.7,1.7,6.3
7,2,33,664,4.1,9.3,.439,1.6,3.5,.448,2.5,5.8,.433,1.9,2.3,.816,4.2,2.5,1.3,0.4,1.4,3.4,12.6
7,3,33,664,6.1,13.9,.439,2.3,5.2,.448,3.8,8.7,.433,2.8,3.4,.816,6.3,3.7,1.9,0.5,2.1,5.1,18.8,,121.3,111.8
7,4,33,664,14.4,.604,.574,.626,.245,194,3.2,8.8,6.0,11.7,1.9,0.9,11.7,15.1,,1.3,0.4,1.7,.104,,4.2,-1.0,3.2
8,0,4,4,0,3,.000,0,1,.000,0,2,.000,0,0,,0,0,0,0,0,0,0,0,0
8,1,4,1.0,0.0,0.8,.000,0.0,0.3,.000,0.0,0.5,.000,0.0,0.0,,0.0,0.0,0.0,0.0,0.0,0.0,0.0
8,2,4,4,0.0,30.0,.000,0.0,10.0,.000,0.0,20.0,.000,0.0,0.0,,0.0,0.0,0.0,0.0,0.0,0.0,0.0
8,3,4,4,0.0,44.7,.000,0.0,14.9,.000,0.0,29.8,.000,0.0,0.0,,0.0,0.0,0.0,0.0,0.0,0.0,0.0,,0.0,120.9
8,4,4,4,-32.7,.000,.000,.667,.000,0,0.0,0.0,0.0,0.0,0.0,0.0,0.0,38.4,,-0.1,0.0,-0.1,-.526,,-24.0,-12.8,-36.8
9,0,24,309,43,79,.544,43,79,.544,0,0,,20,37,.541,27,36,63,8,10,2,32,61,106
9,1,24,12.9,1.8,3.3,.544,1.8,3.3,.544,0.0,0.0,,0.8,1.5,.541,2.6,0.3,0.4,0.1,1.3,2.5,4.4
9,2,24,309,5.6,10.2,.544,5.6,10.2,.544,0.0,0.0,,2.6,4.8,.541,8.2,1.0,1.3,0.3,4.1,7.9,13.7
9,3,24,309,8.3,15.2,.544,8.3,15.2,.544,0.0,0.0,,3.9,7.1,.541,12.2,1.5,1.9,0.4,6.2,11.8,20.4,,92.1,109.2
9,4,24,309,10.5,.549,.544,.000,.468,102,10.2,13.0,11.6,5.3,1.9,0.6,24.9,21.3,,0.0,0.3,0.3,.034,,-2.2,-1.4,-3.6
10,0,28,795,76,190,.400,50,127,.394,26,63,.413,70,90,.778,10,61,71,154,19,2,65,37,248
10,1,28,28.4,2.7,6.8,.400,1.8,4.5,.394,0.9,2.3,.413,2.5,3.2,.778,2.5,5.5,0.7,0.1,2.3,1.3,8.9
10,2,28,795,3.8,9.6,.400,2.5,6.4,.394,1.3,3.2,.413,3.5,4.5,.778,3.6,7.7,1.0,0.1,3.3,1.9,12.5
10,3,28,795,5.7,14.2,.400,3.7,9.5,.394,1.9,4.7,.413,5.2,6.7,.778,5.3,11.5,1.4,0.1,4.9,2.8,18.6,,108.4,113.4
10,4,28,795,14.8,.533,.468,.332,.474,298,1.5,8.6,5.1,36.3,1.4,0.2,21.8,19.2,,1.3,0.4,1.6,.082,,2.0,-2.9,-0.9
11,0,32,353,20,59,.339,19,51,.373,1,8,.125,24,34,.706,1,19,20,37,9,0,28,38,65
11,1,32,11.0,0.6,1.8,.339,0.6,1.6,.373,0.0,0.3,.125,0.8,1.1,.706,0.6,1.2,0.3,0.0,0.9,1.2,2.0
11,2,32,353,2.3,6.7,.339,2.2,5.8,.373,0.1,0.9,.125,2.7,3.9,.706,2.3,4.2,1.0,0.0,3.2,4.3,7.4
11,3,32,353,3.4,10.0,.339,3.2,8.6,.373,0.2,1.4,.125,4.1,5.7,.706,3.4,6.2,1.5,0.0,4.7,6.4,11.0,,83.0,114.2
11,4,32,353,4.1,.432,.347,.136,.576,76,0.3,6.0,3.2,18.3,1.5,0.0,27.1,15.0,,-0.2,0.1,-0.1,-.011,,-4.3,-2.5,-6.8
12,0,33,782,123,317,.388,43,95,.453,80,222,.360,44,64,.688,28,56,84,35,11,5,33,57,370
12,1,33,23.7,3.7,9.6,.388,1.3,2.9,.453,2.4,6.7,.360,1.3,1.9,.688,2.5,1.1,0.3,0.2,1.0,1.7,11.2
12,2,33,782,6.3,16.2,.388,2.2,4.9,.453,4.1,11.4,.360,2.3,3.3,.688,4.3,1.8,0.6,0.3,1.7,2.9,18.9
12,3,33,782,9.4,24.2,.388,3.3,7.2,.453,6.1,16.9,.360,3.4,4.9,.688,6.4,2.7,0.8,0.4,2.5,4.3,28.2,,109.5,114.6
12,4,33,782,15.4,.533,.514,.700,.202,322,4.2,8.0,6.1,9.5,0.8,0.6,8.7,24.9,,1.4,0.3,1.7,.088,,4.7,-4.2,0.5
13,0,33,1044,205,347,.591,204,341,.598,1,6,.167,97,163,.595,93,173,266,63,41,90,74,66,508
13,1,33,31.6,6.2,10.5,.591,6.2,10.3,.598,0.0,0.2,.167,2.9,4.9,.595,8.1,1.9,1.2,2.7,2.2,2.0,15.4
13,2,33,1044,7.9,13.3,.591,7.8,13.1,.598,0.0,0.2,.167,3.7,6.2,.595,10.2,2.4,1.6,3.4,2.8,2.5,19.5
13,3,33,1044,11.7,19.8,.591,11.6,19.5,.598,0.1,0.3,.167,5.5,9.3,.595,15.2,3.6,2.3,5.1,4.2,3.8,29.0,,114.7,102.4
13,4,33,1044,27.3,.598,.592,.017,.470,482,10.4,18.5,14.5,14.0,2.3,8.5,14.8,24.5,,2.7,1.6,4.2,.162,,4.3,5.1,9.4
14,0,32,620,44,101,.436,31,68,.456,13,33,.394,16,26,.615,13,51,64,66,17,2,33,61,117
14,1,32,19.4,1.4,3.2,.436,1.0,2.1,.456,0.4,1.0,.394,0.5,0.8,.615,2.0,2.1,0.5,0.1,1.0,1.9,3.7
14,2,32,620,2.8,6.5,.436,2.0,4.4,.456,0.8,2.1,.394,1.0,1.7,.615,4.1,4.3,1.1,0.1,2.1,3.9,7.5
14,3,32,620,4.2,9.7,.436,3.0,6.5,.456,1.2,3.2,.394,1.5,2.5,.615,6.2,6.3,1.6,0.2,3.2,5.9,11.2,,102.1,112.4
14,4,32,620,8.9,.516,.500,.327,.257,137,2.4,9.2,5.9,19.1,1.6,0.3,22.5,12.1,,0.4,0.4,0.7,.047,,0.0,-0.9,-0.9
