0,0,17,43,0,9,.000,0,4,.000,0,5,.000,8,10,.800,2,2,4,1,1,0,3,11,8
0,1,17,2.5,0.0,0.5,.000,0.0,0.2,.000,0.0,0.3,.000,0.5,0.6,.800,0.2,0.1,0.1,0.0,0.2,0.6,0.5
0,2,17,43,0.0,8.4,.000,0.0,3.7,.000,0.0,4.7,.000,7.4,9.3,.800,3.7,0.9,0.9,0.0,2.8,10.2,7.4
0,3,17,43,0.0,11.4,.000,0.0,5.1,.000,0.0,6.4,.000,10.2,12.7,.800,5.1,1.3,1.3,0.0,3.8,14.0,10.2,,65.7,111.5
0,4,17,43,-2.7,.291,.000,.556,1.111,9,4.8,5.2,5.0,4.0,1.3,0.0,17.9,18.2,,-0.1,0.0,-0.1,-.065,,-9.0,-5.7,-14.6
1,0,28,740,99,227,.436,99,227,.436,0,0,,50,102,.490,60,127,187,14,19,17,42,78,248
1,1,28,26.4,3.5,8.1,.436,3.5,8.1,.436,0.0,0.0,,1.8,3.6,.490,6.7,0.5,0.7,0.6,1.5,2.8,8.9
1,2,28,740,5.4,12.3,.436,5.4,12.3,.436,0.0,0.0,,2.7,5.5,.490,10.1,0.8,1.0,0.9,2.3,4.2,13.4
1,3,28,740,7.3,16.8,.436,7.3,16.8,.436,0.0,0.0,,3.7,7.5,.490,13.8,1.0,1.4,1.3,3.1,5.8,18.3,,91.9,105.2
1,4,28,740,12.7,.450,.436,.000,.449,240,8.4,19.0,13.5,4.2,1.4,2.4,13.2,20.1,,0.2,0.7,0.9,.047,,-6.1,-2.6,-8.7
2,0,10,170,24,48,.500,12,20,.600,12,28,.429,12,19,.632,10,11,21,4,6,1,7,16,72
2,1,10,17.0,2.4,4.8,.500,1.2,2.0,.600,1.2,2.8,.429,1.2,1.9,.632,2.1,0.4,0.6,0.1,0.7,1.6,7.2
2,2,10,170,5.6,11.3,.500,2.8,4.7,.600,2.8,6.6,.429,2.8,4.5,.632,4.9,0.9,1.4,0.2,1.6,3.8,16.9
2,3,10,170,7.7,15.4,.500,3.9,6.4,.600,3.9,9.0,.429,3.9,6.1,.632,6.7,1.3,1.9,0.3,2.2,5.1,23.1,,122.5,110.1
2,4,10,170,17.8,.631,.625,.583,.396,62,6.1,7.2,6.6,5.3,1.9,0.6,10.9,17.6,,0.4,0.1,0.5,.124,,1.8,-4.6,-2.8
3,0,20,288,25,75,.333,10,22,.455,15,53,.283,7,11,.636,19,37,56,9,7,2,19,28,72
3,1,20,14.4,1.3,3.8,.333,0.5,1.1,.455,0.8,2.7,.283,0.4,0.6,.636,2.8,0.5,0.4,0.1,1.0,1.4,3.6
3,2,20,288,3.5,10.4,.333,1.4,3.1,.455,2.1,7.4,.283,1.0,1.5,.636,7.8,1.3,1.0,0.3,2.6,3.9,10.0
3,3,20,288,4.7,14.2,.333,1.9,4.2,.455,2.8,10.1,.283,1.3,2.1,.636,10.6,1.7,1.3,0.4,3.6,5.3,13.7,,87.5,108.2
3,4,20,288,7.9,.449,.433,.707,.147,72,6.8,14.2,10.4,6.2,1.3,0.7,19.1,16.1,,0.0,0.2,0.1,.020,,-4.1,-3.8,-7.8
4,0,5,151,24,57,.421,21,46,.457,3,11,.273,10,11,.909,6,12,18,8,9,3,17,14,61
4,1,5,30.2,4.8,11.4,.421,4.2,9.2,.457,0.6,2.2,.273,2.0,2.2,.909,3.6,1.6,1.8,0.6,3.4,2.8,12.2
4,2,5,151,6.4,15.1,.421,5.6,12.2,.457,0.8,2.9,.273,2.6,2.9,.909,4.8,2.1,2.4,0.8,4.5,3.7,16.2
4,3,5,151,8.7,20.6,.421,7.6,16.6,.457,1.1,4.0,.273,3.6,4.0,.909,6.5,2.9,3.3,1.1,6.1,5.1,22.1,,87.0,105.9
4,4,5,151,12.6,.490,.447,.193,.193,57,4.1,8.8,6.4,12.3,3.3,2.1,21.5,24.5,,0.0,0.1,0.1,.023,,-4.9,-1.8,-6.7
5,0,31,784,71,178,.399,44,104,.423,27,74,.365,34,60,.567,34,34,68,55,45,0,56,101,203
5,1,31,25.3,2.3,5.7,.399,1.4,3.4,.423,0.9,2.4,.365,1.1,1.9,.567,2.2,1.8,1.5,0.0,1.8,3.3,6.5
5,2,31,784,3.6,9.1,.399,2.2,5.3,.423,1.4,3.8,.365,1.7,3.1,.567,3.5,2.8,2.3,0.0,2.9,5.2,10.4
5,3,31,784,4.9,12.4,.399,3.1,7.2,.423,1.9,5.2,.365,2.4,4.2,.567,4.7,3.8,3.1,0.0,3.9,7.0,14.1,,93.0,108.5
5,4,31,784,9.3,.492,.475,.416,.337,210,4.5,4.8,4.6,14.1,3.1,0.0,21.3,15.7,,0.2,0.5,0.7,.036,,-2.5,-2.4,-4.9
6,0,29,536,26,89,.292,6,21,.286,20,68,.294,16,20,.800,12,30,42,40,16,2,39,70,88
6,1,29,18.5,0.9,3.1,.292,0.2,0.7,.286,0.7,2.3,.294,0.6,0.7,.800,1.4,1.4,0.6,0.1,1.3,2.4,3.0
6,2,29,536,1.9,6.6,.292,0.4,1.6,.286,1.5,5.1,.294,1.2,1.5,.800,3.1,3.0,1.2,0.1,2.9,5.2,6.6
6,3,29,536,2.6,9.1,.292,0.6,2.1,.286,2.0,6.9,.294,1.6,2.0,.800,4.3,4.1,1.6,0.2,4.0,7.1,9.0,,81.9,111.0
6,4,29,536,3.9,.447,.404,.764,.225,99,2.3,6.2,4.2,13.8,1.6,0.4,28.4,12.0,,-0.2,0.2,0.0,-.003,,-4.8,-3.4,-8.2
7,0,30,1111,204,491,.415,146,342,.427,58,149,.389,220,270,.815,47,119,166,67,47,14,104,70,686
7,1,30,37.0,6.8,16.4,.415,4.9,11.4,.427,1.9,5.0,.389,7.3,9.0,.815,5.5,2.2,1.6,0.5,3.5,2.3,22.9
7,2,30,1111,7.3,17.7,.415,5.3,12.3,.427,2.1,5.4,.389,7.9,9.7,.815,6.0,2.4,1.7,0.5,3.7,2.5,24.7
7,3,30,1111,10.0,24.1,.415,7.2,16.8,.427,2.9,7.3,.389,10.8,13.3,.815,8.2,3.3,2.3,0.7,5.1,3.4,33.7,,108.5,107.2
7,4,30,1111,22.5,.554,.475,.303,.550,634,4.4,11.9,8.0,14.9,2.3,1.3,14.4,30.4,,3.0,0.8,3.8,.137,,2.5,-3.2,-0.7
8,0,6,19,1,4,.250,1,2,.500,0,2,.000,3,4,.750,2,0,2,1,0,0,0,3,5
8,1,6,3.2,0.2,0.7,.250,0.2,0.3,.500,0.0,0.3,.000,0.5,0.7,.750,0.3,0.2,0.0,0.0,0.0,0.5,0.8
8,2,6,19,2.1,8.4,.250,2.1,4.2,.500,0.0,4.2,.000,6.3,8.4,.750,4.2,2.1,0.0,0.0,0.0,6.3,10.5
8,3,6,19,2.9,11.5,.250,2.9,5.7,.500,0.0,5.7,.000,8.6,11.5,.750,5.7,2.9,0.0,0.0,0.0,8.6,14.4,,118.2,117.3
8,4,6,19,9.7,.424,.250,.500,1.000,6,10.9,0.0,5.6,9.8,0.0,0.0,0.0,14.5,,0.0,0.0,0.0,.071,,-0.8,-6.8,-7.6
9,0,31,616,71,170,.418,55,109,.505,16,61,.262,20,29,.690,22,47,69,23,7,12,28,90,178
9,1,31,19.9,2.3,5.5,.418,1.8,3.5,.505,0.5,2.0,.262,0.6,0.9,.690,2.2,0.7,0.2,0.4,0.9,2.9,5.7
9,2,31,616,4.6,11.0,.418,3.6,7.1,.505,1.0,4.0,.262,1.3,1.9,.690,4.5,1.5,0.5,0.8,1.8,5.8,11.6
9,3,31,616,6.3,15.1,.418,4.9,9.7,.505,1.4,5.4,.262,1.8,2.6,.690,6.1,2.0,0.6,1.1,2.5,8.0,15.8,,97.2,111.5
9,4,31,616,8.4,.484,.465,.359,.171,166,3.7,8.5,6.0,7.9,0.6,2.1,13.2,16.1,,0.4,0.2,0.6,.037,,-3.8,-3.5,-7.3
10,0,31,955,108,265,.408,80,186,.430,28,79,.354,65,88,.739,34,129,163,126,87,5,125,76,309
10,1,31,30.8,3.5,8.5,.408,2.6,6.0,.430,0.9,2.5,.354,2.1,2.8,.739,5.3,4.1,2.8,0.2,4.0,2.5,10.0
10,2,31,955,4.5,11.1,.408,3.4,7.8,.430,1.2,3.3,.354,2.7,3.7,.739,6.8,5.3,3.6,0.2,5.2,3.2,12.9
10,3,31,955,6.2,15.2,.408,4.6,10.6,.430,1.6,4.5,.354,3.7,5.0,.739,9.3,7.2,5.0,0.3,7.1,4.3,17.7,,87.9,100.1
10,4,31,955,14.7,.504,.460,.298,.332,339,3.7,15.0,9.1,27.8,5.0,0.6,28.9,21.1,,-0.2,1.4,1.2,.050,,-2.4,0.7,-1.7
11,0,20,355,42,112,.375,41,106,.387,1,6,.167,30,80,.375,22,57,79,8,10,12,35,24,115
11,1,20,17.8,2.1,5.6,.375,2.1,5.3,.387,0.1,0.3,.167,1.5,4.0,.375,4.0,0.4,0.5,0.6,1.8,1.2,5.8
11,2,20,355,4.7,12.6,.375,4.6,11.9,.387,0.1,0.7,.167,3.4,9.0,.375,8.9,0.9,1.1,1.4,3.9,2.7,13.0
11,3,20,355,6.5,17.2,.375,6.3,16.3,.387,0.2,0.9,.167,4.6,12.3,.375,12.2,1.2,1.5,1.8,5.4,3.7,17.7,,72.8,105.3
11,4,20,355,7.7,.383,.379,.054,.714,111,6.4,17.8,11.9,4.8,1.5,3.6,18.9,24.4,,-0.7,0.3,-0.3,-.039,,-10.4,-2.7,-13.0
12,0,6,30,2,5,.400,2,5,.400,0,0,,0,0,,0,2,2,1,0,1,5,13,4
12,1,6,5.0,0.3,0.8,.400,0.3,0.8,.400,0.0,0.0,,0.0,0.0,,0.3,0.2,0.0,0.2,0.8,2.2,0.7
12,2,6,30,2.7,6.7,.400,2.7,6.7,.400,0.0,0.0,,0.0,0.0,,2.7,1.3,0.0,1.3,6.7,17.3,5.3
12,3,6,30,3.6,9.1,.400,3.6,9.1,.400,0.0,0.0,,0.0,0.0,,3.6,1.8,0.0,1.8,9.1,23.7,7.3,,42.6,110.6
12,4,6,30,-10.2,.400,.400,.000,.000,4,0.0,7.4,3.6,6.4,0.0,3.5,50.0,15.6,,-0.1,0.0,-0.1,-.130,,-14.4,-2.5,-17.0
13,0,31,452,38,88,.432,38,87,.437,0,1,.000,15,21,.714,37,43,80,5,3,13,27,87,91
13,1,31,14.6,1.2,2.8,.432,1.2,2.8,.437,0.0,0.0,.000,0.5,0.7,.714,2.6,0.2,0.1,0.4,0.9,2.8,2.9
13,2,31,452,3.4,7.8,.432,3.4,7.7,.437,0.0,0.1,.000,1.3,1.9,.714,7.1,0.4,0.3,1.2,2.4,7.7,8.1
13,3,31,452,4.6,10.6,.432,4.6,10.5,.437,0.0,0.1,.000,1.8,2.5,.714,9.7,0.6,0.4,1.6,3.3,10.5,11.0,,88.0,110.4
13,4,31,452,5.6,.464,.432,.011,.239,95,8.4,10.6,9.5,2.2,0.4,3.1,21.6,12.9,,0.0,0.2,0.2,.014,,-6.7,-2.7,-9.4
