0,0,9,40,1,11,.091,1,8,.125,0,3,.000,2,4,.500,2,5,7,2,0,0,5,4,4
0,1,9,4.4,0.1,1.2,.091,0.1,0.9,.125,0.0,0.3,.000,0.2,0.4,.500,0.8,0.2,0.0,0.0,0.6,0.4,0.4
0,2,9,40,1.0,11.0,.091,1.0,8.0,.125,0.0,3.0,.000,2.0,4.0,.500,7.0,2.0,0.0,0.0,5.0,4.0,4.0
0,3,9,40,1.3,14.8,.091,1.3,10.7,.125,0.0,4.0,.000,2.7,5.4,.500,9.4,2.7,0.0,0.0,6.7,5.4,5.4,,37.5,109.2
0,4,9,40,-8.4,.155,.091,.273,.364,6,5.0,14.4,9.4,8.0,0.0,0.0,27.9,20.3,,-0.2,0.0,-0.2,-.179,,-15.1,-4.5,-19.6
1,0,30,655,96,216,.444,96,216,.444,0,0,,61,114,.535,42,83,125,24,19,9,44,63,253
1,1,30,21.8,3.2,7.2,.444,3.2,7.2,.444,0.0,0.0,,2.0,3.8,.535,4.2,0.8,0.6,0.3,1.5,2.1,8.4
1,2,30,655,5.9,13.2,.444,5.9,13.2,.444,0.0,0.0,,3.7,7.0,.535,7.6,1.5,1.2,0.5,2.7,3.8,15.5
1,3,30,655,7.9,17.7,.444,7.9,17.7,.444,0.0,0.0,,5.0,9.4,.535,10.3,2.0,1.6,0.7,3.6,5.2,20.8,,94.8,105.1
1,4,30,655,13.1,.468,.444,.000,.528,242,6.4,14.6,10.2,7.3,1.6,1.4,14.0,21.8,,0.4,0.6,1.0,.060,,-4.9,-2.4,-7.3
2,0,22,499,98,195,.503,91,171,.532,7,24,.292,60,87,.690,43,59,102,24,26,5,39,71,263
2,1,22,22.7,4.5,8.9,.503,4.1,7.8,.532,0.3,1.1,.292,2.7,4.0,.690,4.6,1.1,1.2,0.2,1.8,3.2,12.0
2,2,22,499,7.9,15.6,.503,7.3,13.7,.532,0.6,1.9,.292,4.8,7.0,.690,8.2,1.9,2.1,0.4,3.1,5.7,21.1
2,3,22,499,10.6,21.0,.503,9.8,18.4,.532,0.8,2.6,.292,6.5,9.4,.690,11.0,2.6,2.8,0.5,4.2,7.6,28.3,,109.2,102.7
2,4,22,499,21.2,.556,.521,.123,.446,245,8.7,13.6,11.0,10.6,2.8,1.0,14.2,25.1,,1.2,0.6,1.8,.141,,0.4,-1.9,-1.5
3,0,9,42,8,15,.533,8,14,.571,0,1,.000,3,4,.750,1,2,3,3,2,0,6,6,19
3,1,9,4.7,0.9,1.7,.533,0.9,1.6,.571,0.0,0.1,.000,0.3,0.4,.750,0.3,0.3,0.2,0.0,0.7,0.7,2.1
3,2,9,42,7.6,14.3,.533,7.6,13.3,.571,0.0,1.0,.000,2.9,3.8,.750,2.9,2.9,1.9,0.0,5.7,5.7,18.1
3,3,9,42,10.2,19.2,.533,10.2,17.9,.571,0.0,1.3,.000,3.8,5.1,.750,3.8,3.8,2.6,0.0,7.7,7.7,24.3,,90.0,106.8
3,4,9,42,12.0,.562,.533,.067,.267,17,2.4,5.5,3.8,15.5,2.6,0.0,26.2,24.8,,0.0,0.0,0.0,.034,,-5.4,-4.2,-9.6
4,0,28,726,115,263,.437,81,179,.453,34,84,.405,84,98,.857,41,117,158,37,40,7,70,98,348
4,1,28,25.9,4.1,9.4,.437,2.9,6.4,.453,1.2,3.0,.405,3.0,3.5,.857,5.6,1.3,1.4,0.3,2.5,3.5,12.4
4,2,28,726,6.3,14.5,.437,4.5,9.9,.453,1.9,4.6,.405,4.6,5.4,.857,8.7,2.0,2.2,0.4,3.9,5.4,19.2
4,3,28,726,8.5,19.5,.437,6.0,13.3,.453,2.5,6.2,.405,6.2,7.3,.857,11.7,2.7,3.0,0.5,5.2,7.3,25.8,,104.6,100.5
4,4,28,726,18.4,.562,.502,.319,.373,324,5.7,18.6,11.7,10.4,3.0,1.0,18.4,23.7,,1.3,1.0,2.2,.124,,-0.4,-1.1,-1.5
5,0,29,558,37,108,.343,19,52,.365,18,56,.321,28,42,.667,18,38,56,66,27,0,53,66,120
5,1,29,19.2,1.3,3.7,.343,0.7,1.8,.365,0.6,1.9,.321,1.0,1.4,.667,1.9,2.3,0.9,0.0,1.8,2.3,4.1
5,2,29,558,2.7,7.7,.343,1.4,3.7,.365,1.3,4.0,.321,2.0,3.0,.667,4.0,4.7,1.9,0.0,3.8,4.7,8.6
5,3,29,558,3.6,10.4,.343,1.8,5.0,.365,1.7,5.4,.321,2.7,4.0,.667,5.4,6.4,2.6,0.0,5.1,6.4,11.6,,87.0,106.0
5,4,29,558,7.7,.469,.426,.519,.389,142,3.2,7.8,5.4,20.2,2.6,0.0,29.3,14.7,,-0.1,0.5,0.4,.027,,-3.7,-2.2,-5.8
6,0,30,747,64,185,.346,26,65,.400,38,120,.317,28,34,.824,15,39,54,49,27,1,42,63,194
6,1,30,24.9,2.1,6.2,.346,0.9,2.2,.400,1.3,4.0,.317,0.9,1.1,.824,1.8,1.6,0.9,0.0,1.4,2.1,6.5
6,2,30,747,3.4,9.9,.346,1.4,3.5,.400,2.0,6.4,.317,1.5,1.8,.824,2.9,2.6,1.4,0.1,2.2,3.4,10.4
6,3,30,747,4.6,13.3,.346,1.9,4.7,.400,2.7,8.6,.317,2.0,2.4,.824,3.9,3.5,1.9,0.1,3.0,4.5,14.0,,96.5,108.2
6,4,30,747,8.4,.482,.449,.649,.184,191,2.0,6.0,3.9,11.6,1.9,0.1,17.3,14.8,,0.4,0.4,0.8,.045,,-2.1,-2.9,-5.0
7,0,23,351,31,96,.323,22,53,.415,9,43,.209,20,29,.690,14,46,60,8,4,0,18,29,91
7,1,23,15.3,1.3,4.2,.323,1.0,2.3,.415,0.4,1.9,.209,0.9,1.3,.690,2.6,0.3,0.2,0.0,0.8,1.3,4.0
7,2,23,351,3.5,10.9,.323,2.5,6.0,.415,1.0,4.9,.209,2.3,3.3,.690,6.8,0.9,0.5,0.0,2.1,3.3,10.4
7,3,23,351,4.7,14.7,.323,3.4,8.1,.415,1.4,6.6,.209,3.1,4.4,.690,9.2,1.2,0.6,0.0,2.8,4.4,13.9,,86.6,107.7
7,4,23,351,6.3,.414,.370,.448,.302,87,4.0,15.1,9.2,4.1,0.6,0.0,14.1,16.5,,-0.1,0.2,0.2,.019,,-5.8,-4.3,-10.1
8,0,29,556,92,193,.477,92,193,.477,0,0,,61,107,.570,70,82,152,26,20,16,69,72,245
8,1,29,19.2,3.2,6.7,.477,3.2,6.7,.477,0.0,0.0,,2.1,3.7,.570,5.2,0.9,0.7,0.6,2.4,2.5,8.4
8,2,29,556,6.6,13.9,.477,6.6,13.9,.477,0.0,0.0,,4.4,7.7,.570,10.9,1.9,1.4,1.2,5.0,5.2,17.6
8,3,29,556,8.9,18.7,.477,8.9,18.7,.477,0.0,0.0,,5.9,10.3,.570,14.7,2.5,1.9,1.5,6.7,7.0,23.7,,92.6,102.5
8,4,29,556,16.3,.502,.477,.000,.554,248,12.6,17.0,14.7,9.6,1.9,2.9,22.1,25.6,,0.3,0.6,0.9,.064,,-4.3,-1.0,-5.3
9,0,15,280,48,108,.444,32,59,.542,16,49,.327,17,28,.607,21,27,48,9,14,10,23,30,129
9,1,15,18.7,3.2,7.2,.444,2.1,3.9,.542,1.1,3.3,.327,1.1,1.9,.607,3.2,0.6,0.9,0.7,1.5,2.0,8.6
9,2,15,280,6.9,15.4,.444,4.6,8.4,.542,2.3,7.0,.327,2.4,4.0,.607,6.9,1.3,2.0,1.4,3.3,4.3,18.4
9,3,15,280,9.2,20.7,.444,6.1,11.3,.542,3.1,9.4,.327,3.3,5.4,.607,9.2,1.7,2.7,1.9,4.4,5.8,24.8,,101.0,102.9
9,4,15,280,17.5,.532,.519,.454,.259,117,7.5,11.1,9.2,6.7,2.7,3.6,15.9,23.4,,0.4,0.3,0.7,.096,,-0.8,-1.4,-2.2
10,0,29,709,130,308,.422,123,270,.456,7,38,.184,68,85,.800,26,73,99,55,26,1,53,57,335
10,1,29,24.4,4.5,10.6,.422,4.2,9.3,.456,0.2,1.3,.184,2.3,2.9,.800,3.4,1.9,0.9,0.0,1.8,2.0,11.6
10,2,29,709,7.3,17.4,.422,6.9,15.2,.456,0.4,2.1,.184,3.8,4.8,.800,5.6,3.1,1.5,0.1,3.0,3.2,18.9
10,3,29,709,9.9,23.3,.422,9.3,20.5,.456,0.5,2.9,.184,5.2,6.4,.800,7.5,4.2,2.0,0.1,4.0,4.3,25.4,,99.1,105.9
10,4,29,709,15.8,.481,.433,.123,.276,319,3.7,11.9,7.5,16.6,2.0,0.1,13.2,25.7,,0.9,0.6,1.4,.081,,-2.6,-3.1,-5.7
11,0,27,649,53,123,.431,29,62,.468,24,61,.393,48,59,.814,17,32,49,67,16,1,40,47,178
11,1,27,24.0,2.0,4.6,.431,1.1,2.3,.468,0.9,2.3,.393,1.8,2.2,.814,1.8,2.5,0.6,0.0,1.5,1.7,6.6
11,2,27,649,3.3,7.6,.431,1.8,3.8,.468,1.5,3.8,.393,3.0,3.6,.814,3.0,4.1,1.0,0.1,2.5,2.9,11.0
11,3,27,649,4.4,10.2,.431,2.4,5.1,.468,2.0,5.1,.393,4.0,4.9,.814,4.1,5.5,1.3,0.1,3.3,3.9,14.7,,112.5,109.8
11,4,27,649,11.9,.589,.528,.496,.480,188,2.6,5.7,4.1,18.2,1.3,0.2,20.9,13.4,,1.0,0.3,1.3,.082,,-0.7,-3.6,-4.2
12,0,30,238,14,39,.359,14,39,.359,0,0,,1,13,.077,31,30,61,3,4,1,3,47,29
12,1,30,7.9,0.5,1.3,.359,0.5,1.3,.359,0.0,0.0,,0.0,0.4,.077,2.0,0.1,0.1,0.0,0.1,1.6,1.0
12,2,30,238,2.4,6.6,.359,2.4,6.6,.359,0.0,0.0,,0.2,2.2,.077,10.3,0.5,0.7,0.2,0.5,7.9,4.9
12,3,30,238,3.2,8.8,.359,3.2,8.8,.359,0.0,0.0,,0.2,2.9,.077,13.8,0.7,0.9,0.2,0.7,10.6,6.5,,93.1,106.5
12,4,30,238,5.8,.321,.359,.000,.333,40,13.1,14.5,13.8,2.1,0.9,0.4,6.2,9.2,,0.0,0.2,0.2,.039,,-5.4,-3.0,-8.4
