0,0,18,442,73,240,.304,23,73,.315,50,167,.299,43,56,.768,8,42,50,18,22,4,32,24,239
0,1,18,24.6,4.1,13.3,.304,1.3,4.1,.315,2.8,9.3,.299,2.4,3.1,.768,2.8,1.0,1.2,0.2,1.8,1.3,13.3
0,2,18,442,6.6,21.7,.304,2.1,6.6,.315,4.5,15.1,.299,3.9,5.1,.768,4.5,1.6,2.0,0.4,2.9,2.2,21.6
0,3,18,442,9.7,32.0,.304,3.1,9.7,.315,6.7,22.3,.299,5.7,7.5,.768,6.7,2.4,2.9,0.5,4.3,3.2,31.9,,94.9,103.1
0,4,18,442,15.6,.448,.408,.696,.233,211,2.0,11.4,6.5,12.3,2.9,1.0,10.7,33.7,,0.4,0.5,0.9,.078,,1.3,-4.2,-3.0
1,0,25,223,16,29,.552,16,29,.552,0,0,,5,9,.556,12,25,37,4,2,5,20,42,37
1,1,25,8.9,0.6,1.2,.552,0.6,1.2,.552,0.0,0.0,,0.2,0.4,.556,1.5,0.2,0.1,0.2,0.8,1.7,1.5
1,2,25,223,2.9,5.2,.552,2.9,5.2,.552,0.0,0.0,,0.9,1.6,.556,6.6,0.7,0.4,0.9,3.6,7.5,6.6
1,3,25,223,4.2,7.7,.552,4.2,7.7,.552,0.0,0.0,,1.3,2.4,.556,9.8,1.1,0.5,1.3,5.3,11.1,9.8,,77.2,106.0
1,4,25,223,3.9,.556,.552,.000,.310,36,6.0,13.4,9.6,4.2,0.5,2.6,37.5,11.9,,-0.2,0.2,0.0,.003,,-6.8,-1.0,-7.8
2,0,29,264,15,31,.484,15,31,.484,0,0,,3,8,.375,16,42,58,3,2,4,18,50,33
2,1,29,9.1,0.5,1.1,.484,0.5,1.1,.484,0.0,0.0,,0.1,0.3,.375,2.0,0.1,0.1,0.1,0.6,1.7,1.1
2,2,29,264,2.3,4.7,.484,2.3,4.7,.484,0.0,0.0,,0.5,1.2,.375,8.8,0.5,0.3,0.6,2.7,7.6,5.0
2,3,29,264,3.4,6.9,.484,3.4,6.9,.484,0.0,0.0,,0.7,1.8,.375,13.0,0.7,0.4,0.9,4.0,11.2,7.4,,74.1,104.2
2,4,29,264,3.4,.474,.484,.000,.258,35,6.8,19.0,12.7,2.6,0.4,1.7,34.1,10.0,,-0.2,0.3,0.1,.009,,-7.4,-1.5,-8.9
3,0,21,318,38,104,.365,18,45,.400,20,59,.339,7,9,.778,17,25,42,8,3,1,25,40,103
3,1,21,15.1,1.8,5.0,.365,0.9,2.1,.400,1.0,2.8,.339,0.3,0.4,.778,2.0,0.4,0.1,0.0,1.2,1.9,4.9
3,2,21,318,4.8,13.1,.365,2.3,5.7,.400,2.5,7.4,.339,0.9,1.1,.778,5.3,1.0,0.4,0.1,3.1,5.0,13.0
3,3,21,318,7.0,19.3,.365,3.3,8.3,.400,3.7,10.9,.339,1.3,1.7,.778,7.8,1.5,0.6,0.2,4.6,7.4,19.1,,89.5,109.0
3,4,21,318,7.4,.476,.462,.567,.087,94,6.0,9.4,7.6,6.7,0.6,0.4,18.8,20.9,,0.0,0.2,0.2,.023,,-2.9,-4.5,-7.4
4,0,16,53,3,10,.300,3,9,.333,0,1,.000,0,5,.000,1,4,5,6,4,0,4,7,6
4,1,16,3.3,0.2,0.6,.300,0.2,0.6,.333,0.0,0.1,.000,0.0,0.3,.000,0.3,0.4,0.3,0.0,0.3,0.4,0.4
4,2,16,53,2.3,7.5,.300,2.3,6.8,.333,0.0,0.8,.000,0.0,3.8,.000,3.8,4.5,3.0,0.0,3.0,5.3,4.5
4,3,16,53,3.3,11.1,.300,3.3,10.0,.333,0.0,1.1,.000,0.0,5.6,.000,5.6,6.7,4.5,0.0,4.5,7.8,6.7,,57.7,100.7
4,4,16,53,2.9,.242,.300,.100,.500,8,2.1,9.0,5.5,25.7,4.5,0.0,24.4,15.4,,-0.1,0.1,-0.1,-.046,,-8.0,-0.7,-8.7
5,0,22,176,23,71,.324,8,31,.258,15,40,.375,8,12,.667,4,13,17,4,7,2,7,19,69
5,1,22,8.0,1.0,3.2,.324,0.4,1.4,.258,0.7,1.8,.375,0.4,0.5,.667,0.8,0.2,0.3,0.1,0.3,0.9,3.1
5,2,22,176,5.2,16.1,.324,1.8,7.0,.258,3.4,9.1,.375,1.8,2.7,.667,3.9,0.9,1.6,0.5,1.6,4.3,15.7
5,3,22,176,7.7,23.8,.324,2.7,10.4,.258,5.0,13.4,.375,2.7,4.0,.667,5.7,1.3,2.3,0.7,2.3,6.4,23.1,,97.4,105.0
5,4,22,176,11.5,.450,.430,.563,.169,60,2.6,8.8,5.6,6.2,2.3,1.3,8.4,23.7,,0.2,0.2,0.3,.070,,-1.8,-4.1,-5.9
6,0,31,496,24,53,.453,24,53,.453,0,0,,20,34,.588,31,55,86,7,8,21,19,73,68
6,1,31,16.0,0.8,1.7,.453,0.8,1.7,.453,0.0,0.0,,0.6,1.1,.588,2.8,0.2,0.3,0.7,0.6,2.4,2.2
6,2,31,496,1.9,4.3,.453,1.9,4.3,.453,0.0,0.0,,1.6,2.7,.588,6.9,0.6,0.6,1.7,1.5,5.9,5.5
6,3,31,496,2.9,6.3,.453,2.9,6.3,.453,0.0,0.0,,2.4,4.0,.588,10.2,0.8,1.0,2.5,2.3,8.7,8.1,,95.2,104.4
6,4,31,496,7.6,.492,.453,.000,.642,73,7.0,13.2,10.0,3.2,1.0,4.9,21.6,8.9,,0.1,0.5,0.6,.050,,-4.7,1.2,-3.5
7,0,28,376,36,84,.429,33,73,.452,3,11,.273,23,36,.639,4,26,30,16,13,1,21,26,98
7,1,28,13.4,1.3,3.0,.429,1.2,2.6,.452,0.1,0.4,.273,0.8,1.3,.639,1.1,0.6,0.5,0.0,0.8,0.9,3.5
7,2,28,376,3.8,8.9,.429,3.5,7.8,.452,0.3,1.2,.273,2.4,3.8,.639,3.2,1.7,1.4,0.1,2.2,2.8,10.4
7,3,28,376,5.6,13.2,.429,5.2,11.5,.452,0.5,1.7,.273,3.6,5.6,.639,4.7,2.5,2.0,0.2,3.3,4.1,15.4,,93.3,106.6
7,4,28,376,9.1,.485,.446,.131,.429,91,1.2,8.3,4.6,10.6,2.0,0.3,17.2,16.2,,0.1,0.3,0.4,.043,,-4.3,-2.3,-6.7
8,0,30,840,84,203,.414,58,142,.408,26,61,.426,78,115,.678,20,67,87,105,30,1,103,59,272
8,1,30,28.0,2.8,6.8,.414,1.9,4.7,.408,0.9,2.0,.426,2.6,3.8,.678,2.9,3.5,1.0,0.0,3.4,2.0,9.1
8,2,30,840,4.0,9.7,.414,2.8,6.8,.408,1.2,2.9,.426,3.7,5.5,.678,4.1,5.0,1.4,0.0,4.9,2.8,13.0
8,3,30,840,5.9,14.3,.414,4.1,10.0,.408,1.8,4.3,.426,5.5,8.1,.678,6.1,7.4,2.1,0.1,7.2,4.1,19.1,,91.7,106.0
8,4,30,840,12.0,.528,.478,.300,.567,289,2.7,9.5,6.0,31.5,2.1,0.1,28.6,21.4,,0.3,0.7,0.9,.044,,-1.5,-2.6,-4.1
9,0,31,660,54,110,.491,54,110,.491,0,0,,57,82,.695,57,92,149,9,13,21,47,107,165
9,1,31,21.3,1.7,3.5,.491,1.7,3.5,.491,0.0,0.0,,1.8,2.6,.695,4.8,0.3,0.4,0.7,1.5,3.5,5.3
9,2,31,660,3.3,6.7,.491,3.3,6.7,.491,0.0,0.0,,3.5,5.0,.695,9.0,0.5,0.8,1.3,2.8,6.5,10.0
9,3,31,660,4.8,9.8,.491,4.8,9.8,.491,0.0,0.0,,5.1,7.3,.695,13.3,0.8,1.2,1.9,4.2,9.6,14.7,,98.5,102.9
9,4,31,660,11.5,.554,.491,.000,.745,166,9.7,16.7,13.1,3.3,1.2,3.7,24.0,14.8,,0.5,0.7,1.2,.072,,-3.8,-0.1,-3.9
10,0,21,319,26,73,.356,19,50,.380,7,23,.304,20,29,.690,17,38,55,13,9,1,28,33,79
10,1,21,15.2,1.2,3.5,.356,0.9,2.4,.380,0.3,1.1,.304,1.0,1.4,.690,2.6,0.6,0.4,0.0,1.3,1.6,3.8
10,2,21,319,3.3,9.2,.356,2.4,6.3,.380,0.9,2.9,.304,2.5,3.6,.690,6.9,1.6,1.1,0.1,3.5,4.1,9.9
10,3,21,319,4.8,13.5,.356,3.5,9.2,.380,1.3,4.3,.304,3.7,5.4,.690,10.2,2.4,1.7,0.2,5.2,6.1,14.6,,83.6,104.6
10,4,21,319,7.6,.455,.404,.315,.397,80,6.0,14.2,10.0,9.8,1.7,0.4,24.4,17.9,,-0.1,0.3,0.2,.019,,-4.7,-1.8,-6.5
11,0,30,736,87,210,.414,79,176,.449,8,34,.235,79,124,.637,43,62,105,25,26,14,67,82,261
11,1,30,24.5,2.9,7.0,.414,2.6,5.9,.449,0.3,1.1,.235,2.6,4.1,.637,3.5,0.8,0.9,0.5,2.2,2.7,8.7
11,2,30,736,4.7,11.4,.414,4.3,9.6,.449,0.4,1.8,.235,4.3,6.7,.637,5.7,1.4,1.4,0.8,3.6,4.5,14.2
11,3,30,736,7.0,16.8,.414,6.3,14.1,.449,0.6,2.7,.235,6.3,9.9,.637,8.4,2.0,2.1,1.1,5.4,6.6,20.9,,91.1,104.7
11,4,30,736,11.8,.485,.433,.162,.590,250,6.6,10.1,8.3,9.0,2.1,2.2,19.9,22.7,,0.2,0.7,0.9,.047,,-3.2,-1.0,-4.2
12,0,29,705,72,194,.371,70,189,.370,2,5,.400,68,91,.747,62,89,151,19,26,17,49,72,214
12,1,29,24.3,2.5,6.7,.371,2.4,6.5,.370,0.1,0.2,.400,2.3,3.1,.747,5.2,0.7,0.9,0.6,1.7,2.5,7.4
12,2,29,705,4.1,11.0,.371,4.0,10.7,.370,0.1,0.3,.400,3.9,5.2,.747,8.6,1.1,1.5,1.0,2.8,4.1,12.1
12,3,29,705,6.0,16.2,.371,5.9,15.8,.370,0.2,0.4,.400,5.7,7.6,.747,12.6,1.6,2.2,1.4,4.1,6.0,17.9,,92.7,102.1
12,4,29,705,13.0,.451,.376,.026,.469,217,9.9,15.1,12.4,6.8,2.2,2.8,17.1,20.2,,0.3,0.8,1.1,.062,,-3.9,0.0,-4.0
13,0,25,617,67,201,.333,58,163,.356,9,38,.237,94,134,.701,25,68,93,46,24,2,68,56,237
13,1,25,24.7,2.7,8.0,.333,2.3,6.5,.356,0.4,1.5,.237,3.8,5.4,.701,3.7,1.8,1.0,0.1,2.7,2.2,9.5
13,2,25,617,4.3,13.0,.333,3.8,10.6,.356,0.6,2.5,.237,6.1,8.7,.701,6.0,3.0,1.6,0.1,4.4,3.6,15.4
13,3,25,617,6.4,19.2,.333,5.5,15.6,.356,0.9,3.6,.237,9.0,12.8,.701,8.9,4.4,2.3,0.2,6.5,5.4,22.7,,87.6,103.8
13,4,25,617,11.5,.448,.356,.189,.667,238,4.5,13.2,8.7,19.2,2.3,0.4,20.4,26.9,,-0.1,0.6,0.5,.034,,-3.6,-1.8,-5.4
