0,0,29,376,10,19,.526,10,19,.526,0,0,,17,28,.607,25,53,78,6,9,7,16,57,37
0,1,29,13.0,0.3,0.7,.526,0.3,0.7,.526,0.0,0.0,,0.6,1.0,.607,2.7,0.2,0.3,0.2,0.6,2.0,1.3
0,2,29,376,1.1,2.0,.526,1.1,2.0,.526,0.0,0.0,,1.8,3.0,.607,8.3,0.6,1.0,0.7,1.7,6.1,3.9
0,3,29,376,1.7,3.3,.526,1.7,3.3,.526,0.0,0.0,,2.9,4.8,.607,13.4,1.0,1.5,1.2,2.7,9.8,6.3,,94.3,96.5
0,4,29,376,7.4,.573,.526,.000,1.474,43,7.6,17.1,12.2,3.7,1.5,2.3,33.1,6.9,,0.1,0.6,0.7,.076,,-6.0,1.0,-5.0
1,0,30,497,68,201,.338,24,61,.393,44,140,.314,13,16,.813,10,37,47,14,9,1,35,33,193
1,1,30,16.6,2.3,6.7,.338,0.8,2.0,.393,1.5,4.7,.314,0.4,0.5,.813,1.6,0.5,0.3,0.0,1.2,1.1,6.4
1,2,30,497,5.5,16.2,.338,1.9,4.9,.393,3.5,11.3,.314,1.0,1.3,.813,3.8,1.1,0.7,0.1,2.8,2.7,15.5
1,3,30,497,8.8,26.1,.338,3.1,7.9,.393,5.7,18.2,.314,1.7,2.1,.813,6.1,1.8,1.2,0.1,4.5,4.3,25.0,,90.3,102.8
1,4,30,497,9.8,.463,.448,.697,.080,165,2.3,9.1,5.6,8.7,1.2,0.2,14.4,26.5,,0.1,0.5,0.6,.051,,-2.1,-5.0,-7.1
2,0,1,22,0,0,,0,0,,0,0,,4,4,1.000,2,1,3,0,0,1,0,2,4
2,1,1,22.0,0.0,0.0,,0.0,0.0,,0.0,0.0,,4.0,4.0,1.000,3.0,0.0,0.0,1.0,0.0,2.0,4.0
2,2,1,22,0.0,0.0,,0.0,0.0,,0.0,0.0,,7.3,7.3,1.000,5.5,0.0,0.0,1.8,0.0,3.6,7.3
2,3,1,22,0.0,0.0,,0.0,0.0,,0.0,0.0,,11.7,11.7,1.000,8.8,0.0,0.0,2.9,0.0,5.9,11.7,,242.5,104.7
2,4,1,22,16.9,1.053,,,,4,10.4,5.5,8.0,0.0,0.0,5.5,0.0,4.7,,0.1,0.0,0.1,.196,,-0.2,-2.0,-2.2
3,0,4,3,0,1,.000,0,0,,0,1,.000,0,0,,0,0,0,0,0,0,0,1,0
3,1,4,0.8,0.0,0.3,.000,0.0,0.0,,0.0,0.3,.000,0.0,0.0,,0.0,0.0,0.0,0.0,0.0,0.3,0.0
3,2,4,3,0.0,13.3,.000,0.0,0.0,,0.0,13.3,.000,0.0,0.0,,0.0,0.0,0.0,0.0,0.0,13.3,0.0
3,3,4,3,0.0,21.5,.000,0.0,0.0,,0.0,21.5,.000,0.0,0.0,,0.0,0.0,0.0,0.0,0.0,21.5,0.0,,0.0,108.3
3,4,4,3,-22.2,.000,.000,1.000,.000,0,0.0,0.0,0.0,0.0,0.0,0.0,0.0,18.0,,0.0,0.0,0.0,-.213,,-14.0,-7.2,-21.2
4,0,28,375,20,81,.247,18,58,.310,2,23,.087,36,48,.750,8,26,34,22,15,0,26,21,78
4,1,28,13.4,0.7,2.9,.247,0.6,2.1,.310,0.1,0.8,.087,1.3,1.7,.750,1.2,0.8,0.5,0.0,0.9,0.8,2.8
4,2,28,375,2.1,8.6,.247,1.9,6.2,.310,0.2,2.5,.087,3.8,5.1,.750,3.6,2.3,1.6,0.0,2.8,2.2,8.3
4,3,28,375,3.4,13.9,.247,3.1,10.0,.310,0.3,4.0,.087,6.2,8.2,.750,5.8,3.8,2.6,0.0,4.5,3.6,13.4,,77.6,100.2
4,4,28,375,6.1,.376,.259,.284,.593,81,2.4,8.4,5.3,14.4,2.6,0.0,20.0,18.7,,-0.4,0.5,0.1,.015,,-7.0,-1.7,-8.7
5,0,28,867,77,234,.329,57,140,.407,20,94,.213,50,80,.625,12,65,77,107,45,2,104,73,224
5,1,28,31.0,2.8,8.4,.329,2.0,5.0,.407,0.7,3.4,.213,1.8,2.9,.625,2.8,3.8,1.6,0.1,3.7,2.6,8.0
5,2,28,867,3.6,10.8,.329,2.6,6.5,.407,0.9,4.3,.213,2.3,3.7,.625,3.6,4.9,2.1,0.1,4.8,3.4,10.3
5,3,28,867,5.7,17.4,.329,4.2,10.4,.407,1.5,7.0,.213,3.7,5.9,.625,5.7,8.0,3.3,0.1,7.7,5.4,16.6,,76.0,97.8
5,4,28,867,7.8,.412,.372,.402,.342,243,1.6,9.1,5.2,33.1,3.3,0.3,27.7,23.5,,-1.3,1.4,0.1,.003,,-4.8,-1.3,-6.1
6,0,31,845,52,122,.426,52,122,.426,0,0,,56,89,.629,81,103,184,6,23,36,41,97,160
6,1,31,27.3,1.7,3.9,.426,1.7,3.9,.426,0.0,0.0,,1.8,2.9,.629,5.9,0.2,0.7,1.2,1.3,3.1,5.2
6,2,31,845,2.5,5.8,.426,2.5,5.8,.426,0.0,0.0,,2.7,4.2,.629,8.7,0.3,1.1,1.7,1.9,4.6,7.6
6,3,31,845,4.0,9.3,.426,4.0,9.3,.426,0.0,0.0,,4.3,6.8,.629,14.0,0.5,1.8,2.7,3.1,7.4,12.2,,95.4,96.2
6,4,31,845,12.1,.487,.426,.000,.730,167,11.0,14.8,12.8,1.8,1.8,5.2,20.0,13.1,,0.4,1.5,1.8,.087,,-5.1,1.8,-3.3
7,0,30,725,47,160,.294,28,72,.389,19,88,.216,37,53,.698,15,76,91,37,15,7,52,38,150
7,1,30,24.2,1.6,5.3,.294,0.9,2.4,.389,0.6,2.9,.216,1.2,1.8,.698,3.0,1.2,0.5,0.2,1.7,1.3,5.0
7,2,30,725,2.6,8.8,.294,1.5,4.0,.389,1.0,4.9,.216,2.0,2.9,.698,5.0,2.0,0.8,0.4,2.9,2.1,8.3
7,3,30,725,4.2,14.2,.294,2.5,6.4,.389,1.7,7.8,.216,3.3,4.7,.698,8.1,3.3,1.3,0.6,4.6,3.4,13.3,,78.1,100.3
7,4,30,725,6.0,.405,.353,.550,.331,149,2.4,12.7,7.4,12.9,1.3,1.2,21.9,17.7,,-0.6,1.0,0.3,.018,,-5.8,-1.1,-6.9
8,0,19,67,0,5,.000,0,4,.000,0,1,.000,1,3,.333,9,3,12,0,1,0,3,5,1
8,1,19,3.5,0.0,0.3,.000,0.0,0.2,.000,0.0,0.1,.000,0.1,0.2,.333,0.6,0.0,0.1,0.0,0.2,0.3,0.1
8,2,19,67,0.0,3.0,.000,0.0,2.4,.000,0.0,0.6,.000,0.6,1.8,.333,7.2,0.0,0.6,0.0,1.8,3.0,0.6
8,3,19,67,0.0,4.8,.000,0.0,3.8,.000,0.0,1.0,.000,1.0,2.9,.333,11.5,0.0,1.0,0.0,2.9,4.8,1.0,,46.5,105.1
8,4,19,67,0.5,.078,.000,.200,.600,4,15.4,5.4,10.6,0.0,1.0,0.0,31.8,7.6,,-0.1,0.1,-0.1,-.036,,-9.6,-3.2,-12.9
9,0,31,907,86,223,.386,84,212,.396,2,11,.182,40,69,.580,59,83,142,27,38,24,59,99,214
9,1,31,29.3,2.8,7.2,.386,2.7,6.8,.396,0.1,0.4,.182,1.3,2.2,.580,4.6,0.9,1.2,0.8,1.9,3.2,6.9
9,2,31,907,3.8,9.8,.386,3.7,9.3,.396,0.1,0.5,.182,1.8,3.0,.580,6.3,1.2,1.7,1.1,2.6,4.4,9.4
9,3,31,907,6.1,15.8,.386,6.0,15.1,.396,0.1,0.8,.182,2.8,4.9,.580,10.1,1.9,2.7,1.7,4.2,7.0,15.2,,82.9,96.8
9,4,31,907,9.9,.418,.390,.049,.309,212,7.4,11.1,9.2,8.1,2.7,3.2,18.7,18.8,,-0.5,1.5,1.0,.046,,-5.6,1.7,-3.9
10,0,31,1080,150,343,.437,149,335,.445,1,8,.125,70,109,.642,86,128,214,31,26,21,72,79,371
10,1,31,34.8,4.8,11.1,.437,4.8,10.8,.445,0.0,0.3,.125,2.3,3.5,.642,6.9,1.0,0.8,0.7,2.3,2.5,12.0
10,2,31,1080,5.6,12.7,.437,5.5,12.4,.445,0.0,0.3,.125,2.6,4.0,.642,7.9,1.1,1.0,0.8,2.7,2.9,13.7
10,3,31,1080,8.9,20.5,.437,8.9,20.0,.445,0.1,0.5,.125,4.2,6.5,.642,12.8,1.8,1.6,1.3,4.3,4.7,22.1,,93.9,98.3
10,4,31,1080,15.0,.470,.439,.023,.318,352,9.1,14.4,11.7,8.9,1.6,2.4,15.4,23.4,,0.6,1.6,2.3,.084,,-3.3,-0.1,-3.4
11,0,8,14,1,3,.333,1,3,.333,0,0,,0,1,.000,0,0,0,0,0,0,0,0,2
11,1,8,1.8,0.1,0.4,.333,0.1,0.4,.333,0.0,0.0,,0.0,0.1,.000,0.0,0.0,0.0,0.0,0.0,0.0,0.3
11,2,8,14,2.9,8.6,.333,2.9,8.6,.333,0.0,0.0,,0.0,2.9,.000,0.0,0.0,0.0,0.0,0.0,0.0,5.7
11,3,8,14,4.6,13.8,.333,4.6,13.8,.333,0.0,0.0,,0.0,4.6,.000,0.0,0.0,0.0,0.0,0.0,0.0,9.2,,67.0,110.4
11,4,8,14,-0.2,.288,.333,.000,.333,2,0.0,0.0,0.0,0.0,0.0,0.0,0.0,13.4,,0.0,0.0,0.0,-.035,,-10.3,-5.1,-15.4
12,0,16,422,61,175,.349,48,133,.361,13,42,.310,46,58,.793,17,39,56,25,15,3,34,32,181
12,1,16,26.4,3.8,10.9,.349,3.0,8.3,.361,0.8,2.6,.310,2.9,3.6,.793,3.5,1.6,0.9,0.2,2.1,2.0,11.3
12,2,16,422,5.8,16.6,.349,4.5,12.6,.361,1.2,4.0,.310,4.4,5.5,.793,5.3,2.4,1.4,0.3,3.2,3.0,17.2
12,3,16,422,9.3,26.7,.349,7.3,20.3,.361,2.0,6.4,.310,7.0,8.9,.793,8.6,3.8,2.3,0.5,5.2,4.9,27.6,,92.1,98.9
12,4,16,422,14.6,.447,.386,.240,.331,170,4.6,11.2,7.8,18.7,2.3,0.9,14.4,30.3,,0.2,0.6,0.8,.078,,-2.1,-2.0,-4.1
