0,0,32,810,107,204,.525,107,204,.525,0,0,,56,89,.629,49,116,165,36,5,47,39,67,270
0,1,32,25.3,3.3,6.4,.525,3.3,6.4,.525,0.0,0.0,,1.8,2.8,.629,5.2,1.1,0.2,1.5,1.2,2.1,8.4
0,2,32,810,5.3,10.1,.525,5.3,10.1,.525,0.0,0.0,,2.8,4.4,.629,8.1,1.8,0.2,2.3,1.9,3.3,13.3
0,3,32,810,8.2,15.7,.525,8.2,15.7,.525,0.0,0.0,,4.3,6.8,.629,12.7,2.8,0.4,3.6,3.0,5.1,20.7,,110.3,104.7
0,4,32,810,17.7,.548,.525,.000,.436,263,8.0,16.1,12.4,9.4,0.4,6.2,13.7,19.0,,1.6,0.8,2.3,.114,,-0.7,1.4,0.7
1,0,33,1082,159,290,.548,159,288,.552,0,2,.000,108,169,.639,69,195,264,48,17,50,87,88,426
1,1,33,32.8,4.8,8.8,.548,4.8,8.7,.552,0.0,0.1,.000,3.3,5.1,.639,8.0,1.5,0.5,1.5,2.6,2.7,12.9
1,2,33,1082,5.9,10.7,.548,5.9,10.6,.552,0.0,0.1,.000,4.0,6.2,.639,9.8,1.8,0.6,1.8,3.2,3.3,15.7
1,3,33,1082,9.1,16.7,.548,9.1,16.6,.552,0.0,0.1,.000,6.2,9.7,.639,15.2,2.8,1.0,2.9,5.0,5.1,24.5,,105.7,102.1
1,4,33,1082,19.6,.575,.548,.007,.583,408,8.4,20.3,14.8,9.6,1.0,5.0,19.0,22.8,,2.0,1.3,3.3,.121,,-0.6,1.5,0.9
2,0,27,309,26,66,.394,13,25,.520,13,41,.317,11,22,.500,15,48,63,23,7,5,17,46,76
2,1,27,11.4,1.0,2.4,.394,0.5,0.9,.520,0.5,1.5,.317,0.4,0.8,.500,2.3,0.9,0.3,0.2,0.6,1.7,2.8
2,2,27,309,3.4,8.5,.394,1.7,3.2,.520,1.7,5.3,.317,1.4,2.8,.500,8.2,3.0,0.9,0.6,2.2,6.0,9.8
2,3,27,309,5.2,13.3,.394,2.6,5.0,.520,2.6,8.3,.317,2.2,4.4,.500,12.7,4.6,1.4,1.0,3.4,9.3,15.3,,101.7,103.7
2,4,27,309,11.6,.497,.492,.621,.333,83,6.4,17.5,12.4,14.2,1.4,1.7,18.2,16.3,,0.3,0.3,0.6,.082,,0.1,-0.6,-0.4
3,0,23,161,14,29,.483,14,29,.483,0,0,,8,14,.571,15,19,34,3,1,11,16,41,36
3,1,23,7.0,0.6,1.3,.483,0.6,1.3,.483,0.0,0.0,,0.3,0.6,.571,1.5,0.1,0.0,0.5,0.7,1.8,1.6
3,2,23,161,3.5,7.2,.483,3.5,7.2,.483,0.0,0.0,,2.0,3.5,.571,8.4,0.7,0.2,2.7,4.0,10.2,8.9
3,3,23,161,5.4,11.2,.483,5.4,11.2,.483,0.0,0.0,,3.1,5.4,.571,13.1,1.2,0.4,4.3,6.2,15.8,13.9,,84.5,104.4
3,4,23,161,6.9,.505,.483,.000,.483,39,12.3,13.3,12.8,3.6,0.4,7.3,31.0,17.3,,-0.1,0.2,0.1,.023,,-5.4,1.0,-4.4
4,0,33,1046,131,283,.463,44,85,.518,87,198,.439,77,100,.770,7,67,74,77,26,0,43,50,426
4,1,33,31.7,4.0,8.6,.463,1.3,2.6,.518,2.6,6.0,.439,2.3,3.0,.770,2.2,2.3,0.8,0.0,1.3,1.5,12.9
4,2,33,1046,5.0,10.8,.463,1.7,3.3,.518,3.3,7.6,.439,2.9,3.8,.770,2.8,2.9,1.0,0.0,1.6,1.9,16.3
4,3,33,1046,7.8,16.8,.463,2.6,5.1,.518,5.2,11.8,.439,4.6,5.9,.770,4.4,4.6,1.5,0.0,2.6,3.0,25.3,,126.8,109.8
4,4,33,1046,18.9,.644,.617,.700,.353,377,0.9,7.2,4.3,15.3,1.5,0.0,11.5,19.3,,3.4,0.5,3.9,.149,,6.2,-3.2,3.0
5,0,29,318,34,64,.531,32,49,.653,2,15,.133,35,58,.603,5,23,28,24,18,4,34,40,105
5,1,29,11.0,1.2,2.2,.531,1.1,1.7,.653,0.1,0.5,.133,1.2,2.0,.603,1.0,0.8,0.6,0.1,1.2,1.4,3.6
5,2,29,318,4.3,8.1,.531,4.0,6.2,.653,0.3,1.9,.133,4.4,7.3,.603,3.5,3.0,2.3,0.5,4.3,5.0,13.2
5,3,29,318,6.7,12.5,.531,6.3,9.6,.653,0.4,2.9,.133,6.8,11.3,.603,5.5,4.7,3.5,0.8,6.7,7.8,20.5,,94.2,103.8
5,4,29,318,12.8,.573,.547,.234,.906,102,2.1,8.1,5.3,15.1,3.5,1.3,27.1,21.3,,0.2,0.3,0.5,.063,,-1.9,-0.5,-2.4
6,0,30,376,57,143,.399,10,21,.476,47,122,.385,8,10,.800,3,33,36,14,3,0,16,34,169
6,1,30,12.5,1.9,4.8,.399,0.3,0.7,.476,1.6,4.1,.385,0.3,0.3,.800,1.2,0.5,0.1,0.0,0.5,1.1,5.6
6,2,30,376,6.1,15.2,.399,1.1,2.2,.476,5.0,13.0,.385,0.9,1.1,.800,3.8,1.5,0.3,0.0,1.7,3.6,18.0
6,3,30,376,9.4,23.7,.399,1.7,3.5,.476,7.8,20.2,.385,1.3,1.7,.800,6.0,2.3,0.5,0.0,2.6,5.6,28.0,,110.8,110.6
6,4,30,376,15.0,.572,.563,.853,.070,135,1.1,9.9,5.8,8.2,0.5,0.0,9.8,23.5,,0.8,0.1,0.9,.101,,3.3,-5.8,-2.5
7,0,21,143,11,25,.440,11,25,.440,0,0,,0,0,,7,8,15,1,2,2,3,16,22
7,1,21,6.8,0.5,1.2,.440,0.5,1.2,.440,0.0,0.0,,0.0,0.0,,0.7,0.0,0.1,0.1,0.1,0.8,1.0
7,2,21,143,3.1,7.0,.440,3.1,7.0,.440,0.0,0.0,,0.0,0.0,,4.2,0.3,0.6,0.6,0.8,4.5,6.2
7,3,21,143,4.8,10.9,.440,4.8,10.9,.440,0.0,0.0,,0.0,0.0,,6.5,0.4,0.9,0.9,1.3,7.0,9.6,,95.6,110.6
7,4,21,143,5.6,.440,.440,.000,.000,22,6.5,6.3,6.4,1.3,0.9,1.5,10.7,10.6,,0.0,0.1,0.1,.028,,-3.4,-1.9,-5.3
8,0,33,948,143,311,.460,96,187,.513,47,124,.379,66,89,.742,54,126,180,70,20,13,61,84,399
8,1,33,28.7,4.3,9.4,.460,2.9,5.7,.513,1.4,3.8,.379,2.0,2.7,.742,5.5,2.1,0.6,0.4,1.8,2.5,12.1
8,2,33,948,6.0,13.1,.460,4.1,7.9,.513,2.0,5.2,.379,2.8,3.8,.742,7.6,3.0,0.8,0.5,2.6,3.5,16.8
8,3,33,948,9.4,20.4,.460,6.3,12.3,.513,3.1,8.1,.379,4.3,5.8,.742,11.8,4.6,1.3,0.9,4.0,5.5,26.2,,112.2,105.6
8,4,33,948,19.5,.565,.535,.399,.286,387,7.5,14.9,11.5,16.2,1.3,1.5,14.7,23.6,,2.4,0.8,3.3,.137,,3.4,-1.1,2.3
9,0,28,283,30,50,.600,28,44,.636,2,6,.333,7,11,.636,25,33,58,25,21,1,15,25,69
9,1,28,10.1,1.1,1.8,.600,1.0,1.6,.636,0.1,0.2,.333,0.3,0.4,.636,2.1,0.9,0.8,0.0,0.5,0.9,2.5
9,2,28,283,4.2,7.1,.600,4.0,6.2,.636,0.3,0.8,.333,1.0,1.6,.636,8.2,3.5,3.0,0.1,2.1,3.5,9.8
9,3,28,283,6.6,11.0,.600,6.2,9.7,.636,0.4,1.3,.333,1.5,2.4,.636,12.8,5.5,4.6,0.2,3.3,5.5,15.2,,121.0,99.7
9,4,28,283,19.8,.625,.620,.120,.220,82,11.7,13.1,12.4,17.6,4.6,0.4,21.4,13.4,,0.7,0.4,1.1,.150,,3.5,2.1,5.6
10,0,6,10,0,0,,0,0,,0,0,,2,2,1.000,0,2,2,5,1,0,2,1,2
10,1,6,1.7,0.0,0.0,,0.0,0.0,,0.0,0.0,,0.3,0.3,1.000,0.3,0.8,0.2,0.0,0.3,0.2,0.3
10,2,6,10,0.0,0.0,,0.0,0.0,,0.0,0.0,,8.0,8.0,1.000,8.0,20.0,4.0,0.0,8.0,4.0,8.0
10,3,6,10,0.0,0.0,,0.0,0.0,,0.0,0.0,,12.4,12.4,1.000,12.4,31.1,6.2,0.0,12.4,6.2,12.4,,116.8,91.8
10,4,6,10,29.1,1.053,,,,5,0.0,22.5,12.1,82.4,6.2,0.0,67.8,15.9,,0.0,0.0,0.1,.222,,-0.6,-3.7,-4.3
11,0,12,149,22,53,.415,22,53,.415,0,0,,10,16,.625,19,23,42,5,5,2,16,21,54
11,1,12,12.4,1.8,4.4,.415,1.8,4.4,.415,0.0,0.0,,0.8,1.3,.625,3.5,0.4,0.4,0.2,1.3,1.8,4.5
11,2,12,149,5.9,14.2,.415,5.9,14.2,.415,0.0,0.0,,2.7,4.3,.625,11.3,1.3,1.3,0.5,4.3,5.6,14.5
11,3,12,149,9.2,22.1,.415,9.2,22.1,.415,0.0,0.0,,4.2,6.7,.625,17.5,2.1,2.1,0.8,6.7,8.8,22.5,,87.5,102.4
11,4,12,149,12.9,.446,.415,.000,.302,57,16.8,17.4,17.1,7.3,2.1,1.4,20.9,27.7,,0.0,0.2,0.1,.038,,-5.1,-2.0,-7.1
12,0,33,1015,73,174,.420,56,133,.421,17,41,.415,81,117,.692,15,63,78,155,29,0,79,53,244
12,1,33,30.8,2.2,5.3,.420,1.7,4.0,.421,0.5,1.2,.415,2.5,3.5,.692,2.4,4.7,0.9,0.0,2.4,1.6,7.4
12,2,33,1015,2.9,6.9,.420,2.2,5.2,.421,0.7,1.6,.415,3.2,4.6,.692,3.1,6.1,1.1,0.0,3.1,2.1,9.6
12,3,33,1015,4.5,10.7,.420,3.4,8.2,.421,1.0,2.5,.415,5.0,7.2,.692,4.8,9.5,1.8,0.0,4.8,3.2,15.0,,104.8,109.4
12,4,33,1015,12.5,.531,.468,.236,.672,305,1.9,7.0,4.7,28.6,1.8,0.0,25.6,16.4,,1.4,0.5,1.9,.075,,-0.2,-2.3,-2.6
