0,0,8,69,10,23,.435,10,23,.435,0,0,,5,6,.833,9,6,15,2,0,8,9,8,25
0,1,8,8.6,1.3,2.9,.435,1.3,2.9,.435,0.0,0.0,,0.6,0.8,.833,1.9,0.3,0.0,1.0,1.1,1.0,3.1
0,2,8,69,5.8,13.3,.435,5.8,13.3,.435,0.0,0.0,,2.9,3.5,.833,8.7,1.2,0.0,4.6,5.2,4.6,14.5
0,3,8,69,8.9,20.4,.435,8.9,20.4,.435,0.0,0.0,,4.4,5.3,.833,13.3,1.8,0.0,7.1,8.0,7.1,22.2,,86.3,102.7
0,4,8,69,14.2,.484,.435,.000,.261,26,17.5,9.9,13.4,6.6,0.0,12.7,25.8,27.1,,0.0,0.1,0.1,.031,,-6.2,2.9,-3.3
1,0,32,831,127,208,.611,127,208,.611,0,0,,82,115,.713,54,133,187,33,20,26,60,68,336
1,1,32,26.0,4.0,6.5,.611,4.0,6.5,.611,0.0,0.0,,2.6,3.6,.713,5.8,1.0,0.6,0.8,1.9,2.1,10.5
1,2,32,831,6.1,10.0,.611,6.1,10.0,.611,0.0,0.0,,3.9,5.5,.713,9.0,1.6,1.0,1.3,2.9,3.3,16.2
1,3,32,831,9.3,15.3,.611,9.3,15.3,.611,0.0,0.0,,6.0,8.5,.713,13.8,2.4,1.5,1.9,4.4,5.0,24.7,,114.3,99.9
1,4,32,831,21.1,.640,.611,.000,.553,311,8.7,18.3,13.9,9.2,1.5,3.4,18.6,20.9,,2.0,1.2,3.2,.155,,1.2,1.3,2.5
2,0,32,880,78,243,.321,28,84,.333,50,159,.314,73,84,.869,6,79,85,84,24,4,57,54,279
2,1,32,27.5,2.4,7.6,.321,0.9,2.6,.333,1.6,5.0,.314,2.3,2.6,.869,2.7,2.6,0.8,0.1,1.8,1.7,8.7
2,2,32,880,3.5,11.0,.321,1.3,3.8,.333,2.3,7.2,.314,3.3,3.8,.869,3.9,3.8,1.1,0.2,2.6,2.5,12.7
2,3,32,880,5.4,16.9,.321,1.9,5.8,.333,3.5,11.1,.314,5.1,5.8,.869,5.9,5.8,1.7,0.3,4.0,3.8,19.4,,100.2,104.9
2,4,32,880,11.9,.493,.424,.654,.346,285,0.9,10.2,6.0,19.2,1.7,0.5,16.8,20.7,,0.9,0.9,1.8,.080,,0.3,-1.6,-1.3
3,0,32,926,106,270,.393,77,183,.421,29,87,.333,43,60,.717,38,113,151,89,36,1,62,67,284
3,1,32,28.9,3.3,8.4,.393,2.4,5.7,.421,0.9,2.7,.333,1.3,1.9,.717,4.7,2.8,1.1,0.0,1.9,2.1,8.9
3,2,32,926,4.6,11.7,.393,3.3,7.9,.421,1.3,3.8,.333,1.9,2.6,.717,6.5,3.8,1.6,0.0,2.7,2.9,12.3
3,3,32,926,7.0,17.8,.393,5.1,12.1,.421,1.9,5.7,.333,2.8,4.0,.717,10.0,5.9,2.4,0.1,4.1,4.4,18.8,,98.2,101.6
3,4,32,926,13.7,.476,.446,.322,.222,306,5.5,13.9,10.0,20.4,2.4,0.1,17.2,20.9,,0.8,1.2,2.0,.087,,-0.2,0.3,0.1
4,0,2,4,0,1,.000,0,1,.000,0,0,,0,0,,0,1,1,0,0,0,1,0,0
4,1,2,2.0,0.0,0.5,.000,0.0,0.5,.000,0.0,0.0,,0.0,0.0,,0.5,0.0,0.0,0.0,0.5,0.0,0.0
4,2,2,4,0.0,10.0,.000,0.0,10.0,.000,0.0,0.0,,0.0,0.0,,10.0,0.0,0.0,0.0,10.0,0.0,0.0
4,3,2,4,0.0,15.3,.000,0.0,15.3,.000,0.0,0.0,,0.0,0.0,,15.3,0.0,0.0,0.0,15.3,0.0,0.0,,0.0,100.2
4,4,2,4,-22.2,.000,.000,.000,.000,0,0.0,28.5,15.4,0.0,0.0,0.0,50.0,26.9,,0.0,0.0,0.0,-.389,,-29.9,-5.2,-35.1
5,0,18,97,5,9,.556,5,9,.556,0,0,,1,3,.333,8,14,22,1,1,2,9,15,11
5,1,18,5.4,0.3,0.5,.556,0.3,0.5,.556,0.0,0.0,,0.1,0.2,.333,1.2,0.1,0.1,0.1,0.5,0.8,0.6
5,2,18,97,2.1,3.7,.556,2.1,3.7,.556,0.0,0.0,,0.4,1.2,.333,9.1,0.4,0.4,0.8,3.7,6.2,4.5
5,3,18,97,3.2,5.7,.556,3.2,5.7,.556,0.0,0.0,,0.6,1.9,.333,13.9,0.6,0.6,1.3,5.7,9.5,6.9,,71.7,102.9
5,4,18,97,3.5,.528,.556,.000,.333,14,11.1,16.5,14.0,1.9,0.6,2.3,46.3,10.8,,-0.1,0.1,0.0,.005,,-5.8,-0.3,-6.1
6,0,32,927,126,278,.453,27,60,.450,99,218,.454,58,67,.866,11,83,94,65,45,2,65,62,409
6,1,32,29.0,3.9,8.7,.453,0.8,1.9,.450,3.1,6.8,.454,1.8,2.1,.866,2.9,2.0,1.4,0.1,2.0,1.9,12.8
6,2,32,927,5.4,12.0,.453,1.2,2.6,.450,4.3,9.4,.454,2.5,2.9,.866,4.1,2.8,1.9,0.1,2.8,2.7,17.6
6,3,32,927,8.3,18.3,.453,1.8,4.0,.450,6.5,14.4,.454,3.8,4.4,.866,6.2,4.3,3.0,0.1,4.3,4.1,27.0,,116.9,102.1
6,4,32,927,20.0,.660,.631,.784,.241,355,1.6,10.2,6.2,15.6,3.0,0.2,17.3,21.7,,2.5,1.1,3.6,.157,,6.3,-0.9,5.4
7,0,32,370,36,96,.375,15,40,.375,21,56,.375,25,32,.781,21,42,63,22,10,2,29,50,118
7,1,32,11.6,1.1,3.0,.375,0.5,1.3,.375,0.7,1.8,.375,0.8,1.0,.781,2.0,0.7,0.3,0.1,0.9,1.6,3.7
7,2,32,370,3.9,10.4,.375,1.6,4.3,.375,2.3,6.1,.375,2.7,3.5,.781,6.8,2.4,1.1,0.2,3.1,5.4,12.8
7,3,32,370,6.0,15.9,.375,2.5,6.6,.375,3.5,9.3,.375,4.1,5.3,.781,10.4,3.6,1.7,0.3,4.8,8.3,19.5,,99.9,103.2
7,4,32,370,11.9,.531,.484,.583,.333,120,7.6,13.0,10.5,12.2,1.7,0.6,20.7,20.4,,0.4,0.4,0.8,.086,,0.2,-1.4,-1.3
8,0,2,4,0,1,.000,0,1,.000,0,0,,0,0,,0,0,0,0,0,0,1,1,0
8,1,2,2.0,0.0,0.5,.000,0.0,0.5,.000,0.0,0.0,,0.0,0.0,,0.0,0.0,0.0,0.0,0.5,0.5,0.0
8,2,2,4,0.0,10.0,.000,0.0,10.0,.000,0.0,0.0,,0.0,0.0,,0.0,0.0,0.0,0.0,10.0,10.0,0.0
8,3,2,4,0.0,15.3,.000,0.0,15.3,.000,0.0,0.0,,0.0,0.0,,0.0,0.0,0.0,0.0,15.3,15.3,0.0,,0.0,113.0
8,4,2,4,-31.6,.000,.000,.000,.000,0,0.0,0.0,0.0,0.0,0.0,0.0,50.0,26.9,,0.0,0.0,0.0,-.438,,-26.8,-3.9,-30.7
9,0,32,714,64,144,.444,63,142,.444,1,2,.500,53,82,.646,14,50,64,97,29,3,44,60,182
9,1,32,22.3,2.0,4.5,.444,2.0,4.4,.444,0.0,0.1,.500,1.7,2.6,.646,2.0,3.0,0.9,0.1,1.4,1.9,5.7
9,2,32,714,3.6,8.1,.444,3.5,8.0,.444,0.1,0.1,.500,3.0,4.6,.646,3.6,5.4,1.6,0.2,2.5,3.4,10.2
9,3,32,714,5.5,12.3,.444,5.4,12.2,.444,0.1,0.2,.500,4.5,7.0,.646,5.5,8.3,2.5,0.3,3.8,5.1,15.6,,104.3,104.1
9,4,32,714,13.2,.497,.448,.014,.569,217,2.6,8.0,5.5,27.4,2.5,0.5,19.4,17.1,,0.9,0.7,1.7,.094,,-1.2,-0.7,-1.9
10,0,30,812,106,197,.538,106,197,.538,0,0,,63,95,.663,56,75,131,16,16,12,51,69,275
10,1,30,27.1,3.5,6.6,.538,3.5,6.6,.538,0.0,0.0,,2.1,3.2,.663,4.4,0.5,0.5,0.4,1.7,2.3,9.2
10,2,30,812,5.2,9.7,.538,5.2,9.7,.538,0.0,0.0,,3.1,4.7,.663,6.5,0.8,0.8,0.6,2.5,3.4,13.5
10,3,30,812,8.0,14.8,.538,8.0,14.8,.538,0.0,0.0,,4.7,7.2,.663,9.9,1.2,1.2,0.9,3.8,5.2,20.7,,105.2,105.1
10,4,30,812,14.4,.568,.538,.000,.482,258,9.2,10.5,9.9,4.3,1.2,1.6,17.4,19.4,,1.2,0.8,1.9,.095,,-1.0,-0.9,-1.9
11,0,32,846,100,174,.575,98,168,.583,2,6,.333,51,85,.600,46,109,155,46,29,38,74,83,253
11,1,32,26.4,3.1,5.4,.575,3.1,5.3,.583,0.1,0.2,.333,1.6,2.7,.600,4.8,1.4,0.9,1.2,2.3,2.6,7.9
11,2,32,846,4.7,8.2,.575,4.6,7.9,.583,0.1,0.3,.333,2.4,4.0,.600,7.3,2.2,1.4,1.8,3.5,3.9,12.0
11,3,32,846,7.2,12.6,.575,7.1,12.1,.583,0.1,0.4,.333,3.7,6.1,.600,11.2,3.3,2.1,2.7,5.4,6.0,18.3,,98.9,99.5
11,4,32,846,15.3,.590,.580,.034,.489,251,7.3,14.7,11.3,11.7,2.1,4.9,25.7,18.3,,0.7,1.3,2.0,.093,,-1.0,3.3,2.3
