0,0,29,481,55,125,.440,39,91,.429,16,34,.471,14,21,.667,15,24,39,30,15,1,28,45,140
0,1,29,16.6,1.9,4.3,.440,1.3,3.1,.429,0.6,1.2,.471,0.5,0.7,.667,1.3,1.0,0.5,0.0,1.0,1.6,4.8
0,2,29,481,4.6,10.4,.440,3.2,7.6,.429,1.3,2.8,.471,1.2,1.7,.667,3.2,2.5,1.2,0.1,2.3,3.7,11.6
0,3,29,481,6.9,15.8,.440,4.9,11.5,.429,2.0,4.3,.471,1.8,2.7,.667,4.9,3.8,1.9,0.1,3.5,5.7,17.7,,99.4,112.9
0,4,29,481,11.1,.519,.504,.272,.168,136,3.6,6.9,5.1,13.8,1.9,0.3,17.2,17.7,,0.4,0.1,0.5,.041,,-2.4,-3.5,-5.9
1,0,9,40,2,9,.222,0,1,.000,2,8,.250,0,2,.000,0,2,2,3,1,0,0,2,6
1,1,9,4.4,0.2,1.0,.222,0.0,0.1,.000,0.2,0.9,.250,0.0,0.2,.000,0.2,0.3,0.1,0.0,0.0,0.2,0.7
1,2,9,40,2.0,9.0,.222,0.0,1.0,.000,2.0,8.0,.250,0.0,2.0,.000,2.0,3.0,1.0,0.0,0.0,2.0,6.0
1,3,9,40,3.0,13.7,.222,0.0,1.5,.000,3.0,12.1,.250,0.0,3.0,.000,3.0,4.6,1.5,0.0,0.0,3.0,9.1,,84.2,114.1
1,4,9,40,4.5,.302,.333,.889,.222,7,0.0,6.9,3.2,14.6,1.5,0.0,0.0,13.0,,0.0,0.0,0.0,-.010,,-3.9,-5.3,-9.2
2,0,7,38,5,10,.500,5,10,.500,0,0,,7,11,.636,2,1,3,1,0,0,2,4,17
2,1,7,5.4,0.7,1.4,.500,0.7,1.4,.500,0.0,0.0,,1.0,1.6,.636,0.4,0.1,0.0,0.0,0.3,0.6,2.4
2,2,7,38,5.3,10.5,.500,5.3,10.5,.500,0.0,0.0,,7.4,11.6,.636,3.2,1.1,0.0,0.0,2.1,4.2,17.9
2,3,7,38,8.0,16.0,.500,8.0,16.0,.500,0.0,0.0,,11.2,17.6,.636,4.8,1.6,0.0,0.0,3.2,6.4,27.2,,112.2,118.4
2,4,7,38,15.4,.558,.500,.000,1.100,16,6.1,3.6,5.0,6.1,0.0,0.0,11.6,23.7,,0.1,0.0,0.1,.086,,-2.7,-7.3,-10.0
3,0,28,987,117,231,.506,86,148,.581,31,83,.373,92,121,.760,52,98,150,93,52,12,56,83,357
3,1,28,35.3,4.2,8.3,.506,3.1,5.3,.581,1.1,3.0,.373,3.3,4.3,.760,5.4,3.3,1.9,0.4,2.0,3.0,12.8
3,2,28,987,4.7,9.4,.506,3.5,6.0,.581,1.3,3.4,.373,3.7,4.9,.760,6.1,3.8,2.1,0.5,2.3,3.4,14.5
3,3,28,987,7.2,14.2,.506,5.3,9.1,.581,1.9,5.1,.373,5.7,7.4,.760,9.2,5.7,3.2,0.7,3.4,5.1,22.0,,121.7,107.0
3,4,28,987,21.5,.619,.574,.359,.524,368,6.2,13.7,9.6,21.1,3.2,1.5,16.3,18.3,,3.0,0.7,3.6,.148,,4.0,0.1,4.1
4,0,28,763,73,190,.384,66,158,.418,7,32,.219,54,102,.529,36,89,125,34,12,13,33,66,207
4,1,28,27.3,2.6,6.8,.384,2.4,5.6,.418,0.3,1.1,.219,1.9,3.6,.529,4.5,1.2,0.4,0.5,1.2,2.4,7.4
4,2,28,763,3.8,10.0,.384,3.5,8.3,.418,0.4,1.7,.219,2.8,5.3,.529,6.6,1.8,0.6,0.7,1.7,3.5,10.9
4,3,28,763,5.8,15.1,.384,5.3,12.6,.418,0.6,2.5,.219,4.3,8.1,.529,9.9,2.7,1.0,1.0,2.6,5.3,16.5,,93.5,111.0
4,4,28,763,10.5,.434,.403,.168,.537,211,5.5,16.0,10.3,9.5,1.0,2.1,12.2,18.6,,0.3,0.3,0.6,.029,,-4.4,-1.9,-6.3
5,0,24,321,35,76,.461,33,68,.485,2,8,.250,12,18,.667,9,32,41,6,6,7,29,59,84
5,1,24,13.4,1.5,3.2,.461,1.4,2.8,.485,0.1,0.3,.250,0.5,0.8,.667,1.7,0.3,0.3,0.3,1.2,2.5,3.5
5,2,24,321,4.4,9.5,.461,4.1,8.5,.485,0.2,1.0,.250,1.5,2.2,.667,5.1,0.7,0.7,0.9,3.6,7.4,10.5
5,3,24,321,6.6,14.4,.461,6.2,12.9,.485,0.4,1.5,.250,2.3,3.4,.667,7.8,1.1,1.1,1.3,5.5,11.2,15.9,,80.0,110.7
5,4,24,321,5.4,.497,.474,.105,.237,75,3.3,13.7,8.1,4.1,1.1,2.7,25.5,18.5,,-0.3,0.1,-0.1,-.017,,-7.7,-2.4,-10.1
6,0,20,214,28,49,.571,28,49,.571,0,0,,13,24,.542,20,34,54,4,1,13,17,38,69
6,1,20,10.7,1.4,2.5,.571,1.4,2.5,.571,0.0,0.0,,0.7,1.2,.542,2.7,0.2,0.1,0.7,0.9,1.9,3.5
6,2,20,214,5.2,9.2,.571,5.2,9.2,.571,0.0,0.0,,2.4,4.5,.542,10.1,0.7,0.2,2.4,3.2,7.1,12.9
6,3,20,214,7.9,13.9,.571,7.9,13.9,.571,0.0,0.0,,3.7,6.8,.542,15.3,1.1,0.3,3.7,4.8,10.8,19.6,,99.5,107.5
6,4,20,214,14.9,.571,.571,.000,.490,66,10.9,21.9,15.9,4.3,0.3,7.5,22.0,18.9,,0.2,0.1,0.3,.065,,-5.1,-0.6,-5.7
7,0,7,18,2,3,.667,1,2,.500,1,1,1.000,2,2,1.000,0,1,1,2,0,0,1,1,7
7,1,7,2.6,0.3,0.4,.667,0.1,0.3,.500,0.1,0.1,1.000,0.3,0.3,1.000,0.1,0.3,0.0,0.0,0.1,0.1,1.0
7,2,7,18,4.4,6.7,.667,2.2,4.4,.500,2.2,2.2,1.000,4.4,4.4,1.000,2.2,4.4,0.0,0.0,2.2,2.2,15.6
7,3,7,18,6.7,10.1,.667,3.4,6.7,.500,3.4,3.4,1.000,6.7,6.7,1.000,3.4,6.7,0.0,0.0,3.4,3.4,23.6,,152.2,117.2
7,4,7,18,20.8,.886,.833,.333,.667,7,0.0,7.6,3.5,24.5,0.0,0.0,20.2,14.4,,0.1,0.0,0.1,.172,,2.3,-7.5,-5.2
8,0,23,179,12,35,.343,5,12,.417,7,23,.304,0,0,,4,12,16,4,5,0,7,16,31
8,1,23,7.8,0.5,1.5,.343,0.2,0.5,.417,0.3,1.0,.304,0.0,0.0,,0.7,0.2,0.2,0.0,0.3,0.7,1.3
8,2,23,179,2.7,7.8,.343,1.1,2.7,.417,1.6,5.1,.304,0.0,0.0,,3.6,0.9,1.1,0.0,1.6,3.6,6.9
8,3,23,179,4.1,11.9,.343,1.7,4.1,.417,2.4,7.8,.304,0.0,0.0,,5.4,1.4,1.7,0.0,2.4,5.4,10.5,,85.6,112.7
8,4,23,179,5.0,.443,.443,.657,.000,29,2.6,9.2,5.6,4.5,1.7,0.0,16.7,12.3,,0.0,0.0,0.0,-.001,,-4.5,-3.4,-8.0
9,0,30,885,136,359,.379,69,153,.451,67,206,.325,101,129,.783,12,30,42,66,28,2,71,96,440
9,1,30,29.5,4.5,12.0,.379,2.3,5.1,.451,2.2,6.9,.325,3.4,4.3,.783,1.4,2.2,0.9,0.1,2.4,3.2,14.7
9,2,30,885,6.1,16.2,.379,3.1,6.9,.451,3.0,9.3,.325,4.6,5.8,.783,1.9,3.0,1.3,0.1,3.2,4.3,19.9
9,3,30,885,9.3,24.6,.379,4.7,10.5,.451,4.6,14.1,.325,6.9,8.8,.783,2.9,4.5,1.9,0.1,4.9,6.6,30.2,,102.6,113.6
9,4,30,885,15.7,.523,.472,.574,.359,406,1.6,4.7,3.0,18.1,1.9,0.3,14.5,29.1,,1.6,0.1,1.7,.076,,1.6,-5.8,-4.2
10,0,3,10,0,1,.000,0,1,.000,0,0,,0,0,,0,0,0,0,0,0,0,1,0
10,1,3,3.3,0.0,0.3,.000,0.0,0.3,.000,0.0,0.0,,0.0,0.0,,0.0,0.0,0.0,0.0,0.0,0.3,0.0
10,2,3,10,0.0,4.0,.000,0.0,4.0,.000,0.0,0.0,,0.0,0.0,,0.0,0.0,0.0,0.0,0.0,4.0,0.0
10,3,3,10,0.0,6.1,.000,0.0,6.1,.000,0.0,0.0,,0.0,0.0,,0.0,0.0,0.0,0.0,0.0,6.1,0.0,,0.0,119.7
10,4,3,10,-6.2,.000,.000,.000,.000,0,0.0,0.0,0.0,0.0,0.0,0.0,0.0,5.2,,0.0,0.0,0.0,-.091,,-10.1,-3.5,-13.6
11,0,30,1013,77,168,.458,77,166,.464,0,2,.000,32,55,.582,81,136,217,32,29,14,67,87,186
11,1,30,33.8,2.6,5.6,.458,2.6,5.5,.464,0.0,0.1,.000,1.1,1.8,.582,7.2,1.1,1.0,0.5,2.2,2.9,6.2
11,2,30,1013,3.0,6.6,.458,3.0,6.6,.464,0.0,0.1,.000,1.3,2.2,.582,8.6,1.3,1.1,0.6,2.6,3.4,7.3
11,3,30,1013,4.6,10.1,.458,4.6,9.9,.464,0.0,0.1,.000,1.9,3.3,.582,13.0,1.9,1.7,0.8,4.0,5.2,11.1,,89.2,108.5
11,4,30,1013,9.7,.479,.458,.012,.327,211,9.3,18.5,13.5,6.5,1.7,1.7,25.7,13.5,,0.0,0.6,0.6,.023,,-4.3,0.2,-4.1
12,0,30,948,126,323,.390,69,179,.385,57,144,.396,58,77,.753,15,54,69,83,55,1,90,62,367
12,1,30,31.6,4.2,10.8,.390,2.3,6.0,.385,1.9,4.8,.396,1.9,2.6,.753,2.3,2.8,1.8,0.0,3.0,2.1,12.2
12,2,30,948,5.3,13.6,.390,2.9,7.6,.385,2.4,6.1,.396,2.4,3.2,.753,2.9,3.5,2.3,0.0,3.8,2.6,15.5
12,3,30,948,8.1,20.7,.390,4.4,11.5,.385,3.7,9.2,.396,3.7,4.9,.753,4.4,5.3,3.5,0.1,5.8,4.0,23.5,,94.4,109.1
12,4,30,948,14.1,.510,.478,.446,.238,354,1.8,7.8,4.6,20.3,3.5,0.1,20.0,24.8,,0.6,0.5,1.1,.046,,-0.8,-2.6,-3.4
13,0,19,252,27,73,.370,24,52,.462,3,21,.143,11,17,.647,17,19,36,1,7,5,16,34,68
13,1,19,13.3,1.4,3.8,.370,1.3,2.7,.462,0.2,1.1,.143,0.6,0.9,.647,1.9,0.1,0.4,0.3,0.8,1.8,3.6
13,2,19,252,4.3,11.6,.370,3.8,8.3,.462,0.5,3.3,.143,1.7,2.7,.647,5.7,0.2,1.1,0.8,2.5,5.4,10.8
13,3,19,252,6.5,17.6,.370,5.8,12.5,.462,0.7,5.1,.143,2.7,4.1,.647,8.7,0.2,1.7,1.2,3.9,8.2,16.4,,82.4,110.9
13,4,19,252,7.1,.419,.390,.288,.233,65,7.9,10.4,9.0,0.9,1.7,2.5,16.5,20.2,,-0.2,0.1,-0.1,-.011,,-6.8,-4.0,-10.8
