0,0,34,849,80,247,.324,52,164,.317,28,83,.337,97,119,.815,33,80,113,37,19,3,42,58,285
0,1,34,25.0,2.4,7.3,.324,1.5,4.8,.317,0.8,2.4,.337,2.9,3.5,.815,3.3,1.1,0.6,0.1,1.2,1.7,8.4
0,2,34,849,3.8,11.6,.324,2.4,7.7,.317,1.3,3.9,.337,4.6,5.6,.815,5.3,1.7,0.9,0.1,2.0,2.7,13.4
0,3,34,849,5.8,17.9,.324,3.8,11.9,.317,2.0,6.0,.337,7.0,8.6,.815,8.2,2.7,1.4,0.2,3.0,4.2,20.7,,99.0,111.8
0,4,34,849,11.8,.469,.381,.336,.482,274,4.2,12.2,7.9,10.0,1.4,0.4,12.2,21.4,,0.8,0.3,1.1,.050,,-1.9,-2.2,-4.1
1,0,28,617,101,238,.424,81,176,.460,20,62,.323,69,89,.775,12,59,71,68,20,2,48,70,291
1,1,28,22.0,3.6,8.5,.424,2.9,6.3,.460,0.7,2.2,.323,2.5,3.2,.775,2.5,2.4,0.7,0.1,1.7,2.5,10.4
1,2,28,617,6.5,15.4,.424,5.3,11.4,.460,1.3,4.0,.323,4.5,5.8,.775,4.6,4.4,1.3,0.1,3.1,4.5,18.9
1,3,28,617,10.1,23.8,.424,8.1,17.6,.460,2.0,6.2,.323,6.9,8.9,.775,7.1,6.8,2.0,0.2,4.8,7.0,29.1,,103.0,110.1
1,4,28,617,17.7,.519,.466,.261,.374,277,2.1,12.4,6.8,30.0,2.0,0.3,14.6,27.9,,1.1,0.3,1.4,.089,,1.7,-2.4,-0.7
2,0,14,55,3,10,.300,3,6,.500,0,4,.000,4,6,.667,0,10,10,0,0,0,1,6,10
2,1,14,3.9,0.2,0.7,.300,0.2,0.4,.500,0.0,0.3,.000,0.3,0.4,.667,0.7,0.0,0.0,0.0,0.1,0.4,0.7
2,2,14,55,2.2,7.3,.300,2.2,4.4,.500,0.0,2.9,.000,2.9,4.4,.667,7.3,0.0,0.0,0.0,0.7,4.4,7.3
2,3,14,55,3.4,11.2,.300,3.4,6.7,.500,0.0,4.5,.000,4.5,6.7,.667,11.2,0.0,0.0,0.0,1.1,6.7,11.2,,82.9,111.2
2,4,14,55,3.7,.389,.300,.400,.600,9,0.0,23.6,10.7,0.0,0.0,0.0,7.2,13.2,,0.0,0.0,0.0,.001,,-8.8,-6.0,-14.8
3,0,33,751,98,187,.524,69,113,.611,29,74,.392,22,32,.688,43,82,125,16,30,9,21,70,247
3,1,33,22.8,3.0,5.7,.524,2.1,3.4,.611,0.9,2.2,.392,0.7,1.0,.688,3.8,0.5,0.9,0.3,0.6,2.1,7.5
3,2,33,751,5.2,10.0,.524,3.7,6.0,.611,1.5,3.9,.392,1.2,1.7,.688,6.7,0.9,1.6,0.5,1.1,3.7,13.2
3,3,33,751,8.0,15.4,.524,5.7,9.3,.611,2.4,6.1,.392,1.8,2.6,.688,10.3,1.3,2.5,0.7,1.7,5.7,20.3,,120.6,108.1
3,4,33,751,17.6,.611,.602,.396,.171,213,6.2,14.2,9.8,5.3,2.5,1.3,9.4,15.6,,1.6,0.5,2.2,.115,,1.9,-0.4,1.5
4,0,30,974,122,318,.384,71,161,.441,51,157,.325,159,177,.898,19,71,90,110,39,3,84,57,454
4,1,30,32.5,4.1,10.6,.384,2.4,5.4,.441,1.7,5.2,.325,5.3,5.9,.898,3.0,3.7,1.3,0.1,2.8,1.9,15.1
4,2,30,974,5.0,13.1,.384,2.9,6.6,.441,2.1,6.4,.325,6.5,7.3,.898,3.7,4.5,1.6,0.1,3.4,2.3,18.6
4,3,30,974,7.7,20.1,.384,4.5,10.2,.441,3.2,9.9,.325,10.1,11.2,.898,5.7,7.0,2.5,0.2,5.3,3.6,28.7,,109.4,110.3
4,4,30,974,19.8,.565,.464,.494,.557,442,2.1,9.5,5.5,27.9,2.5,0.3,17.3,26.2,,2.4,0.5,2.9,.117,,4.4,-2.1,2.2
5,0,25,419,44,114,.386,32,69,.464,12,45,.267,16,20,.800,36,63,99,9,11,17,14,59,116
5,1,25,16.8,1.8,4.6,.386,1.3,2.8,.464,0.5,1.8,.267,0.6,0.8,.800,4.0,0.4,0.4,0.7,0.6,2.4,4.6
5,2,25,419,4.2,10.9,.386,3.1,6.6,.464,1.1,4.3,.267,1.5,1.9,.800,9.5,0.9,1.1,1.6,1.3,5.6,11.1
5,3,25,419,6.5,16.8,.386,4.7,10.2,.464,1.8,6.6,.267,2.4,2.9,.800,14.6,1.3,1.6,2.5,2.1,8.7,17.1,,102.2,106.1
5,4,25,419,14.0,.470,.439,.395,.175,115,9.3,19.5,14.0,5.0,1.6,4.4,10.2,17.2,,0.4,0.4,0.8,.076,,-2.1,0.3,-1.8
6,0,32,566,40,129,.310,19,69,.275,21,60,.350,32,45,.711,15,53,68,26,15,4,24,32,133
6,1,32,17.7,1.3,4.0,.310,0.6,2.2,.275,0.7,1.9,.350,1.0,1.4,.711,2.1,0.8,0.5,0.1,0.8,1.0,4.2
6,2,32,566,2.8,9.1,.310,1.3,4.9,.275,1.5,4.2,.350,2.3,3.2,.711,4.8,1.8,1.1,0.3,1.7,2.3,9.4
6,3,32,566,4.4,14.1,.310,2.1,7.5,.275,2.3,6.5,.350,3.5,4.9,.711,7.4,2.8,1.6,0.4,2.6,3.5,14.5,,92.4,111.1
6,4,32,566,8.7,.442,.391,.465,.349,130,2.9,12.1,7.1,10.0,1.6,0.8,13.8,16.2,,0.1,0.2,0.3,.025,,-3.1,-1.4,-4.5
7,0,20,514,35,115,.304,28,87,.322,7,28,.250,16,27,.593,13,40,53,80,22,2,43,40,93
7,1,20,25.7,1.8,5.8,.304,1.4,4.4,.322,0.4,1.4,.250,0.8,1.4,.593,2.7,4.0,1.1,0.1,2.2,2.0,4.7
7,2,20,514,2.7,8.9,.304,2.2,6.8,.322,0.5,2.2,.250,1.2,2.1,.593,4.1,6.2,1.7,0.2,3.3,3.1,7.2
7,3,20,514,4.2,13.8,.304,3.4,10.4,.322,0.8,3.4,.250,1.9,3.2,.593,6.4,9.6,2.6,0.2,5.2,4.8,11.2,,79.7,109.6
7,4,20,514,7.8,.364,.335,.243,.235,124,2.7,10.1,6.1,33.6,2.6,0.4,25.2,17.4,,-0.5,0.3,-0.2,-.014,,-4.5,-1.2,-5.7
8,0,28,523,47,101,.465,47,101,.465,0,0,,30,70,.429,40,62,102,7,8,48,11,64,124
8,1,28,18.7,1.7,3.6,.465,1.7,3.6,.465,0.0,0.0,,1.1,2.5,.429,3.6,0.3,0.3,1.7,0.4,2.3,4.4
8,2,28,523,3.6,7.7,.465,3.6,7.7,.465,0.0,0.0,,2.3,5.4,.429,7.8,0.5,0.6,3.7,0.8,4.9,9.5
8,3,28,523,5.5,11.9,.465,5.5,11.9,.465,0.0,0.0,,3.5,8.3,.429,12.0,0.8,0.9,5.7,1.3,7.5,14.6,,102.7,105.6
8,4,28,523,14.3,.462,.465,.000,.693,123,8.3,15.4,11.5,3.0,0.9,9.9,7.6,14.6,,0.5,0.5,1.0,.073,,-4.1,3.2,-0.9
9,0,5,44,1,10,.100,1,8,.125,0,2,.000,5,6,.833,1,3,4,5,2,0,4,3,7
9,1,5,8.8,0.2,2.0,.100,0.2,1.6,.125,0.0,0.4,.000,1.0,1.2,.833,0.8,1.0,0.4,0.0,0.8,0.6,1.4
9,2,5,44,0.9,9.1,.100,0.9,7.3,.125,0.0,1.8,.000,4.5,5.5,.833,3.6,4.5,1.8,0.0,3.6,2.7,6.4
9,3,5,44,1.4,14.0,.100,1.4,11.2,.125,0.0,2.8,.000,7.0,8.4,.833,5.6,7.0,2.8,0.0,5.6,4.2,9.8,,63.8,109.9
9,4,5,44,2.2,.272,.100,.200,.600,9,2.5,8.8,5.4,22.4,2.8,0.0,23.7,20.1,,-0.1,0.0,-0.1,-.080,,-9.0,-1.9,-10.9
10,0,24,222,27,81,.333,4,21,.190,23,60,.383,2,4,.500,7,13,20,11,6,0,4,19,79
10,1,24,9.3,1.1,3.4,.333,0.2,0.9,.190,1.0,2.5,.383,0.1,0.2,.500,0.8,0.5,0.3,0.0,0.2,0.8,3.3
10,2,24,222,4.9,14.6,.333,0.7,3.8,.190,4.1,10.8,.383,0.4,0.7,.500,3.6,2.0,1.1,0.0,0.7,3.4,14.2
10,3,24,222,7.5,22.5,.333,1.1,5.8,.190,6.4,16.7,.383,0.6,1.1,.500,5.6,3.1,1.7,0.0,1.1,5.3,21.9,,105.7,112.7
10,4,24,222,12.5,.476,.475,.741,.049,70,3.4,7.6,5.3,12.1,1.7,0.0,4.6,20.6,,0.3,0.1,0.4,.067,,1.6,-4.2,-2.7
11,0,29,532,28,83,.337,22,57,.386,6,26,.231,21,41,.512,16,42,58,31,16,2,24,53,83
11,1,29,18.3,1.0,2.9,.337,0.8,2.0,.386,0.2,0.9,.231,0.7,1.4,.512,2.0,1.1,0.6,0.1,0.8,1.8,2.9
11,2,29,532,2.1,6.2,.337,1.7,4.3,.386,0.5,2.0,.231,1.6,3.1,.512,4.4,2.3,1.2,0.2,1.8,4.0,6.2
11,3,29,532,3.2,9.6,.337,2.5,6.6,.386,0.7,3.0,.231,2.4,4.8,.512,6.7,3.6,1.9,0.2,2.8,6.1,9.6,,84.7,111.2
11,4,29,532,5.8,.405,.373,.313,.494,92,3.3,10.2,6.4,12.2,1.9,0.4,19.0,12.5,,-0.2,0.2,0.1,.004,,-4.2,-0.5,-4.7
12,0,15,68,4,12,.333,2,6,.333,2,6,.333,3,7,.429,1,5,6,5,4,0,1,0,13
12,1,15,4.5,0.3,0.8,.333,0.1,0.4,.333,0.1,0.4,.333,0.2,0.5,.429,0.4,0.3,0.3,0.0,0.1,0.0,0.9
12,2,15,68,2.4,7.1,.333,1.2,3.5,.333,1.2,3.5,.333,1.8,4.1,.429,3.5,2.9,2.4,0.0,0.6,0.0,7.6
12,3,15,68,3.6,10.9,.333,1.8,5.4,.333,1.8,5.4,.333,2.7,6.3,.429,5.4,4.5,3.6,0.0,0.9,0.0,11.8,,101.6,108.3
12,4,15,68,12.0,.424,.417,.500,.583,14,1.6,9.5,5.2,15.6,3.6,0.0,6.1,12.6,,0.0,0.0,0.1,.056,,-1.8,-0.9,-2.7
13,0,34,688,94,225,.418,89,203,.438,5,22,.227,73,102,.716,69,107,176,8,13,2,44,78,266
13,1,34,20.2,2.8,6.6,.418,2.6,6.0,.438,0.1,0.6,.227,2.1,3.0,.716,5.2,0.2,0.4,0.1,1.3,2.3,7.8
13,2,34,688,5.5,13.1,.418,5.2,11.8,.438,0.3,1.3,.227,4.2,5.9,.716,10.2,0.5,0.8,0.1,2.6,4.5,15.5
13,3,34,688,8.4,20.2,.418,8.0,18.2,.438,0.4,2.0,.227,6.5,9.1,.716,15.8,0.7,1.2,0.2,3.9,7.0,23.8,,98.3,109.5
13,4,34,688,14.7,.486,.429,.098,.453,255,10.9,20.2,15.1,3.0,1.2,0.3,13.9,24.2,,0.7,0.4,1.1,.061,,-3.9,-3.9,-7.9
