0,0,5,82,5,16,.313,0,2,.000,5,14,.357,4,6,.667,1,6,7,4,3,0,5,6,19
0,1,5,16.4,1.0,3.2,.313,0.0,0.4,.000,1.0,2.8,.357,0.8,1.2,.667,1.4,0.8,0.6,0.0,1.0,1.2,3.8
0,2,5,82,2.4,7.8,.313,0.0,1.0,.000,2.4,6.8,.357,2.0,2.9,.667,3.4,2.0,1.5,0.0,2.4,2.9,9.3
0,3,5,82,3.7,11.9,.313,0.0,1.5,.000,3.7,10.4,.357,3.0,4.5,.667,5.2,3.0,2.2,0.0,3.7,4.5,14.1,,95.5,106.4
0,4,5,82,8.0,.504,.469,.875,.375,18,1.4,8.7,5.0,9.5,2.2,0.0,21.0,14.9,,0.0,0.1,0.1,.050,,-1.5,-1.4,-2.9
1,0,30,797,74,154,.481,74,150,.493,0,4,.000,21,29,.724,72,85,157,48,18,13,60,89,169
1,1,30,26.6,2.5,5.1,.481,2.5,5.0,.493,0.0,0.1,.000,0.7,1.0,.724,5.2,1.6,0.6,0.4,2.0,3.0,5.6
1,2,30,797,3.7,7.7,.481,3.7,7.5,.493,0.0,0.2,.000,1.1,1.5,.724,7.9,2.4,0.9,0.7,3.0,4.5,8.5
1,3,30,797,5.7,11.8,.481,5.7,11.5,.493,0.0,0.3,.000,1.6,2.2,.724,12.0,3.7,1.4,1.0,4.6,6.8,12.9,,94.2,105.6
1,4,30,797,11.0,.504,.481,.026,.188,192,10.5,12.6,11.6,12.5,1.4,1.7,26.3,14.7,,0.3,0.7,1.0,.051,,-1.8,1.5,-0.3
2,0,2,26,2,4,.500,1,2,.500,1,2,.500,0,0,,2,2,4,1,0,0,2,1,5
2,1,2,13.0,1.0,2.0,.500,0.5,1.0,.500,0.5,1.0,.500,0.0,0.0,,2.0,0.5,0.0,0.0,1.0,0.5,2.5
2,2,2,26,3.1,6.2,.500,1.5,3.1,.500,1.5,3.1,.500,0.0,0.0,,6.2,1.5,0.0,0.0,3.1,1.5,7.7
2,3,2,26,4.7,9.4,.500,2.3,4.7,.500,2.3,4.7,.500,0.0,0.0,,9.4,2.3,0.0,0.0,4.7,2.3,11.7,,96.2,111.4
2,4,2,26,8.4,.625,.625,.500,.000,5,8.9,9.1,9.0,7.7,0.0,0.0,33.3,11.8,,0.0,0.0,0.0,.031,,-2.1,-2.3,-4.4
3,0,29,615,57,119,.479,57,118,.483,0,1,.000,24,63,.381,53,62,115,18,10,10,38,59,138
3,1,29,21.2,2.0,4.1,.479,2.0,4.1,.483,0.0,0.0,.000,0.8,2.2,.381,4.0,0.6,0.3,0.3,1.3,2.0,4.8
3,2,29,615,3.7,7.7,.479,3.7,7.7,.483,0.0,0.1,.000,1.6,4.1,.381,7.5,1.2,0.7,0.7,2.5,3.8,9.0
3,3,29,615,5.7,11.8,.479,5.7,11.7,.483,0.0,0.1,.000,2.4,6.3,.381,11.4,1.8,1.0,1.0,3.8,5.9,13.7,,90.1,106.8
3,4,29,615,9.6,.463,.479,.008,.529,143,10.0,11.9,11.0,6.1,1.0,1.7,20.3,15.6,,0.0,0.5,0.5,.034,,-3.4,0.1,-3.3
4,0,31,1010,156,382,.408,127,285,.446,29,97,.299,115,150,.767,78,171,249,60,20,22,96,88,456
4,1,31,32.6,5.0,12.3,.408,4.1,9.2,.446,0.9,3.1,.299,3.7,4.8,.767,8.0,1.9,0.6,0.7,3.1,2.8,14.7
4,2,31,1010,6.2,15.1,.408,5.0,11.3,.446,1.1,3.8,.299,4.6,5.9,.767,9.9,2.4,0.8,0.9,3.8,3.5,18.1
4,3,31,1010,9.4,23.1,.408,7.7,17.2,.446,1.8,5.9,.299,6.9,9.1,.767,15.0,3.6,1.2,1.3,5.8,5.3,27.5,,100.1,102.8
4,4,31,1010,18.4,.503,.446,.254,.393,445,9.0,20.0,14.5,14.1,1.2,2.3,17.5,27.9,,1.4,1.2,2.6,.103,,0.1,0.2,0.3
5,0,10,27,0,5,.000,0,5,.000,0,0,,0,2,.000,0,3,3,1,0,1,1,4,0
5,1,10,2.7,0.0,0.5,.000,0.0,0.5,.000,0.0,0.0,,0.0,0.2,.000,0.3,0.1,0.0,0.1,0.1,0.4,0.0
5,2,10,27,0.0,7.4,.000,0.0,7.4,.000,0.0,0.0,,0.0,3.0,.000,4.4,1.5,0.0,1.5,1.5,5.9,0.0
5,3,10,27,0.0,11.3,.000,0.0,11.3,.000,0.0,0.0,,0.0,4.5,.000,6.8,2.3,0.0,2.3,2.3,9.0,0.0,,9.4,106.9
5,4,10,27,-9.6,.000,.000,.000,.400,0,0.0,13.2,6.5,6.4,0.0,3.9,14.4,13.2,,-0.1,0.0,-0.1,-.147,,-14.7,0.4,-14.4
6,0,24,394,23,75,.307,16,41,.390,7,34,.206,18,32,.563,3,10,13,33,9,1,31,32,71
6,1,24,16.4,1.0,3.1,.307,0.7,1.7,.390,0.3,1.4,.206,0.8,1.3,.563,0.5,1.4,0.4,0.0,1.3,1.3,3.0
6,2,24,394,2.3,7.6,.307,1.6,4.2,.390,0.7,3.5,.206,1.8,3.2,.563,1.3,3.4,0.9,0.1,3.1,3.2,7.2
6,3,24,394,3.6,11.6,.307,2.5,6.3,.390,1.1,5.3,.206,2.8,5.0,.563,2.0,5.1,1.4,0.2,4.8,5.0,11.0,,76.9,110.4
6,4,24,394,3.0,.394,.353,.453,.427,78,0.9,3.0,1.9,16.2,1.4,0.3,25.6,15.8,,-0.4,0.2,-0.2,-.021,,-5.5,-2.8,-8.3
7,0,10,21,2,7,.286,1,6,.167,1,1,1.000,1,2,.500,2,1,3,2,1,0,3,1,6
7,1,10,2.1,0.2,0.7,.286,0.1,0.6,.167,0.1,0.1,1.000,0.1,0.2,.500,0.3,0.2,0.1,0.0,0.3,0.1,0.6
7,2,10,21,3.8,13.3,.286,1.9,11.4,.167,1.9,1.9,1.000,1.9,3.8,.500,5.7,3.8,1.9,0.0,5.7,1.9,11.4
7,3,10,21,5.8,20.3,.286,2.9,17.4,.167,2.9,2.9,1.000,2.9,5.8,.500,8.7,5.8,2.9,0.0,8.7,2.9,17.4,,74.5,106.3
7,4,10,21,6.8,.377,.357,.143,.286,7,11.1,5.6,8.4,19.8,2.9,0.0,27.4,26.7,,0.0,0.0,0.0,-.045,,-6.2,-1.3,-7.5
8,0,14,41,1,3,.333,1,1,1.000,0,2,.000,0,0,,2,1,3,1,1,0,7,4,2
8,1,14,2.9,0.1,0.2,.333,0.1,0.1,1.000,0.0,0.1,.000,0.0,0.0,,0.2,0.1,0.1,0.0,0.5,0.3,0.1
8,2,14,41,1.0,2.9,.333,1.0,1.0,1.000,0.0,2.0,.000,0.0,0.0,,2.9,1.0,1.0,0.0,6.8,3.9,2.0
8,3,14,41,1.5,4.5,.333,1.5,1.5,1.000,0.0,3.0,.000,0.0,0.0,,4.5,1.5,1.5,0.0,10.4,6.0,3.0,,30.9,110.2
8,4,14,41,-6.9,.333,.333,.667,.000,3,5.7,2.9,4.3,4.4,1.5,0.0,70.0,12.5,,-0.2,0.0,-0.1,-.146,,-10.6,-0.2,-10.8
9,0,16,118,4,18,.222,4,11,.364,0,7,.000,2,5,.400,4,7,11,8,0,0,10,9,10
9,1,16,7.4,0.3,1.1,.222,0.3,0.7,.364,0.0,0.4,.000,0.1,0.3,.400,0.7,0.5,0.0,0.0,0.6,0.6,0.6
9,2,16,118,1.4,6.1,.222,1.4,3.7,.364,0.0,2.4,.000,0.7,1.7,.400,3.7,2.7,0.0,0.0,3.4,3.1,3.4
9,3,16,118,2.1,9.3,.222,2.1,5.7,.364,0.0,3.6,.000,1.0,2.6,.400,5.7,4.1,0.0,0.0,5.2,4.7,5.2,,54.0,112.0
9,4,16,118,-2.4,.245,.222,.389,.278,14,3.9,7.0,5.5,12.5,0.0,0.0,32.9,13.2,,-0.3,0.0,-0.2,-.083,,-8.5,-2.2,-10.7
10,0,31,1190,166,399,.416,95,202,.470,71,197,.360,84,106,.792,16,115,131,90,42,2,76,51,487
10,1,31,38.4,5.4,12.9,.416,3.1,6.5,.470,2.3,6.4,.360,2.7,3.4,.792,4.2,2.9,1.4,0.1,2.5,1.6,15.7
10,2,31,1190,5.6,13.4,.416,3.2,6.8,.470,2.4,6.6,.360,2.8,3.6,.792,4.4,3.0,1.4,0.1,2.6,1.7,16.4
10,3,31,1190,8.5,20.5,.416,4.9,10.4,.470,3.6,10.1,.360,4.3,5.4,.792,6.7,4.6,2.2,0.1,3.9,2.6,25.0,,109.3,105.6
10,4,31,1190,17.2,.542,.505,.494,.266,453,1.6,11.4,6.5,17.3,2.2,0.2,14.5,22.6,,2.5,1.1,3.5,.119,,3.1,-0.7,2.4
11,0,17,524,52,150,.347,41,107,.383,11,43,.256,26,31,.839,13,26,39,39,16,0,23,45,141
11,1,17,30.8,3.1,8.8,.347,2.4,6.3,.383,0.6,2.5,.256,1.5,1.8,.839,2.3,2.3,0.9,0.0,1.4,2.6,8.3
11,2,17,524,4.0,11.5,.347,3.1,8.2,.383,0.8,3.3,.256,2.0,2.4,.839,3.0,3.0,1.2,0.0,1.8,3.4,10.8
11,3,17,524,6.1,17.5,.347,4.8,12.5,.383,1.3,5.0,.256,3.0,3.6,.839,4.5,4.5,1.9,0.0,2.7,5.2,16.4,,96.9,108.3
11,4,17,524,9.4,.428,.383,.287,.207,144,2.9,5.9,4.4,15.6,1.9,0.0,12.3,18.4,,0.3,0.3,0.7,.051,,-1.8,-1.4,-3.2
12,0,7,15,2,4,.500,2,4,.500,0,0,,0,0,,2,1,3,0,1,0,1,1,4
12,1,7,2.1,0.3,0.6,.500,0.3,0.6,.500,0.0,0.0,,0.0,0.0,,0.4,0.0,0.1,0.0,0.1,0.1,0.6
12,2,7,15,5.3,10.7,.500,5.3,10.7,.500,0.0,0.0,,0.0,0.0,,8.0,0.0,2.7,0.0,2.7,2.7,10.7
12,3,7,15,8.1,16.3,.500,8.1,16.3,.500,0.0,0.0,,0.0,0.0,,12.2,0.0,4.1,0.0,4.1,4.1,16.3,,94.2,102.8
12,4,7,15,14.6,.500,.500,.000,.000,4,15.5,7.9,11.7,0.0,4.1,0.0,20.0,17.1,,0.0,0.0,0.0,.063,,-3.5,-2.6,-6.2
13,0,31,366,62,111,.559,62,111,.559,0,0,,5,9,.556,23,69,92,14,5,20,44,41,129
13,1,31,11.8,2.0,3.6,.559,2.0,3.6,.559,0.0,0.0,,0.2,0.3,.556,3.0,0.5,0.2,0.6,1.4,1.3,4.2
13,2,31,366,6.8,12.1,.559,6.8,12.1,.559,0.0,0.0,,0.5,1.0,.556,10.1,1.5,0.5,2.2,4.8,4.5,14.1
13,3,31,366,10.3,18.5,.559,10.3,18.5,.559,0.0,0.0,,0.8,1.5,.556,15.3,2.3,0.8,3.3,7.3,6.8,21.5,,87.5,100.6
13,4,31,366,14.7,.560,.559,.000,.081,115,7.3,22.3,14.7,9.4,0.8,5.7,27.6,22.3,,-0.1,0.5,0.4,.047,,-5.2,1.8,-3.4
14,0,22,424,42,98,.429,23,45,.511,19,53,.358,19,25,.760,13,32,45,26,10,1,29,32,122
14,1,22,19.3,1.9,4.5,.429,1.0,2.0,.511,0.9,2.4,.358,0.9,1.1,.760,2.0,1.2,0.5,0.0,1.3,1.5,5.5
14,2,22,424,4.0,9.2,.429,2.2,4.2,.511,1.8,5.0,.358,1.8,2.4,.760,4.2,2.5,0.9,0.1,2.7,3.0,11.5
14,3,22,424,6.0,14.1,.429,3.3,6.5,.511,2.7,7.6,.358,2.7,3.6,.760,6.5,3.7,1.4,0.1,4.2,4.6,17.6,,102.8,107.9
14,4,22,424,11.4,.555,.526,.541,.255,117,3.6,8.9,6.2,12.9,1.4,0.2,20.9,16.8,,0.5,0.3,0.7,.070,,-0.3,-1.6,-1.8
15,0,20,180,19,45,.422,17,33,.515,2,12,.167,5,13,.385,17,22,39,5,4,4,9,13,45
15,1,20,9.0,1.0,2.3,.422,0.9,1.7,.515,0.1,0.6,.167,0.3,0.7,.385,2.0,0.3,0.2,0.2,0.5,0.7,2.3
15,2,20,180,4.2,10.0,.422,3.8,7.3,.515,0.4,2.7,.167,1.1,2.9,.385,8.7,1.1,0.9,0.9,2.0,2.9,10.0
15,3,20,180,6.4,15.3,.422,5.8,11.2,.515,0.7,4.1,.167,1.7,4.4,.385,13.2,1.7,1.4,1.4,3.1,4.4,15.3,,93.4,104.8
15,4,20,180,12.1,.440,.444,.267,.289,46,11.0,14.5,12.7,5.9,1.4,2.3,15.0,17.1,,0.1,0.2,0.2,.052,,-2.9,-0.5,-3.4
16,0,28,445,56,113,.496,56,113,.496,0,0,,27,53,.509,35,63,98,11,4,8,47,78,139
16,1,28,15.9,2.0,4.0,.496,2.0,4.0,.496,0.0,0.0,,1.0,1.9,.509,3.5,0.4,0.1,0.3,1.7,2.8,5.0
16,2,28,445,5.0,10.2,.496,5.0,10.2,.496,0.0,0.0,,2.4,4.8,.509,8.8,1.0,0.4,0.7,4.2,7.0,12.5
16,3,28,445,7.7,15.5,.496,7.7,15.5,.496,0.0,0.0,,3.7,7.3,.509,13.4,1.5,0.5,1.1,6.4,10.7,19.1,,85.6,105.2
16,4,28,445,9.0,.503,.496,.000,.469,132,9.1,16.8,12.9,5.5,0.5,1.9,25.4,21.3,,-0.2,0.4,0.2,.022,,-5.6,-1.2,-6.8
