0,0,30,944,105,299,.351,41,99,.414,64,200,.320,37,53,.698,9,82,91,47,44,12,63,59,311
0,1,30,31.5,3.5,10.0,.351,1.4,3.3,.414,2.1,6.7,.320,1.2,1.8,.698,3.0,1.6,1.5,0.4,2.1,2.0,10.4
0,2,30,944,4.4,12.7,.351,1.7,4.2,.414,2.7,8.5,.320,1.6,2.2,.698,3.9,2.0,1.9,0.5,2.7,2.5,13.2
0,3,30,944,6.9,19.8,.351,2.7,6.5,.414,4.2,13.2,.320,2.4,3.5,.698,6.0,3.1,2.9,0.8,4.2,3.9,20.6,,92.6,104.4
0,4,30,944,11.7,.480,.458,.669,.177,279,1.1,10.8,5.7,12.0,2.9,1.4,16.3,21.5,,0.3,0.9,1.3,.053,,-0.3,-0.9,-1.2
1,0,8,43,8,22,.364,2,3,.667,6,19,.316,0,0,,2,1,3,2,0,0,1,3,22
1,1,8,5.4,1.0,2.8,.364,0.3,0.4,.667,0.8,2.4,.316,0.0,0.0,,0.4,0.3,0.0,0.0,0.1,0.4,2.8
1,2,8,43,7.4,20.5,.364,1.9,2.8,.667,5.6,17.7,.316,0.0,0.0,,2.8,1.9,0.0,0.0,0.9,2.8,20.5
1,3,8,43,11.6,31.9,.364,2.9,4.4,.667,8.7,27.6,.316,0.0,0.0,,4.4,2.9,0.0,0.0,1.5,4.4,31.9,,110.1,114.4
1,4,8,43,16.7,.500,.500,.864,.000,18,5.2,2.9,4.1,13.7,0.0,0.0,4.3,28.1,,0.1,0.0,0.1,.101,,5.6,-8.6,-3.0
2,0,30,822,58,179,.324,28,88,.318,30,91,.330,54,72,.750,37,53,90,45,21,4,42,62,200
2,1,30,27.4,1.9,6.0,.324,0.9,2.9,.318,1.0,3.0,.330,1.8,2.4,.750,3.0,1.5,0.7,0.1,1.4,2.1,6.7
2,2,30,822,2.8,8.7,.324,1.4,4.3,.318,1.5,4.4,.330,2.6,3.5,.750,4.4,2.2,1.0,0.2,2.0,3.0,9.7
2,3,30,822,4.4,13.6,.324,2.1,6.7,.318,2.3,6.9,.330,4.1,5.5,.750,6.8,3.4,1.6,0.3,3.2,4.7,15.2,,98.4,108.7
2,4,30,822,9.8,.469,.408,.508,.402,206,5.0,8.0,6.5,12.0,1.6,0.5,16.5,16.3,,0.6,0.5,1.1,.052,,-0.8,-1.7,-2.5
3,0,28,236,13,47,.277,3,13,.231,10,34,.294,0,2,.000,5,12,17,10,2,1,16,27,36
3,1,28,8.4,0.5,1.7,.277,0.1,0.5,.231,0.4,1.2,.294,0.0,0.1,.000,0.6,0.4,0.1,0.0,0.6,1.0,1.3
3,2,28,236,2.2,8.0,.277,0.5,2.2,.231,1.7,5.8,.294,0.0,0.3,.000,2.9,1.7,0.3,0.2,2.7,4.6,6.1
3,3,28,236,3.4,12.4,.277,0.8,3.4,.231,2.6,9.0,.294,0.0,0.5,.000,4.5,2.6,0.5,0.3,4.2,7.1,9.5,,70.0,111.4
3,4,28,236,0.1,.375,.383,.723,.043,37,2.4,6.3,4.3,9.0,0.5,0.5,25.0,14.2,,-0.3,0.1,-0.2,-.040,,-5.7,-3.5,-9.2
4,0,30,539,55,125,.440,55,125,.440,0,0,,56,101,.554,48,71,119,11,7,3,54,80,166
4,1,30,18.0,1.8,4.2,.440,1.8,4.2,.440,0.0,0.0,,1.9,3.4,.554,4.0,0.4,0.2,0.1,1.8,2.7,5.5
4,2,30,539,4.1,9.3,.440,4.1,9.3,.440,0.0,0.0,,4.2,7.5,.554,8.8,0.8,0.5,0.2,4.0,5.9,12.3
4,3,30,539,6.4,14.5,.440,6.4,14.5,.440,0.0,0.0,,6.5,11.7,.554,13.8,1.3,0.8,0.3,6.3,9.3,19.2,,85.8,106.6
4,4,30,539,8.9,.480,.440,.000,.808,164,10.0,16.4,13.0,4.8,0.8,0.6,23.8,22.1,,-0.2,0.4,0.2,.016,,-5.8,-3.1,-8.9
5,0,11,50,5,12,.417,4,5,.800,1,7,.143,0,3,.000,8,3,11,0,2,0,3,5,11
5,1,11,4.5,0.5,1.1,.417,0.4,0.5,.800,0.1,0.6,.143,0.0,0.3,.000,1.0,0.0,0.2,0.0,0.3,0.5,1.0
5,2,11,50,4.0,9.6,.417,3.2,4.0,.800,0.8,5.6,.143,0.0,2.4,.000,8.8,0.0,1.6,0.0,2.4,4.0,8.8
5,3,11,50,6.2,15.0,.417,5.0,6.2,.800,1.2,8.7,.143,0.0,3.7,.000,13.7,0.0,2.5,0.0,3.7,6.2,13.7,,84.8,107.0
5,4,11,50,9.9,.410,.458,.583,.250,12,17.9,7.5,13.0,0.0,2.5,0.0,18.3,17.2,,0.0,0.0,0.0,.014,,-3.0,-5.8,-8.8
6,0,30,925,86,192,.448,45,94,.479,41,98,.418,34,43,.791,48,119,167,34,17,11,39,82,247
6,1,30,30.8,2.9,6.4,.448,1.5,3.1,.479,1.4,3.3,.418,1.1,1.4,.791,5.6,1.1,0.6,0.4,1.3,2.7,8.2
6,2,30,925,3.7,8.3,.448,1.9,4.1,.479,1.8,4.2,.418,1.5,1.9,.791,7.2,1.5,0.7,0.5,1.7,3.5,10.7
6,3,30,925,5.8,13.0,.448,3.0,6.3,.479,2.8,6.6,.418,2.3,2.9,.791,11.3,2.3,1.1,0.7,2.6,5.5,16.7,,113.2,106.1
6,4,30,925,13.8,.581,.555,.510,.224,232,5.8,16.0,10.7,8.5,1.1,1.3,15.5,14.3,,1.5,0.7,2.3,.098,,1.0,-0.8,0.2
7,0,5,17,1,4,.250,0,1,.000,1,3,.333,0,0,,1,1,2,2,0,1,0,1,3
7,1,5,3.4,0.2,0.8,.250,0.0,0.2,.000,0.2,0.6,.333,0.0,0.0,,0.4,0.4,0.0,0.2,0.0,0.2,0.6
7,2,5,17,2.4,9.4,.250,0.0,2.4,.000,2.4,7.1,.333,0.0,0.0,,4.7,4.7,0.0,2.4,0.0,2.4,7.1
7,3,5,17,3.7,14.7,.250,0.0,3.7,.000,3.7,11.0,.333,0.0,0.0,,7.3,7.3,0.0,3.7,0.0,3.7,11.0,,117.0,109.3
7,4,5,17,12.9,.375,.375,.750,.000,4,6.6,7.3,6.9,25.2,0.0,6.4,0.0,12.3,,0.0,0.0,0.0,.088,,0.1,-1.4,-1.3
8,0,11,80,6,19,.316,3,8,.375,3,11,.273,3,4,.750,6,5,11,0,2,0,6,14,18
8,1,11,7.3,0.5,1.7,.316,0.3,0.7,.375,0.3,1.0,.273,0.3,0.4,.750,1.0,0.0,0.2,0.0,0.5,1.3,1.6
8,2,11,80,3.0,9.5,.316,1.5,4.0,.375,1.5,5.5,.273,1.5,2.0,.750,5.5,0.0,1.0,0.0,3.0,7.0,9.0
8,3,11,80,4.7,14.8,.316,2.3,6.2,.375,2.3,8.6,.273,2.3,3.1,.750,8.6,0.0,1.6,0.0,4.7,10.9,14.0,,79.8,108.4
8,4,11,80,3.5,.431,.395,.579,.211,17,8.4,7.8,8.1,0.0,1.6,0.0,22.3,17.6,,-0.1,0.0,0.0,-.007,,-5.5,-5.5,-11.1
9,0,20,121,4,21,.190,4,20,.200,0,1,.000,8,15,.533,14,10,24,1,1,7,9,26,16
9,1,20,6.1,0.2,1.1,.190,0.2,1.0,.200,0.0,0.1,.000,0.4,0.8,.533,1.2,0.1,0.1,0.4,0.5,1.3,0.8
9,2,20,121,1.3,6.9,.190,1.3,6.6,.200,0.0,0.3,.000,2.6,5.0,.533,7.9,0.3,0.3,2.3,3.0,8.6,5.3
9,3,20,121,2.1,10.8,.190,2.1,10.3,.200,0.0,0.5,.000,4.1,7.7,.533,12.4,0.5,0.5,3.6,4.6,13.4,8.3,,65.1,106.0
9,4,20,121,1.5,.284,.190,.048,.714,21,13.0,10.3,11.7,1.7,0.5,6.3,24.2,16.1,,-0.2,0.1,-0.1,-.045,,-9.2,-0.4,-9.6
10,0,15,115,14,39,.359,10,24,.417,4,15,.267,10,12,.833,4,6,10,6,3,0,10,23,42
10,1,15,7.7,0.9,2.6,.359,0.7,1.6,.417,0.3,1.0,.267,0.7,0.8,.833,0.7,0.4,0.2,0.0,0.7,1.5,2.8
10,2,15,115,4.9,13.6,.359,3.5,8.3,.417,1.4,5.2,.267,3.5,4.2,.833,3.5,2.1,1.0,0.0,3.5,8.0,14.6
10,3,15,115,7.6,21.2,.359,5.4,13.0,.417,2.2,8.1,.267,5.4,6.5,.833,5.4,3.3,1.6,0.0,5.4,12.5,22.8,,90.7,108.5
10,4,15,115,7.8,.470,.410,.385,.308,40,3.9,6.5,5.1,12.9,1.6,0.0,18.3,25.0,,0.0,0.1,0.1,.031,,-3.1,-4.6,-7.7
11,0,30,921,122,319,.382,95,226,.420,27,93,.290,78,90,.867,16,84,100,99,18,5,82,60,349
11,1,30,30.7,4.1,10.6,.382,3.2,7.5,.420,0.9,3.1,.290,2.6,3.0,.867,3.3,3.3,0.6,0.2,2.7,2.0,11.6
11,2,30,921,5.3,13.9,.382,4.1,9.8,.420,1.2,4.0,.290,3.4,3.9,.867,4.3,4.3,0.8,0.2,3.6,2.6,15.2
11,3,30,921,8.3,21.6,.382,6.4,15.3,.420,1.8,6.3,.290,5.3,6.1,.867,6.8,6.7,1.2,0.3,5.6,4.1,23.7,,96.2,108.2
11,4,30,921,13.3,.482,.425,.292,.282,352,1.9,11.4,6.4,27.3,1.2,0.6,18.5,25.3,,0.8,0.5,1.4,.059,,-0.8,-2.8,-3.6
12,0,25,432,36,96,.375,31,81,.383,5,15,.333,23,47,.489,10,29,39,53,19,0,44,42,100
12,1,25,17.3,1.4,3.8,.375,1.2,3.2,.383,0.2,0.6,.333,0.9,1.9,.489,1.6,2.1,0.8,0.0,1.8,1.7,4.0
12,2,25,432,3.3,8.9,.375,2.9,7.5,.383,0.5,1.4,.333,2.1,4.4,.489,3.6,4.9,1.8,0.0,4.1,3.9,9.3
12,3,25,432,5.2,13.9,.375,4.5,11.7,.383,0.7,2.2,.333,3.3,6.8,.489,5.6,7.7,2.7,0.0,6.4,6.1,14.4,,80.8,106.2
12,4,25,432,7.7,.423,.401,.156,.490,116,2.6,8.4,5.3,27.7,2.7,0.0,27.1,19.7,,-0.4,0.3,0.0,-.001,,-4.8,-2.2,-7.1
13,0,19,103,7,23,.304,6,17,.353,1,6,.167,0,2,.000,6,22,28,5,2,0,9,8,15
13,1,19,5.4,0.4,1.2,.304,0.3,0.9,.353,0.1,0.3,.167,0.0,0.1,.000,1.5,0.3,0.1,0.0,0.5,0.4,0.8
13,2,19,103,2.7,8.9,.304,2.3,6.6,.353,0.4,2.3,.167,0.0,0.8,.000,10.9,1.9,0.8,0.0,3.5,3.1,5.8
13,3,19,103,4.2,13.9,.304,3.6,10.3,.353,0.6,3.6,.167,0.0,1.2,.000,17.0,3.0,1.2,0.0,5.5,4.8,9.1,,62.5,102.7
13,4,19,103,3.8,.313,.326,.261,.087,18,6.5,26.6,16.0,10.6,1.2,0.0,27.3,16.8,,-0.2,0.1,-0.1,-.043,,-8.9,-1.4,-10.3
14,0,30,702,116,214,.542,116,214,.542,0,0,,58,95,.611,72,114,186,26,12,44,50,84,290
14,1,30,23.4,3.9,7.1,.542,3.9,7.1,.542,0.0,0.0,,1.9,3.2,.611,6.2,0.9,0.4,1.5,1.7,2.8,9.7
14,2,30,702,6.6,12.2,.542,6.6,12.2,.542,0.0,0.0,,3.3,5.4,.611,10.6,1.5,0.7,2.5,2.8,4.8,16.5
14,3,30,702,10.3,19.0,.542,10.3,19.0,.542,0.0,0.0,,5.2,8.4,.611,16.5,2.3,1.1,3.9,4.4,7.5,25.8,,107.0,101.4
14,4,30,702,22.2,.560,.542,.000,.444,273,11.5,20.2,15.6,10.3,1.1,6.8,16.2,23.1,,1.4,0.9,2.3,.130,,-0.1,1.6,1.5
