0,0,35,1054,114,342,.333,84,231,.364,30,111,.270,115,149,.772,16,106,122,112,42,8,67,77,373
0,1,35,30.1,3.3,9.8,.333,2.4,6.6,.364,0.9,3.2,.270,3.3,4.3,.772,3.5,3.2,1.2,0.2,1.9,2.2,10.7
0,2,35,1054,4.3,13.0,.333,3.2,8.8,.364,1.1,4.2,.270,4.4,5.7,.772,4.6,4.3,1.6,0.3,2.5,2.9,14.2
0,3,35,1054,6.9,20.7,.333,5.1,14.0,.364,1.8,6.7,.270,7.0,9.0,.772,7.4,6.8,2.5,0.5,4.1,4.7,22.6,,97.5,100.5
0,4,35,1054,14.2,.452,.377,.325,.436,390,1.8,12.4,6.9,23.1,2.5,0.9,14.0,24.7,,0.7,1.7,2.4,.091,,0.8,2.7,3.5
1,0,35,877,113,235,.481,93,183,.508,20,52,.385,51,75,.680,50,84,134,27,23,0,61,64,297
1,1,35,25.1,3.2,6.7,.481,2.7,5.2,.508,0.6,1.5,.385,1.5,2.1,.680,3.8,0.8,0.7,0.0,1.7,1.8,8.5
1,2,35,877,5.2,10.7,.481,4.2,8.3,.508,0.9,2.4,.385,2.3,3.4,.680,6.1,1.2,1.0,0.0,2.8,2.9,13.5
1,3,35,877,8.2,17.1,.481,6.8,13.3,.508,1.5,3.8,.385,3.7,5.4,.680,9.7,2.0,1.7,0.0,4.4,4.7,21.6,,101.5,103.2
1,4,35,877,13.8,.549,.523,.221,.319,282,6.7,11.8,9.2,7.0,1.7,0.0,18.4,20.5,,0.8,1.2,2.0,.092,,0.7,1.7,2.4
2,0,22,121,13,26,.500,13,23,.565,0,3,.000,3,10,.300,9,8,17,4,0,2,3,19,29
2,1,22,5.5,0.6,1.2,.500,0.6,1.0,.565,0.0,0.1,.000,0.1,0.5,.300,0.8,0.2,0.0,0.1,0.1,0.9,1.3
2,2,22,121,4.3,8.6,.500,4.3,7.6,.565,0.0,1.0,.000,1.0,3.3,.300,5.6,1.3,0.0,0.7,1.0,6.3,9.6
2,3,22,121,6.8,13.7,.500,6.8,12.1,.565,0.0,1.6,.000,1.6,5.3,.300,9.0,2.1,0.0,1.1,1.6,10.0,15.3,,104.7,107.1
2,4,22,121,9.5,.472,.500,.115,.385,30,8.7,8.1,8.4,7.2,0.0,2.0,8.9,15.1,,0.1,0.1,0.2,.078,,-0.9,1.0,0.0
3,0,35,1038,101,244,.414,96,221,.434,5,23,.217,35,45,.778,89,122,211,15,12,73,39,109,242
3,1,35,29.7,2.9,7.0,.414,2.7,6.3,.434,0.1,0.7,.217,1.0,1.3,.778,6.0,0.4,0.3,2.1,1.1,3.1,6.9
3,2,35,1038,3.9,9.4,.414,3.7,8.5,.434,0.2,0.9,.217,1.3,1.7,.778,8.1,0.6,0.5,2.8,1.5,4.2,9.3
3,3,35,1038,6.2,15.0,.414,5.9,13.6,.434,0.3,1.4,.217,2.1,2.8,.778,13.0,0.9,0.7,4.5,2.4,6.7,14.9,,99.1,99.6
3,4,35,1038,13.1,.456,.424,.094,.184,256,10.0,14.5,12.2,3.1,0.7,8.3,12.8,15.9,,0.5,1.8,2.3,.091,,-1.8,6.2,4.3
4,0,35,915,91,224,.406,32,63,.508,59,161,.366,16,21,.762,59,110,169,9,31,12,16,74,257
4,1,35,26.1,2.6,6.4,.406,0.9,1.8,.508,1.7,4.6,.366,0.5,0.6,.762,4.8,0.3,0.9,0.3,0.5,2.1,7.3
4,2,35,915,4.0,9.8,.406,1.4,2.8,.508,2.6,7.0,.366,0.7,0.9,.762,7.4,0.4,1.4,0.5,0.7,3.2,11.2
4,3,35,915,6.3,15.6,.406,2.2,4.4,.508,4.1,11.2,.366,1.1,1.5,.762,11.8,0.6,2.2,0.8,1.1,5.2,17.9,,120.0,100.0
4,4,35,915,15.3,.549,.538,.719,.094,240,7.5,14.8,11.1,2.1,2.2,1.6,6.4,14.8,,1.7,1.6,3.2,.142,,3.6,2.4,6.0
5,0,35,495,46,120,.383,31,76,.408,15,44,.341,47,61,.770,21,64,85,23,10,4,30,34,154
5,1,35,14.1,1.3,3.4,.383,0.9,2.2,.408,0.4,1.3,.341,1.3,1.7,.770,2.4,0.7,0.3,0.1,0.9,1.0,4.4
5,2,35,495,3.7,9.7,.383,2.5,6.1,.408,1.2,3.6,.341,3.8,4.9,.770,6.9,1.9,0.8,0.3,2.4,2.7,12.4
5,3,35,495,5.9,15.4,.383,4.0,9.8,.408,1.9,5.7,.341,6.1,7.9,.770,10.9,3.0,1.3,0.5,3.9,4.4,19.8,,102.4,101.8
5,4,35,495,13.2,.517,.446,.367,.508,153,5.0,15.9,10.3,9.8,1.3,1.0,16.8,19.6,,0.5,0.8,1.2,.099,,-0.1,1.8,1.7
6,0,12,44,3,9,.333,0,0,,3,9,.333,2,4,.500,0,3,3,2,1,0,1,7,11
6,1,12,3.7,0.3,0.8,.333,0.0,0.0,,0.3,0.8,.333,0.2,0.3,.500,0.3,0.2,0.1,0.0,0.1,0.6,0.9
6,2,12,44,2.7,8.2,.333,0.0,0.0,,2.7,8.2,.333,1.8,3.6,.500,2.7,1.8,0.9,0.0,0.9,6.4,10.0
6,3,12,44,4.3,13.0,.333,0.0,0.0,,4.3,13.0,.333,2.9,5.8,.500,4.3,2.9,1.4,0.0,1.4,10.1,15.9,,108.3,104.7
6,4,12,44,7.6,.505,.500,1.000,.444,10,0.0,8.4,4.1,9.1,1.4,0.0,8.4,14.7,,0.0,0.1,0.1,.092,,1.5,-0.3,1.3
7,0,35,250,21,36,.583,21,36,.583,0,0,,10,15,.667,20,23,43,3,3,8,13,45,52
7,1,35,7.1,0.6,1.0,.583,0.6,1.0,.583,0.0,0.0,,0.3,0.4,.667,1.2,0.1,0.1,0.2,0.4,1.3,1.5
7,2,35,250,3.4,5.8,.583,3.4,5.8,.583,0.0,0.0,,1.6,2.4,.667,6.9,0.5,0.5,1.3,2.1,7.2,8.3
7,3,35,250,5.4,9.2,.583,5.4,9.2,.583,0.0,0.0,,2.5,3.8,.667,11.0,0.8,0.8,2.0,3.3,11.5,13.3,,107.0,102.9
7,4,35,250,10.0,.603,.583,.000,.417,54,9.3,11.3,10.3,2.5,0.8,3.8,23.2,12.2,,0.2,0.4,0.6,.094,,-1.5,3.2,1.6
8,0,35,682,83,182,.456,52,102,.510,31,80,.388,21,26,.808,7,51,58,39,21,5,35,41,218
8,1,35,19.5,2.4,5.2,.456,1.5,2.9,.510,0.9,2.3,.388,0.6,0.7,.808,1.7,1.1,0.6,0.1,1.0,1.2,6.2
8,2,35,682,4.9,10.7,.456,3.0,6.0,.510,1.8,4.7,.388,1.2,1.5,.808,3.4,2.3,1.2,0.3,2.1,2.4,12.8
8,3,35,682,7.8,17.0,.456,4.9,9.5,.510,2.9,7.5,.388,2.0,2.4,.808,5.4,3.6,2.0,0.5,3.3,3.8,20.4,,106.7,103.3
8,4,35,682,13.6,.561,.541,.440,.143,199,1.2,9.2,5.1,12.8,2.0,0.9,15.3,18.2,,0.8,1.0,1.8,.104,,1.6,1.9,3.5
9,0,35,1146,192,447,.430,146,291,.502,46,156,.295,125,171,.731,44,166,210,53,58,12,55,86,555
9,1,35,32.7,5.5,12.8,.430,4.2,8.3,.502,1.3,4.5,.295,3.6,4.9,.731,6.0,1.5,1.7,0.3,1.6,2.5,15.9
9,2,35,1146,6.7,15.6,.430,5.1,10.2,.502,1.6,5.4,.295,4.4,6.0,.731,7.3,1.8,2.0,0.4,1.9,3.0,19.4
9,3,35,1146,10.7,24.9,.430,8.1,16.2,.502,2.6,8.7,.295,7.0,9.5,.731,11.7,2.9,3.2,0.7,3.1,4.8,30.9,,110.1,96.5
9,4,35,1146,22.3,.525,.481,.349,.383,513,4.5,17.8,11.0,11.6,3.2,1.2,9.4,27.6,,2.5,2.3,4.9,.170,,4.6,3.2,7.8
10,0,33,402,20,76,.263,19,53,.358,1,23,.043,19,29,.655,4,26,30,64,14,3,30,31,60
10,1,33,12.2,0.6,2.3,.263,0.6,1.6,.358,0.0,0.7,.043,0.6,0.9,.655,0.9,1.9,0.4,0.1,0.9,0.9,1.8
10,2,33,402,2.0,7.6,.263,1.9,5.3,.358,0.1,2.3,.043,1.9,2.9,.655,3.0,6.4,1.4,0.3,3.0,3.1,6.0
10,3,33,402,3.2,12.0,.263,3.0,8.4,.358,0.2,3.6,.043,3.0,4.6,.655,4.8,10.1,2.2,0.5,4.8,4.9,9.5,,78.7,103.1
10,4,33,402,6.2,.334,.270,.303,.382,87,1.2,8.0,4.5,30.8,2.2,0.9,25.0,16.1,,-0.4,0.6,0.1,.012,,-4.2,1.2,-3.0
