0,0,24,515,65,162,.401,26,66,.394,39,96,.406,22,26,.846,7,26,33,22,11,2,23,39,191
0,1,24,21.5,2.7,6.8,.401,1.1,2.8,.394,1.6,4.0,.406,0.9,1.1,.846,1.4,0.9,0.5,0.1,1.0,1.6,8.0
0,2,24,515,5.0,12.6,.401,2.0,5.1,.394,3.0,7.5,.406,1.7,2.0,.846,2.6,1.7,0.9,0.2,1.8,3.0,14.8
0,3,24,515,7.8,19.5,.401,3.1,8.0,.394,4.7,11.6,.406,2.7,3.1,.846,4.0,2.7,1.3,0.2,2.8,4.7,23.0,,105.7,106.8
0,4,24,515,13.2,.548,.522,.593,.160,167,1.7,5.7,3.8,9.8,1.3,0.4,11.7,21.1,,0.8,0.4,1.2,.092,,1.9,-2.0,-0.1
1,0,15,109,6,29,.207,2,8,.250,4,21,.190,2,4,.500,3,7,10,5,3,0,11,11,18
1,1,15,7.3,0.4,1.9,.207,0.1,0.5,.250,0.3,1.4,.190,0.1,0.3,.500,0.7,0.3,0.2,0.0,0.7,0.7,1.2
1,2,15,109,2.2,10.6,.207,0.7,2.9,.250,1.5,7.7,.190,0.7,1.5,.500,3.7,1.8,1.1,0.0,4.0,4.0,6.6
1,3,15,109,3.4,16.5,.207,1.1,4.6,.250,2.3,12.0,.190,1.1,2.3,.500,5.7,2.8,1.7,0.0,6.3,6.3,10.2,,56.4,105.4
1,4,15,109,-2.6,.291,.276,.724,.138,20,3.5,7.3,5.5,9.0,1.7,0.0,26.3,21.1,,-0.4,0.1,-0.3,-.096,,-7.5,-1.3,-8.8
2,0,34,1053,153,337,.454,74,163,.454,79,174,.454,82,104,.788,27,101,128,79,34,4,86,62,467
2,1,34,31.0,4.5,9.9,.454,2.2,4.8,.454,2.3,5.1,.454,2.4,3.1,.788,3.8,2.3,1.0,0.1,2.5,1.8,13.7
2,2,34,1053,5.8,12.8,.454,2.8,6.2,.454,3.0,6.6,.454,3.1,4.0,.788,4.9,3.0,1.3,0.2,3.3,2.4,17.7
2,3,34,1053,9.0,19.9,.454,4.4,9.6,.454,4.7,10.3,.454,4.8,6.1,.788,7.5,4.7,2.0,0.2,5.1,3.7,27.5,,109.0,103.2
2,4,34,1053,19.0,.604,.571,.516,.309,434,3.3,10.8,7.3,17.9,2.0,0.4,18.2,24.7,,2.4,1.1,3.6,.136,,4.5,0.0,4.5
3,0,35,1018,168,315,.533,166,311,.534,2,4,.500,150,210,.714,79,259,338,35,21,50,77,94,488
3,1,35,29.1,4.8,9.0,.533,4.7,8.9,.534,0.1,0.1,.500,4.3,6.0,.714,9.7,1.0,0.6,1.4,2.2,2.7,13.9
3,2,35,1018,6.6,12.4,.533,6.5,12.2,.534,0.1,0.2,.500,5.9,8.3,.714,13.3,1.4,0.8,2.0,3.0,3.7,19.2
3,3,35,1018,10.2,19.2,.533,10.1,19.0,.534,0.1,0.2,.500,9.1,12.8,.714,20.6,2.1,1.3,3.0,4.7,5.7,29.8,,111.9,94.1
3,4,35,1018,25.7,.588,.537,.013,.667,466,9.9,28.7,19.9,8.6,1.3,5.5,15.7,26.6,,2.9,2.0,4.9,.193,,0.5,3.2,3.6
4,0,14,56,3,18,.167,2,9,.222,1,9,.111,3,5,.600,1,3,4,2,1,0,3,8,10
4,1,14,4.0,0.2,1.3,.167,0.1,0.6,.222,0.1,0.6,.111,0.2,0.4,.600,0.3,0.1,0.1,0.0,0.2,0.6,0.7
4,2,14,56,2.1,12.9,.167,1.4,6.4,.222,0.7,6.4,.111,2.1,3.6,.600,2.9,1.4,0.7,0.0,2.1,5.7,7.1
4,3,14,56,3.3,19.9,.167,2.2,10.0,.222,1.1,10.0,.111,3.3,5.5,.600,4.4,2.2,1.1,0.0,3.3,8.9,11.1,,56.5,107.1
4,4,14,56,-4.3,.245,.194,.500,.278,11,2.3,6.0,4.3,7.0,1.1,0.0,12.8,23.0,,-0.2,0.0,-0.1,-.104,,-9.1,-3.2,-12.3
5,0,34,874,50,145,.345,25,66,.379,25,79,.316,33,43,.767,9,50,59,82,25,0,42,35,158
5,1,34,25.7,1.5,4.3,.345,0.7,1.9,.379,0.7,2.3,.316,1.0,1.3,.767,1.7,2.4,0.7,0.0,1.2,1.0,4.6
5,2,34,874,2.3,6.6,.345,1.1,3.0,.379,1.1,3.6,.316,1.5,2.0,.767,2.7,3.8,1.1,0.0,1.9,1.6,7.2
5,3,34,874,3.6,10.3,.345,1.8,4.7,.379,1.8,5.6,.316,2.3,3.1,.767,4.2,5.8,1.8,0.0,3.0,2.5,11.2,,98.7,105.9
5,4,34,874,8.8,.478,.431,.545,.297,186,1.3,6.5,4.0,18.5,1.8,0.0,20.2,13.1,,0.6,0.7,1.3,.058,,-0.3,-0.1,-0.4
6,0,35,1022,114,244,.467,55,99,.556,59,145,.407,27,35,.771,38,132,170,51,21,24,22,75,314
6,1,35,29.2,3.3,7.0,.467,1.6,2.8,.556,1.7,4.1,.407,0.8,1.0,.771,4.9,1.5,0.6,0.7,0.6,2.1,9.0
6,2,35,1022,4.5,9.5,.467,2.2,3.9,.556,2.3,5.7,.407,1.1,1.4,.771,6.7,2.0,0.8,0.9,0.9,2.9,12.3
6,3,35,1022,6.9,14.8,.467,3.3,6.0,.556,3.6,8.8,.407,1.6,2.1,.771,10.3,3.1,1.3,1.5,1.3,4.6,19.1,,125.4,101.9
6,4,35,1022,17.5,.602,.588,.594,.143,295,4.8,14.6,10.0,11.0,1.3,2.7,7.8,15.2,,2.6,1.2,3.9,.151,,4.5,2.0,6.5
7,0,28,206,18,37,.486,15,27,.556,3,10,.300,16,25,.640,8,20,28,14,5,1,9,29,55
7,1,28,7.4,0.6,1.3,.486,0.5,1.0,.556,0.1,0.4,.300,0.6,0.9,.640,1.0,0.5,0.2,0.0,0.3,1.0,2.0
7,2,28,206,3.5,7.2,.486,2.9,5.2,.556,0.6,1.9,.300,3.1,4.9,.640,5.4,2.7,1.0,0.2,1.7,5.6,10.7
7,3,28,206,5.4,11.1,.486,4.5,8.1,.556,0.9,3.0,.300,4.8,7.5,.640,8.4,4.2,1.5,0.3,2.7,8.7,16.6,,113.7,103.8
7,4,28,206,12.8,.563,.527,.270,.676,58,5.0,11.0,8.2,14.3,1.5,0.5,15.6,15.5,,0.4,0.2,0.6,.116,,0.7,0.0,0.7
8,0,35,998,103,260,.396,47,116,.405,56,144,.389,87,105,.829,7,73,80,135,33,0,79,83,349
8,1,35,28.5,2.9,7.4,.396,1.3,3.3,.405,1.6,4.1,.389,2.5,3.0,.829,2.3,3.9,0.9,0.0,2.3,2.4,10.0
8,2,35,998,4.1,10.4,.396,1.9,4.6,.405,2.2,5.8,.389,3.5,4.2,.829,3.2,5.4,1.3,0.0,3.2,3.3,14.0
8,3,35,998,6.4,16.2,.396,2.9,7.2,.405,3.5,9.0,.389,5.4,6.5,.829,5.0,8.4,2.1,0.0,4.9,5.2,21.7,,108.1,104.3
8,4,35,998,15.5,.563,.504,.554,.404,375,0.9,8.3,4.8,29.3,2.1,0.0,20.3,21.4,,2.0,1.0,3.0,.120,,3.0,-1.0,2.0
9,0,30,314,34,65,.523,34,65,.523,0,0,,27,46,.587,34,66,100,9,6,11,19,39,95
9,1,30,10.5,1.1,2.2,.523,1.1,2.2,.523,0.0,0.0,,0.9,1.5,.587,3.3,0.3,0.2,0.4,0.6,1.3,3.2
9,2,30,314,4.3,8.3,.523,4.3,8.3,.523,0.0,0.0,,3.4,5.9,.587,12.7,1.1,0.8,1.4,2.4,5.0,12.1
9,3,30,314,6.7,12.8,.523,6.7,12.8,.523,0.0,0.0,,5.3,9.1,.587,19.8,1.8,1.2,2.2,3.8,7.7,18.8,,108.3,97.2
9,4,30,314,17.8,.547,.523,.000,.708,103,13.9,23.7,19.1,6.3,1.2,4.0,17.9,18.5,,0.6,0.5,1.1,.138,,-1.2,1.9,0.7
10,0,27,152,12,31,.387,6,10,.600,6,21,.286,8,8,1.000,4,12,16,3,4,0,7,12,38
10,1,27,5.6,0.4,1.1,.387,0.2,0.4,.600,0.2,0.8,.286,0.3,0.3,1.000,0.6,0.1,0.1,0.0,0.3,0.4,1.4
10,2,27,152,3.2,8.2,.387,1.6,2.6,.600,1.6,5.5,.286,2.1,2.1,1.000,4.2,0.8,1.1,0.0,1.8,3.2,10.0
10,3,27,152,4.9,12.7,.387,2.4,4.1,.600,2.4,8.6,.286,3.3,3.3,1.000,6.5,1.2,1.6,0.0,2.9,4.9,15.5,,101.5,105.0
10,4,27,152,9.5,.546,.484,.677,.258,35,3.4,8.9,6.3,4.1,1.6,0.0,16.7,15.1,,0.1,0.1,0.3,.071,,-0.4,-1.2,-1.5
11,0,35,808,78,189,.413,55,109,.505,23,80,.288,77,97,.794,43,108,151,22,13,26,36,101,256
11,1,35,23.1,2.2,5.4,.413,1.6,3.1,.505,0.7,2.3,.288,2.2,2.8,.794,4.3,0.6,0.4,0.7,1.0,2.9,7.3
11,2,35,808,3.9,9.4,.413,2.7,5.4,.505,1.1,4.0,.288,3.8,4.8,.794,7.5,1.1,0.6,1.3,1.8,5.0,12.7
11,3,35,808,6.0,14.5,.413,4.2,8.4,.505,1.8,6.1,.288,5.9,7.5,.794,11.6,1.7,1.0,2.0,2.8,7.8,19.7,,109.9,101.5
11,4,35,808,14.7,.545,.474,.423,.513,251,6.8,15.1,11.2,5.8,1.0,3.6,13.3,18.5,,1.5,1.0,2.5,.122,,0.8,1.2,2.0
