0,0,26,667,109,261,.418,81,176,.460,28,85,.329,84,107,.785,47,96,143,32,25,5,52,52,330
0,1,26,25.7,4.2,10.0,.418,3.1,6.8,.460,1.1,3.3,.329,3.2,4.1,.785,5.5,1.2,1.0,0.2,2.0,2.0,12.7
0,2,26,667,6.5,15.7,.418,4.9,10.6,.460,1.7,5.1,.329,5.0,6.4,.785,8.6,1.9,1.5,0.3,3.1,3.1,19.8
0,3,26,667,10.2,24.4,.418,7.6,16.5,.460,2.6,8.0,.329,7.9,10.0,.785,13.4,3.0,2.3,0.5,4.9,4.9,30.9,,108.5,96.9
0,4,26,667,21.5,.529,.471,.326,.410,312,8.3,17.8,12.9,10.9,2.3,0.9,14.3,28.4,,1.6,1.2,2.8,.168,,2.5,0.6,3.1
1,0,1,0,0,0,,0,0,,0,0,,0,0,,0,0,0,0,0,0,0,0,0
1,1,1,0.0,0.0,0.0,,0.0,0.0,,0.0,0.0,,0.0,0.0,,0.0,0.0,0.0,0.0,0.0,0.0,0.0
1,2,1,0,,,,,,,,,,,,,,,,,,,
1,3,1,0,,,,,,,,,,,,,,,,,,,,,,
1,4,1,0,,,,,,,,,,,,,,,,0.0,0.0,0.0,,,-3.8,1.5,-2.3
2,0,8,56,6,16,.375,6,11,.545,0,5,.000,2,2,1.000,1,4,5,8,0,0,4,4,14
2,1,8,7.0,0.8,2.0,.375,0.8,1.4,.545,0.0,0.6,.000,0.3,0.3,1.000,0.6,1.0,0.0,0.0,0.5,0.5,1.8
2,2,8,56,4.3,11.4,.375,4.3,7.9,.545,0.0,3.6,.000,1.4,1.4,1.000,3.6,5.7,0.0,0.0,2.9,2.9,10.0
2,3,8,56,6.7,17.8,.375,6.7,12.3,.545,0.0,5.6,.000,2.2,2.2,1.000,5.6,8.9,0.0,0.0,4.5,4.5,15.6,,92.9,106.3
2,4,8,56,8.2,.413,.375,.313,.125,17,2.1,8.8,5.4,28.7,0.0,0.0,19.1,19.5,,0.0,0.0,0.1,.047,,-2.8,-2.8,-5.7
3,0,23,514,67,172,.390,38,88,.432,29,84,.345,16,21,.762,31,88,119,18,9,8,20,41,179
3,1,23,22.3,2.9,7.5,.390,1.7,3.8,.432,1.3,3.7,.345,0.7,0.9,.762,5.2,0.8,0.4,0.3,0.9,1.8,7.8
3,2,23,514,5.2,13.4,.390,3.0,6.8,.432,2.3,6.5,.345,1.2,1.6,.762,9.3,1.4,0.7,0.6,1.6,3.2,13.9
3,3,23,514,8.1,20.9,.390,4.6,10.7,.432,3.5,10.2,.345,1.9,2.6,.762,14.5,2.2,1.1,1.0,2.4,5.0,21.7,,108.5,97.8
3,4,23,514,15.8,.492,.474,.488,.122,168,7.1,21.1,14.0,7.4,1.1,1.9,9.9,20.5,,0.9,0.9,1.7,.136,,1.0,0.6,1.6
4,0,28,574,70,158,.443,34,71,.479,36,87,.414,28,40,.700,17,41,58,42,19,0,29,46,204
4,1,28,20.5,2.5,5.6,.443,1.2,2.5,.479,1.3,3.1,.414,1.0,1.4,.700,2.1,1.5,0.7,0.0,1.0,1.6,7.3
4,2,28,574,4.9,11.0,.443,2.4,4.9,.479,2.5,6.1,.414,2.0,2.8,.700,4.0,2.9,1.3,0.0,2.0,3.2,14.2
4,3,28,574,7.6,17.2,.443,3.7,7.7,.479,3.9,9.5,.414,3.0,4.4,.700,6.3,4.6,2.1,0.0,3.2,5.0,22.2,,117.3,101.7
4,4,28,574,16.3,.576,.557,.551,.253,194,3.5,8.8,6.1,15.1,2.1,0.0,14.1,18.7,,1.4,0.8,2.1,.149,,3.9,0.1,3.9
5,0,32,414,44,79,.557,44,78,.564,0,1,.000,11,25,.440,37,63,100,9,12,21,28,65,99
5,1,32,12.9,1.4,2.5,.557,1.4,2.4,.564,0.0,0.0,.000,0.3,0.8,.440,3.1,0.3,0.4,0.7,0.9,2.0,3.1
5,2,32,414,4.3,7.6,.557,4.3,7.5,.564,0.0,0.1,.000,1.1,2.4,.440,9.7,0.9,1.2,2.0,2.7,6.3,9.6
5,3,32,414,6.6,11.9,.557,6.6,11.8,.564,0.0,0.2,.000,1.7,3.8,.440,15.1,1.4,1.8,3.2,4.2,9.8,14.9,,98.0,94.6
5,4,32,414,13.7,.545,.557,.013,.316,101,10.6,18.8,14.6,4.4,1.8,6.0,23.6,14.9,,0.3,0.8,1.1,.104,,-2.0,4.6,2.6
6,0,33,979,167,379,.441,125,264,.473,42,115,.365,95,111,.856,25,82,107,83,34,1,61,38,471
6,1,33,29.7,5.1,11.5,.441,3.8,8.0,.473,1.3,3.5,.365,2.9,3.4,.856,3.2,2.5,1.0,0.0,1.8,1.2,14.3
6,2,33,979,6.8,15.5,.441,5.1,10.8,.473,1.7,4.7,.365,3.9,4.5,.856,4.4,3.4,1.4,0.0,2.5,1.6,19.2
6,3,33,979,10.7,24.2,.441,8.0,16.8,.473,2.7,7.3,.365,6.1,7.1,.856,6.8,5.3,2.2,0.1,3.9,2.4,30.0,,114.5,101.0
6,4,33,979,21.2,.545,.496,.303,.293,445,3.0,10.3,6.6,19.5,2.2,0.1,12.4,26.2,,2.9,1.4,4.3,.174,,4.1,0.1,4.3
7,0,32,951,75,173,.434,51,107,.477,24,66,.364,36,52,.692,12,61,73,116,78,1,64,60,210
7,1,32,29.7,2.3,5.4,.434,1.6,3.3,.477,0.8,2.1,.364,1.1,1.6,.692,2.3,3.6,2.4,0.0,2.0,1.9,6.6
7,2,32,951,3.2,7.3,.434,2.1,4.5,.477,1.0,2.8,.364,1.5,2.2,.692,3.1,4.9,3.3,0.0,2.7,2.5,8.8
7,3,32,951,4.9,11.4,.434,3.3,7.0,.477,1.6,4.3,.364,2.4,3.4,.692,4.8,7.6,5.1,0.1,4.2,3.9,13.8,,103.4,95.3
7,4,32,951,14.5,.531,.503,.382,.301,241,1.5,7.9,4.6,23.2,5.1,0.1,24.5,14.3,,1.0,1.8,2.8,.117,,1.6,3.5,5.1
8,0,31,690,110,214,.514,110,214,.514,0,0,,72,107,.673,85,83,168,8,22,85,47,114,292
8,1,31,22.3,3.5,6.9,.514,3.5,6.9,.514,0.0,0.0,,2.3,3.5,.673,5.4,0.3,0.7,2.7,1.5,3.7,9.4
8,2,31,690,6.4,12.4,.514,6.4,12.4,.514,0.0,0.0,,4.2,6.2,.673,9.7,0.5,1.3,4.9,2.7,6.6,16.9
8,3,31,690,10.0,19.4,.514,10.0,19.4,.514,0.0,0.0,,6.5,9.7,.673,15.2,0.7,2.0,7.7,4.3,10.3,26.4,,110.4,91.5
8,4,31,690,24.7,.551,.514,.000,.500,281,14.5,14.9,14.7,2.6,2.0,14.7,15.1,23.5,,1.6,1.6,3.2,.183,,-0.2,7.5,7.3
9,0,28,331,30,77,.390,1,6,.167,29,71,.408,4,5,.800,3,28,31,15,8,1,8,15,93
9,1,28,11.8,1.1,2.8,.390,0.0,0.2,.167,1.0,2.5,.408,0.1,0.2,.800,1.1,0.5,0.3,0.0,0.3,0.5,3.3
9,2,28,331,3.6,9.3,.390,0.1,0.7,.167,3.5,8.6,.408,0.5,0.6,.800,3.7,1.8,1.0,0.1,1.0,1.8,11.2
9,3,28,331,5.7,14.5,.390,0.2,1.1,.167,5.5,13.4,.408,0.8,0.9,.800,5.8,2.8,1.5,0.2,1.5,2.8,17.5,,125.1,102.2
9,4,28,331,13.2,.586,.578,.922,.065,82,1.1,10.4,5.7,8.8,1.5,0.4,9.2,13.7,,0.7,0.4,1.1,.135,,3.2,-0.3,2.9
10,0,33,654,69,192,.359,61,152,.401,8,40,.200,52,91,.571,47,89,136,24,8,8,64,102,198
10,1,33,19.8,2.1,5.8,.359,1.8,4.6,.401,0.2,1.2,.200,1.6,2.8,.571,4.1,0.7,0.2,0.2,1.9,3.1,6.0
10,2,33,654,4.2,11.7,.359,3.7,9.3,.401,0.5,2.4,.200,3.2,5.6,.571,8.3,1.5,0.5,0.5,3.9,6.2,12.1
10,3,33,654,6.6,18.3,.359,5.8,14.5,.401,0.8,3.8,.200,5.0,8.7,.571,13.0,2.3,0.8,0.8,6.1,9.7,18.9,,82.9,100.1
10,4,33,654,6.8,.421,.380,.208,.474,203,8.5,16.8,12.6,7.3,0.8,1.5,21.4,23.8,,-0.5,1.0,0.4,.027,,-5.0,0.2,-4.7
11,0,25,232,13,22,.591,13,21,.619,0,1,.000,6,9,.667,19,30,49,4,6,7,14,38,32
11,1,25,9.3,0.5,0.9,.591,0.5,0.8,.619,0.0,0.0,.000,0.2,0.4,.667,2.0,0.2,0.2,0.3,0.6,1.5,1.3
11,2,25,232,2.2,3.8,.591,2.2,3.6,.619,0.0,0.2,.000,1.0,1.6,.667,8.4,0.7,1.0,1.2,2.4,6.6,5.5
11,3,25,232,3.5,5.9,.591,3.5,5.7,.619,0.0,0.3,.000,1.6,2.4,.667,13.2,1.1,1.6,1.9,3.8,10.2,8.6,,97.2,97.4
11,4,25,232,8.9,.609,.591,.045,.409,37,9.7,16.0,12.7,3.1,1.6,3.6,34.8,9.0,,0.1,0.4,0.5,.084,,-1.8,3.6,1.8
12,0,5,13,3,4,.750,3,4,.750,0,0,,0,2,.000,1,1,2,0,1,0,1,2,6
12,1,5,2.6,0.6,0.8,.750,0.6,0.8,.750,0.0,0.0,,0.0,0.4,.000,0.4,0.0,0.2,0.0,0.2,0.4,1.2
12,2,5,13,9.2,12.3,.750,9.2,12.3,.750,0.0,0.0,,0.0,6.2,.000,6.2,0.0,3.1,0.0,3.1,6.2,18.5
12,3,5,13,14.4,19.2,.750,14.4,19.2,.750,0.0,0.0,,0.0,9.6,.000,9.6,0.0,4.8,0.0,4.8,9.6,28.8,,95.6,94.9
12,4,5,13,20.7,.606,.750,.000,.500,4,9.1,9.5,9.3,0.0,4.8,0.0,16.8,23.8,,0.0,0.0,0.0,.103,,-0.7,-1.5,-2.3
13,0,31,601,45,96,.469,37,69,.536,8,27,.296,41,53,.774,24,44,68,29,18,5,27,55,139
13,1,31,19.4,1.5,3.1,.469,1.2,2.2,.536,0.3,0.9,.296,1.3,1.7,.774,2.2,0.9,0.6,0.2,0.9,1.8,4.5
13,2,31,601,3.0,6.4,.469,2.5,4.6,.536,0.5,1.8,.296,2.7,3.5,.774,4.5,1.9,1.2,0.3,1.8,3.7,9.3
13,3,31,601,4.7,10.0,.469,3.8,7.2,.536,0.8,2.8,.296,4.3,5.5,.774,7.1,3.0,1.9,0.5,2.8,5.7,14.4,,113.6,101.4
13,4,31,601,12.0,.574,.510,.281,.552,142,4.7,9.0,6.8,9.1,1.9,1.0,18.2,12.8,,0.9,0.8,1.7,.114,,1.0,1.9,2.9
