0,0,26,812,71,145,.490,53,94,.564,18,51,.353,63,81,.778,19,58,77,127,28,1,56,54,223
0,1,26,31.2,2.7,5.6,.490,2.0,3.6,.564,0.7,2.0,.353,2.4,3.1,.778,3.0,4.9,1.1,0.0,2.2,2.1,8.6
0,2,26,812,3.5,7.1,.490,2.6,4.6,.564,0.9,2.5,.353,3.1,4.0,.778,3.8,6.3,1.4,0.0,2.8,2.7,11.0
0,3,26,812,5.0,10.3,.490,3.8,6.7,.564,1.3,3.6,.353,4.5,5.7,.778,5.5,9.0,2.0,0.1,4.0,3.8,15.8,,116.9,110.3
0,4,26,812,15.5,.608,.552,.352,.559,275,2.9,8.2,5.6,27.8,2.0,0.1,23.4,15.1,,1.8,0.4,2.2,.107,,1.1,-3.6,-2.5
1,0,14,105,7,18,.389,7,18,.389,0,0,,3,6,.500,5,16,21,0,1,0,1,10,17
1,1,14,7.5,0.5,1.3,.389,0.5,1.3,.389,0.0,0.0,,0.2,0.4,.500,1.5,0.0,0.1,0.0,0.1,0.7,1.2
1,2,14,105,2.7,6.9,.389,2.7,6.9,.389,0.0,0.0,,1.1,2.3,.500,8.0,0.0,0.4,0.0,0.4,3.8,6.5
1,3,14,105,3.8,9.9,.389,3.8,9.9,.389,0.0,0.0,,1.6,3.3,.500,11.5,0.0,0.5,0.0,0.5,5.5,9.3,,96.5,109.7
1,4,14,105,6.4,.408,.389,.000,.333,18,5.8,17.5,11.9,0.0,0.5,0.0,4.6,10.6,,0.0,0.1,0.1,.035,,-6.8,-6.6,-13.4
2,0,20,71,1,11,.091,1,11,.091,0,0,,1,7,.143,8,16,24,0,3,2,2,18,3
2,1,20,3.6,0.1,0.6,.091,0.1,0.6,.091,0.0,0.0,,0.1,0.4,.143,1.2,0.0,0.2,0.1,0.1,0.9,0.2
2,2,20,71,0.6,6.2,.091,0.6,6.2,.091,0.0,0.0,,0.6,3.9,.143,13.5,0.0,1.7,1.1,1.1,10.1,1.7
2,3,20,71,0.8,8.9,.091,0.8,8.9,.091,0.0,0.0,,0.8,5.7,.143,19.4,0.0,2.4,1.6,1.6,14.6,2.4,,54.8,100.0
2,4,20,71,1.0,.105,.091,.000,.636,8,13.8,25.9,20.0,0.0,2.4,2.7,12.3,11.8,,-0.2,0.1,0.0,-.025,,-11.6,-4.1,-15.8
3,0,7,9,1,1,1.000,0,0,,1,1,1.000,3,3,1.000,2,1,3,1,0,0,1,0,6
3,1,7,1.3,0.1,0.1,1.000,0.0,0.0,,0.1,0.1,1.000,0.4,0.4,1.000,0.4,0.1,0.0,0.0,0.1,0.0,0.9
3,2,7,9,4.4,4.4,1.000,0.0,0.0,,4.4,4.4,1.000,13.3,13.3,1.000,13.3,4.4,0.0,0.0,4.4,0.0,26.7
3,3,7,9,6.4,6.4,1.000,0.0,0.0,,6.4,6.4,1.000,19.2,19.2,1.000,19.2,6.4,0.0,0.0,6.4,0.0,38.3,,183.2,113.2
3,4,7,9,45.5,1.237,1.500,1.000,3.000,7,27.2,12.8,19.8,20.6,0.0,0.0,29.2,19.5,,0.1,0.0,0.1,.432,,20.3,-6.1,14.2
4,0,28,667,121,216,.560,121,213,.568,0,3,.000,45,86,.523,54,81,135,14,18,26,33,91,287
4,1,28,23.8,4.3,7.7,.560,4.3,7.6,.568,0.0,0.1,.000,1.6,3.1,.523,4.8,0.5,0.6,0.9,1.2,3.3,10.3
4,2,28,667,7.3,13.0,.560,7.3,12.8,.568,0.0,0.2,.000,2.7,5.2,.523,8.1,0.8,1.1,1.6,2.0,5.5,17.2
4,3,28,667,10.4,18.6,.560,10.4,18.4,.568,0.0,0.3,.000,3.9,7.4,.523,11.6,1.2,1.6,2.2,2.8,7.8,24.7,,110.9,106.6
4,4,28,667,19.3,.559,.560,.014,.398,274,9.9,14.0,12.0,4.5,1.6,3.8,11.4,22.2,,1.5,0.6,2.0,.121,,-1.7,-2.5,-4.2
5,0,27,219,18,55,.327,16,48,.333,2,7,.286,3,8,.375,13,26,39,3,3,7,4,41,41
5,1,27,8.1,0.7,2.0,.327,0.6,1.8,.333,0.1,0.3,.286,0.1,0.3,.375,1.4,0.1,0.1,0.3,0.1,1.5,1.5
5,2,27,219,3.3,10.0,.327,2.9,8.8,.333,0.4,1.3,.286,0.5,1.5,.375,7.1,0.5,0.5,1.3,0.7,7.5,7.5
5,3,27,219,4.7,14.4,.327,4.2,12.6,.333,0.5,1.8,.286,0.8,2.1,.375,10.2,0.8,0.8,1.8,1.1,10.8,10.8,,85.1,108.6
5,4,27,219,5.2,.349,.345,.127,.145,45,7.3,13.7,10.6,2.4,0.8,3.1,6.4,14.7,,-0.1,0.1,0.1,.013,,-6.8,-3.4,-10.2
6,0,27,984,133,269,.494,76,134,.567,57,135,.422,86,117,.735,26,148,174,56,26,19,41,60,409
6,1,27,36.4,4.9,10.0,.494,2.8,5.0,.567,2.1,5.0,.422,3.2,4.3,.735,6.4,2.1,1.0,0.7,1.5,2.2,15.1
6,2,27,984,5.4,10.9,.494,3.1,5.4,.567,2.3,5.5,.422,3.5,4.8,.735,7.1,2.3,1.1,0.8,1.7,2.4,16.6
6,3,27,984,7.8,15.7,.494,4.4,7.8,.567,3.3,7.9,.422,5.0,6.8,.735,10.2,3.3,1.5,1.1,2.4,3.5,23.9,,124.0,106.8
6,4,27,984,20.4,.630,.600,.502,.435,381,3.2,17.3,10.5,11.0,1.5,1.9,11.2,19.0,,2.9,0.8,3.8,.153,,3.3,-2.0,1.3
7,0,22,232,14,27,.519,14,26,.538,0,1,.000,5,10,.500,5,12,17,5,7,1,6,21,33
7,1,22,10.5,0.6,1.2,.519,0.6,1.2,.538,0.0,0.0,.000,0.2,0.5,.500,0.8,0.2,0.3,0.0,0.3,1.0,1.5
7,2,22,232,2.4,4.7,.519,2.4,4.5,.538,0.0,0.2,.000,0.9,1.7,.500,2.9,0.9,1.2,0.2,1.0,3.6,5.7
7,3,22,232,3.5,6.7,.519,3.5,6.4,.538,0.0,0.2,.000,1.2,2.5,.500,4.2,1.2,1.7,0.2,1.5,5.2,8.2,,100.7,111.5
7,4,22,232,6.1,.520,.519,.037,.370,33,2.6,6.0,4.3,3.7,1.7,0.4,15.9,8.3,,0.1,0.1,0.2,.033,,-3.4,-2.5,-6.0
8,0,28,663,64,143,.448,39,76,.513,25,67,.373,51,72,.708,24,96,120,22,32,25,27,72,204
8,1,28,23.7,2.3,5.1,.448,1.4,2.7,.513,0.9,2.4,.373,1.8,2.6,.708,4.3,0.8,1.1,0.9,1.0,2.6,7.3
8,2,28,663,3.9,8.6,.448,2.4,4.6,.513,1.5,4.0,.373,3.1,4.3,.708,7.2,1.3,1.9,1.5,1.6,4.3,12.3
8,3,28,663,5.6,12.4,.448,3.4,6.6,.513,2.2,5.8,.373,4.4,6.2,.708,10.4,1.9,2.8,2.2,2.3,6.2,17.7,,113.5,103.1
8,4,28,663,16.2,.576,.535,.469,.503,197,4.4,16.7,10.7,6.0,2.8,3.7,13.2,15.8,,1.1,0.8,1.9,.117,,-0.1,-0.1,-0.2
9,0,20,154,13,21,.619,13,21,.619,0,0,,2,6,.333,13,19,32,7,7,5,4,20,28
9,1,20,7.7,0.7,1.1,.619,0.7,1.1,.619,0.0,0.0,,0.1,0.3,.333,1.6,0.4,0.4,0.3,0.2,1.0,1.4
9,2,20,154,3.4,5.5,.619,3.4,5.5,.619,0.0,0.0,,0.5,1.6,.333,8.3,1.8,1.8,1.3,1.0,5.2,7.3
9,3,20,154,4.9,7.8,.619,4.9,7.8,.619,0.0,0.0,,0.7,2.2,.333,11.9,2.6,2.6,1.9,1.5,7.5,10.5,,125.6,104.6
9,4,20,154,14.5,.587,.619,.000,.286,35,10.3,14.2,12.3,8.0,2.6,3.2,14.4,9.2,,0.3,0.2,0.4,.115,,-0.5,0.4,-0.1
10,0,28,1046,188,410,.459,143,279,.513,45,131,.344,196,243,.807,42,126,168,84,71,37,75,85,617
10,1,28,37.4,6.7,14.6,.459,5.1,10.0,.513,1.6,4.7,.344,7.0,8.7,.807,6.0,3.0,2.5,1.3,2.7,3.0,22.0
10,2,28,1046,7.2,15.7,.459,5.5,10.7,.513,1.7,5.0,.344,7.5,9.3,.807,6.4,3.2,2.7,1.4,2.9,3.3,23.6
10,3,28,1046,10.3,22.5,.459,7.9,15.3,.513,2.5,7.2,.344,10.8,13.4,.807,9.2,4.6,3.9,2.0,4.1,4.7,33.9,,117.7,101.9
10,4,28,1046,28.2,.587,.513,.320,.593,600,4.9,13.9,9.5,17.1,3.9,3.4,12.5,29.4,,4.0,1.4,5.3,.204,,4.2,0.0,4.2
11,0,26,787,117,270,.433,71,144,.493,46,126,.365,82,96,.854,13,45,58,48,25,1,61,44,362
11,1,26,30.3,4.5,10.4,.433,2.7,5.5,.493,1.8,4.8,.365,3.2,3.7,.854,2.2,1.8,1.0,0.0,2.3,1.7,13.9
11,2,26,787,5.9,13.7,.433,3.6,7.3,.493,2.3,6.4,.365,4.2,4.9,.854,2.9,2.4,1.3,0.1,3.1,2.2,18.4
11,3,26,787,8.5,19.7,.433,5.2,10.5,.493,3.4,9.2,.365,6.0,7.0,.854,4.2,3.5,1.8,0.1,4.5,3.2,26.4,,106.5,111.4
11,4,26,787,16.2,.574,.519,.467,.356,335,2.0,6.6,4.4,12.2,1.8,0.1,16.2,24.5,,1.5,0.3,1.8,.090,,0.4,-4.9,-4.5
