0,0,13,31,1,9,.111,0,3,.000,1,6,.167,2,4,.500,1,3,4,1,0,1,1,0,5
0,1,13,2.4,0.1,0.7,.111,0.0,0.2,.000,0.1,0.5,.167,0.2,0.3,.500,0.3,0.1,0.0,0.1,0.1,0.0,0.4
0,2,13,31,1.3,11.6,.111,0.0,3.9,.000,1.3,7.7,.167,2.6,5.2,.500,5.2,1.3,0.0,1.3,1.3,0.0,6.5
0,3,13,31,2.0,17.8,.111,0.0,5.9,.000,2.0,11.9,.167,4.0,7.9,.500,7.9,2.0,0.0,2.0,2.0,0.0,9.9,,61.2,109.8
0,4,13,31,0.5,.229,.167,.667,.444,6,4.0,12.2,8.1,5.5,0.0,3.9,8.4,20.3,,-0.1,0.0,-0.1,-.079,,-6.4,-1.2,-7.6
1,0,27,165,9,19,.474,9,16,.563,0,3,.000,8,17,.471,14,17,31,6,3,3,9,44,26
1,1,27,6.1,0.3,0.7,.474,0.3,0.6,.563,0.0,0.1,.000,0.3,0.6,.471,1.1,0.2,0.1,0.1,0.3,1.6,1.0
1,2,27,165,2.2,4.6,.474,2.2,3.9,.563,0.0,0.7,.000,1.9,4.1,.471,7.5,1.5,0.7,0.7,2.2,10.7,6.3
1,3,27,165,3.3,7.1,.474,3.3,5.9,.563,0.0,1.1,.000,3.0,6.3,.471,11.5,2.2,1.1,1.1,3.3,16.3,9.7,,96.3,106.3
1,4,27,165,5.9,.480,.474,.158,.895,33,10.5,13.0,11.7,6.5,1.1,2.2,24.9,11.6,,0.1,0.1,0.2,.050,,-0.7,1.9,1.2
2,0,18,360,51,131,.389,25,47,.532,26,84,.310,21,26,.808,8,35,43,21,4,3,26,39,149
2,1,18,20.0,2.8,7.3,.389,1.4,2.6,.532,1.4,4.7,.310,1.2,1.4,.808,2.4,1.2,0.2,0.2,1.4,2.2,8.3
2,2,18,360,5.7,14.6,.389,2.8,5.2,.532,2.9,9.3,.310,2.3,2.9,.808,4.8,2.3,0.4,0.3,2.9,4.3,16.6
2,3,18,360,8.7,22.3,.389,4.3,8.0,.532,4.4,14.3,.310,3.6,4.4,.808,7.3,3.6,0.7,0.5,4.4,6.6,25.4,,101.0,109.1
2,4,18,360,13.2,.520,.489,.641,.198,137,2.7,12.3,7.5,12.3,0.7,1.0,15.4,24.9,,0.5,0.2,0.7,.074,,2.2,-1.6,0.6
3,0,31,480,64,125,.512,61,108,.565,3,17,.176,21,32,.656,32,82,114,8,14,8,25,68,152
3,1,31,15.5,2.1,4.0,.512,2.0,3.5,.565,0.1,0.5,.176,0.7,1.0,.656,3.7,0.3,0.5,0.3,0.8,2.2,4.9
3,2,31,480,5.3,10.4,.512,5.1,9.0,.565,0.3,1.4,.176,1.8,2.7,.656,9.5,0.7,1.2,0.7,2.1,5.7,12.7
3,3,31,480,8.2,16.0,.512,7.8,13.8,.565,0.4,2.2,.176,2.7,4.1,.656,14.6,1.0,1.8,1.0,3.2,8.7,19.4,,104.9,102.2
3,4,31,480,15.1,.542,.524,.136,.256,143,8.2,21.6,14.8,3.5,1.8,2.0,15.1,18.2,,0.6,0.6,1.2,.101,,-0.3,0.9,0.6
4,0,10,23,0,3,.000,0,3,.000,0,0,,3,4,.750,3,4,7,0,0,0,2,1,3
4,1,10,2.3,0.0,0.3,.000,0.0,0.3,.000,0.0,0.0,,0.3,0.4,.750,0.7,0.0,0.0,0.0,0.2,0.1,0.3
4,2,10,23,0.0,5.2,.000,0.0,5.2,.000,0.0,0.0,,5.2,7.0,.750,12.2,0.0,0.0,0.0,3.5,1.7,5.2
4,3,10,23,0.0,8.0,.000,0.0,8.0,.000,0.0,0.0,,8.0,10.7,.750,18.7,0.0,0.0,0.0,5.3,2.7,8.0,,71.6,107.5
4,4,10,23,3.7,.306,.000,.000,1.333,4,16.1,22.0,19.0,0.0,0.0,0.0,29.0,15.9,,0.0,0.0,0.0,-.029,,-8.4,-4.7,-13.0
5,0,32,999,123,255,.482,68,122,.557,55,133,.414,52,57,.912,9,63,72,94,29,6,54,62,353
5,1,32,31.2,3.8,8.0,.482,2.1,3.8,.557,1.7,4.2,.414,1.6,1.8,.912,2.3,2.9,0.9,0.2,1.7,1.9,11.0
5,2,32,999,4.9,10.2,.482,2.7,4.9,.557,2.2,5.3,.414,2.1,2.3,.912,2.9,3.8,1.2,0.2,2.2,2.5,14.1
5,3,32,999,7.5,15.6,.482,4.2,7.5,.557,3.4,8.2,.414,3.2,3.5,.912,4.4,5.8,1.8,0.4,3.3,3.8,21.7,,120.2,108.7
5,4,32,999,17.2,.626,.590,.522,.224,340,1.1,8.0,4.5,19.2,1.8,0.7,16.1,17.8,,2.6,0.6,3.2,.128,,5.5,0.1,5.6
6,0,28,789,128,286,.448,111,229,.485,17,57,.298,78,116,.672,12,79,91,89,27,7,83,59,351
6,1,28,28.2,4.6,10.2,.448,4.0,8.2,.485,0.6,2.0,.298,2.8,4.1,.672,3.3,3.2,1.0,0.3,3.0,2.1,12.5
6,2,28,789,6.5,14.5,.448,5.6,11.6,.485,0.9,2.9,.298,4.0,5.9,.672,4.6,4.5,1.4,0.4,4.2,3.0,17.8
6,3,28,789,9.9,22.2,.448,8.6,17.8,.485,1.3,4.4,.298,6.1,9.0,.672,7.1,6.9,2.1,0.5,6.4,4.6,27.3,,97.7,105.9
6,4,28,789,16.8,.515,.477,.199,.406,350,1.9,12.6,7.2,25.0,2.1,1.1,19.6,28.4,,0.9,0.7,1.6,.079,,0.9,0.9,1.7
7,0,27,175,9,20,.450,6,12,.500,3,8,.375,12,14,.857,2,12,14,18,12,0,13,22,33
7,1,27,6.5,0.3,0.7,.450,0.2,0.4,.500,0.1,0.3,.375,0.4,0.5,.857,0.5,0.7,0.4,0.0,0.5,0.8,1.2
7,2,27,175,2.1,4.6,.450,1.4,2.7,.500,0.7,1.8,.375,2.7,3.2,.857,3.2,4.1,2.7,0.0,3.0,5.0,7.5
7,3,27,175,3.2,7.0,.450,2.1,4.2,.500,1.1,2.8,.375,4.2,4.9,.857,4.9,6.3,4.2,0.0,4.6,7.7,11.6,,103.7,103.0
7,4,27,175,11.3,.619,.525,.400,.700,39,1.4,8.7,5.0,18.3,4.2,0.0,32.8,12.0,,0.2,0.2,0.4,.082,,0.9,2.0,2.9
8,0,32,576,88,161,.547,80,135,.593,8,26,.308,52,85,.612,51,68,119,28,34,7,44,69,236
8,1,32,18.0,2.8,5.0,.547,2.5,4.2,.593,0.3,0.8,.308,1.6,2.7,.612,3.7,0.9,1.1,0.2,1.4,2.2,7.4
8,2,32,576,6.1,11.2,.547,5.6,9.4,.593,0.6,1.8,.308,3.6,5.9,.612,8.3,1.9,2.4,0.5,3.1,4.8,16.4
8,3,32,576,9.4,17.1,.547,8.5,14.4,.593,0.9,2.8,.308,5.5,9.0,.612,12.7,3.0,3.6,0.7,4.7,7.3,25.1,,110.6,101.2
8,4,32,576,21.5,.586,.571,.161,.528,233,10.9,14.9,12.9,10.5,3.6,1.5,17.9,22.5,,1.3,0.8,2.1,.145,,3.9,2.7,6.6
9,0,32,583,36,61,.590,36,61,.590,0,0,,8,23,.348,48,73,121,22,5,23,17,94,80
9,1,32,18.2,1.1,1.9,.590,1.1,1.9,.590,0.0,0.0,,0.3,0.7,.348,3.8,0.7,0.2,0.7,0.5,2.9,2.5
9,2,32,583,2.5,4.2,.590,2.5,4.2,.590,0.0,0.0,,0.5,1.6,.348,8.3,1.5,0.3,1.6,1.2,6.4,5.5
9,3,32,583,3.8,6.4,.590,3.8,6.4,.590,0.0,0.0,,0.8,2.4,.348,12.7,2.3,0.5,2.4,1.8,9.9,8.4,,116.5,105.9
9,4,32,583,10.3,.556,.590,.000,.377,102,10.2,15.8,13.0,6.8,0.5,4.8,19.1,8.1,,0.7,0.5,1.2,.083,,1.2,4.1,5.3
10,0,32,716,44,96,.458,40,78,.513,4,18,.222,30,40,.750,27,70,97,55,34,9,49,81,122
10,1,32,22.4,1.4,3.0,.458,1.3,2.4,.513,0.1,0.6,.222,0.9,1.3,.750,3.0,1.7,1.1,0.3,1.5,2.5,3.8
10,2,32,716,2.5,5.4,.458,2.2,4.4,.513,0.2,1.0,.222,1.7,2.2,.750,5.4,3.1,1.9,0.5,2.7,4.5,6.8
10,3,32,716,3.8,8.2,.458,3.4,6.7,.513,0.3,1.5,.222,2.6,3.4,.750,8.3,4.7,2.9,0.8,4.2,6.9,10.4,,95.7,103.8
10,4,32,716,10.0,.530,.479,.188,.417,147,4.7,12.3,8.5,13.9,2.9,1.5,29.9,12.1,,0.3,0.8,1.1,.059,,0.4,3.9,4.3
11,0,28,229,30,78,.385,3,6,.500,27,72,.375,8,9,.889,3,11,14,7,3,0,1,15,95
11,1,28,8.2,1.1,2.8,.385,0.1,0.2,.500,1.0,2.6,.375,0.3,0.3,.889,0.5,0.3,0.1,0.0,0.0,0.5,3.4
11,2,28,229,5.2,13.6,.385,0.5,1.0,.500,4.7,12.6,.375,1.4,1.6,.889,2.4,1.2,0.5,0.0,0.2,2.6,16.6
11,3,28,229,8.0,20.9,.385,0.8,1.6,.500,7.2,19.3,.375,2.1,2.4,.889,3.7,1.9,0.8,0.0,0.3,4.0,25.4,,130.3,112.0
11,4,28,229,16.7,.577,.558,.923,.115,80,1.6,6.1,3.8,6.3,0.8,0.0,1.2,19.2,,0.7,0.1,0.8,.142,,6.7,-3.7,2.9
12,0,32,443,62,128,.484,55,105,.524,7,23,.304,24,37,.649,31,36,67,12,14,5,27,61,155
12,1,32,13.8,1.9,4.0,.484,1.7,3.3,.524,0.2,0.7,.304,0.8,1.2,.649,2.1,0.4,0.4,0.2,0.8,1.9,4.8
12,2,32,443,5.6,11.6,.484,5.0,9.5,.524,0.6,2.1,.304,2.2,3.3,.649,6.0,1.1,1.3,0.5,2.4,5.5,14.0
12,3,32,443,8.6,17.7,.484,7.6,14.5,.524,1.0,3.2,.304,3.3,5.1,.649,9.3,1.7,1.9,0.7,3.7,8.4,21.4,,103.5,106.7
12,4,32,443,14.2,.532,.512,.180,.289,148,8.6,10.3,9.4,5.7,1.9,1.4,15.6,20.6,,0.6,0.3,1.0,.086,,0.8,0.2,1.0
13,0,29,845,143,339,.422,106,242,.438,37,97,.381,140,166,.843,41,115,156,32,22,12,55,67,463
13,1,29,29.1,4.9,11.7,.422,3.7,8.3,.438,1.3,3.3,.381,4.8,5.7,.843,5.4,1.1,0.8,0.4,1.9,2.3,16.0
13,2,29,845,6.8,16.0,.422,5.0,11.5,.438,1.8,4.6,.381,6.6,7.9,.843,7.4,1.5,1.0,0.6,2.6,3.2,21.9
13,3,29,845,10.4,24.6,.422,7.7,17.6,.438,2.7,7.0,.381,10.2,12.0,.843,11.3,2.3,1.6,0.9,4.0,4.9,33.6,,113.1,104.9
13,4,29,845,23.1,.554,.476,.286,.490,425,6.0,17.2,11.5,8.5,1.6,1.7,11.6,29.6,,2.7,0.8,3.5,.165,,3.5,-0.4,3.0
14,0,9,11,1,2,.500,0,0,,1,2,.500,0,2,.000,1,1,2,0,0,0,0,2,3
14,1,9,1.2,0.1,0.2,.500,0.0,0.0,,0.1,0.2,.500,0.0,0.2,.000,0.2,0.0,0.0,0.0,0.0,0.2,0.3
14,2,9,11,3.6,7.3,.500,0.0,0.0,,3.6,7.3,.500,0.0,7.3,.000,7.3,0.0,0.0,0.0,0.0,7.3,10.9
14,3,9,11,5.6,11.1,.500,0.0,0.0,,5.6,11.1,.500,0.0,11.1,.000,11.1,0.0,0.0,0.0,0.0,11.1,16.7,,111.6,111.0
14,4,9,11,10.0,.508,.750,1.000,1.000,3,11.2,11.5,11.3,0.0,0.0,0.0,0.0,14.2,,0.0,0.0,0.0,.074,,3.6,-6.0,-2.4
