0,0,32,267,28,63,.444,22,48,.458,6,15,.400,33,42,.786,12,18,30,15,6,1,16,18,95
0,1,32,8.3,0.9,2.0,.444,0.7,1.5,.458,0.2,0.5,.400,1.0,1.3,.786,0.9,0.5,0.2,0.0,0.5,0.6,3.0
0,2,32,267,4.2,9.4,.444,3.3,7.2,.458,0.9,2.2,.400,4.9,6.3,.786,4.5,2.2,0.9,0.1,2.4,2.7,14.2
0,3,32,267,6.3,14.1,.444,4.9,10.7,.458,1.3,3.4,.400,7.4,9.4,.786,6.7,3.4,1.3,0.2,3.6,4.0,21.3,,115.5,105.3
0,4,32,267,15.4,.573,.492,.238,.667,96,6.0,7.8,6.9,10.1,1.3,0.4,16.2,19.1,,0.6,0.2,0.9,.132,,3.1,-0.5,2.6
1,0,16,24,3,6,.500,2,2,1.000,1,4,.250,0,2,.000,0,3,3,2,1,0,1,2,7
1,1,16,1.5,0.2,0.4,.500,0.1,0.1,1.000,0.1,0.3,.250,0.0,0.1,.000,0.2,0.1,0.1,0.0,0.1,0.1,0.4
1,2,16,24,5.0,10.0,.500,3.3,3.3,1.000,1.7,6.7,.250,0.0,3.3,.000,5.0,3.3,1.7,0.0,1.7,3.3,11.7
1,3,16,24,7.5,14.9,.500,5.0,5.0,1.000,2.5,10.0,.250,0.0,5.0,.000,7.5,5.0,2.5,0.0,2.5,5.0,17.4,,101.6,99.9
1,4,16,24,13.0,.504,.583,.667,.333,7,0.0,14.4,7.7,15.6,2.5,0.0,12.6,17.0,,0.0,0.0,0.1,.096,,3.0,0.4,3.3
2,0,34,418,53,107,.495,37,78,.474,16,29,.552,22,38,.579,18,62,80,13,6,10,22,43,144
2,1,34,12.3,1.6,3.1,.495,1.1,2.3,.474,0.5,0.9,.552,0.6,1.1,.579,2.4,0.4,0.2,0.3,0.6,1.3,4.2
2,2,34,418,5.1,10.2,.495,3.5,7.5,.474,1.5,2.8,.552,2.1,3.6,.579,7.7,1.2,0.6,1.0,2.1,4.1,13.8
2,3,34,418,7.6,15.3,.495,5.3,11.2,.474,2.3,4.1,.552,3.1,5.4,.579,11.4,1.9,0.9,1.4,3.1,6.1,20.6,,111.2,101.0
2,4,34,418,15.2,.576,.570,.271,.355,132,5.7,17.1,11.8,5.8,0.9,2.5,15.0,18.1,,0.8,0.5,1.3,.126,,2.2,0.9,3.1
3,0,16,77,7,16,.438,5,8,.625,2,8,.250,4,5,.800,4,10,14,1,2,1,2,12,20
3,1,16,4.8,0.4,1.0,.438,0.3,0.5,.625,0.1,0.5,.250,0.3,0.3,.800,0.9,0.1,0.1,0.1,0.1,0.8,1.3
3,2,16,77,3.6,8.3,.438,2.6,4.2,.625,1.0,4.2,.250,2.1,2.6,.800,7.3,0.5,1.0,0.5,1.0,6.2,10.4
3,3,16,77,5.4,12.4,.438,3.9,6.2,.625,1.6,6.2,.250,3.1,3.9,.800,10.9,0.8,1.6,0.8,1.6,9.3,15.5,,118.0,100.7
3,4,16,77,12.0,.544,.500,.500,.313,19,6.9,15.0,11.2,2.3,1.6,1.4,9.8,13.6,,0.1,0.1,0.2,.125,,2.8,0.2,2.9
4,0,10,16,0,2,.000,0,2,.000,0,0,,0,2,.000,2,0,2,1,1,1,1,3,0
4,1,10,1.6,0.0,0.2,.000,0.0,0.2,.000,0.0,0.0,,0.0,0.2,.000,0.2,0.1,0.1,0.1,0.1,0.3,0.0
4,2,10,16,0.0,5.0,.000,0.0,5.0,.000,0.0,0.0,,0.0,5.0,.000,5.0,2.5,2.5,2.5,2.5,7.5,0.0
4,3,10,16,0.0,7.5,.000,0.0,7.5,.000,0.0,0.0,,0.0,7.5,.000,7.5,3.7,3.7,3.7,3.7,11.2,0.0,,47.0,99.5
4,4,10,16,-0.8,.000,.000,.000,1.000,2,16.6,0.0,7.7,9.5,3.7,6.6,25.3,12.7,,0.0,0.0,0.0,-.062,,-4.0,6.9,2.9
5,0,36,1083,143,284,.504,71,138,.514,72,146,.493,62,69,.899,10,79,89,120,38,2,76,68,420
5,1,36,30.1,4.0,7.9,.504,2.0,3.8,.514,2.0,4.1,.493,1.7,1.9,.899,2.5,3.3,1.1,0.1,2.1,1.9,11.7
5,2,36,1083,5.3,10.5,.504,2.6,5.1,.514,2.7,5.4,.493,2.3,2.5,.899,3.3,4.4,1.4,0.1,2.8,2.5,15.5
5,3,36,1083,7.9,15.7,.504,3.9,7.6,.514,4.0,8.1,.493,3.4,3.8,.899,4.9,6.6,2.1,0.1,4.2,3.8,23.2,,122.6,103.4
5,4,36,1083,18.9,.663,.630,.514,.243,410,1.2,8.4,5.1,21.0,2.1,0.2,19.3,18.7,,3.3,1.1,4.4,.164,,7.4,0.5,7.9
6,0,30,735,72,172,.419,62,139,.446,10,33,.303,71,94,.755,19,68,87,95,21,8,73,54,225
6,1,30,24.5,2.4,5.7,.419,2.1,4.6,.446,0.3,1.1,.303,2.4,3.1,.755,2.9,3.2,0.7,0.3,2.4,1.8,7.5
6,2,30,735,3.9,9.4,.419,3.4,7.6,.446,0.5,1.8,.303,3.9,5.1,.755,4.7,5.2,1.1,0.4,4.0,2.9,12.2
6,3,30,735,5.9,14.0,.419,5.0,11.3,.446,0.8,2.7,.303,5.8,7.6,.755,7.1,7.7,1.7,0.7,5.9,4.4,18.3,,99.9,102.8
6,4,30,735,13.2,.519,.448,.192,.547,259,3.4,10.7,7.3,23.0,1.7,1.2,25.2,20.3,,0.8,0.8,1.7,.090,,1.4,1.6,3.0
7,0,21,97,0,5,.000,0,3,.000,0,2,.000,2,3,.667,2,8,10,13,9,0,9,14,2
7,1,21,4.6,0.0,0.2,.000,0.0,0.1,.000,0.0,0.1,.000,0.1,0.1,.667,0.5,0.6,0.4,0.0,0.4,0.7,0.1
7,2,21,97,0.0,2.1,.000,0.0,1.2,.000,0.0,0.8,.000,0.8,1.2,.667,4.1,5.4,3.7,0.0,3.7,5.8,0.8
7,3,21,97,0.0,3.1,.000,0.0,1.8,.000,0.0,1.2,.000,1.2,1.8,.667,6.2,8.0,5.5,0.0,5.5,8.6,1.2,,61.1,95.0
7,4,21,97,4.2,.156,.000,.400,.600,10,2.7,9.5,6.4,20.3,5.5,0.0,58.3,8.2,,-0.1,0.2,0.0,.017,,-1.8,5.3,3.6
8,0,36,961,136,289,.471,126,241,.523,10,48,.208,108,144,.750,63,128,191,73,49,21,76,90,390
8,1,36,26.7,3.8,8.0,.471,3.5,6.7,.523,0.3,1.3,.208,3.0,4.0,.750,5.3,2.0,1.4,0.6,2.1,2.5,10.8
8,2,36,961,5.7,12.0,.471,5.2,10.0,.523,0.4,2.0,.208,4.5,6.0,.750,8.0,3.0,2.0,0.9,3.2,3.7,16.2
8,3,36,961,8.5,18.0,.471,7.8,15.0,.523,0.6,3.0,.208,6.7,9.0,.750,11.9,4.5,3.0,1.3,4.7,5.6,24.3,,110.0,97.0
8,4,36,961,20.5,.546,.488,.166,.498,407,8.7,15.4,12.3,14.7,3.0,2.3,17.5,23.2,,2.3,1.6,3.9,.162,,4.0,3.8,7.8
9,0,36,358,22,40,.550,22,39,.564,0,1,.000,4,9,.444,26,32,58,14,5,5,10,61,48
9,1,36,9.9,0.6,1.1,.550,0.6,1.1,.564,0.0,0.0,.000,0.1,0.3,.444,1.6,0.4,0.1,0.1,0.3,1.7,1.3
9,2,36,358,2.5,4.5,.550,2.5,4.4,.564,0.0,0.1,.000,0.4,1.0,.444,6.5,1.6,0.6,0.6,1.1,6.8,5.4
9,3,36,358,3.7,6.7,.550,3.7,6.5,.564,0.0,0.2,.000,0.7,1.5,.444,9.7,2.3,0.8,0.8,1.7,10.2,8.0,,118.1,104.2
9,4,36,358,7.9,.542,.550,.025,.225,62,9.6,10.3,10.0,6.5,0.8,1.5,18.4,7.8,,0.5,0.4,0.8,.090,,2.9,2.2,5.1
10,0,34,400,44,82,.537,2,5,.400,42,77,.545,15,15,1.000,5,17,22,14,4,1,5,25,145
10,1,34,11.8,1.3,2.4,.537,0.1,0.1,.400,1.2,2.3,.545,0.4,0.4,1.000,0.6,0.4,0.1,0.0,0.1,0.7,4.3
10,2,34,400,4.4,8.2,.537,0.2,0.5,.400,4.2,7.7,.545,1.5,1.5,1.000,2.2,1.4,0.4,0.1,0.5,2.5,14.5
10,3,34,400,6.6,12.3,.537,0.3,0.7,.400,6.3,11.5,.545,2.2,2.2,1.000,3.3,2.1,0.6,0.1,0.7,3.7,21.7,,166.3,108.3
10,4,34,400,18.0,.813,.793,.939,.183,117,1.7,4.9,3.4,6.4,0.6,0.3,5.3,12.1,,1.6,0.2,1.8,.183,,9.9,-1.7,8.2
11,0,31,693,100,198,.505,82,151,.543,18,47,.383,50,71,.704,35,62,97,33,15,7,41,71,268
11,1,31,22.4,3.2,6.4,.505,2.6,4.9,.543,0.6,1.5,.383,1.6,2.3,.704,3.1,1.1,0.5,0.2,1.3,2.3,8.6
11,2,31,693,5.8,11.4,.505,4.7,8.7,.543,1.0,2.7,.383,2.9,4.1,.704,5.6,1.9,0.9,0.4,2.4,4.1,15.5
11,3,31,693,8.6,17.1,.505,7.1,13.0,.543,1.6,4.1,.383,4.3,6.1,.704,8.4,2.8,1.3,0.6,3.5,6.1,23.1,,113.9,103.7
11,4,31,693,16.5,.578,.551,.237,.359,255,6.7,10.3,8.6,9.3,1.3,1.1,15.0,20.2,,1.6,0.7,2.3,.135,,4.1,0.6,4.7
12,0,9,12,0,3,.000,0,2,.000,0,1,.000,2,2,1.000,0,2,2,0,0,0,2,0,2
12,1,9,1.3,0.0,0.3,.000,0.0,0.2,.000,0.0,0.1,.000,0.2,0.2,1.000,0.2,0.0,0.0,0.0,0.2,0.0,0.2
12,2,9,12,0.0,10.0,.000,0.0,6.7,.000,0.0,3.3,.000,6.7,6.7,1.000,6.7,0.0,0.0,0.0,6.7,0.0,6.7
12,3,9,12,0.0,14.9,.000,0.0,10.0,.000,0.0,5.0,.000,10.0,10.0,1.000,10.0,0.0,0.0,0.0,10.0,0.0,10.0,,39.7,103.8
12,4,9,12,-8.6,.253,.000,.333,.667,2,0.0,19.2,10.3,0.0,0.0,0.0,33.6,25.5,,-0.1,0.0,-0.1,-.181,,-15.6,-4.6,-20.2
13,0,36,1023,141,339,.416,89,220,.405,52,119,.437,119,146,.815,42,166,208,48,27,16,62,73,453
13,1,36,28.4,3.9,9.4,.416,2.5,6.1,.405,1.4,3.3,.437,3.3,4.1,.815,5.8,1.3,0.8,0.4,1.7,2.0,12.6
13,2,36,1023,5.5,13.3,.416,3.5,8.6,.405,2.0,4.7,.437,4.7,5.7,.815,8.1,1.9,1.1,0.6,2.4,2.9,17.7
13,3,36,1023,8.2,19.8,.416,5.2,12.9,.405,3.0,7.0,.437,7.0,8.5,.815,12.2,2.8,1.6,0.9,3.6,4.3,26.5,,114.0,99.3
13,4,36,1023,19.6,.555,.493,.351,.431,427,5.4,18.7,12.5,9.0,1.6,1.7,13.2,23.7,,2.7,1.5,4.2,.166,,3.8,1.3,5.1
14,0,8,11,0,1,.000,0,0,,0,1,.000,0,0,,0,1,1,0,0,0,0,1,0
14,1,8,1.4,0.0,0.1,.000,0.0,0.0,,0.0,0.1,.000,0.0,0.0,,0.1,0.0,0.0,0.0,0.0,0.1,0.0
14,2,8,11,0.0,3.6,.000,0.0,0.0,,0.0,3.6,.000,0.0,0.0,,3.6,0.0,0.0,0.0,0.0,3.6,0.0
14,3,8,11,0.0,5.4,.000,0.0,0.0,,0.0,5.4,.000,0.0,0.0,,5.4,0.0,0.0,0.0,0.0,5.4,0.0,,0.0,107.2
14,4,8,11,-3.8,.000,.000,1.000,.000,0,0.0,10.5,5.6,0.0,0.0,0.0,0.0,4.7,,0.0,0.0,0.0,-.031,,-3.5,-0.7,-4.1
15,0,36,1025,200,321,.623,200,321,.623,0,0,,163,216,.755,87,149,236,45,49,42,60,97,563
15,1,36,28.5,5.6,8.9,.623,5.6,8.9,.623,0.0,0.0,,4.5,6.0,.755,6.6,1.3,1.4,1.2,1.7,2.7,15.6
15,2,36,1025,7.8,12.5,.623,7.8,12.5,.623,0.0,0.0,,6.4,8.4,.755,9.2,1.8,1.9,1.6,2.3,3.8,22.0
15,3,36,1025,11.7,18.7,.623,11.7,18.7,.623,0.0,0.0,,9.5,12.6,.755,13.8,2.6,2.9,2.4,3.5,5.7,32.8,,132.1,95.8
15,4,36,1025,31.3,.665,.623,.000,.673,531,11.3,16.8,14.2,9.5,2.9,4.3,12.4,24.3,,5.1,1.8,6.9,.270,,8.3,4.2,12.5
