0,0,4,17,3,3,1.000,3,3,1.000,0,0,,0,0,,1,4,5,1,1,2,1,4,6
0,1,4,4.3,0.8,0.8,1.000,0.8,0.8,1.000,0.0,0.0,,0.0,0.0,,1.3,0.3,0.3,0.5,0.3,1.0,1.5
0,2,4,17,7.1,7.1,1.000,7.1,7.1,1.000,0.0,0.0,,0.0,0.0,,11.8,2.4,2.4,4.7,2.4,9.4,14.1
0,3,4,17,10.5,10.5,1.000,10.5,10.5,1.000,0.0,0.0,,0.0,0.0,,17.6,3.5,3.5,7.0,3.5,14.1,21.1,,146.5,90.9
0,4,4,17,29.1,1.000,1.000,.000,.000,5,7.0,27.0,17.2,11.6,3.5,11.6,25.0,12.0,,0.1,0.0,0.1,.228,,6.2,9.6,15.8
1,0,31,935,171,398,.430,97,209,.464,74,189,.392,82,100,.820,47,119,166,49,20,2,48,46,498
1,1,31,30.2,5.5,12.8,.430,3.1,6.7,.464,2.4,6.1,.392,2.6,3.2,.820,5.4,1.6,0.6,0.1,1.5,1.5,16.1
1,2,31,935,7.3,17.0,.430,4.1,8.9,.464,3.2,8.1,.392,3.5,4.3,.820,7.1,2.1,0.9,0.1,2.1,2.0,21.3
1,3,31,935,10.9,25.4,.430,6.2,13.4,.464,4.7,12.1,.392,5.2,6.4,.820,10.6,3.1,1.3,0.1,3.1,2.9,31.8,,118.5,108.5
1,4,31,935,22.0,.559,.523,.475,.251,456,6.0,14.6,10.4,10.5,1.3,0.2,9.7,26.8,,3.2,0.6,3.8,.164,,5.9,-1.4,4.5
2,0,14,49,4,4,1.000,4,4,1.000,0,0,,0,0,,4,6,10,3,0,0,0,7,8
2,1,14,3.5,0.3,0.3,1.000,0.3,0.3,1.000,0.0,0.0,,0.0,0.0,,0.7,0.2,0.0,0.0,0.0,0.5,0.6
2,2,14,49,3.3,3.3,1.000,3.3,3.3,1.000,0.0,0.0,,0.0,0.0,,8.2,2.4,0.0,0.0,0.0,5.7,6.5
2,3,14,49,4.9,4.9,1.000,4.9,4.9,1.000,0.0,0.0,,0.0,0.0,,12.2,3.7,0.0,0.0,0.0,8.5,9.8,,211.7,111.0
2,4,14,49,14.5,1.000,1.000,.000,.000,10,9.7,14.0,11.9,10.2,0.0,0.0,0.0,4.2,,0.2,0.0,0.2,.149,,6.4,-0.4,6.0
3,0,32,1117,168,381,.441,92,197,.467,76,184,.413,101,119,.849,21,89,110,160,23,1,62,54,513
3,1,32,34.9,5.3,11.9,.441,2.9,6.2,.467,2.4,5.8,.413,3.2,3.7,.849,3.4,5.0,0.7,0.0,1.9,1.7,16.0
3,2,32,1117,6.0,13.6,.441,3.3,7.1,.467,2.7,6.6,.413,3.6,4.3,.849,3.9,5.7,0.8,0.0,2.2,1.9,18.4
3,3,32,1117,9.0,20.4,.441,4.9,10.5,.467,4.1,9.8,.413,5.4,6.4,.849,5.9,8.6,1.2,0.1,3.3,2.9,27.4,,126.6,110.8
3,4,32,1117,21.6,.586,.541,.483,.312,533,2.2,9.1,5.8,26.9,1.2,0.1,12.4,22.7,,4.5,0.5,5.0,.179,,7.8,-1.2,6.6
4,0,3,8,0,3,.000,0,3,.000,0,0,,0,0,,3,2,5,0,0,0,0,1,0
4,1,3,2.7,0.0,1.0,.000,0.0,1.0,.000,0.0,0.0,,0.0,0.0,,1.7,0.0,0.0,0.0,0.0,0.3,0.0
4,2,3,8,0.0,15.0,.000,0.0,15.0,.000,0.0,0.0,,0.0,0.0,,25.0,0.0,0.0,0.0,0.0,5.0,0.0
4,3,3,8,0.0,22.4,.000,0.0,22.4,.000,0.0,0.0,,0.0,0.0,,37.3,0.0,0.0,0.0,0.0,7.5,0.0,,67.2,105.3
4,4,3,8,2.4,.000,.000,.000,.000,2,44.8,28.7,36.6,0.0,0.0,0.0,0.0,19.1,,0.0,0.0,0.0,-.049,,-9.6,-9.7,-19.3
5,0,30,598,46,94,.489,20,39,.513,26,55,.473,23,35,.657,44,49,93,26,13,17,22,63,141
5,1,30,19.9,1.5,3.1,.489,0.7,1.3,.513,0.9,1.8,.473,0.8,1.2,.657,3.1,0.9,0.4,0.6,0.7,2.1,4.7
5,2,30,598,3.1,6.3,.489,1.3,2.6,.513,1.7,3.7,.473,1.5,2.3,.657,6.2,1.7,0.9,1.1,1.5,4.2,9.4
5,3,30,598,4.6,9.4,.489,2.0,3.9,.513,2.6,5.5,.473,2.3,3.5,.657,9.3,2.6,1.3,1.7,2.2,6.3,14.1,,128.7,108.6
5,4,30,598,14.0,.637,.628,.585,.372,152,8.8,9.4,9.1,7.2,1.3,2.8,16.6,11.3,,1.3,0.4,1.7,.115,,5.3,2.0,7.3
6,0,29,228,22,52,.423,13,25,.520,9,27,.333,14,20,.700,10,30,40,10,4,3,13,32,67
6,1,29,7.9,0.8,1.8,.423,0.4,0.9,.520,0.3,0.9,.333,0.5,0.7,.700,1.4,0.3,0.1,0.1,0.4,1.1,2.3
6,2,29,228,3.9,9.1,.423,2.3,4.4,.520,1.6,4.7,.333,2.5,3.5,.700,7.0,1.8,0.7,0.5,2.3,5.6,11.8
6,3,29,228,5.8,13.6,.423,3.4,6.6,.520,2.4,7.1,.333,3.7,5.2,.700,10.5,2.6,1.0,0.8,3.4,8.4,17.6,,107.6,107.6
6,4,29,228,11.5,.545,.510,.519,.385,66,5.2,15.1,10.3,7.5,1.0,1.3,17.4,16.6,,0.3,0.2,0.5,.086,,1.5,-0.2,1.3
7,0,27,301,37,55,.673,37,55,.673,0,0,,25,45,.556,32,42,74,5,5,18,10,41,99
7,1,27,11.1,1.4,2.0,.673,1.4,2.0,.673,0.0,0.0,,0.9,1.7,.556,2.7,0.2,0.2,0.7,0.4,1.5,3.7
7,2,27,301,4.9,7.3,.673,4.9,7.3,.673,0.0,0.0,,3.3,6.0,.556,9.8,0.7,0.7,2.4,1.3,5.4,13.2
7,3,27,301,7.3,10.9,.673,7.3,10.9,.673,0.0,0.0,,5.0,8.9,.556,14.7,1.0,1.0,3.6,2.0,8.1,19.7,,132.2,104.7
7,4,27,301,20.7,.648,.673,.000,.818,99,12.7,16.0,14.4,3.0,1.0,5.9,11.6,14.6,,0.9,0.3,1.2,.163,,3.6,2.2,5.8
8,0,32,866,106,242,.438,56,117,.479,50,125,.400,26,41,.634,14,79,93,75,28,1,66,60,288
8,1,32,27.1,3.3,7.6,.438,1.8,3.7,.479,1.6,3.9,.400,0.8,1.3,.634,2.9,2.3,0.9,0.0,2.1,1.9,9.0
8,2,32,866,4.9,11.2,.438,2.6,5.4,.479,2.3,5.8,.400,1.2,1.9,.634,4.3,3.5,1.3,0.0,3.0,2.8,13.3
8,3,32,866,7.3,16.7,.438,3.9,8.1,.479,3.4,8.6,.400,1.8,2.8,.634,6.4,5.2,1.9,0.1,4.6,4.1,19.9,,103.8,108.6
8,4,32,866,12.9,.551,.541,.517,.169,283,1.9,10.5,6.3,15.5,1.9,0.1,20.2,19.2,,1.1,0.6,1.7,.077,,2.8,0.2,3.0
9,0,25,486,62,103,.602,62,103,.602,0,0,,41,71,.577,36,71,107,6,6,33,26,59,165
9,1,25,19.4,2.5,4.1,.602,2.5,4.1,.602,0.0,0.0,,1.6,2.8,.577,4.3,0.2,0.2,1.3,1.0,2.4,6.6
9,2,25,486,5.1,8.5,.602,5.1,8.5,.602,0.0,0.0,,3.4,5.8,.577,8.8,0.5,0.5,2.7,2.1,4.9,13.6
9,3,25,486,7.6,12.7,.602,7.6,12.7,.602,0.0,0.0,,5.0,8.7,.577,13.2,0.7,0.7,4.1,3.2,7.3,20.3,,114.5,104.6
9,4,25,486,17.9,.603,.602,.000,.689,155,8.8,16.7,12.9,2.2,0.7,6.7,16.0,17.0,,1.0,0.5,1.5,.121,,0.9,2.4,3.3
10,0,8,23,1,6,.167,1,3,.333,0,3,.000,0,0,,1,2,3,0,1,2,2,5,2
10,1,8,2.9,0.1,0.8,.167,0.1,0.4,.333,0.0,0.4,.000,0.0,0.0,,0.4,0.0,0.1,0.3,0.3,0.6,0.3
10,2,8,23,1.7,10.4,.167,1.7,5.2,.333,0.0,5.2,.000,0.0,0.0,,5.2,0.0,1.7,3.5,3.5,8.7,3.5
10,3,8,23,2.6,15.6,.167,2.6,7.8,.333,0.0,7.8,.000,0.0,0.0,,7.8,0.0,2.6,5.2,5.2,13.0,5.2,,37.3,101.6
10,4,8,23,-4.1,.167,.167,.500,.000,2,5.2,10.0,7.6,0.0,2.6,8.6,25.0,17.7,,-0.1,0.0,-0.1,-.113,,-9.8,3.2,-6.6
11,0,6,15,0,1,.000,0,1,.000,0,0,,2,2,1.000,3,3,6,2,1,0,0,1,2
11,1,6,2.5,0.0,0.2,.000,0.0,0.2,.000,0.0,0.0,,0.3,0.3,1.000,1.0,0.3,0.2,0.0,0.0,0.2,0.3
11,2,6,15,0.0,2.7,.000,0.0,2.7,.000,0.0,0.0,,5.3,5.3,1.000,16.0,5.3,2.7,0.0,0.0,2.7,5.3
11,3,6,15,0.0,4.0,.000,0.0,4.0,.000,0.0,0.0,,8.0,8.0,1.000,23.9,8.0,4.0,0.0,0.0,4.0,8.0,,180.8,99.2
11,4,6,15,25.7,.513,.000,.000,2.000,5,23.9,22.9,23.4,19.5,4.0,0.0,0.0,6.6,,0.1,0.0,0.1,.249,,8.7,4.8,13.5
12,0,30,340,29,94,.309,29,84,.345,0,10,.000,29,51,.569,17,37,54,37,15,7,29,50,87
12,1,30,11.3,1.0,3.1,.309,1.0,2.8,.345,0.0,0.3,.000,1.0,1.7,.569,1.8,1.2,0.5,0.2,1.0,1.7,2.9
12,2,30,340,3.4,11.1,.309,3.4,9.9,.345,0.0,1.2,.000,3.4,6.0,.569,6.4,4.4,1.8,0.8,3.4,5.9,10.2
12,3,30,340,5.1,16.5,.309,5.1,14.8,.345,0.0,1.8,.000,5.1,9.0,.569,9.5,6.5,2.6,1.2,5.1,8.8,15.3,,85.0,104.7
12,4,30,340,8.4,.368,.309,.106,.543,108,6.0,12.5,9.3,18.2,2.6,2.0,19.7,22.0,,-0.2,0.4,0.2,.020,,-3.3,2.1,-1.2
13,0,30,818,154,279,.552,150,268,.560,4,11,.364,77,108,.713,65,152,217,58,32,11,66,66,389
13,1,30,27.3,5.1,9.3,.552,5.0,8.9,.560,0.1,0.4,.364,2.6,3.6,.713,7.2,1.9,1.1,0.4,2.2,2.2,13.0
13,2,30,818,7.5,13.6,.552,7.3,13.1,.560,0.2,0.5,.364,3.8,5.3,.713,10.6,2.8,1.6,0.5,3.2,3.2,19.0
13,3,30,818,11.2,20.4,.552,11.0,19.6,.560,0.3,0.8,.364,5.6,7.9,.713,15.8,4.2,2.3,0.8,4.8,4.8,28.4,,115.1,102.6
13,4,30,818,24.3,.589,.559,.039,.387,385,9.5,21.3,15.5,14.3,2.3,1.3,16.7,24.6,,2.4,1.0,3.5,.169,,4.1,2.3,6.4
14,0,32,624,74,153,.484,12,17,.706,62,136,.456,13,17,.765,20,53,73,22,11,2,14,66,223
14,1,32,19.5,2.3,4.8,.484,0.4,0.5,.706,1.9,4.3,.456,0.4,0.5,.765,2.3,0.7,0.3,0.1,0.4,2.1,7.0
14,2,32,624,4.7,9.8,.484,0.8,1.1,.706,4.0,8.7,.456,0.8,1.1,.765,4.7,1.4,0.7,0.1,0.9,4.2,14.3
14,3,32,624,7.1,14.6,.484,1.1,1.6,.706,5.9,13.0,.456,1.2,1.6,.765,7.0,2.1,1.1,0.2,1.3,6.3,21.4,,141.4,110.5
14,4,32,624,16.5,.692,.686,.889,.111,190,3.8,9.7,6.8,6.3,1.1,0.3,8.0,14.3,,2.0,0.3,2.3,.149,,8.0,-1.1,6.9
