0,0,34,962,132,304,.434,85,169,.503,47,135,.348,58,70,.829,34,122,156,40,24,21,54,85,369
0,1,34,28.3,3.9,8.9,.434,2.5,5.0,.503,1.4,4.0,.348,1.7,2.1,.829,4.6,1.2,0.7,0.6,1.6,2.5,10.9
0,2,34,962,5.5,12.6,.434,3.5,7.0,.503,2.0,5.6,.348,2.4,2.9,.829,6.5,1.7,1.0,0.9,2.2,3.5,15.3
0,3,34,962,8.3,19.0,.434,5.3,10.6,.503,2.9,8.4,.348,3.6,4.4,.829,9.8,2.5,1.5,1.3,3.4,5.3,23.1,,104.9,104.6
0,4,34,962,15.2,.547,.512,.444,.230,340,4.3,15.2,9.8,9.0,1.5,2.5,13.8,21.6,,1.2,1.2,2.4,.101,,0.5,0.8,1.4
1,0,18,83,8,16,.500,8,16,.500,0,0,,1,3,.333,6,7,13,0,0,3,7,17,17
1,1,18,4.6,0.4,0.9,.500,0.4,0.9,.500,0.0,0.0,,0.1,0.2,.333,0.7,0.0,0.0,0.2,0.4,0.9,0.9
1,2,18,83,3.9,7.7,.500,3.9,7.7,.500,0.0,0.0,,0.5,1.4,.333,6.3,0.0,0.0,1.4,3.4,8.2,8.2
1,3,18,83,5.8,11.6,.500,5.8,11.6,.500,0.0,0.0,,0.7,2.2,.333,9.4,0.0,0.0,2.2,5.1,12.3,12.3,,78.9,108.1
1,4,18,83,3.2,.488,.500,.000,.188,17,8.9,10.1,9.5,0.0,0.0,4.1,28.7,15.6,,-0.1,0.1,0.0,-.001,,-7.7,-1.7,-9.4
2,0,34,656,52,124,.419,44,95,.463,8,29,.276,66,99,.667,13,71,84,57,37,5,44,74,178
2,1,34,19.3,1.5,3.6,.419,1.3,2.8,.463,0.2,0.9,.276,1.9,2.9,.667,2.5,1.7,1.1,0.1,1.3,2.2,5.2
2,2,34,656,3.2,7.6,.419,2.7,5.8,.463,0.5,1.8,.276,4.0,6.0,.667,5.1,3.5,2.3,0.3,2.7,4.5,10.9
2,3,34,656,4.8,11.4,.419,4.0,8.7,.463,0.7,2.7,.276,6.1,9.1,.667,7.7,5.2,3.4,0.5,4.0,6.8,16.3,,99.9,101.9
2,4,34,656,12.5,.520,.452,.234,.798,191,2.4,13.0,7.8,16.7,3.4,0.9,20.5,17.4,,0.4,1.0,1.4,.087,,-1.3,2.3,1.0
3,0,33,233,21,54,.389,14,27,.519,7,27,.259,21,25,.840,15,29,44,9,1,1,15,31,70
3,1,33,7.1,0.6,1.6,.389,0.4,0.8,.519,0.2,0.8,.259,0.6,0.8,.840,1.3,0.3,0.0,0.0,0.5,0.9,2.1
3,2,33,233,3.6,9.3,.389,2.4,4.6,.519,1.2,4.6,.259,3.6,4.3,.840,7.6,1.5,0.2,0.2,2.6,5.3,12.0
3,3,33,233,5.4,13.9,.389,3.6,7.0,.519,1.8,7.0,.259,5.4,6.5,.840,11.4,2.3,0.3,0.3,3.9,8.0,18.1,,103.0,108.3
3,4,33,233,10.1,.531,.454,.500,.463,73,7.9,14.9,11.5,7.6,0.3,0.5,18.5,18.4,,0.2,0.2,0.4,.076,,-1.4,-1.9,-3.2
4,0,34,881,110,264,.417,59,112,.527,51,152,.336,65,86,.756,11,80,91,78,52,18,44,70,336
4,1,34,25.9,3.2,7.8,.417,1.7,3.3,.527,1.5,4.5,.336,1.9,2.5,.756,2.7,2.3,1.5,0.5,1.3,2.1,9.9
4,2,34,881,5.0,12.0,.417,2.7,5.1,.527,2.3,6.9,.336,3.0,3.9,.756,4.1,3.5,2.4,0.8,2.0,3.2,15.3
4,3,34,881,7.5,18.0,.417,4.0,7.7,.527,3.5,10.4,.336,4.4,5.9,.756,6.2,5.3,3.6,1.2,3.0,4.8,23.0,,110.3,101.7
4,4,34,881,17.9,.551,.513,.576,.326,324,1.5,10.9,6.3,18.7,3.6,2.3,12.6,21.0,,1.5,1.4,2.9,.131,,3.1,2.1,5.2
5,0,34,371,26,67,.388,5,10,.500,21,57,.368,6,11,.545,8,29,37,20,11,6,18,34,79
5,1,34,10.9,0.8,2.0,.388,0.1,0.3,.500,0.6,1.7,.368,0.2,0.3,.545,1.1,0.6,0.3,0.2,0.5,1.0,2.3
5,2,34,371,2.8,7.2,.388,0.5,1.1,.500,2.3,6.1,.368,0.6,1.2,.545,4.0,2.2,1.2,0.6,1.9,3.7,8.5
5,3,34,371,4.2,10.9,.388,0.8,1.6,.500,3.4,9.2,.368,1.0,1.8,.545,6.0,3.2,1.8,1.0,2.9,5.5,12.8,,100.0,106.4
5,4,34,371,8.8,.547,.545,.851,.164,79,2.6,9.4,6.0,10.2,1.8,1.8,20.0,12.9,,0.2,0.4,0.6,.064,,-0.4,0.7,0.3
6,0,34,843,124,259,.479,95,190,.500,29,69,.420,70,98,.714,43,87,130,31,11,27,47,83,347
6,1,34,24.8,3.6,7.6,.479,2.8,5.6,.500,0.9,2.0,.420,2.1,2.9,.714,3.8,0.9,0.3,0.8,1.4,2.4,10.2
6,2,34,843,5.9,12.3,.479,4.5,9.0,.500,1.4,3.3,.420,3.3,4.7,.714,6.2,1.5,0.5,1.3,2.2,3.9,16.5
6,3,34,843,8.9,18.5,.479,6.8,13.6,.500,2.1,4.9,.420,5.0,7.0,.714,9.3,2.2,0.8,1.9,3.4,5.9,24.8,,109.5,106.5
6,4,34,843,16.5,.568,.535,.266,.378,322,6.3,12.4,9.4,8.1,0.8,3.6,13.3,22.2,,1.5,0.9,2.4,.114,,0.5,0.5,1.0
7,0,33,447,37,72,.514,29,60,.483,8,12,.667,19,32,.594,32,67,99,12,8,19,19,52,101
7,1,33,13.5,1.1,2.2,.514,0.9,1.8,.483,0.2,0.4,.667,0.6,1.0,.594,3.0,0.4,0.2,0.6,0.6,1.6,3.1
7,2,33,447,3.3,6.4,.514,2.6,5.4,.483,0.7,1.1,.667,1.7,2.9,.594,8.9,1.1,0.7,1.7,1.7,4.7,9.0
7,3,33,447,5.0,9.7,.514,3.9,8.1,.483,1.1,1.6,.667,2.6,4.3,.594,13.3,1.6,1.1,2.6,2.6,7.0,13.6,,111.5,103.0
7,4,33,447,13.1,.579,.569,.167,.444,107,8.8,18.0,13.4,5.2,1.1,4.8,17.9,12.6,,0.5,0.6,1.2,.105,,-1.4,2.8,1.4
8,0,34,402,50,88,.568,49,86,.570,1,2,.500,15,24,.625,33,53,86,10,4,5,26,69,116
8,1,34,11.8,1.5,2.6,.568,1.4,2.5,.570,0.0,0.1,.500,0.4,0.7,.625,2.5,0.3,0.1,0.1,0.8,2.0,3.4
8,2,34,402,5.0,8.8,.568,4.9,8.6,.570,0.1,0.2,.500,1.5,2.4,.625,8.6,1.0,0.4,0.5,2.6,6.9,11.5
8,3,34,402,7.5,13.2,.568,7.3,12.9,.570,0.1,0.3,.500,2.2,3.6,.625,12.9,1.5,0.6,0.7,3.9,10.3,17.4,,104.6,106.5
8,4,34,402,11.4,.584,.574,.023,.273,117,10.1,15.8,13.0,5.2,0.6,1.4,20.7,16.5,,0.4,0.4,0.8,.084,,-2.1,-0.3,-2.4
9,0,34,1096,124,291,.426,102,221,.462,22,70,.314,176,229,.769,20,123,143,155,35,5,63,66,446
9,1,34,32.2,3.6,8.6,.426,3.0,6.5,.462,0.6,2.1,.314,5.2,6.7,.769,4.2,4.6,1.0,0.1,1.9,1.9,13.1
9,2,34,1096,4.5,10.6,.426,3.7,8.1,.462,0.8,2.6,.314,6.4,8.4,.769,5.2,5.7,1.3,0.2,2.3,2.4,16.3
9,3,34,1096,6.8,16.0,.426,5.6,12.1,.462,1.2,3.8,.314,9.7,12.6,.769,7.9,8.5,1.9,0.3,3.5,3.6,24.5,,117.6,105.5
9,4,34,1096,19.9,.558,.464,.241,.787,484,2.2,13.5,7.9,29.1,1.9,0.5,13.6,22.4,,3.0,1.3,4.3,.157,,3.2,0.5,3.7
10,0,34,826,130,270,.481,105,194,.541,25,76,.329,72,110,.655,34,112,146,28,15,7,41,63,357
10,1,34,24.3,3.8,7.9,.481,3.1,5.7,.541,0.7,2.2,.329,2.1,3.2,.655,4.3,0.8,0.4,0.2,1.2,1.9,10.5
10,2,34,826,6.3,13.1,.481,5.1,9.4,.541,1.2,3.7,.329,3.5,5.3,.655,7.1,1.4,0.7,0.3,2.0,3.1,17.3
10,3,34,826,9.5,19.7,.481,7.7,14.1,.541,1.8,5.5,.329,5.2,8.0,.655,10.6,2.0,1.1,0.5,3.0,4.6,26.0,,108.5,106.0
10,4,34,826,16.9,.554,.528,.281,.407,323,5.1,16.3,10.7,7.7,1.1,1.0,11.3,23.3,,1.4,1.0,2.3,.113,,0.3,-1.0,-0.7
