0,0,8,53,2,8,.250,1,1,1.000,1,7,.143,1,3,.333,4,9,13,1,0,0,2,6,6
0,1,8,6.6,0.3,1.0,.250,0.1,0.1,1.000,0.1,0.9,.143,0.1,0.4,.333,1.6,0.1,0.0,0.0,0.3,0.8,0.8
0,2,8,53,1.5,6.0,.250,0.8,0.8,1.000,0.8,5.3,.143,0.8,2.3,.333,9.8,0.8,0.0,0.0,1.5,4.5,4.5
0,3,8,53,2.3,9.4,.250,1.2,1.2,1.000,1.2,8.2,.143,1.2,3.5,.333,15.2,1.2,0.0,0.0,2.3,7.0,7.0,,76.4,103.7
0,4,8,53,3.5,.318,.313,.875,.375,8,9.2,21.1,15.1,3.8,0.0,0.0,17.5,11.8,,0.0,0.1,0.0,.011,,-4.2,-1.6,-5.8
1,0,32,424,32,73,.438,11,24,.458,21,49,.429,12,17,.706,12,38,50,28,12,2,15,30,97
1,1,32,13.3,1.0,2.3,.438,0.3,0.8,.458,0.7,1.5,.429,0.4,0.5,.706,1.6,0.9,0.4,0.1,0.5,0.9,3.0
1,2,32,424,3.0,6.9,.438,1.0,2.3,.458,2.0,4.6,.429,1.1,1.6,.706,4.7,2.6,1.1,0.2,1.4,2.8,9.2
1,3,32,424,4.7,10.7,.438,1.6,3.5,.458,3.1,7.2,.429,1.8,2.5,.706,7.3,4.1,1.8,0.3,2.2,4.4,14.2,,115.4,103.3
1,4,32,424,12.9,.598,.582,.671,.233,98,3.5,11.1,7.3,14.2,1.8,0.5,15.6,12.4,,0.7,0.5,1.1,.108,,1.8,0.5,2.2
2,0,29,283,25,57,.439,21,46,.457,4,11,.364,15,22,.682,17,28,45,8,4,20,17,33,69
2,1,29,9.8,0.9,2.0,.439,0.7,1.6,.457,0.1,0.4,.364,0.5,0.8,.682,1.6,0.3,0.1,0.7,0.6,1.1,2.4
2,2,29,283,3.5,8.1,.439,3.0,6.5,.457,0.6,1.6,.364,2.1,3.1,.682,6.4,1.1,0.6,2.8,2.4,4.7,9.8
2,3,29,283,5.5,12.5,.439,4.6,10.1,.457,0.9,2.4,.364,3.3,4.8,.682,9.9,1.8,0.9,4.4,3.7,7.2,15.1,,94.9,100.2
2,4,29,283,12.0,.511,.474,.193,.386,70,7.3,12.3,9.8,6.2,0.9,7.8,20.1,16.4,,0.1,0.4,0.5,.073,,-3.1,3.7,0.6
3,0,27,186,26,40,.650,21,30,.700,5,10,.500,6,11,.545,9,19,28,4,4,11,9,22,63
3,1,27,6.9,1.0,1.5,.650,0.8,1.1,.700,0.2,0.4,.500,0.2,0.4,.545,1.0,0.1,0.1,0.4,0.3,0.8,2.3
3,2,27,186,5.6,8.6,.650,4.5,6.5,.700,1.1,2.2,.500,1.3,2.4,.545,6.0,0.9,0.9,2.4,1.9,4.7,13.5
3,3,27,186,8.7,13.4,.650,7.0,10.0,.700,1.7,3.3,.500,2.0,3.7,.545,9.3,1.3,1.3,3.7,3.0,7.3,21.0,,117.8,99.8
3,4,27,186,18.8,.697,.713,.250,.275,53,5.9,12.7,9.3,5.4,1.3,6.5,16.6,16.0,,0.4,0.3,0.7,.141,,1.1,2.7,3.8
4,0,32,901,126,276,.457,105,196,.536,21,80,.263,119,149,.799,33,124,157,49,24,11,71,73,392
4,1,32,28.2,3.9,8.6,.457,3.3,6.1,.536,0.7,2.5,.263,3.7,4.7,.799,4.9,1.5,0.8,0.3,2.2,2.3,12.3
4,2,32,901,5.6,12.3,.457,4.7,8.7,.536,0.9,3.6,.263,5.3,6.6,.799,7.0,2.2,1.1,0.5,3.2,3.2,17.4
4,3,32,901,8.7,19.0,.457,7.2,13.5,.536,1.4,5.5,.263,8.2,10.3,.799,10.8,3.4,1.7,0.8,4.9,5.0,27.0,,104.6,100.8
4,4,32,901,18.7,.565,.495,.290,.540,370,4.5,17.1,10.7,13.6,1.7,1.3,17.0,25.4,,1.7,1.2,2.9,.127,,1.6,0.8,2.4
5,0,30,491,68,173,.393,35,77,.455,33,96,.344,48,70,.686,19,54,73,13,12,13,22,55,217
5,1,30,16.4,2.3,5.8,.393,1.2,2.6,.455,1.1,3.2,.344,1.6,2.3,.686,2.4,0.4,0.4,0.4,0.7,1.8,7.2
5,2,30,491,5.5,14.1,.393,2.9,6.3,.455,2.7,7.8,.344,3.9,5.7,.686,5.9,1.1,1.0,1.1,1.8,4.5,17.7
5,3,30,491,8.6,21.9,.393,4.4,9.7,.455,4.2,12.1,.344,6.1,8.9,.686,9.2,1.6,1.5,1.6,2.8,7.0,27.4,,104.6,101.3
5,4,30,491,17.4,.526,.488,.555,.405,193,4.7,13.7,9.2,6.6,1.5,2.9,9.6,25.5,,0.9,0.6,1.5,.122,,1.8,-0.9,0.8
6,0,33,818,52,133,.391,43,99,.434,9,34,.265,18,31,.581,9,45,54,54,21,3,43,77,131
6,1,33,24.8,1.6,4.0,.391,1.3,3.0,.434,0.3,1.0,.265,0.5,0.9,.581,1.6,1.6,0.6,0.1,1.3,2.3,4.0
6,2,33,818,2.5,6.5,.391,2.1,4.8,.434,0.4,1.7,.265,0.9,1.5,.581,2.6,2.6,1.0,0.1,2.1,3.8,6.4
6,3,33,818,3.9,10.1,.391,3.3,7.5,.434,0.7,2.6,.265,1.4,2.4,.581,4.1,4.1,1.6,0.2,3.3,5.8,9.9,,83.5,105.2
6,4,33,818,5.3,.443,.425,.256,.233,142,1.3,6.8,4.1,13.8,1.6,0.4,22.5,12.8,,-0.3,0.7,0.4,.022,,-3.2,0.7,-2.5
7,0,33,1021,106,251,.422,91,198,.460,15,53,.283,131,177,.740,31,163,194,158,59,10,98,81,358
7,1,33,30.9,3.2,7.6,.422,2.8,6.0,.460,0.5,1.6,.283,4.0,5.4,.740,5.9,4.8,1.8,0.3,3.0,2.5,10.8
7,2,33,1021,4.2,9.8,.422,3.6,7.8,.460,0.6,2.1,.283,5.1,6.9,.740,7.6,6.2,2.3,0.4,3.8,3.2,14.0
7,3,33,1021,6.4,15.3,.422,5.5,12.0,.460,0.9,3.2,.283,8.0,10.8,.740,11.8,9.6,3.6,0.6,6.0,4.9,21.8,,102.6,95.6
7,4,33,1021,20.1,.534,.452,.211,.705,411,3.7,19.8,11.7,35.4,3.6,1.1,22.6,23.3,,1.7,1.9,3.5,.138,,2.3,3.9,6.2
8,0,33,827,77,218,.353,15,52,.288,62,166,.373,25,33,.758,3,58,61,48,19,1,16,26,241
8,1,33,25.1,2.3,6.6,.353,0.5,1.6,.288,1.9,5.0,.373,0.8,1.0,.758,1.8,1.5,0.6,0.0,0.5,0.8,7.3
8,2,33,827,3.7,10.5,.353,0.7,2.5,.288,3.0,8.0,.373,1.2,1.6,.758,3.0,2.3,0.9,0.0,0.8,1.3,11.7
8,3,33,827,5.8,16.4,.353,1.1,3.9,.288,4.7,12.5,.373,1.9,2.5,.758,4.6,3.6,1.4,0.1,1.2,2.0,18.1,,108.8,105.3
8,4,33,827,12.7,.516,.495,.761,.151,220,0.4,8.7,4.5,13.0,1.4,0.1,6.4,16.6,,1.2,0.7,1.9,.094,,2.4,-1.1,1.3
9,0,30,884,104,264,.394,74,182,.407,30,82,.366,52,65,.800,38,108,146,26,26,3,53,63,290
9,1,30,29.5,3.5,8.8,.394,2.5,6.1,.407,1.0,2.7,.366,1.7,2.2,.800,4.9,0.9,0.9,0.1,1.8,2.1,9.7
9,2,30,884,4.7,11.9,.394,3.3,8.2,.407,1.4,3.7,.366,2.4,2.9,.800,6.6,1.2,1.2,0.1,2.4,2.9,13.1
9,3,30,884,7.3,18.5,.394,5.2,12.8,.407,2.1,5.8,.366,3.7,4.6,.800,10.3,1.8,1.8,0.2,3.7,4.4,20.4,,93.8,101.7
9,4,30,884,12.5,.492,.451,.311,.246,273,5.2,15.2,10.2,7.0,1.8,0.4,15.2,21.6,,0.4,1.1,1.5,.068,,-1.4,0.2,-1.2
10,0,33,787,104,226,.460,104,226,.460,0,0,,48,81,.593,64,89,153,8,13,30,53,77,256
10,1,33,23.8,3.2,6.8,.460,3.2,6.8,.460,0.0,0.0,,1.5,2.5,.593,4.6,0.2,0.4,0.9,1.6,2.3,7.8
10,2,33,787,5.3,11.5,.460,5.3,11.5,.460,0.0,0.0,,2.4,4.1,.593,7.8,0.4,0.7,1.5,2.7,3.9,13.0
10,3,33,787,8.2,17.8,.460,8.2,17.8,.460,0.0,0.0,,3.8,6.4,.593,12.1,0.6,1.0,2.4,4.2,6.1,20.2,,91.6,101.5
10,4,33,787,13.0,.484,.460,.000,.358,249,9.9,14.1,12.0,2.5,1.0,4.2,16.7,22.1,,0.2,1.0,1.2,.061,,-4.2,0.6,-3.6
