0,0,7,21,1,4,.250,1,4,.250,0,0,,2,2,1.000,2,3,5,1,0,0,3,10,4
0,1,7,3.0,0.1,0.6,.250,0.1,0.6,.250,0.0,0.0,,0.3,0.3,1.000,0.7,0.1,0.0,0.0,0.4,1.4,0.6
0,2,7,21,1.9,7.6,.250,1.9,7.6,.250,0.0,0.0,,3.8,3.8,1.000,9.5,1.9,0.0,0.0,5.7,19.0,7.6
0,3,7,21,2.7,10.8,.250,2.7,10.8,.250,0.0,0.0,,5.4,5.4,1.000,13.5,2.7,0.0,0.0,8.1,27.0,10.8,,72.3,108.2
0,4,7,21,-4.2,.404,.250,.000,.500,5,11.0,15.9,13.5,7.5,0.0,0.0,37.7,18.5,,0.0,0.0,0.0,-.041,,-7.7,-2.8,-10.4
1,0,34,1233,189,434,.435,77,160,.481,112,274,.409,76,99,.768,45,128,173,103,42,16,69,102,566
1,1,34,36.3,5.6,12.8,.435,2.3,4.7,.481,3.3,8.1,.409,2.2,2.9,.768,5.1,3.0,1.2,0.5,2.0,3.0,16.6
1,2,34,1233,6.1,14.1,.435,2.5,5.2,.481,3.6,8.9,.409,2.5,3.2,.768,5.6,3.3,1.4,0.5,2.2,3.3,18.4
1,3,34,1233,8.7,20.0,.435,3.5,7.4,.481,5.2,12.6,.409,3.5,4.6,.768,8.0,4.7,1.9,0.7,3.2,4.7,26.1,,118.9,107.6
1,4,34,1233,20.0,.588,.565,.631,.228,533,4.2,11.6,8.0,15.7,1.9,1.3,12.5,21.8,,3.8,0.7,4.6,.148,,6.4,-1.0,5.4
2,0,2,2,0,1,.000,0,1,.000,0,0,,0,0,,0,0,0,1,0,0,0,0,0
2,1,2,1.0,0.0,0.5,.000,0.0,0.5,.000,0.0,0.0,,0.0,0.0,,0.0,0.5,0.0,0.0,0.0,0.0,0.0
2,2,2,2,0.0,20.0,.000,0.0,20.0,.000,0.0,0.0,,0.0,0.0,,0.0,20.0,0.0,0.0,0.0,0.0,0.0
2,3,2,2,0.0,28.4,.000,0.0,28.4,.000,0.0,0.0,,0.0,0.0,,0.0,28.4,0.0,0.0,0.0,0.0,0.0,,61.6,118.1
2,4,2,2,-0.8,.000,.000,.000,.000,1,0.0,0.0,0.0,73.0,0.0,0.0,0.0,24.4,,0.0,0.0,0.0,-.150,,-14.1,-15.8,-29.9
3,0,32,753,88,185,.476,56,105,.533,32,80,.400,56,62,.903,32,90,122,26,19,6,31,48,264
3,1,32,23.5,2.8,5.8,.476,1.8,3.3,.533,1.0,2.5,.400,1.8,1.9,.903,3.8,0.8,0.6,0.2,1.0,1.5,8.3
3,2,32,753,4.7,9.8,.476,3.0,5.6,.533,1.7,4.2,.400,3.0,3.3,.903,6.5,1.4,1.0,0.3,1.6,2.5,14.0
3,3,32,753,6.6,13.9,.476,4.2,7.9,.533,2.4,6.0,.400,4.2,4.7,.903,9.2,2.0,1.4,0.5,2.3,3.6,19.9,,122.3,108.3
3,4,32,753,16.3,.616,.562,.432,.335,243,4.9,13.3,9.2,6.1,1.4,0.8,12.6,15.9,,1.9,0.4,2.3,.121,,2.9,-1.6,1.4
4,0,29,349,40,106,.377,14,27,.519,26,79,.329,4,7,.571,16,24,40,10,9,7,11,30,110
4,1,29,12.0,1.4,3.7,.377,0.5,0.9,.519,0.9,2.7,.329,0.1,0.2,.571,1.4,0.3,0.3,0.2,0.4,1.0,3.8
4,2,29,349,4.6,12.1,.377,1.6,3.1,.519,3.0,9.1,.329,0.5,0.8,.571,4.6,1.1,1.0,0.8,1.3,3.4,12.6
4,3,29,349,6.5,17.2,.377,2.3,4.4,.519,4.2,12.8,.329,0.7,1.1,.571,6.5,1.6,1.5,1.1,1.8,4.9,17.9,,107.1,110.0
4,4,29,349,11.8,.503,.500,.745,.066,101,5.3,7.7,6.5,5.0,1.5,2.1,9.1,16.9,,0.5,0.1,0.6,.071,,1.7,-2.3,-0.6
5,0,17,371,40,98,.408,11,27,.407,29,71,.408,10,16,.625,11,31,42,22,14,6,9,30,119
5,1,17,21.8,2.4,5.8,.408,0.6,1.6,.407,1.7,4.2,.408,0.6,0.9,.625,2.5,1.3,0.8,0.4,0.5,1.8,7.0
5,2,17,371,4.3,10.6,.408,1.2,2.9,.407,3.1,7.7,.408,1.1,1.7,.625,4.5,2.4,1.5,0.6,1.0,3.2,12.8
5,3,17,371,6.1,15.0,.408,1.7,4.1,.407,4.4,10.9,.408,1.5,2.4,.625,6.4,3.4,2.1,0.9,1.4,4.6,18.2,,121.9,108.0
5,4,17,371,15.3,.563,.556,.724,.163,112,3.4,9.3,6.4,10.3,2.1,1.7,7.9,15.1,,0.9,0.2,1.1,.115,,4.0,-1.0,3.1
6,0,31,308,17,56,.304,2,12,.167,15,44,.341,5,7,.714,6,16,22,53,10,0,13,21,54
6,1,31,9.9,0.5,1.8,.304,0.1,0.4,.167,0.5,1.4,.341,0.2,0.2,.714,0.7,1.7,0.3,0.0,0.4,0.7,1.7
6,2,31,308,2.2,7.3,.304,0.3,1.6,.167,1.9,5.7,.341,0.6,0.9,.714,2.9,6.9,1.3,0.0,1.7,2.7,7.0
6,3,31,308,3.1,10.3,.304,0.4,2.2,.167,2.8,8.1,.341,0.9,1.3,.714,4.1,9.8,1.8,0.0,2.4,3.9,10.0,,112.7,111.1
6,4,31,308,10.8,.455,.438,.786,.125,78,2.3,5.8,4.1,27.3,1.8,0.0,18.0,11.5,,0.5,0.1,0.6,.072,,0.9,-3.7,-2.8
7,0,12,163,10,28,.357,10,28,.357,0,0,,2,5,.400,15,16,31,0,6,7,6,32,22
7,1,12,13.6,0.8,2.3,.357,0.8,2.3,.357,0.0,0.0,,0.2,0.4,.400,2.6,0.0,0.5,0.6,0.5,2.7,1.8
7,2,12,163,2.5,6.9,.357,2.5,6.9,.357,0.0,0.0,,0.5,1.2,.400,7.6,0.0,1.5,1.7,1.5,7.9,5.4
7,3,12,163,3.5,9.7,.357,3.5,9.7,.357,0.0,0.0,,0.7,1.7,.400,10.8,0.0,2.1,2.4,2.1,11.1,7.7,,85.4,105.3
7,4,12,163,5.8,.362,.357,.000,.179,27,10.7,10.9,10.8,0.0,2.1,4.4,16.5,10.9,,0.0,0.1,0.1,.026,,-4.2,-0.3,-4.6
8,0,34,1246,246,561,.439,190,383,.496,56,178,.315,221,249,.888,24,77,101,116,40,2,114,73,769
8,1,34,36.6,7.2,16.5,.439,5.6,11.3,.496,1.6,5.2,.315,6.5,7.3,.888,3.0,3.4,1.2,0.1,3.4,2.1,22.6
8,2,34,1246,7.9,18.0,.439,6.1,12.3,.496,1.8,5.7,.315,7.1,8.0,.888,3.2,3.7,1.3,0.1,3.7,2.3,24.7
8,3,34,1246,11.2,25.6,.439,8.7,17.4,.496,2.6,8.1,.315,10.1,11.3,.888,4.6,5.3,1.8,0.1,5.2,3.3,35.0,,112.5,110.6
8,4,34,1246,22.3,.566,.488,.317,.444,722,2.2,6.9,4.6,19.1,1.8,0.2,14.4,31.1,,4.3,0.4,4.7,.151,,4.2,-3.4,0.8
9,0,25,772,128,241,.531,128,240,.533,0,1,.000,72,111,.649,77,181,258,49,28,39,52,77,328
9,1,25,30.9,5.1,9.6,.531,5.1,9.6,.533,0.0,0.0,.000,2.9,4.4,.649,10.3,2.0,1.1,1.6,2.1,3.1,13.1
9,2,25,772,6.6,12.5,.531,6.6,12.4,.533,0.0,0.1,.000,3.7,5.8,.649,13.4,2.5,1.5,2.0,2.7,4.0,17.0
9,3,25,772,9.4,17.7,.531,9.4,17.6,.533,0.0,0.1,.000,5.3,8.2,.649,19.0,3.6,2.1,2.9,3.8,5.7,24.1,,113.2,99.0
9,4,25,772,23.9,.558,.531,.004,.461,337,11.5,26.1,19.0,12.2,2.1,5.2,15.0,21.9,,2.1,1.1,3.2,.164,,1.8,3.2,4.9
10,0,17,116,13,20,.650,10,17,.588,3,3,1.000,0,2,.000,11,10,21,5,0,1,5,11,29
10,1,17,6.8,0.8,1.2,.650,0.6,1.0,.588,0.2,0.2,1.000,0.0,0.1,.000,1.2,0.3,0.0,0.1,0.3,0.6,1.7
10,2,17,116,4.5,6.9,.650,3.4,5.9,.588,1.0,1.0,1.000,0.0,0.7,.000,7.2,1.7,0.0,0.3,1.7,3.8,10.0
10,3,17,116,6.4,9.8,.650,4.9,8.3,.588,1.5,1.5,1.000,0.0,1.0,.000,10.3,2.4,0.0,0.5,2.4,5.4,14.2,,126.7,112.9
10,4,17,116,13.3,.692,.725,.150,.100,30,11.0,9.6,10.3,7.5,0.0,0.9,19.3,10.9,,0.3,0.0,0.3,.091,,2.2,-2.4,-0.2
11,0,32,780,101,207,.488,96,185,.519,5,22,.227,55,72,.764,71,109,180,29,14,10,44,97,262
11,1,32,24.4,3.2,6.5,.488,3.0,5.8,.519,0.2,0.7,.227,1.7,2.3,.764,5.6,0.9,0.4,0.3,1.4,3.0,8.2
11,2,32,780,5.2,10.6,.488,4.9,9.5,.519,0.3,1.1,.227,2.8,3.7,.764,9.2,1.5,0.7,0.5,2.3,5.0,13.4
11,3,32,780,7.3,15.1,.488,7.0,13.5,.519,0.4,1.6,.227,4.0,5.2,.764,13.1,2.1,1.0,0.7,3.2,7.1,19.1,,110.7,107.6
11,4,32,780,14.9,.543,.500,.106,.348,270,10.5,15.6,13.1,6.7,1.0,1.3,15.4,17.9,,1.5,0.5,2.0,.101,,0.6,-1.2,-0.6
12,0,34,861,83,165,.503,78,146,.534,5,19,.263,35,57,.614,26,73,99,108,40,7,58,51,206
12,1,34,25.3,2.4,4.9,.503,2.3,4.3,.534,0.1,0.6,.263,1.0,1.7,.614,2.9,3.2,1.2,0.2,1.7,1.5,6.1
12,2,34,861,3.9,7.7,.503,3.6,6.8,.534,0.2,0.9,.263,1.6,2.6,.614,4.6,5.0,1.9,0.3,2.7,2.4,9.6
12,3,34,861,5.5,10.9,.503,5.1,9.6,.534,0.3,1.3,.263,2.3,3.8,.614,6.5,7.1,2.6,0.5,3.8,3.4,13.6,,105.5,107.3
12,4,34,861,13.5,.536,.518,.115,.345,244,3.5,9.4,6.5,21.3,2.6,0.8,23.2,14.2,,1.1,0.5,1.6,.076,,0.5,0.1,0.6
