0,0,33,1184,190,391,.486,94,174,.540,96,217,.442,101,128,.789,28,78,106,135,39,9,80,93,577
0,1,33,35.9,5.8,11.8,.486,2.8,5.3,.540,2.9,6.6,.442,3.1,3.9,.789,3.2,4.1,1.2,0.3,2.4,2.8,17.5
0,2,33,1184,6.4,13.2,.486,3.2,5.9,.540,3.2,7.3,.442,3.4,4.3,.789,3.6,4.6,1.3,0.3,2.7,3.1,19.5
0,3,33,1184,9.0,18.6,.486,4.5,8.3,.540,4.6,10.3,.442,4.8,6.1,.789,5.0,6.4,1.9,0.4,3.8,4.4,27.4,,121.5,113.4
0,4,33,1184,19.8,.639,.609,.555,.327,562,2.8,7.0,5.0,20.6,1.9,0.7,15.0,22.5,,3.6,0.6,4.2,.141,,5.7,-2.4,3.2
1,0,32,1004,156,298,.523,88,128,.688,68,170,.400,64,81,.790,28,115,143,40,31,6,24,44,444
1,1,32,31.4,4.9,9.3,.523,2.8,4.0,.688,2.1,5.3,.400,2.0,2.5,.790,4.5,1.3,1.0,0.2,0.8,1.4,13.9
1,2,32,1004,6.2,11.9,.523,3.5,5.1,.688,2.7,6.8,.400,2.5,3.2,.790,5.7,1.6,1.2,0.2,1.0,1.8,17.7
1,3,32,1004,8.7,16.7,.523,4.9,7.2,.688,3.8,9.5,.400,3.6,4.5,.790,8.0,2.2,1.7,0.3,1.3,2.5,24.9,,131.5,111.5
1,4,32,1004,19.9,.660,.638,.570,.272,381,3.4,12.1,8.0,7.1,1.7,0.5,6.7,18.0,,3.0,0.6,3.7,.147,,5.3,-2.1,3.2
2,0,17,49,4,14,.286,2,3,.667,2,11,.182,0,0,,1,2,3,2,0,1,1,7,10
2,1,17,2.9,0.2,0.8,.286,0.1,0.2,.667,0.1,0.6,.182,0.0,0.0,,0.2,0.1,0.0,0.1,0.1,0.4,0.6
2,2,17,49,3.3,11.4,.286,1.6,2.4,.667,1.6,9.0,.182,0.0,0.0,,2.4,1.6,0.0,0.8,0.8,5.7,8.2
2,3,17,49,4.6,16.1,.286,2.3,3.4,.667,2.3,12.6,.182,0.0,0.0,,3.4,2.3,0.0,1.1,1.1,8.0,11.5,,82.5,117.8
2,4,17,49,1.9,.357,.357,.786,.000,10,2.5,4.3,3.4,6.4,0.0,1.8,6.7,15.3,,0.0,0.0,0.0,-.023,,-3.8,-4.4,-8.2
3,0,33,1207,170,419,.406,86,182,.473,84,237,.354,144,188,.766,22,108,130,142,33,14,92,80,568
3,1,33,36.6,5.2,12.7,.406,2.6,5.5,.473,2.5,7.2,.354,4.4,5.7,.766,3.9,4.3,1.0,0.4,2.8,2.4,17.2
3,2,33,1207,5.6,13.9,.406,2.9,6.0,.473,2.8,7.9,.354,4.8,6.2,.766,4.3,4.7,1.1,0.5,3.0,2.7,18.8
3,3,33,1207,7.9,19.5,.406,4.0,8.5,.473,3.9,11.1,.354,6.7,8.8,.766,6.1,6.6,1.5,0.7,4.3,3.7,26.5,,110.5,112.8
3,4,33,1207,17.1,.559,.506,.566,.449,578,2.2,9.5,6.1,20.5,1.5,1.0,15.3,24.9,,2.6,0.6,3.2,.106,,2.7,-2.3,0.3
4,0,25,224,16,42,.381,4,10,.400,12,32,.375,8,12,.667,0,21,21,29,5,0,7,18,52
4,1,25,9.0,0.6,1.7,.381,0.2,0.4,.400,0.5,1.3,.375,0.3,0.5,.667,0.8,1.2,0.2,0.0,0.3,0.7,2.1
4,2,25,224,2.9,7.5,.381,0.7,1.8,.400,2.1,5.7,.375,1.4,2.1,.667,3.8,5.2,0.9,0.0,1.3,3.2,9.3
4,3,25,224,4.0,10.6,.381,1.0,2.5,.400,3.0,8.0,.375,2.0,3.0,.667,5.3,7.3,1.3,0.0,1.8,4.5,13.1,,119.5,113.7
4,4,25,224,11.0,.545,.524,.762,.286,61,0.0,9.9,5.3,20.1,1.3,0.0,12.8,12.2,,0.4,0.1,0.5,.084,,0.6,-3.3,-2.7
5,0,21,135,17,29,.586,10,14,.714,7,15,.467,7,10,.700,10,10,20,7,6,0,5,26,48
5,1,21,6.4,0.8,1.4,.586,0.5,0.7,.714,0.3,0.7,.467,0.3,0.5,.700,1.0,0.3,0.3,0.0,0.2,1.2,2.3
5,2,21,135,5.0,8.6,.586,3.0,4.1,.714,2.1,4.4,.467,2.1,3.0,.700,5.9,2.1,1.8,0.0,1.5,7.7,14.2
5,3,21,135,7.1,12.1,.586,4.2,5.8,.714,2.9,6.3,.467,2.9,4.2,.700,8.3,2.9,2.5,0.0,2.1,10.8,20.0,,137.1,111.3
5,4,21,135,16.7,.711,.707,.517,.345,47,8.9,7.8,8.3,8.8,2.5,0.0,12.9,14.4,,0.4,0.1,0.5,.150,,4.8,-2.1,2.7
6,0,33,957,162,295,.549,162,295,.549,0,0,,139,237,.586,75,199,274,77,22,38,60,101,463
6,1,33,29.0,4.9,8.9,.549,4.9,8.9,.549,0.0,0.0,,4.2,7.2,.586,8.3,2.3,0.7,1.2,1.8,3.1,14.0
6,2,33,957,6.8,12.3,.549,6.8,12.3,.549,0.0,0.0,,5.8,9.9,.586,11.5,3.2,0.9,1.6,2.5,4.2,19.4
6,3,33,957,9.5,17.4,.549,9.5,17.4,.549,0.0,0.0,,8.2,13.9,.586,16.1,4.5,1.3,2.2,3.5,5.9,27.2,,116.6,106.0
6,4,33,957,22.7,.568,.549,.000,.803,483,9.4,22.0,16.1,14.8,1.3,3.6,12.8,24.5,,2.7,1.1,3.8,.160,,0.7,0.9,1.6
7,0,33,705,82,170,.482,78,151,.517,4,19,.211,29,35,.829,36,102,138,62,41,20,38,89,197
7,1,33,21.4,2.5,5.2,.482,2.4,4.6,.517,0.1,0.6,.211,0.9,1.1,.829,4.2,1.9,1.2,0.6,1.2,2.7,6.0
7,2,33,705,4.7,9.6,.482,4.4,8.6,.517,0.2,1.1,.211,1.6,2.0,.829,7.8,3.5,2.3,1.1,2.2,5.0,11.2
7,3,33,705,6.5,13.6,.482,6.2,12.1,.517,0.3,1.5,.211,2.3,2.8,.829,11.0,5.0,3.3,1.6,3.0,7.1,15.7,,108.7,105.2
7,4,33,705,15.2,.528,.494,.112,.206,225,6.1,15.3,11.0,14.7,3.3,2.6,16.9,16.0,,0.9,0.9,1.8,.102,,-0.4,2.3,2.0
8,0,10,65,5,11,.455,5,11,.455,0,0,,1,3,.333,5,7,12,0,1,6,2,14,11
8,1,10,6.5,0.5,1.1,.455,0.5,1.1,.455,0.0,0.0,,0.1,0.3,.333,1.2,0.0,0.1,0.6,0.2,1.4,1.1
8,2,10,65,3.1,6.8,.455,3.1,6.8,.455,0.0,0.0,,0.6,1.8,.333,7.4,0.0,0.6,3.7,1.2,8.6,6.8
8,3,10,65,4.3,9.5,.455,4.3,9.5,.455,0.0,0.0,,0.9,2.6,.333,10.4,0.0,0.9,5.2,1.7,12.1,9.5,,95.9,108.9
8,4,10,65,7.9,.443,.455,.000,.273,13,9.2,11.4,10.4,0.0,0.9,8.3,13.9,11.1,,0.0,0.1,0.1,.044,,-5.2,0.2,-5.0
9,0,28,271,25,51,.490,21,42,.500,4,9,.444,16,23,.696,8,16,24,32,5,0,8,26,70
9,1,28,9.7,0.9,1.8,.490,0.8,1.5,.500,0.1,0.3,.444,0.6,0.8,.696,0.9,1.1,0.2,0.0,0.3,0.9,2.5
9,2,28,271,3.7,7.5,.490,3.1,6.2,.500,0.6,1.3,.444,2.4,3.4,.696,3.5,4.7,0.7,0.0,1.2,3.8,10.3
9,3,28,271,5.2,10.6,.490,4.4,8.7,.500,0.8,1.9,.444,3.3,4.8,.696,5.0,6.6,1.0,0.0,1.7,5.4,14.5,,126.1,115.8
9,4,28,271,12.4,.565,.529,.176,.451,83,3.5,6.2,5.0,19.0,1.0,0.0,11.4,12.9,,0.6,0.1,0.7,.099,,0.3,-3.4,-3.1
10,0,28,786,118,221,.534,57,78,.731,61,143,.427,18,20,.900,39,72,111,47,35,26,25,75,315
10,1,28,28.1,4.2,7.9,.534,2.0,2.8,.731,2.2,5.1,.427,0.6,0.7,.900,4.0,1.7,1.3,0.9,0.9,2.7,11.3
10,2,28,786,6.0,11.2,.534,2.9,4.0,.731,3.1,7.3,.427,0.9,1.0,.900,5.6,2.4,1.8,1.3,1.3,3.8,16.0
10,3,28,786,8.5,15.8,.534,4.1,5.6,.731,4.4,10.2,.427,1.3,1.4,.900,8.0,3.4,2.5,1.9,1.8,5.4,22.6,,133.1,109.4
10,4,28,786,20.5,.683,.672,.647,.090,289,6.0,9.7,7.9,10.6,2.5,3.0,9.8,16.3,,2.4,0.7,3.0,.154,,6.3,0.4,6.7
