0,0,33,625,107,225,.476,28,54,.519,79,171,.462,22,28,.786,21,47,68,41,21,2,26,50,315
0,1,33,18.9,3.2,6.8,.476,0.8,1.6,.519,2.4,5.2,.462,0.7,0.8,.786,2.1,1.2,0.6,0.1,0.8,1.5,9.5
0,2,33,625,6.8,14.4,.476,1.8,3.5,.519,5.1,10.9,.462,1.4,1.8,.786,4.4,2.6,1.3,0.1,1.7,3.2,20.2
0,3,33,625,9.6,20.2,.476,2.5,4.8,.519,7.1,15.3,.462,2.0,2.5,.786,6.1,3.7,1.9,0.2,2.3,4.5,28.2,,128.4,104.4
0,4,33,625,21.4,.661,.651,.760,.124,265,4.1,8.6,6.4,11.1,1.9,0.3,9.8,20.6,,2.2,0.6,2.8,.182,,7.8,-2.1,5.7
1,0,32,543,66,126,.524,64,122,.525,2,4,.500,31,45,.689,29,58,87,30,22,5,26,53,165
1,1,32,17.0,2.1,3.9,.524,2.0,3.8,.525,0.1,0.1,.500,1.0,1.4,.689,2.7,0.9,0.7,0.2,0.8,1.7,5.2
1,2,32,543,4.9,9.3,.524,4.7,9.0,.525,0.1,0.3,.500,2.3,3.3,.689,6.4,2.2,1.6,0.4,1.9,3.9,12.2
1,3,32,543,6.8,13.0,.524,6.6,12.6,.525,0.2,0.4,.500,3.2,4.6,.689,9.0,3.1,2.3,0.5,2.7,5.5,17.0,,112.0,101.7
1,4,32,543,14.4,.560,.532,.032,.357,166,6.5,12.1,9.4,8.6,2.3,1.0,15.0,15.6,,0.9,0.7,1.6,.118,,0.6,0.9,1.5
2,0,20,72,3,11,.273,3,7,.429,0,4,.000,2,7,.286,3,4,7,8,1,0,4,5,8
2,1,20,3.6,0.2,0.6,.273,0.2,0.4,.429,0.0,0.2,.000,0.1,0.4,.286,0.4,0.4,0.1,0.0,0.2,0.3,0.4
2,2,20,72,1.7,6.1,.273,1.7,3.9,.429,0.0,2.2,.000,1.1,3.9,.286,3.9,4.4,0.6,0.0,2.2,2.8,4.4
2,3,20,72,2.3,8.6,.273,2.3,5.4,.429,0.0,3.1,.000,1.6,5.4,.286,5.4,6.2,0.8,0.0,3.1,3.9,6.2,,77.7,108.0
2,4,20,72,2.9,.279,.273,.364,.636,14,5.1,6.3,5.7,15.4,0.8,0.0,21.8,12.4,,-0.1,0.0,0.0,-.005,,-4.0,-1.7,-5.7
3,0,33,1109,239,375,.637,239,375,.637,0,0,,126,194,.649,106,191,297,32,33,38,88,97,604
3,1,33,33.6,7.2,11.4,.637,7.2,11.4,.637,0.0,0.0,,3.8,5.9,.649,9.0,1.0,1.0,1.2,2.7,2.9,18.3
3,2,33,1109,8.6,13.5,.637,8.6,13.5,.637,0.0,0.0,,4.5,7.0,.649,10.7,1.2,1.2,1.4,3.2,3.5,21.8
3,3,33,1109,12.1,18.9,.637,12.1,18.9,.637,0.0,0.0,,6.4,9.8,.649,15.0,1.6,1.7,1.9,4.4,4.9,30.5,,118.4,98.8
3,4,33,1109,25.5,.646,.637,.000,.517,543,11.6,19.6,15.7,5.3,1.7,3.5,15.9,24.4,,3.7,1.7,5.4,.194,,3.3,0.9,4.2
4,0,16,48,5,11,.455,5,11,.455,0,0,,0,0,,3,6,9,1,0,3,3,14,10
4,1,16,3.0,0.3,0.7,.455,0.3,0.7,.455,0.0,0.0,,0.0,0.0,,0.6,0.1,0.0,0.2,0.2,0.9,0.6
4,2,16,48,4.2,9.2,.455,4.2,9.2,.455,0.0,0.0,,0.0,0.0,,7.5,0.8,0.0,2.5,2.5,11.7,8.3
4,3,16,48,5.8,12.8,.455,5.8,12.8,.455,0.0,0.0,,0.0,0.0,,10.5,1.2,0.0,3.5,3.5,16.3,11.7,,85.9,102.3
4,4,16,48,4.6,.455,.455,.000,.000,10,7.6,14.2,11.0,3.2,0.0,6.5,21.4,14.2,,0.0,0.1,0.0,.038,,-5.0,1.3,-3.7
5,0,29,224,36,69,.522,32,56,.571,4,13,.308,14,20,.700,17,29,46,9,11,2,5,28,90
5,1,29,7.7,1.2,2.4,.522,1.1,1.9,.571,0.1,0.4,.308,0.5,0.7,.700,1.6,0.3,0.4,0.1,0.2,1.0,3.1
5,2,29,224,6.4,12.3,.522,5.7,10.0,.571,0.7,2.3,.308,2.5,3.6,.700,8.2,1.6,2.0,0.4,0.9,5.0,16.1
5,3,29,224,9.0,17.3,.522,8.0,14.0,.571,1.0,3.3,.308,3.5,5.0,.700,11.5,2.3,2.8,0.5,1.3,7.0,22.5,,125.2,99.5
5,4,29,224,20.0,.573,.551,.188,.290,85,9.2,14.7,12.1,6.7,2.8,0.9,6.0,18.2,,0.7,0.3,1.0,.178,,2.9,-0.2,2.6
6,0,31,413,57,134,.425,19,39,.487,38,95,.400,18,20,.900,10,37,47,31,14,0,12,21,170
6,1,31,13.3,1.8,4.3,.425,0.6,1.3,.487,1.2,3.1,.400,0.6,0.6,.900,1.5,1.0,0.5,0.0,0.4,0.7,5.5
6,2,31,413,5.5,13.0,.425,1.8,3.8,.487,3.7,9.2,.400,1.7,1.9,.900,4.6,3.0,1.4,0.0,1.2,2.0,16.5
6,3,31,413,7.7,18.2,.425,2.6,5.3,.487,5.2,12.9,.400,2.4,2.7,.900,6.4,4.2,1.9,0.0,1.6,2.8,23.1,,125.0,104.0
6,4,31,413,18.2,.592,.567,.709,.149,154,2.9,10.2,6.7,12.0,1.9,0.0,7.7,18.3,,1.2,0.4,1.6,.158,,5.0,-1.9,3.0
7,0,33,1132,197,429,.459,144,279,.516,53,150,.353,71,91,.780,25,83,108,95,40,2,71,64,518
7,1,33,34.3,6.0,13.0,.459,4.4,8.5,.516,1.6,4.5,.353,2.2,2.8,.780,3.3,2.9,1.2,0.1,2.2,1.9,15.7
7,2,33,1132,7.0,15.2,.459,5.1,9.9,.516,1.9,5.3,.353,2.5,3.2,.780,3.8,3.4,1.4,0.1,2.5,2.3,18.3
7,3,33,1132,9.7,21.2,.459,7.1,13.8,.516,2.6,7.4,.353,3.5,4.5,.780,5.3,4.7,2.0,0.1,3.5,3.2,25.6,,109.2,104.5
7,4,33,1132,17.0,.548,.521,.350,.212,481,2.7,8.3,5.6,14.2,2.0,0.2,13.1,23.4,,2.4,1.1,3.5,.125,,2.3,-1.0,1.3
8,0,33,1171,155,313,.495,115,214,.537,40,99,.404,99,122,.811,30,133,163,327,53,7,108,86,449
8,1,33,35.5,4.7,9.5,.495,3.5,6.5,.537,1.2,3.0,.404,3.0,3.7,.811,4.9,9.9,1.6,0.2,3.3,2.6,13.6
8,2,33,1171,5.3,10.7,.495,3.9,7.3,.537,1.4,3.4,.404,3.4,4.2,.811,5.6,11.2,1.8,0.2,3.7,2.9,15.3
8,3,33,1171,7.4,15.0,.495,5.5,10.2,.537,1.9,4.7,.404,4.7,5.8,.811,7.8,15.6,2.5,0.3,5.2,4.1,21.5,,123.3,101.1
8,4,33,1171,23.5,.605,.559,.316,.390,590,3.1,12.9,8.2,44.2,2.5,0.6,22.5,19.9,,4.5,1.5,6.0,.206,,5.7,0.2,5.9
9,0,17,82,6,14,.429,6,13,.462,0,1,.000,3,13,.231,10,8,18,5,0,1,7,14,15
9,1,17,4.8,0.4,0.8,.429,0.4,0.8,.462,0.0,0.1,.000,0.2,0.8,.231,1.1,0.3,0.0,0.1,0.4,0.8,0.9
9,2,17,82,2.9,6.8,.429,2.9,6.3,.462,0.0,0.5,.000,1.5,6.3,.231,8.8,2.4,0.0,0.5,3.4,6.8,7.3
9,3,17,82,4.1,9.6,.429,4.1,8.9,.462,0.0,0.7,.000,2.0,8.9,.231,12.3,3.4,0.0,0.7,4.8,9.6,10.2,,82.7,106.7
9,4,17,82,4.1,.372,.429,.071,.929,22,14.8,11.1,12.9,8.8,0.0,1.3,25.8,16.1,,0.0,0.1,0.0,.007,,-3.8,-1.1,-4.8
10,0,33,612,90,176,.511,89,169,.527,1,7,.143,39,61,.639,38,93,131,16,21,6,39,65,220
10,1,33,18.5,2.7,5.3,.511,2.7,5.1,.527,0.0,0.2,.143,1.2,1.8,.639,4.0,0.5,0.6,0.2,1.2,2.0,6.7
10,2,33,612,5.9,11.5,.511,5.8,11.0,.527,0.1,0.5,.143,2.5,4.0,.639,8.6,1.0,1.4,0.4,2.5,4.2,14.4
10,3,33,612,8.2,16.1,.511,8.1,15.5,.527,0.1,0.6,.143,3.6,5.6,.639,12.0,1.5,1.9,0.5,3.6,5.9,20.1,,102.2,100.3
10,4,33,612,14.2,.537,.514,.040,.347,205,7.5,17.3,12.6,4.2,1.9,1.0,16.0,19.4,,0.7,0.8,1.6,.102,,-1.6,-0.4,-2.0
11,0,31,645,60,150,.400,23,38,.605,37,112,.330,15,16,.938,8,53,61,43,25,5,19,62,172
11,1,31,20.8,1.9,4.8,.400,0.7,1.2,.605,1.2,3.6,.330,0.5,0.5,.938,2.0,1.4,0.8,0.2,0.6,2.0,5.5
11,2,31,645,3.7,9.3,.400,1.4,2.4,.605,2.3,6.9,.330,0.9,1.0,.938,3.8,2.7,1.6,0.3,1.2,3.8,10.7
11,3,31,645,5.2,13.0,.400,2.0,3.3,.605,3.2,9.7,.330,1.3,1.4,.938,5.3,3.7,2.2,0.4,1.6,5.4,14.9,,114.2,103.1
11,4,31,645,11.6,.546,.523,.747,.107,164,1.5,9.3,5.6,9.9,2.2,0.8,10.8,13.3,,1.0,0.7,1.7,.105,,2.5,0.2,2.7
