0,0,37,405,80,194,.412,19,49,.388,61,145,.421,15,24,.625,14,34,48,15,11,2,17,38,236
0,1,37,10.9,2.2,5.2,.412,0.5,1.3,.388,1.6,3.9,.421,0.4,0.6,.625,1.3,0.4,0.3,0.1,0.5,1.0,6.4
0,2,37,405,7.9,19.2,.412,1.9,4.8,.388,6.0,14.3,.421,1.5,2.4,.625,4.7,1.5,1.1,0.2,1.7,3.8,23.3
0,3,37,405,11.4,27.6,.412,2.7,7.0,.388,8.7,20.6,.421,2.1,3.4,.625,6.8,2.1,1.6,0.3,2.4,5.4,33.5,,114.7,103.4
0,4,37,405,20.5,.574,.570,.747,.124,188,4.0,9.8,6.9,7.4,1.6,0.5,7.6,27.0,,1.2,0.4,1.6,.159,,5.4,-4.3,1.2
1,0,32,259,43,90,.478,42,80,.525,1,10,.100,20,38,.526,14,30,44,19,11,4,15,40,107
1,1,32,8.1,1.3,2.8,.478,1.3,2.5,.525,0.0,0.3,.100,0.6,1.2,.526,1.4,0.6,0.3,0.1,0.5,1.3,3.3
1,2,32,259,6.6,13.9,.478,6.5,12.4,.525,0.2,1.5,.100,3.1,5.9,.526,6.8,2.9,1.7,0.6,2.3,6.2,16.5
1,3,32,259,9.6,20.0,.478,9.3,17.8,.525,0.2,2.2,.100,4.4,8.4,.526,9.8,4.2,2.4,0.9,3.3,8.9,23.8,,103.0,99.1
1,4,32,259,16.1,.495,.483,.111,.422,104,6.2,13.5,9.8,13.8,2.4,1.6,12.2,23.4,,0.4,0.4,0.8,.120,,-0.9,-0.1,-0.9
2,0,36,849,94,236,.398,58,147,.395,36,89,.404,80,100,.800,25,73,98,83,47,16,65,85,304
2,1,36,23.6,2.6,6.6,.398,1.6,4.1,.395,1.0,2.5,.404,2.2,2.8,.800,2.7,2.3,1.3,0.4,1.8,2.4,8.4
2,2,36,849,4.4,11.1,.398,2.7,6.9,.395,1.7,4.2,.404,3.8,4.7,.800,4.6,3.9,2.2,0.8,3.1,4.0,14.3
2,3,36,849,6.4,16.0,.398,3.9,10.0,.395,2.4,6.0,.404,5.4,6.8,.800,6.6,5.6,3.2,1.1,4.4,5.8,20.6,,105.5,98.9
2,4,36,849,15.6,.536,.475,.377,.424,311,3.4,10.0,6.7,16.6,3.2,2.0,18.7,20.2,,1.3,1.3,2.6,.124,,1.2,1.5,2.7
3,0,33,232,28,57,.491,18,28,.643,10,29,.345,19,21,.905,2,23,25,23,11,0,17,21,85
3,1,33,7.0,0.8,1.7,.491,0.5,0.8,.643,0.3,0.9,.345,0.6,0.6,.905,0.8,0.7,0.3,0.0,0.5,0.6,2.6
3,2,33,232,4.8,9.8,.491,3.1,4.8,.643,1.7,5.0,.345,3.3,3.6,.905,4.3,4.0,1.9,0.0,2.9,3.6,14.7
3,3,33,232,6.9,14.1,.491,4.5,6.9,.643,2.5,7.2,.345,4.7,5.2,.905,6.2,5.7,2.7,0.0,4.2,5.2,21.1,,115.0,100.5
3,4,33,232,16.6,.635,.579,.509,.368,81,1.0,11.6,6.2,17.2,2.7,0.0,20.2,17.8,,0.5,0.3,0.8,.143,,2.0,-0.9,1.1
4,0,37,1269,260,426,.610,260,423,.615,0,3,.000,162,260,.623,138,236,374,34,28,34,85,102,682
4,1,37,34.3,7.0,11.5,.610,7.0,11.4,.615,0.0,0.1,.000,4.4,7.0,.623,10.1,0.9,0.8,0.9,2.3,2.8,18.4
4,2,37,1269,8.2,13.4,.610,8.2,13.3,.615,0.0,0.1,.000,5.1,8.2,.623,11.8,1.1,0.9,1.1,2.7,3.2,21.5
4,3,37,1269,11.8,19.3,.610,11.8,19.2,.615,0.0,0.1,.000,7.3,11.8,.623,17.0,1.5,1.3,1.5,3.9,4.6,30.9,,119.8,98.4
4,4,37,1269,26.0,.621,.610,.007,.610,624,12.5,21.7,17.0,5.4,1.3,2.8,13.4,24.6,,4.4,2.0,6.4,.203,,3.2,0.1,3.2
5,0,12,75,2,9,.222,2,6,.333,0,3,.000,2,5,.400,2,7,9,6,4,2,10,11,6
5,1,12,6.3,0.2,0.8,.222,0.2,0.5,.333,0.0,0.3,.000,0.2,0.4,.400,0.8,0.5,0.3,0.2,0.8,0.9,0.5
5,2,12,75,1.1,4.8,.222,1.1,3.2,.333,0.0,1.6,.000,1.1,2.7,.400,4.8,3.2,2.1,1.1,5.3,5.9,3.2
5,3,12,75,1.5,6.9,.222,1.5,4.6,.333,0.0,2.3,.000,1.5,3.8,.400,6.9,4.6,3.1,1.5,7.7,8.4,4.6,,48.9,98.1
5,4,12,75,-0.9,.264,.222,.333,.556,10,3.1,10.9,6.9,11.9,3.1,2.8,46.8,14.0,,-0.2,0.1,-0.1,-.058,,-8.2,3.3,-4.9
6,0,37,1013,120,313,.383,45,115,.391,75,198,.379,26,34,.765,21,69,90,98,46,1,54,50,341
6,1,37,27.4,3.2,8.5,.383,1.2,3.1,.391,2.0,5.4,.379,0.7,0.9,.765,2.4,2.6,1.2,0.0,1.5,1.4,9.2
6,2,37,1013,4.7,12.4,.383,1.8,4.5,.391,3.0,7.8,.379,1.0,1.3,.765,3.6,3.9,1.8,0.0,2.1,2.0,13.5
6,3,37,1013,6.8,17.8,.383,2.6,6.5,.391,4.3,11.2,.379,1.5,1.9,.765,5.1,5.6,2.6,0.1,3.1,2.8,19.4,,106.8,102.3
6,4,37,1013,14.1,.518,.503,.633,.109,336,2.4,8.0,5.1,16.7,2.6,0.1,14.1,18.6,,1.5,1.2,2.8,.109,,2.5,-0.6,1.9
7,0,7,18,0,6,.000,0,4,.000,0,2,.000,0,0,,1,3,4,0,0,0,0,3,0
7,1,7,2.6,0.0,0.9,.000,0.0,0.6,.000,0.0,0.3,.000,0.0,0.0,,0.6,0.0,0.0,0.0,0.0,0.4,0.0
7,2,7,18,0.0,13.3,.000,0.0,8.9,.000,0.0,4.4,.000,0.0,0.0,,8.9,0.0,0.0,0.0,0.0,6.7,0.0
7,3,7,18,0.0,19.2,.000,0.0,12.8,.000,0.0,6.4,.000,0.0,0.0,,12.8,0.0,0.0,0.0,0.0,9.6,0.0,,14.6,103.1
7,4,7,18,-11.4,.000,.000,.333,.000,1,6.4,19.5,12.8,0.0,0.0,0.0,0.0,16.4,,-0.1,0.0,-0.1,-.148,,-14.9,-6.1,-21.0
8,0,37,1264,167,407,.410,127,282,.450,40,125,.320,114,169,.675,32,111,143,281,49,6,131,89,488
8,1,37,34.2,4.5,11.0,.410,3.4,7.6,.450,1.1,3.4,.320,3.1,4.6,.675,3.9,7.6,1.3,0.2,3.5,2.4,13.2
8,2,37,1264,5.3,12.9,.410,4.0,8.9,.450,1.3,4.0,.320,3.6,5.3,.675,4.5,8.9,1.6,0.2,4.1,2.8,15.4
8,3,37,1264,7.6,18.5,.410,5.8,12.8,.450,1.8,5.7,.320,5.2,7.7,.675,6.5,12.8,2.2,0.3,6.0,4.1,22.2,,105.5,101.9
8,4,37,1264,17.6,.501,.459,.307,.415,598,2.9,10.3,6.5,39.2,2.2,0.5,21.2,24.1,,2.5,1.6,4.1,.131,,1.8,-0.6,1.2
9,0,35,324,38,63,.603,38,63,.603,0,0,,24,42,.571,24,50,74,11,6,17,12,53,100
9,1,35,9.3,1.1,1.8,.603,1.1,1.8,.603,0.0,0.0,,0.7,1.2,.571,2.1,0.3,0.2,0.5,0.3,1.5,2.9
9,2,35,324,4.7,7.8,.603,4.7,7.8,.603,0.0,0.0,,3.0,5.2,.571,9.1,1.4,0.7,2.1,1.5,6.5,12.3
9,3,35,324,6.7,11.2,.603,6.7,11.2,.603,0.0,0.0,,4.3,7.5,.571,13.1,2.0,1.1,3.0,2.1,9.4,17.8,,121.2,98.3
9,4,35,324,16.7,.603,.603,.000,.667,97,8.5,18.0,13.2,5.8,1.1,5.5,12.6,14.4,,0.7,0.5,1.2,.152,,0.1,2.1,2.2
10,0,36,892,102,146,.699,102,146,.699,0,0,,35,65,.538,91,149,240,36,29,38,37,105,239
10,1,36,24.8,2.8,4.1,.699,2.8,4.1,.699,0.0,0.0,,1.0,1.8,.538,6.7,1.0,0.8,1.1,1.0,2.9,6.6
10,2,36,892,4.6,6.5,.699,4.6,6.5,.699,0.0,0.0,,1.6,2.9,.538,10.8,1.6,1.3,1.7,1.7,4.7,10.7
10,3,36,892,6.6,9.4,.699,6.6,9.4,.699,0.0,0.0,,2.3,4.2,.538,15.5,2.3,1.9,2.5,2.4,6.8,15.4,,128.3,96.8
10,4,36,892,18.8,.676,.699,.000,.445,250,11.7,19.5,15.6,6.9,1.9,4.4,17.3,11.8,,2.1,1.6,3.7,.165,,2.9,3.8,6.6
11,0,33,900,114,253,.451,39,62,.629,75,191,.393,31,46,.674,18,59,77,39,36,2,20,67,334
11,1,33,27.3,3.5,7.7,.451,1.2,1.9,.629,2.3,5.8,.393,0.9,1.4,.674,2.3,1.2,1.1,0.1,0.6,2.0,10.1
11,2,33,900,5.1,11.2,.451,1.7,2.8,.629,3.3,8.5,.393,1.4,2.0,.674,3.4,1.7,1.6,0.1,0.9,3.0,14.8
11,3,33,900,7.3,16.2,.451,2.5,4.0,.629,4.8,12.2,.393,2.0,2.9,.674,4.9,2.5,2.3,0.1,1.3,4.3,21.4,,125.5,102.9
11,4,33,900,16.2,.608,.599,.755,.182,281,2.3,7.7,4.9,7.6,2.3,0.2,6.8,16.1,,2.3,1.0,3.3,.147,,5.3,-0.9,4.4
