0,0,23,184,16,32,.500,16,32,.500,0,0,,6,23,.261,28,38,66,8,6,7,10,15,38
0,1,23,8.0,0.7,1.4,.500,0.7,1.4,.500,0.0,0.0,,0.3,1.0,.261,2.9,0.3,0.3,0.3,0.4,0.7,1.7
0,2,23,184,3.5,7.0,.500,3.5,7.0,.500,0.0,0.0,,1.3,5.0,.261,14.3,1.7,1.3,1.5,2.2,3.3,8.3
0,3,23,184,5.2,10.4,.500,5.2,10.4,.500,0.0,0.0,,1.9,7.5,.261,21.4,2.6,1.9,2.3,3.2,4.9,12.3,,96.7,96.0
0,4,23,184,16.3,.443,.500,.000,.719,48,17.7,24.5,21.1,8.3,1.9,4.3,18.9,14.5,,0.1,0.3,0.4,.095,,-0.5,5.2,4.6
1,0,31,759,131,229,.572,131,229,.572,0,0,,80,112,.714,85,125,210,9,12,41,65,83,342
1,1,31,24.5,4.2,7.4,.572,4.2,7.4,.572,0.0,0.0,,2.6,3.6,.714,6.8,0.3,0.4,1.3,2.1,2.7,11.0
1,2,31,759,6.9,12.1,.572,6.9,12.1,.572,0.0,0.0,,4.2,5.9,.714,11.1,0.5,0.6,2.2,3.4,4.4,18.0
1,3,31,759,10.3,18.0,.572,10.3,18.0,.572,0.0,0.0,,6.3,8.8,.714,16.5,0.7,0.9,3.2,5.1,6.5,26.9,,109.1,99.4
1,4,31,759,22.0,.606,.572,.000,.489,312,13.0,19.5,16.2,2.7,0.9,6.1,18.7,23.1,,1.6,1.1,2.8,.146,,1.0,2.8,3.8
2,0,31,388,41,72,.569,41,72,.569,0,0,,14,33,.424,29,45,74,22,6,15,30,66,96
2,1,31,12.5,1.3,2.3,.569,1.3,2.3,.569,0.0,0.0,,0.5,1.1,.424,2.4,0.7,0.2,0.5,1.0,2.1,3.1
2,2,31,388,4.2,7.4,.569,4.2,7.4,.569,0.0,0.0,,1.4,3.4,.424,7.6,2.3,0.6,1.5,3.1,6.8,9.9
2,3,31,388,6.3,11.1,.569,6.3,11.1,.569,0.0,0.0,,2.2,5.1,.424,11.4,3.4,0.9,2.3,4.6,10.1,14.8,,95.6,102.6
2,4,31,388,11.2,.547,.569,.000,.458,100,8.7,13.8,11.2,11.2,0.9,4.4,25.5,15.3,,0.2,0.5,0.6,.067,,-0.9,4.2,3.3
3,0,31,964,134,341,.393,115,272,.423,19,69,.275,52,75,.693,20,70,90,182,28,1,102,42,339
3,1,31,31.1,4.3,11.0,.393,3.7,8.8,.423,0.6,2.2,.275,1.7,2.4,.693,2.9,5.9,0.9,0.0,3.3,1.4,10.9
3,2,31,964,5.6,14.1,.393,4.8,11.3,.423,0.8,2.9,.275,2.2,3.1,.693,3.7,7.6,1.2,0.0,4.2,1.7,14.1
3,3,31,964,8.3,21.1,.393,7.1,16.8,.423,1.2,4.3,.275,3.2,4.6,.693,5.6,11.3,1.7,0.1,6.3,2.6,21.0,,93.2,105.5
3,4,31,964,13.6,.450,.421,.202,.220,391,2.4,8.6,5.5,39.8,1.7,0.1,21.3,25.1,,0.5,0.9,1.3,.055,,0.4,0.3,0.7
4,0,31,782,92,162,.568,92,161,.571,0,1,.000,63,93,.677,70,125,195,17,26,9,35,88,247
4,1,31,25.2,3.0,5.2,.568,3.0,5.2,.571,0.0,0.0,.000,2.0,3.0,.677,6.3,0.5,0.8,0.3,1.1,2.8,8.0
4,2,31,782,4.7,8.3,.568,4.7,8.2,.571,0.0,0.1,.000,3.2,4.8,.677,10.0,0.9,1.3,0.5,1.8,4.5,12.6
4,3,31,782,7.0,12.4,.568,7.0,12.3,.571,0.0,0.1,.000,4.8,7.1,.677,14.9,1.3,2.0,0.7,2.7,6.7,18.8,,117.7,99.6
4,4,31,782,17.7,.599,.568,.006,.574,238,10.4,19.0,14.6,4.4,2.0,1.3,14.5,15.6,,1.7,1.1,2.8,.144,,2.2,2.9,5.1
5,0,3,9,0,3,.000,0,2,.000,0,1,.000,0,0,,0,0,0,1,1,0,0,1,0
5,1,3,3.0,0.0,1.0,.000,0.0,0.7,.000,0.0,0.3,.000,0.0,0.0,,0.0,0.3,0.3,0.0,0.0,0.3,0.0
5,2,3,9,0.0,13.3,.000,0.0,8.9,.000,0.0,4.4,.000,0.0,0.0,,0.0,4.4,4.4,0.0,0.0,4.4,0.0
5,3,3,9,0.0,19.9,.000,0.0,13.3,.000,0.0,6.6,.000,0.0,0.0,,0.0,6.6,6.6,0.0,0.0,6.6,0.0,,22.8,97.9
5,4,3,9,-4.8,.000,.000,.333,.000,0,0.0,0.0,0.0,18.1,6.6,0.0,0.0,16.8,,0.0,0.0,0.0,-.117,,-10.0,0.3,-9.6
6,0,29,972,118,299,.395,64,136,.471,54,163,.331,76,87,.874,9,62,71,53,38,3,42,44,366
6,1,29,33.5,4.1,10.3,.395,2.2,4.7,.471,1.9,5.6,.331,2.6,3.0,.874,2.4,1.8,1.3,0.1,1.4,1.5,12.6
6,2,29,972,4.9,12.3,.395,2.6,5.6,.471,2.2,6.7,.331,3.1,3.6,.874,2.9,2.2,1.6,0.1,1.7,1.8,15.1
6,3,29,972,7.2,18.4,.395,3.9,8.3,.471,3.3,10.0,.331,4.7,5.3,.874,4.4,3.3,2.3,0.2,2.6,2.7,22.5,,111.2,104.4
6,4,29,972,15.2,.538,.485,.545,.291,328,1.1,7.6,4.3,11.1,2.3,0.3,11.0,19.9,,1.9,1.0,2.8,.117,,4.0,1.3,5.2
7,0,31,593,66,174,.379,55,133,.414,11,41,.268,35,66,.530,19,55,74,41,21,2,34,41,178
7,1,31,19.1,2.1,5.6,.379,1.8,4.3,.414,0.4,1.3,.268,1.1,2.1,.530,2.4,1.3,0.7,0.1,1.1,1.3,5.7
7,2,31,593,4.5,11.7,.379,3.7,9.0,.414,0.7,2.8,.268,2.4,4.5,.530,5.0,2.8,1.4,0.1,2.3,2.8,12.0
7,3,31,593,6.6,17.5,.379,5.5,13.4,.414,1.1,4.1,.268,3.5,6.6,.530,7.4,4.1,2.1,0.2,3.4,4.1,17.9,,91.4,103.4
7,4,31,593,10.6,.433,.411,.236,.379,177,3.7,11.0,7.3,13.8,2.1,0.4,14.2,20.4,,0.1,0.7,0.8,.052,,-1.1,1.7,0.5
8,0,30,749,88,208,.423,62,142,.437,26,66,.394,32,53,.604,29,59,88,38,38,9,60,41,234
8,1,30,25.0,2.9,6.9,.423,2.1,4.7,.437,0.9,2.2,.394,1.1,1.8,.604,2.9,1.3,1.3,0.3,2.0,1.4,7.8
8,2,30,749,4.7,11.1,.423,3.3,7.6,.437,1.4,3.5,.394,1.7,2.8,.604,4.7,2.0,2.0,0.5,3.2,2.2,12.5
8,3,30,749,7.0,16.6,.423,4.9,11.3,.437,2.1,5.3,.394,2.5,4.2,.604,7.0,3.0,3.0,0.7,4.8,3.3,18.6,,92.0,101.6
8,4,30,749,12.3,.502,.486,.317,.255,220,4.5,9.3,6.9,10.2,3.0,1.4,20.5,19.8,,0.2,1.0,1.1,.061,,0.2,3.3,3.5
9,0,31,608,59,169,.349,35,85,.412,24,84,.286,37,46,.804,34,77,111,24,22,1,48,69,179
9,1,31,19.6,1.9,5.5,.349,1.1,2.7,.412,0.8,2.7,.286,1.2,1.5,.804,3.6,0.8,0.7,0.0,1.5,2.2,5.8
9,2,31,608,3.9,11.1,.349,2.3,5.6,.412,1.6,5.5,.286,2.4,3.0,.804,7.3,1.6,1.4,0.1,3.2,4.5,11.8
9,3,31,608,5.8,16.6,.349,3.4,8.3,.412,2.4,8.2,.286,3.6,4.5,.804,10.9,2.4,2.2,0.1,4.7,6.8,17.6,,90.2,101.5
9,4,31,608,9.8,.469,.420,.497,.272,176,6.5,15.0,10.7,7.7,2.2,0.2,20.1,19.8,,0.0,0.8,0.8,.055,,-0.4,1.8,1.3
10,0,5,104,6,21,.286,3,7,.429,3,14,.214,4,4,1.000,1,6,7,17,1,0,8,5,19
10,1,5,20.8,1.2,4.2,.286,0.6,1.4,.429,0.6,2.8,.214,0.8,0.8,1.000,1.4,3.4,0.2,0.0,1.6,1.0,3.8
10,2,5,104,2.3,8.1,.286,1.2,2.7,.429,1.2,5.4,.214,1.5,1.5,1.000,2.7,6.5,0.4,0.0,3.1,1.9,7.3
10,3,5,104,3.4,12.0,.286,1.7,4.0,.429,1.7,8.0,.214,2.3,2.3,1.000,4.0,9.8,0.6,0.0,4.6,2.9,10.9,,89.9,108.9
10,4,5,104,7.0,.415,.357,.667,.190,25,1.1,6.8,3.9,29.4,0.6,0.0,25.9,15.0,,0.0,0.1,0.1,.025,,-1.6,-1.8,-3.3
11,0,2,8,1,1,1.000,1,1,1.000,0,0,,0,0,,0,0,0,2,2,0,1,0,2
11,1,2,4.0,0.5,0.5,1.000,0.5,0.5,1.000,0.0,0.0,,0.0,0.0,,0.0,1.0,1.0,0.0,0.5,0.0,1.0
11,2,2,8,5.0,5.0,1.000,5.0,5.0,1.000,0.0,0.0,,0.0,0.0,,0.0,10.0,10.0,0.0,5.0,0.0,10.0
11,3,2,8,7.5,7.5,1.000,7.5,7.5,1.000,0.0,0.0,,0.0,0.0,,0.0,14.9,14.9,0.0,7.5,0.0,14.9,,115.6,79.5
11,4,2,8,31.3,1.000,1.000,.000,.000,3,0.0,0.0,0.0,51.3,14.9,0.0,50.0,12.6,,0.0,0.0,0.0,.222,,2.2,0.8,3.0
12,0,19,115,11,28,.393,4,5,.800,7,23,.304,3,5,.600,7,8,15,9,6,1,5,13,32
12,1,19,6.1,0.6,1.5,.393,0.2,0.3,.800,0.4,1.2,.304,0.2,0.3,.600,0.8,0.5,0.3,0.1,0.3,0.7,1.7
12,2,19,115,3.8,9.7,.393,1.4,1.7,.800,2.4,8.0,.304,1.0,1.7,.600,5.2,3.1,2.1,0.3,1.7,4.5,11.1
12,3,19,115,5.7,14.5,.393,2.1,2.6,.800,3.6,11.9,.304,1.6,2.6,.600,7.8,4.7,3.1,0.5,2.6,6.7,16.6,,111.9,101.8
12,4,19,115,14.6,.527,.518,.821,.179,33,7.1,8.3,7.7,15.1,3.1,1.0,14.1,15.5,,0.2,0.1,0.3,.118,,4.4,2.2,6.6
13,0,4,15,3,4,.750,1,1,1.000,2,3,.667,4,4,1.000,0,1,1,0,1,0,1,0,12
13,1,4,3.8,0.8,1.0,.750,0.3,0.3,1.000,0.5,0.8,.667,1.0,1.0,1.000,0.3,0.0,0.3,0.0,0.3,0.0,3.0
13,2,4,15,8.0,10.7,.750,2.7,2.7,1.000,5.3,8.0,.667,10.7,10.7,1.000,2.7,0.0,2.7,0.0,2.7,0.0,32.0
13,3,4,15,11.9,15.9,.750,4.0,4.0,1.000,8.0,11.9,.667,15.9,15.9,1.000,4.0,0.0,4.0,0.0,4.0,0.0,47.7,,169.2,100.9
13,4,4,15,42.7,1.017,1.000,.750,1.000,8,0.0,7.9,3.9,0.0,4.0,0.0,14.5,23.2,,0.1,0.0,0.1,.346,,15.2,-1.9,13.3
