0,0,18,135,11,18,.611,11,18,.611,0,0,,2,5,.400,10,24,34,3,6,6,12,17,24
0,1,18,7.5,0.6,1.0,.611,0.6,1.0,.611,0.0,0.0,,0.1,0.3,.400,1.9,0.2,0.3,0.3,0.7,0.9,1.3
0,2,18,135,3.3,5.3,.611,3.3,5.3,.611,0.0,0.0,,0.6,1.5,.400,10.1,0.9,1.8,1.8,3.6,5.0,7.1
0,3,18,135,4.8,7.8,.611,4.8,7.8,.611,0.0,0.0,,0.9,2.2,.400,14.8,1.3,2.6,2.6,5.2,7.4,10.4,,84.7,101.8
0,4,18,135,10.8,.589,.611,.000,.278,25,8.6,21.0,14.7,3.9,2.6,4.8,37.1,12.1,,0.0,0.2,0.1,.038,,-2.5,3.4,0.8
1,0,35,702,109,208,.524,109,208,.524,0,0,,69,105,.657,59,109,168,11,18,36,45,71,287
1,1,35,20.1,3.1,5.9,.524,3.1,5.9,.524,0.0,0.0,,2.0,3.0,.657,4.8,0.3,0.5,1.0,1.3,2.0,8.2
1,2,35,702,6.2,11.9,.524,6.2,11.9,.524,0.0,0.0,,3.9,6.0,.657,9.6,0.6,1.0,2.1,2.6,4.0,16.4
1,3,35,702,9.1,17.4,.524,9.1,17.4,.524,0.0,0.0,,5.8,8.8,.657,14.0,0.9,1.5,3.0,3.8,5.9,24.0,,107.2,105.1
1,4,35,702,19.4,.556,.524,.000,.505,265,9.7,18.3,14.0,3.2,1.5,5.6,14.9,21.7,,1.3,0.6,1.9,.110,,-0.2,0.7,0.5
2,0,30,237,15,24,.625,15,24,.625,0,0,,12,27,.444,18,26,44,6,11,4,17,43,42
2,1,30,7.9,0.5,0.8,.625,0.5,0.8,.625,0.0,0.0,,0.4,0.9,.444,1.5,0.2,0.4,0.1,0.6,1.4,1.4
2,2,30,237,2.5,4.1,.625,2.5,4.1,.625,0.0,0.0,,2.0,4.6,.444,7.4,1.0,1.9,0.7,2.9,7.3,7.1
2,3,30,237,3.7,5.9,.625,3.7,5.9,.625,0.0,0.0,,3.0,6.7,.444,10.9,1.5,2.7,1.0,4.2,10.6,10.4,,92.5,106.1
2,4,30,237,8.6,.570,.625,.000,1.125,46,8.8,12.9,10.8,4.4,2.7,1.8,31.6,11.4,,0.1,0.2,0.2,.041,,-0.8,1.6,0.8
3,0,32,757,70,199,.352,66,176,.375,4,23,.174,48,64,.750,8,59,67,154,29,2,79,44,192
3,1,32,23.7,2.2,6.2,.352,2.1,5.5,.375,0.1,0.7,.174,1.5,2.0,.750,2.1,4.8,0.9,0.1,2.5,1.4,6.0
3,2,32,757,3.7,10.5,.352,3.5,9.3,.375,0.2,1.2,.174,2.5,3.4,.750,3.5,8.1,1.5,0.1,4.2,2.3,10.1
3,3,32,757,5.4,15.4,.352,5.1,13.6,.375,0.3,1.8,.174,3.7,5.0,.750,5.2,11.9,2.2,0.2,6.1,3.4,14.9,,88.7,109.9
3,4,32,757,10.8,.418,.362,.116,.322,252,1.2,9.2,5.2,36.9,2.2,0.3,25.6,20.5,,0.0,0.3,0.3,.016,,-2.2,-1.8,-4.0
4,0,3,7,0,0,,0,0,,0,0,,0,0,,0,1,1,0,0,0,1,1,0
4,1,3,2.3,0.0,0.0,,0.0,0.0,,0.0,0.0,,0.0,0.0,,0.3,0.0,0.0,0.0,0.3,0.3,0.0
4,2,3,7,0.0,0.0,,0.0,0.0,,0.0,0.0,,0.0,0.0,,5.7,0.0,0.0,0.0,5.7,5.7,0.0
4,3,3,7,0.0,0.0,,0.0,0.0,,0.0,0.0,,0.0,0.0,,8.4,0.0,0.0,0.0,8.4,8.4,0.0,,0.0,111.7
4,4,3,7,-8.6,,,,,0,0.0,16.8,8.3,0.0,0.0,0.0,100.0,7.2,,0.0,0.0,0.0,-.136,,-11.2,-0.7,-12.0
5,0,4,9,1,2,.500,1,1,1.000,0,1,.000,2,2,1.000,0,1,1,0,0,0,1,0,4
5,1,4,2.3,0.3,0.5,.500,0.3,0.3,1.000,0.0,0.3,.000,0.5,0.5,1.000,0.3,0.0,0.0,0.0,0.3,0.0,1.0
5,2,4,9,4.4,8.9,.500,4.4,4.4,1.000,0.0,4.4,.000,8.9,8.9,1.000,4.4,0.0,0.0,0.0,4.4,0.0,17.8
5,3,4,9,6.5,13.0,.500,6.5,6.5,1.000,0.0,6.5,.000,13.0,13.0,1.000,6.5,0.0,0.0,0.0,6.5,0.0,26.1,,106.3,113.8
5,4,4,9,14.2,.678,.500,.500,1.000,3,0.0,13.1,6.5,0.0,0.0,0.0,25.3,22.1,,0.0,0.0,0.0,.072,,-1.7,-6.8,-8.4
6,0,35,1212,173,369,.469,98,186,.527,75,183,.410,111,130,.854,35,90,125,69,48,6,38,66,532
6,1,35,34.6,4.9,10.5,.469,2.8,5.3,.527,2.1,5.2,.410,3.2,3.7,.854,3.6,2.0,1.4,0.2,1.1,1.9,15.2
6,2,35,1212,5.7,12.2,.469,3.2,6.1,.527,2.5,6.0,.410,3.7,4.3,.854,4.1,2.3,1.6,0.2,1.3,2.2,17.6
6,3,35,1212,8.4,17.9,.469,4.7,9.0,.527,3.6,8.9,.410,5.4,6.3,.854,6.0,3.3,2.3,0.3,1.8,3.2,25.7,,128.8,109.8
6,4,35,1212,20.9,.618,.570,.496,.352,475,3.3,8.8,6.0,11.4,2.3,0.5,8.1,19.5,,4.2,0.5,4.8,.157,,7.7,-0.8,6.9
7,0,35,1031,139,319,.436,117,263,.445,22,56,.393,102,141,.723,39,94,133,126,53,14,61,57,402
7,1,35,29.5,4.0,9.1,.436,3.3,7.5,.445,0.6,1.6,.393,2.9,4.0,.723,3.8,3.6,1.5,0.4,1.7,1.6,11.5
7,2,35,1031,5.4,12.4,.436,4.5,10.2,.445,0.9,2.2,.393,4.0,5.5,.723,5.2,4.9,2.1,0.5,2.4,2.2,15.6
7,3,35,1031,7.9,18.2,.436,6.7,15.0,.445,1.3,3.2,.393,5.8,8.0,.723,7.6,7.2,3.0,0.8,3.5,3.2,22.9,,110.9,107.0
7,4,35,1031,19.8,.521,.470,.176,.442,422,4.4,10.8,7.5,24.0,3.0,1.5,13.6,21.8,,2.4,0.7,3.1,.122,,3.8,0.9,4.7
8,0,33,485,56,146,.384,42,105,.400,14,41,.341,15,24,.625,26,53,79,33,21,7,31,44,141
8,1,33,14.7,1.7,4.4,.384,1.3,3.2,.400,0.4,1.2,.341,0.5,0.7,.625,2.4,1.0,0.6,0.2,0.9,1.3,4.3
8,2,33,485,4.6,12.0,.384,3.5,8.7,.400,1.2,3.4,.341,1.2,2.0,.625,6.5,2.7,1.7,0.6,2.6,3.6,11.6
8,3,33,485,6.8,17.7,.384,5.1,12.7,.400,1.7,5.0,.341,1.8,2.9,.625,9.6,4.0,2.5,0.8,3.7,5.3,17.1,,92.7,107.0
8,4,33,485,11.9,.448,.432,.281,.164,146,6.2,12.9,9.5,12.9,2.5,1.6,16.5,19.6,,0.2,0.3,0.5,.043,,-0.4,0.4,0.0
9,0,35,751,99,200,.495,77,151,.510,22,49,.449,53,71,.746,63,98,161,36,29,9,60,119,273
9,1,35,21.5,2.8,5.7,.495,2.2,4.3,.510,0.6,1.4,.449,1.5,2.0,.746,4.6,1.0,0.8,0.3,1.7,3.4,7.8
9,2,35,751,5.3,10.7,.495,4.1,8.0,.510,1.2,2.6,.449,2.8,3.8,.746,8.6,1.9,1.5,0.5,3.2,6.3,14.5
9,3,35,751,7.7,15.6,.495,6.0,11.8,.510,1.7,3.8,.449,4.1,5.5,.746,12.6,2.8,2.3,0.7,4.7,9.3,21.3,,107.0,106.5
9,4,35,751,16.1,.584,.550,.245,.355,269,9.7,15.4,12.5,9.4,2.3,1.3,20.4,19.7,,1.3,0.6,1.9,.100,,2.8,0.5,3.3
10,0,8,19,1,5,.200,1,4,.250,0,1,.000,0,0,,1,0,1,0,0,0,2,2,2
10,1,8,2.4,0.1,0.6,.200,0.1,0.5,.250,0.0,0.1,.000,0.0,0.0,,0.1,0.0,0.0,0.0,0.3,0.3,0.3
10,2,8,19,2.1,10.5,.200,2.1,8.4,.250,0.0,2.1,.000,0.0,0.0,,2.1,0.0,0.0,0.0,4.2,4.2,4.2
10,3,8,19,3.1,15.4,.200,3.1,12.3,.250,0.0,3.1,.000,0.0,0.0,,3.1,0.0,0.0,0.0,6.2,6.2,6.2,,39.9,118.6
10,4,8,19,-9.6,.200,.200,.200,.000,2,6.1,0.0,3.1,0.0,0.0,0.0,28.6,18.6,,-0.1,0.0,-0.1,-.186,,-11.1,-4.8,-15.9
11,0,35,654,76,191,.398,31,70,.443,45,121,.372,26,36,.722,11,48,59,41,7,2,15,26,223
11,1,35,18.7,2.2,5.5,.398,0.9,2.0,.443,1.3,3.5,.372,0.7,1.0,.722,1.7,1.2,0.2,0.1,0.4,0.7,6.4
11,2,35,654,4.6,11.7,.398,1.9,4.3,.443,2.8,7.4,.372,1.6,2.2,.722,3.6,2.5,0.4,0.1,0.9,1.6,13.6
11,3,35,654,6.8,17.1,.398,2.8,6.3,.443,4.0,10.9,.372,2.3,3.2,.722,5.3,3.7,0.6,0.2,1.3,2.3,20.0,,116.6,113.8
11,4,35,654,13.8,.536,.516,.634,.188,202,1.9,8.7,5.3,11.9,0.6,0.3,6.7,17.2,,1.4,0.0,1.4,.087,,3.7,-3.1,0.7
12,0,18,90,9,19,.474,9,19,.474,0,0,,8,13,.615,9,13,22,3,4,8,9,12,26
12,1,18,5.0,0.5,1.1,.474,0.5,1.1,.474,0.0,0.0,,0.4,0.7,.615,1.2,0.2,0.2,0.4,0.5,0.7,1.4
12,2,18,90,4.0,8.4,.474,4.0,8.4,.474,0.0,0.0,,3.6,5.8,.615,9.8,1.3,1.8,3.6,4.0,5.3,11.6
12,3,18,90,5.9,12.4,.474,5.9,12.4,.474,0.0,0.0,,5.2,8.5,.615,14.3,2.0,2.6,5.2,5.9,7.8,16.9,,92.1,100.9
12,4,18,90,15.6,.516,.474,.000,.684,28,11.6,17.0,14.3,6.1,2.6,9.7,26.3,19.1,,0.0,0.1,0.1,.064,,-2.5,5.1,2.5
13,0,1,2,0,0,,0,0,,0,0,,0,0,,0,0,0,0,0,0,0,0,0
13,1,1,2.0,0.0,0.0,,0.0,0.0,,0.0,0.0,,0.0,0.0,,0.0,0.0,0.0,0.0,0.0,0.0,0.0
13,2,1,2,0.0,0.0,,0.0,0.0,,0.0,0.0,,0.0,0.0,,0.0,0.0,0.0,0.0,0.0,0.0,0.0
13,3,1,2,0.0,0.0,,0.0,0.0,,0.0,0.0,,0.0,0.0,,0.0,0.0,0.0,0.0,0.0,0.0,0.0,,,119.0
13,4,1,2,0.0,,,,,0,0.0,0.0,0.0,0.0,0.0,0.0,,0.0,,0.0,0.0,0.0,-.018,,-2.7,-0.1,-2.9
14,0,12,36,2,5,.400,2,5,.400,0,0,,0,0,,2,7,9,2,1,2,2,6,4
14,1,12,3.0,0.2,0.4,.400,0.2,0.4,.400,0.0,0.0,,0.0,0.0,,0.8,0.2,0.1,0.2,0.2,0.5,0.3
14,2,12,36,2.2,5.6,.400,2.2,5.6,.400,0.0,0.0,,0.0,0.0,,10.0,2.2,1.1,2.2,2.2,6.7,4.4
14,3,12,36,3.3,8.1,.400,3.3,8.1,.400,0.0,0.0,,0.0,0.0,,14.7,3.3,1.6,3.3,3.3,9.8,6.5,,82.6,102.4
14,4,12,36,8.2,.400,.400,.000,.000,5,6.4,22.9,14.6,9.4,1.6,6.0,28.6,9.8,,0.0,0.0,0.0,.033,,-3.6,4.3,0.7
15,0,12,39,5,9,.556,3,6,.500,2,3,.667,2,2,1.000,0,3,3,6,4,0,6,3,14
15,1,12,3.3,0.4,0.8,.556,0.3,0.5,.500,0.2,0.3,.667,0.2,0.2,1.000,0.3,0.5,0.3,0.0,0.5,0.3,1.2
15,2,12,39,5.1,9.2,.556,3.1,6.2,.500,2.1,3.1,.667,2.1,2.1,1.000,3.1,6.2,4.1,0.0,6.2,3.1,14.4
15,3,12,39,7.5,13.5,.556,4.5,9.0,.500,3.0,4.5,.667,3.0,3.0,1.000,4.5,9.0,6.0,0.0,9.0,4.5,21.1,,97.6,101.6
15,4,12,39,18.0,.704,.667,.333,.222,14,0.0,9.1,4.5,29.8,6.0,0.0,37.6,20.6,,0.0,0.0,0.1,.087,,1.1,0.2,1.3
16,0,35,834,136,270,.504,119,209,.569,17,61,.279,100,143,.699,73,126,199,31,31,23,49,73,389
16,1,35,23.8,3.9,7.7,.504,3.4,6.0,.569,0.5,1.7,.279,2.9,4.1,.699,5.7,0.9,0.9,0.7,1.4,2.1,11.1
16,2,35,834,6.5,12.9,.504,5.7,10.0,.569,0.8,2.9,.279,4.8,6.9,.699,9.5,1.5,1.5,1.1,2.4,3.5,18.7
16,3,35,834,9.6,19.0,.504,8.4,14.7,.569,1.2,4.3,.279,7.0,10.1,.699,14.0,2.2,2.2,1.6,3.4,5.1,27.4,,115.5,105.1
16,4,35,834,23.0,.576,.535,.226,.530,366,10.1,17.8,13.9,7.7,2.2,3.0,12.7,23.4,,2.4,0.7,3.2,.152,,4.1,0.4,4.5
