0,0,38,702,99,206,.481,99,205,.483,0,1,.000,61,93,.656,64,128,192,18,16,45,37,62,259
0,1,38,18.5,2.6,5.4,.481,2.6,5.4,.483,0.0,0.0,.000,1.6,2.4,.656,5.1,0.5,0.4,1.2,1.0,1.6,6.8
0,2,38,702,5.6,11.7,.481,5.6,11.7,.483,0.0,0.1,.000,3.5,5.3,.656,10.9,1.0,0.9,2.6,2.1,3.5,14.8
0,3,38,702,8.5,17.6,.481,8.5,17.5,.483,0.0,0.1,.000,5.2,8.0,.656,16.4,1.5,1.4,3.8,3.2,5.3,22.2,,106.3,91.1
0,4,38,702,19.5,.518,.481,.005,.451,243,10.2,19.7,15.0,5.7,1.4,6.8,12.9,20.5,,1.2,1.5,2.7,.156,,-0.3,4.9,4.6
1,0,38,638,55,146,.377,38,99,.384,17,47,.362,38,52,.731,15,47,62,105,21,8,63,68,165
1,1,38,16.8,1.4,3.8,.377,1.0,2.6,.384,0.4,1.2,.362,1.0,1.4,.731,1.6,2.8,0.6,0.2,1.7,1.8,4.3
1,2,38,638,3.4,9.2,.377,2.4,6.2,.384,1.1,2.9,.362,2.4,3.3,.731,3.9,6.6,1.3,0.5,3.9,4.3,10.3
1,3,38,638,5.2,13.7,.377,3.6,9.3,.384,1.6,4.4,.362,3.6,4.9,.731,5.8,9.9,2.0,0.8,5.9,6.4,15.5,,93.5,98.3
1,4,38,638,11.0,.483,.435,.322,.356,195,2.6,8.0,5.3,32.8,2.0,1.3,27.0,18.4,,0.3,1.0,1.3,.079,,-0.3,1.0,0.7
2,0,12,23,2,4,.500,0,0,,2,4,.500,0,0,,1,0,1,3,1,0,2,1,6
2,1,12,1.9,0.2,0.3,.500,0.0,0.0,,0.2,0.3,.500,0.0,0.0,,0.1,0.3,0.1,0.0,0.2,0.1,0.5
2,2,12,23,3.5,7.0,.500,0.0,0.0,,3.5,7.0,.500,0.0,0.0,,1.7,5.2,1.7,0.0,3.5,1.7,10.4
2,3,12,23,5.2,10.4,.500,0.0,0.0,,5.2,10.4,.500,0.0,0.0,,2.6,7.8,2.6,0.0,5.2,2.6,15.7,,114.1,101.8
2,4,12,23,14.5,.750,.750,1.000,.000,6,4.9,0.0,2.4,26.0,2.6,0.0,33.3,13.1,,0.0,0.0,0.1,.120,,3.9,-1.6,2.3
3,0,34,854,106,263,.403,73,159,.459,33,104,.317,50,63,.794,14,74,88,89,40,10,59,63,295
3,1,34,25.1,3.1,7.7,.403,2.1,4.7,.459,1.0,3.1,.317,1.5,1.9,.794,2.6,2.6,1.2,0.3,1.7,1.9,8.7
3,2,34,854,5.0,12.3,.403,3.4,7.4,.459,1.5,4.9,.317,2.3,3.0,.794,4.1,4.2,1.9,0.5,2.8,3.0,13.8
3,3,34,854,7.5,18.5,.403,5.1,11.2,.459,2.3,7.3,.317,3.5,4.4,.794,6.2,6.3,2.8,0.7,4.1,4.4,20.7,,101.0,95.9
3,4,34,854,14.6,.504,.466,.395,.240,285,1.8,9.4,5.7,22.5,2.8,1.2,16.8,20.7,,1.0,1.5,2.5,.118,,2.3,2.5,4.8
4,0,20,116,6,14,.429,6,12,.500,0,2,.000,5,12,.417,2,10,12,9,3,0,9,10,17
4,1,20,5.8,0.3,0.7,.429,0.3,0.6,.500,0.0,0.1,.000,0.3,0.6,.417,0.6,0.5,0.2,0.0,0.5,0.5,0.9
4,2,20,116,2.1,4.8,.429,2.1,4.1,.500,0.0,0.7,.000,1.7,4.1,.417,4.1,3.1,1.0,0.0,3.1,3.4,5.9
4,3,20,116,3.1,7.2,.429,3.1,6.2,.500,0.0,1.0,.000,2.6,6.2,.417,6.2,4.7,1.6,0.0,4.7,5.2,8.8,,75.7,99.3
4,4,20,116,4.2,.431,.429,.143,.857,19,1.9,9.3,5.7,14.5,1.6,0.0,31.4,12.4,,-0.1,0.2,0.1,.023,,-3.9,1.8,-2.1
5,0,37,1130,176,430,.409,127,280,.454,49,150,.327,153,189,.810,34,113,147,112,42,10,80,50,554
5,1,37,30.5,4.8,11.6,.409,3.4,7.6,.454,1.3,4.1,.327,4.1,5.1,.810,4.0,3.0,1.1,0.3,2.2,1.4,15.0
5,2,37,1130,6.2,15.2,.409,4.5,9.9,.454,1.7,5.3,.327,5.4,6.7,.810,5.2,4.0,1.5,0.4,2.8,1.8,19.6
5,3,37,1130,9.4,22.8,.409,6.7,14.9,.454,2.6,8.0,.327,8.1,10.0,.810,7.8,6.0,2.2,0.5,4.3,2.7,29.4,,110.3,96.8
5,4,37,1130,20.6,.533,.466,.349,.440,522,3.4,10.8,7.2,22.9,2.2,0.9,13.3,26.6,,3.0,1.9,4.9,.174,,5.3,1.8,7.2
6,0,38,828,70,155,.452,55,117,.470,15,38,.395,42,57,.737,42,97,139,68,34,8,23,67,197
6,1,38,21.8,1.8,4.1,.452,1.4,3.1,.470,0.4,1.0,.395,1.1,1.5,.737,3.7,1.8,0.9,0.2,0.6,1.8,5.2
6,2,38,828,3.4,7.5,.452,2.7,5.7,.470,0.7,1.8,.395,2.0,2.8,.737,6.7,3.3,1.6,0.4,1.1,3.2,9.5
6,3,38,828,5.1,11.2,.452,4.0,8.5,.470,1.1,2.8,.395,3.0,4.1,.737,10.1,4.9,2.5,0.6,1.7,4.9,14.3,,121.0,95.1
6,4,38,828,15.5,.541,.500,.245,.368,210,5.7,12.7,9.2,16.3,2.5,1.0,11.2,12.4,,1.7,1.5,3.2,.153,,3.2,4.0,7.2
7,0,38,593,73,195,.374,42,98,.429,31,97,.320,41,54,.759,46,95,141,48,30,5,40,100,218
7,1,38,15.6,1.9,5.1,.374,1.1,2.6,.429,0.8,2.6,.320,1.1,1.4,.759,3.7,1.3,0.8,0.1,1.1,2.6,5.7
7,2,38,593,4.9,13.2,.374,2.8,6.6,.429,2.1,6.5,.320,2.8,3.6,.759,9.5,3.2,2.0,0.3,2.7,6.7,14.7
7,3,38,593,7.4,19.7,.374,4.3,9.9,.429,3.1,9.8,.320,4.2,5.5,.759,14.3,4.9,3.0,0.5,4.0,10.1,22.1,,103.8,91.1
7,4,38,593,16.4,.494,.454,.497,.277,220,8.7,17.3,13.1,17.4,3.0,0.9,15.3,22.1,,1.0,1.3,2.3,.152,,3.7,3.3,7.0
8,0,37,601,52,190,.274,10,34,.294,42,156,.269,19,24,.792,5,45,50,38,12,3,19,19,165
8,1,37,16.2,1.4,5.1,.274,0.3,0.9,.294,1.1,4.2,.269,0.5,0.6,.792,1.4,1.0,0.3,0.1,0.5,0.5,4.5
8,2,37,601,3.5,12.6,.274,0.7,2.3,.294,2.8,10.4,.269,1.3,1.6,.792,3.3,2.5,0.8,0.2,1.3,1.3,11.0
8,3,37,601,5.2,19.0,.274,1.0,3.4,.294,4.2,15.6,.269,1.9,2.4,.792,5.0,3.8,1.2,0.3,1.9,1.9,16.5,,94.5,100.7
8,4,37,601,8.2,.410,.384,.821,.126,154,0.9,8.1,4.6,12.6,1.2,0.5,8.6,18.4,,0.3,0.8,1.1,.070,,0.8,-0.2,0.6
9,0,37,396,37,71,.521,37,71,.521,0,0,,25,36,.694,41,55,96,8,7,36,18,53,99
9,1,37,10.7,1.0,1.9,.521,1.0,1.9,.521,0.0,0.0,,0.7,1.0,.694,2.6,0.2,0.2,1.0,0.5,1.4,2.7
9,2,37,396,3.7,7.2,.521,3.7,7.2,.521,0.0,0.0,,2.5,3.6,.694,9.7,0.8,0.7,3.6,1.8,5.4,10.0
9,3,37,396,5.6,10.8,.521,5.6,10.8,.521,0.0,0.0,,3.8,5.5,.694,14.6,1.2,1.1,5.5,2.7,8.0,15.0,,112.2,92.5
9,4,37,396,16.6,.562,.521,.000,.507,101,11.6,15.0,13.3,4.1,1.1,9.6,17.0,13.5,,0.6,0.8,1.5,.147,,-0.1,6.7,6.7
10,0,12,20,3,6,.500,3,6,.500,0,0,,0,2,.000,1,6,7,1,0,0,0,1,6
10,1,12,1.7,0.3,0.5,.500,0.3,0.5,.500,0.0,0.0,,0.0,0.2,.000,0.6,0.1,0.0,0.0,0.0,0.1,0.5
10,2,12,20,6.0,12.0,.500,6.0,12.0,.500,0.0,0.0,,0.0,4.0,.000,14.0,2.0,0.0,0.0,0.0,2.0,12.0
10,3,12,20,9.0,18.0,.500,9.0,18.0,.500,0.0,0.0,,0.0,6.0,.000,21.0,3.0,0.0,0.0,0.0,3.0,18.0,,102.1,91.3
10,4,12,20,15.6,.432,.500,.000,.333,5,5.6,32.5,19.2,11.4,0.0,0.0,0.0,17.4,,0.0,0.0,0.1,.130,,-2.0,0.6,-1.4
11,0,12,38,3,11,.273,3,8,.375,0,3,.000,2,5,.400,4,11,15,1,0,2,6,3,8
11,1,12,3.2,0.3,0.9,.273,0.3,0.7,.375,0.0,0.3,.000,0.2,0.4,.400,1.3,0.1,0.0,0.2,0.5,0.3,0.7
11,2,12,38,3.2,11.6,.273,3.2,8.4,.375,0.0,3.2,.000,2.1,5.3,.400,15.8,1.1,0.0,2.1,6.3,3.2,8.4
11,3,12,38,4.7,17.4,.273,4.7,12.6,.375,0.0,4.7,.000,3.2,7.9,.400,23.7,1.6,0.0,3.2,9.5,4.7,12.6,,56.2,89.0
11,4,12,38,2.2,.299,.273,.273,.455,9,11.8,31.3,21.7,5.2,0.0,5.6,31.0,25.6,,-0.2,0.1,-0.1,-.069,,-11.7,2.2,-9.5
12,0,38,1109,140,299,.468,125,233,.536,15,66,.227,193,258,.748,88,146,234,51,41,27,62,54,488
12,1,38,29.2,3.7,7.9,.468,3.3,6.1,.536,0.4,1.7,.227,5.1,6.8,.748,6.2,1.3,1.1,0.7,1.6,1.4,12.8
12,2,38,1109,5.0,10.8,.468,4.5,8.4,.536,0.5,2.4,.227,7.0,9.3,.748,8.4,1.8,1.5,1.0,2.2,1.9,17.6
12,3,38,1109,7.6,16.2,.468,6.8,12.6,.536,0.8,3.6,.227,10.4,14.0,.748,12.7,2.8,2.2,1.5,3.4,2.9,26.4,,119.4,94.2
12,4,38,1109,22.9,.579,.493,.221,.863,466,8.9,14.2,11.6,10.0,2.2,2.6,12.8,21.9,,3.6,2.1,5.7,.204,,5.2,3.6,8.7
13,0,38,627,81,166,.488,81,166,.488,0,0,,26,51,.510,67,114,181,22,16,29,48,96,188
13,1,38,16.5,2.1,4.4,.488,2.1,4.4,.488,0.0,0.0,,0.7,1.3,.510,4.8,0.6,0.4,0.8,1.3,2.5,4.9
13,2,38,627,5.2,10.6,.488,5.2,10.6,.488,0.0,0.0,,1.7,3.3,.510,11.5,1.4,1.0,1.9,3.1,6.1,12.0
13,3,38,627,7.8,15.9,.488,7.8,15.9,.488,0.0,0.0,,2.5,4.9,.510,17.3,2.1,1.5,2.8,4.6,9.2,18.0,,94.4,91.4
13,4,38,627,14.4,.494,.488,.000,.307,188,12.0,19.7,15.9,7.6,1.5,4.9,20.1,19.1,,0.3,1.4,1.7,.109,,-1.4,4.7,3.4
