0,0,32,1066,149,338,.441,110,226,.487,39,112,.348,74,102,.725,69,162,231,79,32,2,82,61,411
0,1,32,33.3,4.7,10.6,.441,3.4,7.1,.487,1.2,3.5,.348,2.3,3.2,.725,7.2,2.5,1.0,0.1,2.6,1.9,12.8
0,2,32,1066,5.6,12.7,.441,4.1,8.5,.487,1.5,4.2,.348,2.8,3.8,.725,8.7,3.0,1.2,0.1,3.1,2.3,15.4
0,3,32,1066,7.9,17.9,.441,5.8,12.0,.487,2.1,5.9,.348,3.9,5.4,.725,12.3,4.2,1.7,0.1,4.4,3.2,21.8,,103.5,99.8
0,4,32,1066,16.6,.532,.499,.331,.302,418,7.0,16.2,11.6,13.9,1.7,0.2,17.5,21.5,,1.6,1.6,3.1,.117,,1.6,1.6,3.2
1,0,31,1111,152,357,.426,66,162,.407,86,195,.441,34,44,.773,8,89,97,77,23,0,47,29,424
1,1,31,35.8,4.9,11.5,.426,2.1,5.2,.407,2.8,6.3,.441,1.1,1.4,.773,3.1,2.5,0.7,0.0,1.5,0.9,13.7
1,2,31,1111,5.5,12.9,.426,2.4,5.8,.407,3.1,7.0,.441,1.2,1.6,.773,3.5,2.8,0.8,0.0,1.7,1.0,15.3
1,3,31,1111,7.7,18.2,.426,3.4,8.2,.407,4.4,9.9,.441,1.7,2.2,.773,4.9,3.9,1.2,0.0,2.4,1.5,21.6,,111.2,104.9
1,4,31,1111,14.8,.561,.546,.546,.123,380,0.8,8.5,4.7,13.0,1.2,0.0,11.1,18.7,,2.1,1.1,3.1,.113,,3.1,-0.3,2.8
2,0,32,889,121,249,.486,108,193,.560,13,56,.232,73,105,.695,93,121,214,39,39,7,56,104,328
2,1,32,27.8,3.8,7.8,.486,3.4,6.0,.560,0.4,1.8,.232,2.3,3.3,.695,6.7,1.2,1.2,0.2,1.8,3.3,10.3
2,2,32,889,5.4,11.2,.486,4.9,8.7,.560,0.6,2.5,.232,3.3,4.7,.695,9.6,1.8,1.8,0.3,2.5,4.7,14.8
2,3,32,889,7.7,15.8,.486,6.9,12.3,.560,0.8,3.6,.232,4.6,6.7,.695,13.6,2.5,2.5,0.4,3.6,6.6,20.9,,109.8,98.2
2,4,32,889,17.8,.549,.512,.225,.422,340,11.3,14.5,12.9,8.2,2.5,0.8,15.8,19.5,,1.7,1.4,3.2,.142,,2.2,2.1,4.3
3,0,32,1175,214,518,.413,155,333,.465,59,185,.319,66,80,.825,12,107,119,195,55,7,106,55,553
3,1,32,36.7,6.7,16.2,.413,4.8,10.4,.465,1.8,5.8,.319,2.1,2.5,.825,3.7,6.1,1.7,0.2,3.3,1.7,17.3
3,2,32,1175,7.3,17.6,.413,5.3,11.3,.465,2.0,6.3,.319,2.2,2.7,.825,4.1,6.6,1.9,0.2,3.6,1.9,18.8
3,3,32,1175,10.3,24.9,.413,7.5,16.0,.465,2.8,8.9,.319,3.2,3.9,.825,5.7,9.4,2.6,0.3,5.1,2.6,26.6,,101.7,100.6
3,4,32,1175,18.6,.497,.470,.357,.154,581,1.1,9.7,5.4,33.9,2.6,0.6,16.0,27.6,,1.9,1.6,3.6,.121,,2.6,0.7,3.3
4,0,29,583,62,112,.554,62,111,.559,0,1,.000,40,61,.656,63,94,157,16,29,27,27,72,164
4,1,29,20.1,2.1,3.9,.554,2.1,3.8,.559,0.0,0.0,.000,1.4,2.1,.656,5.4,0.6,1.0,0.9,0.9,2.5,5.7
4,2,29,583,4.3,7.7,.554,4.3,7.6,.559,0.0,0.1,.000,2.7,4.2,.656,10.8,1.1,2.0,1.9,1.9,4.9,11.3
4,3,29,583,6.0,10.9,.554,6.0,10.8,.559,0.0,0.1,.000,3.9,5.9,.656,15.2,1.6,2.8,2.6,2.6,7.0,15.9,,116.6,94.3
4,4,29,583,18.4,.582,.554,.009,.545,176,11.7,17.1,14.4,4.9,2.8,4.6,16.1,14.1,,1.1,1.2,2.3,.157,,0.8,4.9,5.7
5,0,5,5,0,0,,0,0,,0,0,,0,0,,0,0,0,0,0,0,1,0,0
5,1,5,1.0,0.0,0.0,,0.0,0.0,,0.0,0.0,,0.0,0.0,,0.0,0.0,0.0,0.0,0.2,0.0,0.0
5,2,5,5,0.0,0.0,,0.0,0.0,,0.0,0.0,,0.0,0.0,,0.0,0.0,0.0,0.0,8.0,0.0,0.0
5,3,5,5,0.0,0.0,,0.0,0.0,,0.0,0.0,,0.0,0.0,,0.0,0.0,0.0,0.0,11.3,0.0,0.0,,0.0,111.7
5,4,5,5,-11.8,,,,,0,0.0,0.0,0.0,0.0,0.0,0.0,100.0,9.8,,0.0,0.0,0.0,-.185,,-13.5,1.7,-11.8
6,0,14,54,7,15,.467,7,15,.467,0,0,,1,4,.250,1,7,8,1,1,3,2,7,15
6,1,14,3.9,0.5,1.1,.467,0.5,1.1,.467,0.0,0.0,,0.1,0.3,.250,0.6,0.1,0.1,0.2,0.1,0.5,1.1
6,2,14,54,5.2,11.1,.467,5.2,11.1,.467,0.0,0.0,,0.7,3.0,.250,5.9,0.7,0.7,2.2,1.5,5.2,11.1
6,3,14,54,7.3,15.7,.467,7.3,15.7,.467,0.0,0.0,,1.0,4.2,.250,8.4,1.0,1.0,3.1,2.1,7.3,15.7,,86.3,99.4
6,4,14,54,9.4,.444,.467,.000,.267,13,2.0,13.8,7.9,3.4,1.0,5.5,10.6,17.1,,0.0,0.1,0.1,.050,,-5.9,2.1,-3.8
7,0,8,9,0,2,.000,0,1,.000,0,1,.000,0,0,,0,1,1,0,0,0,0,1,0
7,1,8,1.1,0.0,0.3,.000,0.0,0.1,.000,0.0,0.1,.000,0.0,0.0,,0.1,0.0,0.0,0.0,0.0,0.1,0.0
7,2,8,9,0.0,8.9,.000,0.0,4.4,.000,0.0,4.4,.000,0.0,0.0,,4.4,0.0,0.0,0.0,0.0,4.4,0.0
7,3,8,9,0.0,12.6,.000,0.0,6.3,.000,0.0,6.3,.000,0.0,0.0,,6.3,0.0,0.0,0.0,0.0,6.3,0.0,,0.0,105.5
7,4,8,9,-9.0,.000,.000,.500,.000,0,0.0,11.8,6.0,0.0,0.0,0.0,0.0,10.9,,0.0,0.0,0.0,-.114,,-11.6,-2.5,-14.1
8,0,32,449,27,84,.321,15,48,.313,12,36,.333,42,55,.764,9,47,56,33,15,4,23,49,108
8,1,32,14.0,0.8,2.6,.321,0.5,1.5,.313,0.4,1.1,.333,1.3,1.7,.764,1.8,1.0,0.5,0.1,0.7,1.5,3.4
8,2,32,449,2.4,7.5,.321,1.3,4.3,.313,1.1,3.2,.333,3.7,4.9,.764,5.0,2.9,1.3,0.4,2.0,4.4,9.6
8,3,32,449,3.4,10.6,.321,1.9,6.0,.313,1.5,4.5,.333,5.3,6.9,.764,7.1,4.2,1.9,0.5,2.9,6.2,13.6,,101.0,101.1
8,4,32,449,9.8,.490,.393,.429,.655,116,2.2,11.1,6.7,12.0,1.9,0.9,17.3,14.5,,0.4,0.6,1.0,.086,,-1.2,1.4,0.2
9,0,8,77,8,23,.348,8,17,.471,0,6,.000,4,7,.571,9,10,19,4,2,0,4,5,20
9,1,8,9.6,1.0,2.9,.348,1.0,2.1,.471,0.0,0.8,.000,0.5,0.9,.571,2.4,0.5,0.3,0.0,0.5,0.6,2.5
9,2,8,77,4.2,11.9,.348,4.2,8.8,.471,0.0,3.1,.000,2.1,3.6,.571,9.9,2.1,1.0,0.0,2.1,2.6,10.4
9,3,8,77,5.9,16.9,.348,5.9,12.5,.471,0.0,4.4,.000,2.9,5.1,.571,14.0,2.9,1.5,0.0,2.9,3.7,14.7,,90.5,101.5
9,4,8,77,10.8,.380,.348,.261,.304,24,12.6,13.8,13.2,9.1,1.5,0.0,13.2,19.3,,0.0,0.1,0.1,.056,,-2.4,-0.1,-2.6
10,0,25,226,18,44,.409,17,42,.405,1,2,.500,13,22,.591,16,22,38,4,4,20,16,56,50
10,1,25,9.0,0.7,1.8,.409,0.7,1.7,.405,0.0,0.1,.500,0.5,0.9,.591,1.5,0.2,0.2,0.8,0.6,2.2,2.0
10,2,25,226,3.2,7.8,.409,3.0,7.4,.405,0.2,0.4,.500,2.3,3.9,.591,6.7,0.7,0.7,3.5,2.8,9.9,8.8
10,3,25,226,4.5,11.0,.409,4.3,10.5,.405,0.3,0.5,.500,3.3,5.5,.591,9.5,1.0,1.0,5.0,4.0,14.0,12.5,,86.0,98.9
10,4,25,226,7.4,.459,.420,.045,.500,53,7.7,10.3,9.0,3.0,1.0,8.7,22.7,15.3,,-0.1,0.3,0.3,.052,,-5.0,4.7,-0.3
11,0,29,831,112,251,.446,47,98,.480,65,153,.425,33,47,.702,36,124,160,32,16,48,34,85,322
11,1,29,28.7,3.9,8.7,.446,1.6,3.4,.480,2.2,5.3,.425,1.1,1.6,.702,5.5,1.1,0.6,1.7,1.2,2.9,11.1
11,2,29,831,5.4,12.1,.446,2.3,4.7,.480,3.1,7.4,.425,1.6,2.3,.702,7.7,1.5,0.8,2.3,1.6,4.1,15.5
11,3,29,831,7.6,17.1,.446,3.2,6.7,.480,4.4,10.4,.425,2.2,3.2,.702,10.9,2.2,1.1,3.3,2.3,5.8,21.9,,115.5,98.3
11,4,29,831,18.3,.589,.576,.610,.187,286,4.7,15.9,10.3,7.2,1.1,5.7,11.1,18.1,,1.8,1.3,3.1,.150,,3.2,3.2,6.4
