0,0,6,17,3,8,.375,2,7,.286,1,1,1.000,7,12,.583,6,2,8,0,0,0,2,3,14
0,1,6,2.8,0.5,1.3,.375,0.3,1.2,.286,0.2,0.2,1.000,1.2,2.0,.583,1.3,0.0,0.0,0.0,0.3,0.5,2.3
0,2,6,17,7.1,18.8,.375,4.7,16.5,.286,2.4,2.4,1.000,16.5,28.2,.583,18.8,0.0,0.0,0.0,4.7,7.1,32.9
0,3,6,17,10.1,27.0,.375,6.8,23.6,.286,3.4,3.4,1.000,23.6,40.5,.583,27.0,0.0,0.0,0.0,6.8,10.1,47.3,,110.4,112.4
0,4,6,17,32.1,.511,.438,.125,1.500,15,41.8,14.3,28.2,0.0,0.0,0.0,12.7,46.3,,0.1,0.0,0.1,.202,,-0.4,-17.4,-17.8
1,0,20,418,41,98,.418,40,86,.465,1,12,.083,23,31,.742,8,44,52,38,13,3,36,61,106
1,1,20,20.9,2.1,4.9,.418,2.0,4.3,.465,0.1,0.6,.083,1.2,1.6,.742,2.6,1.9,0.7,0.2,1.8,3.1,5.3
1,2,20,418,3.9,9.4,.418,3.8,8.2,.465,0.1,1.1,.083,2.2,3.0,.742,5.0,3.6,1.2,0.3,3.4,5.8,10.1
1,3,20,418,5.6,13.5,.418,5.5,11.8,.465,0.1,1.6,.083,3.2,4.3,.742,7.1,5.2,1.8,0.4,4.9,8.4,14.6,,87.1,108.6
1,4,20,418,7.9,.470,.423,.122,.316,113,2.3,12.8,7.5,17.2,1.8,0.8,24.2,17.8,,-0.1,0.2,0.2,.016,,-4.8,-1.0,-5.8
2,0,26,356,42,88,.477,30,53,.566,12,35,.343,12,19,.632,14,30,44,23,13,3,24,25,108
2,1,26,13.7,1.6,3.4,.477,1.2,2.0,.566,0.5,1.3,.343,0.5,0.7,.632,1.7,0.9,0.5,0.1,0.9,1.0,4.2
2,2,26,356,4.7,9.9,.477,3.4,6.0,.566,1.3,3.9,.343,1.3,2.1,.632,4.9,2.6,1.5,0.3,2.7,2.8,12.1
2,3,26,356,6.8,14.2,.477,4.8,8.5,.566,1.9,5.6,.343,1.9,3.1,.632,7.1,3.7,2.1,0.5,3.9,4.0,17.4,,101.7,109.0
2,4,26,356,13.1,.557,.545,.398,.216,105,4.7,10.2,7.4,12.7,2.1,0.9,19.8,17.0,,0.4,0.2,0.6,.062,,-1.0,-1.6,-2.5
3,0,30,962,207,465,.445,158,323,.489,49,142,.345,172,230,.748,39,137,176,36,41,18,77,90,635
3,1,30,32.1,6.9,15.5,.445,5.3,10.8,.489,1.6,4.7,.345,5.7,7.7,.748,5.9,1.2,1.4,0.6,2.6,3.0,21.2
3,2,30,962,8.6,19.3,.445,6.6,13.4,.489,2.0,5.9,.345,7.2,9.6,.748,7.3,1.5,1.7,0.7,3.2,3.7,26.4
3,3,30,962,12.4,27.8,.445,9.4,19.3,.489,2.9,8.5,.345,10.3,13.7,.748,10.5,2.1,2.4,1.1,4.6,5.4,37.9,,108.8,105.2
3,4,30,962,24.9,.553,.498,.305,.495,559,4.8,17.3,11.0,9.1,2.4,2.1,11.8,33.9,,2.9,0.9,3.7,.155,,2.0,-2.5,-0.6
4,0,29,528,82,149,.550,82,149,.550,0,0,,42,78,.538,54,77,131,26,11,20,56,66,206
4,1,29,18.2,2.8,5.1,.550,2.8,5.1,.550,0.0,0.0,,1.4,2.7,.538,4.5,0.9,0.4,0.7,1.9,2.3,7.1
4,2,29,528,6.2,11.3,.550,6.2,11.3,.550,0.0,0.0,,3.2,5.9,.538,9.9,2.0,0.8,1.5,4.2,5.0,15.6
4,3,29,528,8.9,16.2,.550,8.9,16.2,.550,0.0,0.0,,4.6,8.5,.538,14.2,2.8,1.2,2.2,6.1,7.2,22.4,,97.4,106.5
4,4,29,528,16.5,.554,.550,.000,.523,207,12.1,17.7,14.9,10.4,1.2,4.3,23.1,23.0,,0.5,0.4,0.9,.069,,-2.7,0.2,-2.4
5,0,20,435,44,116,.379,24,49,.490,20,67,.299,29,38,.763,2,40,42,37,18,1,41,25,137
5,1,20,21.8,2.2,5.8,.379,1.2,2.5,.490,1.0,3.4,.299,1.5,1.9,.763,2.1,1.9,0.9,0.1,2.1,1.3,6.9
5,2,20,435,4.0,10.7,.379,2.2,4.5,.490,1.8,6.2,.299,2.7,3.5,.763,3.9,3.4,1.7,0.1,3.8,2.3,12.6
5,3,20,435,5.8,15.3,.379,3.2,6.5,.490,2.6,8.8,.299,3.8,5.0,.763,5.5,4.9,2.4,0.1,5.4,3.3,18.1,,90.6,108.5
5,4,20,435,10.5,.511,.466,.578,.328,134,0.5,11.2,5.8,16.2,2.4,0.3,23.4,20.2,,0.1,0.2,0.3,.029,,-2.4,-2.0,-4.4
6,0,29,414,55,128,.430,29,58,.500,26,70,.371,15,24,.625,27,38,65,17,10,3,18,57,151
6,1,29,14.3,1.9,4.4,.430,1.0,2.0,.500,0.9,2.4,.371,0.5,0.8,.625,2.2,0.6,0.3,0.1,0.6,2.0,5.2
6,2,29,414,5.3,12.4,.430,2.8,5.6,.500,2.5,6.8,.371,1.4,2.3,.625,6.3,1.6,1.0,0.3,1.7,5.5,14.6
6,3,29,414,7.6,17.8,.430,4.0,8.0,.500,3.6,9.7,.371,2.1,3.3,.625,9.0,2.4,1.4,0.4,2.5,7.9,20.9,,110.2,110.0
6,4,29,414,14.2,.542,.531,.547,.188,142,7.7,11.1,9.4,8.3,1.4,0.8,11.4,19.0,,0.8,0.2,0.9,.091,,1.1,-3.0,-1.9
7,0,30,815,37,115,.322,11,42,.262,26,73,.356,28,32,.875,4,46,50,104,26,1,51,45,128
7,1,30,27.2,1.2,3.8,.322,0.4,1.4,.262,0.9,2.4,.356,0.9,1.1,.875,1.7,3.5,0.9,0.0,1.7,1.5,4.3
7,2,30,815,1.8,5.6,.322,0.5,2.1,.262,1.3,3.6,.356,1.4,1.6,.875,2.5,5.1,1.3,0.0,2.5,2.2,6.3
7,3,30,815,2.6,8.1,.322,0.8,3.0,.262,1.8,5.1,.356,2.0,2.3,.875,3.5,7.3,1.8,0.1,3.6,3.2,9.0,,96.0,111.2
7,4,30,815,7.9,.492,.435,.635,.278,164,0.6,6.8,3.7,21.9,1.8,0.1,28.1,11.1,,0.3,0.3,0.6,.029,,-2.3,-2.4,-4.7
8,0,29,742,152,258,.589,152,258,.589,0,0,,49,69,.710,48,100,148,30,8,17,42,71,353
8,1,29,25.6,5.2,8.9,.589,5.2,8.9,.589,0.0,0.0,,1.7,2.4,.710,5.1,1.0,0.3,0.6,1.4,2.4,12.2
8,2,29,742,8.2,13.9,.589,8.2,13.9,.589,0.0,0.0,,2.6,3.7,.710,8.0,1.6,0.4,0.9,2.3,3.8,19.0
8,3,29,742,11.8,20.0,.589,11.8,20.0,.589,0.0,0.0,,3.8,5.3,.710,11.5,2.3,0.6,1.3,3.3,5.5,27.3,,115.8,109.3
8,4,29,742,21.2,.607,.589,.000,.267,314,7.7,16.4,11.9,9.6,0.6,2.6,12.6,22.5,,2.1,0.4,2.4,.130,,0.7,-1.7,-1.0
9,0,25,338,20,63,.317,13,41,.317,7,22,.318,16,40,.400,14,43,57,24,17,1,22,27,63
9,1,25,13.5,0.8,2.5,.317,0.5,1.6,.317,0.3,0.9,.318,0.6,1.6,.400,2.3,1.0,0.7,0.0,0.9,1.1,2.5
9,2,25,338,2.4,7.5,.317,1.5,4.9,.317,0.8,2.6,.318,1.9,4.7,.400,6.7,2.8,2.0,0.1,2.6,3.2,7.5
9,3,25,338,3.4,10.7,.317,2.2,7.0,.317,1.2,3.7,.318,2.7,6.8,.400,9.7,4.1,2.9,0.2,3.7,4.6,10.7,,80.4,105.9
9,4,25,338,7.7,.384,.373,.349,.635,74,4.9,15.4,10.1,12.5,2.9,0.3,21.2,15.4,,-0.2,0.3,0.1,.007,,-4.6,-0.1,-4.7
10,0,3,6,1,1,1.000,1,1,1.000,0,0,,0,2,.000,0,1,1,0,0,0,1,0,2
10,1,3,2.0,0.3,0.3,1.000,0.3,0.3,1.000,0.0,0.0,,0.0,0.7,.000,0.3,0.0,0.0,0.0,0.3,0.0,0.7
10,2,3,6,6.7,6.7,1.000,6.7,6.7,1.000,0.0,0.0,,0.0,13.3,.000,6.7,0.0,0.0,0.0,6.7,0.0,13.3
10,3,3,6,9.6,9.6,1.000,9.6,9.6,1.000,0.0,0.0,,0.0,19.1,.000,9.6,0.0,0.0,0.0,9.6,0.0,19.1,,48.7,111.3
10,4,3,6,2.6,.513,1.000,.000,2.000,1,0.0,20.2,10.0,0.0,0.0,0.0,33.9,24.6,,0.0,0.0,0.0,-.168,,-14.0,-7.3,-21.3
11,0,30,641,46,116,.397,36,82,.439,10,34,.294,17,28,.607,34,67,101,50,23,1,39,84,119
11,1,30,21.4,1.5,3.9,.397,1.2,2.7,.439,0.3,1.1,.294,0.6,0.9,.607,3.4,1.7,0.8,0.0,1.3,2.8,4.0
11,2,30,641,2.9,7.2,.397,2.2,5.1,.439,0.6,2.1,.294,1.1,1.7,.607,6.3,3.1,1.4,0.1,2.4,5.2,7.4
11,3,30,641,4.1,10.4,.397,3.2,7.3,.439,0.9,3.0,.294,1.5,2.5,.607,9.0,4.5,2.1,0.1,3.5,7.5,10.7,,92.9,108.4
11,4,30,641,8.3,.460,.440,.293,.241,143,6.3,12.7,9.4,14.0,2.1,0.2,23.2,13.2,,0.2,0.4,0.5,.034,,-2.5,-0.3,-2.8
12,0,3,6,1,3,.333,1,1,1.000,0,2,.000,0,0,,0,1,1,0,0,0,0,2,2
12,1,3,2.0,0.3,1.0,.333,0.3,0.3,1.000,0.0,0.7,.000,0.0,0.0,,0.3,0.0,0.0,0.0,0.0,0.7,0.7
12,2,3,6,6.7,20.0,.333,6.7,6.7,1.000,0.0,13.3,.000,0.0,0.0,,6.7,0.0,0.0,0.0,0.0,13.3,13.3
12,3,3,6,9.6,28.7,.333,9.6,9.6,1.000,0.0,19.1,.000,0.0,0.0,,9.6,0.0,0.0,0.0,0.0,19.1,19.1,,75.2,109.6
12,4,3,6,0.4,.333,.333,.667,.000,2,0.0,20.2,10.0,0.0,0.0,0.0,0.0,25.0,,0.0,0.0,0.0,-.037,,-8.6,-10.5,-19.1
13,0,26,346,25,68,.368,13,29,.448,12,39,.308,14,18,.778,5,35,40,25,8,5,22,37,76
13,1,26,13.3,1.0,2.6,.368,0.5,1.1,.448,0.5,1.5,.308,0.5,0.7,.778,1.5,1.0,0.3,0.2,0.8,1.4,2.9
13,2,26,346,2.9,7.9,.368,1.5,3.4,.448,1.4,4.5,.308,1.6,2.1,.778,4.6,2.9,0.9,0.6,2.5,4.3,8.8
13,3,26,346,4.1,11.3,.368,2.2,4.8,.448,2.0,6.5,.308,2.3,3.0,.778,6.6,4.1,1.3,0.8,3.7,6.1,12.6,,92.8,109.5
13,4,26,346,7.9,.496,.456,.574,.265,79,1.7,12.3,6.9,13.0,1.3,1.6,22.3,14.3,,0.1,0.2,0.3,.030,,-3.2,-1.5,-4.6
