0,0,33,1015,49,135,.363,20,56,.357,29,79,.367,18,21,.857,19,80,99,96,39,1,44,44,145
0,1,33,30.8,1.5,4.1,.363,0.6,1.7,.357,0.9,2.4,.367,0.5,0.6,.857,3.0,2.9,1.2,0.0,1.3,1.3,4.4
0,2,33,1015,1.9,5.3,.363,0.8,2.2,.357,1.1,3.1,.367,0.7,0.8,.857,3.9,3.8,1.5,0.0,1.7,1.7,5.7
0,3,33,1015,3.1,8.4,.363,1.2,3.5,.357,1.8,4.9,.367,1.1,1.3,.857,6.2,6.0,2.4,0.1,2.7,2.7,9.0,,105.6,110.7
0,4,33,1015,10.1,.500,.470,.585,.156,186,2.4,10.0,6.3,15.9,2.4,0.1,23.3,10.1,,0.9,0.4,1.3,.051,,0.6,0.2,0.8
1,0,17,91,2,15,.133,1,5,.200,1,10,.100,7,9,.778,2,3,5,12,5,2,11,7,12
1,1,17,5.4,0.1,0.9,.133,0.1,0.3,.200,0.1,0.6,.100,0.4,0.5,.778,0.3,0.7,0.3,0.1,0.6,0.4,0.7
1,2,17,91,0.9,6.6,.133,0.4,2.2,.200,0.4,4.4,.100,3.1,4.0,.778,2.2,5.3,2.2,0.9,4.8,3.1,5.3
1,3,17,91,1.4,10.4,.133,0.7,3.5,.200,0.7,7.0,.100,4.9,6.3,.778,3.5,8.4,3.5,1.4,7.7,4.9,8.4,,66.7,109.3
1,4,17,91,3.6,.311,.167,.667,.600,19,2.8,4.2,3.5,21.3,3.5,2.4,36.3,18.0,,-0.2,0.0,-0.1,-.064,,-6.3,-0.8,-7.1
2,0,27,368,32,85,.376,8,18,.444,24,67,.358,2,2,1.000,5,28,33,17,7,1,10,30,90
2,1,27,13.6,1.2,3.1,.376,0.3,0.7,.444,0.9,2.5,.358,0.1,0.1,1.000,1.2,0.6,0.3,0.0,0.4,1.1,3.3
2,2,27,368,3.5,9.2,.376,0.9,2.0,.444,2.6,7.3,.358,0.2,0.2,1.000,3.6,1.8,0.8,0.1,1.1,3.3,9.8
2,3,27,368,5.5,14.6,.376,1.4,3.1,.444,4.1,11.5,.358,0.3,0.3,1.000,5.7,2.9,1.2,0.2,1.7,5.2,15.5,,112.4,113.3
2,4,27,368,10.4,.524,.518,.788,.024,85,1.8,9.7,5.7,8.3,1.2,0.3,10.4,14.1,,0.5,0.1,0.6,.065,,0.9,-2.9,-1.9
3,0,33,416,39,72,.542,39,68,.574,0,4,.000,8,18,.444,16,51,67,12,4,11,9,27,86
3,1,33,12.6,1.2,2.2,.542,1.2,2.1,.574,0.0,0.1,.000,0.2,0.5,.444,2.0,0.4,0.1,0.3,0.3,0.8,2.6
3,2,33,416,3.8,6.9,.542,3.8,6.5,.574,0.0,0.4,.000,0.8,1.7,.444,6.4,1.2,0.4,1.1,0.9,2.6,8.3
3,3,33,416,5.9,11.0,.542,5.9,10.4,.574,0.0,0.6,.000,1.2,2.7,.444,10.2,1.8,0.6,1.7,1.4,4.1,13.1,,114.0,111.0
3,4,33,416,12.6,.534,.542,.056,.250,86,5.0,15.6,10.3,5.3,0.6,2.9,10.1,11.7,,0.6,0.2,0.7,.070,,-1.6,-0.5,-2.1
4,0,9,74,7,15,.467,0,2,.000,7,13,.538,0,1,.000,1,2,3,2,3,1,5,2,21
4,1,9,8.2,0.8,1.7,.467,0.0,0.2,.000,0.8,1.4,.538,0.0,0.1,.000,0.3,0.2,0.3,0.1,0.6,0.2,2.3
4,2,9,74,3.8,8.1,.467,0.0,1.1,.000,3.8,7.0,.538,0.0,0.5,.000,1.6,1.1,1.6,0.5,2.7,1.1,11.4
4,3,9,74,6.0,12.8,.467,0.0,1.7,.000,6.0,11.1,.538,0.0,0.9,.000,2.6,1.7,2.6,0.9,4.3,1.7,18.0,,107.1,112.4
4,4,9,74,12.6,.679,.700,.867,.067,18,1.7,3.4,2.6,4.9,2.6,1.5,24.4,15.0,,0.1,0.0,0.1,.059,,1.5,-1.9,-0.4
5,0,14,28,0,4,.000,0,0,,0,4,.000,0,0,,1,3,4,2,0,2,1,3,0
5,1,14,2.0,0.0,0.3,.000,0.0,0.0,,0.0,0.3,.000,0.0,0.0,,0.3,0.1,0.0,0.1,0.1,0.2,0.0
5,2,14,28,0.0,5.7,.000,0.0,0.0,,0.0,5.7,.000,0.0,0.0,,5.7,2.9,0.0,2.9,1.4,4.3,0.0
5,3,14,28,0.0,9.0,.000,0.0,0.0,,0.0,9.0,.000,0.0,0.0,,9.0,4.5,0.0,4.5,2.3,6.8,0.0,,39.0,110.3
5,4,14,28,-0.7,.000,.000,1.000,.000,2,4.6,13.6,9.2,11.1,0.0,7.9,20.0,9.7,,-0.1,0.0,-0.1,-.077,,-7.2,2.3,-4.9
6,0,8,8,0,1,.000,0,1,.000,0,0,,0,0,,0,0,0,0,1,0,0,0,0
6,1,8,1.0,0.0,0.1,.000,0.0,0.1,.000,0.0,0.0,,0.0,0.0,,0.0,0.0,0.1,0.0,0.0,0.0,0.0
6,2,8,8,0.0,5.0,.000,0.0,5.0,.000,0.0,0.0,,0.0,0.0,,0.0,0.0,5.0,0.0,0.0,0.0,0.0
6,3,8,8,0.0,7.9,.000,0.0,7.9,.000,0.0,0.0,,0.0,0.0,,0.0,0.0,7.9,0.0,0.0,0.0,0.0,,0.0,102.8
6,4,8,8,2.5,.000,.000,.000,.000,0,0.0,0.0,0.0,0.0,7.9,0.0,0.0,6.8,,0.0,0.0,0.0,-.041,,-6.0,4.3,-1.6
7,0,32,1144,180,380,.474,115,205,.561,65,175,.371,161,196,.821,41,87,128,41,27,2,66,64,586
7,1,32,35.8,5.6,11.9,.474,3.6,6.4,.561,2.0,5.5,.371,5.0,6.1,.821,4.0,1.3,0.8,0.1,2.1,2.0,18.3
7,2,32,1144,6.3,13.3,.474,4.0,7.2,.561,2.3,6.1,.371,5.6,6.9,.821,4.5,1.4,0.9,0.1,2.3,2.2,20.5
7,3,32,1144,10.0,21.0,.474,6.4,11.3,.561,3.6,9.7,.371,8.9,10.9,.821,7.1,2.3,1.5,0.1,3.7,3.5,32.4,,123.9,112.8
7,4,32,1144,23.4,.619,.559,.461,.516,533,4.6,9.7,7.2,7.4,1.5,0.2,12.2,25.6,,4.6,0.2,4.8,.168,,5.5,-3.5,2.1
8,0,28,198,23,57,.404,19,45,.422,4,12,.333,19,22,.864,10,9,19,0,2,10,11,28,69
8,1,28,7.1,0.8,2.0,.404,0.7,1.6,.422,0.1,0.4,.333,0.7,0.8,.864,0.7,0.0,0.1,0.4,0.4,1.0,2.5
8,2,28,198,4.6,11.5,.404,3.8,9.1,.422,0.8,2.4,.333,3.8,4.4,.864,3.8,0.0,0.4,2.0,2.2,5.7,13.9
8,3,28,198,7.4,18.2,.404,6.1,14.4,.422,1.3,3.8,.333,6.1,7.0,.864,6.1,0.0,0.6,3.2,3.5,9.0,22.1,,102.8,113.0
8,4,28,198,12.4,.511,.439,.211,.386,64,6.5,5.8,6.2,0.0,0.6,5.6,14.0,21.5,,0.3,0.0,0.3,.059,,-4.0,-3.7,-7.8
9,0,6,55,2,12,.167,2,6,.333,0,6,.000,4,4,1.000,3,4,7,3,0,0,8,4,8
9,1,6,9.2,0.3,2.0,.167,0.3,1.0,.333,0.0,1.0,.000,0.7,0.7,1.000,1.2,0.5,0.0,0.0,1.3,0.7,1.3
9,2,6,55,1.5,8.7,.167,1.5,4.4,.333,0.0,4.4,.000,2.9,2.9,1.000,5.1,2.2,0.0,0.0,5.8,2.9,5.8
9,3,6,55,2.3,13.8,.167,2.3,6.9,.333,0.0,6.9,.000,4.6,4.6,1.000,8.1,3.5,0.0,0.0,9.2,4.6,9.2,,55.4,116.4
9,4,6,55,-4.3,.288,.167,.500,.333,11,7.0,9.3,8.2,9.0,0.0,0.0,36.5,21.6,,-0.2,0.0,-0.2,-.151,,-10.0,-3.9,-13.9
10,0,33,777,134,213,.629,130,207,.628,4,6,.667,34,45,.756,108,119,227,12,18,26,36,113,306
10,1,33,23.5,4.1,6.5,.629,3.9,6.3,.628,0.1,0.2,.667,1.0,1.4,.756,6.9,0.4,0.5,0.8,1.1,3.4,9.3
10,2,33,777,6.9,11.0,.629,6.7,10.7,.628,0.2,0.3,.667,1.8,2.3,.756,11.7,0.6,0.9,1.3,1.9,5.8,15.8
10,3,33,777,10.9,17.4,.629,10.6,16.9,.628,0.3,0.5,.667,2.8,3.7,.756,18.5,1.0,1.5,2.1,2.9,9.2,24.9,,130.6,106.7
10,4,33,777,25.5,.653,.638,.028,.211,310,17.9,19.5,18.7,3.3,1.5,3.7,13.3,18.9,,3.0,0.6,3.6,.188,,3.7,-0.9,2.8
11,0,33,1103,131,280,.468,103,209,.493,28,71,.394,73,86,.849,19,89,108,86,39,3,49,48,363
11,1,33,33.4,4.0,8.5,.468,3.1,6.3,.493,0.8,2.2,.394,2.2,2.6,.849,3.3,2.6,1.2,0.1,1.5,1.5,11.0
11,2,33,1103,4.8,10.2,.468,3.7,7.6,.493,1.0,2.6,.394,2.6,3.1,.849,3.9,3.1,1.4,0.1,1.8,1.7,13.2
11,3,33,1103,7.5,16.1,.468,5.9,12.0,.493,1.6,4.1,.394,4.2,4.9,.849,6.2,4.9,2.2,0.2,2.8,2.8,20.8,,117.6,111.0
11,4,33,1103,17.6,.566,.518,.254,.307,364,2.2,10.3,6.3,14.9,2.2,0.3,13.2,18.2,,2.7,0.4,3.1,.113,,2.1,-0.9,1.1
12,0,25,165,11,24,.458,11,24,.458,0,0,,7,11,.636,11,22,33,1,3,3,2,43,29
12,1,25,6.6,0.4,1.0,.458,0.4,1.0,.458,0.0,0.0,,0.3,0.4,.636,1.3,0.0,0.1,0.1,0.1,1.7,1.2
12,2,25,165,2.7,5.8,.458,2.7,5.8,.458,0.0,0.0,,1.7,2.7,.636,8.0,0.2,0.7,0.7,0.5,10.4,7.0
12,3,25,165,4.2,9.2,.458,4.2,9.2,.458,0.0,0.0,,2.7,4.2,.636,12.7,0.4,1.2,1.2,0.8,16.5,11.1,,118.4,108.7
12,4,25,165,8.6,.496,.458,.000,.458,31,8.6,17.0,12.8,1.1,1.2,2.0,6.4,10.3,,0.2,0.1,0.3,.082,,-2.2,-1.8,-4.1
13,0,33,1208,244,513,.476,204,393,.519,40,120,.333,121,165,.733,69,142,211,78,45,26,113,88,649
13,1,33,36.6,7.4,15.5,.476,6.2,11.9,.519,1.2,3.6,.333,3.7,5.0,.733,6.4,2.4,1.4,0.8,3.4,2.7,19.7
13,2,33,1208,8.1,17.0,.476,6.8,13.0,.519,1.3,4.0,.333,4.0,5.5,.733,7.0,2.6,1.5,0.9,3.7,2.9,21.5
13,3,33,1208,12.8,26.9,.476,10.7,20.6,.519,2.1,6.3,.333,6.3,8.7,.733,11.1,4.1,2.4,1.4,5.9,4.6,34.0,,107.7,107.6
13,4,33,1208,24.4,.549,.515,.234,.322,628,7.4,15.0,11.2,14.7,2.4,2.4,16.0,31.6,,3.3,0.9,4.2,.138,,2.0,-0.3,1.7
