0,0,32,1074,83,198,.419,76,159,.478,7,39,.179,103,143,.720,42,174,216,117,35,24,70,82,276
0,1,32,33.6,2.6,6.2,.419,2.4,5.0,.478,0.2,1.2,.179,3.2,4.5,.720,6.8,3.7,1.1,0.8,2.2,2.6,8.6
0,2,32,1074,3.1,7.4,.419,2.8,5.9,.478,0.3,1.5,.179,3.8,5.3,.720,8.0,4.4,1.3,0.9,2.6,3.1,10.3
0,3,32,1074,4.6,11.0,.419,4.2,8.9,.478,0.4,2.2,.179,5.7,8.0,.720,12.0,6.5,1.9,1.3,3.9,4.6,15.4,,102.9,109.4
0,4,32,1074,15.0,.519,.437,.197,.722,327,4.7,19.7,12.1,20.5,1.9,2.2,20.8,16.7,,1.0,0.9,1.9,.070,,-1.5,0.5,-1.0
1,0,16,94,5,18,.278,5,15,.333,0,3,.000,9,11,.818,1,7,8,8,2,0,9,7,19
1,1,16,5.9,0.3,1.1,.278,0.3,0.9,.333,0.0,0.2,.000,0.6,0.7,.818,0.5,0.5,0.1,0.0,0.6,0.4,1.2
1,2,16,94,2.1,7.7,.278,2.1,6.4,.333,0.0,1.3,.000,3.8,4.7,.818,3.4,3.4,0.9,0.0,3.8,3.0,8.1
1,3,16,94,3.2,11.5,.278,3.2,9.5,.333,0.0,1.9,.000,5.7,7.0,.818,5.1,5.1,1.3,0.0,5.7,4.5,12.1,,74.1,116.1
1,4,16,94,3.7,.409,.278,.167,.611,22,1.3,9.1,5.1,15.3,1.3,0.0,27.9,18.3,,-0.1,0.0,-0.1,-.055,,-8.6,-4.2,-12.8
2,0,25,827,149,356,.419,116,251,.462,33,105,.314,63,93,.677,14,67,81,44,24,11,47,45,394
2,1,25,33.1,6.0,14.2,.419,4.6,10.0,.462,1.3,4.2,.314,2.5,3.7,.677,3.2,1.8,1.0,0.4,1.9,1.8,15.8
2,2,25,827,7.2,17.2,.419,5.6,12.1,.462,1.6,5.1,.314,3.0,4.5,.677,3.9,2.1,1.2,0.5,2.3,2.2,19.1
2,3,25,827,10.8,25.8,.419,8.4,18.2,.462,2.4,7.6,.314,4.6,6.7,.677,5.9,3.2,1.7,0.8,3.4,3.3,28.5,,97.4,114.0
2,4,25,827,16.1,.492,.465,.295,.261,362,2.0,9.9,5.9,12.4,1.7,1.3,10.5,28.8,,0.6,0.3,0.9,.043,,-1.4,-4.1,-5.5
3,0,32,803,88,176,.500,71,128,.555,17,48,.354,35,47,.745,38,110,148,23,9,11,32,56,228
3,1,32,25.1,2.8,5.5,.500,2.2,4.0,.555,0.5,1.5,.354,1.1,1.5,.745,4.6,0.7,0.3,0.3,1.0,1.8,7.1
3,2,32,803,4.4,8.8,.500,3.5,6.4,.555,0.8,2.4,.354,1.7,2.3,.745,7.4,1.1,0.4,0.5,1.6,2.8,11.4
3,3,32,803,6.6,13.1,.500,5.3,9.5,.555,1.3,3.6,.354,2.6,3.5,.745,11.0,1.7,0.7,0.8,2.4,4.2,17.0,,110.4,113.9
3,4,32,803,13.5,.575,.548,.273,.267,223,5.7,16.7,11.1,5.7,0.7,1.3,13.9,15.3,,1.0,0.3,1.4,.069,,-1.6,-2.7,-4.3
4,0,29,411,35,106,.330,8,23,.348,27,83,.325,11,11,1.000,1,31,32,24,8,2,11,27,108
4,1,29,14.2,1.2,3.7,.330,0.3,0.8,.348,0.9,2.9,.325,0.4,0.4,1.000,1.1,0.8,0.3,0.1,0.4,0.9,3.7
4,2,29,411,3.4,10.3,.330,0.8,2.2,.348,2.6,8.1,.325,1.1,1.1,1.000,3.1,2.3,0.8,0.2,1.1,2.6,10.5
4,3,29,411,5.1,15.4,.330,1.2,3.3,.348,3.9,12.1,.325,1.6,1.6,1.000,4.7,3.5,1.2,0.3,1.6,3.9,15.7,,100.9,116.0
4,4,29,411,9.3,.486,.458,.783,.104,103,0.3,9.2,4.7,11.1,1.2,0.5,9.0,15.8,,0.3,0.1,0.3,.034,,-1.4,-4.5,-5.9
5,0,21,122,17,25,.680,17,25,.680,0,0,,9,11,.818,12,15,27,3,4,1,4,22,43
5,1,21,5.8,0.8,1.2,.680,0.8,1.2,.680,0.0,0.0,,0.4,0.5,.818,1.3,0.1,0.2,0.0,0.2,1.0,2.0
5,2,21,122,5.6,8.2,.680,5.6,8.2,.680,0.0,0.0,,3.0,3.6,.818,8.9,1.0,1.3,0.3,1.3,7.2,14.1
5,3,21,122,8.3,12.3,.680,8.3,12.3,.680,0.0,0.0,,4.4,5.4,.818,13.2,1.5,2.0,0.5,2.0,10.8,21.1,,138.8,111.5
5,4,21,122,20.3,.711,.680,.000,.440,43,11.8,15.0,13.3,5.2,2.0,0.8,11.7,14.9,,0.4,0.1,0.5,.161,,1.4,-3.0,-1.6
6,0,16,338,54,123,.439,28,58,.483,26,65,.400,16,17,.941,4,29,33,20,11,1,23,31,150
6,1,16,21.1,3.4,7.7,.439,1.8,3.6,.483,1.6,4.1,.400,1.0,1.1,.941,2.1,1.3,0.7,0.1,1.4,1.9,9.4
6,2,16,338,6.4,14.6,.439,3.3,6.9,.483,3.1,7.7,.400,1.9,2.0,.941,3.9,2.4,1.3,0.1,2.7,3.7,17.8
6,3,16,338,9.6,21.8,.439,5.0,10.3,.483,4.6,11.5,.400,2.8,3.0,.941,5.8,3.5,1.9,0.2,4.1,5.5,26.5,,104.4,113.8
6,4,16,338,15.9,.572,.545,.528,.138,135,1.4,10.4,5.9,13.2,1.9,0.3,14.9,24.3,,0.5,0.1,0.6,.070,,0.7,-4.5,-3.9
7,0,2,4,2,3,.667,1,2,.500,1,1,1.000,0,0,,0,0,0,0,0,0,2,1,5
7,1,2,2.0,1.0,1.5,.667,0.5,1.0,.500,0.5,0.5,1.000,0.0,0.0,,0.0,0.0,0.0,0.0,1.0,0.5,2.5
7,2,2,4,20.0,30.0,.667,10.0,20.0,.500,10.0,10.0,1.000,0.0,0.0,,0.0,0.0,0.0,0.0,20.0,10.0,50.0
7,3,2,4,29.9,44.9,.667,15.0,29.9,.500,15.0,15.0,1.000,0.0,0.0,,0.0,0.0,0.0,0.0,29.9,15.0,74.8,,70.6,121.5
7,4,2,4,21.4,.833,.833,.333,.000,3,0.0,0.0,0.0,0.0,0.0,0.0,40.0,66.6,,0.0,0.0,0.0,-.244,,-7.5,-14.1,-21.6
8,0,32,1049,120,277,.433,104,222,.468,16,55,.291,61,75,.813,12,74,86,62,29,6,60,57,317
8,1,32,32.8,3.8,8.7,.433,3.3,6.9,.468,0.5,1.7,.291,1.9,2.3,.813,2.7,1.9,0.9,0.2,1.9,1.8,9.9
8,2,32,1049,4.6,10.6,.433,4.0,8.5,.468,0.6,2.1,.291,2.3,2.9,.813,3.3,2.4,1.1,0.2,2.3,2.2,12.1
8,3,32,1049,6.8,15.8,.433,5.9,12.7,.468,0.9,3.1,.291,3.5,4.3,.813,4.9,3.5,1.7,0.3,3.4,3.3,18.1,,95.9,115.1
8,4,32,1049,11.0,.507,.462,.199,.271,309,1.4,8.6,4.9,11.9,1.7,0.6,16.1,18.9,,0.3,0.3,0.7,.025,,-2.9,-2.7,-5.6
9,0,30,911,149,300,.497,149,298,.500,0,2,.000,75,105,.714,61,107,168,17,22,35,40,96,373
9,1,30,30.4,5.0,10.0,.497,5.0,9.9,.500,0.0,0.1,.000,2.5,3.5,.714,5.6,0.6,0.7,1.2,1.3,3.2,12.4
9,2,30,911,6.5,13.2,.497,6.5,13.1,.500,0.0,0.1,.000,3.3,4.6,.714,7.4,0.7,1.0,1.5,1.8,4.2,16.4
9,3,30,911,9.8,19.7,.497,9.8,19.6,.500,0.0,0.1,.000,4.9,6.9,.714,11.0,1.1,1.4,2.3,2.6,6.3,24.5,,107.3,111.4
9,4,30,911,18.3,.533,.497,.007,.350,358,8.0,14.3,11.1,4.2,1.4,3.7,10.3,22.8,,1.4,0.6,2.0,.089,,-2.2,-2.2,-4.4
10,0,18,259,31,69,.449,24,45,.533,7,24,.292,22,27,.815,15,32,47,6,2,0,18,19,91
10,1,18,14.4,1.7,3.8,.449,1.3,2.5,.533,0.4,1.3,.292,1.2,1.5,.815,2.6,0.3,0.1,0.0,1.0,1.1,5.1
10,2,18,259,4.8,10.7,.449,3.7,6.9,.533,1.1,3.7,.292,3.4,4.2,.815,7.3,0.9,0.3,0.0,2.8,2.9,14.1
10,3,18,259,7.2,15.9,.449,5.5,10.4,.533,1.6,5.5,.292,5.1,6.2,.815,10.9,1.4,0.5,0.0,4.2,4.4,21.0,,101.8,115.7
10,4,18,259,12.7,.556,.500,.348,.391,89,6.9,15.0,10.9,4.7,0.5,0.0,18.0,20.5,,0.2,0.1,0.3,.047,,-2.9,-5.5,-8.3
11,0,13,39,6,19,.316,5,14,.357,1,5,.200,5,8,.625,0,6,6,0,0,1,1,1,18
11,1,13,3.0,0.5,1.5,.316,0.4,1.1,.357,0.1,0.4,.200,0.4,0.6,.625,0.5,0.0,0.0,0.1,0.1,0.1,1.4
11,2,13,39,6.2,19.5,.316,5.1,14.4,.357,1.0,5.1,.200,5.1,8.2,.625,6.2,0.0,0.0,1.0,1.0,1.0,18.5
11,3,13,39,9.2,29.1,.316,7.7,21.5,.357,1.5,7.7,.200,7.7,12.3,.625,9.2,0.0,0.0,1.5,1.5,1.5,27.6,,83.1,114.1
11,4,13,39,10.5,.395,.342,.263,.421,15,0.0,18.7,9.3,0.0,0.0,2.5,4.2,32.5,,0.0,0.0,0.0,-.033,,-10.9,-11.0,-21.9
12,0,32,484,43,114,.377,38,94,.404,5,20,.250,13,21,.619,20,49,69,9,15,6,29,72,104
12,1,32,15.1,1.3,3.6,.377,1.2,2.9,.404,0.2,0.6,.250,0.4,0.7,.619,2.2,0.3,0.5,0.2,0.9,2.3,3.3
12,2,32,484,3.6,9.4,.377,3.1,7.8,.404,0.4,1.7,.250,1.1,1.7,.619,5.7,0.7,1.2,0.5,2.4,6.0,8.6
12,3,32,484,5.3,14.1,.377,4.7,11.6,.404,0.6,2.5,.250,1.6,2.6,.619,8.5,1.1,1.9,0.7,3.6,8.9,12.9,,78.9,112.6
12,4,32,484,5.3,.419,.399,.175,.184,105,4.9,12.3,8.6,3.6,1.9,1.2,19.0,16.8,,-0.5,0.3,-0.2,-.020,,-6.9,-2.5,-9.4
