0,0,7,75,1,11,.091,1,6,.167,0,5,.000,0,1,.000,2,8,10,9,2,1,5,7,2
0,1,7,10.7,0.1,1.6,.091,0.1,0.9,.167,0.0,0.7,.000,0.0,0.1,.000,1.4,1.3,0.3,0.1,0.7,1.0,0.3
0,2,7,75,0.5,5.9,.091,0.5,3.2,.167,0.0,2.7,.000,0.0,0.5,.000,5.3,4.8,1.1,0.5,2.7,3.7,1.1
0,3,7,75,0.8,8.9,.091,0.8,4.8,.167,0.0,4.0,.000,0.0,0.8,.000,8.1,7.3,1.6,0.8,4.0,5.6,1.6,,47.8,115.3
0,4,7,75,-0.1,.087,.091,.455,.091,8,3.3,13.5,8.3,20.2,1.6,1.4,30.3,11.9,,-0.2,0.0,-0.2,-.112,,-9.6,-2.5,-12.1
1,0,4,119,12,43,.279,11,35,.314,1,8,.125,16,21,.762,2,7,9,9,7,3,10,9,41
1,1,4,29.8,3.0,10.8,.279,2.8,8.8,.314,0.3,2.0,.125,4.0,5.3,.762,2.3,2.3,1.8,0.8,2.5,2.3,10.3
1,2,4,119,4.0,14.5,.279,3.7,11.8,.314,0.3,2.7,.125,5.4,7.1,.762,3.0,3.0,2.4,1.0,3.4,3.0,13.8
1,3,4,119,6.1,21.8,.279,5.6,17.8,.314,0.5,4.1,.125,8.1,10.7,.762,4.6,4.6,3.6,1.5,5.1,4.6,20.8,,78.5,112.6
1,4,4,119,9.9,.387,.291,.186,.488,42,2.1,7.5,4.7,14.9,3.6,2.6,15.9,28.7,,-0.2,0.0,-0.1,-.050,,-7.1,-3.3,-10.4
2,0,32,1001,90,266,.338,32,96,.333,58,170,.341,23,28,.821,8,85,93,74,28,7,35,70,261
2,1,32,31.3,2.8,8.3,.338,1.0,3.0,.333,1.8,5.3,.341,0.7,0.9,.821,2.9,2.3,0.9,0.2,1.1,2.2,8.2
2,2,32,1001,3.6,10.6,.338,1.3,3.8,.333,2.3,6.8,.341,0.9,1.1,.821,3.7,3.0,1.1,0.3,1.4,2.8,10.4
2,3,32,1001,5.4,16.1,.338,1.9,5.8,.333,3.5,10.3,.341,1.4,1.7,.821,5.6,4.5,1.7,0.4,2.1,4.2,15.8,,96.5,116.6
2,4,32,1001,10.5,.467,.447,.639,.105,262,1.0,10.8,5.8,14.3,1.7,0.7,11.1,17.0,,0.6,-0.3,0.4,.015,,-1.0,-3.9,-5.0
3,0,32,639,69,137,.504,64,129,.496,5,8,.625,28,47,.596,60,82,142,35,19,2,26,42,171
3,1,32,20.0,2.2,4.3,.504,2.0,4.0,.496,0.2,0.3,.625,0.9,1.5,.596,4.4,1.1,0.6,0.1,0.8,1.3,5.3
3,2,32,639,4.3,8.6,.504,4.0,8.1,.496,0.3,0.5,.625,1.8,2.9,.596,8.9,2.2,1.2,0.1,1.6,2.6,10.7
3,3,32,639,6.5,13.0,.504,6.1,12.2,.496,0.5,0.8,.625,2.6,4.4,.596,13.4,3.3,1.8,0.2,2.5,4.0,16.2,,112.0,114.6
3,4,32,639,16.4,.537,.522,.058,.343,195,11.5,16.3,13.8,11.0,1.8,0.3,14.0,15.7,,1.2,0.0,1.2,.073,,-0.5,-2.9,-3.4
4,0,32,1066,139,251,.554,129,229,.563,10,22,.455,38,62,.613,57,150,207,45,22,16,69,76,326
4,1,32,33.3,4.3,7.8,.554,4.0,7.2,.563,0.3,0.7,.455,1.2,1.9,.613,6.5,1.4,0.7,0.5,2.2,2.4,10.2
4,2,32,1066,5.2,9.4,.554,4.8,8.6,.563,0.4,0.8,.455,1.4,2.3,.613,7.8,1.7,0.8,0.6,2.6,2.9,12.2
4,3,32,1066,7.9,14.2,.554,7.3,13.0,.563,0.6,1.2,.455,2.2,3.5,.613,11.7,2.6,1.2,0.9,3.9,4.3,18.5,,102.6,114.5
4,4,32,1066,14.9,.581,.574,.088,.247,319,6.5,17.9,12.1,8.8,1.2,1.5,19.7,17.8,,1.3,-0.1,1.2,.046,,-1.6,-2.5,-4.1
5,0,19,623,98,227,.432,58,124,.468,40,103,.388,34,44,.773,15,44,59,42,27,8,64,40,270
5,1,19,32.8,5.2,11.9,.432,3.1,6.5,.468,2.1,5.4,.388,1.8,2.3,.773,3.1,2.2,1.4,0.4,3.4,2.1,14.2
5,2,19,623,6.3,14.6,.432,3.7,8.0,.468,2.6,6.6,.388,2.2,2.8,.773,3.8,2.7,1.7,0.5,4.1,2.6,17.3
5,3,19,623,9.5,22.0,.432,5.6,12.0,.468,3.9,10.0,.388,3.3,4.3,.773,5.7,4.1,2.6,0.8,6.2,3.9,26.2,,93.1,114.9
5,4,19,623,15.5,.545,.520,.454,.194,250,2.9,9.0,5.9,15.0,2.6,1.3,20.5,27.1,,0.4,-0.1,0.3,.019,,-0.5,-3.9,-4.4
6,0,28,419,53,133,.398,15,33,.455,38,100,.380,14,19,.737,1,28,29,23,8,3,22,41,158
6,1,28,15.0,1.9,4.8,.398,0.5,1.2,.455,1.4,3.6,.380,0.5,0.7,.737,1.0,0.8,0.3,0.1,0.8,1.5,5.6
6,2,28,419,5.1,12.7,.398,1.4,3.2,.455,3.6,9.5,.380,1.3,1.8,.737,2.8,2.2,0.8,0.3,2.1,3.9,15.1
6,3,28,419,7.6,19.2,.398,2.2,4.8,.455,5.5,14.4,.380,2.0,2.7,.737,4.2,3.3,1.2,0.4,3.2,5.9,22.8,,101.9,118.5
6,4,28,419,12.7,.556,.541,.752,.143,139,0.3,8.5,4.3,11.4,1.2,0.7,13.4,21.2,,0.5,-0.2,0.4,.033,,0.3,-6.6,-6.3
7,0,18,144,9,34,.265,5,10,.500,4,24,.167,2,4,.500,0,13,13,2,2,4,3,8,24
7,1,18,8.0,0.5,1.9,.265,0.3,0.6,.500,0.2,1.3,.167,0.1,0.2,.500,0.7,0.1,0.1,0.2,0.2,0.4,1.3
7,2,18,144,2.5,9.4,.265,1.4,2.8,.500,1.1,6.7,.167,0.6,1.1,.500,3.6,0.6,0.6,1.1,0.8,2.2,6.7
7,3,18,144,3.8,14.3,.265,2.1,4.2,.500,1.7,10.1,.167,0.8,1.7,.500,5.5,0.8,0.8,1.7,1.3,3.4,10.1,,68.5,117.1
7,4,18,144,3.4,.334,.324,.706,.118,21,0.0,11.5,5.6,2.5,0.8,2.9,7.7,14.6,,-0.2,0.0,-0.2,-.065,,-6.8,-4.7,-11.5
8,0,14,59,6,11,.545,6,10,.600,0,1,.000,2,4,.500,2,10,12,3,0,0,8,21,14
8,1,14,4.2,0.4,0.8,.545,0.4,0.7,.600,0.0,0.1,.000,0.1,0.3,.500,0.9,0.2,0.0,0.0,0.6,1.5,1.0
8,2,14,59,4.1,7.5,.545,4.1,6.8,.600,0.0,0.7,.000,1.4,2.7,.500,8.1,2.0,0.0,0.0,5.4,14.2,9.5
8,3,14,59,6.1,11.3,.545,6.1,10.2,.600,0.0,1.0,.000,2.0,4.1,.500,12.3,3.1,0.0,0.0,8.2,21.5,14.3,,73.6,115.7
8,4,14,59,0.2,.543,.545,.091,.364,14,4.1,21.5,12.7,10.0,0.0,0.0,38.3,19.2,,-0.1,0.0,-0.1,-.066,,-9.2,-5.1,-14.3
9,0,27,710,153,263,.582,153,262,.584,0,1,.000,65,97,.670,50,86,136,26,8,30,51,73,371
9,1,27,26.3,5.7,9.7,.582,5.7,9.7,.584,0.0,0.0,.000,2.4,3.6,.670,5.0,1.0,0.3,1.1,1.9,2.7,13.7
9,2,27,710,8.6,14.8,.582,8.6,14.8,.584,0.0,0.1,.000,3.7,5.5,.670,7.7,1.5,0.5,1.7,2.9,4.1,20.9
9,3,27,710,13.0,22.4,.582,13.0,22.3,.584,0.0,0.1,.000,5.5,8.3,.670,11.6,2.2,0.7,2.6,4.3,6.2,31.6,,110.1,115.0
9,4,27,710,23.7,.600,.582,.004,.369,336,8.6,15.4,11.9,9.3,0.7,4.3,14.2,27.5,,2.0,-0.1,1.9,.105,,0.3,-3.5,-3.3
10,0,32,934,100,248,.403,70,168,.417,30,80,.375,48,76,.632,5,78,83,109,36,1,77,79,278
10,1,32,29.2,3.1,7.8,.403,2.2,5.3,.417,0.9,2.5,.375,1.5,2.4,.632,2.6,3.4,1.1,0.0,2.4,2.5,8.7
10,2,32,934,4.3,10.6,.403,3.0,7.2,.417,1.3,3.4,.375,2.1,3.3,.632,3.6,4.7,1.5,0.0,3.3,3.4,11.9
10,3,32,934,6.5,16.0,.403,4.5,10.9,.417,1.9,5.2,.375,3.1,4.9,.632,5.4,7.1,2.3,0.1,5.0,5.1,18.0,,91.2,115.5
10,4,32,934,11.3,.489,.464,.323,.306,298,0.7,10.6,5.5,23.3,2.3,0.1,21.3,20.9,,0.3,-0.2,0.1,.005,,-2.8,-4.1,-6.9
11,0,2,5,1,3,.333,1,3,.333,0,0,,0,0,,1,4,5,0,0,0,0,0,2
11,1,2,2.5,0.5,1.5,.333,0.5,1.5,.333,0.0,0.0,,0.0,0.0,,2.5,0.0,0.0,0.0,0.0,0.0,1.0
11,2,2,5,8.0,24.0,.333,8.0,24.0,.333,0.0,0.0,,0.0,0.0,,40.0,0.0,0.0,0.0,0.0,0.0,16.0
11,3,2,5,12.1,36.3,.333,12.1,36.3,.333,0.0,0.0,,0.0,0.0,,60.4,0.0,0.0,0.0,0.0,0.0,24.2,,86.0,87.4
11,4,2,5,27.8,.333,.333,.000,.000,2,24.4,100.0,62.3,0.0,0.0,0.0,0.0,32.5,,0.0,0.0,0.0,.087,,-18.7,-19.4,-38.1
12,0,32,706,59,158,.373,23,59,.390,36,99,.364,24,36,.667,7,41,48,43,18,0,32,39,178
12,1,32,22.1,1.8,4.9,.373,0.7,1.8,.390,1.1,3.1,.364,0.8,1.1,.667,1.5,1.3,0.6,0.0,1.0,1.2,5.6
12,2,32,706,3.3,9.0,.373,1.3,3.3,.390,2.0,5.6,.364,1.4,2.0,.667,2.7,2.4,1.0,0.0,1.8,2.2,10.1
12,3,32,706,5.1,13.5,.373,2.0,5.1,.390,3.1,8.5,.364,2.1,3.1,.667,4.1,3.7,1.5,0.0,2.7,3.3,15.2,,96.9,118.7
12,4,32,706,9.5,.508,.487,.627,.228,174,1.2,7.4,4.2,11.6,1.5,0.0,15.5,15.9,,0.4,-0.3,0.1,.007,,-1.7,-5.1,-6.8
