0,0,32,476,28,77,.364,18,44,.409,10,33,.303,38,54,.704,24,36,60,24,21,4,28,46,104
0,1,32,14.9,0.9,2.4,.364,0.6,1.4,.409,0.3,1.0,.303,1.2,1.7,.704,1.9,0.8,0.7,0.1,0.9,1.4,3.3
0,2,32,476,2.4,6.5,.364,1.5,3.7,.409,0.8,2.8,.303,3.2,4.5,.704,5.0,2.0,1.8,0.3,2.4,3.9,8.7
0,3,32,476,3.5,9.7,.364,2.3,5.6,.409,1.3,4.2,.303,4.8,6.8,.704,7.6,3.0,2.7,0.5,3.5,5.8,13.2,,100.8,110.0
0,4,32,476,10.6,.507,.429,.429,.701,114,5.9,9.6,7.6,8.8,2.7,0.9,21.4,14.0,,0.4,0.2,0.6,.050,,-0.8,-1.6,-2.4
1,0,32,951,110,244,.451,76,162,.469,34,82,.415,82,105,.781,27,80,107,54,38,19,58,59,336
1,1,32,29.7,3.4,7.6,.451,2.4,5.1,.469,1.1,2.6,.415,2.6,3.3,.781,3.3,1.7,1.2,0.6,1.8,1.8,10.5
1,2,32,951,4.6,10.3,.451,3.2,6.8,.469,1.4,3.4,.415,3.4,4.4,.781,4.5,2.3,1.6,0.8,2.4,2.5,14.1
1,3,32,951,7.0,15.4,.451,4.8,10.3,.469,2.2,5.2,.415,5.2,6.6,.781,6.8,3.4,2.4,1.2,3.7,3.7,21.3,,111.2,109.7
1,4,32,951,16.9,.572,.520,.336,.430,320,3.3,10.6,6.8,11.0,2.4,2.0,16.5,18.9,,1.9,0.4,2.3,.098,,1.3,-1.4,-0.1
2,0,25,349,35,87,.402,7,17,.412,28,70,.400,15,17,.882,8,25,33,14,11,2,11,30,113
2,1,25,14.0,1.4,3.5,.402,0.3,0.7,.412,1.1,2.8,.400,0.6,0.7,.882,1.3,0.6,0.4,0.1,0.4,1.2,4.5
2,2,25,349,4.0,10.0,.402,0.8,1.9,.412,3.2,8.0,.400,1.7,1.9,.882,3.8,1.6,1.3,0.2,1.3,3.4,13.0
2,3,25,349,6.0,15.0,.402,1.2,2.9,.412,4.8,12.1,.400,2.6,2.9,.882,5.7,2.4,1.9,0.3,1.9,5.2,19.5,,123.5,112.1
2,4,25,349,14.7,.594,.563,.805,.195,102,2.7,9.1,5.7,7.5,1.9,0.6,10.4,15.5,,0.8,0.1,0.9,.106,,2.8,-3.9,-1.1
3,0,32,770,86,160,.538,86,155,.555,0,5,.000,28,42,.667,75,62,137,28,12,5,39,64,200
3,1,32,24.1,2.7,5.0,.538,2.7,4.8,.555,0.0,0.2,.000,0.9,1.3,.667,4.3,0.9,0.4,0.2,1.2,2.0,6.3
3,2,32,770,4.5,8.3,.538,4.5,8.1,.555,0.0,0.3,.000,1.5,2.2,.667,7.1,1.5,0.6,0.3,2.0,3.3,10.4
3,3,32,770,6.7,12.5,.538,6.7,12.1,.555,0.0,0.4,.000,2.2,3.3,.667,10.7,2.2,0.9,0.4,3.0,5.0,15.6,,111.6,113.7
3,4,32,770,13.6,.556,.538,.031,.263,216,11.4,10.2,10.8,7.0,0.9,0.7,17.8,14.5,,1.3,0.1,1.3,.070,,0.3,-2.7,-2.4
4,0,31,395,41,85,.482,39,80,.488,2,5,.400,11,18,.611,22,38,60,11,8,6,16,36,95
4,1,31,12.7,1.3,2.7,.482,1.3,2.6,.488,0.1,0.2,.400,0.4,0.6,.611,1.9,0.4,0.3,0.2,0.5,1.2,3.1
4,2,31,395,4.2,8.6,.482,3.9,8.1,.488,0.2,0.5,.400,1.1,1.8,.611,6.1,1.1,0.8,0.6,1.6,3.6,9.6
4,3,31,395,6.2,13.0,.482,5.9,12.2,.488,0.3,0.8,.400,1.7,2.7,.611,9.1,1.7,1.2,0.9,2.4,5.5,14.5,,103.9,111.8
4,4,31,395,11.2,.508,.494,.059,.212,95,6.5,12.2,9.2,5.3,1.2,1.6,14.6,14.2,,0.4,0.1,0.5,.051,,-2.4,-2.6,-5.0
5,0,4,15,2,5,.400,0,1,.000,2,4,.500,0,0,,0,0,0,0,1,0,3,2,6
5,1,4,3.8,0.5,1.3,.400,0.0,0.3,.000,0.5,1.0,.500,0.0,0.0,,0.0,0.0,0.3,0.0,0.8,0.5,1.5
5,2,4,15,5.3,13.3,.400,0.0,2.7,.000,5.3,10.7,.500,0.0,0.0,,0.0,0.0,2.7,0.0,8.0,5.3,16.0
5,3,4,15,8.0,20.1,.400,0.0,4.0,.000,8.0,16.1,.500,0.0,0.0,,0.0,0.0,4.0,0.0,12.0,8.0,24.1,,70.5,111.0
5,4,4,15,3.5,.600,.600,.800,.000,5,0.0,0.0,0.0,0.0,4.0,0.0,37.5,27.3,,0.0,0.0,0.0,-.080,,-5.6,-5.0,-10.6
6,0,3,6,1,1,1.000,1,1,1.000,0,0,,2,2,1.000,0,0,0,0,0,2,0,2,4
6,1,3,2.0,0.3,0.3,1.000,0.3,0.3,1.000,0.0,0.0,,0.7,0.7,1.000,0.0,0.0,0.0,0.7,0.0,0.7,1.3
6,2,3,6,6.7,6.7,1.000,6.7,6.7,1.000,0.0,0.0,,13.3,13.3,1.000,0.0,0.0,0.0,13.3,0.0,13.3,26.7
6,3,3,6,10.0,10.0,1.000,10.0,10.0,1.000,0.0,0.0,,20.1,20.1,1.000,0.0,0.0,0.0,20.1,0.0,20.1,40.1,,226.9,101.5
6,4,3,6,46.4,1.026,1.000,.000,2.000,3,0.0,0.0,0.0,0.0,0.0,34.1,0.0,16.6,,0.1,0.0,0.1,.418,,8.4,11.6,20.0
7,0,32,331,51,124,.411,50,118,.424,1,6,.167,22,36,.611,28,43,71,12,8,13,10,49,125
7,1,32,10.3,1.6,3.9,.411,1.6,3.7,.424,0.0,0.2,.167,0.7,1.1,.611,2.2,0.4,0.3,0.4,0.3,1.5,3.9
7,2,32,331,6.2,15.0,.411,6.0,14.3,.424,0.1,0.7,.167,2.7,4.4,.611,8.6,1.5,1.0,1.6,1.2,5.9,15.1
7,3,32,331,9.3,22.6,.411,9.1,21.5,.424,0.2,1.1,.167,4.0,6.5,.611,12.9,2.2,1.5,2.4,1.8,8.9,22.7,,103.8,108.1
7,4,32,331,16.7,.443,.415,.048,.290,125,9.9,16.4,13.0,7.6,1.5,4.0,6.6,23.3,,0.5,0.2,0.7,.088,,-2.8,-2.6,-5.4
8,0,20,184,15,39,.385,7,15,.467,8,24,.333,2,5,.400,4,16,20,15,5,2,7,19,40
8,1,20,9.2,0.8,2.0,.385,0.4,0.8,.467,0.4,1.2,.333,0.1,0.3,.400,1.0,0.8,0.3,0.1,0.4,1.0,2.0
8,2,20,184,3.3,8.5,.385,1.5,3.3,.467,1.7,5.2,.333,0.4,1.1,.400,4.3,3.3,1.1,0.4,1.5,4.1,8.7
8,3,20,184,4.9,12.8,.385,2.3,4.9,.467,2.6,7.9,.333,0.7,1.6,.400,6.5,4.9,1.6,0.7,2.3,6.2,13.1,,105.0,111.5
8,4,20,184,10.2,.483,.487,.615,.128,43,2.5,11.0,6.6,14.8,1.6,1.1,14.5,13.4,,0.2,0.1,0.2,.053,,-0.7,-3.1,-3.8
9,0,16,85,5,24,.208,4,15,.267,1,9,.111,3,4,.750,0,3,3,10,7,0,7,12,14
9,1,16,5.3,0.3,1.5,.208,0.3,0.9,.267,0.1,0.6,.111,0.2,0.3,.750,0.2,0.6,0.4,0.0,0.4,0.8,0.9
9,2,16,85,2.4,11.3,.208,1.9,7.1,.267,0.5,4.2,.111,1.4,1.9,.750,1.4,4.7,3.3,0.0,3.3,5.6,6.6
9,3,16,85,3.5,17.0,.208,2.8,10.6,.267,0.7,6.4,.111,2.1,2.8,.750,2.1,7.1,5.0,0.0,5.0,8.5,9.9,,64.3,107.2
9,4,16,85,2.3,.270,.229,.375,.167,17,0.0,4.5,2.1,20.5,5.0,0.0,21.3,19.8,,-0.2,0.1,-0.1,-.065,,-7.5,-3.2,-10.6
10,0,32,761,116,210,.552,114,207,.551,2,3,.667,47,60,.783,83,103,186,30,25,9,52,107,281
10,1,32,23.8,3.6,6.6,.552,3.6,6.5,.551,0.1,0.1,.667,1.5,1.9,.783,5.8,0.9,0.8,0.3,1.6,3.3,8.8
10,2,32,761,6.1,11.0,.552,6.0,10.9,.551,0.1,0.2,.667,2.5,3.2,.783,9.8,1.6,1.3,0.5,2.7,5.6,14.8
10,3,32,761,9.2,16.6,.552,9.0,16.4,.551,0.2,0.2,.667,3.7,4.7,.783,14.7,2.4,2.0,0.7,4.1,8.5,22.2,,113.9,108.2
10,4,32,761,19.4,.589,.557,.014,.286,286,12.7,17.1,14.8,8.2,2.0,1.2,17.9,19.5,,1.9,0.5,2.3,.121,,1.2,-1.8,-0.5
11,0,31,1102,110,278,.396,71,168,.423,39,110,.355,89,104,.856,14,77,91,108,32,2,59,49,348
11,1,31,35.5,3.5,9.0,.396,2.3,5.4,.423,1.3,3.5,.355,2.9,3.4,.856,2.9,3.5,1.0,0.1,1.9,1.6,11.2
11,2,31,1102,4.0,10.1,.396,2.6,6.1,.423,1.4,4.0,.355,3.2,3.8,.856,3.3,3.9,1.2,0.1,2.1,1.8,12.6
11,3,31,1102,6.0,15.2,.396,3.9,9.2,.423,2.1,6.0,.355,4.9,5.7,.856,5.0,5.9,1.7,0.1,3.2,2.7,19.0,,111.1,112.9
11,4,31,1102,14.6,.531,.466,.396,.374,358,1.5,8.8,5.0,18.4,1.7,0.2,15.3,17.9,,2.1,0.2,2.3,.082,,1.3,-3.2,-2.0
12,0,32,1050,219,516,.424,160,342,.468,59,174,.339,156,191,.817,59,130,189,69,50,32,78,80,653
12,1,32,32.8,6.8,16.1,.424,5.0,10.7,.468,1.8,5.4,.339,4.9,6.0,.817,5.9,2.2,1.6,1.0,2.4,2.5,20.4
12,2,32,1050,8.3,19.7,.424,6.1,13.0,.468,2.2,6.6,.339,5.9,7.3,.817,7.2,2.6,1.9,1.2,3.0,3.0,24.9
12,3,32,1050,12.6,29.6,.424,9.2,19.6,.468,3.4,10.0,.339,8.9,11.0,.817,10.8,4.0,2.9,1.8,4.5,4.6,37.4,,112.8,106.1
12,4,32,1050,27.7,.538,.482,.337,.370,612,6.5,15.7,10.9,15.5,2.9,3.1,11.4,33.4,,3.8,0.8,4.7,.177,,4.4,-1.7,2.7
