0,0,32,318,38,111,.342,32,86,.372,6,25,.240,32,44,.727,8,18,26,29,16,2,48,59,114
0,1,32,9.9,1.2,3.5,.342,1.0,2.7,.372,0.2,0.8,.240,1.0,1.4,.727,0.8,0.9,0.5,0.1,1.5,1.8,3.6
0,2,32,318,4.8,14.0,.342,4.0,10.8,.372,0.8,3.1,.240,4.0,5.5,.727,3.3,3.6,2.0,0.3,6.0,7.4,14.3
0,3,32,318,7.0,20.5,.342,5.9,15.9,.372,1.1,4.6,.240,5.9,8.1,.727,4.8,5.3,3.0,0.4,8.9,10.9,21.0,,77.5,97.0
0,4,32,318,5.4,.432,.369,.225,.396,115,2.8,6.7,4.7,19.1,3.0,0.7,26.7,27.7,,-0.5,0.5,0.0,.005,,-6.7,-1.2,-7.9
1,0,31,604,111,239,.464,73,136,.537,38,103,.369,50,67,.746,25,65,90,35,17,3,43,42,310
1,1,31,19.5,3.6,7.7,.464,2.4,4.4,.537,1.2,3.3,.369,1.6,2.2,.746,2.9,1.1,0.5,0.1,1.4,1.4,10.0
1,2,31,604,7.4,15.8,.464,4.8,9.0,.537,2.5,6.8,.369,3.3,4.4,.746,6.0,2.3,1.1,0.2,2.8,2.8,20.5
1,3,31,604,10.8,23.2,.464,7.1,13.2,.537,3.7,10.0,.369,4.9,6.5,.746,8.7,3.4,1.7,0.3,4.2,4.1,30.1,,112.3,98.1
1,4,31,604,20.6,.572,.544,.431,.280,274,4.6,12.7,8.5,14.0,1.7,0.6,13.7,25.4,,1.6,1.0,2.6,.170,,3.1,-1.7,1.4
2,0,29,253,10,43,.233,5,22,.227,5,21,.238,5,15,.333,5,17,22,13,10,1,13,32,30
2,1,29,8.7,0.3,1.5,.233,0.2,0.8,.227,0.2,0.7,.238,0.2,0.5,.333,0.8,0.4,0.3,0.0,0.4,1.1,1.0
2,2,29,253,1.6,6.8,.233,0.8,3.5,.227,0.8,3.3,.238,0.8,2.4,.333,3.5,2.1,1.6,0.2,2.1,5.1,4.7
2,3,29,253,2.3,10.0,.233,1.2,5.1,.227,1.2,4.9,.238,1.2,3.5,.333,5.1,3.0,2.3,0.2,3.0,7.4,7.0,,66.7,98.4
2,4,29,253,1.5,.299,.291,.488,.349,34,2.2,7.9,5.0,9.2,2.3,0.5,20.6,12.2,,-0.3,0.4,0.1,.011,,-6.0,0.3,-5.7
3,0,32,784,66,179,.369,47,112,.420,19,67,.284,43,69,.623,65,87,152,34,32,3,43,67,194
3,1,32,24.5,2.1,5.6,.369,1.5,3.5,.420,0.6,2.1,.284,1.3,2.2,.623,4.8,1.1,1.0,0.1,1.3,2.1,6.1
3,2,32,784,3.4,9.1,.369,2.4,5.7,.420,1.0,3.4,.284,2.2,3.5,.623,7.8,1.7,1.6,0.2,2.2,3.4,9.9
3,3,32,784,4.9,13.4,.369,3.5,8.4,.420,1.4,5.0,.284,3.2,5.2,.623,11.4,2.5,2.4,0.2,3.2,5.0,14.5,,97.6,96.3
3,4,32,784,11.7,.458,.422,.374,.385,206,9.2,13.1,11.1,8.5,2.4,0.4,16.9,15.9,,0.5,1.4,1.9,.097,,-1.0,0.9,-0.1
4,0,1,1,0,1,.000,0,1,.000,0,0,,0,0,,0,0,0,0,0,0,0,1,0
4,1,1,1.0,0.0,1.0,.000,0.0,1.0,.000,0.0,0.0,,0.0,0.0,,0.0,0.0,0.0,0.0,0.0,1.0,0.0
4,2,1,1,0.0,40.0,.000,0.0,40.0,.000,0.0,0.0,,0.0,0.0,,0.0,0.0,0.0,0.0,0.0,40.0,0.0
4,3,1,1,0.0,58.7,.000,0.0,58.7,.000,0.0,0.0,,0.0,0.0,,0.0,0.0,0.0,0.0,0.0,58.7,0.0,,0.0,101.7
4,4,1,1,-59.8,.000,.000,.000,.000,0,0.0,0.0,0.0,0.0,0.0,0.0,0.0,48.9,,0.0,0.0,0.0,-.570,,-37.9,-13.8,-51.6
5,0,30,734,95,215,.442,95,211,.450,0,4,.000,81,122,.664,64,127,191,48,33,21,72,84,271
5,1,30,24.5,3.2,7.2,.442,3.2,7.0,.450,0.0,0.1,.000,2.7,4.1,.664,6.4,1.6,1.1,0.7,2.4,2.8,9.0
5,2,30,734,5.2,11.7,.442,5.2,11.5,.450,0.0,0.2,.000,4.4,6.6,.664,10.4,2.6,1.8,1.1,3.9,4.6,14.8
5,3,30,734,7.6,17.2,.442,7.6,16.9,.450,0.0,0.3,.000,6.5,9.7,.664,15.3,3.8,2.6,1.7,5.8,6.7,21.7,,96.0,91.2
5,4,30,734,17.1,.496,.442,.019,.567,279,9.7,20.4,14.9,14.0,2.6,3.3,20.9,23.0,,0.5,1.7,2.2,.121,,-2.2,3.2,0.9
6,0,32,1087,152,287,.530,136,230,.591,16,57,.281,72,91,.791,76,121,197,89,63,31,56,82,392
6,1,32,34.0,4.8,9.0,.530,4.3,7.2,.591,0.5,1.8,.281,2.3,2.8,.791,6.2,2.8,2.0,1.0,1.8,2.6,12.3
6,2,32,1087,5.6,10.6,.530,5.0,8.5,.591,0.6,2.1,.281,2.6,3.3,.791,7.2,3.3,2.3,1.1,2.1,3.0,14.4
6,3,32,1087,8.2,15.5,.530,7.3,12.4,.591,0.9,3.1,.281,3.9,4.9,.791,10.6,4.8,3.4,1.7,3.0,4.4,21.2,,120.8,92.8
6,4,32,1087,22.3,.594,.557,.199,.317,394,7.7,13.1,10.4,17.9,3.4,3.3,14.5,17.4,,2.9,2.3,5.2,.192,,3.9,4.0,8.0
7,0,30,281,24,54,.444,24,54,.444,0,0,,15,32,.469,27,48,75,2,8,6,18,51,63
7,1,30,9.4,0.8,1.8,.444,0.8,1.8,.444,0.0,0.0,,0.5,1.1,.469,2.5,0.1,0.3,0.2,0.6,1.7,2.1
7,2,30,281,3.4,7.7,.444,3.4,7.7,.444,0.0,0.0,,2.1,4.6,.469,10.7,0.3,1.1,0.9,2.6,7.3,9.0
7,3,30,281,5.0,11.3,.444,5.0,11.3,.444,0.0,0.0,,3.1,6.7,.469,15.7,0.4,1.7,1.3,3.8,10.6,13.2,,88.2,93.4
7,4,30,281,9.2,.455,.444,.000,.593,65,10.6,20.2,15.3,1.4,1.7,2.4,20.6,15.2,,0.0,0.6,0.6,.079,,-6.0,-0.3,-6.3
8,0,31,629,94,248,.379,49,119,.412,45,129,.349,49,71,.690,27,48,75,29,29,1,55,89,282
8,1,31,20.3,3.0,8.0,.379,1.6,3.8,.412,1.5,4.2,.349,1.6,2.3,.690,2.4,0.9,0.9,0.0,1.8,2.9,9.1
8,2,31,629,6.0,15.8,.379,3.1,7.6,.412,2.9,8.2,.349,3.1,4.5,.690,4.8,1.8,1.8,0.1,3.5,5.7,17.9
8,3,31,629,8.8,23.1,.379,4.6,11.1,.412,4.2,12.0,.349,4.6,6.6,.690,7.0,2.7,2.7,0.1,5.1,8.3,26.3,,97.6,97.1
8,4,31,629,13.4,.500,.470,.520,.286,255,4.8,9.0,6.8,10.3,2.7,0.2,16.3,26.2,,0.6,1.1,1.7,.107,,0.1,-1.6,-1.5
9,0,23,216,31,56,.554,31,56,.554,0,0,,20,36,.556,12,25,37,2,5,26,17,34,82
9,1,23,9.4,1.3,2.4,.554,1.3,2.4,.554,0.0,0.0,,0.9,1.6,.556,1.6,0.1,0.2,1.1,0.7,1.5,3.6
9,2,23,216,5.7,10.4,.554,5.7,10.4,.554,0.0,0.0,,3.7,6.7,.556,6.9,0.4,0.9,4.8,3.1,6.3,15.2
9,3,23,216,8.4,15.2,.554,8.4,15.2,.554,0.0,0.0,,5.4,9.8,.556,10.0,0.5,1.4,7.1,4.6,9.2,22.3,,99.1,91.9
9,4,23,216,17.6,.561,.554,.000,.643,71,6.2,13.7,9.8,2.0,1.4,13.7,18.9,20.4,,0.2,0.5,0.7,.125,,-4.9,5.2,0.4
10,0,29,588,66,137,.482,66,137,.482,0,0,,49,74,.662,52,90,142,8,25,27,45,76,181
10,1,29,20.3,2.3,4.7,.482,2.3,4.7,.482,0.0,0.0,,1.7,2.6,.662,4.9,0.3,0.9,0.9,1.6,2.6,6.2
10,2,29,588,4.5,9.3,.482,4.5,9.3,.482,0.0,0.0,,3.3,5.0,.662,9.7,0.5,1.7,1.8,3.1,5.2,12.3
10,3,29,588,6.6,13.7,.482,6.6,13.7,.482,0.0,0.0,,4.9,7.4,.662,14.2,0.8,2.5,2.7,4.5,7.6,18.1,,97.4,91.5
10,4,29,588,15.2,.526,.482,.000,.540,175,9.8,18.1,13.8,2.8,2.5,5.2,20.7,18.1,,0.4,1.3,1.7,.117,,-3.7,2.6,-1.0
11,0,32,932,85,251,.339,71,197,.360,14,54,.259,57,85,.671,20,56,76,97,36,0,61,62,241
11,1,32,29.1,2.7,7.8,.339,2.2,6.2,.360,0.4,1.7,.259,1.8,2.7,.671,2.4,3.0,1.1,0.0,1.9,1.9,7.5
11,2,32,932,3.6,10.8,.339,3.0,8.5,.360,0.6,2.3,.259,2.4,3.6,.671,3.3,4.2,1.5,0.0,2.6,2.7,10.3
11,3,32,932,5.3,15.8,.339,4.5,12.4,.360,0.9,3.4,.259,3.6,5.3,.671,4.8,6.1,2.3,0.0,3.8,3.9,15.2,,90.3,99.4
11,4,32,932,9.1,.414,.367,.215,.339,262,2.4,7.1,4.7,20.6,2.3,0.0,17.3,18.5,,0.1,1.4,1.5,.063,,-3.1,-0.5,-3.6
12,0,21,97,7,25,.280,6,22,.273,1,3,.333,1,2,.500,4,11,15,4,0,2,9,5,16
12,1,21,4.6,0.3,1.2,.280,0.3,1.0,.273,0.0,0.1,.333,0.0,0.1,.500,0.7,0.2,0.0,0.1,0.4,0.2,0.8
12,2,21,97,2.9,10.3,.280,2.5,9.1,.273,0.4,1.2,.333,0.4,0.8,.500,6.2,1.6,0.0,0.8,3.7,2.1,6.6
12,3,21,97,4.2,15.1,.280,3.6,13.3,.273,0.6,1.8,.333,0.6,1.2,.500,9.1,2.4,0.0,1.2,5.4,3.0,9.7,,60.8,100.7
12,4,21,97,0.5,.308,.300,.120,.080,17,4.6,13.4,8.8,7.9,0.0,2.4,25.8,17.6,,-0.2,0.1,-0.1,-.041,,-10.2,-0.8,-11.0
