0,0,21,138,11,45,.244,1,6,.167,10,39,.256,3,3,1.000,4,3,7,1,2,1,4,22,35
0,1,21,6.6,0.5,2.1,.244,0.0,0.3,.167,0.5,1.9,.256,0.1,0.1,1.000,0.3,0.0,0.1,0.0,0.2,1.0,1.7
0,2,21,138,3.2,13.0,.244,0.3,1.7,.167,2.9,11.3,.256,0.9,0.9,1.000,2.0,0.3,0.6,0.3,1.2,6.4,10.1
0,3,21,138,4.8,19.5,.244,0.4,2.6,.167,4.3,16.9,.256,1.3,1.3,1.000,3.0,0.4,0.9,0.4,1.7,9.5,15.2,,86.6,115.3
0,4,21,138,2.1,.377,.356,.867,.067,31,3.2,2.7,3.0,1.4,0.9,0.8,7.9,18.3,,0.0,0.0,0.0,-.011,,-2.8,-6.0,-8.9
1,0,29,731,114,287,.397,72,184,.391,42,103,.408,88,126,.698,18,35,53,72,22,4,58,86,358
1,1,29,25.2,3.9,9.9,.397,2.5,6.3,.391,1.4,3.6,.408,3.0,4.3,.698,1.8,2.5,0.8,0.1,2.0,3.0,12.3
1,2,29,731,6.2,15.7,.397,3.9,10.1,.391,2.3,5.6,.408,4.8,6.9,.698,2.9,3.9,1.2,0.2,3.2,4.7,19.6
1,3,29,731,9.3,23.5,.397,5.9,15.1,.391,3.4,8.4,.408,7.2,10.3,.698,4.3,5.9,1.8,0.3,4.8,7.0,29.3,,105.8,112.4
1,4,29,731,16.8,.516,.470,.359,.439,340,2.7,6.0,4.3,23.0,1.8,0.6,14.3,27.7,,1.6,0.1,1.7,.095,,2.4,-4.5,-2.1
2,0,30,509,37,101,.366,26,66,.394,11,35,.314,35,48,.729,26,34,60,23,12,7,40,59,120
2,1,30,17.0,1.2,3.4,.366,0.9,2.2,.394,0.4,1.2,.314,1.2,1.6,.729,2.0,0.8,0.4,0.2,1.3,2.0,4.0
2,2,30,509,2.9,7.9,.366,2.0,5.2,.394,0.9,2.8,.314,2.8,3.8,.729,4.7,1.8,0.9,0.6,3.1,4.6,9.4
2,3,30,509,4.4,11.9,.366,3.1,7.8,.394,1.3,4.1,.314,4.1,5.6,.729,7.1,2.7,1.4,0.8,4.7,6.9,14.1,,89.8,111.9
2,4,30,509,7.5,.485,.421,.347,.475,123,5.7,8.4,6.9,8.8,1.4,1.6,24.4,16.1,,0.0,0.1,0.2,.012,,-3.0,-1.9,-4.9
3,0,25,728,74,189,.392,42,79,.532,32,110,.291,33,53,.623,38,86,124,43,28,9,52,67,213
3,1,25,29.1,3.0,7.6,.392,1.7,3.2,.532,1.3,4.4,.291,1.3,2.1,.623,5.0,1.7,1.1,0.4,2.1,2.7,8.5
3,2,25,728,4.1,10.4,.392,2.3,4.3,.532,1.8,6.0,.291,1.8,2.9,.623,6.8,2.4,1.5,0.5,2.9,3.7,11.7
3,3,25,728,6.1,15.5,.392,3.5,6.5,.532,2.6,9.0,.291,2.7,4.4,.623,10.2,3.5,2.3,0.7,4.3,5.5,17.5,,96.6,107.7
3,4,25,728,12.5,.497,.476,.582,.280,211,5.8,14.8,10.0,12.3,2.3,1.4,19.5,18.3,,0.5,0.5,1.0,.053,,0.3,-0.7,-0.5
4,0,16,103,11,35,.314,7,15,.467,4,20,.200,4,5,.800,7,15,22,4,1,2,3,11,30
4,1,16,6.4,0.7,2.2,.314,0.4,0.9,.467,0.3,1.3,.200,0.3,0.3,.800,1.4,0.3,0.1,0.1,0.2,0.7,1.9
4,2,16,103,4.3,13.6,.314,2.7,5.8,.467,1.6,7.8,.200,1.6,1.9,.800,8.5,1.6,0.4,0.8,1.2,4.3,11.7
4,3,16,103,6.4,20.3,.314,4.1,8.7,.467,2.3,11.6,.200,2.3,2.9,.800,12.8,2.3,0.6,1.2,1.7,6.4,17.4,,96.9,109.6
4,4,16,103,10.8,.401,.371,.571,.143,30,7.5,18.3,12.6,8.1,0.6,2.2,7.4,19.6,,0.1,0.0,0.1,.047,,-2.1,-3.8,-5.9
5,0,30,713,95,212,.448,93,206,.451,2,6,.333,81,116,.698,74,123,197,38,33,28,73,87,273
5,1,30,23.8,3.2,7.1,.448,3.1,6.9,.451,0.1,0.2,.333,2.7,3.9,.698,6.6,1.3,1.1,0.9,2.4,2.9,9.1
5,2,30,713,5.3,11.9,.448,5.2,11.6,.451,0.1,0.3,.333,4.5,6.5,.698,11.1,2.1,1.9,1.6,4.1,4.9,15.3
5,3,30,713,8.0,17.8,.448,7.8,17.3,.451,0.2,0.5,.333,6.8,9.7,.698,16.5,3.2,2.8,2.4,6.1,7.3,22.9,,97.0,102.4
5,4,30,713,18.7,.511,.453,.028,.547,278,11.5,21.7,16.3,11.8,2.8,4.5,21.5,23.9,,0.7,0.8,1.5,.084,,-1.7,1.7,0.1
6,0,26,410,15,44,.341,12,34,.353,3,10,.300,13,25,.520,21,49,70,19,14,3,34,34,46
6,1,26,15.8,0.6,1.7,.341,0.5,1.3,.353,0.1,0.4,.300,0.5,1.0,.520,2.7,0.7,0.5,0.1,1.3,1.3,1.8
6,2,26,410,1.5,4.3,.341,1.2,3.3,.353,0.3,1.0,.300,1.3,2.4,.520,6.8,1.9,1.4,0.3,3.3,3.3,4.5
6,3,26,410,2.2,6.4,.341,1.8,5.0,.353,0.4,1.5,.300,1.9,3.7,.520,10.2,2.8,2.0,0.4,5.0,5.0,6.7,,69.9,108.5
6,4,26,410,4.7,.412,.375,.227,.568,57,5.7,15.0,10.1,8.5,2.0,0.8,37.8,11.0,,-0.5,0.2,-0.2,-.022,,-5.4,0.0,-5.4
7,0,30,288,27,47,.574,27,47,.574,0,0,,11,19,.579,31,23,54,4,11,14,23,67,65
7,1,30,9.6,0.9,1.6,.574,0.9,1.6,.574,0.0,0.0,,0.4,0.6,.579,1.8,0.1,0.4,0.5,0.8,2.2,2.2
7,2,30,288,3.8,6.5,.574,3.8,6.5,.574,0.0,0.0,,1.5,2.6,.579,7.5,0.6,1.5,1.9,3.2,9.3,9.0
7,3,30,288,5.6,9.8,.574,5.6,9.8,.574,0.0,0.0,,2.3,3.9,.579,11.2,0.8,2.3,2.9,4.8,13.9,13.5,,94.8,106.8
7,4,30,288,10.7,.580,.574,.000,.404,66,11.9,10.0,11.0,2.8,2.3,5.6,29.1,13.7,,0.1,0.2,0.3,.046,,-2.8,1.0,-1.7
8,0,19,503,78,209,.373,46,115,.400,32,94,.340,24,31,.774,24,36,60,24,19,0,32,45,212
8,1,19,26.5,4.1,11.0,.373,2.4,6.1,.400,1.7,4.9,.340,1.3,1.6,.774,3.2,1.3,1.0,0.0,1.7,2.4,11.2
8,2,19,503,6.2,16.6,.373,3.7,9.1,.400,2.5,7.5,.340,1.9,2.5,.774,4.8,1.9,1.5,0.0,2.5,3.6,16.9
8,3,19,503,9.3,24.9,.373,5.5,13.7,.400,3.8,11.2,.340,2.9,3.7,.774,7.1,2.9,2.3,0.0,3.8,5.4,25.2,,98.7,110.7
8,4,19,503,13.8,.474,.450,.450,.148,193,5.3,9.0,7.0,11.1,2.3,0.0,12.5,25.4,,0.6,0.2,0.7,.059,,0.5,-3.8,-3.2
9,0,30,837,147,263,.559,147,263,.559,0,0,,34,80,.425,79,113,192,13,33,37,57,84,328
9,1,30,27.9,4.9,8.8,.559,4.9,8.8,.559,0.0,0.0,,1.1,2.7,.425,6.4,0.4,1.1,1.2,1.9,2.8,10.9
9,2,30,837,7.0,12.6,.559,7.0,12.6,.559,0.0,0.0,,1.6,3.8,.425,9.2,0.6,1.6,1.8,2.7,4.0,15.7
9,3,30,837,10.5,18.8,.559,10.5,18.8,.559,0.0,0.0,,2.4,5.7,.425,13.7,0.9,2.4,2.6,4.1,6.0,23.5,,102.0,105.0
9,4,30,837,19.4,.545,.559,.000,.304,294,10.5,17.0,13.5,3.8,2.4,5.1,15.9,21.4,,1.1,0.8,1.9,.089,,-1.1,0.3,-0.8
10,0,30,961,90,232,.388,76,177,.429,14,55,.255,55,74,.743,26,62,88,119,39,0,54,85,249
10,1,30,32.0,3.0,7.7,.388,2.5,5.9,.429,0.5,1.8,.255,1.8,2.5,.743,2.9,4.0,1.3,0.0,1.8,2.8,8.3
10,2,30,961,3.7,9.7,.388,3.2,7.4,.429,0.6,2.3,.255,2.3,3.1,.743,3.7,5.0,1.6,0.0,2.2,3.5,10.4
10,3,30,961,5.6,14.5,.388,4.7,11.0,.429,0.9,3.4,.255,3.4,4.6,.743,5.5,7.4,2.4,0.0,3.4,5.3,15.5,,102.4,110.7
10,4,30,961,12.3,.466,.418,.237,.319,281,3.0,8.1,5.4,25.3,2.4,0.0,16.8,16.7,,1.1,0.3,1.4,.059,,-0.2,-2.2,-2.5
11,0,24,129,7,24,.292,6,22,.273,1,2,.500,7,11,.636,9,5,14,3,6,0,12,16,22
11,1,24,5.4,0.3,1.0,.292,0.3,0.9,.273,0.0,0.1,.500,0.3,0.5,.636,0.6,0.1,0.3,0.0,0.5,0.7,0.9
11,2,24,129,2.2,7.4,.292,1.9,6.8,.273,0.3,0.6,.500,2.2,3.4,.636,4.3,0.9,1.9,0.0,3.7,5.0,6.8
11,3,24,129,3.2,11.1,.292,2.8,10.2,.273,0.5,0.9,.500,3.2,5.1,.636,6.5,1.4,2.8,0.0,5.6,7.4,10.2,,69.7,110.9
11,4,24,129,2.6,.376,.313,.083,.458,24,7.7,4.9,6.4,4.4,2.8,0.0,29.1,16.0,,-0.2,0.0,-0.2,-.048,,-6.7,-2.0,-8.6
