0,0,1,5,0,0,,0,0,,0,0,,2,2,1.000,0,0,0,0,0,0,1,1,2
0,1,1,5.0,0.0,0.0,,0.0,0.0,,0.0,0.0,,2.0,2.0,1.000,0.0,0.0,0.0,0.0,1.0,1.0,2.0
0,2,1,5,0.0,0.0,,0.0,0.0,,0.0,0.0,,16.0,16.0,1.000,0.0,0.0,0.0,0.0,8.0,8.0,16.0
0,3,1,5,0.0,0.0,,0.0,0.0,,0.0,0.0,,25.5,25.5,1.000,0.0,0.0,0.0,0.0,12.7,12.7,25.5,,105.8,114.0
0,4,1,5,7.1,1.053,,,,2,0.0,0.0,0.0,0.0,0.0,0.0,51.3,21.3,,0.0,0.0,0.0,.074,,-5.3,-6.1,-11.4
1,0,18,159,21,43,.488,6,18,.333,15,25,.600,2,2,1.000,6,12,18,4,3,2,12,17,59
1,1,18,8.8,1.2,2.4,.488,0.3,1.0,.333,0.8,1.4,.600,0.1,0.1,1.000,1.0,0.2,0.2,0.1,0.7,0.9,3.3
1,2,18,159,5.3,10.8,.488,1.5,4.5,.333,3.8,6.3,.600,0.5,0.5,1.000,4.5,1.0,0.8,0.5,3.0,4.3,14.8
1,3,18,159,8.4,17.2,.488,2.4,7.2,.333,6.0,10.0,.600,0.8,0.8,1.000,7.2,1.6,1.2,0.8,4.8,6.8,23.6,,106.7,107.2
1,4,18,159,14.5,.671,.663,.581,.047,47,4.6,10.6,7.4,6.2,1.2,1.5,21.4,19.2,,0.2,0.1,0.4,.090,,-0.2,-3.7,-3.9
2,0,20,236,19,48,.396,14,32,.438,5,16,.313,10,28,.357,13,16,29,12,4,1,11,22,53
2,1,20,11.8,1.0,2.4,.396,0.7,1.6,.438,0.3,0.8,.313,0.5,1.4,.357,1.5,0.6,0.2,0.1,0.6,1.1,2.7
2,2,20,236,3.2,8.1,.396,2.4,5.4,.438,0.8,2.7,.313,1.7,4.7,.357,4.9,2.0,0.7,0.2,1.9,3.7,9.0
2,3,20,236,5.1,13.0,.396,3.8,8.6,.438,1.3,4.3,.313,2.7,7.6,.357,7.8,3.2,1.1,0.3,3.0,5.9,14.3,,91.0,108.4
2,4,20,236,8.0,.432,.448,.333,.583,56,6.7,9.5,8.0,11.1,1.1,0.5,15.2,16.7,,0.0,0.1,0.2,.030,,-3.7,-3.1,-6.8
3,0,30,848,105,267,.393,43,110,.391,62,157,.395,38,52,.731,13,75,88,44,16,7,41,60,310
3,1,30,28.3,3.5,8.9,.393,1.4,3.7,.391,2.1,5.2,.395,1.3,1.7,.731,2.9,1.5,0.5,0.2,1.4,2.0,10.3
3,2,30,848,5.0,12.6,.393,2.0,5.2,.391,2.9,7.4,.395,1.8,2.5,.731,4.2,2.1,0.8,0.3,1.9,2.8,14.6
3,3,30,848,7.9,20.1,.393,3.2,8.3,.391,4.7,11.8,.395,2.9,3.9,.731,6.6,3.3,1.2,0.5,3.1,4.5,23.3,,105.5,107.0
3,4,30,848,14.0,.531,.509,.588,.195,275,1.9,12.4,6.8,12.5,1.2,1.0,12.3,21.4,,1.3,0.7,2.0,.092,,0.4,-3.2,-2.8
4,0,26,269,23,54,.426,23,54,.426,0,0,,15,43,.349,23,38,61,7,11,12,13,37,61
4,1,26,10.3,0.9,2.1,.426,0.9,2.1,.426,0.0,0.0,,0.6,1.7,.349,2.3,0.3,0.4,0.5,0.5,1.4,2.3
4,2,26,269,3.4,8.0,.426,3.4,8.0,.426,0.0,0.0,,2.2,6.4,.349,9.1,1.0,1.6,1.8,1.9,5.5,9.1
4,3,26,269,5.4,12.8,.426,5.4,12.8,.426,0.0,0.0,,3.6,10.2,.349,14.4,1.7,2.6,2.8,3.1,8.8,14.4,,87.0,98.8
4,4,26,269,12.0,.410,.426,.000,.796,65,10.5,19.8,14.8,5.7,2.6,5.3,14.9,17.7,,-0.1,0.4,0.4,.054,,-6.1,1.2,-4.9
5,0,30,347,24,48,.500,24,47,.511,0,1,.000,26,36,.722,20,33,53,6,4,9,11,59,74
5,1,30,11.6,0.8,1.6,.500,0.8,1.6,.511,0.0,0.0,.000,0.9,1.2,.722,1.8,0.2,0.1,0.3,0.4,2.0,2.5
5,2,30,347,2.8,5.5,.500,2.8,5.4,.511,0.0,0.1,.000,3.0,4.1,.722,6.1,0.7,0.5,1.0,1.3,6.8,8.5
5,3,30,347,4.4,8.8,.500,4.4,8.6,.511,0.0,0.2,.000,4.8,6.6,.722,9.7,1.1,0.7,1.7,2.0,10.8,13.6,,114.4,106.1
5,4,30,347,10.4,.568,.500,.021,.750,74,7.0,13.3,10.0,3.7,0.7,3.1,14.5,12.0,,0.5,0.3,0.8,.091,,-3.4,-1.4,-4.9
6,0,30,854,137,281,.488,136,271,.502,1,10,.100,58,86,.674,63,86,149,34,19,23,71,95,333
6,1,30,28.5,4.6,9.4,.488,4.5,9.0,.502,0.0,0.3,.100,1.9,2.9,.674,5.0,1.1,0.6,0.8,2.4,3.2,11.1
6,2,30,854,6.4,13.2,.488,6.4,12.7,.502,0.0,0.5,.100,2.7,4.0,.674,7.0,1.6,0.9,1.1,3.3,4.4,15.6
6,3,30,854,10.2,21.0,.488,10.1,20.2,.502,0.1,0.7,.100,4.3,6.4,.674,11.1,2.5,1.4,1.7,5.3,7.1,24.8,,96.9,104.6
6,4,30,854,15.8,.517,.489,.036,.306,315,9.0,14.1,11.4,10.5,1.4,3.2,18.1,25.1,,0.7,0.8,1.6,.075,,-2.9,-1.0,-3.8
7,0,29,357,20,60,.333,11,35,.314,9,25,.360,10,18,.556,14,26,40,18,14,2,16,33,59
7,1,29,12.3,0.7,2.1,.333,0.4,1.2,.314,0.3,0.9,.360,0.3,0.6,.556,1.4,0.6,0.5,0.1,0.6,1.1,2.0
7,2,29,357,2.2,6.7,.333,1.2,3.9,.314,1.0,2.8,.360,1.1,2.0,.556,4.5,2.0,1.6,0.2,1.8,3.7,6.6
7,3,29,357,3.6,10.7,.333,2.0,6.2,.314,1.6,4.5,.360,1.8,3.2,.556,7.1,3.2,2.5,0.4,2.9,5.9,10.5,,89.6,105.0
7,4,29,357,7.6,.430,.408,.417,.300,65,4.8,10.2,7.3,10.4,2.5,0.7,18.9,12.9,,0.0,0.3,0.3,.039,,-3.9,-1.0,-4.9
8,0,2,1,0,0,,0,0,,0,0,,0,0,,0,0,0,0,1,0,1,0,0
8,1,2,0.5,0.0,0.0,,0.0,0.0,,0.0,0.0,,0.0,0.0,,0.0,0.0,0.5,0.0,0.5,0.0,0.0
8,2,2,1,0.0,0.0,,0.0,0.0,,0.0,0.0,,0.0,0.0,,0.0,0.0,40.0,0.0,40.0,0.0,0.0
8,3,2,1,0.0,0.0,,0.0,0.0,,0.0,0.0,,0.0,0.0,,0.0,0.0,63.7,0.0,63.7,0.0,0.0,,0.0,-23.4
8,4,2,1,0.0,,,,,0,0.0,0.0,0.0,0.0,63.7,0.0,100.0,54.5,,0.0,0.0,0.0,-.580,,-35.5,56.9,21.4
9,0,30,498,60,164,.366,17,50,.340,43,114,.377,22,31,.710,5,25,30,49,15,2,56,57,185
9,1,30,16.6,2.0,5.5,.366,0.6,1.7,.340,1.4,3.8,.377,0.7,1.0,.710,1.0,1.6,0.5,0.1,1.9,1.9,6.2
9,2,30,498,4.8,13.2,.366,1.4,4.0,.340,3.5,9.2,.377,1.8,2.5,.710,2.4,3.9,1.2,0.2,4.5,4.6,14.9
9,3,30,498,7.7,21.0,.366,2.2,6.4,.340,5.5,14.6,.377,2.8,4.0,.710,3.8,6.3,1.9,0.3,7.2,7.3,23.7,,90.5,107.4
9,4,30,498,10.1,.518,.497,.695,.189,177,1.2,7.0,3.9,23.5,1.9,0.5,23.9,25.7,,0.1,0.4,0.4,.034,,-1.6,-4.8,-6.4
10,0,28,983,152,327,.465,134,278,.482,18,49,.367,111,149,.745,54,113,167,70,54,9,74,77,433
10,1,28,35.1,5.4,11.7,.465,4.8,9.9,.482,0.6,1.8,.367,4.0,5.3,.745,6.0,2.5,1.9,0.3,2.6,2.8,15.5
10,2,28,983,6.2,13.3,.465,5.5,11.3,.482,0.7,2.0,.367,4.5,6.1,.745,6.8,2.8,2.2,0.4,3.0,3.1,17.6
10,3,28,983,9.9,21.2,.465,8.7,18.0,.482,1.2,3.2,.367,7.2,9.7,.745,10.8,4.5,3.5,0.6,4.8,5.0,28.1,,107.1,100.5
10,4,28,983,21.7,.544,.492,.150,.456,419,6.7,16.1,11.1,18.5,3.5,1.1,15.7,26.2,,2.1,1.4,3.5,.143,,1.7,0.3,2.0
11,0,16,440,21,70,.300,17,53,.321,4,17,.235,19,31,.613,4,26,30,70,11,1,45,28,65
11,1,16,27.5,1.3,4.4,.300,1.1,3.3,.321,0.3,1.1,.235,1.2,1.9,.613,1.9,4.4,0.7,0.1,2.8,1.8,4.1
11,2,16,440,1.9,6.4,.300,1.5,4.8,.321,0.4,1.5,.235,1.7,2.8,.613,2.7,6.4,1.0,0.1,4.1,2.5,5.9
11,3,16,440,3.0,10.1,.300,2.5,7.7,.321,0.6,2.5,.235,2.8,4.5,.613,4.3,10.1,1.6,0.1,6.5,4.1,9.4,,76.7,108.0
11,4,16,440,5.1,.384,.329,.243,.443,94,1.1,8.3,4.4,32.3,1.6,0.3,34.7,16.1,,-0.5,0.3,-0.2,-.018,,-7.0,-3.6,-10.6
12,0,26,554,22,49,.449,22,48,.458,0,1,.000,11,22,.500,47,47,94,9,17,34,36,77,55
12,1,26,21.3,0.8,1.9,.449,0.8,1.8,.458,0.0,0.0,.000,0.4,0.8,.500,3.6,0.3,0.7,1.3,1.4,3.0,2.1
12,2,26,554,1.6,3.5,.449,1.6,3.5,.458,0.0,0.1,.000,0.8,1.6,.500,6.8,0.6,1.2,2.5,2.6,5.6,4.0
12,3,26,554,2.5,5.6,.449,2.5,5.5,.458,0.0,0.1,.000,1.3,2.5,.500,10.8,1.0,2.0,3.9,4.1,8.9,6.3,,78.4,102.3
12,4,26,554,7.2,.463,.449,.020,.449,72,10.4,11.9,11.1,3.2,2.0,7.3,37.7,9.4,,-0.3,0.7,0.4,.026,,-5.4,3.8,-1.6
13,0,30,524,52,135,.385,35,77,.455,17,58,.293,18,27,.667,4,31,35,45,21,4,36,34,139
13,1,30,17.5,1.7,4.5,.385,1.2,2.6,.455,0.6,1.9,.293,0.6,0.9,.667,1.2,1.5,0.7,0.1,1.2,1.1,4.6
13,2,30,524,4.0,10.3,.385,2.7,5.9,.455,1.3,4.4,.293,1.4,2.1,.667,2.7,3.4,1.6,0.3,2.7,2.6,10.6
13,3,30,524,6.3,16.4,.385,4.3,9.4,.455,2.1,7.1,.293,2.2,3.3,.667,4.3,5.5,2.6,0.5,4.4,4.1,16.9,,90.7,105.6
13,4,30,524,10.1,.470,.448,.430,.200,139,0.9,8.3,4.4,19.5,2.6,0.9,19.6,19.1,,0.1,0.5,0.5,.040,,-3.4,-2.5,-5.9
