0,0,31,687,80,160,.500,80,160,.500,0,0,,34,60,.567,49,98,147,13,15,20,41,95,194
0,1,31,22.2,2.6,5.2,.500,2.6,5.2,.500,0.0,0.0,,1.1,1.9,.567,4.7,0.4,0.5,0.6,1.3,3.1,6.3
0,2,31,687,4.7,9.3,.500,4.7,9.3,.500,0.0,0.0,,2.0,3.5,.567,8.6,0.8,0.9,1.2,2.4,5.5,11.3
0,3,31,687,7.2,14.4,.500,7.2,14.4,.500,0.0,0.0,,3.1,5.4,.567,13.2,1.2,1.3,1.8,3.7,8.5,17.4,,97.4,105.4
0,4,31,687,12.5,.515,.500,.000,.375,192,8.4,16.6,12.5,4.7,1.3,3.6,17.9,18.0,,0.3,0.8,1.1,.067,,-4.5,0.2,-4.3
1,0,4,12,2,6,.333,1,1,1.000,1,5,.200,1,2,.500,2,1,3,0,0,0,2,0,6
1,1,4,3.0,0.5,1.5,.333,0.3,0.3,1.000,0.3,1.3,.200,0.3,0.5,.500,0.8,0.0,0.0,0.0,0.5,0.0,1.5
1,2,4,12,6.7,20.0,.333,3.3,3.3,1.000,3.3,16.7,.200,3.3,6.7,.500,10.0,0.0,0.0,0.0,6.7,0.0,20.0
1,3,4,12,10.3,30.9,.333,5.1,5.1,1.000,5.1,25.7,.200,5.1,10.3,.500,15.4,0.0,0.0,0.0,10.3,0.0,30.9,,78.8,114.1
1,4,4,12,9.6,.432,.417,.833,.333,6,19.6,9.7,14.6,0.0,0.0,0.0,22.3,40.1,,0.0,0.0,0.0,-.082,,-6.2,-13.5,-19.6
2,0,30,1052,130,313,.415,102,219,.466,28,94,.298,140,195,.718,41,108,149,51,42,12,74,69,428
2,1,30,35.1,4.3,10.4,.415,3.4,7.3,.466,0.9,3.1,.298,4.7,6.5,.718,5.0,1.7,1.4,0.4,2.5,2.3,14.3
2,2,30,1052,4.9,11.9,.415,3.9,8.3,.466,1.1,3.6,.298,5.3,7.4,.718,5.7,1.9,1.6,0.5,2.8,2.6,16.3
2,3,30,1052,7.6,18.4,.415,6.0,12.9,.466,1.6,5.5,.298,8.2,11.5,.718,8.8,3.0,2.5,0.7,4.3,4.1,25.1,,103.3,106.5
2,4,30,1052,16.8,.528,.460,.300,.623,413,4.6,11.9,8.3,12.2,2.5,1.4,15.4,24.5,,1.3,1.2,2.5,.095,,0.0,-0.4,-0.4
3,0,30,1062,119,297,.401,90,174,.517,29,123,.236,96,141,.681,28,81,109,101,34,7,53,70,363
3,1,30,35.4,4.0,9.9,.401,3.0,5.8,.517,1.0,4.1,.236,3.2,4.7,.681,3.6,3.4,1.1,0.2,1.8,2.3,12.1
3,2,30,1062,4.5,11.2,.401,3.4,6.6,.517,1.1,4.6,.236,3.6,5.3,.681,4.1,3.8,1.3,0.3,2.0,2.6,13.7
3,3,30,1062,6.9,17.3,.401,5.2,10.1,.517,1.7,7.2,.236,5.6,8.2,.681,6.3,5.9,2.0,0.4,3.1,4.1,21.1,,106.0,109.3
3,4,30,1062,15.1,.499,.449,.414,.475,378,3.1,8.9,6.0,23.3,2.0,0.8,12.7,21.1,,1.4,0.9,2.4,.089,,1.1,-1.4,-0.3
4,0,28,328,19,41,.463,19,41,.463,0,0,,26,37,.703,30,39,69,5,4,15,21,39,64
4,1,28,11.7,0.7,1.5,.463,0.7,1.5,.463,0.0,0.0,,0.9,1.3,.703,2.5,0.2,0.1,0.5,0.8,1.4,2.3
4,2,28,328,2.3,5.0,.463,2.3,5.0,.463,0.0,0.0,,3.2,4.5,.703,8.4,0.6,0.5,1.8,2.6,4.8,7.8
4,3,28,328,3.6,7.7,.463,3.6,7.7,.463,0.0,0.0,,4.9,7.0,.703,13.0,0.9,0.8,2.8,4.0,7.3,12.1,,99.4,107.2
4,4,28,328,10.7,.546,.463,.000,.902,73,10.7,13.8,12.3,3.3,0.8,5.7,26.4,13.0,,0.2,0.3,0.5,.061,,-4.9,1.1,-3.8
5,0,31,660,58,158,.367,34,80,.425,24,78,.308,44,60,.733,6,72,78,25,17,2,50,47,184
5,1,31,21.3,1.9,5.1,.367,1.1,2.6,.425,0.8,2.5,.308,1.4,1.9,.733,2.5,0.8,0.5,0.1,1.6,1.5,5.9
5,2,31,660,3.5,9.6,.367,2.1,4.8,.425,1.5,4.7,.308,2.7,3.6,.733,4.7,1.5,1.0,0.1,3.0,2.8,11.2
5,3,31,660,5.4,14.8,.367,3.2,7.5,.425,2.2,7.3,.308,4.1,5.6,.733,7.3,2.3,1.6,0.2,4.7,4.4,17.2,,87.6,108.5
5,4,31,660,8.0,.493,.443,.494,.380,171,1.1,12.7,6.9,8.8,1.6,0.4,21.1,19.3,,-0.3,0.6,0.4,.021,,-4.3,-1.8,-6.2
6,0,25,270,11,42,.262,9,25,.360,2,17,.118,16,21,.762,7,16,23,5,1,1,10,34,40
6,1,25,10.8,0.4,1.7,.262,0.4,1.0,.360,0.1,0.7,.118,0.6,0.8,.762,0.9,0.2,0.0,0.0,0.4,1.4,1.6
6,2,25,270,1.6,6.2,.262,1.3,3.7,.360,0.3,2.5,.118,2.4,3.1,.762,3.4,0.7,0.1,0.1,1.5,5.0,5.9
6,3,25,270,2.5,9.6,.262,2.1,5.7,.360,0.5,3.9,.118,3.7,4.8,.762,5.3,1.1,0.2,0.2,2.3,7.8,9.2,,80.8,113.9
6,4,25,270,1.5,.385,.286,.405,.500,41,3.0,6.9,5.0,3.9,0.2,0.5,16.1,12.3,,-0.2,0.1,-0.1,-.008,,-6.4,-2.9,-9.2
7,0,14,472,77,158,.487,69,118,.585,8,40,.200,54,88,.614,24,50,74,23,28,14,18,46,216
7,1,14,33.7,5.5,11.3,.487,4.9,8.4,.585,0.6,2.9,.200,3.9,6.3,.614,5.3,1.6,2.0,1.0,1.3,3.3,15.4
7,2,14,472,6.5,13.4,.487,5.8,10.0,.585,0.7,3.4,.200,4.6,7.5,.614,6.3,1.9,2.4,1.2,1.5,3.9,18.3
7,3,14,472,10.1,20.7,.487,9.0,15.4,.585,1.0,5.2,.200,7.1,11.5,.614,9.7,3.0,3.7,1.8,2.4,6.0,28.3,,113.8,102.4
7,4,14,472,23.3,.541,.513,.253,.557,203,6.0,12.3,9.2,13.7,3.7,3.7,8.3,24.8,,1.1,0.7,1.8,.156,,2.8,1.6,4.4
8,0,7,14,0,3,.000,0,1,.000,0,2,.000,0,0,,0,0,0,0,1,0,2,1,0
8,1,7,2.0,0.0,0.4,.000,0.0,0.1,.000,0.0,0.3,.000,0.0,0.0,,0.0,0.0,0.1,0.0,0.3,0.1,0.0
8,2,7,14,0.0,8.6,.000,0.0,2.9,.000,0.0,5.7,.000,0.0,0.0,,0.0,0.0,2.9,0.0,5.7,2.9,0.0
8,3,7,14,0.0,13.2,.000,0.0,4.4,.000,0.0,8.8,.000,0.0,0.0,,0.0,0.0,4.4,0.0,8.8,4.4,0.0,,0.0,108.2
8,4,7,14,-15.5,.000,.000,.667,.000,0,0.0,0.0,0.0,0.0,4.4,0.0,40.0,19.2,,-0.1,0.0,-0.1,-.274,,-17.8,-0.5,-18.4
9,0,15,104,3,11,.273,3,8,.375,0,3,.000,4,8,.500,7,12,19,1,3,3,4,16,10
9,1,15,6.9,0.2,0.7,.273,0.2,0.5,.375,0.0,0.2,.000,0.3,0.5,.500,1.3,0.1,0.2,0.2,0.3,1.1,0.7
9,2,15,104,1.2,4.2,.273,1.2,3.1,.375,0.0,1.2,.000,1.5,3.1,.500,7.3,0.4,1.2,1.2,1.5,6.2,3.8
9,3,15,104,1.8,6.5,.273,1.8,4.8,.375,0.0,1.8,.000,2.4,4.8,.500,11.3,0.6,1.8,1.8,2.4,9.5,5.9,,76.7,105.8
9,4,15,104,4.5,.338,.273,.273,.727,13,7.9,13.4,10.7,2.0,1.8,3.6,21.3,9.7,,-0.1,0.1,0.0,.018,,-6.8,0.8,-5.9
10,0,14,104,7,13,.538,7,13,.538,0,0,,9,12,.750,6,22,28,2,0,1,8,28,23
10,1,14,7.4,0.5,0.9,.538,0.5,0.9,.538,0.0,0.0,,0.6,0.9,.750,2.0,0.1,0.0,0.1,0.6,2.0,1.6
10,2,14,104,2.7,5.0,.538,2.7,5.0,.538,0.0,0.0,,3.5,4.6,.750,10.8,0.8,0.0,0.4,3.1,10.8,8.8
10,3,14,104,4.2,7.7,.538,4.2,7.7,.538,0.0,0.0,,5.3,7.1,.750,16.6,1.2,0.0,0.6,4.8,16.6,13.7,,98.2,105.0
10,4,14,104,7.1,.615,.538,.000,.923,24,6.8,24.6,15.7,4.3,0.0,1.2,30.0,13.8,,0.0,0.1,0.2,.067,,-6.3,-2.0,-8.4
11,0,28,807,95,260,.365,48,119,.403,47,141,.333,67,88,.761,29,86,115,33,20,12,47,76,304
11,1,28,28.8,3.4,9.3,.365,1.7,4.3,.403,1.7,5.0,.333,2.4,3.1,.761,4.1,1.2,0.7,0.4,1.7,2.7,10.9
11,2,28,807,4.7,12.9,.365,2.4,5.9,.403,2.3,7.0,.333,3.3,4.4,.761,5.7,1.6,1.0,0.6,2.3,3.8,15.1
11,3,28,807,7.3,19.9,.365,3.7,9.1,.403,3.6,10.8,.333,5.1,6.7,.761,8.8,2.5,1.5,0.9,3.6,5.8,23.3,,101.0,108.0
11,4,28,807,13.6,.504,.456,.542,.338,287,4.2,12.4,8.3,10.2,1.5,1.8,13.5,23.2,,0.7,0.8,1.5,.076,,-0.5,-1.7,-2.2
12,0,31,654,46,120,.383,34,70,.486,12,50,.240,23,38,.605,36,92,128,13,17,9,43,84,127
12,1,31,21.1,1.5,3.9,.383,1.1,2.3,.486,0.4,1.6,.240,0.7,1.2,.605,4.1,0.4,0.5,0.3,1.4,2.7,4.1
12,2,31,654,2.8,7.3,.383,2.1,4.3,.486,0.7,3.1,.240,1.4,2.3,.605,7.8,0.8,1.0,0.6,2.6,5.1,7.8
12,3,31,654,4.3,11.3,.383,3.2,6.6,.486,1.1,4.7,.240,2.2,3.6,.605,12.1,1.2,1.6,0.9,4.1,7.9,12.0,,84.0,105.8
12,4,31,654,6.9,.460,.433,.417,.317,132,6.5,16.3,11.4,4.4,1.6,1.7,23.8,14.9,,-0.4,0.8,0.4,.024,,-5.1,-0.2,-5.3
