0,0,7,15,0,0,,0,0,,0,0,,0,0,,1,1,2,1,0,0,1,0,0
0,1,7,2.1,0.0,0.0,,0.0,0.0,,0.0,0.0,,0.0,0.0,,0.3,0.1,0.0,0.0,0.1,0.0,0.0
0,2,7,15,0.0,0.0,,0.0,0.0,,0.0,0.0,,0.0,0.0,,5.3,2.7,0.0,0.0,2.7,0.0,0.0
0,3,7,15,0.0,0.0,,0.0,0.0,,0.0,0.0,,0.0,0.0,,7.9,4.0,0.0,0.0,4.0,0.0,0.0,,72.9,102.8
0,4,7,15,2.8,,,,,1,8.1,7.2,7.7,10.2,0.0,0.0,100.0,3.4,,0.0,0.0,0.0,.026,,-2.3,3.5,1.2
1,0,39,1254,148,344,.430,79,140,.564,69,204,.338,32,46,.696,16,110,126,137,55,2,71,92,397
1,1,39,32.2,3.8,8.8,.430,2.0,3.6,.564,1.8,5.2,.338,0.8,1.2,.696,3.2,3.5,1.4,0.1,1.8,2.4,10.2
1,2,39,1254,4.7,11.0,.430,2.5,4.5,.564,2.2,6.5,.338,1.0,1.5,.696,4.0,4.4,1.8,0.1,2.3,2.9,12.7
1,3,39,1254,7.0,16.3,.430,3.7,6.6,.564,3.3,9.7,.338,1.5,2.2,.696,6.0,6.5,2.6,0.1,3.4,4.4,18.8,,109.1,95.4
1,4,39,1254,14.8,.543,.531,.593,.134,398,1.6,9.5,5.8,20.4,2.6,0.2,16.3,17.7,,2.1,2.3,4.4,.141,,4.8,2.7,7.5
2,0,15,47,8,18,.444,7,12,.583,1,6,.167,2,6,.333,1,7,8,2,1,1,2,4,19
2,1,15,3.1,0.5,1.2,.444,0.5,0.8,.583,0.1,0.4,.167,0.1,0.4,.333,0.5,0.1,0.1,0.1,0.1,0.3,1.3
2,2,15,47,6.8,15.3,.444,6.0,10.2,.583,0.9,5.1,.167,1.7,5.1,.333,6.8,1.7,0.9,0.9,1.7,3.4,16.2
2,3,15,47,10.1,22.8,.444,8.8,15.2,.583,1.3,7.6,.167,2.5,7.6,.333,10.1,2.5,1.3,1.3,2.5,5.1,24.0,,94.4,94.0
2,4,15,47,13.8,.456,.472,.333,.333,16,2.6,16.2,9.8,8.8,1.3,2.2,8.8,24.7,,0.0,0.1,0.1,.102,,-0.9,0.6,-0.3
3,0,12,26,5,9,.556,4,6,.667,1,3,.333,0,1,.000,0,3,3,1,1,1,0,3,11
3,1,12,2.2,0.4,0.8,.556,0.3,0.5,.667,0.1,0.3,.333,0.0,0.1,.000,0.3,0.1,0.1,0.1,0.0,0.3,0.9
3,2,12,26,7.7,13.8,.556,6.2,9.2,.667,1.5,4.6,.333,0.0,1.5,.000,4.6,1.5,1.5,1.5,0.0,4.6,16.9
3,3,12,26,11.4,20.6,.556,9.1,13.7,.667,2.3,6.9,.333,0.0,2.3,.000,6.9,2.3,2.3,2.3,0.0,6.9,25.1,,124.5,92.4
3,4,12,26,20.6,.580,.611,.333,.111,8,0.0,12.5,6.6,8.3,2.3,4.1,0.0,18.5,,0.1,0.1,0.1,.191,,3.9,2.9,6.7
4,0,39,1206,119,239,.498,93,159,.585,26,80,.325,68,104,.654,62,102,164,69,46,7,37,83,332
4,1,39,30.9,3.1,6.1,.498,2.4,4.1,.585,0.7,2.1,.325,1.7,2.7,.654,4.2,1.8,1.2,0.2,0.9,2.1,8.5
4,2,39,1206,3.9,7.9,.498,3.1,5.3,.585,0.9,2.7,.325,2.3,3.4,.654,5.4,2.3,1.5,0.2,1.2,2.8,11.0
4,3,39,1206,5.9,11.8,.498,4.6,7.8,.585,1.3,3.9,.325,3.3,5.1,.654,8.1,3.4,2.3,0.3,1.8,4.1,16.4,,122.3,96.1
4,4,39,1206,15.5,.576,.552,.335,.435,336,6.3,9.2,7.8,10.3,2.3,0.6,11.4,13.7,,2.7,2.1,4.8,.159,,5.2,3.7,9.0
5,0,7,14,0,4,.000,0,3,.000,0,1,.000,0,2,.000,0,2,2,3,2,0,2,4,0
5,1,7,2.0,0.0,0.6,.000,0.0,0.4,.000,0.0,0.1,.000,0.0,0.3,.000,0.3,0.4,0.3,0.0,0.3,0.6,0.0
5,2,7,14,0.0,11.4,.000,0.0,8.6,.000,0.0,2.9,.000,0.0,5.7,.000,5.7,8.6,5.7,0.0,5.7,11.4,0.0
5,3,7,14,0.0,17.0,.000,0.0,12.7,.000,0.0,4.2,.000,0.0,8.5,.000,8.5,12.7,8.5,0.0,8.5,17.0,0.0,,26.4,78.3
5,4,7,14,-9.0,.000,.000,.250,.500,2,0.0,15.5,8.2,32.8,8.5,0.0,28.8,25.2,,-0.1,0.0,-0.1,-.175,,-13.2,7.6,-5.7
6,0,39,1242,261,517,.505,254,503,.505,7,14,.500,163,239,.682,113,350,463,72,42,34,104,107,692
6,1,39,31.8,6.7,13.3,.505,6.5,12.9,.505,0.2,0.4,.500,4.2,6.1,.682,11.9,1.8,1.1,0.9,2.7,2.7,17.7
6,2,39,1242,8.4,16.7,.505,8.2,16.2,.505,0.2,0.5,.500,5.2,7.7,.682,14.9,2.3,1.4,1.1,3.3,3.4,22.3
6,3,39,1242,12.5,24.7,.505,12.1,24.1,.505,0.3,0.7,.500,7.8,11.4,.682,22.1,3.4,2.0,1.6,5.0,5.1,33.1,,109.8,84.8
6,4,39,1242,27.4,.549,.512,.027,.462,660,11.1,30.6,21.4,13.1,2.0,2.9,14.2,30.0,,3.7,3.5,7.2,.231,,3.0,4.7,7.7
7,0,39,1303,226,474,.477,168,322,.522,58,152,.382,137,199,.688,8,83,91,186,52,6,138,77,647
7,1,39,33.4,5.8,12.2,.477,4.3,8.3,.522,1.5,3.9,.382,3.5,5.1,.688,2.3,4.8,1.3,0.2,3.5,2.0,16.6
7,2,39,1303,6.9,14.6,.477,5.2,9.9,.522,1.8,4.7,.382,4.2,6.1,.688,2.8,5.7,1.6,0.2,4.2,2.4,19.9
7,3,39,1303,10.3,21.6,.477,7.7,14.7,.522,2.6,6.9,.382,6.2,9.1,.688,4.1,8.5,2.4,0.3,6.3,3.5,29.5,,106.9,97.1
7,4,39,1303,19.8,.569,.538,.321,.420,635,0.7,6.9,4.0,29.7,2.4,0.5,19.5,27.5,,3.1,2.2,5.3,.162,,5.0,1.0,6.0
8,0,39,818,68,187,.364,17,35,.486,51,152,.336,26,31,.839,25,55,80,41,28,1,36,65,213
8,1,39,21.0,1.7,4.8,.364,0.4,0.9,.486,1.3,3.9,.336,0.7,0.8,.839,2.1,1.1,0.7,0.0,0.9,1.7,5.5
8,2,39,818,3.3,9.1,.364,0.8,1.7,.486,2.5,7.4,.336,1.3,1.5,.839,3.9,2.0,1.4,0.0,1.8,3.2,10.4
8,3,39,818,4.9,13.6,.364,1.2,2.5,.486,3.7,11.0,.336,1.9,2.3,.839,5.8,3.0,2.0,0.1,2.6,4.7,15.5,,107.0,97.8
8,4,39,818,10.6,.528,.500,.813,.166,205,3.7,7.3,5.6,8.8,2.0,0.1,15.1,14.7,,1.0,1.3,2.3,.113,,3.8,1.9,5.6
9,0,32,175,11,38,.289,5,16,.313,6,22,.273,1,2,.500,3,7,10,21,7,0,22,12,29
9,1,32,5.5,0.3,1.2,.289,0.2,0.5,.313,0.2,0.7,.273,0.0,0.1,.500,0.3,0.7,0.2,0.0,0.7,0.4,0.9
9,2,32,175,2.5,8.7,.289,1.1,3.7,.313,1.4,5.0,.273,0.2,0.5,.500,2.3,4.8,1.6,0.0,5.0,2.7,6.6
9,3,32,175,3.7,12.9,.289,1.7,5.4,.313,2.0,7.5,.273,0.3,0.7,.500,3.4,7.1,2.4,0.0,7.5,4.1,9.8,,67.9,98.6
9,4,32,175,2.1,.372,.368,.579,.053,37,2.1,4.3,3.3,20.3,2.4,0.0,36.1,17.7,,-0.3,0.3,-0.1,-.016,,-4.1,0.7,-3.4
10,0,38,326,17,30,.567,17,30,.567,0,0,,11,26,.423,26,33,59,1,6,14,11,69,45
10,1,38,8.6,0.4,0.8,.567,0.4,0.8,.567,0.0,0.0,,0.3,0.7,.423,1.6,0.0,0.2,0.4,0.3,1.8,1.2
10,2,38,326,2.1,3.7,.567,2.1,3.7,.567,0.0,0.0,,1.3,3.2,.423,7.2,0.1,0.7,1.7,1.3,8.5,5.5
10,3,38,326,3.1,5.5,.567,3.1,5.5,.567,0.0,0.0,,2.0,4.7,.423,10.8,0.2,1.1,2.6,2.0,12.6,8.2,,104.1,95.2
10,4,38,326,7.2,.531,.567,.000,.867,51,9.7,11.0,10.4,0.5,1.1,4.5,20.6,8.3,,0.2,0.6,0.8,.100,,-0.3,3.8,3.5
11,0,1,1,0,0,,0,0,,0,0,,0,0,,0,0,0,0,0,0,0,0,0
11,1,1,1.0,0.0,0.0,,0.0,0.0,,0.0,0.0,,0.0,0.0,,0.0,0.0,0.0,0.0,0.0,0.0,0.0
11,2,1,1,0.0,0.0,,0.0,0.0,,0.0,0.0,,0.0,0.0,,0.0,0.0,0.0,0.0,0.0,0.0,0.0
11,3,1,1,0.0,0.0,,0.0,0.0,,0.0,0.0,,0.0,0.0,,0.0,0.0,0.0,0.0,0.0,0.0,0.0,,,106.4
11,4,1,1,0.0,,,,,0,0.0,0.0,0.0,0.0,0.0,0.0,,0.0,,0.0,0.0,0.0,.031,,-1.9,2.9,0.9
12,0,39,968,113,211,.536,113,211,.536,0,0,,124,156,.795,81,165,246,29,25,140,50,97,350
12,1,39,24.8,2.9,5.4,.536,2.9,5.4,.536,0.0,0.0,,3.2,4.0,.795,6.3,0.7,0.6,3.6,1.3,2.5,9.0
12,2,39,968,4.7,8.7,.536,4.7,8.7,.536,0.0,0.0,,5.1,6.4,.795,10.2,1.2,1.0,5.8,2.1,4.0,14.5
12,3,39,968,6.9,12.9,.536,6.9,12.9,.536,0.0,0.0,,7.6,9.6,.795,15.1,1.8,1.5,8.6,3.1,6.0,21.5,,122.4,85.3
12,4,39,968,25.2,.614,.536,.000,.739,346,10.2,18.5,14.6,5.6,1.5,15.3,14.9,17.6,,2.7,2.7,5.5,.225,,2.7,11.1,13.8
13,0,38,431,47,98,.480,44,89,.494,3,9,.333,33,51,.647,52,62,114,24,20,16,29,65,130
13,1,38,11.3,1.2,2.6,.480,1.2,2.3,.494,0.1,0.2,.333,0.9,1.3,.647,3.0,0.6,0.5,0.4,0.8,1.7,3.4
13,2,38,431,4.4,9.1,.480,4.1,8.3,.494,0.3,0.8,.333,3.1,4.7,.647,10.6,2.2,1.9,1.5,2.7,6.0,12.1
13,3,38,431,6.5,13.5,.480,6.1,12.3,.494,0.4,1.2,.333,4.5,7.0,.647,15.7,3.3,2.8,2.2,4.0,9.0,17.9,,108.8,89.7
13,4,38,431,17.9,.532,.495,.092,.520,148,14.7,15.6,15.2,10.2,2.8,3.9,19.2,17.8,,0.8,1.0,1.8,.167,,2.7,5.6,8.3
