0,0,33,969,177,418,.423,98,218,.450,79,200,.395,80,109,.734,26,80,106,84,19,7,73,79,513
0,1,33,29.4,5.4,12.7,.423,3.0,6.6,.450,2.4,6.1,.395,2.4,3.3,.734,3.2,2.5,0.6,0.2,2.2,2.4,15.5
0,2,33,969,7.3,17.3,.423,4.0,9.0,.450,3.3,8.3,.395,3.3,4.5,.734,4.4,3.5,0.8,0.3,3.0,3.3,21.2
0,3,33,969,11.1,26.3,.423,6.2,13.7,.450,5.0,12.6,.395,5.0,6.9,.734,6.7,5.3,1.2,0.4,4.6,5.0,32.3,,107.6,103.7
0,4,33,969,17.7,.546,.518,.478,.261,456,3.1,9.5,6.3,20.9,1.2,0.8,13.4,28.8,,1.9,1.3,3.2,.133,,4.9,0.9,5.8
1,0,31,821,140,249,.562,140,249,.562,0,0,,84,120,.700,70,132,202,18,11,15,67,82,364
1,1,31,26.5,4.5,8.0,.562,4.5,8.0,.562,0.0,0.0,,2.7,3.9,.700,6.5,0.6,0.4,0.5,2.2,2.6,11.7
1,2,31,821,6.8,12.1,.562,6.8,12.1,.562,0.0,0.0,,4.1,5.8,.700,9.8,0.9,0.5,0.7,3.3,4.0,17.7
1,3,31,821,10.4,18.5,.562,10.4,18.5,.562,0.0,0.0,,6.2,8.9,.700,15.0,1.3,0.8,1.1,5.0,6.1,27.0,,107.2,99.5
1,4,31,821,18.2,.595,.562,.000,.482,322,9.7,18.5,14.1,5.1,0.8,2.0,18.0,23.4,,1.3,1.4,2.7,.134,,0.0,2.3,2.3
2,0,33,780,71,154,.461,64,137,.467,7,17,.412,71,112,.634,43,96,139,61,19,12,42,71,220
2,1,33,23.6,2.2,4.7,.461,1.9,4.2,.467,0.2,0.5,.412,2.2,3.4,.634,4.2,1.8,0.6,0.4,1.3,2.2,6.7
2,2,33,780,3.6,7.9,.461,3.3,7.0,.467,0.4,0.9,.412,3.6,5.7,.634,7.1,3.1,1.0,0.6,2.2,3.6,11.3
2,3,33,780,5.6,12.0,.461,5.0,10.7,.467,0.5,1.3,.412,5.6,8.8,.634,10.9,4.8,1.5,0.9,3.3,5.6,17.2,,108.6,100.4
2,4,33,780,13.9,.531,.484,.110,.727,232,6.3,14.2,10.2,15.4,1.5,1.7,16.9,16.4,,1.0,1.3,2.3,.119,,0.5,4.4,4.9
3,0,33,459,45,89,.506,45,88,.511,0,1,.000,25,49,.510,52,64,116,3,10,18,25,77,115
3,1,33,13.9,1.4,2.7,.506,1.4,2.7,.511,0.0,0.0,.000,0.8,1.5,.510,3.5,0.1,0.3,0.5,0.8,2.3,3.5
3,2,33,459,3.9,7.8,.506,3.9,7.7,.511,0.0,0.1,.000,2.2,4.3,.510,10.1,0.3,0.9,1.6,2.2,6.7,10.0
3,3,33,459,6.0,11.8,.506,6.0,11.7,.511,0.0,0.1,.000,3.3,6.5,.510,15.4,0.4,1.3,2.4,3.3,10.2,15.3,,100.3,98.2
3,4,33,459,12.0,.512,.506,.011,.551,118,12.9,16.1,14.5,1.3,1.3,4.3,18.2,15.4,,0.3,0.9,1.1,.099,,-2.6,3.5,1.0
4,0,30,414,41,110,.373,24,49,.490,17,61,.279,24,35,.686,14,31,45,48,23,1,26,40,123
4,1,30,13.8,1.4,3.7,.373,0.8,1.6,.490,0.6,2.0,.279,0.8,1.2,.686,1.5,1.6,0.8,0.0,0.9,1.3,4.1
4,2,30,414,4.0,10.6,.373,2.3,4.7,.490,1.6,5.9,.279,2.3,3.4,.686,4.3,4.6,2.2,0.1,2.5,3.9,11.9
4,3,30,414,6.0,16.2,.373,3.5,7.2,.490,2.5,9.0,.279,3.5,5.2,.686,6.6,7.1,3.4,0.1,3.8,5.9,18.1,,102.1,99.5
4,4,30,414,13.1,.486,.450,.555,.318,131,3.9,8.6,6.2,23.2,3.4,0.3,17.0,19.0,,0.4,0.7,1.1,.106,,1.6,3.0,4.6
5,0,6,20,1,4,.250,1,4,.250,0,0,,0,0,,0,1,1,0,0,0,0,1,2
5,1,6,3.3,0.2,0.7,.250,0.2,0.7,.250,0.0,0.0,,0.0,0.0,,0.2,0.0,0.0,0.0,0.0,0.2,0.3
5,2,6,20,2.0,8.0,.250,2.0,8.0,.250,0.0,0.0,,0.0,0.0,,2.0,0.0,0.0,0.0,0.0,2.0,4.0
5,3,6,20,3.0,12.2,.250,3.0,12.2,.250,0.0,0.0,,0.0,0.0,,3.0,0.0,0.0,0.0,0.0,3.0,6.1,,61.1,108.7
5,4,6,20,-1.6,.250,.250,.000,.000,2,0.0,5.8,2.9,0.0,0.0,0.0,0.0,10.3,,0.0,0.0,0.0,-.013,,-8.0,0.0,-8.0
6,0,33,423,38,90,.422,34,66,.515,4,24,.167,23,38,.605,15,45,60,29,21,7,23,59,103
6,1,33,12.8,1.2,2.7,.422,1.0,2.0,.515,0.1,0.7,.167,0.7,1.2,.605,1.8,0.9,0.6,0.2,0.7,1.8,3.1
6,2,33,423,3.6,8.5,.422,3.2,6.2,.515,0.4,2.3,.167,2.2,3.6,.605,5.7,2.7,2.0,0.7,2.2,5.6,9.7
6,3,33,423,5.5,13.0,.422,4.9,9.5,.515,0.6,3.5,.167,3.3,5.5,.605,8.7,4.2,3.0,1.0,3.3,8.5,14.9,,96.5,97.6
6,4,33,423,10.6,.477,.444,.267,.422,106,4.0,12.3,8.1,13.5,3.0,1.8,17.6,15.9,,0.1,0.8,1.0,.090,,-1.3,4.9,3.7
7,0,13,16,2,4,.500,2,3,.667,0,1,.000,2,3,.667,2,1,3,1,0,0,1,1,6
7,1,13,1.2,0.2,0.3,.500,0.2,0.2,.667,0.0,0.1,.000,0.2,0.2,.667,0.2,0.1,0.0,0.0,0.1,0.1,0.5
7,2,13,16,5.0,10.0,.500,5.0,7.5,.667,0.0,2.5,.000,5.0,7.5,.667,7.5,2.5,0.0,0.0,2.5,2.5,15.0
7,3,13,16,7.6,15.2,.500,7.6,11.4,.667,0.0,3.8,.000,7.6,11.4,.667,11.4,3.8,0.0,0.0,3.8,3.8,22.9,,114.3,107.9
7,4,13,16,16.6,.553,.500,.250,.750,6,14.3,7.2,10.7,13.2,0.0,0.0,15.6,20.6,,0.0,0.0,0.1,.128,,2.4,-0.3,2.1
8,0,18,31,1,3,.333,1,2,.500,0,1,.000,0,0,,1,2,3,1,1,0,1,1,2
8,1,18,1.7,0.1,0.2,.333,0.1,0.1,.500,0.0,0.1,.000,0.0,0.0,,0.2,0.1,0.1,0.0,0.1,0.1,0.1
8,2,18,31,1.3,3.9,.333,1.3,2.6,.500,0.0,1.3,.000,0.0,0.0,,3.9,1.3,1.3,0.0,1.3,1.3,2.6
8,3,18,31,2.0,5.9,.333,2.0,3.9,.500,0.0,2.0,.000,0.0,0.0,,5.9,2.0,2.0,0.0,2.0,2.0,3.9,,74.8,103.7
8,4,18,31,3.7,.333,.333,.333,.000,3,3.7,7.4,5.5,5.7,2.0,0.0,25.0,6.6,,0.0,0.0,0.0,.032,,-3.9,3.9,0.0
9,0,15,36,3,14,.214,1,3,.333,2,11,.182,5,8,.625,3,4,7,3,4,0,5,7,13
9,1,15,2.4,0.2,0.9,.214,0.1,0.2,.333,0.1,0.7,.182,0.3,0.5,.625,0.5,0.2,0.3,0.0,0.3,0.5,0.9
9,2,15,36,3.3,15.6,.214,1.1,3.3,.333,2.2,12.2,.182,5.6,8.9,.625,7.8,3.3,4.4,0.0,5.6,7.8,14.4
9,3,15,36,5.1,23.7,.214,1.7,5.1,.333,3.4,18.6,.182,8.5,13.6,.625,11.9,5.1,6.8,0.0,8.5,11.9,22.0,,76.0,89.7
9,4,15,36,7.8,.365,.286,.786,.571,14,9.5,12.8,11.1,16.2,6.8,0.0,21.9,32.6,,-0.1,0.1,0.0,.010,,-1.4,4.4,3.0
10,0,31,835,108,281,.384,70,157,.446,38,124,.306,52,76,.684,34,98,132,84,25,33,49,69,306
10,1,31,26.9,3.5,9.1,.384,2.3,5.1,.446,1.2,4.0,.306,1.7,2.5,.684,4.3,2.7,0.8,1.1,1.6,2.2,9.9
10,2,31,835,5.2,13.5,.384,3.4,7.5,.446,1.8,5.9,.306,2.5,3.6,.684,6.3,4.0,1.2,1.6,2.3,3.3,14.7
10,3,31,835,7.9,20.5,.384,5.1,11.5,.446,2.8,9.1,.306,3.8,5.6,.684,9.6,6.1,1.8,2.4,3.6,5.0,22.3,,103.0,98.8
10,4,31,835,15.8,.482,.452,.441,.270,306,4.6,13.5,9.1,21.5,1.8,4.3,13.4,22.5,,0.9,1.5,2.5,.118,,1.9,5.1,7.0
11,0,33,991,77,202,.381,28,56,.500,49,146,.336,51,70,.729,18,82,100,95,45,1,34,96,254
11,1,33,30.0,2.3,6.1,.381,0.8,1.7,.500,1.5,4.4,.336,1.5,2.1,.729,3.0,2.9,1.4,0.0,1.0,2.9,7.7
11,2,33,991,3.1,8.2,.381,1.1,2.3,.500,2.0,5.9,.336,2.1,2.8,.729,4.0,3.8,1.8,0.0,1.4,3.9,10.3
11,3,33,991,4.7,12.4,.381,1.7,3.4,.500,3.0,9.0,.336,3.1,4.3,.729,6.2,5.8,2.8,0.1,2.1,5.9,15.6,,116.3,100.5
11,4,33,991,12.9,.540,.502,.723,.347,260,2.1,9.5,5.8,18.4,2.8,0.1,12.6,14.0,,1.6,1.6,3.2,.129,,3.5,3.6,7.1
12,0,21,342,17,69,.246,15,57,.263,2,12,.167,17,49,.347,12,30,42,55,12,0,22,39,53
12,1,21,16.3,0.8,3.3,.246,0.7,2.7,.263,0.1,0.6,.167,0.8,2.3,.347,2.0,2.6,0.6,0.0,1.0,1.9,2.5
12,2,21,342,2.0,8.1,.246,1.8,6.7,.263,0.2,1.4,.167,2.0,5.7,.347,4.9,6.4,1.4,0.0,2.6,4.6,6.2
12,3,21,342,3.0,12.3,.246,2.7,10.2,.263,0.4,2.1,.167,3.0,8.7,.347,7.5,9.8,2.1,0.0,3.9,7.0,9.5,,77.9,101.6
12,4,21,342,5.0,.287,.261,.174,.710,80,4.0,10.1,7.0,29.3,2.1,0.0,19.3,17.2,,-0.4,0.5,0.1,.013,,-4.4,2.6,-1.9
13,0,33,537,77,153,.503,77,153,.503,0,0,,52,72,.722,62,52,114,21,15,4,29,92,206
13,1,33,16.3,2.3,4.6,.503,2.3,4.6,.503,0.0,0.0,,1.6,2.2,.722,3.5,0.6,0.5,0.1,0.9,2.8,6.2
13,2,33,537,5.7,11.4,.503,5.7,11.4,.503,0.0,0.0,,3.9,5.4,.722,8.5,1.6,1.1,0.3,2.2,6.9,15.3
13,3,33,537,8.7,17.4,.503,8.7,17.4,.503,0.0,0.0,,5.9,8.2,.722,12.9,2.4,1.7,0.5,3.3,10.4,23.4,,113.5,101.3
13,4,33,537,16.7,.550,.503,.000,.471,204,13.2,11.2,12.2,8.6,1.7,0.8,13.4,20.7,,1.1,0.9,2.0,.146,,1.6,2.5,4.2
