0,0,23,231,31,55,.564,31,55,.564,0,0,,12,26,.462,34,20,54,9,1,10,22,34,74
0,1,23,10.0,1.3,2.4,.564,1.3,2.4,.564,0.0,0.0,,0.5,1.1,.462,2.3,0.4,0.0,0.4,1.0,1.5,3.2
0,2,23,231,5.4,9.5,.564,5.4,9.5,.564,0.0,0.0,,2.1,4.5,.462,9.4,1.6,0.2,1.7,3.8,5.9,12.8
0,3,23,231,8.0,14.2,.564,8.0,14.2,.564,0.0,0.0,,3.1,6.7,.462,14.0,2.3,0.3,2.6,5.7,8.8,19.1,,99.0,99.2
0,4,23,231,14.3,.549,.564,.000,.473,77,17.0,10.1,13.6,8.2,0.3,4.8,24.6,19.1,,0.2,0.3,0.6,.098,,0.6,3.0,3.6
1,0,33,578,86,175,.491,86,175,.491,0,0,,60,111,.541,63,92,155,25,7,11,44,68,232
1,1,33,17.5,2.6,5.3,.491,2.6,5.3,.491,0.0,0.0,,1.8,3.4,.541,4.7,0.8,0.2,0.3,1.3,2.1,7.0
1,2,33,578,6.0,12.1,.491,6.0,12.1,.491,0.0,0.0,,4.2,7.7,.541,10.7,1.7,0.5,0.8,3.0,4.7,16.1
1,3,33,578,8.9,18.1,.491,8.9,18.1,.491,0.0,0.0,,6.2,11.5,.541,16.0,2.6,0.7,1.1,4.5,7.0,24.0,,103.1,95.5
1,4,33,578,17.0,.509,.491,.000,.634,227,12.6,18.6,15.6,9.4,0.7,2.1,16.2,23.2,,0.9,1.1,2.0,.136,,0.3,1.8,2.1
2,0,32,653,92,169,.544,92,169,.544,0,0,,60,108,.556,74,111,185,22,7,77,51,78,244
2,1,32,20.4,2.9,5.3,.544,2.9,5.3,.544,0.0,0.0,,1.9,3.4,.556,5.8,0.7,0.2,2.4,1.6,2.4,7.6
2,2,32,653,5.6,10.4,.544,5.6,10.4,.544,0.0,0.0,,3.7,6.6,.556,11.3,1.3,0.4,4.7,3.1,4.8,14.9
2,3,32,653,8.4,15.5,.544,8.4,15.5,.544,0.0,0.0,,5.5,9.9,.556,16.9,2.0,0.6,7.0,4.7,7.1,22.3,,105.7,90.3
2,4,32,653,21.4,.554,.544,.000,.639,236,13.1,19.9,16.5,7.2,0.6,13.1,18.8,20.5,,1.1,1.5,2.6,.160,,0.4,8.4,8.8
3,0,31,590,63,141,.447,44,87,.506,19,54,.352,24,34,.706,9,42,51,45,30,0,31,61,169
3,1,31,19.0,2.0,4.5,.447,1.4,2.8,.506,0.6,1.7,.352,0.8,1.1,.706,1.6,1.5,1.0,0.0,1.0,2.0,5.5
3,2,31,590,4.3,9.6,.447,3.0,5.9,.506,1.3,3.7,.352,1.6,2.3,.706,3.5,3.1,2.0,0.0,2.1,4.1,11.5
3,3,31,590,6.4,14.3,.447,4.5,8.8,.506,1.9,5.5,.352,2.4,3.4,.706,5.2,4.6,3.0,0.0,3.1,6.2,17.1,,108.3,96.3
3,4,31,590,12.6,.538,.514,.383,.241,161,1.8,8.3,5.0,15.2,3.0,0.0,16.5,15.8,,0.8,1.0,1.9,.127,,2.1,2.3,4.4
4,0,20,163,23,51,.451,14,26,.538,9,25,.360,6,10,.600,1,14,15,15,3,1,12,11,61
4,1,20,8.2,1.2,2.6,.451,0.7,1.3,.538,0.5,1.3,.360,0.3,0.5,.600,0.8,0.8,0.2,0.1,0.6,0.6,3.1
4,2,20,163,5.6,12.5,.451,3.4,6.4,.538,2.2,6.1,.360,1.5,2.5,.600,3.7,3.7,0.7,0.2,2.9,2.7,15.0
4,3,20,163,8.4,18.7,.451,5.1,9.5,.538,3.3,9.2,.360,2.2,3.7,.600,5.5,5.5,1.1,0.4,4.4,4.0,22.4,,105.6,99.6
4,4,20,163,13.6,.547,.539,.490,.196,56,0.7,10.0,5.3,19.7,1.1,0.7,17.7,20.5,,0.3,0.2,0.5,.120,,1.6,-0.4,1.2
5,0,9,20,2,4,.500,2,4,.500,0,0,,1,2,.500,2,4,6,2,0,0,4,5,5
5,1,9,2.2,0.2,0.4,.500,0.2,0.4,.500,0.0,0.0,,0.1,0.2,.500,0.7,0.2,0.0,0.0,0.4,0.6,0.6
5,2,9,20,4.0,8.0,.500,4.0,8.0,.500,0.0,0.0,,2.0,4.0,.500,12.0,4.0,0.0,0.0,8.0,10.0,10.0
5,3,9,20,6.0,11.9,.500,6.0,11.9,.500,0.0,0.0,,3.0,6.0,.500,17.9,6.0,0.0,0.0,11.9,14.9,14.9,,71.8,95.0
5,4,9,20,3.2,.505,.500,.000,.500,6,11.5,23.4,17.4,19.7,0.0,0.0,44.7,22.1,,0.0,0.0,0.0,-.009,,-5.9,1.7,-4.3
6,0,33,1085,188,406,.463,138,276,.500,50,130,.385,97,121,.802,75,98,173,46,38,9,50,63,523
6,1,33,32.9,5.7,12.3,.463,4.2,8.4,.500,1.5,3.9,.385,2.9,3.7,.802,5.2,1.4,1.2,0.3,1.5,1.9,15.8
6,2,33,1085,6.9,15.0,.463,5.1,10.2,.500,1.8,4.8,.385,3.6,4.5,.802,6.4,1.7,1.4,0.3,1.8,2.3,19.3
6,3,33,1085,10.4,22.4,.463,7.6,15.2,.500,2.8,7.2,.385,5.3,6.7,.802,9.5,2.5,2.1,0.5,2.8,3.5,28.8,,121.4,97.2
6,4,33,1085,21.9,.564,.525,.320,.298,469,8.0,10.6,9.3,9.7,2.1,0.9,9.7,23.4,,3.7,1.8,5.5,.202,,6.3,1.8,8.1
7,0,4,6,1,2,.500,1,2,.500,0,0,,0,4,.000,0,1,1,0,0,0,0,1,2
7,1,4,1.5,0.3,0.5,.500,0.3,0.5,.500,0.0,0.0,,0.0,1.0,.000,0.3,0.0,0.0,0.0,0.0,0.3,0.5
7,2,4,6,6.7,13.3,.500,6.7,13.3,.500,0.0,0.0,,0.0,26.7,.000,6.7,0.0,0.0,0.0,0.0,6.7,13.3
7,3,4,6,10.0,19.9,.500,10.0,19.9,.500,0.0,0.0,,0.0,39.8,.000,10.0,0.0,0.0,0.0,0.0,10.0,19.9,,50.4,97.3
7,4,4,6,-4.9,.256,.500,.000,2.000,1,0.0,19.5,9.7,0.0,0.0,0.0,0.0,32.1,,0.0,0.0,0.0,-.152,,-15.0,-7.6,-22.6
8,0,30,199,14,32,.438,14,29,.483,0,3,.000,3,5,.600,14,26,40,2,3,4,17,20,31
8,1,30,6.6,0.5,1.1,.438,0.5,1.0,.483,0.0,0.1,.000,0.1,0.2,.600,1.3,0.1,0.1,0.1,0.6,0.7,1.0
8,2,30,199,2.8,6.4,.438,2.8,5.8,.483,0.0,0.6,.000,0.6,1.0,.600,8.0,0.4,0.6,0.8,3.4,4.0,6.2
8,3,30,199,4.2,9.6,.438,4.2,8.7,.483,0.0,0.9,.000,0.9,1.5,.600,12.0,0.6,0.9,1.2,5.1,6.0,9.3,,73.7,96.7
8,4,30,199,4.7,.451,.438,.094,.156,32,8.1,15.3,11.7,1.9,0.9,2.2,33.1,12.8,,-0.2,0.3,0.1,.029,,-4.6,2.2,-2.3
9,0,32,694,80,222,.360,48,121,.397,32,101,.317,73,106,.689,18,61,79,101,41,1,85,89,265
9,1,32,21.7,2.5,6.9,.360,1.5,3.8,.397,1.0,3.2,.317,2.3,3.3,.689,2.5,3.2,1.3,0.0,2.7,2.8,8.3
9,2,32,694,4.6,12.8,.360,2.8,7.0,.397,1.8,5.8,.317,4.2,6.1,.689,4.6,5.8,2.4,0.1,4.9,5.1,15.3
9,3,32,694,6.9,19.1,.360,4.1,10.4,.397,2.8,8.7,.317,6.3,9.1,.689,6.8,8.7,3.5,0.1,7.3,7.7,22.8,,95.2,94.1
9,4,32,694,13.6,.487,.432,.455,.477,282,3.0,10.3,6.6,29.5,3.5,0.2,23.8,25.4,,0.5,1.4,1.9,.109,,1.8,2.2,4.0
10,0,8,15,1,2,.500,1,2,.500,0,0,,0,2,.000,5,1,6,1,1,1,1,0,2
10,1,8,1.9,0.1,0.3,.500,0.1,0.3,.500,0.0,0.0,,0.0,0.3,.000,0.8,0.1,0.1,0.1,0.1,0.0,0.3
10,2,8,15,2.7,5.3,.500,2.7,5.3,.500,0.0,0.0,,0.0,5.3,.000,16.0,2.7,2.7,2.7,2.7,0.0,5.3
10,3,8,15,4.0,8.0,.500,4.0,8.0,.500,0.0,0.0,,0.0,8.0,.000,23.9,4.0,4.0,4.0,4.0,0.0,8.0,,97.6,91.8
10,4,8,15,22.4,.339,.500,.000,1.000,4,38.5,7.8,23.2,12.3,4.0,7.4,25.3,13.0,,0.0,0.0,0.0,.117,,5.2,9.1,14.3
11,0,30,796,93,208,.447,75,153,.490,18,55,.327,96,140,.686,82,117,199,41,28,22,53,96,300
11,1,30,26.5,3.1,6.9,.447,2.5,5.1,.490,0.6,1.8,.327,3.2,4.7,.686,6.6,1.4,0.9,0.7,1.8,3.2,10.0
11,2,30,796,4.7,10.5,.447,3.8,7.7,.490,0.9,2.8,.327,4.8,7.0,.686,10.0,2.1,1.4,1.1,2.7,4.8,15.1
11,3,30,796,7.0,15.6,.447,5.6,11.5,.490,1.4,4.1,.327,7.2,10.5,.686,14.9,3.1,2.1,1.7,4.0,7.2,22.5,,113.0,92.7
11,4,30,796,19.4,.546,.490,.264,.673,303,11.9,17.2,14.5,10.5,2.1,3.1,16.2,20.3,,1.9,1.7,3.6,.179,,4.0,4.3,8.3
12,0,32,539,38,102,.373,32,77,.416,6,25,.240,21,28,.750,18,52,70,65,13,13,41,35,103
12,1,32,16.8,1.2,3.2,.373,1.0,2.4,.416,0.2,0.8,.240,0.7,0.9,.750,2.2,2.0,0.4,0.4,1.3,1.1,3.2
12,2,32,539,2.8,7.6,.373,2.4,5.7,.416,0.4,1.9,.240,1.6,2.1,.750,5.2,4.8,1.0,1.0,3.0,2.6,7.6
12,3,32,539,4.2,11.3,.373,3.5,8.5,.416,0.7,2.8,.240,2.3,3.1,.750,7.8,7.2,1.4,1.4,4.5,3.9,11.4,,92.8,97.4
12,4,32,539,9.8,.447,.402,.245,.275,127,3.9,11.3,7.5,22.4,1.4,2.7,26.2,14.3,,0.2,0.9,1.0,.077,,-1.1,3.3,2.2
13,0,33,1029,93,257,.362,46,115,.400,47,142,.331,73,89,.820,14,56,70,91,26,6,54,88,306
13,1,33,31.2,2.8,7.8,.362,1.4,3.5,.400,1.4,4.3,.331,2.2,2.7,.820,2.1,2.8,0.8,0.2,1.6,2.7,9.3
13,2,33,1029,3.6,10.0,.362,1.8,4.5,.400,1.8,5.5,.331,2.8,3.5,.820,2.7,3.5,1.0,0.2,2.1,3.4,11.9
13,3,33,1029,5.4,14.9,.362,2.7,6.7,.400,2.7,8.2,.331,4.2,5.2,.820,4.1,5.3,1.5,0.3,3.1,5.1,17.8,,109.9,100.4
13,4,33,1029,11.4,.511,.453,.553,.346,304,1.6,6.4,4.0,17.1,1.5,0.6,15.3,17.0,,1.7,1.4,3.1,.120,,2.8,1.1,3.9
14,0,1,3,0,2,.000,0,2,.000,0,0,,0,0,,0,0,0,0,0,0,0,0,0
14,1,1,3.0,0.0,2.0,.000,0.0,2.0,.000,0.0,0.0,,0.0,0.0,,0.0,0.0,0.0,0.0,0.0,0.0,0.0
14,2,1,3,0.0,26.7,.000,0.0,26.7,.000,0.0,0.0,,0.0,0.0,,0.0,0.0,0.0,0.0,0.0,0.0,0.0
14,3,1,3,0.0,39.8,.000,0.0,39.8,.000,0.0,0.0,,0.0,0.0,,0.0,0.0,0.0,0.0,0.0,0.0,0.0,,0.0,107.5
14,4,1,3,-29.0,.000,.000,.000,.000,0,0.0,0.0,0.0,0.0,0.0,0.0,0.0,32.9,,0.0,0.0,0.0,-.366,,-25.7,-6.9,-32.6
15,0,12,74,7,21,.333,5,10,.500,2,11,.182,10,13,.769,6,19,25,3,2,1,1,13,26
15,1,12,6.2,0.6,1.8,.333,0.4,0.8,.500,0.2,0.9,.182,0.8,1.1,.769,2.1,0.3,0.2,0.1,0.1,1.1,2.2
15,2,12,74,3.8,11.4,.333,2.7,5.4,.500,1.1,5.9,.182,5.4,7.0,.769,13.5,1.6,1.1,0.5,0.5,7.0,14.1
15,3,12,74,5.7,17.0,.333,4.0,8.1,.500,1.6,8.9,.182,8.1,10.5,.769,20.2,2.4,1.6,0.8,0.8,10.5,21.0,,123.3,88.1
15,4,12,74,18.5,.478,.381,.524,.619,26,9.4,30.0,19.6,7.9,1.6,1.5,3.5,18.8,,0.2,0.2,0.4,.217,,2.6,1.4,4.0
