0,0,16,260,33,66,.500,33,66,.500,0,0,,12,36,.333,42,37,79,10,7,17,23,45,78
0,1,16,16.3,2.1,4.1,.500,2.1,4.1,.500,0.0,0.0,,0.8,2.3,.333,4.9,0.6,0.4,1.1,1.4,2.8,4.9
0,2,16,260,5.1,10.2,.500,5.1,10.2,.500,0.0,0.0,,1.8,5.5,.333,12.2,1.5,1.1,2.6,3.5,6.9,12.0
0,3,16,260,7.4,14.8,.500,7.4,14.8,.500,0.0,0.0,,2.7,8.1,.333,17.7,2.2,1.6,3.8,5.1,10.1,17.4,,93.7,94.1
0,4,16,260,15.1,.469,.500,.000,.545,86,18.3,17.0,17.7,7.7,1.6,7.0,21.7,19.6,,0.1,0.5,0.6,.097,,-0.7,5.9,5.2
1,0,34,463,47,103,.456,47,103,.456,0,0,,31,58,.534,57,89,146,13,8,43,19,77,125
1,1,34,13.6,1.4,3.0,.456,1.4,3.0,.456,0.0,0.0,,0.9,1.7,.534,4.3,0.4,0.2,1.3,0.6,2.3,3.7
1,2,34,463,4.1,8.9,.456,4.1,8.9,.456,0.0,0.0,,2.7,5.0,.534,12.6,1.1,0.7,3.7,1.6,6.7,10.8
1,3,34,463,5.9,12.9,.456,5.9,12.9,.456,0.0,0.0,,3.9,7.3,.534,18.3,1.6,1.0,5.4,2.4,9.7,15.7,,108.6,91.5
1,4,34,463,17.2,.479,.456,.000,.563,134,14.0,22.9,18.3,5.4,1.0,9.9,12.7,15.5,,0.7,1.0,1.7,.148,,-0.8,7.1,6.3
2,0,33,502,50,122,.410,33,73,.452,17,49,.347,16,35,.457,13,27,40,31,11,2,25,43,133
2,1,33,15.2,1.5,3.7,.410,1.0,2.2,.452,0.5,1.5,.347,0.5,1.1,.457,1.2,0.9,0.3,0.1,0.8,1.3,4.0
2,2,33,502,4.0,9.7,.410,2.6,5.8,.452,1.4,3.9,.347,1.3,2.8,.457,3.2,2.5,0.9,0.2,2.0,3.4,10.6
2,3,33,502,5.8,14.1,.410,3.8,8.5,.452,2.0,5.7,.347,1.9,4.1,.457,4.6,3.6,1.3,0.2,2.9,5.0,15.4,,100.7,102.7
2,4,33,502,8.6,.480,.480,.402,.287,129,2.9,6.4,4.6,11.8,1.3,0.4,15.3,15.7,,0.4,0.6,1.0,.079,,0.0,0.8,0.9
3,0,17,258,35,81,.432,35,81,.432,0,0,,24,52,.462,32,34,66,16,3,6,28,41,94
3,1,17,15.2,2.1,4.8,.432,2.1,4.8,.432,0.0,0.0,,1.4,3.1,.462,3.9,0.9,0.2,0.4,1.6,2.4,5.5
3,2,17,258,5.4,12.6,.432,5.4,12.6,.432,0.0,0.0,,3.7,8.1,.462,10.2,2.5,0.5,0.9,4.3,6.4,14.6
3,3,17,258,7.9,18.3,.432,7.9,18.3,.432,0.0,0.0,,5.4,11.7,.462,14.9,3.6,0.7,1.4,6.3,9.2,21.2,,90.0,98.9
3,4,17,258,11.5,.445,.432,.000,.642,100,14.1,15.7,14.9,12.7,0.7,2.5,20.9,24.9,,0.0,0.4,0.4,.064,,-2.3,2.3,-0.1
4,0,25,634,108,203,.532,107,202,.530,1,1,1.000,46,86,.535,54,83,137,39,20,33,66,74,263
4,1,25,25.4,4.3,8.1,.532,4.3,8.1,.530,0.0,0.0,1.000,1.8,3.4,.535,5.5,1.6,0.8,1.3,2.6,3.0,10.5
4,2,25,634,6.8,12.8,.532,6.8,12.7,.530,0.1,0.1,1.000,2.9,5.4,.535,8.6,2.5,1.3,2.1,4.2,4.7,16.6
4,3,25,634,9.9,18.6,.532,9.8,18.5,.530,0.1,0.1,1.000,4.2,7.9,.535,12.6,3.6,1.8,3.0,6.1,6.8,24.1,,99.3,95.1
4,4,25,634,18.0,.539,.534,.005,.424,252,9.7,15.6,12.6,13.6,1.8,5.6,21.3,23.5,,0.7,1.2,1.9,.121,,0.4,5.7,6.1
5,0,34,1040,130,296,.439,61,127,.480,69,169,.408,49,69,.710,68,134,202,52,24,8,48,61,378
5,1,34,30.6,3.8,8.7,.439,1.8,3.7,.480,2.0,5.0,.408,1.4,2.0,.710,5.9,1.5,0.7,0.2,1.4,1.8,11.1
5,2,34,1040,5.0,11.4,.439,2.3,4.9,.480,2.7,6.5,.408,1.9,2.7,.710,7.8,2.0,0.9,0.3,1.8,2.3,14.5
5,3,34,1040,7.3,16.6,.439,3.4,7.1,.480,3.9,9.5,.408,2.7,3.9,.710,11.3,2.9,1.3,0.4,2.7,3.4,21.1,,121.0,98.9
5,4,34,1040,17.3,.575,.556,.571,.233,353,7.4,15.4,11.3,10.0,1.3,0.8,12.7,17.4,,2.6,1.6,4.2,.162,,5.1,2.3,7.4
6,0,19,90,12,19,.632,6,12,.500,6,7,.857,9,16,.563,2,4,6,9,2,0,10,8,39
6,1,19,4.7,0.6,1.0,.632,0.3,0.6,.500,0.3,0.4,.857,0.5,0.8,.563,0.3,0.5,0.1,0.0,0.5,0.4,2.1
6,2,19,90,5.3,8.4,.632,2.7,5.3,.500,2.7,3.1,.857,4.0,7.1,.563,2.7,4.0,0.9,0.0,4.4,3.6,17.3
6,3,19,90,7.8,12.3,.632,3.9,7.8,.500,3.9,4.5,.857,5.8,10.3,.563,3.9,5.8,1.3,0.0,6.5,5.2,25.2,,114.4,103.4
6,4,19,90,17.0,.733,.789,.368,.842,36,2.5,5.3,3.9,20.4,1.3,0.0,27.3,19.5,,0.2,0.1,0.3,.142,,3.3,-1.1,2.1
7,0,24,193,18,39,.462,15,32,.469,3,7,.429,5,8,.625,18,21,39,5,6,6,6,16,44
7,1,24,8.0,0.8,1.6,.462,0.6,1.3,.469,0.1,0.3,.429,0.2,0.3,.625,1.6,0.2,0.3,0.3,0.3,0.7,1.8
7,2,24,193,3.7,8.1,.462,3.1,6.6,.469,0.6,1.5,.429,1.0,1.7,.625,8.1,1.0,1.2,1.2,1.2,3.3,9.1
7,3,24,193,5.4,11.8,.462,4.5,9.6,.469,0.9,2.1,.429,1.5,2.4,.625,11.8,1.5,1.8,1.8,1.8,4.8,13.3,,114.8,97.5
7,4,24,193,13.8,.514,.500,.179,.205,45,10.6,13.0,11.7,4.9,1.8,3.3,12.3,12.1,,0.3,0.3,0.6,.126,,0.8,3.8,4.6
8,0,16,75,12,22,.545,11,21,.524,1,1,1.000,6,10,.600,2,8,10,5,5,0,3,14,31
8,1,16,4.7,0.8,1.4,.545,0.7,1.3,.524,0.1,0.1,1.000,0.4,0.6,.600,0.6,0.3,0.3,0.0,0.2,0.9,1.9
8,2,16,75,6.4,11.7,.545,5.9,11.2,.524,0.5,0.5,1.000,3.2,5.3,.600,5.3,2.7,2.7,0.0,1.6,7.5,16.5
8,3,16,75,9.3,17.1,.545,8.5,16.3,.524,0.8,0.8,1.000,4.7,7.8,.600,7.8,3.9,3.9,0.0,2.3,10.9,24.0,,121.3,94.2
8,4,16,75,18.9,.579,.568,.045,.455,28,3.0,12.7,7.8,14.4,3.9,0.0,10.1,19.1,,0.2,0.1,0.4,.190,,2.6,2.7,5.3
9,0,10,19,1,4,.250,1,4,.250,0,0,,0,0,,2,1,3,0,0,0,3,1,2
9,1,10,1.9,0.1,0.4,.250,0.1,0.4,.250,0.0,0.0,,0.0,0.0,,0.3,0.0,0.0,0.0,0.3,0.1,0.2
9,2,10,19,2.1,8.4,.250,2.1,8.4,.250,0.0,0.0,,0.0,0.0,,6.3,0.0,0.0,0.0,6.3,2.1,4.2
9,3,10,19,3.1,12.2,.250,3.1,12.2,.250,0.0,0.0,,0.0,0.0,,9.2,0.0,0.0,0.0,9.2,3.1,6.1,,43.5,106.0
9,4,10,19,-6.4,.250,.250,.000,.000,3,11.9,6.3,9.2,0.0,0.0,0.0,42.9,17.7,,-0.1,0.0,-0.1,-.129,,-11.4,-1.9,-13.3
10,0,31,1012,191,448,.426,117,254,.461,74,194,.381,170,220,.773,20,70,90,115,49,4,95,55,626
10,1,31,32.6,6.2,14.5,.426,3.8,8.2,.461,2.4,6.3,.381,5.5,7.1,.773,2.9,3.7,1.6,0.1,3.1,1.8,20.2
10,2,31,1012,7.5,17.7,.426,4.6,10.0,.461,2.9,7.7,.381,6.7,8.7,.773,3.6,4.5,1.9,0.2,3.8,2.2,24.7
10,3,31,1012,11.0,25.7,.426,6.7,14.6,.461,4.3,11.1,.381,9.8,12.6,.773,5.2,6.6,2.8,0.2,5.5,3.2,36.0,,116.5,98.8
10,4,31,1012,24.3,.567,.509,.433,.491,585,2.2,8.3,5.2,26.1,2.8,0.4,14.7,30.7,,3.9,1.6,5.4,.214,,7.7,1.0,8.7
11,0,25,305,33,89,.371,20,46,.435,13,43,.302,27,32,.844,8,39,47,29,9,4,30,43,106
11,1,25,12.2,1.3,3.6,.371,0.8,1.8,.435,0.5,1.7,.302,1.1,1.3,.844,1.9,1.2,0.4,0.2,1.2,1.7,4.2
11,2,25,305,4.3,11.7,.371,2.6,6.0,.435,1.7,5.6,.302,3.5,4.2,.844,6.2,3.8,1.2,0.5,3.9,5.6,13.9
11,3,25,305,6.3,17.0,.371,3.8,8.8,.435,2.5,8.2,.302,5.1,6.1,.844,9.0,5.5,1.7,0.8,5.7,8.2,20.2,,99.0,97.4
11,4,25,305,11.6,.509,.444,.483,.360,107,3.0,15.3,9.0,18.4,1.7,1.4,22.4,21.1,,0.3,0.5,0.8,.106,,0.1,2.1,2.1
12,0,33,808,95,230,.413,86,191,.450,9,39,.231,81,124,.653,77,101,178,48,23,15,52,111,280
12,1,33,24.5,2.9,7.0,.413,2.6,5.8,.450,0.3,1.2,.231,2.5,3.8,.653,5.4,1.5,0.7,0.5,1.6,3.4,8.5
12,2,33,808,4.7,11.4,.413,4.3,9.5,.450,0.4,1.9,.231,4.0,6.1,.653,8.8,2.4,1.1,0.7,2.6,5.5,13.9
12,3,33,808,6.8,16.6,.413,6.2,13.7,.450,0.6,2.8,.231,5.8,8.9,.653,12.8,3.5,1.7,1.1,3.7,8.0,20.2,,105.9,97.4
12,4,33,808,14.9,.485,.433,.170,.539,293,10.8,14.9,12.8,11.7,1.7,2.0,15.3,20.3,,1.3,1.4,2.6,.131,,1.4,3.4,4.8
13,0,30,377,19,56,.339,16,45,.356,3,11,.273,14,17,.824,17,46,63,39,12,14,37,35,55
13,1,30,12.6,0.6,1.9,.339,0.5,1.5,.356,0.1,0.4,.273,0.5,0.6,.824,2.1,1.3,0.4,0.5,1.2,1.2,1.8
13,2,30,377,2.0,5.9,.339,1.7,4.8,.356,0.3,1.2,.273,1.5,1.8,.824,6.7,4.1,1.3,1.5,3.9,3.7,5.8
13,3,30,377,2.9,8.6,.339,2.5,6.9,.356,0.5,1.7,.273,2.2,2.6,.824,9.7,6.0,1.9,2.2,5.7,5.4,8.5,,81.2,96.4
13,4,30,377,7.6,.429,.366,.196,.304,75,5.1,14.6,9.7,18.0,1.9,4.0,36.6,12.9,,-0.2,0.7,0.5,.048,,-3.1,5.6,2.5
14,0,34,745,62,156,.397,22,48,.458,40,108,.370,52,63,.825,15,41,56,63,28,1,40,66,216
14,1,34,21.9,1.8,4.6,.397,0.6,1.4,.458,1.2,3.2,.370,1.5,1.9,.825,1.6,1.9,0.8,0.0,1.2,1.9,6.4
14,2,34,745,3.3,8.4,.397,1.2,2.6,.458,2.1,5.8,.370,2.8,3.4,.825,3.0,3.4,1.5,0.1,2.1,3.5,11.6
14,3,34,745,4.8,12.2,.397,1.7,3.7,.458,3.1,8.4,.370,4.1,4.9,.825,4.4,4.9,2.2,0.1,3.1,5.2,16.9,,118.2,100.8
14,4,34,745,12.8,.581,.526,.692,.404,215,2.3,6.6,4.4,15.6,2.2,0.1,17.7,14.6,,1.5,1.0,2.5,.134,,3.7,1.4,5.1
15,0,3,19,3,5,.600,2,3,.667,1,2,.500,0,2,.000,1,3,4,0,1,1,1,2,7
15,1,3,6.3,1.0,1.7,.600,0.7,1.0,.667,0.3,0.7,.500,0.0,0.7,.000,1.3,0.0,0.3,0.3,0.3,0.7,2.3
15,2,3,19,6.3,10.5,.600,4.2,6.3,.667,2.1,4.2,.500,0.0,4.2,.000,8.4,0.0,2.1,2.1,2.1,4.2,14.7
15,3,3,19,9.2,15.3,.600,6.1,9.2,.667,3.1,6.1,.500,0.0,6.1,.000,12.2,0.0,3.1,3.1,3.1,6.1,21.4,,100.2,91.1
15,4,3,19,18.1,.588,.700,.400,.400,5,6.0,18.8,12.2,0.0,3.1,5.6,14.4,17.6,,0.0,0.0,0.1,.124,,-0.6,2.0,1.3
