0,0,30,1006,114,221,.516,113,220,.514,1,1,1.000,58,108,.537,103,167,270,30,25,11,48,85,287
0,1,30,33.5,3.8,7.4,.516,3.8,7.3,.514,0.0,0.0,1.000,1.9,3.6,.537,9.0,1.0,0.8,0.4,1.6,2.8,9.6
0,2,30,1006,4.5,8.8,.516,4.5,8.7,.514,0.0,0.0,1.000,2.3,4.3,.537,10.7,1.2,1.0,0.4,1.9,3.4,11.4
0,3,30,1006,7.0,13.6,.516,7.0,13.6,.514,0.1,0.1,1.000,3.6,6.7,.537,16.7,1.9,1.5,0.7,3.0,5.2,17.7,,106.4,108.1
0,4,30,1006,16.8,.527,.518,.005,.489,297,11.7,23.2,16.9,7.2,1.5,1.3,15.0,16.9,,1.5,0.6,2.1,.083,,-1.7,-1.2,-2.9
1,0,30,712,36,131,.275,21,69,.304,15,62,.242,18,29,.621,4,23,27,40,28,0,45,53,105
1,1,30,23.7,1.2,4.4,.275,0.7,2.3,.304,0.5,2.1,.242,0.6,1.0,.621,0.9,1.3,0.9,0.0,1.5,1.8,3.5
1,2,30,712,2.0,7.4,.275,1.2,3.9,.304,0.8,3.5,.242,1.0,1.6,.621,1.5,2.2,1.6,0.0,2.5,3.0,5.9
1,3,30,712,3.1,11.4,.275,1.8,6.0,.304,1.3,5.4,.242,1.6,2.5,.621,2.4,3.5,2.4,0.0,3.9,4.6,9.2,,69.5,112.9
1,4,30,712,2.5,.363,.332,.473,.221,111,0.6,4.5,2.4,11.8,2.4,0.0,23.7,14.1,,-0.9,0.1,-0.9,-.049,,-6.4,-2.8,-9.3
2,0,27,890,159,350,.454,137,278,.493,22,72,.306,105,148,.709,47,71,118,39,27,4,69,87,445
2,1,27,33.0,5.9,13.0,.454,5.1,10.3,.493,0.8,2.7,.306,3.9,5.5,.709,4.4,1.4,1.0,0.1,2.6,3.2,16.5
2,2,27,890,7.1,15.7,.454,6.2,12.5,.493,1.0,3.2,.306,4.7,6.7,.709,5.3,1.8,1.2,0.2,3.1,3.9,20.0
2,3,27,890,11.1,24.4,.454,9.6,19.4,.493,1.5,5.0,.306,7.3,10.3,.709,8.2,2.7,1.9,0.3,4.8,6.1,31.0,,102.7,111.6
2,4,27,890,19.0,.529,.486,.206,.423,408,6.0,11.2,8.3,12.6,1.9,0.5,14.1,29.2,,1.7,0.2,1.9,.086,,0.7,-3.8,-3.1
3,0,29,375,38,89,.427,38,83,.458,0,6,.000,26,40,.650,13,40,53,1,4,5,21,49,102
3,1,29,12.9,1.3,3.1,.427,1.3,2.9,.458,0.0,0.2,.000,0.9,1.4,.650,1.8,0.0,0.1,0.2,0.7,1.7,3.5
3,2,29,375,4.1,9.5,.427,4.1,8.9,.458,0.0,0.6,.000,2.8,4.3,.650,5.7,0.1,0.4,0.5,2.2,5.2,10.9
3,3,29,375,6.3,14.7,.427,6.3,13.7,.458,0.0,1.0,.000,4.3,6.6,.650,8.8,0.2,0.7,0.8,3.5,8.1,16.9,,88.1,112.3
3,4,29,375,7.4,.472,.427,.067,.449,91,4.0,14.9,8.9,0.6,0.7,1.6,16.3,18.3,,0.0,0.1,0.0,.005,,-7.8,-5.0,-12.8
4,0,14,51,2,3,.667,2,3,.667,0,0,,3,4,.750,5,4,9,1,1,0,1,3,7
4,1,14,3.6,0.1,0.2,.667,0.1,0.2,.667,0.0,0.0,,0.2,0.3,.750,0.6,0.1,0.1,0.0,0.1,0.2,0.5
4,2,14,51,1.6,2.4,.667,1.6,2.4,.667,0.0,0.0,,2.4,3.1,.750,7.1,0.8,0.8,0.0,0.8,2.4,5.5
4,3,14,51,2.4,3.7,.667,2.4,3.7,.667,0.0,0.0,,3.7,4.9,.750,11.0,1.2,1.2,0.0,1.2,3.7,8.5,,144.1,113.6
4,4,14,51,12.3,.714,.667,.000,1.333,9,11.2,11.0,11.1,4.0,1.2,0.0,16.9,6.1,,0.1,0.0,0.1,.081,,-1.6,-3.0,-4.5
5,0,30,693,60,172,.349,46,125,.368,14,47,.298,40,57,.702,18,41,59,74,39,5,53,87,174
5,1,30,23.1,2.0,5.7,.349,1.5,4.2,.368,0.5,1.6,.298,1.3,1.9,.702,2.0,2.5,1.3,0.2,1.8,2.9,5.8
5,2,30,693,3.5,9.9,.349,2.7,7.2,.368,0.8,2.7,.298,2.3,3.3,.702,3.4,4.3,2.3,0.3,3.1,5.0,10.0
5,3,30,693,5.4,15.4,.349,4.1,11.2,.368,1.3,4.2,.298,3.6,5.1,.702,5.3,6.6,3.5,0.4,4.7,7.8,15.6,,87.9,108.7
5,4,30,693,10.2,.437,.390,.273,.331,193,3.0,8.3,5.4,24.3,3.5,0.9,21.0,19.3,,0.0,0.3,0.3,.018,,-3.4,-1.7,-5.1
6,0,9,32,2,9,.222,1,3,.333,1,6,.167,0,0,,1,1,2,1,1,0,4,3,5
6,1,9,3.6,0.2,1.0,.222,0.1,0.3,.333,0.1,0.7,.167,0.0,0.0,,0.2,0.1,0.1,0.0,0.4,0.3,0.6
6,2,9,32,2.5,11.3,.222,1.3,3.8,.333,1.3,7.5,.167,0.0,0.0,,2.5,1.3,1.3,0.0,5.0,3.8,6.3
6,3,9,32,3.9,17.5,.222,1.9,5.8,.333,1.9,11.6,.167,0.0,0.0,,3.9,1.9,1.9,0.0,7.8,5.8,9.7,,48.0,114.0
6,4,9,32,-5.3,.278,.278,.667,.000,5,3.6,4.4,3.9,6.7,1.9,0.0,30.8,21.6,,-0.1,0.0,-0.1,-.169,,-11.3,-4.8,-16.1
7,0,30,1074,119,340,.350,63,163,.387,56,177,.316,72,97,.742,25,71,96,84,44,2,80,67,366
7,1,30,35.8,4.0,11.3,.350,2.1,5.4,.387,1.9,5.9,.316,2.4,3.2,.742,3.2,2.8,1.5,0.1,2.7,2.2,12.2
7,2,30,1074,4.4,12.7,.350,2.3,6.1,.387,2.1,6.6,.316,2.7,3.6,.742,3.6,3.1,1.6,0.1,3.0,2.5,13.6
7,3,30,1074,6.9,19.6,.350,3.6,9.4,.387,3.2,10.2,.316,4.2,5.6,.742,5.5,4.9,2.5,0.1,4.6,3.9,21.1,,93.4,111.1
7,4,30,1074,12.4,.474,.432,.521,.285,361,2.7,9.3,5.6,18.9,2.5,0.2,17.2,23.0,,0.6,0.3,0.9,.032,,-0.7,-3.0,-3.6
8,0,26,282,28,75,.373,10,24,.417,18,51,.353,20,34,.588,11,24,35,15,13,2,18,43,94
8,1,26,10.8,1.1,2.9,.373,0.4,0.9,.417,0.7,2.0,.353,0.8,1.3,.588,1.3,0.6,0.5,0.1,0.7,1.7,3.6
8,2,26,282,4.0,10.6,.373,1.4,3.4,.417,2.6,7.2,.353,2.8,4.8,.588,5.0,2.1,1.8,0.3,2.6,6.1,13.3
8,3,26,282,6.2,16.5,.373,2.2,5.3,.417,4.0,11.2,.353,4.4,7.5,.588,7.7,3.3,2.9,0.4,4.0,9.5,20.7,,99.6,108.7
8,4,26,282,12.9,.516,.493,.680,.453,90,4.5,11.9,7.8,12.5,2.9,0.8,16.5,20.5,,0.3,0.1,0.4,.063,,-0.3,-3.0,-3.3
9,0,30,443,35,76,.461,35,76,.461,0,0,,22,40,.550,25,39,64,7,9,13,25,67,92
9,1,30,14.8,1.2,2.5,.461,1.2,2.5,.461,0.0,0.0,,0.7,1.3,.550,2.1,0.2,0.3,0.4,0.8,2.2,3.1
9,2,30,443,3.2,6.9,.461,3.2,6.9,.461,0.0,0.0,,2.0,3.6,.550,5.8,0.6,0.8,1.2,2.3,6.0,8.3
9,3,30,443,4.9,10.6,.461,4.9,10.6,.461,0.0,0.0,,3.1,5.6,.550,9.0,1.0,1.3,1.8,3.5,9.4,12.9,,89.1,110.8
9,4,30,443,7.8,.484,.461,.000,.526,91,6.5,12.3,9.1,3.5,1.3,3.5,20.8,14.4,,0.0,0.1,0.1,.013,,-6.0,-1.3,-7.3
10,0,30,567,51,143,.357,26,63,.413,25,80,.313,27,44,.614,19,46,65,20,20,8,39,58,154
10,1,30,18.9,1.7,4.8,.357,0.9,2.1,.413,0.8,2.7,.313,0.9,1.5,.614,2.2,0.7,0.7,0.3,1.3,1.9,5.1
10,2,30,567,3.6,10.1,.357,1.8,4.4,.413,1.8,5.6,.313,1.9,3.1,.614,4.6,1.4,1.4,0.6,2.8,4.1,10.9
10,3,30,567,5.6,15.7,.357,2.8,6.9,.413,2.7,8.8,.313,3.0,4.8,.614,7.1,2.2,2.2,0.9,4.3,6.3,16.9,,87.4,110.3
10,4,30,567,8.9,.470,.444,.559,.308,146,3.8,11.4,7.2,8.1,2.2,1.7,19.2,19.0,,-0.1,0.2,0.1,.010,,-3.5,-2.3,-5.9
