0,0,17,66,4,14,.286,4,8,.500,0,6,.000,2,2,1.000,2,7,9,7,0,1,8,7,10
0,1,17,3.9,0.2,0.8,.286,0.2,0.5,.500,0.0,0.4,.000,0.1,0.1,1.000,0.5,0.4,0.0,0.1,0.5,0.4,0.6
0,2,17,66,2.4,8.5,.286,2.4,4.8,.500,0.0,3.6,.000,1.2,1.2,1.000,5.5,4.2,0.0,0.6,4.8,4.2,6.1
0,3,17,66,3.6,12.7,.286,3.6,7.3,.500,0.0,5.4,.000,1.8,1.8,1.000,8.2,6.4,0.0,0.9,7.3,6.4,9.1,,63.3,115.6
0,4,17,66,0.5,.334,.286,.429,.143,13,3.4,11.8,7.6,21.2,0.0,1.6,34.9,18.0,,-0.2,0.0,-0.2,-.099,,-10.5,-4.0,-14.5
1,0,32,1184,144,350,.411,81,185,.438,63,165,.382,135,150,.900,14,60,74,89,38,0,80,55,486
1,1,32,37.0,4.5,10.9,.411,2.5,5.8,.438,2.0,5.2,.382,4.2,4.7,.900,2.3,2.8,1.2,0.0,2.5,1.7,15.2
1,2,32,1184,4.9,11.8,.411,2.7,6.3,.438,2.1,5.6,.382,4.6,5.1,.900,2.5,3.0,1.3,0.0,2.7,1.9,16.4
1,3,32,1184,7.3,17.7,.411,4.1,9.4,.438,3.2,8.3,.382,6.8,7.6,.900,3.7,4.5,1.9,0.0,4.0,2.8,24.6,,111.5,115.4
1,4,32,1184,16.5,.577,.501,.471,.429,464,1.3,5.6,3.5,17.1,1.9,0.0,16.0,21.9,,2.6,0.0,2.6,.089,,1.3,-4.2,-2.8
2,0,5,8,0,0,,0,0,,0,0,,1,2,.500,0,1,1,1,2,0,0,1,1
2,1,5,1.6,0.0,0.0,,0.0,0.0,,0.0,0.0,,0.2,0.4,.500,0.2,0.2,0.4,0.0,0.0,0.2,0.2
2,2,5,8,0.0,0.0,,0.0,0.0,,0.0,0.0,,5.0,10.0,.500,5.0,5.0,10.0,0.0,0.0,5.0,5.0
2,3,5,8,0.0,0.0,,0.0,0.0,,0.0,0.0,,7.5,15.0,.500,7.5,7.5,15.0,0.0,0.0,7.5,7.5,,146.1,82.2
2,4,5,8,25.3,.526,,,,1,0.0,13.9,7.0,22.3,15.0,0.0,0.0,6.1,,0.0,0.0,0.0,.207,,1.0,9.1,10.1
3,0,32,783,93,219,.425,83,175,.474,10,44,.227,5,7,.714,46,117,163,30,24,13,60,48,201
3,1,32,24.5,2.9,6.8,.425,2.6,5.5,.474,0.3,1.4,.227,0.2,0.2,.714,5.1,0.9,0.8,0.4,1.9,1.5,6.3
3,2,32,783,4.8,11.2,.425,4.2,8.9,.474,0.5,2.2,.227,0.3,0.4,.714,8.3,1.5,1.2,0.7,3.1,2.5,10.3
3,3,32,783,7.1,16.7,.425,6.3,13.4,.474,0.8,3.4,.227,0.4,0.5,.714,12.5,2.3,1.8,1.0,4.6,3.7,15.4,,84.0,109.5
3,4,32,783,10.5,.452,.447,.201,.032,202,6.6,16.6,11.6,8.7,1.8,1.7,21.3,18.6,,-0.4,0.5,0.0,.002,,-5.9,-1.2,-7.1
4,0,12,78,5,13,.385,5,13,.385,0,0,,3,6,.500,1,6,7,1,1,3,7,26,13
4,1,12,6.5,0.4,1.1,.385,0.4,1.1,.385,0.0,0.0,,0.3,0.5,.500,0.6,0.1,0.1,0.3,0.6,2.2,1.1
4,2,12,78,2.6,6.7,.385,2.6,6.7,.385,0.0,0.0,,1.5,3.1,.500,3.6,0.5,0.5,1.5,3.6,13.3,6.7
4,3,12,78,3.8,10.0,.385,3.8,10.0,.385,0.0,0.0,,2.3,4.6,.500,5.4,0.8,0.8,2.3,5.4,20.0,10.0,,62.5,113.0
4,4,12,78,-2.6,.410,.385,.000,.462,12,1.4,8.5,5.0,2.6,0.8,4.0,30.6,15.1,,-0.2,0.0,-0.1,-.069,,-11.4,-1.7,-13.0
5,0,26,248,18,47,.383,18,46,.391,0,1,.000,8,16,.500,13,39,52,4,4,12,3,50,44
5,1,26,9.5,0.7,1.8,.383,0.7,1.8,.391,0.0,0.0,.000,0.3,0.6,.500,2.0,0.2,0.2,0.5,0.1,1.9,1.7
5,2,26,248,2.9,7.6,.383,2.9,7.4,.391,0.0,0.2,.000,1.3,2.6,.500,8.4,0.6,0.6,1.9,0.5,8.1,7.1
5,3,26,248,4.3,11.3,.383,4.3,11.1,.391,0.0,0.2,.000,1.9,3.9,.500,12.6,1.0,1.0,2.9,0.7,12.1,10.6,,96.2,108.6
5,4,26,248,8.5,.403,.383,.021,.340,45,5.9,17.5,11.7,3.3,1.0,5.0,5.2,12.0,,0.1,0.2,0.3,.041,,-7.0,-0.7,-7.6
6,0,27,521,50,107,.467,50,107,.467,0,0,,23,54,.426,38,97,135,3,2,36,41,79,123
6,1,27,19.3,1.9,4.0,.467,1.9,4.0,.467,0.0,0.0,,0.9,2.0,.426,5.0,0.1,0.1,1.3,1.5,2.9,4.6
6,2,27,521,3.8,8.2,.467,3.8,8.2,.467,0.0,0.0,,1.8,4.1,.426,10.4,0.2,0.2,2.8,3.1,6.1,9.4
6,3,27,521,5.7,12.3,.467,5.7,12.3,.467,0.0,0.0,,2.6,6.2,.426,15.5,0.3,0.2,4.1,4.7,9.1,14.1,,81.3,108.0
6,4,27,521,9.3,.464,.467,.000,.505,121,8.2,20.7,14.5,1.2,0.2,7.2,23.6,17.2,,-0.4,0.4,0.0,.001,,-9.4,-1.0,-10.4
7,0,32,912,80,231,.346,49,117,.419,31,114,.272,36,49,.735,38,90,128,83,35,2,62,34,227
7,1,32,28.5,2.5,7.2,.346,1.5,3.7,.419,1.0,3.6,.272,1.1,1.5,.735,4.0,2.6,1.1,0.1,1.9,1.1,7.1
7,2,32,912,3.5,10.1,.346,2.1,5.1,.419,1.4,5.0,.272,1.6,2.1,.735,5.6,3.6,1.5,0.1,2.7,1.5,10.0
7,3,32,912,5.3,15.2,.346,3.2,7.7,.419,2.0,7.5,.272,2.4,3.2,.735,8.4,5.4,2.3,0.1,4.1,2.2,14.9,,91.9,112.0
7,4,32,912,11.2,.446,.413,.494,.212,254,4.7,11.0,7.8,19.3,2.3,0.2,19.6,17.9,,0.2,0.3,0.5,.021,,-2.7,-2.0,-4.7
8,0,27,362,33,88,.375,6,12,.500,27,76,.355,5,6,.833,10,10,20,16,7,5,18,28,98
8,1,27,13.4,1.2,3.3,.375,0.2,0.4,.500,1.0,2.8,.355,0.2,0.2,.833,0.7,0.6,0.3,0.2,0.7,1.0,3.6
8,2,27,362,3.6,9.7,.375,0.7,1.3,.500,3.0,8.4,.355,0.6,0.7,.833,2.2,1.8,0.8,0.6,2.0,3.1,10.8
8,3,27,362,5.5,14.6,.375,1.0,2.0,.500,4.5,12.6,.355,0.8,1.0,.833,3.3,2.6,1.2,0.8,3.0,4.6,16.2,,102.6,117.4
8,4,27,362,9.4,.539,.528,.864,.068,92,3.1,3.1,3.1,9.4,1.2,1.4,16.5,15.5,,0.3,-0.1,0.3,.030,,-1.6,-4.4,-6.0
9,0,31,500,60,124,.484,56,114,.491,4,10,.400,40,69,.580,47,75,122,11,9,21,36,82,164
9,1,31,16.1,1.9,4.0,.484,1.8,3.7,.491,0.1,0.3,.400,1.3,2.2,.580,3.9,0.4,0.3,0.7,1.2,2.6,5.3
9,2,31,500,4.8,9.9,.484,4.5,9.1,.491,0.3,0.8,.400,3.2,5.5,.580,9.8,0.9,0.7,1.7,2.9,6.6,13.1
9,3,31,500,7.2,14.8,.484,6.7,13.7,.491,0.5,1.2,.400,4.8,8.3,.580,14.6,1.3,1.1,2.5,4.3,9.8,19.6,,98.9,109.3
9,4,31,500,14.5,.523,.500,.081,.556,164,10.5,16.7,13.6,5.0,1.1,4.4,18.7,19.9,,0.4,0.3,0.7,.059,,-4.7,-1.6,-6.4
10,0,6,10,1,3,.333,1,2,.500,0,1,.000,0,0,,1,2,3,0,0,0,0,2,2
10,1,6,1.7,0.2,0.5,.333,0.2,0.3,.500,0.0,0.2,.000,0.0,0.0,,0.5,0.0,0.0,0.0,0.0,0.3,0.3
10,2,6,10,4.0,12.0,.333,4.0,8.0,.500,0.0,4.0,.000,0.0,0.0,,12.0,0.0,0.0,0.0,0.0,8.0,8.0
10,3,6,10,6.0,18.0,.333,6.0,12.0,.500,0.0,6.0,.000,0.0,0.0,,18.0,0.0,0.0,0.0,0.0,12.0,12.0,,89.3,110.9
10,4,6,10,6.5,.333,.333,.333,.000,2,11.2,22.2,16.7,0.0,0.0,0.0,0.0,15.5,,0.0,0.0,0.0,.016,,-8.6,-9.3,-17.9
11,0,32,902,128,309,.414,58,120,.483,70,189,.370,63,82,.768,35,94,129,40,31,9,53,82,389
11,1,32,28.2,4.0,9.7,.414,1.8,3.8,.483,2.2,5.9,.370,2.0,2.6,.768,4.0,1.3,1.0,0.3,1.7,2.6,12.2
11,2,32,902,5.7,13.7,.414,2.6,5.3,.483,3.1,8.4,.370,2.8,3.6,.768,5.7,1.8,1.4,0.4,2.4,3.6,17.3
11,3,32,902,8.5,20.5,.414,3.8,8.0,.483,4.6,12.5,.370,4.2,5.4,.768,8.6,2.7,2.1,0.6,3.5,5.4,25.8,,109.3,111.5
11,4,32,902,17.5,.559,.528,.612,.265,355,4.3,11.6,8.0,10.6,2.1,1.0,13.2,23.0,,1.8,0.4,2.2,.097,,1.6,-3.2,-1.5
12,0,6,59,9,25,.360,9,25,.360,0,0,,4,5,.800,3,12,15,0,0,1,7,11,22
12,1,6,9.8,1.5,4.2,.360,1.5,4.2,.360,0.0,0.0,,0.7,0.8,.800,2.5,0.0,0.0,0.2,1.2,1.8,3.7
12,2,6,59,6.1,16.9,.360,6.1,16.9,.360,0.0,0.0,,2.7,3.4,.800,10.2,0.0,0.0,0.7,4.7,7.5,14.9
12,3,6,59,9.1,25.4,.360,9.1,25.4,.360,0.0,0.0,,4.1,5.1,.800,15.2,0.0,0.0,1.0,7.1,11.2,22.3,,71.5,110.0
12,4,6,59,4.0,.402,.360,.000,.200,20,5.7,22.6,14.2,0.0,0.0,1.8,20.4,30.1,,-0.1,0.0,-0.1,-.079,,-16.0,-9.4,-25.4
13,0,22,632,88,230,.383,83,189,.439,5,41,.122,53,68,.779,31,75,106,42,18,7,59,50,234
13,1,22,28.7,4.0,10.5,.383,3.8,8.6,.439,0.2,1.9,.122,2.4,3.1,.779,4.8,1.9,0.8,0.3,2.7,2.3,10.6
13,2,22,632,5.6,14.6,.383,5.3,12.0,.439,0.3,2.6,.122,3.4,4.3,.779,6.7,2.7,1.1,0.4,3.7,3.2,14.8
13,3,22,632,8.3,21.8,.383,7.9,17.9,.439,0.5,3.9,.122,5.0,6.4,.779,10.0,4.0,1.7,0.7,5.6,4.7,22.2,,87.5,111.5
13,4,22,632,11.9,.446,.393,.178,.296,236,5.5,13.2,9.4,15.8,1.7,1.1,18.4,26.3,,-0.2,0.2,0.1,.004,,-5.2,-2.5,-7.8
14,0,21,135,4,15,.267,0,1,.000,4,14,.286,1,2,.500,1,9,10,4,2,0,11,12,13
14,1,21,6.4,0.2,0.7,.267,0.0,0.0,.000,0.2,0.7,.286,0.0,0.1,.500,0.5,0.2,0.1,0.0,0.5,0.6,0.6
14,2,21,135,1.2,4.4,.267,0.0,0.3,.000,1.2,4.1,.286,0.3,0.6,.500,3.0,1.2,0.6,0.0,3.3,3.6,3.9
14,3,21,135,1.8,6.7,.267,0.0,0.4,.000,1.8,6.2,.286,0.4,0.9,.500,4.4,1.8,0.9,0.0,4.9,5.3,5.8,,56.7,116.6
14,4,21,135,-1.3,.408,.400,.933,.133,13,0.8,7.4,4.1,5.6,0.9,0.0,40.8,10.3,,-0.2,0.0,-0.2,-.071,,-8.3,-3.4,-11.8
