0,0,32,964,123,323,.381,84,199,.422,39,124,.315,93,122,.762,10,88,98,91,31,3,53,74,378
0,1,32,30.1,3.8,10.1,.381,2.6,6.2,.422,1.2,3.9,.315,2.9,3.8,.762,3.1,2.8,1.0,0.1,1.7,2.3,11.8
0,2,32,964,5.1,13.4,.381,3.5,8.3,.422,1.6,5.1,.315,3.9,5.1,.762,4.1,3.8,1.3,0.1,2.2,3.1,15.7
0,3,32,964,7.7,20.1,.381,5.2,12.4,.422,2.4,7.7,.315,5.8,7.6,.762,6.1,5.7,1.9,0.2,3.3,4.6,23.6,,105.0,105.2
0,4,32,964,14.6,.496,.441,.384,.378,376,1.2,11.1,6.0,20.2,1.9,0.4,12.2,23.3,,1.3,1.2,2.5,.103,,0.6,-1.2,-0.6
1,0,13,94,8,28,.286,7,18,.389,1,10,.100,8,10,.800,3,9,12,4,3,0,7,10,25
1,1,13,7.2,0.6,2.2,.286,0.5,1.4,.389,0.1,0.8,.100,0.6,0.8,.800,0.9,0.3,0.2,0.0,0.5,0.8,1.9
1,2,13,94,3.4,11.9,.286,3.0,7.7,.389,0.4,4.3,.100,3.4,4.3,.800,5.1,1.7,1.3,0.0,3.0,4.3,10.6
1,3,13,94,5.1,17.9,.286,4.5,11.5,.389,0.6,6.4,.100,5.1,6.4,.800,7.7,2.6,1.9,0.0,4.5,6.4,16.0,,78.3,105.1
1,4,13,94,4.8,.382,.304,.357,.357,26,3.7,11.6,7.6,8.4,1.9,0.0,17.6,21.9,,-0.1,0.1,0.0,-.005,,-6.3,-2.1,-8.4
2,0,4,5,0,0,,0,0,,0,0,,0,0,,0,1,1,0,1,0,1,2,0
2,1,4,1.3,0.0,0.0,,0.0,0.0,,0.0,0.0,,0.0,0.0,,0.3,0.0,0.3,0.0,0.3,0.5,0.0
2,2,4,5,0.0,0.0,,0.0,0.0,,0.0,0.0,,0.0,0.0,,8.0,0.0,8.0,0.0,8.0,16.0,0.0
2,3,4,5,0.0,0.0,,0.0,0.0,,0.0,0.0,,0.0,0.0,,12.0,0.0,12.0,0.0,12.0,24.0,0.0,,0.0,76.1
2,4,4,5,-3.3,,,,,0,0.0,24.3,11.8,0.0,12.0,0.0,100.0,10.4,,0.0,0.0,0.0,-.053,,-13.3,10.1,-3.2
3,0,32,693,106,277,.383,80,183,.437,26,94,.277,52,81,.642,32,97,129,72,17,2,70,97,290
3,1,32,21.7,3.3,8.7,.383,2.5,5.7,.437,0.8,2.9,.277,1.6,2.5,.642,4.0,2.3,0.5,0.1,2.2,3.0,9.1
3,2,32,693,6.1,16.0,.383,4.6,10.6,.437,1.5,5.4,.277,3.0,4.7,.642,7.4,4.2,1.0,0.1,4.0,5.6,16.7
3,3,32,693,9.2,24.0,.383,6.9,15.9,.437,2.3,8.2,.277,4.5,7.0,.642,11.2,6.2,1.5,0.2,6.1,8.4,25.2,,92.0,103.5
3,4,32,693,12.3,.460,.430,.339,.292,302,5.3,17.0,11.0,23.6,1.5,0.3,18.2,28.8,,0.0,1.0,0.9,.055,,-1.7,-0.9,-2.6
4,0,32,712,83,136,.610,83,134,.619,0,2,.000,67,85,.788,85,78,163,9,16,34,39,112,233
4,1,32,22.3,2.6,4.3,.610,2.6,4.2,.619,0.0,0.1,.000,2.1,2.7,.788,5.1,0.3,0.5,1.1,1.2,3.5,7.3
4,2,32,712,4.7,7.6,.610,4.7,7.5,.619,0.0,0.1,.000,3.8,4.8,.788,9.2,0.5,0.9,1.9,2.2,6.3,13.1
4,3,32,712,7.0,11.5,.610,7.0,11.3,.619,0.0,0.2,.000,5.7,7.2,.788,13.8,0.8,1.4,2.9,3.3,9.5,19.7,,124.6,102.7
4,4,32,712,18.7,.661,.610,.015,.625,240,13.8,13.3,13.6,2.6,1.4,5.5,18.1,15.7,,1.8,1.0,2.8,.159,,1.2,1.7,2.9
5,0,32,1019,117,270,.433,71,146,.486,46,124,.371,63,85,.741,24,93,117,64,59,4,54,33,343
5,1,32,31.8,3.7,8.4,.433,2.2,4.6,.486,1.4,3.9,.371,2.0,2.7,.741,3.7,2.0,1.8,0.1,1.7,1.0,10.7
5,2,32,1019,4.6,10.6,.433,2.8,5.7,.486,1.8,4.9,.371,2.5,3.3,.741,4.6,2.5,2.3,0.2,2.1,1.3,13.5
5,3,32,1019,6.9,15.9,.433,4.2,8.6,.486,2.7,7.3,.371,3.7,5.0,.741,6.9,3.8,3.5,0.2,3.2,1.9,20.2,,108.8,102.0
5,4,32,1019,16.2,.553,.519,.459,.315,330,2.7,11.1,6.8,13.1,3.5,0.4,14.8,18.5,,1.4,1.6,3.0,.118,,1.9,1.2,3.1
6,0,16,51,5,10,.500,5,10,.500,0,0,,2,5,.400,7,6,13,0,1,1,3,12,12
6,1,16,3.2,0.3,0.6,.500,0.3,0.6,.500,0.0,0.0,,0.1,0.3,.400,0.8,0.0,0.1,0.1,0.2,0.8,0.8
6,2,16,51,3.9,7.8,.500,3.9,7.8,.500,0.0,0.0,,1.6,3.9,.400,10.2,0.0,0.8,0.8,2.4,9.4,9.4
6,3,16,51,5.9,11.8,.500,5.9,11.8,.500,0.0,0.0,,2.4,5.9,.400,15.3,0.0,1.2,1.2,3.5,14.1,14.1,,97.5,103.9
6,4,16,51,9.3,.485,.500,.000,.500,14,15.8,14.3,15.1,0.0,1.2,2.2,19.5,15.6,,0.0,0.1,0.1,.071,,-5.1,-3.7,-8.7
7,0,32,744,94,243,.387,21,56,.375,73,187,.390,48,59,.814,7,52,59,15,14,1,27,59,309
7,1,32,23.3,2.9,7.6,.387,0.7,1.8,.375,2.3,5.8,.390,1.5,1.8,.814,1.8,0.5,0.4,0.0,0.8,1.8,9.7
7,2,32,744,5.1,13.1,.387,1.1,3.0,.375,3.9,10.1,.390,2.6,3.2,.814,3.2,0.8,0.8,0.1,1.5,3.2,16.6
7,3,32,744,7.6,19.6,.387,1.7,4.5,.375,5.9,15.1,.390,3.9,4.8,.814,4.8,1.2,1.1,0.1,2.2,4.8,25.0,,114.0,108.2
7,4,32,744,13.6,.570,.537,.770,.243,260,1.1,8.5,4.7,4.3,1.1,0.2,9.1,20.7,,1.4,0.7,2.1,.114,,2.5,-3.4,-0.9
8,0,32,461,46,111,.414,39,82,.476,7,29,.241,16,28,.571,36,69,105,9,13,16,26,51,115
8,1,32,14.4,1.4,3.5,.414,1.2,2.6,.476,0.2,0.9,.241,0.5,0.9,.571,3.3,0.3,0.4,0.5,0.8,1.6,3.6
8,2,32,461,4.0,9.6,.414,3.4,7.1,.476,0.6,2.5,.241,1.4,2.4,.571,9.1,0.8,1.1,1.4,2.3,4.4,10.0
8,3,32,461,6.0,14.5,.414,5.1,10.7,.476,0.9,3.8,.241,2.1,3.7,.571,13.7,1.2,1.7,2.1,3.4,6.6,15.0,,92.9,100.9
8,4,32,461,11.3,.463,.446,.261,.252,119,9.0,18.2,13.5,4.0,1.7,4.0,17.3,16.9,,0.0,0.7,0.8,.068,,-3.7,1.1,-2.6
9,0,5,8,0,2,.000,0,2,.000,0,0,,1,2,.500,2,0,2,1,1,0,0,2,1
9,1,5,1.6,0.0,0.4,.000,0.0,0.4,.000,0.0,0.0,,0.2,0.4,.500,0.4,0.2,0.2,0.0,0.0,0.4,0.2
9,2,5,8,0.0,10.0,.000,0.0,10.0,.000,0.0,0.0,,5.0,10.0,.500,10.0,5.0,5.0,0.0,0.0,10.0,5.0
9,3,5,8,0.0,15.0,.000,0.0,15.0,.000,0.0,0.0,,7.5,15.0,.500,15.0,7.5,7.5,0.0,0.0,15.0,7.5,,90.4,96.7
9,4,5,8,12.6,.169,.000,.000,1.000,3,28.8,0.0,14.8,21.0,7.5,0.0,0.0,19.1,,0.0,0.0,0.0,.074,,0.8,4.2,5.0
10,0,29,371,41,94,.436,20,43,.465,21,51,.412,24,28,.857,7,28,35,26,13,2,21,36,127
10,1,29,12.8,1.4,3.2,.436,0.7,1.5,.465,0.7,1.8,.412,0.8,1.0,.857,1.2,0.9,0.4,0.1,0.7,1.2,4.4
10,2,29,371,4.4,10.1,.436,2.2,4.6,.465,2.3,5.5,.412,2.6,3.0,.857,3.8,2.8,1.4,0.2,2.3,3.9,13.7
10,3,29,371,6.6,15.2,.436,3.2,7.0,.465,3.4,8.3,.412,3.9,4.5,.857,5.7,4.2,2.1,0.3,3.4,5.8,20.6,,113.3,105.4
10,4,29,371,14.3,.592,.548,.543,.298,122,2.2,9.2,5.6,14.5,2.1,0.6,16.4,17.9,,0.6,0.4,1.1,.118,,1.2,-1.3,-0.1
11,0,32,458,56,99,.566,56,99,.566,0,0,,17,48,.354,39,81,120,4,8,45,22,57,129
11,1,32,14.3,1.8,3.1,.566,1.8,3.1,.566,0.0,0.0,,0.5,1.5,.354,3.8,0.1,0.3,1.4,0.7,1.8,4.0
11,2,32,458,4.9,8.6,.566,4.9,8.6,.566,0.0,0.0,,1.5,4.2,.354,10.5,0.3,0.7,3.9,1.9,5.0,11.3
11,3,32,458,7.3,13.0,.566,7.3,13.0,.566,0.0,0.0,,2.2,6.3,.354,15.7,0.5,1.0,5.9,2.9,7.5,16.9,,102.1,97.4
11,4,32,458,16.7,.530,.566,.000,.485,126,9.8,21.5,15.5,1.9,1.0,11.2,15.3,16.3,,0.4,0.9,1.2,.109,,-4.2,4.1,0.0
12,0,20,168,19,40,.475,19,40,.475,0,0,,19,38,.500,17,19,36,3,1,1,19,39,57
12,1,20,8.4,1.0,2.0,.475,1.0,2.0,.475,0.0,0.0,,1.0,1.9,.500,1.8,0.2,0.1,0.1,1.0,2.0,2.9
12,2,20,168,4.5,9.5,.475,4.5,9.5,.475,0.0,0.0,,4.5,9.0,.500,8.6,0.7,0.2,0.2,4.5,9.3,13.6
12,3,20,168,6.8,14.3,.475,6.8,14.3,.475,0.0,0.0,,6.8,13.6,.500,12.9,1.1,0.4,0.4,6.8,14.0,20.4,,87.0,106.7
12,4,20,168,6.8,.491,.475,.000,.950,59,11.7,13.7,12.7,3.7,0.4,0.7,24.7,23.8,,-0.1,0.2,0.1,.020,,-6.4,-3.3,-9.6
13,0,32,701,68,154,.442,49,105,.467,19,49,.388,54,69,.783,7,56,63,64,21,0,43,86,209
13,1,32,21.9,2.1,4.8,.442,1.5,3.3,.467,0.6,1.5,.388,1.7,2.2,.783,2.0,2.0,0.7,0.0,1.3,2.7,6.5
13,2,32,701,3.9,8.8,.442,2.8,6.0,.467,1.1,2.8,.388,3.1,3.9,.783,3.6,3.7,1.2,0.0,2.5,4.9,11.9
13,3,32,701,5.8,13.2,.442,4.2,9.0,.467,1.6,4.2,.388,4.6,5.9,.783,5.4,5.5,1.8,0.0,3.7,7.4,17.9,,107.7,106.0
13,4,32,701,11.6,.559,.503,.318,.448,213,1.2,9.7,5.3,18.4,1.8,0.0,18.7,17.0,,0.9,0.8,1.7,.096,,-0.4,-1.2,-1.5
