0,0,29,379,29,65,.446,29,65,.446,0,0,,20,48,.417,32,43,75,24,10,8,35,57,78
0,1,29,13.1,1.0,2.2,.446,1.0,2.2,.446,0.0,0.0,,0.7,1.7,.417,2.6,0.8,0.3,0.3,1.2,2.0,2.7
0,2,29,379,3.1,6.9,.446,3.1,6.9,.446,0.0,0.0,,2.1,5.1,.417,7.9,2.5,1.1,0.8,3.7,6.0,8.2
0,3,29,379,4.9,11.0,.446,4.9,11.0,.446,0.0,0.0,,3.4,8.1,.417,12.7,4.1,1.7,1.4,5.9,9.7,13.2,,84.2,100.1
0,4,29,379,8.6,.444,.446,.000,.738,95,10.0,13.4,11.7,13.1,1.7,2.3,28.5,17.7,,-0.2,0.6,0.4,.038,,-4.4,2.3,-2.1
1,0,31,905,104,279,.373,63,154,.409,41,125,.328,92,139,.662,12,55,67,84,17,4,61,52,341
1,1,31,29.2,3.4,9.0,.373,2.0,5.0,.409,1.3,4.0,.328,3.0,4.5,.662,2.2,2.7,0.5,0.1,2.0,1.7,11.0
1,2,31,905,4.6,12.3,.373,2.8,6.8,.409,1.8,5.5,.328,4.1,6.1,.662,3.0,3.7,0.8,0.2,2.7,2.3,15.1
1,3,31,905,7.4,19.8,.373,4.5,10.9,.409,2.9,8.9,.328,6.5,9.9,.662,4.8,6.0,1.2,0.3,4.3,3.7,24.2,,102.4,105.6
1,4,31,905,13.9,.494,.446,.448,.498,340,1.6,7.2,4.4,20.9,1.2,0.5,15.0,24.5,,1.3,0.9,2.2,.096,,0.6,-1.8,-1.3
2,0,30,321,16,70,.229,11,46,.239,5,24,.208,10,17,.588,26,29,55,7,4,2,18,45,47
2,1,30,10.7,0.5,2.3,.229,0.4,1.5,.239,0.2,0.8,.208,0.3,0.6,.588,1.8,0.2,0.1,0.1,0.6,1.5,1.6
2,2,30,321,2.0,8.7,.229,1.4,5.7,.239,0.6,3.0,.208,1.2,2.1,.588,6.9,0.9,0.5,0.2,2.2,5.6,5.9
2,3,30,321,3.2,14.0,.229,2.2,9.2,.239,1.0,4.8,.208,2.0,3.4,.588,11.0,1.4,0.8,0.4,3.6,9.0,9.4,,72.1,104.3
2,4,30,321,1.5,.301,.264,.343,.243,58,9.6,10.7,10.2,4.3,0.8,0.7,18.7,16.3,,-0.4,0.3,-0.1,-.012,,-6.2,-0.9,-7.1
3,0,18,67,8,10,.800,8,10,.800,0,0,,4,6,.667,4,10,14,1,1,0,3,16,20
3,1,18,3.7,0.4,0.6,.800,0.4,0.6,.800,0.0,0.0,,0.2,0.3,.667,0.8,0.1,0.1,0.0,0.2,0.9,1.1
3,2,18,67,4.8,6.0,.800,4.8,6.0,.800,0.0,0.0,,2.4,3.6,.667,8.4,0.6,0.6,0.0,1.8,9.6,11.9
3,3,18,67,7.7,9.6,.800,7.7,9.6,.800,0.0,0.0,,3.8,5.8,.667,13.4,1.0,1.0,0.0,2.9,15.4,19.2,,131.8,100.5
3,4,18,67,15.3,.778,.800,.000,.600,18,7.1,17.7,12.4,3.4,1.0,0.0,18.9,12.9,,0.2,0.1,0.3,.162,,0.3,-1.2,-0.9
4,0,8,15,0,1,.000,0,0,,0,1,.000,0,0,,0,2,2,2,1,0,2,2,0
4,1,8,1.9,0.0,0.1,.000,0.0,0.0,,0.0,0.1,.000,0.0,0.0,,0.3,0.3,0.1,0.0,0.3,0.3,0.0
4,2,8,15,0.0,2.7,.000,0.0,0.0,,0.0,2.7,.000,0.0,0.0,,5.3,5.3,2.7,0.0,5.3,5.3,0.0
4,3,8,15,0.0,4.3,.000,0.0,0.0,,0.0,4.3,.000,0.0,0.0,,8.6,8.6,4.3,0.0,8.6,8.6,0.0,,33.6,94.7
4,4,8,15,-1.6,.000,.000,1.000,.000,1,0.0,15.8,7.9,23.9,4.3,0.0,66.7,10.9,,-0.1,0.0,0.0,-.065,,-10.1,3.4,-6.7
5,0,27,774,168,319,.527,166,314,.529,2,5,.400,79,120,.658,72,124,196,42,14,28,61,84,417
5,1,27,28.7,6.2,11.8,.527,6.1,11.6,.529,0.1,0.2,.400,2.9,4.4,.658,7.3,1.6,0.5,1.0,2.3,3.1,15.4
5,2,27,774,8.7,16.5,.527,8.6,16.2,.529,0.1,0.3,.400,4.1,6.2,.658,10.1,2.2,0.7,1.4,3.2,4.3,21.6
5,3,27,774,14.0,26.5,.527,13.8,26.1,.529,0.2,0.4,.400,6.6,10.0,.658,16.3,3.5,1.2,2.3,5.1,7.0,34.6,,110.2,98.1
5,4,27,774,26.5,.555,.530,.016,.376,396,11.0,19.0,15.0,15.9,1.2,4.0,14.0,30.8,,2.3,1.3,3.6,.185,,2.2,1.9,4.2
6,0,31,1073,105,256,.410,49,121,.405,56,135,.415,50,66,.758,21,82,103,103,56,6,47,53,316
6,1,31,34.6,3.4,8.3,.410,1.6,3.9,.405,1.8,4.4,.415,1.6,2.1,.758,3.3,3.3,1.8,0.2,1.5,1.7,10.2
6,2,31,1073,3.9,9.5,.410,1.8,4.5,.405,2.1,5.0,.415,1.9,2.5,.758,3.8,3.8,2.1,0.2,1.8,2.0,11.8
6,3,31,1073,6.3,15.3,.410,2.9,7.2,.405,3.4,8.1,.415,3.0,4.0,.758,6.2,6.2,3.4,0.4,2.8,3.2,18.9,,116.0,100.0
6,4,31,1073,17.2,.550,.520,.527,.258,327,2.3,9.1,5.7,20.8,3.4,0.6,14.1,17.0,,2.3,1.6,3.9,.145,,3.4,1.7,5.2
7,0,30,285,13,27,.481,13,27,.481,0,0,,7,15,.467,24,43,67,6,7,11,20,72,33
7,1,30,9.5,0.4,0.9,.481,0.4,0.9,.481,0.0,0.0,,0.2,0.5,.467,2.2,0.2,0.2,0.4,0.7,2.4,1.1
7,2,30,285,1.8,3.8,.481,1.8,3.8,.481,0.0,0.0,,1.0,2.1,.467,9.4,0.8,1.0,1.5,2.8,10.1,4.6
7,3,30,285,2.9,6.1,.481,2.9,6.1,.481,0.0,0.0,,1.6,3.4,.467,15.1,1.4,1.6,2.5,4.5,16.2,7.4,,82.5,96.8
7,4,30,285,5.8,.484,.481,.000,.556,43,10.0,17.9,13.9,4.1,1.6,4.2,37.0,10.4,,-0.1,0.5,0.4,.055,,-4.8,3.6,-1.2
8,0,32,1037,131,324,.404,29,69,.420,102,255,.400,61,81,.753,14,76,90,29,17,5,32,58,425
8,1,32,32.4,4.1,10.1,.404,0.9,2.2,.420,3.2,8.0,.400,1.9,2.5,.753,2.8,0.9,0.5,0.2,1.0,1.8,13.3
8,2,32,1037,5.1,12.5,.404,1.1,2.7,.420,3.9,9.8,.400,2.4,3.1,.753,3.5,1.1,0.7,0.2,1.2,2.2,16.4
8,3,32,1037,8.1,20.1,.404,1.8,4.3,.420,6.3,15.8,.400,3.8,5.0,.753,5.6,1.8,1.1,0.3,2.0,3.6,26.3,,121.5,105.2
8,4,32,1037,17.0,.586,.562,.787,.250,361,1.6,8.7,5.1,6.5,1.1,0.5,8.1,20.8,,2.9,1.0,4.0,.153,,5.0,-1.9,3.1
9,0,32,724,69,171,.404,52,106,.491,17,65,.262,57,82,.695,41,105,146,18,18,11,35,59,212
9,1,32,22.6,2.2,5.3,.404,1.6,3.3,.491,0.5,2.0,.262,1.8,2.6,.695,4.6,0.6,0.6,0.3,1.1,1.8,6.6
9,2,32,724,3.8,9.4,.404,2.9,5.9,.491,0.9,3.6,.262,3.1,4.5,.695,8.1,1.0,1.0,0.6,1.9,3.3,11.7
9,3,32,724,6.1,15.2,.404,4.6,9.4,.491,1.5,5.8,.262,5.1,7.3,.695,13.0,1.6,1.6,1.0,3.1,5.2,18.8,,103.8,99.3
9,4,32,724,14.1,.505,.453,.380,.480,207,6.7,17.2,12.0,5.4,1.6,1.7,14.3,18.5,,0.9,1.1,2.0,.110,,-1.0,0.6,-0.4
10,0,32,744,65,125,.520,65,125,.520,0,0,,37,74,.500,78,119,197,11,13,52,30,69,167
10,1,32,23.3,2.0,3.9,.520,2.0,3.9,.520,0.0,0.0,,1.2,2.3,.500,6.2,0.3,0.4,1.6,0.9,2.2,5.2
10,2,32,744,3.5,6.7,.520,3.5,6.7,.520,0.0,0.0,,2.0,4.0,.500,10.6,0.6,0.7,2.8,1.6,3.7,9.0
10,3,32,744,5.6,10.8,.520,5.6,10.8,.520,0.0,0.0,,3.2,6.4,.500,17.0,1.0,1.1,4.5,2.6,6.0,14.4,,108.5,96.4
10,4,32,744,16.9,.521,.520,.000,.592,183,12.4,19.0,15.7,3.1,1.1,7.7,15.8,13.9,,1.0,1.4,2.3,.126,,-1.9,4.3,2.5
11,0,8,138,12,42,.286,10,28,.357,2,14,.143,14,19,.737,0,10,10,10,6,0,10,13,40
11,1,8,17.3,1.5,5.3,.286,1.3,3.5,.357,0.3,1.8,.143,1.8,2.4,.737,1.3,1.3,0.8,0.0,1.3,1.6,5.0
11,2,8,138,3.5,12.2,.286,2.9,8.1,.357,0.6,4.1,.143,4.1,5.5,.737,2.9,2.9,1.7,0.0,2.9,3.8,11.6
11,3,8,138,5.6,19.6,.286,4.7,13.0,.357,0.9,6.5,.143,6.5,8.9,.737,4.7,4.7,2.8,0.0,4.7,6.1,18.6,,82.4,101.5
11,4,8,138,6.9,.392,.310,.333,.452,40,0.0,8.6,4.3,15.4,2.8,0.0,16.4,24.1,,-0.1,0.2,0.1,.021,,-5.1,-1.0,-6.1
12,0,12,13,3,6,.500,2,2,1.000,1,4,.250,0,0,,0,1,1,0,0,0,2,2,7
12,1,12,1.1,0.3,0.5,.500,0.2,0.2,1.000,0.1,0.3,.250,0.0,0.0,,0.1,0.0,0.0,0.0,0.2,0.2,0.6
12,2,12,13,9.2,18.5,.500,6.2,6.2,1.000,3.1,12.3,.250,0.0,0.0,,3.1,0.0,0.0,0.0,6.2,6.2,21.5
12,3,12,13,14.8,29.7,.500,9.9,9.9,1.000,4.9,19.8,.250,0.0,0.0,,4.9,0.0,0.0,0.0,9.9,9.9,34.6,,81.3,107.1
12,4,12,13,9.1,.583,.583,.667,.000,5,0.0,9.1,4.6,0.0,0.0,0.0,25.0,33.6,,0.0,0.0,0.0,-.017,,-5.2,-8.1,-13.2
