0,0,38,1083,127,208,.611,125,198,.631,2,10,.200,33,56,.589,140,189,329,30,35,57,28,91,289
0,1,38,28.5,3.3,5.5,.611,3.3,5.2,.631,0.1,0.3,.200,0.9,1.5,.589,8.7,0.8,0.9,1.5,0.7,2.4,7.6
0,2,38,1083,4.7,7.7,.611,4.6,7.3,.631,0.1,0.4,.200,1.2,2.1,.589,12.2,1.1,1.3,2.1,1.0,3.4,10.7
0,3,38,1083,7.1,11.6,.611,7.0,11.1,.631,0.1,0.6,.200,1.8,3.1,.589,18.4,1.7,2.0,3.2,1.6,5.1,16.1,,134.3,92.6
0,4,38,1083,22.3,.616,.615,.048,.269,324,15.2,18.9,17.1,5.1,2.0,5.2,10.7,12.5,,3.2,2.3,5.5,.204,,5.4,6.0,11.4
1,0,33,158,9,37,.243,6,18,.333,3,19,.158,5,9,.556,9,13,22,4,3,2,2,11,26
1,1,33,4.8,0.3,1.1,.243,0.2,0.5,.333,0.1,0.6,.158,0.2,0.3,.556,0.7,0.1,0.1,0.1,0.1,0.3,0.8
1,2,33,158,2.3,9.4,.243,1.5,4.6,.333,0.8,4.8,.158,1.3,2.3,.556,5.6,1.0,0.8,0.5,0.5,2.8,6.6
1,3,33,158,3.4,14.2,.243,2.3,6.9,.333,1.1,7.3,.158,1.9,3.4,.556,8.4,1.5,1.1,0.8,0.8,4.2,9.9,,87.5,101.6
1,4,33,158,5.7,.315,.284,.514,.243,30,6.7,8.9,7.8,4.2,1.1,1.3,4.6,14.1,,0.0,0.2,0.2,.046,,-1.3,0.7,-0.7
2,0,38,1196,206,466,.442,180,387,.465,26,79,.329,157,243,.646,92,244,336,60,43,72,75,91,595
2,1,38,31.5,5.4,12.3,.442,4.7,10.2,.465,0.7,2.1,.329,4.1,6.4,.646,8.8,1.6,1.1,1.9,2.0,2.4,15.7
2,2,38,1196,6.9,15.6,.442,6.0,12.9,.465,0.9,2.6,.329,5.3,8.1,.646,11.2,2.0,1.4,2.4,2.5,3.0,19.9
2,3,38,1196,10.4,23.6,.442,9.1,19.6,.465,1.3,4.0,.329,7.9,12.3,.646,17.0,3.0,2.2,3.6,3.8,4.6,30.1,,109.1,90.1
2,4,38,1196,25.5,.512,.470,.170,.521,582,9.0,22.1,15.8,10.3,2.2,6.0,11.4,28.2,,3.1,2.8,5.9,.199,,2.4,5.1,7.5
3,0,38,1363,217,513,.423,130,282,.461,87,231,.377,136,171,.795,25,128,153,159,25,8,120,83,657
3,1,38,35.9,5.7,13.5,.423,3.4,7.4,.461,2.3,6.1,.377,3.6,4.5,.795,4.0,4.2,0.7,0.2,3.2,2.2,17.3
3,2,38,1363,6.4,15.1,.423,3.8,8.3,.461,2.6,6.8,.377,4.0,5.0,.795,4.5,4.7,0.7,0.2,3.5,2.4,19.3
3,3,38,1363,9.6,22.8,.423,5.8,12.5,.461,3.9,10.2,.377,6.0,7.6,.795,6.8,7.1,1.1,0.4,5.3,3.7,29.1,,109.9,101.5
3,4,38,1363,19.3,.553,.508,.450,.333,652,2.2,10.2,6.3,23.4,1.1,0.6,16.8,27.0,,3.6,1.8,5.3,.157,,5.4,0.5,5.9
4,0,38,1078,161,324,.497,93,184,.505,68,140,.486,79,100,.790,19,56,75,62,22,6,50,85,469
4,1,38,28.4,4.2,8.5,.497,2.4,4.8,.505,1.8,3.7,.486,2.1,2.6,.790,2.0,1.6,0.6,0.2,1.3,2.2,12.3
4,2,38,1078,6.0,12.0,.497,3.5,6.8,.505,2.5,5.2,.486,2.9,3.7,.790,2.8,2.3,0.8,0.2,1.9,3.2,17.4
4,3,38,1078,9.0,18.2,.497,5.2,10.3,.505,3.8,7.9,.486,4.4,5.6,.790,4.2,3.5,1.2,0.3,2.8,4.8,26.3,,125.0,103.4
4,4,38,1078,18.8,.631,.602,.432,.309,417,2.1,5.6,3.9,11.3,1.2,0.6,11.9,20.1,,3.5,1.2,4.7,.174,,6.4,0.1,6.5
5,0,38,1201,112,264,.424,76,172,.442,36,92,.391,68,105,.648,22,131,153,96,46,28,55,94,328
5,1,38,31.6,2.9,6.9,.424,2.0,4.5,.442,0.9,2.4,.391,1.8,2.8,.648,4.0,2.5,1.2,0.7,1.4,2.5,8.6
5,2,38,1201,3.7,8.8,.424,2.5,5.7,.442,1.2,3.1,.391,2.3,3.5,.648,5.1,3.2,1.5,0.9,1.8,3.1,10.9
5,3,38,1201,5.6,13.3,.424,3.8,8.7,.442,1.8,4.6,.391,3.4,5.3,.648,7.7,4.8,2.3,1.4,2.8,4.7,16.5,,109.1,97.0
5,4,38,1201,14.5,.523,.492,.348,.398,338,2.2,11.8,7.2,14.2,2.3,2.3,14.9,15.8,,1.8,2.1,3.9,.129,,2.9,4.3,7.2
6,0,38,1178,149,312,.478,91,181,.503,58,131,.443,58,68,.853,51,122,173,66,32,43,57,100,414
6,1,38,31.0,3.9,8.2,.478,2.4,4.8,.503,1.5,3.4,.443,1.5,1.8,.853,4.6,1.7,0.8,1.1,1.5,2.6,10.9
6,2,38,1178,5.1,10.6,.478,3.1,6.1,.503,2.0,4.4,.443,2.0,2.3,.853,5.9,2.2,1.1,1.5,1.9,3.4,14.1
6,3,38,1178,7.6,16.0,.478,4.7,9.3,.503,3.0,6.7,.443,3.0,3.5,.853,8.9,3.4,1.6,2.2,2.9,5.1,21.2,,119.9,98.0
6,4,38,1178,18.4,.601,.571,.420,.218,397,5.1,11.2,8.3,10.6,1.6,3.6,14.2,17.5,,3.0,1.9,4.9,.166,,5.3,3.9,9.2
7,0,17,31,1,7,.143,1,6,.167,0,1,.000,4,4,1.000,0,2,2,0,0,0,3,2,6
7,1,17,1.8,0.1,0.4,.143,0.1,0.4,.167,0.0,0.1,.000,0.2,0.2,1.000,0.1,0.0,0.0,0.0,0.2,0.1,0.4
7,2,17,31,1.3,9.0,.143,1.3,7.7,.167,0.0,1.3,.000,5.2,5.2,1.000,2.6,0.0,0.0,0.0,3.9,2.6,7.7
7,3,17,31,2.0,13.7,.143,2.0,11.7,.167,0.0,2.0,.000,7.8,7.8,1.000,3.9,0.0,0.0,0.0,5.9,3.9,11.7,,58.9,105.9
7,4,17,31,-3.5,.337,.143,.143,.571,5,0.0,7.0,3.6,0.0,0.0,0.0,25.2,19.8,,-0.1,0.0,-0.1,-.071,,-9.8,-2.6,-12.3
8,0,16,45,1,9,.111,0,5,.000,1,4,.250,1,2,.500,3,5,8,1,0,0,1,4,4
8,1,16,2.8,0.1,0.6,.111,0.0,0.3,.000,0.1,0.3,.250,0.1,0.1,.500,0.5,0.1,0.0,0.0,0.1,0.3,0.3
8,2,16,45,0.9,8.0,.111,0.0,4.4,.000,0.9,3.6,.250,0.9,1.8,.500,7.1,0.9,0.0,0.0,0.9,3.6,3.6
8,3,16,45,1.3,12.1,.111,0.0,6.7,.000,1.3,5.4,.250,1.3,2.7,.500,10.7,1.3,0.0,0.0,1.3,5.4,5.4,,67.0,103.2
8,4,16,45,-0.2,.201,.167,.444,.222,6,7.8,12.1,10.0,3.5,0.0,0.0,9.1,12.5,,-0.1,0.1,0.0,-.006,,-4.2,-0.4,-4.6
9,0,38,292,19,43,.442,19,43,.442,0,0,,19,31,.613,35,42,77,4,5,23,12,39,57
9,1,38,7.7,0.5,1.1,.442,0.5,1.1,.442,0.0,0.0,,0.5,0.8,.613,2.0,0.1,0.1,0.6,0.3,1.0,1.5
9,2,38,292,2.6,5.9,.442,2.6,5.9,.442,0.0,0.0,,2.6,4.2,.613,10.5,0.5,0.7,3.2,1.6,5.3,7.8
9,3,38,292,3.9,8.9,.442,3.9,8.9,.442,0.0,0.0,,3.9,6.4,.613,15.9,0.8,1.0,4.8,2.5,8.1,11.8,,110.0,94.7
9,4,38,292,14.5,.494,.442,.000,.721,71,14.1,15.6,14.9,2.3,1.0,7.8,17.2,12.3,,0.4,0.6,1.0,.131,,-0.1,5.1,4.9
