0,0,5,17,1,3,.333,1,3,.333,0,0,,0,1,.000,0,2,2,2,1,1,1,1,2
0,1,5,3.4,0.2,0.6,.333,0.2,0.6,.333,0.0,0.0,,0.0,0.2,.000,0.4,0.4,0.2,0.2,0.2,0.2,0.4
0,2,5,17,2.4,7.1,.333,2.4,7.1,.333,0.0,0.0,,0.0,2.4,.000,4.7,4.7,2.4,2.4,2.4,2.4,4.7
0,3,5,17,3.5,10.6,.333,3.5,10.6,.333,0.0,0.0,,0.0,3.5,.000,7.0,7.0,3.5,3.5,3.5,3.5,7.0,,69.5,92.2
0,4,5,17,8.5,.288,.333,.000,.333,3,0.0,12.4,6.6,19.9,3.5,5.6,22.3,13.4,,0.0,0.0,0.0,.031,,-5.2,5.4,0.2
1,0,29,683,105,169,.621,105,169,.621,0,0,,32,86,.372,67,112,179,27,24,60,48,70,242
1,1,29,23.6,3.6,5.8,.621,3.6,5.8,.621,0.0,0.0,,1.1,3.0,.372,6.2,0.9,0.8,2.1,1.7,2.4,8.3
1,2,29,683,6.1,9.9,.621,6.1,9.9,.621,0.0,0.0,,1.9,5.0,.372,10.5,1.6,1.4,3.5,2.8,4.1,14.2
1,3,29,683,9.2,14.8,.621,9.2,14.8,.621,0.0,0.0,,2.8,7.5,.372,15.7,2.4,2.1,5.3,4.2,6.1,21.2,,106.7,91.1
1,4,29,683,22.1,.577,.621,.000,.509,239,12.0,17.2,14.8,8.0,2.1,8.4,18.6,19.3,,1.2,1.5,2.7,.158,,1.9,6.1,8.1
2,0,33,1048,157,357,.440,140,293,.478,17,64,.266,135,212,.637,48,104,152,88,36,15,101,97,466
2,1,33,31.8,4.8,10.8,.440,4.2,8.9,.478,0.5,1.9,.266,4.1,6.4,.637,4.6,2.7,1.1,0.5,3.1,2.9,14.1
2,2,33,1048,6.0,13.6,.440,5.3,11.2,.478,0.6,2.4,.266,5.2,8.1,.637,5.8,3.4,1.4,0.6,3.9,3.7,17.8
2,3,33,1048,9.0,20.4,.440,8.0,16.7,.478,1.0,3.7,.266,7.7,12.1,.637,8.7,5.0,2.1,0.9,5.8,5.5,26.6,,100.1,98.6
2,4,33,1048,16.9,.509,.464,.179,.594,467,5.6,10.4,8.2,16.8,2.1,1.4,18.1,27.2,,1.6,1.5,3.1,.120,,1.2,1.2,2.4
3,0,29,787,110,266,.414,89,195,.456,21,71,.296,46,65,.708,19,63,82,82,21,4,48,70,287
3,1,29,27.1,3.8,9.2,.414,3.1,6.7,.456,0.7,2.4,.296,1.6,2.2,.708,2.8,2.8,0.7,0.1,1.7,2.4,9.9
3,2,29,787,5.6,13.5,.414,4.5,9.9,.456,1.1,3.6,.296,2.3,3.3,.708,4.2,4.2,1.1,0.2,2.4,3.6,14.6
3,3,29,787,8.4,20.2,.414,6.8,14.8,.456,1.6,5.4,.296,3.5,4.9,.708,6.2,6.2,1.6,0.3,3.7,5.3,21.8,,103.2,101.2
3,4,29,787,14.2,.483,.453,.267,.244,294,2.9,8.4,5.9,20.5,1.6,0.5,13.9,22.4,,1.2,1.0,2.2,.111,,1.4,-0.2,1.2
4,0,23,146,13,26,.500,7,11,.636,6,15,.400,2,2,1.000,7,21,28,2,7,1,3,13,34
4,1,23,6.3,0.6,1.1,.500,0.3,0.5,.636,0.3,0.7,.400,0.1,0.1,1.000,1.2,0.1,0.3,0.0,0.1,0.6,1.5
4,2,23,146,3.6,7.1,.500,1.9,3.0,.636,1.6,4.1,.400,0.5,0.5,1.000,7.7,0.5,1.9,0.3,0.8,3.6,9.3
4,3,23,146,5.3,10.7,.500,2.9,4.5,.636,2.5,6.2,.400,0.8,0.8,1.000,11.5,0.8,2.9,0.4,1.2,5.3,13.9,,128.6,94.7
4,4,23,146,14.8,.631,.615,.577,.077,31,5.8,15.1,10.8,2.4,2.9,0.7,10.0,10.5,,0.3,0.3,0.6,.152,,2.9,1.2,4.1
5,0,6,9,0,3,.000,0,1,.000,0,2,.000,0,0,,1,1,2,0,0,0,2,1,0
5,1,6,1.5,0.0,0.5,.000,0.0,0.2,.000,0.0,0.3,.000,0.0,0.0,,0.3,0.0,0.0,0.0,0.3,0.2,0.0
5,2,6,9,0.0,13.3,.000,0.0,4.4,.000,0.0,8.9,.000,0.0,0.0,,8.9,0.0,0.0,0.0,8.9,4.4,0.0
5,3,6,9,0.0,20.0,.000,0.0,6.7,.000,0.0,13.3,.000,0.0,0.0,,13.3,0.0,0.0,0.0,13.3,6.7,0.0,,13.6,103.2
5,4,6,9,-23.5,.000,.000,.667,.000,1,13.5,11.7,12.5,0.0,0.0,0.0,40.0,28.4,,-0.1,0.0,-0.1,-.367,,-20.7,-6.0,-26.7
6,0,3,6,0,3,.000,0,2,.000,0,1,.000,0,0,,0,0,0,0,1,0,0,0,0
6,1,3,2.0,0.0,1.0,.000,0.0,0.7,.000,0.0,0.3,.000,0.0,0.0,,0.0,0.0,0.3,0.0,0.0,0.0,0.0
6,2,3,6,0.0,20.0,.000,0.0,13.3,.000,0.0,6.7,.000,0.0,0.0,,0.0,0.0,6.7,0.0,0.0,0.0,0.0
6,3,3,6,0.0,29.9,.000,0.0,20.0,.000,0.0,10.0,.000,0.0,0.0,,0.0,0.0,10.0,0.0,0.0,0.0,0.0,,0.0,87.6
6,4,3,6,-11.5,.000,.000,.333,.000,0,0.0,0.0,0.0,0.0,10.0,0.0,0.0,25.5,,0.0,0.0,0.0,-.227,,-15.2,2.5,-12.7
7,0,3,6,0,0,,0,0,,0,0,,0,0,,1,2,3,0,0,0,2,0,0
7,1,3,2.0,0.0,0.0,,0.0,0.0,,0.0,0.0,,0.0,0.0,,1.0,0.0,0.0,0.0,0.7,0.0,0.0
7,2,3,6,0.0,0.0,,0.0,0.0,,0.0,0.0,,0.0,0.0,,20.0,0.0,0.0,0.0,13.3,0.0,0.0
7,3,3,6,0.0,0.0,,0.0,0.0,,0.0,0.0,,0.0,0.0,,29.9,0.0,0.0,0.0,20.0,0.0,0.0,,24.8,91.5
7,4,3,6,-7.3,,,,,1,20.3,35.0,28.2,0.0,0.0,0.0,100.0,17.0,,0.0,0.0,0.0,-.198,,-17.8,-1.9,-19.7
8,0,33,1090,93,247,.377,28,72,.389,65,175,.371,55,65,.846,16,81,97,95,14,0,38,63,306
8,1,33,33.0,2.8,7.5,.377,0.8,2.2,.389,2.0,5.3,.371,1.7,2.0,.846,2.9,2.9,0.4,0.0,1.2,1.9,9.3
8,2,33,1090,3.4,9.1,.377,1.0,2.6,.389,2.4,6.4,.371,2.0,2.4,.846,3.6,3.5,0.5,0.0,1.4,2.3,11.2
8,3,33,1090,5.1,13.6,.377,1.5,4.0,.389,3.6,9.6,.371,3.0,3.6,.846,5.3,5.2,0.8,0.0,2.1,3.5,16.8,,119.3,103.7
8,4,33,1090,12.7,.551,.508,.709,.263,311,1.8,7.8,5.0,15.5,0.8,0.0,12.0,14.8,,2.4,1.1,3.4,.126,,4.5,-0.6,3.9
9,0,24,765,98,166,.590,98,166,.590,0,0,,55,104,.529,65,162,227,38,50,106,45,62,251
9,1,24,31.9,4.1,6.9,.590,4.1,6.9,.590,0.0,0.0,,2.3,4.3,.529,9.5,1.6,2.1,4.4,1.9,2.6,10.5
9,2,24,765,5.1,8.7,.590,5.1,8.7,.590,0.0,0.0,,2.9,5.4,.529,11.9,2.0,2.6,5.5,2.4,3.2,13.1
9,3,24,765,7.7,13.0,.590,7.7,13.0,.590,0.0,0.0,,4.3,8.1,.529,17.8,3.0,3.9,8.3,3.5,4.9,19.6,,112.9,81.9
9,4,24,765,27.3,.583,.590,.000,.627,257,10.4,22.3,16.8,9.5,3.9,13.2,17.3,17.4,,1.6,2.4,4.0,.209,,2.9,11.7,14.6
10,0,33,457,36,68,.529,30,47,.638,6,21,.286,23,32,.719,18,37,55,35,10,2,25,47,101
10,1,33,13.8,1.1,2.1,.529,0.9,1.4,.638,0.2,0.6,.286,0.7,1.0,.719,1.7,1.1,0.3,0.1,0.8,1.4,3.1
10,2,33,457,3.2,6.0,.529,2.6,4.1,.638,0.5,1.8,.286,2.0,2.8,.719,4.8,3.1,0.9,0.2,2.2,4.1,8.8
10,3,33,457,4.7,8.9,.529,3.9,6.2,.638,0.8,2.8,.286,3.0,4.2,.719,7.2,4.6,1.3,0.3,3.3,6.2,13.2,,112.9,101.7
10,4,33,457,11.4,.607,.574,.309,.471,111,4.8,8.5,6.8,13.4,1.3,0.4,23.1,12.1,,0.7,0.5,1.2,.109,,2.0,0.5,2.5
11,0,33,852,133,229,.581,119,196,.607,14,33,.424,91,132,.689,62,137,199,22,9,14,66,88,371
11,1,33,25.8,4.0,6.9,.581,3.6,5.9,.607,0.4,1.0,.424,2.8,4.0,.689,6.0,0.7,0.3,0.4,2.0,2.7,11.2
11,2,33,852,6.2,10.8,.581,5.6,9.2,.607,0.7,1.5,.424,4.3,6.2,.689,9.3,1.0,0.4,0.7,3.1,4.1,17.4
11,3,33,852,9.3,16.1,.581,8.4,13.8,.607,1.0,2.3,.424,6.4,9.3,.689,14.0,1.5,0.6,1.0,4.6,6.2,26.1,,114.6,98.2
11,4,33,852,19.8,.636,.611,.144,.576,339,8.9,16.9,13.2,5.2,0.6,1.6,18.5,21.4,,2.3,1.3,3.6,.167,,2.9,-0.2,2.7
12,0,33,784,117,278,.421,62,128,.484,55,150,.367,47,58,.810,35,102,137,50,12,14,42,51,336
12,1,33,23.8,3.5,8.4,.421,1.9,3.9,.484,1.7,4.5,.367,1.4,1.8,.810,4.2,1.5,0.4,0.4,1.3,1.5,10.2
12,2,33,784,6.0,14.2,.421,3.2,6.5,.484,2.8,7.7,.367,2.4,3.0,.810,7.0,2.6,0.6,0.7,2.1,2.6,17.1
12,3,33,784,8.9,21.2,.421,4.7,9.8,.484,4.2,11.5,.367,3.6,4.4,.810,10.5,3.8,0.9,1.1,3.2,3.9,25.7,,113.8,99.4
12,4,33,784,18.8,.550,.520,.540,.209,316,5.4,13.7,9.9,12.8,0.9,1.7,12.1,22.6,,2.1,1.1,3.2,.161,,4.6,-0.1,4.5
