0,0,29,275,20,50,.400,19,38,.500,1,12,.083,16,24,.667,29,39,68,4,7,5,11,21,57
0,1,29,9.5,0.7,1.7,.400,0.7,1.3,.500,0.0,0.4,.083,0.6,0.8,.667,2.3,0.1,0.2,0.2,0.4,0.7,2.0
0,2,29,275,2.9,7.3,.400,2.8,5.5,.500,0.1,1.7,.083,2.3,3.5,.667,9.9,0.6,1.0,0.7,1.6,3.1,8.3
0,3,29,275,4.5,11.2,.400,4.2,8.5,.500,0.2,2.7,.083,3.6,5.4,.667,15.2,0.9,1.6,1.1,2.5,4.7,12.7,,102.0,103.5
0,4,29,275,12.0,.464,.410,.240,.480,64,11.9,16.5,14.2,2.9,1.6,1.8,15.2,13.7,,0.2,0.4,0.6,.082,,-2.2,1.3,-0.9
1,0,4,5,1,2,.500,1,2,.500,0,0,,0,1,.000,1,0,1,0,0,0,0,2,2
1,1,4,1.3,0.3,0.5,.500,0.3,0.5,.500,0.0,0.0,,0.0,0.3,.000,0.3,0.0,0.0,0.0,0.0,0.5,0.5
1,2,4,5,8.0,16.0,.500,8.0,16.0,.500,0.0,0.0,,0.0,8.0,.000,8.0,0.0,0.0,0.0,0.0,16.0,16.0
1,3,4,5,12.3,24.5,.500,12.3,24.5,.500,0.0,0.0,,0.0,12.3,.000,12.3,0.0,0.0,0.0,0.0,24.5,24.5,,97.7,113.8
1,4,4,5,9.1,.404,.500,.000,.500,2,22.6,0.0,11.5,0.0,0.0,0.0,0.0,25.7,,0.0,0.0,0.0,.043,,-2.2,-8.0,-10.1
2,0,14,43,4,7,.571,4,7,.571,0,0,,4,7,.571,3,9,12,0,0,1,6,8,12
2,1,14,3.1,0.3,0.5,.571,0.3,0.5,.571,0.0,0.0,,0.3,0.5,.571,0.9,0.0,0.0,0.1,0.4,0.6,0.9
2,2,14,43,3.7,6.5,.571,3.7,6.5,.571,0.0,0.0,,3.7,6.5,.571,11.2,0.0,0.0,0.9,5.6,7.4,11.2
2,3,14,43,5.7,10.0,.571,5.7,10.0,.571,0.0,0.0,,5.7,10.0,.571,17.1,0.0,0.0,1.4,8.6,11.4,17.1,,78.3,102.7
2,4,14,43,6.1,.581,.571,.000,1.000,11,7.9,24.4,16.0,0.0,0.0,2.3,36.8,19.7,,-0.1,0.1,0.0,.005,,-9.7,-2.9,-12.6
3,0,23,113,9,28,.321,1,2,.500,8,26,.308,3,4,.750,2,10,12,4,0,1,4,12,29
3,1,23,4.9,0.4,1.2,.321,0.0,0.1,.500,0.3,1.1,.308,0.1,0.2,.750,0.5,0.2,0.0,0.0,0.2,0.5,1.3
3,2,23,113,3.2,9.9,.321,0.4,0.7,.500,2.8,9.2,.308,1.1,1.4,.750,4.2,1.4,0.0,0.4,1.4,4.2,10.3
3,3,23,113,4.9,15.2,.321,0.5,1.1,.500,4.3,14.1,.308,1.6,2.2,.750,6.5,2.2,0.0,0.5,2.2,6.5,15.7,,100.2,110.1
3,4,23,113,6.6,.485,.464,.929,.143,26,2.0,10.3,6.1,7.2,0.0,0.9,11.8,15.6,,0.1,0.1,0.1,.053,,-0.8,-1.7,-2.5
4,0,31,1121,147,353,.416,89,211,.422,58,142,.408,118,147,.803,18,87,105,108,51,9,58,61,470
4,1,31,36.2,4.7,11.4,.416,2.9,6.8,.422,1.9,4.6,.408,3.8,4.7,.803,3.4,3.5,1.6,0.3,1.9,2.0,15.2
4,2,31,1121,5.2,12.6,.416,3.2,7.5,.422,2.1,5.1,.408,4.2,5.2,.803,3.7,3.9,1.8,0.3,2.1,2.2,16.8
4,3,31,1121,8.0,19.3,.416,4.9,11.5,.422,3.2,7.8,.408,6.5,8.0,.803,5.7,5.9,2.8,0.5,3.2,3.3,25.7,,115.5,104.8
4,4,31,1121,19.0,.556,.499,.402,.416,451,1.8,9.0,5.4,21.9,2.8,0.8,12.1,22.3,,2.7,1.4,4.1,.145,,4.7,1.5,6.3
5,0,31,916,126,380,.332,96,249,.386,30,131,.229,107,145,.738,8,64,72,81,21,6,52,47,389
5,1,31,29.5,4.1,12.3,.332,3.1,8.0,.386,1.0,4.2,.229,3.5,4.7,.738,2.3,2.6,0.7,0.2,1.7,1.5,12.5
5,2,31,916,5.5,16.6,.332,4.2,10.9,.386,1.3,5.7,.229,4.7,6.3,.738,3.1,3.5,0.9,0.3,2.3,2.1,17.0
5,3,31,916,8.4,25.5,.332,6.4,16.7,.386,2.0,8.8,.229,7.2,9.7,.738,4.8,5.4,1.4,0.4,3.5,3.1,26.1,,95.4,108.3
5,4,31,916,12.1,.433,.371,.345,.382,375,1.0,8.1,4.5,20.4,1.4,0.6,10.4,28.4,,0.4,0.9,1.2,.054,,-1.1,-1.1,-2.2
6,0,28,394,27,103,.262,21,74,.284,6,29,.207,23,29,.793,10,22,32,26,16,0,33,55,83
6,1,28,14.1,1.0,3.7,.262,0.8,2.6,.284,0.2,1.0,.207,0.8,1.0,.793,1.1,0.9,0.6,0.0,1.2,2.0,3.0
6,2,28,394,2.7,10.5,.262,2.1,7.5,.284,0.6,2.9,.207,2.3,2.9,.793,3.2,2.6,1.6,0.0,3.4,5.6,8.4
6,3,28,394,4.2,16.0,.262,3.3,11.5,.284,0.9,4.5,.207,3.6,4.5,.793,5.0,4.0,2.5,0.0,5.1,8.6,12.9,,72.3,106.6
6,4,28,394,2.0,.355,.291,.282,.282,89,2.9,6.5,4.7,13.1,2.5,0.0,22.0,19.7,,-0.7,0.4,-0.3,-.028,,-6.0,0.7,-5.3
7,0,7,11,1,2,.500,0,1,.000,1,1,1.000,0,2,.000,0,1,1,2,0,1,2,0,3
7,1,7,1.6,0.1,0.3,.500,0.0,0.1,.000,0.1,0.1,1.000,0.0,0.3,.000,0.1,0.3,0.0,0.1,0.3,0.0,0.4
7,2,7,11,3.6,7.3,.500,0.0,3.6,.000,3.6,3.6,1.000,0.0,7.3,.000,3.6,7.3,0.0,3.6,7.3,0.0,10.9
7,3,7,11,5.6,11.2,.500,0.0,5.6,.000,5.6,5.6,1.000,0.0,11.2,.000,5.6,11.2,0.0,5.6,11.2,0.0,16.7,,72.7,106.0
7,4,7,11,8.4,.508,.750,.500,1.000,3,0.0,10.6,5.2,37.9,0.0,8.9,40.4,23.4,,0.0,0.0,0.0,-.050,,-6.8,1.5,-5.3
8,0,31,970,80,206,.388,29,83,.349,51,123,.415,25,31,.806,14,64,78,63,29,5,51,64,236
8,1,31,31.3,2.6,6.6,.388,0.9,2.7,.349,1.6,4.0,.415,0.8,1.0,.806,2.5,2.0,0.9,0.2,1.6,2.1,7.6
8,2,31,970,3.3,8.5,.388,1.2,3.4,.349,2.1,5.1,.415,1.0,1.3,.806,3.2,2.6,1.2,0.2,2.1,2.6,9.7
8,3,31,970,5.1,13.0,.388,1.8,5.2,.349,3.2,7.8,.415,1.6,2.0,.806,4.9,4.0,1.8,0.3,3.2,4.0,14.9,,101.0,107.6
8,4,31,970,9.5,.535,.512,.597,.150,226,1.6,7.7,4.6,13.3,1.8,0.5,18.8,14.6,,0.6,1.0,1.6,.064,,0.5,1.3,1.9
9,0,31,729,45,123,.366,23,45,.511,22,78,.282,23,34,.676,22,68,90,48,25,7,30,61,135
9,1,31,23.5,1.5,4.0,.366,0.7,1.5,.511,0.7,2.5,.282,0.7,1.1,.676,2.9,1.5,0.8,0.2,1.0,2.0,4.4
9,2,31,729,2.5,6.7,.366,1.3,2.5,.511,1.2,4.3,.282,1.3,1.9,.676,4.9,2.6,1.4,0.4,1.6,3.3,7.4
9,3,31,729,3.8,10.4,.366,1.9,3.8,.511,1.9,6.6,.282,1.9,2.9,.676,7.6,4.0,2.1,0.6,2.5,5.1,11.4,,100.3,105.3
9,4,31,729,9.2,.485,.455,.634,.276,145,3.4,10.9,7.1,12.9,2.1,0.9,17.7,12.1,,0.3,0.9,1.2,.068,,-0.1,2.5,2.4
10,0,31,786,160,278,.576,160,278,.576,0,0,,92,154,.597,96,110,206,20,12,13,52,76,412
10,1,31,25.4,5.2,9.0,.576,5.2,9.0,.576,0.0,0.0,,3.0,5.0,.597,6.6,0.6,0.4,0.4,1.7,2.5,13.3
10,2,31,786,8.1,14.1,.576,8.1,14.1,.576,0.0,0.0,,4.7,7.8,.597,10.5,1.0,0.6,0.7,2.6,3.9,21.0
10,3,31,786,12.5,21.7,.576,12.5,21.7,.576,0.0,0.0,,7.2,12.0,.597,16.1,1.6,0.9,1.0,4.1,5.9,32.2,,114.8,105.0
10,4,31,786,24.1,.587,.576,.000,.554,379,13.8,16.3,15.0,6.9,0.9,1.6,12.9,26.6,,2.2,1.0,3.2,.161,,2.9,-0.2,2.7
11,0,31,940,100,211,.474,100,209,.478,0,2,.000,72,104,.692,88,208,296,29,12,58,57,88,272
11,1,31,30.3,3.2,6.8,.474,3.2,6.7,.478,0.0,0.1,.000,2.3,3.4,.692,9.5,0.9,0.4,1.9,1.8,2.8,8.8
11,2,31,940,4.3,9.0,.474,4.3,8.9,.478,0.0,0.1,.000,3.1,4.4,.692,12.6,1.2,0.5,2.5,2.4,3.7,11.6
11,3,31,940,6.5,13.8,.474,6.5,13.6,.478,0.0,0.1,.000,4.7,6.8,.692,19.3,1.9,0.8,3.8,3.7,5.7,17.8,,103.5,98.7
11,4,31,940,17.0,.522,.474,.009,.493,282,10.6,25.8,18.0,6.6,0.8,6.0,18.0,17.5,,0.9,1.7,2.6,.112,,-2.0,4.8,2.8
