0,0,27,210,11,23,.478,7,11,.636,4,12,.333,3,6,.500,18,26,44,7,6,4,9,9,29
0,1,27,7.8,0.4,0.9,.478,0.3,0.4,.636,0.1,0.4,.333,0.1,0.2,.500,1.6,0.3,0.2,0.1,0.3,0.3,1.1
0,2,27,210,2.1,4.4,.478,1.3,2.1,.636,0.8,2.3,.333,0.6,1.1,.500,8.4,1.3,1.1,0.8,1.7,1.7,5.5
0,3,27,210,3.3,6.8,.478,2.1,3.3,.636,1.2,3.6,.333,0.9,1.8,.500,13.0,2.1,1.8,1.2,2.7,2.7,8.6,,105.3,96.4
0,4,27,210,11.7,.561,.565,.522,.261,36,10.2,14.6,12.4,6.7,1.8,2.0,25.8,8.9,,0.2,0.4,0.5,.103,,-0.7,3.0,2.3
1,0,5,6,1,1,1.000,1,1,1.000,0,0,,0,0,,0,0,0,2,1,0,0,3,2
1,1,5,1.2,0.2,0.2,1.000,0.2,0.2,1.000,0.0,0.0,,0.0,0.0,,0.0,0.4,0.2,0.0,0.0,0.6,0.4
1,2,5,6,6.7,6.7,1.000,6.7,6.7,1.000,0.0,0.0,,0.0,0.0,,0.0,13.3,6.7,0.0,0.0,20.0,13.3
1,3,5,6,10.4,10.4,1.000,10.4,10.4,1.000,0.0,0.0,,0.0,0.0,,0.0,20.7,10.4,0.0,0.0,31.1,20.7,,207.1,82.8
1,4,5,6,34.5,1.000,1.000,.000,.000,3,0.0,0.0,0.0,87.7,10.4,0.0,0.0,9.0,,0.0,0.0,0.1,.441,,8.1,-11.6,-3.5
2,0,32,868,72,190,.379,53,131,.405,19,59,.322,29,47,.617,6,56,62,63,32,8,49,55,192
2,1,32,27.1,2.3,5.9,.379,1.7,4.1,.405,0.6,1.8,.322,0.9,1.5,.617,1.9,2.0,1.0,0.3,1.5,1.7,6.0
2,2,32,868,3.3,8.8,.379,2.4,6.0,.405,0.9,2.7,.322,1.3,2.2,.617,2.9,2.9,1.5,0.4,2.3,2.5,8.8
2,3,32,868,5.2,13.6,.379,3.8,9.4,.405,1.4,4.2,.322,2.1,3.4,.617,4.4,4.5,2.3,0.6,3.5,3.9,13.7,,87.3,98.8
2,4,32,868,8.3,.452,.429,.311,.247,193,0.8,7.6,4.2,15.6,2.3,1.0,18.8,16.2,,-0.2,1.4,1.2,.056,,-2.5,1.7,-0.8
3,0,6,7,1,2,.500,1,2,.500,0,0,,1,2,.500,0,0,0,0,1,0,1,1,3
3,1,6,1.2,0.2,0.3,.500,0.2,0.3,.500,0.0,0.0,,0.2,0.3,.500,0.0,0.0,0.2,0.0,0.2,0.2,0.5
3,2,6,7,5.7,11.4,.500,5.7,11.4,.500,0.0,0.0,,5.7,11.4,.500,0.0,0.0,5.7,0.0,5.7,5.7,17.1
3,3,6,7,8.9,17.8,.500,8.9,17.8,.500,0.0,0.0,,8.9,17.8,.500,0.0,0.0,8.9,0.0,8.9,8.9,26.6,,75.9,87.9
3,4,6,7,11.4,.508,.500,.000,1.000,2,0.0,0.0,0.0,0.0,8.9,0.0,25.3,30.4,,0.0,0.0,0.0,.028,,-7.1,2.9,-4.2
4,0,29,675,25,65,.385,17,26,.654,8,39,.205,12,15,.800,15,64,79,46,24,5,23,49,70
4,1,29,23.3,0.9,2.2,.385,0.6,0.9,.654,0.3,1.3,.205,0.4,0.5,.800,2.7,1.6,0.8,0.2,0.8,1.7,2.4
4,2,29,675,1.5,3.9,.385,1.0,1.5,.654,0.5,2.3,.205,0.7,0.9,.800,4.7,2.7,1.4,0.3,1.4,2.9,4.1
4,3,29,675,2.3,6.0,.385,1.6,2.4,.654,0.7,3.6,.205,1.1,1.4,.800,7.3,4.2,2.2,0.5,2.1,4.5,6.4,,98.0,97.5
4,4,29,675,7.9,.485,.446,.600,.231,88,2.6,11.2,6.9,13.4,2.2,0.8,24.2,7.6,,0.2,1.2,1.4,.082,,-1.2,3.3,2.0
5,0,32,1027,179,457,.392,111,260,.427,68,197,.345,139,174,.799,16,109,125,74,27,8,101,90,565
5,1,32,32.1,5.6,14.3,.392,3.5,8.1,.427,2.1,6.2,.345,4.3,5.4,.799,3.9,2.3,0.8,0.3,3.2,2.8,17.7
5,2,32,1027,7.0,17.8,.392,4.3,10.1,.427,2.6,7.7,.345,5.4,6.8,.799,4.9,2.9,1.1,0.3,3.9,3.5,22.0
5,3,32,1027,10.8,27.7,.392,6.7,15.7,.427,4.1,11.9,.345,8.4,10.5,.799,7.6,4.5,1.6,0.5,6.1,5.4,34.2,,98.9,98.0
5,4,32,1027,17.9,.523,.466,.431,.381,514,1.8,12.5,7.2,19.3,1.6,0.8,15.8,33.6,,1.4,1.7,3.1,.122,,2.8,-0.5,2.3
6,0,32,922,89,248,.359,43,111,.387,46,137,.336,63,83,.759,23,74,97,34,38,12,40,98,287
6,1,32,28.8,2.8,7.8,.359,1.3,3.5,.387,1.4,4.3,.336,2.0,2.6,.759,3.0,1.1,1.2,0.4,1.3,3.1,9.0
6,2,32,922,3.9,10.8,.359,1.9,4.8,.387,2.0,5.9,.336,2.7,3.6,.759,4.2,1.5,1.6,0.5,1.7,4.3,12.5
6,3,32,922,6.0,16.7,.359,2.9,7.5,.387,3.1,9.2,.336,4.2,5.6,.759,6.5,2.3,2.6,0.8,2.7,6.6,19.3,,100.5,97.0
6,4,32,922,12.1,.499,.452,.552,.335,265,3.0,9.5,6.2,8.2,2.6,1.4,12.2,19.1,,0.8,1.6,2.5,.108,,0.9,1.8,2.7
7,0,23,142,15,41,.366,3,8,.375,12,33,.364,10,17,.588,6,10,16,6,2,0,12,13,52
7,1,23,6.2,0.7,1.8,.366,0.1,0.3,.375,0.5,1.4,.364,0.4,0.7,.588,0.7,0.3,0.1,0.0,0.5,0.6,2.3
7,2,23,142,4.2,11.5,.366,0.8,2.3,.375,3.4,9.3,.364,2.8,4.8,.588,4.5,1.7,0.6,0.0,3.4,3.7,14.6
7,3,23,142,6.6,17.9,.366,1.3,3.5,.375,5.3,14.4,.364,4.4,7.4,.588,7.0,2.6,0.9,0.0,5.3,5.7,22.8,,94.8,102.0
7,4,23,142,10.4,.530,.512,.805,.415,48,5.0,8.3,6.7,9.6,0.9,0.0,19.6,23.1,,0.1,0.2,0.3,.073,,0.5,-2.4,-2.0
8,0,32,732,64,143,.448,63,130,.485,1,13,.077,45,70,.643,12,33,45,42,29,0,39,56,174
8,1,32,22.9,2.0,4.5,.448,2.0,4.1,.485,0.0,0.4,.077,1.4,2.2,.643,1.4,1.3,0.9,0.0,1.2,1.8,5.4
8,2,32,732,3.5,7.8,.448,3.4,7.1,.485,0.1,0.7,.077,2.5,3.8,.643,2.5,2.3,1.6,0.0,2.1,3.1,9.5
8,3,32,732,5.4,12.1,.448,5.3,11.0,.485,0.1,1.1,.077,3.8,5.9,.643,3.8,3.6,2.5,0.0,3.3,4.8,14.8,,94.0,99.9
8,4,32,732,9.3,.494,.451,.091,.490,172,1.9,5.3,3.6,12.5,2.5,0.0,18.1,15.8,,0.2,1.1,1.3,.072,,-2.3,1.2,-1.1
9,0,13,37,3,5,.600,3,5,.600,0,0,,0,1,.000,1,5,6,0,0,1,4,14,6
9,1,13,2.8,0.2,0.4,.600,0.2,0.4,.600,0.0,0.0,,0.0,0.1,.000,0.5,0.0,0.0,0.1,0.3,1.1,0.5
9,2,13,37,3.2,5.4,.600,3.2,5.4,.600,0.0,0.0,,0.0,1.1,.000,6.5,0.0,0.0,1.1,4.3,15.1,6.5
9,3,13,37,5.0,8.4,.600,5.0,8.4,.600,0.0,0.0,,0.0,1.7,.000,10.1,0.0,0.0,1.7,6.7,23.5,10.1,,60.5,97.5
9,4,13,37,-3.0,.548,.600,.000,.200,5,3.2,15.9,9.6,0.0,0.0,2.9,42.2,13.8,,-0.1,0.1,0.0,-.010,,-9.9,-0.6,-10.6
10,0,32,885,147,287,.512,147,287,.512,0,0,,85,142,.599,93,116,209,46,23,24,71,88,379
10,1,32,27.7,4.6,9.0,.512,4.6,9.0,.512,0.0,0.0,,2.7,4.4,.599,6.5,1.4,0.7,0.8,2.2,2.8,11.8
10,2,32,885,6.6,13.0,.512,6.6,13.0,.512,0.0,0.0,,3.8,6.4,.599,9.4,2.1,1.0,1.1,3.2,4.0,17.1
10,3,32,885,10.3,20.2,.512,10.3,20.2,.512,0.0,0.0,,6.0,10.0,.599,14.7,3.2,1.6,1.7,5.0,6.2,26.6,,103.2,95.6
10,4,32,885,20.4,.535,.512,.000,.495,379,12.5,15.4,14.0,13.6,1.6,2.9,16.7,25.9,,1.5,1.7,3.2,.143,,1.1,2.7,3.9
11,0,32,989,104,241,.432,103,235,.438,1,6,.167,52,74,.703,84,204,288,58,23,56,57,90,261
11,1,32,30.9,3.3,7.5,.432,3.2,7.3,.438,0.0,0.2,.167,1.6,2.3,.703,9.0,1.8,0.7,1.8,1.8,2.8,8.2
11,2,32,989,4.2,9.7,.432,4.2,9.5,.438,0.0,0.2,.167,2.1,3.0,.703,11.6,2.3,0.9,2.3,2.3,3.6,10.6
11,3,32,989,6.5,15.1,.432,6.5,14.8,.438,0.1,0.4,.167,3.3,4.6,.703,18.1,3.6,1.4,3.5,3.6,5.7,16.4,,98.0,90.4
11,4,32,989,16.8,.473,.434,.025,.307,290,10.1,24.3,17.2,13.3,1.4,6.0,17.1,18.1,,0.7,2.4,3.1,.125,,-1.6,6.2,4.6
