0,0,31,269,20,45,.444,18,38,.474,2,7,.286,9,15,.600,24,23,47,1,9,4,9,29,51
0,1,31,8.7,0.6,1.5,.444,0.6,1.2,.474,0.1,0.2,.286,0.3,0.5,.600,1.5,0.0,0.3,0.1,0.3,0.9,1.6
0,2,31,269,3.0,6.7,.444,2.7,5.7,.474,0.3,1.0,.286,1.3,2.2,.600,7.0,0.1,1.3,0.6,1.3,4.3,7.6
0,3,31,269,4.5,10.1,.444,4.0,8.5,.474,0.4,1.6,.286,2.0,3.4,.600,10.5,0.2,2.0,0.9,2.0,6.5,11.4,,104.0,102.1
0,4,31,269,10.1,.489,.467,.156,.333,57,10.7,10.6,10.6,0.7,2.0,1.4,14.7,11.9,,0.2,0.3,0.6,.082,,-1.4,-0.1,-1.5
1,0,24,130,7,28,.250,0,4,.000,7,24,.292,4,9,.444,1,16,17,5,4,0,1,5,25
1,1,24,5.4,0.3,1.2,.250,0.0,0.2,.000,0.3,1.0,.292,0.2,0.4,.444,0.7,0.2,0.2,0.0,0.0,0.2,1.0
1,2,24,130,2.2,8.6,.250,0.0,1.2,.000,2.2,7.4,.292,1.2,2.8,.444,5.2,1.5,1.2,0.0,0.3,1.5,7.7
1,3,24,130,3.2,13.0,.250,0.0,1.9,.000,3.2,11.1,.292,1.9,4.2,.444,7.9,2.3,1.9,0.0,0.5,2.3,11.6,,93.1,101.7
1,4,24,130,7.9,.387,.375,.857,.321,24,0.9,15.2,7.9,6.6,1.9,0.0,3.0,13.4,,0.0,0.2,0.2,.058,,-1.1,-0.7,-1.8
2,0,34,1173,161,354,.455,114,232,.491,47,122,.385,115,148,.777,20,77,97,111,56,13,67,64,484
2,1,34,34.5,4.7,10.4,.455,3.4,6.8,.491,1.4,3.6,.385,3.4,4.4,.777,2.9,3.3,1.6,0.4,2.0,1.9,14.2
2,2,34,1173,5.5,12.1,.455,3.9,7.9,.491,1.6,4.2,.385,3.9,5.0,.777,3.3,3.8,1.9,0.4,2.3,2.2,16.5
2,3,34,1173,8.3,18.2,.455,5.8,11.9,.491,2.4,6.3,.385,5.9,7.6,.777,5.0,5.7,2.9,0.7,3.4,3.3,24.8,,114.0,101.7
2,4,34,1173,19.7,.570,.521,.345,.418,473,2.0,8.1,5.0,19.0,2.9,1.1,13.6,22.0,,3.1,1.4,4.5,.154,,4.1,0.9,5.0
3,0,34,1133,193,461,.419,99,233,.425,94,228,.412,105,127,.827,25,132,157,127,65,17,107,81,585
3,1,34,33.3,5.7,13.6,.419,2.9,6.9,.425,2.8,6.7,.412,3.1,3.7,.827,4.6,3.7,1.9,0.5,3.1,2.4,17.2
3,2,34,1133,6.8,16.3,.419,3.5,8.2,.425,3.3,8.0,.412,3.7,4.5,.827,5.5,4.5,2.3,0.6,3.8,2.9,20.7
3,3,34,1133,10.2,24.5,.419,5.3,12.4,.425,5.0,12.1,.412,5.6,6.7,.827,8.3,6.7,3.5,0.9,5.7,4.3,31.1,,106.5,97.7
3,4,34,1133,22.7,.561,.521,.495,.275,565,2.6,14.4,8.4,24.1,3.5,1.4,17.0,29.1,,2.8,1.8,4.6,.162,,5.3,1.8,7.1
4,0,27,662,128,302,.424,100,204,.490,28,98,.286,69,95,.726,18,38,56,55,32,1,38,52,353
4,1,27,24.5,4.7,11.2,.424,3.7,7.6,.490,1.0,3.6,.286,2.6,3.5,.726,2.1,2.0,1.2,0.0,1.4,1.9,13.1
4,2,27,662,7.7,18.2,.424,6.0,12.3,.490,1.7,5.9,.286,4.2,5.7,.726,3.4,3.3,1.9,0.1,2.3,3.1,21.3
4,3,27,662,11.6,27.4,.424,9.1,18.5,.490,2.5,8.9,.286,6.3,8.6,.726,5.1,5.0,2.9,0.1,3.5,4.7,32.1,,105.5,102.4
4,4,27,662,20.6,.508,.470,.325,.315,330,3.3,7.1,5.1,18.8,2.9,0.1,9.9,30.5,,1.6,0.7,2.3,.139,,2.9,-1.5,1.4
5,0,16,62,1,4,.250,1,4,.250,0,0,,2,5,.400,4,7,11,3,3,0,5,10,4
5,1,16,3.9,0.1,0.3,.250,0.1,0.3,.250,0.0,0.0,,0.1,0.3,.400,0.7,0.2,0.2,0.0,0.3,0.6,0.3
5,2,16,62,0.6,2.6,.250,0.6,2.6,.250,0.0,0.0,,1.3,3.2,.400,7.1,1.9,1.9,0.0,3.2,6.5,2.6
5,3,16,62,1.0,3.9,.250,1.0,3.9,.250,0.0,0.0,,1.9,4.9,.400,10.7,2.9,2.9,0.0,4.9,9.7,3.9,,65.9,99.3
5,4,16,62,2.4,.314,.250,.000,1.250,8,7.7,13.9,10.8,7.8,2.9,0.0,44.0,9.6,,-0.1,0.1,0.0,.006,,-5.0,2.9,-2.1
6,0,7,20,4,10,.400,2,6,.333,2,4,.500,2,4,.500,2,0,2,0,2,0,1,0,12
6,1,7,2.9,0.6,1.4,.400,0.3,0.9,.333,0.3,0.6,.500,0.3,0.6,.500,0.3,0.0,0.3,0.0,0.1,0.0,1.7
6,2,7,20,8.0,20.0,.400,4.0,12.0,.333,4.0,8.0,.500,4.0,8.0,.500,4.0,0.0,4.0,0.0,2.0,0.0,24.0
6,3,7,20,12.0,30.1,.400,6.0,18.0,.333,6.0,12.0,.500,6.0,12.0,.500,6.0,0.0,6.0,0.0,3.0,0.0,36.1,,102.7,99.1
6,4,7,20,25.3,.504,.500,.400,.400,10,12.0,0.0,6.1,0.0,6.0,0.0,7.8,33.9,,0.0,0.0,0.1,.142,,2.2,-4.7,-2.4
7,0,33,1108,94,230,.409,44,98,.449,50,132,.379,25,31,.806,21,66,87,74,33,9,39,53,263
7,1,33,33.6,2.8,7.0,.409,1.3,3.0,.449,1.5,4.0,.379,0.8,0.9,.806,2.6,2.2,1.0,0.3,1.2,1.6,8.0
7,2,33,1108,3.4,8.3,.409,1.6,3.5,.449,1.8,4.8,.379,0.9,1.1,.806,3.1,2.7,1.2,0.3,1.4,1.9,9.5
7,3,33,1108,5.1,12.5,.409,2.4,5.3,.449,2.7,7.2,.379,1.4,1.7,.806,4.7,4.0,1.8,0.5,2.1,2.9,14.3,,109.1,104.6
7,4,33,1108,11.5,.537,.517,.574,.135,264,2.3,7.4,4.8,12.1,1.8,0.8,13.7,13.4,,1.5,1.0,2.5,.089,,2.2,0.9,3.1
8,0,34,872,44,111,.396,12,31,.387,32,80,.400,12,13,.923,19,64,83,51,30,5,14,70,132
8,1,34,25.6,1.3,3.3,.396,0.4,0.9,.387,0.9,2.4,.400,0.4,0.4,.923,2.4,1.5,0.9,0.1,0.4,2.1,3.9
8,2,34,872,2.0,5.1,.396,0.6,1.4,.387,1.5,3.7,.400,0.6,0.6,.923,3.8,2.3,1.4,0.2,0.6,3.2,6.1
8,3,34,872,3.0,7.7,.396,0.8,2.1,.387,2.2,5.5,.400,0.8,0.9,.923,5.7,3.5,2.1,0.3,1.0,4.8,9.1,,123.5,103.2
8,4,34,872,9.8,.563,.541,.721,.117,144,2.6,9.1,5.8,10.0,2.1,0.5,10.7,7.9,,1.2,0.9,2.1,.097,,2.3,1.7,4.0
9,0,34,816,146,252,.579,146,252,.579,0,0,,76,120,.633,91,138,229,28,21,34,58,82,368
9,1,34,24.0,4.3,7.4,.579,4.3,7.4,.579,0.0,0.0,,2.2,3.5,.633,6.7,0.8,0.6,1.0,1.7,2.4,10.8
9,2,34,816,7.2,12.4,.579,7.2,12.4,.579,0.0,0.0,,3.7,5.9,.633,11.2,1.4,1.0,1.7,2.8,4.0,18.0
9,3,34,816,10.8,18.6,.579,10.8,18.6,.579,0.0,0.0,,5.6,8.8,.633,16.9,2.1,1.5,2.5,4.3,6.0,27.1,,113.6,97.7
9,4,34,816,24.1,.595,.579,.000,.476,360,13.3,20.9,17.1,7.5,1.5,4.0,15.8,23.6,,2.4,1.3,3.6,.178,,1.9,1.8,3.7
10,0,27,603,73,134,.545,73,134,.545,0,0,,27,38,.711,59,113,172,26,8,36,41,74,173
10,1,27,22.3,2.7,5.0,.545,2.7,5.0,.545,0.0,0.0,,1.0,1.4,.711,6.4,1.0,0.3,1.3,1.5,2.7,6.4
10,2,27,603,4.8,8.9,.545,4.8,8.9,.545,0.0,0.0,,1.8,2.5,.711,11.4,1.7,0.5,2.4,2.7,4.9,11.5
10,3,27,603,7.3,13.4,.545,7.3,13.4,.545,0.0,0.0,,2.7,3.8,.711,17.2,2.6,0.8,3.6,4.1,7.4,17.3,,106.8,97.3
10,4,27,603,17.1,.569,.545,.000,.284,188,11.7,23.1,17.3,8.4,0.8,5.7,21.2,16.8,,1.0,1.0,1.9,.127,,-0.5,3.7,3.2
