0,0,30,379,48,124,.387,24,65,.369,24,59,.407,21,36,.583,7,38,45,25,10,2,34,30,141
0,1,30,12.6,1.6,4.1,.387,0.8,2.2,.369,0.8,2.0,.407,0.7,1.2,.583,1.5,0.8,0.3,0.1,1.1,1.0,4.7
0,2,30,379,5.1,13.1,.387,2.5,6.9,.369,2.5,6.2,.407,2.2,3.8,.583,4.7,2.6,1.1,0.2,3.6,3.2,14.9
0,3,30,379,7.8,20.2,.387,3.9,10.6,.369,3.9,9.6,.407,3.4,5.9,.583,7.3,4.1,1.6,0.3,5.5,4.9,22.9,,90.8,113.7
0,4,30,379,10.9,.500,.484,.476,.290,133,2.5,11.8,7.4,12.3,1.6,0.6,19.4,25.2,,0.0,0.1,0.1,.011,,-3.1,-4.6,-7.7
1,0,17,59,4,13,.308,3,8,.375,1,5,.200,3,4,.750,1,10,11,3,0,1,3,9,12
1,1,17,3.5,0.2,0.8,.308,0.2,0.5,.375,0.1,0.3,.200,0.2,0.2,.750,0.6,0.2,0.0,0.1,0.2,0.5,0.7
1,2,17,59,2.7,8.8,.308,2.0,5.4,.375,0.7,3.4,.200,2.0,2.7,.750,7.5,2.0,0.0,0.7,2.0,6.1,8.1
1,3,17,59,4.2,13.6,.308,3.1,8.4,.375,1.0,5.2,.200,3.1,4.2,.750,11.5,3.1,0.0,1.0,3.1,9.4,12.5,,83.9,112.7
1,4,17,59,4.8,.403,.346,.385,.308,13,2.3,20.0,11.7,8.6,0.0,1.9,16.8,16.6,,0.0,0.0,0.0,-.008,,-6.1,-3.7,-9.8
2,0,19,65,6,17,.353,6,17,.353,0,0,,4,10,.400,5,7,12,2,1,0,4,16,16
2,1,19,3.4,0.3,0.9,.353,0.3,0.9,.353,0.0,0.0,,0.2,0.5,.400,0.6,0.1,0.1,0.0,0.2,0.8,0.8
2,2,19,65,3.7,10.5,.353,3.7,10.5,.353,0.0,0.0,,2.5,6.2,.400,7.4,1.2,0.6,0.0,2.5,9.8,9.8
2,3,19,65,5.7,16.1,.353,5.7,16.1,.353,0.0,0.0,,3.8,9.5,.400,11.4,1.9,0.9,0.0,3.8,15.2,15.2,,81.0,114.3
2,4,19,65,3.0,.368,.353,.000,.588,18,10.3,12.7,11.6,5.4,0.9,0.0,15.5,21.6,,-0.1,0.0,-0.1,-.032,,-7.7,-5.5,-13.1
3,0,32,992,149,304,.490,98,174,.563,51,130,.392,71,84,.845,54,132,186,80,28,22,66,59,420
3,1,32,31.0,4.7,9.5,.490,3.1,5.4,.563,1.6,4.1,.392,2.2,2.6,.845,5.8,2.5,0.9,0.7,2.1,1.8,13.1
3,2,32,992,6.0,12.3,.490,4.0,7.0,.563,2.1,5.2,.392,2.9,3.4,.845,7.5,3.2,1.1,0.9,2.7,2.4,16.9
3,3,32,992,9.3,18.9,.490,6.1,10.8,.563,3.2,8.1,.392,4.4,5.2,.845,11.6,5.0,1.7,1.4,4.1,3.7,26.1,,117.3,110.9
3,4,32,992,21.8,.611,.574,.428,.276,419,7.3,15.7,11.8,15.7,1.7,2.4,16.1,22.6,,2.9,0.4,3.4,.136,,4.0,-1.5,2.5
4,0,31,267,18,43,.419,12,25,.480,6,18,.333,5,8,.625,10,34,44,8,3,7,7,27,47
4,1,31,8.6,0.6,1.4,.419,0.4,0.8,.480,0.2,0.6,.333,0.2,0.3,.625,1.4,0.3,0.1,0.2,0.2,0.9,1.5
4,2,31,267,2.7,6.4,.419,1.8,3.7,.480,0.9,2.7,.333,0.7,1.2,.625,6.6,1.2,0.4,1.0,1.0,4.0,7.0
4,3,31,267,4.2,9.9,.419,2.8,5.8,.480,1.4,4.2,.333,1.2,1.8,.625,10.2,1.8,0.7,1.6,1.6,6.2,10.9,,105.5,113.1
4,4,31,267,9.0,.502,.488,.419,.186,49,5.0,15.0,10.3,5.0,0.7,2.9,13.0,11.0,,0.2,0.1,0.3,.042,,-2.0,-2.1,-4.1
5,0,32,290,40,85,.471,40,84,.476,0,1,.000,22,35,.629,26,30,56,5,8,11,17,47,102
5,1,32,9.1,1.3,2.7,.471,1.3,2.6,.476,0.0,0.0,.000,0.7,1.1,.629,1.8,0.2,0.3,0.3,0.5,1.5,3.2
5,2,32,290,5.5,11.7,.471,5.5,11.6,.476,0.0,0.1,.000,3.0,4.8,.629,7.7,0.7,1.1,1.5,2.3,6.5,14.1
5,3,32,290,8.5,18.1,.471,8.5,17.9,.476,0.0,0.2,.000,4.7,7.4,.629,11.9,1.1,1.7,2.3,3.6,10.0,21.7,,101.4,111.2
5,4,32,290,14.5,.502,.471,.012,.412,103,12.0,12.2,12.1,3.3,1.7,4.2,14.3,22.3,,0.3,0.1,0.5,.065,,-3.7,-3.0,-6.6
6,0,30,960,124,251,.494,96,181,.530,28,70,.400,108,127,.850,13,51,64,161,20,2,56,58,384
6,1,30,32.0,4.1,8.4,.494,3.2,6.0,.530,0.9,2.3,.400,3.6,4.2,.850,2.1,5.4,0.7,0.1,1.9,1.9,12.8
6,2,30,960,5.2,10.5,.494,4.0,7.5,.530,1.2,2.9,.400,4.5,5.3,.850,2.7,6.7,0.8,0.1,2.3,2.4,16.0
6,3,30,960,8.0,16.1,.494,6.2,11.6,.530,1.8,4.5,.400,6.9,8.2,.850,4.1,10.3,1.3,0.1,3.6,3.7,24.7,,126.9,117.3
6,4,30,960,20.9,.617,.550,.279,.506,428,1.8,6.3,4.2,31.5,1.3,0.2,15.2,20.9,,3.7,-0.2,3.6,.149,,4.0,-5.2,-1.2
7,0,9,16,3,8,.375,1,3,.333,2,5,.400,0,0,,0,1,1,1,1,0,1,1,8
7,1,9,1.8,0.3,0.9,.375,0.1,0.3,.333,0.2,0.6,.400,0.0,0.0,,0.1,0.1,0.1,0.0,0.1,0.1,0.9
7,2,9,16,7.5,20.0,.375,2.5,7.5,.333,5.0,12.5,.400,0.0,0.0,,2.5,2.5,2.5,0.0,2.5,2.5,20.0
7,3,9,16,11.6,30.8,.375,3.9,11.6,.333,7.7,19.3,.400,0.0,0.0,,3.9,3.9,3.9,0.0,3.9,3.9,30.8,,95.2,111.1
7,4,9,16,16.3,.500,.500,.625,.000,7,0.0,7.4,3.9,13.2,3.9,0.0,11.1,30.7,,0.0,0.0,0.0,.045,,-0.2,-6.0,-6.2
8,0,23,104,2,4,.500,2,4,.500,0,0,,1,3,.333,5,11,16,1,3,3,3,15,5
8,1,23,4.5,0.1,0.2,.500,0.1,0.2,.500,0.0,0.0,,0.0,0.1,.333,0.7,0.0,0.1,0.1,0.1,0.7,0.2
8,2,23,104,0.8,1.5,.500,0.8,1.5,.500,0.0,0.0,,0.4,1.2,.333,6.2,0.4,1.2,1.2,1.2,5.8,1.9
8,3,23,104,1.2,2.4,.500,1.2,2.4,.500,0.0,0.0,,0.6,1.8,.333,9.5,0.6,1.8,1.8,1.8,8.9,3.0,,91.3,111.5
8,4,23,104,4.6,.461,.500,.000,.750,8,6.4,12.5,9.6,1.5,1.8,3.2,35.6,4.4,,0.0,0.0,0.0,.017,,-3.1,0.0,-3.1
9,0,12,34,1,1,1.000,1,1,1.000,0,0,,3,8,.375,1,5,6,2,0,0,0,2,5
9,1,12,2.8,0.1,0.1,1.000,0.1,0.1,1.000,0.0,0.0,,0.3,0.7,.375,0.5,0.2,0.0,0.0,0.0,0.2,0.4
9,2,12,34,1.2,1.2,1.000,1.2,1.2,1.000,0.0,0.0,,3.5,9.4,.375,7.1,2.4,0.0,0.0,0.0,2.4,5.9
9,3,12,34,1.8,1.8,1.000,1.8,1.8,1.000,0.0,0.0,,5.4,14.5,.375,10.9,3.6,0.0,0.0,0.0,3.6,9.1,,132.0,115.3
9,4,12,34,10.3,.521,1.000,.000,8.000,6,3.9,17.3,11.1,9.3,0.0,0.0,0.0,7.7,,0.1,0.0,0.1,.068,,-1.3,-3.6,-4.9
10,0,31,936,103,214,.481,31,56,.554,72,158,.456,22,24,.917,9,77,86,54,39,4,26,56,300
10,1,31,30.2,3.3,6.9,.481,1.0,1.8,.554,2.3,5.1,.456,0.7,0.8,.917,2.8,1.7,1.3,0.1,0.8,1.8,9.7
10,2,31,936,4.4,9.1,.481,1.3,2.4,.554,3.1,6.8,.456,0.9,1.0,.917,3.7,2.3,1.7,0.2,1.1,2.4,12.8
10,3,31,936,6.8,14.1,.481,2.0,3.7,.554,4.7,10.4,.456,1.4,1.6,.917,5.7,3.6,2.6,0.3,1.7,3.7,19.8,,128.5,112.7
10,4,31,936,17.0,.665,.650,.738,.112,263,1.3,9.7,5.8,10.4,2.6,0.5,10.3,14.7,,2.4,0.3,2.6,.112,,4.9,-2.2,2.7
11,0,32,469,35,72,.486,14,27,.519,21,45,.467,9,15,.600,14,45,59,34,20,4,9,53,100
11,1,32,14.7,1.1,2.3,.486,0.4,0.8,.519,0.7,1.4,.467,0.3,0.5,.600,1.8,1.1,0.6,0.1,0.3,1.7,3.1
11,2,32,469,3.0,6.1,.486,1.2,2.3,.519,1.8,3.8,.467,0.8,1.3,.600,5.0,2.9,1.7,0.3,0.8,4.5,8.5
11,3,32,469,4.6,9.5,.486,1.8,3.5,.519,2.8,5.9,.467,1.2,2.0,.600,7.8,4.5,2.6,0.5,1.2,7.0,13.1,,133.6,111.3
11,4,32,469,14.2,.632,.632,.625,.208,107,4.0,11.3,7.9,12.3,2.6,0.9,10.2,10.3,,1.0,0.2,1.2,.106,,2.9,-1.5,1.4
12,0,32,930,92,214,.430,42,89,.472,50,125,.400,38,49,.776,21,87,108,77,32,0,35,55,272
12,1,32,29.1,2.9,6.7,.430,1.3,2.8,.472,1.6,3.9,.400,1.2,1.5,.776,3.4,2.4,1.0,0.0,1.1,1.7,8.5
12,2,32,930,4.0,9.2,.430,1.8,3.8,.472,2.2,5.4,.400,1.6,2.1,.776,4.6,3.3,1.4,0.0,1.5,2.4,11.7
12,3,32,930,6.1,14.2,.430,2.8,5.9,.472,3.3,8.3,.400,2.5,3.2,.776,7.2,5.1,2.1,0.0,2.3,3.6,18.0,,117.4,113.4
12,4,32,930,15.1,.573,.547,.584,.229,277,3.0,11.0,7.3,14.7,2.1,0.0,12.9,16.0,,1.9,0.2,2.1,.092,,2.7,-2.6,0.1
13,0,16,60,4,11,.364,2,5,.400,2,6,.333,0,0,,5,3,8,4,2,3,8,8,10
13,1,16,3.8,0.3,0.7,.364,0.1,0.3,.400,0.1,0.4,.333,0.0,0.0,,0.5,0.3,0.1,0.2,0.5,0.5,0.6
13,2,16,60,2.7,7.3,.364,1.3,3.3,.400,1.3,4.0,.333,0.0,0.0,,5.3,2.7,1.3,2.0,5.3,5.3,6.7
13,3,16,60,4.1,11.3,.364,2.1,5.1,.400,2.1,6.2,.333,0.0,0.0,,8.2,4.1,2.1,3.1,8.2,8.2,10.3,,74.5,112.7
13,4,16,60,5.0,.455,.455,.545,.000,14,11.2,5.9,8.4,11.2,2.1,5.5,42.1,17.3,,-0.1,0.0,-0.1,-.046,,-4.8,0.1,-4.7
14,0,32,864,222,383,.580,222,383,.580,0,0,,108,139,.777,71,142,213,42,12,23,74,68,552
14,1,32,27.0,6.9,12.0,.580,6.9,12.0,.580,0.0,0.0,,3.4,4.3,.777,6.7,1.3,0.4,0.7,2.3,2.1,17.3
14,2,32,864,10.3,17.7,.580,10.3,17.7,.580,0.0,0.0,,5.0,6.4,.777,9.9,1.9,0.6,1.1,3.4,3.1,25.6
14,3,32,864,15.8,27.3,.580,15.8,27.3,.580,0.0,0.0,,7.7,9.9,.777,15.2,3.0,0.9,1.6,5.3,4.9,39.4,,115.7,110.9
14,4,32,864,29.2,.615,.580,.000,.363,502,11.0,19.4,15.5,12.0,0.9,2.9,14.1,33.1,,3.4,0.4,3.7,.173,,2.0,-3.2,-1.3
