0,0,31,919,109,253,.431,74,158,.468,35,95,.368,45,78,.577,10,93,103,113,29,6,71,78,298
0,1,31,29.6,3.5,8.2,.431,2.4,5.1,.468,1.1,3.1,.368,1.5,2.5,.577,3.3,3.6,0.9,0.2,2.3,2.5,9.6
0,2,31,919,4.7,11.0,.431,3.2,6.9,.468,1.5,4.1,.368,2.0,3.4,.577,4.5,4.9,1.3,0.3,3.1,3.4,13.0
0,3,31,919,7.1,16.6,.431,4.8,10.3,.468,2.3,6.2,.368,2.9,5.1,.577,6.7,7.4,1.9,0.4,4.6,5.1,19.5,,98.8,111.2
0,4,31,919,13.6,.514,.500,.375,.308,325,1.4,12.5,7.0,26.5,1.9,0.7,19.7,21.1,,1.0,0.3,1.2,.054,,-0.4,-2.5,-3.0
1,0,15,19,0,6,.000,0,2,.000,0,4,.000,2,2,1.000,0,1,1,1,1,0,0,1,2
1,1,15,1.3,0.0,0.4,.000,0.0,0.1,.000,0.0,0.3,.000,0.1,0.1,1.000,0.1,0.1,0.1,0.0,0.0,0.1,0.1
1,2,15,19,0.0,12.6,.000,0.0,4.2,.000,0.0,8.4,.000,4.2,4.2,1.000,2.1,2.1,2.1,0.0,0.0,2.1,4.2
1,3,15,19,0.0,19.0,.000,0.0,6.3,.000,0.0,12.7,.000,6.3,6.3,1.000,3.2,3.2,3.2,0.0,0.0,3.2,6.3,,44.7,111.2
1,4,15,19,-2.2,.144,.000,.667,.333,2,0.0,6.5,3.3,9.0,3.2,0.0,0.0,19.6,,-0.1,0.0,-0.1,-.138,,-9.0,-4.7,-13.7
2,0,14,72,3,10,.300,1,5,.200,2,5,.400,0,0,,2,13,15,2,1,0,5,14,8
2,1,14,5.1,0.2,0.7,.300,0.1,0.4,.200,0.1,0.4,.400,0.0,0.0,,1.1,0.1,0.1,0.0,0.4,1.0,0.6
2,2,14,72,1.7,5.6,.300,0.6,2.8,.200,1.1,2.8,.400,0.0,0.0,,8.3,1.1,0.6,0.0,2.8,7.8,4.4
2,3,14,72,2.5,8.3,.300,0.8,4.2,.200,1.7,4.2,.400,0.0,0.0,,12.5,1.7,0.8,0.0,4.2,11.7,6.7,,66.3,109.6
2,4,14,72,0.8,.400,.400,.500,.000,9,3.5,22.4,13.0,5.1,0.8,0.0,33.3,11.2,,-0.1,0.0,-0.1,-.033,,-6.8,-2.7,-9.5
3,0,22,311,25,74,.338,9,27,.333,16,47,.340,3,7,.429,9,30,39,7,10,17,19,62,69
3,1,22,14.1,1.1,3.4,.338,0.4,1.2,.333,0.7,2.1,.340,0.1,0.3,.429,1.8,0.3,0.5,0.8,0.9,2.8,3.1
3,2,22,311,3.2,9.5,.338,1.2,3.5,.333,2.1,6.0,.340,0.4,0.9,.429,5.0,0.9,1.3,2.2,2.4,8.0,8.9
3,3,22,311,4.8,14.3,.338,1.7,5.2,.333,3.1,9.1,.340,0.6,1.4,.429,7.5,1.4,1.9,3.3,3.7,12.0,13.3,,80.0,108.1
3,4,22,311,6.3,.446,.446,.635,.095,66,3.6,12.0,7.8,4.5,1.9,5.9,19.7,16.6,,-0.2,0.2,0.0,-.004,,-4.1,0.0,-4.1
4,0,31,629,89,174,.511,50,90,.556,39,84,.464,48,61,.787,22,66,88,27,19,5,50,40,265
4,1,31,20.3,2.9,5.6,.511,1.6,2.9,.556,1.3,2.7,.464,1.5,2.0,.787,2.8,0.9,0.6,0.2,1.6,1.3,8.5
4,2,31,629,5.7,11.1,.511,3.2,5.7,.556,2.5,5.3,.464,3.1,3.9,.787,5.6,1.7,1.2,0.3,3.2,2.5,16.9
4,3,31,629,8.5,16.6,.511,4.8,8.6,.556,3.7,8.0,.464,4.6,5.8,.787,8.4,2.6,1.8,0.5,4.8,3.8,25.3,,110.5,111.2
4,4,31,629,18.4,.653,.624,.483,.351,239,4.4,13.0,8.7,9.7,1.8,0.9,19.8,21.6,,1.4,0.2,1.6,.099,,2.1,-3.2,-1.0
5,0,12,332,36,63,.571,29,47,.617,7,16,.438,17,21,.810,6,28,34,51,19,2,15,21,96
5,1,12,27.7,3.0,5.3,.571,2.4,3.9,.617,0.6,1.3,.438,1.4,1.8,.810,2.8,4.3,1.6,0.2,1.3,1.8,8.0
5,2,12,332,4.3,7.6,.571,3.5,5.7,.617,0.8,1.9,.438,2.0,2.5,.810,4.1,6.1,2.3,0.2,1.8,2.5,11.6
5,3,12,332,6.5,11.4,.571,5.3,8.5,.617,1.3,2.9,.438,3.1,3.8,.810,6.2,9.2,3.4,0.4,2.7,3.8,17.4,,131.7,108.7
5,4,12,332,20.7,.658,.627,.254,.333,114,2.3,10.5,6.4,32.4,3.4,0.6,17.1,14.2,,1.1,0.2,1.3,.153,,3.6,-1.9,1.7
6,0,31,994,127,294,.432,72,136,.529,55,158,.348,88,101,.871,6,79,85,50,16,8,41,60,397
6,1,31,32.1,4.1,9.5,.432,2.3,4.4,.529,1.8,5.1,.348,2.8,3.3,.871,2.7,1.6,0.5,0.3,1.3,1.9,12.8
6,2,31,994,5.1,11.8,.432,2.9,5.5,.529,2.2,6.4,.348,3.5,4.1,.871,3.4,2.0,0.6,0.3,1.6,2.4,16.0
6,3,31,994,7.7,17.8,.432,4.4,8.2,.529,3.3,9.6,.348,5.3,6.1,.871,5.1,3.0,1.0,0.5,2.5,3.6,24.0,,113.4,114.4
6,4,31,994,16.1,.580,.526,.537,.344,361,0.8,9.9,5.3,11.0,1.0,0.9,10.7,20.7,,2.3,0.0,2.3,.093,,2.2,-4.0,-1.8
7,0,28,202,3,12,.250,3,8,.375,0,4,.000,3,5,.600,11,21,32,8,3,4,12,34,9
7,1,28,7.2,0.1,0.4,.250,0.1,0.3,.375,0.0,0.1,.000,0.1,0.2,.600,1.1,0.3,0.1,0.1,0.4,1.2,0.3
7,2,28,202,0.6,2.4,.250,0.6,1.6,.375,0.0,0.8,.000,0.6,1.0,.600,6.3,1.6,0.6,0.8,2.4,6.7,1.8
7,3,28,202,0.9,3.6,.250,0.9,2.4,.375,0.0,1.2,.000,0.9,1.5,.600,9.5,2.4,0.9,1.2,3.6,10.1,2.7,,70.5,112.2
7,4,28,202,1.4,.313,.250,.333,.417,20,6.8,12.9,9.9,7.0,0.9,2.1,45.5,7.0,,-0.2,0.0,-0.1,-.022,,-5.2,-0.3,-5.6
8,0,31,564,70,165,.424,11,26,.423,59,139,.424,16,25,.640,26,82,108,13,18,11,19,70,215
8,1,31,18.2,2.3,5.3,.424,0.4,0.8,.423,1.9,4.5,.424,0.5,0.8,.640,3.5,0.4,0.6,0.4,0.6,2.3,6.9
8,2,31,564,5.0,11.7,.424,0.8,1.8,.423,4.2,9.9,.424,1.1,1.8,.640,7.7,0.9,1.3,0.8,1.3,5.0,15.2
8,3,31,564,7.5,17.6,.424,1.2,2.8,.423,6.3,14.8,.424,1.7,2.7,.640,11.5,1.4,1.9,1.2,2.0,7.5,22.9,,116.8,108.1
8,4,31,564,18.0,.608,.603,.842,.152,190,5.8,18.0,11.9,5.0,1.9,2.1,9.7,18.6,,1.3,0.3,1.7,.119,,3.5,-3.1,0.5
9,0,22,449,42,95,.442,10,25,.400,32,70,.457,7,7,1.000,5,30,35,20,8,1,19,31,123
9,1,22,20.4,1.9,4.3,.442,0.5,1.1,.400,1.5,3.2,.457,0.3,0.3,1.000,1.6,0.9,0.4,0.0,0.9,1.4,5.6
9,2,22,449,3.7,8.5,.442,0.9,2.2,.400,2.9,6.2,.457,0.6,0.6,1.000,3.1,1.8,0.7,0.1,1.7,2.8,11.0
9,3,22,449,5.6,12.7,.442,1.3,3.3,.400,4.3,9.4,.457,0.9,0.9,1.000,4.7,2.7,1.1,0.1,2.5,4.2,16.5,,110.9,115.0
9,4,22,449,11.1,.625,.611,.737,.074,111,1.4,8.3,4.8,9.1,1.1,0.2,16.2,14.0,,0.6,0.0,0.6,.055,,1.1,-3.9,-2.8
10,0,29,303,18,52,.346,10,26,.385,8,26,.308,13,18,.722,6,27,33,21,6,1,17,35,57
10,1,29,10.4,0.6,1.8,.346,0.3,0.9,.385,0.3,0.9,.308,0.4,0.6,.722,1.1,0.7,0.2,0.0,0.6,1.2,2.0
10,2,29,303,2.4,6.9,.346,1.3,3.4,.385,1.1,3.4,.308,1.7,2.4,.722,4.4,2.8,0.8,0.1,2.2,4.6,7.5
10,3,29,303,3.6,10.3,.346,2.0,5.2,.385,1.6,5.2,.308,2.6,3.6,.722,6.5,4.2,1.2,0.2,3.4,6.9,11.3,,91.5,113.4
10,4,29,303,6.5,.471,.423,.500,.346,65,2.5,11.0,6.8,13.2,1.2,0.4,21.9,13.7,,0.1,0.0,0.1,.011,,-3.1,-3.1,-6.2
11,0,31,517,72,161,.447,72,158,.456,0,3,.000,32,48,.667,20,48,68,17,4,17,57,72,176
11,1,31,16.7,2.3,5.2,.447,2.3,5.1,.456,0.0,0.1,.000,1.0,1.5,.667,2.2,0.5,0.1,0.5,1.8,2.3,5.7
11,2,31,517,5.6,12.5,.447,5.6,12.2,.456,0.0,0.2,.000,2.5,3.7,.667,5.3,1.3,0.3,1.3,4.4,5.6,13.6
11,3,31,517,8.4,18.7,.447,8.4,18.4,.456,0.0,0.3,.000,3.7,5.6,.667,7.9,2.0,0.5,2.0,6.6,8.4,20.5,,80.7,113.1
11,4,31,517,7.5,.479,.447,.019,.298,169,4.8,11.5,8.2,7.4,0.5,3.5,23.7,25.0,,-0.5,0.1,-0.4,-.035,,-7.8,-2.9,-10.7
12,0,31,889,129,291,.443,99,207,.478,30,84,.357,158,193,.819,57,108,165,55,30,8,63,82,446
12,1,31,28.7,4.2,9.4,.443,3.2,6.7,.478,1.0,2.7,.357,5.1,6.2,.819,5.3,1.8,1.0,0.3,2.0,2.6,14.4
12,2,31,889,5.8,13.1,.443,4.5,9.3,.478,1.3,3.8,.357,7.1,8.7,.819,7.4,2.5,1.3,0.4,2.8,3.7,20.1
12,3,31,889,8.7,19.7,.443,6.7,14.0,.478,2.0,5.7,.357,10.7,13.1,.819,11.2,3.7,2.0,0.5,4.3,5.5,30.2,,115.3,109.7
12,4,31,889,23.0,.583,.495,.289,.663,449,8.0,15.1,11.5,14.1,2.0,1.0,14.1,26.9,,3.0,0.4,3.4,.154,,3.4,-2.6,0.7
