0,0,21,224,23,70,.329,14,36,.389,9,34,.265,15,27,.556,4,21,25,9,5,2,19,15,70
0,1,21,10.7,1.1,3.3,.329,0.7,1.7,.389,0.4,1.6,.265,0.7,1.3,.556,1.2,0.4,0.2,0.1,0.9,0.7,3.3
0,2,21,224,4.1,12.5,.329,2.5,6.4,.389,1.6,6.1,.265,2.7,4.8,.556,4.5,1.6,0.9,0.4,3.4,2.7,12.5
0,3,21,224,6.3,19.1,.329,3.8,9.8,.389,2.5,9.3,.265,4.1,7.4,.556,6.8,2.5,1.4,0.5,5.2,4.1,19.1,,79.1,115.7
0,4,21,224,5.8,.423,.393,.486,.386,67,2.3,11.7,7.1,7.7,1.4,1.0,18.7,24.6,,-0.3,0.1,-0.3,-.047,,-6.1,-4.8,-10.9
1,0,14,30,0,2,.000,0,0,,0,2,.000,0,0,,0,2,2,0,3,0,3,5,0
1,1,14,2.1,0.0,0.1,.000,0.0,0.0,,0.0,0.1,.000,0.0,0.0,,0.1,0.0,0.2,0.0,0.2,0.4,0.0
1,2,14,30,0.0,2.7,.000,0.0,0.0,,0.0,2.7,.000,0.0,0.0,,2.7,0.0,4.0,0.0,4.0,6.7,0.0
1,3,14,30,0.0,4.1,.000,0.0,0.0,,0.0,4.1,.000,0.0,0.0,,4.1,0.0,6.1,0.0,6.1,10.2,0.0,,0.0,106.4
1,4,14,30,-4.7,.000,.000,1.000,.000,0,0.0,8.3,4.3,0.0,6.1,0.0,60.0,9.0,,-0.1,0.0,-0.1,-.112,,-9.5,1.5,-7.9
2,0,25,352,29,67,.433,26,64,.406,3,3,1.000,21,27,.778,10,40,50,20,7,0,16,45,82
2,1,25,14.1,1.2,2.7,.433,1.0,2.6,.406,0.1,0.1,1.000,0.8,1.1,.778,2.0,0.8,0.3,0.0,0.6,1.8,3.3
2,2,25,352,3.3,7.6,.433,3.0,7.3,.406,0.3,0.3,1.000,2.4,3.1,.778,5.7,2.3,0.8,0.0,1.8,5.1,9.3
2,3,25,352,5.0,11.6,.433,4.5,11.1,.406,0.5,0.5,1.000,3.6,4.7,.778,8.7,3.5,1.2,0.0,2.8,7.8,14.2,,103.4,115.3
2,4,25,352,9.1,.514,.455,.045,.403,87,3.7,14.1,9.1,10.5,1.2,0.0,16.7,14.7,,0.3,0.1,0.4,.043,,-2.9,-2.9,-5.8
3,0,28,188,16,30,.533,16,30,.533,0,0,,1,4,.250,6,33,39,5,5,8,17,39,33
3,1,28,6.7,0.6,1.1,.533,0.6,1.1,.533,0.0,0.0,,0.0,0.1,.250,1.4,0.2,0.2,0.3,0.6,1.4,1.2
3,2,28,188,3.4,6.4,.533,3.4,6.4,.533,0.0,0.0,,0.2,0.9,.250,8.3,1.1,1.1,1.7,3.6,8.3,7.0
3,3,28,188,5.2,9.7,.533,5.2,9.7,.533,0.0,0.0,,0.3,1.3,.250,12.7,1.6,1.6,2.6,5.5,12.7,10.7,,74.8,108.5
3,4,28,188,5.5,.517,.533,.000,.133,33,4.2,21.9,13.2,4.9,1.6,4.9,34.8,14.1,,-0.2,0.2,0.0,-.010,,-7.1,0.6,-6.5
4,0,21,638,118,241,.490,78,145,.538,40,96,.417,68,78,.872,37,89,126,34,24,5,58,35,344
4,1,21,30.4,5.6,11.5,.490,3.7,6.9,.538,1.9,4.6,.417,3.2,3.7,.872,6.0,1.6,1.1,0.2,2.8,1.7,16.4
4,2,21,638,7.4,15.1,.490,4.9,9.1,.538,2.5,6.0,.417,4.3,4.9,.872,7.9,2.1,1.5,0.3,3.6,2.2,21.6
4,3,21,638,11.3,23.1,.490,7.5,13.9,.538,3.8,9.2,.417,6.5,7.5,.872,12.1,3.3,2.3,0.5,5.5,3.3,32.9,,112.4,111.4
4,4,21,638,23.5,.619,.573,.398,.324,319,7.6,17.4,12.6,12.1,2.3,0.9,17.3,28.5,,1.7,0.4,2.1,.131,,3.8,-2.8,0.9
5,0,29,394,43,78,.551,33,62,.532,10,16,.625,16,25,.640,19,38,57,9,4,19,14,59,112
5,1,29,13.6,1.5,2.7,.551,1.1,2.1,.532,0.3,0.6,.625,0.6,0.9,.640,2.0,0.3,0.1,0.7,0.5,2.0,3.9
5,2,29,394,4.4,7.9,.551,3.4,6.3,.532,1.0,1.6,.625,1.6,2.5,.640,5.8,0.9,0.4,1.9,1.4,6.0,11.4
5,3,29,394,6.7,12.1,.551,5.1,9.6,.532,1.5,2.5,.625,2.5,3.9,.640,8.8,1.4,0.6,2.9,2.2,9.1,17.3,,118.9,114.7
5,4,29,394,13.5,.623,.615,.205,.321,105,6.3,12.0,9.2,4.4,0.6,5.6,13.5,14.3,,0.7,0.1,0.8,.084,,-0.4,-1.2,-1.6
6,0,31,946,100,224,.446,81,172,.471,19,52,.365,117,147,.796,13,45,58,124,25,1,74,64,336
6,1,31,30.5,3.2,7.2,.446,2.6,5.5,.471,0.6,1.7,.365,3.8,4.7,.796,1.9,4.0,0.8,0.0,2.4,2.1,10.8
6,2,31,946,4.2,9.5,.446,3.4,7.3,.471,0.8,2.2,.365,4.9,6.2,.796,2.5,5.2,1.1,0.0,3.1,2.7,14.2
6,3,31,946,6.5,14.4,.446,5.2,11.1,.471,1.2,3.4,.365,7.5,9.5,.796,3.7,8.0,1.6,0.1,4.8,4.1,21.7,,111.1,117.9
6,4,31,946,15.1,.572,.489,.232,.656,371,1.8,5.9,3.9,25.3,1.6,0.1,20.1,21.0,,1.8,0.0,1.9,.079,,0.6,-4.5,-3.9
7,0,10,20,3,9,.333,2,3,.667,1,6,.167,0,1,.000,1,3,4,1,0,0,0,7,7
7,1,10,2.0,0.3,0.9,.333,0.2,0.3,.667,0.1,0.6,.167,0.0,0.1,.000,0.4,0.1,0.0,0.0,0.0,0.7,0.7
7,2,10,20,6.0,18.0,.333,4.0,6.0,.667,2.0,12.0,.167,0.0,2.0,.000,8.0,2.0,0.0,0.0,0.0,14.0,14.0
7,3,10,20,9.2,27.5,.333,6.1,9.2,.667,3.1,18.3,.167,0.0,3.1,.000,12.2,3.1,0.0,0.0,0.0,21.4,21.4,,91.3,115.2
7,4,10,20,5.1,.369,.389,.667,.111,7,6.5,18.7,12.8,10.5,0.0,0.0,0.0,25.6,,0.0,0.0,0.0,.009,,-2.0,-7.7,-9.7
8,0,28,297,16,27,.593,16,27,.593,0,0,,2,11,.182,14,41,55,9,7,16,13,38,34
8,1,28,10.6,0.6,1.0,.593,0.6,1.0,.593,0.0,0.0,,0.1,0.4,.182,2.0,0.3,0.3,0.6,0.5,1.4,1.2
8,2,28,297,2.2,3.6,.593,2.2,3.6,.593,0.0,0.0,,0.3,1.5,.182,7.4,1.2,0.9,2.2,1.8,5.1,4.6
8,3,28,297,3.3,5.5,.593,3.3,5.5,.593,0.0,0.0,,0.4,2.3,.182,11.3,1.8,1.4,3.3,2.7,7.8,7.0,,93.7,110.5
8,4,28,297,8.4,.528,.593,.000,.407,41,6.2,17.2,11.8,5.3,1.4,6.3,28.7,8.2,,0.0,0.2,0.2,.032,,-3.5,2.0,-1.5
9,0,16,91,5,12,.417,3,7,.429,2,5,.400,1,2,.500,1,5,6,7,0,0,7,10,13
9,1,16,5.7,0.3,0.8,.417,0.2,0.4,.429,0.1,0.3,.400,0.1,0.1,.500,0.4,0.4,0.0,0.0,0.4,0.6,0.8
9,2,16,91,2.2,5.3,.417,1.3,3.1,.429,0.9,2.2,.400,0.4,0.9,.500,2.6,3.1,0.0,0.0,3.1,4.4,5.7
9,3,16,91,3.4,8.0,.417,2.0,4.7,.429,1.3,3.4,.400,0.7,1.3,.500,4.0,4.7,0.0,0.0,4.7,6.7,8.7,,82.0,121.1
9,4,16,91,1.9,.502,.500,.417,.167,15,1.4,6.8,4.2,13.5,0.0,0.0,35.1,11.9,,-0.1,0.0,-0.1,-.034,,-5.0,-5.0,-10.0
10,0,31,1025,123,256,.480,43,78,.551,80,178,.449,28,37,.757,10,69,79,58,27,4,37,47,354
10,1,31,33.1,4.0,8.3,.480,1.4,2.5,.551,2.6,5.7,.449,0.9,1.2,.757,2.5,1.9,0.9,0.1,1.2,1.5,11.4
10,2,31,1025,4.8,10.0,.480,1.7,3.0,.551,3.1,6.9,.449,1.1,1.4,.757,3.1,2.3,1.1,0.2,1.4,1.8,13.8
10,3,31,1025,7.3,15.2,.480,2.6,4.6,.551,4.8,10.6,.449,1.7,2.2,.757,4.7,3.5,1.6,0.2,2.2,2.8,21.1,,123.1,116.9
10,4,31,1025,15.6,.647,.637,.695,.145,316,1.3,8.4,4.9,11.2,1.6,0.5,11.9,16.4,,2.3,0.1,2.4,.096,,4.3,-3.3,0.9
11,0,26,404,33,92,.359,11,30,.367,22,62,.355,8,19,.421,8,43,51,15,26,0,10,49,96
11,1,26,15.5,1.3,3.5,.359,0.4,1.2,.367,0.8,2.4,.355,0.3,0.7,.421,2.0,0.6,1.0,0.0,0.4,1.9,3.7
11,2,26,404,3.3,9.1,.359,1.1,3.0,.367,2.2,6.1,.355,0.8,1.9,.421,5.0,1.5,2.6,0.0,1.0,4.9,9.5
11,3,26,404,5.0,13.9,.359,1.7,4.5,.367,3.3,9.4,.355,1.2,2.9,.421,7.7,2.3,3.9,0.0,1.5,7.4,14.5,,100.6,109.5
11,4,26,404,10.6,.475,.478,.674,.207,92,2.6,13.3,8.1,6.8,3.9,0.0,9.0,14.9,,0.2,0.3,0.6,.055,,-0.1,-1.5,-1.7
12,0,30,953,116,265,.438,71,141,.504,45,124,.363,69,80,.863,21,71,92,71,20,6,35,57,346
12,1,30,31.8,3.9,8.8,.438,2.4,4.7,.504,1.5,4.1,.363,2.3,2.7,.863,3.1,2.4,0.7,0.2,1.2,1.9,11.5
12,2,30,953,4.9,11.1,.438,3.0,5.9,.504,1.9,5.2,.363,2.9,3.4,.863,3.9,3.0,0.8,0.3,1.5,2.4,14.5
12,3,30,953,7.4,17.0,.438,4.5,9.0,.504,2.9,7.9,.363,4.4,5.1,.863,5.9,4.5,1.3,0.4,2.2,3.6,22.2,,118.9,117.1
12,4,30,953,16.1,.571,.523,.468,.302,341,2.9,9.3,6.2,14.8,1.3,0.7,10.4,19.2,,2.2,0.1,2.3,.098,,2.8,-3.5,-0.7
13,0,9,19,0,2,.000,0,0,,0,2,.000,0,0,,0,0,0,3,0,0,1,6,0
13,1,9,2.1,0.0,0.2,.000,0.0,0.0,,0.0,0.2,.000,0.0,0.0,,0.0,0.3,0.0,0.0,0.1,0.7,0.0
13,2,9,19,0.0,4.2,.000,0.0,0.0,,0.0,4.2,.000,0.0,0.0,,0.0,6.3,0.0,0.0,2.1,12.6,0.0
13,3,9,19,0.0,6.4,.000,0.0,0.0,,0.0,6.4,.000,0.0,0.0,,0.0,9.6,0.0,0.0,3.2,19.3,0.0,,54.4,122.9
13,4,9,19,-7.1,.000,.000,1.000,.000,2,0.0,0.0,0.0,25.3,0.0,0.0,33.3,8.5,,0.0,0.0,0.0,-.089,,-9.4,-10.3,-19.7
14,0,30,669,156,286,.545,156,286,.545,0,0,,73,105,.695,67,96,163,35,9,5,69,79,385
14,1,30,22.3,5.2,9.5,.545,5.2,9.5,.545,0.0,0.0,,2.4,3.5,.695,5.4,1.2,0.3,0.2,2.3,2.6,12.8
14,2,30,669,9.3,17.1,.545,9.3,17.1,.545,0.0,0.0,,4.4,6.3,.695,9.7,2.1,0.5,0.3,4.1,4.7,23.0
14,3,30,669,14.2,26.1,.545,14.2,26.1,.545,0.0,0.0,,6.7,9.6,.695,14.9,3.2,0.8,0.5,6.3,7.2,35.1,,106.9,114.3
14,4,30,669,22.5,.573,.545,.000,.367,372,13.1,17.9,15.5,13.4,0.8,0.9,17.0,32.7,,1.5,0.3,1.7,.104,,0.0,-4.2,-4.2
