0,0,14,214,12,48,.250,7,31,.226,5,17,.294,19,25,.760,6,12,18,26,6,2,22,21,48
0,1,14,15.3,0.9,3.4,.250,0.5,2.2,.226,0.4,1.2,.294,1.4,1.8,.760,1.3,1.9,0.4,0.1,1.6,1.5,3.4
0,2,14,214,2.2,9.0,.250,1.3,5.8,.226,0.9,3.2,.294,3.6,4.7,.760,3.4,4.9,1.1,0.4,4.1,3.9,9.0
0,3,14,214,3.2,12.9,.250,1.9,8.4,.226,1.3,4.6,.294,5.1,6.7,.760,4.9,7.0,1.6,0.5,5.9,5.7,12.9,,78.3,114.8
0,4,14,214,5.0,.401,.302,.354,.521,58,3.3,6.6,5.0,22.7,1.6,0.9,26.9,19.5,,-0.3,0.1,-0.2,-.039,,-6.4,-3.7,-10.1
1,0,25,325,35,82,.427,16,28,.571,19,54,.352,9,20,.450,22,49,71,10,7,5,18,39,98
1,1,25,13.0,1.4,3.3,.427,0.6,1.1,.571,0.8,2.2,.352,0.4,0.8,.450,2.8,0.4,0.3,0.2,0.7,1.6,3.9
1,2,25,325,4.3,10.1,.427,2.0,3.4,.571,2.3,6.6,.352,1.1,2.5,.450,8.7,1.2,0.9,0.6,2.2,4.8,12.1
1,3,25,325,6.2,14.6,.427,2.8,5.0,.571,3.4,9.6,.352,1.6,3.5,.450,12.6,1.8,1.2,0.9,3.2,6.9,17.4,,100.8,111.0
1,4,25,325,12.0,.536,.543,.659,.244,95,8.1,17.8,13.0,6.3,1.2,1.5,16.4,17.2,,0.2,0.2,0.4,.055,,-1.4,-3.1,-4.5
2,0,11,100,4,16,.250,1,2,.500,3,14,.214,2,3,.667,3,9,12,4,1,0,2,11,13
2,1,11,9.1,0.4,1.5,.250,0.1,0.2,.500,0.3,1.3,.214,0.2,0.3,.667,1.1,0.4,0.1,0.0,0.2,1.0,1.2
2,2,11,100,1.6,6.4,.250,0.4,0.8,.500,1.2,5.6,.214,0.8,1.2,.667,4.8,1.6,0.4,0.0,0.8,4.4,5.2
2,3,11,100,2.3,9.2,.250,0.6,1.2,.500,1.7,8.1,.214,1.2,1.7,.667,6.9,2.3,0.6,0.0,1.2,6.3,7.5,,88.3,116.0
2,4,11,100,3.4,.373,.344,.875,.188,15,3.6,10.7,7.1,7.2,0.6,0.0,10.3,9.9,,0.0,0.0,0.0,.002,,-4.0,-3.8,-7.8
3,0,30,1047,146,339,.431,103,216,.477,43,123,.350,89,119,.748,15,100,115,146,38,8,80,63,424
3,1,30,34.9,4.9,11.3,.431,3.4,7.2,.477,1.4,4.1,.350,3.0,4.0,.748,3.8,4.9,1.3,0.3,2.7,2.1,14.1
3,2,30,1047,5.6,13.0,.431,3.9,8.3,.477,1.6,4.7,.350,3.4,4.5,.748,4.4,5.6,1.5,0.3,3.1,2.4,16.2
3,3,30,1047,8.0,18.7,.431,5.7,11.9,.477,2.4,6.8,.350,4.9,6.6,.748,6.3,8.0,2.1,0.4,4.4,3.5,23.4,,104.7,112.4
3,4,30,1047,16.9,.536,.494,.363,.351,438,1.7,11.3,6.5,30.8,2.1,0.8,16.8,23.1,,1.4,0.6,2.0,.078,,1.5,-2.6,-1.1
4,0,28,609,56,114,.491,54,104,.519,2,10,.200,63,85,.741,10,41,51,45,19,4,50,60,177
4,1,28,21.8,2.0,4.1,.491,1.9,3.7,.519,0.1,0.4,.200,2.3,3.0,.741,1.8,1.6,0.7,0.1,1.8,2.1,6.3
4,2,28,609,3.7,7.5,.491,3.5,6.8,.519,0.1,0.7,.200,4.1,5.6,.741,3.3,3.0,1.2,0.3,3.3,3.9,11.6
4,3,28,609,5.3,10.8,.491,5.1,9.8,.519,0.2,0.9,.200,6.0,8.0,.741,4.8,4.3,1.8,0.4,4.7,5.7,16.8,,98.2,114.1
4,4,28,609,10.3,.573,.500,.088,.746,177,2.0,8.0,5.0,14.8,1.8,0.6,24.5,17.1,,0.3,0.3,0.5,.036,,-3.5,-2.6,-6.1
5,0,19,211,16,44,.364,11,24,.458,5,20,.250,6,13,.462,11,21,32,12,3,1,5,22,43
5,1,19,11.1,0.8,2.3,.364,0.6,1.3,.458,0.3,1.1,.250,0.3,0.7,.462,1.7,0.6,0.2,0.1,0.3,1.2,2.3
5,2,19,211,3.0,8.3,.364,2.1,4.5,.458,0.9,3.8,.250,1.1,2.5,.462,6.1,2.3,0.6,0.2,0.9,4.2,8.2
5,3,19,211,4.4,12.0,.364,3.0,6.6,.458,1.4,5.5,.250,1.6,3.6,.462,8.7,3.3,0.8,0.3,1.4,6.0,11.8,,98.8,114.8
5,4,19,211,8.1,.429,.420,.455,.295,48,6.2,11.8,9.0,11.0,0.8,0.5,9.1,13.3,,0.1,0.1,0.2,.030,,-2.9,-3.3,-6.2
6,0,23,367,23,82,.280,22,78,.282,1,4,.250,33,47,.702,6,29,35,23,15,7,30,28,80
6,1,23,16.0,1.0,3.6,.280,1.0,3.4,.282,0.0,0.2,.250,1.4,2.0,.702,1.5,1.0,0.7,0.3,1.3,1.2,3.5
6,2,23,367,2.5,8.9,.280,2.4,8.5,.282,0.1,0.4,.250,3.6,5.1,.702,3.8,2.5,1.6,0.8,3.3,3.1,8.7
6,3,23,367,3.6,12.9,.280,3.5,12.3,.282,0.2,0.6,.250,5.2,7.4,.702,5.5,3.6,2.4,1.1,4.7,4.4,12.6,,73.6,111.9
6,4,23,367,5.1,.383,.287,.049,.573,85,2.0,9.4,5.7,11.8,2.4,1.9,22.3,18.6,,-0.6,0.2,-0.4,-.039,,-8.3,-1.3,-9.6
7,0,29,695,112,271,.413,112,263,.426,0,8,.000,68,83,.819,25,68,93,34,14,12,71,37,292
7,1,29,24.0,3.9,9.3,.413,3.9,9.1,.426,0.0,0.3,.000,2.3,2.9,.819,3.2,1.2,0.5,0.4,2.4,1.3,10.1
7,2,29,695,6.4,15.6,.413,6.4,15.1,.426,0.0,0.5,.000,3.9,4.8,.819,5.4,2.0,0.8,0.7,4.1,2.1,16.8
7,3,29,695,9.3,22.5,.413,9.3,21.8,.426,0.0,0.7,.000,5.6,6.9,.819,7.7,2.8,1.2,1.0,5.9,3.1,24.2,,86.4,113.9
7,4,29,695,11.1,.470,.413,.030,.306,276,4.3,11.6,8.0,11.3,1.2,1.7,18.6,28.0,,-0.5,0.3,-0.2,-.012,,-6.7,-3.3,-10.0
8,0,26,238,17,36,.472,17,36,.472,0,0,,14,21,.667,19,36,55,1,1,7,8,39,48
8,1,26,9.2,0.7,1.4,.472,0.7,1.4,.472,0.0,0.0,,0.5,0.8,.667,2.1,0.0,0.0,0.3,0.3,1.5,1.8
8,2,26,238,2.9,6.1,.472,2.9,6.1,.472,0.0,0.0,,2.4,3.5,.667,9.2,0.2,0.2,1.2,1.3,6.6,8.1
8,3,26,238,4.1,8.7,.472,4.1,8.7,.472,0.0,0.0,,3.4,5.1,.667,13.3,0.2,0.2,1.7,1.9,9.5,11.6,,106.5,112.1
8,4,26,238,9.1,.522,.472,.000,.583,51,9.5,17.9,13.7,0.8,0.2,2.9,14.8,11.6,,0.2,0.1,0.3,.056,,-5.5,-3.5,-9.0
9,0,27,390,36,105,.343,17,42,.405,19,63,.302,18,27,.667,17,34,51,9,12,2,15,50,109
9,1,27,14.4,1.3,3.9,.343,0.6,1.6,.405,0.7,2.3,.302,0.7,1.0,.667,1.9,0.3,0.4,0.1,0.6,1.9,4.0
9,2,27,390,3.7,10.8,.343,1.7,4.3,.405,1.9,6.5,.302,1.8,2.8,.667,5.2,0.9,1.2,0.2,1.5,5.1,11.2
9,3,27,390,5.3,15.5,.343,2.5,6.2,.405,2.8,9.3,.302,2.7,4.0,.667,7.5,1.3,1.8,0.3,2.2,7.4,16.1,,95.1,113.1
9,4,27,390,8.3,.463,.433,.600,.257,104,5.2,10.3,7.8,4.6,1.8,0.5,11.3,17.4,,0.1,0.2,0.3,.029,,-2.6,-3.8,-6.5
10,0,30,907,123,222,.554,123,222,.554,0,0,,81,104,.779,49,106,155,26,24,20,59,76,327
10,1,30,30.2,4.1,7.4,.554,4.1,7.4,.554,0.0,0.0,,2.7,3.5,.779,5.2,0.9,0.8,0.7,2.0,2.5,10.9
10,2,30,907,5.4,9.8,.554,5.4,9.8,.554,0.0,0.0,,3.6,4.6,.779,6.8,1.1,1.1,0.9,2.6,3.4,14.4
10,3,30,907,7.8,14.1,.554,7.8,14.1,.554,0.0,0.0,,5.2,6.6,.779,9.9,1.7,1.5,1.3,3.8,4.8,20.8,,108.6,111.8
10,4,30,907,15.7,.602,.554,.000,.468,306,6.4,13.8,10.2,6.3,1.5,2.2,17.9,18.6,,1.3,0.6,1.8,.081,,-1.6,-1.3,-3.0
11,0,30,898,131,269,.487,131,267,.491,0,2,.000,80,101,.792,47,115,162,25,20,18,55,108,342
11,1,30,29.9,4.4,9.0,.487,4.4,8.9,.491,0.0,0.1,.000,2.7,3.4,.792,5.4,0.8,0.7,0.6,1.8,3.6,11.4
11,2,30,898,5.8,12.0,.487,5.8,11.9,.491,0.0,0.1,.000,3.6,4.5,.792,7.2,1.1,0.9,0.8,2.4,4.8,15.2
11,3,30,898,8.4,17.3,.487,8.4,17.1,.491,0.0,0.1,.000,5.1,6.5,.792,10.4,1.6,1.3,1.2,3.5,6.9,22.0,,102.8,111.6
11,4,30,898,14.2,.539,.487,.007,.375,321,6.2,15.2,10.7,6.2,1.3,2.0,14.8,21.1,,0.9,0.6,1.5,.066,,-3.1,-2.1,-5.2
