0,0,30,383,30,78,.385,30,78,.385,0,0,,28,44,.636,32,43,75,13,5,21,28,48,88
0,1,30,12.8,1.0,2.6,.385,1.0,2.6,.385,0.0,0.0,,0.9,1.5,.636,2.5,0.4,0.2,0.7,0.9,1.6,2.9
0,2,30,383,3.1,8.1,.385,3.1,8.1,.385,0.0,0.0,,2.9,4.6,.636,7.8,1.4,0.5,2.2,2.9,5.0,9.2
0,3,30,383,4.4,11.5,.385,4.4,11.5,.385,0.0,0.0,,4.1,6.5,.636,11.1,1.9,0.7,3.1,4.1,7.1,13.0,,85.6,109.3
0,4,30,383,9.2,.445,.385,.000,.564,94,9.4,11.8,10.7,6.9,0.7,4.8,22.1,16.2,,-0.1,0.2,0.1,.008,,-5.3,-0.5,-5.8
1,0,25,529,56,145,.386,38,98,.388,18,47,.383,35,44,.795,8,47,55,46,8,1,55,29,165
1,1,25,21.2,2.2,5.8,.386,1.5,3.9,.388,0.7,1.9,.383,1.4,1.8,.795,2.2,1.8,0.3,0.0,2.2,1.2,6.6
1,2,25,529,4.2,11.0,.386,2.9,7.4,.388,1.4,3.6,.383,2.6,3.3,.795,4.2,3.5,0.6,0.1,4.2,2.2,12.5
1,3,25,529,6.0,15.5,.386,4.1,10.5,.388,1.9,5.0,.383,3.7,4.7,.795,5.9,4.9,0.9,0.1,5.9,3.1,17.6,,86.8,113.1
1,4,25,529,8.6,.497,.448,.324,.303,162,1.7,9.4,5.7,18.8,0.9,0.2,24.9,20.4,,-0.1,0.0,-0.1,-.004,,-3.5,-3.9,-7.5
2,0,31,897,136,284,.479,136,282,.482,0,2,.000,87,129,.674,67,170,237,14,14,26,51,66,359
2,1,31,28.9,4.4,9.2,.479,4.4,9.1,.482,0.0,0.1,.000,2.8,4.2,.674,7.6,0.5,0.5,0.8,1.6,2.1,11.6
2,2,31,897,6.1,12.7,.479,6.1,12.6,.482,0.0,0.1,.000,3.9,5.8,.674,10.6,0.6,0.6,1.2,2.3,2.9,16.0
2,3,31,897,8.6,17.9,.479,8.6,17.8,.482,0.0,0.1,.000,5.5,8.1,.674,14.9,0.9,0.9,1.6,3.2,4.2,22.6,,103.0,106.8
2,4,31,897,17.4,.520,.479,.007,.454,329,8.4,20.0,14.4,3.8,0.9,2.5,12.9,21.5,,1.3,0.6,1.9,.085,,-2.3,-2.6,-4.9
3,0,2,6,0,1,.000,0,0,,0,1,.000,2,2,1.000,1,0,1,0,1,0,1,0,2
3,1,2,3.0,0.0,0.5,.000,0.0,0.0,,0.0,0.5,.000,1.0,1.0,1.000,0.5,0.0,0.5,0.0,0.5,0.0,1.0
3,2,2,6,0.0,6.7,.000,0.0,0.0,,0.0,6.7,.000,13.3,13.3,1.000,6.7,0.0,6.7,0.0,6.7,0.0,13.3
3,3,2,6,0.0,9.4,.000,0.0,0.0,,0.0,9.4,.000,18.9,18.9,1.000,9.4,0.0,9.4,0.0,9.4,0.0,18.9,,86.8,99.0
3,4,2,6,18.2,.513,.000,1.000,2.000,2,18.8,0.0,9.1,0.0,9.4,0.0,33.9,24.0,,0.0,0.0,0.0,.049,,0.4,-1.2,-0.8
4,0,11,79,7,19,.368,6,17,.353,1,2,.500,13,18,.722,5,9,14,3,2,0,18,8,28
4,1,11,7.2,0.6,1.7,.368,0.5,1.5,.353,0.1,0.2,.500,1.2,1.6,.722,1.3,0.3,0.2,0.0,1.6,0.7,2.5
4,2,11,79,3.5,9.6,.368,3.0,8.6,.353,0.5,1.0,.500,6.6,9.1,.722,7.1,1.5,1.0,0.0,9.1,4.1,14.2
4,3,11,79,5.0,13.6,.368,4.3,12.2,.353,0.7,1.4,.500,9.3,12.9,.722,10.0,2.1,1.4,0.0,12.9,5.7,20.1,,69.3,110.5
4,4,11,79,3.5,.508,.395,.105,.947,28,7.1,12.0,9.7,7.9,1.4,0.0,39.5,28.1,,-0.2,0.0,-0.2,-.095,,-10.2,-4.0,-14.1
5,0,5,47,3,8,.375,3,8,.375,0,0,,2,5,.400,3,9,12,1,1,6,3,4,8
5,1,5,9.4,0.6,1.6,.375,0.6,1.6,.375,0.0,0.0,,0.4,1.0,.400,2.4,0.2,0.2,1.2,0.6,0.8,1.6
5,2,5,47,2.6,6.8,.375,2.6,6.8,.375,0.0,0.0,,1.7,4.3,.400,10.2,0.9,0.9,5.1,2.6,3.4,6.8
5,3,5,47,3.6,9.6,.375,3.6,9.6,.375,0.0,0.0,,2.4,6.0,.400,14.4,1.2,1.2,7.2,3.6,4.8,9.6,,73.8,101.2
5,4,5,47,11.2,.386,.375,.000,.625,8,7.2,20.2,13.9,4.2,1.2,11.1,22.4,13.9,,0.0,0.1,0.0,.009,,-8.2,3.7,-4.5
6,0,26,270,11,37,.297,7,21,.333,4,16,.250,0,1,.000,4,14,18,8,1,1,17,12,26
6,1,26,10.4,0.4,1.4,.297,0.3,0.8,.333,0.2,0.6,.250,0.0,0.0,.000,0.7,0.3,0.0,0.0,0.7,0.5,1.0
6,2,26,270,1.6,5.5,.297,1.0,3.1,.333,0.6,2.4,.250,0.0,0.1,.000,2.7,1.2,0.1,0.1,2.5,1.8,3.9
6,3,26,270,2.3,7.8,.297,1.5,4.4,.333,0.8,3.4,.250,0.0,0.2,.000,3.8,1.7,0.2,0.2,3.6,2.5,5.4,,58.2,116.3
6,4,26,270,-0.4,.347,.351,.432,.027,27,1.7,5.5,3.6,5.6,0.2,0.3,31.2,9.8,,-0.4,-0.1,-0.5,-.067,,-7.5,-3.3,-10.7
7,0,31,1023,103,286,.360,72,196,.367,31,90,.344,61,81,.753,19,82,101,112,23,6,93,67,298
7,1,31,33.0,3.3,9.2,.360,2.3,6.3,.367,1.0,2.9,.344,2.0,2.6,.753,3.3,3.6,0.7,0.2,3.0,2.2,9.6
7,2,31,1023,4.0,11.2,.360,2.8,7.7,.367,1.2,3.5,.344,2.4,3.2,.753,3.9,4.4,0.9,0.2,3.6,2.6,11.7
7,3,31,1023,5.7,15.8,.360,4.0,10.8,.367,1.7,5.0,.344,3.4,4.5,.753,5.6,6.2,1.3,0.3,5.1,3.7,16.5,,87.2,112.4
7,4,31,1023,9.1,.459,.414,.315,.283,310,2.1,8.4,5.4,23.5,1.3,0.5,22.3,19.9,,-0.1,0.1,0.0,.000,,-2.5,-3.1,-5.5
8,0,31,749,73,174,.420,73,170,.429,0,4,.000,22,34,.647,18,67,85,57,14,6,84,55,168
8,1,31,24.2,2.4,5.6,.420,2.4,5.5,.429,0.0,0.1,.000,0.7,1.1,.647,2.7,1.8,0.5,0.2,2.7,1.8,5.4
8,2,31,749,3.9,9.3,.420,3.9,9.1,.429,0.0,0.2,.000,1.2,1.8,.647,4.5,3.0,0.7,0.3,4.5,2.9,9.0
8,3,31,749,5.5,13.1,.420,5.5,12.8,.429,0.0,0.3,.000,1.7,2.6,.647,6.4,4.3,1.1,0.5,6.3,4.2,12.7,,72.4,112.3
8,4,31,749,4.7,.442,.420,.023,.195,173,2.7,9.4,6.2,16.2,1.1,0.7,30.6,17.9,,-1.1,0.1,-1.0,-.051,,-6.7,-2.2,-8.9
9,0,31,899,133,335,.397,131,321,.408,2,14,.143,52,73,.712,47,105,152,36,7,25,78,50,320
9,1,31,29.0,4.3,10.8,.397,4.2,10.4,.408,0.1,0.5,.143,1.7,2.4,.712,4.9,1.2,0.2,0.8,2.5,1.6,10.3
9,2,31,899,5.9,14.9,.397,5.8,14.3,.408,0.1,0.6,.143,2.3,3.2,.712,6.8,1.6,0.3,1.1,3.5,2.2,14.2
9,3,31,899,8.4,21.1,.397,8.2,20.2,.408,0.1,0.9,.143,3.3,4.6,.712,9.6,2.3,0.4,1.6,4.9,3.1,20.1,,83.4,111.4
9,4,31,899,9.9,.433,.400,.042,.218,303,5.9,12.3,9.2,9.5,0.4,2.4,17.4,24.3,,-0.5,0.2,-0.3,-.014,,-5.5,-2.7,-8.1
10,0,10,145,15,38,.395,15,37,.405,0,1,.000,11,14,.786,11,22,33,14,8,6,9,17,41
10,1,10,14.5,1.5,3.8,.395,1.5,3.7,.405,0.0,0.1,.000,1.1,1.4,.786,3.3,1.4,0.8,0.6,0.9,1.7,4.1
10,2,10,145,4.1,10.5,.395,4.1,10.2,.405,0.0,0.3,.000,3.0,3.9,.786,9.1,3.9,2.2,1.7,2.5,4.7,11.3
10,3,10,145,5.9,14.8,.395,5.9,14.4,.405,0.0,0.4,.000,4.3,5.5,.786,12.9,5.5,3.1,2.3,3.5,6.6,16.0,,97.6,102.9
10,4,10,145,16.6,.459,.395,.026,.368,46,8.6,16.0,12.4,20.8,3.1,3.6,16.8,18.0,,0.1,0.2,0.3,.075,,-1.6,1.5,-0.1
11,0,20,142,9,25,.360,9,25,.360,0,0,,6,13,.462,8,25,33,1,6,13,7,20,24
11,1,20,7.1,0.5,1.3,.360,0.5,1.3,.360,0.0,0.0,,0.3,0.7,.462,1.7,0.1,0.3,0.7,0.4,1.0,1.2
11,2,20,142,2.5,7.0,.360,2.5,7.0,.360,0.0,0.0,,1.7,3.7,.462,9.3,0.3,1.7,3.7,2.0,5.6,6.8
11,3,20,142,3.6,10.0,.360,3.6,10.0,.360,0.0,0.0,,2.4,5.2,.462,13.1,0.4,2.4,5.2,2.8,8.0,9.6,,76.3,100.8
11,4,20,142,9.7,.385,.360,.000,.520,24,6.4,18.5,12.7,1.4,2.4,8.0,18.3,13.1,,-0.1,0.2,0.1,.020,,-7.8,2.1,-5.8
12,0,28,411,37,73,.507,36,63,.571,1,10,.100,20,26,.769,31,42,73,27,10,4,54,55,95
12,1,28,14.7,1.3,2.6,.507,1.3,2.3,.571,0.0,0.4,.100,0.7,0.9,.769,2.6,1.0,0.4,0.1,1.9,2.0,3.4
12,2,28,411,3.6,7.1,.507,3.5,6.1,.571,0.1,1.0,.100,1.9,2.5,.769,7.1,2.6,1.0,0.4,5.3,5.4,9.2
12,3,28,411,5.1,10.0,.507,5.0,8.7,.571,0.1,1.4,.100,2.8,3.6,.769,10.0,3.7,1.4,0.6,7.4,7.6,13.1,,79.8,110.5
12,4,28,411,7.3,.557,.514,.137,.356,102,8.5,10.8,9.7,13.8,1.4,0.8,38.8,16.5,,-0.3,0.1,-0.2,-.017,,-4.5,-1.7,-6.2
13,0,27,676,97,238,.408,97,237,.409,0,1,.000,46,64,.719,55,72,127,21,33,13,60,75,240
13,1,27,25.0,3.6,8.8,.408,3.6,8.8,.409,0.0,0.0,.000,1.7,2.4,.719,4.7,0.8,1.2,0.5,2.2,2.8,8.9
13,2,27,676,5.7,14.1,.408,5.7,14.0,.409,0.0,0.1,.000,2.7,3.8,.719,7.5,1.2,2.0,0.8,3.6,4.4,14.2
13,3,27,676,8.1,19.9,.408,8.1,19.8,.409,0.0,0.1,.000,3.8,5.4,.719,10.6,1.8,2.8,1.1,5.0,6.3,20.1,,85.8,106.9
13,4,27,676,12.1,.447,.408,.004,.269,232,9.2,11.2,10.2,7.3,2.8,1.7,18.3,23.7,,-0.2,0.5,0.2,.015,,-4.1,-1.2,-5.3
