0,0,9,106,12,23,.522,12,23,.522,0,0,,5,8,.625,11,19,30,3,0,2,4,22,29
0,1,9,11.8,1.3,2.6,.522,1.3,2.6,.522,0.0,0.0,,0.6,0.9,.625,3.3,0.3,0.0,0.2,0.4,2.4,3.2
0,2,9,106,4.5,8.7,.522,4.5,8.7,.522,0.0,0.0,,1.9,3.0,.625,11.3,1.1,0.0,0.8,1.5,8.3,10.9
0,3,9,106,6.9,13.2,.522,6.9,13.2,.522,0.0,0.0,,2.9,4.6,.625,17.3,1.7,0.0,1.2,2.3,12.7,16.7,,112.1,104.4
0,4,9,106,12.9,.541,.522,.000,.348,31,12.6,20.0,16.4,6.0,0.0,2.0,13.0,15.7,,0.2,0.1,0.3,.113,,-3.1,-0.8,-4.0
1,0,12,30,3,11,.273,3,8,.375,0,3,.000,2,2,1.000,2,6,8,0,0,0,1,3,8
1,1,12,2.5,0.3,0.9,.273,0.3,0.7,.375,0.0,0.3,.000,0.2,0.2,1.000,0.7,0.0,0.0,0.0,0.1,0.3,0.7
1,2,12,30,4.0,14.7,.273,4.0,10.7,.375,0.0,4.0,.000,2.7,2.7,1.000,10.7,0.0,0.0,0.0,1.3,4.0,10.7
1,3,12,30,6.1,22.4,.273,6.1,16.3,.375,0.0,6.1,.000,4.1,4.1,1.000,16.3,0.0,0.0,0.0,2.0,6.1,16.3,,76.3,104.8
1,4,12,30,5.0,.335,.273,.273,.182,8,8.1,22.3,15.5,0.0,0.0,0.0,7.7,23.3,,0.0,0.0,0.0,-.014,,-11.5,-8.0,-19.6
2,0,32,878,96,254,.378,55,138,.399,41,116,.353,46,64,.719,56,132,188,22,14,46,31,70,279
2,1,32,27.4,3.0,7.9,.378,1.7,4.3,.399,1.3,3.6,.353,1.4,2.0,.719,5.9,0.7,0.4,1.4,1.0,2.2,8.7
2,2,32,878,4.4,11.6,.378,2.5,6.3,.399,1.9,5.3,.353,2.1,2.9,.719,8.6,1.0,0.6,2.1,1.4,3.2,12.7
2,3,32,878,6.7,17.7,.378,3.8,9.6,.399,2.9,8.1,.353,3.2,4.5,.719,13.1,1.5,1.0,3.2,2.2,4.9,19.4,,102.5,102.6
2,4,32,878,14.9,.491,.459,.457,.252,272,7.7,16.8,12.4,5.3,1.0,5.4,9.8,19.4,,0.8,1.3,2.1,.095,,-1.8,1.5,-0.3
3,0,23,376,34,91,.374,4,19,.211,30,72,.417,5,6,.833,2,44,46,14,4,4,21,28,103
3,1,23,16.3,1.5,4.0,.374,0.2,0.8,.211,1.3,3.1,.417,0.2,0.3,.833,2.0,0.6,0.2,0.2,0.9,1.2,4.5
3,2,23,376,3.6,9.7,.374,0.4,2.0,.211,3.2,7.7,.417,0.5,0.6,.833,4.9,1.5,0.4,0.4,2.2,3.0,11.0
3,3,23,376,5.5,14.8,.374,0.6,3.1,.211,4.9,11.7,.417,0.8,1.0,.833,7.5,2.3,0.6,0.6,3.4,4.5,16.7,,94.2,107.4
3,4,23,376,8.4,.549,.538,.791,.066,89,0.6,13.0,7.1,7.6,0.6,1.1,18.3,16.5,,0.1,0.4,0.4,.047,,-2.6,-1.4,-4.0
4,0,32,493,64,103,.621,64,103,.621,0,0,,32,46,.696,26,67,93,9,8,26,29,67,160
4,1,32,15.4,2.0,3.2,.621,2.0,3.2,.621,0.0,0.0,,1.0,1.4,.696,2.9,0.3,0.3,0.8,0.9,2.1,5.0
4,2,32,493,5.2,8.4,.621,5.2,8.4,.621,0.0,0.0,,2.6,3.7,.696,7.5,0.7,0.6,2.1,2.4,5.4,13.0
4,3,32,493,7.9,12.8,.621,7.9,12.8,.621,0.0,0.0,,4.0,5.7,.696,11.5,1.1,1.0,3.2,3.6,8.3,19.8,,110.3,103.1
4,4,32,493,15.7,.641,.621,.000,.447,144,6.4,15.1,10.9,4.0,1.0,5.5,18.8,16.8,,0.7,0.7,1.4,.113,,-3.0,1.8,-1.2
5,0,32,844,159,309,.515,159,309,.515,0,0,,99,146,.678,74,152,226,23,22,11,90,104,417
5,1,32,26.4,5.0,9.7,.515,5.0,9.7,.515,0.0,0.0,,3.1,4.6,.678,7.1,0.7,0.7,0.3,2.8,3.3,13.0
5,2,32,844,7.5,14.6,.515,7.5,14.6,.515,0.0,0.0,,4.7,6.9,.678,10.7,1.1,1.0,0.5,4.3,4.9,19.8
5,3,32,844,11.5,22.4,.515,11.5,22.4,.515,0.0,0.0,,7.2,10.6,.678,16.4,1.7,1.6,0.8,6.5,7.5,30.2,,97.9,101.5
5,4,32,844,18.4,.551,.515,.000,.472,392,10.6,20.1,15.5,6.9,1.6,1.4,19.2,29.9,,0.7,1.3,2.0,.095,,-3.5,-0.8,-4.4
6,0,32,1131,142,355,.400,102,230,.443,40,125,.320,107,144,.743,16,111,127,192,42,2,84,75,431
6,1,32,35.3,4.4,11.1,.400,3.2,7.2,.443,1.3,3.9,.320,3.3,4.5,.743,4.0,6.0,1.3,0.1,2.6,2.3,13.5
6,2,32,1131,5.0,12.6,.400,3.6,8.1,.443,1.4,4.4,.320,3.8,5.1,.743,4.5,6.8,1.5,0.1,3.0,2.7,15.2
6,3,32,1131,7.7,19.2,.400,5.5,12.4,.443,2.2,6.7,.320,5.8,7.8,.743,6.9,10.4,2.3,0.1,4.5,4.0,23.3,,105.0,105.3
6,4,32,1131,17.2,.509,.456,.352,.406,483,1.7,10.9,6.5,37.1,2.3,0.2,16.6,24.2,,1.7,1.4,3.1,.109,,1.4,-0.4,1.0
7,0,8,8,0,1,.000,0,1,.000,0,0,,0,0,,0,1,1,0,0,0,1,0,0
7,1,8,1.0,0.0,0.1,.000,0.0,0.1,.000,0.0,0.0,,0.0,0.0,,0.1,0.0,0.0,0.0,0.1,0.0,0.0
7,2,8,8,0.0,5.0,.000,0.0,5.0,.000,0.0,0.0,,0.0,0.0,,5.0,0.0,0.0,0.0,5.0,0.0,0.0
7,3,8,8,0.0,7.6,.000,0.0,7.6,.000,0.0,0.0,,0.0,0.0,,7.6,0.0,0.0,0.0,7.6,0.0,0.0,,0.0,109.4
7,4,8,8,-11.2,.000,.000,.000,.000,0,0.0,13.9,7.3,0.0,0.0,0.0,50.0,13.5,,0.0,0.0,0.0,-.196,,-19.1,-2.0,-21.1
8,0,32,836,88,235,.374,36,98,.367,52,137,.380,40,54,.741,14,48,62,27,33,14,28,72,268
8,1,32,26.1,2.8,7.3,.374,1.1,3.1,.367,1.6,4.3,.380,1.3,1.7,.741,1.9,0.8,1.0,0.4,0.9,2.3,8.4
8,2,32,836,4.2,11.2,.374,1.7,4.7,.367,2.5,6.6,.380,1.9,2.6,.741,3.0,1.3,1.6,0.7,1.3,3.4,12.8
8,3,32,836,6.4,17.2,.374,2.6,7.2,.367,3.8,10.0,.380,2.9,3.9,.741,4.5,2.0,2.4,1.0,2.0,5.3,19.6,,102.3,106.3
8,4,32,836,11.8,.514,.485,.583,.230,239,2.0,6.4,4.3,6.8,2.4,1.7,9.7,18.6,,0.7,0.9,1.6,.078,,-0.6,0.0,-0.6
9,0,12,9,0,0,,0,0,,0,0,,0,0,,0,1,1,0,0,0,0,2,0
9,1,12,0.8,0.0,0.0,,0.0,0.0,,0.0,0.0,,0.0,0.0,,0.1,0.0,0.0,0.0,0.0,0.2,0.0
9,2,12,9,0.0,0.0,,0.0,0.0,,0.0,0.0,,0.0,0.0,,4.4,0.0,0.0,0.0,0.0,8.9,0.0
9,3,12,9,0.0,0.0,,0.0,0.0,,0.0,0.0,,0.0,0.0,,6.8,0.0,0.0,0.0,0.0,13.6,0.0,,,109.0
9,4,12,9,-1.8,,,,,0,0.0,12.4,6.4,0.0,0.0,0.0,,0.0,,0.0,0.0,0.0,.035,,-8.1,-0.1,-8.1
10,0,32,1041,100,224,.446,69,143,.483,31,81,.383,35,42,.833,6,78,84,80,23,3,41,47,266
10,1,32,32.5,3.1,7.0,.446,2.2,4.5,.483,1.0,2.5,.383,1.1,1.3,.833,2.6,2.5,0.7,0.1,1.3,1.5,8.3
10,2,32,1041,3.8,8.6,.446,2.7,5.5,.483,1.2,3.1,.383,1.3,1.6,.833,3.2,3.1,0.9,0.1,1.6,1.8,10.2
10,3,32,1041,5.9,13.1,.446,4.0,8.4,.483,1.8,4.8,.383,2.1,2.5,.833,4.9,4.7,1.3,0.2,2.4,2.8,15.6,,106.4,108.7
10,4,32,1041,11.2,.545,.516,.362,.188,261,0.7,8.4,4.7,15.8,1.3,0.3,14.4,14.8,,1.0,0.9,2.0,.075,,-1.3,-0.4,-1.7
11,0,32,280,25,69,.362,21,52,.404,4,17,.235,5,8,.625,5,14,19,21,8,2,20,23,59
11,1,32,8.8,0.8,2.2,.362,0.7,1.6,.404,0.1,0.5,.235,0.2,0.3,.625,0.6,0.7,0.3,0.1,0.6,0.7,1.8
11,2,32,280,3.6,9.9,.362,3.0,7.4,.404,0.6,2.4,.235,0.7,1.1,.625,2.7,3.0,1.1,0.3,2.9,3.3,8.4
11,3,32,280,5.5,15.0,.362,4.6,11.3,.404,0.9,3.7,.235,1.1,1.7,.625,4.1,4.6,1.7,0.4,4.4,5.0,12.9,,77.4,108.7
11,4,32,280,4.8,.405,.391,.246,.116,63,2.2,5.6,3.9,15.2,1.7,0.7,21.6,17.9,,-0.3,0.3,-0.1,-.014,,-7.0,-1.3,-8.4
12,0,32,471,35,81,.432,34,77,.442,1,4,.250,30,54,.556,13,52,65,25,5,2,28,59,101
12,1,32,14.7,1.1,2.5,.432,1.1,2.4,.442,0.0,0.1,.250,0.9,1.7,.556,2.0,0.8,0.2,0.1,0.9,1.8,3.2
12,2,32,471,3.0,6.9,.432,2.9,6.5,.442,0.1,0.3,.250,2.5,4.6,.556,5.5,2.1,0.4,0.2,2.4,5.0,8.6
12,3,32,471,4.5,10.5,.432,4.4,10.0,.442,0.1,0.5,.250,3.9,7.0,.556,8.4,3.2,0.6,0.3,3.6,7.6,13.1,,88.9,107.9
12,4,32,471,6.1,.474,.438,.049,.667,106,3.3,12.3,8.0,10.4,0.6,0.4,20.8,15.4,,-0.1,0.5,0.4,.030,,-6.0,-0.6,-6.6
