0,0,30,474,46,121,.380,32,82,.390,14,39,.359,42,57,.737,12,32,44,20,6,1,39,45,148
0,1,30,15.8,1.5,4.0,.380,1.1,2.7,.390,0.5,1.3,.359,1.4,1.9,.737,1.5,0.7,0.2,0.0,1.3,1.5,4.9
0,2,30,474,3.9,10.2,.380,2.7,6.9,.390,1.2,3.3,.359,3.5,4.8,.737,3.7,1.7,0.5,0.1,3.3,3.8,12.5
0,3,30,474,5.9,15.4,.380,4.1,10.4,.390,1.8,5.0,.359,5.3,7.3,.737,5.6,2.5,0.8,0.1,5.0,5.7,18.8,,89.7,106.7
0,4,30,474,7.3,.500,.438,.322,.471,139,3.1,7.2,5.3,8.5,0.8,0.2,20.8,20.7,,0.0,0.4,0.4,.033,,-4.5,-1.9,-6.4
1,0,7,32,7,11,.636,7,11,.636,0,0,,1,2,.500,3,7,10,0,2,2,1,5,15
1,1,7,4.6,1.0,1.6,.636,1.0,1.6,.636,0.0,0.0,,0.1,0.3,.500,1.4,0.0,0.3,0.3,0.1,0.7,2.1
1,2,7,32,8.8,13.8,.636,8.8,13.8,.636,0.0,0.0,,1.3,2.5,.500,12.5,0.0,2.5,2.5,1.3,6.3,18.8
1,3,7,32,13.2,20.7,.636,13.2,20.7,.636,0.0,0.0,,1.9,3.8,.500,18.9,0.0,3.8,3.8,1.9,9.4,28.3,,119.1,87.8
1,4,7,32,28.4,.628,.636,.000,.182,12,11.5,23.5,17.9,0.0,3.8,7.3,7.7,21.2,,0.1,0.1,0.2,.211,,-1.9,0.3,-1.6
2,0,17,73,5,16,.313,3,9,.333,2,7,.286,4,4,1.000,2,9,11,5,3,0,1,6,16
2,1,17,4.3,0.3,0.9,.313,0.2,0.5,.333,0.1,0.4,.286,0.2,0.2,1.000,0.6,0.3,0.2,0.0,0.1,0.4,0.9
2,2,17,73,2.7,8.8,.313,1.6,4.9,.333,1.1,3.8,.286,2.2,2.2,1.000,6.0,2.7,1.6,0.0,0.5,3.3,8.8
2,3,17,73,4.1,13.2,.313,2.5,7.4,.333,1.7,5.8,.286,3.3,3.3,1.000,9.1,4.1,2.5,0.0,0.8,5.0,13.2,,109.2,99.9
2,4,17,73,11.8,.447,.375,.438,.250,17,3.4,13.2,8.6,13.0,2.5,0.0,5.3,13.6,,0.1,0.1,0.2,.109,,-1.8,0.4,-1.4
3,0,30,602,64,148,.432,36,69,.522,28,79,.354,13,28,.464,30,76,106,16,10,23,27,67,169
3,1,30,20.1,2.1,4.9,.432,1.2,2.3,.522,0.9,2.6,.354,0.4,0.9,.464,3.5,0.5,0.3,0.8,0.9,2.2,5.6
3,2,30,602,4.3,9.8,.432,2.4,4.6,.522,1.9,5.2,.354,0.9,1.9,.464,7.0,1.1,0.7,1.5,1.8,4.5,11.2
3,3,30,602,6.4,14.8,.432,3.6,6.9,.522,2.8,7.9,.354,1.3,2.8,.464,10.6,1.6,1.0,2.3,2.7,6.7,16.9,,100.2,100.8
3,4,30,602,12.0,.524,.527,.534,.189,155,6.1,13.5,10.1,5.4,1.0,4.5,14.3,16.4,,0.5,0.8,1.3,.087,,-1.6,1.6,0.0
4,0,25,216,16,61,.262,5,13,.385,11,48,.229,1,3,.333,9,24,33,11,5,1,4,23,44
4,1,25,8.6,0.6,2.4,.262,0.2,0.5,.385,0.4,1.9,.229,0.0,0.1,.333,1.3,0.4,0.2,0.0,0.2,0.9,1.8
4,2,25,216,3.0,11.3,.262,0.9,2.4,.385,2.0,8.9,.229,0.2,0.6,.333,6.1,2.0,0.9,0.2,0.7,4.3,8.1
4,3,25,216,4.5,17.0,.262,1.4,3.6,.385,3.1,13.4,.229,0.3,0.8,.333,9.2,3.1,1.4,0.3,1.1,6.4,12.3,,87.1,102.7
4,4,25,216,6.3,.352,.352,.787,.049,47,5.1,11.9,8.7,9.8,1.4,0.5,6.0,16.1,,0.0,0.3,0.2,.041,,-2.8,-1.0,-3.8
5,0,7,34,8,16,.500,8,15,.533,0,1,.000,8,12,.667,3,5,8,2,0,1,2,7,24
5,1,7,4.9,1.1,2.3,.500,1.1,2.1,.533,0.0,0.1,.000,1.1,1.7,.667,1.1,0.3,0.0,0.1,0.3,1.0,3.4
5,2,7,34,9.4,18.8,.500,9.4,17.6,.533,0.0,1.2,.000,9.4,14.1,.667,9.4,2.4,0.0,1.2,2.4,8.2,28.2
5,3,7,34,14.2,28.4,.500,14.2,26.6,.533,0.0,1.8,.000,14.2,21.3,.667,14.2,3.5,0.0,1.8,3.5,12.4,42.6,,114.5,101.9
5,4,7,34,27.6,.553,.500,.063,.750,22,10.8,15.8,13.4,16.3,0.0,3.4,8.4,36.6,,0.1,0.0,0.2,.213,,1.9,-2.3,-0.3
6,0,30,702,93,160,.581,93,160,.581,0,0,,40,66,.606,58,115,173,18,12,38,48,78,226
6,1,30,23.4,3.1,5.3,.581,3.1,5.3,.581,0.0,0.0,,1.3,2.2,.606,5.8,0.6,0.4,1.3,1.6,2.6,7.5
6,2,30,702,5.3,9.1,.581,5.3,9.1,.581,0.0,0.0,,2.3,3.8,.606,9.9,1.0,0.7,2.2,2.7,4.4,12.9
6,3,30,702,8.0,13.7,.581,8.0,13.7,.581,0.0,0.0,,3.4,5.7,.606,14.9,1.5,1.0,3.3,4.1,6.7,19.4,,104.7,97.8
6,4,30,702,16.9,.591,.581,.000,.413,216,10.1,17.6,14.1,5.5,1.0,6.3,20.1,17.9,,0.9,1.2,2.1,.119,,-2.3,3.3,1.0
7,0,5,23,3,5,.600,1,2,.500,2,3,.667,6,7,.857,0,3,3,5,2,0,2,2,14
7,1,5,4.6,0.6,1.0,.600,0.2,0.4,.500,0.4,0.6,.667,1.2,1.4,.857,0.6,1.0,0.4,0.0,0.4,0.4,2.8
7,2,5,23,5.2,8.7,.600,1.7,3.5,.500,3.5,5.2,.667,10.4,12.2,.857,5.2,8.7,3.5,0.0,3.5,3.5,24.3
7,3,5,23,7.9,13.1,.600,2.6,5.2,.500,5.2,7.9,.667,15.7,18.4,.857,7.9,13.1,5.2,0.0,5.2,5.2,36.7,,152.6,93.2
7,4,5,23,38.8,.841,.800,.600,1.400,14,0.0,14.0,7.5,46.7,5.2,0.0,19.4,23.6,,0.2,0.0,0.2,.389,,12.2,0.2,12.5
8,0,30,866,172,345,.499,171,344,.497,1,1,1.000,114,160,.713,56,204,260,31,15,11,76,79,459
8,1,30,28.9,5.7,11.5,.499,5.7,11.5,.497,0.0,0.0,1.000,3.8,5.3,.713,8.7,1.0,0.5,0.4,2.5,2.6,15.3
8,2,30,866,7.9,15.9,.499,7.9,15.9,.497,0.0,0.0,1.000,5.3,7.4,.713,12.0,1.4,0.7,0.5,3.5,3.6,21.2
8,3,30,866,12.0,24.0,.499,11.9,24.0,.497,0.1,0.1,1.000,7.9,11.1,.713,18.1,2.2,1.0,0.8,5.3,5.5,32.0,,102.3,96.3
8,4,30,866,21.2,.545,.500,.003,.464,416,7.9,25.3,17.2,9.0,1.0,1.5,15.3,30.1,,1.5,1.6,3.1,.142,,-2.7,-0.3,-3.0
9,0,7,38,5,13,.385,4,9,.444,1,4,.250,0,1,.000,1,7,8,1,1,1,3,6,11
9,1,7,5.4,0.7,1.9,.385,0.6,1.3,.444,0.1,0.6,.250,0.0,0.1,.000,1.1,0.1,0.1,0.1,0.4,0.9,1.6
9,2,7,38,5.3,13.7,.385,4.2,9.5,.444,1.1,4.2,.250,0.0,1.1,.000,8.4,1.1,1.1,1.1,3.2,6.3,11.6
9,3,7,38,7.9,20.6,.385,6.3,14.3,.444,1.6,6.3,.250,0.0,1.6,.000,12.7,1.6,1.6,1.6,4.8,9.5,17.5,,72.9,96.7
9,4,7,38,6.0,.408,.423,.308,.077,10,3.2,19.8,12.0,5.7,1.6,3.1,18.2,22.8,,-0.1,0.1,0.0,.002,,-8.5,0.1,-8.4
10,0,4,14,2,4,.500,0,0,,2,4,.500,2,2,1.000,0,2,2,3,1,1,0,2,8
10,1,4,3.5,0.5,1.0,.500,0.0,0.0,,0.5,1.0,.500,0.5,0.5,1.000,0.5,0.8,0.3,0.3,0.0,0.5,2.0
10,2,4,14,5.7,11.4,.500,0.0,0.0,,5.7,11.4,.500,5.7,5.7,1.000,5.7,8.6,2.9,2.9,0.0,5.7,22.9
10,3,4,14,8.6,17.2,.500,0.0,0.0,,8.6,17.2,.500,8.6,8.6,1.000,8.6,12.9,4.3,4.3,0.0,8.6,34.5,,186.6,90.3
10,4,4,14,42.2,.808,.750,1.000,.500,8,0.0,15.3,8.2,47.3,4.3,8.3,0.0,18.6,,0.1,0.0,0.2,.453,,16.2,4.1,20.3
11,0,30,847,119,275,.433,74,158,.468,45,117,.385,58,73,.795,22,68,90,59,46,11,58,65,341
11,1,30,28.2,4.0,9.2,.433,2.5,5.3,.468,1.5,3.9,.385,1.9,2.4,.795,3.0,2.0,1.5,0.4,1.9,2.2,11.4
11,2,30,847,5.6,13.0,.433,3.5,7.5,.468,2.1,5.5,.385,2.7,3.4,.795,4.3,2.8,2.2,0.5,2.7,3.1,16.1
11,3,30,847,8.5,19.6,.433,5.3,11.3,.468,3.2,8.3,.385,4.1,5.2,.795,6.4,4.2,3.3,0.8,4.1,4.6,24.3,,103.9,99.7
11,4,30,847,17.0,.551,.515,.425,.265,315,3.2,8.6,6.1,15.3,3.3,1.5,15.8,22.8,,1.2,1.3,2.5,.119,,1.2,1.3,2.5
12,0,12,23,2,9,.222,2,8,.250,0,1,.000,3,5,.600,2,2,4,2,0,0,0,5,7
12,1,12,1.9,0.2,0.8,.222,0.2,0.7,.250,0.0,0.1,.000,0.3,0.4,.600,0.3,0.2,0.0,0.0,0.0,0.4,0.6
12,2,12,23,3.5,15.7,.222,3.5,13.9,.250,0.0,1.7,.000,5.2,8.7,.600,7.0,3.5,0.0,0.0,0.0,8.7,12.2
12,3,12,23,5.2,23.6,.222,5.2,21.0,.250,0.0,2.6,.000,7.9,13.1,.600,10.5,5.2,0.0,0.0,0.0,13.1,18.4,,89.3,106.8
12,4,12,23,6.1,.308,.222,.111,.556,8,10.6,9.3,9.9,17.1,0.0,0.0,0.0,26.0,,0.0,0.0,0.0,.031,,-5.4,-3.7,-9.1
13,0,30,948,97,243,.399,74,172,.430,23,71,.324,95,119,.798,25,59,84,175,37,3,70,69,312
13,1,30,31.6,3.2,8.1,.399,2.5,5.7,.430,0.8,2.4,.324,3.2,4.0,.798,2.8,5.8,1.2,0.1,2.3,2.3,10.4
13,2,30,948,4.1,10.3,.399,3.1,7.3,.430,1.0,3.0,.324,4.0,5.0,.798,3.5,7.4,1.6,0.1,3.0,2.9,13.2
13,3,30,948,6.2,15.5,.399,4.7,10.9,.430,1.5,4.5,.324,6.0,7.6,.798,5.3,11.1,2.4,0.2,4.5,4.4,19.9,,109.1,103.4
13,4,30,948,17.0,.521,.447,.292,.490,373,3.2,6.7,5.1,37.4,2.4,0.4,18.9,20.5,,1.9,1.1,3.0,.128,,1.2,-0.8,0.5
14,0,29,715,47,115,.409,29,66,.439,18,49,.367,25,31,.806,6,84,90,42,8,1,26,32,137
14,1,29,24.7,1.6,4.0,.409,1.0,2.3,.439,0.6,1.7,.367,0.9,1.1,.806,3.1,1.4,0.3,0.0,0.9,1.1,4.7
14,2,29,715,2.6,6.4,.409,1.6,3.7,.439,1.0,2.7,.367,1.4,1.7,.806,5.0,2.3,0.4,0.1,1.5,1.8,7.7
14,3,29,715,4.0,9.7,.409,2.4,5.6,.439,1.5,4.1,.367,2.1,2.6,.806,7.6,3.5,0.7,0.1,2.2,2.7,11.6,,102.7,104.5
14,4,29,715,8.6,.528,.487,.426,.270,136,1.0,12.6,7.2,11.1,0.7,0.2,16.7,11.4,,0.5,0.8,1.3,.070,,-2.4,0.3,-2.0
15,0,30,467,38,98,.388,21,47,.447,17,51,.333,18,23,.783,4,30,34,39,20,3,29,40,111
15,1,30,15.6,1.3,3.3,.388,0.7,1.6,.447,0.6,1.7,.333,0.6,0.8,.783,1.1,1.3,0.7,0.1,1.0,1.3,3.7
15,2,30,467,3.3,8.4,.388,1.8,4.0,.447,1.5,4.4,.333,1.5,2.0,.783,2.9,3.3,1.7,0.3,2.5,3.4,9.5
15,3,30,467,4.9,12.7,.388,2.7,6.1,.447,2.2,6.6,.333,2.3,3.0,.783,4.4,5.0,2.6,0.4,3.7,5.2,14.3,,94.8,102.5
15,4,30,467,9.5,.510,.474,.520,.235,112,1.0,6.9,4.2,16.2,2.6,0.8,21.0,15.5,,0.2,0.6,0.8,.064,,-2.4,0.3,-2.1
