0,0,15,61,1,6,.167,1,4,.250,0,2,.000,4,10,.400,1,3,4,0,1,0,0,13,6
0,1,15,4.1,0.1,0.4,.167,0.1,0.3,.250,0.0,0.1,.000,0.3,0.7,.400,0.3,0.0,0.1,0.0,0.0,0.9,0.4
0,2,15,61,0.7,3.9,.167,0.7,2.6,.250,0.0,1.3,.000,2.6,6.6,.400,2.6,0.0,0.7,0.0,0.0,8.5,3.9
0,3,15,61,1.0,5.9,.167,1.0,4.0,.250,0.0,2.0,.000,4.0,9.9,.400,4.0,0.0,1.0,0.0,0.0,12.8,5.9,,72.8,112.7
0,4,15,61,-1.4,.279,.167,.333,1.667,6,2.0,5.8,3.9,0.0,1.0,0.0,0.0,9.1,,0.0,0.0,0.0,-.019,,-6.5,-4.5,-11.0
1,0,24,72,2,7,.286,1,3,.333,1,4,.250,4,6,.667,0,0,0,5,1,0,5,5,9
1,1,24,3.0,0.1,0.3,.286,0.0,0.1,.333,0.0,0.2,.250,0.2,0.3,.667,0.0,0.2,0.0,0.0,0.2,0.2,0.4
1,2,24,72,1.1,3.9,.286,0.6,1.7,.333,0.6,2.2,.250,2.2,3.3,.667,0.0,2.8,0.6,0.0,2.8,2.8,5.0
1,3,24,72,1.7,5.9,.286,0.8,2.5,.333,0.8,3.3,.250,3.3,5.0,.667,0.0,4.2,0.8,0.0,4.2,4.2,7.5,,77.2,116.1
1,4,24,72,1.5,.457,.357,.571,.857,10,0.0,0.0,0.0,11.5,0.8,0.0,33.7,10.7,,0.0,0.0,-0.1,-.032,,-6.6,-6.8,-13.4
2,0,16,128,15,33,.455,11,22,.500,4,11,.364,6,14,.429,7,11,18,2,4,3,7,15,40
2,1,16,8.0,0.9,2.1,.455,0.7,1.4,.500,0.3,0.7,.364,0.4,0.9,.429,1.1,0.1,0.3,0.2,0.4,0.9,2.5
2,2,16,128,4.7,10.3,.455,3.4,6.9,.500,1.3,3.4,.364,1.9,4.4,.429,5.6,0.6,1.3,0.9,2.2,4.7,12.5
2,3,16,128,7.1,15.5,.455,5.2,10.4,.500,1.9,5.2,.364,2.8,6.6,.429,8.5,0.9,1.9,1.4,3.3,7.1,18.8,,96.2,108.2
2,4,16,128,11.7,.504,.515,.333,.424,36,6.5,10.1,8.4,3.0,1.9,2.5,15.0,18.9,,0.1,0.1,0.2,.049,,-3.0,-3.0,-5.9
3,0,32,954,148,280,.529,147,278,.529,1,2,.500,60,83,.723,78,122,200,19,18,36,51,80,357
3,1,32,29.8,4.6,8.8,.529,4.6,8.7,.529,0.0,0.1,.500,1.9,2.6,.723,6.3,0.6,0.6,1.1,1.6,2.5,11.2
3,2,32,954,6.2,11.7,.529,6.2,11.7,.529,0.0,0.1,.500,2.5,3.5,.723,8.4,0.8,0.8,1.5,2.1,3.4,15.0
3,3,32,954,9.3,17.7,.529,9.3,17.6,.529,0.1,0.1,.500,3.8,5.2,.723,12.6,1.2,1.1,2.3,3.2,5.1,22.5,,109.4,107.2
3,4,32,954,18.4,.559,.530,.007,.296,334,9.8,15.1,12.4,4.2,1.1,4.0,13.8,20.1,,1.8,0.7,2.5,.105,,-1.1,-1.3,-2.4
4,0,21,321,30,58,.517,24,42,.571,6,16,.375,5,6,.833,15,27,42,8,4,5,17,23,71
4,1,21,15.3,1.4,2.8,.517,1.1,2.0,.571,0.3,0.8,.375,0.2,0.3,.833,2.0,0.4,0.2,0.2,0.8,1.1,3.4
4,2,21,321,3.7,7.2,.517,3.0,5.2,.571,0.7,2.0,.375,0.6,0.7,.833,5.2,1.0,0.5,0.6,2.1,2.9,8.8
4,3,21,321,5.6,10.9,.517,4.5,7.9,.571,1.1,3.0,.375,0.9,1.1,.833,7.9,1.5,0.8,0.9,3.2,4.3,13.3,,101.3,111.5
4,4,21,321,9.7,.583,.569,.276,.103,67,5.6,9.9,7.8,4.6,0.8,1.7,21.8,12.6,,0.2,0.1,0.3,.041,,-2.4,-2.3,-4.7
5,0,10,47,2,8,.250,2,7,.286,0,1,.000,3,5,.600,3,4,7,1,0,0,2,4,7
5,1,10,4.7,0.2,0.8,.250,0.2,0.7,.286,0.0,0.1,.000,0.3,0.5,.600,0.7,0.1,0.0,0.0,0.2,0.4,0.7
5,2,10,47,1.7,6.8,.250,1.7,6.0,.286,0.0,0.9,.000,2.6,4.3,.600,6.0,0.9,0.0,0.0,1.7,3.4,6.0
5,3,10,47,2.6,10.3,.250,2.6,9.0,.286,0.0,1.3,.000,3.8,6.4,.600,9.0,1.3,0.0,0.0,2.6,5.1,9.0,,79.1,114.0
5,4,10,47,2.8,.337,.250,.125,.625,8,7.6,10.0,8.8,3.6,0.0,0.0,16.2,13.7,,0.0,0.0,0.0,-.024,,-6.9,-4.7,-11.6
6,0,7,13,0,5,.000,0,3,.000,0,2,.000,0,0,,0,1,1,0,0,0,0,3,0
6,1,7,1.9,0.0,0.7,.000,0.0,0.4,.000,0.0,0.3,.000,0.0,0.0,,0.1,0.0,0.0,0.0,0.0,0.4,0.0
6,2,7,13,0.0,15.4,.000,0.0,9.2,.000,0.0,6.2,.000,0.0,0.0,,3.1,0.0,0.0,0.0,0.0,9.2,0.0
6,3,7,13,0.0,23.2,.000,0.0,13.9,.000,0.0,9.3,.000,0.0,0.0,,4.6,0.0,0.0,0.0,0.0,13.9,0.0,,0.0,113.6
6,4,7,13,-19.5,.000,.000,.400,.000,0,0.0,9.1,4.6,0.0,0.0,0.0,0.0,19.9,,-0.1,0.0,-0.1,-.260,,-18.1,-8.4,-26.5
7,0,30,156,17,47,.362,2,4,.500,15,43,.349,5,9,.556,0,7,7,7,5,0,5,19,54
7,1,30,5.2,0.6,1.6,.362,0.1,0.1,.500,0.5,1.4,.349,0.2,0.3,.556,0.2,0.2,0.2,0.0,0.2,0.6,1.8
7,2,30,156,4.4,12.1,.362,0.5,1.0,.500,3.8,11.0,.349,1.3,2.3,.556,1.8,1.8,1.3,0.0,1.3,4.9,13.8
7,3,30,156,6.6,18.2,.362,0.8,1.5,.500,5.8,16.6,.349,1.9,3.5,.556,2.7,2.7,1.9,0.0,1.9,7.3,20.9,,107.8,111.3
7,4,30,156,11.1,.527,.521,.915,.191,46,0.0,5.3,2.7,8.6,1.9,0.0,8.9,18.7,,0.2,0.0,0.3,.073,,1.0,-5.7,-4.7
8,0,29,912,141,353,.399,125,284,.440,16,69,.232,66,88,.750,21,92,113,34,20,0,44,70,364
8,1,29,31.4,4.9,12.2,.399,4.3,9.8,.440,0.6,2.4,.232,2.3,3.0,.750,3.9,1.2,0.7,0.0,1.5,2.4,12.6
8,2,29,912,6.2,15.5,.399,5.5,12.5,.440,0.7,3.0,.232,2.9,3.9,.750,5.0,1.5,0.9,0.0,1.9,3.1,16.0
8,3,29,912,9.3,23.3,.399,8.3,18.8,.440,1.1,4.6,.232,4.4,5.8,.750,7.5,2.2,1.3,0.0,2.9,4.6,24.0,,96.1,110.3
8,4,29,912,12.4,.461,.422,.195,.249,327,2.8,11.9,7.4,7.8,1.3,0.0,10.0,24.9,,0.7,0.4,1.1,.047,,-3.4,-4.2,-7.6
9,0,26,276,10,48,.208,10,39,.256,0,9,.000,19,26,.731,6,36,42,33,13,0,23,35,39
9,1,26,10.6,0.4,1.8,.208,0.4,1.5,.256,0.0,0.3,.000,0.7,1.0,.731,1.6,1.3,0.5,0.0,0.9,1.3,1.5
9,2,26,276,1.4,7.0,.208,1.4,5.7,.256,0.0,1.3,.000,2.8,3.8,.731,6.1,4.8,1.9,0.0,3.3,5.1,5.7
9,3,26,276,2.2,10.5,.208,2.2,8.5,.256,0.0,2.0,.000,4.1,5.7,.731,9.2,7.2,2.8,0.0,5.0,7.6,8.5,,72.2,105.3
9,4,26,276,5.1,.323,.208,.188,.542,54,2.6,15.4,9.0,20.1,2.8,0.0,27.6,15.7,,-0.4,0.2,-0.1,-.019,,-6.9,-1.0,-7.9
10,0,32,1123,124,255,.486,108,210,.514,16,45,.356,135,172,.785,87,162,249,255,38,4,88,65,399
10,1,32,35.1,3.9,8.0,.486,3.4,6.6,.514,0.5,1.4,.356,4.2,5.4,.785,7.8,8.0,1.2,0.1,2.8,2.0,12.5
10,2,32,1123,4.4,9.1,.486,3.8,7.5,.514,0.6,1.6,.356,4.8,6.1,.785,8.9,9.1,1.4,0.1,3.1,2.3,14.2
10,3,32,1123,6.7,13.7,.486,5.8,11.3,.514,0.9,2.4,.356,7.2,9.2,.785,13.4,13.7,2.0,0.2,4.7,3.5,21.4,,122.9,106.6
10,4,32,1123,25.7,.593,.518,.176,.675,517,9.3,17.0,13.2,43.6,2.0,0.4,20.7,19.6,,4.2,0.8,5.1,.181,,5.9,-0.7,5.2
11,0,32,839,130,296,.439,69,128,.539,61,168,.363,49,73,.671,12,75,87,44,23,1,51,73,370
11,1,32,26.2,4.1,9.3,.439,2.2,4.0,.539,1.9,5.3,.363,1.5,2.3,.671,2.7,1.4,0.7,0.0,1.6,2.3,11.6
11,2,32,839,6.2,14.1,.439,3.3,6.1,.539,2.9,8.0,.363,2.3,3.5,.671,4.1,2.1,1.1,0.0,2.4,3.5,17.6
11,3,32,839,9.3,21.3,.439,5.0,9.2,.539,4.4,12.1,.363,3.5,5.2,.671,6.2,3.2,1.7,0.1,3.7,5.2,26.6,,106.7,110.0
11,4,32,839,16.0,.559,.542,.568,.247,319,1.7,10.5,6.2,11.0,1.7,0.1,13.4,23.6,,1.6,0.4,1.9,.092,,1.8,-4.2,-2.3
12,0,22,96,11,16,.688,11,16,.688,0,0,,3,6,.500,7,13,20,2,0,6,8,11,25
12,1,22,4.4,0.5,0.7,.688,0.5,0.7,.688,0.0,0.0,,0.1,0.3,.500,0.9,0.1,0.0,0.3,0.4,0.5,1.1
12,2,22,96,4.6,6.7,.688,4.6,6.7,.688,0.0,0.0,,1.3,2.5,.500,8.3,0.8,0.0,2.5,3.3,4.6,10.4
12,3,22,96,6.9,10.0,.688,6.9,10.0,.688,0.0,0.0,,1.9,3.8,.500,12.6,1.3,0.0,3.8,5.0,6.9,15.7,,98.6,107.8
12,4,22,96,13.1,.663,.688,.000,.375,23,8.7,15.9,12.4,4.0,0.0,6.7,29.8,14.5,,0.1,0.1,0.1,.054,,-4.1,-0.5,-4.6
13,0,32,979,134,296,.453,129,273,.473,5,23,.217,53,68,.779,24,83,107,24,37,3,51,74,326
13,1,32,30.6,4.2,9.3,.453,4.0,8.5,.473,0.2,0.7,.217,1.7,2.1,.779,3.3,0.8,1.2,0.1,1.6,2.3,10.2
13,2,32,979,5.5,12.1,.453,5.3,11.2,.473,0.2,0.9,.217,2.2,2.8,.779,4.4,1.0,1.5,0.1,2.1,3.0,13.3
13,3,32,979,8.2,18.2,.453,7.9,16.8,.473,0.3,1.4,.217,3.3,4.2,.779,6.6,1.5,2.3,0.2,3.1,4.6,20.1,,96.6,108.8
13,4,32,979,12.0,.496,.461,.078,.230,288,2.9,10.0,6.5,5.0,2.3,0.3,13.4,20.1,,0.7,0.5,1.2,.049,,-3.2,-2.4,-5.6
14,0,29,448,46,82,.561,46,82,.561,0,0,,42,71,.592,33,67,100,5,5,19,26,64,134
14,1,29,15.4,1.6,2.8,.561,1.6,2.8,.561,0.0,0.0,,1.4,2.4,.592,3.4,0.2,0.2,0.7,0.9,2.2,4.6
14,2,29,448,4.1,7.3,.561,4.1,7.3,.561,0.0,0.0,,3.8,6.3,.592,8.9,0.4,0.4,1.7,2.3,5.7,12.0
14,3,29,448,6.2,11.0,.561,6.2,11.0,.561,0.0,0.0,,5.6,9.5,.592,13.4,0.7,0.7,2.6,3.5,8.6,18.0,,106.7,106.7
14,4,29,448,14.2,.579,.561,.000,.866,128,8.8,17.6,13.3,2.1,0.7,4.5,18.3,16.4,,0.6,0.3,1.0,.086,,-3.3,-1.8,-5.1
