0,0,1,0,0,0,,0,0,,0,0,,0,0,,0,0,0,0,0,0,0,0,0
0,1,1,0.0,0.0,0.0,,0.0,0.0,,0.0,0.0,,0.0,0.0,,0.0,0.0,0.0,0.0,0.0,0.0,0.0
0,2,1,0,,,,,,,,,,,,,,,,,,,
0,3,1,0,,,,,,,,,,,,,,,,,,,,,,
0,4,1,0,,,,,,,,,,,,,,,,0.0,0.0,0.0,,,-5.8,-1.5,-7.3
1,0,12,98,3,11,.273,1,5,.200,2,6,.333,3,4,.750,0,5,5,15,3,0,8,12,11
1,1,12,8.2,0.3,0.9,.273,0.1,0.4,.200,0.2,0.5,.333,0.3,0.3,.750,0.4,1.3,0.3,0.0,0.7,1.0,0.9
1,2,12,98,1.2,4.5,.273,0.4,2.0,.200,0.8,2.4,.333,1.2,1.6,.750,2.0,6.1,1.2,0.0,3.3,4.9,4.5
1,3,12,98,1.8,6.7,.273,0.6,3.1,.200,1.2,3.7,.333,1.8,2.5,.750,3.1,9.2,1.8,0.0,4.9,7.4,6.7,,83.6,109.0
1,4,12,98,4.5,.426,.364,.545,.364,17,0.0,5.5,2.9,28.1,1.8,0.0,38.3,11.1,,0.0,0.0,0.0,.006,,-5.8,-4.7,-10.5
2,0,36,879,66,137,.482,66,137,.482,0,0,,46,84,.548,88,207,295,21,15,26,45,91,178
2,1,36,24.4,1.8,3.8,.482,1.8,3.8,.482,0.0,0.0,,1.3,2.3,.548,8.2,0.6,0.4,0.7,1.3,2.5,4.9
2,2,36,879,3.0,6.2,.482,3.0,6.2,.482,0.0,0.0,,2.1,3.8,.548,13.4,1.0,0.7,1.2,2.0,4.1,8.1
2,3,36,879,4.5,9.4,.482,4.5,9.4,.482,0.0,0.0,,3.1,5.7,.548,20.2,1.4,1.0,1.8,3.1,6.2,12.2,,101.5,99.7
2,4,36,879,13.6,.503,.482,.000,.613,207,11.8,25.4,18.9,4.8,1.0,3.1,20.3,13.1,,0.8,1.2,2.0,.090,,-3.6,0.3,-3.3
3,0,31,287,30,87,.345,8,15,.533,22,72,.306,5,8,.625,4,18,22,18,13,1,10,24,87
3,1,31,9.3,1.0,2.8,.345,0.3,0.5,.533,0.7,2.3,.306,0.2,0.3,.625,0.7,0.6,0.4,0.0,0.3,0.8,2.8
3,2,31,287,4.2,12.1,.345,1.1,2.1,.533,3.1,10.0,.306,0.7,1.1,.625,3.1,2.5,1.8,0.1,1.4,3.3,12.1
3,3,31,287,6.3,18.2,.345,1.7,3.1,.533,4.6,15.1,.306,1.0,1.7,.625,4.6,3.8,2.7,0.2,2.1,5.0,18.2,,101.2,106.5
3,4,31,287,11.8,.479,.471,.828,.092,82,1.6,6.8,4.3,13.3,2.7,0.4,9.9,18.3,,0.3,0.2,0.5,.071,,0.1,-3.5,-3.4
4,0,30,698,79,202,.391,57,130,.438,22,72,.306,40,53,.755,37,97,134,29,8,14,52,67,220
4,1,30,23.3,2.6,6.7,.391,1.9,4.3,.438,0.7,2.4,.306,1.3,1.8,.755,4.5,1.0,0.3,0.5,1.7,2.2,7.3
4,2,30,698,4.5,11.6,.391,3.3,7.4,.438,1.3,4.1,.306,2.3,3.0,.755,7.7,1.7,0.5,0.8,3.0,3.8,12.6
4,3,30,698,6.8,17.4,.391,4.9,11.2,.438,1.9,6.2,.306,3.4,4.6,.755,11.5,2.5,0.7,1.2,4.5,5.8,18.9,,92.4,106.1
4,4,30,698,11.1,.484,.446,.356,.262,217,6.2,15.0,10.8,9.0,0.7,2.1,18.6,20.8,,0.3,0.5,0.8,.046,,-3.4,-2.1,-5.5
5,0,6,110,11,26,.423,10,22,.455,1,4,.250,4,9,.444,4,7,11,7,2,2,10,16,27
5,1,6,18.3,1.8,4.3,.423,1.7,3.7,.455,0.2,0.7,.250,0.7,1.5,.444,1.8,1.2,0.3,0.3,1.7,2.7,4.5
5,2,6,110,4.0,9.5,.423,3.6,8.0,.455,0.4,1.5,.250,1.5,3.3,.444,4.0,2.5,0.7,0.7,3.6,5.8,9.8
5,3,6,110,6.0,14.2,.423,5.5,12.0,.455,0.5,2.2,.250,2.2,4.9,.444,6.0,3.8,1.1,1.1,5.5,8.7,14.7,,80.4,108.9
5,4,6,110,5.4,.446,.442,.154,.346,28,4.3,6.9,5.6,13.4,1.1,1.9,24.8,19.0,,-0.1,0.1,0.0,-.012,,-6.1,-2.4,-8.5
6,0,36,1158,154,346,.445,47,98,.480,107,248,.431,75,88,.852,9,66,75,101,27,2,73,42,490
6,1,36,32.2,4.3,9.6,.445,1.3,2.7,.480,3.0,6.9,.431,2.1,2.4,.852,2.1,2.8,0.8,0.1,2.0,1.2,13.6
6,2,36,1158,5.3,12.0,.445,1.6,3.4,.480,3.7,8.6,.431,2.6,3.0,.852,2.6,3.5,0.9,0.1,2.5,1.5,16.9
6,3,36,1158,8.0,17.9,.445,2.4,5.1,.480,5.5,12.9,.431,3.9,4.6,.852,3.9,5.2,1.4,0.1,3.8,2.2,25.4,,117.6,110.1
6,4,36,1158,18.2,.632,.600,.717,.254,449,0.9,6.2,3.6,19.7,1.4,0.2,15.8,20.7,,3.3,0.4,3.7,.128,,4.4,-4.3,0.2
7,0,31,224,12,22,.545,12,22,.545,0,0,,9,18,.500,19,34,53,5,9,12,18,47,33
7,1,31,7.2,0.4,0.7,.545,0.4,0.7,.545,0.0,0.0,,0.3,0.6,.500,1.7,0.2,0.3,0.4,0.6,1.5,1.1
7,2,31,224,2.1,3.9,.545,2.1,3.9,.545,0.0,0.0,,1.6,3.2,.500,9.5,0.9,1.6,2.1,3.2,8.4,5.9
7,3,31,224,3.2,5.9,.545,3.2,5.9,.545,0.0,0.0,,2.4,4.8,.500,14.2,1.3,2.4,3.2,4.8,12.6,8.8,,85.9,99.1
7,4,31,224,8.7,.540,.545,.000,.818,40,10.0,16.4,13.3,4.3,2.4,5.6,37.1,11.3,,0.0,0.3,0.3,.050,,-5.1,2.5,-2.6
8,0,36,596,64,170,.376,25,68,.368,39,102,.382,29,41,.707,15,45,60,34,15,1,22,65,196
8,1,36,16.6,1.8,4.7,.376,0.7,1.9,.368,1.1,2.8,.382,0.8,1.1,.707,1.7,0.9,0.4,0.0,0.6,1.8,5.4
8,2,36,596,4.3,11.4,.376,1.7,4.6,.368,2.6,6.8,.382,1.9,2.8,.707,4.0,2.3,1.0,0.1,1.5,4.4,13.2
8,3,36,596,6.4,17.1,.376,2.5,6.9,.368,3.9,10.3,.382,2.9,4.1,.707,6.0,3.4,1.5,0.1,2.2,6.5,19.7,,107.8,108.5
8,4,36,596,12.4,.517,.491,.600,.241,185,3.0,8.2,5.7,12.2,1.5,0.2,10.4,18.4,,1.0,0.3,1.3,.087,,0.3,-3.7,-3.4
9,0,36,1088,165,385,.429,120,259,.463,45,126,.357,142,183,.776,41,100,141,131,34,3,95,94,517
9,1,36,30.2,4.6,10.7,.429,3.3,7.2,.463,1.3,3.5,.357,3.9,5.1,.776,3.9,3.6,0.9,0.1,2.6,2.6,14.4
9,2,36,1088,6.1,14.2,.429,4.4,9.5,.463,1.7,4.6,.357,5.2,6.7,.776,5.2,4.8,1.3,0.1,3.5,3.5,19.0
9,3,36,1088,9.1,21.2,.429,6.6,14.3,.463,2.5,7.0,.357,7.8,10.1,.776,7.8,7.2,1.9,0.2,5.2,5.2,28.5,,108.5,106.9
9,4,36,1088,20.1,.548,.487,.327,.475,530,4.4,9.9,7.3,28.4,1.9,0.3,16.8,27.1,,2.9,0.7,3.6,.133,,2.7,-2.7,0.1
10,0,36,523,46,98,.469,46,98,.469,0,0,,35,51,.686,31,81,112,20,15,20,23,71,127
10,1,36,14.5,1.3,2.7,.469,1.3,2.7,.469,0.0,0.0,,1.0,1.4,.686,3.1,0.6,0.4,0.6,0.6,2.0,3.5
10,2,36,523,3.5,7.5,.469,3.5,7.5,.469,0.0,0.0,,2.7,3.9,.686,8.6,1.5,1.1,1.5,1.8,5.4,9.7
10,3,36,523,5.3,11.3,.469,5.3,11.3,.469,0.0,0.0,,4.0,5.9,.686,12.9,2.3,1.7,2.3,2.6,8.2,14.6,,105.5,101.8
10,4,36,523,13.6,.520,.469,.000,.520,133,7.0,16.7,12.1,7.8,1.7,4.0,15.8,14.4,,0.6,0.6,1.2,.095,,-3.2,0.8,-2.3
11,0,36,1122,165,378,.437,152,344,.442,13,34,.382,132,163,.810,14,109,123,43,42,3,75,91,475
11,1,36,31.2,4.6,10.5,.437,4.2,9.6,.442,0.4,0.9,.382,3.7,4.5,.810,3.4,1.2,1.2,0.1,2.1,2.5,13.2
11,2,36,1122,5.9,13.5,.437,5.4,12.3,.442,0.5,1.2,.382,4.7,5.8,.810,4.4,1.5,1.5,0.1,2.7,3.2,16.9
11,3,36,1122,8.8,20.2,.437,8.1,18.4,.442,0.7,1.8,.382,7.1,8.7,.810,6.6,2.3,2.2,0.2,4.0,4.9,25.4,,100.2,105.8
11,4,36,1122,15.0,.521,.454,.090,.431,427,1.5,10.5,6.2,8.9,2.2,0.3,14.1,24.6,,1.5,0.9,2.3,.083,,-2.9,-2.5,-5.4
12,0,27,127,5,14,.357,5,9,.556,0,5,.000,2,8,.250,2,7,9,12,6,4,15,16,12
12,1,27,4.7,0.2,0.5,.357,0.2,0.3,.556,0.0,0.2,.000,0.1,0.3,.250,0.3,0.4,0.2,0.1,0.6,0.6,0.4
12,2,27,127,1.6,4.4,.357,1.6,2.8,.556,0.0,1.6,.000,0.6,2.5,.250,2.8,3.8,1.9,1.3,4.7,5.0,3.8
12,3,27,127,2.4,6.6,.357,2.4,4.3,.556,0.0,2.4,.000,0.9,3.8,.250,4.3,5.7,2.8,1.9,7.1,7.6,5.7,,55.9,104.9
12,4,27,127,1.3,.337,.357,.357,.571,18,1.9,6.0,4.0,17.6,2.8,3.3,45.7,13.4,,-0.3,0.1,-0.2,-.062,,-8.8,0.1,-8.7
13,0,26,365,38,78,.487,38,78,.487,0,0,,40,60,.667,47,77,124,7,8,17,28,48,116
13,1,26,14.0,1.5,3.0,.487,1.5,3.0,.487,0.0,0.0,,1.5,2.3,.667,4.8,0.3,0.3,0.7,1.1,1.8,4.5
13,2,26,365,4.2,8.5,.487,4.2,8.5,.487,0.0,0.0,,4.4,6.6,.667,13.6,0.8,0.9,1.9,3.1,5.3,12.7
13,3,26,365,6.3,12.8,.487,6.3,12.8,.487,0.0,0.0,,6.6,9.9,.667,20.4,1.2,1.3,2.8,4.6,7.9,19.1,,104.6,99.3
13,4,26,365,18.0,.545,.487,.000,.769,126,15.2,22.8,19.1,4.1,1.3,4.9,20.8,19.2,,0.6,0.5,1.1,.119,,-3.5,-0.5,-4.0
