0,0,32,821,123,290,.424,123,282,.436,0,8,.000,75,97,.773,65,113,178,18,14,12,84,76,321
0,1,32,25.7,3.8,9.1,.424,3.8,8.8,.436,0.0,0.3,.000,2.3,3.0,.773,5.6,0.6,0.4,0.4,2.6,2.4,10.0
0,2,32,821,6.0,14.1,.424,6.0,13.7,.436,0.0,0.4,.000,3.7,4.7,.773,8.7,0.9,0.7,0.6,4.1,3.7,15.6
0,3,32,821,9.0,21.2,.424,9.0,20.6,.436,0.0,0.6,.000,5.5,7.1,.773,13.0,1.3,1.0,0.9,6.1,5.6,23.4,,88.8,105.2
0,4,32,821,12.1,.478,.424,.028,.334,308,9.7,15.3,12.6,5.4,1.0,1.8,20.0,26.4,,-0.1,0.8,0.7,.034,,-7.1,-2.6,-9.7
1,0,25,364,19,42,.452,12,24,.500,7,18,.389,17,25,.680,8,21,29,42,6,2,25,22,62
1,1,25,14.6,0.8,1.7,.452,0.5,1.0,.500,0.3,0.7,.389,0.7,1.0,.680,1.2,1.7,0.2,0.1,1.0,0.9,2.5
1,2,25,364,2.1,4.6,.452,1.3,2.6,.500,0.8,2.0,.389,1.9,2.7,.680,3.2,4.6,0.7,0.2,2.7,2.4,6.8
1,3,25,364,3.1,6.9,.452,2.0,4.0,.500,1.2,3.0,.389,2.8,4.1,.680,4.8,6.9,1.0,0.3,4.1,3.6,10.2,,101.4,110.2
1,4,25,364,8.9,.575,.536,.429,.595,77,2.7,6.4,4.6,22.8,1.0,0.7,31.7,11.2,,0.3,0.2,0.4,.048,,-3.7,-3.1,-6.7
2,0,7,216,24,60,.400,13,33,.394,11,27,.407,25,31,.806,7,37,44,9,6,1,16,14,84
2,1,7,30.9,3.4,8.6,.400,1.9,4.7,.394,1.6,3.9,.407,3.6,4.4,.806,6.3,1.3,0.9,0.1,2.3,2.0,12.0
2,2,7,216,4.4,11.1,.400,2.4,6.1,.394,2.0,5.0,.407,4.6,5.7,.806,8.1,1.7,1.1,0.2,3.0,2.6,15.6
2,3,7,216,6.7,16.7,.400,3.6,9.2,.394,3.1,7.5,.407,6.9,8.6,.806,12.2,2.5,1.7,0.3,4.4,3.9,23.3,,105.7,102.7
2,4,7,216,16.0,.562,.492,.450,.517,78,4.0,19.1,11.9,9.3,1.7,0.6,17.6,21.7,,0.3,0.3,0.6,.112,,-1.7,-1.9,-3.6
3,0,18,28,1,12,.083,0,4,.000,1,8,.125,2,2,1.000,2,5,7,1,3,0,3,6,5
3,1,18,1.6,0.1,0.7,.083,0.0,0.2,.000,0.1,0.4,.125,0.1,0.1,1.000,0.4,0.1,0.2,0.0,0.2,0.3,0.3
3,2,18,28,1.4,17.1,.083,0.0,5.7,.000,1.4,11.4,.125,2.9,2.9,1.000,10.0,1.4,4.3,0.0,4.3,8.6,7.1
3,3,18,28,2.1,25.7,.083,0.0,8.6,.000,2.1,17.1,.125,4.3,4.3,1.000,15.0,2.1,6.4,0.0,6.4,12.8,10.7,,47.8,90.7
3,4,18,28,-3.1,.193,.125,.667,.167,6,8.7,19.9,14.6,6.8,6.4,0.0,18.8,29.4,,-0.2,0.1,-0.1,-.124,,-12.5,-0.8,-13.3
4,0,32,569,79,148,.534,79,148,.534,0,0,,28,51,.549,35,62,97,9,7,10,65,89,186
4,1,32,17.8,2.5,4.6,.534,2.5,4.6,.534,0.0,0.0,,0.9,1.6,.549,3.0,0.3,0.2,0.3,2.0,2.8,5.8
4,2,32,569,5.6,10.4,.534,5.6,10.4,.534,0.0,0.0,,2.0,3.6,.549,6.8,0.6,0.5,0.7,4.6,6.3,13.1
4,3,32,569,8.3,15.6,.534,8.3,15.6,.534,0.0,0.0,,3.0,5.4,.549,10.2,0.9,0.7,1.1,6.8,9.4,19.6,,84.6,106.8
4,4,32,569,8.3,.540,.534,.000,.345,169,7.5,12.1,9.9,3.8,0.7,2.2,27.4,21.5,,-0.3,0.5,0.2,.012,,-7.3,-2.2,-9.6
5,0,32,814,95,220,.432,85,182,.467,10,38,.263,120,163,.736,41,105,146,53,18,9,66,53,320
5,1,32,25.4,3.0,6.9,.432,2.7,5.7,.467,0.3,1.2,.263,3.8,5.1,.736,4.6,1.7,0.6,0.3,2.1,1.7,10.0
5,2,32,814,4.7,10.8,.432,4.2,8.9,.467,0.5,1.9,.263,5.9,8.0,.736,7.2,2.6,0.9,0.4,3.2,2.6,15.7
5,3,32,814,7.0,16.2,.432,6.3,13.4,.467,0.7,2.8,.263,8.8,12.0,.736,10.8,3.9,1.3,0.7,4.9,3.9,23.6,,104.4,105.4
5,4,32,814,16.5,.538,.455,.173,.741,320,6.2,14.4,10.4,14.8,1.3,1.4,18.2,23.1,,1.3,0.8,2.1,.103,,-2.0,-1.3,-3.3
6,0,32,487,46,107,.430,10,25,.400,36,82,.439,24,44,.545,12,37,49,13,18,0,19,55,152
6,1,32,15.2,1.4,3.3,.430,0.3,0.8,.400,1.1,2.6,.439,0.8,1.4,.545,1.5,0.4,0.6,0.0,0.6,1.7,4.8
6,2,32,487,3.8,8.8,.430,0.8,2.1,.400,3.0,6.7,.439,2.0,3.6,.545,4.0,1.1,1.5,0.0,1.6,4.5,12.5
6,3,32,487,5.7,13.2,.430,1.2,3.1,.400,4.4,10.1,.439,3.0,5.4,.545,6.0,1.6,2.2,0.0,2.3,6.8,18.7,,114.0,106.4
6,4,32,487,12.5,.594,.598,.766,.411,133,3.0,8.5,5.9,5.8,2.2,0.0,12.9,15.6,,0.8,0.4,1.2,.102,,0.2,-2.6,-2.4
7,0,32,358,32,85,.376,3,6,.500,29,79,.367,21,27,.778,5,25,30,24,7,2,14,39,114
7,1,32,11.2,1.0,2.7,.376,0.1,0.2,.500,0.9,2.5,.367,0.7,0.8,.778,0.9,0.8,0.2,0.1,0.4,1.2,3.6
7,2,32,358,3.6,9.5,.376,0.3,0.7,.500,3.2,8.8,.367,2.3,3.0,.778,3.4,2.7,0.8,0.2,1.6,4.4,12.7
7,3,32,358,5.4,14.2,.376,0.5,1.0,.500,4.9,13.2,.367,3.5,4.5,.778,5.0,4.0,1.2,0.3,2.3,6.5,19.1,,118.9,108.9
7,4,32,358,12.8,.583,.547,.929,.318,108,1.7,7.8,4.9,14.3,1.2,0.7,12.5,16.1,,0.8,0.2,1.0,.111,,0.9,-3.8,-2.9
8,0,29,176,23,40,.575,23,40,.575,0,0,,15,26,.577,11,20,31,0,1,5,17,29,61
8,1,29,6.1,0.8,1.4,.575,0.8,1.4,.575,0.0,0.0,,0.5,0.9,.577,1.1,0.0,0.0,0.2,0.6,1.0,2.1
8,2,29,176,5.2,9.1,.575,5.2,9.1,.575,0.0,0.0,,3.4,5.9,.577,7.0,0.0,0.2,1.1,3.9,6.6,13.9
8,3,29,176,7.8,13.6,.575,7.8,13.6,.575,0.0,0.0,,5.1,8.9,.577,10.6,0.0,0.3,1.7,5.8,9.9,20.8,,93.2,106.8
8,4,29,176,10.6,.583,.575,.000,.650,54,7.6,12.6,10.3,0.0,0.3,3.5,24.5,20.3,,0.1,0.1,0.2,.046,,-8.0,-4.8,-12.8
9,0,25,630,67,159,.421,46,94,.489,21,65,.323,24,35,.686,7,51,58,31,11,0,45,21,179
9,1,25,25.2,2.7,6.4,.421,1.8,3.8,.489,0.8,2.6,.323,1.0,1.4,.686,2.3,1.2,0.4,0.0,1.8,0.8,7.2
9,2,25,630,4.3,10.1,.421,2.9,6.0,.489,1.3,4.1,.323,1.5,2.2,.686,3.7,2.0,0.7,0.0,2.9,1.3,11.4
9,3,25,630,6.4,15.1,.421,4.4,8.9,.489,2.0,6.2,.323,2.3,3.3,.686,5.5,3.0,1.0,0.0,4.3,2.0,17.0,,91.6,109.4
9,4,25,630,8.7,.510,.487,.409,.220,165,1.4,9.0,5.4,10.9,1.0,0.0,20.4,18.1,,0.1,0.4,0.5,.029,,-4.2,-2.8,-7.0
10,0,29,525,37,130,.285,8,25,.320,29,105,.276,12,17,.706,6,45,51,32,11,2,30,48,115
10,1,29,18.1,1.3,4.5,.285,0.3,0.9,.320,1.0,3.6,.276,0.4,0.6,.706,1.8,1.1,0.4,0.1,1.0,1.7,4.0
10,2,29,525,2.8,9.9,.285,0.6,1.9,.320,2.2,8.0,.276,0.9,1.3,.706,3.9,2.4,0.8,0.2,2.3,3.7,8.8
10,3,29,525,4.2,14.8,.285,0.9,2.9,.320,3.3,12.0,.276,1.4,1.9,.706,5.8,3.7,1.3,0.2,3.4,5.5,13.1,,84.6,108.0
10,4,29,525,5.1,.416,.396,.808,.131,115,1.4,9.5,5.7,12.5,1.3,0.5,17.8,16.5,,-0.2,0.4,0.2,.013,,-4.3,-2.6,-6.9
11,0,20,560,40,115,.348,31,84,.369,9,31,.290,44,55,.800,10,40,50,98,38,3,73,51,133
11,1,20,28.0,2.0,5.8,.348,1.6,4.2,.369,0.5,1.6,.290,2.2,2.8,.800,2.5,4.9,1.9,0.2,3.7,2.6,6.7
11,2,20,560,2.9,8.2,.348,2.2,6.0,.369,0.6,2.2,.290,3.1,3.9,.800,3.6,7.0,2.7,0.2,5.2,3.6,9.5
11,3,20,560,4.3,12.3,.348,3.3,9.0,.369,1.0,3.3,.290,4.7,5.9,.800,5.4,10.5,4.1,0.3,7.8,5.5,14.2,,85.0,102.3
11,4,20,560,10.8,.471,.387,.270,.478,171,2.2,7.9,5.2,36.0,4.1,0.7,34.1,19.7,,-0.3,0.7,0.4,.030,,-4.7,-0.8,-5.5
12,0,32,858,130,245,.531,130,238,.546,0,7,.000,48,73,.658,82,160,242,28,34,40,57,97,308
12,1,32,26.8,4.1,7.7,.531,4.1,7.4,.546,0.0,0.2,.000,1.5,2.3,.658,7.6,0.9,1.1,1.3,1.8,3.0,9.6
12,2,32,858,6.1,11.4,.531,6.1,11.1,.546,0.0,0.3,.000,2.2,3.4,.658,11.3,1.3,1.6,1.9,2.7,4.5,14.4
12,3,32,858,9.1,17.1,.531,9.1,16.6,.546,0.0,0.5,.000,3.4,5.1,.658,16.9,2.0,2.4,2.8,4.0,6.8,21.5,,105.5,97.6
12,4,32,858,20.1,.551,.531,.029,.298,301,11.7,20.7,16.4,8.0,2.4,5.8,16.9,20.3,,1.3,1.5,2.8,.129,,-2.1,2.7,0.6
13,0,5,19,1,5,.200,0,1,.000,1,4,.250,2,4,.500,0,5,5,0,1,0,1,2,5
13,1,5,3.8,0.2,1.0,.200,0.0,0.2,.000,0.2,0.8,.250,0.4,0.8,.500,1.0,0.0,0.2,0.0,0.2,0.4,1.0
13,2,5,19,2.1,10.5,.200,0.0,2.1,.000,2.1,8.4,.250,4.2,8.4,.500,10.5,0.0,2.1,0.0,2.1,4.2,10.5
13,3,5,19,3.2,15.8,.200,0.0,3.2,.000,3.2,12.6,.250,6.3,12.6,.500,15.8,0.0,3.2,0.0,3.2,6.3,15.8,,73.4,94.4
13,4,5,19,6.1,.362,.300,.800,.800,4,0.0,29.3,15.3,0.0,3.2,0.0,12.7,21.5,,0.0,0.0,0.0,.020,,-10.0,-6.1,-16.1
