0,0,30,513,33,82,.402,18,46,.391,15,36,.417,20,23,.870,12,45,57,68,17,1,38,55,101
0,1,30,17.1,1.1,2.7,.402,0.6,1.5,.391,0.5,1.2,.417,0.7,0.8,.870,1.9,2.3,0.6,0.0,1.3,1.8,3.4
0,2,30,513,2.6,6.4,.402,1.4,3.6,.391,1.2,2.8,.417,1.6,1.8,.870,4.4,5.3,1.3,0.1,3.0,4.3,7.9
0,3,30,513,3.6,8.9,.402,2.0,5.0,.391,1.6,3.9,.417,2.2,2.5,.870,6.2,7.4,1.8,0.1,4.1,6.0,11.0,,102.1,105.3
0,4,30,513,9.6,.543,.494,.439,.280,126,2.7,9.6,6.2,22.5,1.8,0.2,29.0,12.2,,0.4,0.5,0.9,.070,,-1.1,-1.5,-2.6
1,0,30,538,65,145,.448,55,117,.470,10,28,.357,51,86,.593,41,66,107,23,19,3,49,77,191
1,1,30,17.9,2.2,4.8,.448,1.8,3.9,.470,0.3,0.9,.357,1.7,2.9,.593,3.6,0.8,0.6,0.1,1.6,2.6,6.4
1,2,30,538,4.8,10.8,.448,4.1,8.7,.470,0.7,2.1,.357,3.8,6.4,.593,8.0,1.7,1.4,0.2,3.6,5.7,14.2
1,3,30,538,6.7,15.0,.448,5.7,12.1,.470,1.0,2.9,.357,5.3,8.9,.593,11.1,2.4,2.0,0.3,5.1,8.0,19.8,,95.7,103.0
1,4,30,538,11.9,.514,.483,.193,.593,189,8.6,13.4,11.1,8.0,2.0,0.6,20.9,20.8,,0.3,0.6,1.0,.071,,-2.1,-1.3,-3.3
2,0,29,612,53,141,.376,39,90,.433,14,51,.275,36,47,.766,20,43,63,64,48,8,45,67,156
2,1,29,21.1,1.8,4.9,.376,1.3,3.1,.433,0.5,1.8,.275,1.2,1.6,.766,2.2,2.2,1.7,0.3,1.6,2.3,5.4
2,2,29,612,3.5,9.2,.376,2.5,5.9,.433,0.9,3.3,.275,2.4,3.1,.766,4.1,4.2,3.1,0.5,2.9,4.4,10.2
2,3,29,612,4.8,12.8,.376,3.5,8.2,.433,1.3,4.6,.275,3.3,4.3,.766,5.7,5.8,4.4,0.7,4.1,6.1,14.2,,96.5,99.9
2,4,29,612,12.2,.478,.426,.362,.333,175,3.7,7.7,5.7,18.5,4.4,1.4,21.6,16.2,,0.3,0.9,1.2,.081,,-0.7,1.4,0.7
3,0,30,666,86,165,.521,82,140,.586,4,25,.160,49,72,.681,45,92,137,32,20,19,54,67,225
3,1,30,22.2,2.9,5.5,.521,2.7,4.7,.586,0.1,0.8,.160,1.6,2.4,.681,4.6,1.1,0.7,0.6,1.8,2.2,7.5
3,2,30,666,5.2,9.9,.521,4.9,8.4,.586,0.2,1.5,.160,2.9,4.3,.681,8.2,1.9,1.2,1.1,3.2,4.0,13.5
3,3,30,666,7.2,13.8,.521,6.9,11.7,.586,0.3,2.1,.160,4.1,6.0,.681,11.5,2.7,1.7,1.6,4.5,5.6,18.8,,102.3,102.1
3,4,30,666,14.7,.565,.533,.152,.436,220,7.7,15.1,11.5,9.2,1.7,3.0,21.3,18.1,,0.8,0.8,1.6,.095,,-0.9,0.8,-0.1
4,0,14,87,9,17,.529,5,6,.833,4,11,.364,5,6,.833,1,3,4,11,3,0,14,8,27
4,1,14,6.2,0.6,1.2,.529,0.4,0.4,.833,0.3,0.8,.364,0.4,0.4,.833,0.3,0.8,0.2,0.0,1.0,0.6,1.9
4,2,14,87,4.1,7.8,.529,2.3,2.8,.833,1.8,5.1,.364,2.3,2.8,.833,1.8,5.1,1.4,0.0,6.4,3.7,12.4
4,3,14,87,5.8,10.9,.529,3.2,3.8,.833,2.6,7.0,.364,3.2,3.8,.833,2.6,7.0,1.9,0.0,9.0,5.1,17.3,,89.8,107.8
4,4,14,87,8.8,.680,.647,.647,.353,28,1.3,3.8,2.6,23.0,1.9,0.0,41.4,18.5,,0.0,0.1,0.1,.029,,-2.6,-4.5,-7.0
5,0,30,754,102,246,.415,18,45,.400,84,201,.418,35,46,.761,12,53,65,55,18,6,45,45,323
5,1,30,25.1,3.4,8.2,.415,0.6,1.5,.400,2.8,6.7,.418,1.2,1.5,.761,2.2,1.8,0.6,0.2,1.5,1.5,10.8
5,2,30,754,5.4,13.1,.415,1.0,2.4,.400,4.5,10.7,.418,1.9,2.4,.761,3.4,2.9,1.0,0.3,2.4,2.4,17.1
5,3,30,754,7.5,18.2,.415,1.3,3.3,.400,6.2,14.8,.418,2.6,3.4,.761,4.8,4.1,1.3,0.4,3.3,3.3,23.9,,115.2,107.2
5,4,30,754,15.9,.603,.585,.817,.187,284,1.8,7.7,4.8,14.1,1.3,0.8,14.4,19.8,,1.7,0.6,2.3,.121,,4.1,-3.0,1.1
6,0,30,328,27,55,.491,26,52,.500,1,3,.333,18,28,.643,26,52,78,15,8,10,21,60,73
6,1,30,10.9,0.9,1.8,.491,0.9,1.7,.500,0.0,0.1,.333,0.6,0.9,.643,2.6,0.5,0.3,0.3,0.7,2.0,2.4
6,2,30,328,3.3,6.7,.491,3.2,6.3,.500,0.1,0.4,.333,2.2,3.4,.643,9.5,1.8,1.0,1.2,2.6,7.3,8.9
6,3,30,328,4.6,9.3,.491,4.4,8.8,.500,0.2,0.5,.333,3.1,4.8,.643,13.2,2.5,1.4,1.7,3.6,10.2,12.4,,101.2,101.2
6,4,30,328,10.6,.534,.500,.055,.509,81,9.0,17.4,13.2,8.0,1.4,3.3,23.5,13.0,,0.3,0.4,0.7,.084,,-2.4,1.1,-1.3
7,0,30,949,206,366,.563,205,358,.573,1,8,.125,119,164,.726,68,156,224,30,8,2,66,73,532
7,1,30,31.6,6.9,12.2,.563,6.8,11.9,.573,0.0,0.3,.125,4.0,5.5,.726,7.5,1.0,0.3,0.1,2.2,2.4,17.7
7,2,30,949,8.7,15.4,.563,8.6,15.1,.573,0.0,0.3,.125,5.0,6.9,.726,9.4,1.3,0.3,0.1,2.8,3.1,22.4
7,3,30,949,12.1,21.5,.563,12.0,21.0,.573,0.1,0.5,.125,7.0,9.6,.726,13.1,1.8,0.5,0.1,3.9,4.3,31.2,,115.7,105.1
7,4,30,949,22.1,.599,.564,.022,.448,469,8.1,18.0,13.1,7.3,0.5,0.2,12.9,25.6,,2.9,0.9,3.8,.160,,1.4,-3.2,-1.8
8,0,25,166,15,26,.577,15,26,.577,0,0,,0,1,.000,16,19,35,1,0,3,9,31,30
8,1,25,6.6,0.6,1.0,.577,0.6,1.0,.577,0.0,0.0,,0.0,0.0,.000,1.4,0.0,0.0,0.1,0.4,1.2,1.2
8,2,25,166,3.6,6.3,.577,3.6,6.3,.577,0.0,0.0,,0.0,0.2,.000,8.4,0.2,0.0,0.7,2.2,7.5,7.2
8,3,25,166,5.0,8.7,.577,5.0,8.7,.577,0.0,0.0,,0.0,0.3,.000,11.7,0.3,0.0,1.0,3.0,10.4,10.1,,98.8,106.8
8,4,25,166,6.6,.567,.577,.000,.038,31,10.9,12.5,11.7,1.1,0.0,1.9,25.4,10.2,,0.1,0.1,0.2,.051,,-3.3,-2.4,-5.7
9,0,30,933,151,352,.429,117,234,.500,34,118,.288,160,222,.721,56,127,183,139,93,6,92,86,496
9,1,30,31.1,5.0,11.7,.429,3.9,7.8,.500,1.1,3.9,.288,5.3,7.4,.721,6.1,4.6,3.1,0.2,3.1,2.9,16.5
9,2,30,933,6.5,15.1,.429,5.0,10.0,.500,1.5,5.1,.288,6.9,9.5,.721,7.8,6.0,4.0,0.3,3.9,3.7,21.3
9,3,30,933,9.0,21.0,.429,7.0,14.0,.500,2.0,7.0,.288,9.6,13.3,.721,10.9,8.3,5.6,0.4,5.5,5.1,29.6,,111.2,94.8
9,4,30,933,26.1,.542,.477,.335,.631,524,6.8,14.9,10.9,30.4,5.6,0.7,16.7,28.1,,2.8,1.8,4.6,.197,,5.8,2.8,8.6
10,0,6,15,2,5,.400,2,5,.400,0,0,,0,2,.000,3,0,3,2,1,0,1,3,4
10,1,6,2.5,0.3,0.8,.400,0.3,0.8,.400,0.0,0.0,,0.0,0.3,.000,0.5,0.3,0.2,0.0,0.2,0.5,0.7
10,2,6,15,5.3,13.3,.400,5.3,13.3,.400,0.0,0.0,,0.0,5.3,.000,8.0,5.3,2.7,0.0,2.7,8.0,10.7
10,3,6,15,7.4,18.6,.400,7.4,18.6,.400,0.0,0.0,,0.0,7.4,.000,11.1,7.4,3.7,0.0,3.7,11.1,14.9,,90.8,104.6
10,4,6,15,11.9,.336,.400,.000,.400,6,22.7,0.0,11.1,25.7,3.7,0.0,14.4,22.1,,0.0,0.0,0.0,.046,,0.3,-0.7,-0.4
11,0,29,379,34,104,.327,8,24,.333,26,80,.325,8,12,.667,10,43,53,18,8,2,15,22,102
11,1,29,13.1,1.2,3.6,.327,0.3,0.8,.333,0.9,2.8,.325,0.3,0.4,.667,1.8,0.6,0.3,0.1,0.5,0.8,3.5
11,2,29,379,3.6,11.0,.327,0.8,2.5,.333,2.7,8.4,.325,0.8,1.3,.667,5.6,1.9,0.8,0.2,1.6,2.3,10.8
11,3,29,379,5.0,15.3,.327,1.2,3.5,.333,3.8,11.8,.325,1.2,1.8,.667,7.8,2.6,1.2,0.3,2.2,3.2,15.0,,98.8,105.8
11,4,29,379,9.2,.465,.452,.769,.115,96,3.0,12.4,7.8,8.4,1.2,0.6,12.0,15.7,,0.2,0.3,0.6,.061,,-0.9,-2.4,-3.2
12,0,20,135,10,46,.217,4,11,.364,6,35,.171,1,2,.500,5,19,24,3,2,3,8,17,27
12,1,20,6.8,0.5,2.3,.217,0.2,0.6,.364,0.3,1.8,.171,0.1,0.1,.500,1.2,0.2,0.1,0.2,0.4,0.9,1.4
12,2,20,135,3.0,13.6,.217,1.2,3.3,.364,1.8,10.4,.171,0.3,0.6,.500,7.1,0.9,0.6,0.9,2.4,5.0,8.0
12,3,20,135,4.1,19.0,.217,1.7,4.5,.364,2.5,14.4,.171,0.4,0.8,.500,9.9,1.2,0.8,1.2,3.3,7.0,11.1,,64.1,104.0
12,4,20,135,0.3,.288,.283,.761,.043,27,4.2,15.4,9.9,3.8,0.8,2.4,14.6,19.4,,-0.3,0.1,-0.1,-.044,,-7.2,-2.9,-10.1
