0,0,29,890,150,325,.462,83,157,.529,67,168,.399,30,42,.714,16,77,93,47,39,8,53,74,397
0,1,29,30.7,5.2,11.2,.462,2.9,5.4,.529,2.3,5.8,.399,1.0,1.4,.714,3.2,1.6,1.3,0.3,1.8,2.6,13.7
0,2,29,890,6.7,14.6,.462,3.7,7.1,.529,3.0,7.6,.399,1.3,1.9,.714,4.2,2.1,1.8,0.4,2.4,3.3,17.8
0,3,29,890,9.5,20.6,.462,5.3,9.9,.529,4.2,10.6,.399,1.9,2.7,.714,5.9,3.0,2.5,0.5,3.4,4.7,25.2,,112.1,108.2
0,4,29,890,17.5,.575,.565,.517,.129,344,2.0,9.7,5.8,12.5,2.5,1.1,13.3,21.3,,2.0,0.5,2.5,.112,,2.9,-2.4,0.5
1,0,23,306,11,48,.229,7,26,.269,4,22,.182,8,12,.667,7,15,22,39,13,0,29,30,34
1,1,23,13.3,0.5,2.1,.229,0.3,1.1,.269,0.2,1.0,.182,0.3,0.5,.667,1.0,1.7,0.6,0.0,1.3,1.3,1.5
1,2,23,306,1.4,6.3,.229,0.9,3.4,.269,0.5,2.9,.182,1.0,1.6,.667,2.9,5.1,1.7,0.0,3.8,3.9,4.4
1,3,23,306,2.0,8.8,.229,1.3,4.8,.269,0.7,4.1,.182,1.5,2.2,.667,4.1,7.2,2.4,0.0,5.3,5.5,6.3,,68.7,110.5
1,4,23,306,2.7,.317,.271,.458,.250,52,2.5,5.5,4.0,23.0,2.4,0.0,35.1,12.9,,-0.4,0.1,-0.3,-.042,,-6.1,-3.1,-9.3
2,0,30,283,20,60,.333,17,53,.321,3,7,.429,28,51,.549,17,31,48,5,14,3,23,60,71
2,1,30,9.4,0.7,2.0,.333,0.6,1.8,.321,0.1,0.2,.429,0.9,1.7,.549,1.6,0.2,0.5,0.1,0.8,2.0,2.4
2,2,30,283,2.8,8.5,.333,2.4,7.5,.321,0.4,1.0,.429,4.0,7.2,.549,6.8,0.7,2.0,0.4,3.3,8.5,10.0
2,3,30,283,4.0,12.0,.333,3.4,10.6,.321,0.6,1.4,.429,5.6,10.2,.549,9.6,1.0,2.8,0.6,4.6,12.0,14.1,,81.1,105.5
2,4,30,283,5.7,.421,.358,.117,.850,71,6.6,12.2,9.4,3.4,2.8,1.3,21.5,18.0,,-0.2,0.2,0.0,.007,,-6.2,-1.9,-8.1
3,0,10,14,1,3,.333,1,1,1.000,0,2,.000,0,2,.000,1,1,2,0,1,0,0,0,2
3,1,10,1.4,0.1,0.3,.333,0.1,0.1,1.000,0.0,0.2,.000,0.0,0.2,.000,0.2,0.0,0.1,0.0,0.0,0.0,0.2
3,2,10,14,2.9,8.6,.333,2.9,2.9,1.000,0.0,5.7,.000,0.0,5.7,.000,5.7,0.0,2.9,0.0,0.0,0.0,5.7
3,3,10,14,4.0,12.1,.333,4.0,4.0,1.000,0.0,8.1,.000,0.0,8.1,.000,8.1,0.0,4.0,0.0,0.0,0.0,8.1,,68.6,106.5
3,4,10,14,6.7,.253,.333,.667,.667,2,7.8,8.0,7.9,0.0,4.0,0.0,0.0,13.4,,0.0,0.0,0.0,-.020,,-4.7,-4.2,-8.9
4,0,30,341,21,55,.382,21,55,.382,0,0,,19,40,.475,19,34,53,5,9,1,31,63,61
4,1,30,11.4,0.7,1.8,.382,0.7,1.8,.382,0.0,0.0,,0.6,1.3,.475,1.8,0.2,0.3,0.0,1.0,2.1,2.0
4,2,30,341,2.5,6.5,.382,2.5,6.5,.382,0.0,0.0,,2.2,4.7,.475,6.2,0.6,1.1,0.1,3.6,7.4,7.2
4,3,30,341,3.5,9.1,.382,3.5,9.1,.382,0.0,0.0,,3.1,6.6,.475,8.8,0.8,1.5,0.2,5.1,10.4,10.1,,70.4,109.5
4,4,30,341,1.7,.412,.382,.000,.727,63,6.1,11.1,8.6,2.8,1.5,0.4,29.5,14.7,,-0.5,0.1,-0.3,-.036,,-7.5,-2.6,-10.1
5,0,24,227,33,85,.388,28,68,.412,5,17,.294,23,35,.657,21,18,39,10,4,1,23,20,94
5,1,24,9.5,1.4,3.5,.388,1.2,2.8,.412,0.2,0.7,.294,1.0,1.5,.657,1.6,0.4,0.2,0.0,1.0,0.8,3.9
5,2,24,227,5.8,15.0,.388,4.9,12.0,.412,0.9,3.0,.294,4.1,6.2,.657,6.9,1.8,0.7,0.2,4.1,3.5,16.6
5,3,24,227,8.2,21.1,.388,7.0,16.9,.412,1.2,4.2,.294,5.7,8.7,.657,9.7,2.5,1.0,0.2,5.7,5.0,23.4,,91.7,112.1
5,4,24,227,11.8,.462,.418,.200,.412,93,10.1,8.9,9.5,9.9,1.0,0.5,18.5,26.1,,0.1,0.0,0.1,.022,,-3.6,-5.0,-8.6
6,0,10,20,1,5,.200,0,2,.000,1,3,.333,1,4,.250,1,3,4,0,0,0,0,2,4
6,1,10,2.0,0.1,0.5,.200,0.0,0.2,.000,0.1,0.3,.333,0.1,0.4,.250,0.4,0.0,0.0,0.0,0.0,0.2,0.4
6,2,10,20,2.0,10.0,.200,0.0,4.0,.000,2.0,6.0,.333,2.0,8.0,.250,8.0,0.0,0.0,0.0,0.0,4.0,8.0
6,3,10,20,2.8,14.1,.200,0.0,5.6,.000,2.8,8.5,.333,2.8,11.3,.250,11.3,0.0,0.0,0.0,0.0,5.6,11.3,,77.0,111.2
6,4,10,20,2.3,.290,.300,.600,.800,4,5.5,16.8,11.0,0.0,0.0,0.0,0.0,16.4,,0.0,0.0,0.0,-.022,,-7.3,-8.9,-16.2
7,0,4,90,9,20,.450,4,7,.571,5,13,.385,2,2,1.000,2,11,13,8,4,0,14,11,25
7,1,4,22.5,2.3,5.0,.450,1.0,1.8,.571,1.3,3.3,.385,0.5,0.5,1.000,3.3,2.0,1.0,0.0,3.5,2.8,6.3
7,2,4,90,4.0,8.9,.450,1.8,3.1,.571,2.2,5.8,.385,0.9,0.9,1.000,5.8,3.6,1.8,0.0,6.2,4.9,11.1
7,3,4,90,5.6,12.5,.450,2.5,4.4,.571,3.1,8.1,.385,1.3,1.3,1.000,8.1,5.0,2.5,0.0,8.8,6.9,15.7,,81.2,106.7
7,4,4,90,7.6,.597,.575,.650,.100,25,2.4,13.6,8.0,18.1,2.5,0.0,40.1,18.5,,-0.1,0.1,0.0,.000,,-3.7,-2.2,-5.9
8,0,30,728,130,243,.535,129,237,.544,1,6,.167,83,120,.692,79,156,235,29,12,16,72,90,344
8,1,30,24.3,4.3,8.1,.535,4.3,7.9,.544,0.0,0.2,.167,2.8,4.0,.692,7.8,1.0,0.4,0.5,2.4,3.0,11.5
8,2,30,728,7.1,13.4,.535,7.1,13.0,.544,0.1,0.3,.167,4.6,6.6,.692,12.9,1.6,0.7,0.9,4.0,4.9,18.9
8,3,30,728,10.1,18.8,.535,10.0,18.4,.544,0.1,0.5,.167,6.4,9.3,.692,18.2,2.2,0.9,1.2,5.6,7.0,26.6,,106.1,104.9
8,4,30,728,20.8,.573,.537,.025,.494,329,11.9,23.9,17.8,9.7,0.9,2.6,19.4,24.3,,1.5,0.6,2.1,.118,,-0.6,-1.8,-2.4
9,0,26,216,6,35,.171,2,10,.200,4,25,.160,6,8,.750,7,13,20,10,6,0,10,31,22
9,1,26,8.3,0.2,1.3,.171,0.1,0.4,.200,0.2,1.0,.160,0.2,0.3,.750,0.8,0.4,0.2,0.0,0.4,1.2,0.8
9,2,26,216,1.1,6.5,.171,0.4,1.9,.200,0.7,4.6,.160,1.1,1.5,.750,3.7,1.9,1.1,0.0,1.9,5.7,4.1
9,3,26,216,1.6,9.1,.171,0.5,2.6,.200,1.0,6.5,.160,1.6,2.1,.750,5.2,2.6,1.6,0.0,2.6,8.1,5.7,,69.0,111.5
9,4,26,216,0.4,.284,.229,.714,.229,27,3.5,6.7,5.1,8.2,1.6,0.0,20.5,10.8,,-0.2,0.0,-0.2,-.031,,-5.2,-2.8,-8.0
10,0,29,517,52,154,.338,26,67,.388,26,87,.299,30,47,.638,9,42,51,36,26,0,51,45,160
10,1,29,17.8,1.8,5.3,.338,0.9,2.3,.388,0.9,3.0,.299,1.0,1.6,.638,1.8,1.2,0.9,0.0,1.8,1.6,5.5
10,2,29,517,4.0,11.9,.338,2.0,5.2,.388,2.0,6.7,.299,2.3,3.6,.638,3.9,2.8,2.0,0.0,3.9,3.5,12.4
10,3,29,517,5.7,16.8,.338,2.8,7.3,.388,2.8,9.5,.299,3.3,5.1,.638,5.6,3.9,2.8,0.0,5.6,4.9,17.5,,84.9,108.1
10,4,29,517,8.1,.454,.422,.565,.305,156,1.9,9.1,5.4,14.2,2.8,0.0,22.4,20.9,,-0.2,0.3,0.1,.008,,-3.1,-3.0,-6.1
11,0,30,870,93,182,.511,82,148,.554,11,34,.324,53,106,.500,85,125,210,83,41,6,76,102,250
11,1,30,29.0,3.1,6.1,.511,2.7,4.9,.554,0.4,1.1,.324,1.8,3.5,.500,7.0,2.8,1.4,0.2,2.5,3.4,8.3
11,2,30,870,4.3,8.4,.511,3.8,6.8,.554,0.5,1.6,.324,2.4,4.9,.500,9.7,3.8,1.9,0.3,3.5,4.7,11.5
11,3,30,870,6.0,11.8,.511,5.3,9.6,.554,0.7,2.2,.324,3.4,6.9,.500,13.6,5.4,2.7,0.4,4.9,6.6,16.2,,101.6,105.1
11,4,30,870,15.7,.538,.541,.187,.582,286,10.7,16.0,13.3,19.7,2.7,0.8,24.6,16.9,,1.0,0.7,1.8,.081,,0.9,0.4,1.3
12,0,25,601,80,188,.426,80,187,.428,0,1,.000,118,175,.674,46,74,120,19,17,6,51,68,278
12,1,25,24.0,3.2,7.5,.426,3.2,7.5,.428,0.0,0.0,.000,4.7,7.0,.674,4.8,0.8,0.7,0.2,2.0,2.7,11.1
12,2,25,601,5.3,12.5,.426,5.3,12.4,.428,0.0,0.1,.000,7.9,11.6,.674,8.0,1.3,1.1,0.4,3.4,4.5,18.5
12,3,25,601,7.5,17.6,.426,7.5,17.5,.428,0.0,0.1,.000,11.1,16.4,.674,11.3,1.8,1.6,0.6,4.8,6.4,26.1,,102.6,108.3
12,4,25,601,16.6,.513,.426,.005,.931,267,8.4,13.8,11.0,6.9,1.6,1.2,15.8,25.5,,1.0,0.3,1.3,.089,,-2.5,-3.3,-5.8
13,0,30,972,110,287,.383,78,175,.446,32,112,.286,85,107,.794,44,97,141,54,23,11,66,61,337
13,1,30,32.4,3.7,9.6,.383,2.6,5.8,.446,1.1,3.7,.286,2.8,3.6,.794,4.7,1.8,0.8,0.4,2.2,2.0,11.2
13,2,30,972,4.5,11.8,.383,3.2,7.2,.446,1.3,4.6,.286,3.5,4.4,.794,5.8,2.2,0.9,0.5,2.7,2.5,13.9
13,3,30,972,6.4,16.7,.383,4.5,10.2,.446,1.9,6.5,.286,4.9,6.2,.794,8.2,3.1,1.3,0.6,3.8,3.5,19.6,,101.5,110.2
13,4,30,972,12.9,.499,.439,.390,.373,330,4.9,11.1,8.0,11.6,1.3,1.4,16.3,19.8,,1.2,0.3,1.5,.062,,-0.6,-2.2,-2.8
