0,0,31,785,96,267,.360,48,113,.425,48,154,.312,26,38,.684,14,92,106,58,34,4,33,56,266
0,1,31,25.3,3.1,8.6,.360,1.5,3.6,.425,1.5,5.0,.312,0.8,1.2,.684,3.4,1.9,1.1,0.1,1.1,1.8,8.6
0,2,31,785,4.9,13.6,.360,2.4,5.8,.425,2.4,7.8,.312,1.3,1.9,.684,5.4,3.0,1.7,0.2,1.7,2.9,13.6
0,3,31,785,6.9,19.1,.360,3.4,8.1,.425,3.4,11.0,.312,1.9,2.7,.684,7.6,4.2,2.4,0.3,2.4,4.0,19.1,,99.8,103.2
0,4,31,785,13.1,.467,.449,.577,.142,255,1.9,13.0,7.4,14.4,2.4,0.5,10.4,19.5,,0.8,0.8,1.6,.082,,0.1,-1.0,-0.9
1,0,31,884,90,231,.390,55,125,.440,35,106,.330,35,49,.714,32,80,112,68,25,2,52,66,250
1,1,31,28.5,2.9,7.5,.390,1.8,4.0,.440,1.1,3.4,.330,1.1,1.6,.714,3.6,2.2,0.8,0.1,1.7,2.1,8.1
1,2,31,884,4.1,10.5,.390,2.5,5.7,.440,1.6,4.8,.330,1.6,2.2,.714,5.1,3.1,1.1,0.1,2.4,3.0,11.3
1,3,31,884,5.7,14.7,.390,3.5,8.0,.440,2.2,6.7,.330,2.2,3.1,.714,7.1,4.3,1.6,0.1,3.3,4.2,15.9,,99.0,106.5
1,4,31,884,10.9,.492,.465,.459,.212,257,3.9,10.0,6.9,14.4,1.6,0.2,17.0,16.7,,0.7,0.7,1.4,.063,,-0.5,-1.2,-1.7
2,0,13,363,55,141,.390,26,60,.433,29,81,.358,7,18,.389,15,28,43,16,21,5,29,30,146
2,1,13,27.9,4.2,10.8,.390,2.0,4.6,.433,2.2,6.2,.358,0.5,1.4,.389,3.3,1.2,1.6,0.4,2.2,2.3,11.2
2,2,13,363,6.1,15.5,.390,2.9,6.6,.433,3.2,8.9,.358,0.8,2.0,.389,4.7,1.8,2.3,0.6,3.2,3.3,16.1
2,3,13,363,8.5,21.8,.390,4.0,9.3,.433,4.5,12.6,.358,1.1,2.8,.389,6.7,2.5,3.3,0.8,4.5,4.6,22.6,,91.1,102.9
2,4,13,363,13.1,.488,.493,.574,.128,130,4.4,8.6,6.5,9.1,3.3,1.5,16.2,23.7,,0.1,0.4,0.5,.054,,-0.2,-0.7,-0.9
3,0,19,639,99,205,.483,28,70,.400,71,135,.526,42,53,.792,11,50,61,31,9,3,40,36,311
3,1,19,33.6,5.2,10.8,.483,1.5,3.7,.400,3.7,7.1,.526,2.2,2.8,.792,3.2,1.6,0.5,0.2,2.1,1.9,16.4
3,2,19,639,6.2,12.8,.483,1.8,4.4,.400,4.4,8.5,.526,2.6,3.3,.792,3.8,1.9,0.6,0.2,2.5,2.3,19.5
3,3,19,639,8.7,18.0,.483,2.5,6.2,.400,6.2,11.9,.526,3.7,4.7,.792,5.4,2.7,0.8,0.3,3.5,3.2,27.4,,121.1,108.9
3,4,19,639,18.7,.676,.656,.659,.259,257,1.8,8.7,5.2,10.1,0.8,0.5,14.8,20.3,,1.9,0.3,2.2,.139,,5.0,-3.1,1.9
4,0,3,3,0,0,,0,0,,0,0,,0,0,,0,0,0,0,0,0,0,0,0
4,1,3,1.0,0.0,0.0,,0.0,0.0,,0.0,0.0,,0.0,0.0,,0.0,0.0,0.0,0.0,0.0,0.0,0.0
4,2,3,3,0.0,0.0,,0.0,0.0,,0.0,0.0,,0.0,0.0,,0.0,0.0,0.0,0.0,0.0,0.0,0.0
4,3,3,3,0.0,0.0,,0.0,0.0,,0.0,0.0,,0.0,0.0,,0.0,0.0,0.0,0.0,0.0,0.0,0.0,,,115.1
4,4,3,3,0.0,,,,,0,0.0,0.0,0.0,0.0,0.0,0.0,,0.0,,0.0,0.0,0.0,-.003,,-5.4,-0.6,-6.0
5,0,31,775,102,172,.593,102,171,.596,0,1,.000,40,78,.513,69,159,228,48,25,49,64,106,244
5,1,31,25.0,3.3,5.5,.593,3.3,5.5,.596,0.0,0.0,.000,1.3,2.5,.513,7.4,1.5,0.8,1.6,2.1,3.4,7.9
5,2,31,775,5.3,8.9,.593,5.3,8.8,.596,0.0,0.1,.000,2.1,4.0,.513,11.8,2.5,1.3,2.5,3.3,5.5,12.6
5,3,31,775,7.4,12.5,.593,7.4,12.4,.596,0.0,0.1,.000,2.9,5.7,.513,16.5,3.5,1.8,3.6,4.6,7.7,17.7,,103.4,97.0
5,4,31,775,18.2,.584,.593,.006,.453,253,9.5,22.8,16.0,12.3,1.8,6.7,23.4,16.9,,1.0,1.3,2.3,.117,,-1.0,4.4,3.4
6,0,7,12,0,1,.000,0,0,,0,1,.000,0,0,,0,0,0,0,0,0,2,0,0
6,1,7,1.7,0.0,0.1,.000,0.0,0.0,,0.0,0.1,.000,0.0,0.0,,0.0,0.0,0.0,0.0,0.3,0.0,0.0
6,2,7,12,0.0,3.3,.000,0.0,0.0,,0.0,3.3,.000,0.0,0.0,,0.0,0.0,0.0,0.0,6.7,0.0,0.0
6,3,7,12,0.0,4.7,.000,0.0,0.0,,0.0,4.7,.000,0.0,0.0,,0.0,0.0,0.0,0.0,9.4,0.0,0.0,,0.0,115.1
6,4,7,12,-13.2,.000,.000,1.000,.000,0,0.0,0.0,0.0,0.0,0.0,0.0,66.7,12.0,,-0.1,0.0,-0.1,-.221,,-14.2,-2.2,-16.3
7,0,18,129,14,36,.389,5,15,.333,9,21,.429,13,24,.542,3,15,18,8,3,0,8,13,50
7,1,18,7.2,0.8,2.0,.389,0.3,0.8,.333,0.5,1.2,.429,0.7,1.3,.542,1.0,0.4,0.2,0.0,0.4,0.7,2.8
7,2,18,129,4.3,11.2,.389,1.6,4.7,.333,2.8,6.5,.429,4.0,7.4,.542,5.6,2.5,0.9,0.0,2.5,4.0,15.5
7,3,18,129,6.1,15.7,.389,2.2,6.5,.333,3.9,9.2,.429,5.7,10.5,.542,7.8,3.5,1.3,0.0,3.5,5.7,21.8,,103.4,105.8
7,4,18,129,13.0,.527,.514,.583,.667,47,2.5,12.9,7.6,11.7,1.3,0.0,14.4,20.7,,0.2,0.1,0.3,.089,,-0.3,-3.5,-3.8
8,0,29,644,59,130,.454,56,117,.479,3,13,.231,29,58,.500,31,38,69,98,32,5,71,46,150
8,1,29,22.2,2.0,4.5,.454,1.9,4.0,.479,0.1,0.4,.231,1.0,2.0,.500,2.4,3.4,1.1,0.2,2.4,1.6,5.2
8,2,29,644,3.7,8.1,.454,3.5,7.3,.479,0.2,0.8,.231,1.8,3.6,.500,4.3,6.1,2.0,0.3,4.4,2.9,9.3
8,3,29,644,5.2,11.4,.454,4.9,10.2,.479,0.3,1.1,.231,2.5,5.1,.500,6.0,8.6,2.8,0.4,6.2,4.0,13.1,,88.9,105.1
8,4,29,644,10.9,.476,.465,.100,.446,194,5.1,6.5,5.8,27.9,2.8,0.8,31.1,17.1,,0.0,0.6,0.6,.035,,-2.9,-0.5,-3.5
9,0,31,573,98,209,.469,98,209,.469,0,0,,111,175,.634,61,76,137,10,10,6,42,73,307
9,1,31,18.5,3.2,6.7,.469,3.2,6.7,.469,0.0,0.0,,3.6,5.6,.634,4.4,0.3,0.3,0.2,1.4,2.4,9.9
9,2,31,573,6.8,14.6,.469,6.8,14.6,.469,0.0,0.0,,7.7,12.2,.634,9.6,0.7,0.7,0.4,2.9,5.1,21.4
9,3,31,573,9.6,20.5,.469,9.6,20.5,.469,0.0,0.0,,10.9,17.2,.634,13.4,1.0,1.0,0.6,4.1,7.2,30.1,,106.1,105.1
9,4,31,573,19.4,.525,.469,.000,.837,290,11.4,14.7,13.0,3.7,1.0,1.1,12.6,28.0,,1.3,0.5,1.8,.126,,-2.1,-4.3,-6.3
10,0,31,609,61,136,.449,31,62,.500,30,74,.405,31,44,.705,20,54,74,30,25,3,34,30,183
10,1,31,19.6,2.0,4.4,.449,1.0,2.0,.500,1.0,2.4,.405,1.0,1.4,.705,2.4,1.0,0.8,0.1,1.1,1.0,5.9
10,2,31,609,4.0,8.9,.449,2.0,4.1,.500,2.0,4.9,.405,2.0,2.9,.705,4.9,2.0,1.6,0.2,2.2,2.0,12.0
10,3,31,609,5.6,12.6,.449,2.9,5.7,.500,2.8,6.8,.405,2.9,4.1,.705,6.8,2.8,2.3,0.3,3.1,2.8,16.9,,107.9,105.0
10,4,31,609,13.4,.583,.559,.544,.324,171,3.5,9.8,6.6,9.2,2.3,0.5,17.8,15.1,,0.8,0.6,1.4,.090,,0.6,-0.8,-0.2
11,0,24,293,42,100,.420,42,99,.424,0,1,.000,15,24,.625,29,46,75,3,6,5,22,32,99
11,1,24,12.2,1.8,4.2,.420,1.8,4.1,.424,0.0,0.0,.000,0.6,1.0,.625,3.1,0.1,0.3,0.2,0.9,1.3,4.1
11,2,24,293,5.7,13.7,.420,5.7,13.5,.424,0.0,0.1,.000,2.0,3.3,.625,10.2,0.4,0.8,0.7,3.0,4.4,13.5
11,3,24,293,8.1,19.2,.420,8.1,19.0,.424,0.0,0.2,.000,2.9,4.6,.625,14.4,0.6,1.2,1.0,4.2,6.1,19.0,,87.5,103.3
11,4,24,293,11.1,.444,.420,.010,.240,96,10.6,17.4,13.9,2.1,1.2,1.8,16.5,21.9,,0.0,0.3,0.3,.037,,-6.4,-3.0,-9.4
12,0,26,591,86,224,.384,76,174,.437,10,50,.200,54,73,.740,21,53,74,68,35,1,66,48,236
12,1,26,22.7,3.3,8.6,.384,2.9,6.7,.437,0.4,1.9,.200,2.1,2.8,.740,2.8,2.6,1.3,0.0,2.5,1.8,9.1
12,2,26,591,5.8,15.2,.384,5.1,11.8,.437,0.7,3.4,.200,3.7,4.9,.740,5.0,4.6,2.4,0.1,4.5,3.2,16.0
12,3,26,591,8.2,21.3,.384,7.2,16.6,.437,1.0,4.8,.200,5.1,6.9,.740,7.0,6.5,3.3,0.1,6.3,4.6,22.5,,89.2,102.6
12,4,26,591,13.3,.456,.406,.223,.326,247,3.8,9.9,6.8,23.4,3.3,0.2,20.3,26.4,,0.0,0.7,0.7,.047,,-2.5,-0.8,-3.3
