0,0,33,259,12,37,.324,9,16,.563,3,21,.143,15,24,.625,3,12,15,27,5,0,19,27,42
0,1,33,7.8,0.4,1.1,.324,0.3,0.5,.563,0.1,0.6,.143,0.5,0.7,.625,0.5,0.8,0.2,0.0,0.6,0.8,1.3
0,2,33,259,1.9,5.7,.324,1.4,2.5,.563,0.5,3.2,.143,2.3,3.7,.625,2.3,4.2,0.8,0.0,2.9,4.2,6.5
0,3,33,259,2.8,8.7,.324,2.1,3.8,.563,0.7,4.9,.143,3.5,5.6,.625,3.5,6.3,1.2,0.0,4.5,6.3,9.9,,85.0,108.6
0,4,33,259,4.5,.434,.365,.568,.649,52,1.3,5.4,3.3,19.8,1.2,0.0,28.2,13.5,,-0.1,0.2,0.1,.013,,-4.0,-1.8,-5.8
1,0,33,1073,195,449,.434,133,274,.485,62,175,.354,83,114,.728,21,110,131,119,61,5,88,65,535
1,1,33,32.5,5.9,13.6,.434,4.0,8.3,.485,1.9,5.3,.354,2.5,3.5,.728,4.0,3.6,1.8,0.2,2.7,2.0,16.2
1,2,33,1073,7.3,16.7,.434,5.0,10.2,.485,2.3,6.5,.354,3.1,4.2,.728,4.9,4.4,2.3,0.2,3.3,2.4,19.9
1,3,33,1073,11.1,25.4,.434,7.5,15.5,.485,3.5,9.9,.354,4.7,6.5,.728,7.4,6.7,3.5,0.3,5.0,3.7,30.3,,106.3,100.3
1,4,33,1073,21.5,.532,.503,.390,.254,520,2.2,11.9,7.0,28.4,3.5,0.6,14.9,28.7,,2.4,1.6,3.9,.147,,4.5,1.4,5.9
2,0,25,423,53,113,.469,35,67,.522,18,46,.391,35,50,.700,16,51,67,12,15,4,28,54,159
2,1,25,16.9,2.1,4.5,.469,1.4,2.7,.522,0.7,1.8,.391,1.4,2.0,.700,2.7,0.5,0.6,0.2,1.1,2.2,6.4
2,2,25,423,5.0,10.7,.469,3.3,6.3,.522,1.7,4.3,.391,3.3,4.7,.700,6.3,1.1,1.4,0.4,2.6,5.1,15.0
2,3,25,423,7.6,16.2,.469,5.0,9.6,.522,2.6,6.6,.391,5.0,7.2,.700,9.6,1.7,2.2,0.6,4.0,7.8,22.9,,106.8,101.6
2,4,25,423,15.2,.581,.549,.407,.442,142,4.3,14.0,9.1,6.3,2.2,1.1,17.0,20.3,,0.7,0.6,1.2,.116,,0.3,0.3,0.6
3,0,33,807,73,181,.403,46,105,.438,27,76,.355,58,72,.806,25,72,97,61,34,1,53,53,231
3,1,33,24.5,2.2,5.5,.403,1.4,3.2,.438,0.8,2.3,.355,1.8,2.2,.806,2.9,1.8,1.0,0.0,1.6,1.6,7.0
3,2,33,807,3.6,9.0,.403,2.3,5.2,.438,1.3,3.8,.355,2.9,3.6,.806,4.8,3.0,1.7,0.0,2.6,2.6,11.4
3,3,33,807,5.5,13.6,.403,3.5,7.9,.438,2.0,5.7,.355,4.4,5.4,.806,7.3,4.6,2.6,0.1,4.0,4.0,17.4,,103.8,103.2
3,4,33,807,13.3,.537,.478,.420,.398,238,3.6,10.3,6.9,15.7,2.6,0.1,19.8,17.3,,0.9,1.0,1.9,.094,,0.6,1.2,1.7
4,0,31,716,87,248,.351,54,148,.365,33,100,.330,51,59,.864,26,91,117,36,24,4,51,59,258
4,1,31,23.1,2.8,8.0,.351,1.7,4.8,.365,1.1,3.2,.330,1.6,1.9,.864,3.8,1.2,0.8,0.1,1.6,1.9,8.3
4,2,31,716,4.9,13.9,.351,3.0,8.3,.365,1.8,5.6,.330,2.8,3.3,.864,6.5,2.0,1.3,0.2,2.8,3.3,14.4
4,3,31,716,7.4,21.1,.351,4.6,12.6,.365,2.8,8.5,.330,4.3,5.0,.864,9.9,3.1,2.0,0.3,4.3,5.0,21.9,,94.0,102.0
4,4,31,716,12.3,.467,.417,.403,.238,248,4.2,14.7,9.4,11.2,2.0,0.7,15.6,23.8,,0.3,0.9,1.3,.070,,-1.7,0.2,-1.5
5,0,33,760,66,170,.388,11,19,.579,55,151,.364,10,13,.769,5,42,47,23,15,0,14,64,197
5,1,33,23.0,2.0,5.2,.388,0.3,0.6,.579,1.7,4.6,.364,0.3,0.4,.769,1.4,0.7,0.5,0.0,0.4,1.9,6.0
5,2,33,760,3.5,8.9,.388,0.6,1.0,.579,2.9,7.9,.364,0.5,0.7,.769,2.5,1.2,0.8,0.0,0.7,3.4,10.4
5,3,33,760,5.3,13.6,.388,0.9,1.5,.579,4.4,12.1,.364,0.8,1.0,.769,3.8,1.8,1.2,0.0,1.1,5.1,15.8,,116.9,108.1
5,4,33,760,9.7,.559,.550,.888,.076,170,0.8,6.4,3.6,6.2,1.2,0.0,7.4,13.0,,1.2,0.5,1.7,.090,,1.9,-0.9,1.0
6,0,11,21,1,5,.200,1,5,.200,0,0,,2,4,.500,1,2,3,0,0,0,3,1,4
6,1,11,1.9,0.1,0.5,.200,0.1,0.5,.200,0.0,0.0,,0.2,0.4,.500,0.3,0.0,0.0,0.0,0.3,0.1,0.4
6,2,11,21,1.9,9.5,.200,1.9,9.5,.200,0.0,0.0,,3.8,7.6,.500,5.7,0.0,0.0,0.0,5.7,1.9,7.6
6,3,11,21,2.9,14.5,.200,2.9,14.5,.200,0.0,0.0,,5.8,11.6,.500,8.7,0.0,0.0,0.0,8.7,2.9,11.6,,49.5,108.8
6,4,11,21,-6.1,.290,.200,.000,.800,4,5.5,11.0,8.2,0.0,0.0,0.0,30.3,24.5,,-0.1,0.0,-0.1,-.161,,-16.0,-5.0,-21.0
7,0,32,463,41,69,.594,41,69,.594,0,0,,11,28,.393,26,55,81,10,9,20,23,61,93
7,1,32,14.5,1.3,2.2,.594,1.3,2.2,.594,0.0,0.0,,0.3,0.9,.393,2.5,0.3,0.3,0.6,0.7,1.9,2.9
7,2,32,463,3.5,6.0,.594,3.5,6.0,.594,0.0,0.0,,1.0,2.4,.393,7.0,0.9,0.8,1.7,2.0,5.3,8.0
7,3,32,463,5.4,9.1,.594,5.4,9.1,.594,0.0,0.0,,1.4,3.7,.393,10.6,1.3,1.2,2.6,3.0,8.0,12.2,,99.7,102.2
7,4,32,463,10.8,.565,.594,.000,.406,91,6.5,13.8,10.1,4.5,1.2,5.1,21.8,11.8,,0.3,0.6,0.9,.074,,-2.8,3.5,0.8
8,0,12,26,2,5,.400,1,3,.333,1,2,.500,0,2,.000,1,2,3,0,2,0,3,3,5
8,1,12,2.2,0.2,0.4,.400,0.1,0.3,.333,0.1,0.2,.500,0.0,0.2,.000,0.3,0.0,0.2,0.0,0.3,0.3,0.4
8,2,12,26,3.1,7.7,.400,1.5,4.6,.333,1.5,3.1,.500,0.0,3.1,.000,4.6,0.0,3.1,0.0,4.6,4.6,7.7
8,3,12,26,4.7,11.7,.400,2.3,7.0,.333,2.3,4.7,.500,0.0,4.7,.000,7.0,0.0,4.7,0.0,7.0,7.0,11.7,,58.6,99.0
8,4,12,26,2.5,.420,.500,.400,.400,4,4.4,8.9,6.7,0.0,4.7,0.0,33.5,17.9,,-0.1,0.0,0.0,-.044,,-7.9,0.4,-7.5
9,0,29,370,28,94,.298,16,51,.314,12,43,.279,32,41,.780,11,32,43,11,17,6,35,41,100
9,1,29,12.8,1.0,3.2,.298,0.6,1.8,.314,0.4,1.5,.279,1.1,1.4,.780,1.5,0.4,0.6,0.2,1.2,1.4,3.4
9,2,29,370,3.0,10.2,.298,1.7,5.5,.314,1.3,4.6,.279,3.5,4.4,.780,4.6,1.2,1.8,0.6,3.8,4.4,10.8
9,3,29,370,4.6,15.4,.298,2.6,8.4,.314,2.0,7.1,.279,5.3,6.7,.780,7.1,1.8,2.8,1.0,5.8,6.7,16.4,,79.7,101.9
9,4,29,370,6.6,.441,.362,.457,.436,97,3.4,10.0,6.7,6.0,2.8,1.9,23.6,20.9,,-0.4,0.5,0.1,.013,,-4.8,1.2,-3.6
10,0,33,881,135,267,.506,129,246,.524,6,21,.286,80,128,.625,95,149,244,40,17,23,69,91,356
10,1,33,26.7,4.1,8.1,.506,3.9,7.5,.524,0.2,0.6,.286,2.4,3.9,.625,7.4,1.2,0.5,0.7,2.1,2.8,10.8
10,2,33,881,6.1,12.1,.506,5.9,11.2,.524,0.3,1.0,.286,3.6,5.8,.625,11.1,1.8,0.8,1.0,3.1,4.1,16.2
10,3,33,881,9.3,18.4,.506,8.9,17.0,.524,0.4,1.4,.286,5.5,8.8,.625,16.8,2.8,1.2,1.6,4.8,6.3,24.6,,105.8,100.4
10,4,33,881,19.8,.543,.517,.079,.479,361,12.4,19.6,16.0,10.8,1.2,3.1,17.4,23.4,,1.6,1.3,2.9,.131,,0.5,2.1,2.5
11,0,32,415,30,93,.323,17,56,.304,13,37,.351,20,28,.714,35,43,78,14,8,4,25,44,93
11,1,32,13.0,0.9,2.9,.323,0.5,1.8,.304,0.4,1.2,.351,0.6,0.9,.714,2.4,0.4,0.3,0.1,0.8,1.4,2.9
11,2,32,415,2.9,9.0,.323,1.6,5.4,.304,1.3,3.6,.351,1.9,2.7,.714,7.5,1.3,0.8,0.4,2.4,4.2,9.0
11,3,32,415,4.4,13.6,.323,2.5,8.2,.304,1.9,5.4,.351,2.9,4.1,.714,11.4,2.1,1.2,0.6,3.7,6.4,13.6,,91.8,104.9
11,4,32,415,8.4,.437,.392,.398,.301,103,9.7,12.0,10.8,6.7,1.2,1.1,19.0,16.5,,0.1,0.4,0.5,.047,,-2.5,0.2,-2.3
12,0,33,435,38,78,.487,38,78,.487,0,0,,39,75,.520,39,48,87,16,9,11,30,72,115
12,1,33,13.2,1.2,2.4,.487,1.2,2.4,.487,0.0,0.0,,1.2,2.3,.520,2.6,0.5,0.3,0.3,0.9,2.2,3.5
12,2,33,435,3.5,7.2,.487,3.5,7.2,.487,0.0,0.0,,3.6,6.9,.520,8.0,1.5,0.8,1.0,2.8,6.6,10.6
12,3,33,435,5.3,10.9,.487,5.3,10.9,.487,0.0,0.0,,5.5,10.5,.520,12.2,2.2,1.3,1.5,4.2,10.1,16.1,,97.8,103.2
12,4,33,435,11.4,.506,.487,.000,.962,125,10.3,12.8,11.5,7.6,1.3,3.0,20.9,17.2,,0.3,0.5,0.8,.075,,-2.6,1.8,-0.7
