0,0,8,14,3,9,.333,3,4,.750,0,5,.000,0,0,,1,4,5,0,1,0,1,3,6
0,1,8,1.8,0.4,1.1,.333,0.4,0.5,.750,0.0,0.6,.000,0.0,0.0,,0.6,0.0,0.1,0.0,0.1,0.4,0.8
0,2,8,14,8.6,25.7,.333,8.6,11.4,.750,0.0,14.3,.000,0.0,0.0,,14.3,0.0,2.9,0.0,2.9,8.6,17.1
0,3,8,14,11.5,34.4,.333,11.5,15.3,.750,0.0,19.1,.000,0.0,0.0,,19.1,0.0,3.8,0.0,3.8,11.5,22.9,,71.8,92.9
0,4,8,14,7.8,.333,.333,.556,.000,5,8.4,28.5,19.3,0.0,3.8,0.0,10.0,33.1,,0.0,0.0,0.0,-.013,,-10.4,-8.7,-19.0
1,0,33,893,206,370,.557,185,320,.578,21,50,.420,140,190,.737,80,228,308,26,16,21,70,97,573
1,1,33,27.1,6.2,11.2,.557,5.6,9.7,.578,0.6,1.5,.420,4.2,5.8,.737,9.3,0.8,0.5,0.6,2.1,2.9,17.4
1,2,33,893,9.2,16.6,.557,8.3,14.3,.578,0.9,2.2,.420,6.3,8.5,.737,13.8,1.2,0.7,0.9,3.1,4.3,25.7
1,3,33,893,12.3,22.2,.557,11.1,19.2,.578,1.3,3.0,.420,8.4,11.4,.737,18.5,1.6,1.0,1.3,4.2,5.8,34.3,,120.2,99.9
1,4,33,893,27.5,.622,.585,.135,.514,511,10.6,25.5,18.6,6.6,1.0,1.9,13.2,27.5,,3.5,1.3,4.7,.212,,2.9,-2.1,0.8
2,0,34,1172,91,203,.448,39,75,.520,52,128,.406,92,112,.821,13,74,87,249,31,0,132,23,326
2,1,34,34.5,2.7,6.0,.448,1.1,2.2,.520,1.5,3.8,.406,2.7,3.3,.821,2.6,7.3,0.9,0.0,3.9,0.7,9.6
2,2,34,1172,3.1,6.9,.448,1.3,2.6,.520,1.8,4.4,.406,3.1,3.8,.821,3.0,8.5,1.1,0.0,4.5,0.8,11.1
2,3,34,1172,4.2,9.3,.448,1.8,3.4,.520,2.4,5.8,.406,4.2,5.1,.821,4.0,11.4,1.4,0.0,6.0,1.0,14.9,,109.5,109.1
2,4,34,1172,14.1,.636,.576,.631,.552,420,1.3,6.3,4.0,35.6,1.4,0.0,34.0,15.4,,2.1,0.6,2.7,.091,,2.0,-3.6,-1.6
3,0,34,1072,111,292,.380,40,105,.381,71,187,.380,26,34,.765,31,79,110,35,26,2,35,38,319
3,1,34,31.5,3.3,8.6,.380,1.2,3.1,.381,2.1,5.5,.380,0.8,1.0,.765,3.2,1.0,0.8,0.1,1.0,1.1,9.4
3,2,34,1072,4.1,10.9,.380,1.5,3.9,.381,2.6,7.0,.380,1.0,1.3,.765,4.1,1.3,1.0,0.1,1.3,1.4,11.9
3,3,34,1072,5.5,14.6,.380,2.0,5.2,.381,3.5,9.3,.380,1.3,1.7,.765,5.5,1.7,1.3,0.1,1.7,1.9,15.9,,109.0,108.8
3,4,34,1072,10.6,.518,.502,.640,.116,290,3.4,7.3,5.5,5.7,1.3,0.2,10.2,14.8,,1.4,0.6,2.0,.074,,1.6,-1.6,0.0
4,0,34,1013,138,322,.429,130,298,.436,8,24,.333,145,178,.815,30,55,85,113,35,8,76,62,429
4,1,34,29.8,4.1,9.5,.429,3.8,8.8,.436,0.2,0.7,.333,4.3,5.2,.815,2.5,3.3,1.0,0.2,2.2,1.8,12.6
4,2,34,1013,5.4,12.7,.429,5.1,11.8,.436,0.3,0.9,.333,5.7,7.0,.815,3.4,4.5,1.4,0.3,3.0,2.4,16.9
4,3,34,1013,7.3,17.0,.429,6.9,15.7,.436,0.4,1.3,.333,7.7,9.4,.815,4.5,6.0,1.8,0.4,4.0,3.3,22.7,,109.9,108.1
4,4,34,1013,16.2,.528,.441,.075,.553,448,3.5,5.4,4.5,20.7,1.8,0.6,15.7,22.1,,2.2,0.6,2.9,.113,,0.3,-1.8,-1.6
5,0,26,138,13,23,.565,11,16,.688,2,7,.286,9,16,.563,15,21,36,2,2,4,8,20,37
5,1,26,5.3,0.5,0.9,.565,0.4,0.6,.688,0.1,0.3,.286,0.3,0.6,.563,1.4,0.1,0.1,0.2,0.3,0.8,1.4
5,2,26,138,3.8,6.7,.565,3.2,4.6,.688,0.6,2.0,.286,2.6,4.6,.563,10.4,0.6,0.6,1.2,2.3,5.8,10.7
5,3,26,138,5.0,8.9,.565,4.3,6.2,.688,0.8,2.7,.286,3.5,6.2,.563,14.0,0.8,0.8,1.6,3.1,7.8,14.3,,112.9,104.6
5,4,26,138,12.9,.605,.609,.304,.696,39,12.8,15.2,14.1,2.5,0.8,2.4,20.7,13.0,,0.2,0.1,0.3,.101,,0.2,-1.6,-1.5
6,0,16,37,7,13,.538,6,7,.857,1,6,.167,0,0,,0,2,2,5,1,0,7,1,15
6,1,16,2.3,0.4,0.8,.538,0.4,0.4,.857,0.1,0.4,.167,0.0,0.0,,0.1,0.3,0.1,0.0,0.4,0.1,0.9
6,2,16,37,7.6,14.1,.538,6.5,7.6,.857,1.1,6.5,.167,0.0,0.0,,2.2,5.4,1.1,0.0,7.6,1.1,16.2
6,3,16,37,10.1,18.8,.538,8.7,10.1,.857,1.4,8.7,.167,0.0,0.0,,2.9,7.2,1.4,0.0,10.1,1.4,21.7,,83.1,109.5
6,4,16,37,9.5,.577,.577,.462,.000,15,0.0,5.4,2.9,27.9,1.4,0.0,35.0,25.1,,0.0,0.0,0.0,-.010,,-4.1,-5.3,-9.4
7,0,27,145,18,44,.409,4,15,.267,14,29,.483,12,16,.750,3,16,19,3,2,0,14,17,62
7,1,27,5.4,0.7,1.6,.409,0.1,0.6,.267,0.5,1.1,.483,0.4,0.6,.750,0.7,0.1,0.1,0.0,0.5,0.6,2.3
7,2,27,145,5.0,12.1,.409,1.1,4.1,.267,3.9,8.0,.483,3.3,4.4,.750,5.2,0.8,0.6,0.0,3.9,4.7,17.1
7,3,27,145,6.6,16.2,.409,1.5,5.5,.267,5.2,10.7,.483,4.4,5.9,.750,7.0,1.1,0.7,0.0,5.2,6.3,22.9,,101.1,108.1
7,4,27,145,10.8,.601,.568,.659,.364,52,2.4,11.0,7.1,3.8,0.7,0.0,21.3,21.0,,0.2,0.1,0.3,.070,,-0.7,-4.5,-5.3
8,0,29,285,23,54,.426,14,27,.519,9,27,.333,22,29,.759,22,31,53,5,7,8,13,29,77
8,1,29,9.8,0.8,1.9,.426,0.5,0.9,.519,0.3,0.9,.333,0.8,1.0,.759,1.8,0.2,0.2,0.3,0.4,1.0,2.7
8,2,29,285,3.2,7.6,.426,2.0,3.8,.519,1.3,3.8,.333,3.1,4.1,.759,7.4,0.7,1.0,1.1,1.8,4.1,10.8
8,3,29,285,4.3,10.1,.426,2.6,5.1,.519,1.7,5.1,.333,4.1,5.4,.759,9.9,0.9,1.3,1.5,2.4,5.4,14.5,,114.8,105.7
8,4,29,285,12.4,.568,.509,.500,.537,79,9.1,10.8,10.0,3.0,1.3,2.3,16.1,13.1,,0.5,0.2,0.7,.099,,0.8,-1.1,-0.3
9,0,17,66,4,10,.400,2,4,.500,2,6,.333,11,18,.611,5,5,10,0,0,0,7,7,21
9,1,17,3.9,0.2,0.6,.400,0.1,0.2,.500,0.1,0.4,.333,0.6,1.1,.611,0.6,0.0,0.0,0.0,0.4,0.4,1.2
9,2,17,66,2.4,6.1,.400,1.2,2.4,.500,1.2,3.6,.333,6.7,10.9,.611,6.1,0.0,0.0,0.0,4.2,4.2,12.7
9,3,17,66,3.2,8.1,.400,1.6,3.2,.500,1.6,4.9,.333,8.9,14.6,.611,8.1,0.0,0.0,0.0,5.7,5.7,17.0,,94.7,111.3
9,4,17,66,6.8,.566,.500,.600,1.800,21,8.9,7.6,8.2,0.0,0.0,0.0,27.4,17.9,,0.0,0.0,0.1,.032,,-2.7,-6.5,-9.2
10,0,34,884,197,345,.571,183,304,.602,14,41,.341,165,225,.733,68,187,255,37,51,37,110,120,573
10,1,34,26.0,5.8,10.1,.571,5.4,8.9,.602,0.4,1.2,.341,4.9,6.6,.733,7.5,1.1,1.5,1.1,3.2,3.5,16.9
10,2,34,884,8.9,15.6,.571,8.3,13.8,.602,0.6,1.9,.341,7.5,10.2,.733,11.5,1.7,2.3,1.7,5.0,5.4,25.9
10,3,34,884,11.9,20.9,.571,11.1,18.4,.602,0.8,2.5,.341,10.0,13.6,.733,15.4,2.2,3.1,2.2,6.7,7.3,34.7,,111.9,96.3
10,4,34,884,27.4,.634,.591,.119,.652,516,9.1,21.1,15.6,9.3,3.1,3.4,19.6,29.5,,2.8,1.5,4.3,.195,,2.5,1.2,3.8
11,0,34,508,60,123,.488,60,123,.488,0,0,,61,120,.508,41,71,112,6,10,31,38,75,181
11,1,34,14.9,1.8,3.6,.488,1.8,3.6,.488,0.0,0.0,,1.8,3.5,.508,3.3,0.2,0.3,0.9,1.1,2.2,5.3
11,2,34,508,4.7,9.7,.488,4.7,9.7,.488,0.0,0.0,,4.8,9.4,.508,8.8,0.5,0.8,2.4,3.0,5.9,14.3
11,3,34,508,6.3,13.0,.488,6.3,13.0,.488,0.0,0.0,,6.4,12.6,.508,11.8,0.6,1.1,3.3,4.0,7.9,19.1,,96.9,103.1
11,4,34,508,13.0,.503,.488,.000,.976,176,9.5,13.9,11.9,2.1,1.1,5.0,17.4,19.9,,0.4,0.6,0.9,.073,,-3.8,-0.5,-4.3
12,0,34,598,49,132,.371,18,36,.500,31,96,.323,21,27,.778,23,62,85,19,24,2,26,38,150
12,1,34,17.6,1.4,3.9,.371,0.5,1.1,.500,0.9,2.8,.323,0.6,0.8,.778,2.5,0.6,0.7,0.1,0.8,1.1,4.4
12,2,34,598,3.3,8.8,.371,1.2,2.4,.500,2.1,6.4,.323,1.4,1.8,.778,5.7,1.3,1.6,0.1,1.7,2.5,10.0
12,3,34,598,4.4,11.8,.371,1.6,3.2,.500,2.8,8.6,.323,1.9,2.4,.778,7.6,1.7,2.1,0.2,2.3,3.4,13.4,,104.7,105.4
12,4,34,598,10.2,.518,.489,.727,.205,145,4.5,10.3,7.7,5.4,2.1,0.3,15.2,13.2,,0.6,0.5,1.1,.073,,0.9,-0.8,0.0
