0,0,29,696,131,252,.520,116,205,.566,15,47,.319,37,68,.544,37,81,118,9,17,11,40,85,314
0,1,29,24.0,4.5,8.7,.520,4.0,7.1,.566,0.5,1.6,.319,1.3,2.3,.544,4.1,0.3,0.6,0.4,1.4,2.9,10.8
0,2,29,696,7.5,14.5,.520,6.7,11.8,.566,0.9,2.7,.319,2.1,3.9,.544,6.8,0.5,1.0,0.6,2.3,4.9,18.0
0,3,29,696,11.0,21.1,.520,9.7,17.2,.566,1.3,3.9,.319,3.1,5.7,.544,9.9,0.8,1.4,0.9,3.4,7.1,26.3,,103.6,116.4
0,4,29,696,15.5,.552,.550,.187,.270,263,5.9,13.3,9.5,3.1,1.4,1.6,12.3,23.4,,0.8,0.1,0.9,.054,,-1.7,-3.6,-5.3
1,0,3,4,0,0,,0,0,,0,0,,0,0,,0,0,0,0,0,0,0,1,0
1,1,3,1.3,0.0,0.0,,0.0,0.0,,0.0,0.0,,0.0,0.0,,0.0,0.0,0.0,0.0,0.0,0.3,0.0
1,2,3,4,0.0,0.0,,0.0,0.0,,0.0,0.0,,0.0,0.0,,0.0,0.0,0.0,0.0,0.0,10.0,0.0
1,3,3,4,0.0,0.0,,0.0,0.0,,0.0,0.0,,0.0,0.0,,0.0,0.0,0.0,0.0,0.0,14.6,0.0,,,125.3
1,4,3,4,-4.2,,,,,0,0.0,0.0,0.0,0.0,0.0,0.0,,0.0,,0.0,0.0,0.0,-.026,,-5.7,-1.5,-7.1
2,0,29,1073,100,234,.427,49,107,.458,51,127,.402,76,88,.864,19,78,97,289,32,0,102,17,327
2,1,29,37.0,3.4,8.1,.427,1.7,3.7,.458,1.8,4.4,.402,2.6,3.0,.864,3.3,10.0,1.1,0.0,3.5,0.6,11.3
2,2,29,1073,3.7,8.7,.427,1.8,4.0,.458,1.9,4.7,.402,2.8,3.3,.864,3.6,10.8,1.2,0.0,3.8,0.6,12.2
2,3,29,1073,5.4,12.7,.427,2.7,5.8,.458,2.8,6.9,.402,4.1,4.8,.864,5.3,15.7,1.7,0.0,5.5,0.9,17.8,,116.9,119.1
2,4,29,1073,18.4,.593,.536,.543,.376,444,2.0,8.3,5.1,52.5,1.7,0.0,27.0,17.7,,2.6,-0.1,2.5,.095,,2.9,-5.4,-2.5
3,0,7,54,11,21,.524,9,16,.563,2,5,.400,5,7,.714,3,7,10,0,0,0,4,8,29
3,1,7,7.7,1.6,3.0,.524,1.3,2.3,.563,0.3,0.7,.400,0.7,1.0,.714,1.4,0.0,0.0,0.0,0.6,1.1,4.1
3,2,7,54,8.1,15.6,.524,6.7,11.9,.563,1.5,3.7,.400,3.7,5.2,.714,7.4,0.0,0.0,0.0,3.0,5.9,21.5
3,3,7,54,11.9,22.7,.524,9.7,17.3,.563,2.2,5.4,.400,5.4,7.6,.714,10.8,0.0,0.0,0.0,4.3,8.6,31.4,,105.5,119.7
3,4,7,54,16.0,.596,.571,.238,.333,23,6.2,14.8,10.4,0.0,0.0,0.0,14.1,26.3,,0.1,0.0,0.1,.055,,-3.6,-9.8,-13.3
4,0,29,473,41,94,.436,41,94,.436,0,0,,36,54,.667,47,62,109,7,5,5,15,88,118
4,1,29,16.3,1.4,3.2,.436,1.4,3.2,.436,0.0,0.0,,1.2,1.9,.667,3.8,0.2,0.2,0.2,0.5,3.0,4.1
4,2,29,473,3.5,7.9,.436,3.5,7.9,.436,0.0,0.0,,3.0,4.6,.667,9.2,0.6,0.4,0.4,1.3,7.4,10.0
4,3,29,473,5.1,11.6,.436,5.1,11.6,.436,0.0,0.0,,4.4,6.7,.667,13.5,0.9,0.6,0.6,1.9,10.9,14.6,,109.7,117.5
4,4,29,473,10.1,.493,.436,.000,.574,127,11.1,14.9,13.0,2.8,0.6,1.1,11.1,14.3,,0.6,0.0,0.6,.051,,-3.0,-3.1,-6.1
5,0,28,339,39,107,.364,26,60,.433,13,47,.277,18,27,.667,11,28,39,11,7,1,16,22,109
5,1,28,12.1,1.4,3.8,.364,0.9,2.1,.433,0.5,1.7,.277,0.6,1.0,.667,1.4,0.4,0.3,0.0,0.6,0.8,3.9
5,2,28,339,4.6,12.6,.364,3.1,7.1,.433,1.5,5.5,.277,2.1,3.2,.667,4.6,1.3,0.8,0.1,1.9,2.6,12.9
5,3,28,339,6.7,18.4,.364,4.5,10.3,.433,2.2,8.1,.277,3.1,4.6,.667,6.7,1.9,1.2,0.2,2.8,3.8,18.8,,93.2,119.5
5,4,28,339,8.7,.455,.425,.439,.252,100,3.6,9.4,6.5,6.6,1.2,0.3,11.8,20.1,,0.0,0.0,0.0,.000,,-3.4,-4.3,-7.7
6,0,23,280,25,69,.362,14,36,.389,11,33,.333,23,29,.793,5,14,19,11,7,1,15,28,84
6,1,23,12.2,1.1,3.0,.362,0.6,1.6,.389,0.5,1.4,.333,1.0,1.3,.793,0.8,0.5,0.3,0.0,0.7,1.2,3.7
6,2,23,280,3.6,9.9,.362,2.0,5.1,.389,1.6,4.7,.333,3.3,4.1,.793,2.7,1.6,1.0,0.1,2.1,4.0,12.0
6,3,23,280,5.2,14.4,.362,2.9,7.5,.389,2.3,6.9,.333,4.8,6.0,.793,4.0,2.3,1.5,0.2,3.1,5.8,17.5,,99.0,120.2
6,4,23,280,8.1,.507,.442,.478,.420,78,2.0,5.7,3.8,7.6,1.5,0.4,15.3,17.5,,0.1,0.0,0.1,.015,,-2.5,-3.8,-6.3
7,0,17,221,33,80,.413,27,59,.458,6,21,.286,10,24,.417,14,31,45,8,4,1,15,21,82
7,1,17,13.0,1.9,4.7,.413,1.6,3.5,.458,0.4,1.2,.286,0.6,1.4,.417,2.6,0.5,0.2,0.1,0.9,1.2,4.8
7,2,17,221,6.0,14.5,.413,4.9,10.7,.458,1.1,3.8,.286,1.8,4.3,.417,8.1,1.4,0.7,0.2,2.7,3.8,14.8
7,3,17,221,8.7,21.1,.413,7.1,15.6,.458,1.6,5.5,.286,2.6,6.3,.417,11.9,2.1,1.1,0.3,4.0,5.5,21.7,,89.0,116.8
7,4,17,221,10.3,.449,.450,.263,.300,77,7.1,16.0,11.5,7.9,1.1,0.5,14.1,24.2,,-0.1,0.0,0.0,-.007,,-4.5,-4.1,-8.6
8,0,29,771,65,182,.357,32,71,.451,33,111,.297,37,46,.804,39,89,128,16,18,14,35,65,200
8,1,29,26.6,2.2,6.3,.357,1.1,2.4,.451,1.1,3.8,.297,1.3,1.6,.804,4.4,0.6,0.6,0.5,1.2,2.2,6.9
8,2,29,771,3.4,9.4,.357,1.7,3.7,.451,1.7,5.8,.297,1.9,2.4,.804,6.6,0.8,0.9,0.7,1.8,3.4,10.4
8,3,29,771,4.9,13.8,.357,2.4,5.4,.451,2.5,8.4,.297,2.8,3.5,.804,9.7,1.2,1.4,1.1,2.7,4.9,15.1,,98.6,116.6
8,4,29,771,9.6,.491,.448,.610,.253,192,5.6,13.2,9.4,4.0,1.4,1.9,14.7,15.6,,0.3,0.1,0.5,.025,,-1.7,-1.7,-3.3
9,0,1,1,0,0,,0,0,,0,0,,0,0,,0,0,0,0,0,0,0,0,0
9,1,1,1.0,0.0,0.0,,0.0,0.0,,0.0,0.0,,0.0,0.0,,0.0,0.0,0.0,0.0,0.0,0.0,0.0
9,2,1,1,0.0,0.0,,0.0,0.0,,0.0,0.0,,0.0,0.0,,0.0,0.0,0.0,0.0,0.0,0.0,0.0
9,3,1,1,0.0,0.0,,0.0,0.0,,0.0,0.0,,0.0,0.0,,0.0,0.0,0.0,0.0,0.0,0.0,0.0,,,126.6
9,4,1,1,0.0,,,,,0,0.0,0.0,0.0,0.0,0.0,0.0,,0.0,,0.0,0.0,0.0,-.030,,-5.7,-1.5,-7.2
10,0,26,817,107,242,.442,48,108,.444,59,134,.440,44,51,.863,30,61,91,23,20,0,33,49,317
10,1,26,31.4,4.1,9.3,.442,1.8,4.2,.444,2.3,5.2,.440,1.7,2.0,.863,3.5,0.9,0.8,0.0,1.3,1.9,12.2
10,2,26,817,5.2,11.8,.442,2.4,5.3,.444,2.9,6.6,.440,2.2,2.5,.863,4.5,1.1,1.0,0.0,1.6,2.4,15.5
10,3,26,817,7.6,17.3,.442,3.4,7.7,.444,4.2,9.6,.440,3.1,3.6,.863,6.5,1.6,1.4,0.0,2.4,3.5,22.7,,116.3,119.5
10,4,26,817,14.7,.595,.564,.554,.211,273,4.1,8.5,6.3,5.9,1.4,0.0,11.0,18.4,,1.6,-0.1,1.5,.073,,2.4,-3.4,-1.1
11,0,19,349,37,104,.356,23,56,.411,14,48,.292,55,74,.743,7,42,49,15,5,1,23,24,143
11,1,19,18.4,1.9,5.5,.356,1.2,2.9,.411,0.7,2.5,.292,2.9,3.9,.743,2.6,0.8,0.3,0.1,1.2,1.3,7.5
11,2,19,349,4.2,11.9,.356,2.6,6.4,.411,1.6,5.5,.292,6.3,8.5,.743,5.6,1.7,0.6,0.1,2.6,2.8,16.4
11,3,19,349,6.2,17.4,.356,3.8,9.4,.411,2.3,8.0,.292,9.2,12.4,.743,8.2,2.5,0.8,0.2,3.8,4.0,23.9,,101.8,118.5
11,4,19,349,12.2,.514,.423,.462,.712,132,2.2,13.7,7.9,8.6,0.8,0.3,14.2,23.3,,0.3,0.0,0.3,.040,,-2.0,-4.6,-6.6
12,0,29,749,118,268,.440,104,210,.495,14,58,.241,107,157,.682,45,117,162,18,10,32,69,101,357
12,1,29,25.8,4.1,9.2,.440,3.6,7.2,.495,0.5,2.0,.241,3.7,5.4,.682,5.6,0.6,0.3,1.1,2.4,3.5,12.3
12,2,29,749,6.3,14.3,.440,5.6,11.2,.495,0.7,3.1,.241,5.7,8.4,.682,8.7,1.0,0.5,1.7,3.7,5.4,19.1
12,3,29,749,9.2,20.9,.440,8.1,16.4,.495,1.1,4.5,.241,8.3,12.2,.682,12.6,1.4,0.8,2.5,5.4,7.9,27.8,,97.5,114.4
12,4,29,749,15.1,.521,.466,.216,.586,325,6.7,17.8,12.2,5.4,0.8,4.4,16.8,27.6,,0.5,0.3,0.8,.042,,-3.6,-2.3,-5.9
