0,0,33,857,157,303,.518,147,269,.546,10,34,.294,106,168,.631,104,191,295,49,34,24,60,93,430
0,1,33,26.0,4.8,9.2,.518,4.5,8.2,.546,0.3,1.0,.294,3.2,5.1,.631,8.9,1.5,1.0,0.7,1.8,2.8,13.0
0,2,33,857,7.3,14.1,.518,6.9,12.6,.546,0.5,1.6,.294,4.9,7.8,.631,13.8,2.3,1.6,1.1,2.8,4.3,20.1
0,3,33,857,9.7,18.8,.518,9.1,16.7,.546,0.6,2.1,.294,6.6,10.4,.631,18.3,3.0,2.1,1.5,3.7,5.8,26.6,,116.0,94.2
0,4,33,857,24.2,.562,.535,.112,.554,426,12.6,22.4,17.6,11.1,2.1,2.5,13.6,23.0,,2.5,1.7,4.2,.198,,2.6,1.8,4.4
1,0,33,754,59,139,.424,14,22,.636,45,117,.385,42,48,.875,8,62,70,180,25,0,64,18,205
1,1,33,22.8,1.8,4.2,.424,0.4,0.7,.636,1.4,3.5,.385,1.3,1.5,.875,2.1,5.5,0.8,0.0,1.9,0.5,6.2
1,2,33,754,3.1,7.4,.424,0.7,1.2,.636,2.4,6.2,.385,2.2,2.5,.875,3.7,9.5,1.3,0.0,3.4,1.0,10.9
1,3,33,754,4.2,9.8,.424,1.0,1.5,.636,3.2,8.2,.385,3.0,3.4,.875,4.9,12.7,1.8,0.0,4.5,1.3,14.4,,121.3,103.0
1,4,33,754,16.6,.633,.586,.842,.345,269,1.1,8.3,4.7,38.6,1.8,0.0,28.3,13.3,,1.8,0.9,2.7,.143,,2.9,-3.1,-0.2
2,0,33,708,86,203,.424,33,73,.452,53,130,.408,31,45,.689,39,70,109,20,19,2,26,36,256
2,1,33,21.5,2.6,6.2,.424,1.0,2.2,.452,1.6,3.9,.408,0.9,1.4,.689,3.3,0.6,0.6,0.1,0.8,1.1,7.8
2,2,33,708,4.9,11.5,.424,1.9,4.1,.452,3.0,7.3,.408,1.8,2.5,.689,6.2,1.1,1.1,0.1,1.5,2.0,14.5
2,3,33,708,6.4,15.2,.424,2.5,5.5,.452,4.0,9.7,.408,2.3,3.4,.689,8.2,1.5,1.4,0.1,1.9,2.7,19.2,,119.4,102.7
2,4,33,708,14.5,.570,.554,.640,.222,229,5.7,9.9,7.9,4.9,1.4,0.3,10.4,15.7,,1.5,0.8,2.3,.131,,2.7,-1.3,1.4
3,0,33,821,110,254,.433,108,244,.443,2,10,.200,89,139,.640,12,42,54,113,38,7,74,50,311
3,1,33,24.9,3.3,7.7,.433,3.3,7.4,.443,0.1,0.3,.200,2.7,4.2,.640,1.6,3.4,1.2,0.2,2.2,1.5,9.4
3,2,33,821,5.4,12.4,.433,5.3,11.9,.443,0.1,0.5,.200,4.3,6.8,.640,2.6,5.5,1.9,0.3,3.6,2.4,15.2
3,3,33,821,7.1,16.4,.433,7.0,15.8,.443,0.1,0.6,.200,5.8,9.0,.640,3.5,7.3,2.5,0.5,4.8,3.2,20.1,,99.6,102.3
3,4,33,821,13.6,.486,.437,.039,.547,330,1.5,5.1,3.4,24.4,2.5,0.8,18.8,21.4,,0.9,1.0,1.9,.091,,-1.9,-0.9,-2.8
4,0,5,25,4,8,.500,4,8,.500,0,0,,2,4,.500,2,4,6,0,1,2,1,8,10
4,1,5,5.0,0.8,1.6,.500,0.8,1.6,.500,0.0,0.0,,0.4,0.8,.500,1.2,0.0,0.2,0.4,0.2,1.6,2.0
4,2,5,25,6.4,12.8,.500,6.4,12.8,.500,0.0,0.0,,3.2,6.4,.500,9.6,0.0,1.6,3.2,1.6,12.8,16.0
4,3,5,25,8.5,17.0,.500,8.5,17.0,.500,0.0,0.0,,4.2,8.5,.500,12.7,0.0,2.1,4.2,2.1,17.0,21.2,,105.8,93.4
4,4,5,25,15.1,.505,.500,.000,.500,9,8.3,16.1,12.3,0.0,2.1,7.3,9.2,19.4,,0.0,0.1,0.1,.139,,-4.5,-0.3,-4.8
5,0,33,866,116,289,.401,68,160,.425,48,129,.372,79,103,.767,36,76,112,34,30,6,43,57,359
5,1,33,26.2,3.5,8.8,.401,2.1,4.8,.425,1.5,3.9,.372,2.4,3.1,.767,3.4,1.0,0.9,0.2,1.3,1.7,10.9
5,2,33,866,5.4,13.3,.401,3.1,7.4,.425,2.2,6.0,.372,3.6,4.8,.767,5.2,1.6,1.4,0.3,2.0,2.6,16.6
5,3,33,866,7.1,17.7,.401,4.2,9.8,.425,2.9,7.9,.372,4.8,6.3,.767,6.9,2.1,1.8,0.4,2.6,3.5,22.0,,112.0,102.0
5,4,33,866,14.9,.531,.484,.446,.356,327,4.3,8.8,6.6,7.0,1.8,0.6,11.3,19.6,,1.7,1.1,2.8,.128,,1.4,-0.9,0.5
6,0,26,166,23,40,.575,21,29,.724,2,11,.182,9,15,.600,16,24,40,1,7,8,17,32,57
6,1,26,6.4,0.9,1.5,.575,0.8,1.1,.724,0.1,0.4,.182,0.3,0.6,.600,1.5,0.0,0.3,0.3,0.7,1.2,2.2
6,2,26,166,5.5,9.6,.575,5.1,7.0,.724,0.5,2.7,.182,2.2,3.6,.600,9.6,0.2,1.7,1.9,4.1,7.7,13.7
6,3,26,166,7.4,12.8,.575,6.7,9.3,.724,0.6,3.5,.182,2.9,4.8,.600,12.8,0.3,2.2,2.6,5.4,10.2,18.2,,97.1,96.0
6,4,26,166,13.6,.605,.600,.275,.375,52,10.0,14.5,12.3,1.1,2.2,4.4,26.5,17.2,,0.1,0.3,0.4,.098,,-2.2,0.7,-1.5
7,0,33,868,122,280,.436,73,155,.471,49,125,.392,62,87,.713,55,127,182,29,24,6,41,38,355
7,1,33,26.3,3.7,8.5,.436,2.2,4.7,.471,1.5,3.8,.392,1.9,2.6,.713,5.5,0.9,0.7,0.2,1.2,1.2,10.8
7,2,33,868,5.6,12.9,.436,3.4,7.1,.471,2.3,5.8,.392,2.9,4.0,.713,8.4,1.3,1.1,0.3,1.9,1.8,16.4
7,3,33,868,7.5,17.1,.436,4.5,9.5,.471,3.0,7.6,.392,3.8,5.3,.713,11.1,1.8,1.5,0.4,2.5,2.3,21.7,,115.4,100.4
7,4,33,868,16.9,.552,.523,.446,.311,325,6.6,14.7,10.7,6.0,1.5,0.6,11.3,18.6,,1.9,1.2,3.1,.143,,2.0,-0.7,1.3
8,0,10,24,1,3,.333,1,2,.500,0,1,.000,1,2,.500,1,0,1,1,1,0,6,0,3
8,1,10,2.4,0.1,0.3,.333,0.1,0.2,.500,0.0,0.1,.000,0.1,0.2,.500,0.1,0.1,0.1,0.0,0.6,0.0,0.3
8,2,10,24,1.7,5.0,.333,1.7,3.3,.500,0.0,1.7,.000,1.7,3.3,.500,1.7,1.7,1.7,0.0,10.0,0.0,5.0
8,3,10,24,2.2,6.6,.333,2.2,4.4,.500,0.0,2.2,.000,2.2,4.4,.500,2.2,2.2,2.2,0.0,13.3,0.0,6.6,,39.2,105.8
8,4,10,24,-6.5,.380,.333,.333,.667,4,4.3,0.0,2.1,6.4,2.2,0.0,60.3,18.5,,-0.1,0.0,-0.1,-.166,,-11.6,-0.4,-12.0
9,0,1,3,0,0,,0,0,,0,0,,0,0,,0,0,0,0,0,0,0,0,0
9,1,1,3.0,0.0,0.0,,0.0,0.0,,0.0,0.0,,0.0,0.0,,0.0,0.0,0.0,0.0,0.0,0.0,0.0
9,2,1,3,0.0,0.0,,0.0,0.0,,0.0,0.0,,0.0,0.0,,0.0,0.0,0.0,0.0,0.0,0.0,0.0
9,3,1,3,0.0,0.0,,0.0,0.0,,0.0,0.0,,0.0,0.0,,0.0,0.0,0.0,0.0,0.0,0.0,0.0,,,110.7
9,4,1,3,0.0,,,,,0,0.0,0.0,0.0,0.0,0.0,0.0,,0.0,,0.0,0.0,0.0,.017,,-4.0,0.5,-3.5
10,0,27,176,16,34,.471,9,16,.563,7,18,.389,12,17,.706,10,10,20,3,4,2,10,21,51
10,1,27,6.5,0.6,1.3,.471,0.3,0.6,.563,0.3,0.7,.389,0.4,0.6,.706,0.7,0.1,0.1,0.1,0.4,0.8,1.9
10,2,27,176,3.6,7.7,.471,2.0,3.6,.563,1.6,4.1,.389,2.7,3.9,.706,4.5,0.7,0.9,0.5,2.3,4.8,11.6
10,3,27,176,4.8,10.3,.471,2.7,4.8,.563,2.1,5.4,.389,3.6,5.1,.706,6.0,0.9,1.2,0.6,3.0,6.3,15.4,,111.5,104.3
10,4,27,176,10.1,.606,.574,.529,.500,47,5.9,5.7,5.8,2.8,1.2,1.0,19.2,13.2,,0.2,0.2,0.4,.096,,0.2,-1.4,-1.2
11,0,9,18,2,6,.333,1,3,.333,1,3,.333,0,0,,0,1,1,0,1,2,2,6,5
11,1,9,2.0,0.2,0.7,.333,0.1,0.3,.333,0.1,0.3,.333,0.0,0.0,,0.1,0.0,0.1,0.2,0.2,0.7,0.6
11,2,9,18,4.4,13.3,.333,2.2,6.7,.333,2.2,6.7,.333,0.0,0.0,,2.2,0.0,2.2,4.4,4.4,13.3,11.1
11,3,9,18,5.9,17.7,.333,2.9,8.8,.333,2.9,8.8,.333,0.0,0.0,,2.9,0.0,2.9,5.9,5.9,17.7,14.7,,65.8,94.7
11,4,9,18,1.8,.417,.417,.500,.000,4,0.0,5.6,2.8,0.0,2.9,10.1,25.0,19.8,,0.0,0.0,0.0,-.004,,-8.0,3.5,-4.5
12,0,10,39,6,18,.333,3,6,.500,3,12,.250,0,0,,3,3,6,2,1,0,4,7,15
12,1,10,3.9,0.6,1.8,.333,0.3,0.6,.500,0.3,1.2,.250,0.0,0.0,,0.6,0.2,0.1,0.0,0.4,0.7,1.5
12,2,10,39,6.2,18.5,.333,3.1,6.2,.500,3.1,12.3,.250,0.0,0.0,,6.2,2.1,1.0,0.0,4.1,7.2,15.4
12,3,10,39,8.2,24.5,.333,4.1,8.2,.500,4.1,16.3,.250,0.0,0.0,,8.2,2.7,1.4,0.0,5.4,9.5,20.4,,84.7,103.3
12,4,10,39,5.9,.417,.417,.667,.000,15,8.0,7.7,7.9,9.4,1.4,0.0,18.2,25.1,,0.0,0.0,0.0,.023,,-2.5,-3.5,-6.0
13,0,33,751,145,300,.483,136,255,.533,9,45,.200,130,209,.622,72,152,224,63,44,19,106,118,429
13,1,33,22.8,4.4,9.1,.483,4.1,7.7,.533,0.3,1.4,.200,3.9,6.3,.622,6.8,1.9,1.3,0.6,3.2,3.6,13.0
13,2,33,751,7.7,16.0,.483,7.2,13.6,.533,0.5,2.4,.200,6.9,11.1,.622,11.9,3.4,2.3,1.0,5.6,6.3,22.8
13,3,33,751,10.3,21.2,.483,9.6,18.0,.533,0.6,3.2,.200,9.2,14.8,.622,15.8,4.5,3.1,1.3,7.5,8.3,30.3,,100.4,92.8
13,4,33,751,21.5,.537,.498,.150,.697,424,10.0,20.3,15.2,16.6,3.1,2.3,21.0,30.0,,1.2,1.6,2.8,.149,,0.3,2.4,2.7
14,0,33,578,81,132,.614,81,132,.614,0,0,,82,162,.506,64,74,138,8,17,33,45,96,244
14,1,33,17.5,2.5,4.0,.614,2.5,4.0,.614,0.0,0.0,,2.5,4.9,.506,4.2,0.2,0.5,1.0,1.4,2.9,7.4
14,2,33,578,5.6,9.1,.614,5.6,9.1,.614,0.0,0.0,,5.7,11.2,.506,9.6,0.6,1.2,2.3,3.1,6.6,16.9
14,3,33,578,7.4,12.1,.614,7.4,12.1,.614,0.0,0.0,,7.5,14.9,.506,12.7,0.7,1.6,3.0,4.1,8.8,22.4,,108.5,98.0
14,4,33,578,17.9,.584,.614,.000,1.227,231,11.5,12.8,12.2,2.5,1.6,5.2,17.7,19.6,,1.1,0.9,2.0,.138,,-0.5,1.2,0.6
