0,0,19,26,2,5,.400,1,1,1.000,1,4,.250,4,6,.667,1,4,5,1,0,0,1,3,9
0,1,19,1.4,0.1,0.3,.400,0.1,0.1,1.000,0.1,0.2,.250,0.2,0.3,.667,0.3,0.1,0.0,0.0,0.1,0.2,0.5
0,2,19,26,3.1,7.7,.400,1.5,1.5,1.000,1.5,6.2,.250,6.2,9.2,.667,7.7,1.5,0.0,0.0,1.5,4.6,13.8
0,3,19,26,4.4,11.0,.400,2.2,2.2,1.000,2.2,8.8,.250,8.8,13.2,.667,11.0,2.2,0.0,0.0,2.2,6.6,19.9,,117.7,119.1
0,4,19,26,12.9,.573,.500,.800,1.200,9,4.4,18.4,11.2,6.9,0.0,0.0,11.3,17.2,,0.1,0.0,0.1,.077,,-1.4,-7.0,-8.3
1,0,30,573,65,160,.406,58,122,.475,7,38,.184,31,40,.775,18,31,49,26,12,5,32,46,168
1,1,30,19.1,2.2,5.3,.406,1.9,4.1,.475,0.2,1.3,.184,1.0,1.3,.775,1.6,0.9,0.4,0.2,1.1,1.5,5.6
1,2,30,573,4.5,11.2,.406,4.0,8.5,.475,0.5,2.7,.184,2.2,2.8,.775,3.4,1.8,0.8,0.3,2.2,3.2,11.7
1,3,30,573,6.5,16.0,.406,5.8,12.2,.475,0.7,3.8,.184,3.1,4.0,.775,4.9,2.6,1.2,0.5,3.2,4.6,16.8,,92.1,121.1
1,4,30,573,8.3,.469,.428,.238,.250,163,3.6,6.5,5.0,8.7,1.2,1.0,15.2,18.6,,0.0,-0.1,-0.1,-.010,,-5.3,-4.5,-9.8
2,0,29,225,16,67,.239,11,38,.289,5,29,.172,35,47,.745,5,27,32,7,8,0,11,35,72
2,1,29,7.8,0.6,2.3,.239,0.4,1.3,.289,0.2,1.0,.172,1.2,1.6,.745,1.1,0.2,0.3,0.0,0.4,1.2,2.5
2,2,29,225,2.8,11.9,.239,2.0,6.8,.289,0.9,5.2,.172,6.2,8.4,.745,5.7,1.2,1.4,0.0,2.0,6.2,12.8
2,3,29,225,4.1,17.1,.239,2.8,9.7,.289,1.3,7.4,.172,8.9,12.0,.745,8.2,1.8,2.0,0.0,2.8,8.9,18.4,,86.7,116.0
2,4,29,225,6.6,.403,.276,.433,.701,70,2.5,14.3,8.3,5.5,2.0,0.0,11.0,22.5,,-0.1,0.1,-0.1,-.012,,-7.1,-5.8,-12.9
3,0,31,1013,206,470,.438,112,232,.483,94,238,.395,66,84,.786,30,174,204,24,46,11,49,73,572
3,1,31,32.7,6.6,15.2,.438,3.6,7.5,.483,3.0,7.7,.395,2.1,2.7,.786,6.6,0.8,1.5,0.4,1.6,2.4,18.5
3,2,31,1013,8.1,18.6,.438,4.4,9.2,.483,3.7,9.4,.395,2.6,3.3,.786,8.1,0.9,1.8,0.4,1.9,2.9,22.6
3,3,31,1013,11.7,26.6,.438,6.3,13.1,.483,5.3,13.5,.395,3.7,4.8,.786,11.6,1.4,2.6,0.6,2.8,4.1,32.4,,109.4,112.0
3,4,31,1013,21.5,.561,.538,.506,.179,479,3.4,20.5,11.8,5.5,2.6,1.2,8.8,27.9,,2.1,0.6,2.7,.105,,1.1,-4.5,-3.4
4,0,32,609,147,268,.549,147,268,.549,0,0,,38,65,.585,73,62,135,6,21,10,45,90,332
4,1,32,19.0,4.6,8.4,.549,4.6,8.4,.549,0.0,0.0,,1.2,2.0,.585,4.2,0.2,0.7,0.3,1.4,2.8,10.4
4,2,32,609,9.7,17.6,.549,9.7,17.6,.549,0.0,0.0,,2.5,4.3,.585,8.9,0.4,1.4,0.7,3.0,5.9,21.8
4,3,32,609,13.9,25.3,.549,13.9,25.3,.549,0.0,0.0,,3.6,6.1,.585,12.7,0.6,2.0,0.9,4.2,8.5,31.3,,104.8,116.3
4,4,32,609,20.6,.555,.549,.000,.243,298,13.7,12.2,13.0,2.5,2.0,1.9,13.1,28.5,,1.0,0.1,1.1,.072,,-2.8,-5.8,-8.7
5,0,32,881,62,210,.295,39,141,.277,23,69,.333,74,105,.705,4,50,54,75,53,2,61,51,221
5,1,32,27.5,1.9,6.6,.295,1.2,4.4,.277,0.7,2.2,.333,2.3,3.3,.705,1.7,2.3,1.7,0.1,1.9,1.6,6.9
5,2,32,881,2.8,9.5,.295,1.8,6.4,.277,1.0,3.1,.333,3.4,4.8,.705,2.5,3.4,2.4,0.1,2.8,2.3,10.0
5,3,32,881,4.0,13.7,.295,2.5,9.2,.277,1.5,4.5,.333,4.8,6.8,.705,3.5,4.9,3.5,0.1,4.0,3.3,14.4,,84.6,116.3
5,4,32,881,8.0,.425,.350,.329,.500,233,0.5,6.8,3.6,15.1,3.5,0.3,19.0,18.4,,-0.6,0.2,-0.4,-.017,,-5.6,-2.6,-8.3
6,0,32,614,33,58,.569,33,58,.569,0,0,,3,14,.214,38,66,104,31,14,15,40,102,69
6,1,32,19.2,1.0,1.8,.569,1.0,1.8,.569,0.0,0.0,,0.1,0.4,.214,3.3,1.0,0.4,0.5,1.3,3.2,2.2
6,2,32,614,2.1,3.8,.569,2.1,3.8,.569,0.0,0.0,,0.2,0.9,.214,6.8,2.0,0.9,1.0,2.6,6.6,4.5
6,3,32,614,3.1,5.4,.569,3.1,5.4,.569,0.0,0.0,,0.3,1.3,.214,9.7,2.9,1.3,1.4,3.7,9.5,6.4,,86.8,117.0
6,4,32,614,5.6,.534,.569,.000,.241,92,7.1,12.8,9.9,8.7,1.3,2.8,38.2,8.6,,-0.2,0.1,-0.1,-.005,,-5.5,-0.3,-5.8
7,0,32,396,16,31,.516,16,31,.516,0,0,,9,13,.692,25,38,63,6,3,4,16,66,41
7,1,32,12.4,0.5,1.0,.516,0.5,1.0,.516,0.0,0.0,,0.3,0.4,.692,2.0,0.2,0.1,0.1,0.5,2.1,1.3
7,2,32,396,1.6,3.1,.516,1.6,3.1,.516,0.0,0.0,,0.9,1.3,.692,6.4,0.6,0.3,0.4,1.6,6.7,4.1
7,3,32,396,2.3,4.5,.516,2.3,4.5,.516,0.0,0.0,,1.3,1.9,.692,9.1,0.9,0.4,0.6,2.3,9.6,5.9,,98.0,120.3
7,4,32,396,3.9,.551,.516,.000,.419,51,7.2,11.5,9.3,2.6,0.4,1.2,30.1,6.8,,0.1,-0.1,0.0,.002,,-5.7,-3.0,-8.7
8,0,1,0,0,1,.000,0,1,.000,0,0,,0,0,,0,0,0,0,0,0,0,0,0
8,1,1,0.0,0.0,1.0,.000,0.0,1.0,.000,0.0,0.0,,0.0,0.0,,0.0,0.0,0.0,0.0,0.0,0.0,0.0
8,2,1,0,,,.000,,,.000,,,,,,,,,,,,,
8,3,1,0,,,.000,,,.000,,,,,,,,,,,,,,,,
8,4,1,0,,.000,.000,.000,.000,,,,,,,,0.0,,,0.0,0.0,0.0,,,-7.5,-2.9,-10.5
9,0,32,1057,126,305,.413,77,174,.443,49,131,.374,66,81,.815,7,75,82,213,39,5,86,75,367
9,1,32,33.0,3.9,9.5,.413,2.4,5.4,.443,1.5,4.1,.374,2.1,2.5,.815,2.6,6.7,1.2,0.2,2.7,2.3,11.5
9,2,32,1057,4.8,11.5,.413,2.9,6.6,.443,1.9,5.0,.374,2.5,3.1,.815,3.1,8.1,1.5,0.2,3.3,2.8,13.9
9,3,32,1057,6.8,16.6,.413,4.2,9.4,.443,2.7,7.1,.374,3.6,4.4,.815,4.5,11.6,2.1,0.3,4.7,4.1,19.9,,106.7,118.4
9,4,32,1057,15.8,.534,.493,.430,.266,426,0.8,8.5,4.5,39.1,2.1,0.5,20.0,20.5,,1.6,0.0,1.6,.060,,-0.2,-5.2,-5.4
10,0,32,1007,139,270,.515,138,266,.519,1,4,.250,105,136,.772,51,110,161,41,20,6,58,82,384
10,1,32,31.5,4.3,8.4,.515,4.3,8.3,.519,0.0,0.1,.250,3.3,4.3,.772,5.0,1.3,0.6,0.2,1.8,2.6,12.0
10,2,32,1007,5.5,10.7,.515,5.5,10.6,.519,0.0,0.2,.250,4.2,5.4,.772,6.4,1.6,0.8,0.2,2.3,3.3,15.3
10,3,32,1007,7.9,15.4,.515,7.9,15.2,.519,0.1,0.2,.250,6.0,7.7,.772,9.2,2.3,1.1,0.3,3.3,4.7,21.9,,110.1,118.6
10,4,32,1007,15.1,.574,.517,.015,.504,367,5.8,13.1,9.3,8.2,1.1,0.7,14.8,19.7,,1.6,0.0,1.6,.064,,-2.4,-3.6,-5.9
