0,0,31,910,78,229,.341,40,96,.417,38,133,.286,20,40,.500,54,152,206,37,11,7,68,61,214
0,1,31,29.4,2.5,7.4,.341,1.3,3.1,.417,1.2,4.3,.286,0.6,1.3,.500,6.6,1.2,0.4,0.2,2.2,2.0,6.9
0,2,31,910,3.4,10.1,.341,1.8,4.2,.417,1.7,5.8,.286,0.9,1.8,.500,9.1,1.6,0.5,0.3,3.0,2.7,9.4
0,3,31,910,4.7,13.8,.341,2.4,5.8,.417,2.3,8.0,.286,1.2,2.4,.500,12.4,2.2,0.7,0.4,4.1,3.7,12.9,,81.2,116.7
0,4,31,910,7.1,.431,.424,.581,.175,227,6.3,18.7,12.3,7.0,0.7,0.8,21.5,16.8,,-0.6,-0.2,-0.8,-.035,,-5.1,-4.9,-10.0
1,0,22,776,102,214,.477,93,179,.520,9,35,.257,85,123,.691,22,55,77,131,33,1,59,60,298
1,1,22,35.3,4.6,9.7,.477,4.2,8.1,.520,0.4,1.6,.257,3.9,5.6,.691,3.5,6.0,1.5,0.0,2.7,2.7,13.5
1,2,22,776,5.3,11.0,.477,4.8,9.2,.520,0.5,1.8,.257,4.4,6.3,.691,4.0,6.8,1.7,0.1,3.0,3.1,15.4
1,3,22,776,7.2,15.1,.477,6.6,12.6,.520,0.6,2.5,.257,6.0,8.7,.691,5.4,9.2,2.3,0.1,4.2,4.2,21.0,,110.1,117.0
1,4,22,776,17.8,.547,.498,.164,.575,338,3.0,7.9,5.4,31.7,2.3,0.1,17.8,20.7,,1.7,-0.2,1.5,.079,,0.3,-5.6,-5.3
2,0,31,981,161,367,.439,106,211,.502,55,156,.353,39,59,.661,38,119,157,104,32,22,70,82,416
2,1,31,31.6,5.2,11.8,.439,3.4,6.8,.502,1.8,5.0,.353,1.3,1.9,.661,5.1,3.4,1.0,0.7,2.3,2.6,13.4
2,2,31,981,6.6,15.0,.439,4.3,8.6,.502,2.2,6.4,.353,1.6,2.4,.661,6.4,4.2,1.3,0.9,2.9,3.3,17.0
2,3,31,981,9.0,20.5,.439,5.9,11.8,.502,3.1,8.7,.353,2.2,3.3,.661,8.8,5.8,1.8,1.2,3.9,4.6,23.2,,102.3,115.0
2,4,31,981,17.1,.527,.514,.425,.161,415,4.1,13.6,8.7,21.2,1.8,2.3,15.1,23.0,,1.5,-0.1,1.4,.057,,0.3,-3.9,-3.6
3,0,31,1055,245,480,.510,222,405,.548,23,75,.307,88,123,.715,78,207,285,41,30,27,72,98,601
3,1,31,34.0,7.9,15.5,.510,7.2,13.1,.548,0.7,2.4,.307,2.8,4.0,.715,9.2,1.3,1.0,0.9,2.3,3.2,19.4
3,2,31,1055,9.3,18.2,.510,8.4,15.4,.548,0.9,2.8,.307,3.3,4.7,.715,10.8,1.6,1.1,1.0,2.7,3.7,22.8
3,3,31,1055,12.7,24.9,.510,11.5,21.0,.548,1.2,3.9,.307,4.6,6.4,.715,14.8,2.1,1.6,1.4,3.7,5.1,31.2,,107.0,112.3
3,4,31,1055,23.2,.558,.534,.156,.256,543,7.8,22.0,14.7,9.0,1.6,2.6,11.8,28.1,,2.5,0.2,2.7,.101,,-0.2,-4.6,-4.8
4,0,4,19,3,7,.429,3,7,.429,0,0,,1,2,.500,0,2,2,0,1,1,1,2,7
4,1,4,4.8,0.8,1.8,.429,0.8,1.8,.429,0.0,0.0,,0.3,0.5,.500,0.5,0.0,0.3,0.3,0.3,0.5,1.8
4,2,4,19,6.3,14.7,.429,6.3,14.7,.429,0.0,0.0,,2.1,4.2,.500,4.2,0.0,2.1,2.1,2.1,4.2,14.7
4,3,4,19,8.6,20.2,.429,8.6,20.2,.429,0.0,0.0,,2.9,5.8,.500,5.8,0.0,2.9,2.9,2.9,5.8,20.2,,79.3,111.3
4,4,4,19,10.5,.440,.429,.000,.286,6,0.0,11.8,5.7,0.0,2.9,5.4,11.2,22.8,,0.0,0.0,0.0,-.026,,-10.5,-5.3,-15.8
5,0,28,369,11,32,.344,11,31,.355,0,1,.000,7,15,.467,15,47,62,9,7,9,15,49,29
5,1,28,13.2,0.4,1.1,.344,0.4,1.1,.355,0.0,0.0,.000,0.3,0.5,.467,2.2,0.3,0.3,0.3,0.5,1.8,1.0
5,2,28,369,1.2,3.5,.344,1.2,3.4,.355,0.0,0.1,.000,0.8,1.6,.467,6.7,1.0,0.8,1.0,1.6,5.3,3.1
5,3,28,369,1.6,4.7,.344,1.6,4.6,.355,0.0,0.1,.000,1.0,2.2,.467,9.2,1.3,1.0,1.3,2.2,7.3,4.3,,75.2,116.0
5,4,28,369,3.5,.371,.344,.031,.469,39,4.3,14.3,9.2,3.8,1.0,2.5,27.7,7.1,,-0.2,-0.1,-0.2,-.027,,-7.2,-2.6,-9.8
6,0,5,92,10,27,.370,6,12,.500,4,15,.267,5,13,.385,4,3,7,13,2,0,5,10,29
6,1,5,18.4,2.0,5.4,.370,1.2,2.4,.500,0.8,3.0,.267,1.0,2.6,.385,1.4,2.6,0.4,0.0,1.0,2.0,5.8
6,2,5,92,4.3,11.7,.370,2.6,5.2,.500,1.7,6.5,.267,2.2,5.7,.385,3.0,5.7,0.9,0.0,2.2,4.3,12.6
6,3,5,92,5.9,16.1,.370,3.6,7.1,.500,2.4,8.9,.267,3.0,7.7,.385,4.2,7.7,1.2,0.0,3.0,5.9,17.2,,97.5,121.0
6,4,5,92,10.6,.437,.444,.556,.481,34,4.6,3.7,4.1,25.5,1.2,0.0,13.1,20.1,,0.1,-0.1,0.0,.009,,-1.6,-8.6,-10.2
7,0,13,127,17,37,.459,3,8,.375,14,29,.483,4,6,.667,2,8,10,3,0,0,7,6,52
7,1,13,9.8,1.3,2.8,.459,0.2,0.6,.375,1.1,2.2,.483,0.3,0.5,.667,0.8,0.2,0.0,0.0,0.5,0.5,4.0
7,2,13,127,5.4,11.7,.459,0.9,2.5,.375,4.4,9.1,.483,1.3,1.9,.667,3.1,0.9,0.0,0.0,2.2,1.9,16.4
7,3,13,127,7.3,15.9,.459,1.3,3.4,.375,6.0,12.5,.483,1.7,2.6,.667,4.3,1.3,0.0,0.0,3.0,2.6,22.4,,109.7,122.9
7,4,13,127,12.8,.652,.649,.784,.162,41,1.7,7.1,4.3,4.5,0.0,0.0,14.9,17.9,,0.2,-0.1,0.1,.033,,-0.2,-9.2,-9.4
8,0,24,495,53,131,.405,25,59,.424,28,72,.389,50,62,.806,11,28,39,29,6,0,16,48,184
8,1,24,20.6,2.2,5.5,.405,1.0,2.5,.424,1.2,3.0,.389,2.1,2.6,.806,1.6,1.2,0.3,0.0,0.7,2.0,7.7
8,2,24,495,4.3,10.6,.405,2.0,4.8,.424,2.3,5.8,.389,4.0,5.0,.806,3.2,2.3,0.5,0.0,1.3,3.9,14.9
8,3,24,495,5.9,14.5,.405,2.8,6.5,.424,3.1,8.0,.389,5.5,6.9,.806,4.3,3.2,0.7,0.0,1.8,5.3,20.3,,117.4,121.3
8,4,24,495,13.3,.573,.511,.550,.473,173,2.4,6.3,4.3,10.5,0.7,0.0,9.1,17.3,,1.1,-0.3,0.8,.064,,0.3,-7.6,-7.3
9,0,20,121,6,18,.333,0,4,.000,6,14,.429,7,10,.700,1,11,12,12,4,1,8,12,25
9,1,20,6.1,0.3,0.9,.333,0.0,0.2,.000,0.3,0.7,.429,0.4,0.5,.700,0.6,0.6,0.2,0.1,0.4,0.6,1.3
9,2,20,121,2.0,6.0,.333,0.0,1.3,.000,2.0,4.6,.429,2.3,3.3,.700,4.0,4.0,1.3,0.3,2.6,4.0,8.3
9,3,20,121,2.7,8.1,.333,0.0,1.8,.000,2.7,6.3,.429,3.2,4.5,.700,5.4,5.4,1.8,0.5,3.6,5.4,11.3,,98.8,116.8
9,4,20,121,8.6,.549,.500,.778,.556,28,0.9,10.2,5.4,16.2,1.8,0.8,26.0,12.3,,0.1,0.0,0.0,.015,,-3.5,-5.6,-9.1
10,0,22,281,25,70,.357,22,61,.361,3,9,.333,19,29,.655,8,19,27,23,9,0,43,11,72
10,1,22,12.8,1.1,3.2,.357,1.0,2.8,.361,0.1,0.4,.333,0.9,1.3,.655,1.2,1.0,0.4,0.0,2.0,0.5,3.3
10,2,22,281,3.6,10.0,.357,3.1,8.7,.361,0.4,1.3,.333,2.7,4.1,.655,3.8,3.3,1.3,0.0,6.1,1.6,10.2
10,3,22,281,4.9,13.6,.357,4.3,11.9,.361,0.6,1.8,.333,3.7,5.6,.655,5.3,4.5,1.8,0.0,8.4,2.1,14.0,,68.4,118.8
10,4,22,281,3.3,.430,.379,.129,.414,79,3.0,7.6,5.2,14.2,1.8,0.0,33.9,21.9,,-0.6,-0.1,-0.8,-.107,,-10.1,-5.9,-16.0
11,0,31,999,115,293,.392,30,73,.411,85,220,.386,34,49,.694,16,60,76,79,28,0,40,56,349
11,1,31,32.2,3.7,9.5,.392,1.0,2.4,.411,2.7,7.1,.386,1.1,1.6,.694,2.5,2.5,0.9,0.0,1.3,1.8,11.3
11,2,31,999,4.6,11.7,.392,1.2,2.9,.411,3.4,8.8,.386,1.4,2.0,.694,3.0,3.2,1.1,0.0,1.6,2.2,14.0
11,3,31,999,6.3,16.0,.392,1.6,4.0,.411,4.7,12.1,.386,1.9,2.7,.694,4.2,4.3,1.5,0.0,2.2,3.1,19.1,,109.1,119.5
11,4,31,999,13.3,.552,.538,.751,.167,329,1.7,6.7,4.1,14.4,1.5,0.0,11.2,17.3,,1.6,-0.5,1.1,.046,,1.3,-6.5,-5.2
