0,0,17,475,56,167,.335,47,120,.392,9,47,.191,44,64,.688,11,39,50,62,20,2,67,49,165
0,1,17,27.9,3.3,9.8,.335,2.8,7.1,.392,0.5,2.8,.191,2.6,3.8,.688,2.9,3.6,1.2,0.1,3.9,2.9,9.7
0,2,17,475,4.7,14.1,.335,4.0,10.1,.392,0.8,4.0,.191,3.7,5.4,.688,4.2,5.2,1.7,0.2,5.6,4.1,13.9
0,3,17,475,6.5,19.4,.335,5.5,14.0,.392,1.0,5.5,.191,5.1,7.4,.688,5.8,7.2,2.3,0.2,7.8,5.7,19.2,,78.0,114.2
0,4,17,475,7.3,.418,.362,.281,.383,180,2.7,9.5,6.1,25.3,2.3,0.4,25.3,27.0,,-0.7,0.0,-0.7,-.057,,-6.1,-4.4,-10.5
1,0,33,1126,189,446,.424,108,224,.482,81,222,.365,57,79,.722,30,138,168,58,73,19,62,76,516
1,1,33,34.1,5.7,13.5,.424,3.3,6.8,.482,2.5,6.7,.365,1.7,2.4,.722,5.1,1.8,2.2,0.6,1.9,2.3,15.6
1,2,33,1126,6.7,15.8,.424,3.8,8.0,.482,2.9,7.9,.365,2.0,2.8,.722,6.0,2.1,2.6,0.7,2.2,2.7,18.3
1,3,33,1126,9.3,21.9,.424,5.3,11.0,.482,4.0,10.9,.365,2.8,3.9,.722,8.2,2.8,3.6,0.9,3.0,3.7,25.3,,105.1,109.2
1,4,33,1126,18.9,.534,.515,.498,.177,458,3.1,14.1,8.6,11.0,3.6,1.6,11.4,23.5,,2.0,0.5,2.5,.088,,1.7,-2.2,-0.5
2,0,33,806,140,274,.511,140,274,.511,0,0,,50,73,.685,80,109,189,16,16,19,59,78,330
2,1,33,24.4,4.2,8.3,.511,4.2,8.3,.511,0.0,0.0,,1.5,2.2,.685,5.7,0.5,0.5,0.6,1.8,2.4,10.0
2,2,33,806,6.9,13.6,.511,6.9,13.6,.511,0.0,0.0,,2.5,3.6,.685,9.4,0.8,0.8,0.9,2.9,3.9,16.4
2,3,33,806,9.6,18.8,.511,9.6,18.8,.511,0.0,0.0,,3.4,5.0,.685,13.0,1.1,1.1,1.3,4.0,5.3,22.6,,101.0,113.7
2,4,33,806,16.3,.535,.511,.000,.266,311,11.5,15.6,13.5,4.3,1.1,2.2,16.0,22.2,,1.0,0.0,1.1,.052,,-3.0,-4.4,-7.4
3,0,31,297,11,29,.379,11,29,.379,0,0,,1,3,.333,13,34,47,7,4,5,13,54,23
3,1,31,9.6,0.4,0.9,.379,0.4,0.9,.379,0.0,0.0,,0.0,0.1,.333,1.5,0.2,0.1,0.2,0.4,1.7,0.7
3,2,31,297,1.5,3.9,.379,1.5,3.9,.379,0.0,0.0,,0.1,0.4,.333,6.3,0.9,0.5,0.7,1.8,7.3,3.1
3,3,31,297,2.0,5.4,.379,2.0,5.4,.379,0.0,0.0,,0.2,0.6,.333,8.7,1.3,0.7,0.9,2.4,10.0,4.3,,72.7,115.3
3,4,31,297,1.8,.378,.379,.000,.103,29,5.1,13.2,9.1,3.9,0.7,1.6,29.9,7.1,,-0.2,0.0,-0.2,-.029,,-6.8,-2.5,-9.2
4,0,2,41,6,16,.375,5,14,.357,1,2,.500,2,5,.400,6,6,12,1,1,2,7,3,15
4,1,2,20.5,3.0,8.0,.375,2.5,7.0,.357,0.5,1.0,.500,1.0,2.5,.400,6.0,0.5,0.5,1.0,3.5,1.5,7.5
4,2,2,41,5.9,15.6,.375,4.9,13.7,.357,1.0,2.0,.500,2.0,4.9,.400,11.7,1.0,1.0,2.0,6.8,2.9,14.6
4,3,2,41,8.1,21.6,.375,6.7,18.9,.357,1.3,2.7,.500,2.7,6.7,.400,16.2,1.3,1.3,2.7,9.4,4.0,20.2,,71.3,111.5
4,4,2,41,8.6,.408,.406,.125,.313,16,16.9,16.9,16.9,5.0,1.3,4.5,27.6,30.1,,-0.1,0.0,-0.1,-.093,,-10.2,-4.4,-14.6
5,0,33,1078,174,324,.537,170,306,.556,4,18,.222,100,143,.699,86,204,290,47,38,42,96,105,452
5,1,33,32.7,5.3,9.8,.537,5.2,9.3,.556,0.1,0.5,.222,3.0,4.3,.699,8.8,1.4,1.2,1.3,2.9,3.2,13.7
5,2,33,1078,6.5,12.0,.537,6.3,11.4,.556,0.1,0.7,.222,3.7,5.3,.699,10.8,1.7,1.4,1.6,3.6,3.9,16.8
5,3,33,1078,8.9,16.6,.537,8.7,15.7,.556,0.2,0.9,.222,5.1,7.3,.699,14.9,2.4,1.9,2.2,4.9,5.4,23.2,,103.8,108.7
5,4,33,1078,19.4,.577,.543,.056,.441,434,9.2,21.8,15.5,9.2,1.9,3.6,19.7,22.0,,1.7,0.5,2.3,.085,,-1.3,-1.0,-2.3
6,0,17,142,11,36,.306,1,4,.250,10,32,.313,0,0,,2,5,7,5,7,0,10,4,32
6,1,17,8.4,0.6,2.1,.306,0.1,0.2,.250,0.6,1.9,.313,0.0,0.0,,0.4,0.3,0.4,0.0,0.6,0.2,1.9
6,2,17,142,3.1,10.1,.306,0.3,1.1,.250,2.8,9.0,.313,0.0,0.0,,2.0,1.4,2.0,0.0,2.8,1.1,9.0
6,3,17,142,4.3,14.0,.306,0.4,1.6,.250,3.9,12.5,.313,0.0,0.0,,2.7,1.9,2.7,0.0,3.9,1.6,12.5,,78.1,115.9
6,4,17,142,5.4,.444,.444,.889,.000,29,1.6,4.1,2.8,6.3,2.7,0.0,21.7,15.7,,-0.1,0.0,-0.1,-.038,,-4.1,-5.0,-9.0
7,0,33,920,98,235,.417,57,116,.491,41,119,.345,55,71,.775,12,45,57,43,21,0,56,79,292
7,1,33,27.9,3.0,7.1,.417,1.7,3.5,.491,1.2,3.6,.345,1.7,2.2,.775,1.7,1.3,0.6,0.0,1.7,2.4,8.8
7,2,33,920,4.3,10.2,.417,2.5,5.0,.491,1.8,5.2,.345,2.4,3.1,.775,2.5,1.9,0.9,0.0,2.4,3.4,12.7
7,3,33,920,5.9,14.1,.417,3.4,7.0,.491,2.5,7.1,.345,3.3,4.3,.775,3.4,2.6,1.3,0.0,3.4,4.7,17.5,,99.9,118.3
7,4,33,920,9.3,.543,.504,.506,.302,265,1.5,5.6,3.6,8.8,1.3,0.0,17.2,17.1,,0.8,-0.4,0.4,.018,,-1.5,-5.2,-6.8
8,0,18,73,5,16,.313,2,6,.333,3,10,.300,3,4,.750,3,5,8,5,2,1,4,12,16
8,1,18,4.1,0.3,0.9,.313,0.1,0.3,.333,0.2,0.6,.300,0.2,0.2,.750,0.4,0.3,0.1,0.1,0.2,0.7,0.9
8,2,18,73,2.7,8.8,.313,1.1,3.3,.333,1.6,5.5,.300,1.6,2.2,.750,4.4,2.7,1.1,0.5,2.2,6.6,8.8
8,3,18,73,3.8,12.1,.313,1.5,4.5,.333,2.3,7.6,.300,2.3,3.0,.750,6.1,3.8,1.5,0.8,3.0,9.1,12.1,,92.6,115.9
8,4,18,73,6.6,.447,.406,.625,.250,18,4.8,7.9,6.3,12.1,1.5,1.3,18.3,14.6,,0.0,0.0,0.0,.003,,-3.4,-4.6,-8.0
9,0,11,26,3,6,.500,2,3,.667,1,3,.333,0,0,,1,3,4,1,0,0,1,1,7
9,1,11,2.4,0.3,0.5,.500,0.2,0.3,.667,0.1,0.3,.333,0.0,0.0,,0.4,0.1,0.0,0.0,0.1,0.1,0.6
9,2,11,26,4.6,9.2,.500,3.1,4.6,.667,1.5,4.6,.333,0.0,0.0,,6.2,1.5,0.0,0.0,1.5,1.5,10.8
9,3,11,26,6.4,12.8,.500,4.3,6.4,.667,2.1,6.4,.333,0.0,0.0,,8.5,2.1,0.0,0.0,2.1,2.1,14.9,,109.5,118.4
9,4,11,26,11.0,.583,.583,.500,.000,6,4.4,13.3,8.9,7.4,0.0,0.0,14.3,13.1,,0.0,0.0,0.0,.033,,-2.3,-6.3,-8.6
10,0,10,76,4,21,.190,4,16,.250,0,5,.000,9,17,.529,2,1,3,1,1,0,7,5,17
10,1,10,7.6,0.4,2.1,.190,0.4,1.6,.250,0.0,0.5,.000,0.9,1.7,.529,0.3,0.1,0.1,0.0,0.7,0.5,1.7
10,2,10,76,2.1,11.1,.190,2.1,8.4,.250,0.0,2.6,.000,4.7,8.9,.529,1.6,0.5,0.5,0.0,3.7,2.6,8.9
10,3,10,76,2.9,15.3,.190,2.9,11.6,.250,0.0,3.6,.000,6.5,12.4,.529,2.2,0.7,0.7,0.0,5.1,3.6,12.4,,57.6,121.1
10,4,10,76,-3.7,.292,.190,.238,.810,17,3.0,1.5,2.3,2.3,0.7,0.0,19.4,23.1,,-0.2,-0.1,-0.3,-.158,,-12.2,-7.9,-20.1
11,0,33,861,61,153,.399,44,91,.484,17,62,.274,32,40,.800,15,58,73,180,23,3,99,54,171
11,1,33,26.1,1.8,4.6,.399,1.3,2.8,.484,0.5,1.9,.274,1.0,1.2,.800,2.2,5.5,0.7,0.1,3.0,1.6,5.2
11,2,33,861,2.8,7.1,.399,2.0,4.2,.484,0.8,2.9,.274,1.5,1.9,.800,3.4,8.4,1.1,0.1,4.6,2.5,7.9
11,3,33,861,3.9,9.8,.399,2.8,5.8,.484,1.1,4.0,.274,2.1,2.6,.800,4.7,11.6,1.5,0.2,6.4,3.5,11.0,,89.8,117.0
11,4,33,861,9.5,.497,.454,.405,.261,245,2.0,7.8,4.9,37.1,1.5,0.3,36.5,15.3,,0.1,-0.3,-0.2,-.008,,-4.0,-6.0,-9.9
12,0,33,704,83,175,.474,83,171,.485,0,4,.000,68,94,.723,33,62,95,33,20,3,55,71,234
12,1,33,21.3,2.5,5.3,.474,2.5,5.2,.485,0.0,0.1,.000,2.1,2.8,.723,2.9,1.0,0.6,0.1,1.7,2.2,7.1
12,2,33,704,4.7,9.9,.474,4.7,9.7,.485,0.0,0.2,.000,3.9,5.3,.723,5.4,1.9,1.1,0.2,3.1,4.0,13.3
12,3,33,704,6.5,13.7,.474,6.5,13.4,.485,0.0,0.3,.000,5.3,7.4,.723,7.5,2.6,1.6,0.2,4.3,5.6,18.4,,97.6,115.6
12,4,33,704,11.4,.533,.474,.023,.537,228,5.4,10.1,7.8,9.1,1.6,0.4,20.0,19.0,,0.6,-0.1,0.5,.026,,-3.6,-4.0,-7.6
