0,0,37,874,160,367,.436,128,261,.490,32,106,.302,90,138,.652,81,127,208,36,42,12,70,122,442
0,1,37,23.6,4.3,9.9,.436,3.5,7.1,.490,0.9,2.9,.302,2.4,3.7,.652,5.6,1.0,1.1,0.3,1.9,3.3,11.9
0,2,37,874,7.3,16.8,.436,5.9,11.9,.490,1.5,4.9,.302,4.1,6.3,.652,9.5,1.6,1.9,0.5,3.2,5.6,20.2
0,3,37,874,10.2,23.3,.436,8.1,16.6,.490,2.0,6.7,.302,5.7,8.8,.652,13.2,2.3,2.7,0.8,4.4,7.7,28.1,,103.2,91.9
0,4,37,874,17.8,.511,.480,.289,.376,419,9.7,15.6,12.6,8.0,2.7,1.3,13.9,27.0,,1.2,2.2,3.3,.153,,0.1,1.6,1.7
1,0,25,505,103,231,.446,80,160,.500,23,71,.324,52,63,.825,9,37,46,36,20,3,28,22,281
1,1,25,20.2,4.1,9.2,.446,3.2,6.4,.500,0.9,2.8,.324,2.1,2.5,.825,1.8,1.4,0.8,0.1,1.1,0.9,11.2
1,2,25,505,8.2,18.3,.446,6.3,12.7,.500,1.8,5.6,.324,4.1,5.0,.825,3.6,2.9,1.6,0.2,2.2,1.7,22.3
1,3,25,505,11.3,25.4,.446,8.8,17.6,.500,2.5,7.8,.324,5.7,6.9,.825,5.1,4.0,2.2,0.3,3.1,2.4,30.9,,111.0,97.2
1,4,25,505,19.3,.538,.496,.307,.273,246,1.9,7.9,4.8,14.5,2.2,0.6,9.7,26.9,,1.1,1.0,2.1,.167,,1.6,-0.3,1.3
2,0,1,1,0,0,,0,0,,0,0,,0,0,,0,0,0,0,0,0,0,0,0
2,1,1,1.0,0.0,0.0,,0.0,0.0,,0.0,0.0,,0.0,0.0,,0.0,0.0,0.0,0.0,0.0,0.0,0.0
2,2,1,1,0.0,0.0,,0.0,0.0,,0.0,0.0,,0.0,0.0,,0.0,0.0,0.0,0.0,0.0,0.0,0.0
2,3,1,1,0.0,0.0,,0.0,0.0,,0.0,0.0,,0.0,0.0,,0.0,0.0,0.0,0.0,0.0,0.0,0.0,,,105.8
2,4,1,1,0.0,,,,,0,0.0,0.0,0.0,0.0,0.0,0.0,,0.0,,0.0,0.0,0.0,.047,,-4.5,2.3,-2.2
3,0,25,108,7,31,.226,3,9,.333,4,22,.182,2,6,.333,11,16,27,6,2,0,7,7,20
3,1,25,4.3,0.3,1.2,.226,0.1,0.4,.333,0.2,0.9,.182,0.1,0.2,.333,1.1,0.2,0.1,0.0,0.3,0.3,0.8
3,2,25,108,2.6,11.5,.226,1.1,3.3,.333,1.5,8.1,.182,0.7,2.2,.333,10.0,2.2,0.7,0.0,2.6,2.6,7.4
3,3,25,108,3.6,15.9,.226,1.5,4.6,.333,2.1,11.3,.182,1.0,3.1,.333,13.9,3.1,1.0,0.0,3.6,3.6,10.3,,76.2,96.5
3,4,25,108,4.2,.295,.290,.710,.194,27,10.7,15.9,13.3,8.8,1.0,0.0,17.1,17.8,,-0.1,0.2,0.1,.028,,-4.4,0.2,-4.2
4,0,37,1034,172,370,.465,142,258,.550,30,112,.268,164,226,.726,25,109,134,109,53,16,79,61,538
4,1,37,27.9,4.6,10.0,.465,3.8,7.0,.550,0.8,3.0,.268,4.4,6.1,.726,3.6,2.9,1.4,0.4,2.1,1.6,14.5
4,2,37,1034,6.7,14.3,.465,5.5,10.0,.550,1.2,4.3,.268,6.3,8.7,.726,5.2,4.2,2.1,0.6,3.1,2.4,20.8
4,3,37,1034,9.2,19.9,.465,7.6,13.8,.550,1.6,6.0,.268,8.8,12.1,.726,7.2,5.8,2.8,0.9,4.2,3.3,28.9,,113.2,93.7
4,4,37,1034,21.0,.564,.505,.303,.611,515,2.5,11.3,6.9,19.9,2.8,1.5,14.2,25.3,,2.5,2.4,4.9,.190,,3.0,2.5,5.4
5,0,37,768,93,249,.373,54,113,.478,39,136,.287,49,76,.645,45,104,149,33,45,10,39,55,274
5,1,37,20.8,2.5,6.7,.373,1.5,3.1,.478,1.1,3.7,.287,1.3,2.1,.645,4.0,0.9,1.2,0.3,1.1,1.5,7.4
5,2,37,768,4.8,13.0,.373,2.8,5.9,.478,2.0,7.1,.287,2.6,4.0,.645,7.8,1.7,2.3,0.5,2.0,2.9,14.3
5,3,37,768,6.7,18.0,.373,3.9,8.2,.478,2.8,9.8,.287,3.5,5.5,.645,10.8,2.4,3.3,0.7,2.8,4.0,19.8,,102.1,91.6
5,4,37,768,14.5,.481,.452,.546,.305,265,6.2,14.5,10.3,7.5,3.3,1.3,12.0,19.8,,0.7,1.9,2.6,.136,,0.3,2.9,3.2
6,0,37,794,115,226,.509,84,128,.656,31,98,.316,77,108,.713,63,68,131,27,23,12,31,74,338
6,1,37,21.5,3.1,6.1,.509,2.3,3.5,.656,0.8,2.6,.316,2.1,2.9,.713,3.5,0.7,0.6,0.3,0.8,2.0,9.1
6,2,37,794,5.8,11.4,.509,4.2,6.4,.656,1.6,4.9,.316,3.9,5.4,.713,6.6,1.4,1.2,0.6,1.6,3.7,17.0
6,3,37,794,8.0,15.8,.509,5.9,8.9,.656,2.2,6.8,.316,5.4,7.5,.713,9.2,1.9,1.6,0.8,2.2,5.2,23.6,,125.9,97.1
6,4,37,794,18.6,.609,.577,.434,.478,315,8.3,9.2,8.8,6.2,1.6,1.5,10.1,18.3,,2.2,1.6,3.8,.192,,3.9,1.2,5.1
7,0,36,839,104,182,.571,104,182,.571,0,0,,45,90,.500,85,154,239,14,18,109,23,97,253
7,1,36,23.3,2.9,5.1,.571,2.9,5.1,.571,0.0,0.0,,1.3,2.5,.500,6.6,0.4,0.5,3.0,0.6,2.7,7.0
7,2,36,839,5.0,8.7,.571,5.0,8.7,.571,0.0,0.0,,2.1,4.3,.500,11.4,0.7,0.9,5.2,1.1,4.6,12.1
7,3,36,839,6.9,12.0,.571,6.9,12.0,.571,0.0,0.0,,3.0,6.0,.500,15.8,0.9,1.2,7.2,1.5,6.4,16.7,,120.5,87.6
7,4,36,839,20.3,.563,.571,.000,.495,253,10.6,19.7,15.1,2.9,1.2,12.7,9.3,13.9,,1.6,2.4,4.0,.190,,-0.9,8.5,7.6
8,0,31,400,38,70,.543,37,69,.536,1,1,1.000,27,38,.711,24,76,100,5,8,15,14,70,104
8,1,31,12.9,1.2,2.3,.543,1.2,2.2,.536,0.0,0.0,1.000,0.9,1.2,.711,3.2,0.2,0.3,0.5,0.5,2.3,3.4
8,2,31,400,3.8,7.0,.543,3.7,6.9,.536,0.1,0.1,1.000,2.7,3.8,.711,10.0,0.5,0.8,1.5,1.4,7.0,10.4
8,3,31,400,5.3,9.7,.543,5.1,9.6,.536,0.1,0.1,1.000,3.7,5.3,.711,13.9,0.7,1.1,2.1,1.9,9.7,14.4,,117.2,91.8
8,4,31,400,12.6,.591,.550,.014,.543,99,6.3,20.4,13.3,2.1,1.1,3.7,13.7,12.0,,0.6,1.0,1.5,.155,,-2.4,2.9,0.6
9,0,37,830,122,290,.421,34,72,.472,88,218,.404,74,91,.813,16,71,87,36,37,3,30,69,406
9,1,37,22.4,3.3,7.8,.421,0.9,1.9,.472,2.4,5.9,.404,2.0,2.5,.813,2.4,1.0,1.0,0.1,0.8,1.9,11.0
9,2,37,830,5.9,14.0,.421,1.6,3.5,.472,4.2,10.5,.404,3.6,4.4,.813,4.2,1.7,1.8,0.1,1.4,3.3,19.6
9,3,37,830,8.2,19.4,.421,2.3,4.8,.472,5.9,14.6,.404,4.9,6.1,.813,5.8,2.4,2.5,0.2,2.0,4.6,27.1,,125.0,95.9
9,4,37,830,18.6,.609,.572,.752,.314,342,2.0,9.2,5.6,7.9,2.5,0.4,8.3,20.6,,2.4,1.7,4.1,.198,,5.3,0.5,5.8
10,0,36,1093,93,220,.423,55,116,.474,38,104,.365,55,84,.655,25,110,135,278,90,3,86,79,279
10,1,36,30.4,2.6,6.1,.423,1.5,3.2,.474,1.1,2.9,.365,1.5,2.3,.655,3.8,7.7,2.5,0.1,2.4,2.2,7.8
10,2,36,1093,3.4,8.1,.423,2.0,4.2,.474,1.4,3.8,.365,2.0,3.1,.655,4.9,10.2,3.3,0.1,3.1,2.9,10.2
10,3,36,1093,4.7,11.2,.423,2.8,5.9,.474,1.9,5.3,.365,2.8,4.3,.655,6.9,14.1,4.6,0.2,4.4,4.0,14.2,,114.8,90.8
10,4,36,1093,18.4,.537,.509,.473,.382,399,2.4,10.8,6.6,41.6,4.6,0.3,24.9,14.9,,2.1,2.8,4.9,.179,,2.7,3.0,5.7
11,0,28,179,27,48,.563,27,48,.563,0,0,,9,28,.321,26,29,55,2,1,5,15,49,63
11,1,28,6.4,1.0,1.7,.563,1.0,1.7,.563,0.0,0.0,,0.3,1.0,.321,2.0,0.1,0.0,0.2,0.5,1.8,2.3
11,2,28,179,6.0,10.7,.563,6.0,10.7,.563,0.0,0.0,,2.0,6.3,.321,12.3,0.4,0.2,1.1,3.4,10.9,14.1
11,3,28,179,8.4,14.9,.563,8.4,14.9,.563,0.0,0.0,,2.8,8.7,.321,17.0,0.6,0.3,1.5,4.6,15.2,19.5,,96.6,94.7
11,4,28,179,10.9,.514,.563,.000,.583,64,15.3,17.4,16.3,2.0,0.3,2.7,19.7,20.0,,0.1,0.4,0.5,.106,,-4.1,-0.4,-4.5
