0,0,32,990,163,309,.528,151,268,.563,12,41,.293,117,194,.603,86,214,300,52,31,10,111,116,455
0,1,32,30.9,5.1,9.7,.528,4.7,8.4,.563,0.4,1.3,.293,3.7,6.1,.603,9.4,1.6,1.0,0.3,3.5,3.6,14.2
0,2,32,990,6.6,12.5,.528,6.1,10.8,.563,0.5,1.7,.293,4.7,7.8,.603,12.1,2.1,1.3,0.4,4.5,4.7,18.4
0,3,32,990,9.6,18.2,.528,8.9,15.8,.563,0.7,2.4,.293,6.9,11.4,.603,17.7,3.1,1.8,0.6,6.5,6.8,26.8,,101.0,95.5
0,4,32,990,20.1,.567,.547,.133,.628,445,9.8,25.1,17.4,13.2,1.8,1.2,21.7,25.9,,1.4,1.8,3.3,.133,,0.2,1.6,1.9
1,0,27,921,153,395,.387,103,247,.417,50,148,.338,70,96,.729,15,67,82,67,31,1,87,37,426
1,1,27,34.1,5.7,14.6,.387,3.8,9.1,.417,1.9,5.5,.338,2.6,3.6,.729,3.0,2.5,1.1,0.0,3.2,1.4,15.8
1,2,27,921,6.6,17.2,.387,4.5,10.7,.417,2.2,6.4,.338,3.0,4.2,.729,3.6,2.9,1.3,0.0,3.8,1.6,18.5
1,3,27,921,9.7,25.0,.387,6.5,15.6,.417,3.2,9.4,.338,4.4,6.1,.729,5.2,4.2,2.0,0.1,5.5,2.3,27.0,,93.6,102.6
1,4,27,921,14.0,.483,.451,.375,.243,400,1.8,8.4,5.1,18.3,2.0,0.1,16.5,28.6,,0.5,1.1,1.6,.070,,-0.8,-1.4,-2.2
2,0,15,391,47,117,.402,30,65,.462,17,52,.327,27,44,.614,24,53,77,18,13,14,29,44,138
2,1,15,26.1,3.1,7.8,.402,2.0,4.3,.462,1.1,3.5,.327,1.8,2.9,.614,5.1,1.2,0.9,0.9,1.9,2.9,9.2
2,2,15,391,4.8,12.0,.402,3.1,6.6,.462,1.7,5.3,.327,2.8,4.5,.614,7.9,1.8,1.3,1.4,3.0,4.5,14.1
2,3,15,391,7.0,17.4,.402,4.5,9.7,.462,2.5,7.8,.327,4.0,6.6,.614,11.5,2.7,1.9,2.1,4.3,6.6,20.6,,97.3,97.3
2,4,15,391,14.7,.500,.474,.444,.376,135,7.0,15.7,11.3,10.4,1.9,4.2,17.4,21.3,,0.3,0.7,1.0,.099,,-0.8,2.3,1.5
3,0,30,406,24,61,.393,19,47,.404,5,14,.357,28,37,.757,4,44,48,31,12,0,33,37,81
3,1,30,13.5,0.8,2.0,.393,0.6,1.6,.404,0.2,0.5,.357,0.9,1.2,.757,1.6,1.0,0.4,0.0,1.1,1.2,2.7
3,2,30,406,2.4,6.0,.393,1.9,4.6,.404,0.5,1.4,.357,2.8,3.6,.757,4.7,3.1,1.2,0.0,3.3,3.6,8.0
3,3,30,406,3.4,8.8,.393,2.7,6.8,.404,0.7,2.0,.357,4.0,5.3,.757,6.9,4.5,1.7,0.0,4.7,5.3,11.6,,88.5,101.3
3,4,30,406,7.3,.515,.434,.230,.607,88,1.1,12.6,6.8,15.1,1.7,0.0,29.6,13.7,,0.0,0.5,0.5,.050,,-4.4,0.3,-4.1
4,0,31,507,48,155,.310,27,66,.409,21,89,.236,15,27,.556,11,37,48,23,12,2,40,39,132
4,1,31,16.4,1.5,5.0,.310,0.9,2.1,.409,0.7,2.9,.236,0.5,0.9,.556,1.5,0.7,0.4,0.1,1.3,1.3,4.3
4,2,31,507,3.8,12.2,.310,2.1,5.2,.409,1.7,7.0,.236,1.2,2.1,.556,3.8,1.8,0.9,0.2,3.2,3.1,10.4
4,3,31,507,5.5,17.8,.310,3.1,7.6,.409,2.4,10.2,.236,1.7,3.1,.556,5.5,2.6,1.4,0.2,4.6,4.5,15.2,,76.3,103.5
4,4,31,507,4.3,.393,.377,.574,.174,129,2.5,8.5,5.4,9.7,1.4,0.5,19.2,20.5,,-0.6,0.6,-0.1,-.006,,-5.0,-1.4,-6.5
5,0,29,216,19,41,.463,19,41,.463,0,0,,12,24,.500,26,17,43,3,1,4,11,36,50
5,1,29,7.4,0.7,1.4,.463,0.7,1.4,.463,0.0,0.0,,0.4,0.8,.500,1.5,0.1,0.0,0.1,0.4,1.2,1.7
5,2,29,216,3.5,7.6,.463,3.5,7.6,.463,0.0,0.0,,2.2,4.4,.500,8.0,0.6,0.2,0.7,2.0,6.7,9.3
5,3,29,216,5.1,11.1,.463,5.1,11.1,.463,0.0,0.0,,3.2,6.5,.500,11.6,0.8,0.3,1.1,3.0,9.7,13.5,,98.5,104.3
5,4,29,216,9.1,.477,.463,.000,.585,55,13.6,9.1,11.4,2.9,0.3,2.2,17.4,14.7,,0.1,0.2,0.4,.067,,-3.5,-1.0,-4.4
6,0,29,350,22,46,.478,21,42,.500,1,4,.250,8,15,.533,31,44,75,7,12,6,27,75,53
6,1,29,12.1,0.8,1.6,.478,0.7,1.4,.500,0.0,0.1,.250,0.3,0.5,.533,2.6,0.2,0.4,0.2,0.9,2.6,1.8
6,2,29,350,2.5,5.3,.478,2.4,4.8,.500,0.1,0.5,.250,0.9,1.7,.533,8.6,0.8,1.4,0.7,3.1,8.6,6.1
6,3,29,350,3.7,7.7,.478,3.5,7.0,.500,0.2,0.7,.250,1.3,2.5,.533,12.5,1.2,2.0,1.0,4.5,12.5,8.8,,82.7,98.2
6,4,29,350,6.1,.499,.489,.087,.326,62,10.0,14.6,12.3,4.0,2.0,2.0,33.7,11.4,,-0.1,0.6,0.4,.048,,-4.5,2.2,-2.3
7,0,32,942,86,242,.355,41,111,.369,45,131,.344,60,82,.732,11,79,90,76,38,1,89,78,277
7,1,32,29.4,2.7,7.6,.355,1.3,3.5,.369,1.4,4.1,.344,1.9,2.6,.732,2.8,2.4,1.2,0.0,2.8,2.4,8.7
7,2,32,942,3.7,10.3,.355,1.7,4.7,.369,1.9,5.6,.344,2.5,3.5,.732,3.8,3.2,1.6,0.0,3.8,3.3,11.8
7,3,32,942,5.3,15.0,.355,2.5,6.9,.369,2.8,8.1,.344,3.7,5.1,.732,5.6,4.7,2.4,0.1,5.5,4.8,17.1,,89.1,101.0
7,4,32,942,9.2,.493,.448,.541,.339,279,1.3,9.7,5.5,17.1,2.4,0.1,24.1,19.6,,0.0,1.3,1.2,.052,,-1.9,0.2,-1.6
8,0,1,4,0,2,.000,0,1,.000,0,1,.000,0,0,,0,1,1,0,0,0,1,0,0
8,1,1,4.0,0.0,2.0,.000,0.0,1.0,.000,0.0,1.0,.000,0.0,0.0,,1.0,0.0,0.0,0.0,1.0,0.0,0.0
8,2,1,4,0.0,20.0,.000,0.0,10.0,.000,0.0,10.0,.000,0.0,0.0,,10.0,0.0,0.0,0.0,10.0,0.0,0.0
8,3,1,4,0.0,29.2,.000,0.0,14.6,.000,0.0,14.6,.000,0.0,0.0,,14.6,0.0,0.0,0.0,14.6,0.0,0.0,,0.0,99.3
8,4,1,4,-31.8,.000,.000,.500,.000,0,0.0,29.0,14.3,0.0,0.0,0.0,33.3,37.5,,-0.1,0.0,-0.1,-.530,,-33.8,-8.4,-42.2
9,0,6,137,11,25,.440,9,20,.450,2,5,.400,12,16,.750,6,12,18,10,5,3,8,6,36
9,1,6,22.8,1.8,4.2,.440,1.5,3.3,.450,0.3,0.8,.400,2.0,2.7,.750,3.0,1.7,0.8,0.5,1.3,1.0,6.0
9,2,6,137,3.2,7.3,.440,2.6,5.8,.450,0.6,1.5,.400,3.5,4.7,.750,5.3,2.9,1.5,0.9,2.3,1.8,10.5
9,3,6,137,4.7,10.6,.440,3.8,8.5,.450,0.9,2.1,.400,5.1,6.8,.750,7.7,4.3,2.1,1.3,3.4,2.6,15.3,,108.2,100.3
9,4,6,137,14.6,.552,.480,.200,.640,39,5.0,10.2,7.5,15.1,2.1,2.6,19.7,14.8,,0.2,0.2,0.4,.112,,-1.0,1.9,0.9
10,0,29,285,29,57,.509,29,57,.509,0,0,,10,21,.476,38,38,76,4,3,22,31,61,68
10,1,29,9.8,1.0,2.0,.509,1.0,2.0,.509,0.0,0.0,,0.3,0.7,.476,2.6,0.1,0.1,0.8,1.1,2.1,2.3
10,2,29,285,4.1,8.0,.509,4.1,8.0,.509,0.0,0.0,,1.4,2.9,.476,10.7,0.6,0.4,3.1,4.4,8.6,9.5
10,3,29,285,5.9,11.7,.509,5.9,11.7,.509,0.0,0.0,,2.0,4.3,.476,15.5,0.8,0.6,4.5,6.3,12.5,13.9,,83.7,97.4
10,4,29,285,10.0,.508,.509,.000,.368,75,15.1,15.5,15.3,3.0,0.6,9.0,31.6,17.2,,-0.1,0.5,0.3,.047,,-5.9,3.6,-2.3
11,0,10,117,16,29,.552,14,25,.560,2,4,.500,9,15,.600,4,5,9,7,1,0,13,7,43
11,1,10,11.7,1.6,2.9,.552,1.4,2.5,.560,0.2,0.4,.500,0.9,1.5,.600,0.9,0.7,0.1,0.0,1.3,0.7,4.3
11,2,10,117,5.5,9.9,.552,4.8,8.5,.560,0.7,1.4,.500,3.1,5.1,.600,3.1,2.4,0.3,0.0,4.4,2.4,14.7
11,3,10,117,8.0,14.5,.552,7.0,12.5,.560,1.0,2.0,.500,4.5,7.5,.600,4.5,3.5,0.5,0.0,6.5,3.5,21.4,,96.0,107.1
11,4,10,117,11.3,.595,.586,.138,.517,41,3.9,5.0,4.4,14.0,0.5,0.0,26.5,21.0,,0.1,0.1,0.2,.057,,-3.1,-2.8,-5.9
12,0,31,704,60,156,.385,23,63,.365,37,93,.398,32,49,.653,13,63,76,24,11,9,30,61,189
12,1,31,22.7,1.9,5.0,.385,0.7,2.0,.365,1.2,3.0,.398,1.0,1.6,.653,2.5,0.8,0.4,0.3,1.0,2.0,6.1
12,2,31,704,3.4,8.9,.385,1.3,3.6,.365,2.1,5.3,.398,1.8,2.8,.653,4.3,1.4,0.6,0.5,1.7,3.5,10.7
12,3,31,704,5.0,12.9,.385,1.9,5.2,.365,3.1,7.7,.398,2.7,4.1,.653,6.3,2.0,0.9,0.7,2.5,5.1,15.7,,103.5,103.2
12,4,31,704,9.7,.527,.503,.596,.314,174,2.1,10.4,6.2,7.1,0.9,1.5,14.3,14.9,,0.7,0.8,1.5,.083,,-1.0,-0.2,-1.2
13,0,28,430,43,86,.500,42,83,.506,1,3,.333,16,22,.727,28,47,75,9,10,4,20,55,103
13,1,28,15.4,1.5,3.1,.500,1.5,3.0,.506,0.0,0.1,.333,0.6,0.8,.727,2.7,0.3,0.4,0.1,0.7,2.0,3.7
13,2,28,430,4.0,8.0,.500,3.9,7.7,.506,0.1,0.3,.333,1.5,2.0,.727,7.0,0.8,0.9,0.4,1.9,5.1,9.6
13,3,28,430,5.8,11.7,.500,5.7,11.3,.506,0.1,0.4,.333,2.2,3.0,.727,10.2,1.2,1.4,0.5,2.7,7.5,14.0,,102.9,101.3
13,4,28,430,10.7,.534,.506,.035,.256,102,7.4,12.7,10.0,4.5,1.4,1.1,17.2,13.5,,0.4,0.6,0.9,.087,,-2.7,0.5,-2.3
