0,0,32,892,173,368,.470,133,268,.496,40,100,.400,60,84,.714,31,47,78,37,35,2,44,46,446
0,1,32,27.9,5.4,11.5,.470,4.2,8.4,.496,1.3,3.1,.400,1.9,2.6,.714,2.4,1.2,1.1,0.1,1.4,1.4,13.9
0,2,32,892,7.8,16.5,.470,6.0,12.0,.496,1.8,4.5,.400,2.7,3.8,.714,3.5,1.7,1.6,0.1,2.0,2.1,20.0
0,3,32,892,11.4,24.2,.470,8.7,17.6,.496,2.6,6.6,.400,3.9,5.5,.714,5.1,2.4,2.3,0.1,2.9,3.0,29.3,,109.7,104.2
0,4,32,892,19.6,.547,.524,.272,.228,388,3.8,6.2,5.0,9.8,2.3,0.2,9.7,25.4,,2.1,0.9,3.0,.134,,2.3,-2.4,-0.1
1,0,16,101,5,26,.192,1,6,.167,4,20,.200,0,0,,3,5,8,1,3,3,2,13,14
1,1,16,6.3,0.3,1.6,.192,0.1,0.4,.167,0.3,1.3,.200,0.0,0.0,,0.5,0.1,0.2,0.2,0.1,0.8,0.9
1,2,16,101,2.0,10.3,.192,0.4,2.4,.167,1.6,7.9,.200,0.0,0.0,,3.2,0.4,1.2,1.2,0.8,5.1,5.5
1,3,16,101,2.9,15.1,.192,0.6,3.5,.167,2.3,11.6,.200,0.0,0.0,,4.6,0.6,1.7,1.7,1.2,7.5,8.1,,65.8,103.8
1,4,16,101,1.0,.269,.269,.769,.000,14,3.2,5.8,4.5,1.8,1.7,3.1,7.1,13.9,,-0.1,0.1,0.0,-.015,,-5.5,-0.9,-6.4
2,0,33,996,133,309,.430,76,161,.472,57,148,.385,69,91,.758,32,92,124,71,36,0,66,84,392
2,1,33,30.2,4.0,9.4,.430,2.3,4.9,.472,1.7,4.5,.385,2.1,2.8,.758,3.8,2.2,1.1,0.0,2.0,2.5,11.9
2,2,33,996,5.3,12.4,.430,3.1,6.5,.472,2.3,5.9,.385,2.8,3.7,.758,5.0,2.9,1.4,0.0,2.7,3.4,15.7
2,3,33,996,7.8,18.2,.430,4.5,9.5,.472,3.4,8.7,.385,4.1,5.4,.758,7.3,4.2,2.1,0.0,3.9,4.9,23.1,,107.6,102.6
2,4,33,996,16.0,.556,.523,.479,.294,371,3.5,10.9,7.1,14.8,2.1,0.0,15.8,21.1,,1.9,1.1,3.0,.120,,2.2,-1.1,1.1
3,0,34,720,88,253,.348,58,131,.443,30,122,.246,56,92,.609,43,113,156,39,27,15,43,103,262
3,1,34,21.2,2.6,7.4,.348,1.7,3.9,.443,0.9,3.6,.246,1.6,2.7,.609,4.6,1.1,0.8,0.4,1.3,3.0,7.7
3,2,34,720,4.9,14.1,.348,3.2,7.3,.443,1.7,6.8,.246,3.1,5.1,.609,8.7,2.2,1.5,0.8,2.4,5.7,14.6
3,3,34,720,7.2,20.6,.348,4.7,10.7,.443,2.4,9.9,.246,4.6,7.5,.609,12.7,3.2,2.2,1.2,3.5,8.4,21.3,,94.2,97.9
3,4,34,720,13.5,.442,.407,.482,.364,261,6.5,18.5,12.3,11.0,2.2,2.1,12.7,23.7,,0.4,1.2,1.6,.087,,-1.3,-0.1,-1.4
4,0,8,32,2,10,.200,2,4,.500,0,6,.000,0,0,,3,4,7,2,1,0,5,1,4
4,1,8,4.0,0.3,1.3,.200,0.3,0.5,.500,0.0,0.8,.000,0.0,0.0,,0.9,0.3,0.1,0.0,0.6,0.1,0.5
4,2,8,32,2.5,12.5,.200,2.5,5.0,.500,0.0,7.5,.000,0.0,0.0,,8.8,2.5,1.3,0.0,6.3,1.3,5.0
4,3,8,32,3.7,18.3,.200,3.7,7.3,.500,0.0,11.0,.000,0.0,0.0,,12.8,3.7,1.8,0.0,9.2,1.8,7.3,,45.8,101.9
4,4,8,32,-3.5,.200,.200,.600,.000,6,10.2,14.7,12.4,11.3,1.8,0.0,33.3,23.5,,-0.2,0.0,-0.1,-.157,,-11.3,-1.5,-12.8
5,0,34,774,117,289,.405,59,121,.488,58,168,.345,35,57,.614,28,101,129,33,18,6,53,54,327
5,1,34,22.8,3.4,8.5,.405,1.7,3.6,.488,1.7,4.9,.345,1.0,1.7,.614,3.8,1.0,0.5,0.2,1.6,1.6,9.6
5,2,34,774,6.0,14.9,.405,3.0,6.3,.488,3.0,8.7,.345,1.8,2.9,.614,6.7,1.7,0.9,0.3,2.7,2.8,16.9
5,3,34,774,8.9,21.9,.405,4.5,9.2,.488,4.4,12.7,.345,2.7,4.3,.614,9.8,2.5,1.4,0.5,4.0,4.1,24.8,,99.2,102.1
5,4,34,774,14.9,.517,.505,.581,.197,291,3.9,15.4,9.4,9.2,1.4,0.8,14.4,23.9,,0.9,0.9,1.8,.092,,0.3,-2.2,-1.8
6,0,33,445,50,108,.463,50,107,.467,0,1,.000,23,46,.500,35,52,87,8,13,60,13,60,123
6,1,33,13.5,1.5,3.3,.463,1.5,3.2,.467,0.0,0.0,.000,0.7,1.4,.500,2.6,0.2,0.4,1.8,0.4,1.8,3.7
6,2,33,445,4.5,9.7,.463,4.5,9.6,.467,0.0,0.1,.000,2.1,4.1,.500,7.8,0.7,1.2,5.4,1.2,5.4,11.1
6,3,33,445,6.6,14.2,.463,6.6,14.1,.467,0.0,0.1,.000,3.0,6.1,.500,11.5,1.1,1.7,7.9,1.7,7.9,16.2,,103.3,95.3
6,4,33,445,17.6,.474,.463,.009,.426,122,8.6,13.8,11.1,3.6,1.7,13.9,9.1,16.1,,0.5,0.8,1.3,.118,,-3.5,6.4,2.9
7,0,33,529,47,97,.485,44,91,.484,3,6,.500,18,34,.529,42,67,109,10,6,15,22,74,115
7,1,33,16.0,1.4,2.9,.485,1.3,2.8,.484,0.1,0.2,.500,0.5,1.0,.529,3.3,0.3,0.2,0.5,0.7,2.2,3.5
7,2,33,529,3.6,7.3,.485,3.3,6.9,.484,0.2,0.5,.500,1.4,2.6,.529,8.2,0.8,0.5,1.1,1.7,5.6,8.7
7,3,33,529,5.2,10.8,.485,4.9,10.1,.484,0.3,0.7,.500,2.0,3.8,.529,12.1,1.1,0.7,1.7,2.4,8.2,12.7,,102.0,102.3
7,4,33,529,10.3,.508,.500,.062,.351,119,8.7,14.9,11.7,3.6,0.7,2.9,16.3,12.8,,0.4,0.6,1.1,.080,,-3.1,0.1,-3.0
8,0,5,64,8,18,.444,8,17,.471,0,1,.000,7,10,.700,6,6,12,2,1,4,6,12,23
8,1,5,12.8,1.6,3.6,.444,1.6,3.4,.471,0.0,0.2,.000,1.4,2.0,.700,2.4,0.4,0.2,0.8,1.2,2.4,4.6
8,2,5,64,5.0,11.3,.444,5.0,10.6,.471,0.0,0.6,.000,4.4,6.3,.700,7.5,1.3,0.6,2.5,3.8,7.5,14.4
8,3,5,64,7.3,16.5,.444,7.3,15.6,.471,0.0,0.9,.000,6.4,9.2,.700,11.0,1.8,0.9,3.7,5.5,11.0,21.1,,94.6,101.4
8,4,5,64,13.1,.505,.444,.056,.556,23,10.2,11.1,10.6,6.4,0.9,6.4,20.9,22.5,,0.0,0.1,0.1,.075,,-4.3,0.6,-3.6
9,0,34,740,77,204,.377,36,84,.429,41,120,.342,37,60,.617,12,60,72,74,33,3,55,54,232
9,1,34,21.8,2.3,6.0,.377,1.1,2.5,.429,1.2,3.5,.342,1.1,1.8,.617,2.1,2.2,1.0,0.1,1.6,1.6,6.8
9,2,34,740,4.2,11.0,.377,1.9,4.5,.429,2.2,6.5,.342,2.0,3.2,.617,3.9,4.0,1.8,0.2,3.0,2.9,12.5
9,3,34,740,6.1,16.2,.377,2.9,6.7,.429,3.2,9.5,.342,2.9,4.8,.617,5.7,5.9,2.6,0.2,4.4,4.3,18.4,,96.9,101.9
9,4,34,740,12.4,.499,.478,.588,.294,236,1.8,9.6,5.5,19.6,2.6,0.4,19.1,19.5,,0.6,0.9,1.4,.078,,-0.2,-1.1,-1.2
10,0,4,5,1,2,.500,1,2,.500,0,0,,0,0,,0,0,0,0,0,0,0,2,2
10,1,4,1.3,0.3,0.5,.500,0.3,0.5,.500,0.0,0.0,,0.0,0.0,,0.0,0.0,0.0,0.0,0.0,0.5,0.5
10,2,4,5,8.0,16.0,.500,8.0,16.0,.500,0.0,0.0,,0.0,0.0,,0.0,0.0,0.0,0.0,0.0,16.0,16.0
10,3,4,5,11.7,23.5,.500,11.7,23.5,.500,0.0,0.0,,0.0,0.0,,0.0,0.0,0.0,0.0,0.0,23.5,23.5,,105.2,109.8
10,4,4,5,5.4,.500,.500,.000,.000,1,0.0,0.0,0.0,0.0,0.0,0.0,0.0,20.1,,0.0,0.0,0.0,.070,,-4.2,-6.5,-10.7
11,0,34,878,38,118,.322,23,68,.338,15,50,.300,31,48,.646,37,85,122,142,42,5,82,73,122
11,1,34,25.8,1.1,3.5,.322,0.7,2.0,.338,0.4,1.5,.300,0.9,1.4,.646,3.6,4.2,1.2,0.1,2.4,2.1,3.6
11,2,34,878,1.7,5.4,.322,1.0,3.1,.338,0.7,2.3,.300,1.4,2.2,.646,5.6,6.5,1.9,0.2,3.7,3.3,5.6
11,3,34,878,2.5,7.9,.322,1.5,4.5,.338,1.0,3.3,.300,2.1,3.2,.646,8.1,9.5,2.8,0.3,5.5,4.9,8.1,,87.8,100.6
11,4,34,878,9.5,.433,.386,.424,.407,198,4.6,11.4,7.9,28.3,2.8,0.6,36.8,12.7,,-0.1,1.2,1.1,.050,,-2.6,0.9,-1.7
12,0,16,150,16,54,.296,6,19,.316,10,35,.286,4,7,.571,10,20,30,6,5,0,10,17,46
12,1,16,9.4,1.0,3.4,.296,0.4,1.2,.316,0.6,2.2,.286,0.3,0.4,.571,1.9,0.4,0.3,0.0,0.6,1.1,2.9
12,2,16,150,4.3,14.4,.296,1.6,5.1,.316,2.7,9.3,.286,1.1,1.9,.571,8.0,1.6,1.3,0.0,2.7,4.5,12.3
12,3,16,150,6.3,21.1,.296,2.3,7.4,.316,3.9,13.7,.286,1.6,2.7,.571,11.7,2.3,2.0,0.0,3.9,6.6,18.0,,84.5,100.8
12,4,16,150,8.4,.401,.389,.648,.130,46,7.3,15.7,11.3,7.9,2.0,0.0,14.9,22.5,,-0.1,0.2,0.1,.034,,-2.9,-2.6,-5.5
13,0,34,574,94,157,.599,94,157,.599,0,0,,62,91,.681,48,58,106,16,10,12,33,84,250
13,1,34,16.9,2.8,4.6,.599,2.8,4.6,.599,0.0,0.0,,1.8,2.7,.681,3.1,0.5,0.3,0.4,1.0,2.5,7.4
13,2,34,574,6.6,10.9,.599,6.6,10.9,.599,0.0,0.0,,4.3,6.3,.681,7.4,1.1,0.7,0.8,2.3,5.9,17.4
13,3,34,574,9.6,16.0,.599,9.6,16.0,.599,0.0,0.0,,6.3,9.3,.681,10.8,1.6,1.0,1.2,3.4,8.6,25.5,,118.9,103.1
13,4,34,574,19.8,.624,.599,.000,.580,230,9.1,11.9,10.5,6.2,1.0,2.2,14.1,20.4,,1.7,0.6,2.3,.159,,1.0,-1.3,-0.3
