0,0,20,159,11,40,.275,6,17,.353,5,23,.217,2,5,.400,6,11,17,5,3,2,7,11,29
0,1,20,8.0,0.6,2.0,.275,0.3,0.9,.353,0.3,1.2,.217,0.1,0.3,.400,0.9,0.3,0.2,0.1,0.4,0.6,1.5
0,2,20,159,2.8,10.1,.275,1.5,4.3,.353,1.3,5.8,.217,0.5,1.3,.400,4.3,1.3,0.8,0.5,1.8,2.8,7.3
0,3,20,159,4.2,15.2,.275,2.3,6.5,.353,1.9,8.7,.217,0.8,1.9,.400,6.5,1.9,1.1,0.8,2.7,4.2,11.0,,76.9,97.1
0,4,20,159,3.6,.342,.338,.575,.125,30,4.1,7.6,5.9,5.8,1.1,1.4,14.2,15.7,,-0.1,0.3,0.1,.034,,-3.4,1.5,-1.9
1,0,3,11,0,1,.000,0,0,,0,1,.000,0,0,,0,1,1,0,0,0,1,0,0
1,1,3,3.7,0.0,0.3,.000,0.0,0.0,,0.0,0.3,.000,0.0,0.0,,0.3,0.0,0.0,0.0,0.3,0.0,0.0
1,2,3,11,0.0,3.6,.000,0.0,0.0,,0.0,3.6,.000,0.0,0.0,,3.6,0.0,0.0,0.0,3.6,0.0,0.0
1,3,3,11,0.0,5.5,.000,0.0,0.0,,0.0,5.5,.000,0.0,0.0,,5.5,0.0,0.0,0.0,5.5,0.0,0.0,,0.0,99.5
1,4,3,11,-8.1,.000,.000,1.000,.000,0,0.0,10.0,5.0,0.0,0.0,0.0,50.0,9.2,,0.0,0.0,0.0,-.095,,-10.6,0.9,-9.7
2,0,6,26,1,5,.200,1,1,1.000,0,4,.000,1,2,.500,1,3,4,0,0,0,1,3,3
2,1,6,4.3,0.2,0.8,.200,0.2,0.2,1.000,0.0,0.7,.000,0.2,0.3,.500,0.7,0.0,0.0,0.0,0.2,0.5,0.5
2,2,6,26,1.5,7.7,.200,1.5,1.5,1.000,0.0,6.2,.000,1.5,3.1,.500,6.2,0.0,0.0,0.0,1.5,4.6,4.6
2,3,6,26,2.3,11.6,.200,2.3,2.3,1.000,0.0,9.3,.000,2.3,4.6,.500,9.3,0.0,0.0,0.0,2.3,7.0,7.0,,58.7,97.4
2,4,6,26,-2.0,.252,.200,.800,.400,3,4.2,12.7,8.4,0.0,0.0,0.0,14.4,13.5,,0.0,0.0,0.0,-.006,,-6.5,-2.1,-8.6
3,0,32,982,112,285,.393,60,124,.484,52,161,.323,73,97,.753,31,106,137,39,37,19,33,82,349
3,1,32,30.7,3.5,8.9,.393,1.9,3.9,.484,1.6,5.0,.323,2.3,3.0,.753,4.3,1.2,1.2,0.6,1.0,2.6,10.9
3,2,32,982,4.6,11.6,.393,2.4,5.1,.484,2.1,6.6,.323,3.0,4.0,.753,5.6,1.6,1.5,0.8,1.3,3.3,14.2
3,3,32,982,6.9,17.5,.393,3.7,7.6,.484,3.2,9.9,.323,4.5,6.0,.753,8.4,2.4,2.3,1.2,2.0,5.0,21.5,,113.9,92.1
3,4,32,982,16.2,.527,.484,.565,.340,320,3.4,11.9,7.6,8.0,2.3,2.1,9.1,18.7,,2.0,2.2,4.2,.170,,3.6,3.5,7.2
4,0,28,274,27,79,.342,17,38,.447,10,41,.244,7,19,.368,2,23,25,16,13,4,18,31,71
4,1,28,9.8,1.0,2.8,.342,0.6,1.4,.447,0.4,1.5,.244,0.3,0.7,.368,0.9,0.6,0.5,0.1,0.6,1.1,2.5
4,2,28,274,3.9,11.5,.342,2.5,5.5,.447,1.5,6.0,.244,1.0,2.8,.368,3.6,2.3,1.9,0.6,2.6,4.5,10.4
4,3,28,274,5.9,17.4,.342,3.7,8.4,.447,2.2,9.0,.244,1.5,4.2,.368,5.5,3.5,2.9,0.9,4.0,6.8,15.6,,80.7,92.1
4,4,28,274,6.7,.403,.405,.519,.241,68,0.8,9.2,5.0,11.4,2.9,1.6,17.0,19.6,,-0.2,0.6,0.4,.057,,-2.6,2.8,0.1
5,0,4,16,2,6,.333,0,1,.000,2,5,.400,0,0,,1,1,2,2,0,0,2,3,6
5,1,4,4.0,0.5,1.5,.333,0.0,0.3,.000,0.5,1.3,.400,0.0,0.0,,0.5,0.5,0.0,0.0,0.5,0.8,1.5
5,2,4,16,5.0,15.0,.333,0.0,2.5,.000,5.0,12.5,.400,0.0,0.0,,5.0,5.0,0.0,0.0,5.0,7.5,15.0
5,3,4,16,7.5,22.6,.333,0.0,3.8,.000,7.5,18.9,.400,0.0,0.0,,7.5,7.5,0.0,0.0,7.5,11.3,22.6,,94.4,99.8
5,4,4,16,8.2,.500,.500,.833,.000,6,6.8,6.9,6.8,25.8,0.0,0.0,25.0,25.3,,0.0,0.0,0.0,.083,,1.7,-2.0,-0.3
6,0,31,1073,190,333,.571,181,296,.611,9,37,.243,98,168,.583,103,192,295,39,32,38,63,69,487
6,1,31,34.6,6.1,10.7,.571,5.8,9.5,.611,0.3,1.2,.243,3.2,5.4,.583,9.5,1.3,1.0,1.2,2.0,2.2,15.7
6,2,31,1073,7.1,12.4,.571,6.7,11.0,.611,0.3,1.4,.243,3.7,6.3,.583,11.0,1.5,1.2,1.4,2.3,2.6,18.2
6,3,31,1073,10.7,18.7,.571,10.2,16.7,.611,0.5,2.1,.243,5.5,9.5,.583,16.6,2.2,1.8,2.1,3.5,3.9,27.4,,116.9,88.5
6,4,31,1073,25.2,.590,.584,.111,.505,460,10.5,19.6,15.1,8.4,1.8,3.8,13.2,22.4,,3.1,2.8,5.9,.219,,4.5,4.9,9.3
7,0,20,94,10,23,.435,9,22,.409,1,1,1.000,1,3,.333,9,15,24,2,3,3,6,20,22
7,1,20,4.7,0.5,1.2,.435,0.5,1.1,.409,0.1,0.1,1.000,0.1,0.2,.333,1.2,0.1,0.2,0.2,0.3,1.0,1.1
7,2,20,94,4.3,9.8,.435,3.8,9.4,.409,0.4,0.4,1.000,0.4,1.3,.333,10.2,0.9,1.3,1.3,2.6,8.5,9.4
7,3,20,94,6.4,14.8,.435,5.8,14.1,.409,0.6,0.6,1.000,0.6,1.9,.333,15.4,1.3,1.9,1.9,3.9,12.8,14.1,,89.7,88.5
7,4,20,94,9.9,.450,.457,.043,.130,23,10.5,17.5,14.0,4.2,1.9,3.4,19.7,16.4,,0.0,0.2,0.2,.103,,-3.4,3.8,0.4
8,0,26,807,114,301,.379,75,186,.403,39,115,.339,89,122,.730,29,74,103,94,53,1,60,68,356
8,1,26,31.0,4.4,11.6,.379,2.9,7.2,.403,1.5,4.4,.339,3.4,4.7,.730,4.0,3.6,2.0,0.0,2.3,2.6,13.7
8,2,26,807,5.7,14.9,.379,3.7,9.2,.403,1.9,5.7,.339,4.4,6.0,.730,5.1,4.7,2.6,0.0,3.0,3.4,17.6
8,3,26,807,8.5,22.5,.379,5.6,13.9,.403,2.9,8.6,.339,6.7,9.1,.730,7.7,7.0,4.0,0.1,4.5,5.1,26.6,,105.4,90.2
8,4,26,807,19.5,.496,.444,.382,.405,362,3.9,10.1,7.0,24.9,4.0,0.1,14.3,26.2,,1.6,2.0,3.5,.175,,4.5,3.5,8.0
9,0,17,93,4,14,.286,0,4,.000,4,10,.400,12,17,.706,3,2,5,4,4,0,4,12,24
9,1,17,5.5,0.2,0.8,.286,0.0,0.2,.000,0.2,0.6,.400,0.7,1.0,.706,0.3,0.2,0.2,0.0,0.2,0.7,1.4
9,2,17,93,1.7,6.0,.286,0.0,1.7,.000,1.7,4.3,.400,5.2,7.3,.706,2.2,1.7,1.7,0.0,1.7,5.2,10.3
9,3,17,93,2.6,9.1,.286,0.0,2.6,.000,2.6,6.5,.400,7.8,11.0,.706,3.2,2.6,2.6,0.0,2.6,7.8,15.6,,113.3,96.8
9,4,17,93,10.1,.544,.429,.714,1.214,24,3.5,2.4,2.9,7.6,2.6,0.0,15.3,14.2,,0.1,0.2,0.3,.135,,1.9,1.2,3.1
10,0,27,229,13,25,.520,13,25,.520,0,0,,7,10,.700,17,24,41,11,4,19,14,28,33
10,1,27,8.5,0.5,0.9,.520,0.5,0.9,.520,0.0,0.0,,0.3,0.4,.700,1.5,0.4,0.1,0.7,0.5,1.0,1.2
10,2,27,229,2.3,4.4,.520,2.3,4.4,.520,0.0,0.0,,1.2,1.7,.700,7.2,1.9,0.7,3.3,2.4,4.9,5.8
10,3,27,229,3.4,6.6,.520,3.4,6.6,.520,0.0,0.0,,1.8,2.6,.700,10.8,2.9,1.1,5.0,3.7,7.4,8.7,,97.8,91.4
10,4,27,229,11.3,.555,.520,.000,.400,41,8.1,11.5,9.8,8.7,1.1,8.9,32.0,9.7,,0.1,0.5,0.6,.110,,-1.8,8.2,6.3
11,0,30,524,28,70,.400,28,70,.400,0,0,,23,46,.500,69,72,141,14,14,39,23,70,79
11,1,30,17.5,0.9,2.3,.400,0.9,2.3,.400,0.0,0.0,,0.8,1.5,.500,4.7,0.5,0.5,1.3,0.8,2.3,2.6
11,2,30,524,2.1,5.3,.400,2.1,5.3,.400,0.0,0.0,,1.8,3.5,.500,10.8,1.1,1.1,3.0,1.8,5.3,6.0
11,3,30,524,3.2,8.1,.400,3.2,8.1,.400,0.0,0.0,,2.6,5.3,.500,16.2,1.6,1.6,4.5,2.6,8.1,9.1,,99.8,88.7
11,4,30,524,13.2,.430,.400,.000,.657,108,14.4,15.1,14.7,4.8,1.6,8.0,20.0,11.1,,0.3,1.3,1.7,.127,,-1.1,8.0,6.9
12,0,31,579,44,70,.629,44,70,.629,0,0,,14,30,.467,67,86,153,19,25,42,44,74,102
12,1,31,18.7,1.4,2.3,.629,1.4,2.3,.629,0.0,0.0,,0.5,1.0,.467,4.9,0.6,0.8,1.4,1.4,2.4,3.3
12,2,31,579,3.0,4.8,.629,3.0,4.8,.629,0.0,0.0,,1.0,2.1,.467,10.6,1.3,1.7,2.9,3.0,5.1,7.0
12,3,31,579,4.6,7.3,.629,4.6,7.3,.629,0.0,0.0,,1.5,3.1,.467,16.0,2.0,2.6,4.4,4.6,7.7,10.6,,98.4,86.1
12,4,31,579,15.2,.605,.629,.000,.429,123,12.6,16.3,14.5,6.2,2.6,7.8,34.3,11.2,,0.3,1.6,1.9,.134,,-0.1,9.2,9.1
13,0,32,1097,189,460,.411,144,315,.457,45,145,.310,125,161,.776,39,131,170,89,65,5,69,55,548
13,1,32,34.3,5.9,14.4,.411,4.5,9.8,.457,1.4,4.5,.310,3.9,5.0,.776,5.3,2.8,2.0,0.2,2.2,1.7,17.1
13,2,32,1097,6.9,16.8,.411,5.3,11.5,.457,1.6,5.3,.310,4.6,5.9,.776,6.2,3.2,2.4,0.2,2.5,2.0,20.0
13,3,32,1097,10.4,25.3,.411,7.9,17.3,.457,2.5,8.0,.310,6.9,8.9,.776,9.4,4.9,3.6,0.3,3.8,3.0,30.2,,108.8,89.6
13,4,32,1097,22.2,.511,.460,.315,.350,522,3.9,13.1,8.5,18.6,3.6,0.5,11.4,27.9,,2.7,2.7,5.4,.196,,4.7,3.7,8.4
14,0,32,438,36,110,.327,22,58,.379,14,52,.269,16,27,.593,7,34,41,39,11,0,26,35,102
14,1,32,13.7,1.1,3.4,.327,0.7,1.8,.379,0.4,1.6,.269,0.5,0.8,.593,1.3,1.2,0.3,0.0,0.8,1.1,3.2
14,2,32,438,3.3,10.0,.327,2.0,5.3,.379,1.3,4.7,.269,1.5,2.5,.593,3.7,3.6,1.0,0.0,2.4,3.2,9.3
14,3,32,438,5.0,15.2,.327,3.0,8.0,.379,1.9,7.2,.269,2.2,3.7,.593,5.7,5.4,1.5,0.0,3.6,4.8,14.1,,88.8,96.4
14,4,32,438,7.2,.415,.391,.473,.245,109,1.7,8.5,5.1,16.9,1.5,0.0,17.5,17.2,,0.0,0.8,0.8,.070,,-1.7,1.1,-0.6
15,0,4,22,2,5,.400,2,5,.400,0,0,,0,2,.000,2,9,11,1,2,4,3,6,4
15,1,4,5.5,0.5,1.3,.400,0.5,1.3,.400,0.0,0.0,,0.0,0.5,.000,2.8,0.3,0.5,1.0,0.8,1.5,1.0
15,2,4,22,3.6,9.1,.400,3.6,9.1,.400,0.0,0.0,,0.0,3.6,.000,20.0,1.8,3.6,7.3,5.5,10.9,7.3
15,3,4,22,5.5,13.7,.400,5.5,13.7,.400,0.0,0.0,,0.0,5.5,.000,30.2,2.7,5.5,11.0,8.2,16.5,11.0,,59.7,59.0
15,4,4,22,15.6,.336,.400,.000,.400,5,9.9,44.9,27.4,8.8,5.5,19.6,33.5,20.6,,-0.1,0.1,0.0,.087,,-10.0,18.5,8.5
