0,0,24,284,29,79,.367,16,42,.381,13,37,.351,18,21,.857,9,23,32,12,3,5,11,22,89
0,1,24,11.8,1.2,3.3,.367,0.7,1.8,.381,0.5,1.5,.351,0.8,0.9,.857,1.3,0.5,0.1,0.2,0.5,0.9,3.7
0,2,24,284,4.1,11.1,.367,2.3,5.9,.381,1.8,5.2,.351,2.5,3.0,.857,4.5,1.7,0.4,0.7,1.5,3.1,12.5
0,3,24,284,5.9,16.2,.367,3.3,8.6,.381,2.7,7.6,.351,3.7,4.3,.857,6.6,2.5,0.6,1.0,2.3,4.5,18.2,,106.9,109.2
0,4,24,284,11.3,.500,.449,.468,.266,83,3.5,9.1,6.3,8.2,0.6,1.8,11.0,17.2,,0.4,0.2,0.5,.076,,-1.2,-2.7,-3.9
1,0,4,5,0,1,.000,0,0,,0,1,.000,1,2,.500,0,1,1,1,0,0,0,1,1
1,1,4,1.3,0.0,0.3,.000,0.0,0.0,,0.0,0.3,.000,0.3,0.5,.500,0.3,0.3,0.0,0.0,0.0,0.3,0.3
1,2,4,5,0.0,8.0,.000,0.0,0.0,,0.0,8.0,.000,8.0,16.0,.500,8.0,8.0,0.0,0.0,0.0,8.0,8.0
1,3,4,5,0.0,11.6,.000,0.0,0.0,,0.0,11.6,.000,11.6,23.3,.500,11.6,11.6,0.0,0.0,0.0,11.6,11.6,,87.2,105.1
1,4,4,5,6.6,.256,.000,1.000,2.000,1,0.0,22.4,11.1,32.3,0.0,0.0,0.0,19.1,,0.0,0.0,0.0,.030,,-1.0,-4.2,-5.2
2,0,26,588,78,204,.382,47,123,.382,31,81,.383,31,46,.674,20,37,57,37,20,3,24,39,218
2,1,26,22.6,3.0,7.8,.382,1.8,4.7,.382,1.2,3.1,.383,1.2,1.8,.674,2.2,1.4,0.8,0.1,0.9,1.5,8.4
2,2,26,588,5.3,13.9,.382,3.2,8.4,.382,2.1,5.5,.383,2.1,3.1,.674,3.9,2.5,1.4,0.2,1.6,2.7,14.8
2,3,26,588,7.7,20.2,.382,4.6,12.2,.382,3.1,8.0,.383,3.1,4.5,.674,5.6,3.7,2.0,0.3,2.4,3.9,21.6,,105.1,107.7
2,4,26,588,13.9,.483,.458,.397,.225,203,3.7,7.0,5.4,13.0,2.0,0.5,9.6,20.8,,0.9,0.4,1.3,.086,,0.5,-2.4,-1.9
3,0,30,315,29,65,.446,29,64,.453,0,1,.000,22,43,.512,22,29,51,14,6,4,12,57,80
3,1,30,10.5,1.0,2.2,.446,1.0,2.1,.453,0.0,0.0,.000,0.7,1.4,.512,1.7,0.5,0.2,0.1,0.4,1.9,2.7
3,2,30,315,3.7,8.3,.446,3.7,8.1,.453,0.0,0.1,.000,2.8,5.5,.512,6.5,1.8,0.8,0.5,1.5,7.2,10.2
3,3,30,315,5.4,12.0,.446,5.4,11.8,.453,0.0,0.2,.000,4.1,7.9,.512,9.4,2.6,1.1,0.7,2.2,10.5,14.8,,102.4,107.3
3,4,30,315,9.7,.468,.446,.015,.662,83,7.7,10.3,9.0,8.4,1.1,1.3,12.3,15.1,,0.3,0.2,0.5,.068,,-2.5,-1.4,-3.9
4,0,6,175,21,59,.356,16,38,.421,5,21,.238,14,16,.875,5,16,21,13,9,1,13,12,61
4,1,6,29.2,3.5,9.8,.356,2.7,6.3,.421,0.8,3.5,.238,2.3,2.7,.875,3.5,2.2,1.5,0.2,2.2,2.0,10.2
4,2,6,175,4.8,13.5,.356,3.7,8.7,.421,1.1,4.8,.238,3.2,3.7,.875,4.8,3.0,2.1,0.2,3.0,2.7,13.9
4,3,6,175,7.0,19.6,.356,5.3,12.6,.421,1.7,7.0,.238,4.7,5.3,.875,7.0,4.3,3.0,0.3,4.3,4.0,20.3,,93.8,104.1
4,4,6,175,12.6,.458,.398,.356,.271,60,3.1,10.2,6.7,14.9,3.0,0.6,16.3,22.3,,0.1,0.2,0.3,.060,,-1.7,-1.0,-2.7
5,0,28,612,55,131,.420,37,75,.493,18,56,.321,26,44,.591,23,65,88,32,18,3,26,46,154
5,1,28,21.9,2.0,4.7,.420,1.3,2.7,.493,0.6,2.0,.321,0.9,1.6,.591,3.1,1.1,0.6,0.1,0.9,1.6,5.5
5,2,28,612,3.6,8.6,.420,2.4,4.9,.493,1.2,3.7,.321,1.7,2.9,.591,5.8,2.1,1.2,0.2,1.7,3.0,10.1
5,3,28,612,5.2,12.4,.420,3.5,7.1,.493,1.7,5.3,.321,2.5,4.2,.591,8.4,3.0,1.7,0.3,2.5,4.4,14.6,,103.9,106.2
5,4,28,612,11.2,.507,.489,.427,.336,151,4.1,11.9,8.0,9.9,1.7,0.5,14.6,14.2,,0.6,0.5,1.1,.073,,-0.6,-0.9,-1.5
6,0,18,270,21,56,.375,21,56,.375,0,0,,26,35,.743,18,33,51,12,10,11,17,41,68
6,1,18,15.0,1.2,3.1,.375,1.2,3.1,.375,0.0,0.0,,1.4,1.9,.743,2.8,0.7,0.6,0.6,0.9,2.3,3.8
6,2,18,270,3.1,8.3,.375,3.1,8.3,.375,0.0,0.0,,3.9,5.2,.743,7.6,1.8,1.5,1.6,2.5,6.1,10.1
6,3,18,270,4.5,12.1,.375,4.5,12.1,.375,0.0,0.0,,5.6,7.5,.743,11.0,2.6,2.2,2.4,3.7,8.8,14.6,,96.0,102.2
6,4,18,270,11.5,.468,.375,.000,.625,72,7.3,13.7,10.5,8.2,2.2,4.1,19.0,16.3,,0.1,0.3,0.5,.070,,-3.7,1.7,-2.0
7,0,25,614,82,166,.494,82,161,.509,0,5,.000,63,87,.724,45,98,143,22,16,12,72,74,227
7,1,25,24.6,3.3,6.6,.494,3.3,6.4,.509,0.0,0.2,.000,2.5,3.5,.724,5.7,0.9,0.6,0.5,2.9,3.0,9.1
7,2,25,614,5.3,10.8,.494,5.3,10.5,.509,0.0,0.3,.000,4.1,5.7,.724,9.3,1.4,1.0,0.8,4.7,4.8,14.8
7,3,25,614,7.8,15.7,.494,7.8,15.2,.509,0.0,0.5,.000,6.0,8.2,.724,13.5,2.1,1.5,1.1,6.8,7.0,21.5,,92.3,103.1
7,4,25,614,13.4,.547,.494,.030,.524,217,8.1,17.9,12.9,7.4,1.5,2.0,25.8,22.3,,0.2,0.7,0.9,.058,,-3.6,-0.4,-3.9
8,0,32,991,126,320,.394,87,207,.420,39,113,.345,49,69,.710,44,74,118,95,31,7,57,67,340
8,1,32,31.0,3.9,10.0,.394,2.7,6.5,.420,1.2,3.5,.345,1.5,2.2,.710,3.7,3.0,1.0,0.2,1.8,2.1,10.6
8,2,32,991,5.1,12.9,.394,3.5,8.4,.420,1.6,4.6,.345,2.0,2.8,.710,4.8,3.8,1.3,0.3,2.3,2.7,13.7
8,3,32,991,7.4,18.8,.394,5.1,12.1,.420,2.3,6.6,.345,2.9,4.0,.710,6.9,5.6,1.8,0.4,3.3,3.9,19.9,,103.2,107.4
8,4,32,991,14.1,.482,.455,.353,.216,346,4.9,8.4,6.6,19.5,1.8,0.7,13.9,20.3,,1.3,0.7,2.0,.082,,0.8,-1.4,-0.6
9,0,3,3,0,0,,0,0,,0,0,,0,0,,0,0,0,0,0,0,0,1,0
9,1,3,1.0,0.0,0.0,,0.0,0.0,,0.0,0.0,,0.0,0.0,,0.0,0.0,0.0,0.0,0.0,0.3,0.0
9,2,3,3,0.0,0.0,,0.0,0.0,,0.0,0.0,,0.0,0.0,,0.0,0.0,0.0,0.0,0.0,13.3,0.0
9,3,3,3,0.0,0.0,,0.0,0.0,,0.0,0.0,,0.0,0.0,,0.0,0.0,0.0,0.0,0.0,19.4,0.0,,,114.1
9,4,3,3,-5.7,,,,,0,0.0,0.0,0.0,0.0,0.0,0.0,,0.0,,0.0,0.0,0.0,.003,,-5.4,-0.8,-6.1
10,0,15,100,9,23,.391,9,23,.391,0,0,,4,10,.400,13,12,25,2,7,5,3,8,22
10,1,15,6.7,0.6,1.5,.391,0.6,1.5,.391,0.0,0.0,,0.3,0.7,.400,1.7,0.1,0.5,0.3,0.2,0.5,1.5
10,2,15,100,3.6,9.2,.391,3.6,9.2,.391,0.0,0.0,,1.6,4.0,.400,10.0,0.8,2.8,2.0,1.2,3.2,8.8
10,3,15,100,5.2,13.4,.391,5.2,13.4,.391,0.0,0.0,,2.3,5.8,.400,14.5,1.2,4.1,2.9,1.7,4.7,12.8,,97.1,97.9
10,4,15,100,15.9,.396,.391,.000,.435,25,14.3,13.4,13.9,3.8,4.1,5.0,9.8,15.1,,0.1,0.2,0.2,.088,,-2.7,2.7,0.0
11,0,31,710,67,115,.583,67,114,.588,0,1,.000,17,40,.425,69,96,165,30,21,38,30,96,151
11,1,31,22.9,2.2,3.7,.583,2.2,3.7,.588,0.0,0.0,.000,0.5,1.3,.425,5.3,1.0,0.7,1.2,1.0,3.1,4.9
11,2,31,710,3.8,6.5,.583,3.8,6.4,.588,0.0,0.1,.000,1.0,2.3,.425,9.3,1.7,1.2,2.1,1.7,5.4,8.5
11,3,31,710,5.5,9.4,.583,5.5,9.3,.588,0.0,0.1,.000,1.4,3.3,.425,13.5,2.5,1.7,3.1,2.5,7.9,12.4,,111.4,101.9
11,4,31,710,14.9,.563,.583,.009,.348,165,10.7,15.1,12.9,8.1,1.7,5.4,18.3,11.3,,0.9,0.9,1.8,.102,,-0.3,3.2,2.9
12,0,1,12,1,1,1.000,1,1,1.000,0,0,,2,4,.500,2,1,3,0,0,0,1,1,4
12,1,1,12.0,1.0,1.0,1.000,1.0,1.0,1.000,0.0,0.0,,2.0,4.0,.500,3.0,0.0,0.0,0.0,1.0,1.0,4.0
12,2,1,12,3.3,3.3,1.000,3.3,3.3,1.000,0.0,0.0,,6.7,13.3,.500,10.0,0.0,0.0,0.0,3.3,3.3,13.3
12,3,1,12,4.8,4.8,1.000,4.8,4.8,1.000,0.0,0.0,,9.7,19.4,.500,14.5,0.0,0.0,0.0,4.8,4.8,19.4,,113.0,111.3
12,4,1,12,16.1,.690,1.000,.000,4.000,4,18.4,9.3,13.9,0.0,0.0,0.0,25.6,15.9,,0.0,0.0,0.0,.094,,-0.9,-7.1,-8.0
13,0,10,24,1,10,.100,1,3,.333,0,7,.000,0,0,,0,1,1,3,2,0,0,4,2
13,1,10,2.4,0.1,1.0,.100,0.1,0.3,.333,0.0,0.7,.000,0.0,0.0,,0.1,0.3,0.2,0.0,0.0,0.4,0.2
13,2,10,24,1.7,16.7,.100,1.7,5.0,.333,0.0,11.7,.000,0.0,0.0,,1.7,5.0,3.3,0.0,0.0,6.7,3.3
13,3,10,24,2.4,24.2,.100,2.4,7.3,.333,0.0,17.0,.000,0.0,0.0,,2.4,7.3,4.8,0.0,0.0,9.7,4.8,,44.9,102.2
13,4,10,24,-3.5,.100,.100,.700,.000,3,0.0,4.7,2.3,21.7,4.8,0.0,0.0,20.4,,-0.1,0.0,-0.1,-.101,,-7.6,-2.9,-10.5
14,0,30,912,121,290,.417,116,251,.462,5,39,.128,137,186,.737,51,120,171,115,50,15,104,65,384
14,1,30,30.4,4.0,9.7,.417,3.9,8.4,.462,0.2,1.3,.128,4.6,6.2,.737,5.7,3.8,1.7,0.5,3.5,2.2,12.8
14,2,30,912,5.3,12.7,.417,5.1,11.0,.462,0.2,1.7,.128,6.0,8.2,.737,7.5,5.0,2.2,0.7,4.6,2.9,16.8
14,3,30,912,7.7,18.5,.417,7.4,16.0,.462,0.3,2.5,.128,8.7,11.9,.737,10.9,7.3,3.2,1.0,6.6,4.1,24.5,,98.8,101.1
14,4,30,912,19.0,.507,.426,.134,.641,408,6.2,14.7,10.4,26.0,3.2,1.6,21.6,25.9,,1.1,1.2,2.3,.101,,0.4,1.4,1.7
15,0,27,910,167,349,.479,129,248,.520,38,101,.376,92,120,.767,37,140,177,48,23,26,78,71,464
15,1,27,33.7,6.2,12.9,.479,4.8,9.2,.520,1.4,3.7,.376,3.4,4.4,.767,6.6,1.8,0.9,1.0,2.9,2.6,17.2
15,2,27,910,7.3,15.3,.479,5.7,10.9,.520,1.7,4.4,.376,4.0,5.3,.767,7.8,2.1,1.0,1.1,3.4,3.1,20.4
15,3,27,910,10.7,22.3,.479,8.2,15.8,.520,2.4,6.5,.376,5.9,7.7,.767,11.3,3.1,1.5,1.7,5.0,4.5,29.6,,107.3,103.2
15,4,27,910,20.7,.571,.533,.289,.344,410,4.5,17.2,10.8,12.1,1.5,2.9,16.1,26.1,,1.9,1.0,3.0,.130,,1.8,-0.3,1.5
