0,0,26,708,86,215,.400,72,177,.407,14,38,.368,65,82,.793,23,66,89,38,17,10,49,44,251
0,1,26,27.2,3.3,8.3,.400,2.8,6.8,.407,0.5,1.5,.368,2.5,3.2,.793,3.4,1.5,0.7,0.4,1.9,1.7,9.7
0,2,26,708,4.9,12.1,.400,4.1,10.0,.407,0.8,2.1,.368,3.7,4.6,.793,5.0,2.1,1.0,0.6,2.8,2.5,14.2
0,3,26,708,7.7,19.3,.400,6.5,15.9,.407,1.3,3.4,.368,5.8,7.4,.793,8.0,3.4,1.5,0.9,4.4,4.0,22.5,,97.3,114.4
0,4,26,708,13.2,.494,.433,.177,.381,237,3.9,11.7,7.7,12.8,1.5,1.7,16.2,23.1,,0.6,0.1,0.6,.036,,-1.1,-1.6,-2.7
1,0,31,651,26,81,.321,15,43,.349,11,38,.289,11,17,.647,12,49,61,113,40,0,46,55,74
1,1,31,21.0,0.8,2.6,.321,0.5,1.4,.349,0.4,1.2,.289,0.4,0.5,.647,2.0,3.6,1.3,0.0,1.5,1.8,2.4
1,2,31,651,1.6,5.0,.321,0.9,2.6,.349,0.7,2.3,.289,0.7,1.0,.647,3.7,6.9,2.5,0.0,2.8,3.4,4.5
1,3,31,651,2.5,7.9,.321,1.5,4.2,.349,1.1,3.7,.289,1.1,1.7,.647,6.0,11.0,3.9,0.0,4.5,5.4,7.2,,90.4,110.7
1,4,31,651,10.1,.415,.389,.469,.210,123,2.2,9.4,5.7,34.5,3.9,0.0,34.1,11.2,,0.0,0.3,0.3,.020,,-1.5,-1.2,-2.6
2,0,29,421,42,118,.356,10,39,.256,32,79,.405,7,8,.875,9,29,38,21,7,0,16,21,123
2,1,29,14.5,1.4,4.1,.356,0.3,1.3,.256,1.1,2.7,.405,0.2,0.3,.875,1.3,0.7,0.2,0.0,0.6,0.7,4.2
2,2,29,421,4.0,11.2,.356,1.0,3.7,.256,3.0,7.5,.405,0.7,0.8,.875,3.6,2.0,0.7,0.0,1.5,2.0,11.7
2,3,29,421,6.3,17.8,.356,1.5,5.9,.256,4.8,11.9,.405,1.1,1.2,.875,5.7,3.2,1.1,0.0,2.4,3.2,18.6,,104.0,117.7
2,4,29,421,10.6,.505,.492,.669,.068,111,2.6,8.6,5.5,11.3,1.1,0.0,11.6,17.6,,0.5,-0.1,0.4,.036,,1.1,-4.0,-2.9
3,0,28,272,13,48,.271,7,27,.259,6,21,.286,7,10,.700,7,30,37,6,8,5,16,28,39
3,1,28,9.7,0.5,1.7,.271,0.3,1.0,.259,0.2,0.8,.286,0.3,0.4,.700,1.3,0.2,0.3,0.2,0.6,1.0,1.4
3,2,28,272,1.9,7.1,.271,1.0,4.0,.259,0.9,3.1,.286,1.0,1.5,.700,5.4,0.9,1.2,0.7,2.4,4.1,5.7
3,3,28,272,3.0,11.2,.271,1.6,6.3,.259,1.4,4.9,.286,1.6,2.3,.700,8.7,1.4,1.9,1.2,3.7,6.5,9.1,,70.0,112.3
3,4,28,272,3.3,.370,.333,.438,.208,39,3.1,13.8,8.3,4.5,1.9,2.2,23.3,13.6,,-0.3,0.1,-0.3,-.037,,-5.4,-0.4,-5.8
4,0,31,796,70,178,.393,38,92,.413,32,86,.372,33,49,.673,33,95,128,57,26,5,47,56,205
4,1,31,25.7,2.3,5.7,.393,1.2,3.0,.413,1.0,2.8,.372,1.1,1.6,.673,4.1,1.8,0.8,0.2,1.5,1.8,6.6
4,2,31,796,3.5,8.9,.393,1.9,4.6,.413,1.6,4.3,.372,1.7,2.5,.673,6.4,2.9,1.3,0.3,2.4,2.8,10.3
4,3,31,796,5.6,14.2,.393,3.0,7.4,.413,2.6,6.9,.372,2.6,3.9,.673,10.2,4.6,2.1,0.4,3.8,4.5,16.4,,100.0,112.2
4,4,31,796,12.6,.509,.483,.483,.275,209,5.0,15.0,9.9,15.8,2.1,0.8,18.9,16.8,,0.7,0.3,0.9,.046,,1.0,-0.5,0.6
5,0,1,15,1,1,1.000,1,1,1.000,0,0,,0,0,,0,1,1,0,0,0,0,4,2
5,1,1,15.0,1.0,1.0,1.000,1.0,1.0,1.000,0.0,0.0,,0.0,0.0,,1.0,0.0,0.0,0.0,0.0,4.0,2.0
5,2,1,15,2.7,2.7,1.000,2.7,2.7,1.000,0.0,0.0,,0.0,0.0,,2.7,0.0,0.0,0.0,0.0,10.7,5.3
5,3,1,15,4.2,4.2,1.000,4.2,4.2,1.000,0.0,0.0,,0.0,0.0,,4.2,0.0,0.0,0.0,0.0,17.0,8.5,,200.0,119.1
5,4,1,15,3.8,1.000,1.000,.000,.000,1,0.0,8.4,4.1,0.0,0.0,0.0,0.0,3.6,,0.0,0.0,0.0,.042,,-0.8,-4.3,-5.1
6,0,17,256,18,41,.439,14,29,.483,4,12,.333,6,12,.500,8,20,28,36,13,0,30,27,46
6,1,17,15.1,1.1,2.4,.439,0.8,1.7,.483,0.2,0.7,.333,0.4,0.7,.500,1.6,2.1,0.8,0.0,1.8,1.6,2.7
6,2,17,256,2.8,6.4,.439,2.2,4.5,.483,0.6,1.9,.333,0.9,1.9,.500,4.4,5.6,2.0,0.0,4.7,4.2,7.2
6,3,17,256,4.5,10.2,.439,3.5,7.2,.483,1.0,3.0,.333,1.5,3.0,.500,7.0,8.9,3.2,0.0,7.5,6.7,11.4,,80.8,112.0
6,4,17,256,8.2,.493,.488,.293,.293,59,3.8,9.8,6.7,29.8,3.2,0.0,39.1,16.1,,-0.2,0.1,-0.1,-.018,,-2.9,-1.4,-4.3
7,0,31,829,113,220,.514,96,170,.565,17,50,.340,64,87,.736,62,102,164,24,4,47,40,72,307
7,1,31,26.7,3.6,7.1,.514,3.1,5.5,.565,0.5,1.6,.340,2.1,2.8,.736,5.3,0.8,0.1,1.5,1.3,2.3,9.9
7,2,31,829,5.5,10.6,.514,4.6,8.2,.565,0.8,2.4,.340,3.1,4.2,.736,7.9,1.2,0.2,2.3,1.9,3.5,14.8
7,3,31,829,8.7,16.9,.514,7.4,13.0,.565,1.3,3.8,.340,4.9,6.7,.736,12.6,1.8,0.3,3.6,3.1,5.5,23.6,,115.5,113.0
7,4,31,829,19.6,.587,.552,.227,.395,282,9.0,15.4,12.1,7.1,0.3,6.9,13.3,19.6,,1.9,0.2,2.1,.103,,2.2,0.5,2.7
8,0,8,48,1,5,.200,0,0,,1,5,.200,2,4,.500,0,3,3,6,6,1,6,7,5
8,1,8,6.0,0.1,0.6,.200,0.0,0.0,,0.1,0.6,.200,0.3,0.5,.500,0.4,0.8,0.8,0.1,0.8,0.9,0.6
8,2,8,48,0.8,4.2,.200,0.0,0.0,,0.8,4.2,.200,1.7,3.3,.500,2.5,5.0,5.0,0.8,5.0,5.8,4.2
8,3,8,48,1.3,6.6,.200,0.0,0.0,,1.3,6.6,.200,2.7,5.3,.500,4.0,8.0,8.0,1.3,8.0,9.3,6.6,,59.7,100.6
8,4,8,48,6.3,.362,.300,1.000,.800,7,0.0,7.8,3.8,24.0,8.0,2.5,46.5,14.5,,-0.1,0.1,0.0,-.038,,-4.5,3.3,-1.3
9,0,30,824,75,184,.408,75,184,.408,0,0,,68,104,.654,89,78,167,32,40,8,52,86,218
9,1,30,27.5,2.5,6.1,.408,2.5,6.1,.408,0.0,0.0,,2.3,3.5,.654,5.6,1.1,1.3,0.3,1.7,2.9,7.3
9,2,30,824,3.6,8.9,.408,3.6,8.9,.408,0.0,0.0,,3.3,5.0,.654,8.1,1.6,1.9,0.4,2.5,4.2,10.6
9,3,30,824,5.8,14.2,.408,5.8,14.2,.408,0.0,0.0,,5.2,8.0,.654,12.9,2.5,3.1,0.6,4.0,6.6,16.8,,97.4,110.8
9,4,30,824,13.9,.467,.408,.000,.565,240,13.0,11.9,12.4,8.6,3.1,1.2,18.2,18.7,,0.6,0.4,0.9,.046,,-0.3,0.6,0.3
10,0,27,764,160,361,.443,123,256,.480,37,105,.352,129,163,.791,21,55,76,45,21,5,63,42,486
10,1,27,28.3,5.9,13.4,.443,4.6,9.5,.480,1.4,3.9,.352,4.8,6.0,.791,2.8,1.7,0.8,0.2,2.3,1.6,18.0
10,2,27,764,8.4,18.9,.443,6.4,13.4,.480,1.9,5.5,.352,6.8,8.5,.791,4.0,2.4,1.1,0.3,3.3,2.2,25.4
10,3,27,764,13.3,30.1,.443,10.2,21.3,.480,3.1,8.7,.352,10.7,13.6,.791,6.3,3.7,1.7,0.4,5.2,3.5,40.5,,109.0,115.6
10,4,27,764,23.8,.554,.494,.291,.452,423,3.3,9.0,6.1,17.7,1.7,0.8,12.6,35.4,,2.3,0.0,2.3,.120,,5.3,-4.2,1.1
11,0,24,481,63,139,.453,63,138,.457,0,1,.000,11,28,.393,29,67,96,6,5,25,33,68,137
11,1,24,20.0,2.6,5.8,.453,2.6,5.8,.457,0.0,0.0,.000,0.5,1.2,.393,4.0,0.3,0.2,1.0,1.4,2.8,5.7
11,2,24,481,5.2,11.6,.453,5.2,11.5,.457,0.0,0.1,.000,0.9,2.3,.393,8.0,0.5,0.4,2.1,2.7,5.7,11.4
11,3,24,481,8.3,18.4,.453,8.3,18.2,.457,0.0,0.1,.000,1.5,3.7,.393,12.7,0.8,0.7,3.3,4.4,9.0,18.1,,83.4,111.3
11,4,24,481,9.5,.450,.453,.007,.201,124,7.2,17.5,12.2,3.0,0.7,6.3,17.8,20.8,,-0.3,0.2,-0.1,-.008,,-5.8,-0.3,-6.1
12,0,15,109,8,22,.364,2,6,.333,6,16,.375,3,5,.600,5,4,9,4,0,1,7,14,25
12,1,15,7.3,0.5,1.5,.364,0.1,0.4,.333,0.4,1.1,.375,0.2,0.3,.600,0.6,0.3,0.0,0.1,0.5,0.9,1.7
12,2,15,109,2.9,8.1,.364,0.7,2.2,.333,2.2,5.9,.375,1.1,1.8,.600,3.3,1.5,0.0,0.4,2.6,5.1,9.2
12,3,15,109,4.7,12.8,.364,1.2,3.5,.333,3.5,9.3,.375,1.8,2.9,.600,5.3,2.3,0.0,0.6,4.1,8.2,14.6,,93.0,121.0
12,4,15,109,5.2,.513,.500,.727,.227,24,5.5,4.6,5.1,7.8,0.0,1.1,22.3,15.5,,0.0,-0.1,0.0,-.011,,-1.1,-4.2,-5.3
13,0,16,76,2,9,.222,2,8,.250,0,1,.000,6,10,.600,3,4,7,0,1,1,2,16,10
13,1,16,4.8,0.1,0.6,.222,0.1,0.5,.250,0.0,0.1,.000,0.4,0.6,.600,0.4,0.0,0.1,0.1,0.1,1.0,0.6
13,2,16,76,1.1,4.7,.222,1.1,4.2,.250,0.0,0.5,.000,3.2,5.3,.600,3.7,0.0,0.5,0.5,1.1,8.4,5.3
13,3,16,76,1.7,7.5,.222,1.7,6.7,.250,0.0,0.8,.000,5.0,8.4,.600,5.9,0.0,0.8,0.8,1.7,13.4,8.4,,82.2,117.5
13,4,16,76,0.8,.364,.222,.111,1.111,10,4.7,6.6,5.6,0.0,0.8,1.6,12.7,11.2,,0.0,0.0,0.0,-.023,,-5.7,-3.5,-9.2
