0,0,28,582,65,171,.380,41,87,.471,24,84,.286,8,11,.727,19,43,62,21,14,6,25,49,162
0,1,28,20.8,2.3,6.1,.380,1.5,3.1,.471,0.9,3.0,.286,0.3,0.4,.727,2.2,0.8,0.5,0.2,0.9,1.8,5.8
0,2,28,582,4.5,11.8,.380,2.8,6.0,.471,1.6,5.8,.286,0.5,0.8,.727,4.3,1.4,1.0,0.4,1.7,3.4,11.1
0,3,28,582,6.3,16.5,.380,4.0,8.4,.471,2.3,8.1,.286,0.8,1.1,.727,6.0,2.0,1.4,0.6,2.4,4.7,15.7,,95.2,115.0
0,4,28,582,8.2,.460,.450,.491,.064,151,3.5,8.6,6.0,6.6,1.4,1.0,12.4,16.6,,0.1,0.2,0.3,.022,,-1.7,-1.5,-3.2
1,0,19,358,71,133,.534,71,131,.542,0,2,.000,19,29,.655,31,37,68,23,9,5,18,53,161
1,1,19,18.8,3.7,7.0,.534,3.7,6.9,.542,0.0,0.1,.000,1.0,1.5,.655,3.6,1.2,0.5,0.3,0.9,2.8,8.5
1,2,19,358,7.9,14.9,.534,7.9,14.6,.542,0.0,0.2,.000,2.1,3.2,.655,7.6,2.6,1.0,0.6,2.0,5.9,18.0
1,3,19,358,11.2,20.9,.534,11.2,20.6,.542,0.0,0.3,.000,3.0,4.6,.655,10.7,3.6,1.4,0.8,2.8,8.3,25.3,,113.7,113.0
1,4,19,358,18.8,.548,.534,.015,.218,155,9.4,12.1,10.7,13.9,1.4,1.4,10.9,22.1,,0.8,0.2,1.0,.108,,1.4,-1.0,0.4
2,0,8,195,23,51,.451,21,42,.500,2,9,.222,10,14,.714,14,18,32,11,4,2,13,17,58
2,1,8,24.4,2.9,6.4,.451,2.6,5.3,.500,0.3,1.1,.222,1.3,1.8,.714,4.0,1.4,0.5,0.3,1.6,2.1,7.3
2,2,8,195,4.7,10.5,.451,4.3,8.6,.500,0.4,1.8,.222,2.1,2.9,.714,6.6,2.3,0.8,0.4,2.7,3.5,11.9
2,3,8,195,6.6,14.7,.451,6.1,12.1,.500,0.6,2.6,.222,2.9,4.0,.714,9.2,3.2,1.2,0.6,3.8,4.9,16.7,,99.8,114.5
2,4,8,195,11.3,.503,.471,.176,.275,60,7.8,10.8,9.2,10.4,1.2,1.0,18.4,17.4,,0.1,0.1,0.2,.040,,-1.5,-0.9,-2.3
3,0,11,21,2,4,.500,2,4,.500,0,0,,0,0,,3,4,7,0,0,1,0,4,4
3,1,11,1.9,0.2,0.4,.500,0.2,0.4,.500,0.0,0.0,,0.0,0.0,,0.6,0.0,0.0,0.1,0.0,0.4,0.4
3,2,11,21,3.8,7.6,.500,3.8,7.6,.500,0.0,0.0,,0.0,0.0,,13.3,0.0,0.0,1.9,0.0,7.6,7.6
3,3,11,21,5.4,10.7,.500,5.4,10.7,.500,0.0,0.0,,0.0,0.0,,18.8,0.0,0.0,2.7,0.0,10.7,10.7,,131.5,110.2
3,4,11,21,13.4,.500,.500,.000,.000,5,15.5,22.3,18.7,0.0,0.0,4.7,0.0,9.1,,0.0,0.0,0.1,.103,,-3.3,-3.3,-6.6
4,0,19,424,31,68,.456,18,30,.600,13,38,.342,10,15,.667,12,41,53,40,17,4,18,42,85
4,1,19,22.3,1.6,3.6,.456,0.9,1.6,.600,0.7,2.0,.342,0.5,0.8,.667,2.8,2.1,0.9,0.2,0.9,2.2,4.5
4,2,19,424,2.9,6.4,.456,1.7,2.8,.600,1.2,3.6,.342,0.9,1.4,.667,5.0,3.8,1.6,0.4,1.7,4.0,8.0
4,3,19,424,4.1,9.0,.456,2.4,4.0,.600,1.7,5.0,.342,1.3,2.0,.667,7.0,5.3,2.3,0.5,2.4,5.6,11.3,,112.6,111.9
4,4,19,424,11.2,.566,.551,.559,.221,94,3.1,11.3,7.0,16.0,2.3,0.9,19.3,10.5,,0.5,0.3,0.7,.067,,0.6,0.5,1.1
5,0,12,53,1,6,.167,0,3,.000,1,3,.333,2,3,.667,1,1,2,8,4,0,4,12,5
5,1,12,4.4,0.1,0.5,.167,0.0,0.3,.000,0.1,0.3,.333,0.2,0.3,.667,0.2,0.7,0.3,0.0,0.3,1.0,0.4
5,2,12,53,0.8,4.5,.167,0.0,2.3,.000,0.8,2.3,.333,1.5,2.3,.667,1.5,6.0,3.0,0.0,3.0,9.1,3.8
5,3,12,53,1.1,6.4,.167,0.0,3.2,.000,1.1,3.2,.333,2.1,3.2,.667,2.1,8.5,4.2,0.0,4.2,12.7,5.3,,78.2,111.1
5,4,12,53,3.7,.337,.250,.500,.500,9,2.0,2.2,2.1,23.5,4.2,0.0,35.0,10.3,,0.0,0.0,0.0,-.004,,-4.6,-1.3,-5.9
6,0,32,1127,192,470,.409,150,336,.446,42,134,.313,170,208,.817,39,80,119,173,53,3,90,76,596
6,1,32,35.2,6.0,14.7,.409,4.7,10.5,.446,1.3,4.2,.313,5.3,6.5,.817,3.7,5.4,1.7,0.1,2.8,2.4,18.6
6,2,32,1127,6.8,16.7,.409,5.3,11.9,.446,1.5,4.8,.313,6.0,7.4,.817,4.2,6.1,1.9,0.1,3.2,2.7,21.2
6,3,32,1127,9.6,23.5,.409,7.5,16.8,.446,2.1,6.7,.313,8.5,10.4,.817,5.9,8.6,2.6,0.1,4.5,3.8,29.8,,111.2,112.7
6,4,32,1127,21.2,.524,.453,.285,.443,617,3.7,8.3,5.9,31.2,2.6,0.3,13.7,28.0,,2.8,0.6,3.4,.122,,4.5,-1.3,3.2
7,0,4,41,4,18,.222,3,11,.273,1,7,.143,2,3,.667,1,7,8,4,4,1,3,8,11
7,1,4,10.3,1.0,4.5,.222,0.8,2.8,.273,0.3,1.8,.143,0.5,0.8,.667,2.0,1.0,1.0,0.3,0.8,2.0,2.8
7,2,4,41,3.9,17.6,.222,2.9,10.7,.273,1.0,6.8,.143,2.0,2.9,.667,7.8,3.9,3.9,1.0,2.9,7.8,10.7
7,3,4,41,5.5,24.7,.222,4.1,15.1,.273,1.4,9.6,.143,2.7,4.1,.667,11.0,5.5,5.5,1.4,4.1,11.0,15.1,,68.0,100.1
7,4,4,41,5.7,.283,.250,.389,.167,12,2.6,20.0,11.0,17.3,5.5,2.4,13.4,26.2,,-0.1,0.1,0.0,-.043,,-6.7,2.6,-4.1
8,0,29,906,108,261,.414,98,220,.445,10,41,.244,96,126,.762,69,139,208,26,20,34,50,80,322
8,1,29,31.2,3.7,9.0,.414,3.4,7.6,.445,0.3,1.4,.244,3.3,4.3,.762,7.2,0.9,0.7,1.2,1.7,2.8,11.1
8,2,29,906,4.8,11.5,.414,4.3,9.7,.445,0.4,1.8,.244,4.2,5.6,.762,9.2,1.1,0.9,1.5,2.2,3.5,14.2
8,3,29,906,6.7,16.2,.414,6.1,13.7,.445,0.6,2.5,.244,6.0,7.8,.762,12.9,1.6,1.2,2.1,3.1,5.0,20.0,,104.8,110.1
8,4,29,906,15.1,.502,.433,.157,.483,319,8.3,17.9,12.9,5.3,1.2,3.7,13.5,19.6,,1.0,0.7,1.7,.076,,-1.5,0.5,-0.9
9,0,32,478,35,60,.583,33,51,.647,2,9,.222,17,23,.739,33,61,94,13,7,36,18,60,89
9,1,32,14.9,1.1,1.9,.583,1.0,1.6,.647,0.1,0.3,.222,0.5,0.7,.739,2.9,0.4,0.2,1.1,0.6,1.9,2.8
9,2,32,478,2.9,5.0,.583,2.8,4.3,.647,0.2,0.8,.222,1.4,1.9,.739,7.9,1.1,0.6,3.0,1.5,5.0,7.4
9,3,32,478,4.1,7.1,.583,3.9,6.0,.647,0.2,1.1,.222,2.0,2.7,.739,11.1,1.5,0.8,4.2,2.1,7.1,10.5,,117.6,110.3
9,4,32,478,12.6,.627,.600,.150,.383,95,7.5,14.9,11.1,4.6,0.8,7.4,20.2,8.9,,0.5,0.4,0.9,.076,,-1.3,3.4,2.1
10,0,32,654,81,159,.509,81,159,.509,0,0,,40,73,.548,60,111,171,15,38,16,32,101,202
10,1,32,20.4,2.5,5.0,.509,2.5,5.0,.509,0.0,0.0,,1.3,2.3,.548,5.3,0.5,1.2,0.5,1.0,3.2,6.3
10,2,32,654,5.0,9.7,.509,5.0,9.7,.509,0.0,0.0,,2.4,4.5,.548,10.5,0.9,2.3,1.0,2.0,6.2,12.4
10,3,32,654,7.0,13.7,.509,7.0,13.7,.509,0.0,0.0,,3.4,6.3,.548,14.7,1.3,3.3,1.4,2.8,8.7,17.4,,106.1,105.2
10,4,32,654,15.8,.521,.509,.000,.459,203,9.9,19.8,14.7,4.3,3.3,2.4,14.2,16.5,,0.7,0.8,1.5,.093,,-1.4,1.7,0.4
11,0,32,956,171,394,.434,133,284,.468,38,110,.345,117,139,.842,33,54,87,46,42,6,86,70,497
11,1,32,29.9,5.3,12.3,.434,4.2,8.9,.468,1.2,3.4,.345,3.7,4.3,.842,2.7,1.4,1.3,0.2,2.7,2.2,15.5
11,2,32,956,7.2,16.5,.434,5.6,11.9,.468,1.6,4.6,.345,4.9,5.8,.842,3.6,1.9,1.8,0.3,3.6,2.9,20.8
11,3,32,956,10.1,23.2,.434,7.8,16.7,.468,2.2,6.5,.345,6.9,8.2,.842,5.1,2.7,2.5,0.4,5.1,4.1,29.2,,103.3,113.6
11,4,32,956,16.5,.540,.482,.279,.353,449,3.7,6.6,5.1,10.0,2.5,0.6,15.8,27.4,,1.3,0.4,1.7,.072,,0.7,-2.0,-1.3
12,0,32,533,54,127,.425,46,84,.548,8,43,.186,37,49,.755,25,40,65,26,16,6,21,71,153
12,1,32,16.7,1.7,4.0,.425,1.4,2.6,.548,0.3,1.3,.186,1.2,1.5,.755,2.0,0.8,0.5,0.2,0.7,2.2,4.8
12,2,32,533,4.1,9.5,.425,3.5,6.3,.548,0.6,3.2,.186,2.8,3.7,.755,4.9,2.0,1.2,0.5,1.6,5.3,11.5
12,3,32,533,5.7,13.4,.425,4.9,8.9,.548,0.8,4.5,.186,3.9,5.2,.755,6.9,2.7,1.7,0.6,2.2,7.5,16.1,,108.2,114.0
12,4,32,533,11.0,.509,.457,.339,.386,153,5.1,8.8,6.9,8.7,1.7,1.1,12.3,15.4,,0.6,0.2,0.8,.062,,-0.4,-0.8,-1.2
