0,0,32,565,32,73,.438,24,48,.500,8,25,.320,16,29,.552,15,63,78,44,29,7,33,26,88
0,1,32,17.7,1.0,2.3,.438,0.8,1.5,.500,0.3,0.8,.320,0.5,0.9,.552,2.4,1.4,0.9,0.2,1.0,0.8,2.8
0,2,32,565,2.3,5.2,.438,1.7,3.4,.500,0.6,1.8,.320,1.1,2.1,.552,5.5,3.1,2.1,0.5,2.3,1.8,6.2
0,3,32,565,3.8,8.6,.438,2.8,5.7,.500,0.9,2.9,.320,1.9,3.4,.552,9.2,5.2,3.4,0.8,3.9,3.1,10.4,,93.8,97.9
0,4,32,565,11.5,.507,.493,.342,.397,106,3.8,14.5,9.4,15.4,3.4,1.5,27.6,12.5,,0.1,1.0,1.1,.078,,-1.1,3.7,2.5
1,0,15,31,0,3,.000,0,3,.000,0,0,,1,2,.500,1,4,5,3,2,0,3,2,1
1,1,15,2.1,0.0,0.2,.000,0.0,0.2,.000,0.0,0.0,,0.1,0.1,.500,0.3,0.2,0.1,0.0,0.2,0.1,0.1
1,2,15,31,0.0,3.9,.000,0.0,3.9,.000,0.0,0.0,,1.3,2.6,.500,6.5,3.9,2.6,0.0,3.9,2.6,1.3
1,3,15,31,0.0,6.4,.000,0.0,6.4,.000,0.0,0.0,,2.1,4.3,.500,10.7,6.4,4.3,0.0,6.4,4.3,2.1,,46.7,95.6
1,4,15,31,1.6,.127,.000,.000,.667,3,4.6,16.7,10.9,17.2,4.3,0.0,43.2,13.2,,-0.1,0.1,0.0,-.048,,-9.1,4.2,-4.9
2,0,20,543,74,150,.493,50,94,.532,24,56,.429,48,78,.615,10,54,64,88,22,14,65,39,220
2,1,20,27.2,3.7,7.5,.493,2.5,4.7,.532,1.2,2.8,.429,2.4,3.9,.615,3.2,4.4,1.1,0.7,3.3,2.0,11.0
2,2,20,543,5.5,11.0,.493,3.7,6.9,.532,1.8,4.1,.429,3.5,5.7,.615,4.7,6.5,1.6,1.0,4.8,2.9,16.2
2,3,20,543,9.1,18.4,.493,6.1,11.5,.532,2.9,6.9,.429,5.9,9.6,.615,7.9,10.8,2.7,1.7,8.0,4.8,27.0,,102.8,99.2
2,4,20,543,20.7,.588,.573,.373,.520,238,2.6,12.9,8.0,38.0,2.7,3.2,25.8,27.3,,1.0,0.9,1.8,.134,,3.0,2.0,5.0
3,0,1,2,0,1,.000,0,1,.000,0,0,,0,0,,0,1,1,0,0,0,0,0,0
3,1,1,2.0,0.0,1.0,.000,0.0,1.0,.000,0.0,0.0,,0.0,0.0,,1.0,0.0,0.0,0.0,0.0,0.0,0.0
3,2,1,2,0.0,20.0,.000,0.0,20.0,.000,0.0,0.0,,0.0,0.0,,20.0,0.0,0.0,0.0,0.0,0.0,0.0
3,3,1,2,0.0,33.3,.000,0.0,33.3,.000,0.0,0.0,,0.0,0.0,,33.3,0.0,0.0,0.0,0.0,0.0,0.0,,0.0,84.5
3,4,1,2,-14.6,.000,.000,.000,.000,0,0.0,64.8,33.9,0.0,0.0,0.0,0.0,29.5,,0.0,0.0,0.0,-.289,,-32.7,-10.5,-43.2
4,0,32,599,64,141,.454,44,91,.484,20,50,.400,18,28,.643,24,80,104,17,10,4,20,53,166
4,1,32,18.7,2.0,4.4,.454,1.4,2.8,.484,0.6,1.6,.400,0.6,0.9,.643,3.3,0.5,0.3,0.1,0.6,1.7,5.2
4,2,32,599,4.3,9.4,.454,2.9,6.1,.484,1.3,3.3,.400,1.2,1.9,.643,6.9,1.1,0.7,0.3,1.3,3.5,11.1
4,3,32,599,7.1,15.7,.454,4.9,10.1,.484,2.2,5.6,.400,2.0,3.1,.643,11.6,1.9,1.1,0.4,2.2,5.9,18.5,,106.9,101.8
4,4,32,599,13.2,.538,.525,.355,.199,154,5.7,17.3,11.8,6.2,1.1,0.8,11.5,17.1,,0.8,0.8,1.6,.106,,-0.1,-0.3,-0.4
5,0,31,650,121,222,.545,121,222,.545,0,0,,45,84,.536,52,84,136,17,13,17,46,40,287
5,1,31,21.0,3.9,7.2,.545,3.9,7.2,.545,0.0,0.0,,1.5,2.7,.536,4.4,0.5,0.4,0.5,1.5,1.3,9.3
5,2,31,650,7.4,13.7,.545,7.4,13.7,.545,0.0,0.0,,2.8,5.2,.536,8.4,1.0,0.8,1.0,2.8,2.5,17.7
5,3,31,650,12.4,22.8,.545,12.4,22.8,.545,0.0,0.0,,4.6,8.6,.536,13.9,1.7,1.3,1.7,4.7,4.1,29.4,,102.3,100.6
5,4,31,650,20.9,.548,.545,.000,.378,263,11.4,16.8,14.2,6.9,1.3,3.3,14.9,27.9,,1.0,0.9,2.0,.121,,-1.2,0.0,-1.2
6,0,7,8,2,3,.667,2,2,1.000,0,1,.000,0,0,,1,1,2,0,0,1,0,1,4
6,1,7,1.1,0.3,0.4,.667,0.3,0.3,1.000,0.0,0.1,.000,0.0,0.0,,0.3,0.0,0.0,0.1,0.0,0.1,0.6
6,2,7,8,10.0,15.0,.667,10.0,10.0,1.000,0.0,5.0,.000,0.0,0.0,,10.0,0.0,0.0,5.0,0.0,5.0,20.0
6,3,7,8,16.7,25.0,.667,16.7,16.7,1.000,0.0,8.3,.000,0.0,0.0,,16.7,0.0,0.0,8.3,0.0,8.3,33.3,,138.9,97.5
6,4,7,8,35.1,.667,.667,.333,.000,3,17.7,16.2,16.9,0.0,0.0,15.6,0.0,22.1,,0.0,0.0,0.0,.245,,4.5,0.2,4.7
7,0,27,272,23,61,.377,12,37,.324,11,24,.458,28,32,.875,11,19,30,8,6,1,18,31,85
7,1,27,10.1,0.9,2.3,.377,0.4,1.4,.324,0.4,0.9,.458,1.0,1.2,.875,1.1,0.3,0.2,0.0,0.7,1.1,3.1
7,2,27,272,3.4,9.0,.377,1.8,5.4,.324,1.6,3.5,.458,4.1,4.7,.875,4.4,1.2,0.9,0.1,2.6,4.6,12.5
7,3,27,272,5.6,14.9,.377,2.9,9.1,.324,2.7,5.9,.458,6.9,7.8,.875,7.3,2.0,1.5,0.2,4.4,7.6,20.8,,102.9,104.7
7,4,27,272,11.4,.558,.467,.393,.525,82,5.7,9.1,7.5,6.2,1.5,0.5,19.1,20.4,,0.3,0.3,0.6,.091,,-0.8,-1.5,-2.2
8,0,32,786,89,184,.484,71,133,.534,18,51,.353,61,79,.772,8,54,62,62,26,4,61,48,257
8,1,32,24.6,2.8,5.8,.484,2.2,4.2,.534,0.6,1.6,.353,1.9,2.5,.772,1.9,1.9,0.8,0.1,1.9,1.5,8.0
8,2,32,786,4.5,9.4,.484,3.6,6.8,.534,0.9,2.6,.353,3.1,4.0,.772,3.2,3.2,1.3,0.2,3.1,2.4,13.1
8,3,32,786,7.5,15.6,.484,6.0,11.3,.534,1.5,4.3,.353,5.2,6.7,.772,5.3,5.3,2.2,0.3,5.2,4.1,21.8,,102.4,103.4
8,4,32,786,14.4,.580,.533,.277,.429,250,1.4,8.9,5.3,17.5,2.2,0.6,21.6,21.2,,1.0,0.9,1.9,.097,,0.2,0.0,0.2
9,0,4,7,1,1,1.000,0,0,,1,1,1.000,0,0,,0,1,1,0,0,0,1,0,3
9,1,4,1.8,0.3,0.3,1.000,0.0,0.0,,0.3,0.3,1.000,0.0,0.0,,0.3,0.0,0.0,0.0,0.3,0.0,0.8
9,2,4,7,5.7,5.7,1.000,0.0,0.0,,5.7,5.7,1.000,0.0,0.0,,5.7,0.0,0.0,0.0,5.7,0.0,17.1
9,3,4,7,9.5,9.5,1.000,0.0,0.0,,9.5,9.5,1.000,0.0,0.0,,9.5,0.0,0.0,0.0,9.5,0.0,28.6,,84.1,104.8
9,4,4,7,19.3,1.500,1.500,1.000,.000,1,0.0,18.5,9.7,0.0,0.0,0.0,50.0,16.8,,0.0,0.0,0.0,.026,,2.9,-5.4,-2.6
10,0,19,119,14,30,.467,13,28,.464,1,2,.500,7,11,.636,8,13,21,2,2,5,10,8,36
10,1,19,6.3,0.7,1.6,.467,0.7,1.5,.464,0.1,0.1,.500,0.4,0.6,.636,1.1,0.1,0.1,0.3,0.5,0.4,1.9
10,2,19,119,4.7,10.1,.467,4.4,9.4,.464,0.3,0.7,.500,2.4,3.7,.636,7.1,0.7,0.7,1.7,3.4,2.7,12.1
10,3,19,119,7.8,16.8,.467,7.3,15.7,.464,0.6,1.1,.500,3.9,6.2,.636,11.8,1.1,1.1,2.8,5.6,4.5,20.2,,89.6,101.2
10,4,19,119,12.7,.511,.483,.067,.367,35,9.5,14.2,12.0,3.8,1.1,5.3,22.1,22.4,,0.0,0.2,0.2,.053,,-5.0,0.8,-4.3
11,0,31,608,43,116,.371,16,41,.390,27,75,.360,14,18,.778,8,49,57,46,24,7,23,51,127
11,1,31,19.6,1.4,3.7,.371,0.5,1.3,.390,0.9,2.4,.360,0.5,0.6,.778,1.8,1.5,0.8,0.2,0.7,1.6,4.1
11,2,31,608,2.8,7.6,.371,1.1,2.7,.390,1.8,4.9,.360,0.9,1.2,.778,3.8,3.0,1.6,0.5,1.5,3.4,8.4
11,3,31,608,4.7,12.7,.371,1.8,4.5,.390,3.0,8.2,.360,1.5,2.0,.778,6.2,5.0,2.6,0.8,2.5,5.6,13.9,,103.9,101.2
11,4,31,608,11.4,.510,.487,.647,.155,134,1.9,10.4,6.4,15.4,2.6,1.4,15.6,14.3,,0.6,0.8,1.4,.093,,0.8,1.5,2.3
12,0,31,849,140,250,.560,125,217,.576,15,33,.455,60,93,.645,49,87,136,27,16,9,46,76,355
12,1,31,27.4,4.5,8.1,.560,4.0,7.0,.576,0.5,1.1,.455,1.9,3.0,.645,4.4,0.9,0.5,0.3,1.5,2.5,11.5
12,2,31,849,6.6,11.8,.560,5.9,10.2,.576,0.7,1.6,.455,2.8,4.4,.645,6.4,1.3,0.8,0.4,2.2,3.6,16.7
12,3,31,849,11.0,19.6,.560,9.8,17.0,.576,1.2,2.6,.455,4.7,7.3,.645,10.7,2.1,1.3,0.7,3.6,6.0,27.9,,113.3,103.0
12,4,31,849,20.0,.603,.590,.132,.372,320,8.2,13.3,10.9,8.0,1.3,1.3,13.5,23.6,,2.1,1.0,3.2,.149,,2.4,-0.4,2.1
13,0,32,752,86,207,.415,24,58,.414,62,149,.416,23,28,.821,10,70,80,24,25,2,28,67,257
13,1,32,23.5,2.7,6.5,.415,0.8,1.8,.414,1.9,4.7,.416,0.7,0.9,.821,2.5,0.8,0.8,0.1,0.9,2.1,8.0
13,2,32,752,4.6,11.0,.415,1.3,3.1,.414,3.3,7.9,.416,1.2,1.5,.821,4.3,1.3,1.3,0.1,1.5,3.6,13.7
13,3,32,752,7.6,18.3,.415,2.1,5.1,.414,5.5,13.2,.416,2.0,2.5,.821,7.1,2.1,2.2,0.2,2.5,5.9,22.8,,110.5,101.9
13,4,32,752,14.8,.583,.565,.720,.135,218,1.9,12.1,7.2,7.1,2.2,0.3,11.3,19.4,,1.3,1.0,2.3,.122,,3.1,-0.6,2.5
14,0,30,633,34,95,.358,27,69,.391,7,26,.269,24,30,.800,7,42,49,78,29,2,40,46,99
14,1,30,21.1,1.1,3.2,.358,0.9,2.3,.391,0.2,0.9,.269,0.8,1.0,.800,1.6,2.6,1.0,0.1,1.3,1.5,3.3
14,2,30,633,2.1,6.0,.358,1.7,4.4,.391,0.4,1.6,.269,1.5,1.9,.800,3.1,4.9,1.8,0.1,2.5,2.9,6.3
14,3,30,633,3.6,10.0,.358,2.8,7.3,.391,0.7,2.7,.269,2.5,3.2,.800,5.2,8.2,3.1,0.2,4.2,4.8,10.4,,92.9,101.6
14,4,30,633,9.5,.453,.395,.274,.316,134,1.6,8.6,5.2,24.2,3.1,0.4,26.8,13.9,,0.1,0.8,1.0,.062,,-2.1,1.1,-1.0
