0,0,32,525,23,73,.315,22,63,.349,1,10,.100,10,20,.500,10,54,64,78,19,2,43,28,57
0,1,32,16.4,0.7,2.3,.315,0.7,2.0,.349,0.0,0.3,.100,0.3,0.6,.500,2.0,2.4,0.6,0.1,1.3,0.9,1.8
0,2,32,525,1.8,5.6,.315,1.7,4.8,.349,0.1,0.8,.100,0.8,1.5,.500,4.9,5.9,1.4,0.2,3.3,2.1,4.3
0,3,32,525,2.7,8.4,.315,2.5,7.3,.349,0.1,1.2,.100,1.2,2.3,.500,7.4,9.0,2.2,0.2,5.0,3.2,6.6,,74.9,102.1
0,4,32,525,6.7,.345,.322,.137,.274,91,2.1,11.6,6.9,30.2,2.2,0.4,34.3,12.3,,-0.5,0.6,0.1,.009,,-5.4,1.3,-4.0
1,0,15,72,5,12,.417,3,8,.375,2,4,.500,4,6,.667,2,6,8,0,0,1,2,7,16
1,1,15,4.8,0.3,0.8,.417,0.2,0.5,.375,0.1,0.3,.500,0.3,0.4,.667,0.5,0.0,0.0,0.1,0.1,0.5,1.1
1,2,15,72,2.8,6.7,.417,1.7,4.4,.375,1.1,2.2,.500,2.2,3.3,.667,4.4,0.0,0.0,0.6,1.1,3.9,8.9
1,3,15,72,4.2,10.1,.417,2.5,6.7,.375,1.7,3.4,.500,3.4,5.1,.667,6.7,0.0,0.0,0.8,1.7,5.9,13.5,,105.9,107.4
1,4,15,72,7.5,.539,.500,.333,.500,14,3.1,9.4,6.3,0.0,0.0,1.5,11.9,12.1,,0.1,0.1,0.1,.065,,-4.0,-2.3,-6.2
2,0,32,724,75,197,.381,39,90,.433,36,107,.336,21,30,.700,9,58,67,41,24,2,38,50,207
2,1,32,22.6,2.3,6.2,.381,1.2,2.8,.433,1.1,3.3,.336,0.7,0.9,.700,2.1,1.3,0.8,0.1,1.2,1.6,6.5
2,2,32,724,4.1,10.9,.381,2.2,5.0,.433,2.0,5.9,.336,1.2,1.7,.700,3.7,2.3,1.3,0.1,2.1,2.8,11.4
2,3,32,724,6.3,16.5,.381,3.3,7.5,.433,3.0,9.0,.336,1.8,2.5,.700,5.6,3.4,2.0,0.2,3.2,4.2,17.4,,95.8,103.8
2,4,32,724,10.4,.490,.472,.543,.152,191,1.4,9.0,5.2,13.1,2.0,0.3,15.2,17.8,,0.4,0.8,1.1,.063,,-0.5,0.4,-0.1
3,0,32,754,61,154,.396,40,98,.408,21,56,.375,73,104,.702,27,60,87,47,16,7,57,82,216
3,1,32,23.6,1.9,4.8,.396,1.3,3.1,.408,0.7,1.8,.375,2.3,3.3,.702,2.7,1.5,0.5,0.2,1.8,2.6,6.8
3,2,32,754,3.2,8.2,.396,2.1,5.2,.408,1.1,3.0,.375,3.9,5.5,.702,4.6,2.5,0.8,0.4,3.0,4.4,11.5
3,3,32,754,4.9,12.4,.396,3.2,7.9,.408,1.7,4.5,.375,5.9,8.4,.702,7.0,3.8,1.3,0.6,4.6,6.6,17.4,,97.9,104.9
3,4,32,754,10.4,.531,.464,.364,.675,216,4.0,9.0,6.5,13.7,1.3,1.0,21.9,17.8,,0.6,0.7,1.3,.068,,-0.8,0.8,-0.1
4,0,32,575,82,183,.448,77,164,.470,5,19,.263,33,75,.440,64,98,162,12,19,12,38,80,202
4,1,32,18.0,2.6,5.7,.448,2.4,5.1,.470,0.2,0.6,.263,1.0,2.3,.440,5.1,0.4,0.6,0.4,1.2,2.5,6.3
4,2,32,575,5.7,12.7,.448,5.4,11.4,.470,0.3,1.3,.263,2.3,5.2,.440,11.3,0.8,1.3,0.8,2.6,5.6,14.1
4,3,32,575,8.7,19.3,.448,8.1,17.3,.470,0.5,2.0,.263,3.5,7.9,.440,17.1,1.3,2.0,1.3,4.0,8.4,21.3,,92.8,97.4
4,4,32,575,15.2,.462,.462,.104,.410,197,12.5,19.3,15.9,5.3,2.0,2.2,14.8,23.0,,0.2,1.0,1.2,.082,,-2.7,1.0,-1.7
5,0,4,28,1,4,.250,1,4,.250,0,0,,0,0,,1,4,5,0,2,2,2,5,2
5,1,4,7.0,0.3,1.0,.250,0.3,1.0,.250,0.0,0.0,,0.0,0.0,,1.3,0.0,0.5,0.5,0.5,1.3,0.5
5,2,4,28,1.4,5.7,.250,1.4,5.7,.250,0.0,0.0,,0.0,0.0,,7.1,0.0,2.9,2.9,2.9,7.1,2.9
5,3,4,28,2.2,8.7,.250,2.2,8.7,.250,0.0,0.0,,0.0,0.0,,10.8,0.0,4.3,4.3,4.3,10.8,4.3,,42.9,91.2
5,4,4,28,3.4,.250,.250,.000,.000,2,4.0,16.1,10.1,0.0,4.3,7.5,33.3,11.1,,-0.1,0.1,0.0,-.008,,-10.5,6.4,-4.1
6,0,32,496,34,77,.442,32,70,.457,2,7,.286,50,66,.758,31,69,100,21,22,2,31,59,120
6,1,32,15.5,1.1,2.4,.442,1.0,2.2,.457,0.1,0.2,.286,1.6,2.1,.758,3.1,0.7,0.7,0.1,1.0,1.8,3.8
6,2,32,496,2.7,6.2,.442,2.6,5.6,.457,0.2,0.6,.286,4.0,5.3,.758,8.1,1.7,1.8,0.2,2.5,4.8,9.7
6,3,32,496,4.2,9.4,.442,3.9,8.6,.457,0.2,0.9,.286,6.1,8.1,.758,12.2,2.6,2.7,0.2,3.8,7.2,14.7,,103.5,98.6
6,4,32,496,13.0,.554,.455,.091,.857,126,7.0,15.7,11.4,9.0,2.7,0.4,22.2,14.5,,0.5,0.8,1.3,.103,,-1.4,2.7,1.2
7,0,19,98,5,21,.238,2,6,.333,3,15,.200,3,4,.750,0,10,10,12,0,0,3,14,16
7,1,19,5.2,0.3,1.1,.238,0.1,0.3,.333,0.2,0.8,.200,0.2,0.2,.750,0.5,0.6,0.0,0.0,0.2,0.7,0.8
7,2,19,98,2.0,8.6,.238,0.8,2.4,.333,1.2,6.1,.200,1.2,1.6,.750,4.1,4.9,0.0,0.0,1.2,5.7,6.5
7,3,19,98,3.1,13.0,.238,1.2,3.7,.333,1.9,9.3,.200,1.9,2.5,.750,6.2,7.4,0.0,0.0,1.9,8.7,9.9,,89.9,106.8
7,4,19,98,4.4,.349,.310,.714,.190,20,0.0,11.5,5.8,25.2,0.0,0.0,11.6,13.6,,0.0,0.1,0.1,.033,,-3.2,-2.4,-5.6
8,0,32,981,101,302,.334,44,109,.404,57,193,.295,98,127,.772,14,62,76,85,34,4,82,63,357
8,1,32,30.7,3.2,9.4,.334,1.4,3.4,.404,1.8,6.0,.295,3.1,4.0,.772,2.4,2.7,1.1,0.1,2.6,2.0,11.2
8,2,32,981,4.1,12.3,.334,1.8,4.4,.404,2.3,7.9,.295,4.0,5.2,.772,3.1,3.5,1.4,0.2,3.3,2.6,14.6
8,3,32,981,6.2,18.7,.334,2.7,6.7,.404,3.5,11.9,.295,6.1,7.9,.772,4.7,5.3,2.1,0.2,5.1,3.9,22.1,,95.7,104.6
8,4,32,981,12.2,.493,.429,.639,.421,349,1.6,7.1,4.4,20.0,2.1,0.4,18.5,23.4,,0.7,1.0,1.6,.067,,1.2,-0.3,0.9
9,0,27,807,110,298,.369,62,149,.416,48,149,.322,64,91,.703,11,60,71,43,17,4,61,60,332
9,1,27,29.9,4.1,11.0,.369,2.3,5.5,.416,1.8,5.5,.322,2.4,3.4,.703,2.6,1.6,0.6,0.1,2.3,2.2,12.3
9,2,27,807,5.5,14.8,.369,3.1,7.4,.416,2.4,7.4,.322,3.2,4.5,.703,3.5,2.1,0.8,0.2,3.0,3.0,16.5
9,3,27,807,8.3,22.4,.369,4.7,11.2,.416,3.6,11.2,.322,4.8,6.8,.703,5.3,3.2,1.3,0.3,4.6,4.5,25.0,,94.0,105.7
9,4,27,807,11.7,.486,.450,.500,.305,299,1.5,8.4,5.0,13.3,1.3,0.5,15.2,25.7,,0.4,0.7,1.2,.057,,0.0,-1.1,-1.2
10,0,29,631,103,208,.495,103,207,.498,0,1,.000,17,33,.515,65,100,165,12,38,34,41,77,223
10,1,29,21.8,3.6,7.2,.495,3.6,7.1,.498,0.0,0.0,.000,0.6,1.1,.515,5.7,0.4,1.3,1.2,1.4,2.7,7.7
10,2,29,631,6.5,13.2,.495,6.5,13.1,.498,0.0,0.1,.000,1.1,2.1,.515,10.5,0.8,2.4,2.2,2.6,4.9,14.1
10,3,29,631,9.9,20.0,.495,9.9,19.9,.498,0.0,0.1,.000,1.6,3.2,.515,15.9,1.2,3.7,3.3,3.9,7.4,21.5,,96.2,93.0
10,4,29,631,19.5,.498,.495,.005,.159,209,11.6,17.9,14.7,5.1,3.7,5.7,15.5,21.6,,0.4,1.3,1.8,.112,,-1.8,5.1,3.4
11,0,32,759,92,202,.455,92,202,.455,0,0,,59,94,.628,60,103,163,13,13,36,56,96,243
11,1,32,23.7,2.9,6.3,.455,2.9,6.3,.455,0.0,0.0,,1.8,2.9,.628,5.1,0.4,0.4,1.1,1.8,3.0,7.6
11,2,32,759,4.8,10.6,.455,4.8,10.6,.455,0.0,0.0,,3.1,5.0,.628,8.6,0.7,0.7,1.9,3.0,5.1,12.8
11,3,32,759,7.4,16.2,.455,7.4,16.2,.455,0.0,0.0,,4.7,7.5,.628,13.0,1.0,1.0,2.9,4.5,7.7,19.4,,92.7,100.3
11,4,32,759,13.1,.493,.455,.000,.465,233,8.9,15.3,12.1,4.1,1.0,5.0,18.5,20.6,,0.2,1.1,1.3,.069,,-3.9,2.5,-1.4
