0,0,16,440,72,142,.507,72,140,.514,0,2,.000,74,97,.763,38,56,94,7,20,5,27,47,218
0,1,16,27.5,4.5,8.9,.507,4.5,8.8,.514,0.0,0.1,.000,4.6,6.1,.763,5.9,0.4,1.3,0.3,1.7,2.9,13.6
0,2,16,440,6.5,12.9,.507,6.5,12.7,.514,0.0,0.2,.000,6.7,8.8,.763,8.5,0.6,1.8,0.5,2.5,4.3,19.8
0,3,16,440,10.1,20.0,.507,10.1,19.7,.514,0.0,0.3,.000,10.4,13.7,.763,13.2,1.0,2.8,0.7,3.8,6.6,30.7,,112.9,104.9
0,4,16,440,22.5,.580,.507,.014,.683,198,10.2,15.1,12.6,4.6,2.8,1.2,12.6,26.4,,1.1,0.6,1.6,.148,,-1.0,-2.9,-3.9
1,0,14,171,7,19,.368,7,18,.389,0,1,.000,6,11,.545,9,14,23,3,4,3,15,39,20
1,1,14,12.2,0.5,1.4,.368,0.5,1.3,.389,0.0,0.1,.000,0.4,0.8,.545,1.6,0.2,0.3,0.2,1.1,2.8,1.4
1,2,14,171,1.6,4.4,.368,1.6,4.2,.389,0.0,0.2,.000,1.4,2.6,.545,5.4,0.7,0.9,0.7,3.5,9.1,4.7
1,3,14,171,2.5,6.9,.368,2.5,6.5,.389,0.0,0.4,.000,2.2,4.0,.545,8.3,1.1,1.5,1.1,5.4,14.1,7.3,,64.1,109.6
1,4,14,171,-0.4,.413,.368,.053,.579,23,6.2,9.7,8.0,3.8,1.5,1.9,38.2,12.4,,-0.3,0.1,-0.2,-.036,,-9.6,-0.9,-10.4
2,0,28,609,50,125,.400,32,72,.444,18,53,.340,27,39,.692,33,58,91,48,20,6,37,57,145
2,1,28,21.8,1.8,4.5,.400,1.1,2.6,.444,0.6,1.9,.340,1.0,1.4,.692,3.3,1.7,0.7,0.2,1.3,2.0,5.2
2,2,28,609,3.3,8.2,.400,2.1,4.7,.444,1.2,3.5,.340,1.8,2.6,.692,6.0,3.2,1.3,0.4,2.4,3.7,9.5
2,3,28,609,5.1,12.7,.400,3.3,7.3,.444,1.8,5.4,.340,2.7,4.0,.692,9.3,4.9,2.0,0.6,3.8,5.8,14.8,,99.0,108.6
2,4,28,609,11.3,.505,.472,.424,.312,160,6.4,11.3,8.8,18.6,2.0,1.1,20.5,16.0,,0.3,0.6,0.9,.058,,-2.4,-1.4,-3.7
3,0,1,9,2,6,.333,2,5,.400,0,1,.000,3,3,1.000,0,0,0,0,0,0,0,0,7
3,1,1,9.0,2.0,6.0,.333,2.0,5.0,.400,0.0,1.0,.000,3.0,3.0,1.000,0.0,0.0,0.0,0.0,0.0,0.0,7.0
3,2,1,9,8.9,26.7,.333,8.9,22.2,.400,0.0,4.4,.000,13.3,13.3,1.000,0.0,0.0,0.0,0.0,0.0,0.0,31.1
3,3,1,9,13.8,41.3,.333,13.8,34.4,.400,0.0,6.9,.000,20.7,20.7,1.000,0.0,0.0,0.0,0.0,0.0,0.0,48.2,,107.3,119.4
3,4,1,9,21.5,.471,.333,.167,.500,6,0.0,0.0,0.0,0.0,0.0,0.0,0.0,44.5,,0.0,0.0,0.0,.104,,-5.2,-14.8,-20.0
4,0,26,864,74,215,.344,45,120,.375,29,95,.305,91,115,.791,3,61,64,89,29,1,63,62,268
4,1,26,33.2,2.8,8.3,.344,1.7,4.6,.375,1.1,3.7,.305,3.5,4.4,.791,2.5,3.4,1.1,0.0,2.4,2.4,10.3
4,2,26,864,3.4,10.0,.344,2.1,5.6,.375,1.3,4.4,.305,4.2,5.3,.791,3.0,4.1,1.3,0.0,2.9,2.9,12.4
4,3,26,864,5.3,15.4,.344,3.2,8.6,.375,2.1,6.8,.305,6.5,8.3,.791,4.6,6.4,2.1,0.1,4.5,4.4,19.2,,97.0,110.4
4,4,26,864,10.8,.497,.412,.442,.535,277,0.4,8.4,4.4,24.5,2.1,0.1,18.9,20.8,,0.4,0.6,1.1,.049,,-2.5,-3.4,-5.8
5,0,28,744,68,188,.362,21,48,.438,47,140,.336,11,17,.647,19,68,87,20,7,6,26,70,194
5,1,28,26.6,2.4,6.7,.362,0.8,1.7,.438,1.7,5.0,.336,0.4,0.6,.647,3.1,0.7,0.3,0.2,0.9,2.5,6.9
5,2,28,744,3.7,10.1,.362,1.1,2.6,.438,2.5,7.5,.336,0.6,0.9,.647,4.7,1.1,0.4,0.3,1.4,3.8,10.4
5,3,28,744,5.7,15.7,.362,1.7,4.0,.438,3.9,11.7,.336,0.9,1.4,.647,7.2,1.7,0.6,0.5,2.2,5.8,16.2,,96.7,112.1
5,4,28,744,7.7,.495,.487,.745,.090,172,3.0,10.8,6.9,6.5,0.6,0.9,11.7,16.1,,0.2,0.4,0.7,.036,,-2.6,-3.5,-6.1
6,0,27,311,28,47,.596,28,47,.596,0,0,,10,21,.476,19,51,70,7,6,27,6,29,66
6,1,27,11.5,1.0,1.7,.596,1.0,1.7,.596,0.0,0.0,,0.4,0.8,.476,2.6,0.3,0.2,1.0,0.2,1.1,2.4
6,2,27,311,3.6,6.0,.596,3.6,6.0,.596,0.0,0.0,,1.3,2.7,.476,9.0,0.9,0.8,3.5,0.8,3.7,8.5
6,3,27,311,5.6,9.4,.596,5.6,9.4,.596,0.0,0.0,,2.0,4.2,.476,14.0,1.4,1.2,5.4,1.2,5.8,13.2,,118.7,102.7
6,4,27,311,16.6,.579,.596,.000,.447,64,7.2,19.4,13.3,5.4,1.2,9.5,9.5,10.9,,0.4,0.5,0.9,.113,,-4.3,3.1,-1.1
7,0,4,28,3,3,1.000,3,3,1.000,0,0,,0,0,,1,2,3,0,0,1,1,3,6
7,1,4,7.0,0.8,0.8,1.000,0.8,0.8,1.000,0.0,0.0,,0.0,0.0,,0.8,0.0,0.0,0.3,0.3,0.8,1.5
7,2,4,28,4.3,4.3,1.000,4.3,4.3,1.000,0.0,0.0,,0.0,0.0,,4.3,0.0,0.0,1.4,1.4,4.3,8.6
7,3,4,28,6.6,6.6,1.000,6.6,6.6,1.000,0.0,0.0,,0.0,0.0,,6.6,0.0,0.0,2.2,2.2,6.6,13.3,,134.3,113.1
7,4,4,28,11.4,1.000,1.000,.000,.000,4,4.2,8.5,6.3,0.0,0.0,3.9,25.0,7.7,,0.0,0.0,0.1,.072,,-3.8,-3.5,-7.3
8,0,28,857,66,199,.332,27,76,.355,39,123,.317,46,58,.793,15,79,94,40,15,0,52,53,217
8,1,28,30.6,2.4,7.1,.332,1.0,2.7,.355,1.4,4.4,.317,1.6,2.1,.793,3.4,1.4,0.5,0.0,1.9,1.9,7.8
8,2,28,857,3.1,9.3,.332,1.3,3.5,.355,1.8,5.7,.317,2.1,2.7,.793,4.4,1.9,0.7,0.0,2.4,2.5,10.1
8,3,28,857,4.8,14.4,.332,2.0,5.5,.355,2.8,8.9,.317,3.3,4.2,.793,6.8,2.9,1.1,0.0,3.8,3.8,15.7,,89.5,111.5
8,4,28,857,7.0,.479,.430,.618,.291,207,2.1,10.9,6.5,10.9,1.1,0.0,18.7,17.5,,-0.2,0.6,0.4,.018,,-3.9,-3.1,-7.0
9,0,1,4,0,0,,0,0,,0,0,,0,0,,0,0,0,0,0,0,0,0,0
9,1,1,4.0,0.0,0.0,,0.0,0.0,,0.0,0.0,,0.0,0.0,,0.0,0.0,0.0,0.0,0.0,0.0,0.0
9,2,1,4,0.0,0.0,,0.0,0.0,,0.0,0.0,,0.0,0.0,,0.0,0.0,0.0,0.0,0.0,0.0,0.0
9,3,1,4,0.0,0.0,,0.0,0.0,,0.0,0.0,,0.0,0.0,,0.0,0.0,0.0,0.0,0.0,0.0,0.0,,,119.4
9,4,1,4,0.0,,,,,0,0.0,0.0,0.0,0.0,0.0,0.0,,0.0,,0.0,0.0,0.0,-.004,,-8.1,-1.8,-9.9
10,0,9,47,6,22,.273,1,6,.167,5,16,.313,0,0,,3,4,7,0,0,0,4,1,17
10,1,9,5.2,0.7,2.4,.273,0.1,0.7,.167,0.6,1.8,.313,0.0,0.0,,0.8,0.0,0.0,0.0,0.4,0.1,1.9
10,2,9,47,5.1,18.7,.273,0.9,5.1,.167,4.3,13.6,.313,0.0,0.0,,6.0,0.0,0.0,0.0,3.4,0.9,14.5
10,3,9,47,7.9,29.0,.273,1.3,7.9,.167,6.6,21.1,.313,0.0,0.0,,9.2,0.0,0.0,0.0,5.3,1.3,22.4,,72.1,114.5
10,4,9,47,3.0,.386,.386,.727,.000,15,7.6,10.1,8.8,0.0,0.0,0.0,15.4,29.9,,-0.1,0.0,-0.1,-.088,,-9.2,-11.4,-20.6
11,0,28,646,49,102,.480,49,102,.480,0,0,,20,65,.308,60,90,150,26,29,22,41,89,118
11,1,28,23.1,1.8,3.6,.480,1.8,3.6,.480,0.0,0.0,,0.7,2.3,.308,5.4,0.9,1.0,0.8,1.5,3.2,4.2
11,2,28,646,3.0,6.3,.480,3.0,6.3,.480,0.0,0.0,,1.2,4.0,.308,9.3,1.6,1.8,1.4,2.5,5.5,7.3
11,3,28,646,4.7,9.8,.480,4.7,9.8,.480,0.0,0.0,,1.9,6.2,.308,14.4,2.5,2.8,2.1,3.9,8.5,11.3,,86.5,103.0
11,4,28,646,10.6,.444,.480,.000,.637,139,11.0,16.5,13.7,9.3,2.8,3.7,23.6,14.5,,-0.3,0.9,0.7,.041,,-5.3,2.1,-3.2
12,0,28,896,145,379,.383,91,222,.410,54,157,.344,98,122,.803,26,88,114,95,36,2,90,67,442
12,1,28,32.0,5.2,13.5,.383,3.3,7.9,.410,1.9,5.6,.344,3.5,4.4,.803,4.1,3.4,1.3,0.1,3.2,2.4,15.8
12,2,28,896,6.5,16.9,.383,4.1,9.9,.410,2.4,7.0,.344,4.4,5.4,.803,5.1,4.2,1.6,0.1,4.0,3.0,19.7
12,3,28,896,10.0,26.2,.383,6.3,15.4,.410,3.7,10.9,.344,6.8,8.4,.803,7.9,6.6,2.5,0.1,6.2,4.6,30.6,,97.4,107.9
12,4,28,896,16.6,.506,.454,.414,.322,432,3.4,11.6,7.5,30.8,2.5,0.2,17.1,31.7,,0.7,0.9,1.6,.070,,1.1,-2.8,-1.7
