0,0,28,321,26,49,.531,26,47,.553,0,2,.000,23,37,.622,24,47,71,5,4,21,13,42,75
0,1,28,11.5,0.9,1.8,.531,0.9,1.7,.553,0.0,0.1,.000,0.8,1.3,.622,2.5,0.2,0.1,0.8,0.5,1.5,2.7
0,2,28,321,3.2,6.1,.531,3.2,5.9,.553,0.0,0.2,.000,2.9,4.6,.622,8.8,0.6,0.5,2.6,1.6,5.2,9.3
0,3,28,321,5.0,9.4,.531,5.0,9.1,.553,0.0,0.4,.000,4.4,7.1,.622,13.7,1.0,0.8,4.0,2.5,8.1,14.5,,111.7,101.3
0,4,28,321,14.4,.563,.531,.041,.755,78,9.5,17.0,13.4,3.0,0.8,7.4,16.3,13.3,,0.5,0.4,0.9,.111,,-2.6,1.5,-1.1
1,0,30,1000,163,309,.528,157,290,.541,6,19,.316,92,127,.724,60,168,228,47,26,13,59,48,424
1,1,30,33.3,5.4,10.3,.528,5.2,9.7,.541,0.2,0.6,.316,3.1,4.2,.724,7.6,1.6,0.9,0.4,2.0,1.6,14.1
1,2,30,1000,6.5,12.4,.528,6.3,11.6,.541,0.2,0.8,.316,3.7,5.1,.724,9.1,1.9,1.0,0.5,2.4,1.9,17.0
1,3,30,1000,10.1,19.1,.528,9.7,17.9,.541,0.4,1.2,.316,5.7,7.9,.724,14.1,2.9,1.6,0.8,3.7,3.0,26.2,,112.9,101.5
1,4,30,1000,21.7,.574,.537,.061,.411,404,7.6,19.5,13.8,10.8,1.6,1.5,13.8,23.0,,2.5,1.3,3.8,.153,,0.8,-0.4,0.3
2,0,26,512,63,157,.401,34,72,.472,29,85,.341,25,36,.694,30,49,79,18,20,10,28,46,180
2,1,26,19.7,2.4,6.0,.401,1.3,2.8,.472,1.1,3.3,.341,1.0,1.4,.694,3.0,0.7,0.8,0.4,1.1,1.8,6.9
2,2,26,512,4.9,12.3,.401,2.7,5.6,.472,2.3,6.6,.341,2.0,2.8,.694,6.2,1.4,1.6,0.8,2.2,3.6,14.1
2,3,26,512,7.6,19.0,.401,4.1,8.7,.472,3.5,10.3,.341,3.0,4.3,.694,9.5,2.2,2.4,1.2,3.4,5.6,21.7,,103.3,103.1
2,4,26,512,15.4,.517,.494,.541,.229,171,7.4,11.1,9.4,7.4,2.4,2.2,13.9,21.2,,0.7,0.6,1.3,.100,,0.5,-1.2,-0.7
3,0,6,46,5,5,1.000,5,5,1.000,0,0,,1,1,1.000,1,5,6,1,1,1,6,9,11
3,1,6,7.7,0.8,0.8,1.000,0.8,0.8,1.000,0.0,0.0,,0.2,0.2,1.000,1.0,0.2,0.2,0.2,1.0,1.5,1.8
3,2,6,46,4.3,4.3,1.000,4.3,4.3,1.000,0.0,0.0,,0.9,0.9,1.000,5.2,0.9,0.9,0.9,5.2,7.8,9.6
3,3,6,46,6.7,6.7,1.000,6.7,6.7,1.000,0.0,0.0,,1.3,1.3,1.000,8.1,1.3,1.3,1.3,8.1,12.1,14.8,,83.3,104.2
3,4,6,46,7.5,1.005,1.000,.000,.200,8,2.8,12.6,7.9,4.4,1.3,2.4,52.3,13.4,,0.0,0.0,0.0,.025,,-3.8,-0.6,-4.4
4,0,30,519,69,126,.548,69,126,.548,0,0,,26,50,.520,33,77,110,9,7,23,31,62,164
4,1,30,17.3,2.3,4.2,.548,2.3,4.2,.548,0.0,0.0,,0.9,1.7,.520,3.7,0.3,0.2,0.8,1.0,2.1,5.5
4,2,30,519,5.3,9.7,.548,5.3,9.7,.548,0.0,0.0,,2.0,3.9,.520,8.5,0.7,0.5,1.8,2.4,4.8,12.6
4,3,30,519,8.2,15.0,.548,8.2,15.0,.548,0.0,0.0,,3.1,6.0,.520,13.1,1.1,0.8,2.7,3.7,7.4,19.5,,101.0,102.3
4,4,30,519,14.7,.548,.548,.000,.397,152,8.1,17.2,12.9,3.7,0.8,5.0,17.2,18.7,,0.5,0.6,1.2,.089,,-3.6,-0.3,-3.9
5,0,5,26,2,10,.200,2,5,.400,0,5,.000,1,1,1.000,1,3,4,2,1,0,4,2,5
5,1,5,5.2,0.4,2.0,.200,0.4,1.0,.400,0.0,1.0,.000,0.2,0.2,1.000,0.8,0.4,0.2,0.0,0.8,0.4,1.0
5,2,5,26,3.1,15.4,.200,3.1,7.7,.400,0.0,7.7,.000,1.5,1.5,1.000,6.2,3.1,1.5,0.0,6.2,3.1,7.7
5,3,5,26,4.8,23.8,.200,4.8,11.9,.400,0.0,11.9,.000,2.4,2.4,1.000,9.5,4.8,2.4,0.0,9.5,4.8,11.9,,49.8,103.3
5,4,5,26,-4.8,.239,.200,.500,.100,6,4.9,13.4,9.3,14.8,2.4,0.0,27.6,29.9,,-0.1,0.0,-0.1,-.180,,-13.2,-2.9,-16.1
6,0,29,958,128,314,.408,54,117,.462,74,197,.376,68,78,.872,9,56,65,39,28,6,34,47,398
6,1,29,33.0,4.4,10.8,.408,1.9,4.0,.462,2.6,6.8,.376,2.3,2.7,.872,2.2,1.3,1.0,0.2,1.2,1.6,13.7
6,2,29,958,5.3,13.1,.408,2.3,4.9,.462,3.1,8.2,.376,2.8,3.3,.872,2.7,1.6,1.2,0.3,1.4,2.0,16.6
6,3,29,958,8.3,20.3,.408,3.5,7.6,.462,4.8,12.7,.376,4.4,5.0,.872,4.2,2.5,1.8,0.4,2.2,3.0,25.7,,115.7,107.5
6,4,29,958,17.0,.567,.525,.627,.248,345,1.2,6.8,4.1,8.8,1.8,0.7,8.8,21.6,,2.4,0.7,3.0,.127,,3.1,-3.0,0.1
7,0,28,508,59,108,.546,56,100,.560,3,8,.375,15,29,.517,44,66,110,23,10,20,21,55,136
7,1,28,18.1,2.1,3.9,.546,2.0,3.6,.560,0.1,0.3,.375,0.5,1.0,.517,3.9,0.8,0.4,0.7,0.8,2.0,4.9
7,2,28,508,4.6,8.5,.546,4.4,7.9,.560,0.2,0.6,.375,1.2,2.3,.517,8.7,1.8,0.8,1.6,1.7,4.3,10.7
7,3,28,508,7.2,13.2,.546,6.8,12.2,.560,0.4,1.0,.375,1.8,3.5,.517,13.4,2.8,1.2,2.4,2.6,6.7,16.6,,114.0,102.8
7,4,28,508,16.6,.558,.560,.074,.269,145,11.0,15.1,13.1,9.4,1.2,4.4,14.7,15.1,,0.9,0.6,1.5,.121,,0.0,1.0,1.0
8,0,26,582,67,160,.419,19,37,.514,48,123,.390,68,88,.773,11,51,62,35,16,2,45,75,250
8,1,26,22.4,2.6,6.2,.419,0.7,1.4,.514,1.8,4.7,.390,2.6,3.4,.773,2.4,1.3,0.6,0.1,1.7,2.9,9.6
8,2,26,582,4.6,11.0,.419,1.3,2.5,.514,3.3,8.5,.390,4.7,6.0,.773,4.3,2.4,1.1,0.1,3.1,5.2,17.2
8,3,26,582,7.1,17.0,.419,2.0,3.9,.514,5.1,13.1,.390,7.2,9.4,.773,6.6,3.7,1.7,0.2,4.8,8.0,26.6,,112.3,105.9
8,4,26,582,16.5,.619,.569,.769,.550,227,2.4,10.2,6.5,12.5,1.7,0.4,18.2,22.8,,1.4,0.5,1.9,.131,,3.5,-3.2,0.3
9,0,27,356,27,67,.403,26,62,.419,1,5,.200,43,62,.694,16,44,60,36,15,3,27,35,98
9,1,27,13.2,1.0,2.5,.403,1.0,2.3,.419,0.0,0.2,.200,1.6,2.3,.694,2.2,1.3,0.6,0.1,1.0,1.3,3.6
9,2,27,356,3.0,7.5,.403,2.9,7.0,.419,0.1,0.6,.200,4.8,7.0,.694,6.7,4.0,1.7,0.3,3.0,3.9,11.0
9,3,27,356,4.7,11.6,.403,4.5,10.8,.419,0.2,0.9,.200,7.5,10.8,.694,10.4,6.3,2.6,0.5,4.7,6.1,17.0,,101.9,101.7
9,4,27,356,14.4,.508,.410,.075,.925,114,5.7,14.4,10.2,19.4,2.6,0.9,21.9,18.6,,0.4,0.5,0.9,.098,,-2.1,0.0,-2.1
10,0,30,513,31,75,.413,18,40,.450,13,35,.371,9,12,.750,8,40,48,69,14,1,28,35,84
10,1,30,17.1,1.0,2.5,.413,0.6,1.3,.450,0.4,1.2,.371,0.3,0.4,.750,1.6,2.3,0.5,0.0,0.9,1.2,2.8
10,2,30,513,2.4,5.8,.413,1.4,3.1,.450,1.0,2.7,.371,0.7,0.9,.750,3.7,5.4,1.1,0.1,2.2,2.7,6.5
10,3,30,513,3.7,9.0,.413,2.2,4.8,.450,1.6,4.2,.371,1.1,1.4,.750,5.8,8.3,1.7,0.1,3.4,4.2,10.1,,105.5,106.9
10,4,30,513,10.4,.520,.500,.467,.160,112,2.0,9.1,5.7,25.0,1.7,0.2,25.8,11.4,,0.5,0.4,0.9,.071,,-1.3,-2.2,-3.5
11,0,30,714,84,192,.438,67,132,.508,17,60,.283,73,114,.640,5,52,57,110,26,1,84,74,258
11,1,30,23.8,2.8,6.4,.438,2.2,4.4,.508,0.6,2.0,.283,2.4,3.8,.640,1.9,3.7,0.9,0.0,2.8,2.5,8.6
11,2,30,714,4.7,10.8,.438,3.8,7.4,.508,1.0,3.4,.283,4.1,6.4,.640,3.2,6.2,1.5,0.1,4.7,4.1,14.5
11,3,30,714,7.3,16.6,.438,5.8,11.4,.508,1.5,5.2,.283,6.3,9.9,.640,4.9,9.5,2.3,0.1,7.3,6.4,22.4,,95.7,105.7
11,4,30,714,13.5,.524,.482,.313,.594,283,0.9,8.5,4.8,32.1,2.3,0.2,25.4,24.8,,0.6,0.6,1.2,.066,,-1.6,-3.0,-4.6
12,0,6,20,2,4,.500,2,4,.500,0,0,,2,3,.667,1,2,3,2,1,1,2,2,6
12,1,6,3.3,0.3,0.7,.500,0.3,0.7,.500,0.0,0.0,,0.3,0.5,.667,0.5,0.3,0.2,0.2,0.3,0.3,1.0
12,2,6,20,4.0,8.0,.500,4.0,8.0,.500,0.0,0.0,,4.0,6.0,.667,6.0,4.0,2.0,2.0,4.0,4.0,12.0
12,3,6,20,6.2,12.4,.500,6.2,12.4,.500,0.0,0.0,,6.2,9.3,.667,9.3,6.2,3.1,3.1,6.2,6.2,18.6,,99.0,99.6
12,4,6,20,16.8,.553,.500,.000,.750,7,6.4,11.6,9.1,20.1,3.1,5.6,26.9,19.9,,0.0,0.0,0.0,.098,,-2.9,2.3,-0.6
