0,0,22,575,63,121,.521,62,117,.530,1,4,.250,30,56,.536,51,100,151,10,11,49,30,65,157
0,1,22,26.1,2.9,5.5,.521,2.8,5.3,.530,0.0,0.2,.250,1.4,2.5,.536,6.9,0.5,0.5,2.2,1.4,3.0,7.1
0,2,22,575,4.4,8.4,.521,4.3,8.1,.530,0.1,0.3,.250,2.1,3.9,.536,10.5,0.7,0.8,3.4,2.1,4.5,10.9
0,3,22,575,6.6,12.6,.521,6.5,12.2,.530,0.1,0.4,.250,3.1,5.8,.536,15.7,1.0,1.1,5.1,3.1,6.8,16.3,,102.8,97.1
0,4,22,575,16.8,.532,.525,.033,.463,157,10.1,18.9,14.6,3.3,1.1,8.5,16.9,15.9,,0.6,1.0,1.6,.110,,-3.7,2.4,-1.4
1,0,28,476,40,106,.377,14,31,.452,26,75,.347,10,10,1.000,11,45,56,13,12,4,16,52,116
1,1,28,17.0,1.4,3.8,.377,0.5,1.1,.452,0.9,2.7,.347,0.4,0.4,1.000,2.0,0.5,0.4,0.1,0.6,1.9,4.1
1,2,28,476,3.4,8.9,.377,1.2,2.6,.452,2.2,6.3,.347,0.8,0.8,1.000,4.7,1.1,1.0,0.3,1.3,4.4,9.7
1,3,28,476,5.0,13.3,.377,1.8,3.9,.452,3.3,9.4,.347,1.3,1.3,1.000,7.0,1.6,1.5,0.5,2.0,6.5,14.6,,103.5,104.4
1,4,28,476,9.3,.524,.500,.708,.094,104,2.6,10.3,6.6,4.9,1.5,0.8,12.6,13.7,,0.4,0.5,0.9,.075,,-1.7,-2.4,-4.1
2,0,12,179,17,32,.531,17,32,.531,0,0,,4,6,.667,17,19,36,3,5,1,8,28,38
2,1,12,14.9,1.4,2.7,.531,1.4,2.7,.531,0.0,0.0,,0.3,0.5,.667,3.0,0.3,0.4,0.1,0.7,2.3,3.2
2,2,12,179,3.8,7.2,.531,3.8,7.2,.531,0.0,0.0,,0.9,1.3,.667,8.0,0.7,1.1,0.2,1.8,6.3,8.5
2,3,12,179,5.7,10.7,.531,5.7,10.7,.531,0.0,0.0,,1.3,2.0,.667,12.0,1.0,1.7,0.3,2.7,9.4,12.7,,105.7,103.3
2,4,12,179,10.7,.545,.531,.000,.188,40,10.9,11.6,11.2,3.1,1.7,0.6,18.7,12.3,,0.2,0.2,0.4,.085,,-3.0,-1.8,-4.8
3,0,29,906,149,351,.425,132,286,.462,17,65,.262,87,115,.757,57,105,162,97,40,18,87,78,402
3,1,29,31.2,5.1,12.1,.425,4.6,9.9,.462,0.6,2.2,.262,3.0,4.0,.757,5.6,3.3,1.4,0.6,3.0,2.7,13.9
3,2,29,906,6.6,15.5,.425,5.8,12.6,.462,0.8,2.9,.262,3.8,5.1,.757,7.2,4.3,1.8,0.8,3.8,3.4,17.7
3,3,29,906,9.8,23.2,.425,8.7,18.9,.462,1.1,4.3,.262,5.7,7.6,.757,10.7,6.4,2.6,1.2,5.7,5.2,26.6,,98.8,100.3
3,4,29,906,19.1,.496,.449,.185,.328,417,7.2,12.6,10.0,22.6,2.6,2.0,17.7,28.0,,1.2,1.2,2.5,.108,,-0.6,-0.1,-0.7
4,0,27,849,153,282,.543,153,278,.550,0,4,.000,41,65,.631,81,130,211,24,12,37,66,84,347
4,1,27,31.4,5.7,10.4,.543,5.7,10.3,.550,0.0,0.1,.000,1.5,2.4,.631,7.8,0.9,0.4,1.4,2.4,3.1,12.9
4,2,27,849,7.2,13.3,.543,7.2,13.1,.550,0.0,0.2,.000,1.9,3.1,.631,9.9,1.1,0.6,1.7,3.1,4.0,16.3
4,3,27,849,10.8,19.9,.543,10.8,19.6,.550,0.0,0.3,.000,2.9,4.6,.631,14.9,1.7,0.8,2.6,4.7,5.9,24.5,,102.5,100.9
4,4,27,849,18.9,.555,.543,.014,.230,326,10.9,16.7,13.9,6.2,0.8,4.3,17.4,23.0,,1.3,1.1,2.4,.111,,-2.2,-0.7,-2.9
5,0,20,132,9,29,.310,1,7,.143,8,22,.364,2,2,1.000,1,17,18,6,1,1,6,19,28
5,1,20,6.6,0.5,1.5,.310,0.1,0.4,.143,0.4,1.1,.364,0.1,0.1,1.000,0.9,0.3,0.1,0.1,0.3,1.0,1.4
5,2,20,132,2.7,8.8,.310,0.3,2.1,.143,2.4,6.7,.364,0.6,0.6,1.000,5.5,1.8,0.3,0.3,1.8,5.8,8.5
5,3,20,132,4.1,13.2,.310,0.5,3.2,.143,3.6,10.0,.364,0.9,0.9,1.000,8.2,2.7,0.5,0.5,2.7,8.6,12.7,,90.8,104.7
5,4,20,132,5.4,.467,.448,.759,.069,26,0.9,14.0,7.6,8.0,0.5,0.8,16.7,14.0,,0.0,0.1,0.1,.042,,-4.3,-3.3,-7.6
6,0,27,956,162,378,.429,89,194,.459,73,184,.397,61,66,.924,17,47,64,36,21,5,47,39,458
6,1,27,35.4,6.0,14.0,.429,3.3,7.2,.459,2.7,6.8,.397,2.3,2.4,.924,2.4,1.3,0.8,0.2,1.7,1.4,17.0
6,2,27,956,6.8,15.8,.429,3.7,8.1,.459,3.1,7.7,.397,2.6,2.8,.924,2.7,1.5,0.9,0.2,2.0,1.6,19.2
6,3,27,956,10.1,23.7,.429,5.6,12.2,.459,4.6,11.5,.397,3.8,4.1,.924,4.0,2.3,1.3,0.3,2.9,2.4,28.7,,110.3,108.0
6,4,27,956,17.4,.559,.525,.487,.175,390,2.0,5.4,3.7,8.0,1.3,0.5,10.3,24.6,,2.2,0.6,2.8,.117,,1.8,-4.4,-2.6
7,0,27,306,41,80,.513,41,70,.586,0,10,.000,16,28,.571,13,46,59,24,17,3,22,40,98
7,1,27,11.3,1.5,3.0,.513,1.5,2.6,.586,0.0,0.4,.000,0.6,1.0,.571,2.2,0.9,0.6,0.1,0.8,1.5,3.6
7,2,27,306,5.4,10.5,.513,5.4,9.2,.586,0.0,1.3,.000,2.1,3.7,.571,7.7,3.1,2.2,0.4,2.9,5.2,12.8
7,3,27,306,8.0,15.7,.513,8.0,13.7,.586,0.0,2.0,.000,3.1,5.5,.571,11.5,4.7,3.3,0.6,4.3,7.8,19.2,,98.8,97.0
7,4,27,306,15.8,.525,.513,.125,.350,98,4.9,16.4,10.8,15.6,3.3,1.0,19.1,19.4,,0.3,0.5,0.8,.104,,-2.6,0.0,-2.6
8,0,29,639,39,113,.345,23,51,.451,16,62,.258,4,4,1.000,12,37,49,95,29,0,34,41,98
8,1,29,22.0,1.3,3.9,.345,0.8,1.8,.451,0.6,2.1,.258,0.1,0.1,1.000,1.7,3.3,1.0,0.0,1.2,1.4,3.4
8,2,29,639,2.4,7.1,.345,1.4,3.2,.451,1.0,3.9,.258,0.3,0.3,1.000,3.1,5.9,1.8,0.0,2.1,2.6,6.1
8,3,29,639,3.7,10.6,.345,2.2,4.8,.451,1.5,5.8,.258,0.4,0.4,1.000,4.6,8.9,2.7,0.0,3.2,3.8,9.2,,96.0,104.5
8,4,29,639,9.8,.426,.416,.549,.035,136,2.1,6.3,4.3,25.8,2.7,0.0,22.8,12.0,,0.3,0.6,0.9,.057,,-2.7,-2.3,-5.0
9,0,29,741,69,185,.373,44,100,.440,25,85,.294,65,85,.765,17,80,97,99,26,0,46,74,228
9,1,29,25.6,2.4,6.4,.373,1.5,3.4,.440,0.9,2.9,.294,2.2,2.9,.765,3.3,3.4,0.9,0.0,1.6,2.6,7.9
9,2,29,741,3.7,10.0,.373,2.4,5.4,.440,1.3,4.6,.294,3.5,4.6,.765,5.2,5.3,1.4,0.0,2.5,4.0,12.3
9,3,29,741,5.6,14.9,.373,3.6,8.1,.440,2.0,6.9,.294,5.3,6.9,.765,7.8,8.0,2.1,0.0,3.7,6.0,18.4,,106.1,102.8
9,4,29,741,14.7,.506,.441,.459,.459,253,2.6,11.8,7.3,24.5,2.1,0.0,17.0,18.8,,1.2,0.8,2.0,.109,,-0.2,-2.1,-2.3
10,0,6,24,5,9,.556,2,3,.667,3,6,.500,0,0,,1,2,3,1,1,0,2,2,13
10,1,6,4.0,0.8,1.5,.556,0.3,0.5,.667,0.5,1.0,.500,0.0,0.0,,0.5,0.2,0.2,0.0,0.3,0.3,2.2
10,2,6,24,8.3,15.0,.556,3.3,5.0,.667,5.0,10.0,.500,0.0,0.0,,5.0,1.7,1.7,0.0,3.3,3.3,21.7
10,3,6,24,12.5,22.5,.556,5.0,7.5,.667,7.5,15.0,.500,0.0,0.0,,7.5,2.5,2.5,0.0,5.0,5.0,32.4,,115.6,103.4
10,4,6,24,23.6,.722,.722,.667,.000,10,4.8,9.1,7.0,9.7,2.5,0.0,18.2,23.6,,0.1,0.0,0.1,.154,,4.3,-4.3,0.0
11,0,9,93,3,10,.300,3,9,.333,0,1,.000,0,0,,6,13,19,0,3,7,7,17,6
11,1,9,10.3,0.3,1.1,.300,0.3,1.0,.333,0.0,0.1,.000,0.0,0.0,,2.1,0.0,0.3,0.8,0.8,1.9,0.7
11,2,9,93,1.3,4.3,.300,1.3,3.9,.333,0.0,0.4,.000,0.0,0.0,,8.2,0.0,1.3,3.0,3.0,7.3,2.6
11,3,9,93,1.9,6.4,.300,1.9,5.8,.333,0.0,0.6,.000,0.0,0.0,,12.2,0.0,1.9,4.5,4.5,10.9,3.9,,52.5,97.4
11,4,9,93,3.0,.300,.300,.100,.000,8,7.4,15.2,11.4,0.0,1.9,7.5,41.2,9.4,,-0.2,0.2,0.0,-.007,,-10.1,1.7,-8.5
