0,0,15,373,27,85,.318,14,42,.333,13,43,.302,30,41,.732,22,44,66,26,14,2,25,46,97
0,1,15,24.9,1.8,5.7,.318,0.9,2.8,.333,0.9,2.9,.302,2.0,2.7,.732,4.4,1.7,0.9,0.1,1.7,3.1,6.5
0,2,15,373,2.9,9.1,.318,1.5,4.5,.333,1.4,4.6,.302,3.2,4.4,.732,7.1,2.8,1.5,0.2,2.7,4.9,10.4
0,3,15,373,4.4,13.8,.318,2.3,6.8,.333,2.1,7.0,.302,4.9,6.6,.732,10.7,4.2,2.3,0.3,4.0,7.4,15.7,,92.2,111.2
0,4,15,373,10.5,.464,.394,.506,.482,108,7.0,15.1,10.9,15.1,2.3,0.6,19.3,18.7,,0.1,0.2,0.2,.025,,-2.2,-1.9,-4.1
1,0,30,956,84,209,.402,65,137,.474,19,72,.264,33,40,.825,19,61,80,101,14,2,85,71,220
1,1,30,31.9,2.8,7.0,.402,2.2,4.6,.474,0.6,2.4,.264,1.1,1.3,.825,2.7,3.4,0.5,0.1,2.8,2.4,7.3
1,2,30,956,3.5,8.7,.402,2.7,5.7,.474,0.8,3.0,.264,1.4,1.7,.825,3.3,4.2,0.6,0.1,3.6,3.0,9.2
1,3,30,956,5.3,13.2,.402,4.1,8.6,.474,1.2,4.5,.264,2.1,2.5,.825,5.1,6.4,0.9,0.1,5.4,4.5,13.9,,84.9,117.1
1,4,30,956,6.8,.482,.447,.344,.191,246,2.4,8.2,5.2,23.6,0.9,0.2,27.2,17.7,,-0.4,-0.1,-0.6,-.024,,-4.4,-4.0,-8.4
2,0,23,217,17,41,.415,17,40,.425,0,1,.000,12,17,.706,14,26,40,5,8,9,12,43,46
2,1,23,9.4,0.7,1.8,.415,0.7,1.7,.425,0.0,0.0,.000,0.5,0.7,.706,1.7,0.2,0.3,0.4,0.5,1.9,2.0
2,2,23,217,3.1,7.6,.415,3.1,7.4,.425,0.0,0.2,.000,2.2,3.1,.706,7.4,0.9,1.5,1.7,2.2,7.9,8.5
2,3,23,217,4.7,11.4,.415,4.7,11.1,.425,0.0,0.3,.000,3.3,4.7,.706,11.1,1.4,2.2,2.5,3.3,12.0,12.8,,89.0,108.6
2,4,23,217,9.0,.469,.415,.024,.415,48,7.6,15.4,11.4,5.0,2.2,4.8,19.6,15.2,,0.0,0.1,0.1,.024,,-6.3,0.1,-6.3
3,0,30,795,140,266,.526,140,265,.528,0,1,.000,66,85,.776,38,107,145,22,18,8,56,66,346
3,1,30,26.5,4.7,8.9,.526,4.7,8.8,.528,0.0,0.0,.000,2.2,2.8,.776,4.8,0.7,0.6,0.3,1.9,2.2,11.5
3,2,30,795,7.0,13.4,.526,7.0,13.3,.528,0.0,0.1,.000,3.3,4.3,.776,7.3,1.1,0.9,0.4,2.8,3.3,17.4
3,3,30,795,10.6,20.2,.526,10.6,20.1,.528,0.0,0.1,.000,5.0,6.5,.776,11.0,1.7,1.4,0.6,4.3,5.0,26.3,,100.8,112.4
3,4,30,795,16.9,.565,.526,.004,.320,304,5.7,17.3,11.2,7.7,1.4,1.2,15.5,24.6,,1.0,0.2,1.2,.061,,-2.7,-3.3,-6.0
4,0,29,917,89,219,.406,66,139,.475,23,80,.288,76,100,.760,14,111,125,81,54,2,76,79,277
4,1,29,31.6,3.1,7.6,.406,2.3,4.8,.475,0.8,2.8,.288,2.6,3.4,.760,4.3,2.8,1.9,0.1,2.6,2.7,9.6
4,2,29,917,3.9,9.6,.406,2.9,6.1,.475,1.0,3.5,.288,3.3,4.4,.760,5.5,3.5,2.4,0.1,3.3,3.4,12.1
4,3,29,917,5.9,14.4,.406,4.3,9.1,.475,1.5,5.3,.288,5.0,6.6,.760,8.2,5.3,3.6,0.1,5.0,5.2,18.2,,92.8,108.6
4,4,29,917,13.0,.520,.459,.365,.457,282,1.8,15.5,8.4,20.2,3.6,0.3,22.2,20.2,,0.3,0.6,0.9,.038,,-1.9,-0.7,-2.7
5,0,21,620,96,257,.374,52,144,.361,44,113,.389,27,35,.771,11,42,53,55,23,0,49,36,263
5,1,21,29.5,4.6,12.2,.374,2.5,6.9,.361,2.1,5.4,.389,1.3,1.7,.771,2.5,2.6,1.1,0.0,2.3,1.7,12.5
5,2,21,620,6.2,16.6,.374,3.4,9.3,.361,2.8,7.3,.389,1.7,2.3,.771,3.4,3.5,1.5,0.0,3.2,2.3,17.0
5,3,21,620,9.3,25.0,.374,5.1,14.0,.361,4.3,11.0,.389,2.6,3.4,.771,5.2,5.4,2.2,0.0,4.8,3.5,25.6,,90.0,114.2
5,4,21,620,13.0,.481,.459,.440,.136,247,2.1,8.7,5.3,23.4,2.2,0.0,15.2,28.1,,0.0,0.1,0.1,.006,,-0.8,-4.6,-5.4
6,0,9,116,17,31,.548,17,31,.548,0,0,,5,10,.500,9,18,27,5,0,2,7,13,39
6,1,9,12.9,1.9,3.4,.548,1.9,3.4,.548,0.0,0.0,,0.6,1.1,.500,3.0,0.6,0.0,0.2,0.8,1.4,4.3
6,2,9,116,5.9,10.7,.548,5.9,10.7,.548,0.0,0.0,,1.7,3.4,.500,9.3,1.7,0.0,0.7,2.4,4.5,13.4
6,3,9,116,8.8,16.1,.548,8.8,16.1,.548,0.0,0.0,,2.6,5.2,.500,14.0,2.6,0.0,1.0,3.6,6.8,20.3,,100.3,114.0
6,4,9,116,14.3,.545,.548,.000,.323,37,9.2,19.9,14.3,11.1,0.0,2.0,16.4,19.9,,0.1,0.0,0.1,.045,,-3.8,-3.5,-7.3
7,0,29,330,7,35,.200,2,5,.400,5,30,.167,1,6,.167,7,21,28,10,4,0,9,23,20
7,1,29,11.4,0.2,1.2,.200,0.1,0.2,.400,0.2,1.0,.167,0.0,0.2,.167,1.0,0.3,0.1,0.0,0.3,0.8,0.7
7,2,29,330,0.8,4.2,.200,0.2,0.6,.400,0.6,3.6,.167,0.1,0.7,.167,3.4,1.2,0.5,0.0,1.1,2.8,2.4
7,3,29,330,1.3,6.4,.200,0.4,0.9,.400,0.9,5.5,.167,0.2,1.1,.167,5.1,1.8,0.7,0.0,1.6,4.2,3.7,,61.5,117.6
7,4,29,330,0.4,.264,.271,.857,.171,26,2.5,8.2,5.2,5.9,0.7,0.0,19.2,7.7,,-0.4,-0.1,-0.4,-.051,,-6.6,-3.2,-9.8
8,0,20,116,12,33,.364,12,33,.364,0,0,,2,5,.400,5,23,28,3,3,3,10,22,26
8,1,20,5.8,0.6,1.7,.364,0.6,1.7,.364,0.0,0.0,,0.1,0.3,.400,1.4,0.2,0.2,0.2,0.5,1.1,1.3
8,2,20,116,4.1,11.4,.364,4.1,11.4,.364,0.0,0.0,,0.7,1.7,.400,9.7,1.0,1.0,1.0,3.4,7.6,9.0
8,3,20,116,6.2,17.2,.364,6.2,17.2,.364,0.0,0.0,,1.0,2.6,.400,14.6,1.6,1.6,1.6,5.2,11.4,13.5,,65.1,107.6
8,4,20,116,3.7,.367,.364,.000,.152,26,5.1,25.4,14.9,6.0,1.6,3.0,22.0,21.1,,-0.3,0.1,-0.2,-.068,,-11.9,-2.0,-13.9
9,0,9,196,21,48,.438,12,23,.522,9,25,.360,13,24,.542,12,31,43,9,5,0,18,31,64
9,1,9,21.8,2.3,5.3,.438,1.3,2.6,.522,1.0,2.8,.360,1.4,2.7,.542,4.8,1.0,0.6,0.0,2.0,3.4,7.1
9,2,9,196,4.3,9.8,.438,2.4,4.7,.522,1.8,5.1,.360,2.7,4.9,.542,8.8,1.8,1.0,0.0,3.7,6.3,13.1
9,3,9,196,6.5,14.8,.438,3.7,7.1,.522,2.8,7.7,.360,4.0,7.4,.542,13.2,2.8,1.5,0.0,5.5,9.5,19.7,,91.0,111.2
9,4,9,196,10.8,.539,.531,.521,.500,62,7.3,20.3,13.5,10.7,1.5,0.0,23.3,21.3,,0.0,0.1,0.1,.022,,-2.7,-3.5,-6.2
10,0,27,517,43,101,.426,23,46,.500,20,55,.364,24,37,.649,18,43,61,34,18,2,40,59,130
10,1,27,19.1,1.6,3.7,.426,0.9,1.7,.500,0.7,2.0,.364,0.9,1.4,.649,2.3,1.3,0.7,0.1,1.5,2.2,4.8
10,2,27,517,3.3,7.8,.426,1.8,3.6,.500,1.5,4.3,.364,1.9,2.9,.649,4.7,2.6,1.4,0.2,3.1,4.6,10.1
10,3,27,517,5.0,11.8,.426,2.7,5.4,.500,2.3,6.4,.364,2.8,4.3,.649,7.1,4.0,2.1,0.2,4.7,6.9,15.2,,92.3,113.2
10,4,27,517,9.4,.548,.525,.545,.366,132,4.1,10.7,7.3,14.6,2.1,0.4,25.2,16.6,,0.1,0.1,0.2,.017,,-2.5,-2.7,-5.2
11,0,28,882,93,270,.344,29,83,.349,64,187,.342,29,38,.763,13,52,65,41,18,2,40,63,279
11,1,28,31.5,3.3,9.6,.344,1.0,3.0,.349,2.3,6.7,.342,1.0,1.4,.763,2.3,1.5,0.6,0.1,1.4,2.3,10.0
11,2,28,882,4.2,12.2,.344,1.3,3.8,.349,2.9,8.5,.342,1.3,1.7,.763,2.9,1.9,0.8,0.1,1.8,2.9,12.7
11,3,28,882,6.4,18.5,.344,2.0,5.7,.349,4.4,12.8,.342,2.0,2.6,.763,4.4,2.8,1.2,0.1,2.7,4.3,19.1,,92.5,116.6
11,4,28,882,9.0,.484,.463,.693,.141,252,1.7,7.6,4.5,10.8,1.2,0.3,12.2,20.1,,0.2,-0.1,0.1,.006,,-1.2,-4.7,-5.9
12,0,3,12,0,2,.000,0,1,.000,0,1,.000,2,2,1.000,0,0,0,1,0,0,0,0,2
12,1,3,4.0,0.0,0.7,.000,0.0,0.3,.000,0.0,0.3,.000,0.7,0.7,1.000,0.0,0.3,0.0,0.0,0.0,0.0,0.7
12,2,3,12,0.0,6.7,.000,0.0,3.3,.000,0.0,3.3,.000,6.7,6.7,1.000,0.0,3.3,0.0,0.0,0.0,0.0,6.7
12,3,3,12,0.0,10.1,.000,0.0,5.0,.000,0.0,5.0,.000,10.1,10.1,1.000,0.0,5.0,0.0,0.0,0.0,0.0,10.1,,95.8,122.5
12,4,3,12,5.4,.339,.000,.500,1.000,2,0.0,0.0,0.0,15.6,0.0,0.0,0.0,13.3,,0.0,0.0,0.0,-.012,,-6.6,-9.9,-16.5
13,0,1,3,1,2,.500,1,1,1.000,0,1,.000,1,2,.500,0,0,0,0,0,0,0,2,3
13,1,1,3.0,1.0,2.0,.500,1.0,1.0,1.000,0.0,1.0,.000,1.0,2.0,.500,0.0,0.0,0.0,0.0,0.0,2.0,3.0
13,2,1,3,13.3,26.7,.500,13.3,13.3,1.000,0.0,13.3,.000,13.3,26.7,.500,0.0,0.0,0.0,0.0,0.0,26.7,40.0
13,3,1,3,20.1,40.2,.500,20.1,20.1,1.000,0.0,20.1,.000,20.1,40.2,.500,0.0,0.0,0.0,0.0,0.0,40.2,60.4,,105.4,118.5
13,4,1,3,19.0,.508,.500,.500,1.000,2,0.0,0.0,0.0,0.0,0.0,0.0,0.0,53.1,,0.0,0.0,0.0,.122,,3.8,-18.7,-14.9
