0,0,26,859,90,261,.345,76,197,.386,14,64,.219,97,124,.782,10,56,66,82,37,1,75,47,291
0,1,26,33.0,3.5,10.0,.345,2.9,7.6,.386,0.5,2.5,.219,3.7,4.8,.782,2.5,3.2,1.4,0.0,2.9,1.8,11.2
0,2,26,859,4.2,12.2,.345,3.5,9.2,.386,0.7,3.0,.219,4.5,5.8,.782,3.1,3.8,1.7,0.0,3.5,2.2,13.6
0,3,26,859,6.6,19.1,.345,5.5,14.4,.386,1.0,4.7,.219,7.1,9.1,.782,4.8,6.0,2.7,0.1,5.5,3.4,21.3,,90.7,111.4
0,4,26,859,12.2,.455,.372,.245,.475,295,1.3,7.6,4.4,21.9,2.7,0.1,19.0,24.3,,0.1,0.3,0.4,.019,,-2.3,-3.4,-5.6
1,0,31,1141,180,412,.437,174,372,.468,6,40,.150,139,188,.739,73,116,189,41,45,15,64,90,505
1,1,31,36.8,5.8,13.3,.437,5.6,12.0,.468,0.2,1.3,.150,4.5,6.1,.739,6.1,1.3,1.5,0.5,2.1,2.9,16.3
1,2,31,1141,6.3,14.4,.437,6.1,13.0,.468,0.2,1.4,.150,4.9,6.6,.739,6.6,1.4,1.6,0.5,2.2,3.2,17.7
1,3,31,1141,9.9,22.7,.437,9.6,20.5,.468,0.3,2.2,.150,7.6,10.3,.739,10.4,2.3,2.5,0.8,3.5,4.9,27.8,,105.6,109.0
1,4,31,1141,20.0,.504,.444,.097,.456,478,7.3,11.8,9.6,9.4,2.5,1.5,11.3,26.2,,2.2,0.7,2.9,.102,,0.8,-2.2,-1.4
2,0,31,868,89,176,.506,89,175,.509,0,1,.000,29,72,.403,116,105,221,19,33,68,34,84,207
2,1,31,28.0,2.9,5.7,.506,2.9,5.6,.509,0.0,0.0,.000,0.9,2.3,.403,7.1,0.6,1.1,2.2,1.1,2.7,6.7
2,2,31,868,4.1,8.1,.506,4.1,8.1,.509,0.0,0.0,.000,1.3,3.3,.403,10.2,0.9,1.5,3.1,1.6,3.9,9.5
2,3,31,868,6.4,12.7,.506,6.4,12.6,.509,0.0,0.1,.000,2.1,5.2,.403,16.0,1.4,2.4,4.9,2.5,6.1,15.0,,105.7,104.7
2,4,31,868,19.2,.492,.506,.006,.409,228,15.3,14.1,14.7,5.0,2.4,9.0,13.9,14.9,,1.1,0.9,1.9,.089,,-0.7,3.3,2.7
3,0,31,977,98,242,.405,35,84,.417,63,158,.399,36,48,.750,15,68,83,57,33,5,70,83,295
3,1,31,31.5,3.2,7.8,.405,1.1,2.7,.417,2.0,5.1,.399,1.2,1.5,.750,2.7,1.8,1.1,0.2,2.3,2.7,9.5
3,2,31,977,4.0,9.9,.405,1.4,3.4,.417,2.6,6.5,.399,1.5,2.0,.750,3.4,2.3,1.4,0.2,2.9,3.4,12.1
3,3,31,977,6.3,15.5,.405,2.2,5.4,.417,4.0,10.1,.399,2.3,3.1,.750,5.3,3.7,2.1,0.3,4.5,5.3,18.9,,99.8,112.1
3,4,31,977,11.7,.557,.535,.653,.198,273,1.8,8.1,4.9,13.2,2.1,0.6,20.9,18.1,,0.9,0.3,1.1,.047,,0.6,-3.0,-2.3
4,0,15,176,16,37,.432,16,37,.432,0,0,,2,3,.667,7,18,25,2,2,2,12,30,34
4,1,15,11.7,1.1,2.5,.432,1.1,2.5,.432,0.0,0.0,,0.1,0.2,.667,1.7,0.1,0.1,0.1,0.8,2.0,2.3
4,2,15,176,3.6,8.4,.432,3.6,8.4,.432,0.0,0.0,,0.5,0.7,.667,5.7,0.5,0.5,0.5,2.7,6.8,7.7
4,3,15,176,5.7,13.2,.432,5.7,13.2,.432,0.0,0.0,,0.7,1.1,.667,8.9,0.7,0.7,0.7,4.3,10.7,12.1,,76.8,112.3
4,4,15,176,3.5,.442,.432,.000,.081,32,4.6,11.9,8.2,2.5,0.7,1.3,23.8,15.1,,-0.2,0.0,-0.1,-.026,,-7.5,-3.6,-11.1
5,0,30,530,37,109,.339,37,107,.346,0,2,.000,27,44,.614,21,59,80,23,11,8,48,55,101
5,1,30,17.7,1.2,3.6,.339,1.2,3.6,.346,0.0,0.1,.000,0.9,1.5,.614,2.7,0.8,0.4,0.3,1.6,1.8,3.4
5,2,30,530,2.8,8.2,.339,2.8,8.1,.346,0.0,0.2,.000,2.0,3.3,.614,6.0,1.7,0.8,0.6,3.6,4.2,7.6
5,3,30,530,4.4,12.9,.339,4.4,12.7,.346,0.0,0.2,.000,3.2,5.2,.614,9.5,2.7,1.3,0.9,5.7,6.5,12.0,,70.8,110.7
5,4,30,530,4.2,.389,.339,.018,.404,107,4.5,12.9,8.7,9.2,1.3,1.7,27.0,17.7,,-0.9,0.2,-0.6,-.049,,-7.9,-1.9,-9.8
6,0,22,747,96,224,.429,95,222,.428,1,2,.500,35,46,.761,50,140,190,31,10,14,51,47,228
6,1,22,34.0,4.4,10.2,.429,4.3,10.1,.428,0.0,0.1,.500,1.6,2.1,.761,8.6,1.4,0.5,0.6,2.3,2.1,10.4
6,2,22,747,5.1,12.0,.429,5.1,11.9,.428,0.1,0.1,.500,1.9,2.5,.761,10.2,1.7,0.5,0.7,2.7,2.5,12.2
6,3,22,747,8.1,18.8,.429,8.0,18.6,.428,0.1,0.2,.500,2.9,3.9,.761,16.0,2.6,0.8,1.2,4.3,3.9,19.1,,92.2,107.3
6,4,22,747,14.1,.464,.431,.009,.205,226,7.7,21.8,14.7,10.0,0.8,2.2,17.2,21.0,,0.2,0.6,0.8,.041,,-3.8,-1.5,-5.4
7,0,16,264,13,45,.289,4,17,.235,9,28,.321,9,12,.750,5,20,25,12,13,0,11,21,44
7,1,16,16.5,0.8,2.8,.289,0.3,1.1,.235,0.6,1.8,.321,0.6,0.8,.750,1.6,0.8,0.8,0.0,0.7,1.3,2.8
7,2,16,264,2.0,6.8,.289,0.6,2.6,.235,1.4,4.2,.321,1.4,1.8,.750,3.8,1.8,2.0,0.0,1.7,3.2,6.7
7,3,16,264,3.1,10.7,.289,1.0,4.0,.235,2.1,6.7,.321,2.1,2.9,.750,5.9,2.9,3.1,0.0,2.6,5.0,10.5,,89.6,109.8
7,4,16,264,7.5,.434,.389,.622,.267,45,2.2,8.8,5.5,9.2,3.1,0.0,17.8,12.4,,0.0,0.1,0.1,.020,,-2.7,-1.9,-4.6
8,0,22,110,12,20,.600,12,20,.600,0,0,,0,0,,16,5,21,0,0,5,3,18,24
8,1,22,5.0,0.5,0.9,.600,0.5,0.9,.600,0.0,0.0,,0.0,0.0,,1.0,0.0,0.0,0.2,0.1,0.8,1.1
8,2,22,110,4.4,7.3,.600,4.4,7.3,.600,0.0,0.0,,0.0,0.0,,7.6,0.0,0.0,1.8,1.1,6.5,8.7
8,3,22,110,6.8,11.4,.600,6.8,11.4,.600,0.0,0.0,,0.0,0.0,,12.0,0.0,0.0,2.9,1.7,10.3,13.7,,123.0,115.7
8,4,22,110,13.9,.600,.600,.000,.000,25,16.7,5.3,11.0,0.0,0.0,5.2,13.0,11.0,,0.2,0.0,0.2,.074,,-1.7,-4.6,-6.3
9,0,17,173,17,46,.370,16,39,.410,1,7,.143,11,14,.786,14,13,27,7,2,5,8,25,46
9,1,17,10.2,1.0,2.7,.370,0.9,2.3,.410,0.1,0.4,.143,0.6,0.8,.786,1.6,0.4,0.1,0.3,0.5,1.5,2.7
9,2,17,173,3.9,10.6,.370,3.7,9.0,.410,0.2,1.6,.143,2.5,3.2,.786,6.2,1.6,0.5,1.2,1.8,5.8,10.6
9,3,17,173,6.2,16.7,.370,5.8,14.1,.410,0.4,2.5,.143,4.0,5.1,.786,9.8,2.5,0.7,1.8,2.9,9.1,16.7,,96.5,113.2
9,4,17,173,10.7,.437,.380,.152,.304,48,9.3,8.7,9.0,9.1,0.7,3.3,13.2,18.5,,0.1,0.0,0.1,.032,,-3.2,-3.0,-6.2
10,0,8,30,1,7,.143,0,0,,1,7,.143,1,2,.500,2,1,3,1,1,0,3,4,4
10,1,8,3.8,0.1,0.9,.143,0.0,0.0,,0.1,0.9,.143,0.1,0.3,.500,0.4,0.1,0.1,0.0,0.4,0.5,0.5
10,2,8,30,1.3,9.3,.143,0.0,0.0,,1.3,9.3,.143,1.3,2.7,.500,4.0,1.3,1.3,0.0,4.0,5.3,5.3
10,3,8,30,2.1,14.6,.143,0.0,0.0,,2.1,14.6,.143,2.1,4.2,.500,6.3,2.1,2.1,0.0,6.3,8.4,8.4,,53.4,114.2
10,4,8,30,-3.6,.252,.214,1.000,.286,5,7.6,3.9,5.8,6.6,2.1,0.0,27.4,19.3,,-0.1,0.0,-0.1,-.130,,-7.0,-4.7,-11.7
11,0,26,375,28,99,.283,10,30,.333,18,69,.261,9,12,.750,3,14,17,25,13,1,32,16,83
11,1,26,14.4,1.1,3.8,.283,0.4,1.2,.333,0.7,2.7,.261,0.3,0.5,.750,0.7,1.0,0.5,0.0,1.2,0.6,3.2
11,2,26,375,3.0,10.6,.283,1.1,3.2,.333,1.9,7.4,.261,1.0,1.3,.750,1.8,2.7,1.4,0.1,3.4,1.7,8.9
11,3,26,375,4.7,16.6,.283,1.7,5.0,.333,3.0,11.5,.261,1.5,2.0,.750,2.8,4.2,2.2,0.2,5.4,2.7,13.9,,74.6,114.3
11,4,26,375,4.3,.396,.374,.697,.121,83,0.9,4.3,2.6,14.3,2.2,0.3,23.4,19.3,,-0.5,0.0,-0.5,-.051,,-4.8,-4.7,-9.6
