0,0,29,384,41,95,.432,30,68,.441,11,27,.407,28,35,.800,34,55,89,15,7,10,33,39,121
0,1,29,13.2,1.4,3.3,.432,1.0,2.3,.441,0.4,0.9,.407,1.0,1.2,.800,3.1,0.5,0.2,0.3,1.1,1.3,4.2
0,2,29,384,4.3,9.9,.432,3.1,7.1,.441,1.1,2.8,.407,2.9,3.6,.800,9.3,1.6,0.7,1.0,3.4,4.1,12.6
0,3,29,384,6.2,14.4,.432,4.5,10.3,.441,1.7,4.1,.407,4.2,5.3,.800,13.5,2.3,1.1,1.5,5.0,5.9,18.3,,98.8,106.2
0,4,29,384,13.6,.542,.489,.284,.368,124,10.3,16.7,13.5,8.6,1.1,2.5,22.8,19.0,,0.4,0.3,0.7,.068,,-2.1,-1.3,-3.4
1,0,32,654,85,173,.491,68,127,.535,17,46,.370,45,53,.849,44,94,138,25,19,8,40,63,232
1,1,32,20.4,2.7,5.4,.491,2.1,4.0,.535,0.5,1.4,.370,1.4,1.7,.849,4.3,0.8,0.6,0.3,1.3,2.0,7.3
1,2,32,654,5.2,10.6,.491,4.2,7.8,.535,1.0,2.8,.370,2.8,3.2,.849,8.4,1.5,1.2,0.5,2.4,3.9,14.2
1,3,32,654,7.6,15.4,.491,6.0,11.3,.535,1.5,4.1,.370,4.0,4.7,.849,12.3,2.2,1.7,0.7,3.6,5.6,20.6,,110.6,105.6
1,4,32,654,16.8,.585,.540,.266,.306,221,7.8,16.7,12.3,8.9,1.7,1.2,16.8,18.3,,1.2,0.6,1.8,.109,,0.3,-1.3,-0.9
2,0,3,61,13,32,.406,6,18,.333,7,14,.500,2,5,.400,3,3,6,3,2,1,1,6,35
2,1,3,20.3,4.3,10.7,.406,2.0,6.0,.333,2.3,4.7,.500,0.7,1.7,.400,2.0,1.0,0.7,0.3,0.3,2.0,11.7
2,2,3,61,8.5,21.0,.406,3.9,11.8,.333,4.6,9.2,.500,1.3,3.3,.400,3.9,2.0,1.3,0.7,0.7,3.9,23.0
2,3,3,61,12.4,30.5,.406,5.7,17.1,.333,6.7,13.3,.500,1.9,4.8,.400,5.7,2.9,1.9,1.0,1.0,5.7,33.3,,110.9,109.3
2,4,3,61,21.4,.509,.516,.438,.156,30,5.7,5.7,5.7,14.2,1.9,1.6,2.8,29.2,,0.2,0.0,0.2,.129,,4.0,-4.9,-0.9
3,0,26,209,17,46,.370,7,21,.333,10,25,.400,9,13,.692,8,10,18,20,2,0,12,23,53
3,1,26,8.0,0.7,1.8,.370,0.3,0.8,.333,0.4,1.0,.400,0.3,0.5,.692,0.7,0.8,0.1,0.0,0.5,0.9,2.0
3,2,26,209,3.3,8.8,.370,1.3,4.0,.333,1.9,4.8,.400,1.7,2.5,.692,3.4,3.8,0.4,0.0,2.3,4.4,10.1
3,3,26,209,4.7,12.8,.370,1.9,5.8,.333,2.8,7.0,.400,2.5,3.6,.692,5.0,5.6,0.6,0.0,3.3,6.4,14.7,,103.6,113.1
3,4,26,209,9.0,.508,.478,.543,.283,58,4.4,5.6,5.0,20.0,0.6,0.0,18.7,15.5,,0.2,0.0,0.3,.050,,-1.1,-4.7,-5.8
4,0,1,1,0,0,,0,0,,0,0,,0,0,,1,0,1,0,0,0,1,0,0
4,1,1,1.0,0.0,0.0,,0.0,0.0,,0.0,0.0,,0.0,0.0,,1.0,0.0,0.0,0.0,1.0,0.0,0.0
4,2,1,1,0.0,0.0,,0.0,0.0,,0.0,0.0,,0.0,0.0,,40.0,0.0,0.0,0.0,40.0,0.0,0.0
4,3,1,1,0.0,0.0,,0.0,0.0,,0.0,0.0,,0.0,0.0,,58.1,0.0,0.0,0.0,58.1,0.0,0.0,,41.6,117.1
4,4,1,1,-18.5,,,,,1,100.0,0.0,58.1,0.0,0.0,0.0,100.0,50.3,,0.0,0.0,0.0,-.677,,-31.5,-9.9,-41.3
5,0,26,357,35,88,.398,27,59,.458,8,29,.276,32,43,.744,7,19,26,42,9,0,32,37,110
5,1,26,13.7,1.3,3.4,.398,1.0,2.3,.458,0.3,1.1,.276,1.2,1.7,.744,1.0,1.6,0.3,0.0,1.2,1.4,4.2
5,2,26,357,3.9,9.9,.398,3.0,6.6,.458,0.9,3.2,.276,3.6,4.8,.744,2.9,4.7,1.0,0.0,3.6,4.1,12.3
5,3,26,357,5.7,14.3,.398,4.4,9.6,.458,1.3,4.7,.276,5.2,7.0,.744,4.2,6.8,1.5,0.0,5.2,6.0,17.9,,96.4,110.9
5,4,26,357,10.4,.507,.443,.330,.489,119,2.3,6.2,4.2,25.5,1.5,0.0,22.8,19.8,,0.3,0.1,0.4,.043,,-2.3,-4.4,-6.7
6,0,32,922,96,216,.444,96,216,.444,0,0,,79,113,.699,76,155,231,24,18,70,57,100,271
6,1,32,28.8,3.0,6.8,.444,3.0,6.8,.444,0.0,0.0,,2.5,3.5,.699,7.2,0.8,0.6,2.2,1.8,3.1,8.5
6,2,32,922,4.2,9.4,.444,4.2,9.4,.444,0.0,0.0,,3.4,4.9,.699,10.0,1.0,0.8,3.0,2.5,4.3,11.8
6,3,32,922,6.1,13.6,.444,6.1,13.6,.444,0.0,0.0,,5.0,7.1,.699,14.6,1.5,1.1,4.4,3.6,6.3,17.1,,99.5,102.2
6,4,32,922,15.6,.502,.444,.000,.523,278,9.5,19.6,14.6,5.7,1.1,7.2,17.4,17.8,,0.8,1.1,1.9,.084,,-3.4,2.3,-1.1
7,0,32,943,150,347,.432,124,268,.463,26,79,.329,134,208,.644,36,113,149,57,53,25,95,74,460
7,1,32,29.5,4.7,10.8,.432,3.9,8.4,.463,0.8,2.5,.329,4.2,6.5,.644,4.7,1.8,1.7,0.8,3.0,2.3,14.4
7,2,32,943,6.4,14.7,.432,5.3,11.4,.463,1.1,3.4,.329,5.7,8.8,.644,6.3,2.4,2.2,1.1,4.0,3.1,19.5
7,3,32,943,9.2,21.4,.432,7.6,16.5,.463,1.6,4.9,.329,8.3,12.8,.644,9.2,3.5,3.3,1.5,5.9,4.6,28.3,,97.0,102.5
7,4,32,943,18.7,.516,.470,.228,.599,432,4.4,14.0,9.2,15.1,3.3,2.5,17.6,28.9,,1.0,1.1,2.1,.089,,-0.7,0.1,-0.6
8,0,1,1,0,0,,0,0,,0,0,,0,0,,0,0,0,0,0,0,0,0,0
8,1,1,1.0,0.0,0.0,,0.0,0.0,,0.0,0.0,,0.0,0.0,,0.0,0.0,0.0,0.0,0.0,0.0,0.0
8,2,1,1,0.0,0.0,,0.0,0.0,,0.0,0.0,,0.0,0.0,,0.0,0.0,0.0,0.0,0.0,0.0,0.0
8,3,1,1,0.0,0.0,,0.0,0.0,,0.0,0.0,,0.0,0.0,,0.0,0.0,0.0,0.0,0.0,0.0,0.0,,,117.1
8,4,1,1,0.0,,,,,0,0.0,0.0,0.0,0.0,0.0,0.0,,0.0,,0.0,0.0,0.0,-.010,,-5.7,-1.3,-7.0
9,0,32,831,80,225,.356,38,94,.404,42,131,.321,47,72,.653,8,46,54,83,20,1,84,40,249
9,1,32,26.0,2.5,7.0,.356,1.2,2.9,.404,1.3,4.1,.321,1.5,2.3,.653,1.7,2.6,0.6,0.0,2.6,1.3,7.8
9,2,32,831,3.9,10.8,.356,1.8,4.5,.404,2.0,6.3,.321,2.3,3.5,.653,2.6,4.0,1.0,0.0,4.0,1.9,12.0
9,3,32,831,5.6,15.7,.356,2.7,6.6,.404,2.9,9.2,.321,3.3,5.0,.653,3.8,5.8,1.4,0.1,5.9,2.8,17.4,,86.8,111.1
9,4,32,831,8.1,.480,.449,.582,.320,255,1.1,6.5,3.8,21.6,1.4,0.1,24.5,20.8,,-0.2,0.3,0.1,.004,,-2.5,-3.9,-6.5
10,0,32,1086,137,352,.389,77,182,.423,60,170,.353,100,125,.800,22,69,91,71,36,1,67,44,434
10,1,32,33.9,4.3,11.0,.389,2.4,5.7,.423,1.9,5.3,.353,3.1,3.9,.800,2.8,2.2,1.1,0.0,2.1,1.4,13.6
10,2,32,1086,5.0,13.0,.389,2.8,6.7,.423,2.2,6.3,.353,3.7,4.6,.800,3.4,2.6,1.3,0.0,2.5,1.6,16.0
10,3,32,1086,7.3,18.8,.389,4.1,9.7,.423,3.2,9.1,.353,5.4,6.7,.800,4.9,3.8,1.9,0.1,3.6,2.4,23.2,,105.1,109.6
10,4,32,1086,14.8,.527,.474,.483,.355,408,2.3,7.4,4.9,15.1,1.9,0.1,14.0,22.2,,1.8,0.5,2.3,.084,,1.4,-2.9,-1.6
11,0,31,297,16,36,.444,14,30,.467,2,6,.333,9,12,.750,25,41,66,2,4,11,16,44,43
11,1,31,9.6,0.5,1.2,.444,0.5,1.0,.467,0.1,0.2,.333,0.3,0.4,.750,2.1,0.1,0.1,0.4,0.5,1.4,1.4
11,2,31,297,2.2,4.8,.444,1.9,4.0,.467,0.3,0.8,.333,1.2,1.6,.750,8.9,0.3,0.5,1.5,2.2,5.9,5.8
11,3,31,297,3.1,7.0,.444,2.7,5.9,.467,0.4,1.2,.333,1.8,2.3,.750,12.9,0.4,0.8,2.2,3.1,8.6,8.4,,92.9,106.3
11,4,31,297,7.5,.516,.472,.167,.333,49,9.7,16.1,12.9,1.3,0.8,3.5,27.7,9.8,,0.1,0.2,0.3,.039,,-4.6,-0.9,-5.6
12,0,32,702,51,123,.415,31,81,.383,20,42,.476,46,55,.836,17,78,95,43,17,13,36,49,168
12,1,32,21.9,1.6,3.8,.415,1.0,2.5,.383,0.6,1.3,.476,1.4,1.7,.836,3.0,1.3,0.5,0.4,1.1,1.5,5.3
12,2,32,702,2.9,7.0,.415,1.8,4.6,.383,1.1,2.4,.476,2.6,3.1,.836,5.4,2.5,1.0,0.7,2.1,2.8,9.6
12,3,32,702,4.2,10.2,.415,2.6,6.7,.383,1.7,3.5,.476,3.8,4.6,.836,7.9,3.6,1.4,1.1,3.0,4.1,13.9,,107.2,107.5
12,4,32,702,11.7,.563,.496,.341,.447,170,2.8,12.9,7.9,12.6,1.4,1.8,19.4,13.3,,0.8,0.5,1.3,.074,,-1.2,-0.6,-1.8
13,0,2,2,0,0,,0,0,,0,0,,0,0,,0,0,0,0,0,0,0,0,0
13,1,2,1.0,0.0,0.0,,0.0,0.0,,0.0,0.0,,0.0,0.0,,0.0,0.0,0.0,0.0,0.0,0.0,0.0
13,2,2,2,0.0,0.0,,0.0,0.0,,0.0,0.0,,0.0,0.0,,0.0,0.0,0.0,0.0,0.0,0.0,0.0
13,3,2,2,0.0,0.0,,0.0,0.0,,0.0,0.0,,0.0,0.0,,0.0,0.0,0.0,0.0,0.0,0.0,0.0,,,117.1
13,4,2,2,0.0,,,,,0,0.0,0.0,0.0,0.0,0.0,0.0,,0.0,,0.0,0.0,0.0,-.010,,-5.6,-1.3,-7.0
