0,0,31,1009,120,284,.423,54,132,.409,66,152,.434,69,85,.812,47,115,162,38,35,9,48,81,375
0,1,31,32.5,3.9,9.2,.423,1.7,4.3,.409,2.1,4.9,.434,2.2,2.7,.812,5.2,1.2,1.1,0.3,1.5,2.6,12.1
0,2,31,1009,4.8,11.3,.423,2.1,5.2,.409,2.6,6.0,.434,2.7,3.4,.812,6.4,1.5,1.4,0.4,1.9,3.2,14.9
0,3,31,1009,7.1,16.7,.423,3.2,7.8,.409,3.9,8.9,.434,4.1,5.0,.812,9.5,2.2,2.1,0.5,2.8,4.8,22.1,,114.0,106.7
0,4,31,1009,16.2,.578,.539,.535,.299,349,5.2,13.3,9.2,8.5,2.1,0.9,12.9,19.0,,1.9,1.1,3.0,.118,,2.1,-0.4,1.6
1,0,30,208,11,28,.393,11,28,.393,0,0,,8,15,.533,14,24,38,4,2,13,13,44,30
1,1,30,6.9,0.4,0.9,.393,0.4,0.9,.393,0.0,0.0,,0.3,0.5,.533,1.3,0.1,0.1,0.4,0.4,1.5,1.0
1,2,30,208,2.1,5.4,.393,2.1,5.4,.393,0.0,0.0,,1.5,2.9,.533,7.3,0.8,0.4,2.5,2.5,8.5,5.8
1,3,30,208,3.1,8.0,.393,3.1,8.0,.393,0.0,0.0,,2.3,4.3,.533,10.8,1.1,0.6,3.7,3.7,12.6,8.6,,80.3,106.3
1,4,30,208,4.8,.427,.393,.000,.536,35,7.5,13.5,10.4,3.8,0.6,6.6,27.0,11.9,,-0.1,0.2,0.1,.017,,-7.4,2.2,-5.2
2,0,3,25,1,6,.167,1,3,.333,0,3,.000,0,0,,0,3,3,0,1,0,1,3,2
2,1,3,8.3,0.3,2.0,.167,0.3,1.0,.333,0.0,1.0,.000,0.0,0.0,,1.0,0.0,0.3,0.0,0.3,1.0,0.7
2,2,3,25,1.6,9.6,.167,1.6,4.8,.333,0.0,4.8,.000,0.0,0.0,,4.8,0.0,1.6,0.0,1.6,4.8,3.2
2,3,3,25,2.4,14.2,.167,2.4,7.1,.333,0.0,7.1,.000,0.0,0.0,,7.1,0.0,2.4,0.0,2.4,7.1,4.7,,33.1,105.9
2,4,3,25,-4.5,.167,.167,.500,.000,2,0.0,14.0,6.9,0.0,2.4,0.0,14.3,14.4,,-0.1,0.0,-0.1,-.094,,-12.3,-2.8,-15.1
3,0,31,795,47,135,.348,18,48,.375,29,87,.333,34,51,.667,25,69,94,65,22,1,40,64,157
3,1,31,25.6,1.5,4.4,.348,0.6,1.5,.375,0.9,2.8,.333,1.1,1.6,.667,3.0,2.1,0.7,0.0,1.3,2.1,5.1
3,2,31,795,2.4,6.8,.348,0.9,2.4,.375,1.5,4.4,.333,1.7,2.6,.667,4.7,3.3,1.1,0.1,2.0,3.2,7.9
3,3,31,795,3.5,10.1,.348,1.3,3.6,.375,2.2,6.5,.333,2.5,3.8,.667,7.0,4.9,1.6,0.1,3.0,4.8,11.7,,99.9,109.4
3,4,31,795,8.8,.493,.456,.644,.378,178,3.5,10.1,6.8,16.2,1.6,0.1,20.1,12.9,,0.4,0.7,1.1,.054,,-1.4,-0.7,-2.1
4,0,31,1068,149,326,.457,104,208,.500,45,118,.381,114,144,.792,19,74,93,78,43,0,75,73,457
4,1,31,34.5,4.8,10.5,.457,3.4,6.7,.500,1.5,3.8,.381,3.7,4.6,.792,3.0,2.5,1.4,0.0,2.4,2.4,14.7
4,2,31,1068,5.6,12.2,.457,3.9,7.8,.500,1.7,4.4,.381,4.3,5.4,.792,3.5,2.9,1.6,0.0,2.8,2.7,17.1
4,3,31,1068,8.3,18.1,.457,5.8,11.6,.500,2.5,6.6,.381,6.3,8.0,.792,5.2,4.3,2.4,0.0,4.2,4.1,25.4,,110.0,108.7
4,4,31,1068,16.8,.579,.526,.362,.442,429,2.0,8.1,5.0,17.3,2.4,0.0,16.0,22.6,,2.0,1.0,2.9,.110,,2.0,-1.5,0.5
5,0,28,779,109,213,.512,109,213,.512,0,0,,66,117,.564,91,122,213,16,8,58,44,85,284
5,1,28,27.8,3.9,7.6,.512,3.9,7.6,.512,0.0,0.0,,2.4,4.2,.564,7.6,0.6,0.3,2.1,1.6,3.0,10.1
5,2,28,779,5.6,10.9,.512,5.6,10.9,.512,0.0,0.0,,3.4,6.0,.564,10.9,0.8,0.4,3.0,2.3,4.4,14.6
5,3,28,779,8.3,16.2,.512,8.3,16.2,.512,0.0,0.0,,5.0,8.9,.564,16.2,1.2,0.6,4.4,3.4,6.5,21.6,,107.0,104.2
5,4,28,779,19.0,.529,.512,.000,.549,289,13.1,18.3,15.6,4.9,0.6,7.8,14.1,20.6,,1.1,1.0,2.2,.111,,-2.4,2.0,-0.4
6,0,28,274,16,43,.372,12,24,.500,4,19,.211,8,11,.727,8,24,32,6,6,8,5,31,44
6,1,28,9.8,0.6,1.5,.372,0.4,0.9,.500,0.1,0.7,.211,0.3,0.4,.727,1.1,0.2,0.2,0.3,0.2,1.1,1.6
6,2,28,274,2.3,6.3,.372,1.8,3.5,.500,0.6,2.8,.211,1.2,1.6,.727,4.7,0.9,0.9,1.2,0.7,4.5,6.4
6,3,28,274,3.5,9.3,.372,2.6,5.2,.500,0.9,4.1,.211,1.7,2.4,.727,6.9,1.3,1.3,1.7,1.1,6.7,9.5,,100.5,108.4
6,4,28,274,7.2,.456,.419,.442,.256,44,3.3,10.2,6.7,4.3,1.3,3.1,9.4,10.0,,0.1,0.3,0.4,.052,,-3.9,0.4,-3.5
7,0,31,1073,185,465,.398,157,374,.420,28,91,.308,146,196,.745,22,134,156,88,60,11,98,89,544
7,1,31,34.6,6.0,15.0,.398,5.1,12.1,.420,0.9,2.9,.308,4.7,6.3,.745,5.0,2.8,1.9,0.4,3.2,2.9,17.5
7,2,31,1073,6.9,17.3,.398,5.9,13.9,.420,1.0,3.4,.308,5.4,7.3,.745,5.8,3.3,2.2,0.4,3.7,3.3,20.3
7,3,31,1073,10.2,25.7,.398,8.7,20.7,.420,1.5,5.0,.308,8.1,10.8,.745,8.6,4.9,3.3,0.6,5.4,4.9,30.1,,96.6,103.3
7,4,31,1073,17.6,.487,.428,.196,.422,522,2.3,14.6,8.3,21.0,3.3,1.1,14.9,31.4,,0.7,1.5,2.2,.082,,-1.2,0.4,-0.8
8,0,9,192,6,46,.130,1,14,.071,5,32,.156,11,14,.786,2,15,17,21,5,0,15,10,28
8,1,9,21.3,0.7,5.1,.130,0.1,1.6,.071,0.6,3.6,.156,1.2,1.6,.786,1.9,2.3,0.6,0.0,1.7,1.1,3.1
8,2,9,192,1.3,9.6,.130,0.2,2.9,.071,1.0,6.7,.156,2.3,2.9,.786,3.5,4.4,1.0,0.0,3.1,2.1,5.8
8,3,9,192,1.9,14.2,.130,0.3,4.3,.071,1.5,9.9,.156,3.4,4.3,.786,5.3,6.5,1.5,0.0,4.6,3.1,8.7,,63.3,110.3
8,4,9,192,0.6,.266,.185,.696,.304,37,1.2,9.1,5.1,20.6,1.5,0.0,22.2,18.1,,-0.5,0.1,-0.3,-.067,,-7.3,-2.4,-9.7
9,0,28,293,21,53,.396,15,35,.429,6,18,.333,14,21,.667,27,34,61,2,4,18,10,43,62
9,1,28,10.5,0.8,1.9,.396,0.5,1.3,.429,0.2,0.6,.333,0.5,0.8,.667,2.2,0.1,0.1,0.6,0.4,1.5,2.2
9,2,28,293,2.9,7.2,.396,2.0,4.8,.429,0.8,2.5,.333,1.9,2.9,.667,8.3,0.3,0.5,2.5,1.4,5.9,8.5
9,3,28,293,4.3,10.7,.396,3.0,7.1,.429,1.2,3.6,.333,2.8,4.3,.667,12.4,0.4,0.8,3.6,2.0,8.7,12.6,,105.3,106.2
9,4,28,293,11.2,.492,.453,.340,.396,67,10.3,13.6,11.9,1.4,0.8,6.5,13.7,12.8,,0.2,0.3,0.6,.078,,-3.7,0.7,-3.1
10,0,9,17,3,6,.500,1,2,.500,2,4,.500,0,1,.000,1,1,2,0,0,0,0,1,8
10,1,9,1.9,0.3,0.7,.500,0.1,0.2,.500,0.2,0.4,.500,0.0,0.1,.000,0.2,0.0,0.0,0.0,0.0,0.1,0.9
10,2,9,17,7.1,14.1,.500,2.4,4.7,.500,4.7,9.4,.500,0.0,2.4,.000,4.7,0.0,0.0,0.0,0.0,2.4,18.8
10,3,9,17,10.5,20.9,.500,3.5,7.0,.500,7.0,14.0,.500,0.0,3.5,.000,7.0,0.0,0.0,0.0,0.0,3.5,27.9,,128.2,114.6
10,4,9,17,18.7,.618,.667,.667,.167,6,6.6,6.9,6.7,0.0,0.0,0.0,0.0,19.6,,0.0,0.0,0.1,.129,,2.6,-8.4,-5.7
11,0,29,487,35,113,.310,20,60,.333,15,53,.283,26,38,.684,12,44,56,23,16,2,27,45,111
11,1,29,16.8,1.2,3.9,.310,0.7,2.1,.333,0.5,1.8,.283,0.9,1.3,.684,1.9,0.8,0.6,0.1,0.9,1.6,3.8
11,2,29,487,2.9,9.3,.310,1.6,4.9,.333,1.2,4.4,.283,2.1,3.1,.684,4.6,1.9,1.3,0.2,2.2,3.7,9.1
11,3,29,487,4.3,13.8,.310,2.4,7.3,.333,1.8,6.5,.283,3.2,4.6,.684,6.8,2.8,1.9,0.2,3.3,5.5,13.5,,85.5,108.3
11,4,29,487,6.4,.424,.376,.469,.336,112,2.8,10.6,6.6,9.6,1.9,0.4,17.1,16.7,,-0.2,0.5,0.2,.018,,-4.5,-1.1,-5.6
12,0,12,65,5,15,.333,5,15,.333,0,0,,3,5,.600,8,8,16,1,0,2,4,10,13
12,1,12,5.4,0.4,1.3,.333,0.4,1.3,.333,0.0,0.0,,0.3,0.4,.600,1.3,0.1,0.0,0.2,0.3,0.8,1.1
12,2,12,65,3.1,9.2,.333,3.1,9.2,.333,0.0,0.0,,1.8,3.1,.600,9.8,0.6,0.0,1.2,2.5,6.2,8.0
12,3,12,65,4.6,13.7,.333,4.6,13.7,.333,0.0,0.0,,2.7,4.6,.600,14.6,0.9,0.0,1.8,3.7,9.1,11.9,,83.6,109.2
12,4,12,65,6.1,.374,.333,.000,.333,16,13.8,14.4,14.1,3.2,0.0,3.2,18.7,16.9,,0.0,0.1,0.0,.006,,-7.7,-1.9,-9.6
13,0,16,15,1,3,.333,0,0,,1,3,.333,1,2,.500,0,1,1,0,0,0,1,2,4
13,1,16,0.9,0.1,0.2,.333,0.0,0.0,,0.1,0.2,.333,0.1,0.1,.500,0.1,0.0,0.0,0.0,0.1,0.1,0.3
13,2,16,15,2.7,8.0,.333,0.0,0.0,,2.7,8.0,.333,2.7,5.3,.500,2.7,0.0,0.0,0.0,2.7,5.3,10.7
13,3,16,15,4.0,11.9,.333,0.0,0.0,,4.0,11.9,.333,4.0,7.9,.500,4.0,0.0,0.0,0.0,4.0,7.9,15.8,,84.1,113.8
13,4,16,15,2.0,.506,.500,1.000,.667,3,0.0,7.8,3.8,0.0,0.0,0.0,20.2,17.0,,0.0,0.0,0.0,-.006,,-5.2,-6.2,-11.4
