0,0,22,180,2,18,.111,2,14,.143,0,4,.000,2,3,.667,11,25,36,14,3,6,18,39,6
0,1,22,8.2,0.1,0.8,.111,0.1,0.6,.143,0.0,0.2,.000,0.1,0.1,.667,1.6,0.6,0.1,0.3,0.8,1.8,0.3
0,2,22,180,0.4,4.0,.111,0.4,3.1,.143,0.0,0.9,.000,0.4,0.7,.667,8.0,3.1,0.7,1.3,4.0,8.7,1.3
0,3,22,180,0.7,6.0,.111,0.7,4.7,.143,0.0,1.3,.000,0.7,1.0,.667,12.0,4.7,1.0,2.0,6.0,13.0,2.0,,48.8,103.8
0,4,22,180,-1.3,.154,.111,.222,.167,19,7.2,16.3,11.7,15.7,1.0,3.7,48.1,11.3,,-0.5,0.2,-0.3,-.060,,-11.0,1.6,-9.4
1,0,18,185,16,53,.302,5,10,.500,11,43,.256,1,1,1.000,1,12,13,3,4,2,5,7,44
1,1,18,10.3,0.9,2.9,.302,0.3,0.6,.500,0.6,2.4,.256,0.1,0.1,1.000,0.7,0.2,0.2,0.1,0.3,0.4,2.4
1,2,18,185,3.5,11.5,.302,1.1,2.2,.500,2.4,9.3,.256,0.2,0.2,1.000,2.8,0.6,0.9,0.4,1.1,1.5,9.5
1,3,18,185,5.2,17.3,.302,1.6,3.3,.500,3.6,14.0,.256,0.3,0.3,1.000,4.2,1.0,1.3,0.7,1.6,2.3,14.3,,79.8,109.3
1,4,18,185,5.9,.411,.406,.811,.019,38,0.6,7.6,4.1,3.9,1.3,1.2,8.6,17.2,,-0.1,0.1,0.0,-.007,,-4.8,-4.0,-8.9
2,0,17,500,48,119,.403,15,33,.455,33,86,.384,22,28,.786,17,51,68,26,24,0,27,27,151
2,1,17,29.4,2.8,7.0,.403,0.9,1.9,.455,1.9,5.1,.384,1.3,1.6,.786,4.0,1.5,1.4,0.0,1.6,1.6,8.9
2,2,17,500,3.8,9.5,.403,1.2,2.6,.455,2.6,6.9,.384,1.8,2.2,.786,5.4,2.1,1.9,0.0,2.2,2.2,12.1
2,3,17,500,5.8,14.3,.403,1.8,4.0,.455,4.0,10.4,.384,2.6,3.4,.786,8.2,3.1,2.9,0.0,3.3,3.3,18.2,,104.0,104.2
2,4,17,500,14.5,.571,.542,.723,.235,146,4.0,11.9,8.0,12.7,2.9,0.0,16.9,17.3,,0.6,0.5,1.1,.090,,0.7,-1.2,-0.5
3,0,19,203,12,44,.273,9,17,.529,3,27,.111,11,14,.786,4,20,24,4,5,0,29,24,38
3,1,19,10.7,0.6,2.3,.273,0.5,0.9,.529,0.2,1.4,.111,0.6,0.7,.786,1.3,0.2,0.3,0.0,1.5,1.3,2.0
3,2,19,203,2.4,8.7,.273,1.8,3.3,.529,0.6,5.3,.111,2.2,2.8,.786,4.7,0.8,1.0,0.0,5.7,4.7,7.5
3,3,19,203,3.6,13.1,.273,2.7,5.0,.529,0.9,8.0,.111,3.3,4.2,.786,7.1,1.2,1.5,0.0,8.6,7.1,11.3,,53.0,107.2
3,4,19,203,-3.1,.375,.307,.614,.318,38,2.3,11.5,6.9,4.4,1.5,0.0,36.4,21.3,,-0.8,0.2,-0.6,-.119,,-11.9,-3.3,-15.2
4,0,19,627,85,219,.388,51,110,.464,34,109,.312,76,89,.854,7,44,51,31,17,2,37,50,280
4,1,19,33.0,4.5,11.5,.388,2.7,5.8,.464,1.8,5.7,.312,4.0,4.7,.854,2.7,1.6,0.9,0.1,1.9,2.6,14.7
4,2,19,627,5.4,14.0,.388,3.3,7.0,.464,2.2,7.0,.312,4.8,5.7,.854,3.3,2.0,1.1,0.1,2.4,3.2,17.9
4,3,19,627,8.2,21.0,.388,4.9,10.6,.464,3.3,10.5,.312,7.3,8.5,.854,4.9,3.0,1.6,0.2,3.6,4.8,26.9,,101.9,108.4
4,4,19,627,15.3,.536,.466,.498,.406,256,1.3,8.2,4.8,13.3,1.6,0.4,12.4,25.8,,0.9,0.4,1.3,.083,,0.3,-4.0,-3.7
5,0,32,846,95,207,.459,62,110,.564,33,97,.340,46,70,.657,33,88,121,29,19,12,38,79,269
5,1,32,26.4,3.0,6.5,.459,1.9,3.4,.564,1.0,3.0,.340,1.4,2.2,.657,3.8,0.9,0.6,0.4,1.2,2.5,8.4
5,2,32,846,4.5,9.8,.459,2.9,5.2,.564,1.6,4.6,.340,2.2,3.3,.657,5.7,1.4,0.9,0.6,1.8,3.7,12.7
5,3,32,846,6.8,14.7,.459,4.4,7.8,.564,2.3,6.9,.340,3.3,5.0,.657,8.6,2.1,1.4,0.9,2.7,5.6,19.1,,105.1,106.6
5,4,32,846,13.6,.560,.539,.469,.338,253,4.6,12.2,8.4,8.7,1.4,1.6,13.7,17.8,,1.1,0.7,1.8,.085,,-0.8,-1.7,-2.5
6,0,30,783,45,113,.398,31,75,.413,14,38,.368,25,39,.641,11,67,78,50,21,2,45,32,129
6,1,30,26.1,1.5,3.8,.398,1.0,2.5,.413,0.5,1.3,.368,0.8,1.3,.641,2.6,1.7,0.7,0.1,1.5,1.1,4.3
6,2,30,783,2.3,5.8,.398,1.6,3.8,.413,0.7,1.9,.368,1.3,2.0,.641,4.0,2.6,1.1,0.1,2.3,1.6,6.6
6,3,30,783,3.5,8.7,.398,2.4,5.8,.413,1.1,2.9,.368,1.9,3.0,.641,6.0,3.8,1.6,0.2,3.5,2.5,9.9,,86.6,107.9
6,4,30,783,7.1,.490,.460,.336,.345,142,1.7,10.0,5.8,14.2,1.6,0.3,25.5,12.2,,-0.2,0.6,0.4,.021,,-4.8,-1.2,-6.0
7,0,29,1034,203,491,.413,162,349,.464,41,142,.289,149,224,.665,26,129,155,78,67,22,104,71,596
7,1,29,35.7,7.0,16.9,.413,5.6,12.0,.464,1.4,4.9,.289,5.1,7.7,.665,5.3,2.7,2.3,0.8,3.6,2.4,20.6
7,2,29,1034,7.9,19.0,.413,6.3,13.5,.464,1.6,5.5,.289,5.8,8.7,.665,6.0,3.0,2.6,0.9,4.0,2.7,23.1
7,3,29,1034,11.8,28.6,.413,9.4,20.3,.464,2.4,8.3,.289,8.7,13.0,.665,9.0,4.5,3.9,1.3,6.1,4.1,34.7,,93.8,99.6
7,4,29,1034,21.5,.499,.455,.289,.456,566,3.0,14.6,8.8,24.3,3.9,2.4,14.8,36.8,,0.7,1.6,2.3,.088,,0.6,0.3,0.9
8,0,30,321,17,53,.321,12,34,.353,5,19,.263,24,37,.649,16,26,42,13,11,13,33,67,63
8,1,30,10.7,0.6,1.8,.321,0.4,1.1,.353,0.2,0.6,.263,0.8,1.2,.649,1.4,0.4,0.4,0.4,1.1,2.2,2.1
8,2,30,321,2.1,6.6,.321,1.5,4.2,.353,0.6,2.4,.263,3.0,4.6,.649,5.2,1.6,1.4,1.6,4.1,8.3,7.9
8,3,30,321,3.2,9.9,.321,2.3,6.4,.353,0.9,3.6,.263,4.5,6.9,.649,7.9,2.4,2.1,2.4,6.2,12.6,11.8,,74.2,104.4
8,4,30,321,4.2,.446,.368,.358,.698,71,5.9,9.5,7.7,8.9,2.1,4.5,31.9,17.5,,-0.4,0.3,-0.1,-.012,,-7.6,0.7,-6.9
9,0,14,66,4,14,.286,2,7,.286,2,7,.286,3,6,.500,4,12,16,1,2,3,7,11,13
9,1,14,4.7,0.3,1.0,.286,0.1,0.5,.286,0.1,0.5,.286,0.2,0.4,.500,1.1,0.1,0.1,0.2,0.5,0.8,0.9
9,2,14,66,2.4,8.5,.286,1.2,4.2,.286,1.2,4.2,.286,1.8,3.6,.500,9.7,0.6,1.2,1.8,4.2,6.7,7.9
9,3,14,66,3.6,12.8,.286,1.8,6.4,.286,1.8,6.4,.286,2.7,5.5,.500,14.6,0.9,1.8,2.7,6.4,10.0,11.9,,64.9,99.3
9,4,14,66,4.2,.386,.357,.500,.429,14,7.1,21.3,14.2,3.4,1.8,5.0,29.4,19.6,,-0.2,0.1,-0.1,-.034,,-10.4,-0.4,-10.8
10,0,32,851,52,157,.331,12,44,.273,40,113,.354,54,66,.818,12,63,75,39,26,7,44,61,198
10,1,32,26.6,1.6,4.9,.331,0.4,1.4,.273,1.3,3.5,.354,1.7,2.1,.818,2.3,1.2,0.8,0.2,1.4,1.9,6.2
10,2,32,851,2.4,7.4,.331,0.6,2.1,.273,1.9,5.3,.354,2.5,3.1,.818,3.5,1.8,1.2,0.3,2.1,2.9,9.3
10,3,32,851,3.7,11.1,.331,0.8,3.1,.273,2.8,8.0,.354,3.8,4.7,.818,5.3,2.8,1.8,0.5,3.1,4.3,14.0,,95.6,107.6
10,4,32,851,8.9,.526,.459,.720,.420,195,1.7,8.7,5.2,10.3,1.8,0.9,18.9,14.8,,0.3,0.7,1.0,.047,,-2.2,-1.6,-3.9
11,0,31,772,69,136,.507,60,108,.556,9,28,.321,16,38,.421,53,120,173,47,24,21,41,98,163
11,1,31,24.9,2.2,4.4,.507,1.9,3.5,.556,0.3,0.9,.321,0.5,1.2,.421,5.6,1.5,0.8,0.7,1.3,3.2,5.3
11,2,31,772,3.6,7.0,.507,3.1,5.6,.556,0.5,1.5,.321,0.8,2.0,.421,9.0,2.4,1.2,1.1,2.1,5.1,8.4
11,3,31,772,5.4,10.6,.507,4.7,8.4,.556,0.7,2.2,.321,1.2,3.0,.421,13.5,3.7,1.9,1.6,3.2,7.6,12.7,,100.8,101.8
11,4,31,772,13.0,.529,.540,.206,.279,188,8.1,18.2,13.2,14.6,1.9,3.0,21.0,13.7,,0.6,1.0,1.6,.084,,-2.4,1.6,-0.8
12,0,15,32,1,5,.200,0,1,.000,1,4,.250,4,4,1.000,0,1,1,1,0,0,1,5,7
12,1,15,2.1,0.1,0.3,.200,0.0,0.1,.000,0.1,0.3,.250,0.3,0.3,1.000,0.1,0.1,0.0,0.0,0.1,0.3,0.5
12,2,15,32,1.3,6.3,.200,0.0,1.3,.000,1.3,5.0,.250,5.0,5.0,1.000,1.3,1.3,0.0,0.0,1.3,6.3,8.8
12,3,15,32,1.9,9.4,.200,0.0,1.9,.000,1.9,7.5,.250,7.5,7.5,1.000,1.9,1.9,0.0,0.0,1.9,9.4,13.2,,102.4,114.0
12,4,15,32,4.1,.507,.300,.800,.800,7,0.0,3.7,1.8,6.6,0.0,0.0,12.7,13.4,,0.0,0.0,0.0,.037,,-4.2,-5.9,-10.1
