0,0,31,417,37,98,.378,32,72,.444,5,26,.192,19,26,.731,37,64,101,32,31,6,31,59,98
0,1,31,13.5,1.2,3.2,.378,1.0,2.3,.444,0.2,0.8,.192,0.6,0.8,.731,3.3,1.0,1.0,0.2,1.0,1.9,3.2
0,2,31,417,3.5,9.4,.378,3.1,6.9,.444,0.5,2.5,.192,1.8,2.5,.731,9.7,3.1,3.0,0.6,3.0,5.7,9.4
0,3,31,417,5.4,14.2,.378,4.6,10.4,.444,0.7,3.8,.192,2.7,3.8,.731,14.6,4.6,4.5,0.9,4.5,8.5,14.2,,93.0,94.1
0,4,31,417,13.3,.444,.403,.265,.265,117,10.5,18.1,14.3,14.8,4.5,1.7,21.9,17.4,,0.0,0.9,1.0,.094,,-0.2,5.6,5.4
1,0,32,402,87,182,.478,83,174,.477,4,8,.500,44,68,.647,32,37,69,17,35,14,28,58,222
1,1,32,12.6,2.7,5.7,.478,2.6,5.4,.477,0.1,0.3,.500,1.4,2.1,.647,2.2,0.5,1.1,0.4,0.9,1.8,6.9
1,2,32,402,8.7,18.1,.478,8.3,17.3,.477,0.4,0.8,.500,4.4,6.8,.647,6.9,1.7,3.5,1.4,2.8,5.8,22.1
1,3,32,402,13.1,27.3,.478,12.5,26.1,.477,0.6,1.2,.500,6.6,10.2,.647,10.4,2.6,5.3,2.1,4.2,8.7,33.3,,104.1,94.2
1,4,32,402,23.5,.518,.489,.044,.374,198,9.5,10.8,10.2,10.9,5.3,4.1,11.6,31.0,,0.7,0.9,1.6,.155,,1.6,4.3,5.9
2,0,24,245,16,50,.320,9,24,.375,7,26,.269,9,11,.818,1,25,26,25,3,1,17,39,48
2,1,24,10.2,0.7,2.1,.320,0.4,1.0,.375,0.3,1.1,.269,0.4,0.5,.818,1.1,1.0,0.1,0.0,0.7,1.6,2.0
2,2,24,245,2.6,8.2,.320,1.5,3.9,.375,1.1,4.2,.269,1.5,1.8,.818,4.2,4.1,0.5,0.2,2.8,6.4,7.8
2,3,24,245,3.9,12.3,.320,2.2,5.9,.375,1.7,6.4,.269,2.2,2.7,.818,6.4,6.2,0.7,0.2,4.2,9.6,11.8,,85.9,105.6
2,4,24,245,4.0,.435,.390,.520,.220,53,0.5,12.0,6.3,18.9,0.7,0.5,23.5,15.2,,-0.1,0.3,0.2,.030,,-3.0,0.0,-3.0
3,0,6,7,1,3,.333,1,2,.500,0,1,.000,0,0,,0,1,1,0,0,0,0,1,2
3,1,6,1.2,0.2,0.5,.333,0.2,0.3,.500,0.0,0.2,.000,0.0,0.0,,0.2,0.0,0.0,0.0,0.0,0.2,0.3
3,2,6,7,5.7,17.1,.333,5.7,11.4,.500,0.0,5.7,.000,0.0,0.0,,5.7,0.0,0.0,0.0,0.0,5.7,11.4
3,3,6,7,8.6,25.9,.333,8.6,17.2,.500,0.0,8.6,.000,0.0,0.0,,8.6,0.0,0.0,0.0,0.0,8.6,17.2,,76.8,105.6
3,4,6,7,1.9,.333,.333,.333,.000,2,0.0,16.8,8.5,0.0,0.0,0.0,0.0,22.0,,0.0,0.0,0.0,-.004,,-8.3,-5.9,-14.2
4,0,32,850,159,301,.528,157,285,.551,2,16,.125,157,201,.781,69,113,182,43,10,15,36,65,477
4,1,32,26.6,5.0,9.4,.528,4.9,8.9,.551,0.1,0.5,.125,4.9,6.3,.781,5.7,1.3,0.3,0.5,1.1,2.0,14.9
4,2,32,850,7.5,14.2,.528,7.4,13.4,.551,0.1,0.8,.125,7.4,9.5,.781,8.6,2.0,0.5,0.7,1.7,3.1,22.4
4,3,32,850,11.3,21.4,.528,11.1,20.2,.551,0.1,1.1,.125,11.1,14.3,.781,12.9,3.1,0.7,1.1,2.6,4.6,33.9,,127.6,103.8
4,4,32,850,26.1,.602,.532,.053,.668,442,9.6,15.7,12.7,12.1,0.7,2.1,8.3,26.2,,3.5,1.2,4.7,.220,,5.8,0.8,6.5
5,0,21,283,35,79,.443,26,48,.542,9,31,.290,12,15,.800,3,20,23,21,9,2,10,15,91
5,1,21,13.5,1.7,3.8,.443,1.2,2.3,.542,0.4,1.5,.290,0.6,0.7,.800,1.1,1.0,0.4,0.1,0.5,0.7,4.3
5,2,21,283,4.9,11.2,.443,3.7,6.8,.542,1.3,4.4,.290,1.7,2.1,.800,3.3,3.0,1.3,0.3,1.4,2.1,12.9
5,3,21,283,7.5,16.8,.443,5.5,10.2,.542,1.9,6.6,.290,2.6,3.2,.800,4.9,4.5,1.9,0.4,2.1,3.2,19.4,,110.4,105.0
5,4,21,283,13.5,.528,.500,.392,.190,84,1.3,8.3,4.8,15.4,1.9,0.8,10.4,17.5,,0.4,0.4,0.8,.106,,1.3,0.3,1.5
6,0,30,715,105,228,.461,80,153,.523,25,75,.333,105,129,.814,11,69,80,61,26,6,61,55,340
6,1,30,23.8,3.5,7.6,.461,2.7,5.1,.523,0.8,2.5,.333,3.5,4.3,.814,2.7,2.0,0.9,0.2,2.0,1.8,11.3
6,2,30,715,5.9,12.8,.461,4.5,8.6,.523,1.4,4.2,.333,5.9,7.2,.814,4.5,3.4,1.5,0.3,3.4,3.1,19.0
6,3,30,715,8.9,19.2,.461,6.8,12.9,.523,2.1,6.3,.333,8.9,10.9,.814,6.8,5.1,2.2,0.5,5.1,4.6,28.7,,110.1,102.8
6,4,30,715,18.4,.588,.515,.329,.566,312,1.8,11.4,6.6,18.6,2.2,1.0,17.4,25.2,,1.5,1.0,2.5,.139,,3.2,1.0,4.2
7,0,32,574,65,110,.591,65,110,.591,0,0,,55,100,.550,66,70,136,5,4,31,37,63,185
7,1,32,17.9,2.0,3.4,.591,2.0,3.4,.591,0.0,0.0,,1.7,3.1,.550,4.3,0.2,0.1,1.0,1.2,2.0,5.8
7,2,32,574,4.5,7.7,.591,4.5,7.7,.591,0.0,0.0,,3.8,7.0,.550,9.5,0.3,0.3,2.2,2.6,4.4,12.9
7,3,32,574,6.8,11.6,.591,6.8,11.6,.591,0.0,0.0,,5.8,10.5,.550,14.3,0.5,0.4,3.3,3.9,6.6,19.4,,108.9,102.7
7,4,32,574,15.9,.587,.591,.000,.909,183,13.7,14.4,14.0,1.8,0.4,6.4,19.0,17.4,,0.8,0.8,1.6,.115,,-0.5,2.4,1.9
8,0,23,237,22,68,.324,20,55,.364,2,13,.154,11,18,.611,19,43,62,10,7,1,15,17,57
8,1,23,10.3,1.0,3.0,.324,0.9,2.4,.364,0.1,0.6,.154,0.5,0.8,.611,2.7,0.4,0.3,0.0,0.7,0.7,2.5
8,2,23,237,3.7,11.5,.324,3.4,9.3,.364,0.3,2.2,.154,1.9,3.0,.611,10.5,1.7,1.2,0.2,2.5,2.9,9.6
8,3,23,237,5.6,17.3,.324,5.1,14.0,.364,0.5,3.3,.154,2.8,4.6,.611,15.8,2.5,1.8,0.3,3.8,4.3,14.5,,82.7,99.8
8,4,23,237,8.5,.372,.338,.191,.265,63,9.5,21.4,15.5,8.2,1.8,0.5,16.4,19.9,,-0.2,0.4,0.2,.035,,-4.5,1.3,-3.2
9,0,32,957,76,207,.367,9,35,.257,67,172,.390,35,46,.761,10,78,88,43,17,6,34,84,254
9,1,32,29.9,2.4,6.5,.367,0.3,1.1,.257,2.1,5.4,.390,1.1,1.4,.761,2.8,1.3,0.5,0.2,1.1,2.6,7.9
9,2,32,957,3.2,8.7,.367,0.4,1.5,.257,2.8,7.2,.390,1.5,1.9,.761,3.7,1.8,0.7,0.3,1.4,3.5,10.6
9,3,32,957,4.8,13.1,.367,0.6,2.2,.257,4.2,10.8,.390,2.2,2.9,.761,5.5,2.7,1.1,0.4,2.1,5.3,16.0,,110.0,106.2
9,4,32,957,9.3,.555,.529,.831,.222,224,1.2,9.6,5.4,8.5,1.1,0.7,12.9,14.1,,1.0,1.1,2.1,.089,,2.5,0.9,3.5
10,0,32,987,61,151,.404,60,137,.438,1,14,.071,38,86,.442,40,82,122,135,41,2,48,80,161
10,1,32,30.8,1.9,4.7,.404,1.9,4.3,.438,0.0,0.4,.071,1.2,2.7,.442,3.8,4.2,1.3,0.1,1.5,2.5,5.0
10,2,32,987,2.5,6.1,.404,2.4,5.6,.438,0.0,0.6,.071,1.5,3.5,.442,4.9,5.5,1.7,0.1,1.9,3.2,6.5
10,3,32,987,3.7,9.2,.404,3.7,8.4,.438,0.1,0.9,.071,2.3,5.3,.442,7.5,8.3,2.5,0.1,2.9,4.9,9.8,,99.0,103.1
10,4,32,987,10.5,.420,.407,.093,.570,222,5.0,9.4,7.2,25.4,2.6,0.2,19.5,12.7,,0.4,1.4,1.8,.073,,0.1,2.9,3.0
11,0,32,926,136,318,.428,104,220,.473,32,98,.327,71,106,.670,45,144,189,82,19,16,60,94,375
11,1,32,28.9,4.3,9.9,.428,3.3,6.9,.473,1.0,3.1,.327,2.2,3.3,.670,5.9,2.6,0.6,0.5,1.9,2.9,11.7
11,2,32,926,5.9,13.7,.428,4.5,9.5,.473,1.4,4.2,.327,3.1,4.6,.670,8.2,3.5,0.8,0.7,2.6,4.1,16.2
11,3,32,926,8.9,20.7,.428,6.8,14.3,.473,2.1,6.4,.327,4.6,6.9,.670,12.3,5.3,1.2,1.0,3.9,6.1,24.4,,104.8,101.4
11,4,32,926,16.3,.509,.478,.308,.333,368,5.8,18.3,12.1,19.3,1.2,2.1,14.0,23.8,,1.3,1.5,2.7,.118,,2.2,2.4,4.6
