0,0,24,109,5,13,.385,5,13,.385,0,0,,6,9,.667,7,13,20,4,4,1,8,8,16
0,1,24,4.5,0.2,0.5,.385,0.2,0.5,.385,0.0,0.0,,0.3,0.4,.667,0.8,0.2,0.2,0.0,0.3,0.3,0.7
0,2,24,109,1.8,4.8,.385,1.8,4.8,.385,0.0,0.0,,2.2,3.3,.667,7.3,1.5,1.5,0.4,2.9,2.9,5.9
0,3,24,109,2.6,6.7,.385,2.6,6.7,.385,0.0,0.0,,3.1,4.7,.667,10.4,2.1,2.1,0.5,4.2,4.2,8.3,,83.9,95.9
0,4,24,109,7.0,.463,.385,.000,.692,19,7.4,12.6,10.1,6.0,2.1,0.9,31.7,11.2,,0.0,0.2,0.2,.059,,-2.8,3.4,0.5
1,0,35,901,100,242,.413,92,211,.436,8,31,.258,85,120,.708,58,99,157,91,40,7,78,58,293
1,1,35,25.7,2.9,6.9,.413,2.6,6.0,.436,0.2,0.9,.258,2.4,3.4,.708,4.5,2.6,1.1,0.2,2.2,1.7,8.4
1,2,35,901,4.4,10.7,.413,4.1,9.4,.436,0.4,1.4,.258,3.8,5.3,.708,7.0,4.0,1.8,0.3,3.5,2.6,13.0
1,3,35,901,6.3,15.2,.413,5.8,13.2,.436,0.5,1.9,.258,5.3,7.5,.708,9.9,5.7,2.5,0.4,4.9,3.6,18.4,,98.3,95.6
1,4,35,901,14.3,.490,.430,.128,.496,323,7.4,11.6,9.6,18.5,2.5,0.8,20.7,20.3,,0.8,1.6,2.5,.110,,0.8,3.4,4.2
2,0,34,972,73,190,.384,64,152,.421,9,38,.237,59,86,.686,13,60,73,183,39,6,90,71,214
2,1,34,28.6,2.1,5.6,.384,1.9,4.5,.421,0.3,1.1,.237,1.7,2.5,.686,2.1,5.4,1.1,0.2,2.6,2.1,6.3
2,2,34,972,3.0,7.8,.384,2.6,6.3,.421,0.4,1.6,.237,2.4,3.5,.686,3.0,7.5,1.6,0.2,3.7,2.9,8.8
2,3,34,972,4.2,11.1,.384,3.7,8.8,.421,0.5,2.2,.237,3.4,5.0,.686,4.2,10.7,2.3,0.3,5.2,4.1,12.5,,93.9,98.8
2,4,34,972,10.5,.464,.408,.200,.453,284,1.5,6.5,4.1,32.4,2.3,0.6,28.1,16.0,,0.4,1.5,1.9,.077,,-0.8,1.1,0.3
3,0,35,1153,217,436,.498,156,259,.602,61,177,.345,119,162,.735,70,224,294,73,88,35,44,93,614
3,1,35,32.9,6.2,12.5,.498,4.5,7.4,.602,1.7,5.1,.345,3.4,4.6,.735,8.4,2.1,2.5,1.0,1.3,2.7,17.5
3,2,35,1153,7.5,15.1,.498,5.4,9.0,.602,2.1,6.1,.345,4.1,5.6,.735,10.2,2.5,3.1,1.2,1.5,3.2,21.3
3,3,35,1153,10.6,21.4,.498,7.7,12.7,.602,3.0,8.7,.345,5.8,7.9,.735,14.4,3.6,4.3,1.7,2.2,4.6,30.1,,125.7,85.7
3,4,35,1153,28.8,.598,.568,.406,.372,551,7.0,20.6,14.0,13.5,4.3,3.1,7.9,23.4,,4.5,3.2,7.7,.265,,8.8,5.9,14.7
4,0,27,516,88,157,.561,88,155,.568,0,2,.000,80,106,.755,71,70,141,19,21,5,33,69,256
4,1,27,19.1,3.3,5.8,.561,3.3,5.7,.568,0.0,0.1,.000,3.0,3.9,.755,5.2,0.7,0.8,0.2,1.2,2.6,9.5
4,2,27,516,6.8,12.2,.561,6.8,12.0,.568,0.0,0.2,.000,6.2,8.2,.755,10.9,1.5,1.6,0.4,2.6,5.3,19.8
4,3,27,516,9.6,17.2,.561,9.6,17.0,.568,0.0,0.2,.000,8.8,11.6,.755,15.5,2.1,2.3,0.5,3.6,7.6,28.1,,123.3,94.1
4,4,27,516,24.5,.617,.561,.013,.675,249,15.8,14.4,15.0,7.6,2.3,1.0,13.7,22.6,,1.9,1.0,2.9,.228,,5.3,1.8,7.1
5,0,34,1120,210,470,.447,133,270,.493,77,200,.385,126,165,.764,22,97,119,93,32,4,80,68,623
5,1,34,32.9,6.2,13.8,.447,3.9,7.9,.493,2.3,5.9,.385,3.7,4.9,.764,3.5,2.7,0.9,0.1,2.4,2.0,18.3
5,2,34,1120,7.5,16.8,.447,4.8,9.6,.493,2.8,7.1,.385,4.5,5.9,.764,4.3,3.3,1.1,0.1,2.9,2.4,22.3
5,3,34,1120,10.6,23.7,.447,6.7,13.6,.493,3.9,10.1,.385,6.4,8.3,.764,6.0,4.7,1.6,0.2,4.0,3.4,31.5,,111.9,99.1
5,4,34,1120,20.1,.568,.529,.426,.351,551,2.3,9.2,5.8,17.7,1.6,0.4,12.7,27.2,,3.1,1.7,4.8,.171,,5.7,0.2,5.9
6,0,28,237,20,57,.351,15,33,.455,5,24,.208,1,5,.200,6,31,37,11,7,1,10,16,46
6,1,28,8.5,0.7,2.0,.351,0.5,1.2,.455,0.2,0.9,.208,0.0,0.2,.200,1.3,0.4,0.3,0.0,0.4,0.6,1.6
6,2,28,237,3.4,9.6,.351,2.5,5.6,.455,0.8,4.1,.208,0.2,0.8,.200,6.2,1.9,1.2,0.2,1.7,2.7,7.8
6,3,28,237,4.8,13.6,.351,3.6,7.9,.455,1.2,5.7,.208,0.2,1.2,.200,8.8,2.6,1.7,0.2,2.4,3.8,11.0,,82.2,96.4
6,4,28,237,6.4,.387,.395,.421,.088,46,2.9,13.9,8.6,8.1,1.7,0.4,14.4,14.2,,-0.1,0.4,0.3,.052,,-2.5,1.8,-0.7
7,0,35,737,90,215,.419,59,122,.484,31,93,.333,64,84,.762,30,65,95,42,22,2,57,70,275
7,1,35,21.1,2.6,6.1,.419,1.7,3.5,.484,0.9,2.7,.333,1.8,2.4,.762,2.7,1.2,0.6,0.1,1.6,2.0,7.9
7,2,35,737,4.9,11.7,.419,3.2,6.6,.484,1.7,5.0,.333,3.5,4.6,.762,5.2,2.3,1.2,0.1,3.1,3.8,14.9
7,3,35,737,6.9,16.5,.419,4.5,9.4,.484,2.4,7.1,.333,4.9,6.4,.762,7.3,3.2,1.7,0.2,4.4,5.4,21.1,,101.5,98.7
7,4,35,737,12.6,.539,.491,.433,.391,257,4.7,9.3,7.1,10.7,1.7,0.3,18.3,20.5,,0.9,1.1,2.0,.108,,1.7,1.0,2.7
8,0,8,142,15,25,.600,15,25,.600,0,0,,10,19,.526,13,22,35,1,7,13,13,19,40
8,1,8,17.8,1.9,3.1,.600,1.9,3.1,.600,0.0,0.0,,1.3,2.4,.526,4.4,0.1,0.9,1.6,1.6,2.4,5.0
8,2,8,142,4.2,7.0,.600,4.2,7.0,.600,0.0,0.0,,2.8,5.4,.526,9.9,0.3,2.0,3.7,3.7,5.4,11.3
8,3,8,142,6.0,10.0,.600,6.0,10.0,.600,0.0,0.0,,4.0,7.6,.526,13.9,0.4,2.8,5.2,5.2,7.6,15.9,,93.8,88.4
8,4,8,142,15.6,.588,.600,.000,.760,38,10.5,16.4,13.6,1.3,2.8,9.2,27.6,16.0,,0.1,0.4,0.4,.116,,-1.9,7.0,5.1
9,0,33,292,6,16,.375,6,14,.429,0,2,.000,8,17,.471,11,26,37,24,19,1,9,51,20
9,1,33,8.8,0.2,0.5,.375,0.2,0.4,.429,0.0,0.1,.000,0.2,0.5,.471,1.1,0.7,0.6,0.0,0.3,1.5,0.6
9,2,33,292,0.8,2.2,.375,0.8,1.9,.429,0.0,0.3,.000,1.1,2.3,.471,5.1,3.3,2.6,0.1,1.2,7.0,2.7
9,3,33,292,1.2,3.1,.375,1.2,2.7,.429,0.0,0.4,.000,1.6,3.3,.471,7.2,4.7,3.7,0.2,1.7,9.9,3.9,,101.3,93.8
9,4,33,292,7.0,.415,.375,.125,1.063,35,4.3,9.4,7.0,12.9,3.7,0.3,27.2,5.5,,0.1,0.6,0.7,.096,,-0.1,5.1,5.0
10,0,34,821,95,212,.448,85,183,.464,10,29,.345,41,58,.707,58,83,141,39,25,47,37,96,241
10,1,34,24.1,2.8,6.2,.448,2.5,5.4,.464,0.3,0.9,.345,1.2,1.7,.707,4.1,1.1,0.7,1.4,1.1,2.8,7.1
10,2,34,821,4.6,10.3,.448,4.1,8.9,.464,0.5,1.4,.345,2.0,2.8,.707,6.9,1.9,1.2,2.3,1.8,4.7,11.7
10,3,34,821,6.5,14.6,.448,5.9,12.6,.464,0.7,2.0,.345,2.8,4.0,.707,9.7,2.7,1.7,3.2,2.5,6.6,16.6,,105.9,95.4
10,4,34,821,14.4,.503,.472,.137,.274,243,8.1,10.7,9.5,8.8,1.7,5.8,13.4,16.3,,1.1,1.5,2.6,.126,,1.0,5.4,6.4
