0,0,33,554,40,95,.421,22,48,.458,18,47,.383,8,34,.235,19,49,68,21,17,1,24,58,106
0,1,33,16.8,1.2,2.9,.421,0.7,1.5,.458,0.5,1.4,.383,0.2,1.0,.235,2.1,0.6,0.5,0.0,0.7,1.8,3.2
0,2,33,554,2.9,6.9,.421,1.6,3.5,.458,1.3,3.4,.383,0.6,2.5,.235,4.9,1.5,1.2,0.1,1.7,4.2,7.7
0,3,33,554,4.1,9.9,.421,2.3,5.0,.458,1.9,4.9,.383,0.8,3.5,.235,7.1,2.2,1.8,0.1,2.5,6.0,11.0,,92.6,105.6
0,4,33,554,6.7,.477,.516,.495,.358,105,3.6,9.7,6.6,6.8,1.8,0.2,17.8,11.8,,0.0,0.7,0.7,.049,,-3.0,-0.1,-3.1
1,0,33,1211,187,502,.373,122,288,.424,65,214,.304,99,136,.728,25,49,74,180,24,3,121,54,538
1,1,33,36.7,5.7,15.2,.373,3.7,8.7,.424,2.0,6.5,.304,3.0,4.1,.728,2.2,5.5,0.7,0.1,3.7,1.6,16.3
1,2,33,1211,6.2,16.6,.373,4.0,9.5,.424,2.1,7.1,.304,3.3,4.5,.728,2.4,5.9,0.8,0.1,4.0,1.8,17.8
1,3,33,1211,8.9,23.8,.373,5.8,13.7,.424,3.1,10.2,.304,4.7,6.5,.728,3.5,8.5,1.1,0.1,5.7,2.6,25.5,,97.5,109.7
1,4,33,1211,13.1,.475,.437,.426,.271,566,2.1,4.4,3.3,31.3,1.1,0.3,17.6,27.4,,0.9,1.0,1.8,.061,,-0.3,-3.6,-3.8
2,0,31,787,71,133,.534,71,130,.546,0,3,.000,52,80,.650,62,85,147,24,27,22,28,74,194
2,1,31,25.4,2.3,4.3,.534,2.3,4.2,.546,0.0,0.1,.000,1.7,2.6,.650,4.7,0.8,0.9,0.7,0.9,2.4,6.3
2,2,31,787,3.6,6.8,.534,3.6,6.6,.546,0.0,0.2,.000,2.6,4.1,.650,7.5,1.2,1.4,1.1,1.4,3.8,9.9
2,3,31,787,5.2,9.7,.534,5.2,9.5,.546,0.0,0.2,.000,3.8,5.8,.650,10.7,1.8,2.0,1.6,2.0,5.4,14.2,,116.9,103.0
2,4,31,787,14.3,.567,.534,.023,.602,203,8.2,11.9,10.0,5.7,2.0,2.9,14.1,12.2,,1.2,1.1,2.3,.117,,-1.0,2.3,1.3
3,0,13,75,13,33,.394,2,3,.667,11,30,.367,4,6,.667,0,3,3,4,2,1,1,12,41
3,1,13,5.8,1.0,2.5,.394,0.2,0.2,.667,0.8,2.3,.367,0.3,0.5,.667,0.2,0.3,0.2,0.1,0.1,0.9,3.2
3,2,13,75,6.9,17.6,.394,1.1,1.6,.667,5.9,16.0,.367,2.1,3.2,.667,1.6,2.1,1.1,0.5,0.5,6.4,21.9
3,3,13,75,10.0,25.3,.394,1.5,2.3,.667,8.4,23.0,.367,3.1,4.6,.667,2.3,3.1,1.5,0.8,0.8,9.2,31.4,,126.2,107.5
3,4,13,75,18.2,.572,.561,.909,.182,34,0.0,4.4,2.1,11.7,1.5,1.4,2.7,23.7,,0.3,0.1,0.3,.174,,5.3,-5.1,0.1
4,0,31,729,38,119,.319,20,56,.357,18,63,.286,34,48,.708,13,71,84,45,32,5,24,56,128
4,1,31,23.5,1.2,3.8,.319,0.6,1.8,.357,0.6,2.0,.286,1.1,1.5,.708,2.7,1.5,1.0,0.2,0.8,1.8,4.1
4,2,31,729,2.1,6.5,.319,1.1,3.1,.357,1.0,3.5,.286,1.9,2.6,.708,4.6,2.5,1.8,0.3,1.3,3.1,7.0
4,3,31,729,3.0,9.4,.319,1.6,4.4,.357,1.4,5.0,.286,2.7,3.8,.708,6.6,3.5,2.5,0.4,1.9,4.4,10.1,,99.4,103.5
4,4,31,729,8.5,.451,.395,.529,.403,138,1.9,10.7,6.2,10.7,2.5,0.7,14.5,11.0,,0.3,1.0,1.3,.071,,-2.3,1.2,-1.1
5,0,22,143,7,9,.778,7,9,.778,0,0,,0,1,.000,4,30,34,0,0,14,7,36,14
5,1,22,6.5,0.3,0.4,.778,0.3,0.4,.778,0.0,0.0,,0.0,0.0,.000,1.5,0.0,0.0,0.6,0.3,1.6,0.6
5,2,22,143,2.0,2.5,.778,2.0,2.5,.778,0.0,0.0,,0.0,0.3,.000,9.5,0.0,0.0,3.9,2.0,10.1,3.9
5,3,22,143,2.8,3.6,.778,2.8,3.6,.778,0.0,0.0,,0.0,0.4,.000,13.7,0.0,0.0,5.6,2.8,14.5,5.6,,83.0,97.6
5,4,22,143,6.0,.739,.778,.000,.111,12,2.9,23.1,12.7,0.0,0.0,10.3,42.5,5.6,,0.0,0.3,0.2,.067,,-8.0,2.8,-5.1
6,0,3,9,1,2,.500,1,1,1.000,0,1,.000,4,5,.800,1,0,1,0,0,0,0,1,6
6,1,3,3.0,0.3,0.7,.500,0.3,0.3,1.000,0.0,0.3,.000,1.3,1.7,.800,0.3,0.0,0.0,0.0,0.0,0.3,2.0
6,2,3,9,4.4,8.9,.500,4.4,4.4,1.000,0.0,4.4,.000,17.8,22.2,.800,4.4,0.0,0.0,0.0,0.0,4.4,26.7
6,3,3,9,6.4,12.8,.500,6.4,6.4,1.000,0.0,6.4,.000,25.5,31.9,.800,6.4,0.0,0.0,0.0,0.0,6.4,38.3,,163.5,113.8
6,4,3,9,30.4,.686,.500,.500,2.500,6,11.5,0.0,5.9,0.0,0.0,0.0,0.0,23.5,,0.1,0.0,0.1,.319,,8.1,-9.0,-0.9
7,0,9,249,65,136,.478,37,61,.607,28,75,.373,35,72,.486,13,27,40,4,9,5,13,15,193
7,1,9,27.7,7.2,15.1,.478,4.1,6.8,.607,3.1,8.3,.373,3.9,8.0,.486,4.4,0.4,1.0,0.6,1.4,1.7,21.4
7,2,9,249,10.4,21.8,.478,5.9,9.8,.607,4.5,12.0,.373,5.6,11.6,.486,6.4,0.6,1.4,0.8,2.1,2.4,31.0
7,3,9,249,15.0,31.4,.478,8.5,14.1,.607,6.5,17.3,.373,8.1,16.6,.486,9.2,0.9,2.1,1.2,3.0,3.5,44.5,,112.7,103.4
7,4,9,249,28.3,.567,.581,.551,.529,154,5.4,11.9,8.6,4.4,2.1,2.1,7.1,35.6,,0.8,0.3,1.1,.179,,5.3,-4.7,0.7
8,0,31,549,37,79,.468,37,79,.468,0,0,,24,52,.462,59,97,156,10,22,27,27,79,98
8,1,31,17.7,1.2,2.5,.468,1.2,2.5,.468,0.0,0.0,,0.8,1.7,.462,5.0,0.3,0.7,0.9,0.9,2.5,3.2
8,2,31,549,2.7,5.8,.468,2.7,5.8,.468,0.0,0.0,,1.7,3.8,.462,11.4,0.7,1.6,2.0,2.0,5.8,7.1
8,3,31,549,3.9,8.3,.468,3.9,8.3,.468,0.0,0.0,,2.5,5.4,.462,16.3,1.0,2.3,2.8,2.8,8.3,10.3,,97.4,97.5
8,4,31,549,12.2,.473,.468,.000,.658,117,11.2,19.4,15.2,3.2,2.3,5.2,20.7,11.5,,0.2,1.1,1.2,.091,,-4.2,3.6,-0.6
9,0,33,715,87,203,.429,67,132,.508,20,71,.282,56,87,.644,47,89,136,21,18,12,36,77,250
9,1,33,21.7,2.6,6.2,.429,2.0,4.0,.508,0.6,2.2,.282,1.7,2.6,.644,4.1,0.6,0.5,0.4,1.1,2.3,7.6
9,2,33,715,4.9,11.4,.429,3.7,7.4,.508,1.1,4.0,.282,3.1,4.9,.644,7.6,1.2,1.0,0.7,2.0,4.3,14.0
9,3,33,715,7.0,16.3,.429,5.4,10.6,.508,1.6,5.7,.282,4.5,7.0,.644,10.9,1.7,1.4,1.0,2.9,6.2,20.1,,105.1,103.7
9,4,33,715,13.6,.512,.478,.350,.429,240,6.8,13.7,10.2,5.8,1.4,1.8,12.8,18.9,,0.8,1.0,1.8,.100,,-1.5,-0.6,-2.1
10,0,31,796,136,286,.476,117,220,.532,19,66,.288,106,151,.702,62,162,224,30,22,19,57,111,397
10,1,31,25.7,4.4,9.2,.476,3.8,7.1,.532,0.6,2.1,.288,3.4,4.9,.702,7.2,1.0,0.7,0.6,1.8,3.6,12.8
10,2,31,796,6.8,14.4,.476,5.9,11.1,.532,1.0,3.3,.288,5.3,7.6,.702,11.3,1.5,1.1,1.0,2.9,5.6,19.9
10,3,31,796,9.8,20.6,.476,8.4,15.9,.532,1.4,4.8,.288,7.7,10.9,.702,16.2,2.2,1.6,1.4,4.1,8.0,28.7,,110.1,98.9
10,4,31,796,20.7,.555,.509,.231,.528,372,8.1,22.4,15.0,8.2,1.6,2.5,13.7,25.2,,1.7,1.4,3.1,.156,,0.0,-0.1,-0.2
11,0,33,833,155,341,.455,132,256,.516,23,85,.271,87,146,.596,52,80,132,58,38,15,81,85,420
11,1,33,25.2,4.7,10.3,.455,4.0,7.8,.516,0.7,2.6,.271,2.6,4.4,.596,4.0,1.8,1.2,0.5,2.5,2.6,12.7
11,2,33,833,7.4,16.4,.455,6.3,12.3,.516,1.1,4.1,.271,4.2,7.0,.596,6.3,2.8,1.8,0.7,3.9,4.1,20.2
11,3,33,833,10.7,23.5,.455,9.1,17.7,.516,1.6,5.9,.271,6.0,10.1,.596,9.1,4.0,2.6,1.0,5.6,5.9,29.0,,99.2,102.6
11,4,33,833,17.7,.512,.488,.249,.428,401,6.5,10.6,8.5,15.7,2.6,1.9,16.5,28.5,,0.8,1.2,2.0,.097,,-0.3,0.0,-0.3
