0,0,17,268,37,81,.457,31,50,.620,6,31,.194,13,23,.565,13,30,43,5,5,4,13,19,93
0,1,17,15.8,2.2,4.8,.457,1.8,2.9,.620,0.4,1.8,.194,0.8,1.4,.565,2.5,0.3,0.3,0.2,0.8,1.1,5.5
0,2,17,268,5.5,12.1,.457,4.6,7.5,.620,0.9,4.6,.194,1.9,3.4,.565,6.4,0.7,0.7,0.6,1.9,2.8,13.9
0,3,17,268,8.4,18.4,.457,7.0,11.4,.620,1.4,7.0,.194,3.0,5.2,.565,9.8,1.1,1.1,0.9,3.0,4.3,21.1,,104.0,104.5
0,4,17,268,13.8,.506,.494,.383,.284,82,5.2,13.2,9.0,3.8,1.1,1.6,12.4,19.4,,0.4,0.3,0.6,.091,,-0.4,-1.2,-1.6
1,0,35,851,84,182,.462,84,182,.462,0,0,,44,95,.463,64,96,160,21,16,38,31,115,212
1,1,35,24.3,2.4,5.2,.462,2.4,5.2,.462,0.0,0.0,,1.3,2.7,.463,4.6,0.6,0.5,1.1,0.9,3.3,6.1
1,2,35,851,3.9,8.6,.462,3.9,8.6,.462,0.0,0.0,,2.1,4.5,.463,7.5,1.0,0.8,1.8,1.5,5.4,10.0
1,3,35,851,6.0,13.0,.462,6.0,13.0,.462,0.0,0.0,,3.2,6.8,.463,11.5,1.5,1.1,2.7,2.2,8.2,15.2,,102.7,102.3
1,4,35,851,12.3,.467,.462,.000,.522,211,8.1,13.3,10.6,4.7,1.1,4.6,12.0,15.0,,0.8,1.0,1.8,.087,,-1.3,2.6,1.3
2,0,28,148,21,43,.488,20,41,.488,1,2,.500,7,29,.241,36,30,66,4,2,4,13,19,50
2,1,28,5.3,0.8,1.5,.488,0.7,1.5,.488,0.0,0.1,.500,0.3,1.0,.241,2.4,0.1,0.1,0.1,0.5,0.7,1.8
2,2,28,148,5.7,11.6,.488,5.4,11.1,.488,0.3,0.5,.500,1.9,7.8,.241,17.8,1.1,0.5,1.1,3.5,5.1,13.5
2,3,28,148,8.6,17.7,.488,8.2,16.9,.488,0.4,0.8,.500,2.9,11.9,.241,27.2,1.6,0.8,1.6,5.4,7.8,20.6,,93.9,100.0
2,4,28,148,18.7,.440,.500,.047,.674,57,26.2,23.9,25.1,5.6,0.8,2.8,18.6,23.3,,0.1,0.2,0.3,.080,,-1.2,-1.0,-2.2
3,0,35,975,101,253,.399,69,141,.489,32,112,.286,87,112,.777,28,94,122,65,33,8,53,92,321
3,1,35,27.9,2.9,7.2,.399,2.0,4.0,.489,0.9,3.2,.286,2.5,3.2,.777,3.5,1.9,0.9,0.2,1.5,2.6,9.2
3,2,35,975,4.1,10.4,.399,2.8,5.8,.489,1.3,4.6,.286,3.6,4.6,.777,5.0,2.7,1.4,0.3,2.2,3.8,13.2
3,3,35,975,6.3,15.8,.399,4.3,8.8,.489,2.0,7.0,.286,5.4,7.0,.777,7.6,4.1,2.1,0.5,3.3,5.7,20.1,,110.9,103.4
3,4,35,975,14.5,.524,.462,.443,.443,311,3.1,11.4,7.0,12.7,2.1,0.9,14.8,18.2,,1.8,1.0,2.9,.118,,2.2,0.8,3.0
4,0,9,13,1,3,.333,1,3,.333,0,0,,0,0,,1,1,2,0,0,0,1,2,2
4,1,9,1.4,0.1,0.3,.333,0.1,0.3,.333,0.0,0.0,,0.0,0.0,,0.2,0.0,0.0,0.0,0.1,0.2,0.2
4,2,9,13,3.1,9.2,.333,3.1,9.2,.333,0.0,0.0,,0.0,0.0,,6.2,0.0,0.0,0.0,3.1,6.2,6.2
4,3,9,13,4.7,14.1,.333,4.7,14.1,.333,0.0,0.0,,0.0,0.0,,9.4,0.0,0.0,0.0,4.7,9.4,9.4,,66.0,108.8
4,4,9,13,-1.2,.333,.333,.000,.000,2,8.3,9.1,8.7,0.0,0.0,0.0,25.0,15.2,,0.0,0.0,0.0,-.045,,-8.4,-4.0,-12.4
5,0,34,1156,201,486,.414,170,362,.470,31,124,.250,127,212,.599,70,115,185,120,47,11,101,110,560
5,1,34,34.0,5.9,14.3,.414,5.0,10.6,.470,0.9,3.6,.250,3.7,6.2,.599,5.4,3.5,1.4,0.3,3.0,3.2,16.5
5,2,34,1156,7.0,16.8,.414,5.9,12.5,.470,1.1,4.3,.250,4.4,7.3,.599,6.4,4.2,1.6,0.4,3.5,3.8,19.4
5,3,34,1156,10.6,25.6,.414,9.0,19.1,.470,1.6,6.5,.250,6.7,11.2,.599,9.8,6.3,2.5,0.6,5.3,5.8,29.5,,102.9,102.3
5,4,34,1156,19.3,.477,.445,.255,.436,561,6.5,11.7,9.0,22.9,2.5,1.0,14.7,29.4,,2.3,1.4,3.6,.125,,3.0,1.0,4.0
6,0,18,73,8,22,.364,3,7,.429,5,15,.333,2,5,.400,0,6,6,4,4,0,4,5,23
6,1,18,4.1,0.4,1.2,.364,0.2,0.4,.429,0.3,0.8,.333,0.1,0.3,.400,0.3,0.2,0.2,0.0,0.2,0.3,1.3
6,2,18,73,4.4,12.1,.364,1.6,3.8,.429,2.7,8.2,.333,1.1,2.7,.400,3.3,2.2,2.2,0.0,2.2,2.7,12.6
6,3,18,73,6.7,18.4,.364,2.5,5.8,.429,4.2,12.5,.333,1.7,4.2,.400,5.0,3.3,3.3,0.0,3.3,4.2,19.2,,97.6,102.0
6,4,18,73,11.2,.472,.477,.682,.227,20,0.0,9.7,4.6,10.6,3.3,0.0,14.1,19.2,,0.1,0.1,0.1,.078,,0.0,-0.8,-0.8
7,0,33,215,2,14,.143,2,14,.143,0,0,,7,18,.389,23,38,61,5,3,25,24,51,11
7,1,33,6.5,0.1,0.4,.143,0.1,0.4,.143,0.0,0.0,,0.2,0.5,.389,1.8,0.2,0.1,0.8,0.7,1.5,0.3
7,2,33,215,0.4,2.6,.143,0.4,2.6,.143,0.0,0.0,,1.3,3.3,.389,11.3,0.9,0.6,4.7,4.5,9.5,2.0
7,3,33,215,0.6,4.0,.143,0.6,4.0,.143,0.0,0.0,,2.0,5.1,.389,17.3,1.4,0.9,7.1,6.8,14.5,3.1,,49.6,95.1
7,4,33,215,3.1,.244,.143,.000,1.286,22,11.5,20.8,16.0,3.8,0.9,12.1,51.6,10.7,,-0.5,0.4,-0.1,-.024,,-8.2,8.1,-0.1
8,0,35,726,71,189,.376,17,38,.447,54,151,.358,15,27,.556,28,23,51,33,23,7,28,34,211
8,1,35,20.7,2.0,5.4,.376,0.5,1.1,.447,1.5,4.3,.358,0.4,0.8,.556,1.5,0.9,0.7,0.2,0.8,1.0,6.0
8,2,35,726,3.9,10.4,.376,0.9,2.1,.447,3.0,8.3,.358,0.8,1.5,.556,2.8,1.8,1.3,0.4,1.5,1.9,11.6
8,3,35,726,6.0,15.9,.376,1.4,3.2,.447,4.5,12.7,.358,1.3,2.3,.556,4.3,2.8,1.9,0.6,2.3,2.9,17.7,,112.9,106.9
8,4,35,726,12.5,.523,.519,.799,.143,195,4.2,3.7,4.0,8.6,1.9,1.0,12.2,15.7,,1.2,0.5,1.8,.097,,3.3,-0.5,2.8
9,0,35,1191,180,433,.416,108,221,.489,72,212,.340,81,114,.711,18,66,84,149,36,2,111,87,513
9,1,35,34.0,5.1,12.4,.416,3.1,6.3,.489,2.1,6.1,.340,2.3,3.3,.711,2.4,4.3,1.0,0.1,3.2,2.5,14.7
9,2,35,1191,6.0,14.5,.416,3.6,7.4,.489,2.4,7.1,.340,2.7,3.8,.711,2.8,5.0,1.2,0.1,3.7,2.9,17.2
9,3,35,1191,9.2,22.1,.416,5.5,11.3,.489,3.7,10.8,.340,4.1,5.8,.711,4.3,7.6,1.8,0.1,5.7,4.5,26.2,,105.7,106.3
9,4,35,1191,16.1,.527,.499,.490,.263,506,1.6,6.5,4.0,26.2,1.8,0.2,18.6,24.8,,2.4,0.9,3.3,.112,,3.6,-1.6,2.0
10,0,29,485,46,88,.523,46,88,.523,0,0,,28,51,.549,56,83,139,6,20,23,26,75,120
10,1,29,16.7,1.6,3.0,.523,1.6,3.0,.523,0.0,0.0,,1.0,1.8,.549,4.8,0.2,0.7,0.8,0.9,2.6,4.1
10,2,29,485,3.8,7.3,.523,3.8,7.3,.523,0.0,0.0,,2.3,4.2,.549,11.5,0.5,1.6,1.9,2.1,6.2,9.9
10,3,29,485,5.8,11.1,.523,5.8,11.1,.523,0.0,0.0,,3.5,6.4,.549,17.5,0.8,2.5,2.9,3.3,9.4,15.1,,106.0,96.4
10,4,29,485,16.3,.535,.523,.000,.580,124,12.4,20.2,16.1,2.3,2.5,4.9,18.8,14.1,,0.6,0.8,1.4,.119,,-0.9,3.2,2.4
11,0,35,1024,143,258,.554,141,256,.551,2,2,1.000,68,94,.723,141,208,349,32,24,10,47,98,356
11,1,35,29.3,4.1,7.4,.554,4.0,7.3,.551,0.1,0.1,1.000,1.9,2.7,.723,10.0,0.9,0.7,0.3,1.3,2.8,10.2
11,2,35,1024,5.6,10.1,.554,5.5,10.0,.551,0.1,0.1,1.000,2.7,3.7,.723,13.6,1.3,0.9,0.4,1.8,3.8,13.9
11,3,35,1024,8.5,15.4,.554,8.4,15.2,.551,0.1,0.1,1.000,4.0,5.6,.723,20.8,1.9,1.4,0.6,2.8,5.8,21.2,,123.5,99.9
11,4,35,1024,22.3,.588,.558,.008,.364,360,14.8,23.9,19.2,6.4,1.4,1.0,13.4,16.9,,3.0,1.4,4.4,.174,,3.2,1.1,4.4
