0,0,33,823,96,206,.466,70,130,.538,26,76,.342,72,94,.766,27,71,98,117,36,7,59,66,290
0,1,33,24.9,2.9,6.2,.466,2.1,3.9,.538,0.8,2.3,.342,2.2,2.8,.766,3.0,3.5,1.1,0.2,1.8,2.0,8.8
0,2,33,823,4.7,10.0,.466,3.4,6.3,.538,1.3,3.7,.342,3.5,4.6,.766,4.8,5.7,1.7,0.3,2.9,3.2,14.1
0,3,33,823,6.5,13.9,.466,4.7,8.8,.538,1.8,5.1,.342,4.9,6.4,.766,6.6,7.9,2.4,0.5,4.0,4.5,19.6,,114.3,97.0
0,4,33,823,17.4,.578,.529,.369,.456,309,3.7,9.0,6.4,24.1,2.4,0.8,19.1,17.8,,1.8,1.4,3.2,.158,,4.3,3.1,7.4
1,0,33,970,122,239,.510,121,237,.511,1,2,.500,55,72,.764,67,124,191,27,25,43,35,77,300
1,1,33,29.4,3.7,7.2,.510,3.7,7.2,.511,0.0,0.1,.500,1.7,2.2,.764,5.8,0.8,0.8,1.3,1.1,2.3,9.1
1,2,33,970,5.0,9.9,.510,5.0,9.8,.511,0.0,0.1,.500,2.3,3.0,.764,7.9,1.1,1.0,1.8,1.4,3.2,12.4
1,3,33,970,7.0,13.7,.510,6.9,13.6,.511,0.1,0.1,.500,3.2,4.1,.764,11.0,1.6,1.4,2.5,2.0,4.4,17.2,,114.4,95.4
1,4,33,970,15.9,.549,.513,.008,.301,285,7.7,13.3,10.6,4.8,1.4,4.4,11.4,15.0,,1.7,1.8,3.5,.145,,1.5,5.4,7.0
2,0,33,609,60,142,.423,37,78,.474,23,64,.359,34,50,.680,8,49,57,106,26,3,56,42,177
2,1,33,18.5,1.8,4.3,.423,1.1,2.4,.474,0.7,1.9,.359,1.0,1.5,.680,1.7,3.2,0.8,0.1,1.7,1.3,5.4
2,2,33,609,3.9,9.3,.423,2.4,5.1,.474,1.5,4.2,.359,2.2,3.3,.680,3.7,7.0,1.7,0.2,3.7,2.8,11.6
2,3,33,609,5.5,13.0,.423,3.4,7.1,.474,2.1,5.9,.359,3.1,4.6,.680,5.2,9.7,2.4,0.3,5.1,3.8,16.2,,101.4,97.6
2,4,33,609,13.5,.534,.504,.451,.352,202,1.5,8.4,5.0,28.6,2.4,0.5,25.3,17.2,,0.7,1.0,1.7,.109,,1.5,1.9,3.4
3,0,8,17,1,4,.250,0,0,,1,4,.250,0,0,,1,4,5,1,1,0,2,1,3
3,1,8,2.1,0.1,0.5,.250,0.0,0.0,,0.1,0.5,.250,0.0,0.0,,0.6,0.1,0.1,0.0,0.3,0.1,0.4
3,2,8,17,2.4,9.4,.250,0.0,0.0,,2.4,9.4,.250,0.0,0.0,,11.8,2.4,2.4,0.0,4.7,2.4,7.1
3,3,8,17,3.3,13.1,.250,0.0,0.0,,3.3,13.1,.250,0.0,0.0,,16.4,3.3,3.3,0.0,6.6,3.3,9.8,,67.6,88.1
3,4,8,17,6.4,.375,.375,1.000,.000,3,6.6,24.6,15.9,9.1,3.3,0.0,33.3,16.7,,0.0,0.0,0.0,.031,,-3.0,4.2,1.2
4,0,33,815,97,235,.413,83,183,.454,14,52,.269,59,77,.766,42,84,126,71,41,9,63,85,267
4,1,33,24.7,2.9,7.1,.413,2.5,5.5,.454,0.4,1.6,.269,1.8,2.3,.766,3.8,2.2,1.2,0.3,1.9,2.6,8.1
4,2,33,815,4.8,11.5,.413,4.1,9.0,.454,0.7,2.6,.269,2.9,3.8,.766,6.2,3.5,2.0,0.4,3.1,4.2,13.1
4,3,33,815,6.6,16.1,.413,5.7,12.5,.454,1.0,3.6,.269,4.0,5.3,.766,8.6,4.9,2.8,0.6,4.3,5.8,18.2,,98.8,95.1
4,4,33,815,13.4,.492,.443,.221,.328,277,5.8,10.8,8.3,14.8,2.8,1.1,18.8,19.4,,0.7,1.6,2.3,.111,,1.0,4.4,5.4
5,0,31,271,38,80,.475,38,80,.475,0,0,,26,52,.500,30,29,59,0,5,7,15,27,102
5,1,31,8.7,1.2,2.6,.475,1.2,2.6,.475,0.0,0.0,,0.8,1.7,.500,1.9,0.0,0.2,0.2,0.5,0.9,3.3
5,2,31,271,5.6,11.8,.475,5.6,11.8,.475,0.0,0.0,,3.8,7.7,.500,8.7,0.0,0.7,1.0,2.2,4.0,15.1
5,3,31,271,7.8,16.4,.475,7.8,16.4,.475,0.0,0.0,,5.3,10.7,.500,12.1,0.0,1.0,1.4,3.1,5.5,21.0,,100.4,98.1
5,4,31,271,13.8,.487,.475,.000,.650,97,12.4,11.2,11.7,0.0,1.0,2.5,12.5,20.9,,0.3,0.4,0.7,.107,,-2.7,-1.3,-3.9
6,0,32,324,30,66,.455,18,37,.486,12,29,.414,17,22,.773,23,43,66,25,10,2,19,37,89
6,1,32,10.1,0.9,2.1,.455,0.6,1.2,.486,0.4,0.9,.414,0.5,0.7,.773,2.1,0.8,0.3,0.1,0.6,1.2,2.8
6,2,32,324,3.7,8.1,.455,2.2,4.6,.486,1.5,3.6,.414,2.1,2.7,.773,8.1,3.1,1.2,0.2,2.3,4.6,11.0
6,3,32,324,5.2,11.3,.455,3.1,6.4,.486,2.1,5.0,.414,2.9,3.8,.773,11.3,4.3,1.7,0.3,3.3,6.4,15.3,,113.7,96.2
6,4,32,324,14.0,.582,.545,.439,.333,95,7.9,13.8,11.0,12.6,1.7,0.6,19.9,13.9,,0.6,0.6,1.1,.140,,2.9,3.2,6.1
7,0,1,3,0,0,,0,0,,0,0,,0,0,,0,0,0,0,0,0,0,0,0
7,1,1,3.0,0.0,0.0,,0.0,0.0,,0.0,0.0,,0.0,0.0,,0.0,0.0,0.0,0.0,0.0,0.0,0.0
7,2,1,3,0.0,0.0,,0.0,0.0,,0.0,0.0,,0.0,0.0,,0.0,0.0,0.0,0.0,0.0,0.0,0.0
7,3,1,3,0.0,0.0,,0.0,0.0,,0.0,0.0,,0.0,0.0,,0.0,0.0,0.0,0.0,0.0,0.0,0.0,,,107.6
7,4,1,3,0.0,,,,,0,0.0,0.0,0.0,0.0,0.0,0.0,,0.0,,0.0,0.0,0.0,.028,,-2.7,3.4,0.7
8,0,13,80,7,20,.350,7,20,.350,0,0,,3,10,.300,10,7,17,6,1,1,4,5,17
8,1,13,6.2,0.5,1.5,.350,0.5,1.5,.350,0.0,0.0,,0.2,0.8,.300,1.3,0.5,0.1,0.1,0.3,0.4,1.3
8,2,13,80,3.5,10.0,.350,3.5,10.0,.350,0.0,0.0,,1.5,5.0,.300,8.5,3.0,0.5,0.5,2.0,2.5,8.5
8,3,13,80,4.9,13.9,.350,4.9,13.9,.350,0.0,0.0,,2.1,7.0,.300,11.8,4.2,0.7,0.7,2.8,3.5,11.8,,88.6,100.7
8,4,13,80,8.8,.343,.350,.000,.500,23,13.9,9.1,11.5,12.1,0.7,1.2,13.9,17.0,,0.0,0.1,0.1,.052,,-1.9,2.2,0.4
9,0,33,710,131,285,.460,98,193,.508,33,92,.359,81,98,.827,8,35,43,108,25,3,75,57,376
9,1,33,21.5,4.0,8.6,.460,3.0,5.8,.508,1.0,2.8,.359,2.5,3.0,.827,1.3,3.3,0.8,0.1,2.3,1.7,11.4
9,2,33,710,7.4,16.1,.460,5.5,10.9,.508,1.9,5.2,.359,4.6,5.5,.827,2.4,6.1,1.4,0.2,4.2,3.2,21.2
9,3,33,710,10.3,22.4,.460,7.7,15.1,.508,2.6,7.2,.359,6.4,7.7,.827,3.4,8.5,2.0,0.2,5.9,4.5,29.5,,108.1,100.1
9,4,33,710,19.1,.567,.518,.323,.344,363,1.3,5.1,3.3,29.2,2.0,0.4,18.4,27.0,,1.7,1.0,2.7,.153,,4.1,0.0,4.0
10,0,33,785,117,273,.429,76,158,.481,41,115,.357,41,61,.672,26,89,115,71,28,11,53,52,316
10,1,33,23.8,3.5,8.3,.429,2.3,4.8,.481,1.2,3.5,.357,1.2,1.8,.672,3.5,2.2,0.8,0.3,1.6,1.6,9.6
10,2,33,785,6.0,13.9,.429,3.9,8.1,.481,2.1,5.9,.357,2.1,3.1,.672,5.9,3.6,1.4,0.6,2.7,2.6,16.1
10,3,33,785,8.3,19.4,.429,5.4,11.2,.481,2.9,8.2,.357,2.9,4.3,.672,8.2,5.0,2.0,0.8,3.8,3.7,22.4,,104.9,96.4
10,4,33,785,16.0,.523,.504,.421,.223,299,3.7,11.8,7.9,16.2,2.0,1.4,14.9,21.4,,1.2,1.4,2.6,.132,,2.9,3.1,6.0
11,0,23,120,20,34,.588,20,34,.588,0,0,,2,6,.333,12,14,26,4,1,19,8,20,42
11,1,23,5.2,0.9,1.5,.588,0.9,1.5,.588,0.0,0.0,,0.1,0.3,.333,1.1,0.2,0.0,0.8,0.3,0.9,1.8
11,2,23,120,6.7,11.3,.588,6.7,11.3,.588,0.0,0.0,,0.7,2.0,.333,8.7,1.3,0.3,6.3,2.7,6.7,14.0
11,3,23,120,9.3,15.8,.588,9.3,15.8,.588,0.0,0.0,,0.9,2.8,.333,12.1,1.9,0.5,8.8,3.7,9.3,19.5,,104.7,92.1
11,4,23,120,19.2,.570,.588,.000,.176,39,11.2,12.2,11.7,6.2,0.5,15.5,17.8,17.6,,0.2,0.3,0.4,.139,,-0.4,9.7,9.3
12,0,33,1073,213,396,.538,213,396,.538,0,0,,131,228,.575,121,267,388,21,23,45,53,80,557
12,1,33,32.5,6.5,12.0,.538,6.5,12.0,.538,0.0,0.0,,4.0,6.9,.575,11.8,0.6,0.7,1.4,1.6,2.4,16.9
12,2,33,1073,7.9,14.8,.538,7.9,14.8,.538,0.0,0.0,,4.9,8.5,.575,14.5,0.8,0.9,1.7,2.0,3.0,20.8
12,3,33,1073,11.1,20.6,.538,11.1,20.6,.538,0.0,0.0,,6.8,11.8,.575,20.1,1.1,1.2,2.3,2.8,4.2,28.9,,115.1,89.9
12,4,33,1073,25.2,.552,.538,.000,.576,512,12.6,26.0,19.5,3.9,1.2,4.1,9.5,24.5,,3.1,2.6,5.7,.211,,2.0,3.1,5.1
