0,0,29,293,10,30,.333,7,17,.412,3,13,.231,7,10,.700,10,31,41,17,9,2,11,41,30
0,1,29,10.1,0.3,1.0,.333,0.2,0.6,.412,0.1,0.4,.231,0.2,0.3,.700,1.4,0.6,0.3,0.1,0.4,1.4,1.0
0,2,29,293,1.4,4.1,.333,1.0,2.3,.412,0.4,1.8,.231,1.0,1.4,.700,5.6,2.3,1.2,0.3,1.5,5.6,4.1
0,3,29,293,2.0,6.0,.333,1.4,3.4,.412,0.6,2.6,.231,1.4,2.0,.700,8.2,3.4,1.8,0.4,2.2,8.2,6.0,,92.1,105.2
0,4,29,293,5.5,.432,.383,.433,.333,38,3.9,11.8,7.9,10.3,1.8,0.7,24.0,7.8,,0.0,0.3,0.3,.043,,-1.6,1.8,0.2
1,0,32,291,20,27,.741,20,27,.741,0,0,,3,13,.231,17,25,42,2,3,5,5,44,43
1,1,32,9.1,0.6,0.8,.741,0.6,0.8,.741,0.0,0.0,,0.1,0.4,.231,1.3,0.1,0.1,0.2,0.2,1.4,1.3
1,2,32,291,2.7,3.7,.741,2.7,3.7,.741,0.0,0.0,,0.4,1.8,.231,5.8,0.3,0.4,0.7,0.7,6.0,5.9
1,3,32,291,4.0,5.4,.741,4.0,5.4,.741,0.0,0.0,,0.6,2.6,.231,8.4,0.4,0.6,1.0,1.0,8.8,8.6,,122.4,108.2
1,4,32,291,7.9,.648,.741,.000,.481,40,6.7,9.6,8.1,1.3,0.6,1.7,13.1,6.5,,0.3,0.2,0.5,.070,,-0.3,0.3,0.0
2,0,8,109,6,16,.375,4,10,.400,2,6,.333,2,2,1.000,7,9,16,6,11,2,5,17,16
2,1,8,13.6,0.8,2.0,.375,0.5,1.3,.400,0.3,0.8,.333,0.3,0.3,1.000,2.0,0.8,1.4,0.3,0.6,2.1,2.0
2,2,8,109,2.2,5.9,.375,1.5,3.7,.400,0.7,2.2,.333,0.7,0.7,1.000,5.9,2.2,4.0,0.7,1.8,6.2,5.9
2,3,8,109,3.2,8.6,.375,2.1,5.4,.400,1.1,3.2,.333,1.1,1.1,1.000,8.6,3.2,5.9,1.1,2.7,9.1,8.6,,98.0,96.6
2,4,8,109,11.8,.472,.438,.375,.125,20,7.3,9.2,8.3,10.1,5.9,1.8,22.8,10.0,,0.0,0.2,0.2,.089,,0.9,5.7,6.6
3,0,32,742,91,233,.391,62,145,.428,29,88,.330,96,126,.762,21,58,79,63,22,7,42,66,307
3,1,32,23.2,2.8,7.3,.391,1.9,4.5,.428,0.9,2.8,.330,3.0,3.9,.762,2.5,2.0,0.7,0.2,1.3,2.1,9.6
3,2,32,742,4.9,12.6,.391,3.3,7.8,.428,1.6,4.7,.330,5.2,6.8,.762,4.3,3.4,1.2,0.4,2.3,3.6,16.5
3,3,32,742,7.2,18.4,.391,4.9,11.4,.428,2.3,6.9,.330,7.6,9.9,.762,6.2,5.0,1.7,0.6,3.3,5.2,24.2,,109.9,106.9
3,4,32,742,16.1,.524,.453,.378,.541,297,3.2,8.7,6.0,17.8,1.7,0.9,12.5,22.4,,1.5,0.6,2.2,.116,,3.0,-0.7,2.3
4,0,32,329,27,71,.380,16,32,.500,11,39,.282,14,18,.778,18,44,62,10,7,9,18,46,79
4,1,32,10.3,0.8,2.2,.380,0.5,1.0,.500,0.3,1.2,.282,0.4,0.6,.778,1.9,0.3,0.2,0.3,0.6,1.4,2.5
4,2,32,329,3.3,8.6,.380,1.9,3.9,.500,1.3,4.7,.282,1.7,2.2,.778,7.5,1.2,0.9,1.1,2.2,5.6,9.6
4,3,32,329,4.8,12.6,.380,2.8,5.7,.500,2.0,6.9,.282,2.5,3.2,.778,11.0,1.8,1.2,1.6,3.2,8.2,14.1,,96.8,104.0
4,4,32,329,9.4,.497,.458,.549,.254,78,6.2,15.0,10.6,5.9,1.2,2.7,18.5,14.7,,0.2,0.4,0.5,.063,,-0.8,0.9,0.0
5,0,32,982,110,288,.382,63,134,.470,47,154,.305,79,96,.823,20,69,89,121,32,3,64,65,346
5,1,32,30.7,3.4,9.0,.382,2.0,4.2,.470,1.5,4.8,.305,2.5,3.0,.823,2.8,3.8,1.0,0.1,2.0,2.0,10.8
5,2,32,982,4.5,11.7,.382,2.6,5.5,.470,1.9,6.3,.305,3.2,3.9,.823,3.6,4.9,1.3,0.1,2.6,2.6,14.1
5,3,32,982,6.6,17.2,.382,3.8,8.0,.470,2.8,9.2,.305,4.7,5.7,.823,5.3,7.2,1.9,0.2,3.8,3.9,20.6,,107.0,107.3
5,4,32,982,14.7,.519,.464,.535,.333,357,2.3,7.9,5.1,25.3,1.9,0.3,16.1,20.1,,1.6,0.8,2.4,.097,,3.5,-0.8,2.7
6,0,29,310,31,97,.320,17,40,.425,14,57,.246,20,35,.571,26,32,58,14,9,3,11,31,96
6,1,29,10.7,1.1,3.3,.320,0.6,1.4,.425,0.5,2.0,.246,0.7,1.2,.571,2.0,0.5,0.3,0.1,0.4,1.1,3.3
6,2,29,310,4.0,12.5,.320,2.2,5.2,.425,1.8,7.4,.246,2.6,4.5,.571,7.5,1.8,1.2,0.4,1.4,4.0,12.4
6,3,29,310,5.9,18.3,.320,3.2,7.6,.425,2.6,10.8,.246,3.8,6.6,.571,11.0,2.6,1.7,0.6,2.1,5.9,18.1,,99.1,105.7
6,4,29,310,11.8,.422,.392,.588,.361,99,9.6,11.5,10.6,9.1,1.7,1.0,8.8,20.0,,0.3,0.3,0.6,.072,,1.3,-0.9,0.4
7,0,32,863,133,266,.500,129,254,.508,4,12,.333,93,137,.679,62,142,204,30,23,28,66,96,363
7,1,32,27.0,4.2,8.3,.500,4.0,7.9,.508,0.1,0.4,.333,2.9,4.3,.679,6.4,0.9,0.7,0.9,2.1,3.0,11.3
7,2,32,863,6.2,12.3,.500,6.0,11.8,.508,0.2,0.6,.333,4.3,6.3,.679,9.5,1.4,1.1,1.3,3.1,4.4,16.8
7,3,32,863,9.0,18.0,.500,8.7,17.2,.508,0.3,0.8,.333,6.3,9.3,.679,13.8,2.0,1.6,1.9,4.5,6.5,24.6,,104.1,101.7
7,4,32,863,18.0,.548,.508,.045,.515,338,8.2,18.4,13.3,7.8,1.6,3.2,16.6,22.9,,1.3,1.1,2.5,.114,,0.3,1.7,2.0
8,0,32,910,108,268,.403,107,256,.418,1,12,.083,95,129,.736,36,120,156,85,49,14,79,42,312
8,1,32,28.4,3.4,8.4,.403,3.3,8.0,.418,0.0,0.4,.083,3.0,4.0,.736,4.9,2.7,1.5,0.4,2.5,1.3,9.8
8,2,32,910,4.7,11.8,.403,4.7,11.3,.418,0.0,0.5,.083,4.2,5.7,.736,6.9,3.7,2.2,0.6,3.5,1.8,13.7
8,3,32,910,6.9,17.2,.403,6.9,16.5,.418,0.1,0.8,.083,6.1,8.3,.736,10.0,5.5,3.2,0.9,5.1,2.7,20.1,,94.2,101.1
8,4,32,910,15.2,.474,.405,.045,.481,324,4.5,14.8,9.7,19.5,3.2,1.5,19.3,22.3,,0.4,1.3,1.7,.074,,-0.8,3.0,2.3
9,0,32,691,98,239,.410,68,150,.453,30,89,.337,32,47,.681,4,35,39,70,32,1,59,56,258
9,1,32,21.6,3.1,7.5,.410,2.1,4.7,.453,0.9,2.8,.337,1.0,1.5,.681,1.2,2.2,1.0,0.0,1.8,1.8,8.1
9,2,32,691,5.7,13.8,.410,3.9,8.7,.453,1.7,5.2,.337,1.9,2.7,.681,2.3,4.1,1.9,0.1,3.4,3.2,14.9
9,3,32,691,8.3,20.2,.410,5.8,12.7,.453,2.5,7.5,.337,2.7,4.0,.681,3.3,5.9,2.7,0.1,5.0,4.7,21.9,,94.0,106.5
9,4,32,691,11.9,.494,.473,.372,.197,245,0.7,5.7,3.2,22.2,2.7,0.1,18.4,23.0,,0.3,0.6,0.9,.052,,0.2,-1.4,-1.1
10,0,32,929,138,250,.552,135,232,.582,3,18,.167,91,143,.636,110,194,304,10,19,61,80,87,370
10,1,32,29.0,4.3,7.8,.552,4.2,7.3,.582,0.1,0.6,.167,2.8,4.5,.636,9.5,0.3,0.6,1.9,2.5,2.7,11.6
10,2,32,929,5.9,10.8,.552,5.8,10.0,.582,0.1,0.8,.167,3.9,6.2,.636,13.1,0.4,0.8,2.6,3.4,3.7,15.9
10,3,32,929,8.7,15.7,.552,8.5,14.6,.582,0.2,1.1,.167,5.7,9.0,.636,19.2,0.6,1.2,3.8,5.0,5.5,23.3,,104.8,98.7
10,4,32,929,20.8,.582,.558,.072,.572,352,13.5,23.4,18.5,2.4,1.2,6.4,20.1,21.3,,1.4,1.5,2.9,.126,,0.0,2.1,2.1
11,0,1,1,0,0,,0,0,,0,0,,0,0,,0,0,0,1,0,0,0,0,0
11,1,1,1.0,0.0,0.0,,0.0,0.0,,0.0,0.0,,0.0,0.0,,0.0,1.0,0.0,0.0,0.0,0.0,0.0
11,2,1,1,0.0,0.0,,0.0,0.0,,0.0,0.0,,0.0,0.0,,0.0,40.0,0.0,0.0,0.0,0.0,0.0
11,3,1,1,0.0,0.0,,0.0,0.0,,0.0,0.0,,0.0,0.0,,0.0,58.5,0.0,0.0,0.0,0.0,0.0,,218.7,115.5
11,4,1,1,40.5,,,,,0,0.0,0.0,0.0,100.0,0.0,0.0,,0.0,,0.0,0.0,0.0,.317,,-7.2,-26.4,-33.6
