0,0,20,70,5,13,.385,5,12,.417,0,1,.000,2,5,.400,11,13,24,0,3,3,4,18,12
0,1,20,3.5,0.3,0.7,.385,0.3,0.6,.417,0.0,0.1,.000,0.1,0.3,.400,1.2,0.0,0.2,0.2,0.2,0.9,0.6
0,2,20,70,2.9,7.4,.385,2.9,6.9,.417,0.0,0.6,.000,1.1,2.9,.400,13.7,0.0,1.7,1.7,2.3,10.3,6.9
0,3,20,70,4.0,10.5,.385,4.0,9.7,.417,0.0,0.8,.000,1.6,4.0,.400,19.4,0.0,2.4,2.4,3.2,14.5,9.7,,88.1,97.0
0,4,20,70,9.3,.390,.385,.077,.385,16,17.6,19.9,18.8,0.0,2.4,4.3,20.6,13.4,,0.0,0.1,0.1,.064,,-4.8,-0.7,-5.5
1,0,33,750,74,171,.433,66,130,.508,8,41,.195,54,74,.730,30,113,143,24,26,15,48,81,210
1,1,33,22.7,2.2,5.2,.433,2.0,3.9,.508,0.2,1.2,.195,1.6,2.2,.730,4.3,0.7,0.8,0.5,1.5,2.5,6.4
1,2,33,750,3.9,9.1,.433,3.5,6.9,.508,0.4,2.2,.195,2.9,3.9,.730,7.6,1.3,1.4,0.8,2.6,4.3,11.2
1,3,33,750,5.6,12.9,.433,5.0,9.8,.508,0.6,3.1,.195,4.1,5.6,.730,10.8,1.8,2.0,1.1,3.6,6.1,15.8,,95.7,101.6
1,4,33,750,11.2,.509,.456,.240,.433,201,4.5,16.1,10.4,6.0,2.0,2.0,18.9,16.4,,0.4,0.9,1.3,.070,,-1.6,1.7,0.1
2,0,32,303,32,80,.400,20,53,.377,12,27,.444,29,39,.744,8,26,34,41,12,0,29,22,105
2,1,32,9.5,1.0,2.5,.400,0.6,1.7,.377,0.4,0.8,.444,0.9,1.2,.744,1.1,1.3,0.4,0.0,0.9,0.7,3.3
2,2,32,303,4.2,10.6,.400,2.6,7.0,.377,1.6,3.6,.444,3.8,5.1,.744,4.5,5.4,1.6,0.0,3.8,2.9,13.9
2,3,32,303,6.0,14.9,.400,3.7,9.9,.377,2.2,5.0,.444,5.4,7.3,.744,6.3,7.6,2.2,0.0,5.4,4.1,19.6,,101.6,105.3
2,4,32,303,14.1,.533,.475,.338,.488,114,3.0,9.2,6.1,25.7,2.2,0.0,22.7,20.4,,0.4,0.2,0.7,.087,,0.3,-1.3,-1.0
3,0,33,681,65,150,.433,61,136,.449,4,14,.286,48,73,.658,62,102,164,17,27,39,43,60,182
3,1,33,20.6,2.0,4.5,.433,1.8,4.1,.449,0.1,0.4,.286,1.5,2.2,.658,5.0,0.5,0.8,1.2,1.3,1.8,5.5
3,2,33,681,3.8,8.8,.433,3.6,8.0,.449,0.2,0.8,.286,2.8,4.3,.658,9.6,1.0,1.6,2.3,2.5,3.5,10.7
3,3,33,681,5.4,12.4,.433,5.1,11.3,.449,0.3,1.2,.286,4.0,6.0,.658,13.6,1.4,2.2,3.2,3.6,5.0,15.1,,97.7,99.2
3,4,33,681,14.5,.493,.447,.093,.487,191,10.2,16.0,13.2,4.6,2.2,5.7,18.9,16.2,,0.5,1.0,1.5,.086,,-1.5,3.8,2.2
4,0,5,6,0,3,.000,0,3,.000,0,0,,0,2,.000,3,0,3,0,0,0,0,0,0
4,1,5,1.2,0.0,0.6,.000,0.0,0.6,.000,0.0,0.0,,0.0,0.4,.000,0.6,0.0,0.0,0.0,0.0,0.0,0.0
4,2,5,6,0.0,20.0,.000,0.0,20.0,.000,0.0,0.0,,0.0,13.3,.000,20.0,0.0,0.0,0.0,0.0,0.0,0.0
4,3,5,6,0.0,28.2,.000,0.0,28.2,.000,0.0,0.0,,0.0,18.8,.000,28.2,0.0,0.0,0.0,0.0,0.0,0.0,,45.6,115.0
4,4,5,6,-7.2,.000,.000,.000,.667,2,56.0,0.0,27.4,0.0,0.0,0.0,0.0,31.9,,0.0,0.0,0.0,-.282,,-14.4,-13.7,-28.1
5,0,32,706,102,184,.554,101,175,.577,1,9,.111,64,89,.719,96,140,236,7,13,44,45,77,269
5,1,32,22.1,3.2,5.8,.554,3.2,5.5,.577,0.0,0.3,.111,2.0,2.8,.719,7.4,0.2,0.4,1.4,1.4,2.4,8.4
5,2,32,706,5.8,10.4,.554,5.7,9.9,.577,0.1,0.5,.111,3.6,5.0,.719,13.4,0.4,0.7,2.5,2.5,4.4,15.2
5,3,32,706,8.2,14.7,.554,8.1,14.0,.577,0.1,0.7,.111,5.1,7.1,.719,18.9,0.6,1.0,3.5,3.6,6.2,21.5,,114.4,99.1
5,4,32,706,21.2,.594,.557,.049,.484,265,15.2,21.2,18.3,2.0,1.0,6.2,16.6,18.6,,1.7,1.0,2.7,.151,,0.5,1.3,1.8
6,0,14,402,65,181,.359,28,77,.364,37,104,.356,21,26,.808,12,29,41,25,24,2,19,33,188
6,1,14,28.7,4.6,12.9,.359,2.0,5.5,.364,2.6,7.4,.356,1.5,1.9,.808,2.9,1.8,1.7,0.1,1.4,2.4,13.4
6,2,14,402,6.5,18.0,.359,2.8,7.7,.364,3.7,10.3,.356,2.1,2.6,.808,4.1,2.5,2.4,0.2,1.9,3.3,18.7
6,3,14,402,9.1,25.4,.359,3.9,10.8,.364,5.2,14.6,.356,2.9,3.7,.808,5.8,3.5,3.4,0.3,2.7,4.6,26.4,,103.2,103.2
6,4,14,402,16.6,.486,.461,.575,.144,169,3.3,7.7,5.6,13.2,3.4,0.5,8.9,25.6,,0.7,0.4,1.1,.107,,3.5,-0.7,2.9
7,0,33,748,88,214,.411,60,114,.526,28,100,.280,30,38,.789,40,111,151,50,26,44,68,86,234
7,1,33,22.7,2.7,6.5,.411,1.8,3.5,.526,0.8,3.0,.280,0.9,1.2,.789,4.6,1.5,0.8,1.3,2.1,2.6,7.1
7,2,33,748,4.7,11.4,.411,3.2,6.1,.526,1.5,5.3,.280,1.6,2.0,.789,8.1,2.7,1.4,2.4,3.6,4.6,12.5
7,3,33,748,6.6,16.1,.411,4.5,8.6,.526,2.1,7.5,.280,2.3,2.9,.789,11.4,3.8,2.0,3.3,5.1,6.5,17.7,,92.4,99.7
7,4,33,748,13.4,.504,.477,.467,.178,235,6.0,15.9,11.0,13.0,2.0,5.9,22.7,19.4,,0.3,1.0,1.3,.069,,-0.4,4.0,3.5
8,0,33,940,105,262,.401,35,74,.473,70,188,.372,12,23,.522,7,41,48,34,24,3,35,36,292
8,1,33,28.5,3.2,7.9,.401,1.1,2.2,.473,2.1,5.7,.372,0.4,0.7,.522,1.5,1.0,0.7,0.1,1.1,1.1,8.8
8,2,33,940,4.5,11.1,.401,1.5,3.1,.473,3.0,8.0,.372,0.5,1.0,.522,2.0,1.4,1.0,0.1,1.5,1.5,12.4
8,3,33,940,6.3,15.7,.401,2.1,4.4,.473,4.2,11.3,.372,0.7,1.4,.522,2.9,2.0,1.4,0.2,2.1,2.2,17.5,,104.3,109.2
8,4,33,940,10.3,.535,.534,.718,.088,246,0.8,4.7,2.8,6.9,1.4,0.3,11.4,15.9,,1.0,0.4,1.5,.062,,2.0,-1.3,0.7
9,0,33,854,136,291,.467,104,205,.507,32,86,.372,102,150,.680,42,86,128,42,27,17,63,122,406
9,1,33,25.9,4.1,8.8,.467,3.2,6.2,.507,1.0,2.6,.372,3.1,4.5,.680,3.9,1.3,0.8,0.5,1.9,3.7,12.3
9,2,33,854,6.4,13.6,.467,4.9,9.6,.507,1.5,4.0,.372,4.8,7.0,.680,6.0,2.0,1.3,0.8,3.0,5.7,19.0
9,3,33,854,9.0,19.2,.467,6.9,13.5,.507,2.1,5.7,.372,6.7,9.9,.680,8.5,2.8,1.8,1.1,4.2,8.1,26.8,,107.8,104.3
9,4,33,854,17.3,.560,.522,.296,.515,370,5.5,10.8,8.2,10.4,1.8,2.0,14.8,24.1,,1.8,0.8,2.6,.123,,2.5,0.0,2.5
10,0,33,1165,166,383,.433,123,254,.484,43,129,.333,135,172,.785,25,112,137,242,66,5,114,96,510
10,1,33,35.3,5.0,11.6,.433,3.7,7.7,.484,1.3,3.9,.333,4.1,5.2,.785,4.2,7.3,2.0,0.2,3.5,2.9,15.5
10,2,33,1165,5.7,13.2,.433,4.2,8.7,.484,1.5,4.4,.333,4.6,5.9,.785,4.7,8.3,2.3,0.2,3.9,3.3,17.5
10,3,33,1165,8.0,18.6,.433,6.0,12.3,.484,2.1,6.2,.333,6.5,8.3,.785,6.6,11.7,3.2,0.2,5.5,4.7,24.7,,111.3,102.4
10,4,33,1165,21.3,.549,.490,.337,.449,579,2.4,10.3,6.4,42.4,3.2,0.4,19.7,24.1,,3.3,1.3,4.6,.157,,5.5,0.3,5.7
