0,0,31,1085,130,335,.388,99,235,.421,31,100,.310,92,121,.760,17,86,103,96,39,2,61,54,383
0,1,31,35.0,4.2,10.8,.388,3.2,7.6,.421,1.0,3.2,.310,3.0,3.9,.760,3.3,3.1,1.3,0.1,2.0,1.7,12.4
0,2,31,1085,4.8,12.4,.388,3.6,8.7,.421,1.1,3.7,.310,3.4,4.5,.760,3.8,3.5,1.4,0.1,2.2,2.0,14.1
0,3,31,1085,7.3,18.7,.388,5.5,13.1,.421,1.7,5.6,.310,5.1,6.8,.760,5.8,5.4,2.2,0.1,3.4,3.0,21.4,,101.6,107.8
0,4,31,1085,14.7,.488,.434,.299,.361,377,1.7,8.9,5.2,18.2,2.2,0.2,13.5,21.4,,1.5,0.6,2.1,.077,,-0.7,-3.3,-4.1
1,0,11,170,29,71,.408,13,34,.382,16,37,.432,27,35,.771,11,21,32,11,11,3,12,21,101
1,1,11,15.5,2.6,6.5,.408,1.2,3.1,.382,1.5,3.4,.432,2.5,3.2,.771,2.9,1.0,1.0,0.3,1.1,1.9,9.2
1,2,11,170,6.8,16.7,.408,3.1,8.0,.382,3.8,8.7,.432,6.4,8.2,.771,7.5,2.6,2.6,0.7,2.8,4.9,23.8
1,3,11,170,10.3,25.3,.408,4.6,12.1,.382,5.7,13.2,.432,9.6,12.5,.771,11.4,3.9,3.9,1.1,4.3,7.5,36.0,,116.3,100.3
1,4,11,170,28.0,.576,.521,.521,.493,93,7.0,13.9,10.4,14.8,3.9,1.8,12.0,30.0,,0.7,0.2,0.9,.209,,5.6,-2.7,2.9
2,0,31,525,57,172,.331,43,117,.368,14,55,.255,34,47,.723,18,47,65,19,15,10,26,34,162
2,1,31,16.9,1.8,5.5,.331,1.4,3.8,.368,0.5,1.8,.255,1.1,1.5,.723,2.1,0.6,0.5,0.3,0.8,1.1,5.2
2,2,31,525,4.3,13.1,.331,3.3,8.9,.368,1.1,4.2,.255,2.6,3.6,.723,5.0,1.4,1.1,0.8,2.0,2.6,12.3
2,3,31,525,6.6,19.9,.331,5.0,13.5,.368,1.6,6.4,.255,3.9,5.4,.723,7.5,2.2,1.7,1.2,3.0,3.9,18.7,,88.5,107.3
2,4,31,525,10.1,.417,.372,.320,.273,154,3.7,10.1,6.8,7.3,1.7,1.9,11.8,21.5,,0.0,0.3,0.3,.025,,-4.9,-3.7,-8.6
3,0,14,118,13,33,.394,7,13,.538,6,20,.300,10,11,.909,1,6,7,4,3,0,8,11,42
3,1,14,8.4,0.9,2.4,.394,0.5,0.9,.538,0.4,1.4,.300,0.7,0.8,.909,0.5,0.3,0.2,0.0,0.6,0.8,3.0
3,2,14,118,4.4,11.2,.394,2.4,4.4,.538,2.0,6.8,.300,3.4,3.7,.909,2.4,1.4,1.0,0.0,2.7,3.7,14.2
3,3,14,118,6.7,17.0,.394,3.6,6.7,.538,3.1,10.3,.300,5.1,5.7,.909,3.6,2.1,1.5,0.0,4.1,5.7,21.6,,100.8,110.7
3,4,14,118,10.9,.549,.485,.606,.333,37,0.9,5.7,3.3,6.8,1.5,0.0,17.3,20.1,,0.1,0.0,0.2,.058,,-2.2,-6.0,-8.2
4,0,31,985,148,315,.470,128,266,.481,20,49,.408,74,107,.692,86,147,233,27,34,14,57,94,390
4,1,31,31.8,4.8,10.2,.470,4.1,8.6,.481,0.6,1.6,.408,2.4,3.5,.692,7.5,0.9,1.1,0.5,1.8,3.0,12.6
4,2,31,985,6.0,12.8,.470,5.2,10.8,.481,0.8,2.0,.408,3.0,4.3,.692,9.5,1.1,1.4,0.6,2.3,3.8,15.8
4,3,31,985,9.1,19.4,.470,7.9,16.4,.481,1.2,3.0,.408,4.6,6.6,.692,14.3,1.7,2.1,0.9,3.5,5.8,24.0,,106.6,103.1
4,4,31,985,19.1,.533,.502,.156,.340,370,9.4,16.8,13.0,6.0,2.1,1.4,13.5,22.0,,1.9,1.0,2.9,.118,,-0.5,-2.6,-3.0
5,0,31,1086,125,278,.450,115,243,.473,10,35,.286,42,87,.483,61,132,193,139,69,36,65,72,302
5,1,31,35.0,4.0,9.0,.450,3.7,7.8,.473,0.3,1.1,.286,1.4,2.8,.483,6.2,4.5,2.2,1.2,2.1,2.3,9.7
5,2,31,1086,4.6,10.2,.450,4.2,9.0,.473,0.4,1.3,.286,1.5,3.2,.483,7.1,5.1,2.5,1.3,2.4,2.7,11.1
5,3,31,1086,7.0,15.5,.450,6.4,13.6,.473,0.6,2.0,.286,2.3,4.9,.483,10.8,7.8,3.9,2.0,3.6,4.0,16.9,,101.4,100.2
5,4,31,1086,18.9,.473,.468,.126,.313,350,6.1,13.6,9.8,26.0,3.9,3.3,16.9,18.1,,1.3,1.4,2.8,.102,,-0.1,1.9,1.8
6,0,5,9,0,1,.000,0,1,.000,0,0,,0,0,,0,1,1,2,1,0,0,1,0
6,1,5,1.8,0.0,0.2,.000,0.0,0.2,.000,0.0,0.0,,0.0,0.0,,0.2,0.4,0.2,0.0,0.0,0.2,0.0
6,2,5,9,0.0,4.4,.000,0.0,4.4,.000,0.0,0.0,,0.0,0.0,,4.4,8.9,4.4,0.0,0.0,4.4,0.0
6,3,5,9,0.0,6.7,.000,0.0,6.7,.000,0.0,0.0,,0.0,0.0,,6.7,13.5,6.7,0.0,0.0,6.7,0.0,,86.2,95.7
6,4,5,9,11.6,.000,.000,.000,.000,1,0.0,12.5,6.1,36.6,6.7,0.0,0.0,5.7,,0.0,0.0,0.0,.067,,-6.2,0.1,-6.1
7,0,20,89,8,34,.235,3,11,.273,5,23,.217,3,4,.750,3,3,6,4,4,0,6,11,24
7,1,20,4.5,0.4,1.7,.235,0.2,0.6,.273,0.3,1.2,.217,0.2,0.2,.750,0.3,0.2,0.2,0.0,0.3,0.6,1.2
7,2,20,89,3.6,15.3,.235,1.3,4.9,.273,2.2,10.3,.217,1.3,1.8,.750,2.7,1.8,1.8,0.0,2.7,4.9,10.8
7,3,20,89,5.5,23.2,.235,2.0,7.5,.273,3.4,15.7,.217,2.0,2.7,.750,4.1,2.7,2.7,0.0,4.1,7.5,16.4,,72.3,108.9
7,4,20,89,2.5,.334,.309,.676,.118,24,3.6,3.8,3.7,8.7,2.7,0.0,14.3,24.1,,-0.2,0.0,-0.1,-.052,,-5.9,-5.9,-11.8
8,0,28,153,12,28,.429,12,28,.429,0,0,,11,17,.647,20,16,36,2,3,4,7,17,35
8,1,28,5.5,0.4,1.0,.429,0.4,1.0,.429,0.0,0.0,,0.4,0.6,.647,1.3,0.1,0.1,0.1,0.3,0.6,1.3
8,2,28,153,3.1,7.3,.429,3.1,7.3,.429,0.0,0.0,,2.9,4.4,.647,9.4,0.5,0.8,1.0,1.8,4.4,9.2
8,3,28,153,4.8,11.1,.429,4.8,11.1,.429,0.0,0.0,,4.4,6.7,.647,14.3,0.8,1.2,1.6,2.8,6.7,13.9,,104.2,107.1
8,4,28,153,13.0,.485,.429,.000,.607,40,14.1,11.7,13.0,2.5,1.2,2.6,16.3,14.4,,0.2,0.1,0.3,.073,,-4.0,-3.3,-7.3
9,0,27,358,36,67,.537,36,66,.545,0,1,.000,3,18,.167,40,40,80,3,8,38,12,44,75
9,1,27,13.3,1.3,2.5,.537,1.3,2.4,.545,0.0,0.0,.000,0.1,0.7,.167,3.0,0.1,0.3,1.4,0.4,1.6,2.8
9,2,27,358,4.0,7.5,.537,4.0,7.4,.545,0.0,0.1,.000,0.3,2.0,.167,8.9,0.3,0.9,4.2,1.3,4.9,8.4
9,3,27,358,6.1,11.3,.537,6.1,11.2,.545,0.0,0.2,.000,0.5,3.0,.167,13.6,0.5,1.4,6.4,2.0,7.5,12.7,,103.0,102.6
9,4,27,358,15.8,.496,.537,.015,.269,79,12.1,12.5,12.3,1.7,1.4,10.7,13.7,12.5,,0.3,0.4,0.7,.081,,-4.0,2.0,-2.0
10,0,24,638,94,181,.519,94,180,.522,0,1,.000,20,42,.476,52,103,155,16,6,32,59,60,208
10,1,24,26.6,3.9,7.5,.519,3.9,7.5,.522,0.0,0.0,.000,0.8,1.8,.476,6.5,0.7,0.3,1.3,2.5,2.5,8.7
10,2,24,638,5.9,11.3,.519,5.9,11.3,.522,0.0,0.1,.000,1.3,2.6,.476,9.7,1.0,0.4,2.0,3.7,3.8,13.0
10,3,24,638,8.9,17.2,.519,8.9,17.1,.522,0.0,0.1,.000,1.9,4.0,.476,14.7,1.5,0.6,3.0,5.6,5.7,19.8,,89.5,104.1
10,4,24,638,14.1,.518,.519,.006,.232,197,8.8,18.1,13.4,5.5,0.6,5.0,22.7,20.9,,0.1,0.6,0.7,.042,,-5.4,-1.3,-6.7
11,0,31,838,92,235,.391,42,105,.400,50,130,.385,31,47,.660,11,51,62,48,39,2,43,64,265
11,1,31,27.0,3.0,7.6,.391,1.4,3.4,.400,1.6,4.2,.385,1.0,1.5,.660,2.0,1.5,1.3,0.1,1.4,2.1,8.5
11,2,31,838,4.4,11.2,.391,2.0,5.0,.400,2.4,6.2,.385,1.5,2.2,.660,3.0,2.3,1.9,0.1,2.1,3.1,12.6
11,3,31,838,6.7,17.0,.391,3.0,7.6,.400,3.6,9.4,.385,2.2,3.4,.660,4.5,3.5,2.8,0.1,3.1,4.6,19.2,,100.9,107.3
11,4,31,838,12.5,.515,.498,.553,.200,242,1.4,6.8,4.1,11.5,2.8,0.2,14.3,18.4,,0.9,0.5,1.4,.068,,-0.4,-3.2,-3.7
12,0,25,120,14,51,.275,8,24,.333,6,27,.222,3,6,.500,6,8,14,3,8,1,6,12,37
12,1,25,4.8,0.6,2.0,.275,0.3,1.0,.333,0.2,1.1,.222,0.1,0.2,.500,0.6,0.1,0.3,0.0,0.2,0.5,1.5
12,2,25,120,4.7,17.0,.275,2.7,8.0,.333,2.0,9.0,.222,1.0,2.0,.500,4.7,1.0,2.7,0.3,2.0,4.0,12.3
12,3,25,120,7.1,25.8,.275,4.0,12.1,.333,3.0,13.6,.222,1.5,3.0,.500,7.1,1.5,4.0,0.5,3.0,6.1,18.7,,76.3,103.9
12,4,25,120,7.3,.344,.333,.529,.118,35,5.4,7.5,6.4,5.1,4.0,0.8,10.0,25.6,,-0.2,0.1,-0.1,-.018,,-5.5,-4.5,-10.0
13,0,28,181,13,46,.283,11,39,.282,2,7,.286,3,7,.429,9,13,22,6,2,7,9,37,31
13,1,28,6.5,0.5,1.6,.283,0.4,1.4,.282,0.1,0.3,.286,0.1,0.3,.429,0.8,0.2,0.1,0.3,0.3,1.3,1.1
13,2,28,181,2.9,10.2,.283,2.4,8.6,.282,0.4,1.5,.286,0.7,1.5,.429,4.9,1.3,0.4,1.5,2.0,8.2,6.9
13,3,28,181,4.4,15.4,.283,3.7,13.1,.282,0.7,2.3,.286,1.0,2.3,.429,7.4,2.0,0.7,2.3,3.0,12.4,10.4,,70.4,109.0
13,4,28,181,1.4,.314,.304,.152,.152,33,5.4,8.1,6.7,6.2,0.7,3.9,15.4,16.5,,-0.3,0.1,-0.2,-.038,,-8.6,-2.7,-11.3
