0,0,6,128,10,37,.270,10,33,.303,0,4,.000,1,6,.167,7,22,29,5,4,4,8,15,21
0,1,6,21.3,1.7,6.2,.270,1.7,5.5,.303,0.0,0.7,.000,0.2,1.0,.167,4.8,0.8,0.7,0.7,1.3,2.5,3.5
0,2,6,128,3.1,11.6,.270,3.1,10.3,.303,0.0,1.3,.000,0.3,1.9,.167,9.1,1.6,1.3,1.3,2.5,4.7,6.6
0,3,6,128,4.7,17.4,.270,4.7,15.5,.303,0.0,1.9,.000,0.5,2.8,.167,13.6,2.4,1.9,1.9,3.8,7.1,9.9,,61.4,96.9
0,4,6,128,3.6,.263,.270,.108,.162,24,6.0,20.3,12.8,7.4,1.9,3.4,16.7,19.0,,-0.3,0.2,-0.1,-.031,,-9.4,-0.1,-9.6
1,0,33,1151,140,331,.423,113,248,.456,27,83,.325,72,90,.800,31,115,146,91,42,5,79,71,379
1,1,33,34.9,4.2,10.0,.423,3.4,7.5,.456,0.8,2.5,.325,2.2,2.7,.800,4.4,2.8,1.3,0.2,2.4,2.2,11.5
1,2,33,1151,4.9,11.5,.423,3.9,8.6,.456,0.9,2.9,.325,2.5,3.1,.800,5.1,3.2,1.5,0.2,2.7,2.5,13.2
1,3,33,1151,7.3,17.3,.423,5.9,13.0,.456,1.4,4.3,.325,3.8,4.7,.800,7.6,4.8,2.2,0.3,4.1,3.7,19.8,,100.6,101.6
1,4,33,1151,14.4,.507,.464,.251,.272,379,2.9,11.8,7.2,16.3,2.2,0.5,17.4,20.0,,1.3,1.4,2.7,.095,,-0.5,-1.3,-1.9
2,0,31,520,40,122,.328,27,83,.325,13,39,.333,41,57,.719,24,38,62,16,5,1,24,33,134
2,1,31,16.8,1.3,3.9,.328,0.9,2.7,.325,0.4,1.3,.333,1.3,1.8,.719,2.0,0.5,0.2,0.0,0.8,1.1,4.3
2,2,31,520,3.1,9.4,.328,2.1,6.4,.325,1.0,3.0,.333,3.2,4.4,.719,4.8,1.2,0.4,0.1,1.8,2.5,10.3
2,3,31,520,4.6,14.1,.328,3.1,9.6,.325,1.5,4.5,.333,4.7,6.6,.719,7.2,1.9,0.6,0.1,2.8,3.8,15.5,,96.1,106.6
2,4,31,520,8.4,.449,.381,.320,.467,134,5.0,8.6,6.7,5.8,0.6,0.2,13.9,16.9,,0.3,0.4,0.7,.053,,-3.3,-4.1,-7.4
3,0,31,657,80,171,.468,77,160,.481,3,11,.273,35,59,.593,63,105,168,18,30,9,33,82,198
3,1,31,21.2,2.6,5.5,.468,2.5,5.2,.481,0.1,0.4,.273,1.1,1.9,.593,5.4,0.6,1.0,0.3,1.1,2.6,6.4
3,2,31,657,4.9,10.4,.468,4.7,9.7,.481,0.2,0.7,.273,2.1,3.6,.593,10.2,1.1,1.8,0.5,2.0,5.0,12.1
3,3,31,657,7.3,15.7,.468,7.1,14.7,.481,0.3,1.0,.273,3.2,5.4,.593,15.4,1.6,2.7,0.8,3.0,7.5,18.1,,103.6,96.6
3,4,31,657,16.4,.497,.477,.064,.345,202,10.4,18.8,14.5,5.6,2.7,1.5,14.2,18.0,,0.8,1.1,2.0,.120,,-1.8,-0.7,-2.5
4,0,32,411,43,91,.473,38,80,.475,5,11,.455,16,36,.444,26,29,55,32,25,6,22,49,107
4,1,32,12.8,1.3,2.8,.473,1.2,2.5,.475,0.2,0.3,.455,0.5,1.1,.444,1.7,1.0,0.8,0.2,0.7,1.5,3.3
4,2,32,411,4.2,8.9,.473,3.7,7.8,.475,0.5,1.1,.455,1.6,3.5,.444,5.4,3.1,2.4,0.6,2.1,4.8,10.4
4,3,32,411,6.3,13.3,.473,5.6,11.7,.475,0.7,1.6,.455,2.3,5.3,.444,8.1,4.7,3.7,0.9,3.2,7.2,15.7,,102.5,98.9
4,4,32,411,14.7,.495,.500,.121,.396,117,6.9,8.3,7.6,15.5,3.7,1.6,16.9,16.1,,0.5,0.6,1.1,.104,,-0.8,0.1,-0.7
5,0,17,227,30,53,.566,30,53,.566,0,0,,14,32,.438,21,34,55,2,3,7,12,26,74
5,1,17,13.4,1.8,3.1,.566,1.8,3.1,.566,0.0,0.0,,0.8,1.9,.438,3.2,0.1,0.2,0.4,0.7,1.5,4.4
5,2,17,227,5.3,9.3,.566,5.3,9.3,.566,0.0,0.0,,2.5,5.6,.438,9.7,0.4,0.5,1.2,2.1,4.6,13.0
5,3,17,227,8.0,14.1,.566,8.0,14.1,.566,0.0,0.0,,3.7,8.5,.438,14.6,0.5,0.8,1.9,3.2,6.9,19.6,,104.8,100.4
5,4,17,227,16.0,.543,.566,.000,.604,70,10.1,17.7,13.7,1.9,0.8,3.4,15.0,18.0,,0.3,0.3,0.6,.109,,-3.4,-2.9,-6.3
6,0,33,1060,127,337,.377,53,129,.411,74,208,.356,28,46,.609,17,63,80,52,43,2,59,51,356
6,1,33,32.1,3.8,10.2,.377,1.6,3.9,.411,2.2,6.3,.356,0.8,1.4,.609,2.4,1.6,1.3,0.1,1.8,1.5,10.8
6,2,33,1060,4.8,12.7,.377,2.0,4.9,.411,2.8,7.8,.356,1.1,1.7,.609,3.0,2.0,1.6,0.1,2.2,1.9,13.4
6,3,33,1060,7.2,19.1,.377,3.0,7.3,.411,4.2,11.8,.356,1.6,2.6,.609,4.5,3.0,2.4,0.1,3.4,2.9,20.2,,98.9,103.2
6,4,33,1060,12.3,.496,.487,.617,.136,324,1.7,7.0,4.3,10.1,2.4,0.2,14.1,20.0,,1.0,1.1,2.1,.079,,0.4,-2.8,-2.4
7,0,12,65,6,14,.429,5,10,.500,1,4,.250,4,6,.667,4,7,11,1,2,0,2,7,17
7,1,12,5.4,0.5,1.2,.429,0.4,0.8,.500,0.1,0.3,.250,0.3,0.5,.667,0.9,0.1,0.2,0.0,0.2,0.6,1.4
7,2,12,65,3.7,8.6,.429,3.1,6.2,.500,0.6,2.5,.250,2.5,3.7,.667,6.8,0.6,1.2,0.0,1.2,4.3,10.5
7,3,12,65,5.6,13.0,.429,4.6,9.3,.500,0.9,3.7,.250,3.7,5.6,.667,10.2,0.9,1.9,0.0,1.9,6.5,15.7,,108.4,101.9
7,4,12,65,12.1,.504,.464,.286,.429,17,6.7,12.7,9.6,3.0,1.9,0.0,10.6,14.7,,0.1,0.1,0.2,.102,,-2.3,-3.6,-5.8
8,0,32,552,37,83,.446,37,83,.446,0,0,,15,30,.500,39,60,99,13,12,33,27,85,89
8,1,32,17.3,1.2,2.6,.446,1.2,2.6,.446,0.0,0.0,,0.5,0.9,.500,3.1,0.4,0.4,1.0,0.8,2.7,2.8
8,2,32,552,2.7,6.0,.446,2.7,6.0,.446,0.0,0.0,,1.1,2.2,.500,7.2,0.9,0.9,2.4,2.0,6.2,6.4
8,3,32,552,4.0,9.1,.446,4.0,9.1,.446,0.0,0.0,,1.6,3.3,.500,10.8,1.4,1.3,3.6,2.9,9.3,9.7,,90.8,99.5
8,4,32,552,9.0,.458,.446,.000,.361,99,7.7,12.8,10.2,4.4,1.3,6.5,21.7,11.4,,0.1,0.8,0.9,.062,,-4.5,2.0,-2.5
9,0,33,1204,190,473,.402,140,294,.476,50,179,.279,160,208,.769,63,147,210,109,43,22,80,78,590
9,1,33,36.5,5.8,14.3,.402,4.2,8.9,.476,1.5,5.4,.279,4.8,6.3,.769,6.4,3.3,1.3,0.7,2.4,2.4,17.9
9,2,33,1204,6.3,15.7,.402,4.7,9.8,.476,1.7,5.9,.279,5.3,6.9,.769,7.0,3.6,1.4,0.7,2.7,2.6,19.6
9,3,33,1204,9.5,23.6,.402,7.0,14.7,.476,2.5,8.9,.279,8.0,10.4,.769,10.5,5.4,2.1,1.1,4.0,3.9,29.5,,110.2,99.8
9,4,33,1204,22.7,.516,.455,.378,.440,588,5.7,14.4,9.9,20.2,2.1,2.0,12.3,27.5,,3.3,1.7,5.0,.168,,4.0,-1.1,2.8
10,0,29,650,101,192,.526,101,192,.526,0,0,,40,61,.656,70,116,186,10,13,31,51,87,242
10,1,29,22.4,3.5,6.6,.526,3.5,6.6,.526,0.0,0.0,,1.4,2.1,.656,6.4,0.3,0.4,1.1,1.8,3.0,8.3
10,2,29,650,6.2,11.8,.526,6.2,11.8,.526,0.0,0.0,,2.5,3.8,.656,11.4,0.6,0.8,1.9,3.1,5.4,14.9
10,3,29,650,9.4,17.8,.526,9.4,17.8,.526,0.0,0.0,,3.7,5.6,.656,17.2,0.9,1.2,2.9,4.7,8.1,22.4,,102.2,97.1
10,4,29,650,18.7,.548,.526,.000,.318,234,11.7,21.0,16.2,3.4,1.2,5.2,18.8,21.3,,0.9,1.1,2.0,.122,,-3.0,-0.9,-3.9
