0,0,28,330,19,61,.311,16,42,.381,3,19,.158,42,66,.636,7,18,25,29,5,0,25,21,83
0,1,28,11.8,0.7,2.2,.311,0.6,1.5,.381,0.1,0.7,.158,1.5,2.4,.636,0.9,1.0,0.2,0.0,0.9,0.8,3.0
0,2,28,330,2.3,7.4,.311,1.9,5.1,.381,0.4,2.3,.158,5.1,8.0,.636,3.0,3.5,0.6,0.0,3.0,2.5,10.1
0,3,28,330,3.3,10.7,.311,2.8,7.4,.381,0.5,3.3,.158,7.4,11.6,.636,4.4,5.1,0.9,0.0,4.4,3.7,14.6,,89.8,117.4
0,4,28,330,6.6,.449,.336,.311,1.082,90,2.2,6.0,4.0,16.7,0.9,0.0,21.3,17.4,,-0.1,0.0,0.0,-.004,,-5.9,-5.0,-10.9
1,0,31,979,159,435,.366,81,221,.367,78,214,.364,156,204,.765,37,116,153,73,48,5,91,78,552
1,1,31,31.6,5.1,14.0,.366,2.6,7.1,.367,2.5,6.9,.364,5.0,6.6,.765,4.9,2.4,1.5,0.2,2.9,2.5,17.8
1,2,31,979,6.5,17.8,.366,3.3,9.0,.367,3.2,8.7,.364,6.4,8.3,.765,6.3,3.0,2.0,0.2,3.7,3.2,22.6
1,3,31,979,9.4,25.8,.366,4.8,13.1,.367,4.6,12.7,.364,9.2,12.1,.765,9.1,4.3,2.8,0.3,5.4,4.6,32.7,,103.7,109.2
1,4,31,979,19.1,.519,.455,.492,.469,513,3.9,13.0,8.3,17.7,2.8,0.5,14.6,31.1,,1.6,0.8,2.4,.099,,2.1,-3.0,-0.9
2,0,28,641,57,165,.345,34,83,.410,23,82,.280,29,41,.707,26,51,77,18,24,6,37,45,166
2,1,28,22.9,2.0,5.9,.345,1.2,3.0,.410,0.8,2.9,.280,1.0,1.5,.707,2.8,0.6,0.9,0.2,1.3,1.6,5.9
2,2,28,641,3.6,10.3,.345,2.1,5.2,.410,1.4,5.1,.280,1.8,2.6,.707,4.8,1.1,1.5,0.4,2.3,2.8,10.4
2,3,28,641,5.2,14.9,.345,3.1,7.5,.410,2.1,7.4,.280,2.6,3.7,.707,7.0,1.6,2.2,0.5,3.3,4.1,15.0,,89.0,112.7
2,4,28,641,8.0,.450,.415,.497,.248,157,4.1,8.7,6.3,5.7,2.2,1.0,16.7,16.9,,-0.1,0.3,0.2,.012,,-4.4,-2.3,-6.6
3,0,28,412,57,177,.322,21,68,.309,36,109,.330,20,26,.769,7,21,28,17,9,0,17,31,170
3,1,28,14.7,2.0,6.3,.322,0.8,2.4,.309,1.3,3.9,.330,0.7,0.9,.769,1.0,0.6,0.3,0.0,0.6,1.1,6.1
3,2,28,412,5.5,17.2,.322,2.0,6.6,.309,3.5,10.6,.330,1.9,2.5,.769,2.7,1.7,0.9,0.0,1.7,3.0,16.5
3,3,28,412,8.0,24.9,.322,3.0,9.6,.309,5.1,15.3,.330,2.8,3.7,.769,3.9,2.4,1.3,0.0,2.4,4.4,23.9,,96.8,116.7
3,4,28,412,9.6,.449,.424,.616,.147,149,1.7,5.6,3.6,9.3,1.3,0.0,8.2,24.5,,0.2,0.1,0.3,.026,,-2.4,-6.5,-8.9
4,0,23,770,87,217,.401,73,160,.456,14,57,.246,41,58,.707,75,110,185,27,25,10,39,81,229
4,1,23,33.5,3.8,9.4,.401,3.2,7.0,.456,0.6,2.5,.246,1.8,2.5,.707,8.0,1.2,1.1,0.4,1.7,3.5,10.0
4,2,23,770,4.5,11.3,.401,3.8,8.3,.456,0.7,3.0,.246,2.1,3.0,.707,9.6,1.4,1.3,0.5,2.0,4.2,11.9
4,3,23,770,6.6,16.3,.401,5.5,12.1,.456,1.1,4.3,.246,3.1,4.4,.707,13.9,2.0,1.9,0.8,2.9,6.1,17.3,,100.2,109.5
4,4,23,770,13.2,.468,.433,.263,.267,236,9.9,15.6,12.7,7.5,1.9,1.4,13.8,18.0,,0.5,0.6,1.2,.060,,-2.5,-1.2,-3.7
5,0,31,1099,126,273,.462,113,236,.479,13,37,.351,75,118,.636,64,145,209,134,62,28,80,92,340
5,1,31,35.5,4.1,8.8,.462,3.6,7.6,.479,0.4,1.2,.351,2.4,3.8,.636,6.7,4.3,2.0,0.9,2.6,3.0,11.0
5,2,31,1099,4.6,9.9,.462,4.1,8.6,.479,0.5,1.3,.351,2.7,4.3,.636,7.6,4.9,2.3,1.0,2.9,3.3,12.4
5,3,31,1099,6.7,14.4,.462,6.0,12.5,.479,0.7,2.0,.351,4.0,6.2,.636,11.0,7.1,3.3,1.5,4.2,4.9,17.9,,104.6,106.5
5,4,31,1099,17.4,.517,.485,.136,.432,380,5.9,14.4,10.0,26.0,3.3,2.7,19.6,18.2,,1.2,1.2,2.5,.090,,-0.6,1.5,0.9
6,0,28,276,33,105,.314,8,25,.320,25,80,.313,9,10,.900,12,18,30,14,12,0,9,26,100
6,1,28,9.9,1.2,3.8,.314,0.3,0.9,.320,0.9,2.9,.313,0.3,0.4,.900,1.1,0.5,0.4,0.0,0.3,0.9,3.6
6,2,28,276,4.8,15.2,.314,1.2,3.6,.320,3.6,11.6,.313,1.3,1.4,.900,4.3,2.0,1.7,0.0,1.3,3.8,14.5
6,3,28,276,6.9,22.1,.314,1.7,5.3,.320,5.3,16.8,.313,1.9,2.1,.900,6.3,2.9,2.5,0.0,1.9,5.5,21.0,,102.7,113.0
6,4,28,276,11.8,.456,.433,.762,.095,93,4.4,7.1,5.7,10.9,2.5,0.0,7.6,21.0,,0.3,0.1,0.4,.059,,-0.4,-4.7,-5.1
7,0,18,115,10,13,.769,10,12,.833,0,1,.000,8,11,.727,13,16,29,5,0,2,3,14,28
7,1,18,6.4,0.6,0.7,.769,0.6,0.7,.833,0.0,0.1,.000,0.4,0.6,.727,1.6,0.3,0.0,0.1,0.2,0.8,1.6
7,2,18,115,3.5,4.5,.769,3.5,4.2,.833,0.0,0.3,.000,2.8,3.8,.727,10.1,1.7,0.0,0.7,1.0,4.9,9.7
7,3,18,115,5.0,6.6,.769,5.0,6.1,.833,0.0,0.5,.000,4.0,5.5,.727,14.6,2.5,0.0,1.0,1.5,7.1,14.1,,150.9,113.7
7,4,18,115,16.8,.768,.769,.077,.846,30,11.5,15.2,13.3,8.8,0.0,1.8,14.1,9.0,,0.3,0.1,0.4,.130,,-0.3,-2.6,-2.9
8,0,31,298,28,50,.560,28,50,.560,0,0,,6,12,.500,28,31,59,5,2,25,9,45,62
8,1,31,9.6,0.9,1.6,.560,0.9,1.6,.560,0.0,0.0,,0.2,0.4,.500,1.9,0.2,0.1,0.8,0.3,1.5,2.0
8,2,31,298,3.8,6.7,.560,3.8,6.7,.560,0.0,0.0,,0.8,1.6,.500,7.9,0.7,0.3,3.4,1.2,6.0,8.3
8,3,31,298,5.5,9.7,.560,5.5,9.7,.560,0.0,0.0,,1.2,2.3,.500,11.5,1.0,0.4,4.9,1.8,8.8,12.1,,113.6,111.4
8,4,31,298,12.9,.557,.560,.000,.240,64,9.6,11.4,10.5,3.4,0.4,8.7,13.9,10.6,,0.3,0.2,0.5,.071,,-4.5,1.2,-3.2
9,0,1,0,0,0,,0,0,,0,0,,0,0,,0,0,0,0,0,0,1,0,0
9,1,1,0.0,0.0,0.0,,0.0,0.0,,0.0,0.0,,0.0,0.0,,0.0,0.0,0.0,0.0,1.0,0.0,0.0
9,2,1,0,,,,,,,,,,,,,,,,,,,
9,3,1,0,,,,,,,,,,,,,,,,,,,,,,
9,4,1,0,,,,,,,,,,,,,100.0,,,0.0,0.0,0.0,,,-8.0,-2.1,-10.0
10,0,31,859,119,243,.490,119,241,.494,0,2,.000,48,79,.608,71,130,201,20,12,30,58,72,286
10,1,31,27.7,3.8,7.8,.490,3.8,7.8,.494,0.0,0.1,.000,1.5,2.5,.608,6.5,0.6,0.4,1.0,1.9,2.3,9.2
10,2,31,859,5.5,11.3,.490,5.5,11.2,.494,0.0,0.1,.000,2.2,3.7,.608,9.4,0.9,0.6,1.4,2.7,3.4,13.3
10,3,31,859,8.0,16.4,.490,8.0,16.3,.494,0.0,0.1,.000,3.2,5.3,.608,13.6,1.4,0.8,2.0,3.9,4.9,19.3,,97.6,110.6
10,4,31,859,13.8,.510,.490,.008,.325,273,8.4,16.6,12.4,5.2,0.8,3.6,17.1,19.2,,0.4,0.6,1.0,.049,,-4.9,-1.4,-6.3
11,0,9,31,2,8,.250,0,2,.000,2,6,.333,0,0,,5,5,10,1,0,0,1,2,6
11,1,9,3.4,0.2,0.9,.250,0.0,0.2,.000,0.2,0.7,.333,0.0,0.0,,1.1,0.1,0.0,0.0,0.1,0.2,0.7
11,2,9,31,2.6,10.3,.250,0.0,2.6,.000,2.6,7.7,.333,0.0,0.0,,12.9,1.3,0.0,0.0,1.3,2.6,7.7
11,3,9,31,3.7,15.0,.250,0.0,3.7,.000,3.7,11.2,.333,0.0,0.0,,18.7,1.9,0.0,0.0,1.9,3.7,11.2,,99.4,113.6
11,4,9,31,9.9,.375,.375,.750,.000,8,16.5,17.7,17.0,6.2,0.0,0.0,11.1,14.2,,0.0,0.0,0.0,.038,,-3.1,-5.2,-8.3
12,0,21,113,9,29,.310,5,7,.714,4,22,.182,2,3,.667,6,9,15,1,3,7,4,17,24
12,1,21,5.4,0.4,1.4,.310,0.2,0.3,.714,0.2,1.0,.182,0.1,0.1,.667,0.7,0.0,0.1,0.3,0.2,0.8,1.1
12,2,21,113,3.2,10.3,.310,1.8,2.5,.714,1.4,7.8,.182,0.7,1.1,.667,5.3,0.4,1.1,2.5,1.4,6.0,8.5
12,3,21,113,4.6,14.9,.310,2.6,3.6,.714,2.1,11.3,.182,1.0,1.5,.667,7.7,0.5,1.5,3.6,2.1,8.7,12.3,,85.7,111.2
12,4,21,113,6.8,.394,.379,.759,.103,23,5.4,8.7,7.0,1.8,1.5,6.5,11.6,14.9,,0.0,0.1,0.0,.010,,-5.6,-1.1,-6.7
13,0,9,31,0,8,.000,0,4,.000,0,4,.000,0,0,,1,3,4,1,0,1,0,4,0
13,1,9,3.4,0.0,0.9,.000,0.0,0.4,.000,0.0,0.4,.000,0.0,0.0,,0.4,0.1,0.0,0.1,0.0,0.4,0.0
13,2,9,31,0.0,10.3,.000,0.0,5.2,.000,0.0,5.2,.000,0.0,0.0,,5.2,1.3,0.0,1.3,0.0,5.2,0.0
13,3,9,31,0.0,15.0,.000,0.0,7.5,.000,0.0,7.5,.000,0.0,0.0,,7.5,1.9,0.0,1.9,0.0,7.5,0.0,,16.7,115.3
13,4,9,31,-7.4,.000,.000,.500,.000,1,3.3,10.6,6.8,5.5,0.0,3.4,0.0,12.6,,-0.1,0.0,-0.1,-.137,,-13.0,-2.8,-15.9
14,0,30,279,23,69,.333,18,38,.474,5,31,.161,14,19,.737,12,19,31,24,8,2,19,25,65
14,1,30,9.3,0.8,2.3,.333,0.6,1.3,.474,0.2,1.0,.161,0.5,0.6,.737,1.0,0.8,0.3,0.1,0.6,0.8,2.2
14,2,30,279,3.3,9.9,.333,2.6,5.4,.474,0.7,4.4,.161,2.0,2.7,.737,4.4,3.4,1.1,0.3,2.7,3.6,9.3
14,3,30,279,4.8,14.3,.333,3.7,7.9,.474,1.0,6.4,.161,2.9,4.0,.737,6.4,5.0,1.7,0.4,4.0,5.2,13.5,,87.7,114.4
14,4,30,279,7.3,.417,.370,.449,.275,72,4.4,7.5,5.9,17.2,1.7,0.7,19.6,17.0,,-0.1,0.1,0.0,.001,,-5.0,-3.5,-8.5
15,0,5,19,0,4,.000,0,3,.000,0,1,.000,0,0,,0,0,0,0,1,1,0,1,0
15,1,5,3.8,0.0,0.8,.000,0.0,0.6,.000,0.0,0.2,.000,0.0,0.0,,0.0,0.0,0.2,0.2,0.0,0.2,0.0
15,2,5,19,0.0,8.4,.000,0.0,6.3,.000,0.0,2.1,.000,0.0,0.0,,0.0,0.0,2.1,2.1,0.0,2.1,0.0
15,3,5,19,0.0,12.2,.000,0.0,9.2,.000,0.0,3.1,.000,0.0,0.0,,0.0,0.0,3.1,3.1,0.0,3.1,0.0,,0.0,113.0
15,4,5,19,-4.4,.000,.000,.250,.000,0,0.0,0.0,0.0,0.0,3.1,5.5,0.0,10.3,,-0.1,0.0,-0.1,-.117,,-12.9,0.9,-11.9
