0,0,32,694,74,177,.418,11,28,.393,63,149,.423,21,27,.778,9,24,33,22,16,0,17,36,232
0,1,32,21.7,2.3,5.5,.418,0.3,0.9,.393,2.0,4.7,.423,0.7,0.8,.778,1.0,0.7,0.5,0.0,0.5,1.1,7.3
0,2,32,694,4.3,10.2,.418,0.6,1.6,.393,3.6,8.6,.423,1.2,1.6,.778,1.9,1.3,0.9,0.0,1.0,2.1,13.4
0,3,32,694,6.6,15.7,.418,1.0,2.5,.393,5.6,13.2,.423,1.9,2.4,.778,2.9,1.9,1.4,0.0,1.5,3.2,20.6,,124.5,109.8
0,4,32,694,13.4,.611,.596,.842,.153,190,1.6,4.3,3.0,6.9,1.4,0.0,8.2,15.6,,1.6,0.4,2.0,.113,,2.7,-4.2,-1.5
1,0,32,268,31,67,.463,24,45,.533,7,22,.318,30,39,.769,8,17,25,11,22,0,11,36,99
1,1,32,8.4,1.0,2.1,.463,0.8,1.4,.533,0.2,0.7,.318,0.9,1.2,.769,0.8,0.3,0.7,0.0,0.3,1.1,3.1
1,2,32,268,4.6,10.0,.463,3.6,6.7,.533,1.0,3.3,.318,4.5,5.8,.769,3.7,1.6,3.3,0.0,1.6,5.4,14.8
1,3,32,268,7.1,15.4,.463,5.5,10.3,.533,1.6,5.0,.318,6.9,8.9,.769,5.7,2.5,5.0,0.0,2.5,8.3,22.7,,118.5,99.8
1,4,32,268,17.9,.579,.515,.328,.582,90,3.7,7.9,5.8,9.1,5.0,0.0,11.4,18.9,,0.6,0.4,1.1,.157,,0.9,-1.0,0.0
2,0,31,656,79,175,.451,78,161,.484,1,14,.071,63,95,.663,52,88,140,37,27,6,69,91,222
2,1,31,21.2,2.5,5.6,.451,2.5,5.2,.484,0.0,0.5,.071,2.0,3.1,.663,4.5,1.2,0.9,0.2,2.2,2.9,7.2
2,2,31,656,4.8,10.7,.451,4.8,9.8,.484,0.1,0.9,.071,3.8,5.8,.663,8.5,2.3,1.6,0.4,4.2,5.5,13.5
2,3,31,656,7.4,16.4,.451,7.3,15.1,.484,0.1,1.3,.071,5.9,8.9,.663,13.1,3.5,2.5,0.6,6.5,8.5,20.8,,92.9,101.3
2,4,31,656,12.9,.504,.454,.080,.543,229,9.9,16.8,13.3,12.7,2.5,1.2,23.9,23.1,,0.2,0.9,1.1,.068,,-3.7,-0.3,-4.0
3,0,30,527,43,98,.439,43,98,.439,0,0,,21,39,.538,34,59,93,27,21,4,33,61,107
3,1,30,17.6,1.4,3.3,.439,1.4,3.3,.439,0.0,0.0,,0.7,1.3,.538,3.1,0.9,0.7,0.1,1.1,2.0,3.6
3,2,30,527,3.3,7.4,.439,3.3,7.4,.439,0.0,0.0,,1.6,3.0,.538,7.1,2.0,1.6,0.3,2.5,4.6,8.1
3,3,30,527,5.0,11.4,.439,5.0,11.4,.439,0.0,0.0,,2.5,4.6,.538,10.9,3.2,2.5,0.5,3.9,7.1,12.5,,91.7,102.8
3,4,30,527,9.4,.459,.439,.000,.398,120,8.0,14.0,11.0,10.6,2.5,1.0,22.1,14.9,,0.1,0.6,0.7,.054,,-3.9,0.2,-3.8
4,0,1,0,0,0,,0,0,,0,0,,0,0,,0,0,0,0,0,0,0,0,0
4,1,1,0.0,0.0,0.0,,0.0,0.0,,0.0,0.0,,0.0,0.0,,0.0,0.0,0.0,0.0,0.0,0.0,0.0
4,2,1,0,,,,,,,,,,,,,,,,,,,
4,3,1,0,,,,,,,,,,,,,,,,,,,,,,
4,4,1,0,,,,,,,,,,,,,,,,0.0,0.0,0.0,,,-5.5,-1.5,-7.0
5,0,29,865,130,310,.419,72,168,.429,58,142,.408,89,111,.802,46,80,126,42,27,6,61,68,407
5,1,29,29.8,4.5,10.7,.419,2.5,5.8,.429,2.0,4.9,.408,3.1,3.8,.802,4.3,1.4,0.9,0.2,2.1,2.3,14.0
5,2,29,865,6.0,14.3,.419,3.3,7.8,.429,2.7,6.6,.408,4.1,5.1,.802,5.8,1.9,1.2,0.3,2.8,3.1,18.8
5,3,29,865,9.2,22.0,.419,5.1,11.9,.429,4.1,10.1,.408,6.3,7.9,.802,9.0,3.0,1.9,0.4,4.3,4.8,28.9,,110.8,105.2
5,4,29,865,18.6,.561,.513,.458,.358,370,6.6,11.6,9.1,11.7,1.9,0.9,14.4,25.7,,2.1,0.9,2.9,.136,,2.0,-2.7,-0.7
6,0,32,852,163,277,.588,162,271,.598,1,6,.167,180,278,.647,87,142,229,44,38,12,99,107,507
6,1,32,26.6,5.1,8.7,.588,5.1,8.5,.598,0.0,0.2,.167,5.6,8.7,.647,7.2,1.4,1.2,0.4,3.1,3.3,15.8
6,2,32,852,7.7,13.0,.588,7.6,12.7,.598,0.0,0.3,.167,8.5,13.1,.647,10.8,2.1,1.8,0.6,4.6,5.0,23.8
6,3,32,852,11.8,20.0,.588,11.7,19.6,.598,0.1,0.4,.167,13.0,20.1,.647,16.5,3.2,2.7,0.9,7.1,7.7,36.6,,111.8,99.0
6,4,32,852,27.4,.620,.590,.022,1.004,473,12.7,20.9,16.8,13.8,2.7,1.8,19.5,31.3,,2.8,1.4,4.1,.194,,2.4,-0.4,2.0
7,0,32,801,61,129,.473,60,125,.480,1,4,.250,47,94,.500,32,84,116,134,38,6,68,58,170
7,1,32,25.0,1.9,4.0,.473,1.9,3.9,.480,0.0,0.1,.250,1.5,2.9,.500,3.6,4.2,1.2,0.2,2.1,1.8,5.3
7,2,32,801,3.0,6.4,.473,3.0,6.2,.480,0.0,0.2,.250,2.3,4.7,.500,5.8,6.7,1.9,0.3,3.4,2.9,8.5
7,3,32,801,4.7,9.9,.473,4.6,9.6,.480,0.1,0.3,.250,3.6,7.2,.500,8.9,10.3,2.9,0.5,5.2,4.5,13.1,,99.6,102.4
7,4,32,801,13.8,.489,.477,.031,.729,234,5.0,13.1,9.0,34.2,2.9,1.0,28.1,15.8,,0.7,1.0,1.7,.085,,-2.0,-0.1,-2.1
8,0,21,119,5,20,.250,5,20,.250,0,0,,9,12,.750,11,13,24,2,0,2,8,18,19
8,1,21,5.7,0.2,1.0,.250,0.2,1.0,.250,0.0,0.0,,0.4,0.6,.750,1.1,0.1,0.0,0.1,0.4,0.9,0.9
8,2,21,119,1.7,6.7,.250,1.7,6.7,.250,0.0,0.0,,3.0,4.0,.750,8.1,0.7,0.0,0.7,2.7,6.1,6.4
8,3,21,119,2.6,10.3,.250,2.6,10.3,.250,0.0,0.0,,4.7,6.2,.750,12.4,1.0,0.0,1.0,4.1,9.3,9.8,,80.5,107.6
8,4,21,119,3.2,.370,.250,.000,.600,23,11.5,13.7,12.6,3.2,0.0,2.1,23.7,14.9,,-0.1,0.1,0.0,.003,,-7.8,-2.9,-10.7
9,0,27,340,10,46,.217,7,30,.233,3,16,.188,12,23,.522,3,19,22,44,10,0,37,23,35
9,1,27,12.6,0.4,1.7,.217,0.3,1.1,.233,0.1,0.6,.188,0.4,0.9,.522,0.8,1.6,0.4,0.0,1.4,0.9,1.3
9,2,27,340,1.2,5.4,.217,0.8,3.5,.233,0.4,1.9,.188,1.4,2.7,.522,2.6,5.2,1.2,0.0,4.4,2.7,4.1
9,3,27,340,1.8,8.3,.217,1.3,5.4,.233,0.5,2.9,.188,2.2,4.2,.522,4.0,8.0,1.8,0.0,6.7,4.2,6.3,,64.3,107.7
9,4,27,340,0.8,.307,.250,.348,.500,57,1.1,7.0,4.0,24.1,1.8,0.0,39.4,14.5,,-0.7,0.3,-0.4,-.049,,-8.6,-3.2,-11.7
10,0,17,80,6,12,.500,6,12,.500,0,0,,4,6,.667,7,10,17,2,1,1,1,7,16
10,1,17,4.7,0.4,0.7,.500,0.4,0.7,.500,0.0,0.0,,0.2,0.4,.667,1.0,0.1,0.1,0.1,0.1,0.4,0.9
10,2,17,80,3.0,6.0,.500,3.0,6.0,.500,0.0,0.0,,2.0,3.0,.667,8.5,1.0,0.5,0.5,0.5,3.5,8.0
10,3,17,80,4.6,9.2,.500,4.6,9.2,.500,0.0,0.0,,3.1,4.6,.667,13.1,1.5,0.8,0.8,0.8,5.4,12.3,,128.1,105.8
10,4,17,80,13.2,.539,.500,.000,.500,18,10.9,15.7,13.3,5.1,0.8,1.6,6.3,10.4,,0.2,0.1,0.2,.116,,-1.7,-1.9,-3.7
11,0,28,333,20,50,.400,17,43,.395,3,7,.429,3,9,.333,8,27,35,39,21,1,30,54,46
11,1,28,11.9,0.7,1.8,.400,0.6,1.5,.395,0.1,0.3,.429,0.1,0.3,.333,1.3,1.4,0.8,0.0,1.1,1.9,1.6
11,2,28,333,2.4,6.0,.400,2.0,5.2,.395,0.4,0.8,.429,0.4,1.1,.333,4.2,4.7,2.5,0.1,3.6,6.5,5.5
11,3,28,333,3.7,9.2,.400,3.1,7.9,.395,0.6,1.3,.429,0.6,1.7,.333,6.5,7.2,3.9,0.2,5.5,10.0,8.5,,79.5,101.1
11,4,28,333,6.0,.424,.430,.140,.180,63,3.0,10.2,6.6,23.2,3.9,0.4,35.6,13.3,,-0.2,0.5,0.2,.025,,-5.2,0.1,-5.2
12,0,32,891,105,241,.436,35,64,.547,70,177,.395,25,31,.806,15,81,96,31,20,8,27,72,305
12,1,32,27.8,3.3,7.5,.436,1.1,2.0,.547,2.2,5.5,.395,0.8,1.0,.806,3.0,1.0,0.6,0.3,0.8,2.3,9.5
12,2,32,891,4.7,10.8,.436,1.6,2.9,.547,3.1,7.9,.395,1.1,1.4,.806,4.3,1.4,0.9,0.4,1.2,3.2,13.7
12,3,32,891,7.2,16.6,.436,2.4,4.4,.547,4.8,12.2,.395,1.7,2.1,.806,6.6,2.1,1.4,0.6,1.9,5.0,21.0,,120.1,106.3
12,4,32,891,14.4,.596,.581,.734,.129,254,2.1,11.4,6.7,7.8,1.4,1.1,9.5,16.6,,1.9,0.8,2.7,.121,,2.2,-2.5,-0.3
