0,0,24,224,20,46,.435,20,46,.435,0,0,,8,15,.533,17,26,43,2,7,5,17,39,48
0,1,24,9.3,0.8,1.9,.435,0.8,1.9,.435,0.0,0.0,,0.3,0.6,.533,1.8,0.1,0.3,0.2,0.7,1.6,2.0
0,2,24,224,3.6,8.2,.435,3.6,8.2,.435,0.0,0.0,,1.4,2.7,.533,7.7,0.4,1.3,0.9,3.0,7.0,8.6
0,3,24,224,5.3,12.1,.435,5.3,12.1,.435,0.0,0.0,,2.1,3.9,.533,11.3,0.5,1.8,1.3,4.5,10.2,12.6,,80.1,102.4
0,4,24,224,6.8,.452,.435,.000,.326,46,7.9,13.6,10.6,2.0,1.8,2.5,24.2,15.3,,-0.1,0.3,0.1,.020,,-7.7,-1.0,-8.7
1,0,26,676,71,199,.357,25,64,.391,46,135,.341,18,26,.692,15,28,43,36,11,0,42,52,206
1,1,26,26.0,2.7,7.7,.357,1.0,2.5,.391,1.8,5.2,.341,0.7,1.0,.692,1.7,1.4,0.4,0.0,1.6,2.0,7.9
1,2,26,676,4.2,11.8,.357,1.5,3.8,.391,2.7,8.0,.341,1.1,1.5,.692,2.5,2.1,0.7,0.0,2.5,3.1,12.2
1,3,26,676,6.2,17.3,.357,2.2,5.6,.391,4.0,11.7,.341,1.6,2.3,.692,3.7,3.1,1.0,0.0,3.7,4.5,17.9,,95.7,109.8
1,4,26,676,8.2,.487,.472,.678,.131,190,2.3,4.9,3.5,12.5,1.0,0.0,16.6,18.3,,0.4,0.3,0.7,.041,,-1.6,-3.9,-5.6
2,0,7,11,0,0,,0,0,,0,0,,1,2,.500,1,0,1,0,0,0,0,2,1
2,1,7,1.6,0.0,0.0,,0.0,0.0,,0.0,0.0,,0.1,0.3,.500,0.1,0.0,0.0,0.0,0.0,0.3,0.1
2,2,7,11,0.0,0.0,,0.0,0.0,,0.0,0.0,,3.6,7.3,.500,3.6,0.0,0.0,0.0,0.0,7.3,3.6
2,3,7,11,0.0,0.0,,0.0,0.0,,0.0,0.0,,5.3,10.7,.500,5.3,0.0,0.0,0.0,0.0,10.7,5.3,,139.0,113.3
2,4,7,11,3.9,.526,,,,1,9.5,0.0,5.0,0.0,0.0,0.0,0.0,4.2,,0.0,0.0,0.0,.052,,-3.9,-4.2,-8.2
3,0,24,370,32,75,.427,31,70,.443,1,5,.200,10,15,.667,23,56,79,5,7,10,21,38,75
3,1,24,15.4,1.3,3.1,.427,1.3,2.9,.443,0.0,0.2,.200,0.4,0.6,.667,3.3,0.2,0.3,0.4,0.9,1.6,3.1
3,2,24,370,3.5,8.1,.427,3.4,7.6,.443,0.1,0.5,.200,1.1,1.6,.667,8.5,0.5,0.8,1.1,2.3,4.1,8.1
3,3,24,370,5.1,11.9,.427,4.9,11.1,.443,0.2,0.8,.200,1.6,2.4,.667,12.6,0.8,1.1,1.6,3.3,6.0,11.9,,85.9,102.4
3,4,24,370,8.6,.457,.433,.067,.200,72,6.5,17.8,11.8,3.0,1.1,3.1,20.4,13.6,,-0.1,0.4,0.4,.038,,-7.0,-0.5,-7.4
4,0,30,791,118,353,.334,88,232,.379,30,121,.248,61,91,.670,45,87,132,39,26,3,69,56,327
4,1,30,26.4,3.9,11.8,.334,2.9,7.7,.379,1.0,4.0,.248,2.0,3.0,.670,4.4,1.3,0.9,0.1,2.3,1.9,10.9
4,2,30,791,6.0,17.9,.334,4.5,11.7,.379,1.5,6.1,.248,3.1,4.6,.670,6.7,2.0,1.3,0.2,3.5,2.8,16.5
4,3,30,791,8.8,26.3,.334,6.5,17.3,.379,2.2,9.0,.248,4.5,6.8,.670,9.8,2.9,1.9,0.2,5.1,4.2,24.3,,85.8,104.1
4,4,30,791,11.0,.413,.377,.343,.258,310,6.0,12.9,9.2,12.9,1.9,0.4,14.8,28.8,,-0.3,0.8,0.5,.023,,-3.8,-2.8,-6.7
5,0,30,726,102,199,.513,102,198,.515,0,1,.000,41,74,.554,97,118,215,20,10,10,59,94,245
5,1,30,24.2,3.4,6.6,.513,3.4,6.6,.515,0.0,0.0,.000,1.4,2.5,.554,7.2,0.7,0.3,0.3,2.0,3.1,8.2
5,2,30,726,5.6,11.0,.513,5.6,10.9,.515,0.0,0.1,.000,2.3,4.1,.554,11.8,1.1,0.6,0.6,3.3,5.2,13.5
5,3,30,726,8.3,16.1,.513,8.3,16.0,.515,0.0,0.1,.000,3.3,6.0,.554,17.4,1.6,0.8,0.8,4.8,7.6,19.9,,97.8,103.1
5,4,30,726,15.4,.523,.513,.005,.372,241,14.0,19.1,16.4,7.0,0.8,1.6,20.1,19.8,,0.6,0.8,1.4,.078,,-2.8,-1.5,-4.3
6,0,28,372,26,62,.419,26,61,.426,0,1,.000,18,27,.667,44,47,91,3,10,25,23,83,70
6,1,28,13.3,0.9,2.2,.419,0.9,2.2,.426,0.0,0.0,.000,0.6,1.0,.667,3.3,0.1,0.4,0.9,0.8,3.0,2.5
6,2,28,372,2.8,6.7,.419,2.8,6.6,.426,0.0,0.1,.000,1.9,2.9,.667,9.8,0.3,1.1,2.7,2.5,8.9,7.5
6,3,28,372,4.1,9.8,.419,4.1,9.6,.426,0.0,0.2,.000,2.8,4.3,.667,14.4,0.5,1.6,4.0,3.6,13.1,11.1,,89.8,99.8
6,4,28,372,10.1,.468,.419,.016,.435,76,12.4,14.8,13.5,1.7,1.6,7.6,23.5,12.9,,0.0,0.5,0.5,.058,,-6.1,2.1,-4.0
7,0,26,654,62,160,.388,61,147,.415,1,13,.077,57,90,.633,30,65,95,83,29,2,87,41,182
7,1,26,25.2,2.4,6.2,.388,2.3,5.7,.415,0.0,0.5,.077,2.2,3.5,.633,3.7,3.2,1.1,0.1,3.3,1.6,7.0
7,2,26,654,3.8,9.8,.388,3.7,9.0,.415,0.1,0.8,.077,3.5,5.5,.633,5.8,5.1,1.8,0.1,5.3,2.5,11.1
7,3,26,654,5.6,14.4,.388,5.5,13.2,.415,0.1,1.2,.077,5.1,8.1,.633,8.5,7.5,2.6,0.2,7.8,3.7,16.4,,80.9,103.2
7,4,26,654,10.1,.449,.391,.081,.563,207,4.8,11.7,8.0,29.0,2.6,0.3,30.0,21.7,,-0.6,0.7,0.1,.007,,-5.1,-0.8,-5.9
8,0,28,406,26,111,.234,3,21,.143,23,90,.256,15,23,.652,5,34,39,17,12,6,36,46,90
8,1,28,14.5,0.9,4.0,.234,0.1,0.8,.143,0.8,3.2,.256,0.5,0.8,.652,1.4,0.6,0.4,0.2,1.3,1.6,3.2
8,2,28,406,2.6,10.9,.234,0.3,2.1,.143,2.3,8.9,.256,1.5,2.3,.652,3.8,1.7,1.2,0.6,3.5,4.5,8.9
8,3,28,406,3.8,16.1,.234,0.4,3.0,.143,3.3,13.0,.256,2.2,3.3,.652,5.7,2.5,1.7,0.9,5.2,6.7,13.0,,69.9,105.0
8,4,28,406,1.8,.369,.338,.811,.207,86,1.3,9.8,5.3,8.9,1.7,1.7,22.8,19.0,,-0.7,0.4,-0.3,-.031,,-6.6,-2.1,-8.7
9,0,19,506,47,103,.456,47,102,.461,0,1,.000,37,61,.607,61,85,146,5,5,23,30,57,131
9,1,19,26.6,2.5,5.4,.456,2.5,5.4,.461,0.0,0.1,.000,1.9,3.2,.607,7.7,0.3,0.3,1.2,1.6,3.0,6.9
9,2,19,506,3.7,8.1,.456,3.7,8.1,.461,0.0,0.1,.000,2.9,4.8,.607,11.5,0.4,0.4,1.8,2.4,4.5,10.4
9,3,19,506,5.5,12.0,.456,5.5,11.9,.461,0.0,0.1,.000,4.3,7.1,.607,17.0,0.6,0.6,2.7,3.5,6.6,15.2,,97.8,101.7
9,4,19,506,13.8,.496,.456,.010,.592,133,12.6,19.7,16.0,2.2,0.6,5.2,18.5,15.7,,0.3,0.6,1.0,.076,,-4.9,-0.2,-5.0
10,0,26,317,32,88,.364,16,33,.485,16,55,.291,3,7,.429,6,30,36,11,11,1,23,34,83
10,1,26,12.2,1.2,3.4,.364,0.6,1.3,.485,0.6,2.1,.291,0.1,0.3,.429,1.4,0.4,0.4,0.0,0.9,1.3,3.2
10,2,26,317,4.0,11.1,.364,2.0,4.2,.485,2.0,6.9,.291,0.4,0.9,.429,4.5,1.4,1.4,0.1,2.9,4.3,10.5
10,3,26,317,5.9,16.3,.364,3.0,6.1,.485,3.0,10.2,.291,0.6,1.3,.429,6.7,2.0,2.0,0.2,4.3,6.3,15.4,,83.1,104.4
10,4,26,317,6.4,.454,.455,.625,.080,74,2.0,11.1,6.3,8.0,2.0,0.4,20.1,17.7,,-0.2,0.3,0.2,.019,,-4.8,-2.4,-7.1
11,0,30,998,108,299,.361,71,166,.428,37,133,.278,74,107,.692,13,64,77,96,50,2,100,57,327
11,1,30,33.3,3.6,10.0,.361,2.4,5.5,.428,1.2,4.4,.278,2.5,3.6,.692,2.6,3.2,1.7,0.1,3.3,1.9,10.9
11,2,30,998,4.3,12.0,.361,2.8,6.7,.428,1.5,5.3,.278,3.0,4.3,.692,3.1,3.8,2.0,0.1,4.0,2.3,13.1
11,3,30,998,6.4,17.6,.361,4.2,9.8,.428,2.2,7.8,.278,4.4,6.3,.692,4.5,5.7,2.9,0.1,5.9,3.4,19.3,,88.5,104.3
11,4,30,998,10.7,.467,.423,.445,.358,327,1.4,7.5,4.3,22.7,2.9,0.2,22.2,22.1,,-0.1,1.0,0.9,.037,,-2.3,-1.8,-4.2
