0,0,34,743,82,170,.482,52,95,.547,30,75,.400,31,45,.689,6,73,79,53,16,4,43,53,225
0,1,34,21.9,2.4,5.0,.482,1.5,2.8,.547,0.9,2.2,.400,0.9,1.3,.689,2.3,1.6,0.5,0.1,1.3,1.6,6.6
0,2,34,743,4.4,9.2,.482,2.8,5.1,.547,1.6,4.0,.400,1.7,2.4,.689,4.3,2.9,0.9,0.2,2.3,2.9,12.1
0,3,34,743,6.6,13.6,.482,4.2,7.6,.547,2.4,6.0,.400,2.5,3.6,.689,6.3,4.2,1.3,0.3,3.4,4.2,18.0,,107.6,99.3
0,4,34,743,12.8,.588,.571,.441,.265,212,1.1,10.8,6.4,13.0,1.3,0.6,18.3,16.4,,1.1,1.1,2.1,.116,,2.3,1.0,3.2
1,0,35,1236,230,452,.509,193,345,.559,37,107,.346,134,179,.749,70,209,279,102,50,25,75,74,631
1,1,35,35.3,6.6,12.9,.509,5.5,9.9,.559,1.1,3.1,.346,3.8,5.1,.749,8.0,2.9,1.4,0.7,2.1,2.1,18.0
1,2,35,1236,7.4,14.6,.509,6.2,11.2,.559,1.2,3.5,.346,4.3,5.8,.749,9.0,3.3,1.6,0.8,2.4,2.4,20.4
1,3,35,1236,11.1,21.8,.509,9.3,16.6,.559,1.8,5.2,.346,6.5,8.6,.749,13.4,4.9,2.4,1.2,3.6,3.6,30.4,,119.3,92.0
1,4,35,1236,26.6,.587,.550,.237,.396,617,7.6,18.5,13.6,17.4,2.4,2.1,12.3,25.8,,4.6,2.6,7.2,.234,,6.7,3.6,10.4
2,0,35,895,144,209,.689,144,209,.689,0,0,,85,143,.594,72,98,170,6,22,53,45,114,373
2,1,35,25.6,4.1,6.0,.689,4.1,6.0,.689,0.0,0.0,,2.4,4.1,.594,4.9,0.2,0.6,1.5,1.3,3.3,10.7
2,2,35,895,6.4,9.3,.689,6.4,9.3,.689,0.0,0.0,,3.8,6.4,.594,7.6,0.3,1.0,2.4,2.0,5.1,16.7
2,3,35,895,9.6,13.9,.689,9.6,13.9,.689,0.0,0.0,,5.7,9.5,.594,11.3,0.4,1.5,3.5,3.0,7.6,24.8,,124.6,95.3
2,4,35,895,22.2,.673,.689,.000,.684,333,10.7,12.0,11.4,1.3,1.5,6.2,14.0,18.7,,2.8,1.6,4.4,.198,,3.9,2.9,6.7
3,0,7,121,15,35,.429,9,22,.409,6,13,.462,8,11,.727,2,16,18,13,9,3,6,15,44
3,1,7,17.3,2.1,5.0,.429,1.3,3.1,.409,0.9,1.9,.462,1.1,1.6,.727,2.6,1.9,1.3,0.4,0.9,2.1,6.3
3,2,7,121,5.0,11.6,.429,3.0,7.3,.409,2.0,4.3,.462,2.6,3.6,.727,6.0,4.3,3.0,1.0,2.0,5.0,14.5
3,3,7,121,7.4,17.2,.429,4.4,10.8,.409,3.0,6.4,.462,3.9,5.4,.727,8.9,6.4,4.4,1.5,3.0,7.4,21.7,,113.9,89.1
3,4,7,121,20.3,.547,.514,.371,.314,45,2.2,14.5,9.0,20.1,4.4,2.6,13.0,19.9,,0.3,0.3,0.6,.191,,3.9,4.5,8.4
4,0,35,997,119,276,.431,68,146,.466,51,130,.392,31,40,.775,9,101,110,135,63,27,71,73,320
4,1,35,28.5,3.4,7.9,.431,1.9,4.2,.466,1.5,3.7,.392,0.9,1.1,.775,3.1,3.9,1.8,0.8,2.0,2.1,9.1
4,2,35,997,4.8,11.1,.431,2.7,5.9,.466,2.0,5.2,.392,1.2,1.6,.775,4.4,5.4,2.5,1.1,2.8,2.9,12.8
4,3,35,997,7.1,16.5,.431,4.1,8.7,.466,3.0,7.8,.392,1.9,2.4,.775,6.6,8.1,3.8,1.6,4.2,4.4,19.1,,105.8,92.5
4,4,35,997,17.8,.542,.524,.471,.145,342,1.2,11.1,6.6,25.1,3.8,2.9,19.4,19.1,,1.6,2.1,3.7,.148,,3.6,4.3,7.9
5,0,10,15,0,2,.000,0,0,,0,2,.000,0,2,.000,0,2,2,0,0,0,1,1,0
5,1,10,1.5,0.0,0.2,.000,0.0,0.0,,0.0,0.2,.000,0.0,0.2,.000,0.2,0.0,0.0,0.0,0.1,0.1,0.0
5,2,10,15,0.0,5.3,.000,0.0,0.0,,0.0,5.3,.000,0.0,5.3,.000,5.3,0.0,0.0,0.0,2.7,2.7,0.0
5,3,10,15,0.0,7.9,.000,0.0,0.0,,0.0,7.9,.000,0.0,7.9,.000,7.9,0.0,0.0,0.0,4.0,4.0,0.0,,0.0,100.4
5,4,10,15,-11.6,.000,.000,1.000,1.000,0,0.0,14.6,8.0,0.0,0.0,0.0,25.3,13.7,,-0.1,0.0,-0.1,-.163,,-11.5,-2.5,-14.0
6,0,27,451,42,85,.494,42,84,.500,0,1,.000,17,33,.515,26,53,79,13,7,13,25,65,101
6,1,27,16.7,1.6,3.1,.494,1.6,3.1,.500,0.0,0.0,.000,0.6,1.2,.515,2.9,0.5,0.3,0.5,0.9,2.4,3.7
6,2,27,451,3.7,7.5,.494,3.7,7.5,.500,0.0,0.1,.000,1.5,2.9,.515,7.0,1.2,0.6,1.2,2.2,5.8,9.0
6,3,27,451,5.5,11.2,.494,5.5,11.1,.500,0.0,0.1,.000,2.2,4.4,.515,10.4,1.7,0.9,1.7,3.3,8.6,13.3,,95.8,97.4
6,4,27,451,9.1,.502,.494,.012,.388,105,7.7,12.9,10.5,5.1,0.9,3.0,19.9,14.5,,0.2,0.7,1.0,.085,,-1.2,2.5,1.4
7,0,12,30,3,9,.333,1,2,.500,2,7,.286,3,4,.750,1,5,6,0,0,0,3,3,11
7,1,12,2.5,0.3,0.8,.333,0.1,0.2,.500,0.2,0.6,.286,0.3,0.3,.750,0.5,0.0,0.0,0.0,0.3,0.3,0.9
7,2,12,30,4.0,12.0,.333,1.3,2.7,.500,2.7,9.3,.286,4.0,5.3,.750,8.0,0.0,0.0,0.0,4.0,4.0,14.7
7,3,12,30,6.0,17.9,.333,2.0,4.0,.500,4.0,13.9,.286,6.0,7.9,.750,11.9,0.0,0.0,0.0,6.0,6.0,21.8,,87.2,98.3
7,4,12,30,7.5,.505,.444,.778,.444,10,4.4,18.3,12.0,0.0,0.0,0.0,21.6,24.1,,0.0,0.0,0.0,.054,,-3.8,-6.1,-9.9
8,0,34,914,108,257,.420,89,194,.459,19,63,.302,139,166,.837,11,64,75,128,42,5,83,64,374
8,1,34,26.9,3.2,7.6,.420,2.6,5.7,.459,0.6,1.9,.302,4.1,4.9,.837,2.2,3.8,1.2,0.1,2.4,1.9,11.0
8,2,34,914,4.7,11.2,.420,3.9,8.5,.459,0.8,2.8,.302,6.1,7.3,.837,3.3,5.6,1.8,0.2,3.6,2.8,16.4
8,3,34,914,7.0,16.7,.420,5.8,12.6,.459,1.2,4.1,.302,9.1,10.8,.837,4.9,8.3,2.7,0.3,5.4,4.2,24.4,,108.8,97.7
8,4,34,914,18.5,.557,.457,.245,.646,400,1.6,7.7,4.9,25.9,2.7,0.6,19.8,23.9,,2.1,1.5,3.6,.157,,2.8,0.9,3.7
9,0,8,15,1,6,.167,1,1,1.000,0,5,.000,1,2,.500,0,1,1,0,0,0,0,1,3
9,1,8,1.9,0.1,0.8,.167,0.1,0.1,1.000,0.0,0.6,.000,0.1,0.3,.500,0.1,0.0,0.0,0.0,0.0,0.1,0.4
9,2,8,15,2.7,16.0,.167,2.7,2.7,1.000,0.0,13.3,.000,2.7,5.3,.500,2.7,0.0,0.0,0.0,0.0,2.7,8.0
9,3,8,15,4.0,23.8,.167,4.0,4.0,1.000,0.0,19.9,.000,4.0,7.9,.500,4.0,0.0,0.0,0.0,0.0,4.0,11.9,,53.8,104.2
9,4,8,15,-5.1,.216,.167,.833,.333,3,0.0,7.3,4.0,0.0,0.0,0.0,0.0,24.1,,-0.1,0.0,0.0,-.097,,-7.9,-6.8,-14.7
10,0,30,206,18,47,.383,18,45,.400,0,2,.000,12,16,.750,17,21,38,4,2,17,16,48,48
10,1,30,6.9,0.6,1.6,.383,0.6,1.5,.400,0.0,0.1,.000,0.4,0.5,.750,1.3,0.1,0.1,0.6,0.5,1.6,1.6
10,2,30,206,3.5,9.1,.383,3.5,8.7,.400,0.0,0.4,.000,2.3,3.1,.750,7.4,0.8,0.4,3.3,3.1,9.3,9.3
10,3,30,206,5.2,13.6,.383,5.2,13.0,.400,0.0,0.6,.000,3.5,4.6,.750,11.0,1.2,0.6,4.9,4.6,13.9,13.9,,86.3,96.0
10,4,30,206,7.5,.440,.383,.043,.340,53,11.0,11.2,11.1,3.4,0.6,8.7,22.7,17.9,,0.0,0.4,0.3,.061,,-4.0,4.2,0.2
11,0,28,233,27,42,.643,25,36,.694,2,6,.333,11,16,.688,14,35,49,1,8,21,6,32,67
11,1,28,8.3,1.0,1.5,.643,0.9,1.3,.694,0.1,0.2,.333,0.4,0.6,.688,1.8,0.0,0.3,0.8,0.2,1.1,2.4
11,2,28,233,4.6,7.2,.643,4.3,6.2,.694,0.3,1.0,.333,1.9,2.7,.688,8.4,0.2,1.4,3.6,1.0,5.5,11.5
11,3,28,233,6.9,10.7,.643,6.4,9.2,.694,0.5,1.5,.333,2.8,4.1,.688,12.5,0.3,2.0,5.4,1.5,8.2,17.1,,131.0,90.1
11,4,28,233,19.8,.675,.667,.143,.381,60,8.0,16.5,12.7,0.8,2.0,9.5,10.8,12.4,,0.6,0.5,1.1,.190,,2.0,5.3,7.3
12,0,19,455,68,140,.486,53,103,.515,15,37,.405,17,24,.708,14,47,61,15,11,14,24,26,168
12,1,19,23.9,3.6,7.4,.486,2.8,5.4,.515,0.8,1.9,.405,0.9,1.3,.708,3.2,0.8,0.6,0.7,1.3,1.4,8.8
12,2,19,455,6.0,12.3,.486,4.7,9.1,.515,1.3,3.3,.405,1.5,2.1,.708,5.4,1.3,1.0,1.2,2.1,2.3,14.8
12,3,19,455,8.9,18.3,.486,6.9,13.5,.515,2.0,4.8,.405,2.2,3.1,.708,8.0,2.0,1.4,1.8,3.1,3.4,22.0,,105.3,97.5
12,4,19,455,15.9,.555,.539,.264,.171,148,4.1,11.3,8.1,6.5,1.4,3.2,13.7,20.1,,0.7,0.7,1.4,.124,,1.3,1.9,3.2
13,0,13,39,4,7,.571,4,7,.571,0,0,,4,6,.667,2,3,5,0,0,0,1,8,12
13,1,13,3.0,0.3,0.5,.571,0.3,0.5,.571,0.0,0.0,,0.3,0.5,.667,0.4,0.0,0.0,0.0,0.1,0.6,0.9
13,2,13,39,4.1,7.2,.571,4.1,7.2,.571,0.0,0.0,,4.1,6.2,.667,5.1,0.0,0.0,0.0,1.0,8.2,12.3
13,3,13,39,6.1,10.7,.571,6.1,10.7,.571,0.0,0.0,,6.1,9.2,.667,7.6,0.0,0.0,0.0,1.5,12.2,18.3,,124.2,102.9
13,4,13,39,10.6,.609,.571,.000,.857,11,6.8,8.4,7.7,0.0,0.0,0.0,9.2,14.5,,0.1,0.0,0.1,.137,,-0.1,-3.6,-3.7
14,0,33,725,72,162,.444,49,99,.495,23,63,.365,70,98,.714,35,86,121,35,48,14,41,88,237
14,1,33,22.0,2.2,4.9,.444,1.5,3.0,.495,0.7,1.9,.365,2.1,3.0,.714,3.7,1.1,1.5,0.4,1.2,2.7,7.2
14,2,33,725,4.0,8.9,.444,2.7,5.5,.495,1.3,3.5,.365,3.9,5.4,.714,6.7,1.9,2.6,0.8,2.3,4.9,13.1
14,3,33,725,5.9,13.3,.444,4.0,8.1,.495,1.9,5.2,.365,5.8,8.1,.714,9.9,2.9,3.9,1.2,3.4,7.2,19.5,,111.3,91.2
14,4,33,725,17.3,.568,.515,.389,.605,237,6.4,13.0,10.0,8.6,3.9,2.0,16.4,17.9,,1.4,1.6,3.0,.165,,3.7,4.2,7.8
