0,0,26,433,48,121,.397,20,51,.392,28,70,.400,21,36,.583,8,25,33,29,22,4,21,21,145
0,1,26,16.7,1.8,4.7,.397,0.8,2.0,.392,1.1,2.7,.400,0.8,1.4,.583,1.3,1.1,0.8,0.2,0.8,0.8,5.6
0,2,26,433,4.4,11.2,.397,1.8,4.7,.392,2.6,6.5,.400,1.9,3.3,.583,3.0,2.7,2.0,0.4,1.9,1.9,13.4
0,3,26,433,6.4,16.1,.397,2.7,6.8,.392,3.7,9.3,.400,2.8,4.8,.583,4.4,3.9,2.9,0.5,2.8,2.8,19.3,,106.7,97.6
0,4,26,433,13.9,.525,.512,.579,.298,133,2.2,6.3,4.3,11.9,2.9,0.9,13.2,18.0,,0.6,0.7,1.3,.123,,1.5,0.5,2.0
1,0,32,664,103,175,.589,103,175,.589,0,0,,52,116,.448,58,97,155,14,22,20,43,105,258
1,1,32,20.8,3.2,5.5,.589,3.2,5.5,.589,0.0,0.0,,1.6,3.6,.448,4.8,0.4,0.7,0.6,1.3,3.3,8.1
1,2,32,664,6.2,10.5,.589,6.2,10.5,.589,0.0,0.0,,3.1,7.0,.448,9.3,0.8,1.3,1.2,2.6,6.3,15.5
1,3,32,664,8.9,15.2,.589,8.9,15.2,.589,0.0,0.0,,4.5,10.1,.448,13.4,1.2,1.9,1.7,3.7,9.1,22.4,,104.9,93.6
1,4,32,664,16.7,.561,.589,.000,.663,233,10.3,16.0,13.2,4.1,1.9,3.1,15.7,20.1,,1.0,1.3,2.3,.140,,-0.5,1.7,1.2
2,0,8,9,0,2,.000,0,1,.000,0,1,.000,0,0,,0,5,5,0,1,1,0,3,0
2,1,8,1.1,0.0,0.3,.000,0.0,0.1,.000,0.0,0.1,.000,0.0,0.0,,0.6,0.0,0.1,0.1,0.0,0.4,0.0
2,2,8,9,0.0,8.9,.000,0.0,4.4,.000,0.0,4.4,.000,0.0,0.0,,22.2,0.0,4.4,4.4,0.0,13.3,0.0
2,3,8,9,0.0,12.8,.000,0.0,6.4,.000,0.0,6.4,.000,0.0,0.0,,32.0,0.0,6.4,6.4,0.0,19.2,0.0,,0.0,57.8
2,4,8,9,6.2,.000,.000,.500,.000,0,0.0,60.9,31.5,0.0,6.4,11.4,0.0,10.9,,0.0,0.0,0.0,.079,,-15.1,7.6,-7.5
3,0,36,982,129,303,.426,58,125,.464,71,178,.399,46,58,.793,16,122,138,115,54,13,60,67,375
3,1,36,27.3,3.6,8.4,.426,1.6,3.5,.464,2.0,4.9,.399,1.3,1.6,.793,3.8,3.2,1.5,0.4,1.7,1.9,10.4
3,2,36,982,5.3,12.3,.426,2.4,5.1,.464,2.9,7.3,.399,1.9,2.4,.793,5.6,4.7,2.2,0.5,2.4,2.7,15.3
3,3,36,982,7.6,17.8,.426,3.4,7.3,.464,4.2,10.4,.399,2.7,3.4,.793,8.1,6.7,3.2,0.8,3.5,3.9,22.0,,113.9,93.3
3,4,36,982,18.9,.567,.543,.587,.191,364,1.9,13.6,8.0,21.6,3.2,1.4,15.4,19.5,,2.3,1.9,4.2,.173,,4.1,2.5,6.6
4,0,8,9,1,2,.500,0,1,.000,1,1,1.000,2,4,.500,0,0,0,1,0,0,3,1,5
4,1,8,1.1,0.1,0.3,.500,0.0,0.1,.000,0.1,0.1,1.000,0.3,0.5,.500,0.0,0.1,0.0,0.0,0.4,0.1,0.6
4,2,8,9,4.4,8.9,.500,0.0,4.4,.000,4.4,4.4,1.000,8.9,17.8,.500,0.0,4.4,0.0,0.0,13.3,4.4,22.2
4,3,8,9,6.4,12.8,.500,0.0,6.4,.000,6.4,6.4,1.000,12.8,25.6,.500,0.0,6.4,0.0,0.0,19.2,6.4,32.0,,74.6,107.1
4,4,8,9,2.8,.641,.750,.500,2.000,5,0.0,0.0,0.0,19.8,0.0,0.0,43.5,37.6,,0.0,0.0,0.0,-.081,,-9.2,-8.5,-17.7
5,0,36,744,95,204,.466,95,199,.477,0,5,.000,76,121,.628,76,84,160,48,38,40,64,115,266
5,1,36,20.7,2.6,5.7,.466,2.6,5.5,.477,0.0,0.1,.000,2.1,3.4,.628,4.4,1.3,1.1,1.1,1.8,3.2,7.4
5,2,36,744,5.1,11.0,.466,5.1,10.7,.477,0.0,0.3,.000,4.1,6.5,.628,8.6,2.6,2.0,2.2,3.4,6.2,14.3
5,3,36,744,7.3,15.8,.466,7.3,15.4,.477,0.0,0.4,.000,5.9,9.4,.628,12.4,3.7,2.9,3.1,4.9,8.9,20.6,,101.1,91.9
5,4,36,744,17.1,.509,.466,.025,.593,283,12.0,12.4,12.2,11.8,2.9,5.5,19.7,21.4,,1.0,1.6,2.6,.139,,-0.3,5.0,4.7
6,0,29,153,14,39,.359,14,38,.368,0,1,.000,8,13,.615,16,22,38,8,2,4,16,27,36
6,1,29,5.3,0.5,1.3,.359,0.5,1.3,.368,0.0,0.0,.000,0.3,0.4,.615,1.3,0.3,0.1,0.1,0.6,0.9,1.2
6,2,29,153,3.7,10.2,.359,3.7,9.9,.368,0.0,0.3,.000,2.1,3.4,.615,9.9,2.1,0.5,1.0,4.2,7.1,9.4
6,3,29,153,5.3,14.7,.359,5.3,14.3,.368,0.0,0.4,.000,3.0,4.9,.615,14.3,3.0,0.8,1.5,6.0,10.2,13.5,,79.9,96.4
6,4,29,153,5.9,.398,.359,.026,.333,43,12.3,15.7,14.1,9.0,0.8,2.7,26.2,19.6,,-0.1,0.3,0.1,.033,,-5.9,1.3,-4.6
7,0,3,8,0,2,.000,0,1,.000,0,1,.000,0,0,,0,0,0,1,0,0,0,0,0
7,1,3,2.7,0.0,0.7,.000,0.0,0.3,.000,0.0,0.3,.000,0.0,0.0,,0.0,0.3,0.0,0.0,0.0,0.0,0.0
7,2,3,8,0.0,10.0,.000,0.0,5.0,.000,0.0,5.0,.000,0.0,0.0,,0.0,5.0,0.0,0.0,0.0,0.0,0.0
7,3,3,8,0.0,14.4,.000,0.0,7.2,.000,0.0,7.2,.000,0.0,0.0,,0.0,7.2,0.0,0.0,0.0,0.0,0.0,,36.1,107.7
7,4,3,8,-5.5,.000,.000,.500,.000,1,0.0,0.0,0.0,18.6,0.0,0.0,0.0,12.2,,0.0,0.0,0.0,-.086,,-10.3,-6.2,-16.5
8,0,36,1175,168,324,.519,130,239,.544,38,85,.447,116,159,.730,17,103,120,173,60,7,102,73,490
8,1,36,32.6,4.7,9.0,.519,3.6,6.6,.544,1.1,2.4,.447,3.2,4.4,.730,3.3,4.8,1.7,0.2,2.8,2.0,13.6
8,2,36,1175,5.7,11.0,.519,4.4,8.1,.544,1.3,2.9,.447,3.9,5.4,.730,4.1,5.9,2.0,0.2,3.5,2.5,16.7
8,3,36,1175,8.2,15.9,.519,6.4,11.7,.544,1.9,4.2,.447,5.7,7.8,.730,5.9,8.5,2.9,0.3,5.0,3.6,24.0,,114.8,96.1
8,4,36,1175,20.2,.613,.577,.262,.491,497,1.7,9.6,5.8,27.8,2.9,0.6,20.3,20.9,,3.2,2.0,5.2,.179,,3.9,1.3,5.2
9,0,33,949,127,286,.444,85,166,.512,42,120,.350,46,65,.708,46,107,153,117,59,14,97,91,342
9,1,33,28.8,3.8,8.7,.444,2.6,5.0,.512,1.3,3.6,.350,1.4,2.0,.708,4.6,3.5,1.8,0.4,2.9,2.8,10.4
9,2,33,949,5.4,12.1,.444,3.6,7.0,.512,1.8,5.1,.350,1.9,2.7,.708,6.4,4.9,2.5,0.6,4.1,3.8,14.4
9,3,33,949,7.7,17.3,.444,5.2,10.1,.512,2.5,7.3,.350,2.8,3.9,.708,9.3,7.1,3.6,0.8,5.9,5.5,20.7,,100.5,92.8
9,4,33,949,16.7,.540,.517,.420,.227,359,5.7,12.3,9.2,22.9,3.6,1.5,23.4,21.4,,1.2,1.9,3.1,.133,,2.2,3.4,5.6
10,0,14,84,10,22,.455,10,22,.455,0,0,,3,4,.750,8,7,15,0,1,5,8,18,23
10,1,14,6.0,0.7,1.6,.455,0.7,1.6,.455,0.0,0.0,,0.2,0.3,.750,1.1,0.0,0.1,0.4,0.6,1.3,1.6
10,2,14,84,4.8,10.5,.455,4.8,10.5,.455,0.0,0.0,,1.4,1.9,.750,7.1,0.0,0.5,2.4,3.8,8.6,11.0
10,3,14,84,6.8,15.1,.455,6.8,15.1,.455,0.0,0.0,,2.1,2.7,.750,10.3,0.0,0.7,3.4,5.5,12.3,15.8,,83.7,97.7
10,4,14,84,6.7,.481,.455,.000,.182,22,11.2,9.1,10.1,0.0,0.7,6.1,25.1,18.6,,0.0,0.1,0.1,.045,,-6.5,-0.3,-6.8
11,0,36,851,107,170,.629,94,134,.701,13,36,.361,45,68,.662,74,165,239,24,33,95,24,67,272
11,1,36,23.6,3.0,4.7,.629,2.6,3.7,.701,0.4,1.0,.361,1.3,1.9,.662,6.6,0.7,0.9,2.6,0.7,1.9,7.6
11,2,36,851,5.0,8.0,.629,4.4,6.3,.701,0.6,1.7,.361,2.1,3.2,.662,11.2,1.1,1.6,4.5,1.1,3.1,12.8
11,3,36,851,7.2,11.5,.629,6.4,9.1,.701,0.9,2.4,.361,3.0,4.6,.662,16.2,1.6,2.2,6.4,1.6,4.5,18.4,,134.9,86.8
11,4,36,851,24.8,.672,.668,.212,.400,252,10.2,21.2,15.9,5.2,2.2,11.4,10.6,13.0,,2.5,2.2,4.7,.220,,3.3,8.2,11.5
12,0,36,1056,155,383,.405,129,294,.439,26,89,.292,85,113,.752,55,106,161,69,24,25,58,50,421
12,1,36,29.3,4.3,10.6,.405,3.6,8.2,.439,0.7,2.5,.292,2.4,3.1,.752,4.5,1.9,0.7,0.7,1.6,1.4,11.7
12,2,36,1056,5.9,14.5,.405,4.9,11.1,.439,1.0,3.4,.292,3.2,4.3,.752,6.1,2.6,0.9,0.9,2.2,1.9,15.9
12,3,36,1056,8.4,20.9,.405,7.0,16.0,.439,1.4,4.8,.292,4.6,6.2,.752,8.8,3.8,1.3,1.4,3.2,2.7,22.9,,104.1,98.2
12,4,36,1056,15.6,.482,.439,.232,.295,409,6.1,11.0,8.7,12.4,1.3,2.4,11.7,22.9,,1.7,1.6,3.3,.126,,-0.1,1.1,1.0
13,0,1,1,0,0,,0,0,,0,0,,0,0,,0,0,0,0,0,0,0,1,0
13,1,1,1.0,0.0,0.0,,0.0,0.0,,0.0,0.0,,0.0,0.0,,0.0,0.0,0.0,0.0,0.0,1.0,0.0
13,2,1,1,0.0,0.0,,0.0,0.0,,0.0,0.0,,0.0,0.0,,0.0,0.0,0.0,0.0,0.0,40.0,0.0
13,3,1,1,0.0,0.0,,0.0,0.0,,0.0,0.0,,0.0,0.0,,0.0,0.0,0.0,0.0,0.0,57.5,0.0,,,101.9
13,4,1,1,-17.4,,,,,0,0.0,0.0,0.0,0.0,0.0,0.0,,0.0,,0.0,0.0,0.0,.046,,-3.9,1.3,-2.6
14,0,28,133,19,38,.500,18,33,.545,1,5,.200,9,14,.643,10,16,26,6,5,3,22,11,48
14,1,28,4.8,0.7,1.4,.500,0.6,1.2,.545,0.0,0.2,.200,0.3,0.5,.643,0.9,0.2,0.2,0.1,0.8,0.4,1.7
14,2,28,133,5.7,11.4,.500,5.4,9.9,.545,0.3,1.5,.200,2.7,4.2,.643,7.8,1.8,1.5,0.9,6.6,3.3,14.4
14,3,28,133,8.2,16.4,.500,7.8,14.3,.545,0.4,2.2,.200,3.9,6.1,.643,11.2,2.6,2.2,1.3,9.5,4.8,20.8,,80.5,95.2
14,4,28,133,10.4,.538,.513,.132,.368,46,8.9,13.2,11.1,8.5,2.2,2.3,33.0,24.6,,-0.1,0.2,0.1,.033,,-5.2,1.4,-3.9
