0,0,13,104,7,15,.467,7,14,.500,0,1,.000,3,8,.375,4,20,24,2,2,1,2,14,17
0,1,13,8.0,0.5,1.2,.467,0.5,1.1,.500,0.0,0.1,.000,0.2,0.6,.375,1.8,0.2,0.2,0.1,0.2,1.1,1.3
0,2,13,104,2.7,5.8,.467,2.7,5.4,.500,0.0,0.4,.000,1.2,3.1,.375,9.2,0.8,0.8,0.4,0.8,5.4,6.5
0,3,13,104,4.4,9.5,.467,4.4,8.9,.500,0.0,0.6,.000,1.9,5.1,.375,15.2,1.3,1.3,0.6,1.3,8.9,10.8,,98.8,98.1
0,4,13,104,9.0,.452,.467,.067,.533,17,4.8,23.5,14.3,3.9,1.3,1.3,9.6,11.2,,0.0,0.2,0.2,.086,,-5.3,-0.4,-5.7
1,0,27,131,9,20,.450,9,19,.474,0,1,.000,7,11,.636,12,15,27,5,2,6,7,12,25
1,1,27,4.9,0.3,0.7,.450,0.3,0.7,.474,0.0,0.0,.000,0.3,0.4,.636,1.0,0.2,0.1,0.2,0.3,0.4,0.9
1,2,27,131,2.7,6.1,.450,2.7,5.8,.474,0.0,0.3,.000,2.1,3.4,.636,8.2,1.5,0.6,1.8,2.1,3.7,7.6
1,3,27,131,4.5,10.1,.450,4.5,9.6,.474,0.0,0.5,.000,3.5,5.5,.636,13.6,2.5,1.0,3.0,3.5,6.0,12.6,,101.3,101.5
1,4,27,131,12.7,.496,.450,.050,.550,30,11.4,14.0,12.7,7.7,1.0,6.0,21.7,13.8,,0.1,0.2,0.3,.087,,-3.8,2.0,-1.8
2,0,33,979,82,226,.363,41,83,.494,41,143,.287,52,66,.788,26,118,144,40,48,6,41,85,257
2,1,33,29.7,2.5,6.8,.363,1.2,2.5,.494,1.2,4.3,.287,1.6,2.0,.788,4.4,1.2,1.5,0.2,1.2,2.6,7.8
2,2,33,979,3.4,9.2,.363,1.7,3.4,.494,1.7,5.8,.287,2.1,2.7,.788,5.9,1.6,2.0,0.2,1.7,3.5,10.5
2,3,33,979,5.5,15.2,.363,2.8,5.6,.494,2.8,9.6,.287,3.5,4.4,.788,9.7,2.7,3.2,0.4,2.8,5.7,17.3,,102.4,98.5
2,4,33,979,12.9,.499,.454,.633,.292,243,3.3,14.7,9.1,8.5,3.2,0.8,13.7,17.1,,0.9,1.6,2.6,.104,,-0.2,0.8,0.6
3,0,33,1093,119,241,.494,116,225,.516,3,16,.188,62,105,.590,85,129,214,39,24,22,34,67,303
3,1,33,33.1,3.6,7.3,.494,3.5,6.8,.516,0.1,0.5,.188,1.9,3.2,.590,6.5,1.2,0.7,0.7,1.0,2.0,9.2
3,2,33,1093,4.4,8.8,.494,4.2,8.2,.516,0.1,0.6,.188,2.3,3.8,.590,7.8,1.4,0.9,0.8,1.2,2.5,11.1
3,3,33,1093,7.2,14.5,.494,7.0,13.6,.516,0.2,1.0,.188,3.7,6.3,.590,12.9,2.4,1.4,1.3,2.1,4.0,18.3,,113.3,102.0
3,4,33,1093,16.6,.521,.500,.066,.436,310,9.7,14.4,12.1,7.9,1.4,2.7,10.5,16.7,,2.1,1.4,3.5,.127,,-0.4,1.0,0.6
4,0,30,382,59,112,.527,47,86,.547,12,26,.462,21,33,.636,36,60,96,13,13,6,15,34,151
4,1,30,12.7,2.0,3.7,.527,1.6,2.9,.547,0.4,0.9,.462,0.7,1.1,.636,3.2,0.4,0.4,0.2,0.5,1.1,5.0
4,2,30,382,6.2,11.7,.527,4.9,9.0,.547,1.3,2.7,.462,2.2,3.5,.636,10.1,1.4,1.4,0.6,1.6,3.6,15.8
4,3,30,382,10.2,19.3,.527,8.1,14.8,.547,2.1,4.5,.462,3.6,5.7,.636,16.6,2.2,2.2,1.0,2.6,5.9,26.1,,120.7,98.0
4,4,30,382,23.6,.591,.580,.232,.295,140,11.8,19.2,15.5,8.3,2.2,2.1,10.5,21.0,,1.1,0.6,1.8,.188,,1.9,-0.5,1.4
5,0,33,896,89,188,.473,88,174,.506,1,14,.071,91,146,.623,25,91,116,153,28,1,62,87,270
5,1,33,27.2,2.7,5.7,.473,2.7,5.3,.506,0.0,0.4,.071,2.8,4.4,.623,3.5,4.6,0.8,0.0,1.9,2.6,8.2
5,2,33,896,4.0,8.4,.473,3.9,7.8,.506,0.0,0.6,.071,4.1,6.5,.623,5.2,6.8,1.3,0.0,2.8,3.9,12.1
5,3,33,896,6.5,13.8,.473,6.5,12.8,.506,0.1,1.0,.071,6.7,10.7,.623,8.5,11.3,2.1,0.1,4.6,6.4,19.9,,110.1,102.5
5,4,33,896,17.5,.525,.476,.074,.777,323,3.5,12.4,8.0,36.8,2.1,0.1,19.4,20.0,,1.9,1.1,3.0,.135,,0.3,-1.0,-0.7
6,0,33,424,40,112,.357,10,29,.345,30,83,.361,16,25,.640,3,49,52,20,24,0,16,25,126
6,1,33,12.8,1.2,3.4,.357,0.3,0.9,.345,0.9,2.5,.361,0.5,0.8,.640,1.6,0.6,0.7,0.0,0.5,0.8,3.8
6,2,33,424,3.8,10.6,.357,0.9,2.7,.345,2.8,7.8,.361,1.5,2.4,.640,4.9,1.9,2.3,0.0,1.5,2.4,11.9
6,3,33,424,6.2,17.4,.357,1.6,4.5,.345,4.7,12.9,.361,2.5,3.9,.640,8.1,3.1,3.7,0.0,2.5,3.9,19.6,,103.6,98.2
6,4,33,424,14.1,.509,.491,.741,.223,111,0.9,14.1,7.6,10.1,3.7,0.0,11.4,18.5,,0.5,0.7,1.2,.111,,0.0,-0.6,-0.7
7,0,14,24,1,4,.250,0,1,.000,1,3,.333,6,8,.750,6,2,8,0,1,0,1,7,9
7,1,14,1.7,0.1,0.3,.250,0.0,0.1,.000,0.1,0.2,.333,0.4,0.6,.750,0.6,0.0,0.1,0.0,0.1,0.5,0.6
7,2,14,24,1.7,6.7,.250,0.0,1.7,.000,1.7,5.0,.333,10.0,13.3,.750,13.3,0.0,1.7,0.0,1.7,11.7,15.0
7,3,14,24,2.7,11.0,.250,0.0,2.7,.000,2.7,8.2,.333,16.5,22.0,.750,22.0,0.0,2.7,0.0,2.7,19.2,24.7,,136.7,100.7
7,4,14,24,23.3,.577,.375,.750,2.000,11,31.2,10.2,20.6,0.0,2.7,0.0,11.4,20.6,,0.1,0.0,0.2,.262,,5.7,-8.0,-2.3
8,0,1,3,0,1,.000,0,0,,0,1,.000,0,0,,1,0,1,1,0,0,0,0,0
8,1,1,3.0,0.0,1.0,.000,0.0,0.0,,0.0,1.0,.000,0.0,0.0,,1.0,1.0,0.0,0.0,0.0,0.0,0.0
8,2,1,3,0.0,13.3,.000,0.0,0.0,,0.0,13.3,.000,0.0,0.0,,13.3,13.3,0.0,0.0,0.0,0.0,0.0
8,3,1,3,0.0,22.0,.000,0.0,0.0,,0.0,22.0,.000,0.0,0.0,,22.0,22.0,0.0,0.0,0.0,0.0,0.0,,95.0,114.0
8,4,1,3,15.2,.000,.000,1.000,.000,1,41.6,0.0,20.6,59.2,0.0,0.0,0.0,18.7,,0.0,0.0,0.0,.031,,7.5,-2.6,4.8
9,0,32,894,128,263,.487,109,225,.484,19,38,.500,90,122,.738,61,80,141,41,24,29,44,61,365
9,1,32,27.9,4.0,8.2,.487,3.4,7.0,.484,0.6,1.2,.500,2.8,3.8,.738,4.4,1.3,0.8,0.9,1.4,1.9,11.4
9,2,32,894,5.7,11.8,.487,4.9,10.1,.484,0.9,1.7,.500,4.0,5.5,.738,6.3,1.8,1.1,1.3,2.0,2.7,16.3
9,3,32,894,9.4,19.4,.487,8.0,16.6,.484,1.4,2.8,.500,6.6,9.0,.738,10.4,3.0,1.8,2.1,3.2,4.5,26.9,,116.4,102.2
9,4,32,894,21.7,.569,.523,.144,.464,346,8.5,10.9,9.7,10.9,1.8,4.3,12.1,22.9,,2.5,1.1,3.7,.164,,1.4,0.8,2.3
10,0,20,91,8,16,.500,8,16,.500,0,0,,9,13,.692,9,7,16,1,0,1,3,12,25
10,1,20,4.6,0.4,0.8,.500,0.4,0.8,.500,0.0,0.0,,0.5,0.7,.692,0.8,0.1,0.0,0.1,0.2,0.6,1.3
10,2,20,91,3.5,7.0,.500,3.5,7.0,.500,0.0,0.0,,4.0,5.7,.692,7.0,0.4,0.0,0.4,1.3,5.3,11.0
10,3,20,91,5.8,11.6,.500,5.8,11.6,.500,0.0,0.0,,6.5,9.4,.692,11.6,0.7,0.0,0.7,2.2,8.7,18.1,,120.2,107.8
10,4,20,91,13.4,.564,.500,.000,.813,26,12.4,9.4,10.9,2.3,0.0,1.4,11.9,15.5,,0.2,0.1,0.3,.121,,-2.1,-3.6,-5.7
11,0,33,1099,156,362,.431,84,170,.494,72,192,.375,101,133,.759,24,85,109,50,25,14,67,61,485
11,1,33,33.3,4.7,11.0,.431,2.5,5.2,.494,2.2,5.8,.375,3.1,4.0,.759,3.3,1.5,0.8,0.4,2.0,1.8,14.7
11,2,33,1099,5.7,13.2,.431,3.1,6.2,.494,2.6,7.0,.375,3.7,4.8,.759,4.0,1.8,0.9,0.5,2.4,2.2,17.7
11,3,33,1099,9.4,21.7,.431,5.0,10.2,.494,4.3,11.5,.375,6.1,8.0,.759,6.5,3.0,1.5,0.8,4.0,3.7,29.1,,110.2,104.8
11,4,33,1099,18.1,.570,.530,.530,.367,423,2.7,9.5,6.1,10.8,1.5,1.7,13.6,25.1,,2.5,1.1,3.6,.132,,2.3,-1.9,0.4
12,0,27,124,4,13,.308,4,11,.364,0,2,.000,4,7,.571,7,13,20,8,3,0,9,12,12
12,1,27,4.6,0.1,0.5,.308,0.1,0.4,.364,0.0,0.1,.000,0.1,0.3,.571,0.7,0.3,0.1,0.0,0.3,0.4,0.4
12,2,27,124,1.3,4.2,.308,1.3,3.5,.364,0.0,0.6,.000,1.3,2.3,.571,6.5,2.6,1.0,0.0,2.9,3.9,3.9
12,3,27,124,2.1,6.9,.308,2.1,5.8,.364,0.0,1.1,.000,2.1,3.7,.571,10.6,4.3,1.6,0.0,4.8,6.4,6.4,,75.4,103.4
12,4,27,124,4.2,.368,.308,.154,.538,18,7.0,12.8,10.0,12.2,1.6,0.0,35.5,11.5,,-0.1,0.1,0.0,.010,,-6.3,-0.1,-6.4
13,0,20,39,1,8,.125,0,3,.000,1,5,.200,3,4,.750,0,1,1,1,1,2,4,7,6
13,1,20,2.0,0.1,0.4,.125,0.0,0.2,.000,0.1,0.3,.200,0.2,0.2,.750,0.1,0.1,0.1,0.1,0.2,0.4,0.3
13,2,20,39,1.0,8.2,.125,0.0,3.1,.000,1.0,5.1,.200,3.1,4.1,.750,1.0,1.0,1.0,2.1,4.1,7.2,6.2
13,3,20,39,1.7,13.5,.125,0.0,5.1,.000,1.7,8.5,.200,5.1,6.8,.750,1.7,1.7,1.7,3.4,6.8,11.8,10.1,,52.7,104.3
13,4,20,39,-4.5,.303,.188,.625,.500,6,0.0,3.1,1.6,4.8,1.7,6.8,28.8,20.0,,-0.1,0.0,-0.1,-.091,,-11.2,0.4,-10.7
14,0,32,467,57,142,.401,43,106,.406,14,36,.389,14,18,.778,10,27,37,63,13,0,41,46,142
14,1,32,14.6,1.8,4.4,.401,1.3,3.3,.406,0.4,1.1,.389,0.4,0.6,.778,1.2,2.0,0.4,0.0,1.3,1.4,4.4
14,2,32,467,4.9,12.2,.401,3.7,9.1,.406,1.2,3.1,.389,1.2,1.5,.778,3.2,5.4,1.1,0.0,3.5,3.9,12.2
14,3,32,467,8.0,20.1,.401,6.1,15.0,.406,2.0,5.1,.389,2.0,2.5,.778,5.2,8.9,1.8,0.0,5.8,6.5,20.1,,93.5,105.7
14,4,32,467,11.1,.472,.451,.254,.127,154,2.7,7.1,4.9,30.6,1.8,0.0,21.4,23.0,,0.2,0.4,0.6,.054,,-3.1,-3.3,-6.4
