0,0,21,65,4,9,.444,3,8,.375,1,1,1.000,2,4,.500,4,10,14,4,4,5,0,4,11
0,1,21,3.1,0.2,0.4,.444,0.1,0.4,.375,0.0,0.0,1.000,0.1,0.2,.500,0.7,0.2,0.2,0.2,0.0,0.2,0.5
0,2,21,65,2.5,5.5,.444,1.8,4.9,.375,0.6,0.6,1.000,1.2,2.5,.500,8.6,2.5,2.5,3.1,0.0,2.5,6.8
0,3,21,65,3.9,8.8,.444,2.9,7.8,.375,1.0,1.0,1.000,2.0,3.9,.500,13.7,3.9,3.9,4.9,0.0,3.9,10.8,,134.0,85.4
0,4,21,65,20.4,.505,.500,.111,.444,13,8.0,18.5,13.4,12.4,3.9,9.8,0.0,9.3,,0.1,0.2,0.3,.197,,-0.3,8.1,7.9
1,0,36,424,49,113,.434,49,113,.434,0,0,,57,81,.704,46,46,92,9,9,21,29,73,155
1,1,36,11.8,1.4,3.1,.434,1.4,3.1,.434,0.0,0.0,,1.6,2.3,.704,2.6,0.3,0.3,0.6,0.8,2.0,4.3
1,2,36,424,4.6,10.7,.434,4.6,10.7,.434,0.0,0.0,,5.4,7.6,.704,8.7,0.8,0.8,2.0,2.7,6.9,14.6
1,3,36,424,7.4,17.0,.434,7.4,17.0,.434,0.0,0.0,,8.6,12.2,.704,13.8,1.4,1.4,3.2,4.4,11.0,23.3,,103.5,94.6
1,4,36,424,16.2,.512,.434,.000,.717,159,14.1,13.0,13.5,4.8,1.4,6.3,16.1,23.6,,0.7,0.8,1.5,.142,,-3.4,0.9,-2.5
2,0,19,187,18,52,.346,3,19,.158,15,33,.455,8,14,.571,3,32,35,2,9,1,10,17,59
2,1,19,9.8,0.9,2.7,.346,0.2,1.0,.158,0.8,1.7,.455,0.4,0.7,.571,1.8,0.1,0.5,0.1,0.5,0.9,3.1
2,2,19,187,3.9,11.1,.346,0.6,4.1,.158,3.2,7.1,.455,1.7,3.0,.571,7.5,0.4,1.9,0.2,2.1,3.6,12.6
2,3,19,187,6.1,17.7,.346,1.0,6.5,.158,5.1,11.2,.455,2.7,4.8,.571,11.9,0.7,3.1,0.3,3.4,5.8,20.1,,91.6,89.9
2,4,19,187,11.9,.503,.490,.635,.269,48,2.1,20.5,11.7,2.3,3.1,0.7,14.6,20.3,,0.1,0.4,0.5,.104,,-3.4,-1.4,-4.7
3,0,36,367,15,44,.341,7,19,.368,8,25,.320,8,8,1.000,6,19,25,31,28,0,23,21,46
3,1,36,10.2,0.4,1.2,.341,0.2,0.5,.368,0.2,0.7,.320,0.2,0.2,1.000,0.7,0.9,0.8,0.0,0.6,0.6,1.3
3,2,36,367,1.6,4.8,.341,0.8,2.1,.368,0.9,2.7,.320,0.9,0.9,1.000,2.7,3.4,3.1,0.0,2.5,2.3,5.0
3,3,36,367,2.6,7.6,.341,1.2,3.3,.368,1.4,4.3,.320,1.4,1.4,1.000,4.3,5.4,4.9,0.0,4.0,3.6,8.0,,87.8,93.7
3,4,36,367,8.9,.481,.432,.568,.182,58,2.1,6.2,4.3,16.4,4.9,0.0,32.5,10.7,,0.0,0.7,0.7,.076,,-2.7,1.9,-0.8
4,0,34,635,103,193,.534,103,193,.534,0,0,,49,69,.710,47,82,129,6,14,44,46,94,255
4,1,34,18.7,3.0,5.7,.534,3.0,5.7,.534,0.0,0.0,,1.4,2.0,.710,3.8,0.2,0.4,1.3,1.4,2.8,7.5
4,2,34,635,6.5,12.2,.534,6.5,12.2,.534,0.0,0.0,,3.1,4.3,.710,8.1,0.4,0.9,2.8,2.9,5.9,16.1
4,3,34,635,10.3,19.3,.534,10.3,19.3,.534,0.0,0.0,,4.9,6.9,.710,12.9,0.6,1.4,4.4,4.6,9.4,25.6,,101.7,92.3
4,4,34,635,18.4,.565,.534,.000,.358,223,9.6,15.5,12.7,2.4,1.4,8.8,16.9,23.7,,0.9,1.3,2.2,.140,,-3.8,2.1,-1.6
5,0,36,1048,108,279,.387,76,175,.434,32,104,.308,63,75,.840,50,131,181,86,40,11,78,74,311
5,1,36,29.1,3.0,7.8,.387,2.1,4.9,.434,0.9,2.9,.308,1.8,2.1,.840,5.0,2.4,1.1,0.3,2.2,2.1,8.6
5,2,36,1048,4.1,10.6,.387,2.9,6.7,.434,1.2,4.0,.308,2.4,2.9,.840,6.9,3.3,1.5,0.4,3.0,2.8,11.9
5,3,36,1048,6.6,16.9,.387,4.6,10.6,.434,1.9,6.3,.308,3.8,4.6,.840,11.0,5.2,2.4,0.7,4.7,4.5,18.9,,97.5,94.0
5,4,36,1048,14.1,.494,.444,.373,.269,331,6.2,15.0,10.8,18.1,2.4,1.3,19.9,20.7,,1.0,2.0,3.0,.113,,-0.9,1.6,0.7
6,0,31,966,107,250,.428,60,120,.500,47,130,.362,89,105,.848,19,77,96,155,32,11,68,47,350
6,1,31,31.2,3.5,8.1,.428,1.9,3.9,.500,1.5,4.2,.362,2.9,3.4,.848,3.1,5.0,1.0,0.4,2.2,1.5,11.3
6,2,31,966,4.4,10.4,.428,2.5,5.0,.500,1.9,5.4,.362,3.7,4.3,.848,4.0,6.4,1.3,0.5,2.8,1.9,14.5
6,3,31,966,7.0,16.5,.428,4.0,7.9,.500,3.1,8.6,.362,5.9,6.9,.848,6.3,10.2,2.1,0.7,4.5,3.1,23.1,,116.9,97.6
6,4,31,966,20.3,.584,.522,.520,.420,385,2.6,9.6,6.2,36.0,2.1,1.5,18.5,21.1,,2.9,1.5,4.4,.184,,4.0,-0.7,3.3
7,0,36,536,43,80,.538,40,68,.588,3,12,.250,21,44,.477,30,55,85,27,9,16,24,63,110
7,1,36,14.9,1.2,2.2,.538,1.1,1.9,.588,0.1,0.3,.250,0.6,1.2,.477,2.4,0.8,0.3,0.4,0.7,1.8,3.1
7,2,36,536,3.2,6.0,.538,3.0,5.1,.588,0.2,0.9,.250,1.6,3.3,.477,6.3,2.0,0.7,1.2,1.8,4.7,8.2
7,3,36,536,5.1,9.5,.538,4.7,8.1,.588,0.4,1.4,.250,2.5,5.2,.477,10.1,3.2,1.1,1.9,2.8,7.5,13.1,,105.5,97.0
7,4,36,536,11.4,.545,.556,.150,.550,118,7.3,12.3,9.9,10.6,1.1,3.8,19.2,12.9,,0.6,0.9,1.5,.109,,-1.8,1.9,0.1
8,0,32,161,15,29,.517,14,25,.560,1,4,.250,17,22,.773,13,12,25,8,2,4,9,11,48
8,1,32,5.0,0.5,0.9,.517,0.4,0.8,.560,0.0,0.1,.250,0.5,0.7,.773,0.8,0.3,0.1,0.1,0.3,0.3,1.5
8,2,32,161,3.7,7.2,.517,3.5,6.2,.560,0.2,1.0,.250,4.2,5.5,.773,6.2,2.0,0.5,1.0,2.2,2.7,11.9
8,3,32,161,5.9,11.5,.517,5.5,9.9,.560,0.4,1.6,.250,6.7,8.7,.773,9.9,3.2,0.8,1.6,3.6,4.3,19.0,,118.0,100.0
8,4,32,161,16.5,.608,.534,.138,.759,51,10.5,8.9,9.7,10.7,0.8,3.2,18.6,16.7,,0.4,0.2,0.6,.152,,-0.2,-0.2,-0.4
9,0,16,54,7,23,.304,3,3,1.000,4,20,.200,4,4,1.000,3,2,5,1,2,0,8,7,22
9,1,16,3.4,0.4,1.4,.304,0.2,0.2,1.000,0.3,1.3,.200,0.3,0.3,1.000,0.3,0.1,0.1,0.0,0.5,0.4,1.4
9,2,16,54,5.2,17.0,.304,2.2,2.2,1.000,3.0,14.8,.200,3.0,3.0,1.000,3.7,0.7,1.5,0.0,5.9,5.2,16.3
9,3,16,54,8.2,27.1,.304,3.5,3.5,1.000,4.7,23.6,.200,4.7,4.7,1.000,5.9,1.2,2.4,0.0,9.4,8.2,25.9,,74.7,99.6
9,4,16,54,4.0,.442,.391,.870,.174,20,7.2,4.4,5.8,4.3,2.4,0.0,24.3,33.7,,-0.1,0.1,0.0,-.031,,-5.3,-5.3,-10.6
10,0,36,357,30,77,.390,21,44,.477,9,33,.273,13,28,.464,10,49,59,13,16,7,27,49,82
10,1,36,9.9,0.8,2.1,.390,0.6,1.2,.477,0.3,0.9,.273,0.4,0.8,.464,1.6,0.4,0.4,0.2,0.8,1.4,2.3
10,2,36,357,3.4,8.6,.390,2.4,4.9,.477,1.0,3.7,.273,1.5,3.1,.464,6.6,1.5,1.8,0.8,3.0,5.5,9.2
10,3,36,357,5.3,13.7,.390,3.7,7.8,.477,1.6,5.9,.273,2.3,5.0,.464,10.5,2.3,2.9,1.2,4.8,8.7,14.6,,79.9,91.3
10,4,36,357,7.8,.454,.448,.429,.364,78,3.6,16.5,10.3,7.7,2.9,2.5,23.0,18.2,,-0.3,0.8,0.5,.057,,-5.2,1.7,-3.5
11,0,36,1081,157,347,.452,83,176,.472,74,171,.433,114,127,.898,16,84,100,68,28,2,73,78,502
11,1,36,30.0,4.4,9.6,.452,2.3,4.9,.472,2.1,4.8,.433,3.2,3.5,.898,2.8,1.9,0.8,0.1,2.0,2.2,13.9
11,2,36,1081,5.8,12.8,.452,3.1,6.5,.472,2.7,6.3,.433,4.2,4.7,.898,3.7,2.5,1.0,0.1,2.7,2.9,18.6
11,3,36,1081,9.2,20.4,.452,4.9,10.4,.472,4.4,10.1,.433,6.7,7.5,.898,5.9,4.0,1.6,0.1,4.3,4.6,29.6,,114.5,99.1
11,4,36,1081,19.2,.616,.559,.493,.366,441,1.9,9.3,5.8,15.3,1.6,0.2,15.2,24.6,,3.1,1.5,4.7,.173,,3.6,-2.0,1.7
12,0,36,998,105,238,.441,57,90,.633,48,148,.324,17,36,.472,35,128,163,94,39,20,37,74,275
12,1,36,27.7,2.9,6.6,.441,1.6,2.5,.633,1.3,4.1,.324,0.5,1.0,.472,4.5,2.6,1.1,0.6,1.0,2.1,7.6
12,2,36,998,4.2,9.5,.441,2.3,3.6,.633,1.9,5.9,.324,0.7,1.4,.472,6.5,3.8,1.6,0.8,1.5,3.0,11.0
12,3,36,998,6.7,15.2,.441,3.6,5.7,.633,3.1,9.4,.324,1.1,2.3,.472,10.4,6.0,2.5,1.3,2.4,4.7,17.5,,113.1,93.1
12,4,36,998,17.0,.539,.542,.622,.151,284,4.6,15.4,10.2,20.9,2.5,2.6,12.7,16.2,,1.9,2.0,3.9,.158,,2.6,2.3,4.9
13,0,35,371,46,122,.377,23,57,.404,23,65,.354,30,36,.833,11,25,36,12,7,3,17,31,145
13,1,35,10.6,1.3,3.5,.377,0.7,1.6,.404,0.7,1.9,.354,0.9,1.0,.833,1.0,0.3,0.2,0.1,0.5,0.9,4.1
13,2,35,371,5.0,13.2,.377,2.5,6.1,.404,2.5,7.0,.354,3.2,3.9,.833,3.9,1.3,0.8,0.3,1.8,3.3,15.6
13,3,35,371,7.9,20.9,.377,3.9,9.8,.404,3.9,11.1,.354,5.1,6.2,.833,6.2,2.1,1.2,0.5,2.9,5.3,24.9,,104.7,100.3
13,4,35,371,13.7,.521,.471,.533,.295,128,3.9,8.1,6.1,7.5,1.2,1.0,10.9,23.3,,0.6,0.5,1.1,.119,,-0.6,-3.2,-3.8
