0,0,36,1014,88,227,.388,53,113,.469,35,114,.307,51,75,.680,37,95,132,66,37,6,60,68,262
0,1,36,28.2,2.4,6.3,.388,1.5,3.1,.469,1.0,3.2,.307,1.4,2.1,.680,3.7,1.8,1.0,0.2,1.7,1.9,7.3
0,2,36,1014,3.5,9.0,.388,2.1,4.5,.469,1.4,4.5,.307,2.0,3.0,.680,5.2,2.6,1.5,0.2,2.4,2.7,10.3
0,3,36,1014,5.3,13.6,.388,3.2,6.8,.469,2.1,6.8,.307,3.1,4.5,.680,7.9,4.0,2.2,0.4,3.6,4.1,15.7,,101.9,104.2
0,4,36,1014,11.8,.499,.465,.502,.330,275,4.4,10.6,7.6,12.6,2.2,0.7,18.6,16.4,,1.0,1.0,2.0,.081,,2.0,1.8,3.9
1,0,20,98,5,10,.500,5,10,.500,0,0,,21,32,.656,13,18,31,0,2,12,5,16,31
1,1,20,4.9,0.3,0.5,.500,0.3,0.5,.500,0.0,0.0,,1.1,1.6,.656,1.6,0.0,0.1,0.6,0.3,0.8,1.6
1,2,20,98,2.0,4.1,.500,2.0,4.1,.500,0.0,0.0,,8.6,13.1,.656,12.7,0.0,0.8,4.9,2.0,6.5,12.7
1,3,20,98,3.1,6.2,.500,3.1,6.2,.500,0.0,0.0,,13.0,19.8,.656,19.2,0.0,1.2,7.4,3.1,9.9,19.2,,126.1,94.6
1,4,20,98,23.2,.615,.500,.000,3.200,34,16.0,20.8,18.5,0.0,1.2,13.6,16.6,15.9,,0.3,0.2,0.5,.197,,-0.4,3.6,3.2
2,0,36,607,51,141,.362,19,51,.373,32,90,.356,23,33,.697,13,58,71,22,10,3,33,54,157
2,1,36,16.9,1.4,3.9,.362,0.5,1.4,.373,0.9,2.5,.356,0.6,0.9,.697,2.0,0.6,0.3,0.1,0.9,1.5,4.4
2,2,36,607,3.4,9.3,.362,1.3,3.4,.373,2.1,5.9,.356,1.5,2.2,.697,4.7,1.4,0.7,0.2,2.2,3.6,10.3
2,3,36,607,5.1,14.1,.362,1.9,5.1,.373,3.2,9.0,.356,2.3,3.3,.697,7.1,2.2,1.0,0.3,3.3,5.4,15.7,,98.4,106.7
2,4,36,607,8.4,.501,.475,.638,.234,148,2.6,10.8,6.8,7.0,1.0,0.5,17.4,16.1,,0.4,0.5,0.9,.058,,0.5,-0.3,0.2
3,0,36,546,61,102,.598,61,101,.604,0,1,.000,21,49,.429,41,83,124,18,14,30,33,92,143
3,1,36,15.2,1.7,2.8,.598,1.7,2.8,.604,0.0,0.0,.000,0.6,1.4,.429,3.4,0.5,0.4,0.8,0.9,2.6,4.0
3,2,36,546,4.5,7.5,.598,4.5,7.4,.604,0.0,0.1,.000,1.5,3.6,.429,9.1,1.3,1.0,2.2,2.4,6.7,10.5
3,3,36,546,6.8,11.3,.598,6.8,11.2,.604,0.0,0.1,.000,2.3,5.5,.429,13.8,2.0,1.6,3.3,3.7,10.2,15.9,,105.1,99.3
3,4,36,546,14.8,.571,.598,.010,.480,145,9.1,17.2,13.3,6.7,1.6,6.1,20.8,14.9,,0.6,0.8,1.5,.107,,0.4,4.7,5.0
4,0,36,1165,158,378,.418,64,156,.410,94,222,.423,122,143,.853,12,53,65,115,31,1,92,49,532
4,1,36,32.4,4.4,10.5,.418,1.8,4.3,.410,2.6,6.2,.423,3.4,4.0,.853,1.8,3.2,0.9,0.0,2.6,1.4,14.8
4,2,36,1165,5.4,13.0,.418,2.2,5.4,.410,3.2,7.6,.423,4.2,4.9,.853,2.2,3.9,1.1,0.0,3.2,1.7,18.3
4,3,36,1165,8.2,19.7,.418,3.3,8.1,.410,4.9,11.6,.423,6.4,7.5,.853,3.4,6.0,1.6,0.1,4.8,2.6,27.7,,116.9,108.5
4,4,36,1165,18.8,.597,.542,.587,.378,512,1.2,5.2,3.3,21.2,1.6,0.1,17.1,23.8,,3.6,0.7,4.3,.147,,6.1,-1.7,4.4
5,0,36,935,165,279,.591,165,279,.591,0,0,,100,150,.667,126,221,347,33,22,45,69,116,430
5,1,36,26.0,4.6,7.8,.591,4.6,7.8,.591,0.0,0.0,,2.8,4.2,.667,9.6,0.9,0.6,1.3,1.9,3.2,11.9
5,2,36,935,7.1,11.9,.591,7.1,11.9,.591,0.0,0.0,,4.3,6.4,.667,14.8,1.4,0.9,1.9,3.0,5.0,18.4
5,3,36,935,10.7,18.1,.591,10.7,18.1,.591,0.0,0.0,,6.5,9.7,.667,22.5,2.1,1.4,2.9,4.5,7.5,27.9,,119.7,95.7
5,4,36,935,27.7,.614,.591,.000,.538,430,16.3,26.8,21.7,8.3,1.4,5.3,16.5,23.1,,3.2,1.7,4.9,.211,,4.1,3.6,7.7
6,0,28,389,52,124,.419,51,112,.455,1,12,.083,22,36,.611,28,42,70,14,14,12,32,32,127
6,1,28,13.9,1.9,4.4,.419,1.8,4.0,.455,0.0,0.4,.083,0.8,1.3,.611,2.5,0.5,0.5,0.4,1.1,1.1,4.5
6,2,28,389,5.3,12.8,.419,5.2,11.5,.455,0.1,1.2,.083,2.3,3.7,.611,7.2,1.4,1.4,1.2,3.3,3.3,13.1
6,3,28,389,8.1,19.4,.419,8.0,17.5,.455,0.2,1.9,.083,3.4,5.6,.611,10.9,2.2,2.2,1.9,5.0,5.0,19.8,,90.0,102.0
6,4,28,389,12.8,.450,.423,.097,.290,128,8.7,12.3,10.5,7.7,2.2,3.4,18.5,22.9,,0.0,0.5,0.5,.052,,-2.6,2.0,-0.6
7,0,13,124,13,32,.406,13,30,.433,0,2,.000,9,10,.900,7,14,21,0,2,4,14,18,35
7,1,13,9.5,1.0,2.5,.406,1.0,2.3,.433,0.0,0.2,.000,0.7,0.8,.900,1.6,0.0,0.2,0.3,1.1,1.4,2.7
7,2,13,124,4.2,10.3,.406,4.2,9.7,.433,0.0,0.6,.000,2.9,3.2,.900,6.8,0.0,0.6,1.3,4.5,5.8,11.3
7,3,13,124,6.4,15.7,.406,6.4,14.7,.433,0.0,1.0,.000,4.4,4.9,.900,10.3,0.0,1.0,2.0,6.9,8.8,17.1,,79.1,104.0
7,4,13,124,6.1,.476,.406,.063,.313,33,6.8,12.8,9.9,0.0,1.0,3.6,27.6,21.1,,-0.1,0.1,0.0,.001,,-7.0,-1.4,-8.4
8,0,5,8,1,1,1.000,0,0,,1,1,1.000,0,0,,0,0,0,2,0,0,1,0,3
8,1,5,1.6,0.2,0.2,1.000,0.0,0.0,,0.2,0.2,1.000,0.0,0.0,,0.0,0.4,0.0,0.0,0.2,0.0,0.6
8,2,5,8,5.0,5.0,1.000,0.0,0.0,,5.0,5.0,1.000,0.0,0.0,,0.0,10.0,0.0,0.0,5.0,0.0,15.0
8,3,5,8,7.6,7.6,1.000,0.0,0.0,,7.6,7.6,1.000,0.0,0.0,,0.0,15.2,0.0,0.0,7.6,0.0,22.8,,157.5,114.9
8,4,5,8,24.2,1.500,1.500,1.000,.000,4,0.0,0.0,0.0,52.5,0.0,0.0,50.0,12.9,,0.0,0.0,0.0,.235,,5.4,-15.6,-10.2
9,0,36,1182,162,364,.445,135,295,.458,27,69,.391,139,166,.837,42,110,152,112,43,4,100,93,490
9,1,36,32.8,4.5,10.1,.445,3.8,8.2,.458,0.8,1.9,.391,3.9,4.6,.837,4.2,3.1,1.2,0.1,2.8,2.6,13.6
9,2,36,1182,5.5,12.3,.445,4.6,10.0,.458,0.9,2.3,.391,4.7,5.6,.837,5.1,3.8,1.5,0.1,3.4,3.1,16.6
9,3,36,1182,8.3,18.7,.445,6.9,15.2,.458,1.4,3.5,.391,7.1,8.5,.837,7.8,5.8,2.2,0.2,5.1,4.8,25.2,,110.1,104.3
9,4,36,1182,18.3,.553,.482,.190,.456,502,4.3,10.6,7.5,20.4,2.2,0.4,18.4,23.7,,2.8,1.2,4.0,.135,,3.3,1.2,4.4
10,0,29,189,11,25,.440,11,25,.440,0,0,,18,30,.600,12,17,29,5,13,2,7,26,40
10,1,29,6.5,0.4,0.9,.440,0.4,0.9,.440,0.0,0.0,,0.6,1.0,.600,1.0,0.2,0.4,0.1,0.2,0.9,1.4
10,2,29,189,2.3,5.3,.440,2.3,5.3,.440,0.0,0.0,,3.8,6.3,.600,6.1,1.1,2.8,0.4,1.5,5.5,8.5
10,3,29,189,3.5,8.0,.440,3.5,8.0,.440,0.0,0.0,,5.8,9.6,.600,9.3,1.6,4.2,0.6,2.3,8.4,12.9,,109.3,99.3
10,4,29,189,12.9,.510,.440,.000,1.200,43,7.7,10.2,9.0,4.9,4.2,1.2,15.1,12.6,,0.2,0.3,0.5,.109,,0.8,3.5,4.2
11,0,36,993,105,272,.386,12,33,.364,93,239,.389,26,37,.703,35,99,134,29,15,5,40,86,329
11,1,36,27.6,2.9,7.6,.386,0.3,0.9,.364,2.6,6.6,.389,0.7,1.0,.703,3.7,0.8,0.4,0.1,1.1,2.4,9.1
11,2,36,993,4.2,11.0,.386,0.5,1.3,.364,3.7,9.6,.389,1.0,1.5,.703,5.4,1.2,0.6,0.2,1.6,3.5,13.3
11,3,36,993,6.4,16.6,.386,0.7,2.0,.364,5.7,14.6,.389,1.6,2.3,.703,8.2,1.8,0.9,0.3,2.4,5.3,20.1,,116.0,106.7
11,4,36,993,13.1,.568,.557,.879,.136,295,4.3,11.3,7.9,5.9,0.9,0.6,12.1,17.1,,2.0,0.8,2.8,.112,,4.9,-0.6,4.3
