0,0,23,395,52,144,.361,31,68,.456,21,76,.276,32,44,.727,11,36,47,13,10,4,19,25,157
0,1,23,17.2,2.3,6.3,.361,1.3,3.0,.456,0.9,3.3,.276,1.4,1.9,.727,2.0,0.6,0.4,0.2,0.8,1.1,6.8
0,2,23,395,5.3,14.6,.361,3.1,6.9,.456,2.1,7.7,.276,3.2,4.5,.727,4.8,1.3,1.0,0.4,1.9,2.5,15.9
0,3,23,395,8.4,23.3,.361,5.0,11.0,.456,3.4,12.3,.276,5.2,7.1,.727,7.6,2.1,1.6,0.6,3.1,4.1,25.4,,97.0,102.8
0,4,23,395,13.6,.476,.434,.528,.306,141,3.4,10.7,7.1,7.4,1.6,1.1,10.3,26.0,,0.3,0.5,0.8,.082,,0.2,-0.5,-0.2
1,0,16,232,29,72,.403,14,28,.500,15,44,.341,10,13,.769,13,37,50,3,5,1,9,15,83
1,1,16,14.5,1.8,4.5,.403,0.9,1.8,.500,0.9,2.8,.341,0.6,0.8,.769,3.1,0.2,0.3,0.1,0.6,0.9,5.2
1,2,16,232,5.0,12.4,.403,2.4,4.8,.500,2.6,7.6,.341,1.7,2.2,.769,8.6,0.5,0.9,0.2,1.6,2.6,14.3
1,3,16,232,8.0,19.9,.403,3.9,7.7,.500,4.1,12.1,.341,2.8,3.6,.769,13.8,0.8,1.4,0.3,2.5,4.1,22.9,,106.2,100.2
1,4,16,232,15.9,.531,.507,.611,.181,74,6.9,18.7,12.9,2.9,1.4,0.5,10.3,21.0,,0.4,0.3,0.7,.120,,1.4,-0.8,0.5
2,0,4,6,1,2,.500,1,1,1.000,0,1,.000,0,0,,0,0,0,0,0,0,0,1,2
2,1,4,1.5,0.3,0.5,.500,0.3,0.3,1.000,0.0,0.3,.000,0.0,0.0,,0.0,0.0,0.0,0.0,0.0,0.3,0.5
2,2,4,6,6.7,13.3,.500,6.7,6.7,1.000,0.0,6.7,.000,0.0,0.0,,0.0,0.0,0.0,0.0,0.0,6.7,13.3
2,3,4,6,10.7,21.3,.500,10.7,10.7,1.000,0.0,10.7,.000,0.0,0.0,,0.0,0.0,0.0,0.0,0.0,10.7,21.3,,102.9,111.0
2,4,4,6,7.6,.500,.500,.500,.000,1,0.0,0.0,0.0,0.0,0.0,0.0,0.0,18.6,,0.0,0.0,0.0,.056,,-0.4,-3.9,-4.3
3,0,4,6,0,1,.000,0,1,.000,0,0,,0,0,,0,0,0,1,0,0,0,1,0
3,1,4,1.5,0.0,0.3,.000,0.0,0.3,.000,0.0,0.0,,0.0,0.0,,0.0,0.3,0.0,0.0,0.0,0.3,0.0
3,2,4,6,0.0,6.7,.000,0.0,6.7,.000,0.0,0.0,,0.0,0.0,,0.0,6.7,0.0,0.0,0.0,6.7,0.0
3,3,4,6,0.0,10.7,.000,0.0,10.7,.000,0.0,0.0,,0.0,0.0,,0.0,10.7,0.0,0.0,0.0,10.7,0.0,,58.8,111.0
3,4,4,6,-3.6,.000,.000,.000,.000,1,0.0,0.0,0.0,29.0,0.0,0.0,0.0,9.3,,0.0,0.0,0.0,-.042,,-9.6,-6.2,-15.8
4,0,33,1010,109,214,.509,109,214,.509,0,0,,67,92,.728,104,232,336,39,19,48,47,102,285
4,1,33,30.6,3.3,6.5,.509,3.3,6.5,.509,0.0,0.0,,2.0,2.8,.728,10.2,1.2,0.6,1.5,1.4,3.1,8.6
4,2,33,1010,4.3,8.5,.509,4.3,8.5,.509,0.0,0.0,,2.7,3.6,.728,13.3,1.5,0.8,1.9,1.9,4.0,11.3
4,3,33,1010,6.9,13.6,.509,6.9,13.6,.509,0.0,0.0,,4.2,5.8,.728,21.3,2.5,1.2,3.0,3.0,6.5,18.1,,114.8,94.0
4,4,33,1010,20.1,.553,.509,.000,.430,317,12.6,27.0,20.0,8.3,1.2,5.3,15.4,16.8,,2.1,2.1,4.2,.168,,1.1,6.0,7.1
5,0,33,754,83,190,.437,34,84,.405,49,106,.462,45,52,.865,9,35,44,60,17,0,35,46,260
5,1,33,22.8,2.5,5.8,.437,1.0,2.5,.405,1.5,3.2,.462,1.4,1.6,.865,1.3,1.8,0.5,0.0,1.1,1.4,7.9
5,2,33,754,4.4,10.1,.437,1.8,4.5,.405,2.6,5.6,.462,2.4,2.8,.865,2.3,3.2,0.9,0.0,1.9,2.4,13.8
5,3,33,754,7.0,16.1,.437,2.9,7.1,.405,4.2,9.0,.462,3.8,4.4,.865,3.7,5.1,1.4,0.0,3.0,3.9,22.1,,117.4,106.1
5,4,33,754,15.5,.605,.566,.558,.274,245,1.5,5.5,3.5,17.1,1.4,0.0,14.0,18.5,,1.8,0.7,2.5,.131,,4.2,-0.4,3.9
6,0,33,1109,171,344,.497,123,211,.583,48,133,.361,94,116,.810,27,126,153,67,33,6,44,52,484
6,1,33,33.6,5.2,10.4,.497,3.7,6.4,.583,1.5,4.0,.361,2.8,3.5,.810,4.6,2.0,1.0,0.2,1.3,1.6,14.7
6,2,33,1109,6.2,12.4,.497,4.4,7.6,.583,1.7,4.8,.361,3.4,4.2,.810,5.5,2.4,1.2,0.2,1.6,1.9,17.5
6,3,33,1109,9.9,19.9,.497,7.1,12.2,.583,2.8,7.7,.361,5.4,6.7,.810,8.8,3.9,1.9,0.3,2.5,3.0,27.9,,121.7,101.4
6,4,33,1109,22.0,.606,.567,.387,.337,438,3.0,13.4,8.3,14.3,1.9,0.6,9.9,22.3,,3.6,1.5,5.1,.183,,6.2,1.9,8.2
7,0,30,370,34,79,.430,32,71,.451,2,8,.250,34,54,.630,5,23,28,39,8,2,31,27,104
7,1,30,12.3,1.1,2.6,.430,1.1,2.4,.451,0.1,0.3,.250,1.1,1.8,.630,0.9,1.3,0.3,0.1,1.0,0.9,3.5
7,2,30,370,3.7,8.5,.430,3.5,7.7,.451,0.2,0.9,.250,3.7,5.8,.630,3.0,4.2,0.9,0.2,3.4,2.9,11.2
7,3,30,370,5.9,13.7,.430,5.5,12.3,.451,0.3,1.4,.250,5.9,9.3,.630,4.8,6.7,1.4,0.3,5.4,4.7,18.0,,93.6,105.0
7,4,30,370,10.3,.497,.443,.101,.684,113,1.7,7.3,4.5,21.8,1.4,0.6,22.9,20.5,,0.1,0.4,0.5,.056,,-2.5,0.3,-2.3
8,0,33,452,47,113,.416,25,54,.463,22,59,.373,12,19,.632,12,34,46,22,4,8,25,26,128
8,1,33,13.7,1.4,3.4,.416,0.8,1.6,.463,0.7,1.8,.373,0.4,0.6,.632,1.4,0.7,0.1,0.2,0.8,0.8,3.9
8,2,33,452,4.2,10.0,.416,2.2,4.8,.463,1.9,5.2,.373,1.1,1.7,.632,4.1,1.9,0.4,0.7,2.2,2.3,11.3
8,3,33,452,6.7,16.0,.416,3.5,7.6,.463,3.1,8.4,.373,1.7,2.7,.632,6.5,3.1,0.6,1.1,3.5,3.7,18.1,,98.1,105.5
8,4,33,452,10.6,.524,.513,.522,.168,120,3.3,8.8,6.1,10.3,0.6,2.0,17.0,18.2,,0.3,0.4,0.8,.066,,0.1,0.8,0.9
9,0,25,651,65,131,.496,32,64,.500,33,67,.493,30,40,.750,20,66,86,38,23,8,23,55,193
9,1,25,26.0,2.6,5.2,.496,1.3,2.6,.500,1.3,2.7,.493,1.2,1.6,.750,3.4,1.5,0.9,0.3,0.9,2.2,7.7
9,2,25,651,4.0,8.0,.496,2.0,3.9,.500,2.0,4.1,.493,1.8,2.5,.750,5.3,2.3,1.4,0.5,1.4,3.4,11.9
9,3,25,651,6.4,12.9,.496,3.1,6.3,.500,3.2,6.6,.493,3.0,3.9,.750,8.5,3.7,2.3,0.8,2.3,5.4,19.0,,124.7,100.6
9,4,25,651,17.1,.643,.622,.511,.305,182,3.8,11.9,7.9,12.3,2.3,1.4,13.3,14.8,,1.6,0.9,2.5,.155,,4.8,3.3,8.1
10,0,31,897,108,322,.335,60,165,.364,48,157,.306,114,153,.745,14,60,74,125,58,9,73,84,378
10,1,31,28.9,3.5,10.4,.335,1.9,5.3,.364,1.5,5.1,.306,3.7,4.9,.745,2.4,4.0,1.9,0.3,2.4,2.7,12.2
10,2,31,897,4.8,14.4,.335,2.7,7.4,.364,2.1,7.0,.306,5.1,6.8,.745,3.3,5.6,2.6,0.4,3.3,3.7,16.9
10,3,31,897,7.7,23.0,.335,4.3,11.8,.364,3.4,11.2,.306,8.1,10.9,.745,5.3,8.9,4.1,0.6,5.2,6.0,27.0,,100.4,98.3
10,4,31,897,18.1,.479,.410,.488,.475,403,1.9,7.9,5.0,30.6,4.1,1.1,15.6,29.1,,1.3,1.5,2.8,.125,,3.3,2.5,5.8
11,0,31,524,58,138,.420,35,66,.530,23,72,.319,13,20,.650,20,51,71,18,8,15,12,50,152
11,1,31,16.9,1.9,4.5,.420,1.1,2.1,.530,0.7,2.3,.319,0.4,0.6,.650,2.3,0.6,0.3,0.5,0.4,1.6,4.9
11,2,31,524,4.4,10.5,.420,2.7,5.0,.530,1.8,5.5,.319,1.0,1.5,.650,5.4,1.4,0.6,1.1,0.9,3.8,11.6
11,3,31,524,7.1,16.9,.420,4.3,8.1,.530,2.8,8.8,.319,1.6,2.4,.650,8.7,2.2,1.0,1.8,1.5,6.1,18.6,,109.4,102.6
11,4,31,524,13.5,.515,.504,.522,.145,141,4.7,11.4,8.1,7.4,1.0,3.2,7.5,17.0,,0.8,0.7,1.4,.110,,1.7,2.1,3.8
12,0,27,294,14,25,.560,14,25,.560,0,0,,3,13,.231,25,30,55,8,6,3,6,28,31
12,1,27,10.9,0.5,0.9,.560,0.5,0.9,.560,0.0,0.0,,0.1,0.5,.231,2.0,0.3,0.2,0.1,0.2,1.0,1.1
12,2,27,294,1.9,3.4,.560,1.9,3.4,.560,0.0,0.0,,0.4,1.8,.231,7.5,1.1,0.8,0.4,0.8,3.8,4.2
12,3,27,294,3.0,5.4,.560,3.0,5.4,.560,0.0,0.0,,0.7,2.8,.231,12.0,1.7,1.3,0.7,1.3,6.1,6.8,,115.6,102.7
12,4,27,294,9.3,.497,.560,.000,.520,44,10.4,12.0,11.2,5.2,1.3,1.1,16.1,7.1,,0.3,0.4,0.7,.091,,0.1,3.4,3.5
