0,0,19,319,29,73,.397,13,26,.500,16,47,.340,11,20,.550,11,29,40,17,11,2,14,21,85
0,1,19,16.8,1.5,3.8,.397,0.7,1.4,.500,0.8,2.5,.340,0.6,1.1,.550,2.1,0.9,0.6,0.1,0.7,1.1,4.5
0,2,19,319,3.6,9.2,.397,1.6,3.3,.500,2.0,5.9,.340,1.4,2.5,.550,5.0,2.1,1.4,0.3,1.8,2.6,10.7
0,3,19,319,5.6,14.1,.397,2.5,5.0,.500,3.1,9.1,.340,2.1,3.9,.550,7.7,3.3,2.1,0.4,2.7,4.0,16.4,,105.4,102.3
0,4,19,319,12.6,.515,.507,.644,.274,84,4.1,10.6,7.4,10.4,2.1,0.7,14.5,15.9,,0.4,0.4,0.8,.096,,2.3,0.8,3.0
1,0,22,147,13,27,.481,13,27,.481,0,0,,10,17,.588,21,12,33,2,4,11,7,27,36
1,1,22,6.7,0.6,1.2,.481,0.6,1.2,.481,0.0,0.0,,0.5,0.8,.588,1.5,0.1,0.2,0.5,0.3,1.2,1.6
1,2,22,147,3.5,7.3,.481,3.5,7.3,.481,0.0,0.0,,2.7,4.6,.588,9.0,0.5,1.1,3.0,1.9,7.3,9.8
1,3,22,147,5.4,11.3,.481,5.4,11.3,.481,0.0,0.0,,4.2,7.1,.588,13.8,0.8,1.7,4.6,2.9,11.3,15.1,,110.4,99.5
1,4,22,147,15.7,.513,.481,.000,.630,42,16.9,9.5,13.2,2.6,1.7,8.4,16.6,15.0,,0.2,0.2,0.5,.125,,0.4,4.2,4.6
2,0,31,618,73,171,.427,32,67,.478,41,104,.394,36,47,.766,26,60,86,16,15,1,21,41,223
2,1,31,19.9,2.4,5.5,.427,1.0,2.2,.478,1.3,3.4,.394,1.2,1.5,.766,2.8,0.5,0.5,0.0,0.7,1.3,7.2
2,2,31,618,4.7,11.1,.427,2.1,4.3,.478,2.7,6.7,.394,2.3,3.0,.766,5.6,1.0,1.0,0.1,1.4,2.7,14.4
2,3,31,618,7.3,17.0,.427,3.2,6.7,.478,4.1,10.3,.394,3.6,4.7,.766,8.6,1.6,1.5,0.1,2.1,4.1,22.2,,118.9,103.6
2,4,31,618,16.4,.577,.547,.608,.275,201,5.0,11.3,8.2,5.3,1.5,0.2,9.8,18.2,,1.5,0.6,2.2,.140,,4.3,-0.9,3.4
3,0,31,891,105,310,.339,37,104,.356,68,206,.330,57,71,.803,4,62,66,60,22,0,53,35,335
3,1,31,28.7,3.4,10.0,.339,1.2,3.4,.356,2.2,6.6,.330,1.8,2.3,.803,2.1,1.9,0.7,0.0,1.7,1.1,10.8
3,2,31,891,4.7,13.9,.339,1.7,4.7,.356,3.1,9.2,.330,2.6,3.2,.803,3.0,2.7,1.0,0.0,2.4,1.6,15.0
3,3,31,891,7.2,21.4,.339,2.6,7.2,.356,4.7,14.2,.330,3.9,4.9,.803,4.6,4.1,1.5,0.0,3.7,2.4,23.1,,99.8,105.4
3,4,31,891,12.6,.487,.448,.665,.229,313,0.5,8.1,4.3,13.9,1.5,0.0,13.4,23.4,,1.0,0.8,1.8,.081,,2.2,-1.5,0.7
4,0,7,4,0,2,.000,0,1,.000,0,1,.000,0,0,,0,2,2,0,0,0,1,0,0
4,1,7,0.6,0.0,0.3,.000,0.0,0.1,.000,0.0,0.1,.000,0.0,0.0,,0.3,0.0,0.0,0.0,0.1,0.0,0.0
4,2,7,4,0.0,20.0,.000,0.0,10.0,.000,0.0,10.0,.000,0.0,0.0,,20.0,0.0,0.0,0.0,10.0,0.0,0.0
4,3,7,4,0.0,30.7,.000,0.0,15.4,.000,0.0,15.4,.000,0.0,0.0,,30.7,0.0,0.0,0.0,15.4,0.0,0.0,,0.0,85.2
4,4,7,4,-28.7,.000,.000,.500,.000,0,0.0,58.4,29.4,0.0,0.0,0.0,33.3,39.4,,-0.1,0.0,-0.1,-.506,,-36.5,-9.4,-45.9
5,0,23,602,88,179,.492,84,168,.500,4,11,.364,51,72,.708,59,106,165,36,14,23,37,70,231
5,1,23,26.2,3.8,7.8,.492,3.7,7.3,.500,0.2,0.5,.364,2.2,3.1,.708,7.2,1.6,0.6,1.0,1.6,3.0,10.0
5,2,23,602,5.8,11.9,.492,5.6,11.2,.500,0.3,0.7,.364,3.4,4.8,.708,11.0,2.4,0.9,1.5,2.5,4.7,15.3
5,3,23,602,9.0,18.3,.492,8.6,17.2,.500,0.4,1.1,.364,5.2,7.4,.708,16.9,3.7,1.4,2.3,3.8,7.2,23.6,,112.0,97.1
5,4,23,602,21.6,.542,.503,.061,.402,242,11.6,20.6,16.1,13.1,1.4,4.3,14.8,21.8,,1.5,1.0,2.5,.166,,2.6,3.6,6.2
6,0,23,398,51,113,.451,49,105,.467,2,8,.250,31,50,.620,29,54,83,9,13,11,21,38,135
6,1,23,17.3,2.2,4.9,.451,2.1,4.6,.467,0.1,0.3,.250,1.3,2.2,.620,3.6,0.4,0.6,0.5,0.9,1.7,5.9
6,2,23,398,5.1,11.4,.451,4.9,10.6,.467,0.2,0.8,.250,3.1,5.0,.620,8.3,0.9,1.3,1.1,2.1,3.8,13.6
6,3,23,398,7.9,17.5,.451,7.6,16.2,.467,0.3,1.2,.250,4.8,7.7,.620,12.8,1.4,2.0,1.7,3.2,5.9,20.9,,101.6,98.8
6,4,23,398,16.1,.494,.460,.071,.442,132,8.6,15.8,12.2,4.8,2.0,3.1,13.3,20.8,,0.5,0.6,1.1,.110,,-0.9,1.5,0.6
7,0,32,877,137,280,.489,109,213,.512,28,67,.418,73,115,.635,58,112,170,23,19,51,50,72,375
7,1,32,27.4,4.3,8.8,.489,3.4,6.7,.512,0.9,2.1,.418,2.3,3.6,.635,5.3,0.7,0.6,1.6,1.6,2.3,11.7
7,2,32,877,6.2,12.8,.489,5.0,9.7,.512,1.3,3.1,.418,3.3,5.2,.635,7.8,1.0,0.9,2.3,2.3,3.3,17.1
7,3,32,877,9.6,19.6,.489,7.6,14.9,.512,2.0,4.7,.418,5.1,8.1,.635,11.9,1.6,1.3,3.6,3.5,5.0,26.3,,110.8,99.2
7,4,32,877,21.3,.560,.539,.239,.411,346,7.8,14.9,11.4,5.9,1.3,6.5,13.0,23.0,,2.1,1.3,3.3,.152,,2.4,2.9,5.3
8,0,32,820,73,203,.360,41,104,.394,32,99,.323,60,70,.857,18,62,80,81,50,2,60,52,238
8,1,32,25.6,2.3,6.3,.360,1.3,3.3,.394,1.0,3.1,.323,1.9,2.2,.857,2.5,2.5,1.6,0.1,1.9,1.6,7.4
8,2,32,820,3.6,9.9,.360,2.0,5.1,.394,1.6,4.8,.323,2.9,3.4,.857,3.9,4.0,2.4,0.1,2.9,2.5,11.6
8,3,32,820,5.5,15.2,.360,3.1,7.8,.394,2.4,7.4,.323,4.5,5.2,.857,6.0,6.1,3.7,0.1,4.5,3.9,17.8,,100.4,99.8
8,4,32,820,14.2,.504,.438,.488,.345,255,2.6,8.8,5.7,19.2,3.7,0.3,20.3,19.0,,0.9,1.2,2.0,.099,,2.1,1.9,4.0
9,0,33,796,86,184,.467,46,77,.597,40,107,.374,18,25,.720,20,95,115,47,22,2,42,70,230
9,1,33,24.1,2.6,5.6,.467,1.4,2.3,.597,1.2,3.2,.374,0.5,0.8,.720,3.5,1.4,0.7,0.1,1.3,2.1,7.0
9,2,33,796,4.3,9.2,.467,2.3,3.9,.597,2.0,5.4,.374,0.9,1.3,.720,5.8,2.4,1.1,0.1,2.1,3.5,11.6
9,3,33,796,6.6,14.2,.467,3.6,5.9,.597,3.1,8.3,.374,1.4,1.9,.720,8.9,3.6,1.7,0.2,3.2,5.4,17.8,,110.1,101.8
9,4,33,796,13.7,.587,.576,.582,.136,218,3.0,13.9,8.5,11.9,1.7,0.3,17.7,15.7,,1.3,1.0,2.2,.112,,3.1,1.0,4.1
10,0,8,12,0,2,.000,0,1,.000,0,1,.000,2,4,.500,1,0,1,1,0,0,0,0,2
10,1,8,1.5,0.0,0.3,.000,0.0,0.1,.000,0.0,0.1,.000,0.3,0.5,.500,0.1,0.1,0.0,0.0,0.0,0.0,0.3
10,2,8,12,0.0,6.7,.000,0.0,3.3,.000,0.0,3.3,.000,6.7,13.3,.500,3.3,3.3,0.0,0.0,0.0,0.0,6.7
10,3,8,12,0.0,10.2,.000,0.0,5.1,.000,0.0,5.1,.000,10.2,20.5,.500,5.1,5.1,0.0,0.0,0.0,0.0,10.2,,88.6,112.8
10,4,8,12,5.8,.256,.000,.500,2.000,3,9.8,0.0,4.9,13.8,0.0,0.0,0.0,17.1,,0.0,0.0,0.0,.005,,-1.0,-3.5,-4.5
11,0,30,997,136,300,.453,117,239,.490,19,61,.311,97,122,.795,51,111,162,93,31,5,54,67,388
11,1,30,33.2,4.5,10.0,.453,3.9,8.0,.490,0.6,2.0,.311,3.2,4.1,.795,5.4,3.1,1.0,0.2,1.8,2.2,12.9
11,2,30,997,5.5,12.0,.453,4.7,9.6,.490,0.8,2.4,.311,3.9,4.9,.795,6.5,3.7,1.2,0.2,2.2,2.7,15.6
11,3,30,997,8.4,18.5,.453,7.2,14.7,.490,1.2,3.8,.311,6.0,7.5,.795,10.0,5.7,1.9,0.3,3.3,4.1,23.9,,115.3,101.7
11,4,30,997,20.1,.542,.485,.203,.407,405,6.0,13.0,9.5,20.0,1.9,0.6,13.1,21.7,,2.8,1.2,4.0,.161,,4.5,1.5,6.1
12,0,23,269,23,46,.500,23,44,.523,0,2,.000,8,17,.471,20,20,40,7,9,10,8,46,54
12,1,23,11.7,1.0,2.0,.500,1.0,1.9,.523,0.0,0.1,.000,0.3,0.7,.471,1.7,0.3,0.4,0.4,0.3,2.0,2.3
12,2,23,269,3.4,6.8,.500,3.4,6.5,.523,0.0,0.3,.000,1.2,2.5,.471,5.9,1.0,1.3,1.5,1.2,6.8,8.0
12,3,23,269,5.3,10.5,.500,5.3,10.1,.523,0.0,0.5,.000,1.8,3.9,.471,9.1,1.6,2.1,2.3,1.8,10.5,12.3,,108.0,101.1
12,4,23,269,11.3,.499,.500,.043,.370,59,8.8,8.7,8.7,5.0,2.1,4.2,12.9,12.1,,0.3,0.3,0.7,.098,,0.2,3.5,3.7
