0,0,33,1103,106,290,.366,78,180,.433,28,110,.255,96,143,.671,25,132,157,95,42,6,62,63,336
0,1,33,33.4,3.2,8.8,.366,2.4,5.5,.433,0.8,3.3,.255,2.9,4.3,.671,4.8,2.9,1.3,0.2,1.9,1.9,10.2
0,2,33,1103,3.8,10.5,.366,2.8,6.5,.433,1.0,4.0,.255,3.5,5.2,.671,5.7,3.4,1.5,0.2,2.2,2.3,12.2
0,3,33,1103,6.6,18.1,.366,4.9,11.3,.433,1.8,6.9,.255,6.0,8.9,.671,9.8,5.9,2.6,0.4,3.9,3.9,21.0,,99.9,100.2
0,4,33,1103,14.7,.469,.414,.379,.493,347,2.8,14.4,8.7,19.9,2.6,0.7,14.8,22.1,,0.9,1.9,2.8,.100,,1.2,2.4,3.6
1,0,25,267,5,15,.333,5,15,.333,0,0,,9,15,.600,16,28,44,2,1,12,7,40,19
1,1,25,10.7,0.2,0.6,.333,0.2,0.6,.333,0.0,0.0,,0.4,0.6,.600,1.8,0.1,0.0,0.5,0.3,1.6,0.8
1,2,25,267,0.7,2.2,.333,0.7,2.2,.333,0.0,0.0,,1.3,2.2,.600,6.6,0.3,0.1,1.8,1.0,6.0,2.8
1,3,25,267,1.3,3.9,.333,1.3,3.9,.333,0.0,0.0,,2.3,3.9,.600,11.4,0.5,0.3,3.1,1.8,10.3,4.9,,94.2,103.3
1,4,25,267,5.2,.429,.333,.000,1.000,26,7.5,12.6,10.1,1.5,0.3,5.5,24.0,6.3,,0.0,0.4,0.4,.059,,-3.7,3.8,0.1
2,0,33,1167,174,403,.432,111,204,.544,63,199,.317,102,135,.756,47,146,193,76,27,4,51,62,513
2,1,33,35.4,5.3,12.2,.432,3.4,6.2,.544,1.9,6.0,.317,3.1,4.1,.756,5.8,2.3,0.8,0.1,1.5,1.9,15.5
2,2,33,1167,6.0,13.8,.432,3.8,7.0,.544,2.2,6.8,.317,3.5,4.6,.756,6.6,2.6,0.9,0.1,1.7,2.1,17.6
2,3,33,1167,10.3,23.8,.432,6.6,12.1,.544,3.7,11.8,.317,6.0,8.0,.756,11.4,4.5,1.6,0.2,3.0,3.7,30.3,,116.7,102.4
2,4,33,1167,21.7,.549,.510,.494,.335,484,5.0,15.0,10.1,17.1,1.6,0.4,9.8,25.8,,3.3,1.7,5.1,.174,,6.7,0.6,7.3
3,0,3,4,0,0,,0,0,,0,0,,0,0,,0,0,0,0,0,0,3,0,0
3,1,3,1.3,0.0,0.0,,0.0,0.0,,0.0,0.0,,0.0,0.0,,0.0,0.0,0.0,0.0,1.0,0.0,0.0
3,2,3,4,0.0,0.0,,0.0,0.0,,0.0,0.0,,0.0,0.0,,0.0,0.0,0.0,0.0,30.0,0.0,0.0
3,3,3,4,0.0,0.0,,0.0,0.0,,0.0,0.0,,0.0,0.0,,0.0,0.0,0.0,0.0,51.7,0.0,0.0,,0.0,114.2
3,4,3,4,-53.7,,,,,0,0.0,0.0,0.0,0.0,0.0,0.0,100.0,43.6,,-0.1,0.0,-0.1,-.888,,-45.1,2.2,-42.9
4,0,5,5,1,4,.250,1,1,1.000,0,3,.000,0,0,,0,1,1,0,0,0,1,1,2
4,1,5,1.0,0.2,0.8,.250,0.2,0.2,1.000,0.0,0.6,.000,0.0,0.0,,0.2,0.0,0.0,0.0,0.2,0.2,0.4
4,2,5,5,8.0,32.0,.250,8.0,8.0,1.000,0.0,24.0,.000,0.0,0.0,,8.0,0.0,0.0,0.0,8.0,8.0,16.0
4,3,5,5,13.8,55.2,.250,13.8,13.8,1.000,0.0,41.4,.000,0.0,0.0,,13.8,0.0,0.0,0.0,13.8,13.8,27.6,,43.8,100.6
4,4,5,5,-20.6,.250,.250,.750,.000,2,0.0,24.1,12.2,0.0,0.0,0.0,20.0,58.1,,-0.1,0.0,-0.1,-.407,,-23.3,-14.4,-37.8
5,0,33,705,57,125,.456,57,125,.456,0,0,,25,43,.581,67,113,180,22,21,29,31,87,139
5,1,33,21.4,1.7,3.8,.456,1.7,3.8,.456,0.0,0.0,,0.8,1.3,.581,5.5,0.7,0.6,0.9,0.9,2.6,4.2
5,2,33,705,3.2,7.1,.456,3.2,7.1,.456,0.0,0.0,,1.4,2.4,.581,10.2,1.2,1.2,1.6,1.8,4.9,7.9
5,3,33,705,5.6,12.2,.456,5.6,12.2,.456,0.0,0.0,,2.4,4.2,.581,17.6,2.2,2.1,2.8,3.0,8.5,13.6,,101.8,96.3
5,4,33,705,14.6,.478,.456,.000,.344,160,11.8,19.3,15.6,7.0,2.1,5.1,17.6,14.5,,0.5,1.5,2.0,.111,,-1.1,5.3,4.2
6,0,27,482,65,134,.485,50,97,.515,15,37,.405,18,27,.667,26,75,101,15,11,11,18,42,163
6,1,27,17.9,2.4,5.0,.485,1.9,3.6,.515,0.6,1.4,.405,0.7,1.0,.667,3.7,0.6,0.4,0.4,0.7,1.6,6.0
6,2,27,482,5.4,11.1,.485,4.1,8.0,.515,1.2,3.1,.405,1.5,2.2,.667,8.4,1.2,0.9,0.9,1.5,3.5,13.5
6,3,27,482,9.3,19.2,.485,7.2,13.9,.515,2.1,5.3,.405,2.6,3.9,.667,14.5,2.1,1.6,1.6,2.6,6.0,23.3,,113.0,99.1
6,4,27,482,18.7,.555,.541,.276,.201,149,6.7,18.7,12.8,7.9,1.6,2.8,10.9,19.9,,0.9,0.9,1.8,.147,,1.6,1.8,3.4
7,0,31,810,93,205,.454,81,165,.491,12,40,.300,35,58,.603,67,87,154,5,11,46,39,62,233
7,1,31,26.1,3.0,6.6,.454,2.6,5.3,.491,0.4,1.3,.300,1.1,1.9,.603,5.0,0.2,0.4,1.5,1.3,2.0,7.5
7,2,31,810,4.6,10.1,.454,4.0,8.1,.491,0.6,2.0,.300,1.7,2.9,.603,7.6,0.2,0.5,2.3,1.9,3.1,11.5
7,3,31,810,7.9,17.5,.454,6.9,14.1,.491,1.0,3.4,.300,3.0,4.9,.603,13.1,0.4,0.9,3.9,3.3,5.3,19.8,,100.9,101.4
7,4,31,810,15.3,.501,.483,.195,.283,224,10.3,12.9,11.6,1.5,0.9,7.0,14.4,19.5,,0.6,1.3,1.9,.095,,-1.5,2.6,1.1
8,0,33,924,85,200,.425,58,132,.439,27,68,.397,56,73,.767,23,47,70,77,21,1,58,63,253
8,1,33,28.0,2.6,6.1,.425,1.8,4.0,.439,0.8,2.1,.397,1.7,2.2,.767,2.1,2.3,0.6,0.0,1.8,1.9,7.7
8,2,33,924,3.7,8.7,.425,2.5,5.7,.439,1.2,2.9,.397,2.4,3.2,.767,3.0,3.3,0.9,0.0,2.5,2.7,11.0
8,3,33,924,6.3,14.9,.425,4.3,9.9,.439,2.0,5.1,.397,4.2,5.4,.767,5.2,5.7,1.6,0.1,4.3,4.7,18.9,,104.3,107.0
8,4,33,924,12.1,.539,.493,.340,.365,260,3.1,6.1,4.6,19.0,1.6,0.1,19.8,18.4,,1.0,1.0,2.0,.086,,1.2,0.0,1.2
9,0,33,683,71,207,.343,31,95,.326,40,112,.357,35,52,.673,12,43,55,38,16,4,44,55,217
9,1,33,20.7,2.2,6.3,.343,0.9,2.9,.326,1.2,3.4,.357,1.1,1.6,.673,1.7,1.2,0.5,0.1,1.3,1.7,6.6
9,2,33,683,4.2,12.1,.343,1.8,5.6,.326,2.3,6.6,.357,2.0,3.0,.673,3.2,2.2,0.9,0.2,2.6,3.2,12.7
9,3,33,683,7.2,20.9,.343,3.1,9.6,.326,4.0,11.3,.357,3.5,5.3,.673,5.6,3.8,1.6,0.4,4.4,5.6,21.9,,93.2,105.8
9,4,33,683,9.5,.468,.440,.541,.251,204,2.2,7.6,4.9,13.1,1.6,0.7,16.0,23.4,,0.1,0.8,0.9,.052,,-0.4,-0.7,-1.1
10,0,2,2,0,0,,0,0,,0,0,,0,0,,0,0,0,0,0,0,0,0,0
10,1,2,1.0,0.0,0.0,,0.0,0.0,,0.0,0.0,,0.0,0.0,,0.0,0.0,0.0,0.0,0.0,0.0,0.0
10,2,2,2,0.0,0.0,,0.0,0.0,,0.0,0.0,,0.0,0.0,,0.0,0.0,0.0,0.0,0.0,0.0,0.0
10,3,2,2,0.0,0.0,,0.0,0.0,,0.0,0.0,,0.0,0.0,,0.0,0.0,0.0,0.0,0.0,0.0,0.0,,,114.2
10,4,2,2,0.0,,,,,0,0.0,0.0,0.0,0.0,0.0,0.0,,0.0,,0.0,0.0,0.0,.016,,-4.4,1.6,-2.8
11,0,31,571,55,107,.514,54,100,.540,1,7,.143,43,64,.672,30,55,85,16,11,11,13,47,154
11,1,31,18.4,1.8,3.5,.514,1.7,3.2,.540,0.0,0.2,.143,1.4,2.1,.672,2.7,0.5,0.4,0.4,0.4,1.5,5.0
11,2,31,571,3.9,7.5,.514,3.8,7.0,.540,0.1,0.5,.143,3.0,4.5,.672,6.0,1.1,0.8,0.8,0.9,3.3,10.8
11,3,31,571,6.6,12.9,.514,6.5,12.1,.540,0.1,0.8,.143,5.2,7.7,.672,10.3,1.9,1.3,1.3,1.6,5.7,18.6,,120.9,103.5
11,4,31,571,15.9,.560,.519,.065,.598,149,6.5,11.6,9.1,6.5,1.3,2.4,8.6,15.3,,1.2,0.8,2.0,.137,,1.0,1.8,2.8
