0,0,29,494,44,93,.473,43,89,.483,1,4,.250,39,61,.639,36,58,94,14,13,9,27,71,128
0,1,29,17.0,1.5,3.2,.473,1.5,3.1,.483,0.0,0.1,.250,1.3,2.1,.639,3.2,0.5,0.4,0.3,0.9,2.4,4.4
0,2,29,494,3.6,7.5,.473,3.5,7.2,.483,0.1,0.3,.250,3.2,4.9,.639,7.6,1.1,1.1,0.7,2.2,5.7,10.4
0,3,29,494,5.4,11.5,.473,5.3,11.0,.483,0.1,0.5,.250,4.8,7.5,.639,11.6,1.7,1.6,1.1,3.3,8.8,15.8,,102.1,106.3
0,4,29,494,12.0,.525,.478,.043,.656,137,9.2,15.1,12.1,5.9,1.6,2.4,18.1,16.4,,0.5,0.4,0.9,.075,,-2.0,0.2,-1.7
1,0,28,322,32,106,.302,7,25,.280,25,81,.309,14,23,.609,6,43,49,4,5,1,16,21,103
1,1,28,11.5,1.1,3.8,.302,0.3,0.9,.280,0.9,2.9,.309,0.5,0.8,.609,1.8,0.1,0.2,0.0,0.6,0.8,3.7
1,2,28,322,4.0,13.2,.302,0.9,3.1,.280,3.1,10.1,.309,1.7,2.9,.609,6.1,0.5,0.6,0.1,2.0,2.6,12.8
1,3,28,322,6.1,20.1,.302,1.3,4.7,.280,4.7,15.4,.309,2.7,4.4,.609,9.3,0.8,0.9,0.2,3.0,4.0,19.6,,85.2,108.5
1,4,28,322,7.8,.440,.420,.764,.217,91,2.3,17.1,9.7,2.6,0.9,0.4,12.0,22.4,,-0.1,0.2,0.1,.008,,-3.3,-4.7,-8.1
2,0,8,34,3,8,.375,3,7,.429,0,1,.000,1,2,.500,1,7,8,0,1,0,1,2,7
2,1,8,4.3,0.4,1.0,.375,0.4,0.9,.429,0.0,0.1,.000,0.1,0.3,.500,1.0,0.0,0.1,0.0,0.1,0.3,0.9
2,2,8,34,3.5,9.4,.375,3.5,8.2,.429,0.0,1.2,.000,1.2,2.4,.500,9.4,0.0,1.2,0.0,1.2,2.4,8.2
2,3,8,34,5.4,14.4,.375,5.4,12.6,.429,0.0,1.8,.000,1.8,3.6,.500,14.4,0.0,1.8,0.0,1.8,3.6,12.6,,79.6,103.6
2,4,8,34,8.0,.391,.375,.125,.250,6,3.7,26.4,15.0,0.0,1.8,0.0,10.1,15.9,,0.0,0.0,0.0,.017,,-8.6,-4.9,-13.4
3,0,1,1,0,0,,0,0,,0,0,,0,0,,0,0,0,1,1,0,0,0,0
3,1,1,1.0,0.0,0.0,,0.0,0.0,,0.0,0.0,,0.0,0.0,,0.0,1.0,1.0,0.0,0.0,0.0,0.0
3,2,1,1,0.0,0.0,,0.0,0.0,,0.0,0.0,,0.0,0.0,,0.0,40.0,40.0,0.0,0.0,0.0,0.0
3,3,1,1,0.0,0.0,,0.0,0.0,,0.0,0.0,,0.0,0.0,,0.0,61.1,61.1,0.0,0.0,0.0,0.0,,225.3,-20.3
3,4,1,1,106.3,,,,,1,0.0,0.0,0.0,100.0,61.1,0.0,,0.0,,0.0,0.0,0.0,.888,,13.0,27.9,41.0
4,0,31,449,55,84,.655,55,84,.655,0,0,,25,44,.568,38,52,90,3,4,29,17,42,135
4,1,31,14.5,1.8,2.7,.655,1.8,2.7,.655,0.0,0.0,,0.8,1.4,.568,2.9,0.1,0.1,0.9,0.5,1.4,4.4
4,2,31,449,4.9,7.5,.655,4.9,7.5,.655,0.0,0.0,,2.2,3.9,.568,8.0,0.3,0.4,2.6,1.5,3.7,12.0
4,3,31,449,7.5,11.4,.655,7.5,11.4,.655,0.0,0.0,,3.4,6.0,.568,12.3,0.4,0.5,3.9,2.3,5.7,18.4,,121.2,106.2
4,4,31,449,18.3,.643,.655,.000,.524,129,10.7,14.9,12.7,1.5,0.5,8.6,13.9,14.7,,1.0,0.4,1.4,.124,,-0.5,1.5,1.0
5,0,31,603,53,145,.366,37,81,.457,16,64,.250,9,19,.474,13,27,40,30,27,3,18,59,131
5,1,31,19.5,1.7,4.7,.366,1.2,2.6,.457,0.5,2.1,.250,0.3,0.6,.474,1.3,1.0,0.9,0.1,0.6,1.9,4.2
5,2,31,603,3.5,9.6,.366,2.5,5.4,.457,1.1,4.2,.250,0.6,1.3,.474,2.7,2.0,1.8,0.2,1.2,3.9,8.7
5,3,31,603,5.4,14.7,.366,3.8,8.2,.457,1.6,6.5,.250,0.9,1.9,.474,4.1,3.0,2.7,0.3,1.8,6.0,13.3,,90.8,108.2
5,4,31,603,8.1,.425,.421,.441,.131,132,2.7,5.7,4.2,10.4,2.7,0.7,10.5,15.5,,0.0,0.4,0.5,.031,,-1.6,-0.7,-2.2
6,0,32,964,130,304,.428,125,273,.458,5,31,.161,72,103,.699,19,90,109,43,46,6,62,68,337
6,1,32,30.1,4.1,9.5,.428,3.9,8.5,.458,0.2,1.0,.161,2.3,3.2,.699,3.4,1.3,1.4,0.2,1.9,2.1,10.5
6,2,32,964,5.4,12.6,.428,5.2,11.3,.458,0.2,1.3,.161,3.0,4.3,.699,4.5,1.8,1.9,0.2,2.6,2.8,14.0
6,3,32,964,8.2,19.3,.428,7.9,17.3,.458,0.3,2.0,.161,4.6,6.5,.699,6.9,2.7,2.9,0.4,3.9,4.3,21.4,,91.5,105.7
6,4,32,964,12.8,.477,.436,.102,.339,318,2.5,12.0,7.2,10.3,2.9,0.8,14.9,23.4,,0.2,0.9,1.1,.045,,-3.0,-0.1,-3.0
7,0,32,457,52,102,.510,43,77,.558,9,25,.360,15,27,.556,27,56,83,18,17,6,25,61,128
7,1,32,14.3,1.6,3.2,.510,1.3,2.4,.558,0.3,0.8,.360,0.5,0.8,.556,2.6,0.6,0.5,0.2,0.8,1.9,4.0
7,2,32,457,4.6,8.9,.510,3.8,6.7,.558,0.8,2.2,.360,1.3,2.4,.556,7.3,1.6,1.5,0.5,2.2,5.3,11.2
7,3,32,457,7.0,13.6,.510,5.8,10.3,.558,1.2,3.3,.360,2.0,3.6,.556,11.1,2.4,2.3,0.8,3.3,8.2,17.1,,103.6,105.0
7,4,32,457,13.7,.557,.554,.245,.265,128,7.4,15.7,11.6,8.7,2.3,1.7,17.9,16.6,,0.5,0.5,1.0,.084,,-0.4,0.5,0.1
8,0,15,79,8,26,.308,4,14,.286,4,12,.333,2,2,1.000,3,6,9,0,2,1,7,12,22
8,1,15,5.3,0.5,1.7,.308,0.3,0.9,.286,0.3,0.8,.333,0.1,0.1,1.000,0.6,0.0,0.1,0.1,0.5,0.8,1.5
8,2,15,79,4.1,13.2,.308,2.0,7.1,.286,2.0,6.1,.333,1.0,1.0,1.000,4.6,0.0,1.0,0.5,3.5,6.1,11.1
8,3,15,79,6.2,20.1,.308,3.1,10.8,.286,3.1,9.3,.333,1.5,1.5,1.000,7.0,0.0,1.5,0.8,5.4,9.3,17.0,,71.0,108.7
8,4,15,79,2.3,.408,.385,.462,.077,20,4.8,9.7,7.2,0.0,1.5,1.7,20.6,23.3,,-0.2,0.1,-0.1,-.053,,-8.1,-5.0,-13.1
9,0,32,665,75,179,.419,42,91,.462,33,88,.375,50,69,.725,10,78,88,34,47,3,58,84,233
9,1,32,20.8,2.3,5.6,.419,1.3,2.8,.462,1.0,2.8,.375,1.6,2.2,.725,2.8,1.1,1.5,0.1,1.8,2.6,7.3
9,2,32,665,4.5,10.8,.419,2.5,5.5,.462,2.0,5.3,.375,3.0,4.2,.725,5.3,2.0,2.8,0.2,3.5,5.1,14.0
9,3,32,665,6.9,16.5,.419,3.9,8.4,.462,3.0,8.1,.375,4.6,6.3,.725,8.1,3.1,4.3,0.3,5.3,7.7,21.4,,94.2,101.2
9,4,32,665,13.9,.550,.511,.492,.385,216,1.9,15.1,8.4,11.2,4.3,0.6,21.5,22.0,,0.3,0.9,1.2,.073,,-0.2,0.9,0.7
10,0,8,38,4,8,.500,4,5,.800,0,3,.000,0,0,,1,0,1,0,2,0,0,3,8
10,1,8,4.8,0.5,1.0,.500,0.5,0.6,.800,0.0,0.4,.000,0.0,0.0,,0.1,0.0,0.3,0.0,0.0,0.4,1.0
10,2,8,38,4.2,8.4,.500,4.2,5.3,.800,0.0,3.2,.000,0.0,0.0,,1.1,0.0,2.1,0.0,0.0,3.2,8.4
10,3,8,38,6.4,12.9,.500,6.4,8.0,.800,0.0,4.8,.000,0.0,0.0,,1.6,0.0,3.2,0.0,0.0,4.8,12.9,,108.9,109.6
10,4,8,38,9.8,.500,.500,.375,.000,7,3.3,0.0,1.7,0.0,3.2,0.0,0.0,11.4,,0.0,0.0,0.1,.060,,-0.7,-2.0,-2.7
11,0,12,75,5,17,.294,5,12,.417,0,5,.000,3,4,.750,5,10,15,5,4,1,3,8,13
11,1,12,6.3,0.4,1.4,.294,0.4,1.0,.417,0.0,0.4,.000,0.3,0.3,.750,1.3,0.4,0.3,0.1,0.3,0.7,1.1
11,2,12,75,2.7,9.1,.294,2.7,6.4,.417,0.0,2.7,.000,1.6,2.1,.750,8.0,2.7,2.1,0.5,1.6,4.3,6.9
11,3,12,75,4.1,13.9,.294,4.1,9.8,.417,0.0,4.1,.000,2.4,3.3,.750,12.2,4.1,3.3,0.8,2.4,6.5,10.6,,85.1,102.4
11,4,12,75,9.9,.344,.294,.294,.235,17,8.4,17.1,12.7,13.3,3.3,1.8,13.7,15.8,,0.0,0.1,0.1,.035,,-3.2,1.6,-1.6
12,0,32,1034,109,225,.484,41,72,.569,68,153,.444,56,69,.812,28,127,155,47,28,1,43,51,342
12,1,32,32.3,3.4,7.0,.484,1.3,2.3,.569,2.1,4.8,.444,1.8,2.2,.812,4.8,1.5,0.9,0.0,1.3,1.6,10.7
12,2,32,1034,4.2,8.7,.484,1.6,2.8,.569,2.6,5.9,.444,2.2,2.7,.812,6.0,1.8,1.1,0.0,1.7,2.0,13.2
12,3,32,1034,6.4,13.3,.484,2.4,4.3,.569,4.0,9.0,.444,3.3,4.1,.812,9.2,2.8,1.7,0.1,2.5,3.0,20.2,,122.7,107.7
12,4,32,1034,17.0,.663,.636,.680,.307,313,3.4,15.8,9.5,9.8,1.7,0.1,14.3,15.8,,2.5,0.8,3.3,.126,,4.5,-0.7,3.8
13,0,32,1029,137,304,.451,111,225,.493,26,79,.329,155,195,.795,26,76,102,176,45,1,108,71,455
13,1,32,32.2,4.3,9.5,.451,3.5,7.0,.493,0.8,2.5,.329,4.8,6.1,.795,3.2,5.5,1.4,0.0,3.4,2.2,14.2
13,2,32,1029,5.3,11.8,.451,4.3,8.7,.493,1.0,3.1,.329,6.0,7.6,.795,4.0,6.8,1.7,0.0,4.2,2.8,17.7
13,3,32,1029,8.1,18.1,.451,6.6,13.4,.493,1.5,4.7,.329,9.2,11.6,.795,6.1,10.5,2.7,0.1,6.4,4.2,27.0,,108.9,107.5
13,4,32,1029,21.2,.574,.493,.260,.641,507,3.2,9.5,6.3,39.3,2.7,0.1,21.4,26.6,,2.6,0.8,3.4,.133,,4.3,-1.4,2.9
14,0,27,256,32,78,.410,32,78,.410,0,0,,15,25,.600,11,35,46,0,3,3,18,49,79
14,1,27,9.5,1.2,2.9,.410,1.2,2.9,.410,0.0,0.0,,0.6,0.9,.600,1.7,0.0,0.1,0.1,0.7,1.8,2.9
14,2,27,256,5.0,12.2,.410,5.0,12.2,.410,0.0,0.0,,2.3,3.9,.600,7.2,0.0,0.5,0.5,2.8,7.7,12.3
14,3,27,256,7.6,18.6,.410,7.6,18.6,.410,0.0,0.0,,3.6,6.0,.600,11.0,0.0,0.7,0.7,4.3,11.7,18.9,,80.5,107.6
14,4,27,256,5.8,.439,.410,.000,.321,72,5.4,17.5,11.4,0.0,0.7,1.6,16.7,22.9,,-0.2,0.2,-0.1,-.008,,-9.5,-5.5,-15.0
