0,0,8,12,1,1,1.000,0,0,,1,1,1.000,0,0,,0,0,0,0,2,0,0,0,3
0,1,8,1.5,0.1,0.1,1.000,0.0,0.0,,0.1,0.1,1.000,0.0,0.0,,0.0,0.0,0.3,0.0,0.0,0.0,0.4
0,2,8,12,3.3,3.3,1.000,0.0,0.0,,3.3,3.3,1.000,0.0,0.0,,0.0,0.0,6.7,0.0,0.0,0.0,10.0
0,3,8,12,5.0,5.0,1.000,0.0,0.0,,5.0,5.0,1.000,0.0,0.0,,0.0,0.0,10.0,0.0,0.0,0.0,15.0,,300.0,94.0
0,4,8,12,23.8,1.500,1.500,1.000,.000,1,0.0,0.0,0.0,0.0,10.0,0.0,0.0,4.4,,0.0,0.0,0.1,.188,,7.9,4.1,11.9
1,0,12,224,33,87,.379,23,52,.442,10,35,.286,12,12,1.000,10,30,40,14,1,3,11,25,88
1,1,12,18.7,2.8,7.3,.379,1.9,4.3,.442,0.8,2.9,.286,1.0,1.0,1.000,3.3,1.2,0.1,0.3,0.9,2.1,7.3
1,2,12,224,5.9,15.5,.379,4.1,9.3,.442,1.8,6.3,.286,2.1,2.1,1.000,7.1,2.5,0.2,0.5,2.0,4.5,15.7
1,3,12,224,8.8,23.3,.379,6.2,13.9,.442,2.7,9.4,.286,3.2,3.2,1.000,10.7,3.7,0.3,0.8,2.9,6.7,23.5,,97.9,108.6
1,4,12,224,12.8,.475,.437,.402,.138,85,5.4,16.8,11.0,14.5,0.3,1.7,10.6,24.6,,0.1,0.2,0.3,.062,,-1.5,-2.7,-4.2
2,0,31,576,64,167,.383,29,54,.537,35,113,.310,33,47,.702,10,71,81,24,20,2,35,31,196
2,1,31,18.6,2.1,5.4,.383,0.9,1.7,.537,1.1,3.6,.310,1.1,1.5,.702,2.6,0.8,0.6,0.1,1.1,1.0,6.3
2,2,31,576,4.4,11.6,.383,2.0,3.8,.537,2.4,7.8,.310,2.3,3.3,.702,5.6,1.7,1.4,0.1,2.4,2.2,13.6
2,3,31,576,6.7,17.4,.383,3.0,5.6,.537,3.6,11.8,.310,3.4,4.9,.702,8.4,2.5,2.1,0.2,3.6,3.2,20.4,,95.4,105.9
2,4,31,576,12.0,.518,.488,.677,.281,177,2.1,15.5,8.7,8.9,2.1,0.4,15.6,20.7,,0.2,0.7,0.8,.059,,-1.1,-1.8,-2.9
3,0,31,990,161,301,.535,156,275,.567,5,26,.192,113,135,.837,65,144,209,28,25,31,70,73,440
3,1,31,31.9,5.2,9.7,.535,5.0,8.9,.567,0.2,0.8,.192,3.6,4.4,.837,6.7,0.9,0.8,1.0,2.3,2.4,14.2
3,2,31,990,6.5,12.2,.535,6.3,11.1,.567,0.2,1.1,.192,4.6,5.5,.837,8.4,1.1,1.0,1.3,2.8,2.9,17.8
3,3,31,990,9.7,18.2,.535,9.4,16.6,.567,0.3,1.6,.192,6.8,8.2,.837,12.6,1.7,1.5,1.9,4.2,4.4,26.6,,110.7,104.4
3,4,31,990,20.3,.603,.543,.086,.449,409,8.0,18.3,13.0,6.8,1.5,4.0,16.1,23.3,,2.0,1.3,3.3,.131,,0.1,0.5,0.7
4,0,24,131,13,30,.433,13,30,.433,0,0,,4,7,.571,8,14,22,3,2,6,10,19,30
4,1,24,5.5,0.5,1.3,.433,0.5,1.3,.433,0.0,0.0,,0.2,0.3,.571,0.9,0.1,0.1,0.3,0.4,0.8,1.3
4,2,24,131,4.0,9.2,.433,4.0,9.2,.433,0.0,0.0,,1.2,2.1,.571,6.7,0.9,0.6,1.8,3.1,5.8,9.2
4,3,24,131,5.9,13.7,.433,5.9,13.7,.433,0.0,0.0,,1.8,3.2,.571,10.1,1.4,0.9,2.7,4.6,8.7,13.7,,80.4,106.2
4,4,24,131,6.8,.450,.433,.000,.233,31,7.4,13.4,10.4,4.8,0.9,5.8,23.1,17.5,,-0.1,0.1,0.0,.007,,-7.6,0.8,-6.8
5,0,9,254,34,90,.378,28,56,.500,6,34,.176,32,45,.711,7,9,16,19,11,1,16,31,106
5,1,9,28.2,3.8,10.0,.378,3.1,6.2,.500,0.7,3.8,.176,3.6,5.0,.711,1.8,2.1,1.2,0.1,1.8,3.4,11.8
5,2,9,254,5.4,14.2,.378,4.4,8.8,.500,0.9,5.4,.176,5.0,7.1,.711,2.5,3.0,1.7,0.2,2.5,4.9,16.7
5,3,9,254,8.0,21.2,.378,6.6,13.2,.500,1.4,8.0,.176,7.5,10.6,.711,3.8,4.5,2.6,0.2,3.8,7.3,25.0,,96.7,108.3
5,4,9,254,12.8,.476,.411,.378,.500,104,3.4,4.4,3.9,16.9,2.6,0.5,12.6,26.6,,0.1,0.2,0.4,.060,,-0.7,-2.9,-3.6
6,0,31,930,110,272,.404,102,236,.432,8,36,.222,63,90,.700,27,86,113,71,46,4,77,92,291
6,1,31,30.0,3.5,8.8,.404,3.3,7.6,.432,0.3,1.2,.222,2.0,2.9,.700,3.6,2.3,1.5,0.1,2.5,3.0,9.4
6,2,31,930,4.7,11.7,.404,4.4,10.2,.432,0.3,1.5,.222,2.7,3.9,.700,4.9,3.1,2.0,0.2,3.3,4.0,12.5
6,3,31,930,7.1,17.5,.404,6.6,15.2,.432,0.5,2.3,.222,4.1,5.8,.700,7.3,4.6,3.0,0.3,5.0,5.9,18.7,,87.2,105.0
6,4,31,930,10.4,.462,.419,.132,.331,298,3.5,11.6,7.5,16.6,3.0,0.5,19.7,22.3,,-0.5,1.2,0.7,.030,,-3.9,0.3,-3.6
7,0,4,111,10,30,.333,6,9,.667,4,21,.190,2,2,1.000,9,10,19,3,2,9,3,5,26
7,1,4,27.8,2.5,7.5,.333,1.5,2.3,.667,1.0,5.3,.190,0.5,0.5,1.000,4.8,0.8,0.5,2.3,0.8,1.3,6.5
7,2,4,111,3.6,10.8,.333,2.2,3.2,.667,1.4,7.6,.190,0.7,0.7,1.000,6.8,1.1,0.7,3.2,1.1,1.8,9.4
7,3,4,111,5.4,16.2,.333,3.2,4.9,.667,2.2,11.3,.190,1.1,1.1,1.000,10.3,1.6,1.1,4.9,1.6,2.7,14.0,,95.5,104.9
7,4,4,111,12.9,.420,.400,.700,.067,28,9.9,11.3,10.6,5.5,1.1,10.3,8.8,16.2,,0.0,0.1,0.2,.061,,-1.7,3.1,1.4
8,0,22,569,67,169,.396,48,104,.462,19,65,.292,50,63,.794,19,55,74,37,34,4,57,74,203
8,1,22,25.9,3.0,7.7,.396,2.2,4.7,.462,0.9,3.0,.292,2.3,2.9,.794,3.4,1.7,1.5,0.2,2.6,3.4,9.2
8,2,22,569,4.7,11.9,.396,3.4,7.3,.462,1.3,4.6,.292,3.5,4.4,.794,5.2,2.6,2.4,0.3,4.0,5.2,14.3
8,3,22,569,7.1,17.8,.396,5.1,10.9,.462,2.0,6.8,.292,5.3,6.6,.794,7.8,3.9,3.6,0.4,6.0,7.8,21.4,,89.9,103.1
8,4,22,569,11.8,.510,.453,.385,.373,199,4.1,12.1,8.0,14.1,3.6,0.9,22.3,23.9,,-0.1,0.8,0.7,.047,,-2.1,0.4,-1.7
9,0,12,22,2,5,.400,0,2,.000,2,3,.667,0,1,.000,1,3,4,0,1,0,1,1,6
9,1,12,1.8,0.2,0.4,.400,0.0,0.2,.000,0.2,0.3,.667,0.0,0.1,.000,0.3,0.0,0.1,0.0,0.1,0.1,0.5
9,2,12,22,3.6,9.1,.400,0.0,3.6,.000,3.6,5.5,.667,0.0,1.8,.000,7.3,0.0,1.8,0.0,1.8,1.8,10.9
9,3,12,22,5.4,13.6,.400,0.0,5.4,.000,5.4,8.2,.667,0.0,2.7,.000,10.9,0.0,2.7,0.0,2.7,2.7,16.3,,95.0,104.1
9,4,12,22,11.4,.548,.600,.600,.200,5,5.5,17.1,11.2,0.0,2.7,0.0,15.4,15.6,,0.0,0.0,0.0,.061,,-3.8,-4.4,-8.2
10,0,31,515,56,140,.400,43,85,.506,13,55,.236,17,22,.773,30,58,88,17,11,9,25,48,142
10,1,31,16.6,1.8,4.5,.400,1.4,2.7,.506,0.4,1.8,.236,0.5,0.7,.773,2.8,0.5,0.4,0.3,0.8,1.5,4.6
10,2,31,515,4.3,10.9,.400,3.3,6.6,.506,1.0,4.3,.236,1.3,1.7,.773,6.8,1.3,0.9,0.7,1.9,3.7,11.0
10,3,31,515,6.5,16.3,.400,5.0,9.9,.506,1.5,6.4,.236,2.0,2.6,.773,10.2,2.0,1.3,1.0,2.9,5.6,16.5,,94.1,107.1
10,4,31,515,10.4,.472,.446,.393,.157,142,7.1,14.1,10.6,7.0,1.3,2.2,14.2,18.1,,0.1,0.5,0.6,.049,,-2.9,-0.9,-3.8
11,0,31,959,74,176,.420,73,172,.424,1,4,.250,64,98,.653,19,101,120,122,73,2,76,84,213
11,1,31,30.9,2.4,5.7,.420,2.4,5.5,.424,0.0,0.1,.250,2.1,3.2,.653,3.9,3.9,2.4,0.1,2.5,2.7,6.9
11,2,31,959,3.1,7.3,.420,3.0,7.2,.424,0.0,0.2,.250,2.7,4.1,.653,5.0,5.1,3.0,0.1,3.2,3.5,8.9
11,3,31,959,4.6,11.0,.420,4.6,10.7,.424,0.1,0.2,.250,4.0,6.1,.653,7.5,7.6,4.6,0.1,4.7,5.2,13.3,,91.3,101.0
11,4,31,959,12.4,.479,.423,.023,.557,257,2.4,13.2,7.7,25.4,4.6,0.3,25.5,16.5,,-0.1,1.6,1.5,.062,,-2.8,2.4,-0.4
12,0,31,956,97,196,.495,55,93,.591,42,103,.408,43,52,.827,14,73,87,49,39,2,29,52,279
12,1,31,30.8,3.1,6.3,.495,1.8,3.0,.591,1.4,3.3,.408,1.4,1.7,.827,2.8,1.6,1.3,0.1,0.9,1.7,9.0
12,2,31,956,4.1,8.2,.495,2.3,3.9,.591,1.8,4.3,.408,1.8,2.2,.827,3.6,2.1,1.6,0.1,1.2,2.2,11.7
12,3,31,956,6.1,12.3,.495,3.4,5.8,.591,2.6,6.5,.408,2.7,3.3,.827,5.5,3.1,2.4,0.1,1.8,3.3,17.5,,121.1,107.3
12,4,31,956,14.6,.632,.602,.526,.265,253,1.8,9.6,5.6,10.8,2.4,0.3,11.6,13.9,,1.7,1.0,2.7,.114,,2.2,-0.4,1.8
