0,0,7,180,17,48,.354,13,31,.419,4,17,.235,9,11,.818,6,33,39,10,3,8,17,18,47
0,1,7,25.7,2.4,6.9,.354,1.9,4.4,.419,0.6,2.4,.235,1.3,1.6,.818,5.6,1.4,0.4,1.1,2.4,2.6,6.7
0,2,7,180,3.8,10.7,.354,2.9,6.9,.419,0.9,3.8,.235,2.0,2.4,.818,8.7,2.2,0.7,1.8,3.8,4.0,10.4
0,3,7,180,6.2,17.5,.354,4.7,11.3,.419,1.5,6.2,.235,3.3,4.0,.818,14.2,3.7,1.1,2.9,6.2,6.6,17.2,,79.8,101.1
0,4,7,180,9.9,.442,.396,.354,.229,48,4.4,23.8,14.2,12.8,1.1,5.1,24.2,22.5,,-0.2,0.2,0.1,.011,,-5.9,1.4,-4.4
1,0,30,998,89,215,.414,31,60,.517,58,155,.374,19,26,.731,29,94,123,47,24,14,37,55,255
1,1,30,33.3,3.0,7.2,.414,1.0,2.0,.517,1.9,5.2,.374,0.6,0.9,.731,4.1,1.6,0.8,0.5,1.2,1.8,8.5
1,2,30,998,3.6,8.6,.414,1.2,2.4,.517,2.3,6.2,.374,0.8,1.0,.731,4.9,1.9,1.0,0.6,1.5,2.2,10.2
1,3,30,998,5.9,14.2,.414,2.0,4.0,.517,3.8,10.2,.374,1.3,1.7,.731,8.1,3.1,1.6,0.9,2.4,3.6,16.8,,109.2,106.8
1,4,30,998,13.5,.561,.549,.721,.121,244,3.9,12.2,8.1,10.7,1.6,1.6,14.0,15.3,,1.5,0.7,2.2,.088,,2.1,-0.3,1.8
2,0,23,223,11,30,.367,11,30,.367,0,0,,6,7,.857,7,21,28,21,5,3,12,30,28
2,1,23,9.7,0.5,1.3,.367,0.5,1.3,.367,0.0,0.0,,0.3,0.3,.857,1.2,0.9,0.2,0.1,0.5,1.3,1.2
2,2,23,223,2.0,5.4,.367,2.0,5.4,.367,0.0,0.0,,1.1,1.3,.857,5.0,3.8,0.9,0.5,2.2,5.4,5.0
2,3,23,223,3.2,8.8,.367,3.2,8.8,.367,0.0,0.0,,1.8,2.1,.857,8.3,6.2,1.5,0.9,3.5,8.8,8.3,,90.4,106.7
2,4,23,223,6.9,.420,.367,.000,.233,40,4.2,12.2,8.3,19.7,1.5,1.5,26.5,11.7,,0.0,0.2,0.2,.033,,-4.5,-0.1,-4.6
3,0,30,1107,150,340,.441,125,258,.484,25,82,.305,168,229,.734,66,204,270,101,27,17,120,73,493
3,1,30,36.9,5.0,11.3,.441,4.2,8.6,.484,0.8,2.7,.305,5.6,7.6,.734,9.0,3.4,0.9,0.6,4.0,2.4,16.4
3,2,30,1107,5.4,12.3,.441,4.5,9.3,.484,0.9,3.0,.305,6.1,8.3,.734,9.8,3.6,1.0,0.6,4.3,2.6,17.8
3,3,30,1107,8.9,20.2,.441,7.4,15.3,.484,1.5,4.9,.305,10.0,13.6,.734,16.0,6.0,1.6,1.0,7.1,4.3,29.3,,102.9,101.9
3,4,30,1107,21.7,.549,.478,.241,.674,518,7.9,24.0,16.0,23.2,1.6,1.7,21.1,29.6,,2.3,1.3,3.6,.130,,1.7,0.9,2.7
4,0,29,477,71,120,.592,71,120,.592,0,0,,9,17,.529,26,40,66,6,9,11,23,47,151
4,1,29,16.4,2.4,4.1,.592,2.4,4.1,.592,0.0,0.0,,0.3,0.6,.529,2.3,0.2,0.3,0.4,0.8,1.6,5.2
4,2,29,477,6.0,10.1,.592,6.0,10.1,.592,0.0,0.0,,0.8,1.4,.529,5.5,0.5,0.8,0.9,1.9,3.9,12.7
4,3,29,477,9.8,16.5,.592,9.8,16.5,.592,0.0,0.0,,1.2,2.3,.529,9.1,0.8,1.2,1.5,3.2,6.5,20.8,,105.3,107.3
4,4,29,477,15.2,.589,.592,.000,.142,131,7.3,10.9,9.1,3.3,1.2,2.6,15.2,18.3,,0.7,0.3,1.0,.082,,-1.8,-1.6,-3.3
5,0,4,2,0,0,,0,0,,0,0,,0,0,,0,0,0,0,0,0,1,1,0
5,1,4,0.5,0.0,0.0,,0.0,0.0,,0.0,0.0,,0.0,0.0,,0.0,0.0,0.0,0.0,0.3,0.3,0.0
5,2,4,2,0.0,0.0,,0.0,0.0,,0.0,0.0,,0.0,0.0,,0.0,0.0,0.0,0.0,20.0,20.0,0.0
5,3,4,2,0.0,0.0,,0.0,0.0,,0.0,0.0,,0.0,0.0,,0.0,0.0,0.0,0.0,32.9,32.9,0.0,,0.0,113.8
5,4,4,2,-44.0,,,,,0,0.0,0.0,0.0,0.0,0.0,0.0,100.0,28.8,,0.0,0.0,0.0,-.572,,-32.0,-0.5,-32.5
6,0,30,928,89,192,.464,80,148,.541,9,44,.205,43,68,.632,14,71,85,96,48,5,70,82,230
6,1,30,30.9,3.0,6.4,.464,2.7,4.9,.541,0.3,1.5,.205,1.4,2.3,.632,2.8,3.2,1.6,0.2,2.3,2.7,7.7
6,2,30,928,3.8,8.3,.464,3.4,6.4,.541,0.4,1.9,.205,1.9,2.9,.632,3.7,4.1,2.1,0.2,3.0,3.5,9.9
6,3,30,928,6.3,13.6,.464,5.7,10.5,.541,0.6,3.1,.205,3.0,4.8,.632,6.0,6.8,3.4,0.4,5.0,5.8,16.3,,95.5,104.1
6,4,30,928,12.7,.513,.487,.229,.354,255,2.0,9.9,6.0,23.9,3.4,0.6,23.8,18.3,,0.6,0.9,1.5,.064,,-1.1,0.3,-0.9
7,0,29,578,66,162,.407,35,82,.427,31,80,.388,21,34,.618,28,35,63,19,15,4,40,41,184
7,1,29,19.9,2.3,5.6,.407,1.2,2.8,.427,1.1,2.8,.388,0.7,1.2,.618,2.2,0.7,0.5,0.1,1.4,1.4,6.3
7,2,29,578,4.6,11.2,.407,2.4,5.7,.427,2.1,5.5,.388,1.5,2.4,.618,4.4,1.3,1.0,0.3,2.8,2.8,12.7
7,3,29,578,7.5,18.4,.407,4.0,9.3,.427,3.5,9.1,.388,2.4,3.9,.618,7.2,2.2,1.7,0.5,4.5,4.7,20.9,,94.3,108.7
7,4,29,578,11.7,.516,.503,.494,.210,173,6.4,7.9,7.2,7.9,1.7,0.8,18.3,21.8,,0.3,0.3,0.6,.044,,-0.9,-2.5,-3.4
8,0,30,849,104,246,.423,25,70,.357,79,176,.449,21,30,.700,7,51,58,38,18,2,48,83,308
8,1,30,28.3,3.5,8.2,.423,0.8,2.3,.357,2.6,5.9,.449,0.7,1.0,.700,1.9,1.3,0.6,0.1,1.6,2.8,10.3
8,2,30,849,4.9,11.6,.423,1.2,3.3,.357,3.7,8.3,.449,1.0,1.4,.700,2.7,1.8,0.8,0.1,2.3,3.9,14.5
8,3,30,849,8.1,19.0,.423,1.9,5.4,.357,6.1,13.6,.449,1.6,2.3,.700,4.5,2.9,1.4,0.2,3.7,6.4,23.8,,105.7,109.5
8,4,30,849,13.4,.592,.583,.715,.122,264,1.1,7.8,4.5,11.0,1.4,0.3,15.6,20.9,,1.3,0.4,1.7,.082,,2.5,-3.2,-0.7
9,0,30,411,20,70,.286,10,26,.385,10,44,.227,12,15,.800,2,20,22,9,12,1,23,39,62
9,1,30,13.7,0.7,2.3,.286,0.3,0.9,.385,0.3,1.5,.227,0.4,0.5,.800,0.7,0.3,0.4,0.0,0.8,1.3,2.1
9,2,30,411,1.9,6.8,.286,1.0,2.5,.385,1.0,4.3,.227,1.2,1.5,.800,2.1,0.9,1.2,0.1,2.2,3.8,6.0
9,3,30,411,3.2,11.2,.286,1.6,4.2,.385,1.6,7.0,.227,1.9,2.4,.800,3.5,1.4,1.9,0.2,3.7,6.2,9.9,,70.7,109.0
9,4,30,411,1.8,.402,.357,.629,.214,59,0.6,6.3,3.5,4.6,1.9,0.3,23.0,14.1,,-0.5,0.2,-0.3,-.027,,-5.2,-1.7,-6.9
10,0,5,10,1,4,.250,0,1,.000,1,3,.333,1,2,.500,2,1,3,1,0,0,0,2,4
10,1,5,2.0,0.2,0.8,.250,0.0,0.2,.000,0.2,0.6,.333,0.2,0.4,.500,0.6,0.2,0.0,0.0,0.0,0.4,0.8
10,2,5,10,4.0,16.0,.250,0.0,4.0,.000,4.0,12.0,.333,4.0,8.0,.500,12.0,4.0,0.0,0.0,0.0,8.0,16.0
10,3,5,10,6.6,26.3,.250,0.0,6.6,.000,6.6,19.7,.333,6.6,13.1,.500,19.7,6.6,0.0,0.0,0.0,13.1,26.3,,115.3,110.1
10,4,5,10,20.2,.404,.375,.750,.500,5,26.6,13.0,19.7,23.4,0.0,0.0,0.0,28.5,,0.0,0.0,0.0,.168,,9.6,-5.0,4.6
11,0,26,287,21,45,.467,18,27,.667,3,18,.167,14,24,.583,24,32,56,3,4,7,5,33,59
11,1,26,11.0,0.8,1.7,.467,0.7,1.0,.667,0.1,0.7,.167,0.5,0.9,.583,2.2,0.1,0.2,0.3,0.2,1.3,2.3
11,2,26,287,2.9,6.3,.467,2.5,3.8,.667,0.4,2.5,.167,2.0,3.3,.583,7.8,0.4,0.6,1.0,0.7,4.6,8.2
11,3,26,287,4.8,10.3,.467,4.1,6.2,.667,0.7,4.1,.167,3.2,5.5,.583,12.8,0.7,0.9,1.6,1.1,7.6,13.5,,116.9,106.4
11,4,26,287,12.9,.523,.500,.400,.533,63,11.1,14.5,12.8,2.3,0.9,2.8,8.1,12.3,,0.5,0.2,0.7,.099,,-0.5,-1.6,-2.2
