0,0,12,48,7,8,.875,3,3,1.000,4,5,.800,2,2,1.000,0,8,8,1,0,0,4,6,20
0,1,12,4.0,0.6,0.7,.875,0.3,0.3,1.000,0.3,0.4,.800,0.2,0.2,1.000,0.7,0.1,0.0,0.0,0.3,0.5,1.7
0,2,12,48,5.8,6.7,.875,2.5,2.5,1.000,3.3,4.2,.800,1.7,1.7,1.000,6.7,0.8,0.0,0.0,3.3,5.0,16.7
0,3,12,48,9.5,10.9,.875,4.1,4.1,1.000,5.4,6.8,.800,2.7,2.7,1.000,10.9,1.4,0.0,0.0,5.4,8.2,27.2,,131.7,101.5
0,4,12,48,20.5,1.117,1.125,.625,.250,13,0.0,21.1,10.8,4.7,0.0,0.0,30.9,15.5,,0.1,0.1,0.2,.161,,5.4,-1.2,4.2
1,0,11,14,1,4,.250,0,1,.000,1,3,.333,0,0,,0,1,1,3,2,0,1,3,3
1,1,11,1.3,0.1,0.4,.250,0.0,0.1,.000,0.1,0.3,.333,0.0,0.0,,0.1,0.3,0.2,0.0,0.1,0.3,0.3
1,2,11,14,2.9,11.4,.250,0.0,2.9,.000,2.9,8.6,.333,0.0,0.0,,2.9,8.6,5.7,0.0,2.9,8.6,8.6
1,3,11,14,4.7,18.7,.250,0.0,4.7,.000,4.7,14.0,.333,0.0,0.0,,4.7,14.0,9.3,0.0,4.7,14.0,14.0,,92.7,85.3
1,4,11,14,15.0,.375,.375,.750,.000,4,0.0,9.1,4.6,41.5,9.3,0.0,20.0,20.6,,0.0,0.0,0.0,.129,,1.9,4.3,6.2
2,0,15,44,1,8,.125,1,6,.167,0,2,.000,4,8,.500,0,8,8,2,1,0,5,2,6
2,1,15,2.9,0.1,0.5,.125,0.1,0.4,.167,0.0,0.1,.000,0.3,0.5,.500,0.5,0.1,0.1,0.0,0.3,0.1,0.4
2,2,15,44,0.9,7.3,.125,0.9,5.5,.167,0.0,1.8,.000,3.6,7.3,.500,7.3,1.8,0.9,0.0,4.5,1.8,5.5
2,3,15,44,1.5,11.9,.125,1.5,8.9,.167,0.0,3.0,.000,5.9,11.9,.500,11.9,3.0,1.5,0.0,7.4,3.0,8.9,,46.3,97.7
2,4,15,44,-2.8,.254,.125,.250,1.000,7,0.0,23.0,11.8,8.0,1.5,0.0,29.8,22.0,,-0.2,0.1,-0.1,-.113,,-12.2,1.1,-11.1
3,0,34,1227,177,409,.433,120,245,.490,57,164,.348,93,125,.744,22,96,118,156,31,13,94,53,504
3,1,34,36.1,5.2,12.0,.433,3.5,7.2,.490,1.7,4.8,.348,2.7,3.7,.744,3.5,4.6,0.9,0.4,2.8,1.6,14.8
3,2,34,1227,5.8,13.3,.433,3.9,8.0,.490,1.9,5.3,.348,3.0,4.1,.744,3.8,5.1,1.0,0.4,3.1,1.7,16.4
3,3,34,1227,9.4,21.8,.433,6.4,13.0,.490,3.0,8.7,.348,5.0,6.7,.744,6.3,8.3,1.7,0.7,5.0,2.8,26.8,,107.4,102.3
3,4,34,1227,19.4,.538,.502,.401,.306,531,2.4,9.9,6.2,28.7,1.7,1.2,16.7,26.4,,2.9,1.4,4.4,.142,,4.4,1.3,5.6
4,0,19,51,3,10,.300,3,10,.300,0,0,,1,4,.250,3,3,6,1,1,2,4,8,7
4,1,19,2.7,0.2,0.5,.300,0.2,0.5,.300,0.0,0.0,,0.1,0.2,.250,0.3,0.1,0.1,0.1,0.2,0.4,0.4
4,2,19,51,2.4,7.8,.300,2.4,7.8,.300,0.0,0.0,,0.8,3.1,.250,4.7,0.8,0.8,1.6,3.1,6.3,5.5
4,3,19,51,3.8,12.8,.300,3.8,12.8,.300,0.0,0.0,,1.3,5.1,.250,7.7,1.3,1.3,2.6,5.1,10.3,9.0,,60.0,101.8
4,4,19,51,-0.2,.294,.300,.000,.400,8,7.8,7.5,7.6,3.7,1.3,4.6,25.2,18.0,,-0.1,0.1,-0.1,-.054,,-8.2,2.9,-5.4
5,0,34,1037,91,224,.406,43,82,.524,48,142,.338,26,31,.839,7,80,87,78,26,4,34,57,256
5,1,34,30.5,2.7,6.6,.406,1.3,2.4,.524,1.4,4.2,.338,0.8,0.9,.839,2.6,2.3,0.8,0.1,1.0,1.7,7.5
5,2,34,1037,3.5,8.6,.406,1.7,3.2,.524,1.9,5.5,.338,1.0,1.2,.839,3.4,3.0,1.0,0.2,1.3,2.2,9.9
5,3,34,1037,5.7,14.1,.406,2.7,5.2,.524,3.0,8.9,.338,1.6,2.0,.839,5.5,4.9,1.6,0.3,2.1,3.6,16.1,,110.6,102.7
5,4,34,1037,12.6,.536,.513,.634,.138,257,0.9,9.8,5.4,15.0,1.6,0.4,12.5,15.2,,1.6,1.2,2.8,.108,,3.1,1.5,4.6
6,0,34,1162,167,400,.418,114,213,.535,53,187,.283,108,151,.715,26,104,130,73,16,11,66,71,495
6,1,34,34.2,4.9,11.8,.418,3.4,6.3,.535,1.6,5.5,.283,3.2,4.4,.715,3.8,2.1,0.5,0.3,1.9,2.1,14.6
6,2,34,1162,5.7,13.8,.418,3.9,7.3,.535,1.8,6.4,.283,3.7,5.2,.715,4.5,2.5,0.6,0.4,2.3,2.4,17.0
6,3,34,1162,9.4,22.5,.418,6.4,12.0,.535,3.0,10.5,.283,6.1,8.5,.715,7.3,4.1,0.9,0.6,3.7,4.0,27.8,,105.6,103.3
6,4,34,1162,17.2,.525,.484,.468,.378,470,3.0,11.3,7.2,14.2,0.9,1.1,12.3,26.7,,2.4,1.2,3.6,.125,,3.1,0.2,3.3
7,0,9,97,9,17,.529,9,17,.529,0,0,,6,7,.857,13,19,32,1,3,9,5,10,24
7,1,9,10.8,1.0,1.9,.529,1.0,1.9,.529,0.0,0.0,,0.7,0.8,.857,3.6,0.1,0.3,1.0,0.6,1.1,2.7
7,2,9,97,3.7,7.0,.529,3.7,7.0,.529,0.0,0.0,,2.5,2.9,.857,13.2,0.4,1.2,3.7,2.1,4.1,9.9
7,3,9,97,6.1,11.5,.529,6.1,11.5,.529,0.0,0.0,,4.0,4.7,.857,21.6,0.7,2.0,6.1,3.4,6.7,16.2,,117.4,89.7
7,4,9,97,22.3,.590,.529,.000,.412,28,17.8,24.8,21.4,2.1,2.0,10.8,19.7,15.0,,0.2,0.2,0.4,.186,,0.1,6.7,6.7
8,0,30,127,10,21,.476,5,9,.556,5,12,.417,0,0,,7,14,21,1,0,8,5,9,25
8,1,30,4.2,0.3,0.7,.476,0.2,0.3,.556,0.2,0.4,.417,0.0,0.0,,0.7,0.0,0.0,0.3,0.2,0.3,0.8
8,2,30,127,3.1,6.6,.476,1.6,2.8,.556,1.6,3.8,.417,0.0,0.0,,6.6,0.3,0.0,2.5,1.6,2.8,7.9
8,3,30,127,5.1,10.8,.476,2.6,4.6,.556,2.6,6.2,.417,0.0,0.0,,10.8,0.5,0.0,4.1,2.6,4.6,12.9,,106.3,100.8
8,4,30,127,11.9,.595,.595,.571,.000,24,7.3,14.0,10.7,1.5,0.0,7.3,19.2,11.8,,0.1,0.2,0.3,.092,,-0.4,3.0,2.6
9,0,34,831,109,176,.619,109,176,.619,0,0,,31,61,.508,75,116,191,11,22,9,53,80,249
9,1,34,24.4,3.2,5.2,.619,3.2,5.2,.619,0.0,0.0,,0.9,1.8,.508,5.6,0.3,0.6,0.3,1.6,2.4,7.3
9,2,34,831,5.2,8.5,.619,5.2,8.5,.619,0.0,0.0,,1.5,2.9,.508,9.2,0.5,1.1,0.4,2.6,3.9,12.0
9,3,34,831,8.6,13.8,.619,8.6,13.8,.619,0.0,0.0,,2.4,4.8,.508,15.0,0.9,1.7,0.7,4.2,6.3,19.6,,107.3,98.5
9,4,34,831,16.7,.607,.619,.000,.347,244,12.0,17.7,14.9,2.9,1.7,1.3,20.5,17.9,,1.3,1.3,2.6,.126,,0.9,1.8,2.7
10,0,34,1145,110,231,.476,58,104,.558,52,127,.409,42,49,.857,42,112,154,61,26,3,33,93,314
10,1,34,33.7,3.2,6.8,.476,1.7,3.1,.558,1.5,3.7,.409,1.2,1.4,.857,4.5,1.8,0.8,0.1,1.0,2.7,9.2
10,2,34,1145,3.8,8.1,.476,2.0,3.6,.558,1.8,4.4,.409,1.5,1.7,.857,5.4,2.1,0.9,0.1,1.2,3.2,11.0
10,3,34,1145,6.3,13.2,.476,3.3,5.9,.558,3.0,7.2,.409,2.4,2.8,.857,8.8,3.5,1.5,0.2,1.9,5.3,17.9,,125.4,101.9
10,4,34,1145,15.7,.617,.589,.550,.212,311,4.9,12.4,8.7,10.8,1.5,0.3,11.5,14.5,,2.9,1.4,4.3,.150,,5.5,2.2,7.7
11,0,10,11,5,8,.625,5,7,.714,0,1,.000,1,1,1.000,3,0,3,0,0,0,2,1,11
11,1,10,1.1,0.5,0.8,.625,0.5,0.7,.714,0.0,0.1,.000,0.1,0.1,1.000,0.3,0.0,0.0,0.0,0.2,0.1,1.1
11,2,10,11,18.2,29.1,.625,18.2,25.5,.714,0.0,3.6,.000,3.6,3.6,1.000,10.9,0.0,0.0,0.0,7.3,3.6,40.0
11,3,10,11,29.7,47.5,.625,29.7,41.6,.714,0.0,5.9,.000,5.9,5.9,1.000,17.8,0.0,0.0,0.0,11.9,5.9,65.4,,107.9,110.6
11,4,10,11,44.0,.649,.625,.125,.125,9,36.1,0.0,17.7,0.0,0.0,0.0,19.1,54.9,,0.1,0.0,0.1,.201,,5.0,-13.9,-8.9
12,0,34,716,89,185,.481,49,93,.527,40,92,.435,45,58,.776,45,120,165,30,27,11,46,104,263
12,1,34,21.1,2.6,5.4,.481,1.4,2.7,.527,1.2,2.7,.435,1.3,1.7,.776,4.9,0.9,0.8,0.3,1.4,3.1,7.7
12,2,34,716,5.0,10.3,.481,2.7,5.2,.527,2.2,5.1,.435,2.5,3.2,.776,9.2,1.7,1.5,0.6,2.6,5.8,14.7
12,3,34,716,8.1,16.9,.481,4.5,8.5,.527,3.7,8.4,.435,4.1,5.3,.776,15.1,2.7,2.5,1.0,4.2,9.5,24.0,,113.8,94.9
12,4,34,716,19.8,.619,.589,.497,.314,253,8.3,21.2,14.9,9.0,2.5,1.8,17.8,20.8,,1.8,1.4,3.1,.174,,4.4,3.0,7.4
13,0,34,365,29,76,.382,13,23,.565,16,53,.302,4,6,.667,10,33,43,13,13,2,9,32,78
13,1,34,10.7,0.9,2.2,.382,0.4,0.7,.565,0.5,1.6,.302,0.1,0.2,.667,1.3,0.4,0.4,0.1,0.3,0.9,2.3
13,2,34,365,3.2,8.3,.382,1.4,2.5,.565,1.8,5.8,.302,0.4,0.7,.667,4.7,1.4,1.4,0.2,1.0,3.5,8.5
13,3,34,365,5.2,13.6,.382,2.3,4.1,.565,2.9,9.5,.302,0.7,1.1,.667,7.7,2.3,2.3,0.4,1.6,5.7,14.0,,104.2,100.2
13,4,34,365,10.7,.495,.487,.697,.079,76,3.6,11.5,7.6,7.0,2.3,0.6,10.2,13.9,,0.4,0.5,0.9,.094,,1.6,1.7,3.3
