0,0,37,546,38,94,.404,14,32,.438,24,62,.387,21,27,.778,6,35,41,75,18,1,16,47,121
0,1,37,14.8,1.0,2.5,.404,0.4,0.9,.438,0.6,1.7,.387,0.6,0.7,.778,1.1,2.0,0.5,0.0,0.4,1.3,3.3
0,2,37,546,2.8,6.9,.404,1.0,2.3,.438,1.8,4.5,.387,1.5,2.0,.778,3.0,5.5,1.3,0.1,1.2,3.4,8.9
0,3,37,546,4.5,11.0,.404,1.6,3.8,.438,2.8,7.3,.387,2.5,3.2,.778,4.8,8.8,2.1,0.1,1.9,5.5,14.2,,128.2,107.0
0,4,37,546,13.9,.566,.532,.660,.287,149,1.5,8.0,4.8,24.3,2.1,0.2,13.0,12.6,,1.3,0.6,1.9,.136,,4.8,0.7,5.4
1,0,8,16,1,4,.250,1,4,.250,0,0,,0,0,,0,2,2,1,0,0,1,2,2
1,1,8,2.0,0.1,0.5,.250,0.1,0.5,.250,0.0,0.0,,0.0,0.0,,0.3,0.1,0.0,0.0,0.1,0.3,0.3
1,2,8,16,2.5,10.0,.250,2.5,10.0,.250,0.0,0.0,,0.0,0.0,,5.0,2.5,0.0,0.0,2.5,5.0,5.0
1,3,8,16,4.0,16.0,.250,4.0,16.0,.250,0.0,0.0,,0.0,0.0,,8.0,4.0,0.0,0.0,4.0,8.0,8.0,,55.4,108.6
1,4,8,16,-3.4,.250,.250,.000,.000,2,0.0,15.6,8.0,10.9,0.0,0.0,20.0,17.5,,0.0,0.0,0.0,-.080,,-9.0,0.1,-8.9
2,0,19,89,6,21,.286,3,12,.250,3,9,.333,0,1,.000,8,12,20,0,2,2,2,14,15
2,1,19,4.7,0.3,1.1,.286,0.2,0.6,.250,0.2,0.5,.333,0.0,0.1,.000,1.1,0.0,0.1,0.1,0.1,0.7,0.8
2,2,19,89,2.7,9.4,.286,1.3,5.4,.250,1.3,4.0,.333,0.0,0.4,.000,9.0,0.0,0.9,0.9,0.9,6.3,6.7
2,3,19,89,4.3,15.1,.286,2.2,8.6,.250,2.2,6.5,.333,0.0,0.7,.000,14.4,0.0,1.4,1.4,1.4,10.1,10.8,,89.1,103.4
2,4,19,89,6.3,.349,.357,.429,.048,18,12.0,16.8,14.5,0.0,1.4,2.4,8.5,14.8,,0.0,0.1,0.1,.048,,-2.8,-1.2,-4.1
3,0,12,24,1,4,.250,0,3,.000,1,1,1.000,0,0,,1,3,4,5,0,0,2,3,3
3,1,12,2.0,0.1,0.3,.250,0.0,0.3,.000,0.1,0.1,1.000,0.0,0.0,,0.3,0.4,0.0,0.0,0.2,0.3,0.3
3,2,12,24,1.7,6.7,.250,0.0,5.0,.000,1.7,1.7,1.000,0.0,0.0,,6.7,8.3,0.0,0.0,3.3,5.0,5.0
3,3,12,24,2.7,10.7,.250,0.0,8.0,.000,2.7,2.7,1.000,0.0,0.0,,10.7,13.3,0.0,0.0,5.3,8.0,8.0,,96.8,108.6
3,4,12,24,6.8,.375,.375,.250,.000,6,5.5,15.6,10.7,35.2,0.0,0.0,33.3,14.0,,0.0,0.0,0.0,.052,,-1.8,0.0,-1.8
4,0,37,511,62,110,.564,62,108,.574,0,2,.000,17,26,.654,49,105,154,19,10,26,19,75,141
4,1,37,13.8,1.7,3.0,.564,1.7,2.9,.574,0.0,0.1,.000,0.5,0.7,.654,4.2,0.5,0.3,0.7,0.5,2.0,3.8
4,2,37,511,4.9,8.6,.564,4.9,8.5,.574,0.0,0.2,.000,1.3,2.0,.654,12.1,1.5,0.8,2.0,1.5,5.9,11.0
4,3,37,511,7.8,13.8,.564,7.8,13.5,.574,0.0,0.3,.000,2.1,3.3,.654,19.3,2.4,1.3,3.3,2.4,9.4,17.7,,121.0,98.5
4,4,37,511,18.8,.576,.564,.018,.236,156,12.8,25.6,19.4,7.2,1.3,5.4,13.4,15.5,,1.1,0.9,2.1,.162,,2.3,5.0,7.3
5,0,37,568,85,196,.434,23,50,.460,62,146,.425,15,21,.714,14,35,49,13,9,3,16,35,247
5,1,37,15.4,2.3,5.3,.434,0.6,1.4,.460,1.7,3.9,.425,0.4,0.6,.714,1.3,0.4,0.2,0.1,0.4,0.9,6.7
5,2,37,568,6.0,13.8,.434,1.6,3.5,.460,4.4,10.3,.425,1.1,1.5,.714,3.5,0.9,0.6,0.2,1.1,2.5,17.4
5,3,37,568,9.6,22.1,.434,2.6,5.6,.460,7.0,16.5,.425,1.7,2.4,.714,5.5,1.5,1.0,0.3,1.8,3.9,27.8,,118.9,109.5
5,4,37,568,16.9,.600,.592,.745,.107,202,3.3,7.7,5.6,4.7,1.0,0.6,7.2,21.9,,1.4,0.5,1.9,.131,,6.3,-1.7,4.6
6,0,37,1258,163,371,.439,103,224,.460,60,147,.408,92,120,.767,19,141,160,109,44,10,62,63,478
6,1,37,34.0,4.4,10.0,.439,2.8,6.1,.460,1.6,4.0,.408,2.5,3.2,.767,4.3,2.9,1.2,0.3,1.7,1.7,12.9
6,2,37,1258,5.2,11.8,.439,3.3,7.1,.460,1.9,4.7,.408,2.9,3.8,.767,5.1,3.5,1.4,0.3,2.0,2.0,15.2
6,3,37,1258,8.3,18.9,.439,5.2,11.4,.460,3.1,7.5,.408,4.7,6.1,.767,8.1,5.5,2.2,0.5,3.2,3.2,24.3,,114.0,104.1
6,4,37,1258,18.2,.558,.520,.396,.323,470,2.0,14.0,8.2,17.2,2.2,0.8,12.7,21.9,,2.7,1.7,4.4,.140,,4.7,2.6,7.4
7,0,11,23,2,5,.400,2,4,.500,0,1,.000,2,2,1.000,2,2,4,1,1,1,2,0,6
7,1,11,2.1,0.2,0.5,.400,0.2,0.4,.500,0.0,0.1,.000,0.2,0.2,1.000,0.4,0.1,0.1,0.1,0.2,0.0,0.5
7,2,11,23,3.5,8.7,.400,3.5,7.0,.500,0.0,1.7,.000,3.5,3.5,1.000,7.0,1.7,1.7,1.7,3.5,0.0,10.4
7,3,11,23,5.6,13.9,.400,5.6,11.1,.500,0.0,2.8,.000,5.6,5.6,1.000,11.1,2.8,2.8,2.8,5.6,0.0,16.7,,97.2,102.2
7,4,11,23,15.1,.504,.400,.200,.400,7,11.6,10.8,11.2,7.9,2.8,4.6,25.2,19.4,,0.0,0.0,0.0,.080,,-0.4,4.5,4.1
8,0,4,10,1,3,.333,0,0,,1,3,.333,1,2,.500,0,1,1,0,0,0,0,1,4
8,1,4,2.5,0.3,0.8,.333,0.0,0.0,,0.3,0.8,.333,0.3,0.5,.500,0.3,0.0,0.0,0.0,0.0,0.3,1.0
8,2,4,10,4.0,12.0,.333,0.0,0.0,,4.0,12.0,.333,4.0,8.0,.500,4.0,0.0,0.0,0.0,0.0,4.0,16.0
8,3,4,10,6.4,19.2,.333,0.0,0.0,,6.4,19.2,.333,6.4,12.8,.500,6.4,0.0,0.0,0.0,0.0,6.4,25.6,,111.2,110.0
8,4,4,10,11.4,.506,.500,1.000,.667,3,0.0,12.5,6.4,0.0,0.0,0.0,0.0,22.2,,0.0,0.0,0.0,.098,,3.0,-6.3,-3.3
9,0,8,198,30,55,.545,30,53,.566,0,2,.000,16,24,.667,23,43,66,12,15,6,13,25,76
9,1,8,24.8,3.8,6.9,.545,3.8,6.6,.566,0.0,0.3,.000,2.0,3.0,.667,8.3,1.5,1.9,0.8,1.6,3.1,9.5
9,2,8,198,6.1,11.1,.545,6.1,10.7,.566,0.0,0.4,.000,3.2,4.8,.667,13.3,2.4,3.0,1.2,2.6,5.1,15.4
9,3,8,198,9.7,17.8,.545,9.7,17.1,.566,0.0,0.6,.000,5.2,7.8,.667,21.3,3.9,4.9,1.9,4.2,8.1,24.6,,116.3,91.3
9,4,8,198,26.2,.572,.545,.036,.436,84,15.5,27.1,21.5,12.6,4.9,3.2,16.4,22.5,,0.5,0.5,1.0,.208,,4.7,7.2,11.9
10,0,37,743,98,140,.700,98,140,.700,0,0,,39,62,.629,72,113,185,22,16,16,32,95,235
10,1,37,20.1,2.6,3.8,.700,2.6,3.8,.700,0.0,0.0,,1.1,1.7,.629,5.0,0.6,0.4,0.4,0.9,2.6,6.4
10,2,37,743,5.3,7.5,.700,5.3,7.5,.700,0.0,0.0,,2.1,3.3,.629,10.0,1.2,0.9,0.9,1.7,5.1,12.7
10,3,37,743,8.4,12.1,.700,8.4,12.1,.700,0.0,0.0,,3.4,5.3,.629,15.9,1.9,1.4,1.4,2.8,8.2,20.3,,131.9,102.8
10,4,37,743,19.9,.693,.700,.000,.443,240,12.9,19.0,16.0,5.9,1.4,2.3,15.9,15.2,,2.2,1.1,3.3,.176,,5.2,3.1,8.3
11,0,37,1194,182,373,.488,149,265,.562,33,108,.306,87,115,.757,54,110,164,44,35,11,46,55,484
11,1,37,32.3,4.9,10.1,.488,4.0,7.2,.562,0.9,2.9,.306,2.4,3.1,.757,4.4,1.2,0.9,0.3,1.2,1.5,13.1
11,2,37,1194,6.1,12.5,.488,5.0,8.9,.562,1.1,3.6,.306,2.9,3.9,.757,5.5,1.5,1.2,0.4,1.5,1.8,16.2
11,3,37,1194,9.8,20.0,.488,8.0,14.2,.562,1.8,5.8,.306,4.7,6.2,.757,8.8,2.4,1.9,0.6,2.5,3.0,26.0,,116.2,105.9
11,4,37,1194,18.9,.566,.532,.290,.308,450,6.0,11.5,8.8,7.6,1.9,1.0,9.7,22.3,,2.8,1.4,4.2,.142,,4.4,1.6,6.1
12,0,36,1281,185,394,.470,93,186,.500,92,208,.442,168,204,.824,15,90,105,118,20,11,67,47,630
12,1,36,35.6,5.1,10.9,.470,2.6,5.2,.500,2.6,5.8,.442,4.7,5.7,.824,2.9,3.3,0.6,0.3,1.9,1.3,17.5
12,2,36,1281,5.8,12.3,.470,2.9,5.8,.500,2.9,6.5,.442,5.2,6.4,.824,3.3,3.7,0.6,0.3,2.1,1.5,19.7
12,3,36,1281,9.2,19.7,.470,4.6,9.3,.500,4.6,10.4,.442,8.4,10.2,.824,5.2,5.9,1.0,0.5,3.3,2.3,31.5,,127.9,109.0
12,4,36,1281,22.7,.642,.586,.528,.518,594,1.6,8.8,5.3,18.8,1.0,0.9,12.0,24.4,,5.0,1.1,6.2,.193,,9.0,0.2,9.2
13,0,37,989,91,212,.429,48,107,.449,43,105,.410,69,87,.793,14,98,112,106,21,1,56,63,294
13,1,37,26.7,2.5,5.7,.429,1.3,2.9,.449,1.2,2.8,.410,1.9,2.4,.793,3.0,2.9,0.6,0.0,1.5,1.7,7.9
13,2,37,989,3.7,8.6,.429,1.9,4.3,.449,1.7,4.2,.410,2.8,3.5,.793,4.5,4.3,0.8,0.0,2.3,2.5,11.9
13,3,37,989,5.9,13.7,.429,3.1,6.9,.449,2.8,6.8,.410,4.5,5.6,.793,7.3,6.9,1.4,0.1,3.6,4.1,19.0,,114.7,107.1
13,4,37,989,14.4,.580,.531,.495,.410,315,1.9,12.4,7.3,19.8,1.4,0.1,18.1,17.6,,1.9,1.0,2.9,.118,,4.2,1.5,5.7
