0,0,35,1102,132,292,.452,98,198,.495,34,94,.362,93,141,.660,13,93,106,156,41,14,74,96,391
0,1,35,31.5,3.8,8.3,.452,2.8,5.7,.495,1.0,2.7,.362,2.7,4.0,.660,3.0,4.5,1.2,0.4,2.1,2.7,11.2
0,2,35,1102,4.8,10.6,.452,3.6,7.2,.495,1.2,3.4,.362,3.4,5.1,.660,3.8,5.7,1.5,0.5,2.7,3.5,14.2
0,3,35,1102,7.3,16.1,.452,5.4,10.9,.495,1.9,5.2,.362,5.1,7.8,.660,5.8,8.6,2.3,0.8,4.1,5.3,21.5,,111.1,102.1
0,4,35,1102,16.0,.545,.510,.322,.483,419,1.5,9.5,5.7,25.9,2.3,1.5,17.1,20.5,,2.1,1.7,3.7,.135,,3.2,2.2,5.4
1,0,8,13,1,2,.500,1,2,.500,0,0,,2,4,.500,3,1,4,0,0,0,0,2,4
1,1,8,1.6,0.1,0.3,.500,0.1,0.3,.500,0.0,0.0,,0.3,0.5,.500,0.5,0.0,0.0,0.0,0.0,0.3,0.5
1,2,8,13,3.1,6.2,.500,3.1,6.2,.500,0.0,0.0,,6.2,12.3,.500,12.3,0.0,0.0,0.0,0.0,6.2,12.3
1,3,8,13,4.7,9.3,.500,4.7,9.3,.500,0.0,0.0,,9.3,18.7,.500,18.7,0.0,0.0,0.0,0.0,9.3,18.7,,139.0,108.1
1,4,8,13,18.1,.513,.500,.000,2.000,5,28.5,8.6,18.1,0.0,0.0,0.0,0.0,15.6,,0.1,0.0,0.1,.193,,3.4,-5.8,-2.4
2,0,24,175,9,27,.333,3,6,.500,6,21,.286,2,6,.333,6,18,24,3,3,5,6,27,26
2,1,24,7.3,0.4,1.1,.333,0.1,0.3,.500,0.3,0.9,.286,0.1,0.3,.333,1.0,0.1,0.1,0.2,0.3,1.1,1.1
2,2,24,175,2.1,6.2,.333,0.7,1.4,.500,1.4,4.8,.286,0.5,1.4,.333,5.5,0.7,0.7,1.1,1.4,6.2,5.9
2,3,24,175,3.1,9.4,.333,1.0,2.1,.500,2.1,7.3,.286,0.7,2.1,.333,8.3,1.0,1.0,1.7,2.1,9.4,9.0,,88.4,102.6
2,4,24,175,4.4,.436,.444,.778,.222,26,4.2,11.6,8.1,2.8,1.0,3.4,16.7,10.7,,0.0,0.3,0.2,.051,,-1.1,2.5,1.4
3,0,14,21,2,7,.286,1,4,.250,1,3,.333,0,0,,1,1,2,1,0,0,1,2,5
3,1,14,1.5,0.1,0.5,.286,0.1,0.3,.250,0.1,0.2,.333,0.0,0.0,,0.1,0.1,0.0,0.0,0.1,0.1,0.4
3,2,14,21,3.8,13.3,.286,1.9,7.6,.250,1.9,5.7,.333,0.0,0.0,,3.8,1.9,0.0,0.0,1.9,3.8,9.5
3,3,14,21,5.8,20.2,.286,2.9,11.6,.250,2.9,8.7,.333,0.0,0.0,,5.8,2.9,0.0,0.0,2.9,5.8,14.4,,81.9,109.8
3,4,14,21,2.1,.357,.357,.429,.000,5,5.9,5.4,5.6,8.3,0.0,0.0,12.5,19.9,,0.0,0.0,0.0,-.004,,-3.7,-2.3,-6.0
4,0,34,501,52,87,.598,52,87,.598,0,0,,33,50,.660,47,66,113,27,9,43,22,70,137
4,1,34,14.7,1.5,2.6,.598,1.5,2.6,.598,0.0,0.0,,1.0,1.5,.660,3.3,0.8,0.3,1.3,0.6,2.1,4.0
4,2,34,501,4.2,6.9,.598,4.2,6.9,.598,0.0,0.0,,2.6,4.0,.660,9.0,2.2,0.7,3.4,1.8,5.6,10.9
4,3,34,501,6.3,10.5,.598,6.3,10.5,.598,0.0,0.0,,4.0,6.1,.660,13.7,3.3,1.1,5.2,2.7,8.5,16.6,,124.7,97.6
4,4,34,501,18.6,.619,.598,.000,.575,151,11.6,14.8,13.3,9.6,1.1,10.1,16.6,13.8,,1.1,1.0,2.1,.168,,2.5,7.6,10.2
5,0,28,792,136,222,.613,136,221,.615,0,1,.000,42,64,.656,83,150,233,46,35,25,36,41,314
5,1,28,28.3,4.9,7.9,.613,4.9,7.9,.615,0.0,0.0,.000,1.5,2.3,.656,8.3,1.6,1.3,0.9,1.3,1.5,11.2
5,2,28,792,6.9,11.2,.613,6.9,11.2,.615,0.0,0.1,.000,2.1,3.2,.656,11.8,2.3,1.8,1.3,1.8,2.1,15.9
5,3,28,792,10.4,17.0,.613,10.4,16.9,.615,0.0,0.1,.000,3.2,4.9,.656,17.8,3.5,2.7,1.9,2.8,3.1,24.0,,126.0,94.9
5,4,28,792,25.5,.622,.613,.005,.288,312,13.0,21.3,17.3,11.7,2.7,3.7,12.5,19.0,,2.4,1.7,4.1,.209,,5.4,5.7,11.1
6,0,36,283,24,50,.480,18,37,.486,6,13,.462,13,22,.591,8,15,23,14,13,3,22,42,67
6,1,36,7.9,0.7,1.4,.480,0.5,1.0,.486,0.2,0.4,.462,0.4,0.6,.591,0.6,0.4,0.4,0.1,0.6,1.2,1.9
6,2,36,283,3.4,7.1,.480,2.5,5.2,.486,0.8,1.8,.462,1.8,3.1,.591,3.3,2.0,1.8,0.4,3.1,5.9,9.5
6,3,36,283,5.1,10.7,.480,3.9,7.9,.486,1.3,2.8,.462,2.8,4.7,.591,4.9,3.0,2.8,0.6,4.7,9.0,14.4,,92.6,102.3
6,4,36,283,7.6,.554,.540,.260,.440,66,3.5,6.0,4.8,8.5,2.8,1.3,26.7,15.2,,0.0,0.4,0.4,.061,,-0.9,2.6,1.7
7,0,29,206,21,38,.553,21,37,.568,0,1,.000,4,13,.308,13,24,37,6,2,7,7,35,46
7,1,29,7.1,0.7,1.3,.553,0.7,1.3,.568,0.0,0.0,.000,0.1,0.4,.308,1.3,0.2,0.1,0.2,0.2,1.2,1.6
7,2,29,206,4.1,7.4,.553,4.1,7.2,.568,0.0,0.2,.000,0.8,2.5,.308,7.2,1.2,0.4,1.4,1.4,6.8,8.9
7,3,29,206,6.2,11.2,.553,6.2,10.9,.568,0.0,0.3,.000,1.2,3.8,.308,10.9,1.8,0.6,2.1,2.1,10.3,13.5,,105.9,102.6
7,4,29,206,9.7,.521,.553,.026,.342,46,7.8,13.1,10.6,5.2,0.6,4.0,13.7,12.9,,0.2,0.3,0.5,.092,,-0.8,2.8,2.1
8,0,35,1131,195,455,.429,114,225,.507,81,230,.352,115,142,.810,37,103,140,94,63,15,60,73,586
8,1,35,32.3,5.6,13.0,.429,3.3,6.4,.507,2.3,6.6,.352,3.3,4.1,.810,4.0,2.7,1.8,0.4,1.7,2.1,16.7
8,2,35,1131,6.9,16.1,.429,4.0,8.0,.507,2.9,8.1,.352,4.1,5.0,.810,5.0,3.3,2.2,0.5,2.1,2.6,20.7
8,3,35,1131,10.5,24.4,.429,6.1,12.1,.507,4.3,12.3,.352,6.2,7.6,.810,7.5,5.0,3.4,0.8,3.2,3.9,31.4,,116.9,99.3
8,4,35,1131,22.5,.561,.518,.505,.312,542,4.0,10.2,7.3,16.8,3.4,1.6,10.3,26.8,,3.3,2.0,5.3,.188,,6.9,2.5,9.4
9,0,31,378,53,104,.510,15,27,.556,38,77,.494,8,13,.615,20,26,46,11,9,8,7,40,152
9,1,31,12.2,1.7,3.4,.510,0.5,0.9,.556,1.2,2.5,.494,0.3,0.4,.615,1.5,0.4,0.3,0.3,0.2,1.3,4.9
9,2,31,378,5.6,11.0,.510,1.6,2.9,.556,4.0,8.1,.494,0.8,1.4,.615,4.9,1.2,1.0,0.8,0.7,4.2,16.1
9,3,31,378,8.5,16.7,.510,2.4,4.3,.556,6.1,12.4,.494,1.3,2.1,.615,7.4,1.8,1.4,1.3,1.1,6.4,24.4,,139.1,104.1
9,4,31,378,19.2,.690,.692,.740,.125,124,6.5,7.7,7.2,5.5,1.4,2.5,6.0,16.2,,1.2,0.5,1.7,.181,,7.7,0.8,8.5
10,0,31,870,178,354,.503,134,250,.536,44,104,.423,109,138,.790,48,177,225,41,15,28,63,80,509
10,1,31,28.1,5.7,11.4,.503,4.3,8.1,.536,1.4,3.4,.423,3.5,4.5,.790,7.3,1.3,0.5,0.9,2.0,2.6,16.4
10,2,31,870,8.2,16.3,.503,6.2,11.5,.536,2.0,4.8,.423,5.0,6.3,.790,10.3,1.9,0.7,1.3,2.9,3.7,23.4
10,3,31,870,12.4,24.7,.503,9.3,17.4,.536,3.1,7.2,.423,7.6,9.6,.790,15.7,2.9,1.0,2.0,4.4,5.6,35.5,,116.5,97.6
10,4,31,870,25.1,.607,.565,.294,.390,443,6.8,22.9,15.2,10.2,1.0,3.8,13.1,28.9,,2.7,1.7,4.3,.200,,4.5,2.1,6.6
11,0,37,239,21,38,.553,21,38,.553,0,0,,11,21,.524,28,31,59,9,0,8,20,50,53
11,1,37,6.5,0.6,1.0,.553,0.6,1.0,.553,0.0,0.0,,0.3,0.6,.524,1.6,0.2,0.0,0.2,0.5,1.4,1.4
11,2,37,239,3.5,6.4,.553,3.5,6.4,.553,0.0,0.0,,1.8,3.5,.524,9.9,1.5,0.0,1.3,3.3,8.4,8.9
11,3,37,239,5.3,9.6,.553,5.3,9.6,.553,0.0,0.0,,2.8,5.3,.524,15.0,2.3,0.0,2.0,5.1,12.7,13.4,,98.9,103.1
11,4,37,239,8.9,.552,.553,.000,.553,64,14.5,14.6,14.5,6.5,0.0,4.0,29.4,14.8,,0.1,0.3,0.5,.078,,-1.1,2.6,1.5
12,0,36,801,87,207,.420,34,85,.400,53,122,.434,36,44,.818,8,50,58,84,32,6,37,58,263
12,1,36,22.3,2.4,5.8,.420,0.9,2.4,.400,1.5,3.4,.434,1.0,1.2,.818,1.6,2.3,0.9,0.2,1.0,1.6,7.3
12,2,36,801,4.3,10.3,.420,1.7,4.2,.400,2.6,6.1,.434,1.8,2.2,.818,2.9,4.2,1.6,0.3,1.8,2.9,13.1
12,3,36,801,6.6,15.7,.420,2.6,6.4,.400,4.0,9.2,.434,2.7,3.3,.818,4.4,6.4,2.4,0.5,2.8,4.4,19.9,,117.4,103.2
12,4,36,801,15.0,.577,.548,.589,.213,259,1.2,7.0,4.3,18.8,2.4,0.9,14.0,17.2,,1.6,1.1,2.7,.137,,4.2,1.2,5.4
13,0,38,1116,108,265,.408,65,151,.430,43,114,.377,44,65,.677,47,181,228,144,37,12,69,98,303
13,1,38,29.4,2.8,7.0,.408,1.7,4.0,.430,1.1,3.0,.377,1.2,1.7,.677,6.0,3.8,1.0,0.3,1.8,2.6,8.0
13,2,38,1116,3.9,9.5,.408,2.3,5.4,.430,1.5,4.1,.377,1.6,2.3,.677,8.2,5.2,1.3,0.4,2.5,3.5,10.9
13,3,38,1116,5.9,14.4,.408,3.5,8.2,.430,2.3,6.2,.377,2.4,3.5,.677,12.4,7.8,2.0,0.7,3.7,5.3,16.5,,108.5,98.9
13,4,38,1116,14.7,.512,.489,.430,.245,358,5.2,18.2,12.0,22.6,2.0,1.3,18.9,17.0,,1.6,2.0,3.6,.128,,2.8,4.0,6.9
14,0,12,21,4,9,.444,3,6,.500,1,3,.333,0,0,,3,1,4,1,0,0,0,3,9
14,1,12,1.8,0.3,0.8,.444,0.3,0.5,.500,0.1,0.3,.333,0.0,0.0,,0.3,0.1,0.0,0.0,0.0,0.3,0.8
14,2,12,21,7.6,17.1,.444,5.7,11.4,.500,1.9,5.7,.333,0.0,0.0,,7.6,1.9,0.0,0.0,0.0,5.7,17.1
14,3,12,21,11.6,26.0,.444,8.7,17.3,.500,2.9,8.7,.333,0.0,0.0,,11.6,2.9,0.0,0.0,0.0,8.7,26.0,,124.6,109.6
14,4,12,21,18.0,.500,.500,.333,.000,9,17.7,5.4,11.2,10.0,0.0,0.0,0.0,22.3,,0.1,0.0,0.1,.162,,5.7,-3.0,2.8
15,0,12,25,1,2,.500,1,2,.500,0,0,,3,5,.600,0,2,2,0,0,0,0,4,5
15,1,12,2.1,0.1,0.2,.500,0.1,0.2,.500,0.0,0.0,,0.3,0.4,.600,0.2,0.0,0.0,0.0,0.0,0.3,0.4
15,2,12,25,1.6,3.2,.500,1.6,3.2,.500,0.0,0.0,,4.8,8.0,.600,3.2,0.0,0.0,0.0,0.0,6.4,8.0
15,3,12,25,2.4,4.9,.500,2.4,4.9,.500,0.0,0.0,,7.3,12.1,.600,4.9,0.0,0.0,0.0,0.0,9.7,12.1,,130.6,107.9
15,4,12,25,5.6,.571,.500,.000,2.500,4,0.0,9.0,4.7,0.0,0.0,0.0,0.0,9.1,,0.0,0.0,0.1,.097,,-1.5,-1.6,-3.1
