0,0,28,269,26,66,.394,15,38,.395,11,28,.393,21,31,.677,5,27,32,21,8,1,17,28,84
0,1,28,9.6,0.9,2.4,.394,0.5,1.4,.395,0.4,1.0,.393,0.8,1.1,.677,1.1,0.8,0.3,0.0,0.6,1.0,3.0
0,2,28,269,3.9,9.8,.394,2.2,5.7,.395,1.6,4.2,.393,3.1,4.6,.677,4.8,3.1,1.2,0.1,2.5,4.2,12.5
0,3,28,269,6.0,15.2,.394,3.5,8.8,.395,2.5,6.5,.393,4.8,7.1,.677,7.4,4.8,1.8,0.2,3.9,6.5,19.4,,101.9,107.4
0,4,28,269,11.5,.520,.477,.424,.470,83,2.3,12.0,7.2,15.7,1.8,0.4,17.4,19.5,,0.2,0.3,0.5,.076,,-0.1,-0.4,-0.5
1,0,2,2,0,0,,0,0,,0,0,,0,0,,0,0,0,0,0,0,0,0,0
1,1,2,1.0,0.0,0.0,,0.0,0.0,,0.0,0.0,,0.0,0.0,,0.0,0.0,0.0,0.0,0.0,0.0,0.0
1,2,2,2,0.0,0.0,,0.0,0.0,,0.0,0.0,,0.0,0.0,,0.0,0.0,0.0,0.0,0.0,0.0,0.0
1,3,2,2,0.0,0.0,,0.0,0.0,,0.0,0.0,,0.0,0.0,,0.0,0.0,0.0,0.0,0.0,0.0,0.0,,,117.5
1,4,2,2,0.0,,,,,0,0.0,0.0,0.0,0.0,0.0,0.0,,0.0,,0.0,0.0,0.0,.004,,-3.4,1.1,-2.3
2,0,16,107,11,16,.688,6,9,.667,5,7,.714,0,0,,5,13,18,4,2,3,5,15,27
2,1,16,6.7,0.7,1.0,.688,0.4,0.6,.667,0.3,0.4,.714,0.0,0.0,,1.1,0.3,0.1,0.2,0.3,0.9,1.7
2,2,16,107,4.1,6.0,.688,2.2,3.4,.667,1.9,2.6,.714,0.0,0.0,,6.7,1.5,0.7,1.1,1.9,5.6,10.1
2,3,16,107,6.4,9.3,.688,3.5,5.2,.667,2.9,4.1,.714,0.0,0.0,,10.4,2.3,1.2,1.7,2.9,8.7,15.6,,129.5,106.2
2,4,16,107,14.4,.844,.844,.438,.000,23,5.8,14.6,10.2,7.6,1.2,3.3,23.8,10.5,,0.2,0.1,0.3,.119,,2.8,1.9,4.7
3,0,37,810,73,144,.507,73,144,.507,0,0,,39,69,.565,78,166,244,33,20,72,38,102,185
3,1,37,21.9,2.0,3.9,.507,2.0,3.9,.507,0.0,0.0,,1.1,1.9,.565,6.6,0.9,0.5,1.9,1.0,2.8,5.0
3,2,37,810,3.6,7.1,.507,3.6,7.1,.507,0.0,0.0,,1.9,3.4,.565,12.0,1.6,1.0,3.6,1.9,5.0,9.1
3,3,37,810,5.6,11.0,.507,5.6,11.0,.507,0.0,0.0,,3.0,5.3,.565,18.7,2.5,1.5,5.5,2.9,7.8,14.2,,108.8,97.5
3,4,37,810,17.5,.523,.507,.000,.479,213,11.9,24.6,18.3,8.1,1.5,10.4,17.7,14.2,,1.0,1.6,2.5,.125,,-0.6,7.8,7.2
4,0,9,62,7,22,.318,5,13,.385,2,9,.222,0,1,.000,4,8,12,2,1,0,3,10,16
4,1,9,6.9,0.8,2.4,.318,0.6,1.4,.385,0.2,1.0,.222,0.0,0.1,.000,1.3,0.2,0.1,0.0,0.3,1.1,1.8
4,2,9,62,4.5,14.2,.318,3.2,8.4,.385,1.3,5.8,.222,0.0,0.6,.000,7.7,1.3,0.6,0.0,1.9,6.5,10.3
4,3,9,62,7.0,22.0,.318,5.0,13.0,.385,2.0,9.0,.222,0.0,1.0,.000,12.0,2.0,1.0,0.0,3.0,10.0,16.0,,79.7,107.7
4,4,9,62,4.1,.356,.364,.409,.045,16,8.0,15.5,11.8,6.7,1.0,0.0,11.8,22.0,,-0.1,0.1,0.0,-.008,,-4.5,-2.2,-6.7
5,0,36,1099,137,363,.377,70,171,.409,67,192,.349,148,176,.841,26,100,126,87,32,3,65,91,489
5,1,36,30.5,3.8,10.1,.377,1.9,4.8,.409,1.9,5.3,.349,4.1,4.9,.841,3.5,2.4,0.9,0.1,1.8,2.5,13.6
5,2,36,1099,5.0,13.2,.377,2.5,6.2,.409,2.4,7.0,.349,5.4,6.4,.841,4.6,3.2,1.2,0.1,2.4,3.3,17.8
5,3,36,1099,7.7,20.5,.377,3.9,9.6,.409,3.8,10.8,.349,8.3,9.9,.841,7.1,4.9,1.8,0.2,3.7,5.1,27.6,,112.6,108.1
5,4,36,1099,17.2,.547,.470,.529,.485,469,2.9,10.9,7.0,16.9,1.8,0.3,12.7,24.9,,2.5,1.1,3.6,.130,,4.3,-0.6,3.7
6,0,38,1258,161,362,.445,97,177,.548,64,185,.346,84,109,.771,61,128,189,91,75,19,59,69,470
6,1,38,33.1,4.2,9.5,.445,2.6,4.7,.548,1.7,4.9,.346,2.2,2.9,.771,5.0,2.4,2.0,0.5,1.6,1.8,12.4
6,2,38,1258,5.1,11.5,.445,3.1,5.6,.548,2.0,5.9,.346,2.7,3.5,.771,6.0,2.9,2.4,0.6,1.9,2.2,14.9
6,3,38,1258,7.9,17.8,.445,4.8,8.7,.548,3.2,9.1,.346,4.1,5.4,.771,9.3,4.5,3.7,0.9,2.9,3.4,23.2,,116.9,102.7
6,4,38,1258,20.2,.568,.533,.511,.301,462,6.0,12.2,9.1,15.5,3.7,1.8,12.5,20.1,,2.9,1.8,4.7,.150,,5.8,3.2,9.0
7,0,37,827,89,184,.484,63,113,.558,26,71,.366,60,76,.789,32,68,100,28,15,10,34,101,264
7,1,37,22.4,2.4,5.0,.484,1.7,3.1,.558,0.7,1.9,.366,1.6,2.1,.789,2.7,0.8,0.4,0.3,0.9,2.7,7.1
7,2,37,827,4.3,8.9,.484,3.0,5.5,.558,1.3,3.4,.366,2.9,3.7,.789,4.8,1.4,0.7,0.5,1.6,4.9,12.8
7,3,37,827,6.7,13.8,.484,4.7,8.5,.558,1.9,5.3,.366,4.5,5.7,.789,7.5,2.1,1.1,0.7,2.5,7.6,19.8,,117.2,109.4
7,4,37,827,13.2,.600,.554,.386,.413,243,4.8,9.9,7.4,7.0,1.1,1.4,13.4,16.5,,1.5,0.7,2.2,.108,,2.4,0.2,2.6
8,0,38,1145,165,323,.511,143,278,.514,22,45,.489,104,138,.754,18,85,103,160,60,3,102,83,456
8,1,38,30.1,4.3,8.5,.511,3.8,7.3,.514,0.6,1.2,.489,2.7,3.6,.754,2.7,4.2,1.6,0.1,2.7,2.2,12.0
8,2,38,1145,5.8,11.3,.511,5.0,9.7,.514,0.8,1.6,.489,3.6,4.8,.754,3.6,5.6,2.1,0.1,3.6,2.9,15.9
8,3,38,1145,8.9,17.5,.511,7.7,15.1,.514,1.2,2.4,.489,5.6,7.5,.754,5.6,8.7,3.2,0.2,5.5,4.5,24.7,,109.8,105.8
8,4,38,1145,18.7,.587,.545,.139,.427,474,1.9,8.9,5.5,31.0,3.2,0.3,20.8,22.9,,2.2,1.3,3.6,.125,,3.1,0.8,4.0
9,0,30,292,18,48,.375,13,31,.419,5,17,.294,8,13,.615,5,27,32,12,11,1,13,32,49
9,1,30,9.7,0.6,1.6,.375,0.4,1.0,.419,0.2,0.6,.294,0.3,0.4,.615,1.1,0.4,0.4,0.0,0.4,1.1,1.6
9,2,30,292,2.5,6.6,.375,1.8,4.2,.419,0.7,2.3,.294,1.1,1.8,.615,4.4,1.6,1.5,0.1,1.8,4.4,6.7
9,3,30,292,3.8,10.2,.375,2.8,6.6,.419,1.1,3.6,.294,1.7,2.8,.615,6.8,2.5,2.3,0.2,2.8,6.8,10.4,,88.1,106.7
9,4,30,292,5.9,.452,.427,.354,.271,50,2.1,11.1,6.7,7.7,2.3,0.4,19.4,12.3,,-0.1,0.3,0.3,.035,,-2.4,1.3,-1.0
10,0,31,570,63,140,.450,50,96,.521,13,44,.295,25,39,.641,26,61,87,25,19,10,26,54,164
10,1,31,18.4,2.0,4.5,.450,1.6,3.1,.521,0.4,1.4,.295,0.8,1.3,.641,2.8,0.8,0.6,0.3,0.8,1.7,5.3
10,2,31,570,4.4,9.8,.450,3.5,6.7,.521,0.9,3.1,.295,1.8,2.7,.641,6.1,1.8,1.3,0.7,1.8,3.8,11.5
10,3,31,570,6.9,15.2,.450,5.4,10.4,.521,1.4,4.8,.295,2.7,4.2,.641,9.5,2.7,2.1,1.1,2.8,5.9,17.8,,104.1,105.8
10,4,31,570,12.9,.517,.496,.314,.279,159,5.6,12.8,9.3,9.1,2.1,2.1,14.1,17.3,,0.5,0.7,1.2,.085,,0.4,1.8,2.2
11,0,8,7,0,2,.000,0,1,.000,0,1,.000,0,0,,0,0,0,0,0,0,0,0,0
11,1,8,0.9,0.0,0.3,.000,0.0,0.1,.000,0.0,0.1,.000,0.0,0.0,,0.0,0.0,0.0,0.0,0.0,0.0,0.0
11,2,8,7,0.0,11.4,.000,0.0,5.7,.000,0.0,5.7,.000,0.0,0.0,,0.0,0.0,0.0,0.0,0.0,0.0,0.0
11,3,8,7,0.0,17.7,.000,0.0,8.9,.000,0.0,8.9,.000,0.0,0.0,,0.0,0.0,0.0,0.0,0.0,0.0,0.0,,0.0,117.5
11,4,8,7,-13.0,.000,.000,.500,.000,0,0.0,0.0,0.0,0.0,0.0,0.0,0.0,15.3,,0.0,0.0,0.0,-.202,,-12.5,-3.8,-16.3
12,0,36,685,77,222,.347,20,48,.417,57,174,.328,50,64,.781,1,57,58,38,22,3,25,47,261
12,1,36,19.0,2.1,6.2,.347,0.6,1.3,.417,1.6,4.8,.328,1.4,1.8,.781,1.6,1.1,0.6,0.1,0.7,1.3,7.3
12,2,36,685,4.5,13.0,.347,1.2,2.8,.417,3.3,10.2,.328,2.9,3.7,.781,3.4,2.2,1.3,0.2,1.5,2.7,15.2
12,3,36,685,7.0,20.1,.347,1.8,4.3,.417,5.2,15.7,.328,4.5,5.8,.781,5.2,3.4,2.0,0.3,2.3,4.3,23.6,,108.1,108.1
12,4,36,685,13.5,.517,.475,.784,.288,232,0.2,10.0,5.1,11.5,2.0,0.5,9.0,21.7,,1.0,0.7,1.7,.097,,3.0,-1.4,1.6
13,0,32,592,91,161,.565,91,161,.565,0,0,,68,102,.667,54,89,143,27,24,30,47,95,250
13,1,32,18.5,2.8,5.0,.565,2.8,5.0,.565,0.0,0.0,,2.1,3.2,.667,4.5,0.8,0.8,0.9,1.5,3.0,7.8
13,2,32,592,6.1,10.9,.565,6.1,10.9,.565,0.0,0.0,,4.6,6.9,.667,9.7,1.8,1.6,2.0,3.2,6.4,16.9
13,3,32,592,9.5,16.9,.565,9.5,16.9,.565,0.0,0.0,,7.1,10.7,.667,15.0,2.8,2.5,3.1,4.9,9.9,26.2,,111.3,100.3
13,4,32,592,21.5,.597,.565,.000,.634,245,11.2,18.0,14.7,10.4,2.5,6.0,18.3,23.2,,1.2,1.0,2.2,.151,,1.6,4.4,6.0
