0,0,29,291,24,51,.471,24,51,.471,0,0,,20,38,.526,24,28,52,7,1,18,13,50,68
0,1,29,10.0,0.8,1.8,.471,0.8,1.8,.471,0.0,0.0,,0.7,1.3,.526,1.8,0.2,0.0,0.6,0.4,1.7,2.3
0,2,29,291,3.3,7.0,.471,3.3,7.0,.471,0.0,0.0,,2.7,5.2,.526,7.1,1.0,0.1,2.5,1.8,6.9,9.3
0,3,29,291,4.8,10.1,.471,4.8,10.1,.471,0.0,0.0,,4.0,7.5,.526,10.3,1.4,0.2,3.6,2.6,9.9,13.5,,102.6,108.4
0,4,29,291,9.9,.492,.471,.000,.745,73,8.5,10.6,9.5,4.4,0.2,7.0,15.8,13.7,,0.2,0.3,0.5,.065,,-2.6,2.7,0.1
1,0,33,548,51,94,.543,51,94,.543,0,0,,35,67,.522,51,77,128,7,16,25,20,70,137
1,1,33,16.6,1.5,2.8,.543,1.5,2.8,.543,0.0,0.0,,1.1,2.0,.522,3.9,0.2,0.5,0.8,0.6,2.1,4.2
1,2,33,548,3.7,6.9,.543,3.7,6.9,.543,0.0,0.0,,2.6,4.9,.522,9.3,0.5,1.2,1.8,1.5,5.1,10.0
1,3,33,548,5.4,9.9,.543,5.4,9.9,.543,0.0,0.0,,3.7,7.0,.522,13.5,0.7,1.7,2.6,2.1,7.4,14.4,,112.4,103.6
1,4,33,548,14.3,.544,.543,.000,.713,142,9.6,15.4,12.5,2.4,1.7,5.1,13.7,12.9,,0.7,0.8,1.5,.106,,-0.9,2.9,2.0
2,0,30,934,172,487,.353,43,110,.391,129,377,.342,98,120,.817,9,48,57,61,45,2,55,50,571
2,1,30,31.1,5.7,16.2,.353,1.4,3.7,.391,4.3,12.6,.342,3.3,4.0,.817,1.9,2.0,1.5,0.1,1.8,1.7,19.0
2,2,30,934,7.4,20.9,.353,1.8,4.7,.391,5.5,16.1,.342,4.2,5.1,.817,2.4,2.6,1.9,0.1,2.4,2.1,24.5
2,3,30,934,10.6,30.0,.353,2.7,6.8,.391,8.0,23.3,.342,6.0,7.4,.817,3.5,3.8,2.8,0.1,3.4,3.1,35.2,,110.0,108.6
2,4,30,934,19.5,.525,.486,.774,.246,499,1.0,5.6,3.3,14.8,2.8,0.2,9.2,31.2,,2.2,0.9,3.1,.131,,7.1,-2.8,4.3
3,0,12,52,9,19,.474,7,11,.636,2,8,.250,8,10,.800,9,9,18,1,4,0,3,10,28
3,1,12,4.3,0.8,1.6,.474,0.6,0.9,.636,0.2,0.7,.250,0.7,0.8,.800,1.5,0.1,0.3,0.0,0.3,0.8,2.3
3,2,12,52,6.9,14.6,.474,5.4,8.5,.636,1.5,6.2,.250,6.2,7.7,.800,13.8,0.8,3.1,0.0,2.3,7.7,21.5
3,3,12,52,10.0,21.1,.474,7.8,12.2,.636,2.2,8.9,.250,8.9,11.1,.800,19.9,1.1,4.4,0.0,3.3,11.1,31.0,,124.3,97.2
3,4,12,52,27.7,.589,.526,.421,.526,28,17.9,19.0,18.5,4.2,4.4,0.0,11.2,25.0,,0.2,0.1,0.3,.230,,5.9,-1.2,4.8
4,0,33,894,83,193,.430,81,181,.448,2,12,.167,30,42,.714,107,110,217,13,29,69,24,84,198
4,1,33,27.1,2.5,5.8,.430,2.5,5.5,.448,0.1,0.4,.167,0.9,1.3,.714,6.6,0.4,0.9,2.1,0.7,2.5,6.0
4,2,33,894,3.7,8.6,.430,3.6,8.1,.448,0.1,0.5,.167,1.3,1.9,.714,9.7,0.6,1.3,3.1,1.1,3.8,8.9
4,3,33,894,5.3,12.4,.430,5.2,11.7,.448,0.1,0.8,.167,1.9,2.7,.714,14.0,0.8,1.9,4.4,1.5,5.4,12.8,,110.0,102.9
4,4,33,894,15.4,.465,.435,.062,.218,226,12.4,13.5,12.9,2.7,1.9,8.7,10.1,12.9,,1.0,1.3,2.3,.103,,-0.5,5.7,5.2
5,0,2,7,1,2,.500,0,1,.000,1,1,1.000,0,0,,0,0,0,1,0,0,0,2,3
5,1,2,3.5,0.5,1.0,.500,0.0,0.5,.000,0.5,0.5,1.000,0.0,0.0,,0.0,0.5,0.0,0.0,0.0,1.0,1.5
5,2,2,7,5.7,11.4,.500,0.0,5.7,.000,5.7,5.7,1.000,0.0,0.0,,0.0,5.7,0.0,0.0,0.0,11.4,17.1
5,3,2,7,8.2,16.5,.500,0.0,8.2,.000,8.2,8.2,1.000,0.0,0.0,,0.0,8.2,0.0,0.0,0.0,16.5,24.7,,173.8,116.3
5,4,2,7,17.2,.750,.750,.500,.000,3,0.0,0.0,0.0,29.6,0.0,0.0,0.0,13.9,,0.0,0.0,0.0,.218,,5.4,-9.9,-4.5
6,0,30,541,68,197,.345,49,123,.398,19,74,.257,42,68,.618,4,47,51,68,29,1,32,36,197
6,1,30,18.0,2.3,6.6,.345,1.6,4.1,.398,0.6,2.5,.257,1.4,2.3,.618,1.7,2.3,1.0,0.0,1.1,1.2,6.6
6,2,30,541,5.0,14.6,.345,3.6,9.1,.398,1.4,5.5,.257,3.1,5.0,.618,3.8,5.0,2.1,0.1,2.4,2.7,14.6
6,3,30,541,7.2,21.0,.345,5.2,13.1,.398,2.0,7.9,.257,4.5,7.2,.618,5.4,7.2,3.1,0.1,3.4,3.8,21.0,,96.0,105.8
6,4,30,541,12.9,.430,.393,.376,.345,204,0.8,9.5,5.0,25.1,3.1,0.2,12.2,23.5,,0.2,0.6,0.9,.063,,-0.1,-0.5,-0.7
7,0,25,383,27,49,.551,20,35,.571,7,14,.500,20,32,.625,22,58,80,26,22,5,18,42,81
7,1,25,15.3,1.1,2.0,.551,0.8,1.4,.571,0.3,0.6,.500,0.8,1.3,.625,3.2,1.0,0.9,0.2,0.7,1.7,3.2
7,2,25,383,2.8,5.1,.551,2.1,3.7,.571,0.7,1.5,.500,2.1,3.3,.625,8.4,2.7,2.3,0.5,1.9,4.4,8.5
7,3,25,383,4.1,7.4,.551,3.0,5.3,.571,1.1,2.1,.500,3.0,4.8,.625,12.0,3.9,3.3,0.8,2.7,6.3,12.2,,119.1,100.9
7,4,25,383,14.8,.631,.622,.286,.653,90,6.0,16.6,11.1,12.2,3.3,1.5,21.9,10.4,,0.6,0.6,1.2,.124,,1.6,3.7,5.2
8,0,3,2,0,0,,0,0,,0,0,,0,0,,0,1,1,0,0,0,0,0,0
8,1,3,0.7,0.0,0.0,,0.0,0.0,,0.0,0.0,,0.0,0.0,,0.3,0.0,0.0,0.0,0.0,0.0,0.0
8,2,3,2,0.0,0.0,,0.0,0.0,,0.0,0.0,,0.0,0.0,,20.0,0.0,0.0,0.0,0.0,0.0,0.0
8,3,3,2,0.0,0.0,,0.0,0.0,,0.0,0.0,,0.0,0.0,,28.8,0.0,0.0,0.0,0.0,0.0,0.0,,,90.0
8,4,3,2,8.8,,,,,0,0.0,54.9,26.7,0.0,0.0,0.0,,0.0,,0.0,0.0,0.0,.105,,-10.1,-1.5,-11.7
9,0,32,646,67,167,.401,41,89,.461,26,78,.333,66,96,.688,33,80,113,22,22,20,47,75,226
9,1,32,20.2,2.1,5.2,.401,1.3,2.8,.461,0.8,2.4,.333,2.1,3.0,.688,3.5,0.7,0.7,0.6,1.5,2.3,7.1
9,2,32,646,4.1,10.3,.401,2.5,5.5,.461,1.6,4.8,.333,4.1,5.9,.688,7.0,1.4,1.4,1.2,2.9,4.6,14.0
9,3,32,646,6.0,14.9,.401,3.7,7.9,.461,2.3,7.0,.333,5.9,8.6,.688,10.1,2.0,2.0,1.8,4.2,6.7,20.2,,101.3,104.6
9,4,32,646,13.2,.532,.479,.467,.575,215,5.3,13.6,9.3,6.5,2.0,3.5,18.1,19.5,,0.5,0.8,1.4,.084,,0.1,1.7,1.8
10,0,33,658,64,137,.467,64,137,.467,0,0,,40,61,.656,77,109,186,14,23,28,32,82,168
10,1,33,19.9,1.9,4.2,.467,1.9,4.2,.467,0.0,0.0,,1.2,1.8,.656,5.6,0.4,0.7,0.8,1.0,2.5,5.1
10,2,33,658,3.9,8.3,.467,3.9,8.3,.467,0.0,0.0,,2.4,3.7,.656,11.3,0.9,1.4,1.7,1.9,5.0,10.2
10,3,33,658,5.6,12.0,.467,5.6,12.0,.467,0.0,0.0,,3.5,5.3,.656,16.3,1.2,2.0,2.5,2.8,7.2,14.7,,107.2,101.6
10,4,33,658,15.1,.506,.467,.000,.445,187,12.1,18.2,15.1,4.0,2.0,4.8,16.2,14.6,,0.7,1.0,1.7,.106,,-1.0,3.4,2.4
11,0,33,1011,190,391,.486,143,280,.511,47,111,.423,143,187,.765,12,67,79,126,31,10,76,93,570
11,1,33,30.6,5.8,11.8,.486,4.3,8.5,.511,1.4,3.4,.423,4.3,5.7,.765,2.4,3.8,0.9,0.3,2.3,2.8,17.3
11,2,33,1011,7.5,15.5,.486,5.7,11.1,.511,1.9,4.4,.423,5.7,7.4,.765,3.1,5.0,1.2,0.4,3.0,3.7,22.6
11,3,33,1011,10.8,22.3,.486,8.1,16.0,.511,2.7,6.3,.423,8.1,10.7,.765,4.5,7.2,1.8,0.6,4.3,5.3,32.5,,118.9,109.4
11,4,33,1011,22.2,.594,.546,.284,.478,543,1.2,7.3,4.2,28.4,1.8,1.1,13.7,26.7,,3.3,0.8,4.2,.165,,6.3,-1.3,5.0
12,0,33,709,80,216,.370,55,130,.423,25,86,.291,50,72,.694,11,88,99,67,24,4,47,46,235
12,1,33,21.5,2.4,6.5,.370,1.7,3.9,.423,0.8,2.6,.291,1.5,2.2,.694,3.0,2.0,0.7,0.1,1.4,1.4,7.1
12,2,33,709,4.5,12.2,.370,3.1,7.3,.423,1.4,4.9,.291,2.8,4.1,.694,5.6,3.8,1.4,0.2,2.7,2.6,13.3
12,3,33,709,6.5,17.6,.370,4.5,10.6,.423,2.0,7.0,.291,4.1,5.9,.694,8.0,5.4,2.0,0.3,3.8,3.7,19.1,,97.1,106.1
12,4,33,709,11.9,.470,.428,.398,.333,237,1.6,13.6,7.4,18.4,2.0,0.6,15.8,20.4,,0.3,0.8,1.1,.065,,-0.4,0.3,-0.2
