0,0,13,53,3,9,.333,1,3,.333,2,6,.333,2,2,1.000,1,1,2,5,0,0,2,5,10
0,1,13,4.1,0.2,0.7,.333,0.1,0.2,.333,0.2,0.5,.333,0.2,0.2,1.000,0.2,0.4,0.0,0.0,0.2,0.4,0.8
0,2,13,53,2.3,6.8,.333,0.8,2.3,.333,1.5,4.5,.333,1.5,1.5,1.000,1.5,3.8,0.0,0.0,1.5,3.8,7.5
0,3,13,53,3.4,10.1,.333,1.1,3.4,.333,2.2,6.7,.333,2.2,2.2,1.000,2.2,5.6,0.0,0.0,2.2,5.6,11.2,,112.9,113.4
0,4,13,53,6.7,.503,.444,.667,.222,12,2.2,2.2,2.2,16.3,0.0,0.0,16.7,11.3,,0.1,0.0,0.1,.059,,0.3,-4.1,-3.8
1,0,33,774,95,160,.594,94,158,.595,1,2,.500,34,78,.436,73,139,212,21,19,95,53,123,225
1,1,33,23.5,2.9,4.8,.594,2.8,4.8,.595,0.0,0.1,.500,1.0,2.4,.436,6.4,0.6,0.6,2.9,1.6,3.7,6.8
1,2,33,774,4.9,8.3,.594,4.9,8.2,.595,0.1,0.1,.500,1.8,4.0,.436,11.0,1.1,1.0,4.9,2.7,6.4,11.6
1,3,33,774,7.3,12.2,.594,7.2,12.1,.595,0.1,0.2,.500,2.6,6.0,.436,16.2,1.6,1.5,7.3,4.1,9.4,17.2,,104.6,95.1
1,4,33,774,19.1,.571,.597,.013,.488,228,10.9,20.6,15.8,5.3,1.5,13.1,21.2,16.2,,1.0,1.5,2.4,.125,,-0.1,7.9,7.8
2,0,29,249,16,34,.471,16,34,.471,0,0,,14,24,.583,24,30,54,2,5,9,14,34,46
2,1,29,8.6,0.6,1.2,.471,0.6,1.2,.471,0.0,0.0,,0.5,0.8,.583,1.9,0.1,0.2,0.3,0.5,1.2,1.6
2,2,29,249,2.6,5.5,.471,2.6,5.5,.471,0.0,0.0,,2.2,3.9,.583,8.7,0.3,0.8,1.4,2.2,5.5,7.4
2,3,29,249,3.8,8.1,.471,3.8,8.1,.471,0.0,0.0,,3.3,5.7,.583,12.8,0.5,1.2,2.1,3.3,8.1,10.9,,98.4,103.4
2,4,29,249,9.7,.507,.471,.000,.706,52,11.1,13.8,12.5,1.4,1.2,3.8,23.6,12.0,,0.1,0.3,0.4,.066,,-1.9,1.0,-0.9
3,0,31,606,67,170,.394,35,84,.417,32,86,.372,24,35,.686,28,59,87,60,27,2,44,63,190
3,1,31,19.5,2.2,5.5,.394,1.1,2.7,.417,1.0,2.8,.372,0.8,1.1,.686,2.8,1.9,0.9,0.1,1.4,2.0,6.1
3,2,31,606,4.4,11.2,.394,2.3,5.5,.417,2.1,5.7,.372,1.6,2.3,.686,5.7,4.0,1.8,0.1,2.9,4.2,12.5
3,3,31,606,6.5,16.6,.394,3.4,8.2,.417,3.1,8.4,.372,2.3,3.4,.686,8.5,5.9,2.6,0.2,4.3,6.2,18.6,,104.0,103.3
3,4,31,606,14.1,.509,.488,.506,.206,204,5.3,11.2,8.3,18.8,2.6,0.4,19.1,19.1,,0.8,0.7,1.5,.099,,2.6,0.5,3.1
4,0,34,1037,164,384,.427,117,242,.483,47,142,.331,108,124,.871,46,107,153,51,27,17,51,48,483
4,1,34,30.5,4.8,11.3,.427,3.4,7.1,.483,1.4,4.2,.331,3.2,3.6,.871,4.5,1.5,0.8,0.5,1.5,1.4,14.2
4,2,34,1037,6.3,14.8,.427,4.5,9.3,.483,1.8,5.5,.331,4.2,4.8,.871,5.9,2.0,1.0,0.7,2.0,1.9,18.6
4,3,34,1037,9.4,21.9,.427,6.7,13.8,.483,2.7,8.1,.331,6.2,7.1,.871,8.7,2.9,1.5,1.0,2.9,2.7,27.6,,116.4,105.0
4,4,34,1037,20.4,.545,.488,.370,.323,451,5.1,11.8,8.5,10.3,1.5,1.7,10.3,23.9,,3.0,1.0,4.0,.154,,4.0,-0.4,3.6
5,0,34,963,120,245,.490,108,208,.519,12,37,.324,77,108,.713,55,150,205,41,25,36,83,101,329
5,1,34,28.3,3.5,7.2,.490,3.2,6.1,.519,0.4,1.1,.324,2.3,3.2,.713,6.0,1.2,0.7,1.1,2.4,3.0,9.7
5,2,34,963,5.0,10.2,.490,4.5,8.6,.519,0.5,1.5,.324,3.2,4.5,.713,8.5,1.7,1.0,1.5,3.4,4.2,13.7
5,3,34,963,7.4,15.1,.490,6.6,12.8,.519,0.7,2.3,.324,4.7,6.6,.713,12.6,2.5,1.5,2.2,5.1,6.2,20.2,,101.1,100.9
5,4,34,963,15.5,.555,.514,.151,.441,322,6.6,17.9,12.2,8.3,1.5,4.0,21.9,19.7,,1.1,1.3,2.4,.098,,0.0,2.6,2.6
6,0,34,514,77,198,.389,33,76,.434,44,122,.361,46,59,.780,11,40,51,48,19,4,53,59,244
6,1,34,15.1,2.3,5.8,.389,1.0,2.2,.434,1.3,3.6,.361,1.4,1.7,.780,1.5,1.4,0.6,0.1,1.6,1.7,7.2
6,2,34,514,6.0,15.4,.389,2.6,5.9,.434,3.4,9.5,.361,3.6,4.6,.780,4.0,3.7,1.5,0.3,4.1,4.6,19.0
6,3,34,514,8.9,22.8,.389,3.8,8.8,.434,5.1,14.1,.361,5.3,6.8,.780,5.9,5.5,2.2,0.5,6.1,6.8,28.1,,103.2,105.0
6,4,34,514,16.1,.540,.500,.616,.298,233,2.5,8.9,5.7,19.2,2.2,0.8,19.0,27.2,,0.9,0.5,1.4,.108,,3.1,-1.8,1.3
7,0,33,577,46,83,.554,46,83,.554,0,0,,15,32,.469,55,70,125,9,11,12,20,82,107
7,1,33,17.5,1.4,2.5,.554,1.4,2.5,.554,0.0,0.0,,0.5,1.0,.469,3.8,0.3,0.3,0.4,0.6,2.5,3.2
7,2,33,577,3.2,5.8,.554,3.2,5.8,.554,0.0,0.0,,1.0,2.2,.469,8.7,0.6,0.8,0.8,1.4,5.7,7.4
7,3,33,577,4.7,8.5,.554,4.7,8.5,.554,0.0,0.0,,1.5,3.3,.469,12.8,0.9,1.1,1.2,2.1,8.4,11.0,,112.7,104.3
7,4,33,577,11.0,.545,.554,.000,.386,120,11.0,13.9,12.5,2.8,1.1,2.2,16.9,10.3,,0.7,0.6,1.3,.090,,0.6,1.1,1.7
8,0,34,1185,193,479,.403,98,200,.490,95,279,.341,168,181,.928,7,69,76,128,23,3,72,61,649
8,1,34,34.9,5.7,14.1,.403,2.9,5.9,.490,2.8,8.2,.341,4.9,5.3,.928,2.2,3.8,0.7,0.1,2.1,1.8,19.1
8,2,34,1185,6.5,16.2,.403,3.3,6.8,.490,3.2,9.4,.341,5.7,6.1,.928,2.6,4.3,0.8,0.1,2.4,2.1,21.9
8,3,34,1185,9.6,23.9,.403,4.9,10.0,.490,4.7,13.9,.341,8.4,9.0,.928,3.8,6.4,1.1,0.1,3.6,3.0,32.4,,122.4,108.9
8,4,34,1185,22.2,.574,.502,.582,.378,620,0.7,6.7,3.7,22.8,1.1,0.3,11.3,26.9,,4.8,0.7,5.5,.186,,7.7,-3.1,4.6
9,0,9,34,8,15,.533,4,7,.571,4,8,.500,0,0,,4,1,5,0,1,0,4,3,20
9,1,9,3.8,0.9,1.7,.533,0.4,0.8,.571,0.4,0.9,.500,0.0,0.0,,0.6,0.0,0.1,0.0,0.4,0.3,2.2
9,2,9,34,9.4,17.6,.533,4.7,8.2,.571,4.7,9.4,.500,0.0,0.0,,5.9,0.0,1.2,0.0,4.7,3.5,23.5
9,3,9,34,13.9,26.1,.533,7.0,12.2,.571,7.0,13.9,.500,0.0,0.0,,8.7,0.0,1.7,0.0,7.0,5.2,34.8,,106.9,109.0
9,4,9,34,22.1,.667,.667,.533,.000,16,13.6,3.4,8.5,0.0,1.7,0.0,21.1,28.0,,0.1,0.0,0.1,.110,,3.9,-6.8,-2.9
10,0,34,833,79,187,.422,56,129,.434,23,58,.397,29,41,.707,55,81,136,50,23,2,38,59,210
10,1,34,24.5,2.3,5.5,.422,1.6,3.8,.434,0.7,1.7,.397,0.9,1.2,.707,4.0,1.5,0.7,0.1,1.1,1.7,6.2
10,2,34,833,3.8,9.0,.422,2.7,6.2,.434,1.1,2.8,.397,1.4,2.0,.707,6.5,2.4,1.1,0.1,1.8,2.8,10.1
10,3,34,833,5.6,13.3,.422,4.0,9.2,.434,1.6,4.1,.397,2.1,2.9,.707,9.7,3.6,1.6,0.1,2.7,4.2,14.9,,109.5,105.8
10,4,34,833,12.8,.509,.484,.310,.219,229,7.6,11.2,9.4,11.1,1.6,0.3,15.5,14.7,,1.2,0.7,1.9,.094,,2.1,0.6,2.7
