0,0,27,245,16,25,.640,16,25,.640,0,0,,4,11,.364,19,28,47,3,10,1,7,24,36
0,1,27,9.1,0.6,0.9,.640,0.6,0.9,.640,0.0,0.0,,0.1,0.4,.364,1.7,0.1,0.4,0.0,0.3,0.9,1.3
0,2,27,245,2.6,4.1,.640,2.6,4.1,.640,0.0,0.0,,0.7,1.8,.364,7.7,0.5,1.6,0.2,1.1,3.9,5.9
0,3,27,245,3.7,5.8,.640,3.7,5.8,.640,0.0,0.0,,0.9,2.5,.364,10.9,0.7,2.3,0.2,1.6,5.6,8.3,,115.7,96.7
0,4,27,245,10.4,.596,.640,.000,.440,40,8.1,12.3,10.1,2.0,2.3,0.4,18.8,7.2,,0.3,0.4,0.7,.109,,0.3,2.4,2.7
1,0,36,1024,125,213,.587,125,213,.587,0,0,,89,166,.536,111,160,271,29,39,98,51,118,339
1,1,36,28.4,3.5,5.9,.587,3.5,5.9,.587,0.0,0.0,,2.5,4.6,.536,7.5,0.8,1.1,2.7,1.4,3.3,9.4
1,2,36,1024,4.9,8.3,.587,4.9,8.3,.587,0.0,0.0,,3.5,6.5,.536,10.6,1.1,1.5,3.8,2.0,4.6,13.2
1,3,36,1024,6.9,11.8,.587,6.9,11.8,.587,0.0,0.0,,4.9,9.2,.536,15.0,1.6,2.2,5.4,2.8,6.5,18.8,,116.6,90.2
1,4,36,1024,21.9,.581,.587,.000,.779,350,11.3,16.8,14.0,5.2,2.2,10.3,14.9,16.0,,2.4,2.3,4.7,.183,,2.3,8.1,10.4
2,0,7,44,4,13,.308,4,13,.308,0,0,,3,4,.750,2,6,8,0,2,1,2,3,11
2,1,7,6.3,0.6,1.9,.308,0.6,1.9,.308,0.0,0.0,,0.4,0.6,.750,1.1,0.0,0.3,0.1,0.3,0.4,1.6
2,2,7,44,3.6,11.8,.308,3.6,11.8,.308,0.0,0.0,,2.7,3.6,.750,7.3,0.0,1.8,0.9,1.8,2.7,10.0
2,3,7,44,5.2,16.8,.308,5.2,16.8,.308,0.0,0.0,,3.9,5.2,.750,10.3,0.0,2.6,1.3,2.6,3.9,14.2,,80.5,94.2
2,4,7,44,8.2,.369,.308,.000,.308,10,4.7,14.6,9.6,0.0,2.6,2.4,11.8,18.3,,0.0,0.1,0.1,.049,,-6.9,-0.3,-7.2
3,0,36,1134,209,549,.381,71,155,.458,138,394,.350,166,188,.883,17,94,111,63,48,2,76,59,722
3,1,36,31.5,5.8,15.3,.381,2.0,4.3,.458,3.8,10.9,.350,4.6,5.2,.883,3.1,1.8,1.3,0.1,2.1,1.6,20.1
3,2,36,1134,7.4,19.4,.381,2.5,5.5,.458,4.9,13.9,.350,5.9,6.6,.883,3.9,2.2,1.7,0.1,2.7,2.1,25.5
3,3,36,1134,10.5,27.5,.381,3.6,7.8,.458,6.9,19.7,.350,8.3,9.4,.883,5.6,3.2,2.4,0.1,3.8,3.0,36.1,,116.1,98.5
3,4,36,1134,23.5,.566,.506,.718,.342,633,1.6,8.9,5.2,11.4,2.4,0.2,10.6,30.0,,4.2,1.7,5.9,.208,,8.4,-1.3,7.1
4,0,36,1131,214,385,.556,213,377,.565,1,8,.125,93,171,.544,126,224,350,45,58,25,75,86,522
4,1,36,31.4,5.9,10.7,.556,5.9,10.5,.565,0.0,0.2,.125,2.6,4.8,.544,9.7,1.3,1.6,0.7,2.1,2.4,14.5
4,2,36,1131,7.6,13.6,.556,7.5,13.3,.565,0.0,0.3,.125,3.3,6.0,.544,12.4,1.6,2.1,0.9,2.7,3.0,18.5
4,3,36,1131,10.7,19.3,.556,10.7,18.9,.565,0.1,0.4,.125,4.7,8.6,.544,17.6,2.3,2.9,1.3,3.8,4.3,26.2,,112.2,90.3
4,4,36,1131,24.8,.560,.557,.021,.444,512,11.6,21.2,16.4,8.3,2.9,2.4,13.9,22.8,,3.0,2.6,5.6,.198,,3.3,3.8,7.1
5,0,20,338,30,54,.556,29,51,.569,1,3,.333,8,16,.500,36,45,81,11,11,32,10,39,69
5,1,20,16.9,1.5,2.7,.556,1.5,2.6,.569,0.1,0.2,.333,0.4,0.8,.500,4.1,0.6,0.6,1.6,0.5,2.0,3.5
5,2,20,338,3.6,6.4,.556,3.4,6.0,.569,0.1,0.4,.333,0.9,1.9,.500,9.6,1.3,1.3,3.8,1.2,4.6,8.2
5,3,20,338,5.0,9.1,.556,4.9,8.6,.569,0.2,0.5,.333,1.3,2.7,.500,13.6,1.8,1.8,5.4,1.7,6.5,11.6,,121.1,92.1
5,4,20,338,17.4,.560,.565,.056,.296,80,11.1,14.3,12.7,5.6,1.8,10.2,14.0,10.1,,0.6,0.7,1.3,.155,,1.4,8.1,9.5
6,0,33,460,55,161,.342,34,96,.354,21,65,.323,43,57,.754,7,38,45,59,28,0,29,31,174
6,1,33,13.9,1.7,4.9,.342,1.0,2.9,.354,0.6,2.0,.323,1.3,1.7,.754,1.4,1.8,0.8,0.0,0.9,0.9,5.3
6,2,33,460,4.8,14.0,.342,3.0,8.3,.354,1.8,5.7,.323,3.7,5.0,.754,3.9,5.1,2.4,0.0,2.5,2.7,15.1
6,3,33,460,6.8,19.9,.342,4.2,11.8,.354,2.6,8.0,.323,5.3,7.0,.754,5.5,7.3,3.5,0.0,3.6,3.8,21.5,,102.2,96.1
6,4,33,460,15.9,.463,.407,.404,.354,182,1.6,8.9,5.2,23.2,3.5,0.0,13.4,22.5,,0.7,0.8,1.5,.128,,1.7,0.7,2.4
7,0,25,151,13,42,.310,12,24,.500,1,18,.056,13,17,.765,13,18,31,12,19,1,13,16,40
7,1,25,6.0,0.5,1.7,.310,0.5,1.0,.500,0.0,0.7,.056,0.5,0.7,.765,1.2,0.5,0.8,0.0,0.5,0.6,1.6
7,2,25,151,3.4,11.1,.310,3.2,6.4,.500,0.3,4.8,.056,3.4,4.5,.765,8.2,3.2,5.0,0.3,3.4,4.2,10.6
7,3,25,151,4.9,15.8,.310,4.5,9.0,.500,0.4,6.8,.056,4.9,6.4,.765,11.6,4.5,7.1,0.4,4.9,6.0,15.0,,87.6,85.4
7,4,25,151,15.1,.399,.321,.429,.405,48,9.0,12.8,10.9,13.6,7.1,0.7,20.6,19.9,,0.0,0.4,0.4,.106,,0.4,5.8,6.2
8,0,3,5,1,1,1.000,1,1,1.000,0,0,,0,1,.000,1,1,2,0,0,0,0,1,2
8,1,3,1.7,0.3,0.3,1.000,0.3,0.3,1.000,0.0,0.0,,0.0,0.3,.000,0.7,0.0,0.0,0.0,0.0,0.3,0.7
8,2,3,5,8.0,8.0,1.000,8.0,8.0,1.000,0.0,0.0,,0.0,8.0,.000,16.0,0.0,0.0,0.0,0.0,8.0,16.0
8,3,3,5,11.3,11.3,1.000,11.3,11.3,1.000,0.0,0.0,,0.0,11.3,.000,22.7,0.0,0.0,0.0,0.0,11.3,22.7,,140.0,97.0
8,4,3,5,24.7,.678,1.000,.000,1.000,2,20.9,21.4,21.2,0.0,0.0,0.0,0.0,14.1,,0.0,0.0,0.0,.211,,4.0,-5.9,-1.9
9,0,4,4,0,0,,0,0,,0,0,,0,0,,0,0,0,1,0,0,1,1,0
9,1,4,1.0,0.0,0.0,,0.0,0.0,,0.0,0.0,,0.0,0.0,,0.0,0.3,0.0,0.0,0.3,0.3,0.0
9,2,4,4,0.0,0.0,,0.0,0.0,,0.0,0.0,,0.0,0.0,,0.0,10.0,0.0,0.0,10.0,10.0,0.0
9,3,4,4,0.0,0.0,,0.0,0.0,,0.0,0.0,,0.0,0.0,,0.0,14.2,0.0,0.0,14.2,14.2,0.0,,40.8,107.0
9,4,4,4,-9.1,,,,,0,0.0,0.0,0.0,37.2,0.0,0.0,100.0,11.9,,0.0,0.0,0.0,-.137,,-15.5,-8.1,-23.7
10,0,30,203,17,51,.333,11,25,.440,6,26,.231,11,14,.786,18,28,46,9,5,5,15,29,51
10,1,30,6.8,0.6,1.7,.333,0.4,0.8,.440,0.2,0.9,.231,0.4,0.5,.786,1.5,0.3,0.2,0.2,0.5,1.0,1.7
10,2,30,203,3.3,10.0,.333,2.2,4.9,.440,1.2,5.1,.231,2.2,2.8,.786,9.1,1.8,1.0,1.0,3.0,5.7,10.0
10,3,30,203,4.7,14.2,.333,3.1,7.0,.440,1.7,7.3,.231,3.1,3.9,.786,12.9,2.5,1.4,1.4,4.2,8.1,14.2,,92.1,96.2
10,4,30,203,9.7,.442,.392,.510,.275,57,9.3,14.8,12.0,7.5,1.4,2.7,20.6,17.1,,0.1,0.3,0.4,.080,,-1.1,1.8,0.8
11,0,34,918,101,250,.404,85,203,.419,16,47,.340,91,130,.700,13,48,61,128,34,7,59,87,309
11,1,34,27.0,3.0,7.4,.404,2.5,6.0,.419,0.5,1.4,.340,2.7,3.8,.700,1.8,3.8,1.0,0.2,1.7,2.6,9.1
11,2,34,918,4.4,10.9,.404,3.7,8.8,.419,0.7,2.0,.340,4.0,5.7,.700,2.7,5.6,1.5,0.3,2.6,3.8,13.5
11,3,34,918,6.2,15.4,.404,5.3,12.5,.419,1.0,2.9,.340,5.6,8.0,.700,3.8,7.9,2.1,0.4,3.6,5.4,19.1,,106.0,100.2
11,4,34,918,14.3,.496,.436,.188,.520,337,1.5,5.6,3.5,24.8,2.1,0.8,15.9,19.3,,1.6,1.2,2.8,.121,,1.2,0.3,1.5
12,0,36,753,87,216,.403,60,139,.432,27,77,.351,31,47,.660,16,91,107,42,20,9,46,50,232
12,1,36,20.9,2.4,6.0,.403,1.7,3.9,.432,0.8,2.1,.351,0.9,1.3,.660,3.0,1.2,0.6,0.3,1.3,1.4,6.4
12,2,36,753,4.6,11.5,.403,3.2,7.4,.432,1.4,4.1,.351,1.6,2.5,.660,5.7,2.2,1.1,0.5,2.4,2.7,12.3
12,3,36,753,6.6,16.3,.403,4.5,10.5,.432,2.0,5.8,.351,2.3,3.5,.660,8.1,3.2,1.5,0.7,3.5,3.8,17.5,,96.2,97.9
12,4,36,753,11.3,.487,.465,.356,.218,220,2.2,13.0,7.5,10.0,1.5,1.3,16.2,18.0,,0.5,1.2,1.6,.087,,-0.5,1.5,1.0
13,0,34,865,105,270,.389,78,173,.451,27,97,.278,35,44,.795,17,74,91,48,23,4,21,62,272
13,1,34,25.4,3.1,7.9,.389,2.3,5.1,.451,0.8,2.9,.278,1.0,1.3,.795,2.7,1.4,0.7,0.1,0.6,1.8,8.0
13,2,34,865,4.9,12.5,.389,3.6,8.0,.451,1.2,4.5,.278,1.6,2.0,.795,4.2,2.2,1.1,0.2,1.0,2.9,12.6
13,3,34,865,6.9,17.7,.389,5.1,11.3,.451,1.8,6.4,.278,2.3,2.9,.795,6.0,3.1,1.5,0.3,1.4,4.1,17.8,,106.5,100.1
13,4,34,865,12.1,.468,.439,.359,.163,258,2.1,9.2,5.6,10.1,1.5,0.5,6.7,17.2,,1.2,1.1,2.4,.109,,1.1,0.7,1.8
