0,0,32,931,51,145,.352,39,102,.382,12,43,.279,82,113,.726,33,71,104,75,37,1,88,82,196
0,1,32,29.1,1.6,4.5,.352,1.2,3.2,.382,0.4,1.3,.279,2.6,3.5,.726,3.3,2.3,1.2,0.0,2.8,2.6,6.1
0,2,32,931,2.2,6.2,.352,1.7,4.4,.382,0.5,1.8,.279,3.5,4.9,.726,4.5,3.2,1.6,0.0,3.8,3.5,8.4
0,3,32,931,3.2,9.1,.352,2.5,6.4,.382,0.8,2.7,.279,5.2,7.1,.726,6.5,4.7,2.3,0.1,5.5,5.2,12.3,,85.6,105.0
0,4,32,931,7.9,.493,.393,.297,.779,222,4.1,8.7,6.4,17.3,2.3,0.1,30.7,15.6,,-0.2,0.8,0.6,.025,,-2.6,0.3,-2.3
1,0,29,783,100,242,.413,67,144,.465,33,98,.337,27,41,.659,41,105,146,37,33,36,66,83,260
1,1,29,27.0,3.4,8.3,.413,2.3,5.0,.465,1.1,3.4,.337,0.9,1.4,.659,5.0,1.3,1.1,1.2,2.3,2.9,9.0
1,2,29,783,5.1,12.4,.413,3.4,7.4,.465,1.7,5.0,.337,1.4,2.1,.659,7.5,1.9,1.7,1.8,3.4,4.2,13.3
1,3,29,783,7.5,18.1,.413,5.0,10.8,.465,2.5,7.3,.337,2.0,3.1,.659,10.9,2.8,2.5,2.7,4.9,6.2,19.5,,90.7,99.2
1,4,29,783,14.1,.497,.481,.405,.169,249,6.0,15.3,10.7,12.1,2.5,4.9,20.2,21.2,,0.2,1.1,1.3,.065,,-1.0,2.8,1.8
2,0,32,664,25,68,.368,6,22,.273,19,46,.413,8,13,.615,27,49,76,43,22,2,32,42,77
2,1,32,20.8,0.8,2.1,.368,0.2,0.7,.273,0.6,1.4,.413,0.3,0.4,.615,2.4,1.3,0.7,0.1,1.0,1.3,2.4
2,2,32,664,1.5,4.1,.368,0.4,1.3,.273,1.1,2.8,.413,0.5,0.8,.615,4.6,2.6,1.3,0.1,1.9,2.5,4.6
2,3,32,664,2.2,6.0,.368,0.5,1.9,.273,1.7,4.1,.413,0.7,1.1,.615,6.7,3.8,1.9,0.2,2.8,3.7,6.8,,94.6,106.0
2,4,32,664,7.3,.519,.507,.676,.191,95,4.7,8.4,6.5,13.4,1.9,0.3,30.1,8.1,,0.2,0.5,0.7,.041,,-1.4,0.4,-1.0
3,0,28,730,77,181,.425,72,163,.442,5,18,.278,87,146,.596,59,68,127,12,22,15,70,69,246
3,1,28,26.1,2.8,6.5,.425,2.6,5.8,.442,0.2,0.6,.278,3.1,5.2,.596,4.5,0.4,0.8,0.5,2.5,2.5,8.8
3,2,28,730,4.2,9.9,.425,3.9,8.9,.442,0.3,1.0,.278,4.8,8.0,.596,7.0,0.7,1.2,0.8,3.8,3.8,13.5
3,3,28,730,6.2,14.5,.425,5.8,13.1,.442,0.4,1.4,.278,7.0,11.7,.596,10.2,1.0,1.8,1.2,5.6,5.5,19.8,,88.6,104.3
3,4,28,730,11.5,.491,.439,.099,.807,241,9.3,10.6,9.9,4.0,1.8,2.2,21.9,22.3,,0.0,0.7,0.7,.037,,-3.6,-0.5,-4.0
4,0,8,168,25,44,.568,25,44,.568,0,0,,15,16,.938,14,25,39,6,3,3,12,18,65
4,1,8,21.0,3.1,5.5,.568,3.1,5.5,.568,0.0,0.0,,1.9,2.0,.938,4.9,0.8,0.4,0.4,1.5,2.3,8.1
4,2,8,168,6.0,10.5,.568,6.0,10.5,.568,0.0,0.0,,3.6,3.8,.938,9.3,1.4,0.7,0.7,2.9,4.3,15.5
4,3,8,168,8.7,15.4,.568,8.7,15.4,.568,0.0,0.0,,5.2,5.6,.938,13.6,2.1,1.0,1.0,4.2,6.3,22.7,,113.3,102.9
4,4,8,168,19.2,.630,.568,.000,.364,61,9.5,17.0,13.3,9.6,1.0,1.9,18.9,19.2,,0.4,0.2,0.6,.135,,0.2,-0.3,-0.1
5,0,21,100,0,5,.000,0,3,.000,0,2,.000,0,0,,0,5,5,2,0,0,7,6,0
5,1,21,4.8,0.0,0.2,.000,0.0,0.1,.000,0.0,0.1,.000,0.0,0.0,,0.2,0.1,0.0,0.0,0.3,0.3,0.0
5,2,21,100,0.0,2.0,.000,0.0,1.2,.000,0.0,0.8,.000,0.0,0.0,,2.0,0.8,0.0,0.0,2.8,2.4,0.0
5,3,21,100,0.0,2.9,.000,0.0,1.8,.000,0.0,1.2,.000,0.0,0.0,,2.9,1.2,0.0,0.0,4.1,3.5,0.0,,8.5,111.8
5,4,21,100,-5.7,.000,.000,.400,.000,1,0.0,5.7,2.9,3.9,0.0,0.0,58.3,6.1,,-0.2,0.0,-0.2,-.092,,-10.2,-0.5,-10.7
6,0,18,479,59,174,.339,31,89,.348,28,85,.329,36,39,.923,12,41,53,19,14,2,33,17,182
6,1,18,26.6,3.3,9.7,.339,1.7,4.9,.348,1.6,4.7,.329,2.0,2.2,.923,2.9,1.1,0.8,0.1,1.8,0.9,10.1
6,2,18,479,4.9,14.5,.339,2.6,7.4,.348,2.3,7.1,.329,3.0,3.3,.923,4.4,1.6,1.2,0.2,2.8,1.4,15.2
6,3,18,479,7.2,21.3,.339,3.8,10.9,.348,3.4,10.4,.329,4.4,4.8,.923,6.5,2.3,1.7,0.2,4.0,2.1,22.3,,92.9,105.9
6,4,18,479,11.9,.473,.420,.489,.224,167,2.9,9.8,6.3,10.0,1.7,0.4,14.6,23.9,,0.2,0.4,0.6,.050,,-1.0,-2.3,-3.3
7,0,32,854,120,296,.405,107,229,.467,13,67,.194,82,148,.554,24,68,92,75,55,14,127,92,335
7,1,32,26.7,3.8,9.3,.405,3.3,7.2,.467,0.4,2.1,.194,2.6,4.6,.554,2.9,2.3,1.7,0.4,4.0,2.9,10.5
7,2,32,854,5.6,13.9,.405,5.0,10.7,.467,0.6,3.1,.194,3.8,6.9,.554,4.3,3.5,2.6,0.7,5.9,4.3,15.7
7,3,32,854,8.2,20.3,.405,7.3,15.7,.467,0.9,4.6,.194,5.6,10.2,.554,6.3,5.1,3.8,1.0,8.7,6.3,23.0,,79.0,100.7
7,4,32,854,10.6,.457,.427,.226,.500,333,3.2,9.1,6.2,23.2,3.8,1.8,25.7,29.3,,-1.2,1.1,-0.1,-.004,,-3.6,1.0,-2.6
8,0,32,917,103,314,.328,62,142,.437,41,172,.238,62,78,.795,9,103,112,43,56,27,49,45,309
8,1,32,28.7,3.2,9.8,.328,1.9,4.4,.437,1.3,5.4,.238,1.9,2.4,.795,3.5,1.3,1.8,0.8,1.5,1.4,9.7
8,2,32,917,4.5,13.7,.328,2.7,6.2,.437,1.8,7.5,.238,2.7,3.4,.795,4.9,1.9,2.4,1.2,2.1,2.0,13.5
8,3,32,917,6.6,20.1,.328,4.0,9.1,.437,2.6,11.0,.238,4.0,5.0,.795,7.2,2.7,3.6,1.7,3.1,2.9,19.8,,90.6,99.0
8,4,32,917,13.5,.440,.393,.548,.248,287,1.1,12.8,7.0,11.5,3.6,3.2,12.2,22.1,,0.2,1.3,1.5,.066,,-0.9,1.8,0.9
9,0,32,824,110,203,.542,110,203,.542,0,0,,50,89,.562,69,137,206,9,15,24,40,65,270
9,1,32,25.8,3.4,6.3,.542,3.4,6.3,.542,0.0,0.0,,1.6,2.8,.562,6.4,0.3,0.5,0.8,1.3,2.0,8.4
9,2,32,824,5.3,9.9,.542,5.3,9.9,.542,0.0,0.0,,2.4,4.3,.562,10.0,0.4,0.7,1.2,1.9,3.2,13.1
9,3,32,824,7.8,14.4,.542,7.8,14.4,.542,0.0,0.0,,3.6,6.3,.562,14.7,0.6,1.1,1.7,2.8,4.6,19.2,,106.1,101.5
9,4,32,824,16.8,.550,.542,.000,.438,253,9.6,19.0,14.3,2.8,1.1,3.1,14.0,17.6,,1.2,1.0,2.2,.106,,-1.7,-0.2,-1.9
