0,0,30,477,21,43,.488,21,43,.488,0,0,,11,24,.458,24,47,71,8,12,8,23,59,53
0,1,30,15.9,0.7,1.4,.488,0.7,1.4,.488,0.0,0.0,,0.4,0.8,.458,2.4,0.3,0.4,0.3,0.8,2.0,1.8
0,2,30,477,1.8,3.6,.488,1.8,3.6,.488,0.0,0.0,,0.9,2.0,.458,6.0,0.7,1.0,0.7,1.9,4.9,4.4
0,3,30,477,2.7,5.6,.488,2.7,5.6,.488,0.0,0.0,,1.4,3.1,.458,9.3,1.0,1.6,1.0,3.0,7.7,6.9,,85.0,102.3
0,4,30,477,5.6,.487,.488,.000,.558,60,6.5,11.3,9.0,3.5,1.6,2.0,29.7,8.7,,-0.1,0.6,0.5,.042,,-2.5,3.4,0.9
1,0,31,565,36,90,.400,35,75,.467,1,15,.067,35,53,.660,10,35,45,62,24,1,48,45,108
1,1,31,18.2,1.2,2.9,.400,1.1,2.4,.467,0.0,0.5,.067,1.1,1.7,.660,1.5,2.0,0.8,0.0,1.5,1.5,3.5
1,2,31,565,2.5,6.4,.400,2.5,5.3,.467,0.1,1.1,.067,2.5,3.8,.660,3.2,4.4,1.7,0.1,3.4,3.2,7.6
1,3,31,565,4.0,9.9,.400,3.9,8.3,.467,0.1,1.7,.067,3.9,5.8,.660,5.0,6.8,2.6,0.1,5.3,5.0,11.9,,86.9,103.0
1,4,31,565,8.5,.469,.406,.167,.589,131,2.3,7.1,4.8,23.8,2.6,0.2,29.4,15.6,,-0.1,0.7,0.5,.039,,-2.3,1.1,-1.1
2,0,9,26,0,1,.000,0,0,,0,1,.000,0,0,,0,3,3,1,2,0,2,4,0
2,1,9,2.9,0.0,0.1,.000,0.0,0.0,,0.0,0.1,.000,0.0,0.0,,0.3,0.1,0.2,0.0,0.2,0.4,0.0
2,2,9,26,0.0,1.5,.000,0.0,0.0,,0.0,1.5,.000,0.0,0.0,,4.6,1.5,3.1,0.0,3.1,6.2,0.0
2,3,9,26,0.0,2.4,.000,0.0,0.0,,0.0,2.4,.000,0.0,0.0,,7.2,2.4,4.8,0.0,4.8,9.6,0.0,,16.8,94.9
2,4,9,26,-0.7,.000,.000,1.000,.000,0,0.0,13.2,7.0,7.3,4.8,0.0,66.7,6.2,,-0.1,0.1,0.0,-.019,,-6.3,6.2,-0.1
3,0,31,611,69,173,.399,45,91,.495,24,82,.293,30,45,.667,38,81,119,17,14,4,49,51,192
3,1,31,19.7,2.2,5.6,.399,1.5,2.9,.495,0.8,2.6,.293,1.0,1.5,.667,3.8,0.5,0.5,0.1,1.6,1.6,6.2
3,2,31,611,4.5,11.3,.399,2.9,6.0,.495,1.6,5.4,.293,2.0,2.9,.667,7.8,1.1,0.9,0.3,3.2,3.3,12.6
3,3,31,611,7.0,17.6,.399,4.6,9.3,.495,2.4,8.4,.293,3.1,4.6,.667,12.1,1.7,1.4,0.4,5.0,5.2,19.6,,92.4,101.6
3,4,31,611,11.5,.494,.468,.474,.260,188,8.0,15.2,11.8,6.8,1.4,0.8,20.1,21.5,,0.2,0.8,1.0,.063,,-0.6,0.4,-0.3
4,0,6,60,4,18,.222,1,5,.200,3,13,.231,5,6,.833,1,3,4,1,1,0,3,9,16
4,1,6,10.0,0.7,3.0,.222,0.2,0.8,.200,0.5,2.2,.231,0.8,1.0,.833,0.7,0.2,0.2,0.0,0.5,1.5,2.7
4,2,6,60,2.7,12.0,.222,0.7,3.3,.200,2.0,8.7,.231,3.3,4.0,.833,2.7,0.7,0.7,0.0,2.0,6.0,10.7
4,3,6,60,4.2,18.7,.222,1.0,5.2,.200,3.1,13.5,.231,5.2,6.2,.833,4.2,1.0,1.0,0.0,3.1,9.3,16.6,,82.2,106.8
4,4,6,60,2.2,.384,.306,.722,.333,15,2.2,5.7,4.0,3.6,1.0,0.0,12.6,21.4,,0.0,0.1,0.0,.005,,-3.1,-2.8,-5.9
5,0,28,359,31,97,.320,28,84,.333,3,13,.231,24,45,.533,14,47,61,11,15,5,33,39,89
5,1,28,12.8,1.1,3.5,.320,1.0,3.0,.333,0.1,0.5,.231,0.9,1.6,.533,2.2,0.4,0.5,0.2,1.2,1.4,3.2
5,2,28,359,3.5,10.8,.320,3.1,9.4,.333,0.3,1.4,.231,2.7,5.0,.533,6.8,1.2,1.7,0.6,3.7,4.3,9.9
5,3,28,359,5.4,16.8,.320,4.9,14.6,.333,0.5,2.3,.231,4.2,7.8,.533,10.6,1.9,2.6,0.9,5.7,6.8,15.4,,71.7,98.5
5,4,28,359,5.5,.376,.335,.134,.464,90,5.0,15.0,10.3,7.0,2.6,1.7,21.8,22.7,,-0.7,0.6,-0.1,-.011,,-6.8,2.0,-4.8
6,0,6,12,0,1,.000,0,1,.000,0,0,,0,0,,1,1,2,0,2,0,1,1,0
6,1,6,2.0,0.0,0.2,.000,0.0,0.2,.000,0.0,0.0,,0.0,0.0,,0.3,0.0,0.3,0.0,0.2,0.2,0.0
6,2,6,12,0.0,3.3,.000,0.0,3.3,.000,0.0,0.0,,0.0,0.0,,6.7,0.0,6.7,0.0,3.3,3.3,0.0
6,3,6,12,0.0,5.2,.000,0.0,5.2,.000,0.0,0.0,,0.0,0.0,,10.4,0.0,10.4,0.0,5.2,5.2,0.0,,26.4,84.7
6,4,6,12,5.5,.000,.000,.000,.000,0,10.8,9.5,10.1,0.0,10.4,0.0,50.0,9.0,,0.0,0.0,0.0,-.003,,-6.2,8.6,2.4
7,0,31,804,91,173,.526,91,173,.526,0,0,,99,147,.673,60,96,156,17,25,6,65,79,281
7,1,31,25.9,2.9,5.6,.526,2.9,5.6,.526,0.0,0.0,,3.2,4.7,.673,5.0,0.5,0.8,0.2,2.1,2.5,9.1
7,2,31,804,4.5,8.6,.526,4.5,8.6,.526,0.0,0.0,,4.9,7.3,.673,7.8,0.8,1.2,0.3,3.2,3.9,14.0
7,3,31,804,7.1,13.4,.526,7.1,13.4,.526,0.0,0.0,,7.7,11.4,.673,12.1,1.3,1.9,0.5,5.0,6.1,21.8,,104.4,101.0
7,4,31,804,16.1,.579,.526,.000,.850,276,9.6,13.7,11.8,5.1,1.9,0.9,21.1,20.6,,1.2,1.1,2.3,.113,,0.3,1.4,1.7
8,0,29,354,24,51,.471,24,51,.471,0,0,,10,19,.526,21,29,50,5,6,6,25,65,58
8,1,29,12.2,0.8,1.8,.471,0.8,1.8,.471,0.0,0.0,,0.3,0.7,.526,1.7,0.2,0.2,0.2,0.9,2.2,2.0
8,2,29,354,2.7,5.8,.471,2.7,5.8,.471,0.0,0.0,,1.1,2.1,.526,5.6,0.6,0.7,0.7,2.8,7.3,6.6
8,3,29,354,4.2,9.0,.471,4.2,9.0,.471,0.0,0.0,,1.8,3.3,.526,8.8,0.9,1.1,1.1,4.4,11.4,10.2,,81.4,103.9
8,4,29,354,4.2,.483,.471,.000,.373,61,7.7,9.4,8.6,3.1,1.1,2.0,29.4,12.9,,-0.2,0.4,0.2,.023,,-3.7,1.9,-1.8
9,0,28,725,87,216,.403,59,123,.480,28,93,.301,35,39,.897,6,49,55,69,35,0,40,45,237
9,1,28,25.9,3.1,7.7,.403,2.1,4.4,.480,1.0,3.3,.301,1.3,1.4,.897,2.0,2.5,1.3,0.0,1.4,1.6,8.5
9,2,28,725,4.8,11.9,.403,3.3,6.8,.480,1.5,5.1,.301,1.9,2.2,.897,3.0,3.8,1.9,0.0,2.2,2.5,13.1
9,3,28,725,7.5,18.6,.403,5.1,10.6,.480,2.4,8.0,.301,3.0,3.4,.897,4.7,5.9,3.0,0.0,3.4,3.9,20.4,,104.5,102.1
9,4,28,725,14.9,.505,.468,.431,.181,239,1.1,7.7,4.6,23.6,3.0,0.0,14.6,20.4,,1.0,0.9,1.9,.107,,2.4,0.7,3.1
10,0,28,695,97,215,.451,70,140,.500,27,75,.360,96,137,.701,12,67,79,48,29,11,71,70,317
10,1,28,24.8,3.5,7.7,.451,2.5,5.0,.500,1.0,2.7,.360,3.4,4.9,.701,2.8,1.7,1.0,0.4,2.5,2.5,11.3
10,2,28,695,5.6,12.4,.451,4.0,8.1,.500,1.6,4.3,.360,5.5,7.9,.701,4.5,2.8,1.7,0.6,4.1,4.0,18.2
10,3,28,695,8.7,19.3,.451,6.3,12.6,.500,2.4,6.7,.360,8.6,12.3,.701,7.1,4.3,2.6,1.0,6.4,6.3,28.4,,102.5,100.3
10,4,28,695,18.0,.566,.514,.349,.637,300,2.2,11.0,6.9,18.0,2.6,1.9,20.2,27.2,,1.1,1.0,2.1,.123,,2.4,1.7,4.1
11,0,30,732,82,217,.378,35,82,.427,47,135,.348,66,84,.786,16,93,109,25,18,14,45,55,277
11,1,30,24.4,2.7,7.2,.378,1.2,2.7,.427,1.6,4.5,.348,2.2,2.8,.786,3.6,0.8,0.6,0.5,1.5,1.8,9.2
11,2,30,732,4.5,11.9,.378,1.9,4.5,.427,2.6,7.4,.348,3.6,4.6,.786,6.0,1.4,1.0,0.8,2.5,3.0,15.1
11,3,30,732,7.0,18.5,.378,3.0,7.0,.427,4.0,11.5,.348,5.6,7.2,.786,9.3,2.1,1.5,1.2,3.8,4.7,23.6,,105.3,101.0
11,4,30,732,15.2,.539,.486,.622,.387,254,2.8,14.5,9.0,8.3,1.5,2.3,14.9,22.2,,1.1,1.0,2.1,.117,,2.1,1.0,3.1
12,0,29,781,108,212,.509,108,212,.509,0,0,,74,101,.733,60,145,205,9,11,31,45,68,290
12,1,29,26.9,3.7,7.3,.509,3.7,7.3,.509,0.0,0.0,,2.6,3.5,.733,7.1,0.3,0.4,1.1,1.6,2.3,10.0
12,2,29,781,5.5,10.9,.509,5.5,10.9,.509,0.0,0.0,,3.8,5.2,.733,10.5,0.5,0.6,1.6,2.3,3.5,14.9
12,3,29,781,8.6,16.9,.509,8.6,16.9,.509,0.0,0.0,,5.9,8.1,.733,16.4,0.7,0.9,2.5,3.6,5.4,23.1,,109.0,98.1
12,4,29,781,19.4,.558,.509,.000,.476,276,9.9,21.3,15.9,3.0,0.9,4.7,14.8,21.0,,1.5,1.3,2.8,.142,,-0.7,2.0,1.3
