0,0,32,810,124,237,.523,113,197,.574,11,40,.275,84,97,.866,34,101,135,51,37,4,57,57,343
0,1,32,25.3,3.9,7.4,.523,3.5,6.2,.574,0.3,1.3,.275,2.6,3.0,.866,4.2,1.6,1.2,0.1,1.8,1.8,10.7
0,2,32,810,6.1,11.7,.523,5.6,9.7,.574,0.5,2.0,.275,4.1,4.8,.866,6.7,2.5,1.8,0.2,2.8,2.8,16.9
0,3,32,810,9.0,17.2,.523,8.2,14.3,.574,0.8,2.9,.275,6.1,7.0,.866,9.8,3.7,2.7,0.3,4.1,4.1,24.8,,117.2,98.0
0,4,32,810,20.5,.606,.546,.169,.409,322,4.9,13.1,9.2,12.1,2.7,0.5,16.8,20.6,,2.3,1.2,3.5,.174,,4.3,2.7,7.0
1,0,29,786,173,317,.546,152,263,.578,21,54,.389,43,63,.683,63,115,178,31,18,34,38,75,410
1,1,29,27.1,6.0,10.9,.546,5.2,9.1,.578,0.7,1.9,.389,1.5,2.2,.683,6.1,1.1,0.6,1.2,1.3,2.6,14.1
1,2,29,786,8.8,16.1,.546,7.7,13.4,.578,1.1,2.7,.389,2.2,3.2,.683,9.1,1.6,0.9,1.7,1.9,3.8,20.9
1,3,29,786,12.9,23.6,.546,11.3,19.6,.578,1.6,4.0,.389,3.2,4.7,.683,13.3,2.3,1.3,2.5,2.8,5.6,30.6,,122.2,97.6
1,4,29,786,25.7,.591,.579,.170,.199,363,9.4,15.4,12.5,8.7,1.3,4.5,9.9,24.0,,2.9,1.2,4.1,.210,,5.5,2.9,8.4
2,0,25,818,101,250,.404,45,97,.464,56,153,.366,84,107,.785,13,72,85,35,17,1,43,51,342
2,1,25,32.7,4.0,10.0,.404,1.8,3.9,.464,2.2,6.1,.366,3.4,4.3,.785,3.4,1.4,0.7,0.0,1.7,2.0,13.7
2,2,25,818,4.9,12.2,.404,2.2,4.7,.464,2.7,7.5,.366,4.1,5.2,.785,4.2,1.7,0.8,0.0,2.1,2.5,16.7
2,3,25,818,7.2,17.9,.404,3.2,7.0,.464,4.0,11.0,.366,6.0,7.7,.785,6.1,2.5,1.2,0.1,3.1,3.7,24.5,,116.6,103.3
2,4,25,818,15.6,.568,.516,.612,.428,303,1.9,9.2,5.7,7.8,1.2,0.1,12.5,20.6,,2.1,0.8,2.9,.144,,4.8,0.0,4.8
3,0,9,14,0,1,.000,0,1,.000,0,0,,1,2,.500,1,2,3,1,0,0,1,0,1
3,1,9,1.6,0.0,0.1,.000,0.0,0.1,.000,0.0,0.0,,0.1,0.2,.500,0.3,0.1,0.0,0.0,0.1,0.0,0.1
3,2,9,14,0.0,2.9,.000,0.0,2.9,.000,0.0,0.0,,2.9,5.7,.500,8.6,2.9,0.0,0.0,2.9,0.0,2.9
3,3,9,14,0.0,4.2,.000,0.0,4.2,.000,0.0,0.0,,4.2,8.4,.500,12.6,4.2,0.0,0.0,4.2,0.0,4.2,,69.5,103.7
3,4,9,14,3.6,.256,.000,.000,2.000,2,8.3,15.0,11.9,10.6,0.0,0.0,33.9,10.3,,0.0,0.0,0.0,-.005,,-4.2,1.6,-2.6
4,0,31,582,63,142,.444,60,131,.458,3,11,.273,31,51,.608,55,94,149,21,13,4,26,71,160
4,1,31,18.8,2.0,4.6,.444,1.9,4.2,.458,0.1,0.4,.273,1.0,1.6,.608,4.8,0.7,0.4,0.1,0.8,2.3,5.2
4,2,31,582,4.3,9.8,.444,4.1,9.0,.458,0.2,0.8,.273,2.1,3.5,.608,10.2,1.4,0.9,0.3,1.8,4.9,11.0
4,3,31,582,6.3,14.3,.444,6.0,13.2,.458,0.3,1.1,.273,3.1,5.1,.608,15.0,2.1,1.3,0.4,2.6,7.2,16.1,,107.0,98.8
4,4,31,582,13.3,.481,.454,.077,.359,170,11.0,17.0,14.2,6.4,1.3,0.7,13.5,16.2,,0.8,0.8,1.7,.117,,0.9,1.8,2.7
5,0,12,26,3,4,.750,3,3,1.000,0,1,.000,0,0,,1,4,5,0,0,0,4,2,6
5,1,12,2.2,0.3,0.3,.750,0.3,0.3,1.000,0.0,0.1,.000,0.0,0.0,,0.4,0.0,0.0,0.0,0.3,0.2,0.5
5,2,12,26,4.6,6.2,.750,4.6,4.6,1.000,0.0,1.5,.000,0.0,0.0,,7.7,0.0,0.0,0.0,6.2,3.1,9.2
5,3,12,26,6.8,9.0,.750,6.8,6.8,1.000,0.0,2.3,.000,0.0,0.0,,11.3,0.0,0.0,0.0,9.0,4.5,13.5,,68.1,102.8
5,4,12,26,4.1,.750,.750,.250,.000,5,4.5,16.2,10.6,0.0,0.0,0.0,50.0,15.1,,0.0,0.0,0.0,-.020,,-5.3,-2.3,-7.6
6,0,10,18,1,7,.143,0,0,,1,7,.143,2,4,.500,0,2,2,2,2,0,0,3,5
6,1,10,1.8,0.1,0.7,.143,0.0,0.0,,0.1,0.7,.143,0.2,0.4,.500,0.2,0.2,0.2,0.0,0.0,0.3,0.5
6,2,10,18,2.2,15.6,.143,0.0,0.0,,2.2,15.6,.143,4.4,8.9,.500,4.4,4.4,4.4,0.0,0.0,6.7,11.1
6,3,10,18,3.3,22.8,.143,0.0,0.0,,3.3,22.8,.143,6.5,13.0,.500,6.5,6.5,6.5,0.0,0.0,9.8,16.3,,86.3,89.8
6,4,10,18,9.2,.281,.214,1.000,.571,5,0.0,11.7,6.1,18.0,6.5,0.0,0.0,24.3,,0.0,0.0,0.0,.084,,2.5,2.1,4.6
7,0,25,197,23,63,.365,11,25,.440,12,38,.316,18,20,.900,13,23,36,9,6,7,8,45,76
7,1,25,7.9,0.9,2.5,.365,0.4,1.0,.440,0.5,1.5,.316,0.7,0.8,.900,1.4,0.4,0.2,0.3,0.3,1.8,3.0
7,2,25,197,4.7,12.8,.365,2.2,5.1,.440,2.4,7.7,.316,3.7,4.1,.900,7.3,1.8,1.2,1.4,1.6,9.1,15.4
7,3,25,197,6.8,18.7,.365,3.3,7.4,.440,3.6,11.3,.316,5.4,6.0,.900,10.7,2.7,1.8,2.1,2.4,13.4,22.6,,118.8,97.7
7,4,25,197,15.9,.524,.460,.603,.317,74,7.7,12.3,10.1,8.2,1.8,3.7,9.9,20.0,,0.5,0.3,0.9,.173,,4.1,1.9,6.0
8,0,34,878,138,216,.639,138,216,.639,0,0,,106,142,.746,106,180,286,12,20,54,47,79,382
8,1,34,25.8,4.1,6.4,.639,4.1,6.4,.639,0.0,0.0,,3.1,4.2,.746,8.4,0.4,0.6,1.6,1.4,2.3,11.2
8,2,34,878,6.3,9.8,.639,6.3,9.8,.639,0.0,0.0,,4.8,6.5,.746,13.0,0.5,0.9,2.5,2.1,3.6,17.4
8,3,34,878,9.2,14.4,.639,9.2,14.4,.639,0.0,0.0,,7.1,9.5,.746,19.1,0.8,1.3,3.6,3.1,5.3,25.5,,131.6,93.7
8,4,34,878,27.2,.674,.639,.000,.657,361,14.1,21.5,18.0,2.6,1.3,6.4,14.2,18.5,,3.4,1.7,5.1,.233,,4.8,3.8,8.6
9,0,34,1151,141,375,.376,95,233,.408,46,142,.324,75,102,.735,26,86,112,240,61,2,120,64,403
9,1,34,33.9,4.1,11.0,.376,2.8,6.9,.408,1.4,4.2,.324,2.2,3.0,.735,3.3,7.1,1.8,0.1,3.5,1.9,11.9
9,2,34,1151,4.9,13.0,.376,3.3,8.1,.408,1.6,4.9,.324,2.6,3.5,.735,3.9,8.3,2.1,0.1,4.2,2.2,14.0
9,3,34,1151,7.2,19.1,.376,4.8,11.9,.408,2.3,7.2,.324,3.8,5.2,.735,5.7,12.2,3.1,0.1,6.1,3.3,20.5,,102.3,99.7
9,4,34,1151,16.6,.476,.437,.379,.272,489,2.6,7.8,5.4,37.8,3.1,0.2,22.1,23.2,,1.9,1.6,3.5,.121,,3.1,1.5,4.5
10,0,31,213,11,27,.407,11,27,.407,0,0,,8,14,.571,21,20,41,7,1,6,6,27,30
10,1,31,6.9,0.4,0.9,.407,0.4,0.9,.407,0.0,0.0,,0.3,0.5,.571,1.3,0.2,0.0,0.2,0.2,0.9,1.0
10,2,31,213,2.1,5.1,.407,2.1,5.1,.407,0.0,0.0,,1.5,2.6,.571,7.7,1.3,0.2,1.1,1.1,5.1,5.6
10,3,31,213,3.0,7.4,.407,3.0,7.4,.407,0.0,0.0,,2.2,3.9,.571,11.3,1.9,0.3,1.7,1.7,7.4,8.3,,109.9,103.2
10,4,31,213,8.5,.446,.407,.000,.519,40,11.5,9.9,10.6,5.3,0.3,2.9,15.1,9.1,,0.2,0.2,0.4,.083,,0.4,2.6,3.0
11,0,34,860,119,288,.413,70,158,.443,49,130,.377,63,89,.708,56,115,171,39,42,7,64,63,350
11,1,34,25.3,3.5,8.5,.413,2.1,4.6,.443,1.4,3.8,.377,1.9,2.6,.708,5.0,1.1,1.2,0.2,1.9,1.9,10.3
11,2,34,860,5.5,13.4,.413,3.3,7.3,.443,2.3,6.0,.377,2.9,4.1,.708,8.0,1.8,2.0,0.3,3.0,2.9,16.3
11,3,34,860,8.1,19.6,.413,4.8,10.8,.443,3.3,8.9,.377,4.3,6.1,.708,11.7,2.7,2.9,0.5,4.4,4.3,23.9,,106.5,96.9
11,4,34,860,17.6,.530,.498,.451,.309,332,7.6,14.0,11.0,8.5,2.9,0.9,16.2,22.5,,1.6,1.4,3.0,.141,,3.5,2.4,5.9
12,0,32,497,27,88,.307,11,29,.379,16,59,.271,10,15,.667,15,48,63,24,12,0,21,30,80
12,1,32,15.5,0.8,2.8,.307,0.3,0.9,.379,0.5,1.8,.271,0.3,0.5,.667,2.0,0.8,0.4,0.0,0.7,0.9,2.5
12,2,32,497,2.2,7.1,.307,0.9,2.3,.379,1.3,4.7,.271,0.8,1.2,.667,5.1,1.9,1.0,0.0,1.7,2.4,6.4
12,3,32,497,3.2,10.4,.307,1.3,3.4,.379,1.9,7.0,.271,1.2,1.8,.667,7.4,2.8,1.4,0.0,2.5,3.5,9.4,,92.6,102.5
12,4,32,497,6.2,.420,.398,.670,.170,87,3.5,10.1,7.0,7.8,1.4,0.0,18.1,11.5,,0.1,0.5,0.7,.053,,0.3,1.7,1.9
