0,0,35,1295,203,435,.467,123,240,.513,80,195,.410,212,266,.797,17,138,155,67,22,5,82,57,698
0,1,35,37.0,5.8,12.4,.467,3.5,6.9,.513,2.3,5.6,.410,6.1,7.6,.797,4.4,1.9,0.6,0.1,2.3,1.6,19.9
0,2,35,1295,6.3,13.4,.467,3.8,7.4,.513,2.5,6.0,.410,6.5,8.2,.797,4.8,2.1,0.7,0.2,2.5,1.8,21.6
0,3,35,1295,9.5,20.4,.467,5.8,11.3,.513,3.8,9.2,.410,10.0,12.5,.797,7.3,3.1,1.0,0.2,3.9,2.7,32.8,,123.7,109.3
0,4,35,1295,22.0,.622,.559,.448,.611,630,1.7,11.5,7.0,12.2,1.0,0.4,12.7,26.1,,4.6,1.1,5.8,.178,,6.6,-1.0,5.6
1,0,33,673,42,117,.359,21,60,.350,21,57,.368,31,49,.633,12,60,72,70,26,2,53,88,136
1,1,33,20.4,1.3,3.5,.359,0.6,1.8,.350,0.6,1.7,.368,0.9,1.5,.633,2.2,2.1,0.8,0.1,1.6,2.7,4.1
1,2,33,673,2.5,7.0,.359,1.2,3.6,.350,1.2,3.4,.368,1.8,2.9,.633,4.3,4.2,1.5,0.1,3.2,5.2,8.1
1,3,33,673,3.8,10.6,.359,1.9,5.4,.350,1.9,5.2,.368,2.8,4.4,.633,6.5,6.3,2.3,0.2,4.8,8.0,12.3,,92.7,106.7
1,4,33,673,7.6,.485,.449,.487,.419,161,2.3,9.6,6.3,20.0,2.3,0.3,27.4,15.1,,0.0,0.7,0.8,.045,,-0.3,1.2,1.0
2,0,35,1228,209,467,.448,177,353,.501,32,114,.281,162,195,.831,28,106,134,118,38,6,93,76,612
2,1,35,35.1,6.0,13.3,.448,5.1,10.1,.501,0.9,3.3,.281,4.6,5.6,.831,3.8,3.4,1.1,0.2,2.7,2.2,17.5
2,2,35,1228,6.8,15.2,.448,5.8,11.5,.501,1.0,3.7,.281,5.3,6.4,.831,4.4,3.8,1.2,0.2,3.0,2.5,19.9
2,3,35,1228,10.4,23.1,.448,8.8,17.5,.501,1.6,5.6,.281,8.0,9.7,.831,6.6,5.8,1.9,0.3,4.6,3.8,30.3,,112.7,108.2
2,4,35,1228,20.2,.547,.482,.244,.418,605,2.9,9.3,6.4,23.3,1.9,0.6,14.3,27.9,,3.2,1.2,4.4,.142,,3.8,0.2,4.0
3,0,28,388,39,91,.429,34,72,.472,5,19,.263,25,30,.833,27,68,95,6,5,2,21,68,108
3,1,28,13.9,1.4,3.3,.429,1.2,2.6,.472,0.2,0.7,.263,0.9,1.1,.833,3.4,0.2,0.2,0.1,0.8,2.4,3.9
3,2,28,388,4.0,9.4,.429,3.5,7.4,.472,0.5,2.0,.263,2.6,3.1,.833,9.8,0.6,0.5,0.2,2.2,7.0,11.1
3,3,28,388,6.1,14.3,.429,5.3,11.3,.472,0.8,3.0,.263,3.9,4.7,.833,14.9,0.9,0.8,0.3,3.3,10.7,16.9,,103.9,105.3
3,4,28,388,10.5,.513,.456,.209,.330,109,8.9,18.9,14.3,3.2,0.8,0.6,16.6,17.1,,0.4,0.5,0.8,.086,,-1.4,-0.8,-2.2
4,0,11,51,2,6,.333,2,4,.500,0,2,.000,0,0,,1,4,5,1,1,1,1,4,4
4,1,11,4.6,0.2,0.5,.333,0.2,0.4,.500,0.0,0.2,.000,0.0,0.0,,0.5,0.1,0.1,0.1,0.1,0.4,0.4
4,2,11,51,1.6,4.7,.333,1.6,3.1,.500,0.0,1.6,.000,0.0,0.0,,3.9,0.8,0.8,0.8,0.8,3.1,3.1
4,3,11,51,2.4,7.2,.333,2.4,4.8,.500,0.0,2.4,.000,0.0,0.0,,6.0,1.2,1.2,1.2,1.2,4.8,4.8,,78.8,109.3
4,4,11,51,3.3,.333,.333,.333,.000,4,2.5,8.5,5.7,3.6,1.2,2.2,14.3,7.2,,0.0,0.0,0.0,.017,,-2.9,2.1,-0.8
5,0,6,7,1,1,1.000,0,0,,1,1,1.000,0,0,,0,0,0,0,0,0,2,0,3
5,1,6,1.2,0.2,0.2,1.000,0.0,0.0,,0.2,0.2,1.000,0.0,0.0,,0.0,0.0,0.0,0.0,0.3,0.0,0.5
5,2,6,7,5.7,5.7,1.000,0.0,0.0,,5.7,5.7,1.000,0.0,0.0,,0.0,0.0,0.0,0.0,11.4,0.0,17.1
5,3,6,7,8.7,8.7,1.000,0.0,0.0,,8.7,8.7,1.000,0.0,0.0,,0.0,0.0,0.0,0.0,17.4,0.0,26.1,,62.1,117.6
5,4,6,7,6.0,1.500,1.500,1.000,.000,2,0.0,0.0,0.0,0.0,0.0,0.0,66.7,22.5,,0.0,0.0,0.0,-.122,,-1.5,-3.8,-5.3
6,0,3,26,3,5,.600,1,2,.500,2,3,.667,2,5,.400,3,5,8,2,1,0,1,3,10
6,1,3,8.7,1.0,1.7,.600,0.3,0.7,.500,0.7,1.0,.667,0.7,1.7,.400,2.7,0.7,0.3,0.0,0.3,1.0,3.3
6,2,3,26,4.6,7.7,.600,1.5,3.1,.500,3.1,4.6,.667,3.1,7.7,.400,12.3,3.1,1.5,0.0,1.5,4.6,15.4
6,3,3,26,7.0,11.7,.600,2.3,4.7,.500,4.7,7.0,.667,4.7,11.7,.400,18.7,4.7,2.3,0.0,2.3,7.0,23.4,,139.8,101.6
6,4,3,26,25.1,.678,.800,.600,1.000,11,14.8,20.7,18.0,16.5,2.3,0.0,11.9,16.9,,0.1,0.0,0.1,.227,,9.3,1.1,10.4
7,0,30,243,23,43,.535,23,43,.535,0,0,,17,22,.773,28,41,69,5,12,3,14,45,63
7,1,30,8.1,0.8,1.4,.535,0.8,1.4,.535,0.0,0.0,,0.6,0.7,.773,2.3,0.2,0.4,0.1,0.5,1.5,2.1
7,2,30,243,3.8,7.1,.535,3.8,7.1,.535,0.0,0.0,,2.8,3.6,.773,11.4,0.8,2.0,0.5,2.3,7.4,10.4
7,3,30,243,5.8,10.8,.535,5.8,10.8,.535,0.0,0.0,,4.3,5.5,.773,17.3,1.3,3.0,0.8,3.5,11.3,15.8,,115.4,100.2
7,4,30,243,15.8,.589,.535,.000,.512,71,14.8,18.2,16.6,4.2,3.0,1.4,20.8,14.6,,0.4,0.4,0.8,.136,,1.3,2.2,3.5
8,0,30,243,19,30,.633,19,30,.633,0,0,,6,20,.300,18,34,52,0,1,3,13,36,44
8,1,30,8.1,0.6,1.0,.633,0.6,1.0,.633,0.0,0.0,,0.2,0.7,.300,1.7,0.0,0.0,0.1,0.4,1.2,1.5
8,2,30,243,3.1,4.9,.633,3.1,4.9,.633,0.0,0.0,,1.0,3.3,.300,8.6,0.0,0.2,0.5,2.1,5.9,7.2
8,3,30,243,4.8,7.5,.633,4.8,7.5,.633,0.0,0.0,,1.5,5.0,.300,13.0,0.0,0.3,0.8,3.3,9.0,11.0,,96.2,108.1
8,4,30,243,7.1,.557,.633,.000,.667,45,9.5,15.1,12.5,0.0,0.3,1.4,24.8,11.3,,0.1,0.2,0.3,.048,,-3.0,-2.0,-5.0
9,0,24,105,0,10,.000,0,8,.000,0,2,.000,11,15,.733,5,8,13,3,3,0,10,17,11
9,1,24,4.4,0.0,0.4,.000,0.0,0.3,.000,0.0,0.1,.000,0.5,0.6,.733,0.5,0.1,0.1,0.0,0.4,0.7,0.5
9,2,24,105,0.0,3.8,.000,0.0,3.0,.000,0.0,0.8,.000,4.2,5.7,.733,5.0,1.1,1.1,0.0,3.8,6.5,4.2
9,3,24,105,0.0,5.8,.000,0.0,4.6,.000,0.0,1.2,.000,6.4,8.7,.733,7.5,1.7,1.7,0.0,5.8,9.8,6.4,,61.0,108.8
9,4,24,105,-1.5,.321,.000,.200,1.500,15,6.1,8.2,7.3,4.9,1.7,0.0,36.9,13.5,,-0.2,0.1,-0.1,-.045,,-5.9,0.9,-5.0
10,0,35,778,68,95,.716,68,95,.716,0,0,,33,58,.569,49,96,145,10,7,22,41,109,169
10,1,35,22.2,1.9,2.7,.716,1.9,2.7,.716,0.0,0.0,,0.9,1.7,.569,4.1,0.3,0.2,0.6,1.2,3.1,4.8
10,2,35,778,3.5,4.9,.716,3.5,4.9,.716,0.0,0.0,,1.7,3.0,.569,7.5,0.5,0.4,1.1,2.1,5.6,8.7
10,3,35,778,5.3,7.4,.716,5.3,7.4,.716,0.0,0.0,,2.6,4.5,.569,11.3,0.8,0.5,1.7,3.2,8.5,13.2,,113.9,107.5
10,4,35,778,11.1,.690,.716,.000,.611,167,8.1,13.3,10.9,2.6,0.5,3.2,25.1,11.0,,0.9,0.8,1.7,.088,,0.9,2.0,3.0
11,0,35,1116,141,343,.411,84,160,.525,57,183,.311,152,196,.776,42,169,211,49,46,13,66,69,491
11,1,35,31.9,4.0,9.8,.411,2.4,4.6,.525,1.6,5.2,.311,4.3,5.6,.776,6.0,1.4,1.3,0.4,1.9,2.0,14.0
11,2,35,1116,5.1,12.3,.411,3.0,5.7,.525,2.0,6.6,.311,5.4,7.0,.776,7.6,1.8,1.6,0.5,2.4,2.5,17.6
11,3,35,1116,7.7,18.7,.411,4.6,8.7,.525,3.1,10.0,.311,8.3,10.7,.776,11.5,2.7,2.5,0.7,3.6,3.8,26.8,,115.5,103.1
11,4,35,1116,20.0,.563,.494,.534,.571,465,4.8,16.3,11.1,9.6,2.5,1.3,13.1,23.6,,2.7,1.6,4.3,.155,,4.5,1.4,5.9
12,0,35,922,74,162,.457,70,151,.464,4,11,.364,52,92,.565,99,128,227,24,14,57,39,97,204
12,1,35,26.3,2.1,4.6,.457,2.0,4.3,.464,0.1,0.3,.364,1.5,2.6,.565,6.5,0.7,0.4,1.6,1.1,2.8,5.8
12,2,35,922,3.2,7.0,.457,3.0,6.6,.464,0.2,0.5,.364,2.3,4.0,.565,9.8,1.0,0.6,2.5,1.7,4.2,8.9
12,3,35,922,4.9,10.7,.457,4.6,10.0,.464,0.3,0.7,.364,3.4,6.1,.565,15.0,1.6,0.9,3.8,2.6,6.4,13.5,,109.5,104.2
12,4,35,922,14.4,.496,.469,.068,.568,242,13.8,15.0,14.4,5.2,0.9,7.1,15.9,13.9,,1.1,1.2,2.3,.101,,0.7,4.8,5.6
