0,0,34,843,155,293,.529,155,285,.544,0,8,.000,84,112,.750,86,121,207,46,38,62,46,100,394
0,1,34,24.8,4.6,8.6,.529,4.6,8.4,.544,0.0,0.2,.000,2.5,3.3,.750,6.1,1.4,1.1,1.8,1.4,2.9,11.6
0,2,34,843,7.4,13.9,.529,7.4,13.5,.544,0.0,0.4,.000,4.0,5.3,.750,9.8,2.2,1.8,2.9,2.2,4.7,18.7
0,3,34,843,10.1,19.2,.529,10.1,18.7,.544,0.0,0.5,.000,5.5,7.3,.750,13.6,3.0,2.5,4.1,3.0,6.5,25.8,,118.5,95.4
0,4,34,843,24.8,.569,.529,.027,.382,387,11.2,16.3,13.7,10.3,2.5,7.4,11.7,21.9,,2.6,1.6,4.1,.196,,3.5,5.4,8.9
1,0,34,1035,199,398,.500,117,215,.544,82,183,.448,94,124,.758,33,86,119,61,61,4,32,56,574
1,1,34,30.4,5.9,11.7,.500,3.4,6.3,.544,2.4,5.4,.448,2.8,3.6,.758,3.5,1.8,1.8,0.1,0.9,1.6,16.9
1,2,34,1035,7.7,15.4,.500,4.5,8.3,.544,3.2,7.1,.448,3.6,4.8,.758,4.6,2.4,2.4,0.2,1.2,2.2,22.2
1,3,34,1035,10.6,21.2,.500,6.2,11.5,.544,4.4,9.8,.448,5.0,6.6,.758,6.3,3.3,3.3,0.2,1.7,3.0,30.6,,131.5,100.2
1,4,34,1035,25.4,.628,.603,.460,.312,493,3.5,9.4,6.4,11.3,3.3,0.4,6.5,22.2,,4.2,1.5,5.7,.221,,8.8,0.6,9.4
2,0,32,715,98,243,.403,60,145,.414,38,98,.388,94,114,.825,23,58,81,113,56,2,58,71,328
2,1,32,22.3,3.1,7.6,.403,1.9,4.5,.414,1.2,3.1,.388,2.9,3.6,.825,2.5,3.5,1.8,0.1,1.8,2.2,10.3
2,2,32,715,5.5,13.6,.403,3.4,8.1,.414,2.1,5.5,.388,5.3,6.4,.825,4.5,6.3,3.1,0.1,3.2,4.0,18.3
2,3,32,715,7.6,18.8,.403,4.6,11.2,.414,2.9,7.6,.388,7.3,8.8,.825,6.3,8.7,4.3,0.2,4.5,5.5,25.3,,114.3,97.7
2,4,32,715,21.5,.552,.481,.403,.469,347,3.5,9.2,6.3,27.4,4.3,0.3,16.3,23.4,,2.0,1.2,3.2,.180,,5.4,1.4,6.8
3,0,34,869,106,290,.366,54,148,.365,52,142,.366,77,106,.726,16,89,105,67,42,11,67,58,341
3,1,34,25.6,3.1,8.5,.366,1.6,4.4,.365,1.5,4.2,.366,2.3,3.1,.726,3.1,2.0,1.2,0.3,2.0,1.7,10.0
3,2,34,869,4.9,13.3,.366,2.5,6.8,.365,2.4,6.5,.366,3.5,4.9,.726,4.8,3.1,1.9,0.5,3.1,2.7,15.7
3,3,34,869,6.7,18.4,.366,3.4,9.4,.365,3.3,9.0,.366,4.9,6.7,.726,6.7,4.3,2.7,0.7,4.3,3.7,21.7,,99.1,100.0
3,4,34,869,13.9,.501,.455,.490,.366,324,2.0,11.6,6.7,13.0,2.7,1.3,16.4,22.1,,0.9,1.2,2.1,.097,,1.1,1.1,2.3
4,0,32,315,22,64,.344,9,18,.500,13,46,.283,10,17,.588,12,30,42,16,19,1,27,38,67
4,1,32,9.8,0.7,2.0,.344,0.3,0.6,.500,0.4,1.4,.283,0.3,0.5,.588,1.3,0.5,0.6,0.0,0.8,1.2,2.1
4,2,32,315,2.8,8.1,.344,1.1,2.3,.500,1.7,5.8,.283,1.3,2.2,.588,5.3,2.0,2.4,0.1,3.4,4.8,8.5
4,3,32,315,3.9,11.2,.344,1.6,3.2,.500,2.3,8.1,.283,1.8,3.0,.588,7.4,2.8,3.3,0.2,4.7,6.7,11.7,,82.7,99.1
4,4,32,315,6.8,.465,.445,.719,.266,70,4.2,10.8,7.4,7.9,3.3,0.3,27.3,14.8,,-0.2,0.5,0.3,.041,,-0.9,1.7,0.8
5,0,34,392,28,44,.636,26,38,.684,2,6,.333,10,16,.625,21,58,79,15,10,32,13,84,68
5,1,34,11.5,0.8,1.3,.636,0.8,1.1,.684,0.1,0.2,.333,0.3,0.5,.625,2.3,0.4,0.3,0.9,0.4,2.5,2.0
5,2,34,392,2.9,4.5,.636,2.7,3.9,.684,0.2,0.6,.333,1.0,1.6,.625,8.1,1.5,1.0,3.3,1.3,8.6,6.9
5,3,34,392,3.9,6.2,.636,3.7,5.4,.684,0.3,0.8,.333,1.4,2.3,.625,11.1,2.1,1.4,4.5,1.8,11.8,9.6,,122.2,96.7
5,4,34,392,12.1,.659,.659,.136,.364,72,5.9,16.8,11.3,5.9,1.4,8.2,20.1,7.8,,0.5,0.7,1.2,.123,,0.6,6.1,6.7
6,0,33,579,66,160,.413,54,114,.474,12,46,.261,45,65,.692,17,44,61,53,25,7,46,45,189
6,1,33,17.5,2.0,4.8,.413,1.6,3.5,.474,0.4,1.4,.261,1.4,2.0,.692,1.8,1.6,0.8,0.2,1.4,1.4,5.7
6,2,33,579,4.6,11.1,.413,3.7,7.9,.474,0.8,3.2,.261,3.1,4.5,.692,4.2,3.7,1.7,0.5,3.2,3.1,13.1
6,3,33,579,6.3,15.3,.413,5.1,10.9,.474,1.1,4.4,.261,4.3,6.2,.692,5.8,5.1,2.4,0.7,4.4,4.3,18.0,,97.3,101.9
6,4,33,579,12.1,.495,.450,.288,.406,194,3.2,8.6,5.9,15.2,2.4,1.2,19.4,19.3,,0.4,0.7,1.1,.079,,-0.2,0.9,0.7
7,0,30,668,65,168,.387,35,85,.412,30,83,.361,35,46,.761,25,43,68,117,61,1,65,62,195
7,1,30,22.3,2.2,5.6,.387,1.2,2.8,.412,1.0,2.8,.361,1.2,1.5,.761,2.3,3.9,2.0,0.0,2.2,2.1,6.5
7,2,30,668,3.9,10.1,.387,2.1,5.1,.412,1.8,5.0,.361,2.1,2.8,.761,4.1,7.0,3.7,0.1,3.9,3.7,11.7
7,3,30,668,5.4,13.9,.387,2.9,7.0,.412,2.5,6.9,.361,2.9,3.8,.761,5.6,9.7,5.0,0.1,5.4,5.1,16.1,,101.6,97.1
7,4,30,668,15.7,.514,.476,.494,.274,238,4.1,7.3,5.7,28.4,5.0,0.2,25.5,18.0,,0.8,1.1,1.9,.115,,2.7,2.2,5.0
8,0,34,833,156,273,.571,152,258,.589,4,15,.267,44,69,.638,89,115,204,39,8,45,34,108,360
8,1,34,24.5,4.6,8.0,.571,4.5,7.6,.589,0.1,0.4,.267,1.3,2.0,.638,6.0,1.1,0.2,1.3,1.0,3.2,10.6
8,2,34,833,7.5,13.1,.571,7.3,12.4,.589,0.2,0.7,.267,2.1,3.3,.638,9.8,1.9,0.4,2.2,1.6,5.2,17.3
8,3,34,833,10.3,18.1,.571,10.1,17.1,.589,0.3,1.0,.267,2.9,4.6,.638,13.5,2.6,0.5,3.0,2.3,7.2,23.9,,122.9,100.8
8,4,34,833,21.6,.589,.579,.055,.253,347,11.7,15.7,13.7,8.9,0.5,5.4,10.0,19.2,,2.5,1.1,3.7,.177,,3.7,2.5,6.2
9,0,34,585,83,200,.415,74,167,.443,9,33,.273,42,54,.778,36,87,123,30,7,3,38,59,217
9,1,34,17.2,2.4,5.9,.415,2.2,4.9,.443,0.3,1.0,.273,1.2,1.6,.778,3.6,0.9,0.2,0.1,1.1,1.7,6.4
9,2,34,585,5.7,13.7,.415,5.1,11.4,.443,0.6,2.3,.273,2.9,3.7,.778,8.4,2.1,0.5,0.2,2.6,4.0,14.8
9,3,34,585,7.8,18.9,.415,7.0,15.8,.443,0.8,3.1,.273,4.0,5.1,.778,11.6,2.8,0.7,0.3,3.6,5.6,20.5,,99.4,102.2
9,4,34,585,12.4,.481,.438,.165,.270,213,6.8,16.9,11.7,8.9,0.7,0.5,14.4,21.2,,0.6,0.7,1.3,.088,,-1.4,-0.7,-2.1
10,0,13,31,3,10,.300,0,1,.000,3,9,.333,1,2,.500,1,3,4,1,2,0,0,2,10
10,1,13,2.4,0.2,0.8,.300,0.0,0.1,.000,0.2,0.7,.333,0.1,0.2,.500,0.3,0.1,0.2,0.0,0.0,0.2,0.8
10,2,13,31,3.9,12.9,.300,0.0,1.3,.000,3.9,11.6,.333,1.3,2.6,.500,5.2,1.3,2.6,0.0,0.0,2.6,12.9
10,3,13,31,5.3,17.8,.300,0.0,1.8,.000,5.3,16.0,.333,1.8,3.6,.500,7.1,1.8,3.6,0.0,0.0,3.6,17.8,,112.8,98.9
10,4,13,31,13.8,.457,.450,.900,.200,9,3.5,11.0,7.2,5.2,3.6,0.0,0.0,16.6,,0.1,0.0,0.1,.127,,3.3,-0.5,2.8
11,0,4,10,2,2,1.000,2,2,1.000,0,0,,1,2,.500,0,1,1,0,0,3,1,5,5
11,1,4,2.5,0.5,0.5,1.000,0.5,0.5,1.000,0.0,0.0,,0.3,0.5,.500,0.3,0.0,0.0,0.8,0.3,1.3,1.3
11,2,4,10,8.0,8.0,1.000,8.0,8.0,1.000,0.0,0.0,,4.0,8.0,.500,4.0,0.0,0.0,12.0,4.0,20.0,20.0
11,3,4,10,11.0,11.0,1.000,11.0,11.0,1.000,0.0,0.0,,5.5,11.0,.500,5.5,0.0,0.0,16.6,5.5,27.6,27.6,,109.4,91.4
11,4,4,10,22.3,.847,1.000,.000,1.000,3,0.0,11.4,5.6,0.0,0.0,30.2,25.3,18.6,,0.0,0.0,0.0,.152,,-1.8,13.2,11.5
