0,0,31,1022,174,384,.453,77,178,.433,97,206,.471,90,104,.865,11,68,79,77,28,2,51,75,535
0,1,31,33.0,5.6,12.4,.453,2.5,5.7,.433,3.1,6.6,.471,2.9,3.4,.865,2.5,2.5,0.9,0.1,1.6,2.4,17.3
0,2,31,1022,6.8,15.0,.453,3.0,7.0,.433,3.8,8.1,.471,3.5,4.1,.865,3.1,3.0,1.1,0.1,2.0,2.9,20.9
0,3,31,1022,10.6,23.3,.453,4.7,10.8,.433,5.9,12.5,.471,5.5,6.3,.865,4.8,4.7,1.7,0.1,3.1,4.6,32.5,,120.5,113.5
0,4,31,1022,22.7,.617,.579,.536,.271,480,1.4,8.8,5.0,19.4,1.7,0.2,10.5,26.1,,3.8,0.1,3.9,.153,,6.5,-4.1,2.5
1,0,26,313,37,65,.569,37,61,.607,0,4,.000,5,13,.385,27,51,78,2,10,9,28,40,79
1,1,26,12.0,1.4,2.5,.569,1.4,2.3,.607,0.0,0.2,.000,0.2,0.5,.385,3.0,0.1,0.4,0.3,1.1,1.5,3.0
1,2,26,313,4.7,8.3,.569,4.7,7.8,.607,0.0,0.5,.000,0.6,1.7,.385,10.0,0.3,1.3,1.2,3.6,5.1,10.1
1,3,26,313,7.3,12.9,.569,7.3,12.1,.607,0.0,0.8,.000,1.0,2.6,.385,15.5,0.4,2.0,1.8,5.5,7.9,15.6,,87.2,106.4
1,4,26,313,11.8,.555,.569,.062,.200,77,10.9,21.6,16.1,1.4,2.0,3.0,28.2,17.5,,0.0,0.2,0.2,.025,,-6.0,-1.5,-7.5
2,0,29,534,44,101,.436,30,60,.500,14,41,.341,18,27,.667,18,43,61,18,13,0,21,48,120
2,1,29,18.4,1.5,3.5,.436,1.0,2.1,.500,0.5,1.4,.341,0.6,0.9,.667,2.1,0.6,0.4,0.0,0.7,1.7,4.1
2,2,29,534,3.3,7.6,.436,2.2,4.5,.500,1.0,3.1,.341,1.3,2.0,.667,4.6,1.3,1.0,0.0,1.6,3.6,9.0
2,3,29,534,5.1,11.7,.436,3.5,7.0,.500,1.6,4.8,.341,2.1,3.1,.667,7.1,2.1,1.5,0.0,2.4,5.6,13.9,,101.7,113.2
2,4,29,534,9.4,.527,.505,.406,.267,118,4.3,10.7,7.4,7.1,1.5,0.0,15.6,13.9,,0.4,0.1,0.5,.038,,-1.9,-2.3,-4.2
3,0,30,468,35,103,.340,9,33,.273,26,70,.371,14,18,.778,7,25,32,31,11,1,25,35,110
3,1,30,15.6,1.2,3.4,.340,0.3,1.1,.273,0.9,2.3,.371,0.5,0.6,.778,1.1,1.0,0.4,0.0,0.8,1.2,3.7
3,2,30,468,3.0,8.8,.340,0.8,2.8,.273,2.2,6.0,.371,1.2,1.5,.778,2.7,2.6,0.9,0.1,2.1,3.0,9.4
3,3,30,468,4.6,13.6,.340,1.2,4.4,.273,3.4,9.3,.371,1.9,2.4,.778,4.2,4.1,1.5,0.1,3.3,4.6,14.6,,94.9,114.6
3,4,30,468,8.2,.493,.466,.680,.175,112,1.9,7.1,4.4,13.7,1.5,0.2,18.3,16.1,,0.2,0.0,0.2,.017,,-2.1,-3.4,-5.5
4,0,26,725,93,215,.433,71,147,.483,22,68,.324,52,85,.612,31,80,111,18,20,21,59,72,260
4,1,26,27.9,3.6,8.3,.433,2.7,5.7,.483,0.8,2.6,.324,2.0,3.3,.612,4.3,0.7,0.8,0.8,2.3,2.8,10.0
4,2,26,725,5.1,11.9,.433,3.9,8.1,.483,1.2,3.8,.324,2.9,4.7,.612,6.1,1.0,1.1,1.2,3.3,4.0,14.3
4,3,26,725,8.0,18.4,.433,6.1,12.6,.483,1.9,5.8,.324,4.4,7.3,.612,9.5,1.5,1.7,1.8,5.0,6.2,22.2,,90.8,109.7
4,4,26,725,12.7,.509,.484,.316,.395,240,5.4,14.7,9.9,5.8,1.7,3.0,18.8,23.9,,0.1,0.3,0.5,.026,,-3.7,-1.4,-5.1
5,0,11,139,16,32,.500,16,32,.500,0,0,,11,21,.524,12,12,24,2,4,2,19,28,43
5,1,11,12.6,1.5,2.9,.500,1.5,2.9,.500,0.0,0.0,,1.0,1.9,.524,2.2,0.2,0.4,0.2,1.7,2.5,3.9
5,2,11,139,4.6,9.2,.500,4.6,9.2,.500,0.0,0.0,,3.2,6.0,.524,6.9,0.6,1.2,0.6,5.5,8.1,12.4
5,3,11,139,7.1,14.3,.500,7.1,14.3,.500,0.0,0.0,,4.9,9.4,.524,10.7,0.9,1.8,0.9,8.5,12.5,19.2,,79.2,111.0
5,4,11,139,6.6,.512,.500,.000,.656,43,10.9,11.5,11.2,3.2,1.8,1.5,31.2,24.2,,-0.2,0.0,-0.1,-.034,,-7.9,-2.8,-10.7
6,0,31,800,80,181,.442,49,83,.590,31,98,.316,44,59,.746,34,86,120,24,15,9,34,86,235
6,1,31,25.8,2.6,5.8,.442,1.6,2.7,.590,1.0,3.2,.316,1.4,1.9,.746,3.9,0.8,0.5,0.3,1.1,2.8,7.6
6,2,31,800,4.0,9.1,.442,2.5,4.2,.590,1.6,4.9,.316,2.2,3.0,.746,6.0,1.2,0.8,0.5,1.7,4.3,11.8
6,3,31,800,6.2,14.0,.442,3.8,6.4,.590,2.4,7.6,.316,3.4,4.6,.746,9.3,1.9,1.2,0.7,2.6,6.7,18.2,,108.4,111.9
6,4,31,800,12.9,.562,.528,.541,.326,223,5.4,14.3,9.7,6.5,1.2,1.2,14.0,16.7,,1.2,0.2,1.4,.070,,0.0,-2.1,-2.1
7,0,9,25,3,7,.429,2,6,.333,1,1,1.000,3,5,.600,0,3,3,2,2,0,4,6,10
7,1,9,2.8,0.3,0.8,.429,0.2,0.7,.333,0.1,0.1,1.000,0.3,0.6,.600,0.3,0.2,0.2,0.0,0.4,0.7,1.1
7,2,9,25,4.8,11.2,.429,3.2,9.6,.333,1.6,1.6,1.000,4.8,8.0,.600,4.8,3.2,3.2,0.0,6.4,9.6,16.0
7,3,9,25,7.4,17.4,.429,5.0,14.9,.333,2.5,2.5,1.000,7.4,12.4,.600,7.4,5.0,5.0,0.0,9.9,14.9,24.8,,81.8,103.0
7,4,9,25,10.0,.533,.500,.143,.714,10,0.0,15.9,7.8,18.2,5.0,0.0,29.9,29.5,,0.0,0.0,0.0,.003,,-6.9,-0.7,-7.6
8,0,3,19,1,3,.333,1,2,.500,0,1,.000,0,0,,1,5,6,1,1,1,3,1,2
8,1,3,6.3,0.3,1.0,.333,0.3,0.7,.500,0.0,0.3,.000,0.0,0.0,,2.0,0.3,0.3,0.3,1.0,0.3,0.7
8,2,3,19,2.1,6.3,.333,2.1,4.2,.500,0.0,2.1,.000,0.0,0.0,,12.6,2.1,2.1,2.1,6.3,2.1,4.2
8,3,3,19,3.3,9.8,.333,3.3,6.5,.500,0.0,3.3,.000,0.0,0.0,,19.6,3.3,3.3,3.3,9.8,3.3,6.5,,49.0,97.7
8,4,3,19,5.4,.333,.333,.333,.000,3,6.6,35.0,20.4,10.4,3.3,5.5,50.0,17.4,,-0.1,0.0,0.0,-.084,,-12.3,4.5,-7.8
9,0,15,93,12,23,.522,12,23,.522,0,0,,3,6,.500,4,13,17,3,1,3,2,20,27
9,1,15,6.2,0.8,1.5,.522,0.8,1.5,.522,0.0,0.0,,0.2,0.4,.500,1.1,0.2,0.1,0.2,0.1,1.3,1.8
9,2,15,93,5.2,9.9,.522,5.2,9.9,.522,0.0,0.0,,1.3,2.6,.500,7.3,1.3,0.4,1.3,0.9,8.6,11.6
9,3,15,93,8.0,15.3,.522,8.0,15.3,.522,0.0,0.0,,2.0,4.0,.500,11.3,2.0,0.7,2.0,1.3,13.3,18.0,,109.1,109.8
9,4,15,93,12.8,.522,.522,.000,.261,25,5.4,18.6,11.8,7.5,0.7,3.4,7.2,16.5,,0.1,0.0,0.2,.079,,-3.5,-1.6,-5.1
10,0,31,544,66,145,.455,46,84,.548,20,61,.328,35,58,.603,8,40,48,53,21,5,44,53,187
10,1,31,17.5,2.1,4.7,.455,1.5,2.7,.548,0.6,2.0,.328,1.1,1.9,.603,1.5,1.7,0.7,0.2,1.4,1.7,6.0
10,2,31,544,4.9,10.7,.455,3.4,6.2,.548,1.5,4.5,.328,2.6,4.3,.603,3.5,3.9,1.5,0.4,3.2,3.9,13.8
10,3,31,544,7.5,16.5,.455,5.2,9.6,.548,2.3,7.0,.328,4.0,6.6,.603,5.5,6.0,2.4,0.6,5.0,6.0,21.3,,99.2,111.1
10,4,31,544,14.1,.542,.524,.421,.400,189,1.9,9.8,5.7,22.2,2.4,1.0,20.3,21.9,,0.6,0.2,0.8,.056,,-0.9,-2.4,-3.3
11,0,31,845,92,219,.420,71,152,.467,21,67,.313,38,58,.655,30,98,128,65,52,21,52,74,243
11,1,31,27.3,3.0,7.1,.420,2.3,4.9,.467,0.7,2.2,.313,1.2,1.9,.655,4.1,2.1,1.7,0.7,1.7,2.4,7.8
11,2,31,845,4.4,10.4,.420,3.4,7.2,.467,1.0,3.2,.313,1.8,2.7,.655,6.1,3.1,2.5,1.0,2.5,3.5,11.5
11,3,31,845,6.8,16.1,.420,5.2,11.2,.467,1.5,4.9,.313,2.8,4.3,.655,9.4,4.8,3.8,1.5,3.8,5.4,17.8,,97.4,105.1
11,4,31,845,15.6,.493,.468,.306,.265,257,4.5,15.4,9.8,17.1,3.8,2.6,17.4,19.5,,0.7,0.8,1.4,.068,,-1.2,1.8,0.7
12,0,28,722,46,143,.322,22,81,.272,24,62,.387,31,41,.756,15,52,67,84,12,0,59,50,147
12,1,28,25.8,1.6,5.1,.322,0.8,2.9,.272,0.9,2.2,.387,1.1,1.5,.756,2.4,3.0,0.4,0.0,2.1,1.8,5.3
12,2,28,722,2.5,7.9,.322,1.2,4.5,.272,1.3,3.4,.387,1.7,2.3,.756,3.7,4.7,0.7,0.0,3.3,2.8,8.1
12,3,28,722,4.0,12.3,.322,1.9,7.0,.272,2.1,5.3,.387,2.7,3.5,.756,5.8,7.2,1.0,0.0,5.1,4.3,12.6,,88.2,114.8
12,4,28,722,7.2,.452,.406,.434,.287,183,2.6,9.6,6.0,23.5,1.0,0.0,26.6,16.9,,0.0,0.0,-0.1,-.004,,-3.8,-3.1,-6.9
