0,0,31,710,101,177,.571,101,177,.571,0,0,,67,99,.677,63,105,168,23,12,25,43,101,269
0,1,31,22.9,3.3,5.7,.571,3.3,5.7,.571,0.0,0.0,,2.2,3.2,.677,5.4,0.7,0.4,0.8,1.4,3.3,8.7
0,2,31,710,5.7,10.0,.571,5.7,10.0,.571,0.0,0.0,,3.8,5.6,.677,9.5,1.3,0.7,1.4,2.4,5.7,15.2
0,3,31,710,9.3,16.3,.571,9.3,16.3,.571,0.0,0.0,,6.2,9.1,.677,15.5,2.1,1.1,2.3,4.0,9.3,24.8,,113.5,102.9
0,4,31,710,20.6,.600,.571,.000,.559,256,11.0,18.9,14.9,8.6,1.1,4.2,16.1,21.2,,1.7,0.9,2.5,.144,,1.0,0.9,1.8
1,0,31,593,53,149,.356,50,131,.382,3,18,.167,38,55,.691,47,65,112,18,17,6,36,64,147
1,1,31,19.1,1.7,4.8,.356,1.6,4.2,.382,0.1,0.6,.167,1.2,1.8,.691,3.6,0.6,0.5,0.2,1.2,2.1,4.7
1,2,31,593,3.6,10.1,.356,3.4,8.8,.382,0.2,1.2,.167,2.6,3.7,.691,7.6,1.2,1.1,0.4,2.4,4.3,9.9
1,3,31,593,5.9,16.5,.356,5.5,14.5,.382,0.3,2.0,.167,4.2,6.1,.691,12.4,2.0,1.9,0.7,4.0,7.1,16.2,,87.5,105.1
1,4,31,593,9.7,.420,.366,.121,.369,156,9.8,14.0,11.9,7.1,1.9,1.2,17.1,20.0,,-0.1,0.6,0.5,.031,,-4.0,-0.5,-4.5
2,0,30,708,53,128,.414,33,66,.500,20,62,.323,63,83,.759,41,70,111,25,18,11,38,54,189
2,1,30,23.6,1.8,4.3,.414,1.1,2.2,.500,0.7,2.1,.323,2.1,2.8,.759,3.7,0.8,0.6,0.4,1.3,1.8,6.3
2,2,30,708,3.0,7.2,.414,1.9,3.7,.500,1.1,3.5,.323,3.6,4.7,.759,6.3,1.4,1.0,0.6,2.1,3.1,10.7
2,3,30,708,4.9,11.8,.414,3.1,6.1,.500,1.8,5.7,.323,5.8,7.7,.759,10.3,2.3,1.7,1.0,3.5,5.0,17.5,,108.1,105.9
2,4,30,708,14.0,.564,.492,.484,.648,189,7.2,12.6,9.9,7.9,1.7,1.8,18.5,16.3,,1.0,0.6,1.7,.094,,0.8,0.1,0.9
3,0,29,448,51,98,.520,51,98,.520,0,0,,25,40,.625,33,53,86,12,9,16,30,54,127
3,1,29,15.4,1.8,3.4,.520,1.8,3.4,.520,0.0,0.0,,0.9,1.4,.625,3.0,0.4,0.3,0.6,1.0,1.9,4.4
3,2,29,448,4.6,8.8,.520,4.6,8.8,.520,0.0,0.0,,2.2,3.6,.625,7.7,1.1,0.8,1.4,2.7,4.8,11.3
3,3,29,448,7.5,14.3,.520,7.5,14.3,.520,0.0,0.0,,3.7,5.8,.625,12.6,1.8,1.3,2.3,4.4,7.9,18.6,,98.4,104.2
3,4,29,448,14.0,.543,.520,.000,.408,123,9.1,15.1,12.1,6.6,1.3,4.2,20.4,18.5,,0.3,0.5,0.8,.074,,-2.8,0.9,-1.9
4,0,2,10,0,3,.000,0,1,.000,0,2,.000,0,0,,0,2,2,3,0,0,1,1,0
4,1,2,5.0,0.0,1.5,.000,0.0,0.5,.000,0.0,1.0,.000,0.0,0.0,,1.0,1.5,0.0,0.0,0.5,0.5,0.0
4,2,2,10,0.0,12.0,.000,0.0,4.0,.000,0.0,8.0,.000,0.0,0.0,,8.0,12.0,0.0,0.0,4.0,4.0,0.0
4,3,2,10,0.0,19.6,.000,0.0,6.5,.000,0.0,13.1,.000,0.0,0.0,,13.1,19.6,0.0,0.0,6.5,6.5,0.0,,38.7,105.1
4,4,2,10,-5.7,.000,.000,.667,.000,1,0.0,25.6,12.6,57.8,0.0,0.0,25.0,22.5,,-0.1,0.0,0.0,-.197,,-11.7,-3.0,-14.7
5,0,14,456,85,185,.459,44,95,.463,41,90,.456,62,69,.899,3,42,45,23,10,2,19,22,273
5,1,14,32.6,6.1,13.2,.459,3.1,6.8,.463,2.9,6.4,.456,4.4,4.9,.899,3.2,1.6,0.7,0.1,1.4,1.6,19.5
5,2,14,456,7.5,16.2,.459,3.9,8.3,.463,3.6,7.9,.456,5.4,6.1,.899,3.9,2.0,0.9,0.2,1.7,1.9,23.9
5,3,14,456,12.2,26.6,.459,6.3,13.6,.463,5.9,12.9,.456,8.9,9.9,.899,6.5,3.3,1.4,0.3,2.7,3.2,39.2,,125.9,107.7
5,4,14,456,27.3,.627,.570,.486,.373,227,0.8,11.8,6.2,15.2,1.4,0.5,8.0,29.2,,2.1,0.3,2.4,.211,,8.4,-3.5,5.0
6,0,30,418,45,99,.455,45,99,.455,0,0,,21,29,.724,42,38,80,7,8,31,18,64,111
6,1,30,13.9,1.5,3.3,.455,1.5,3.3,.455,0.0,0.0,,0.7,1.0,.724,2.7,0.2,0.3,1.0,0.6,2.1,3.7
6,2,30,418,4.3,9.5,.455,4.3,9.5,.455,0.0,0.0,,2.0,2.8,.724,7.7,0.7,0.8,3.0,1.7,6.1,10.6
6,3,30,418,7.0,15.5,.455,7.0,15.5,.455,0.0,0.0,,3.3,4.5,.724,12.5,1.1,1.3,4.9,2.8,10.0,17.4,,102.7,103.1
6,4,30,418,15.3,.492,.455,.000,.293,114,12.5,11.6,12.1,4.1,1.3,8.8,13.8,17.6,,0.5,0.5,0.9,.090,,-2.5,2.8,0.3
7,0,2,20,4,9,.444,3,6,.500,1,3,.333,2,4,.500,0,4,4,1,2,0,3,0,11
7,1,2,10.0,2.0,4.5,.444,1.5,3.0,.500,0.5,1.5,.333,1.0,2.0,.500,2.0,0.5,1.0,0.0,1.5,0.0,5.5
7,2,2,20,8.0,18.0,.444,6.0,12.0,.500,2.0,6.0,.333,4.0,8.0,.500,8.0,2.0,4.0,0.0,6.0,0.0,22.0
7,3,2,20,13.1,29.5,.444,9.8,19.6,.500,3.3,9.8,.333,6.5,13.1,.500,13.1,3.3,6.5,0.0,9.8,0.0,36.0,,82.2,90.9
7,4,2,20,20.7,.505,.500,.333,.444,9,0.0,25.6,12.6,15.7,6.5,0.0,21.6,39.1,,0.0,0.0,0.0,.040,,-3.2,0.9,-2.3
8,0,31,536,31,107,.290,24,63,.381,7,44,.159,16,27,.593,4,42,46,44,9,0,40,39,85
8,1,31,17.3,1.0,3.5,.290,0.8,2.0,.381,0.2,1.4,.159,0.5,0.9,.593,1.5,1.4,0.3,0.0,1.3,1.3,2.7
8,2,31,536,2.3,8.0,.290,1.8,4.7,.381,0.5,3.3,.159,1.2,2.0,.593,3.4,3.3,0.7,0.0,3.0,2.9,6.3
8,3,31,536,3.8,13.1,.290,2.9,7.7,.381,0.9,5.4,.159,2.0,3.3,.593,5.6,5.4,1.1,0.0,4.9,4.8,10.4,,70.0,109.3
8,4,31,536,2.3,.355,.322,.411,.252,96,0.9,10.0,5.4,17.8,1.1,0.0,25.0,16.8,,-0.9,0.3,-0.6,-.041,,-6.3,-2.0,-8.3
9,0,31,967,85,257,.331,29,86,.337,56,171,.327,37,43,.860,4,62,66,40,22,1,32,44,263
9,1,31,31.2,2.7,8.3,.331,0.9,2.8,.337,1.8,5.5,.327,1.2,1.4,.860,2.1,1.3,0.7,0.0,1.0,1.4,8.5
9,2,31,967,3.5,10.6,.331,1.2,3.6,.337,2.3,7.1,.327,1.5,1.8,.860,2.7,1.7,0.9,0.0,1.3,1.8,10.9
9,3,31,967,5.8,17.4,.331,2.0,5.8,.337,3.8,11.6,.327,2.5,2.9,.860,4.5,2.7,1.5,0.1,2.2,3.0,17.8,,98.5,109.3
9,4,31,967,9.5,.474,.440,.665,.167,237,0.5,8.2,4.3,9.6,1.5,0.1,10.3,18.0,,0.7,0.6,1.2,.051,,0.0,-2.1,-2.1
10,0,8,61,3,11,.273,3,11,.273,0,0,,7,11,.636,4,5,9,3,2,4,3,15,13
10,1,8,7.6,0.4,1.4,.273,0.4,1.4,.273,0.0,0.0,,0.9,1.4,.636,1.1,0.4,0.3,0.5,0.4,1.9,1.6
10,2,8,61,2.0,7.2,.273,2.0,7.2,.273,0.0,0.0,,4.6,7.2,.636,5.9,2.0,1.3,2.6,2.0,9.8,8.5
10,3,8,61,3.2,11.8,.273,3.2,11.8,.273,0.0,0.0,,7.5,11.8,.636,9.7,3.2,2.1,4.3,3.2,16.1,14.0,,90.3,101.6
10,4,8,61,9.3,.401,.273,.000,1.000,15,8.1,10.5,9.3,10.5,2.1,7.8,15.6,17.7,,0.0,0.1,0.1,.054,,-4.8,3.4,-1.3
11,0,26,455,65,180,.361,50,114,.439,15,66,.227,12,18,.667,9,53,62,20,7,4,25,28,157
11,1,26,17.5,2.5,6.9,.361,1.9,4.4,.439,0.6,2.5,.227,0.5,0.7,.667,2.4,0.8,0.3,0.2,1.0,1.1,6.0
11,2,26,455,5.7,15.8,.361,4.4,10.0,.439,1.3,5.8,.227,1.1,1.6,.667,5.5,1.8,0.6,0.4,2.2,2.5,13.8
11,3,26,455,9.4,25.9,.361,7.2,16.4,.439,2.2,9.5,.227,1.7,2.6,.667,8.9,2.9,1.0,0.6,3.6,4.0,22.6,,84.9,107.0
11,4,26,455,9.5,.416,.403,.367,.100,142,2.5,14.9,8.6,11.7,1.0,1.0,11.7,26.4,,-0.3,0.4,0.1,.009,,-3.9,-2.9,-6.8
12,0,29,918,78,209,.373,63,153,.412,15,56,.268,34,47,.723,15,106,121,128,44,0,80,64,205
12,1,29,31.7,2.7,7.2,.373,2.2,5.3,.412,0.5,1.9,.268,1.2,1.6,.723,4.2,4.4,1.5,0.0,2.8,2.2,7.1
12,2,29,918,3.4,9.1,.373,2.7,6.7,.412,0.7,2.4,.268,1.5,2.0,.723,5.3,5.6,1.9,0.0,3.5,2.8,8.9
12,3,29,918,5.6,14.9,.373,4.5,10.9,.412,1.1,4.0,.268,2.4,3.4,.723,8.6,9.1,3.1,0.0,5.7,4.6,14.6,,86.9,102.8
12,4,29,918,11.3,.443,.409,.268,.225,244,2.0,14.8,8.3,32.1,3.1,0.0,25.7,19.1,,-0.3,1.1,0.8,.037,,-2.1,0.6,-1.5
