0,0,25,137,7,19,.368,4,8,.500,3,11,.273,5,9,.556,4,8,12,5,7,0,5,17,22
0,1,25,5.5,0.3,0.8,.368,0.2,0.3,.500,0.1,0.4,.273,0.2,0.4,.556,0.5,0.2,0.3,0.0,0.2,0.7,0.9
0,2,25,137,2.0,5.5,.368,1.2,2.3,.500,0.9,3.2,.273,1.5,2.6,.556,3.5,1.5,2.0,0.0,1.5,5.0,6.4
0,3,25,137,3.3,9.0,.368,1.9,3.8,.500,1.4,5.2,.273,2.4,4.3,.556,5.7,2.4,3.3,0.0,2.4,8.1,10.5,,93.4,104.4
0,4,25,137,7.7,.473,.447,.579,.474,23,3.5,7.8,5.5,7.7,3.3,0.0,17.7,11.8,,0.0,0.1,0.2,.048,,-1.8,0.4,-1.4
1,0,8,15,1,4,.250,0,1,.000,1,3,.333,2,2,1.000,2,2,4,1,2,0,0,0,5
1,1,8,1.9,0.1,0.5,.250,0.0,0.1,.000,0.1,0.4,.333,0.3,0.3,1.000,0.5,0.1,0.3,0.0,0.0,0.0,0.6
1,2,8,15,2.7,10.7,.250,0.0,2.7,.000,2.7,8.0,.333,5.3,5.3,1.000,10.7,2.7,5.3,0.0,0.0,0.0,13.3
1,3,8,15,4.3,17.4,.250,0.0,4.3,.000,4.3,13.0,.333,8.7,8.7,1.000,17.4,4.3,8.7,0.0,0.0,0.0,21.7,,133.8,89.4
1,4,8,15,32.5,.505,.375,.750,.500,6,15.8,17.9,16.8,14.6,8.7,0.0,0.0,18.8,,0.1,0.0,0.1,.267,,9.7,4.6,14.2
2,0,33,1133,150,375,.400,115,239,.481,35,136,.257,118,148,.797,33,112,145,88,35,2,55,68,453
2,1,33,34.3,4.5,11.4,.400,3.5,7.2,.481,1.1,4.1,.257,3.6,4.5,.797,4.4,2.7,1.1,0.1,1.7,2.1,13.7
2,2,33,1133,5.3,13.2,.400,4.1,8.4,.481,1.2,4.8,.257,4.2,5.2,.797,5.1,3.1,1.2,0.1,1.9,2.4,16.0
2,3,33,1133,8.6,21.5,.400,6.6,13.7,.481,2.0,7.8,.257,6.8,8.5,.797,8.3,5.1,2.0,0.1,3.2,3.9,26.0,,105.9,105.5
2,4,33,1133,18.8,.509,.447,.363,.395,447,3.5,13.3,8.1,19.8,2.0,0.2,11.0,25.2,,2.4,0.9,3.3,.115,,3.3,-0.6,2.8
3,0,32,798,122,234,.521,122,234,.521,0,0,,35,67,.522,61,73,134,22,14,2,40,91,279
3,1,32,24.9,3.8,7.3,.521,3.8,7.3,.521,0.0,0.0,,1.1,2.1,.522,4.2,0.7,0.4,0.1,1.3,2.8,8.7
3,2,32,798,6.1,11.7,.521,6.1,11.7,.521,0.0,0.0,,1.8,3.4,.522,6.7,1.1,0.7,0.1,2.0,4.6,14.0
3,3,32,798,10.0,19.1,.521,10.0,19.1,.521,0.0,0.0,,2.9,5.5,.522,10.9,1.8,1.1,0.2,3.3,7.4,22.8,,102.6,107.5
3,4,32,798,15.5,.525,.521,.000,.286,268,9.1,12.3,10.6,7.4,1.1,0.3,13.1,21.8,,1.2,0.5,1.7,.084,,-0.5,-1.4,-1.9
4,0,26,223,13,38,.342,6,17,.353,7,21,.333,5,11,.455,6,20,26,2,1,2,10,37,38
4,1,26,8.6,0.5,1.5,.342,0.2,0.7,.353,0.3,0.8,.333,0.2,0.4,.455,1.0,0.1,0.0,0.1,0.4,1.4,1.5
4,2,26,223,2.3,6.8,.342,1.1,3.0,.353,1.3,3.8,.333,0.9,2.0,.455,4.7,0.4,0.2,0.4,1.8,6.6,6.8
4,3,26,223,3.8,11.1,.342,1.8,5.0,.353,2.0,6.1,.333,1.5,3.2,.455,7.6,0.6,0.3,0.6,2.9,10.8,11.1,,80.0,108.8
4,4,26,223,2.4,.440,.434,.553,.289,36,3.2,12.0,7.3,1.9,0.3,1.1,18.8,13.6,,-0.1,0.1,0.0,-.002,,-5.0,-2.1,-7.0
5,0,32,990,106,259,.409,62,119,.521,44,140,.314,112,140,.800,8,89,97,66,18,2,44,59,368
5,1,32,30.9,3.3,8.1,.409,1.9,3.7,.521,1.4,4.4,.314,3.5,4.4,.800,3.0,2.1,0.6,0.1,1.4,1.8,11.5
5,2,32,990,4.3,10.5,.409,2.5,4.8,.521,1.8,5.7,.314,4.5,5.7,.800,3.9,2.7,0.7,0.1,1.8,2.4,14.9
5,3,32,990,7.0,17.0,.409,4.1,7.8,.521,2.9,9.2,.314,7.4,9.2,.800,6.4,4.3,1.2,0.1,2.9,3.9,24.2,,112.8,107.8
5,4,32,990,17.1,.565,.494,.541,.541,347,1.0,12.1,6.2,16.0,1.2,0.3,11.9,21.3,,2.4,0.6,3.0,.120,,3.6,-1.7,1.9
6,0,30,703,69,154,.448,66,147,.449,3,7,.429,42,64,.656,53,89,142,30,20,16,36,83,183
6,1,30,23.4,2.3,5.1,.448,2.2,4.9,.449,0.1,0.2,.429,1.4,2.1,.656,4.7,1.0,0.7,0.5,1.2,2.8,6.1
6,2,30,703,3.9,8.8,.448,3.8,8.4,.449,0.2,0.4,.429,2.4,3.6,.656,8.1,1.7,1.1,0.9,2.0,4.7,10.4
6,3,30,703,6.4,14.3,.448,6.1,13.6,.449,0.3,0.6,.429,3.9,5.9,.656,13.1,2.8,1.9,1.5,3.3,7.7,16.9,,100.1,102.8
6,4,30,703,14.4,.496,.458,.045,.416,197,9.0,17.0,12.7,10.0,1.9,2.8,16.3,17.9,,0.7,0.8,1.5,.084,,-1.4,2.1,0.6
7,0,33,743,57,151,.377,20,46,.435,37,105,.352,18,32,.563,21,57,78,27,19,5,29,81,169
7,1,33,22.5,1.7,4.6,.377,0.6,1.4,.435,1.1,3.2,.352,0.5,1.0,.563,2.4,0.8,0.6,0.2,0.9,2.5,5.1
7,2,33,743,3.1,8.1,.377,1.1,2.5,.435,2.0,5.7,.352,1.0,1.7,.563,4.2,1.5,1.0,0.3,1.6,4.4,9.1
7,3,33,743,5.0,13.2,.377,1.8,4.0,.435,3.2,9.2,.352,1.6,2.8,.563,6.8,2.4,1.7,0.4,2.5,7.1,14.8,,98.1,106.8
7,4,33,743,9.3,.508,.500,.695,.212,162,3.4,10.3,6.6,8.1,1.7,0.8,14.9,15.0,,0.5,0.5,1.0,.055,,0.1,-0.3,-0.2
8,0,19,160,12,52,.231,6,15,.400,6,37,.162,0,0,,3,9,12,6,2,2,2,12,30
8,1,19,8.4,0.6,2.7,.231,0.3,0.8,.400,0.3,1.9,.162,0.0,0.0,,0.6,0.3,0.1,0.1,0.1,0.6,1.6
8,2,19,160,3.0,13.0,.231,1.5,3.8,.400,1.5,9.3,.162,0.0,0.0,,3.0,1.5,0.5,0.5,0.5,3.0,7.5
8,3,19,160,4.9,21.2,.231,2.4,6.1,.400,2.4,15.1,.162,0.0,0.0,,4.9,2.4,0.8,0.8,0.8,4.9,12.2,,70.1,109.6
8,4,19,160,2.4,.288,.288,.712,.000,30,2.2,7.6,4.7,8.3,0.8,1.5,3.7,19.2,,-0.3,0.1,-0.2,-.047,,-4.5,-3.0,-7.5
9,0,31,657,82,237,.346,58,160,.363,24,77,.312,26,37,.703,18,70,88,23,7,2,44,30,214
9,1,31,21.2,2.6,7.6,.346,1.9,5.2,.363,0.8,2.5,.312,0.8,1.2,.703,2.8,0.7,0.2,0.1,1.4,1.0,6.9
9,2,31,657,5.0,14.4,.346,3.5,9.7,.363,1.5,4.7,.312,1.6,2.3,.703,5.4,1.4,0.4,0.1,2.7,1.8,13.0
9,3,31,657,8.1,23.5,.346,5.7,15.9,.363,2.4,7.6,.312,2.6,3.7,.703,8.7,2.3,0.7,0.2,4.4,3.0,21.2,,81.1,108.0
9,4,31,657,8.5,.420,.397,.325,.156,199,3.3,14.3,8.4,8.8,0.7,0.4,14.7,25.9,,-0.6,0.4,-0.2,-.013,,-4.8,-2.8,-7.5
10,0,30,688,44,137,.321,25,72,.347,19,65,.292,22,40,.550,8,59,67,56,19,4,48,57,129
10,1,30,22.9,1.5,4.6,.321,0.8,2.4,.347,0.6,2.2,.292,0.7,1.3,.550,2.2,1.9,0.6,0.1,1.6,1.9,4.3
10,2,30,688,2.6,8.0,.321,1.5,4.2,.347,1.1,3.8,.292,1.3,2.3,.550,3.9,3.3,1.1,0.2,2.8,3.3,7.5
10,3,30,688,4.2,13.0,.321,2.4,6.8,.347,1.8,6.1,.292,2.1,3.8,.550,6.3,5.3,1.8,0.4,4.5,5.4,12.2,,78.3,106.3
10,4,30,688,6.2,.413,.391,.474,.292,141,1.4,11.5,6.1,17.7,1.8,0.7,23.5,16.9,,-0.6,0.5,-0.1,-.005,,-3.8,-0.1,-3.8
11,0,31,403,35,61,.574,35,61,.574,0,0,,6,34,.176,53,53,106,8,12,9,12,48,76
11,1,31,13.0,1.1,2.0,.574,1.1,2.0,.574,0.0,0.0,,0.2,1.1,.176,3.4,0.3,0.4,0.3,0.4,1.5,2.5
11,2,31,403,3.5,6.1,.574,3.5,6.1,.574,0.0,0.0,,0.6,3.4,.176,10.5,0.8,1.2,0.9,1.2,4.8,7.5
11,3,31,403,5.7,9.9,.574,5.7,9.9,.574,0.0,0.0,,1.0,5.5,.176,17.1,1.3,1.9,1.5,1.9,7.8,12.3,,107.8,102.4
11,4,31,403,14.9,.493,.574,.000,.557,93,15.6,17.7,16.6,4.5,1.9,2.8,13.5,12.6,,0.5,0.4,1.0,.097,,-1.0,1.5,0.6
