0,0,27,288,40,87,.460,33,66,.500,7,21,.333,29,36,.806,20,32,52,5,3,1,22,62,116
0,1,27,10.7,1.5,3.2,.460,1.2,2.4,.500,0.3,0.8,.333,1.1,1.3,.806,1.9,0.2,0.1,0.0,0.8,2.3,4.3
0,2,27,288,5.6,12.1,.460,4.6,9.2,.500,1.0,2.9,.333,4.0,5.0,.806,7.2,0.7,0.4,0.1,3.1,8.6,16.1
0,3,27,288,8.6,18.7,.460,7.1,14.2,.500,1.5,4.5,.333,6.2,7.7,.806,11.2,1.1,0.6,0.2,4.7,13.3,24.9,,102.4,107.5
0,4,27,288,11.9,.557,.500,.241,.414,109,8.4,13.6,11.0,4.0,0.6,0.4,17.4,23.7,,0.3,0.3,0.6,.085,,-1.7,-3.4,-5.2
1,0,33,883,170,369,.461,144,283,.509,26,86,.302,108,147,.735,67,144,211,52,52,11,56,103,474
1,1,33,26.8,5.2,11.2,.461,4.4,8.6,.509,0.8,2.6,.302,3.3,4.5,.735,6.4,1.6,1.6,0.3,1.7,3.1,14.4
1,2,33,883,7.7,16.7,.461,6.5,12.8,.509,1.2,3.9,.302,4.9,6.7,.735,9.6,2.4,2.4,0.5,2.5,4.7,21.5
1,3,33,883,11.9,25.8,.461,10.1,19.8,.509,1.8,6.0,.302,7.6,10.3,.735,14.8,3.6,3.6,0.8,3.9,7.2,33.2,,110.0,98.5
1,4,33,883,24.9,.540,.496,.233,.398,457,9.2,19.9,14.5,15.6,3.6,1.5,11.3,30.3,,2.2,1.6,3.8,.173,,4.1,1.7,5.7
2,0,33,606,79,140,.564,79,140,.564,0,0,,40,61,.656,38,69,107,17,11,19,33,83,198
2,1,33,18.4,2.4,4.2,.564,2.4,4.2,.564,0.0,0.0,,1.2,1.8,.656,3.2,0.5,0.3,0.6,1.0,2.5,6.0
2,2,33,606,5.2,9.2,.564,5.2,9.2,.564,0.0,0.0,,2.6,4.0,.656,7.1,1.1,0.7,1.3,2.2,5.5,13.1
2,3,33,606,8.1,14.3,.564,8.1,14.3,.564,0.0,0.0,,4.1,6.2,.656,10.9,1.7,1.1,1.9,3.4,8.5,20.2,,109.3,105.1
2,4,33,606,14.9,.586,.564,.000,.436,190,7.6,13.9,10.7,6.4,1.1,3.8,16.3,18.0,,0.9,0.8,1.6,.107,,-0.8,1.2,0.3
3,0,15,63,6,15,.400,3,5,.600,3,10,.300,8,9,.889,2,6,8,0,0,3,2,9,23
3,1,15,4.2,0.4,1.0,.400,0.2,0.3,.600,0.2,0.7,.300,0.5,0.6,.889,0.5,0.0,0.0,0.2,0.1,0.6,1.5
3,2,15,63,3.8,9.5,.400,1.9,3.2,.600,1.9,6.3,.300,5.1,5.7,.889,5.1,0.0,0.0,1.9,1.3,5.7,14.6
3,3,15,63,5.9,14.7,.400,2.9,4.9,.600,2.9,9.8,.300,7.9,8.8,.889,7.9,0.0,0.0,2.9,2.0,8.8,22.6,,119.6,107.4
3,4,15,63,14.2,.597,.500,.667,.600,20,3.8,11.6,7.7,0.0,0.0,5.8,9.4,18.3,,0.1,0.1,0.2,.127,,-0.4,-3.1,-3.5
4,0,12,343,49,115,.426,28,62,.452,21,53,.396,53,67,.791,5,27,32,25,0,0,18,29,172
4,1,12,28.6,4.1,9.6,.426,2.3,5.2,.452,1.8,4.4,.396,4.4,5.6,.791,2.7,2.1,0.0,0.0,1.5,2.4,14.3
4,2,12,343,5.7,13.4,.426,3.3,7.2,.452,2.4,6.2,.396,6.2,7.8,.791,3.7,2.9,0.0,0.0,2.1,3.4,20.1
4,3,12,343,8.8,20.7,.426,5.0,11.2,.452,3.8,9.6,.396,9.6,12.1,.791,5.8,4.5,0.0,0.0,3.2,5.2,31.0,,117.4,111.5
4,4,12,343,18.2,.586,.517,.461,.583,159,1.8,9.6,5.7,17.1,0.0,0.0,10.9,26.0,,1.0,0.2,1.2,.142,,4.2,-3.9,0.3
5,0,28,404,39,75,.520,39,75,.520,0,0,,20,32,.625,22,49,71,10,6,24,23,56,98
5,1,28,14.4,1.4,2.7,.520,1.4,2.7,.520,0.0,0.0,,0.7,1.1,.625,2.5,0.4,0.2,0.9,0.8,2.0,3.5
5,2,28,404,3.9,7.4,.520,3.9,7.4,.520,0.0,0.0,,2.0,3.2,.625,7.0,1.0,0.6,2.4,2.3,5.5,9.7
5,3,28,404,6.0,11.5,.520,6.0,11.5,.520,0.0,0.0,,3.1,4.9,.625,10.9,1.5,0.9,3.7,3.5,8.6,15.0,,98.8,103.4
5,4,28,404,11.5,.543,.520,.000,.427,98,6.6,14.8,10.7,5.2,0.9,7.2,20.3,15.2,,0.2,0.6,0.8,.075,,-3.3,3.3,0.0
6,0,31,563,71,168,.423,46,105,.438,25,63,.397,45,76,.592,37,76,113,54,13,3,46,50,212
6,1,31,18.2,2.3,5.4,.423,1.5,3.4,.438,0.8,2.0,.397,1.5,2.5,.592,3.6,1.7,0.4,0.1,1.5,1.6,6.8
6,2,31,563,5.0,11.9,.423,3.3,7.5,.438,1.8,4.5,.397,3.2,5.4,.592,8.0,3.8,0.9,0.2,3.3,3.6,15.1
6,3,31,563,7.8,18.5,.423,5.1,11.5,.438,2.7,6.9,.397,4.9,8.3,.592,12.4,5.9,1.4,0.3,5.1,5.5,23.3,,101.9,105.4
6,4,31,563,15.9,.519,.497,.375,.452,227,7.9,16.5,12.2,21.6,1.4,0.6,18.4,24.0,,0.6,0.7,1.3,.094,,1.4,-0.2,1.2
7,0,19,364,38,76,.500,38,75,.507,0,1,.000,39,60,.650,30,70,100,13,15,25,20,39,115
7,1,19,19.2,2.0,4.0,.500,2.0,3.9,.507,0.0,0.1,.000,2.1,3.2,.650,5.3,0.7,0.8,1.3,1.1,2.1,6.1
7,2,19,364,4.2,8.4,.500,4.2,8.2,.507,0.0,0.1,.000,4.3,6.6,.650,11.0,1.4,1.6,2.7,2.2,4.3,12.6
7,3,19,364,6.5,12.9,.500,6.5,12.7,.507,0.0,0.2,.000,6.6,10.2,.650,17.0,2.2,2.5,4.2,3.4,6.6,19.5,,109.6,96.1
7,4,19,364,20.1,.550,.500,.013,.789,121,10.0,23.5,16.7,7.7,2.5,8.4,16.1,18.5,,0.6,0.8,1.3,.145,,-1.1,5.7,4.6
8,0,33,981,91,231,.394,19,51,.373,72,180,.400,31,39,.795,5,49,54,40,9,0,21,44,285
8,1,33,29.7,2.8,7.0,.394,0.6,1.5,.373,2.2,5.5,.400,0.9,1.2,.795,1.6,1.2,0.3,0.0,0.6,1.3,8.6
8,2,33,981,3.7,9.4,.394,0.8,2.1,.373,2.9,7.3,.400,1.3,1.6,.795,2.2,1.6,0.4,0.0,0.9,1.8,11.6
8,3,33,981,5.7,14.6,.394,1.2,3.2,.373,4.5,11.3,.400,2.0,2.5,.795,3.4,2.5,0.6,0.0,1.3,2.8,18.0,,115.8,111.9
8,4,33,981,10.7,.571,.550,.779,.169,250,0.6,6.1,3.3,8.5,0.6,0.0,7.8,14.9,,1.5,0.6,2.1,.085,,2.7,-2.2,0.4
9,0,32,431,30,82,.366,8,20,.400,22,62,.355,27,36,.750,7,32,39,13,10,1,16,40,109
9,1,32,13.5,0.9,2.6,.366,0.3,0.6,.400,0.7,1.9,.355,0.8,1.1,.750,1.2,0.4,0.3,0.0,0.5,1.3,3.4
9,2,32,431,2.8,7.6,.366,0.7,1.9,.400,2.0,5.8,.355,2.5,3.3,.750,3.6,1.2,0.9,0.1,1.5,3.7,10.1
9,3,32,431,4.3,11.8,.366,1.1,2.9,.400,3.2,8.9,.355,3.9,5.2,.750,5.6,1.9,1.4,0.1,2.3,5.7,15.6,,106.3,108.3
9,4,32,431,9.0,.550,.500,.756,.439,101,2.0,9.1,5.5,6.0,1.4,0.3,13.9,14.4,,0.4,0.4,0.8,.074,,0.3,-1.4,-1.1
10,0,12,43,3,15,.200,1,6,.167,2,9,.222,0,0,,1,2,3,3,1,1,0,2,8
10,1,12,3.6,0.3,1.3,.200,0.1,0.5,.167,0.2,0.8,.222,0.0,0.0,,0.3,0.3,0.1,0.1,0.0,0.2,0.7
10,2,12,43,2.8,14.0,.200,0.9,5.6,.167,1.9,8.4,.222,0.0,0.0,,2.8,2.8,0.9,0.9,0.0,1.9,7.4
10,3,12,43,4.3,21.6,.200,1.4,8.6,.167,2.9,12.9,.222,0.0,0.0,,4.3,4.3,1.4,1.4,0.0,2.9,11.5,,75.5,108.6
10,4,12,43,4.1,.267,.267,.600,.000,9,2.8,5.7,4.2,14.0,1.4,2.8,0.0,18.9,,-0.1,0.0,0.0,-.018,,-4.2,-1.8,-6.0
11,0,32,423,37,80,.463,35,66,.530,2,14,.143,27,49,.551,4,35,39,45,15,3,30,43,103
11,1,32,13.2,1.2,2.5,.463,1.1,2.1,.530,0.1,0.4,.143,0.8,1.5,.551,1.2,1.4,0.5,0.1,0.9,1.3,3.2
11,2,32,423,3.5,7.6,.463,3.3,6.2,.530,0.2,1.3,.143,2.6,4.6,.551,3.7,4.3,1.4,0.3,2.8,4.1,9.7
11,3,32,423,5.4,11.7,.463,5.1,9.6,.530,0.3,2.0,.143,3.9,7.2,.551,5.7,6.6,2.2,0.4,4.4,6.3,15.1,,94.1,105.9
11,4,32,423,9.9,.499,.475,.175,.613,113,1.1,10.1,5.6,22.1,2.2,0.9,22.5,17.0,,0.1,0.5,0.6,.053,,-2.6,-0.2,-2.8
12,0,29,395,55,153,.359,30,85,.353,25,68,.368,30,34,.882,10,48,58,12,4,7,19,38,165
12,1,29,13.6,1.9,5.3,.359,1.0,2.9,.353,0.9,2.3,.368,1.0,1.2,.882,2.0,0.4,0.1,0.2,0.7,1.3,5.7
12,2,29,395,5.6,15.5,.359,3.0,8.6,.353,2.5,6.9,.368,3.0,3.4,.882,5.9,1.2,0.4,0.7,1.9,3.8,16.7
12,3,29,395,8.6,24.0,.359,4.7,13.3,.353,3.9,10.6,.368,4.7,5.3,.882,9.1,1.9,0.6,1.1,3.0,5.9,25.8,,98.1,107.0
12,4,29,395,12.8,.488,.441,.444,.222,147,3.1,14.8,8.9,7.1,0.6,2.2,10.1,25.8,,0.3,0.4,0.7,.069,,-1.7,-2.7,-4.3
13,0,33,890,53,159,.333,28,81,.346,25,78,.321,53,74,.716,11,91,102,112,21,1,47,54,184
13,1,33,27.0,1.6,4.8,.333,0.8,2.5,.346,0.8,2.4,.321,1.6,2.2,.716,3.1,3.4,0.6,0.0,1.4,1.6,5.6
13,2,33,890,2.4,7.1,.333,1.3,3.6,.346,1.1,3.5,.321,2.4,3.3,.716,4.6,5.0,0.9,0.0,2.1,2.4,8.3
13,3,33,890,3.7,11.0,.333,1.9,5.6,.346,1.7,5.4,.321,3.7,5.1,.716,7.1,7.8,1.5,0.1,3.3,3.8,12.8,,100.9,107.3
13,4,33,890,10.2,.474,.412,.491,.465,225,1.5,12.5,7.0,24.7,1.5,0.1,19.5,14.7,,0.6,0.9,1.5,.067,,-0.4,-0.3,-0.7
