0,0,14,51,2,8,.250,1,5,.200,1,3,.333,0,0,,0,4,4,7,2,0,6,11,5
0,1,14,3.6,0.1,0.6,.250,0.1,0.4,.200,0.1,0.2,.333,0.0,0.0,,0.3,0.5,0.1,0.0,0.4,0.8,0.4
0,2,14,51,1.6,6.3,.250,0.8,3.9,.200,0.8,2.4,.333,0.0,0.0,,3.1,5.5,1.6,0.0,4.7,8.6,3.9
0,3,14,51,2.5,10.1,.250,1.3,6.3,.200,1.3,3.8,.333,0.0,0.0,,5.0,8.8,2.5,0.0,7.6,13.8,6.3,,60.9,102.5
0,4,14,51,-1.3,.313,.313,.375,.000,8,0.0,10.2,5.0,24.4,2.5,0.0,42.9,15.0,,-0.1,0.1,-0.1,-.045,,-7.2,-0.4,-7.6
1,0,25,146,8,22,.364,5,9,.556,3,13,.231,0,1,.000,2,10,12,5,2,0,4,13,19
1,1,25,5.8,0.3,0.9,.364,0.2,0.4,.556,0.1,0.5,.231,0.0,0.0,.000,0.5,0.2,0.1,0.0,0.2,0.5,0.8
1,2,25,146,2.2,6.0,.364,1.4,2.5,.556,0.8,3.6,.231,0.0,0.3,.000,3.3,1.4,0.5,0.0,1.1,3.6,5.2
1,3,25,146,3.5,9.7,.364,2.2,4.0,.556,1.3,5.7,.231,0.0,0.4,.000,5.3,2.2,0.9,0.0,1.8,5.7,8.4,,88.6,107.2
1,4,25,146,3.9,.423,.432,.591,.045,19,1.7,8.9,5.2,6.3,0.9,0.0,15.1,9.9,,0.0,0.1,0.1,.028,,-2.0,-0.8,-2.8
2,0,35,869,148,260,.569,148,259,.571,0,1,.000,99,163,.607,81,145,226,37,18,28,61,91,395
2,1,35,24.8,4.2,7.4,.569,4.2,7.4,.571,0.0,0.0,.000,2.8,4.7,.607,6.5,1.1,0.5,0.8,1.7,2.6,11.3
2,2,35,869,6.8,12.0,.569,6.8,11.9,.571,0.0,0.0,.000,4.6,7.5,.607,10.4,1.7,0.8,1.3,2.8,4.2,18.2
2,3,35,869,10.9,19.2,.569,10.9,19.1,.571,0.0,0.1,.000,7.3,12.0,.607,16.7,2.7,1.3,2.1,4.5,6.7,29.2,,113.7,99.5
2,4,35,869,24.2,.585,.569,.004,.627,381,11.6,21.7,16.5,9.9,1.3,3.5,15.3,25.1,,2.5,1.3,3.8,.176,,2.2,1.5,3.6
3,0,35,1178,114,306,.373,28,75,.373,86,231,.372,38,55,.691,6,59,65,68,24,2,42,48,352
3,1,35,33.7,3.3,8.7,.373,0.8,2.1,.373,2.5,6.6,.372,1.1,1.6,.691,1.9,1.9,0.7,0.1,1.2,1.4,10.1
3,2,35,1178,3.9,10.4,.373,1.0,2.5,.373,2.9,7.8,.372,1.3,1.9,.691,2.2,2.3,0.8,0.1,1.4,1.6,12.0
3,3,35,1178,6.2,16.7,.373,1.5,4.1,.373,4.7,12.6,.372,2.1,3.0,.691,3.5,3.7,1.3,0.1,2.3,2.6,19.2,,109.1,107.2
3,4,35,1178,11.9,.530,.513,.755,.180,320,0.6,6.5,3.5,11.4,1.3,0.2,11.2,17.4,,1.8,0.9,2.7,.091,,3.2,-1.3,1.8
4,0,35,1153,133,289,.460,88,174,.506,45,115,.391,98,119,.824,59,150,209,102,27,5,71,89,409
4,1,35,32.9,3.8,8.3,.460,2.5,5.0,.506,1.3,3.3,.391,2.8,3.4,.824,6.0,2.9,0.8,0.1,2.0,2.5,11.7
4,2,35,1153,4.6,10.0,.460,3.1,6.0,.506,1.6,4.0,.391,3.4,4.1,.824,7.3,3.5,0.9,0.2,2.5,3.1,14.2
4,3,35,1153,7.4,16.1,.460,4.9,9.7,.506,2.5,6.4,.391,5.5,6.6,.824,11.6,5.7,1.5,0.3,4.0,5.0,22.8,,117.9,102.9
4,4,35,1153,19.2,.592,.538,.398,.412,424,6.4,16.9,11.5,18.2,1.5,0.5,17.0,19.8,,3.2,1.3,4.5,.157,,4.8,1.0,5.8
5,0,31,421,63,131,.481,59,119,.496,4,12,.333,42,48,.875,28,40,68,8,2,15,24,52,172
5,1,31,13.6,2.0,4.2,.481,1.9,3.8,.496,0.1,0.4,.333,1.4,1.5,.875,2.2,0.3,0.1,0.5,0.8,1.7,5.5
5,2,31,421,6.0,12.4,.481,5.6,11.3,.496,0.4,1.1,.333,4.0,4.6,.875,6.5,0.8,0.2,1.4,2.3,4.9,16.3
5,3,31,421,9.6,20.0,.481,9.0,18.1,.496,0.6,1.8,.333,6.4,7.3,.875,10.4,1.2,0.3,2.3,3.7,7.9,26.2,,110.7,104.6
5,4,31,421,17.4,.559,.496,.092,.366,158,8.3,12.3,10.3,4.2,0.3,3.9,13.5,23.1,,0.9,0.4,1.4,.130,,-0.5,-1.2,-1.7
6,0,29,233,18,40,.450,18,39,.462,0,1,.000,14,20,.700,15,21,36,5,3,4,6,38,50
6,1,29,8.0,0.6,1.4,.450,0.6,1.3,.462,0.0,0.0,.000,0.5,0.7,.700,1.2,0.2,0.1,0.1,0.2,1.3,1.7
6,2,29,233,3.1,6.9,.450,3.1,6.7,.462,0.0,0.2,.000,2.4,3.4,.700,6.2,0.9,0.5,0.7,1.0,6.5,8.6
6,3,29,233,5.0,11.0,.450,5.0,10.7,.462,0.0,0.3,.000,3.9,5.5,.700,9.9,1.4,0.8,1.1,1.7,10.5,13.8,,112.4,104.8
6,4,29,233,10.0,.505,.450,.025,.500,53,8.0,11.7,9.8,4.1,0.8,1.9,10.8,13.0,,0.3,0.2,0.6,.097,,-1.0,-0.1,-1.1
7,0,35,1054,104,257,.405,95,237,.401,9,20,.450,109,158,.690,69,85,154,138,33,11,65,92,326
7,1,35,30.1,3.0,7.3,.405,2.7,6.8,.401,0.3,0.6,.450,3.1,4.5,.690,4.4,3.9,0.9,0.3,1.9,2.6,9.3
7,2,35,1054,3.9,9.8,.405,3.6,9.0,.401,0.3,0.8,.450,4.1,6.0,.690,5.8,5.2,1.3,0.4,2.5,3.5,12.4
7,3,35,1054,6.3,15.7,.405,5.8,14.4,.401,0.5,1.2,.450,6.6,9.6,.690,9.4,8.4,2.0,0.7,4.0,5.6,19.9,,110.4,103.4
7,4,35,1054,17.4,.491,.422,.078,.615,397,8.2,10.5,9.3,26.0,2.0,1.1,16.4,20.6,,2.4,1.2,3.5,.134,,2.3,1.4,3.7
8,0,35,717,45,107,.421,18,32,.563,27,75,.360,28,32,.875,6,56,62,40,10,5,26,65,145
8,1,35,20.5,1.3,3.1,.421,0.5,0.9,.563,0.8,2.1,.360,0.8,0.9,.875,1.8,1.1,0.3,0.1,0.7,1.9,4.1
8,2,35,717,2.5,6.0,.421,1.0,1.8,.563,1.5,4.2,.360,1.6,1.8,.875,3.5,2.2,0.6,0.3,1.5,3.6,8.1
8,3,35,717,4.0,9.6,.421,1.6,2.9,.563,2.4,6.7,.360,2.5,2.9,.875,5.6,3.6,0.9,0.4,2.3,5.8,13.0,,114.1,106.2
8,4,35,717,9.4,.593,.547,.701,.299,141,1.0,10.1,5.5,10.4,0.9,0.8,17.5,11.3,,1.0,0.6,1.6,.087,,1.6,-0.1,1.5
9,0,15,91,3,10,.300,2,4,.500,1,6,.167,3,4,.750,1,2,3,5,2,0,6,15,10
9,1,15,6.1,0.2,0.7,.300,0.1,0.3,.500,0.1,0.4,.167,0.2,0.3,.750,0.2,0.3,0.1,0.0,0.4,1.0,0.7
9,2,15,91,1.3,4.4,.300,0.9,1.8,.500,0.4,2.6,.167,1.3,1.8,.750,1.3,2.2,0.9,0.0,2.6,6.6,4.4
9,3,15,91,2.1,7.1,.300,1.4,2.8,.500,0.7,4.2,.167,2.1,2.8,.750,2.1,3.5,1.4,0.0,4.2,10.6,7.1,,74.3,107.7
9,4,15,91,0.0,.420,.350,.600,.400,12,1.4,2.9,2.1,9.7,1.4,0.0,33.5,10.8,,-0.1,0.1,0.0,-.005,,-3.5,-1.1,-4.6
10,0,35,1087,204,428,.477,138,261,.529,66,167,.395,87,110,.791,57,183,240,49,48,33,50,93,561
10,1,35,31.1,5.8,12.2,.477,3.9,7.5,.529,1.9,4.8,.395,2.5,3.1,.791,6.9,1.4,1.4,0.9,1.4,2.7,16.0
10,2,35,1087,7.5,15.7,.477,5.1,9.6,.529,2.4,6.1,.395,3.2,4.0,.791,8.8,1.8,1.8,1.2,1.8,3.4,20.6
10,3,35,1087,12.0,25.3,.477,8.2,15.4,.529,3.9,9.9,.395,5.1,6.5,.791,14.2,2.9,2.8,1.9,3.0,5.5,33.1,,119.9,96.4
10,4,35,1087,27.5,.584,.554,.390,.257,499,6.5,21.9,14.0,10.9,2.8,3.3,9.4,26.7,,4.0,1.9,5.9,.217,,6.0,2.0,8.0
