0,0,24,382,31,79,.392,26,58,.448,5,21,.238,26,38,.684,20,22,42,10,8,10,29,31,93
0,1,24,15.9,1.3,3.3,.392,1.1,2.4,.448,0.2,0.9,.238,1.1,1.6,.684,1.8,0.4,0.3,0.4,1.2,1.3,3.9
0,2,24,382,3.2,8.3,.392,2.7,6.1,.448,0.5,2.2,.238,2.7,4.0,.684,4.4,1.0,0.8,1.0,3.0,3.2,9.7
0,3,24,382,4.6,11.7,.392,3.8,8.6,.448,0.7,3.1,.238,3.8,5.6,.684,6.2,1.5,1.2,1.5,4.3,4.6,13.7,,85.8,107.9
0,4,24,382,7.4,.479,.424,.266,.481,92,5.5,7.0,6.2,5.3,1.2,3.1,23.0,16.1,,-0.1,0.2,0.1,.015,,-5.4,-0.3,-5.7
1,0,30,235,21,66,.318,20,56,.357,1,10,.100,26,31,.839,6,18,24,0,4,3,28,34,69
1,1,30,7.8,0.7,2.2,.318,0.7,1.9,.357,0.0,0.3,.100,0.9,1.0,.839,0.8,0.0,0.1,0.1,0.9,1.1,2.3
1,2,30,235,3.6,11.2,.318,3.4,9.5,.357,0.2,1.7,.100,4.4,5.3,.839,4.1,0.0,0.7,0.5,4.8,5.8,11.7
1,3,30,235,5.0,15.9,.318,4.8,13.5,.357,0.2,2.4,.100,6.2,7.4,.839,5.8,0.0,1.0,0.7,6.7,8.2,16.6,,70.1,107.8
1,4,30,235,1.3,.427,.326,.152,.470,62,2.7,9.3,5.8,0.0,1.0,1.5,25.8,22.6,,-0.5,0.1,-0.3,-.054,,-11.7,-4.4,-16.1
2,0,30,323,22,56,.393,20,44,.455,2,12,.167,17,20,.850,18,23,41,18,23,6,12,37,63
2,1,30,10.8,0.7,1.9,.393,0.7,1.5,.455,0.1,0.4,.167,0.6,0.7,.850,1.4,0.6,0.8,0.2,0.4,1.2,2.1
2,2,30,323,2.7,6.9,.393,2.5,5.4,.455,0.2,1.5,.167,2.1,2.5,.850,5.1,2.2,2.8,0.7,1.5,4.6,7.8
2,3,30,323,3.8,9.8,.393,3.5,7.7,.455,0.3,2.1,.167,3.0,3.5,.850,7.2,3.1,4.0,1.0,2.1,6.5,11.0,,102.8,101.1
2,4,30,323,12.1,.481,.411,.214,.357,70,5.9,8.6,7.2,11.0,4.0,2.2,15.5,11.7,,0.3,0.4,0.7,.083,,-2.6,2.3,-0.2
3,0,31,831,90,242,.372,70,166,.422,20,76,.263,51,62,.823,22,50,72,68,41,3,47,91,251
3,1,31,26.8,2.9,7.8,.372,2.3,5.4,.422,0.6,2.5,.263,1.6,2.0,.823,2.3,2.2,1.3,0.1,1.5,2.9,8.1
3,2,31,831,4.3,11.6,.372,3.4,8.0,.422,1.0,3.7,.263,2.5,3.0,.823,3.5,3.3,2.0,0.1,2.3,4.4,12.1
3,3,31,831,6.1,16.4,.372,4.8,11.3,.422,1.4,5.2,.263,3.5,4.2,.823,4.9,4.6,2.8,0.2,3.2,6.2,17.1,,95.2,105.1
3,4,31,831,11.0,.462,.413,.314,.256,254,2.8,7.3,4.9,17.5,2.8,0.4,14.8,18.7,,0.5,0.7,1.2,.058,,-2.2,-0.8,-2.9
4,0,18,530,91,242,.376,57,139,.410,34,103,.330,35,47,.745,19,45,64,38,32,5,42,41,251
4,1,18,29.4,5.1,13.4,.376,3.2,7.7,.410,1.9,5.7,.330,1.9,2.6,.745,3.6,2.1,1.8,0.3,2.3,2.3,13.9
4,2,18,530,6.9,18.3,.376,4.3,10.5,.410,2.6,7.8,.330,2.6,3.5,.745,4.8,2.9,2.4,0.4,3.2,3.1,18.9
4,3,18,530,9.7,25.8,.376,6.1,14.8,.410,3.6,11.0,.330,3.7,5.0,.745,6.8,4.0,3.4,0.5,4.5,4.4,26.7,,93.8,102.4
4,4,18,530,16.2,.475,.446,.426,.194,232,3.8,10.3,6.8,17.7,3.4,1.1,13.7,28.3,,0.4,0.6,0.9,.072,,0.1,-0.8,-0.7
5,0,31,490,33,67,.493,33,67,.493,0,0,,10,21,.476,33,86,119,15,15,2,27,70,76
5,1,31,15.8,1.1,2.2,.493,1.1,2.2,.493,0.0,0.0,,0.3,0.7,.476,3.8,0.5,0.5,0.1,0.9,2.3,2.5
5,2,31,490,2.7,5.5,.493,2.7,5.5,.493,0.0,0.0,,0.8,1.7,.476,9.7,1.2,1.2,0.2,2.2,5.7,6.2
5,3,31,490,3.8,7.7,.493,3.8,7.7,.493,0.0,0.0,,1.2,2.4,.476,13.7,1.7,1.7,0.2,3.1,8.1,8.8,,88.8,101.6
5,4,31,490,7.9,.494,.493,.000,.313,84,7.1,21.3,13.7,6.0,1.7,0.5,26.0,10.4,,0.0,0.6,0.6,.048,,-5.6,0.6,-5.0
6,0,30,215,15,51,.294,9,22,.409,6,29,.207,10,13,.769,2,13,15,14,12,0,20,36,46
6,1,30,7.2,0.5,1.7,.294,0.3,0.7,.409,0.2,1.0,.207,0.3,0.4,.769,0.5,0.5,0.4,0.0,0.7,1.2,1.5
6,2,30,215,2.8,9.5,.294,1.7,4.1,.409,1.1,5.4,.207,1.9,2.4,.769,2.8,2.6,2.2,0.0,3.7,6.7,8.6
6,3,30,215,3.9,13.4,.294,2.4,5.8,.409,1.6,7.6,.207,2.6,3.4,.769,3.9,3.7,3.2,0.0,5.3,9.5,12.1,,71.7,104.2
6,4,30,215,3.0,.402,.353,.569,.255,47,1.0,7.3,3.9,12.8,3.2,0.0,25.9,17.6,,-0.3,0.2,-0.1,-.019,,-6.6,-1.4,-8.0
7,0,31,762,80,187,.428,61,125,.488,19,62,.306,55,80,.688,32,94,126,33,16,5,41,50,234
7,1,31,24.6,2.6,6.0,.428,2.0,4.0,.488,0.6,2.0,.306,1.8,2.6,.688,4.1,1.1,0.5,0.2,1.3,1.6,7.5
7,2,31,762,4.2,9.8,.428,3.2,6.6,.488,1.0,3.3,.306,2.9,4.2,.688,6.6,1.7,0.8,0.3,2.2,2.6,12.3
7,3,31,762,5.9,13.9,.428,4.5,9.3,.488,1.4,4.6,.306,4.1,5.9,.688,9.3,2.4,1.2,0.4,3.0,3.7,17.3,,101.0,105.7
7,4,31,762,12.3,.520,.479,.332,.428,223,4.4,15.0,9.3,9.2,1.2,0.8,15.4,17.1,,0.8,0.6,1.4,.072,,-2.3,-1.0,-3.3
8,0,31,977,126,369,.341,65,187,.348,61,182,.335,64,76,.842,11,52,63,112,57,0,79,55,377
8,1,31,31.5,4.1,11.9,.341,2.1,6.0,.348,2.0,5.9,.335,2.1,2.5,.842,2.0,3.6,1.8,0.0,2.5,1.8,12.2
8,2,31,977,5.2,15.1,.341,2.7,7.7,.348,2.5,7.5,.335,2.6,3.1,.842,2.6,4.6,2.3,0.0,3.2,2.3,15.4
8,3,31,977,7.3,21.3,.341,3.8,10.8,.348,3.5,10.5,.335,3.7,4.4,.842,3.6,6.5,3.3,0.0,4.6,3.2,21.8,,93.2,104.8
8,4,31,977,13.3,.465,.424,.493,.206,376,1.2,6.5,3.6,25.6,3.3,0.0,16.3,24.2,,0.5,0.9,1.4,.057,,-0.5,-2.0,-2.5
9,0,31,607,105,201,.522,105,201,.522,0,0,,51,72,.708,56,93,149,25,36,7,58,78,261
9,1,31,19.6,3.4,6.5,.522,3.4,6.5,.522,0.0,0.0,,1.6,2.3,.708,4.8,0.8,1.2,0.2,1.9,2.5,8.4
9,2,31,607,6.9,13.2,.522,6.9,13.2,.522,0.0,0.0,,3.4,4.7,.708,9.8,1.6,2.4,0.5,3.8,5.1,17.2
9,3,31,607,9.8,18.7,.522,9.8,18.7,.522,0.0,0.0,,4.7,6.7,.708,13.9,2.3,3.3,0.7,5.4,7.3,24.3,,99.4,98.8
9,4,31,607,18.9,.555,.522,.000,.358,247,9.7,18.6,13.9,10.2,3.3,1.4,19.8,23.6,,0.7,0.9,1.6,.108,,-2.0,0.9,-1.0
10,0,30,534,70,170,.412,70,170,.412,0,0,,51,100,.510,47,74,121,16,14,4,48,86,191
10,1,30,17.8,2.3,5.7,.412,2.3,5.7,.412,0.0,0.0,,1.7,3.3,.510,4.0,0.5,0.5,0.1,1.6,2.9,6.4
10,2,30,534,5.2,12.7,.412,5.2,12.7,.412,0.0,0.0,,3.8,7.5,.510,9.1,1.2,1.0,0.3,3.6,6.4,14.3
10,3,30,534,7.4,18.0,.412,7.4,18.0,.412,0.0,0.0,,5.4,10.6,.510,12.8,1.7,1.5,0.4,5.1,9.1,20.2,,84.6,103.7
10,4,30,534,9.7,.439,.412,.000,.588,189,9.3,16.8,12.8,6.7,1.5,0.9,18.1,24.3,,-0.2,0.5,0.3,.021,,-6.8,-1.8,-8.6
11,0,28,314,31,70,.443,10,20,.500,21,50,.420,14,21,.667,3,21,24,28,15,1,19,22,97
11,1,28,11.2,1.1,2.5,.443,0.4,0.7,.500,0.8,1.8,.420,0.5,0.8,.667,0.9,1.0,0.5,0.0,0.7,0.8,3.5
11,2,28,314,3.9,8.9,.443,1.3,2.5,.500,2.7,6.4,.420,1.8,2.7,.667,3.1,3.6,1.9,0.1,2.4,2.8,12.4
11,3,28,314,5.6,12.6,.443,1.8,3.6,.500,3.8,9.0,.420,2.5,3.8,.667,4.3,5.0,2.7,0.2,3.4,4.0,17.4,,109.6,105.2
11,4,28,314,14.0,.606,.593,.714,.300,92,1.0,8.1,4.3,18.7,2.7,0.4,19.2,15.4,,0.5,0.3,0.8,.097,,0.0,-2.0,-2.0
