0,0,13,312,40,120,.333,28,66,.424,12,54,.222,20,25,.800,7,18,25,16,13,0,18,21,112
0,1,13,24.0,3.1,9.2,.333,2.2,5.1,.424,0.9,4.2,.222,1.5,1.9,.800,1.9,1.2,1.0,0.0,1.4,1.6,8.6
0,2,13,312,5.1,15.4,.333,3.6,8.5,.424,1.5,6.9,.222,2.6,3.2,.800,3.2,2.1,1.7,0.0,2.3,2.7,14.4
0,3,13,312,8.0,24.1,.333,5.6,13.2,.424,2.4,10.8,.222,4.0,5.0,.800,5.0,3.2,2.6,0.0,3.6,4.2,22.5,,87.9,104.9
0,4,13,312,10.2,.425,.383,.450,.208,103,2.6,6.7,4.7,13.2,2.6,0.0,12.0,25.8,,-0.1,0.3,0.2,.032,,-2.9,-2.7,-5.6
1,0,12,140,18,48,.375,7,22,.318,11,26,.423,15,22,.682,4,12,16,2,6,1,15,14,62
1,1,12,11.7,1.5,4.0,.375,0.6,1.8,.318,0.9,2.2,.423,1.3,1.8,.682,1.3,0.2,0.5,0.1,1.3,1.2,5.2
1,2,12,140,5.1,13.7,.375,2.0,6.3,.318,3.1,7.4,.423,4.3,6.3,.682,4.6,0.6,1.7,0.3,4.3,4.0,17.7
1,3,12,140,8.0,21.5,.375,3.1,9.8,.318,4.9,11.6,.423,6.7,9.8,.682,7.2,0.9,2.7,0.4,6.7,6.3,27.7,,89.5,102.5
1,4,12,140,12.3,.530,.490,.542,.458,52,3.4,10.0,6.7,3.7,2.7,0.9,20.4,28.2,,0.0,0.2,0.2,.049,,-3.4,-3.3,-6.7
2,0,14,396,28,74,.378,12,34,.353,16,40,.400,19,28,.679,7,42,49,47,19,4,23,24,91
2,1,14,28.3,2.0,5.3,.378,0.9,2.4,.353,1.1,2.9,.400,1.4,2.0,.679,3.5,3.4,1.4,0.3,1.6,1.7,6.5
2,2,14,396,2.8,7.5,.378,1.2,3.4,.353,1.6,4.0,.400,1.9,2.8,.679,4.9,4.7,1.9,0.4,2.3,2.4,9.2
2,3,14,396,4.4,11.7,.378,1.9,5.4,.353,2.5,6.3,.400,3.0,4.4,.679,7.7,7.4,3.0,0.6,3.6,3.8,14.4,,103.6,100.6
2,4,14,396,14.1,.521,.486,.541,.378,102,2.1,12.3,7.2,26.5,3.0,1.3,20.9,15.0,,0.4,0.5,1.0,.098,,-0.5,0.6,0.1
3,0,30,481,32,85,.376,27,61,.443,5,24,.208,19,31,.613,17,36,53,17,13,4,40,61,88
3,1,30,16.0,1.1,2.8,.376,0.9,2.0,.443,0.2,0.8,.208,0.6,1.0,.613,1.8,0.6,0.4,0.1,1.3,2.0,2.9
3,2,30,481,2.7,7.1,.376,2.2,5.1,.443,0.4,2.0,.208,1.6,2.6,.613,4.4,1.4,1.1,0.3,3.3,5.1,7.3
3,3,30,481,4.2,11.1,.376,3.5,7.9,.443,0.7,3.1,.208,2.5,4.0,.613,6.9,2.2,1.7,0.5,5.2,7.9,11.4,,74.3,105.1
3,4,30,481,3.6,.441,.406,.282,.365,89,4.1,8.7,6.4,7.8,1.7,1.1,28.6,15.6,,-0.6,0.5,-0.1,-.008,,-6.6,-0.3,-6.9
4,0,30,1043,56,142,.394,33,64,.516,23,78,.295,25,47,.532,17,70,87,119,38,0,49,52,160
4,1,30,34.8,1.9,4.7,.394,1.1,2.1,.516,0.8,2.6,.295,0.8,1.6,.532,2.9,4.0,1.3,0.0,1.6,1.7,5.3
4,2,30,1043,2.1,5.4,.394,1.3,2.5,.516,0.9,3.0,.295,1.0,1.8,.532,3.3,4.6,1.5,0.0,1.9,2.0,6.1
4,3,30,1043,3.4,8.5,.394,2.0,3.8,.516,1.4,4.7,.295,1.5,2.8,.532,5.2,7.1,2.3,0.0,2.9,3.1,9.6,,100.0,105.2
4,4,30,1043,9.8,.487,.475,.549,.331,199,1.9,7.8,4.9,24.6,2.3,0.0,23.0,11.0,,0.6,1.0,1.6,.062,,-1.5,-0.6,-2.1
5,0,29,738,100,232,.431,61,127,.480,39,105,.371,55,78,.705,30,78,108,42,22,7,51,39,294
5,1,29,25.4,3.4,8.0,.431,2.1,4.4,.480,1.3,3.6,.371,1.9,2.7,.705,3.7,1.4,0.8,0.2,1.8,1.3,10.1
5,2,29,738,5.4,12.6,.431,3.3,6.9,.480,2.1,5.7,.371,3.0,4.2,.705,5.9,2.3,1.2,0.4,2.8,2.1,15.9
5,3,29,738,8.5,19.7,.431,5.2,10.8,.480,3.3,8.9,.371,4.7,6.6,.705,9.2,3.6,1.9,0.6,4.3,3.3,24.9,,103.2,103.3
5,4,29,738,16.9,.546,.515,.453,.336,268,4.8,12.3,8.6,14.9,1.9,1.2,15.9,23.3,,1.1,0.8,1.9,.104,,1.0,-1.0,0.0
6,0,6,51,3,14,.214,3,8,.375,0,6,.000,1,2,.500,1,4,5,1,1,0,3,1,7
6,1,6,8.5,0.5,2.3,.214,0.5,1.3,.375,0.0,1.0,.000,0.2,0.3,.500,0.8,0.2,0.2,0.0,0.5,0.2,1.2
6,2,6,51,2.4,11.0,.214,2.4,6.3,.375,0.0,4.7,.000,0.8,1.6,.500,3.9,0.8,0.8,0.0,2.4,0.8,5.5
6,3,6,51,3.7,17.2,.214,3.7,9.8,.375,0.0,7.4,.000,1.2,2.5,.500,6.1,1.2,1.2,0.0,3.7,1.2,8.6,,49.8,107.1
6,4,6,51,-2.4,.234,.214,.429,.143,7,2.3,9.1,5.7,4.3,1.2,0.0,16.7,18.9,,-0.2,0.0,-0.1,-.103,,-11.2,-3.1,-14.3
7,0,30,639,64,171,.374,32,58,.552,32,113,.283,26,43,.605,20,74,94,30,16,10,27,77,186
7,1,30,21.3,2.1,5.7,.374,1.1,1.9,.552,1.1,3.8,.283,0.9,1.4,.605,3.1,1.0,0.5,0.3,0.9,2.6,6.2
7,2,30,639,4.0,10.7,.374,2.0,3.6,.552,2.0,7.1,.283,1.6,2.7,.605,5.9,1.9,1.0,0.6,1.7,4.8,11.6
7,3,30,639,6.3,16.7,.374,3.1,5.7,.552,3.1,11.1,.283,2.5,4.2,.605,9.2,2.9,1.6,1.0,2.6,7.5,18.2,,98.8,102.6
7,4,30,639,11.4,.486,.468,.661,.251,173,3.7,13.5,8.6,11.2,1.6,2.0,12.4,18.4,,0.5,0.8,1.3,.079,,-0.9,-0.6,-1.5
8,0,18,515,51,131,.389,18,57,.316,33,74,.446,25,28,.893,13,22,35,41,14,0,19,31,160
8,1,18,28.6,2.8,7.3,.389,1.0,3.2,.316,1.8,4.1,.446,1.4,1.6,.893,1.9,2.3,0.8,0.0,1.1,1.7,8.9
8,2,18,515,4.0,10.2,.389,1.4,4.4,.316,2.6,5.7,.446,1.9,2.2,.893,2.7,3.2,1.1,0.0,1.5,2.4,12.4
8,3,18,515,6.2,15.9,.389,2.2,6.9,.316,4.0,9.0,.446,3.0,3.4,.893,4.3,5.0,1.7,0.0,2.3,3.8,19.4,,115.1,107.8
8,4,18,515,14.3,.554,.515,.565,.214,154,3.0,5.0,4.0,19.0,1.7,0.0,11.6,17.0,,1.0,0.4,1.4,.109,,1.7,-2.6,-0.9
9,0,30,490,66,126,.524,66,126,.524,0,0,,29,53,.547,48,70,118,8,4,19,40,41,161
9,1,30,16.3,2.2,4.2,.524,2.2,4.2,.524,0.0,0.0,,1.0,1.8,.547,3.9,0.3,0.1,0.6,1.3,1.4,5.4
9,2,30,490,5.4,10.3,.524,5.4,10.3,.524,0.0,0.0,,2.4,4.3,.547,9.6,0.7,0.3,1.6,3.3,3.3,13.1
9,3,30,490,8.4,16.1,.524,8.4,16.1,.524,0.0,0.0,,3.7,6.8,.547,15.1,1.0,0.5,2.4,5.1,5.2,20.6,,93.9,102.4
9,4,30,490,14.7,.532,.524,.000,.421,151,11.5,16.6,14.1,4.3,0.5,4.9,20.9,21.0,,0.2,0.6,0.8,.066,,-4.9,-0.3,-5.1
10,0,30,709,102,222,.459,95,194,.490,7,28,.250,66,109,.606,48,129,177,35,33,12,86,95,277
10,1,30,23.6,3.4,7.4,.459,3.2,6.5,.490,0.2,0.9,.250,2.2,3.6,.606,5.9,1.2,1.1,0.4,2.9,3.2,9.2
10,2,30,709,5.8,12.5,.459,5.4,10.9,.490,0.4,1.6,.250,3.7,6.1,.606,10.0,2.0,1.9,0.7,4.9,5.4,15.6
10,3,30,709,9.0,19.6,.459,8.4,17.1,.490,0.6,2.5,.250,5.8,9.6,.606,15.6,3.1,2.9,1.1,7.6,8.4,24.5,,87.0,95.5
10,4,30,709,14.8,.506,.475,.126,.491,264,7.9,21.2,14.6,13.2,2.9,2.2,23.9,27.3,,-0.2,1.3,1.1,.062,,-4.2,1.5,-2.6
11,0,29,586,72,186,.387,72,186,.387,0,0,,76,122,.623,45,79,124,18,24,6,58,64,220
11,1,29,20.2,2.5,6.4,.387,2.5,6.4,.387,0.0,0.0,,2.6,4.2,.623,4.3,0.6,0.8,0.2,2.0,2.2,7.6
11,2,29,586,4.9,12.7,.387,4.9,12.7,.387,0.0,0.0,,5.2,8.3,.623,8.5,1.2,1.6,0.4,4.0,4.4,15.0
11,3,29,586,7.7,19.9,.387,7.7,19.9,.387,0.0,0.0,,8.1,13.0,.623,13.2,1.9,2.6,0.6,6.2,6.8,23.5,,85.7,99.6
11,4,29,586,12.4,.451,.387,.000,.656,214,9.0,15.7,12.4,7.8,2.6,1.3,19.2,27.7,,-0.3,0.9,0.6,.040,,-6.5,-0.7,-7.2
