0,0,32,1082,161,362,.445,110,225,.489,51,137,.372,132,169,.781,20,104,124,105,83,11,90,80,505
0,1,32,33.8,5.0,11.3,.445,3.4,7.0,.489,1.6,4.3,.372,4.1,5.3,.781,3.9,3.3,2.6,0.3,2.8,2.5,15.8
0,2,32,1082,6.0,13.4,.445,4.1,8.3,.489,1.9,5.1,.372,4.9,6.2,.781,4.6,3.9,3.1,0.4,3.3,3.0,18.7
0,3,32,1082,9.0,20.2,.445,6.1,12.6,.489,2.8,7.7,.372,7.4,9.4,.781,6.9,5.9,4.6,0.6,5.0,4.5,28.2,,108.1,90.6
0,4,32,1082,22.3,.571,.515,.378,.467,490,2.4,11.2,7.0,21.1,4.6,1.1,16.9,26.2,,2.6,2.5,5.1,.187,,3.0,2.6,5.6
1,0,27,161,15,44,.341,7,22,.318,8,22,.364,8,10,.800,0,8,8,9,4,1,6,13,46
1,1,27,6.0,0.6,1.6,.341,0.3,0.8,.318,0.3,0.8,.364,0.3,0.4,.800,0.3,0.3,0.1,0.0,0.2,0.5,1.7
1,2,27,161,3.7,10.9,.341,1.7,5.5,.318,2.0,5.5,.364,2.0,2.5,.800,2.0,2.2,1.0,0.2,1.5,3.2,11.4
1,3,27,161,5.6,16.5,.341,2.6,8.3,.318,3.0,8.3,.364,3.0,3.8,.800,3.0,3.4,1.5,0.4,2.3,4.9,17.3,,97.1,100.1
1,4,27,161,9.0,.472,.432,.500,.227,43,0.0,5.8,3.0,10.9,1.5,0.7,11.0,18.1,,0.1,0.2,0.3,.082,,-3.0,-2.2,-5.2
2,0,18,75,4,19,.211,2,10,.200,2,9,.222,3,6,.500,1,3,4,4,2,0,3,8,13
2,1,18,4.2,0.2,1.1,.211,0.1,0.6,.200,0.1,0.5,.222,0.2,0.3,.500,0.2,0.2,0.1,0.0,0.2,0.4,0.7
2,2,18,75,2.1,10.1,.211,1.1,5.3,.200,1.1,4.8,.222,1.6,3.2,.500,2.1,2.1,1.1,0.0,1.6,4.3,6.9
2,3,18,75,3.2,15.3,.211,1.6,8.1,.200,1.6,7.3,.222,2.4,4.8,.500,3.2,3.2,1.6,0.0,2.4,6.4,10.5,,69.2,100.6
2,4,18,75,0.8,.297,.263,.474,.316,14,1.7,4.7,3.2,9.6,1.6,0.0,12.1,17.7,,-0.1,0.1,0.0,-.011,,-7.1,-2.2,-9.3
3,0,20,98,12,30,.400,10,16,.625,2,14,.143,9,11,.818,8,11,19,2,3,1,7,17,35
3,1,20,4.9,0.6,1.5,.400,0.5,0.8,.625,0.1,0.7,.143,0.5,0.6,.818,1.0,0.1,0.2,0.1,0.4,0.9,1.8
3,2,20,98,4.9,12.2,.400,4.1,6.5,.625,0.8,5.7,.143,3.7,4.5,.818,7.8,0.8,1.2,0.4,2.9,6.9,14.3
3,3,20,98,7.4,18.5,.400,6.2,9.9,.625,1.2,8.6,.143,5.6,6.8,.818,11.7,1.2,1.9,0.6,4.3,10.5,21.6,,97.3,95.3
3,4,20,98,12.4,.497,.433,.467,.367,35,10.4,13.1,11.8,4.2,1.9,1.1,16.6,23.0,,0.1,0.2,0.3,.110,,-2.5,-1.9,-4.5
4,0,26,186,17,27,.630,17,27,.630,0,0,,14,21,.667,17,29,46,0,2,3,12,31,48
4,1,26,7.2,0.7,1.0,.630,0.7,1.0,.630,0.0,0.0,,0.5,0.8,.667,1.8,0.0,0.1,0.1,0.5,1.2,1.8
4,2,26,186,3.7,5.8,.630,3.7,5.8,.630,0.0,0.0,,3.0,4.5,.667,9.9,0.0,0.4,0.6,2.6,6.7,10.3
4,3,26,186,5.5,8.8,.630,5.5,8.8,.630,0.0,0.0,,4.6,6.8,.667,15.0,0.0,0.7,1.0,3.9,10.1,15.6,,109.7,95.4
4,4,26,186,12.1,.649,.630,.000,.778,48,11.6,18.1,15.0,0.0,0.7,1.7,24.5,14.0,,0.3,0.3,0.6,.132,,-4.1,-3.1,-7.2
5,0,32,1116,147,309,.476,98,198,.495,49,111,.441,92,135,.681,26,152,178,118,36,20,71,49,435
5,1,32,34.9,4.6,9.7,.476,3.1,6.2,.495,1.5,3.5,.441,2.9,4.2,.681,5.6,3.7,1.1,0.6,2.2,1.5,13.6
5,2,32,1116,5.3,11.1,.476,3.5,7.1,.495,1.8,4.0,.441,3.3,4.8,.681,6.4,4.2,1.3,0.7,2.5,1.8,15.6
5,3,32,1116,8.0,16.7,.476,5.3,10.7,.495,2.7,6.0,.441,5.0,7.3,.681,9.6,6.4,2.0,1.1,3.8,2.7,23.6,,113.0,94.1
5,4,32,1116,20.3,.583,.555,.359,.437,438,3.0,15.8,9.7,22.2,2.0,1.9,16.0,21.2,,2.8,2.2,4.9,.177,,2.6,2.1,4.7
6,0,12,172,27,49,.551,27,49,.551,0,0,,7,11,.636,20,14,34,6,0,4,16,25,61
6,1,12,14.3,2.3,4.1,.551,2.3,4.1,.551,0.0,0.0,,0.6,0.9,.636,2.8,0.5,0.0,0.3,1.3,2.1,5.1
6,2,12,172,6.3,11.4,.551,6.3,11.4,.551,0.0,0.0,,1.6,2.6,.636,7.9,1.4,0.0,0.9,3.7,5.8,14.2
6,3,12,172,9.5,17.2,.551,9.5,17.2,.551,0.0,0.0,,2.5,3.9,.636,12.0,2.1,0.0,1.4,5.6,8.8,21.4,,99.8,100.5
6,4,12,172,13.5,.562,.551,.000,.224,63,14.8,9.5,12.0,7.7,0.0,2.5,22.8,21.8,,0.2,0.2,0.4,.101,,-2.5,-0.9,-3.5
7,0,29,880,86,214,.402,48,127,.378,38,87,.437,54,76,.711,35,141,176,87,29,35,63,82,264
7,1,29,30.3,3.0,7.4,.402,1.7,4.4,.378,1.3,3.0,.437,1.9,2.6,.711,6.1,3.0,1.0,1.2,2.2,2.8,9.1
7,2,29,880,3.9,9.7,.402,2.2,5.8,.378,1.7,4.0,.437,2.5,3.5,.711,8.0,4.0,1.3,1.6,2.9,3.7,12.0
7,3,29,880,5.9,14.7,.402,3.3,8.7,.378,2.6,6.0,.437,3.7,5.2,.711,12.1,6.0,2.0,2.4,4.3,5.6,18.1,,102.5,91.3
7,4,29,880,16.3,.528,.491,.407,.355,288,5.1,18.6,12.2,19.4,2.0,4.3,20.1,19.0,,1.1,2.0,3.1,.140,,-0.2,4.1,4.0
8,0,32,942,113,214,.528,102,188,.543,11,26,.423,66,97,.680,55,93,148,43,33,19,46,99,303
8,1,32,29.4,3.5,6.7,.528,3.2,5.9,.543,0.3,0.8,.423,2.1,3.0,.680,4.6,1.3,1.0,0.6,1.4,3.1,9.5
8,2,32,942,4.8,9.1,.528,4.3,8.0,.543,0.5,1.1,.423,2.8,4.1,.680,6.3,1.8,1.4,0.8,2.0,4.2,12.9
8,3,32,942,7.3,13.7,.528,6.5,12.1,.543,0.7,1.7,.423,4.2,6.2,.680,9.5,2.8,2.1,1.2,3.0,6.4,19.4,,113.4,95.3
8,4,32,942,16.5,.583,.554,.121,.453,301,7.4,11.5,9.5,9.4,2.1,2.2,15.0,17.3,,1.9,1.7,3.7,.156,,0.6,2.2,2.8
9,0,32,500,44,106,.415,31,52,.596,13,54,.241,13,20,.650,7,34,41,23,16,1,29,57,114
9,1,32,15.6,1.4,3.3,.415,1.0,1.6,.596,0.4,1.7,.241,0.4,0.6,.650,1.3,0.7,0.5,0.0,0.9,1.8,3.6
9,2,32,500,3.5,8.5,.415,2.5,4.2,.596,1.0,4.3,.241,1.0,1.6,.650,3.3,1.8,1.3,0.1,2.3,4.6,9.1
9,3,32,500,5.3,12.8,.415,3.7,6.3,.596,1.6,6.5,.241,1.6,2.4,.650,5.0,2.8,1.9,0.1,3.5,6.9,13.8,,89.1,98.2
9,4,32,500,7.0,.494,.476,.509,.189,109,1.8,7.9,5.0,8.8,1.9,0.2,20.1,15.4,,0.0,0.8,0.8,.063,,-3.0,-0.2,-3.2
10,0,32,837,129,240,.538,119,221,.538,10,19,.526,80,102,.784,49,77,126,19,10,12,29,91,348
10,1,32,26.2,4.0,7.5,.538,3.7,6.9,.538,0.3,0.6,.526,2.5,3.2,.784,3.9,0.6,0.3,0.4,0.9,2.8,10.9
10,2,32,837,6.2,11.5,.538,5.7,10.6,.538,0.5,0.9,.526,3.8,4.9,.784,6.0,0.9,0.5,0.6,1.4,4.3,16.6
10,3,32,837,9.3,17.3,.538,8.6,16.0,.538,0.7,1.4,.526,5.8,7.4,.784,9.1,1.4,0.7,0.9,2.1,6.6,25.1,,121.9,99.0
10,4,32,837,18.7,.603,.558,.079,.425,317,7.4,10.7,9.1,5.0,0.7,1.5,9.1,20.2,,2.5,1.2,3.8,.181,,0.9,-1.0,-0.1
11,0,22,157,12,33,.364,7,15,.467,5,18,.278,4,5,.800,1,18,19,5,2,5,8,13,33
11,1,22,7.1,0.5,1.5,.364,0.3,0.7,.467,0.2,0.8,.278,0.2,0.2,.800,0.9,0.2,0.1,0.2,0.4,0.6,1.5
11,2,22,157,3.1,8.4,.364,1.8,3.8,.467,1.3,4.6,.278,1.0,1.3,.800,4.8,1.3,0.5,1.3,2.0,3.3,8.4
11,3,22,157,4.6,12.7,.364,2.7,5.8,.467,1.9,6.9,.278,1.5,1.9,.800,7.3,1.9,0.8,1.9,3.1,5.0,12.7,,84.9,96.9
11,4,22,157,6.9,.466,.439,.545,.152,30,0.8,13.3,7.4,6.0,0.8,3.4,18.4,14.7,,0.0,0.3,0.2,.057,,-5.0,0.7,-4.3
12,0,25,219,14,42,.333,8,15,.533,6,27,.222,0,9,.000,5,21,26,15,9,3,18,20,34
12,1,25,8.8,0.6,1.7,.333,0.3,0.6,.533,0.2,1.1,.222,0.0,0.4,.000,1.0,0.6,0.4,0.1,0.7,0.8,1.4
12,2,25,219,2.6,7.7,.333,1.5,2.7,.533,1.1,4.9,.222,0.0,1.6,.000,4.7,2.7,1.6,0.5,3.3,3.7,6.2
12,3,25,219,3.9,11.6,.333,2.2,4.1,.533,1.7,7.5,.222,0.0,2.5,.000,7.2,4.1,2.5,0.8,5.0,5.5,9.4,,68.0,95.1
12,4,25,219,4.1,.367,.405,.643,.214,39,2.9,11.2,7.2,12.6,2.5,1.5,28.0,15.7,,-0.4,0.4,0.0,.009,,-5.8,1.4,-4.3
