0,0,22,723,89,221,.403,68,141,.482,21,80,.263,94,123,.764,18,76,94,86,42,8,58,38,293
0,1,22,32.9,4.0,10.0,.403,3.1,6.4,.482,1.0,3.6,.263,4.3,5.6,.764,4.3,3.9,1.9,0.4,2.6,1.7,13.3
0,2,22,723,4.9,12.2,.403,3.8,7.8,.482,1.2,4.4,.263,5.2,6.8,.764,5.2,4.8,2.3,0.4,3.2,2.1,16.2
0,3,22,723,7.7,19.2,.403,5.9,12.2,.482,1.8,6.9,.263,8.2,10.7,.764,8.2,7.5,3.6,0.7,5.0,3.3,25.4,,104.7,98.9
0,4,22,723,20.6,.524,.450,.362,.557,314,3.4,12.6,8.3,25.9,3.6,1.2,17.2,26.1,,1.5,1.0,2.5,.141,,1.4,0.9,2.3
1,0,32,686,87,173,.503,63,112,.563,24,61,.393,44,57,.772,31,87,118,25,24,8,37,78,242
1,1,32,21.4,2.7,5.4,.503,2.0,3.5,.563,0.8,1.9,.393,1.4,1.8,.772,3.7,0.8,0.8,0.3,1.2,2.4,7.6
1,2,32,686,5.1,10.1,.503,3.7,6.5,.563,1.4,3.6,.393,2.6,3.3,.772,6.9,1.5,1.4,0.5,2.2,4.5,14.1
1,3,32,686,8.0,15.8,.503,5.8,10.2,.563,2.2,5.6,.393,4.0,5.2,.772,10.8,2.3,2.2,0.7,3.4,7.1,22.1,,112.4,100.6
1,4,32,686,17.4,.605,.572,.353,.329,228,6.2,15.3,11.0,8.0,2.2,1.3,15.6,19.3,,1.5,0.9,2.4,.138,,0.9,-0.4,0.5
2,0,31,663,65,176,.369,44,109,.404,21,67,.313,54,68,.794,7,53,60,57,24,3,36,61,205
2,1,31,21.4,2.1,5.7,.369,1.4,3.5,.404,0.7,2.2,.313,1.7,2.2,.794,1.9,1.8,0.8,0.1,1.2,2.0,6.6
2,2,31,663,3.9,10.6,.369,2.7,6.6,.404,1.3,4.0,.313,3.3,4.1,.794,3.6,3.4,1.4,0.2,2.2,3.7,12.4
2,3,31,663,6.1,16.7,.369,4.2,10.3,.404,2.0,6.3,.313,5.1,6.4,.794,5.7,5.4,2.3,0.3,3.4,5.8,19.4,,100.3,103.4
2,4,31,663,12.8,.492,.429,.381,.386,212,1.4,9.6,5.8,17.8,2.3,0.5,14.7,20.6,,0.8,0.7,1.4,.087,,-1.5,-1.4,-2.9
3,0,12,11,0,3,.000,0,1,.000,0,2,.000,0,0,,0,3,3,0,1,0,3,1,0
3,1,12,0.9,0.0,0.3,.000,0.0,0.1,.000,0.0,0.2,.000,0.0,0.0,,0.3,0.0,0.1,0.0,0.3,0.1,0.0
3,2,12,11,0.0,10.9,.000,0.0,3.6,.000,0.0,7.3,.000,0.0,0.0,,10.9,0.0,3.6,0.0,10.9,3.6,0.0
3,3,12,11,0.0,17.1,.000,0.0,5.7,.000,0.0,11.4,.000,0.0,0.0,,17.1,0.0,5.7,0.0,17.1,5.7,0.0,,0.0,86.1
3,4,12,11,-20.8,.000,.000,.667,.000,0,0.0,32.8,17.4,0.0,5.7,0.0,50.0,30.5,,-0.1,0.0,-0.1,-.408,,-29.3,-1.6,-30.8
4,0,30,808,73,160,.456,32,62,.516,41,98,.418,59,67,.881,11,86,97,40,22,2,29,38,246
4,1,30,26.9,2.4,5.3,.456,1.1,2.1,.516,1.4,3.3,.418,2.0,2.2,.881,3.2,1.3,0.7,0.1,1.0,1.3,8.2
4,2,30,808,3.6,7.9,.456,1.6,3.1,.516,2.0,4.9,.418,2.9,3.3,.881,4.8,2.0,1.1,0.1,1.4,1.9,12.2
4,3,30,808,5.7,12.4,.456,2.5,4.8,.516,3.2,7.6,.418,4.6,5.2,.881,7.5,3.1,1.7,0.2,2.3,2.9,19.1,,123.0,103.6
4,4,30,808,16.2,.641,.584,.613,.419,230,1.9,12.8,7.7,10.1,1.7,0.3,13.1,15.3,,2.0,0.8,2.8,.138,,2.5,-0.9,1.6
5,0,29,339,30,71,.423,19,43,.442,11,28,.393,5,9,.556,12,44,56,12,9,1,20,29,76
5,1,29,11.7,1.0,2.4,.423,0.7,1.5,.442,0.4,1.0,.393,0.2,0.3,.556,1.9,0.4,0.3,0.0,0.7,1.0,2.6
5,2,29,339,3.5,8.4,.423,2.2,5.1,.442,1.3,3.3,.393,0.6,1.1,.556,6.6,1.4,1.1,0.1,2.4,3.4,9.0
5,3,29,339,5.6,13.1,.423,3.5,8.0,.442,2.0,5.2,.393,0.9,1.7,.556,10.4,2.2,1.7,0.2,3.7,5.4,14.1,,90.9,102.3
5,4,29,339,9.2,.505,.500,.394,.127,76,4.8,15.6,10.6,7.2,1.7,0.3,21.0,15.7,,0.1,0.4,0.4,.052,,-3.4,-1.0,-4.3
6,0,29,458,40,73,.548,40,73,.548,0,0,,15,31,.484,20,42,62,8,8,16,20,46,95
6,1,29,15.8,1.4,2.5,.548,1.4,2.5,.548,0.0,0.0,,0.5,1.1,.484,2.1,0.3,0.3,0.6,0.7,1.6,3.3
6,2,29,458,3.5,6.4,.548,3.5,6.4,.548,0.0,0.0,,1.3,2.7,.484,5.4,0.7,0.7,1.4,1.7,4.0,8.3
6,3,29,458,5.5,10.0,.548,5.5,10.0,.548,0.0,0.0,,2.1,4.2,.484,8.5,1.1,1.1,2.2,2.7,6.3,13.0,,99.3,103.6
6,4,29,458,10.1,.541,.548,.000,.425,94,5.9,11.0,8.6,3.5,1.1,3.8,18.6,13.1,,0.3,0.5,0.8,.067,,-3.5,0.7,-2.8
7,0,32,1119,157,318,.494,119,211,.564,38,107,.355,103,145,.710,36,152,188,129,29,21,93,79,455
7,1,32,35.0,4.9,9.9,.494,3.7,6.6,.564,1.2,3.3,.355,3.2,4.5,.710,5.9,4.0,0.9,0.7,2.9,2.5,14.2
7,2,32,1119,5.6,11.4,.494,4.3,7.5,.564,1.4,3.8,.355,3.7,5.2,.710,6.7,4.6,1.0,0.8,3.3,2.8,16.3
7,3,32,1119,8.8,17.8,.494,6.7,11.8,.564,2.1,6.0,.355,5.8,8.1,.710,10.5,7.2,1.6,1.2,5.2,4.4,25.5,,110.5,101.2
7,4,32,1119,20.9,.588,.553,.336,.456,480,4.4,16.3,10.7,26.1,1.6,2.0,19.4,24.0,,2.9,1.4,4.3,.154,,2.6,0.7,3.3
8,0,28,229,19,40,.475,19,40,.475,0,0,,19,24,.792,18,23,41,2,3,21,8,35,57
8,1,28,8.2,0.7,1.4,.475,0.7,1.4,.475,0.0,0.0,,0.7,0.9,.792,1.5,0.1,0.1,0.8,0.3,1.3,2.0
8,2,28,229,3.3,7.0,.475,3.3,7.0,.475,0.0,0.0,,3.3,4.2,.792,7.2,0.3,0.5,3.7,1.4,6.1,10.0
8,3,28,229,5.2,11.0,.475,5.2,11.0,.475,0.0,0.0,,5.2,6.6,.792,11.2,0.5,0.8,5.8,2.2,9.6,15.6,,114.8,100.1
8,4,28,229,15.3,.554,.475,.000,.600,61,10.7,12.1,11.4,1.7,0.8,9.9,13.5,14.5,,0.4,0.3,0.7,.128,,-3.0,2.4,-0.6
9,0,24,757,129,253,.510,107,198,.540,22,55,.400,76,93,.817,32,62,94,19,11,5,44,72,356
9,1,24,31.5,5.4,10.5,.510,4.5,8.3,.540,0.9,2.3,.400,3.2,3.9,.817,3.9,0.8,0.5,0.2,1.8,3.0,14.8
9,2,24,757,6.8,13.4,.510,5.7,10.5,.540,1.2,2.9,.400,4.0,4.9,.817,5.0,1.0,0.6,0.3,2.3,3.8,18.8
9,3,24,757,10.7,21.0,.510,8.9,16.4,.540,1.8,4.6,.400,6.3,7.7,.817,7.8,1.6,0.9,0.4,3.6,6.0,29.5,,112.7,106.2
9,4,24,757,19.2,.599,.553,.217,.368,317,5.8,9.9,7.9,6.1,0.9,0.7,12.9,25.2,,2.1,0.6,2.7,.140,,0.8,-3.2,-2.4
10,0,32,659,62,127,.488,22,41,.537,40,86,.465,27,30,.900,14,67,81,27,14,14,31,60,191
10,1,32,20.6,1.9,4.0,.488,0.7,1.3,.537,1.3,2.7,.465,0.8,0.9,.900,2.5,0.8,0.4,0.4,1.0,1.9,6.0
10,2,32,659,3.8,7.7,.488,1.3,2.5,.537,2.4,5.2,.465,1.6,1.8,.900,4.9,1.6,0.8,0.8,1.9,3.6,11.6
10,3,32,659,5.9,12.1,.488,2.1,3.9,.537,3.8,8.2,.465,2.6,2.9,.900,7.7,2.6,1.3,1.3,3.0,5.7,18.2,,118.1,103.4
10,4,32,659,14.6,.676,.646,.677,.236,173,2.9,12.2,7.9,8.4,1.3,2.3,18.0,14.6,,1.3,0.7,2.0,.122,,1.8,-0.3,1.4
11,0,20,60,8,16,.500,8,15,.533,0,1,.000,3,4,.750,3,8,11,0,0,1,5,5,19
11,1,20,3.0,0.4,0.8,.500,0.4,0.8,.533,0.0,0.1,.000,0.2,0.2,.750,0.6,0.0,0.0,0.1,0.3,0.3,1.0
11,2,20,60,5.3,10.7,.500,5.3,10.0,.533,0.0,0.7,.000,2.0,2.7,.750,7.3,0.0,0.0,0.7,3.3,3.3,12.7
11,3,20,60,8.4,16.7,.500,8.4,15.7,.533,0.0,1.0,.000,3.1,4.2,.750,11.5,0.0,0.0,1.0,5.2,5.2,19.9,,88.4,105.0
11,4,20,60,10.0,.531,.500,.063,.250,17,6.8,16.0,11.7,0.0,0.0,1.8,21.8,21.3,,0.0,0.1,0.0,.033,,-8.4,-6.0,-14.4
12,0,8,13,1,4,.250,0,0,,1,4,.250,0,0,,0,0,0,0,0,0,0,1,3
12,1,8,1.6,0.1,0.5,.250,0.0,0.0,,0.1,0.5,.250,0.0,0.0,,0.0,0.0,0.0,0.0,0.0,0.1,0.4
12,2,8,13,3.1,12.3,.250,0.0,0.0,,3.1,12.3,.250,0.0,0.0,,0.0,0.0,0.0,0.0,0.0,3.1,9.2
12,3,8,13,4.8,19.3,.250,0.0,0.0,,4.8,19.3,.250,0.0,0.0,,0.0,0.0,0.0,0.0,0.0,4.8,14.5,,82.2,112.9
12,4,8,13,1.6,.375,.375,1.000,.000,2,0.0,0.0,0.0,0.0,0.0,0.0,0.0,17.2,,0.0,0.0,0.0,-.014,,-3.4,-6.9,-10.3
