0,0,28,472,38,107,.355,27,80,.338,11,27,.407,28,32,.875,18,39,57,20,7,2,30,54,115
0,1,28,16.9,1.4,3.8,.355,1.0,2.9,.338,0.4,1.0,.407,1.0,1.1,.875,2.0,0.7,0.3,0.1,1.1,1.9,4.1
0,2,28,472,3.2,9.1,.355,2.3,6.8,.338,0.9,2.3,.407,2.4,2.7,.875,4.8,1.7,0.6,0.2,2.5,4.6,9.7
0,3,28,472,4.9,13.7,.355,3.4,10.2,.338,1.4,3.4,.407,3.6,4.1,.875,7.3,2.6,0.9,0.3,3.8,6.9,14.7,,90.4,112.3
0,4,28,472,6.8,.471,.407,.252,.299,116,4.2,10.3,7.1,9.0,0.9,0.5,19.7,16.8,,0.0,0.1,0.2,.014,,-5.4,-2.5,-7.9
1,0,30,464,26,51,.510,26,51,.510,0,0,,9,19,.474,37,63,100,7,2,3,24,67,61
1,1,30,15.5,0.9,1.7,.510,0.9,1.7,.510,0.0,0.0,,0.3,0.6,.474,3.3,0.2,0.1,0.1,0.8,2.2,2.0
1,2,30,464,2.2,4.4,.510,2.2,4.4,.510,0.0,0.0,,0.8,1.6,.474,8.6,0.6,0.2,0.3,2.1,5.8,5.3
1,3,30,464,3.4,6.6,.510,3.4,6.6,.510,0.0,0.0,,1.2,2.5,.474,13.0,0.9,0.3,0.4,3.1,8.7,7.9,,90.7,111.2
1,4,30,464,5.6,.508,.510,.000,.373,71,8.9,16.9,12.6,3.0,0.3,0.7,28.6,9.4,,0.0,0.2,0.2,.018,,-6.0,-1.7,-7.7
2,0,30,905,128,301,.425,78,183,.426,50,118,.424,86,113,.761,23,71,94,140,26,1,93,79,392
2,1,30,30.2,4.3,10.0,.425,2.6,6.1,.426,1.7,3.9,.424,2.9,3.8,.761,3.1,4.7,0.9,0.0,3.1,2.6,13.1
2,2,30,905,5.7,13.3,.425,3.4,8.1,.426,2.2,5.2,.424,3.8,5.0,.761,4.2,6.2,1.1,0.0,4.1,3.5,17.3
2,3,30,905,8.5,20.0,.425,5.2,12.2,.426,3.3,7.9,.424,5.7,7.5,.761,6.3,9.3,1.7,0.1,6.2,5.3,26.1,,105.4,111.0
2,4,30,905,17.5,.553,.508,.392,.375,417,2.8,9.8,6.1,37.7,1.7,0.1,20.8,25.8,,1.8,0.4,2.2,.097,,1.9,-3.3,-1.5
3,0,30,869,150,366,.410,91,215,.423,59,151,.391,71,98,.724,42,79,121,40,31,1,63,62,430
3,1,30,29.0,5.0,12.2,.410,3.0,7.2,.423,2.0,5.0,.391,2.4,3.3,.724,4.0,1.3,1.0,0.0,2.1,2.1,14.3
3,2,30,869,6.9,16.8,.410,4.2,9.9,.423,2.7,7.0,.391,3.3,4.5,.724,5.6,1.8,1.4,0.0,2.9,2.9,19.8
3,3,30,869,10.4,25.4,.410,6.3,14.9,.423,4.1,10.5,.391,4.9,6.8,.724,8.4,2.8,2.1,0.1,4.4,4.3,29.8,,101.7,109.6
3,4,30,869,17.6,.521,.490,.413,.268,390,5.4,11.3,8.2,12.1,2.1,0.1,13.2,28.5,,1.3,0.5,1.8,.084,,0.5,-3.3,-2.7
4,0,11,59,0,5,.000,0,5,.000,0,0,,0,0,,1,8,9,0,0,2,3,19,0
4,1,11,5.4,0.0,0.5,.000,0.0,0.5,.000,0.0,0.0,,0.0,0.0,,0.8,0.0,0.0,0.2,0.3,1.7,0.0
4,2,11,59,0.0,3.4,.000,0.0,3.4,.000,0.0,0.0,,0.0,0.0,,6.1,0.0,0.0,1.4,2.0,12.9,0.0
4,3,11,59,0.0,5.1,.000,0.0,5.1,.000,0.0,0.0,,0.0,0.0,,9.2,0.0,0.0,2.0,3.1,19.4,0.0,,7.4,109.2
4,4,11,59,-7.8,.000,.000,.000,.000,0,1.9,16.9,8.9,0.0,0.0,3.6,37.5,7.1,,-0.2,0.0,-0.1,-.084,,-14.1,-1.0,-15.1
5,0,24,284,21,63,.333,8,25,.320,13,38,.342,3,5,.600,1,21,22,21,9,2,30,41,58
5,1,24,11.8,0.9,2.6,.333,0.3,1.0,.320,0.5,1.6,.342,0.1,0.2,.600,0.9,0.9,0.4,0.1,1.3,1.7,2.4
5,2,24,284,3.0,8.9,.333,1.1,3.5,.320,1.8,5.4,.342,0.4,0.7,.600,3.1,3.0,1.3,0.3,4.2,5.8,8.2
5,3,24,284,4.5,13.4,.333,1.7,5.3,.320,2.8,8.1,.342,0.6,1.1,.600,4.7,4.5,1.9,0.4,6.4,8.7,12.3,,71.6,110.1
5,4,24,284,2.3,.444,.437,.603,.079,59,0.4,9.2,4.5,15.5,1.9,0.8,31.5,17.5,,-0.4,0.1,-0.3,-.042,,-7.3,-2.3,-9.6
6,0,30,510,50,123,.407,49,112,.438,1,11,.091,28,41,.683,34,33,67,25,14,7,24,58,129
6,1,30,17.0,1.7,4.1,.407,1.6,3.7,.438,0.0,0.4,.091,0.9,1.4,.683,2.2,0.8,0.5,0.2,0.8,1.9,4.3
6,2,30,510,3.9,9.6,.407,3.8,8.8,.438,0.1,0.9,.091,2.2,3.2,.683,5.3,2.0,1.1,0.5,1.9,4.5,10.1
6,3,30,510,5.9,14.5,.407,5.8,13.2,.438,0.1,1.3,.091,3.3,4.8,.683,7.9,3.0,1.7,0.8,2.8,6.9,15.2,,96.6,110.8
6,4,30,510,10.3,.453,.411,.089,.333,138,7.4,8.0,7.7,10.8,1.7,1.5,14.4,17.0,,0.3,0.2,0.5,.040,,-4.1,-1.2,-5.3
7,0,25,600,82,212,.387,32,66,.485,50,146,.342,31,35,.886,8,46,54,11,7,1,36,30,245
7,1,25,24.0,3.3,8.5,.387,1.3,2.6,.485,2.0,5.8,.342,1.2,1.4,.886,2.2,0.4,0.3,0.0,1.4,1.2,9.8
7,2,25,600,5.5,14.1,.387,2.1,4.4,.485,3.3,9.7,.342,2.1,2.3,.886,3.6,0.7,0.5,0.1,2.4,2.0,16.3
7,3,25,600,8.2,21.3,.387,3.2,6.6,.485,5.0,14.7,.342,3.1,3.5,.886,5.4,1.1,0.7,0.1,3.6,3.0,24.6,,99.0,113.5
7,4,25,600,11.7,.536,.505,.689,.165,204,1.5,9.5,5.3,4.4,0.7,0.2,13.6,23.0,,0.6,0.1,0.7,.045,,-1.4,-5.1,-6.5
8,0,30,831,63,202,.312,35,97,.361,28,105,.267,31,44,.705,52,159,211,61,23,50,51,79,185
8,1,30,27.7,2.1,6.7,.312,1.2,3.2,.361,0.9,3.5,.267,1.0,1.5,.705,7.0,2.0,0.8,1.7,1.7,2.6,6.2
8,2,30,831,3.0,9.7,.312,1.7,4.7,.361,1.3,5.1,.267,1.5,2.1,.705,10.2,2.9,1.1,2.4,2.5,3.8,8.9
8,3,30,831,4.6,14.6,.312,2.5,7.0,.361,2.0,7.6,.267,2.2,3.2,.705,15.3,4.4,1.7,3.6,3.7,5.7,13.4,,89.4,102.6
8,4,30,831,12.7,.415,.381,.520,.218,215,6.9,23.8,14.9,15.4,1.7,6.4,18.6,17.2,,0.0,1.0,1.0,.048,,-3.9,3.4,-0.5
9,0,1,0,0,0,,0,0,,0,0,,0,0,,0,0,0,0,0,0,0,0,0
9,1,1,0.0,0.0,0.0,,0.0,0.0,,0.0,0.0,,0.0,0.0,,0.0,0.0,0.0,0.0,0.0,0.0,0.0
9,2,1,0,,,,,,,,,,,,,,,,,,,
9,3,1,0,,,,,,,,,,,,,,,,,,,,,,
9,4,1,0,,,,,,,,,,,,,,,,0.0,0.0,0.0,,,-7.3,-1.2,-8.5
10,0,25,190,10,26,.385,10,26,.385,0,0,,3,6,.500,15,30,45,3,5,14,11,36,23
10,1,25,7.6,0.4,1.0,.385,0.4,1.0,.385,0.0,0.0,,0.1,0.2,.500,1.8,0.1,0.2,0.6,0.4,1.4,0.9
10,2,25,190,2.1,5.5,.385,2.1,5.5,.385,0.0,0.0,,0.6,1.3,.500,9.5,0.6,1.1,2.9,2.3,7.6,4.8
10,3,25,190,3.2,8.2,.385,3.2,8.2,.385,0.0,0.0,,1.0,1.9,.500,14.3,1.0,1.6,4.4,3.5,11.4,7.3,,77.4,102.9
10,4,25,190,7.5,.399,.385,.000,.231,28,8.8,19.6,13.9,3.2,1.6,7.9,27.6,10.9,,-0.1,0.2,0.1,.021,,-8.3,3.3,-5.0
11,0,30,794,93,205,.454,59,114,.518,34,91,.374,57,89,.640,41,97,138,20,8,8,38,97,277
11,1,30,26.5,3.1,6.8,.454,2.0,3.8,.518,1.1,3.0,.374,1.9,3.0,.640,4.6,0.7,0.3,0.3,1.3,3.2,9.2
11,2,30,794,4.7,10.3,.454,3.0,5.7,.518,1.7,4.6,.374,2.9,4.5,.640,7.0,1.0,0.4,0.4,1.9,4.9,14.0
11,3,30,794,7.1,15.6,.454,4.5,8.7,.518,2.6,6.9,.374,4.3,6.8,.640,10.5,1.5,0.6,0.6,2.9,7.4,21.0,,108.6,110.9
11,4,30,794,13.5,.560,.537,.444,.434,253,5.7,15.2,10.2,5.8,0.6,1.1,13.3,18.7,,1.3,0.4,1.6,.082,,-1.0,-2.8,-3.8
12,0,3,23,1,4,.250,1,4,.250,0,0,,0,0,,1,0,1,1,0,0,2,2,2
12,1,3,7.7,0.3,1.3,.250,0.3,1.3,.250,0.0,0.0,,0.0,0.0,,0.3,0.3,0.0,0.0,0.7,0.7,0.7
12,2,3,23,1.7,7.0,.250,1.7,7.0,.250,0.0,0.0,,0.0,0.0,,1.7,1.7,0.0,0.0,3.5,3.5,3.5
12,3,3,23,2.6,10.5,.250,2.6,10.5,.250,0.0,0.0,,0.0,0.0,,2.6,2.6,0.0,0.0,5.2,5.2,5.2,,51.0,118.1
12,4,3,23,-4.5,.250,.250,.000,.000,3,4.8,0.0,2.6,8.6,0.0,0.0,33.3,13.6,,-0.1,0.0,-0.1,-.116,,-11.4,-3.9,-15.3
