0,0,30,427,41,72,.569,41,71,.577,0,1,.000,13,35,.371,48,45,93,6,7,13,25,74,95
0,1,30,14.2,1.4,2.4,.569,1.4,2.4,.577,0.0,0.0,.000,0.4,1.2,.371,3.1,0.2,0.2,0.4,0.8,2.5,3.2
0,2,30,427,3.8,6.7,.569,3.8,6.7,.577,0.0,0.1,.000,1.2,3.3,.371,8.7,0.6,0.7,1.2,2.3,6.9,8.9
0,3,30,427,5.9,10.3,.569,5.9,10.1,.577,0.0,0.1,.000,1.9,5.0,.371,13.3,0.9,1.0,1.9,3.6,10.6,13.6,,99.5,105.5
0,4,30,427,10.9,.536,.569,.014,.486,102,12.4,12.7,12.5,2.9,1.0,3.3,22.0,13.8,,0.3,0.4,0.7,.065,,-3.6,-0.2,-3.9
1,0,31,541,58,109,.532,52,90,.578,6,19,.316,23,34,.676,41,61,102,14,9,7,21,58,145
1,1,31,17.5,1.9,3.5,.532,1.7,2.9,.578,0.2,0.6,.316,0.7,1.1,.676,3.3,0.5,0.3,0.2,0.7,1.9,4.7
1,2,31,541,4.3,8.1,.532,3.8,6.7,.578,0.4,1.4,.316,1.7,2.5,.676,7.5,1.0,0.7,0.5,1.6,4.3,10.7
1,3,31,541,6.5,12.3,.532,5.9,10.1,.578,0.7,2.1,.316,2.6,3.8,.676,11.5,1.6,1.0,0.8,2.4,6.5,16.3,,114.8,106.5
1,4,31,541,14.0,.579,.560,.174,.312,142,8.3,13.5,10.8,5.5,1.0,1.4,14.4,14.0,,0.9,0.4,1.4,.102,,-1.4,-1.0,-2.4
2,0,15,53,3,10,.300,0,1,.000,3,9,.333,0,1,.000,1,7,8,2,2,0,2,5,9
2,1,15,3.5,0.2,0.7,.300,0.0,0.1,.000,0.2,0.6,.333,0.0,0.1,.000,0.5,0.1,0.1,0.0,0.1,0.3,0.6
2,2,15,53,2.3,7.5,.300,0.0,0.8,.000,2.3,6.8,.333,0.0,0.8,.000,6.0,1.5,1.5,0.0,1.5,3.8,6.8
2,3,15,53,3.4,11.5,.300,0.0,1.1,.000,3.4,10.3,.333,0.0,1.1,.000,9.2,2.3,2.3,0.0,2.3,5.7,10.3,,87.0,103.4
2,4,15,53,6.7,.430,.450,.900,.100,9,2.1,15.9,8.7,7.3,2.3,0.0,16.0,12.2,,0.0,0.1,0.1,.039,,-3.8,-1.2,-5.0
3,0,27,204,23,67,.343,8,17,.471,15,50,.300,5,6,.833,10,30,40,3,4,7,6,34,66
3,1,27,7.6,0.9,2.5,.343,0.3,0.6,.471,0.6,1.9,.300,0.2,0.2,.833,1.5,0.1,0.1,0.3,0.2,1.3,2.4
3,2,27,204,4.5,13.1,.343,1.6,3.3,.471,2.9,9.8,.300,1.0,1.2,.833,7.8,0.6,0.8,1.4,1.2,6.7,12.9
3,3,27,204,6.9,20.0,.343,2.4,5.1,.471,4.5,14.9,.300,1.5,1.8,.833,12.0,0.9,1.2,2.1,1.8,10.2,19.7,,101.5,102.8
3,4,27,204,12.2,.472,.455,.746,.090,59,5.4,17.7,11.2,3.2,1.2,3.7,7.9,19.2,,0.2,0.2,0.4,.088,,-2.2,-2.3,-4.5
4,0,5,4,0,0,,0,0,,0,0,,0,0,,0,0,0,0,0,0,0,1,0
4,1,5,0.8,0.0,0.0,,0.0,0.0,,0.0,0.0,,0.0,0.0,,0.0,0.0,0.0,0.0,0.0,0.2,0.0
4,2,5,4,0.0,0.0,,0.0,0.0,,0.0,0.0,,0.0,0.0,,0.0,0.0,0.0,0.0,0.0,10.0,0.0
4,3,5,4,0.0,0.0,,0.0,0.0,,0.0,0.0,,0.0,0.0,,0.0,0.0,0.0,0.0,0.0,15.2,0.0,,,114.2
4,4,5,4,-4.5,,,,,0,0.0,0.0,0.0,0.0,0.0,0.0,,0.0,,0.0,0.0,0.0,.003,,-6.5,-0.6,-7.1
5,0,31,993,159,403,.395,112,248,.452,47,155,.303,95,154,.617,67,156,223,54,27,9,60,83,460
5,1,31,32.0,5.1,13.0,.395,3.6,8.0,.452,1.5,5.0,.303,3.1,5.0,.617,7.2,1.7,0.9,0.3,1.9,2.7,14.8
5,2,31,993,6.4,16.2,.395,4.5,10.0,.452,1.9,6.2,.303,3.8,6.2,.617,9.0,2.2,1.1,0.4,2.4,3.3,18.5
5,3,31,993,9.8,24.7,.395,6.9,15.2,.452,2.9,9.5,.303,5.8,9.5,.617,13.7,3.3,1.7,0.6,3.7,5.1,28.2,,102.1,103.1
5,4,31,993,18.7,.483,.453,.385,.382,442,7.4,18.9,12.9,13.1,1.7,1.0,11.2,27.9,,1.6,1.1,2.8,.111,,0.2,-1.4,-1.2
6,0,28,295,31,69,.449,31,68,.456,0,1,.000,13,25,.520,24,36,60,8,9,19,15,48,75
6,1,28,10.5,1.1,2.5,.449,1.1,2.4,.456,0.0,0.0,.000,0.5,0.9,.520,2.1,0.3,0.3,0.7,0.5,1.7,2.7
6,2,28,295,4.2,9.4,.449,4.2,9.2,.456,0.0,0.1,.000,1.8,3.4,.520,8.1,1.1,1.2,2.6,2.0,6.5,10.2
6,3,28,295,6.4,14.3,.449,6.4,14.0,.456,0.0,0.2,.000,2.7,5.2,.520,12.4,1.7,1.9,3.9,3.1,9.9,15.5,,95.3,101.0
6,4,28,295,13.0,.464,.449,.014,.362,77,8.9,14.7,11.7,5.8,1.9,6.9,15.6,16.8,,0.1,0.4,0.5,.073,,-5.0,2.6,-2.4
7,0,26,197,22,57,.386,11,29,.379,11,28,.393,12,17,.706,12,26,38,6,4,1,14,24,67
7,1,26,7.6,0.8,2.2,.386,0.4,1.1,.379,0.4,1.1,.393,0.5,0.7,.706,1.5,0.2,0.2,0.0,0.5,0.9,2.6
7,2,26,197,4.5,11.6,.386,2.2,5.9,.379,2.2,5.7,.393,2.4,3.5,.706,7.7,1.2,0.8,0.2,2.8,4.9,13.6
7,3,26,197,6.8,17.6,.386,3.4,9.0,.379,3.4,8.7,.393,3.7,5.3,.706,11.8,1.9,1.2,0.3,4.3,7.4,20.7,,97.8,105.3
7,4,26,197,12.1,.515,.482,.491,.298,63,6.7,15.8,11.1,6.6,1.2,0.5,17.7,20.8,,0.2,0.2,0.3,.070,,-2.9,-3.0,-5.9
8,0,31,815,76,204,.373,31,71,.437,45,133,.338,35,43,.814,19,54,73,31,17,0,38,39,232
8,1,31,26.3,2.5,6.6,.373,1.0,2.3,.437,1.5,4.3,.338,1.1,1.4,.814,2.4,1.0,0.5,0.0,1.2,1.3,7.5
8,2,31,815,3.7,10.0,.373,1.5,3.5,.437,2.2,6.5,.338,1.7,2.1,.814,3.6,1.5,0.8,0.0,1.9,1.9,11.4
8,3,31,815,5.7,15.3,.373,2.3,5.3,.437,3.4,9.9,.338,2.6,3.2,.814,5.5,2.3,1.3,0.0,2.8,2.9,17.4,,101.8,109.3
8,4,31,815,10.3,.517,.483,.652,.211,213,2.6,8.0,5.1,7.9,1.3,0.0,14.5,16.7,,0.8,0.4,1.2,.059,,-0.9,-2.3,-3.3
9,0,30,519,60,160,.375,23,65,.354,37,95,.389,15,31,.484,26,48,74,15,15,6,23,31,172
9,1,30,17.3,2.0,5.3,.375,0.8,2.2,.354,1.2,3.2,.389,0.5,1.0,.484,2.5,0.5,0.5,0.2,0.8,1.0,5.7
9,2,30,519,4.6,12.3,.375,1.8,5.0,.354,2.9,7.3,.389,1.2,2.4,.484,5.7,1.2,1.2,0.5,1.8,2.4,13.3
9,3,30,519,7.0,18.8,.375,2.7,7.6,.354,4.3,11.2,.389,1.8,3.6,.484,8.7,1.8,1.8,0.7,2.7,3.6,20.2,,100.4,106.2
9,4,30,519,13.1,.492,.491,.594,.194,157,5.5,11.1,8.2,6.3,1.8,1.2,11.6,19.7,,0.5,0.4,0.9,.073,,-1.0,-2.1,-3.1
10,0,31,987,150,349,.430,112,223,.502,38,126,.302,129,183,.705,35,93,128,88,43,9,72,75,467
10,1,31,31.8,4.8,11.3,.430,3.6,7.2,.502,1.2,4.1,.302,4.2,5.9,.705,4.1,2.8,1.4,0.3,2.3,2.4,15.1
10,2,31,987,6.1,14.1,.430,4.5,9.0,.502,1.5,5.1,.302,5.2,7.4,.705,5.2,3.6,1.7,0.4,2.9,3.0,18.9
10,3,31,987,9.3,21.6,.430,6.9,13.8,.502,2.3,7.8,.302,8.0,11.3,.705,7.9,5.4,2.7,0.6,4.4,4.6,28.8,,108.4,104.2
10,4,31,987,20.6,.536,.484,.361,.524,454,3.9,11.3,7.4,21.1,2.7,1.0,14.2,26.6,,2.4,1.0,3.4,.137,,2.5,-0.7,1.8
11,0,31,926,80,183,.437,57,128,.445,23,55,.418,62,98,.633,13,67,80,110,33,3,71,63,245
11,1,31,29.9,2.6,5.9,.437,1.8,4.1,.445,0.7,1.8,.418,2.0,3.2,.633,2.6,3.5,1.1,0.1,2.3,2.0,7.9
11,2,31,926,3.5,7.9,.437,2.5,5.5,.445,1.0,2.4,.418,2.7,4.2,.633,3.5,4.8,1.4,0.1,3.1,2.7,10.6
11,3,31,926,5.3,12.0,.437,3.8,8.4,.445,1.5,3.6,.418,4.1,6.5,.633,5.3,7.2,2.2,0.2,4.7,4.1,16.1,,100.5,106.7
11,4,31,926,12.3,.534,.500,.301,.536,269,1.5,8.7,5.0,24.3,2.2,0.3,23.6,16.8,,0.9,0.7,1.6,.070,,-1.7,-1.2,-2.9
12,0,29,264,13,47,.277,3,13,.231,10,34,.294,10,10,1.000,8,16,24,37,9,1,21,25,46
12,1,29,9.1,0.4,1.6,.277,0.1,0.4,.231,0.3,1.2,.294,0.3,0.3,1.000,0.8,1.3,0.3,0.0,0.7,0.9,1.6
12,2,29,264,2.0,7.1,.277,0.5,2.0,.231,1.5,5.2,.294,1.5,1.5,1.000,3.6,5.6,1.4,0.2,3.2,3.8,7.0
12,3,29,264,3.0,10.9,.277,0.7,3.0,.231,2.3,7.8,.294,2.3,2.3,1.000,5.5,8.5,2.1,0.2,4.8,5.8,10.6,,92.1,107.3
12,4,29,264,8.3,.444,.383,.723,.213,63,3.3,7.3,5.2,26.7,2.1,0.4,28.9,14.3,,0.1,0.2,0.2,.038,,-3.4,-2.5,-5.8
