0,0,30,747,74,195,.379,64,150,.427,10,45,.222,61,87,.701,9,52,61,77,31,1,49,56,219
0,1,30,24.9,2.5,6.5,.379,2.1,5.0,.427,0.3,1.5,.222,2.0,2.9,.701,2.0,2.6,1.0,0.0,1.6,1.9,7.3
0,2,30,747,4.0,10.4,.379,3.4,8.0,.427,0.5,2.4,.222,3.3,4.7,.701,3.3,4.1,1.7,0.1,2.6,3.0,11.7
0,3,30,747,6.0,15.8,.379,5.2,12.2,.427,0.8,3.7,.222,4.9,7.1,.701,4.9,6.2,2.5,0.1,4.0,4.5,17.8,,94.1,107.9
0,4,30,747,11.2,.463,.405,.231,.446,238,1.5,9.1,5.1,20.9,2.5,0.2,17.2,20.5,,0.1,0.7,0.9,.047,,-4.1,-1.2,-5.3
1,0,31,617,64,162,.395,46,100,.460,18,62,.290,57,67,.851,19,54,73,18,24,2,16,57,203
1,1,31,19.9,2.1,5.2,.395,1.5,3.2,.460,0.6,2.0,.290,1.8,2.2,.851,2.4,0.6,0.8,0.1,0.5,1.8,6.5
1,2,31,617,4.1,10.5,.395,3.0,6.5,.460,1.2,4.0,.290,3.7,4.3,.851,4.7,1.2,1.6,0.1,1.0,3.7,13.2
1,3,31,617,6.3,15.9,.395,4.5,9.8,.460,1.8,6.1,.290,5.6,6.6,.851,7.2,1.8,2.4,0.2,1.6,5.6,19.9,,111.5,107.3
1,4,31,617,14.1,.524,.451,.383,.414,194,3.7,11.5,7.4,6.0,2.4,0.4,7.6,18.2,,1.0,0.6,1.6,.104,,-1.5,-1.4,-2.9
2,0,25,146,9,19,.474,9,19,.474,0,0,,4,6,.667,14,19,33,4,1,0,6,22,22
2,1,25,5.8,0.4,0.8,.474,0.4,0.8,.474,0.0,0.0,,0.2,0.2,.667,1.3,0.2,0.0,0.0,0.2,0.9,0.9
2,2,25,146,2.5,5.2,.474,2.5,5.2,.474,0.0,0.0,,1.1,1.6,.667,9.0,1.1,0.3,0.0,1.6,6.0,6.0
2,3,25,146,3.7,7.9,.474,3.7,7.9,.474,0.0,0.0,,1.7,2.5,.667,13.7,1.7,0.4,0.0,2.5,9.1,9.1,,105.6,109.9
2,4,25,146,7.7,.503,.474,.000,.316,29,11.6,17.1,14.2,5.2,0.4,0.0,21.5,10.2,,0.1,0.1,0.2,.061,,-4.8,-1.6,-6.4
3,0,31,840,97,223,.435,54,107,.505,43,116,.371,54,68,.794,7,57,64,94,24,1,58,68,291
3,1,31,27.1,3.1,7.2,.435,1.7,3.5,.505,1.4,3.7,.371,1.7,2.2,.794,2.1,3.0,0.8,0.0,1.9,2.2,9.4
3,2,31,840,4.6,10.6,.435,2.6,5.1,.505,2.0,5.5,.371,2.6,3.2,.794,3.0,4.5,1.1,0.0,2.8,3.2,13.9
3,3,31,840,7.0,16.1,.435,3.9,7.7,.505,3.1,8.4,.371,3.9,4.9,.794,4.6,6.8,1.7,0.1,4.2,4.9,21.0,,107.5,109.7
3,4,31,840,14.2,.570,.531,.520,.305,300,1.0,8.9,4.8,23.5,1.7,0.1,18.5,20.0,,1.2,0.7,1.9,.091,,-0.1,-2.5,-2.6
4,0,24,545,64,147,.435,26,45,.578,38,102,.373,18,26,.692,17,46,63,24,20,5,30,43,184
4,1,24,22.7,2.7,6.1,.435,1.1,1.9,.578,1.6,4.3,.373,0.8,1.1,.692,2.6,1.0,0.8,0.2,1.3,1.8,7.7
4,2,24,545,4.7,10.8,.435,1.9,3.3,.578,2.8,7.5,.373,1.3,1.9,.692,4.6,1.8,1.5,0.4,2.2,3.2,13.5
4,3,24,545,7.1,16.3,.435,2.9,5.0,.578,4.2,11.3,.373,2.0,2.9,.692,7.0,2.7,2.2,0.6,3.3,4.8,20.5,,106.8,107.4
4,4,24,545,14.1,.577,.565,.694,.177,172,3.8,11.1,7.3,9.3,2.2,1.1,15.8,18.6,,0.7,0.6,1.2,.091,,0.1,-1.0,-0.8
5,0,31,796,130,274,.474,128,267,.479,2,7,.286,125,189,.661,52,61,113,18,22,7,56,73,387
5,1,31,25.7,4.2,8.8,.474,4.1,8.6,.479,0.1,0.2,.286,4.0,6.1,.661,3.6,0.6,0.7,0.2,1.8,2.4,12.5
5,2,31,796,6.5,13.8,.474,6.4,13.4,.479,0.1,0.4,.286,6.3,9.5,.661,5.7,0.9,1.1,0.4,2.8,3.7,19.4
5,3,31,796,9.9,20.9,.474,9.7,20.3,.479,0.2,0.5,.286,9.5,14.4,.661,8.6,1.4,1.7,0.5,4.3,5.6,29.5,,104.1,108.9
5,4,31,796,17.8,.532,.478,.026,.690,369,7.9,10.1,8.9,5.3,1.7,1.1,13.3,28.3,,1.2,0.7,1.9,.097,,-3.4,-2.8,-6.2
6,0,27,545,63,160,.394,47,108,.435,16,52,.308,26,44,.591,8,46,54,33,20,2,21,57,168
6,1,27,20.2,2.3,5.9,.394,1.7,4.0,.435,0.6,1.9,.308,1.0,1.6,.591,2.0,1.2,0.7,0.1,0.8,2.1,6.2
6,2,27,545,4.6,11.7,.394,3.4,7.9,.435,1.2,3.8,.308,1.9,3.2,.591,4.0,2.4,1.5,0.1,1.5,4.2,12.3
6,3,27,545,7.0,17.8,.394,5.2,12.0,.435,1.8,5.8,.308,2.9,4.9,.591,6.0,3.7,2.2,0.2,2.3,6.3,18.7,,96.7,107.6
6,4,27,545,11.0,.464,.444,.325,.275,164,1.8,11.1,6.2,12.7,2.2,0.5,10.4,19.9,,0.2,0.5,0.8,.057,,-3.6,-1.4,-5.0
7,0,30,815,107,213,.502,107,213,.502,0,0,,70,99,.707,42,158,200,30,23,12,54,77,284
7,1,30,27.2,3.6,7.1,.502,3.6,7.1,.502,0.0,0.0,,2.3,3.3,.707,6.7,1.0,0.8,0.4,1.8,2.6,9.5
7,2,30,815,5.3,10.5,.502,5.3,10.5,.502,0.0,0.0,,3.4,4.9,.707,9.8,1.5,1.1,0.6,2.7,3.8,13.9
7,3,30,815,8.0,15.8,.502,8.0,15.8,.502,0.0,0.0,,5.2,7.4,.707,14.9,2.2,1.7,0.9,4.0,5.7,21.1,,102.6,103.7
7,4,30,815,16.2,.546,.502,.000,.465,280,6.2,25.5,15.4,8.0,1.7,1.8,17.2,20.7,,0.8,1.1,1.9,.095,,-4.4,0.5,-3.9
8,0,30,415,62,137,.453,21,42,.500,41,95,.432,5,7,.714,6,32,38,6,14,1,16,17,170
8,1,30,13.8,2.1,4.6,.453,0.7,1.4,.500,1.4,3.2,.432,0.2,0.2,.714,1.3,0.2,0.5,0.0,0.5,0.6,5.7
8,2,30,415,6.0,13.2,.453,2.0,4.0,.500,4.0,9.2,.432,0.5,0.7,.714,3.7,0.6,1.3,0.1,1.5,1.6,16.4
8,3,30,415,9.1,20.0,.453,3.1,6.1,.500,6.0,13.9,.432,0.7,1.0,.714,5.5,0.9,2.0,0.1,2.3,2.5,24.8,,112.0,108.7
8,4,30,415,16.2,.606,.602,.693,.051,139,1.7,10.1,5.8,3.3,2.0,0.3,10.2,20.2,,0.7,0.4,1.1,.105,,0.4,-3.4,-3.0
9,0,25,430,39,72,.542,25,41,.610,14,31,.452,13,19,.684,30,81,111,19,13,18,30,45,105
9,1,25,17.2,1.6,2.9,.542,1.0,1.6,.610,0.6,1.2,.452,0.5,0.8,.684,4.4,0.8,0.5,0.7,1.2,1.8,4.2
9,2,25,430,3.6,6.7,.542,2.3,3.8,.610,1.3,2.9,.452,1.2,1.8,.684,10.3,1.8,1.2,1.7,2.8,4.2,9.8
9,3,25,430,5.5,10.1,.542,3.5,5.8,.610,2.0,4.4,.452,1.8,2.7,.684,15.6,2.7,1.8,2.5,4.2,6.3,14.8,,108.1,101.7
9,4,25,430,15.5,.648,.639,.431,.264,113,8.4,24.7,16.2,8.8,1.8,5.1,27.0,13.9,,0.5,0.7,1.1,.107,,-2.3,3.0,0.7
10,0,29,313,24,53,.453,21,41,.512,3,12,.250,19,24,.792,26,37,63,1,11,1,13,46,70
10,1,29,10.8,0.8,1.8,.453,0.7,1.4,.512,0.1,0.4,.250,0.7,0.8,.792,2.2,0.0,0.4,0.0,0.4,1.6,2.4
10,2,29,313,3.1,6.8,.453,2.7,5.2,.512,0.4,1.5,.250,2.4,3.1,.792,8.1,0.1,1.4,0.1,1.7,5.9,8.9
10,3,29,313,4.6,10.3,.453,4.1,7.9,.512,0.6,2.3,.250,3.7,4.6,.792,12.2,0.2,2.1,0.2,2.5,8.9,13.6,,108.1,106.3
10,4,29,313,10.8,.543,.481,.226,.453,76,10.0,15.5,12.7,0.6,2.1,0.4,16.8,13.3,,0.3,0.4,0.7,.086,,-4.1,-2.2,-6.4
11,0,7,15,3,6,.500,3,6,.500,0,0,,0,0,,0,1,1,1,0,0,0,0,6
11,1,7,2.1,0.4,0.9,.500,0.4,0.9,.500,0.0,0.0,,0.0,0.0,,0.1,0.1,0.0,0.0,0.0,0.0,0.9
11,2,7,15,8.0,16.0,.500,8.0,16.0,.500,0.0,0.0,,0.0,0.0,,2.7,2.7,0.0,0.0,0.0,0.0,16.0
11,3,7,15,12.1,24.2,.500,12.1,24.2,.500,0.0,0.0,,0.0,0.0,,4.0,4.0,0.0,0.0,0.0,0.0,24.2,,111.1,114.1
11,4,7,15,16.3,.500,.500,.000,.000,5,0.0,8.8,4.2,17.0,0.0,0.0,0.0,21.5,,0.0,0.0,0.0,.086,,-3.7,-5.5,-9.2
