0,0,33,657,26,87,.299,19,48,.396,7,39,.179,38,48,.792,6,25,31,63,32,0,42,58,97
0,1,33,19.9,0.8,2.6,.299,0.6,1.5,.396,0.2,1.2,.179,1.2,1.5,.792,0.9,1.9,1.0,0.0,1.3,1.8,2.9
0,2,33,657,1.6,5.3,.299,1.2,2.9,.396,0.4,2.4,.179,2.3,2.9,.792,1.9,3.8,1.9,0.0,2.6,3.5,5.9
0,3,33,657,2.5,8.2,.299,1.8,4.5,.396,0.7,3.7,.179,3.6,4.5,.792,2.9,6.0,3.0,0.0,4.0,5.5,9.2,,91.6,99.8
0,4,33,657,6.7,.442,.339,.448,.552,120,1.1,4.7,2.9,17.1,3.0,0.0,27.7,11.9,,0.1,1.0,1.0,.064,,-3.1,-0.4,-3.5
1,0,35,1216,233,374,.623,233,374,.623,0,0,,139,241,.577,200,308,508,37,67,82,92,108,605
1,1,35,34.7,6.7,10.7,.623,6.7,10.7,.623,0.0,0.0,,4.0,6.9,.577,14.5,1.1,1.9,2.3,2.6,3.1,17.3
1,2,35,1216,7.7,12.3,.623,7.7,12.3,.623,0.0,0.0,,4.6,7.9,.577,16.7,1.2,2.2,2.7,3.0,3.6,19.9
1,3,35,1216,11.9,19.1,.623,11.9,19.1,.623,0.0,0.0,,7.1,12.3,.577,26.0,1.9,3.4,4.2,4.7,5.5,31.0,,121.0,84.0
1,4,35,1216,34.7,.619,.623,.000,.644,588,20.0,31.4,25.6,7.4,3.4,8.8,15.8,24.5,,4.7,3.6,8.3,.272,,4.0,5.9,9.9
2,0,19,67,6,11,.545,6,11,.545,0,0,,8,12,.667,5,13,18,0,2,1,6,9,20
2,1,19,3.5,0.3,0.6,.545,0.3,0.6,.545,0.0,0.0,,0.4,0.6,.667,0.9,0.0,0.1,0.1,0.3,0.5,1.1
2,2,19,67,3.6,6.6,.545,3.6,6.6,.545,0.0,0.0,,4.8,7.2,.667,10.7,0.0,1.2,0.6,3.6,5.4,11.9
2,3,19,67,5.6,10.2,.545,5.6,10.2,.545,0.0,0.0,,7.4,11.1,.667,16.7,0.0,1.9,0.9,5.6,8.4,18.6,,99.4,93.7
2,4,19,67,13.8,.599,.545,.000,1.091,19,9.1,24.1,16.5,0.0,1.9,1.9,26.4,17.4,,0.1,0.1,0.2,.116,,-6.3,-3.5,-9.8
3,0,35,948,107,223,.480,91,178,.511,16,45,.356,62,101,.614,67,73,140,58,44,7,51,103,292
3,1,35,27.1,3.1,6.4,.480,2.6,5.1,.511,0.5,1.3,.356,1.8,2.9,.614,4.0,1.7,1.3,0.2,1.5,2.9,8.3
3,2,35,948,4.5,9.4,.480,3.8,7.5,.511,0.7,1.9,.356,2.6,4.3,.614,5.9,2.4,1.9,0.3,2.2,4.3,12.3
3,3,35,948,7.0,14.6,.480,6.0,11.7,.511,1.1,3.0,.356,4.1,6.6,.614,9.2,3.8,2.9,0.5,3.3,6.8,19.2,,113.0,97.6
3,4,35,948,16.3,.539,.516,.202,.453,299,8.6,9.5,9.1,12.5,2.9,1.0,15.8,17.4,,1.9,1.6,3.5,.147,,1.4,1.2,2.6
4,0,17,61,5,19,.263,4,6,.667,1,13,.077,2,2,1.000,3,1,4,7,4,0,1,7,13
4,1,17,3.6,0.3,1.1,.263,0.2,0.4,.667,0.1,0.8,.077,0.1,0.1,1.000,0.2,0.4,0.2,0.0,0.1,0.4,0.8
4,2,17,61,3.3,12.5,.263,2.6,3.9,.667,0.7,8.5,.077,1.3,1.3,1.000,2.6,4.6,2.6,0.0,0.7,4.6,8.5
4,3,17,61,5.1,19.4,.263,4.1,6.1,.667,1.0,13.3,.077,2.0,2.0,1.000,4.1,7.1,4.1,0.0,1.0,7.1,13.3,,101.5,98.3
4,4,17,61,10.4,.326,.289,.684,.105,16,6.0,2.0,4.0,22.1,4.1,0.0,4.8,17.6,,0.1,0.1,0.2,.102,,-0.2,-1.8,-2.0
5,0,35,1180,198,459,.431,142,309,.460,56,150,.373,89,133,.669,45,129,174,120,54,10,136,99,541
5,1,35,33.7,5.7,13.1,.431,4.1,8.8,.460,1.6,4.3,.373,2.5,3.8,.669,5.0,3.4,1.5,0.3,3.9,2.8,15.5
5,2,35,1180,6.7,15.6,.431,4.8,10.5,.460,1.9,5.1,.373,3.0,4.5,.669,5.9,4.1,1.8,0.3,4.6,3.4,18.3
5,3,35,1180,10.4,24.2,.431,7.5,16.3,.460,3.0,7.9,.373,4.7,7.0,.669,9.2,6.3,2.8,0.5,7.2,5.2,28.5,,100.8,96.2
5,4,35,1180,18.0,.518,.492,.327,.290,533,4.6,13.6,9.1,23.4,2.8,1.1,20.7,28.6,,1.8,2.1,3.9,.134,,0.5,0.7,1.1
6,0,35,1051,115,295,.390,51,119,.429,64,176,.364,82,103,.796,15,66,81,49,49,1,69,75,376
6,1,35,30.0,3.3,8.4,.390,1.5,3.4,.429,1.8,5.0,.364,2.3,2.9,.796,2.3,1.4,1.4,0.0,2.0,2.1,10.7
6,2,35,1051,4.4,11.2,.390,1.9,4.5,.429,2.4,6.7,.364,3.1,3.9,.796,3.1,1.9,1.9,0.0,2.6,2.9,14.3
6,3,35,1051,6.8,17.5,.390,3.0,7.0,.429,3.8,10.4,.364,4.9,6.1,.796,4.8,2.9,2.9,0.1,4.1,4.4,22.3,,108.9,98.9
6,4,35,1051,14.0,.547,.498,.597,.349,340,1.7,7.8,4.7,9.5,2.9,0.1,16.7,20.2,,1.8,1.6,3.5,.132,,1.0,-0.8,0.2
7,0,25,457,45,115,.391,39,85,.459,6,30,.200,28,39,.718,32,71,103,18,12,5,38,80,124
7,1,25,18.3,1.8,4.6,.391,1.6,3.4,.459,0.2,1.2,.200,1.1,1.6,.718,4.1,0.7,0.5,0.2,1.5,3.2,5.0
7,2,25,457,3.9,10.1,.391,3.4,7.4,.459,0.5,2.6,.200,2.5,3.4,.718,9.0,1.6,1.1,0.4,3.3,7.0,10.9
7,3,25,457,6.1,15.7,.391,5.3,11.6,.459,0.8,4.1,.200,3.8,5.3,.718,14.0,2.5,1.6,0.7,5.2,10.9,16.9,,91.8,96.1
7,4,25,457,9.5,.464,.417,.261,.339,127,8.5,19.3,13.8,7.8,1.6,1.4,22.2,19.3,,0.1,0.8,0.9,.081,,-4.0,0.0,-4.0
8,0,13,62,2,5,.400,2,5,.400,0,0,,1,2,.500,9,7,16,3,1,2,9,8,5
8,1,13,4.8,0.2,0.4,.400,0.2,0.4,.400,0.0,0.0,,0.1,0.2,.500,1.2,0.2,0.1,0.2,0.7,0.6,0.4
8,2,13,62,1.3,3.2,.400,1.3,3.2,.400,0.0,0.0,,0.6,1.3,.500,10.3,1.9,0.6,1.3,5.8,5.2,3.2
8,3,13,62,2.0,5.0,.400,2.0,5.0,.400,0.0,0.0,,1.0,2.0,.500,16.1,3.0,1.0,2.0,9.0,8.0,5.0,,62.7,98.4
8,4,13,62,3.6,.420,.400,.000,.400,10,17.6,14.0,15.8,8.5,1.0,4.2,60.2,12.4,,-0.1,0.1,0.0,-.018,,-6.4,2.7,-3.7
9,0,26,143,17,32,.531,17,32,.531,0,0,,10,13,.769,10,21,31,2,2,1,12,27,44
9,1,26,5.5,0.7,1.2,.531,0.7,1.2,.531,0.0,0.0,,0.4,0.5,.769,1.2,0.1,0.1,0.0,0.5,1.0,1.7
9,2,26,143,4.8,9.0,.531,4.8,9.0,.531,0.0,0.0,,2.8,3.6,.769,8.7,0.6,0.6,0.3,3.4,7.6,12.3
9,3,26,143,7.4,13.9,.531,7.4,13.9,.531,0.0,0.0,,4.4,5.7,.769,13.5,0.9,0.9,0.4,5.2,11.7,19.1,,100.1,98.4
9,4,26,143,11.1,.576,.531,.000,.406,41,8.5,18.2,13.3,2.9,0.9,0.9,23.9,18.0,,0.1,0.2,0.4,.101,,-4.6,-2.3,-6.8
10,0,35,1119,90,233,.386,39,97,.402,51,136,.375,47,55,.855,24,48,72,61,26,1,43,63,278
10,1,35,32.0,2.6,6.7,.386,1.1,2.8,.402,1.5,3.9,.375,1.3,1.6,.855,2.1,1.7,0.7,0.0,1.2,1.8,7.9
10,2,35,1119,3.2,8.3,.386,1.4,3.5,.402,1.8,4.9,.375,1.7,2.0,.855,2.6,2.2,0.9,0.0,1.5,2.3,9.9
10,3,35,1119,5.0,13.0,.386,2.2,5.4,.402,2.8,7.6,.375,2.6,3.1,.855,4.0,3.4,1.4,0.1,2.4,3.5,15.5,,115.5,103.3
10,4,35,1119,10.7,.536,.496,.584,.236,270,2.6,5.3,3.9,10.5,1.4,0.1,14.2,13.9,,1.8,1.3,3.1,.111,,0.8,-1.2,-0.4
11,0,21,108,7,21,.333,4,9,.444,3,12,.250,0,2,.000,3,8,11,6,7,0,17,16,17
11,1,21,5.1,0.3,1.0,.333,0.2,0.4,.444,0.1,0.6,.250,0.0,0.1,.000,0.5,0.3,0.3,0.0,0.8,0.8,0.8
11,2,21,108,2.6,7.8,.333,1.5,3.3,.444,1.1,4.4,.250,0.0,0.7,.000,4.1,2.2,2.6,0.0,6.3,5.9,6.3
11,3,21,108,4.0,12.1,.333,2.3,5.2,.444,1.7,6.9,.250,0.0,1.2,.000,6.3,3.5,4.0,0.0,9.8,9.2,9.8,,55.4,95.5
11,4,21,108,-0.9,.387,.405,.571,.095,18,3.4,9.2,6.3,10.3,4.0,0.0,43.6,18.5,,-0.3,0.2,-0.1,-.053,,-8.3,0.9,-7.4
