0,0,34,957,121,299,.405,89,200,.445,32,99,.323,104,136,.765,44,87,131,77,65,30,65,107,378
0,1,34,28.1,3.6,8.8,.405,2.6,5.9,.445,0.9,2.9,.323,3.1,4.0,.765,3.9,2.3,1.9,0.9,1.9,3.1,11.1
0,2,34,957,5.1,12.5,.405,3.7,8.4,.445,1.3,4.1,.323,4.3,5.7,.765,5.5,3.2,2.7,1.3,2.7,4.5,15.8
0,3,34,957,7.5,18.7,.405,5.6,12.5,.445,2.0,6.2,.323,6.5,8.5,.765,8.2,4.8,4.1,1.9,4.1,6.7,23.6,,107.5,95.9
0,4,34,957,18.7,.520,.458,.331,.455,375,5.3,11.5,8.3,16.2,4.1,3.9,15.2,22.6,,1.8,1.8,3.6,.149,,0.6,3.0,3.6
1,0,30,823,85,219,.388,44,100,.440,41,119,.345,53,67,.791,22,93,115,65,30,4,55,72,264
1,1,30,27.4,2.8,7.3,.388,1.5,3.3,.440,1.4,4.0,.345,1.8,2.2,.791,3.8,2.2,1.0,0.1,1.8,2.4,8.8
1,2,30,823,4.1,10.6,.388,2.1,4.9,.440,2.0,5.8,.345,2.6,3.3,.791,5.6,3.2,1.5,0.2,2.7,3.5,12.8
1,3,30,823,6.2,15.9,.388,3.2,7.3,.440,3.0,8.6,.345,3.8,4.9,.791,8.3,4.7,2.2,0.3,4.0,5.2,19.2,,103.9,100.9
1,4,30,823,13.1,.526,.482,.543,.306,259,3.1,14.3,8.5,15.2,2.2,0.6,18.0,18.7,,1.0,1.2,2.2,.105,,-0.4,-0.2,-0.5
2,0,5,27,3,10,.300,3,7,.429,0,3,.000,0,0,,3,4,7,1,2,0,1,6,6
2,1,5,5.4,0.6,2.0,.300,0.6,1.4,.429,0.0,0.6,.000,0.0,0.0,,1.4,0.2,0.4,0.0,0.2,1.2,1.2
2,2,5,27,4.4,14.8,.300,4.4,10.4,.429,0.0,4.4,.000,0.0,0.0,,10.4,1.5,3.0,0.0,1.5,8.9,8.9
2,3,5,27,6.6,22.1,.300,6.6,15.5,.429,0.0,6.6,.000,0.0,0.0,,15.5,2.2,4.4,0.0,2.2,13.3,13.3,,80.2,94.0
2,4,5,27,7.6,.300,.300,.300,.000,7,12.9,18.8,15.7,7.2,4.4,0.0,9.1,20.5,,0.0,0.1,0.0,.046,,-5.5,-0.1,-5.6
3,0,33,470,42,115,.365,19,45,.422,23,70,.329,17,24,.708,6,25,31,31,17,2,33,87,124
3,1,33,14.2,1.3,3.5,.365,0.6,1.4,.422,0.7,2.1,.329,0.5,0.7,.708,0.9,0.9,0.5,0.1,1.0,2.6,3.8
3,2,33,470,3.6,9.8,.365,1.6,3.8,.422,2.0,6.0,.329,1.4,2.0,.708,2.6,2.6,1.4,0.2,2.8,7.4,10.6
3,3,33,470,5.3,14.6,.365,2.4,5.7,.422,2.9,8.9,.329,2.2,3.0,.708,3.9,3.9,2.2,0.3,4.2,11.1,15.8,,92.5,103.0
3,4,33,470,6.2,.491,.465,.609,.209,119,1.5,6.8,4.0,12.4,2.2,0.5,20.7,17.1,,0.1,0.6,0.7,.056,,-2.9,-1.7,-4.6
4,0,15,115,11,31,.355,1,5,.200,10,26,.385,4,9,.444,4,10,14,5,0,0,5,14,36
4,1,15,7.7,0.7,2.1,.355,0.1,0.3,.200,0.7,1.7,.385,0.3,0.6,.444,0.9,0.3,0.0,0.0,0.3,0.9,2.4
4,2,15,115,3.8,10.8,.355,0.3,1.7,.200,3.5,9.0,.385,1.4,3.1,.444,4.9,1.7,0.0,0.0,1.7,4.9,12.5
4,3,15,115,5.7,16.1,.355,0.5,2.6,.200,5.2,13.5,.385,2.1,4.7,.444,7.3,2.6,0.0,0.0,2.6,7.3,18.7,,105.1,106.9
4,4,15,115,8.6,.510,.516,.839,.290,33,4.0,11.0,7.4,8.2,0.0,0.0,12.4,17.7,,0.1,0.1,0.2,.081,,-0.9,-4.4,-5.3
5,0,29,331,43,82,.524,42,78,.538,1,4,.250,12,17,.706,41,48,89,7,9,10,21,79,99
5,1,29,11.4,1.5,2.8,.524,1.4,2.7,.538,0.0,0.1,.250,0.4,0.6,.706,3.1,0.2,0.3,0.3,0.7,2.7,3.4
5,2,29,331,5.2,9.9,.524,5.1,9.4,.538,0.1,0.5,.250,1.5,2.1,.706,10.8,0.8,1.1,1.2,2.5,9.5,12.0
5,3,29,331,7.8,14.8,.524,7.6,14.1,.538,0.2,0.7,.250,2.2,3.1,.706,16.1,1.3,1.6,1.8,3.8,14.3,17.9,,106.2,98.3
5,4,29,331,14.0,.550,.530,.049,.207,100,14.4,18.4,16.3,4.3,1.6,3.7,18.9,16.9,,0.4,0.5,1.0,.120,,-2.5,0.3,-2.2
6,0,28,241,16,39,.410,16,38,.421,0,1,.000,10,32,.313,27,30,57,5,11,14,22,66,42
6,1,28,8.6,0.6,1.4,.410,0.6,1.4,.421,0.0,0.0,.000,0.4,1.1,.313,2.0,0.2,0.4,0.5,0.8,2.4,1.5
6,2,28,241,2.7,6.5,.410,2.7,6.3,.421,0.0,0.2,.000,1.7,5.3,.313,9.5,0.8,1.8,2.3,3.7,11.0,7.0
6,3,28,241,4.0,9.7,.410,4.0,9.4,.421,0.0,0.2,.000,2.5,7.9,.313,14.1,1.2,2.7,3.5,5.5,16.4,10.4,,74.2,94.9
6,4,28,241,6.0,.387,.410,.026,.821,51,13.0,15.8,14.4,3.7,2.7,7.1,28.9,15.9,,-0.3,0.5,0.2,.027,,-7.2,3.8,-3.4
7,0,15,313,40,72,.556,39,65,.600,1,7,.143,9,19,.474,28,35,63,12,2,3,6,22,90
7,1,15,20.9,2.7,4.8,.556,2.6,4.3,.600,0.1,0.5,.143,0.6,1.3,.474,4.2,0.8,0.1,0.2,0.4,1.5,6.0
7,2,15,313,5.1,9.2,.556,5.0,8.3,.600,0.1,0.9,.143,1.2,2.4,.474,8.1,1.5,0.3,0.4,0.8,2.8,11.5
7,3,15,313,7.6,13.7,.556,7.4,12.4,.600,0.2,1.3,.143,1.7,3.6,.474,12.0,2.3,0.4,0.6,1.1,4.2,17.2,,123.7,104.7
7,4,15,313,15.7,.555,.563,.097,.264,89,10.4,14.2,12.2,7.7,0.4,1.2,6.9,14.0,,0.7,0.3,1.0,.132,,0.0,-1.2,-1.2
8,0,34,748,139,282,.493,119,211,.564,20,71,.282,73,104,.702,53,149,202,32,33,13,45,75,371
8,1,34,22.0,4.1,8.3,.493,3.5,6.2,.564,0.6,2.1,.282,2.1,3.1,.702,5.9,0.9,1.0,0.4,1.3,2.2,10.9
8,2,34,748,7.4,15.1,.493,6.4,11.3,.564,1.1,3.8,.282,3.9,5.6,.702,10.8,1.7,1.8,0.7,2.4,4.0,19.8
8,3,34,748,11.1,22.5,.493,9.5,16.8,.564,1.6,5.7,.282,5.8,8.3,.702,16.1,2.6,2.6,1.0,3.6,6.0,29.6,,113.0,95.3
8,4,34,748,23.4,.560,.528,.252,.369,334,8.2,25.3,16.4,9.8,2.6,2.1,12.0,25.4,,2.0,1.4,3.4,.183,,0.7,0.2,0.9
9,0,7,27,6,9,.667,1,1,1.000,5,8,.625,1,2,.500,1,2,3,2,0,0,1,5,18
9,1,7,3.9,0.9,1.3,.667,0.1,0.1,1.000,0.7,1.1,.625,0.1,0.3,.500,0.4,0.3,0.0,0.0,0.1,0.7,2.6
9,2,7,27,8.9,13.3,.667,1.5,1.5,1.000,7.4,11.9,.625,1.5,3.0,.500,4.4,3.0,0.0,0.0,1.5,7.4,26.7
9,3,7,27,13.3,19.9,.667,2.2,2.2,1.000,11.1,17.7,.625,2.2,4.4,.500,6.6,4.4,0.0,0.0,2.2,11.1,39.8,,160.7,107.1
9,4,7,27,31.3,.905,.944,.889,.222,13,4.3,9.4,6.7,18.5,0.0,0.0,9.1,20.5,,0.2,0.0,0.2,.273,,13.0,-5.8,7.2
10,0,31,719,100,209,.478,100,209,.478,0,0,,34,59,.576,73,77,150,31,14,28,36,76,234
10,1,31,23.2,3.2,6.7,.478,3.2,6.7,.478,0.0,0.0,,1.1,1.9,.576,4.8,1.0,0.5,0.9,1.2,2.5,7.5
10,2,31,719,5.6,11.6,.478,5.6,11.6,.478,0.0,0.0,,1.9,3.3,.576,8.3,1.7,0.8,1.6,2.0,4.2,13.0
10,3,31,719,8.3,17.4,.478,8.3,17.4,.478,0.0,0.0,,2.8,4.9,.576,12.5,2.6,1.2,2.3,3.0,6.3,19.4,,105.5,101.2
10,4,31,719,15.7,.494,.478,.000,.282,239,11.8,13.6,12.7,8.9,1.2,4.8,13.2,19.1,,1.0,1.0,2.0,.112,,-2.1,1.5,-0.7
11,0,31,930,75,192,.391,50,123,.407,25,69,.362,59,70,.843,17,49,66,140,42,2,76,71,234
11,1,31,30.0,2.4,6.2,.391,1.6,4.0,.407,0.8,2.2,.362,1.9,2.3,.843,2.1,4.5,1.4,0.1,2.5,2.3,7.5
11,2,31,930,3.2,8.3,.391,2.2,5.3,.407,1.1,3.0,.362,2.5,3.0,.843,2.8,6.0,1.8,0.1,3.3,3.1,10.1
11,3,31,930,4.8,12.3,.391,3.2,7.9,.407,1.6,4.4,.362,3.8,4.5,.843,4.2,9.0,2.7,0.1,4.9,4.6,15.0,,102.5,102.6
11,4,31,930,12.2,.519,.456,.359,.365,278,2.1,6.7,4.3,27.7,2.7,0.3,25.2,16.3,,1.0,1.2,2.1,.092,,-1.3,-1.2,-2.5
12,0,32,913,146,301,.485,93,168,.554,53,133,.398,79,102,.775,28,100,128,78,51,3,64,72,424
12,1,32,28.5,4.6,9.4,.485,2.9,5.3,.554,1.7,4.2,.398,2.5,3.2,.775,4.0,2.4,1.6,0.1,2.0,2.3,13.3
12,2,32,913,6.4,13.2,.485,4.1,7.4,.554,2.3,5.8,.398,3.5,4.5,.775,5.6,3.4,2.2,0.1,2.8,3.2,18.6
12,3,32,913,9.5,19.7,.485,6.1,11.0,.554,3.5,8.7,.398,5.2,6.7,.775,8.4,5.1,3.3,0.2,4.2,4.7,27.7,,116.8,98.6
12,4,32,913,21.6,.607,.573,.442,.339,388,3.6,13.9,8.5,18.4,3.3,0.4,15.5,22.8,,2.6,1.5,4.1,.178,,3.7,0.1,3.9
13,0,23,236,27,70,.386,18,41,.439,9,29,.310,35,43,.814,10,23,33,9,2,1,16,27,98
13,1,23,10.3,1.2,3.0,.386,0.8,1.8,.439,0.4,1.3,.310,1.5,1.9,.814,1.4,0.4,0.1,0.0,0.7,1.2,4.3
13,2,23,236,4.6,11.9,.386,3.1,6.9,.439,1.5,4.9,.310,5.9,7.3,.814,5.6,1.5,0.3,0.2,2.7,4.6,16.6
13,3,23,236,6.8,17.7,.386,4.6,10.4,.439,2.3,7.3,.310,8.9,10.9,.814,8.3,2.3,0.5,0.3,4.0,6.8,24.8,,108.5,105.1
13,4,23,236,13.4,.542,.450,.414,.614,91,4.9,12.4,8.5,7.5,0.5,0.5,15.0,22.7,,0.5,0.2,0.7,.116,,-1.9,-3.9,-5.8
