0,0,29,255,24,49,.490,24,49,.490,0,0,,16,35,.457,26,36,62,7,12,6,13,42,64
0,1,29,8.8,0.8,1.7,.490,0.8,1.7,.490,0.0,0.0,,0.6,1.2,.457,2.1,0.2,0.4,0.2,0.4,1.4,2.2
0,2,29,255,3.8,7.7,.490,3.8,7.7,.490,0.0,0.0,,2.5,5.5,.457,9.7,1.1,1.9,0.9,2.0,6.6,10.0
0,3,29,255,5.6,11.4,.490,5.6,11.4,.490,0.0,0.0,,3.7,8.2,.457,14.4,1.6,2.8,1.4,3.0,9.8,14.9,,100.3,92.5
0,4,29,255,13.7,.488,.490,.000,.714,67,11.3,15.9,13.6,5.2,2.8,2.5,16.5,15.2,,0.2,0.5,0.8,.119,,-2.7,0.2,-2.5
1,0,32,1064,165,376,.439,128,264,.485,37,112,.330,86,141,.610,76,59,135,94,39,1,94,81,453
1,1,32,33.3,5.2,11.8,.439,4.0,8.3,.485,1.2,3.5,.330,2.7,4.4,.610,4.2,2.9,1.2,0.0,2.9,2.5,14.2
1,2,32,1064,6.2,14.1,.439,4.8,9.9,.485,1.4,4.2,.330,3.2,5.3,.610,5.1,3.5,1.5,0.0,3.5,3.0,17.0
1,3,32,1064,9.2,21.0,.439,7.1,14.7,.485,2.1,6.3,.330,4.8,7.9,.610,7.5,5.2,2.2,0.1,5.2,4.5,25.3,,102.5,100.4
1,4,32,1064,16.8,.511,.488,.298,.375,453,7.9,6.2,7.1,19.0,2.2,0.1,17.5,24.9,,1.8,1.4,3.2,.120,,1.8,-2.2,-0.4
2,0,23,216,14,43,.326,14,43,.326,0,0,,16,31,.516,18,26,44,4,6,1,12,15,44
2,1,23,9.4,0.6,1.9,.326,0.6,1.9,.326,0.0,0.0,,0.7,1.3,.516,1.9,0.2,0.3,0.0,0.5,0.7,1.9
2,2,23,216,2.6,8.0,.326,2.6,8.0,.326,0.0,0.0,,3.0,5.7,.516,8.1,0.7,1.1,0.2,2.2,2.8,8.1
2,3,23,216,3.9,11.8,.326,3.9,11.8,.326,0.0,0.0,,4.4,8.5,.516,12.1,1.1,1.7,0.3,3.3,4.1,12.1,,83.4,97.7
2,4,23,216,7.6,.381,.326,.000,.721,48,9.2,13.5,11.4,3.3,1.7,0.5,17.2,16.0,,-0.1,0.3,0.3,.047,,-6.3,-2.3,-8.6
3,0,32,1015,58,203,.286,21,67,.313,37,136,.272,34,46,.739,18,65,83,88,23,4,63,64,187
3,1,32,31.7,1.8,6.3,.286,0.7,2.1,.313,1.2,4.3,.272,1.1,1.4,.739,2.6,2.8,0.7,0.1,2.0,2.0,5.8
3,2,32,1015,2.3,8.0,.286,0.8,2.6,.313,1.5,5.4,.272,1.3,1.8,.739,3.3,3.5,0.9,0.2,2.5,2.5,7.4
3,3,32,1015,3.4,11.9,.286,1.2,3.9,.313,2.2,8.0,.272,2.0,2.7,.739,4.9,5.2,1.3,0.2,3.7,3.7,10.9,,87.7,101.7
3,4,32,1015,6.0,.416,.377,.670,.227,209,2.0,7.2,4.6,15.4,1.3,0.4,21.9,14.0,,-0.1,1.2,1.1,.044,,-2.6,-2.0,-4.6
4,0,32,693,130,243,.535,130,243,.535,0,0,,36,61,.590,67,99,166,26,12,54,34,55,296
4,1,32,21.7,4.1,7.6,.535,4.1,7.6,.535,0.0,0.0,,1.1,1.9,.590,5.2,0.8,0.4,1.7,1.1,1.7,9.3
4,2,32,693,7.5,14.0,.535,7.5,14.0,.535,0.0,0.0,,2.1,3.5,.590,9.6,1.5,0.7,3.1,2.0,3.2,17.1
4,3,32,693,11.1,20.8,.535,11.1,20.8,.535,0.0,0.0,,3.1,5.2,.590,14.2,2.2,1.0,4.6,2.9,4.7,25.4,,112.6,94.4
4,4,32,693,23.4,.544,.535,.000,.251,274,10.7,16.1,13.4,8.7,1.0,8.1,11.1,21.8,,1.7,1.3,3.0,.174,,-0.2,1.7,1.5
5,0,28,699,89,152,.586,89,152,.586,0,0,,27,62,.435,36,78,114,19,10,61,40,57,205
5,1,28,25.0,3.2,5.4,.586,3.2,5.4,.586,0.0,0.0,,1.0,2.2,.435,4.1,0.7,0.4,2.2,1.4,2.0,7.3
5,2,28,699,5.1,8.7,.586,5.1,8.7,.586,0.0,0.0,,1.5,3.5,.435,6.5,1.1,0.6,3.5,2.3,3.3,11.7
5,3,28,699,7.6,12.9,.586,7.6,12.9,.586,0.0,0.0,,2.3,5.3,.435,9.7,1.6,0.8,5.2,3.4,4.8,17.4,,102.5,96.2
5,4,28,699,15.8,.565,.586,.000,.408,184,5.7,12.5,9.1,5.5,0.8,9.1,18.1,15.7,,0.7,1.2,1.9,.110,,-2.7,2.9,0.2
6,0,2,4,0,0,,0,0,,0,0,,0,0,,0,1,1,0,0,0,0,3,0
6,1,2,2.0,0.0,0.0,,0.0,0.0,,0.0,0.0,,0.0,0.0,,0.5,0.0,0.0,0.0,0.0,1.5,0.0
6,2,2,4,0.0,0.0,,0.0,0.0,,0.0,0.0,,0.0,0.0,,10.0,0.0,0.0,0.0,0.0,30.0,0.0
6,3,2,4,0.0,0.0,,0.0,0.0,,0.0,0.0,,0.0,0.0,,14.9,0.0,0.0,0.0,0.0,44.6,0.0,,,89.4
6,4,2,4,-8.8,,,,,0,0.0,28.1,14.0,0.0,0.0,0.0,,0.0,,0.0,0.0,0.0,.095,,-8.9,-2.5,-11.4
7,0,23,134,14,22,.636,14,22,.636,0,0,,3,6,.500,13,22,35,2,3,5,12,32,31
7,1,23,5.8,0.6,1.0,.636,0.6,1.0,.636,0.0,0.0,,0.1,0.3,.500,1.5,0.1,0.1,0.2,0.5,1.4,1.3
7,2,23,134,4.2,6.6,.636,4.2,6.6,.636,0.0,0.0,,0.9,1.8,.500,10.4,0.6,0.9,1.5,3.6,9.6,9.3
7,3,23,134,6.2,9.8,.636,6.2,9.8,.636,0.0,0.0,,1.3,2.7,.500,15.5,0.9,1.3,2.2,5.3,14.2,13.7,,92.6,93.3
7,4,23,134,10.3,.624,.636,.000,.273,30,10.8,18.5,14.6,2.9,1.3,3.9,32.6,13.6,,0.0,0.3,0.3,.091,,-4.4,-0.4,-4.8
8,0,32,901,126,269,.468,115,227,.507,11,42,.262,103,179,.575,72,137,209,46,27,8,90,74,366
8,1,32,28.2,3.9,8.4,.468,3.6,7.1,.507,0.3,1.3,.262,3.2,5.6,.575,6.5,1.4,0.8,0.3,2.8,2.3,11.4
8,2,32,901,5.6,11.9,.468,5.1,10.1,.507,0.5,1.9,.262,4.6,7.9,.575,9.3,2.0,1.2,0.4,4.0,3.3,16.2
8,3,32,901,8.3,17.7,.468,7.6,15.0,.507,0.7,2.8,.262,6.8,11.8,.575,13.8,3.0,1.8,0.5,5.9,4.9,24.1,,97.1,95.3
8,4,32,901,16.4,.517,.489,.156,.665,356,8.9,17.1,13.0,10.6,1.8,0.9,20.3,24.4,,0.9,1.6,2.5,.112,,-1.5,-1.3,-2.8
9,0,32,1027,160,359,.446,121,219,.553,39,140,.279,81,123,.659,47,131,178,79,53,29,76,88,440
9,1,32,32.1,5.0,11.2,.446,3.8,6.8,.553,1.2,4.4,.279,2.5,3.8,.659,5.6,2.5,1.7,0.9,2.4,2.8,13.8
9,2,32,1027,6.2,14.0,.446,4.7,8.5,.553,1.5,5.5,.279,3.2,4.8,.659,6.9,3.1,2.1,1.1,3.0,3.4,17.1
9,3,32,1027,9.3,20.8,.446,7.0,12.7,.553,2.3,8.1,.279,4.7,7.1,.659,10.3,4.6,3.1,1.7,4.4,5.1,25.5,,106.1,93.0
9,4,32,1027,20.0,.527,.500,.390,.343,419,5.1,14.3,9.7,16.6,3.1,2.9,15.4,23.7,,2.0,2.1,4.1,.159,,2.1,0.9,3.0
10,0,30,423,23,71,.324,16,54,.296,7,17,.412,11,18,.611,11,24,35,43,20,0,47,46,64
10,1,30,14.1,0.8,2.4,.324,0.5,1.8,.296,0.2,0.6,.412,0.4,0.6,.611,1.2,1.4,0.7,0.0,1.6,1.5,2.1
10,2,30,423,2.2,6.7,.324,1.5,5.1,.296,0.7,1.6,.412,1.0,1.7,.611,3.3,4.1,1.9,0.0,4.4,4.3,6.1
10,3,30,423,3.2,10.0,.324,2.2,7.6,.296,1.0,2.4,.412,1.5,2.5,.611,4.9,6.0,2.8,0.0,6.6,6.5,9.0,,70.5,98.8
10,4,30,423,3.5,.402,.373,.239,.254,80,2.9,6.4,4.6,18.0,2.8,0.0,37.1,14.8,,-0.6,0.6,0.0,.001,,-6.4,-1.4,-7.7
11,0,3,7,0,1,.000,0,1,.000,0,0,,2,2,1.000,0,0,0,0,0,0,0,1,2
11,1,3,2.3,0.0,0.3,.000,0.0,0.3,.000,0.0,0.0,,0.7,0.7,1.000,0.0,0.0,0.0,0.0,0.0,0.3,0.7
11,2,3,7,0.0,5.7,.000,0.0,5.7,.000,0.0,0.0,,11.4,11.4,1.000,0.0,0.0,0.0,0.0,0.0,5.7,11.4
11,3,3,7,0.0,8.5,.000,0.0,8.5,.000,0.0,0.0,,17.0,17.0,1.000,0.0,0.0,0.0,0.0,0.0,8.5,17.0,,137.6,108.0
11,4,3,7,7.6,.513,.000,.000,2.000,2,0.0,0.0,0.0,0.0,0.0,0.0,0.0,13.8,,0.0,0.0,0.0,.131,,-3.8,-5.9,-9.7
12,0,17,58,3,19,.158,1,10,.100,2,9,.222,2,4,.500,1,7,8,2,1,1,2,7,10
12,1,17,3.4,0.2,1.1,.158,0.1,0.6,.100,0.1,0.5,.222,0.1,0.2,.500,0.5,0.1,0.1,0.1,0.1,0.4,0.6
12,2,17,58,2.1,13.1,.158,0.7,6.9,.100,1.4,6.2,.222,1.4,2.8,.500,5.5,1.4,0.7,0.7,1.4,4.8,6.9
12,3,17,58,3.1,19.5,.158,1.0,10.2,.100,2.0,9.2,.222,2.0,4.1,.500,8.2,2.0,1.0,1.0,2.0,7.2,10.2,,62.3,98.1
12,4,17,58,-1.2,.239,.211,.474,.211,10,1.9,13.6,7.7,6.1,1.0,1.8,8.7,19.5,,-0.1,0.1,0.0,-.025,,-9.2,-3.5,-12.7
13,0,2,4,0,0,,0,0,,0,0,,0,0,,0,0,0,0,0,0,0,0,0
13,1,2,2.0,0.0,0.0,,0.0,0.0,,0.0,0.0,,0.0,0.0,,0.0,0.0,0.0,0.0,0.0,0.0,0.0
13,2,2,4,0.0,0.0,,0.0,0.0,,0.0,0.0,,0.0,0.0,,0.0,0.0,0.0,0.0,0.0,0.0,0.0
13,3,2,4,0.0,0.0,,0.0,0.0,,0.0,0.0,,0.0,0.0,,0.0,0.0,0.0,0.0,0.0,0.0,0.0,,,109.0
13,4,2,4,0.0,,,,,0,0.0,0.0,0.0,0.0,0.0,0.0,,0.0,,0.0,0.0,0.0,.019,,-5.8,-1.3,-7.1
