0,0,32,837,70,211,.332,45,108,.417,25,103,.243,40,58,.690,13,63,76,91,28,0,80,76,205
0,1,32,26.2,2.2,6.6,.332,1.4,3.4,.417,0.8,3.2,.243,1.3,1.8,.690,2.4,2.8,0.9,0.0,2.5,2.4,6.4
0,2,32,837,3.3,10.1,.332,2.2,5.2,.417,1.2,4.9,.243,1.9,2.8,.690,3.6,4.3,1.3,0.0,3.8,3.6,9.8
0,3,32,837,4.6,13.7,.332,2.9,7.0,.417,1.6,6.7,.243,2.6,3.8,.690,4.9,5.9,1.8,0.0,5.2,4.9,13.3,,81.9,105.3
0,4,32,837,6.2,.430,.391,.488,.275,226,1.6,8.3,4.9,21.8,1.8,0.0,25.1,17.8,,-0.6,0.8,0.2,.011,,-4.3,-2.6,-6.9
1,0,32,315,46,99,.465,44,78,.564,2,21,.095,30,44,.682,27,41,68,14,11,2,20,43,124
1,1,32,9.8,1.4,3.1,.465,1.4,2.4,.564,0.1,0.7,.095,0.9,1.4,.682,2.1,0.4,0.3,0.1,0.6,1.3,3.9
1,2,32,315,5.8,12.6,.465,5.6,9.9,.564,0.3,2.7,.095,3.8,5.6,.682,8.6,1.8,1.4,0.3,2.5,5.5,15.7
1,3,32,315,8.0,17.1,.465,7.6,13.5,.564,0.3,3.6,.095,5.2,7.6,.682,11.8,2.4,1.9,0.3,3.5,7.4,21.4,,104.0,102.2
1,4,32,315,15.6,.517,.475,.212,.444,121,9.0,14.3,11.6,10.2,1.9,0.6,14.3,20.8,,0.4,0.4,0.8,.106,,-1.5,-2.3,-3.8
2,0,22,655,90,211,.427,76,173,.439,14,38,.368,72,111,.649,60,95,155,41,34,19,69,68,266
2,1,22,29.8,4.1,9.6,.427,3.5,7.9,.439,0.6,1.7,.368,3.3,5.0,.649,7.0,1.9,1.5,0.9,3.1,3.1,12.1
2,2,22,655,5.5,12.9,.427,4.6,10.6,.439,0.9,2.3,.368,4.4,6.8,.649,9.5,2.5,2.1,1.2,4.2,4.2,16.2
2,3,22,655,7.5,17.5,.427,6.3,14.4,.439,1.2,3.2,.368,6.0,9.2,.649,12.9,3.4,2.8,1.6,5.7,5.7,22.1,,94.9,98.5
2,4,22,655,16.6,.504,.460,.180,.526,269,9.6,15.9,12.7,14.0,2.8,3.0,20.7,23.8,,0.4,1.0,1.4,.089,,-1.6,1.2,-0.3
3,0,24,256,21,67,.313,12,31,.387,9,36,.250,14,17,.824,8,22,30,7,6,5,15,27,65
3,1,24,10.7,0.9,2.8,.313,0.5,1.3,.387,0.4,1.5,.250,0.6,0.7,.824,1.3,0.3,0.3,0.2,0.6,1.1,2.7
3,2,24,256,3.3,10.5,.313,1.9,4.8,.387,1.4,5.6,.250,2.2,2.7,.824,4.7,1.1,0.9,0.8,2.3,4.2,10.2
3,3,24,256,4.5,14.2,.313,2.6,6.6,.387,1.9,7.7,.250,3.0,3.6,.824,6.4,1.5,1.3,1.1,3.2,5.7,13.8,,85.7,104.9
3,4,24,256,6.2,.433,.381,.537,.254,62,3.3,9.4,6.3,5.5,1.3,2.0,16.7,16.5,,-0.1,0.2,0.2,.028,,-5.0,-2.3,-7.2
4,0,4,9,0,0,,0,0,,0,0,,0,0,,0,2,2,2,0,0,1,3,0
4,1,4,2.3,0.0,0.0,,0.0,0.0,,0.0,0.0,,0.0,0.0,,0.5,0.5,0.0,0.0,0.3,0.8,0.0
4,2,4,9,0.0,0.0,,0.0,0.0,,0.0,0.0,,0.0,0.0,,8.9,8.9,0.0,0.0,4.4,13.3,0.0
4,3,4,9,0.0,0.0,,0.0,0.0,,0.0,0.0,,0.0,0.0,,12.1,12.1,0.0,0.0,6.0,18.1,0.0,,67.5,101.6
4,4,4,9,0.6,,,,,1,0.0,24.4,11.9,38.1,0.0,0.0,100.0,5.2,,0.0,0.0,0.0,.015,,-10.5,-2.2,-12.7
5,0,26,582,77,155,.497,72,142,.507,5,13,.385,20,41,.488,38,120,158,16,11,40,36,71,179
5,1,26,22.4,3.0,6.0,.497,2.8,5.5,.507,0.2,0.5,.385,0.8,1.6,.488,6.1,0.6,0.4,1.5,1.4,2.7,6.9
5,2,26,582,5.3,10.7,.497,4.9,9.8,.507,0.3,0.9,.385,1.4,2.8,.488,10.9,1.1,0.8,2.7,2.5,4.9,12.3
5,3,26,582,7.2,14.5,.497,6.7,13.3,.507,0.5,1.2,.385,1.9,3.8,.488,14.8,1.5,1.0,3.7,3.4,6.6,16.7,,96.0,97.7
5,4,26,582,14.5,.513,.513,.084,.265,167,6.8,22.7,14.6,6.1,1.0,7.0,17.1,17.0,,0.3,1.0,1.3,.087,,-4.6,2.0,-2.6
6,0,29,234,26,76,.342,16,52,.308,10,24,.417,7,12,.583,14,21,35,4,6,3,5,48,69
6,1,29,8.1,0.9,2.6,.342,0.6,1.8,.308,0.3,0.8,.417,0.2,0.4,.583,1.2,0.1,0.2,0.1,0.2,1.7,2.4
6,2,29,234,4.4,13.0,.342,2.7,8.9,.308,1.7,4.1,.417,1.2,2.1,.583,6.0,0.7,1.0,0.5,0.9,8.2,11.8
6,3,29,234,6.0,17.7,.342,3.7,12.1,.308,2.3,5.6,.417,1.6,2.8,.583,8.1,0.9,1.4,0.7,1.2,11.2,16.1,,96.2,104.3
6,4,29,234,7.8,.422,.408,.316,.158,65,6.3,9.9,8.0,3.6,1.4,1.3,5.8,17.4,,0.1,0.2,0.4,.062,,-4.1,-3.4,-7.4
7,0,32,870,114,287,.397,52,131,.397,62,156,.397,102,132,.773,10,71,81,75,30,2,84,70,392
7,1,32,27.2,3.6,9.0,.397,1.6,4.1,.397,1.9,4.9,.397,3.2,4.1,.773,2.5,2.3,0.9,0.1,2.6,2.2,12.3
7,2,32,870,5.2,13.2,.397,2.4,6.0,.397,2.9,7.2,.397,4.7,6.1,.773,3.7,3.4,1.4,0.1,3.9,3.2,18.0
7,3,32,870,7.1,18.0,.397,3.3,8.2,.397,3.9,9.8,.397,6.4,8.3,.773,5.1,4.7,1.9,0.1,5.3,4.4,24.5,,102.9,104.8
7,4,32,870,14.6,.560,.505,.544,.460,367,1.2,9.0,5.0,19.1,1.9,0.2,19.4,23.4,,1.3,0.8,2.1,.098,,0.8,-3.2,-2.4
8,0,31,665,85,203,.419,64,142,.451,21,61,.344,56,87,.644,31,83,114,36,26,8,58,84,247
8,1,31,21.5,2.7,6.5,.419,2.1,4.6,.451,0.7,2.0,.344,1.8,2.8,.644,3.7,1.2,0.8,0.3,1.9,2.7,8.0
8,2,31,665,5.1,12.2,.419,3.8,8.5,.451,1.3,3.7,.344,3.4,5.2,.644,6.9,2.2,1.6,0.5,3.5,5.1,14.9
8,3,31,665,7.0,16.6,.419,5.2,11.6,.451,1.7,5.0,.344,4.6,7.1,.644,9.3,2.9,2.1,0.7,4.7,6.9,20.2,,94.2,101.7
8,4,31,665,12.3,.505,.470,.300,.429,236,4.9,13.7,9.2,11.9,2.1,1.2,19.2,21.3,,0.3,0.9,1.2,.070,,-2.6,-1.2,-3.8
9,0,29,727,90,260,.346,42,129,.326,48,131,.366,66,81,.815,23,50,73,62,38,1,75,77,294
9,1,29,25.1,3.1,9.0,.346,1.4,4.4,.326,1.7,4.5,.366,2.3,2.8,.815,2.5,2.1,1.3,0.0,2.6,2.7,10.1
9,2,29,727,5.0,14.3,.346,2.3,7.1,.326,2.6,7.2,.366,3.6,4.5,.815,4.0,3.4,2.1,0.1,4.1,4.2,16.2
9,3,29,727,6.7,19.5,.346,3.1,9.7,.326,3.6,9.8,.366,4.9,6.1,.815,5.5,4.6,2.8,0.1,5.6,5.8,22.0,,93.1,103.2
9,4,29,727,11.9,.493,.438,.504,.312,287,3.3,7.6,5.4,18.6,2.8,0.1,20.1,24.1,,0.3,0.8,1.1,.062,,-1.1,-2.4,-3.6
10,0,14,106,12,28,.429,9,12,.750,3,16,.188,2,2,1.000,1,8,9,4,1,2,7,11,29
10,1,14,7.6,0.9,2.0,.429,0.6,0.9,.750,0.2,1.1,.188,0.1,0.1,1.000,0.6,0.3,0.1,0.1,0.5,0.8,2.1
10,2,14,106,4.5,10.6,.429,3.4,4.5,.750,1.1,6.0,.188,0.8,0.8,1.000,3.4,1.5,0.4,0.8,2.6,4.2,10.9
10,3,14,106,6.2,14.4,.429,4.6,6.2,.750,1.5,8.2,.188,1.0,1.0,1.000,4.6,2.1,0.5,1.0,3.6,5.6,14.9,,88.7,107.1
10,4,14,106,6.5,.501,.482,.571,.071,26,1.0,8.3,4.6,8.0,0.5,1.9,19.5,15.9,,0.0,0.1,0.1,.028,,-4.7,-3.2,-7.9
11,0,17,152,17,52,.327,12,26,.462,5,26,.192,9,12,.750,10,25,35,15,14,1,8,35,48
11,1,17,8.9,1.0,3.1,.327,0.7,1.5,.462,0.3,1.5,.192,0.5,0.7,.750,2.1,0.9,0.8,0.1,0.5,2.1,2.8
11,2,17,152,4.5,13.7,.327,3.2,6.8,.462,1.3,6.8,.192,2.4,3.2,.750,9.2,3.9,3.7,0.3,2.1,9.2,12.6
11,3,17,152,6.1,18.6,.327,4.3,9.3,.462,1.8,9.3,.192,3.2,4.3,.750,12.5,5.4,5.0,0.4,2.9,12.5,17.2,,95.9,93.4
11,4,17,152,14.2,.416,.375,.500,.231,53,6.9,18.1,12.3,20.9,5.0,0.7,12.2,20.3,,0.1,0.3,0.4,.108,,-0.4,1.1,0.7
12,0,32,758,87,169,.515,87,164,.530,0,5,.000,45,86,.523,66,123,189,22,18,3,56,73,219
12,1,32,23.7,2.7,5.3,.515,2.7,5.1,.530,0.0,0.2,.000,1.4,2.7,.523,5.9,0.7,0.6,0.1,1.8,2.3,6.8
12,2,32,758,4.6,8.9,.515,4.6,8.7,.530,0.0,0.3,.000,2.4,4.5,.523,10.0,1.2,0.9,0.2,3.0,3.9,11.6
12,3,32,758,6.2,12.1,.515,6.2,11.8,.530,0.0,0.4,.000,3.2,6.2,.523,13.6,1.6,1.3,0.2,4.0,5.2,15.7,,95.3,102.4
12,4,32,758,11.9,.522,.515,.030,.509,218,9.1,17.8,13.4,6.2,1.3,0.4,21.1,16.4,,0.4,0.9,1.3,.067,,-3.7,-1.4,-5.1
13,0,30,283,17,37,.459,17,37,.459,0,0,,15,36,.417,21,25,46,4,4,5,21,42,49
13,1,30,9.4,0.6,1.2,.459,0.6,1.2,.459,0.0,0.0,,0.5,1.2,.417,1.5,0.1,0.1,0.2,0.7,1.4,1.6
13,2,30,283,2.4,5.2,.459,2.4,5.2,.459,0.0,0.0,,2.1,5.1,.417,6.5,0.6,0.6,0.7,3.0,5.9,6.9
13,3,30,283,3.3,7.1,.459,3.3,7.1,.459,0.0,0.0,,2.9,6.9,.417,8.8,0.8,0.8,1.0,4.0,8.1,9.4,,78.7,105.8
13,4,30,283,4.1,.453,.459,.000,.973,52,7.8,9.7,8.7,2.7,0.8,1.8,28.0,12.4,,-0.2,0.2,0.1,.008,,-6.8,-1.6,-8.4
