0,0,29,701,115,212,.542,115,211,.545,0,1,.000,71,112,.634,75,121,196,7,43,21,50,95,301
0,1,29,24.2,4.0,7.3,.542,4.0,7.3,.545,0.0,0.0,.000,2.4,3.9,.634,6.8,0.2,1.5,0.7,1.7,3.3,10.4
0,2,29,701,6.6,12.1,.542,6.6,12.0,.545,0.0,0.1,.000,4.1,6.4,.634,11.2,0.4,2.5,1.2,2.9,5.4,17.2
0,3,29,701,8.9,16.4,.542,8.9,16.3,.545,0.0,0.1,.000,5.5,8.7,.634,15.1,0.5,3.3,1.6,3.9,7.3,23.3,,107.6,104.2
0,4,29,701,20.0,.567,.542,.005,.528,287,11.0,20.5,15.4,2.1,3.3,2.8,15.9,21.0,,1.1,0.9,2.0,.114,,-2.9,-1.5,-4.4
1,0,24,213,41,109,.376,21,39,.538,20,70,.286,12,18,.667,3,7,10,11,10,0,8,16,114
1,1,24,8.9,1.7,4.5,.376,0.9,1.6,.538,0.8,2.9,.286,0.5,0.8,.667,0.4,0.5,0.4,0.0,0.3,0.7,4.8
1,2,24,213,7.7,20.5,.376,3.9,7.3,.538,3.8,13.1,.286,2.3,3.4,.667,1.9,2.1,1.9,0.0,1.5,3.0,21.4
1,3,24,213,10.4,27.7,.376,5.3,9.9,.538,5.1,17.8,.286,3.1,4.6,.667,2.5,2.8,2.5,0.0,2.0,4.1,29.0,,103.1,112.9
1,4,24,213,15.3,.485,.468,.642,.165,100,1.4,3.9,2.6,11.8,2.5,0.0,6.4,27.6,,0.3,0.1,0.4,.072,,0.4,-7.1,-6.7
2,0,21,163,10,44,.227,9,27,.333,1,17,.059,13,18,.722,4,18,22,24,11,0,20,21,34
2,1,21,7.8,0.5,2.1,.227,0.4,1.3,.333,0.0,0.8,.059,0.6,0.9,.722,1.0,1.1,0.5,0.0,1.0,1.0,1.6
2,2,21,163,2.5,10.8,.227,2.2,6.6,.333,0.2,4.2,.059,3.2,4.4,.722,5.4,5.9,2.7,0.0,4.9,5.2,8.3
2,3,21,163,3.3,14.6,.227,3.0,9.0,.333,0.3,5.6,.059,4.3,6.0,.722,7.3,8.0,3.7,0.0,6.6,7.0,11.3,,68.5,107.4
2,4,21,163,4.3,.324,.239,.386,.409,44,2.5,13.1,7.4,25.8,3.7,0.0,27.6,20.8,,-0.4,0.2,-0.2,-.055,,-8.4,-2.1,-10.5
3,0,31,447,45,126,.357,45,126,.357,0,0,,25,39,.641,18,78,96,7,5,10,29,74,115
3,1,31,14.4,1.5,4.1,.357,1.5,4.1,.357,0.0,0.0,,0.8,1.3,.641,3.1,0.2,0.2,0.3,0.9,2.4,3.7
3,2,31,447,4.0,11.3,.357,4.0,11.3,.357,0.0,0.0,,2.2,3.5,.641,8.6,0.6,0.4,0.9,2.6,6.6,10.3
3,3,31,447,5.5,15.3,.357,5.5,15.3,.357,0.0,0.0,,3.0,4.7,.641,11.6,0.8,0.6,1.2,3.5,9.0,13.9,,78.1,110.2
3,4,31,447,4.9,.398,.357,.000,.310,111,4.1,20.8,11.8,3.0,0.6,2.1,16.7,18.2,,-0.5,0.3,-0.2,-.015,,-10.2,-3.5,-13.6
4,0,24,184,10,27,.370,6,18,.333,4,9,.444,4,4,1.000,8,7,15,6,9,0,8,32,28
4,1,24,7.7,0.4,1.1,.370,0.3,0.8,.333,0.2,0.4,.444,0.2,0.2,1.000,0.6,0.3,0.4,0.0,0.3,1.3,1.2
4,2,24,184,2.2,5.9,.370,1.3,3.9,.333,0.9,2.0,.444,0.9,0.9,1.000,3.3,1.3,2.0,0.0,1.7,7.0,6.1
4,3,24,184,2.9,7.9,.370,1.8,5.3,.333,1.2,2.6,.444,1.2,1.2,1.000,4.4,1.8,2.6,0.0,2.4,9.4,8.2,,94.0,111.9
4,4,24,184,4.9,.484,.444,.333,.148,31,4.5,4.5,4.5,5.7,2.6,0.0,21.7,9.4,,0.0,0.1,0.1,.028,,-4.5,-2.1,-6.6
5,0,31,365,52,117,.444,45,94,.479,7,23,.304,14,27,.519,21,41,62,9,8,6,13,41,125
5,1,31,11.8,1.7,3.8,.444,1.5,3.0,.479,0.2,0.7,.304,0.5,0.9,.519,2.0,0.3,0.3,0.2,0.4,1.3,4.0
5,2,31,365,5.7,12.8,.444,4.9,10.3,.479,0.8,2.5,.304,1.5,3.0,.519,6.8,1.0,0.9,0.7,1.4,4.5,13.7
5,3,31,365,7.7,17.4,.444,6.7,13.9,.479,1.0,3.4,.304,2.1,4.0,.519,9.2,1.3,1.2,0.9,1.9,6.1,18.5,,101.1,111.8
5,4,31,365,11.9,.481,.474,.197,.231,117,5.9,13.4,9.4,5.0,1.2,1.6,9.1,18.3,,0.3,0.2,0.5,.054,,-4.3,-3.8,-8.1
6,0,25,321,25,72,.347,15,38,.395,10,34,.294,22,32,.688,3,7,10,34,13,0,25,30,82
6,1,25,12.8,1.0,2.9,.347,0.6,1.5,.395,0.4,1.4,.294,0.9,1.3,.688,0.4,1.4,0.5,0.0,1.0,1.2,3.3
6,2,25,321,3.1,9.0,.347,1.9,4.7,.395,1.2,4.2,.294,2.7,4.0,.688,1.2,4.2,1.6,0.0,3.1,3.7,10.2
6,3,25,321,4.2,12.1,.347,2.5,6.4,.395,1.7,5.7,.294,3.7,5.4,.688,1.7,5.7,2.2,0.0,4.2,5.1,13.8,,90.9,114.0
6,4,25,321,7.1,.470,.417,.472,.444,89,1.0,2.6,1.7,19.2,2.2,0.0,22.3,16.3,,0.0,0.1,0.1,.013,,-4.8,-5.4,-10.2
7,0,32,906,118,304,.388,44,98,.449,74,206,.359,71,90,.789,14,51,65,45,24,1,59,49,381
7,1,32,28.3,3.7,9.5,.388,1.4,3.1,.449,2.3,6.4,.359,2.2,2.8,.789,2.0,1.4,0.8,0.0,1.8,1.5,11.9
7,2,32,906,5.2,13.4,.388,1.9,4.3,.449,3.3,9.1,.359,3.1,4.0,.789,2.9,2.0,1.1,0.0,2.6,2.2,16.8
7,3,32,906,7.1,18.2,.388,2.6,5.9,.449,4.4,12.3,.359,4.2,5.4,.789,3.9,2.7,1.4,0.1,3.5,2.9,22.8,,105.4,114.5
7,4,32,906,12.6,.549,.510,.678,.296,345,1.6,6.7,3.9,9.9,1.4,0.1,14.5,20.9,,1.1,0.3,1.4,.064,,0.1,-4.9,-4.9
8,0,12,57,7,16,.438,7,16,.438,0,0,,1,5,.200,5,10,15,1,0,0,5,16,15
8,1,12,4.8,0.6,1.3,.438,0.6,1.3,.438,0.0,0.0,,0.1,0.4,.200,1.3,0.1,0.0,0.0,0.4,1.3,1.3
8,2,12,57,4.9,11.2,.438,4.9,11.2,.438,0.0,0.0,,0.7,3.5,.200,10.5,0.7,0.0,0.0,3.5,11.2,10.5
8,3,12,57,6.7,15.2,.438,6.7,15.2,.438,0.0,0.0,,1.0,4.8,.200,14.3,1.0,0.0,0.0,4.8,15.2,14.3,,76.2,112.0
8,4,12,57,2.5,.408,.438,.000,.313,15,9.0,20.9,14.5,3.5,0.0,0.0,21.4,19.2,,-0.1,0.0,0.0,-.034,,-10.1,-5.7,-15.9
9,0,31,800,109,282,.387,78,174,.448,31,108,.287,78,122,.639,43,61,104,47,37,3,53,65,327
9,1,31,25.8,3.5,9.1,.387,2.5,5.6,.448,1.0,3.5,.287,2.5,3.9,.639,3.4,1.5,1.2,0.1,1.7,2.1,10.5
9,2,31,800,5.5,14.1,.387,3.9,8.7,.448,1.6,5.4,.287,3.9,6.1,.639,5.2,2.4,1.9,0.2,2.7,3.3,16.4
9,3,31,800,7.4,19.1,.387,5.3,11.8,.448,2.1,7.3,.287,5.3,8.3,.639,7.0,3.2,2.5,0.2,3.6,4.4,22.1,,98.8,111.2
9,4,31,800,13.5,.481,.441,.383,.433,322,5.5,9.1,7.2,11.9,2.5,0.4,13.5,23.0,,0.6,0.5,1.1,.055,,-1.6,-3.1,-4.7
10,0,29,407,44,104,.423,29,62,.468,15,42,.357,26,36,.722,21,48,69,10,9,3,22,75,129
10,1,29,14.0,1.5,3.6,.423,1.0,2.1,.468,0.5,1.4,.357,0.9,1.2,.722,2.4,0.3,0.3,0.1,0.8,2.6,4.4
10,2,29,407,4.3,10.2,.423,2.9,6.1,.468,1.5,4.1,.357,2.6,3.5,.722,6.8,1.0,0.9,0.3,2.2,7.4,12.7
10,3,29,407,5.9,13.8,.423,3.9,8.3,.468,2.0,5.6,.357,3.5,4.8,.722,9.2,1.3,1.2,0.4,2.9,10.0,17.2,,103.2,111.7
10,4,29,407,9.6,.533,.495,.404,.346,122,5.3,14.0,9.3,4.7,1.2,0.7,15.4,16.4,,0.3,0.3,0.6,.058,,-3.4,-3.8,-7.3
11,0,22,213,21,45,.467,17,33,.515,4,12,.333,18,27,.667,2,21,23,27,8,1,28,30,64
11,1,22,9.7,1.0,2.0,.467,0.8,1.5,.515,0.2,0.5,.333,0.8,1.2,.667,1.0,1.2,0.4,0.0,1.3,1.4,2.9
11,2,22,213,3.9,8.5,.467,3.2,6.2,.515,0.8,2.3,.333,3.4,5.1,.667,4.3,5.1,1.5,0.2,5.3,5.6,12.0
11,3,22,213,5.3,11.4,.467,4.3,8.4,.515,1.0,3.1,.333,4.6,6.9,.667,5.8,6.9,2.0,0.3,7.1,7.6,16.3,,88.6,111.0
11,4,22,213,8.6,.553,.511,.267,.600,69,1.0,11.7,5.9,23.8,2.0,0.4,32.6,18.8,,-0.1,0.1,0.1,.014,,-5.8,-3.6,-9.4
12,0,22,498,96,192,.500,89,164,.543,7,28,.250,34,56,.607,8,59,67,37,21,2,68,35,233
12,1,22,22.6,4.4,8.7,.500,4.0,7.5,.543,0.3,1.3,.250,1.5,2.5,.607,3.0,1.7,1.0,0.1,3.1,1.6,10.6
12,2,22,498,7.7,15.4,.500,7.1,13.2,.543,0.6,2.2,.250,2.7,4.5,.607,5.4,3.0,1.7,0.2,5.5,2.8,18.7
12,3,22,498,10.4,20.9,.500,9.7,17.8,.543,0.8,3.0,.250,3.7,6.1,.607,7.3,4.0,2.3,0.2,7.4,3.8,25.3,,88.6,110.2
12,4,22,498,13.0,.533,.518,.146,.292,214,1.6,14.1,7.4,17.0,2.3,0.4,23.7,26.9,,-0.2,0.4,0.2,.013,,-4.9,-3.0,-7.9
13,0,19,241,16,47,.340,16,36,.444,0,11,.000,6,14,.429,27,47,74,17,10,8,12,29,38
13,1,19,12.7,0.8,2.5,.340,0.8,1.9,.444,0.0,0.6,.000,0.3,0.7,.429,3.9,0.9,0.5,0.4,0.6,1.5,2.0
13,2,19,241,2.7,7.8,.340,2.7,6.0,.444,0.0,1.8,.000,1.0,2.3,.429,12.3,2.8,1.7,1.3,2.0,4.8,6.3
13,3,19,241,3.6,10.6,.340,3.6,8.1,.444,0.0,2.5,.000,1.3,3.1,.429,16.6,3.8,2.2,1.8,2.7,6.5,8.5,,88.6,105.6
13,4,19,241,11.0,.354,.340,.234,.298,55,11.5,23.2,16.9,12.5,2.2,3.2,18.3,12.7,,-0.1,0.3,0.2,.039,,-5.0,1.0,-4.0
14,0,26,309,20,49,.408,19,46,.413,1,3,.333,21,31,.677,31,51,82,15,8,3,19,44,62
14,1,26,11.9,0.8,1.9,.408,0.7,1.8,.413,0.0,0.1,.333,0.8,1.2,.677,3.2,0.6,0.3,0.1,0.7,1.7,2.4
14,2,26,309,2.6,6.3,.408,2.5,6.0,.413,0.1,0.4,.333,2.7,4.0,.677,10.6,1.9,1.0,0.4,2.5,5.7,8.0
14,3,26,309,3.5,8.6,.408,3.3,8.1,.413,0.2,0.5,.333,3.7,5.4,.677,14.4,2.6,1.4,0.5,3.3,7.7,10.9,,99.0,109.6
14,4,26,309,10.0,.486,.418,.061,.633,77,10.3,19.6,14.6,8.6,1.4,0.9,23.0,12.5,,0.1,0.3,0.4,.051,,-4.8,-1.5,-6.3
15,0,31,571,78,185,.422,49,103,.476,29,82,.354,58,76,.763,14,45,59,59,29,1,42,65,243
15,1,31,18.4,2.5,6.0,.422,1.6,3.3,.476,0.9,2.6,.354,1.9,2.5,.763,1.9,1.9,0.9,0.0,1.4,2.1,7.8
15,2,31,571,5.5,13.0,.422,3.4,7.2,.476,2.0,5.7,.354,4.1,5.3,.763,4.1,4.1,2.0,0.1,2.9,4.6,17.0
15,3,31,571,7.4,17.5,.422,4.6,9.8,.476,2.8,7.8,.354,5.5,7.2,.763,5.6,5.6,2.8,0.1,4.0,6.2,23.0,,108.3,110.5
15,4,31,571,15.8,.550,.500,.443,.411,242,2.5,9.4,5.7,20.9,2.8,0.2,16.0,21.5,,0.9,0.4,1.4,.095,,0.2,-3.5,-3.3
16,0,3,7,1,3,.333,1,3,.333,0,0,,0,0,,3,2,5,1,0,0,1,1,2
16,1,3,2.3,0.3,1.0,.333,0.3,1.0,.333,0.0,0.0,,0.0,0.0,,1.7,0.3,0.0,0.0,0.3,0.3,0.7
16,2,3,7,5.7,17.1,.333,5.7,17.1,.333,0.0,0.0,,0.0,0.0,,28.6,5.7,0.0,0.0,5.7,5.7,11.4
16,3,3,7,7.7,23.2,.333,7.7,23.2,.333,0.0,0.0,,0.0,0.0,,38.7,7.7,0.0,0.0,7.7,7.7,15.5,,90.8,108.8
16,4,3,7,18.9,.333,.333,.000,.000,4,43.9,34.0,39.3,29.3,0.0,0.0,25.0,26.7,,0.0,0.0,0.0,.028,,-1.0,-1.3,-2.3
