0,0,32,515,62,107,.579,62,107,.579,0,0,,36,55,.655,44,49,93,8,4,12,42,68,160
0,1,32,16.1,1.9,3.3,.579,1.9,3.3,.579,0.0,0.0,,1.1,1.7,.655,2.9,0.3,0.1,0.4,1.3,2.1,5.0
0,2,32,515,4.8,8.3,.579,4.8,8.3,.579,0.0,0.0,,2.8,4.3,.655,7.2,0.6,0.3,0.9,3.3,5.3,12.4
0,3,32,515,7.1,12.3,.579,7.1,12.3,.579,0.0,0.0,,4.1,6.3,.655,10.7,0.9,0.5,1.4,4.8,7.8,18.4,,102.2,109.8
0,4,32,515,12.3,.601,.579,.000,.514,157,9.8,13.1,11.3,3.2,0.5,2.4,24.0,17.6,,0.6,0.2,0.8,.064,,-3.5,-2.2,-5.7
1,0,5,5,0,1,.000,0,0,,0,1,.000,0,0,,1,2,3,0,0,0,0,1,0
1,1,5,1.0,0.0,0.2,.000,0.0,0.0,,0.0,0.2,.000,0.0,0.0,,0.6,0.0,0.0,0.0,0.0,0.2,0.0
1,2,5,5,0.0,8.0,.000,0.0,0.0,,0.0,8.0,.000,0.0,0.0,,24.0,0.0,0.0,0.0,0.0,8.0,0.0
1,3,5,5,0.0,11.8,.000,0.0,0.0,,0.0,11.8,.000,0.0,0.0,,35.5,0.0,0.0,0.0,0.0,11.8,0.0,,60.7,98.9
1,4,5,5,3.8,.000,.000,1.000,.000,1,23.0,55.0,37.6,0.0,0.0,0.0,0.0,10.3,,0.0,0.0,0.0,-.003,,-11.1,-9.4,-20.5
2,0,12,13,1,4,.250,1,2,.500,0,2,.000,0,0,,0,0,0,1,0,0,3,1,2
2,1,12,1.1,0.1,0.3,.250,0.1,0.2,.500,0.0,0.2,.000,0.0,0.0,,0.0,0.1,0.0,0.0,0.3,0.1,0.2
2,2,12,13,3.1,12.3,.250,3.1,6.2,.500,0.0,6.2,.000,0.0,0.0,,0.0,3.1,0.0,0.0,9.2,3.1,6.2
2,3,12,13,4.6,18.2,.250,4.6,9.1,.500,0.0,9.1,.000,0.0,0.0,,0.0,4.6,0.0,0.0,13.7,4.6,9.1,,36.9,116.3
2,4,12,13,-14.2,.250,.250,.500,.000,2,0.0,0.0,0.0,14.6,0.0,0.0,42.9,27.8,,-0.1,0.0,-0.1,-.296,,-19.2,-8.8,-28.0
3,0,20,432,28,81,.346,24,61,.393,4,20,.200,25,36,.694,9,15,24,64,11,1,40,39,85
3,1,20,21.6,1.4,4.1,.346,1.2,3.1,.393,0.2,1.0,.200,1.3,1.8,.694,1.2,3.2,0.6,0.1,2.0,2.0,4.3
3,2,20,432,2.6,7.5,.346,2.2,5.6,.393,0.4,1.9,.200,2.3,3.3,.694,2.2,5.9,1.0,0.1,3.7,3.6,7.9
3,3,20,432,3.8,11.1,.346,3.3,8.4,.393,0.5,2.7,.200,3.4,4.9,.694,3.3,8.8,1.5,0.1,5.5,5.3,11.6,,87.5,111.4
3,4,20,432,6.9,.433,.370,.247,.444,115,2.4,4.8,3.5,27.4,1.5,0.2,29.0,16.5,,0.0,0.1,0.1,.006,,-5.1,-3.7,-8.8
4,0,2,1,0,0,,0,0,,0,0,,0,0,,0,0,0,0,0,0,0,0,0
4,1,2,0.5,0.0,0.0,,0.0,0.0,,0.0,0.0,,0.0,0.0,,0.0,0.0,0.0,0.0,0.0,0.0,0.0
4,2,2,1,0.0,0.0,,0.0,0.0,,0.0,0.0,,0.0,0.0,,0.0,0.0,0.0,0.0,0.0,0.0,0.0
4,3,2,1,0.0,0.0,,0.0,0.0,,0.0,0.0,,0.0,0.0,,0.0,0.0,0.0,0.0,0.0,0.0,0.0,,,116.8
4,4,2,1,0.0,,,,,0,0.0,0.0,0.0,0.0,0.0,0.0,,0.0,,0.0,0.0,0.0,-.011,,-5.9,-1.1,-7.0
5,0,32,397,37,75,.493,34,61,.557,3,14,.214,13,26,.500,21,45,66,7,11,8,18,52,90
5,1,32,12.4,1.2,2.3,.493,1.1,1.9,.557,0.1,0.4,.214,0.4,0.8,.500,2.1,0.2,0.3,0.3,0.6,1.6,2.8
5,2,32,397,3.7,7.6,.493,3.4,6.1,.557,0.3,1.4,.214,1.3,2.6,.500,6.6,0.7,1.1,0.8,1.8,5.2,9.1
5,3,32,397,5.5,11.2,.493,5.1,9.1,.557,0.4,2.1,.214,1.9,3.9,.500,9.8,1.0,1.6,1.2,2.7,7.7,13.4,,98.0,106.7
5,4,32,397,9.9,.515,.513,.187,.347,88,6.1,15.6,10.4,3.4,1.6,2.0,17.1,13.7,,0.2,0.3,0.5,.053,,-4.0,-1.0,-5.0
6,0,5,4,0,2,.000,0,1,.000,0,1,.000,0,0,,0,0,0,0,0,0,0,1,0
6,1,5,0.8,0.0,0.4,.000,0.0,0.2,.000,0.0,0.2,.000,0.0,0.0,,0.0,0.0,0.0,0.0,0.0,0.2,0.0
6,2,5,4,0.0,20.0,.000,0.0,10.0,.000,0.0,10.0,.000,0.0,0.0,,0.0,0.0,0.0,0.0,0.0,10.0,0.0
6,3,5,4,0.0,29.6,.000,0.0,14.8,.000,0.0,14.8,.000,0.0,0.0,,0.0,0.0,0.0,0.0,0.0,14.8,0.0,,0.0,115.3
6,4,5,4,-26.1,.000,.000,.500,.000,0,0.0,0.0,0.0,0.0,0.0,0.0,0.0,25.8,,0.0,0.0,0.0,-.364,,-20.5,-9.3,-29.8
7,0,24,200,9,24,.375,8,14,.571,1,10,.100,11,16,.688,10,41,51,7,8,4,8,24,30
7,1,24,8.3,0.4,1.0,.375,0.3,0.6,.571,0.0,0.4,.100,0.5,0.7,.688,2.1,0.3,0.3,0.2,0.3,1.0,1.3
7,2,24,200,1.8,4.8,.375,1.6,2.8,.571,0.2,2.0,.100,2.2,3.2,.688,10.2,1.4,1.6,0.8,1.6,4.8,6.0
7,3,24,200,2.7,7.1,.375,2.4,4.1,.571,0.3,3.0,.100,3.3,4.7,.688,15.1,2.1,2.4,1.2,2.4,7.1,8.9,,98.5,101.4
7,4,24,200,10.6,.475,.396,.417,.667,35,5.8,28.2,16.0,6.2,2.4,2.0,20.2,10.2,,0.1,0.2,0.3,.070,,-4.3,1.0,-3.3
8,0,32,522,84,134,.627,84,133,.632,0,1,.000,21,42,.500,44,67,111,12,16,11,42,91,189
8,1,32,16.3,2.6,4.2,.627,2.6,4.2,.632,0.0,0.0,.000,0.7,1.3,.500,3.5,0.4,0.5,0.3,1.3,2.8,5.9
8,2,32,522,6.4,10.3,.627,6.4,10.2,.632,0.0,0.1,.000,1.6,3.2,.500,8.5,0.9,1.2,0.8,3.2,7.0,14.5
8,3,32,522,9.5,15.2,.627,9.5,15.1,.632,0.0,0.1,.000,2.4,4.8,.500,12.6,1.4,1.8,1.2,4.8,10.3,21.4,,104.3,105.4
8,4,32,522,16.0,.614,.627,.007,.313,176,9.7,17.6,13.3,5.2,1.8,2.1,21.4,19.4,,0.8,0.4,1.2,.093,,-2.2,-1.1,-3.3
9,0,32,1002,126,316,.399,69,141,.489,57,175,.326,36,50,.720,15,63,78,101,43,13,55,68,345
9,1,32,31.3,3.9,9.9,.399,2.2,4.4,.489,1.8,5.5,.326,1.1,1.6,.720,2.4,3.2,1.3,0.4,1.7,2.1,10.8
9,2,32,1002,5.0,12.6,.399,2.8,5.6,.489,2.3,7.0,.326,1.4,2.0,.720,3.1,4.0,1.7,0.5,2.2,2.7,13.8
9,3,32,1002,7.4,18.7,.399,4.1,8.3,.489,3.4,10.3,.326,2.1,3.0,.720,4.6,6.0,2.5,0.8,3.2,4.0,20.4,,104.3,107.6
9,4,32,1002,15.0,.508,.489,.554,.158,351,1.7,8.6,4.9,21.0,2.5,1.3,13.9,20.4,,1.5,0.6,2.2,.086,,0.8,-1.6,-0.8
10,0,22,321,35,81,.432,21,38,.553,14,43,.326,11,25,.440,11,35,46,5,14,0,17,49,95
10,1,22,14.6,1.6,3.7,.432,1.0,1.7,.553,0.6,2.0,.326,0.5,1.1,.440,2.1,0.2,0.6,0.0,0.8,2.2,4.3
10,2,22,321,4.4,10.1,.432,2.6,4.7,.553,1.7,5.4,.326,1.4,3.1,.440,5.7,0.6,1.7,0.0,2.1,6.1,11.8
10,3,22,321,6.4,14.9,.432,3.9,7.0,.553,2.6,7.9,.326,2.0,4.6,.440,8.5,0.9,2.6,0.0,3.1,9.0,17.5,,94.5,105.8
10,4,22,321,9.9,.511,.519,.531,.309,85,3.9,15.0,9.0,3.1,2.6,0.0,15.5,17.7,,0.2,0.3,0.4,.051,,-2.8,-2.5,-5.3
11,0,28,442,50,134,.373,22,42,.524,28,92,.304,21,31,.677,17,52,69,20,25,6,24,36,149
11,1,28,15.8,1.8,4.8,.373,0.8,1.5,.524,1.0,3.3,.304,0.8,1.1,.677,2.5,0.7,0.9,0.2,0.9,1.3,5.3
11,2,28,442,4.5,12.1,.373,2.0,3.8,.524,2.5,8.3,.304,1.9,2.8,.677,6.2,1.8,2.3,0.5,2.2,3.3,13.5
11,3,28,442,6.7,17.9,.373,2.9,5.6,.524,3.7,12.3,.304,2.8,4.1,.677,9.2,2.7,3.3,0.8,3.2,4.8,19.9,,99.8,103.5
11,4,28,442,14.9,.501,.478,.687,.231,143,4.4,16.2,9.8,9.2,3.3,1.4,13.9,20.2,,0.5,0.4,0.9,.083,,-0.4,-0.8,-1.2
12,0,32,839,114,297,.384,53,127,.417,61,170,.359,67,89,.753,38,95,133,49,34,5,41,66,356
12,1,32,26.2,3.6,9.3,.384,1.7,4.0,.417,1.9,5.3,.359,2.1,2.8,.753,4.2,1.5,1.1,0.2,1.3,2.1,11.1
12,2,32,839,5.4,14.2,.384,2.5,6.1,.417,2.9,8.1,.359,3.2,4.2,.753,6.3,2.3,1.6,0.2,2.0,3.1,17.0
12,3,32,839,8.0,20.9,.384,3.7,9.0,.417,4.3,12.0,.359,4.7,6.3,.753,9.4,3.5,2.4,0.4,2.9,4.7,25.1,,109.1,106.1
12,4,32,839,18.3,.525,.487,.572,.300,342,5.2,15.6,9.9,12.4,2.4,0.6,10.8,23.4,,1.9,0.6,2.5,.120,,2.0,-1.9,0.0
13,0,32,958,145,364,.398,62,133,.466,83,231,.359,71,91,.780,33,86,119,50,67,5,55,70,444
13,1,32,29.9,4.5,11.4,.398,1.9,4.2,.466,2.6,7.2,.359,2.2,2.8,.780,3.7,1.6,2.1,0.2,1.7,2.2,13.9
13,2,32,958,6.1,15.2,.398,2.6,5.6,.466,3.5,9.6,.359,3.0,3.8,.780,5.0,2.1,2.8,0.2,2.3,2.9,18.5
13,3,32,958,9.0,22.5,.398,3.8,8.2,.466,5.1,14.3,.359,4.4,5.6,.780,7.3,3.1,4.1,0.3,3.4,4.3,27.4,,108.5,103.5
13,4,32,958,20.3,.545,.512,.635,.250,408,4.0,12.3,7.8,11.5,4.1,0.5,11.9,24.9,,2.2,1.0,3.2,.132,,3.4,-1.0,2.4
14,0,30,773,87,193,.451,64,142,.451,23,51,.451,91,117,.778,30,34,64,65,36,2,40,57,288
14,1,30,25.8,2.9,6.4,.451,2.1,4.7,.451,0.8,1.7,.451,3.0,3.9,.778,2.1,2.2,1.2,0.1,1.3,1.9,9.6
14,2,30,773,4.5,10.0,.451,3.3,7.3,.451,1.2,2.6,.451,4.7,6.1,.778,3.3,3.4,1.9,0.1,2.1,2.9,14.9
14,3,30,773,6.7,14.8,.451,4.9,10.9,.451,1.8,3.9,.451,7.0,9.0,.778,4.9,5.0,2.8,0.2,3.1,4.4,22.0,,118.4,108.5
14,4,30,773,18.3,.579,.510,.264,.606,296,4.5,6.0,5.2,17.1,2.8,0.3,13.9,19.3,,2.2,0.4,2.6,.134,,1.9,-1.7,0.2
