0,0,31,684,71,188,.378,23,55,.418,48,133,.361,27,41,.659,26,36,62,21,20,2,18,66,217
0,1,31,22.1,2.3,6.1,.378,0.7,1.8,.418,1.5,4.3,.361,0.9,1.3,.659,2.0,0.7,0.6,0.1,0.6,2.1,7.0
0,2,31,684,4.2,11.0,.378,1.3,3.2,.418,2.8,7.8,.361,1.6,2.4,.659,3.6,1.2,1.2,0.1,1.1,3.9,12.7
0,3,31,684,5.9,15.7,.378,1.9,4.6,.418,4.0,11.1,.361,2.3,3.4,.659,5.2,1.8,1.7,0.2,1.5,5.5,18.1,,111.2,115.2
0,4,31,684,11.2,.523,.505,.707,.218,205,4.3,6.5,5.3,5.8,1.7,0.3,8.0,16.6,,1.0,0.2,1.2,.068,,0.8,-3.5,-2.7
1,0,13,30,5,11,.455,3,4,.750,2,7,.286,0,1,.000,0,1,1,0,1,0,2,3,12
1,1,13,2.3,0.4,0.8,.455,0.2,0.3,.750,0.2,0.5,.286,0.0,0.1,.000,0.1,0.0,0.1,0.0,0.2,0.2,0.9
1,2,13,30,6.7,14.7,.455,4.0,5.3,.750,2.7,9.3,.286,0.0,1.3,.000,1.3,0.0,1.3,0.0,2.7,4.0,16.0
1,3,13,30,9.5,20.9,.455,5.7,7.6,.750,3.8,13.3,.286,0.0,1.9,.000,1.9,0.0,1.9,0.0,3.8,5.7,22.8,,87.6,115.6
1,4,13,30,8.3,.523,.545,.636,.091,9,0.0,4.1,2.0,0.0,1.9,0.0,14.8,22.6,,0.0,0.0,0.0,-.006,,-4.1,-6.8,-10.9
2,0,33,787,84,139,.604,83,135,.615,1,4,.250,65,77,.844,57,108,165,13,15,44,41,93,234
2,1,33,23.8,2.5,4.2,.604,2.5,4.1,.615,0.0,0.1,.250,2.0,2.3,.844,5.0,0.4,0.5,1.3,1.2,2.8,7.1
2,2,33,787,4.3,7.1,.604,4.2,6.9,.615,0.1,0.2,.250,3.3,3.9,.844,8.4,0.7,0.8,2.2,2.1,4.7,11.9
2,3,33,787,6.1,10.1,.604,6.0,9.8,.615,0.1,0.3,.250,4.7,5.6,.844,12.0,0.9,1.1,3.2,3.0,6.7,17.0,,121.8,110.1
2,4,33,787,16.3,.666,.608,.029,.554,234,8.2,16.9,12.3,3.1,1.1,5.0,18.9,13.8,,1.5,0.6,2.2,.110,,-1.2,0.3,-0.9
3,0,33,717,72,153,.471,65,130,.500,7,23,.304,64,95,.674,66,113,179,11,17,21,27,67,215
3,1,33,21.7,2.2,4.6,.471,2.0,3.9,.500,0.2,0.7,.304,1.9,2.9,.674,5.4,0.3,0.5,0.6,0.8,2.0,6.5
3,2,33,717,4.0,8.5,.471,3.6,7.3,.500,0.4,1.3,.304,3.6,5.3,.674,10.0,0.6,0.9,1.2,1.5,3.7,12.0
3,3,33,717,5.7,12.2,.471,5.2,10.4,.500,0.6,1.8,.304,5.1,7.6,.674,14.3,0.9,1.4,1.7,2.2,5.3,17.1,,115.1,110.2
3,4,33,717,15.7,.543,.493,.150,.621,228,10.4,19.4,14.7,2.9,1.4,2.6,12.0,15.8,,1.2,0.6,1.8,.100,,-1.9,-1.6,-3.5
4,0,16,56,0,0,,0,0,,0,0,,0,0,,1,0,1,2,1,0,2,6,0
4,1,16,3.5,0.0,0.0,,0.0,0.0,,0.0,0.0,,0.0,0.0,,0.1,0.1,0.1,0.0,0.1,0.4,0.0
4,2,16,56,0.0,0.0,,0.0,0.0,,0.0,0.0,,0.0,0.0,,0.7,1.4,0.7,0.0,1.4,4.3,0.0
4,3,16,56,0.0,0.0,,0.0,0.0,,0.0,0.0,,0.0,0.0,,1.0,2.0,1.0,0.0,2.0,6.1,0.0,,63.4,118.9
4,4,16,56,-0.7,,,,,2,2.0,0.0,1.1,5.6,1.0,0.0,100.0,1.8,,0.0,0.0,0.0,-.017,,-5.9,-1.0,-6.9
5,0,7,117,17,28,.607,16,27,.593,1,1,1.000,5,10,.500,8,22,30,3,3,0,5,20,40
5,1,7,16.7,2.4,4.0,.607,2.3,3.9,.593,0.1,0.1,1.000,0.7,1.4,.500,4.3,0.4,0.4,0.0,0.7,2.9,5.7
5,2,7,117,5.8,9.6,.607,5.5,9.2,.593,0.3,0.3,1.000,1.7,3.4,.500,10.3,1.0,1.0,0.0,1.7,6.8,13.7
5,3,7,117,8.3,13.7,.607,7.8,13.2,.593,0.5,0.5,1.000,2.4,4.9,.500,14.6,1.5,1.5,0.0,2.4,9.8,19.5,,117.3,109.9
5,4,7,117,15.6,.611,.625,.036,.357,38,7.7,23.1,15.1,5.2,1.5,0.0,13.2,16.2,,0.2,0.1,0.3,.107,,-1.8,-2.8,-4.6
6,0,13,25,3,6,.500,3,6,.500,0,0,,0,0,,4,1,5,0,0,1,1,6,6
6,1,13,1.9,0.2,0.5,.500,0.2,0.5,.500,0.0,0.0,,0.0,0.0,,0.4,0.0,0.0,0.1,0.1,0.5,0.5
6,2,13,25,4.8,9.6,.500,4.8,9.6,.500,0.0,0.0,,0.0,0.0,,8.0,0.0,0.0,1.6,1.6,9.6,9.6
6,3,13,25,6.9,13.7,.500,6.9,13.7,.500,0.0,0.0,,0.0,0.0,,11.4,0.0,0.0,2.3,2.3,13.7,13.7,,110.2,116.8
6,4,13,25,9.6,.500,.500,.000,.000,7,18.1,4.9,11.8,0.0,0.0,3.6,14.3,14.1,,0.0,0.0,0.0,.058,,-3.8,-5.4,-9.2
7,0,14,62,1,9,.111,1,3,.333,0,6,.000,4,4,1.000,0,5,5,6,4,0,5,6,6
7,1,14,4.4,0.1,0.6,.111,0.1,0.2,.333,0.0,0.4,.000,0.3,0.3,1.000,0.4,0.4,0.3,0.0,0.4,0.4,0.4
7,2,14,62,0.6,5.8,.111,0.6,1.9,.333,0.0,3.9,.000,2.6,2.6,1.000,3.2,3.9,2.6,0.0,3.2,3.9,3.9
7,3,14,62,0.9,8.3,.111,0.9,2.8,.333,0.0,5.5,.000,3.7,3.7,1.000,4.6,5.5,3.7,0.0,4.6,5.5,5.5,,61.2,109.9
7,4,14,62,2.2,.275,.111,.667,.444,9,0.0,9.9,4.7,15.7,3.7,0.0,31.4,12.9,,-0.1,0.0,-0.1,-.046,,-7.4,-1.1,-8.5
8,0,33,517,59,150,.393,4,12,.333,55,138,.399,12,15,.800,11,33,44,17,4,0,14,36,185
8,1,33,15.7,1.8,4.5,.393,0.1,0.4,.333,1.7,4.2,.399,0.4,0.5,.800,1.3,0.5,0.1,0.0,0.4,1.1,5.6
8,2,33,517,4.6,11.6,.393,0.3,0.9,.333,4.3,10.7,.399,0.9,1.2,.800,3.4,1.3,0.3,0.0,1.1,2.8,14.3
8,3,33,517,6.5,16.6,.393,0.4,1.3,.333,6.1,15.2,.399,1.3,1.7,.800,4.9,1.9,0.4,0.0,1.5,4.0,20.4,,119.1,117.6
8,4,33,517,12.2,.589,.577,.920,.100,163,2.4,7.8,5.0,6.3,0.4,0.0,8.2,16.6,,1.0,0.0,1.0,.080,,1.9,-5.4,-3.4
9,0,33,1078,195,431,.452,139,269,.517,56,162,.346,120,162,.741,13,81,94,181,52,9,97,82,566
9,1,33,32.7,5.9,13.1,.452,4.2,8.2,.517,1.7,4.9,.346,3.6,4.9,.741,2.8,5.5,1.6,0.3,2.9,2.5,17.2
9,2,33,1078,7.2,16.0,.452,5.2,10.0,.517,2.1,6.0,.346,4.5,6.0,.741,3.5,6.7,1.9,0.3,3.6,3.0,21.0
9,3,33,1078,10.3,22.8,.452,7.4,14.3,.517,3.0,8.6,.346,6.4,8.6,.741,5.0,9.6,2.8,0.5,5.1,4.3,30.0,,112.0,111.7
9,4,33,1078,21.7,.557,.517,.376,.376,599,1.4,9.2,5.1,37.1,2.8,0.8,16.0,28.2,,2.9,0.7,3.6,.132,,3.8,-2.7,1.1
10,0,30,453,21,52,.404,19,46,.413,2,6,.333,30,54,.556,9,43,52,35,24,1,42,66,74
10,1,30,15.1,0.7,1.7,.404,0.6,1.5,.413,0.1,0.2,.333,1.0,1.8,.556,1.7,1.2,0.8,0.0,1.4,2.2,2.5
10,2,30,453,1.9,4.6,.404,1.7,4.1,.413,0.2,0.5,.333,2.6,4.8,.556,4.6,3.1,2.1,0.1,3.7,5.8,6.5
10,3,30,453,2.6,6.6,.404,2.4,5.8,.413,0.3,0.8,.333,3.8,6.8,.556,6.6,4.4,3.0,0.1,5.3,8.3,9.3,,79.8,110.4
10,4,30,453,5.1,.476,.423,.115,1.038,90,2.2,11.7,6.8,13.2,3.0,0.2,35.1,13.3,,-0.4,0.3,0.0,-.003,,-5.7,-0.2,-5.8
11,0,33,1026,133,319,.417,92,192,.479,41,127,.323,60,76,.789,44,121,165,57,37,8,54,88,367
11,1,33,31.1,4.0,9.7,.417,2.8,5.8,.479,1.2,3.8,.323,1.8,2.3,.789,5.0,1.7,1.1,0.2,1.6,2.7,11.1
11,2,33,1026,5.2,12.4,.417,3.6,7.5,.479,1.6,5.0,.323,2.3,3.0,.789,6.4,2.2,1.4,0.3,2.1,3.4,14.3
11,3,33,1026,7.4,17.8,.417,5.1,10.7,.479,2.3,7.1,.323,3.3,4.2,.789,9.2,3.2,2.1,0.4,3.0,4.9,20.4,,105.4,111.4
11,4,33,1026,14.3,.517,.481,.398,.238,366,4.8,14.5,9.5,11.0,2.1,0.7,13.2,20.0,,1.2,0.7,1.9,.075,,-0.5,-1.5,-1.9
12,0,33,1098,182,437,.416,99,210,.471,83,227,.366,135,171,.789,30,113,143,43,54,13,70,77,582
12,1,33,33.3,5.5,13.2,.416,3.0,6.4,.471,2.5,6.9,.366,4.1,5.2,.789,4.3,1.3,1.6,0.4,2.1,2.3,17.6
12,2,33,1098,6.6,15.9,.416,3.6,7.7,.471,3.0,8.3,.366,4.9,6.2,.789,5.2,1.6,2.0,0.5,2.6,2.8,21.2
12,3,33,1098,9.5,22.7,.416,5.1,10.9,.471,4.3,11.8,.366,7.0,8.9,.789,7.4,2.2,2.8,0.7,3.6,4.0,30.3,,110.3,110.3
12,4,33,1098,19.8,.562,.511,.519,.391,526,3.1,12.7,7.7,8.4,2.8,1.1,11.9,26.9,,2.3,0.8,3.2,.116,,2.1,-2.6,-0.5
