0,0,6,8,0,3,.000,0,1,.000,0,2,.000,0,0,,0,0,0,0,1,0,1,0,0
0,1,6,1.3,0.0,0.5,.000,0.0,0.2,.000,0.0,0.3,.000,0.0,0.0,,0.0,0.0,0.2,0.0,0.2,0.0,0.0
0,2,6,8,0.0,15.0,.000,0.0,5.0,.000,0.0,10.0,.000,0.0,0.0,,0.0,0.0,5.0,0.0,5.0,0.0,0.0
0,3,6,8,0.0,22.4,.000,0.0,7.5,.000,0.0,14.9,.000,0.0,0.0,,0.0,0.0,7.5,0.0,7.5,0.0,0.0,,0.0,94.4
0,4,6,8,-16.3,.000,.000,.667,.000,0,0.0,0.0,0.0,0.0,7.5,0.0,25.0,25.5,,-0.1,0.0,-0.1,-.305,,-18.7,0.4,-18.2
1,0,31,1131,215,499,.431,121,245,.494,94,254,.370,152,185,.822,19,91,110,133,47,4,98,58,676
1,1,31,36.5,6.9,16.1,.431,3.9,7.9,.494,3.0,8.2,.370,4.9,6.0,.822,3.5,4.3,1.5,0.1,3.2,1.9,21.8
1,2,31,1131,7.6,17.6,.431,4.3,8.7,.494,3.3,9.0,.370,5.4,6.5,.822,3.9,4.7,1.7,0.1,3.5,2.1,23.9
1,3,31,1131,11.3,26.3,.431,6.4,12.9,.494,5.0,13.4,.370,8.0,9.8,.822,5.8,7.0,2.5,0.2,5.2,3.1,35.7,,116.1,100.9
1,4,31,1131,25.2,.576,.525,.509,.371,650,2.0,9.2,5.7,27.6,2.5,0.4,14.3,30.9,,4.5,1.4,6.0,.211,,6.4,-1.7,4.7
2,0,31,918,135,241,.560,134,236,.568,1,5,.200,138,226,.611,119,192,311,33,37,50,62,91,409
2,1,31,29.6,4.4,7.8,.560,4.3,7.6,.568,0.0,0.2,.200,4.5,7.3,.611,10.0,1.1,1.2,1.6,2.0,2.9,13.2
2,2,31,918,5.9,10.5,.560,5.8,10.3,.568,0.0,0.2,.200,6.0,9.8,.611,13.6,1.4,1.6,2.2,2.7,4.0,17.8
2,3,31,918,8.8,15.7,.560,8.7,15.3,.568,0.1,0.3,.200,9.0,14.7,.611,20.2,2.1,2.4,3.2,4.0,5.9,26.6,,118.1,91.5
2,4,31,918,27.1,.587,.562,.021,.938,419,15.5,23.8,19.8,7.7,2.4,5.8,15.1,22.8,,3.1,2.0,5.1,.221,,1.7,3.2,4.9
3,0,31,832,71,190,.374,15,31,.484,56,159,.352,5,10,.500,19,60,79,45,28,5,34,59,203
3,1,31,26.8,2.3,6.1,.374,0.5,1.0,.484,1.8,5.1,.352,0.2,0.3,.500,2.5,1.5,0.9,0.2,1.1,1.9,6.5
3,2,31,832,3.4,9.1,.374,0.7,1.5,.484,2.7,7.6,.352,0.2,0.5,.500,3.8,2.2,1.3,0.2,1.6,2.8,9.8
3,3,31,832,5.1,13.6,.374,1.1,2.2,.484,4.0,11.4,.352,0.4,0.7,.500,5.7,3.2,2.0,0.4,2.4,4.2,14.6,,105.8,102.2
3,4,31,832,10.4,.521,.521,.837,.053,196,2.7,8.2,5.5,10.2,2.0,0.6,14.9,14.0,,0.9,0.9,1.9,.090,,0.9,-0.4,0.4
4,0,27,233,11,40,.275,8,30,.267,3,10,.300,11,16,.688,3,23,26,23,11,2,18,22,36
4,1,27,8.6,0.4,1.5,.275,0.3,1.1,.267,0.1,0.4,.300,0.4,0.6,.688,1.0,0.9,0.4,0.1,0.7,0.8,1.3
4,2,27,233,1.9,6.9,.275,1.4,5.2,.267,0.5,1.7,.300,1.9,2.7,.688,4.5,3.9,1.9,0.3,3.1,3.8,6.2
4,3,27,233,2.8,10.2,.275,2.0,7.7,.267,0.8,2.6,.300,2.8,4.1,.688,6.7,5.9,2.8,0.5,4.6,5.6,9.2,,78.9,98.8
4,4,27,233,6.0,.378,.313,.250,.400,46,1.5,11.3,6.5,17.4,2.8,0.9,27.4,14.4,,-0.2,0.3,0.2,.030,,-5.8,0.6,-5.2
5,0,31,762,86,132,.652,86,132,.652,0,0,,34,64,.531,55,100,155,26,23,18,45,77,206
5,1,31,24.6,2.8,4.3,.652,2.8,4.3,.652,0.0,0.0,,1.1,2.1,.531,5.0,0.8,0.7,0.6,1.5,2.5,6.6
5,2,31,762,4.5,6.9,.652,4.5,6.9,.652,0.0,0.0,,1.8,3.4,.531,8.1,1.4,1.2,0.9,2.4,4.0,10.8
5,3,31,762,6.7,10.3,.652,6.7,10.3,.652,0.0,0.0,,2.7,5.0,.531,12.1,2.0,1.8,1.4,3.5,6.0,16.1,,112.1,98.5
5,4,31,762,15.5,.634,.652,.000,.485,205,8.6,15.0,11.9,6.8,1.8,2.5,21.7,13.9,,1.3,1.1,2.4,.126,,-0.2,1.7,1.5
6,0,13,111,8,13,.615,8,13,.615,0,0,,4,5,.800,4,8,12,2,1,4,5,10,20
6,1,13,8.5,0.6,1.0,.615,0.6,1.0,.615,0.0,0.0,,0.3,0.4,.800,0.9,0.2,0.1,0.3,0.4,0.8,1.5
6,2,13,111,2.9,4.7,.615,2.9,4.7,.615,0.0,0.0,,1.4,1.8,.800,4.3,0.7,0.4,1.4,1.8,3.6,7.2
6,3,13,111,4.3,7.0,.615,4.3,7.0,.615,0.0,0.0,,2.2,2.7,.800,6.5,1.1,0.5,2.2,2.7,5.4,10.8,,108.7,103.8
6,4,13,111,9.0,.650,.615,.000,.385,19,4.3,8.2,6.3,3.3,0.5,3.8,24.5,9.4,,0.1,0.1,0.2,.077,,-3.0,0.5,-2.4
7,0,17,103,9,11,.818,9,11,.818,0,0,,2,7,.286,5,28,33,0,1,0,6,21,20
7,1,17,6.1,0.5,0.6,.818,0.5,0.6,.818,0.0,0.0,,0.1,0.4,.286,1.9,0.0,0.1,0.0,0.4,1.2,1.2
7,2,17,103,3.5,4.3,.818,3.5,4.3,.818,0.0,0.0,,0.8,2.7,.286,12.8,0.0,0.4,0.0,2.3,8.2,7.8
7,3,17,103,5.2,6.4,.818,5.2,6.4,.818,0.0,0.0,,1.2,4.1,.286,19.1,0.0,0.6,0.0,3.5,12.2,11.6,,97.7,94.7
7,4,17,103,9.0,.698,.818,.000,.636,17,5.8,31.0,18.7,0.0,0.6,0.0,29.5,10.1,,0.0,0.2,0.2,.092,,-6.1,-4.4,-10.5
8,0,24,203,15,44,.341,13,31,.419,2,13,.154,6,6,1.000,19,26,45,4,6,1,15,27,38
8,1,24,8.5,0.6,1.8,.341,0.5,1.3,.419,0.1,0.5,.154,0.3,0.3,1.000,1.9,0.2,0.3,0.0,0.6,1.1,1.6
8,2,24,203,3.0,8.7,.341,2.6,6.1,.419,0.4,2.6,.154,1.2,1.2,1.000,8.9,0.8,1.2,0.2,3.0,5.3,7.5
8,3,24,203,4.4,12.9,.341,3.8,9.1,.419,0.6,3.8,.154,1.8,1.8,1.000,13.2,1.2,1.8,0.3,4.4,7.9,11.2,,82.7,99.6
8,4,24,203,6.3,.406,.364,.295,.136,44,11.2,14.6,12.9,3.6,1.8,0.5,24.3,15.6,,-0.1,0.3,0.2,.037,,-5.1,-1.0,-6.1
9,0,29,621,40,95,.421,15,33,.455,25,62,.403,24,26,.923,11,48,59,38,16,5,28,45,129
9,1,29,21.4,1.4,3.3,.421,0.5,1.1,.455,0.9,2.1,.403,0.8,0.9,.923,2.0,1.3,0.6,0.2,1.0,1.6,4.4
9,2,29,621,2.6,6.1,.421,1.0,2.1,.455,1.6,4.0,.403,1.5,1.7,.923,3.8,2.4,1.0,0.3,1.8,2.9,8.3
9,3,29,621,3.8,9.1,.421,1.4,3.2,.455,2.4,6.0,.403,2.3,2.5,.923,5.7,3.7,1.5,0.5,2.7,4.3,12.4,,113.4,102.8
9,4,29,621,10.3,.601,.553,.653,.274,132,2.1,8.8,5.5,11.1,1.5,0.9,20.7,11.1,,0.8,0.7,1.5,.097,,0.1,-0.3,-0.2
10,0,17,351,27,70,.386,24,53,.453,3,17,.176,18,29,.621,27,39,66,11,6,3,19,31,75
10,1,17,20.6,1.6,4.1,.386,1.4,3.1,.453,0.2,1.0,.176,1.1,1.7,.621,3.9,0.6,0.4,0.2,1.1,1.8,4.4
10,2,17,351,3.1,8.0,.386,2.7,6.0,.453,0.3,1.9,.176,2.1,3.3,.621,7.5,1.3,0.7,0.3,2.2,3.5,8.5
10,3,17,351,4.6,11.9,.386,4.1,9.0,.453,0.5,2.9,.176,3.1,4.9,.621,11.2,1.9,1.0,0.5,3.2,5.3,12.7,,94.6,102.1
10,4,17,351,8.8,.448,.407,.243,.414,84,9.2,12.7,11.0,5.8,1.0,0.9,18.5,15.0,,0.2,0.4,0.6,.063,,-3.1,-0.7,-3.8
11,0,14,90,10,17,.588,10,17,.588,0,0,,7,11,.636,3,3,6,4,0,0,10,6,27
11,1,14,6.4,0.7,1.2,.588,0.7,1.2,.588,0.0,0.0,,0.5,0.8,.636,0.4,0.3,0.0,0.0,0.7,0.4,1.9
11,2,14,90,4.4,7.6,.588,4.4,7.6,.588,0.0,0.0,,3.1,4.9,.636,2.7,1.8,0.0,0.0,4.4,2.7,12.0
11,3,14,90,6.6,11.3,.588,6.6,11.3,.588,0.0,0.0,,4.6,7.3,.636,4.0,2.7,0.0,0.0,6.6,4.0,17.9,,91.8,109.0
11,4,14,90,7.7,.607,.588,.000,.647,26,4.0,3.8,3.9,8.8,0.0,0.0,31.0,18.3,,0.0,0.0,0.1,.030,,-5.0,-3.6,-8.6
12,0,31,937,149,361,.413,90,182,.495,59,179,.330,61,84,.726,27,89,116,78,33,11,88,89,418
12,1,31,30.2,4.8,11.6,.413,2.9,5.9,.495,1.9,5.8,.330,2.0,2.7,.726,3.7,2.5,1.1,0.4,2.8,2.9,13.5
12,2,31,937,6.4,15.4,.413,3.8,7.8,.495,2.5,7.6,.330,2.6,3.6,.726,5.0,3.3,1.4,0.5,3.8,3.8,17.8
12,3,31,937,9.5,23.0,.413,5.7,11.6,.495,3.8,11.4,.330,3.9,5.3,.726,7.4,5.0,2.1,0.7,5.6,5.7,26.6,,100.3,100.4
12,4,31,937,15.9,.521,.494,.496,.233,401,3.4,10.8,7.2,18.2,2.1,1.2,18.0,26.7,,1.4,1.2,2.6,.111,,0.4,-0.9,-0.5
