0,0,32,693,92,201,.458,92,201,.458,0,0,,58,89,.652,48,117,165,14,18,15,45,69,242
0,1,32,21.7,2.9,6.3,.458,2.9,6.3,.458,0.0,0.0,,1.8,2.8,.652,5.2,0.4,0.6,0.5,1.4,2.2,7.6
0,2,32,693,5.3,11.6,.458,5.3,11.6,.458,0.0,0.0,,3.3,5.1,.652,9.5,0.8,1.0,0.9,2.6,4.0,14.0
0,3,32,693,8.3,18.0,.458,8.3,18.0,.458,0.0,0.0,,5.2,8.0,.652,14.8,1.3,1.6,1.3,4.0,6.2,21.7,,98.4,95.2
0,4,32,693,15.0,.497,.458,.000,.443,229,8.9,21.8,15.3,4.6,1.6,2.4,15.6,22.1,,0.6,1.3,1.9,.112,,-4.5,-0.1,-4.6
1,0,2,2,0,1,.000,0,1,.000,0,0,,0,0,,0,0,0,0,0,0,0,0,0
1,1,2,1.0,0.0,0.5,.000,0.0,0.5,.000,0.0,0.0,,0.0,0.0,,0.0,0.0,0.0,0.0,0.0,0.0,0.0
1,2,2,2,0.0,20.0,.000,0.0,20.0,.000,0.0,0.0,,0.0,0.0,,0.0,0.0,0.0,0.0,0.0,0.0,0.0
1,3,2,2,0.0,31.1,.000,0.0,31.1,.000,0.0,0.0,,0.0,0.0,,0.0,0.0,0.0,0.0,0.0,0.0,0.0,,0.0,109.1
1,4,2,2,-22.6,.000,.000,.000,.000,0,0.0,0.0,0.0,0.0,0.0,0.0,0.0,26.5,,0.0,0.0,0.0,-.316,,-24.3,-7.4,-31.7
2,0,32,900,112,269,.416,54,125,.432,58,144,.403,93,125,.744,15,46,61,76,34,3,64,58,375
2,1,32,28.1,3.5,8.4,.416,1.7,3.9,.432,1.8,4.5,.403,2.9,3.9,.744,1.9,2.4,1.1,0.1,2.0,1.8,11.7
2,2,32,900,5.0,12.0,.416,2.4,5.6,.432,2.6,6.4,.403,4.1,5.6,.744,2.7,3.4,1.5,0.1,2.8,2.6,16.7
2,3,32,900,7.7,18.6,.416,3.7,8.6,.432,4.0,9.9,.403,6.4,8.6,.744,4.2,5.2,2.3,0.2,4.4,4.0,25.9,,111.3,100.8
2,4,32,900,17.1,.571,.524,.535,.465,353,2.1,6.6,4.4,18.7,2.3,0.4,16.3,23.1,,2.1,1.2,3.3,.148,,2.6,-1.6,1.0
3,0,32,569,68,124,.548,68,124,.548,0,0,,64,101,.634,66,73,139,12,22,33,44,92,200
3,1,32,17.8,2.1,3.9,.548,2.1,3.9,.548,0.0,0.0,,2.0,3.2,.634,4.3,0.4,0.7,1.0,1.4,2.9,6.3
3,2,32,569,4.8,8.7,.548,4.8,8.7,.548,0.0,0.0,,4.5,7.1,.634,9.8,0.8,1.5,2.3,3.1,6.5,14.1
3,3,32,569,7.4,13.5,.548,7.4,13.5,.548,0.0,0.0,,7.0,11.0,.634,15.2,1.3,2.4,3.6,4.8,10.0,21.8,,108.4,93.1
3,4,32,569,19.3,.581,.548,.000,.815,202,15.0,16.5,15.7,4.6,2.4,6.5,20.4,20.1,,1.1,1.2,2.3,.159,,-0.9,3.1,2.2
4,0,11,63,5,15,.333,5,15,.333,0,0,,3,7,.429,1,15,16,1,1,3,5,14,13
4,1,11,5.7,0.5,1.4,.333,0.5,1.4,.333,0.0,0.0,,0.3,0.6,.429,1.5,0.1,0.1,0.3,0.5,1.3,1.2
4,2,11,63,3.2,9.5,.333,3.2,9.5,.333,0.0,0.0,,1.9,4.4,.429,10.2,0.6,0.6,1.9,3.2,8.9,8.3
4,3,11,63,4.9,14.8,.333,4.9,14.8,.333,0.0,0.0,,3.0,6.9,.429,15.8,1.0,1.0,3.0,4.9,13.8,12.8,,64.9,90.9
4,4,11,63,2.7,.355,.333,.000,.467,12,2.0,30.7,16.4,3.2,1.0,5.4,21.4,19.6,,-0.1,0.1,0.0,.005,,-12.4,1.1,-11.3
5,0,22,192,13,42,.310,11,33,.333,2,9,.222,15,21,.714,14,29,43,6,10,5,17,17,43
5,1,22,8.7,0.6,1.9,.310,0.5,1.5,.333,0.1,0.4,.222,0.7,1.0,.714,2.0,0.3,0.5,0.2,0.8,0.8,2.0
5,2,22,192,2.7,8.8,.310,2.3,6.9,.333,0.4,1.9,.222,3.1,4.4,.714,9.0,1.3,2.1,1.0,3.5,3.5,9.0
5,3,22,192,4.2,13.6,.310,3.6,10.7,.333,0.6,2.9,.222,4.9,6.8,.714,13.9,1.9,3.2,1.6,5.5,5.5,13.9,,81.3,92.3
5,4,22,192,9.8,.414,.333,.214,.500,48,9.4,19.5,14.4,6.2,3.2,2.9,24.6,19.1,,-0.1,0.4,0.3,.057,,-6.0,2.2,-3.8
6,0,26,243,39,72,.542,39,72,.542,0,0,,24,37,.649,20,8,28,3,1,6,21,41,102
6,1,26,9.3,1.5,2.8,.542,1.5,2.8,.542,0.0,0.0,,0.9,1.4,.649,1.1,0.1,0.0,0.2,0.8,1.6,3.9
6,2,26,243,6.4,11.9,.542,6.4,11.9,.542,0.0,0.0,,4.0,6.1,.649,4.6,0.5,0.2,1.0,3.5,6.7,16.8
6,3,26,243,10.0,18.4,.542,10.0,18.4,.542,0.0,0.0,,6.1,9.5,.649,7.2,0.8,0.3,1.5,5.4,10.5,26.1,,101.9,104.6
6,4,26,243,13.2,.569,.542,.000,.514,91,10.6,4.2,7.4,3.0,0.3,2.8,19.0,24.1,,0.3,0.2,0.6,.095,,-3.2,-2.9,-6.1
7,0,32,927,104,240,.433,47,93,.505,57,147,.388,86,95,.905,18,93,111,107,49,2,61,69,351
7,1,32,29.0,3.3,7.5,.433,1.5,2.9,.505,1.8,4.6,.388,2.7,3.0,.905,3.5,3.3,1.5,0.1,1.9,2.2,11.0
7,2,32,927,4.5,10.4,.433,2.0,4.0,.505,2.5,6.3,.388,3.7,4.1,.905,4.8,4.6,2.1,0.1,2.6,3.0,15.1
7,3,32,927,7.0,16.1,.433,3.2,6.2,.505,3.8,9.9,.388,5.8,6.4,.905,7.4,7.2,3.3,0.1,4.1,4.6,23.5,,120.7,96.2
7,4,32,927,20.4,.616,.552,.613,.396,353,2.5,12.9,7.7,24.9,3.3,0.2,17.6,19.8,,2.8,1.7,4.4,.191,,4.8,0.6,5.4
8,0,32,603,61,125,.488,55,105,.524,6,20,.300,44,59,.746,24,57,81,43,31,13,41,38,172
8,1,32,18.8,1.9,3.9,.488,1.7,3.3,.524,0.2,0.6,.300,1.4,1.8,.746,2.5,1.3,1.0,0.4,1.3,1.2,5.4
8,2,32,603,4.0,8.3,.488,3.6,7.0,.524,0.4,1.3,.300,2.9,3.9,.746,5.4,2.9,2.1,0.9,2.7,2.5,11.4
8,3,32,603,6.3,12.9,.488,5.7,10.8,.524,0.6,2.1,.300,4.5,6.1,.746,8.3,4.4,3.2,1.3,4.2,3.9,17.7,,105.8,95.7
8,4,32,603,15.9,.562,.512,.160,.472,176,5.1,12.2,8.7,15.0,3.2,2.4,21.1,17.1,,0.8,1.1,1.9,.128,,-0.6,2.5,1.9
9,0,32,726,77,132,.583,77,132,.583,0,0,,38,71,.535,62,80,142,23,21,4,35,70,192
9,1,32,22.7,2.4,4.1,.583,2.4,4.1,.583,0.0,0.0,,1.2,2.2,.535,4.4,0.7,0.7,0.1,1.1,2.2,6.0
9,2,32,726,4.2,7.3,.583,4.2,7.3,.583,0.0,0.0,,2.1,3.9,.535,7.8,1.3,1.2,0.2,1.9,3.9,10.6
9,3,32,726,6.6,11.3,.583,6.6,11.3,.583,0.0,0.0,,3.3,6.1,.535,12.2,2.0,1.8,0.3,3.0,6.0,16.4,,112.2,98.7
9,4,32,726,14.6,.579,.583,.000,.538,195,11.0,14.2,12.6,6.7,1.8,0.6,17.4,14.7,,1.2,1.1,2.3,.128,,0.0,0.6,0.6
10,0,32,934,113,254,.445,67,137,.489,46,117,.393,72,103,.699,19,51,70,123,33,3,79,78,344
10,1,32,29.2,3.5,7.9,.445,2.1,4.3,.489,1.4,3.7,.393,2.3,3.2,.699,2.2,3.8,1.0,0.1,2.5,2.4,10.8
10,2,32,934,4.8,10.9,.445,2.9,5.9,.489,2.0,5.0,.393,3.1,4.4,.699,3.0,5.3,1.4,0.1,3.4,3.3,14.7
10,3,32,934,7.5,16.9,.445,4.5,9.1,.489,3.1,7.8,.393,4.8,6.9,.699,4.7,8.2,2.2,0.2,5.3,5.2,22.9,,108.8,100.9
10,4,32,934,16.2,.568,.535,.461,.406,358,2.6,7.0,4.8,29.0,2.2,0.4,20.7,21.7,,1.9,1.3,3.2,.137,,2.1,-1.5,0.6
11,0,32,536,51,124,.411,29,59,.492,22,65,.338,31,47,.660,21,67,88,25,22,6,31,49,155
11,1,32,16.8,1.6,3.9,.411,0.9,1.8,.492,0.7,2.0,.338,1.0,1.5,.660,2.8,0.8,0.7,0.2,1.0,1.5,4.8
11,2,32,536,3.8,9.3,.411,2.2,4.4,.492,1.6,4.9,.338,2.3,3.5,.660,6.6,1.9,1.6,0.4,2.3,3.7,11.6
11,3,32,536,5.9,14.4,.411,3.4,6.8,.492,2.6,7.5,.338,3.6,5.5,.660,10.2,2.9,2.6,0.7,3.6,5.7,18.0,,103.0,96.0
11,4,32,536,13.4,.530,.500,.524,.379,149,5.1,16.1,10.6,9.7,2.6,1.3,17.5,17.6,,0.6,1.0,1.6,.117,,-0.5,0.9,0.4
12,0,2,6,0,1,.000,0,0,,0,1,.000,0,0,,0,1,1,0,0,0,0,1,0
12,1,2,3.0,0.0,0.5,.000,0.0,0.0,,0.0,0.5,.000,0.0,0.0,,0.5,0.0,0.0,0.0,0.0,0.5,0.0
12,2,2,6,0.0,6.7,.000,0.0,0.0,,0.0,6.7,.000,0.0,0.0,,6.7,0.0,0.0,0.0,0.0,6.7,0.0
12,3,2,6,0.0,10.4,.000,0.0,0.0,,0.0,10.4,.000,0.0,0.0,,10.4,0.0,0.0,0.0,0.0,10.4,0.0,,0.0,99.7
12,4,2,6,-7.3,.000,.000,1.000,.000,0,0.0,21.5,10.7,0.0,0.0,0.0,0.0,8.8,,0.0,0.0,0.0,-.055,,-10.9,-4.0,-14.9
13,0,5,6,2,6,.333,1,3,.333,1,3,.333,0,0,,0,1,1,0,0,0,0,0,5
13,1,5,1.2,0.4,1.2,.333,0.2,0.6,.333,0.2,0.6,.333,0.0,0.0,,0.2,0.0,0.0,0.0,0.0,0.0,1.0
13,2,5,6,13.3,40.0,.333,6.7,20.0,.333,6.7,20.0,.333,0.0,0.0,,6.7,0.0,0.0,0.0,0.0,0.0,33.3
13,3,5,6,20.7,62.2,.333,10.4,31.1,.333,10.4,31.1,.333,0.0,0.0,,10.4,0.0,0.0,0.0,0.0,0.0,51.8,,91.7,100.6
13,4,5,6,19.8,.417,.417,.500,.000,4,0.0,21.5,10.7,0.0,0.0,0.0,0.0,53.1,,0.0,0.0,0.0,.073,,-8.0,-17.2,-25.2
