0,0,27,741,109,230,.474,107,225,.476,2,5,.400,65,77,.844,52,109,161,13,14,14,37,58,285
0,1,27,27.4,4.0,8.5,.474,4.0,8.3,.476,0.1,0.2,.400,2.4,2.9,.844,6.0,0.5,0.5,0.5,1.4,2.1,10.6
0,2,27,741,5.9,12.4,.474,5.8,12.1,.476,0.1,0.3,.400,3.5,4.2,.844,8.7,0.7,0.8,0.8,2.0,3.1,15.4
0,3,27,741,8.9,18.8,.474,8.7,18.4,.476,0.2,0.4,.400,5.3,6.3,.844,13.2,1.1,1.1,1.1,3.0,4.7,23.3,,110.7,93.0
0,4,27,741,17.7,.535,.478,.022,.335,269,9.1,17.3,13.4,3.8,1.1,2.0,12.2,21.4,,1.6,1.5,3.1,.168,,-2.1,0.0,-2.1
1,0,12,74,8,19,.421,7,9,.778,1,10,.100,3,9,.333,2,13,15,2,1,2,6,3,20
1,1,12,6.2,0.7,1.6,.421,0.6,0.8,.778,0.1,0.8,.100,0.3,0.8,.333,1.3,0.2,0.1,0.2,0.5,0.3,1.7
1,2,12,74,4.3,10.3,.421,3.8,4.9,.778,0.5,5.4,.100,1.6,4.9,.333,8.1,1.1,0.5,1.1,3.2,1.6,10.8
1,3,12,74,6.5,15.5,.421,5.7,7.4,.778,0.8,8.2,.100,2.5,7.4,.333,12.3,1.6,0.8,1.6,4.9,2.5,16.4,,78.3,92.0
1,4,12,74,8.3,.430,.447,.526,.474,19,3.5,20.7,12.5,5.4,0.8,2.8,20.5,20.6,,-0.1,0.2,0.1,.046,,-6.3,-0.2,-6.5
2,0,6,10,0,3,.000,0,1,.000,0,2,.000,0,0,,0,0,0,0,0,0,0,1,0
2,1,6,1.7,0.0,0.5,.000,0.0,0.2,.000,0.0,0.3,.000,0.0,0.0,,0.0,0.0,0.0,0.0,0.0,0.2,0.0
2,2,6,10,0.0,12.0,.000,0.0,4.0,.000,0.0,8.0,.000,0.0,0.0,,0.0,0.0,0.0,0.0,0.0,4.0,0.0
2,3,6,10,0.0,18.2,.000,0.0,6.1,.000,0.0,12.1,.000,0.0,0.0,,0.0,0.0,0.0,0.0,0.0,6.1,0.0,,0.0,104.2
2,4,6,10,-15.0,.000,.000,.667,.000,0,0.0,0.0,0.0,0.0,0.0,0.0,0.0,15.6,,0.0,0.0,0.0,-.159,,-13.0,-4.1,-17.1
3,0,33,1112,187,400,.468,89,185,.481,98,215,.456,154,184,.837,27,87,114,120,45,2,89,56,626
3,1,33,33.7,5.7,12.1,.468,2.7,5.6,.481,3.0,6.5,.456,4.7,5.6,.837,3.5,3.6,1.4,0.1,2.7,1.7,19.0
3,2,33,1112,6.7,14.4,.468,3.2,6.7,.481,3.5,7.7,.456,5.5,6.6,.837,4.1,4.3,1.6,0.1,3.2,2.0,22.5
3,3,33,1112,10.2,21.8,.468,4.8,10.1,.481,5.3,11.7,.456,8.4,10.0,.837,6.2,6.5,2.5,0.1,4.8,3.0,34.1,,125.7,94.9
3,4,33,1112,26.5,.642,.590,.538,.460,597,3.1,9.2,6.3,24.4,2.5,0.2,15.4,27.0,,5.2,2.1,7.3,.262,,8.0,-0.3,7.8
4,0,33,778,74,128,.578,72,124,.581,2,4,.500,75,126,.595,70,113,183,29,29,50,47,96,225
4,1,33,23.6,2.2,3.9,.578,2.2,3.8,.581,0.1,0.1,.500,2.3,3.8,.595,5.5,0.9,0.9,1.5,1.4,2.9,6.8
4,2,33,778,3.8,6.6,.578,3.7,6.4,.581,0.1,0.2,.500,3.9,6.5,.595,9.4,1.5,1.5,2.6,2.4,4.9,11.6
4,3,33,778,5.8,10.0,.578,5.6,9.7,.581,0.2,0.3,.500,5.8,9.8,.595,14.2,2.3,2.3,3.9,3.7,7.5,17.5,,114.6,88.3
4,4,33,778,18.9,.599,.586,.031,.984,240,11.6,17.1,14.5,7.2,2.3,6.7,20.0,15.7,,1.6,2.0,3.6,.184,,0.5,5.7,6.1
5,0,32,374,27,60,.450,27,60,.450,0,0,,18,33,.545,22,44,66,4,9,20,25,67,72
5,1,32,11.7,0.8,1.9,.450,0.8,1.9,.450,0.0,0.0,,0.6,1.0,.545,2.1,0.1,0.3,0.6,0.8,2.1,2.3
5,2,32,374,2.9,6.4,.450,2.9,6.4,.450,0.0,0.0,,1.9,3.5,.545,7.1,0.4,1.0,2.1,2.7,7.2,7.7
5,3,32,374,4.4,9.7,.450,4.4,9.7,.450,0.0,0.0,,2.9,5.3,.545,10.7,0.6,1.5,3.2,4.0,10.8,11.7,,86.3,91.6
5,4,32,374,7.5,.476,.450,.000,.550,74,7.6,13.9,10.9,2.0,1.5,5.6,24.8,14.0,,-0.1,0.8,0.8,.081,,-5.3,3.2,-2.1
6,0,33,606,54,141,.383,38,82,.463,16,59,.271,37,57,.649,10,59,69,76,32,7,49,61,161
6,1,33,18.4,1.6,4.3,.383,1.2,2.5,.463,0.5,1.8,.271,1.1,1.7,.649,2.1,2.3,1.0,0.2,1.5,1.8,4.9
6,2,33,606,3.6,9.3,.383,2.5,5.4,.463,1.1,3.9,.271,2.4,3.8,.649,4.6,5.0,2.1,0.5,3.2,4.0,10.6
6,3,33,606,5.4,14.1,.383,3.8,8.2,.463,1.6,5.9,.271,3.7,5.7,.649,6.9,7.6,3.2,0.7,4.9,6.1,16.1,,97.4,91.5
6,4,33,606,12.6,.479,.440,.418,.404,186,2.1,11.5,7.0,24.1,3.2,1.2,22.6,18.7,,0.5,1.3,1.8,.120,,-1.4,1.9,0.4
7,0,33,923,105,214,.491,83,162,.512,22,52,.423,51,74,.689,44,56,100,83,41,24,67,69,283
7,1,33,28.0,3.2,6.5,.491,2.5,4.9,.512,0.7,1.6,.423,1.5,2.2,.689,3.0,2.5,1.2,0.7,2.0,2.1,8.6
7,2,33,923,4.6,9.3,.491,3.6,7.0,.512,1.0,2.3,.423,2.2,3.2,.689,4.3,3.6,1.8,1.0,2.9,3.0,12.3
7,3,33,923,6.9,14.0,.491,5.4,10.6,.512,1.4,3.4,.423,3.3,4.9,.689,6.6,5.4,2.7,1.6,4.4,4.5,18.6,,109.3,94.1
7,4,33,923,16.3,.568,.542,.243,.346,304,6.1,7.2,6.7,18.1,2.7,2.7,21.2,17.9,,1.7,1.8,3.5,.152,,1.2,2.8,4.0
8,0,33,653,55,113,.487,47,94,.500,8,19,.421,23,49,.469,59,99,158,27,23,9,42,72,141
8,1,33,19.8,1.7,3.4,.487,1.4,2.8,.500,0.2,0.6,.421,0.7,1.5,.469,4.8,0.8,0.7,0.3,1.3,2.2,4.3
8,2,33,653,3.4,6.9,.487,2.9,5.8,.500,0.5,1.2,.421,1.4,3.0,.469,9.7,1.7,1.4,0.6,2.6,4.4,8.6
8,3,33,653,5.1,10.5,.487,4.4,8.7,.500,0.7,1.8,.421,2.1,4.5,.469,14.7,2.5,2.1,0.8,3.9,6.7,13.1,,100.6,90.7
8,4,33,653,12.5,.517,.522,.168,.434,163,11.7,17.9,14.9,7.9,2.1,1.4,23.6,14.2,,0.6,1.5,2.1,.126,,-1.0,2.7,1.7
9,0,6,16,1,3,.333,1,3,.333,0,0,,0,0,,2,4,6,0,1,1,0,6,2
9,1,6,2.7,0.2,0.5,.333,0.2,0.5,.333,0.0,0.0,,0.0,0.0,,1.0,0.0,0.2,0.2,0.0,1.0,0.3
9,2,6,16,2.5,7.5,.333,2.5,7.5,.333,0.0,0.0,,0.0,0.0,,15.0,0.0,2.5,2.5,0.0,15.0,5.0
9,3,6,16,3.8,11.4,.333,3.8,11.4,.333,0.0,0.0,,0.0,0.0,,22.7,0.0,3.8,3.8,0.0,22.7,7.6,,107.7,77.8
9,4,6,16,11.6,.333,.333,.000,.000,3,16.1,29.5,23.1,0.0,3.8,6.6,0.0,9.8,,0.0,0.1,0.1,.178,,-5.1,2.4,-2.7
10,0,33,1024,139,315,.441,71,134,.530,68,181,.376,115,134,.858,21,98,119,48,63,5,61,73,461
10,1,33,31.0,4.2,9.5,.441,2.2,4.1,.530,2.1,5.5,.376,3.5,4.1,.858,3.6,1.5,1.9,0.2,1.8,2.2,14.0
10,2,33,1024,5.4,12.3,.441,2.8,5.2,.530,2.7,7.1,.376,4.5,5.2,.858,4.6,1.9,2.5,0.2,2.4,2.9,18.0
10,3,33,1024,8.2,18.6,.441,4.2,7.9,.530,4.0,10.7,.376,6.8,7.9,.858,7.0,2.8,3.7,0.3,3.6,4.3,27.3,,119.6,91.0
10,4,33,1024,21.2,.609,.549,.575,.425,414,2.6,11.3,7.2,9.9,3.7,0.5,13.9,22.4,,3.2,2.3,5.5,.214,,4.2,1.4,5.6
11,0,32,339,52,106,.491,30,49,.612,22,57,.386,10,18,.556,6,22,28,16,18,5,28,30,136
11,1,32,10.6,1.6,3.3,.491,0.9,1.5,.612,0.7,1.8,.386,0.3,0.6,.556,0.9,0.5,0.6,0.2,0.9,0.9,4.3
11,2,32,339,6.1,12.5,.491,3.5,5.8,.612,2.6,6.7,.386,1.2,2.1,.556,3.3,1.9,2.1,0.6,3.3,3.5,16.0
11,3,32,339,9.3,18.9,.491,5.4,8.8,.612,3.9,10.2,.386,1.8,3.2,.556,5.0,2.9,3.2,0.9,5.0,5.4,24.3,,103.1,93.2
11,4,32,339,16.0,.594,.594,.538,.170,117,2.3,7.7,5.1,10.3,3.2,1.5,19.6,21.9,,0.5,0.7,1.2,.139,,0.4,0.5,0.9
