0,0,30,453,55,124,.444,43,91,.473,12,33,.364,26,42,.619,28,32,60,20,2,3,31,72,148
0,1,30,15.1,1.8,4.1,.444,1.4,3.0,.473,0.4,1.1,.364,0.9,1.4,.619,2.0,0.7,0.1,0.1,1.0,2.4,4.9
0,2,30,453,4.9,10.9,.444,3.8,8.0,.473,1.1,2.9,.364,2.3,3.7,.619,5.3,1.8,0.2,0.3,2.7,6.4,13.1
0,3,30,453,7.3,16.5,.444,5.7,12.1,.473,1.6,4.4,.364,3.5,5.6,.619,8.0,2.7,0.3,0.4,4.1,9.6,19.7,,99.9,112.7
0,4,30,453,9.9,.514,.492,.266,.339,147,7.5,8.5,8.0,8.5,0.3,0.8,17.7,20.1,,0.5,0.1,0.5,.048,,-2.5,-4.7,-7.2
1,0,31,990,163,300,.543,146,264,.553,17,36,.472,77,115,.670,88,186,274,29,38,14,48,46,420
1,1,31,31.9,5.3,9.7,.543,4.7,8.5,.553,0.5,1.2,.472,2.5,3.7,.670,8.8,0.9,1.2,0.5,1.5,1.5,13.5
1,2,31,990,6.6,12.1,.543,5.9,10.7,.553,0.7,1.5,.472,3.1,4.6,.670,11.1,1.2,1.5,0.6,1.9,1.9,17.0
1,3,31,990,9.9,18.3,.543,8.9,16.1,.553,1.0,2.2,.472,4.7,7.0,.670,16.7,1.8,2.3,0.9,2.9,2.8,25.6,,119.3,102.7
1,4,31,990,24.2,.592,.572,.120,.383,400,10.8,22.6,16.7,6.2,2.3,1.6,11.9,21.2,,3.1,1.1,4.1,.167,,1.5,-1.6,0.0
2,0,19,246,14,52,.269,7,20,.350,7,32,.219,5,6,.833,1,22,23,22,6,1,15,25,40
2,1,19,12.9,0.7,2.7,.269,0.4,1.1,.350,0.4,1.7,.219,0.3,0.3,.833,1.2,1.2,0.3,0.1,0.8,1.3,2.1
2,2,19,246,2.3,8.5,.269,1.1,3.3,.350,1.1,5.2,.219,0.8,1.0,.833,3.7,3.6,1.0,0.2,2.4,4.1,6.5
2,3,19,246,3.4,12.7,.269,1.7,4.9,.350,1.7,7.8,.219,1.2,1.5,.833,5.6,5.4,1.5,0.2,3.7,6.1,9.8,,78.7,109.5
2,4,19,246,3.9,.365,.337,.615,.115,47,0.5,10.8,5.7,15.4,1.5,0.5,21.5,14.8,,-0.2,0.1,-0.1,-.012,,-5.3,-3.2,-8.5
3,0,18,128,20,31,.645,19,28,.679,1,3,.333,2,3,.667,6,20,26,7,6,0,9,16,43
3,1,18,7.1,1.1,1.7,.645,1.1,1.6,.679,0.1,0.2,.333,0.1,0.2,.667,1.4,0.4,0.3,0.0,0.5,0.9,2.4
3,2,18,128,6.3,9.7,.645,5.9,8.8,.679,0.3,0.9,.333,0.6,0.9,.667,8.1,2.2,1.9,0.0,2.8,5.0,13.4
3,3,18,128,9.4,14.6,.645,8.9,13.2,.679,0.5,1.4,.333,0.9,1.4,.667,12.2,3.3,2.8,0.0,4.2,7.5,20.2,,111.6,103.5
3,4,18,128,17.9,.663,.661,.097,.097,40,5.7,18.8,12.3,11.3,2.8,0.0,21.7,16.8,,0.2,0.1,0.4,.116,,-0.7,-1.7,-2.4
4,0,2,18,2,4,.500,1,1,1.000,1,3,.333,2,2,1.000,0,2,2,2,0,0,1,2,7
4,1,2,9.0,1.0,2.0,.500,0.5,0.5,1.000,0.5,1.5,.333,1.0,1.0,1.000,1.0,1.0,0.0,0.0,0.5,1.0,3.5
4,2,2,18,4.4,8.9,.500,2.2,2.2,1.000,2.2,6.7,.333,4.4,4.4,1.000,4.4,4.4,0.0,0.0,2.2,4.4,15.6
4,3,2,18,6.7,13.4,.500,3.3,3.3,1.000,3.3,10.0,.333,6.7,6.7,1.000,6.7,6.7,0.0,0.0,3.3,6.7,23.4,,135.0,112.0
4,4,2,18,18.3,.707,.625,.750,.500,7,0.0,13.4,6.7,21.0,0.0,0.0,16.8,17.2,,0.1,0.0,0.1,.164,,2.8,-6.3,-3.5
5,0,31,537,79,178,.444,35,74,.473,44,104,.423,20,25,.800,8,44,52,62,28,0,37,46,222
5,1,31,17.3,2.5,5.7,.444,1.1,2.4,.473,1.4,3.4,.423,0.6,0.8,.800,1.7,2.0,0.9,0.0,1.2,1.5,7.2
5,2,31,537,5.9,13.3,.444,2.6,5.5,.473,3.3,7.7,.423,1.5,1.9,.800,3.9,4.6,2.1,0.0,2.8,3.4,16.5
5,3,31,537,8.9,20.0,.444,3.9,8.3,.473,4.9,11.7,.423,2.2,2.8,.800,5.8,7.0,3.1,0.0,4.2,5.2,24.9,,113.6,106.4
5,4,31,537,19.4,.585,.567,.584,.140,217,1.8,9.9,5.9,23.5,3.1,0.0,16.3,22.0,,1.4,0.4,1.8,.134,,2.9,-3.4,-0.5
6,0,31,757,88,199,.442,72,139,.518,16,60,.267,43,74,.581,41,73,114,53,30,18,53,86,235
6,1,31,24.4,2.8,6.4,.442,2.3,4.5,.518,0.5,1.9,.267,1.4,2.4,.581,3.7,1.7,1.0,0.6,1.7,2.8,7.6
6,2,31,757,4.6,10.5,.442,3.8,7.3,.518,0.8,3.2,.267,2.3,3.9,.581,6.0,2.8,1.6,1.0,2.8,4.5,12.4
6,3,31,757,7.0,15.8,.442,5.7,11.1,.518,1.3,4.8,.267,3.4,5.9,.581,9.1,4.2,2.4,1.4,4.2,6.8,18.7,,99.5,105.9
6,4,31,757,14.0,.502,.482,.302,.372,246,6.6,11.6,9.1,13.4,2.4,2.8,18.5,19.7,,0.8,0.6,1.4,.074,,-1.3,-0.5,-1.8
7,0,4,22,3,5,.600,2,2,1.000,1,3,.333,0,0,,1,3,4,4,1,0,3,2,7
7,1,4,5.5,0.8,1.3,.600,0.5,0.5,1.000,0.3,0.8,.333,0.0,0.0,,1.0,1.0,0.3,0.0,0.8,0.5,1.8
7,2,4,22,5.5,9.1,.600,3.6,3.6,1.000,1.8,5.5,.333,0.0,0.0,,7.3,7.3,1.8,0.0,5.5,3.6,12.7
7,3,4,22,8.2,13.7,.600,5.5,5.5,1.000,2.7,8.2,.333,0.0,0.0,,11.0,11.0,2.7,0.0,8.2,5.5,19.2,,106.2,104.8
7,4,4,22,18.5,.700,.700,.600,.000,8,5.5,16.4,11.0,36.1,2.7,0.0,37.5,18.9,,0.0,0.0,0.1,.111,,0.7,-2.9,-2.2
8,0,19,137,13,32,.406,13,31,.419,0,1,.000,4,11,.364,5,11,16,3,1,2,6,22,30
8,1,19,7.2,0.7,1.7,.406,0.7,1.6,.419,0.0,0.1,.000,0.2,0.6,.364,0.8,0.2,0.1,0.1,0.3,1.2,1.6
8,2,19,137,3.8,9.3,.406,3.8,9.1,.419,0.0,0.3,.000,1.2,3.2,.364,4.7,0.9,0.3,0.6,1.8,6.4,8.8
8,3,19,137,5.7,14.1,.406,5.7,13.6,.419,0.0,0.4,.000,1.8,4.8,.364,7.0,1.3,0.4,0.9,2.6,9.7,13.2,,83.0,111.4
8,4,19,137,4.1,.403,.406,.031,.344,29,4.4,9.7,7.1,4.0,0.4,1.7,13.9,16.4,,-0.1,0.0,0.0,-.007,,-7.1,-4.0,-11.1
9,0,3,19,4,6,.667,4,6,.667,0,0,,2,4,.500,2,2,4,1,0,0,2,2,10
9,1,3,6.3,1.3,2.0,.667,1.3,2.0,.667,0.0,0.0,,0.7,1.3,.500,1.3,0.3,0.0,0.0,0.7,0.7,3.3
9,2,3,19,8.4,12.6,.667,8.4,12.6,.667,0.0,0.0,,4.2,8.4,.500,8.4,2.1,0.0,0.0,4.2,4.2,21.1
9,3,3,19,12.7,19.0,.667,12.7,19.0,.667,0.0,0.0,,6.3,12.7,.500,12.7,3.2,0.0,0.0,6.3,6.3,31.7,,109.7,112.3
9,4,3,19,22.1,.633,.667,.000,.667,9,12.8,12.7,12.7,12.3,0.0,0.0,20.2,27.1,,0.1,0.0,0.1,.118,,-0.1,-6.0,-6.1
10,0,31,702,75,140,.536,74,138,.536,1,2,.500,39,72,.542,68,81,149,34,14,28,45,89,190
10,1,31,22.6,2.4,4.5,.536,2.4,4.5,.536,0.0,0.1,.500,1.3,2.3,.542,4.8,1.1,0.5,0.9,1.5,2.9,6.1
10,2,31,702,4.3,8.0,.536,4.2,7.9,.536,0.1,0.1,.500,2.2,4.1,.542,8.5,1.9,0.8,1.6,2.6,5.1,10.8
10,3,31,702,6.4,12.0,.536,6.4,11.8,.536,0.1,0.2,.500,3.3,6.2,.542,12.8,2.9,1.2,2.4,3.9,7.6,16.3,,106.2,106.6
10,4,31,702,14.8,.545,.539,.014,.514,211,11.8,13.9,12.8,9.1,1.2,4.6,20.5,16.2,,1.0,0.5,1.5,.087,,-1.4,0.2,-1.2
11,0,30,903,123,271,.454,106,223,.475,17,48,.354,94,130,.723,21,85,106,96,28,3,85,58,357
11,1,30,30.1,4.1,9.0,.454,3.5,7.4,.475,0.6,1.6,.354,3.1,4.3,.723,3.5,3.2,0.9,0.1,2.8,1.9,11.9
11,2,30,903,5.4,12.0,.454,4.7,9.9,.475,0.8,2.1,.354,4.2,5.8,.723,4.7,4.3,1.2,0.1,3.8,2.6,15.8
11,3,30,903,8.2,18.1,.454,7.1,14.9,.475,1.1,3.2,.354,6.3,8.7,.723,7.1,6.4,1.9,0.2,5.7,3.9,23.8,,102.0,108.6
11,4,30,903,16.1,.536,.485,.177,.480,366,2.8,11.3,7.1,21.1,1.9,0.4,20.3,24.1,,1.4,0.5,1.9,.084,,-1.3,-2.7,-4.0
12,0,27,316,12,49,.245,10,29,.345,2,20,.100,29,39,.744,5,16,21,23,14,0,21,26,55
12,1,27,11.7,0.4,1.8,.245,0.4,1.1,.345,0.1,0.7,.100,1.1,1.4,.744,0.8,0.9,0.5,0.0,0.8,1.0,2.0
12,2,27,316,1.5,6.2,.245,1.3,3.7,.345,0.3,2.5,.100,3.7,4.9,.744,2.7,2.9,1.8,0.0,2.7,3.3,7.0
12,3,27,316,2.3,9.3,.245,1.9,5.5,.345,0.4,3.8,.100,5.5,7.4,.744,4.0,4.4,2.7,0.0,4.0,5.0,10.5,,83.9,109.0
12,4,27,316,5.8,.407,.265,.408,.796,64,1.9,6.1,4.0,12.1,2.7,0.0,23.7,14.6,,-0.1,0.1,0.0,.005,,-4.8,-2.7,-7.5
13,0,31,996,145,327,.443,53,112,.473,92,215,.428,38,42,.905,21,112,133,49,39,2,47,59,420
13,1,31,32.1,4.7,10.5,.443,1.7,3.6,.473,3.0,6.9,.428,1.2,1.4,.905,4.3,1.6,1.3,0.1,1.5,1.9,13.5
13,2,31,996,5.8,13.1,.443,2.1,4.5,.473,3.7,8.6,.428,1.5,1.7,.905,5.3,2.0,1.6,0.1,1.9,2.4,16.9
13,3,31,996,8.8,19.8,.443,3.2,6.8,.473,5.6,13.0,.428,2.3,2.5,.905,8.0,3.0,2.4,0.1,2.8,3.6,25.4,,118.4,106.8
13,4,31,996,19.3,.605,.584,.657,.128,368,2.6,13.5,8.1,10.0,2.4,0.2,11.9,20.6,,2.8,0.7,3.4,.138,,3.8,-2.8,1.0
