0,0,31,470,73,136,.537,69,129,.535,4,7,.571,46,68,.676,46,54,100,12,3,3,33,67,196
0,1,31,15.2,2.4,4.4,.537,2.2,4.2,.535,0.1,0.2,.571,1.5,2.2,.676,3.2,0.4,0.1,0.1,1.1,2.2,6.3
0,2,31,470,6.2,11.6,.537,5.9,11.0,.535,0.3,0.6,.571,3.9,5.8,.676,8.5,1.0,0.3,0.3,2.8,5.7,16.7
0,3,31,470,9.3,17.3,.537,8.8,16.4,.535,0.5,0.9,.571,5.9,8.7,.676,12.7,1.5,0.4,0.4,4.2,8.5,25.0,,112.3,103.4
0,4,31,470,17.1,.582,.551,.051,.500,187,11.8,13.6,12.7,6.1,0.4,0.8,16.4,21.8,,1.1,0.5,1.6,.139,,-0.6,-1.9,-2.5
1,0,10,48,1,8,.125,0,5,.000,1,3,.333,1,2,.500,1,6,7,6,2,0,6,9,4
1,1,10,4.8,0.1,0.8,.125,0.0,0.5,.000,0.1,0.3,.333,0.1,0.2,.500,0.7,0.6,0.2,0.0,0.6,0.9,0.4
1,2,10,48,0.8,6.7,.125,0.0,4.2,.000,0.8,2.5,.333,0.8,1.7,.500,5.8,5.0,1.7,0.0,5.0,7.5,3.3
1,3,10,48,1.2,10.0,.125,0.0,6.2,.000,1.2,3.7,.333,1.2,2.5,.500,8.7,7.5,2.5,0.0,7.5,11.2,5.0,,53.9,98.2
1,4,10,48,-2.1,.223,.188,.375,.250,7,2.5,14.8,8.7,22.7,2.5,0.0,40.1,15.9,,-0.1,0.1,-0.1,-.053,,-9.4,1.1,-8.3
2,0,13,52,2,5,.400,1,1,1.000,1,4,.250,1,2,.500,0,9,9,2,1,0,1,3,6
2,1,13,4.0,0.2,0.4,.400,0.1,0.1,1.000,0.1,0.3,.250,0.1,0.2,.500,0.7,0.2,0.1,0.0,0.1,0.2,0.5
2,2,13,52,1.5,3.8,.400,0.8,0.8,1.000,0.8,3.1,.250,0.8,1.5,.500,6.9,1.5,0.8,0.0,0.8,2.3,4.6
2,3,13,52,2.3,5.8,.400,1.2,1.2,1.000,1.2,4.6,.250,1.2,2.3,.500,10.4,2.3,1.2,0.0,1.2,3.5,6.9,,105.8,99.6
2,4,13,52,7.4,.504,.500,.800,.400,6,0.0,20.5,10.3,7.2,1.2,0.0,14.4,6.8,,0.0,0.1,0.1,.080,,-2.9,0.5,-2.3
3,0,32,1134,201,421,.477,114,200,.570,87,221,.394,198,219,.904,11,94,105,56,44,1,77,56,687
3,1,32,35.4,6.3,13.2,.477,3.6,6.3,.570,2.7,6.9,.394,6.2,6.8,.904,3.3,1.8,1.4,0.0,2.4,1.8,21.5
3,2,32,1134,7.1,14.9,.477,4.0,7.1,.570,3.1,7.8,.394,7.0,7.7,.904,3.7,2.0,1.6,0.0,2.7,2.0,24.2
3,3,32,1134,10.6,22.2,.477,6.0,10.6,.570,4.6,11.7,.394,10.5,11.6,.904,5.5,3.0,2.3,0.1,4.1,3.0,36.3,,128.1,101.4
3,4,32,1134,26.2,.654,.581,.525,.520,597,1.2,9.8,5.5,12.5,2.3,0.1,12.8,27.0,,5.3,1.5,6.7,.237,,7.4,-1.4,6.0
4,0,32,462,51,130,.392,36,74,.486,15,56,.268,18,22,.818,10,49,59,46,33,3,46,55,135
4,1,32,14.4,1.6,4.1,.392,1.1,2.3,.486,0.5,1.8,.268,0.6,0.7,.818,1.8,1.4,1.0,0.1,1.4,1.7,4.2
4,2,32,462,4.4,11.3,.392,3.1,6.4,.486,1.3,4.8,.268,1.6,1.9,.818,5.1,4.0,2.9,0.3,4.0,4.8,11.7
4,3,32,462,6.6,16.8,.392,4.7,9.6,.486,1.9,7.3,.268,2.3,2.9,.818,7.6,6.0,4.3,0.4,6.0,7.1,17.5,,90.4,95.1
4,4,32,462,11.9,.481,.450,.431,.169,143,2.6,12.6,7.6,21.6,4.3,0.9,24.7,20.5,,0.0,0.9,0.9,.080,,-2.2,2.2,0.0
5,0,3,8,0,2,.000,0,2,.000,0,0,,0,0,,0,1,1,0,0,0,1,0,0
5,1,3,2.7,0.0,0.7,.000,0.0,0.7,.000,0.0,0.0,,0.0,0.0,,0.3,0.0,0.0,0.0,0.3,0.0,0.0
5,2,3,8,0.0,10.0,.000,0.0,10.0,.000,0.0,0.0,,0.0,0.0,,5.0,0.0,0.0,0.0,5.0,0.0,0.0
5,3,3,8,0.0,15.0,.000,0.0,15.0,.000,0.0,0.0,,0.0,0.0,,7.5,0.0,0.0,0.0,7.5,0.0,0.0,,0.0,104.9
5,4,3,8,-16.3,.000,.000,.000,.000,0,0.0,14.8,7.5,0.0,0.0,0.0,33.3,19.1,,-0.1,0.0,-0.1,-.255,,-21.5,-3.5,-25.0
6,0,5,11,2,3,.667,2,3,.667,0,0,,2,2,1.000,1,1,2,0,0,3,0,2,6
6,1,5,2.2,0.4,0.6,.667,0.4,0.6,.667,0.0,0.0,,0.4,0.4,1.000,0.4,0.0,0.0,0.6,0.0,0.4,1.2
6,2,5,11,7.3,10.9,.667,7.3,10.9,.667,0.0,0.0,,7.3,7.3,1.000,7.3,0.0,0.0,10.9,0.0,7.3,21.8
6,3,5,11,10.9,16.3,.667,10.9,16.3,.667,0.0,0.0,,10.9,10.9,1.000,10.9,0.0,0.0,16.3,0.0,10.9,32.7,,172.3,89.0
6,4,5,11,40.2,.759,.667,.000,.667,5,10.9,10.8,10.8,0.0,0.0,35.9,0.0,18.3,,0.1,0.0,0.1,.360,,2.2,14.1,16.3
7,0,7,17,1,1,1.000,0,0,,1,1,1.000,1,2,.500,0,3,3,1,0,0,0,1,4
7,1,7,2.4,0.1,0.1,1.000,0.0,0.0,,0.1,0.1,1.000,0.1,0.3,.500,0.4,0.1,0.0,0.0,0.0,0.1,0.6
7,2,7,17,2.4,2.4,1.000,0.0,0.0,,2.4,2.4,1.000,2.4,4.7,.500,7.1,2.4,0.0,0.0,0.0,2.4,9.4
7,3,7,17,3.5,3.5,1.000,0.0,0.0,,3.5,3.5,1.000,3.5,7.0,.500,10.6,3.5,0.0,0.0,0.0,3.5,14.1,,206.4,102.1
7,4,7,17,16.8,1.026,1.500,1.000,2.000,3,0.0,20.9,10.5,11.5,0.0,0.0,0.0,5.8,,0.1,0.0,0.1,.176,,4.0,-1.6,2.4
8,0,32,882,86,232,.371,39,120,.325,47,112,.420,86,113,.761,52,101,153,48,25,19,64,86,305
8,1,32,27.6,2.7,7.3,.371,1.2,3.8,.325,1.5,3.5,.420,2.7,3.5,.761,4.8,1.5,0.8,0.6,2.0,2.7,9.5
8,2,32,882,3.9,10.5,.371,1.8,5.4,.325,2.1,5.1,.420,3.9,5.1,.761,6.9,2.2,1.1,0.9,2.9,3.9,13.8
8,3,32,882,5.8,15.8,.371,2.6,8.1,.325,3.2,7.6,.420,5.8,7.7,.761,10.4,3.3,1.7,1.3,4.3,5.8,20.7,,106.6,99.7
8,4,32,882,14.9,.534,.472,.483,.487,308,7.1,13.6,10.3,11.5,1.7,2.8,18.3,20.2,,1.5,1.3,2.7,.124,,0.6,1.6,2.2
9,0,32,809,110,249,.442,69,138,.500,41,111,.369,69,90,.767,34,102,136,47,16,12,61,84,330
9,1,32,25.3,3.4,7.8,.442,2.2,4.3,.500,1.3,3.5,.369,2.2,2.8,.767,4.3,1.5,0.5,0.4,1.9,2.6,10.3
9,2,32,809,5.4,12.3,.442,3.4,6.8,.500,2.0,5.5,.369,3.4,4.4,.767,6.7,2.3,0.8,0.6,3.0,4.2,16.3
9,3,32,809,8.1,18.4,.442,5.1,10.2,.500,3.0,8.2,.369,5.1,6.7,.767,10.1,3.5,1.2,0.9,4.5,6.2,24.4,,109.1,100.7
9,4,32,809,16.5,.566,.524,.446,.361,312,5.1,14.9,10.0,13.4,1.2,2.0,17.3,22.2,,1.6,1.1,2.7,.136,,1.0,0.4,1.4
10,0,32,985,73,187,.390,29,82,.354,44,105,.419,49,59,.831,13,79,92,104,24,4,88,78,239
10,1,32,30.8,2.3,5.8,.390,0.9,2.6,.354,1.4,3.3,.419,1.5,1.8,.831,2.9,3.3,0.8,0.1,2.8,2.4,7.5
10,2,32,985,3.0,7.6,.390,1.2,3.3,.354,1.8,4.3,.419,2.0,2.4,.831,3.7,4.2,1.0,0.2,3.6,3.2,9.7
10,3,32,985,4.4,11.4,.390,1.8,5.0,.354,2.7,6.4,.419,3.0,3.6,.831,5.6,6.3,1.5,0.2,5.3,4.7,14.5,,98.2,103.1
10,4,32,985,9.5,.556,.508,.561,.316,263,1.6,9.5,5.6,21.2,1.5,0.5,29.0,15.7,,0.7,1.1,1.8,.073,,-0.8,0.0,-0.8
11,0,32,829,53,147,.361,53,144,.368,0,3,.000,63,102,.618,70,121,191,16,19,6,37,97,169
11,1,32,25.9,1.7,4.6,.361,1.7,4.5,.368,0.0,0.1,.000,2.0,3.2,.618,6.0,0.5,0.6,0.2,1.2,3.0,5.3
11,2,32,829,2.6,7.1,.361,2.6,6.9,.368,0.0,0.1,.000,3.0,4.9,.618,9.2,0.8,0.9,0.3,1.8,4.7,8.2
11,3,32,829,3.8,10.6,.361,3.8,10.4,.368,0.0,0.2,.000,4.6,7.4,.618,13.8,1.2,1.4,0.4,2.7,7.0,12.2,,96.7,99.7
11,4,32,829,9.3,.432,.361,.020,.694,191,10.1,17.3,13.7,3.8,1.4,1.0,15.9,14.3,,0.4,1.2,1.6,.079,,-3.6,0.9,-2.7
12,0,27,473,57,140,.407,57,137,.416,0,3,.000,31,54,.574,63,90,153,22,16,10,29,49,145
12,1,27,17.5,2.1,5.2,.407,2.1,5.1,.416,0.0,0.1,.000,1.1,2.0,.574,5.7,0.8,0.6,0.4,1.1,1.8,5.4
12,2,27,473,4.8,11.8,.407,4.8,11.6,.416,0.0,0.3,.000,2.6,4.6,.574,12.9,1.9,1.4,0.8,2.5,4.1,12.3
12,3,27,473,7.2,17.7,.407,7.2,17.3,.416,0.0,0.4,.000,3.9,6.8,.574,19.4,2.8,2.0,1.3,3.7,6.2,18.4,,99.6,95.2
12,4,27,473,16.6,.438,.407,.021,.386,166,16.0,22.5,19.3,10.3,2.0,2.8,14.9,20.9,,0.5,0.9,1.4,.117,,-2.6,2.3,-0.3
13,0,1,2,0,0,,0,0,,0,0,,0,0,,0,0,0,0,0,0,0,0,0
13,1,1,2.0,0.0,0.0,,0.0,0.0,,0.0,0.0,,0.0,0.0,,0.0,0.0,0.0,0.0,0.0,0.0,0.0
13,2,1,2,0.0,0.0,,0.0,0.0,,0.0,0.0,,0.0,0.0,,0.0,0.0,0.0,0.0,0.0,0.0,0.0
13,3,1,2,0.0,0.0,,0.0,0.0,,0.0,0.0,,0.0,0.0,,0.0,0.0,0.0,0.0,0.0,0.0,0.0,,,111.1
13,4,1,2,0.0,,,,,0,0.0,0.0,0.0,0.0,0.0,0.0,,0.0,,0.0,0.0,0.0,.015,,-4.7,0.7,-4.0
14,0,22,218,21,47,.447,8,16,.500,13,31,.419,6,7,.857,9,22,31,11,8,1,8,22,61
14,1,22,9.9,1.0,2.1,.447,0.4,0.7,.500,0.6,1.4,.419,0.3,0.3,.857,1.4,0.5,0.4,0.0,0.4,1.0,2.8
14,2,22,218,3.9,8.6,.447,1.5,2.9,.500,2.4,5.7,.419,1.1,1.3,.857,5.7,2.0,1.5,0.2,1.5,4.0,11.2
14,3,22,218,5.8,12.9,.447,2.2,4.4,.500,3.6,8.5,.419,1.6,1.9,.857,8.5,3.0,2.2,0.3,2.2,6.0,16.8,,123.3,100.3
14,4,22,218,14.5,.606,.585,.660,.149,59,5.0,11.9,8.5,10.6,2.2,0.6,13.7,13.6,,0.5,0.3,0.8,.143,,1.9,0.3,2.2
