0,0,5,19,0,1,.000,0,0,,0,1,.000,2,2,1.000,0,5,5,0,2,1,1,4,2
0,1,5,3.8,0.0,0.2,.000,0.0,0.0,,0.0,0.2,.000,0.4,0.4,1.000,1.0,0.0,0.4,0.2,0.2,0.8,0.4
0,2,5,19,0.0,2.1,.000,0.0,0.0,,0.0,2.1,.000,4.2,4.2,1.000,10.5,0.0,4.2,2.1,2.1,8.4,4.2
0,3,5,19,0.0,3.3,.000,0.0,0.0,,0.0,3.3,.000,6.7,6.7,1.000,16.7,0.0,6.7,3.3,3.3,13.4,6.7,,78.0,86.0
0,4,5,19,11.3,.513,.000,1.000,2.000,2,0.0,33.5,15.8,0.0,6.7,7.1,33.9,8.2,,0.0,0.1,0.0,.092,,-7.8,4.3,-3.6
1,0,30,514,34,101,.337,7,22,.318,27,79,.342,16,26,.615,4,23,27,38,10,0,35,31,111
1,1,30,17.1,1.1,3.4,.337,0.2,0.7,.318,0.9,2.6,.342,0.5,0.9,.615,0.9,1.3,0.3,0.0,1.2,1.0,3.7
1,2,30,514,2.6,7.9,.337,0.5,1.7,.318,2.1,6.1,.342,1.2,2.0,.615,2.1,3.0,0.8,0.0,2.7,2.4,8.6
1,3,30,514,4.2,12.5,.337,0.9,2.7,.318,3.3,9.7,.342,2.0,3.2,.615,3.3,4.7,1.2,0.0,4.3,3.8,13.7,,90.8,113.6
1,4,30,514,6.6,.490,.470,.782,.257,111,0.9,5.7,3.1,17.9,1.2,0.0,23.6,15.3,,0.1,0.0,0.1,.008,,-2.8,-4.5,-7.3
2,0,31,794,69,143,.483,50,89,.562,19,54,.352,35,53,.660,66,92,158,39,18,7,54,63,192
2,1,31,25.6,2.2,4.6,.483,1.6,2.9,.562,0.6,1.7,.352,1.1,1.7,.660,5.1,1.3,0.6,0.2,1.7,2.0,6.2
2,2,31,794,3.5,7.2,.483,2.5,4.5,.562,1.0,2.7,.352,1.8,2.7,.660,8.0,2.0,0.9,0.4,2.7,3.2,9.7
2,3,31,794,5.5,11.4,.483,4.0,7.1,.562,1.5,4.3,.352,2.8,4.2,.660,12.6,3.1,1.4,0.6,4.3,5.0,15.3,,102.5,108.9
2,4,31,794,13.5,.571,.549,.378,.371,197,9.4,14.8,11.9,12.5,1.4,1.2,24.3,14.8,,0.8,0.4,1.2,.062,,-0.4,-0.6,-1.0
3,0,31,532,55,181,.304,27,92,.293,28,89,.315,23,30,.767,39,59,98,29,18,3,38,50,161
3,1,31,17.2,1.8,5.8,.304,0.9,3.0,.293,0.9,2.9,.315,0.7,1.0,.767,3.2,0.9,0.6,0.1,1.2,1.6,5.2
3,2,31,532,4.1,13.6,.304,2.0,6.9,.293,2.1,6.7,.315,1.7,2.3,.767,7.4,2.2,1.4,0.2,2.9,3.8,12.1
3,3,31,532,6.6,21.6,.304,3.2,11.0,.293,3.3,10.6,.315,2.7,3.6,.767,11.7,3.5,2.1,0.4,4.5,6.0,19.2,,87.9,107.6
3,4,31,532,10.6,.412,.381,.492,.166,163,8.3,14.1,11.0,14.5,2.1,0.8,16.3,23.2,,-0.1,0.3,0.3,.021,,-2.2,-2.1,-4.3
4,0,31,562,55,142,.387,47,111,.423,8,31,.258,22,39,.564,7,43,50,63,26,4,69,57,140
4,1,31,18.1,1.8,4.6,.387,1.5,3.6,.423,0.3,1.0,.258,0.7,1.3,.564,1.6,2.0,0.8,0.1,2.2,1.8,4.5
4,2,31,562,3.9,10.1,.387,3.3,7.9,.423,0.6,2.2,.258,1.6,2.8,.564,3.6,4.5,1.9,0.3,4.9,4.1,10.0
4,3,31,562,6.2,16.0,.387,5.3,12.5,.423,0.9,3.5,.258,2.5,4.4,.564,5.6,7.1,2.9,0.5,7.8,6.4,15.8,,76.5,107.4
4,4,31,562,7.0,.436,.415,.218,.275,151,1.4,9.8,5.3,29.4,2.9,1.0,30.1,21.6,,-0.8,0.4,-0.4,-.028,,-5.9,-1.9,-7.9
5,0,13,62,1,7,.143,1,3,.333,0,4,.000,14,16,.875,2,6,8,2,1,0,4,6,16
5,1,13,4.8,0.1,0.5,.143,0.1,0.2,.333,0.0,0.3,.000,1.1,1.2,.875,0.6,0.2,0.1,0.0,0.3,0.5,1.2
5,2,13,62,0.6,4.5,.143,0.6,1.9,.333,0.0,2.6,.000,9.0,10.3,.875,5.2,1.3,0.6,0.0,2.6,3.9,10.3
5,3,13,62,1.0,7.2,.143,1.0,3.1,.333,0.0,4.1,.000,14.3,16.4,.875,8.2,2.0,1.0,0.0,4.1,6.1,16.4,,106.8,111.3
5,4,13,62,10.2,.548,.143,.571,2.286,16,3.6,12.3,7.7,7.0,1.0,0.0,21.5,15.9,,0.1,0.0,0.1,.067,,-3.0,-3.9,-6.9
6,0,31,525,49,124,.395,49,124,.395,0,0,,61,86,.709,43,53,96,10,8,9,51,98,159
6,1,31,16.9,1.6,4.0,.395,1.6,4.0,.395,0.0,0.0,,2.0,2.8,.709,3.1,0.3,0.3,0.3,1.6,3.2,5.1
6,2,31,525,3.7,9.4,.395,3.7,9.4,.395,0.0,0.0,,4.6,6.6,.709,7.3,0.8,0.6,0.7,3.9,7.5,12.1
6,3,31,525,5.9,15.0,.395,5.9,15.0,.395,0.0,0.0,,7.4,10.4,.709,11.6,1.2,1.0,1.1,6.2,11.8,19.2,,87.4,109.6
6,4,31,525,8.4,.482,.395,.000,.694,156,9.3,12.9,11.0,4.9,1.0,2.3,23.6,21.8,,-0.1,0.2,0.2,.012,,-6.0,-2.3,-8.4
7,0,31,630,34,85,.400,34,84,.405,0,1,.000,20,51,.392,46,69,115,13,10,7,34,73,88
7,1,31,20.3,1.1,2.7,.400,1.1,2.7,.405,0.0,0.0,.000,0.6,1.6,.392,3.7,0.4,0.3,0.2,1.1,2.4,2.8
7,2,31,630,2.2,5.4,.400,2.2,5.3,.405,0.0,0.1,.000,1.3,3.2,.392,7.3,0.8,0.6,0.4,2.2,4.6,5.6
7,3,31,630,3.4,8.6,.400,3.4,8.5,.405,0.0,0.1,.000,2.0,5.1,.392,11.6,1.3,1.0,0.7,3.4,7.3,8.9,,78.5,109.8
7,4,31,630,5.4,.403,.400,.012,.600,97,8.3,14.0,10.9,4.9,1.0,1.5,23.7,12.0,,-0.4,0.3,-0.1,-.008,,-6.0,-0.8,-6.8
8,0,25,124,12,26,.462,12,26,.462,0,0,,12,22,.545,10,7,17,2,2,4,8,18,36
8,1,25,5.0,0.5,1.0,.462,0.5,1.0,.462,0.0,0.0,,0.5,0.9,.545,0.7,0.1,0.1,0.2,0.3,0.7,1.4
8,2,25,124,3.9,8.4,.462,3.9,8.4,.462,0.0,0.0,,3.9,7.1,.545,5.5,0.6,0.6,1.3,2.6,5.8,11.6
8,3,25,124,6.1,13.3,.462,6.1,13.3,.462,0.0,0.0,,6.1,11.3,.545,8.7,1.0,1.0,2.0,4.1,9.2,18.4,,94.7,111.0
8,4,25,124,10.8,.494,.462,.000,.846,35,9.1,7.2,8.2,4.2,1.0,4.3,18.0,19.0,,0.1,0.0,0.1,.034,,-4.9,-1.9,-6.8
9,0,19,342,14,46,.304,5,16,.313,9,30,.300,11,12,.917,2,22,24,37,11,0,29,33,48
9,1,19,18.0,0.7,2.4,.304,0.3,0.8,.313,0.5,1.6,.300,0.6,0.6,.917,1.3,1.9,0.6,0.0,1.5,1.7,2.5
9,2,19,342,1.6,5.4,.304,0.6,1.9,.313,1.1,3.5,.300,1.3,1.4,.917,2.8,4.3,1.3,0.0,3.4,3.9,5.6
9,3,19,342,2.6,8.5,.304,0.9,3.0,.313,1.7,5.6,.300,2.0,2.2,.917,4.5,6.9,2.0,0.0,5.4,6.1,8.9,,81.1,110.6
9,4,19,342,5.0,.464,.402,.652,.261,59,0.7,8.2,4.2,24.7,2.0,0.0,35.9,12.5,,-0.2,0.1,-0.1,-.006,,-5.0,-3.2,-8.2
10,0,31,750,113,335,.337,78,218,.358,35,117,.299,60,88,.682,28,101,129,33,21,22,90,85,321
10,1,31,24.2,3.6,10.8,.337,2.5,7.0,.358,1.1,3.8,.299,1.9,2.8,.682,4.2,1.1,0.7,0.7,2.9,2.7,10.4
10,2,31,750,6.0,17.9,.337,4.2,11.6,.358,1.9,6.2,.299,3.2,4.7,.682,6.9,1.8,1.1,1.2,4.8,4.5,17.1
10,3,31,750,9.6,28.3,.337,6.6,18.4,.358,3.0,9.9,.299,5.1,7.4,.682,10.9,2.8,1.8,1.9,7.6,7.2,27.1,,80.7,105.6
10,4,31,750,10.0,.426,.390,.349,.263,294,4.2,17.2,10.3,13.4,1.8,3.9,19.3,33.0,,-0.9,0.6,-0.3,-.016,,-5.5,-1.4,-6.9
11,0,28,533,52,141,.369,29,71,.408,23,70,.329,27,39,.692,24,57,81,19,14,4,22,35,154
11,1,28,19.0,1.9,5.0,.369,1.0,2.5,.408,0.8,2.5,.329,1.0,1.4,.692,2.9,0.7,0.5,0.1,0.8,1.3,5.5
11,2,28,533,3.9,10.6,.369,2.2,5.3,.408,1.7,5.3,.329,2.0,2.9,.692,6.1,1.4,1.1,0.3,1.7,2.6,11.6
11,3,28,533,6.2,16.8,.369,3.5,8.4,.408,2.7,8.3,.329,3.2,4.6,.692,9.6,2.3,1.7,0.5,2.6,4.2,18.3,,102.1,108.9
11,4,28,533,12.7,.483,.450,.496,.277,144,5.1,13.6,9.1,9.3,1.7,1.0,12.1,18.0,,0.6,0.3,0.9,.064,,-1.1,-2.2,-3.3
12,0,30,430,40,108,.370,26,61,.426,14,47,.298,21,23,.913,37,44,81,14,12,6,18,39,115
12,1,30,14.3,1.3,3.6,.370,0.9,2.0,.426,0.5,1.6,.298,0.7,0.8,.913,2.7,0.5,0.4,0.2,0.6,1.3,3.8
12,2,30,430,3.7,10.0,.370,2.4,5.7,.426,1.3,4.4,.298,2.0,2.1,.913,7.5,1.3,1.1,0.6,1.7,3.6,10.7
12,3,30,430,5.9,15.9,.370,3.8,9.0,.426,2.1,6.9,.298,3.1,3.4,.913,11.9,2.1,1.8,0.9,2.7,5.8,17.0,,104.6,108.4
12,4,30,430,13.7,.483,.435,.435,.213,115,9.7,13.0,11.3,8.4,1.8,1.9,13.1,16.9,,0.5,0.2,0.8,.073,,-0.9,-1.5,-2.3
13,0,16,383,66,162,.407,44,101,.436,22,61,.361,19,24,.792,25,56,81,5,3,6,37,31,173
13,1,16,23.9,4.1,10.1,.407,2.8,6.3,.436,1.4,3.8,.361,1.2,1.5,.792,5.1,0.3,0.2,0.4,2.3,1.9,10.8
13,2,16,383,6.9,16.9,.407,4.6,10.5,.436,2.3,6.4,.361,2.0,2.5,.792,8.5,0.5,0.3,0.6,3.9,3.2,18.1
13,3,16,383,10.9,26.8,.407,7.3,16.7,.436,3.6,10.1,.361,3.1,4.0,.792,13.4,0.8,0.5,1.0,6.1,5.1,28.7,,91.0,109.0
13,4,16,383,14.3,.499,.475,.377,.148,147,7.4,18.6,12.7,4.3,0.5,2.1,17.6,29.1,,0.1,0.2,0.3,.031,,-3.4,-4.9,-8.3
