0,0,30,583,120,209,.574,119,206,.578,1,3,.333,48,71,.676,48,107,155,8,8,32,52,78,289
0,1,30,19.4,4.0,7.0,.574,4.0,6.9,.578,0.0,0.1,.333,1.6,2.4,.676,5.2,0.3,0.3,1.1,1.7,2.6,9.6
0,2,30,583,8.2,14.3,.574,8.2,14.1,.578,0.1,0.2,.333,3.3,4.9,.676,10.6,0.5,0.5,2.2,3.6,5.4,19.8
0,3,30,583,12.8,22.3,.574,12.7,22.0,.578,0.1,0.3,.333,5.1,7.6,.676,16.5,0.9,0.9,3.4,5.5,8.3,30.8,,105.4,110.0
0,4,30,583,22.2,.595,.577,.014,.340,259,9.9,23.1,16.4,3.7,0.9,6.4,17.6,27.4,,1.0,0.5,1.4,.097,,-3.3,-2.5,-5.8
1,0,27,424,61,123,.496,59,110,.536,2,13,.154,41,60,.683,28,43,71,25,19,1,35,63,165
1,1,27,15.7,2.3,4.6,.496,2.2,4.1,.536,0.1,0.5,.154,1.5,2.2,.683,2.6,0.9,0.7,0.0,1.3,2.3,6.1
1,2,27,424,5.8,11.6,.496,5.6,10.4,.536,0.2,1.2,.154,3.9,5.7,.683,6.7,2.4,1.8,0.1,3.3,5.9,15.6
1,3,27,424,9.0,18.0,.496,8.7,16.1,.536,0.3,1.9,.154,6.0,8.8,.683,10.4,3.7,2.8,0.1,5.1,9.2,24.2,,102.9,112.6
1,4,27,424,16.1,.545,.504,.106,.488,167,8.0,12.8,10.3,13.5,2.8,0.3,18.8,23.9,,0.5,0.2,0.7,.071,,-1.4,-2.7,-4.1
2,0,24,256,19,76,.250,3,11,.273,16,65,.246,7,7,1.000,7,13,20,8,3,3,3,25,61
2,1,24,10.7,0.8,3.2,.250,0.1,0.5,.273,0.7,2.7,.246,0.3,0.3,1.000,0.8,0.3,0.1,0.1,0.1,1.0,2.5
2,2,24,256,3.0,11.9,.250,0.5,1.7,.273,2.5,10.2,.246,1.1,1.1,1.000,3.1,1.3,0.5,0.5,0.5,3.9,9.5
2,3,24,256,4.6,18.5,.250,0.7,2.7,.273,3.9,15.8,.246,1.7,1.7,1.000,4.9,1.9,0.7,0.7,0.7,6.1,14.8,,92.6,119.4
2,4,24,256,5.6,.384,.355,.855,.092,60,3.3,6.4,4.8,6.2,0.7,1.4,3.6,17.4,,0.0,0.0,0.0,-.002,,-2.4,-5.7,-8.1
3,0,30,397,39,80,.488,20,41,.488,19,39,.487,12,12,1.000,7,25,32,25,10,0,28,42,109
3,1,30,13.2,1.3,2.7,.488,0.7,1.4,.488,0.6,1.3,.487,0.4,0.4,1.000,1.1,0.8,0.3,0.0,0.9,1.4,3.6
3,2,30,397,3.9,8.1,.488,2.0,4.1,.488,1.9,3.9,.487,1.2,1.2,1.000,3.2,2.5,1.0,0.0,2.8,4.2,11.0
3,3,30,397,6.1,12.5,.488,3.1,6.4,.488,3.0,6.1,.487,1.9,1.9,1.000,5.0,3.9,1.6,0.0,4.4,6.6,17.1,,105.7,117.6
3,4,30,397,10.4,.636,.606,.488,.150,105,2.1,7.9,5.0,13.1,1.6,0.0,24.6,15.5,,0.4,0.0,0.4,.043,,-1.2,-4.2,-5.4
4,0,29,358,46,113,.407,17,34,.500,29,79,.367,6,7,.857,9,26,35,9,3,3,12,32,127
4,1,29,12.3,1.6,3.9,.407,0.6,1.2,.500,1.0,2.7,.367,0.2,0.2,.857,1.2,0.3,0.1,0.1,0.4,1.1,4.4
4,2,29,358,5.1,12.6,.407,1.9,3.8,.500,3.2,8.8,.367,0.7,0.8,.857,3.9,1.0,0.3,0.3,1.3,3.6,14.2
4,3,29,358,8.0,19.6,.407,3.0,5.9,.500,5.0,13.7,.367,1.0,1.2,.857,6.1,1.6,0.5,0.5,2.1,5.6,22.1,,108.5,119.1
4,4,29,358,12.0,.546,.535,.699,.062,110,3.0,9.2,6.0,5.6,0.5,1.0,9.4,19.4,,0.5,0.0,0.5,.053,,-0.1,-6.0,-6.1
5,0,30,482,53,121,.438,44,90,.489,9,31,.290,12,27,.444,45,51,96,15,4,15,19,54,127
5,1,30,16.1,1.8,4.0,.438,1.5,3.0,.489,0.3,1.0,.290,0.4,0.9,.444,3.2,0.5,0.1,0.5,0.6,1.8,4.2
5,2,30,482,4.4,10.0,.438,3.7,7.5,.489,0.7,2.6,.290,1.0,2.2,.444,8.0,1.2,0.3,1.2,1.6,4.5,10.5
5,3,30,482,6.8,15.6,.438,5.7,11.6,.489,1.2,4.0,.290,1.5,3.5,.444,12.4,1.9,0.5,1.9,2.5,7.0,16.4,,102.8,116.0
5,4,30,482,12.3,.475,.475,.256,.223,138,11.3,13.3,12.3,6.6,0.5,3.6,12.4,17.2,,0.4,0.1,0.5,.044,,-2.4,-2.6,-5.0
6,0,28,792,117,248,.472,113,230,.491,4,18,.222,141,212,.665,34,107,141,82,41,14,65,71,379
6,1,28,28.3,4.2,8.9,.472,4.0,8.2,.491,0.1,0.6,.222,5.0,7.6,.665,5.0,2.9,1.5,0.5,2.3,2.5,13.5
6,2,28,792,5.9,12.5,.472,5.7,11.6,.491,0.2,0.9,.222,7.1,10.7,.665,7.1,4.1,2.1,0.7,3.3,3.6,19.1
6,3,28,792,9.2,19.5,.472,8.9,18.1,.491,0.3,1.4,.222,11.1,16.7,.665,11.1,6.4,3.2,1.1,5.1,5.6,29.8,,109.0,109.5
6,4,28,792,22.9,.543,.480,.073,.855,392,5.2,17.0,11.0,24.0,3.2,2.1,15.7,28.3,,1.8,0.7,2.4,.124,,1.0,-0.3,0.7
7,0,23,687,59,140,.421,19,47,.404,40,93,.430,41,53,.774,18,70,88,46,29,3,36,59,199
7,1,23,29.9,2.6,6.1,.421,0.8,2.0,.404,1.7,4.0,.430,1.8,2.3,.774,3.8,2.0,1.3,0.1,1.6,2.6,8.7
7,2,23,687,3.4,8.2,.421,1.1,2.7,.404,2.3,5.4,.430,2.4,3.1,.774,5.1,2.7,1.7,0.2,2.1,3.4,11.6
7,3,23,687,5.3,12.7,.421,1.7,4.3,.404,3.6,8.4,.430,3.7,4.8,.774,8.0,4.2,2.6,0.3,3.3,5.3,18.0,,114.0,113.2
7,4,23,687,14.5,.602,.564,.664,.379,199,3.2,12.8,7.9,13.6,2.6,0.5,17.9,15.9,,1.1,0.3,1.5,.085,,1.8,-1.9,-0.1
8,0,30,629,24,73,.329,17,33,.515,7,40,.175,39,46,.848,15,71,86,40,15,4,33,76,94
8,1,30,21.0,0.8,2.4,.329,0.6,1.1,.515,0.2,1.3,.175,1.3,1.5,.848,2.9,1.3,0.5,0.1,1.1,2.5,3.1
8,2,30,629,1.5,4.6,.329,1.1,2.1,.515,0.4,2.5,.175,2.5,2.9,.848,5.5,2.5,1.0,0.3,2.1,4.8,6.0
8,3,30,629,2.4,7.2,.329,1.7,3.3,.515,0.7,4.0,.175,3.9,4.5,.848,8.5,4.0,1.5,0.4,3.3,7.5,9.3,,95.9,114.9
8,4,30,629,6.7,.496,.377,.548,.630,113,2.9,14.2,8.4,11.8,1.5,0.7,25.8,11.0,,0.1,0.2,0.3,.021,,-3.0,-1.8,-4.8
9,0,30,516,54,137,.394,6,13,.462,48,124,.387,14,19,.737,8,42,50,19,7,10,10,41,170
9,1,30,17.2,1.8,4.6,.394,0.2,0.4,.462,1.6,4.1,.387,0.5,0.6,.737,1.7,0.6,0.2,0.3,0.3,1.4,5.7
9,2,30,516,4.2,10.6,.394,0.5,1.0,.462,3.7,9.6,.387,1.1,1.5,.737,3.9,1.5,0.5,0.8,0.8,3.2,13.2
9,3,30,516,6.5,16.5,.394,0.7,1.6,.462,5.8,15.0,.387,1.7,2.3,.737,6.0,2.3,0.8,1.2,1.2,4.9,20.5,,121.2,117.3
9,4,30,516,14.0,.582,.569,.905,.139,150,1.9,10.3,6.0,7.8,0.8,2.3,6.4,16.4,,1.1,0.1,1.1,.086,,2.2,-4.3,-2.0
10,0,15,90,7,9,.778,3,3,1.000,4,6,.667,3,5,.600,6,6,12,2,2,0,1,19,21
10,1,15,6.0,0.5,0.6,.778,0.2,0.2,1.000,0.3,0.4,.667,0.2,0.3,.600,0.8,0.1,0.1,0.0,0.1,1.3,1.4
10,2,15,90,3.1,4.0,.778,1.3,1.3,1.000,1.8,2.7,.667,1.3,2.2,.600,5.3,0.9,0.9,0.0,0.4,8.4,9.3
10,3,15,90,4.8,6.2,.778,2.1,2.1,1.000,2.8,4.1,.667,2.1,3.5,.600,8.3,1.4,1.4,0.0,0.7,13.1,14.5,,177.6,117.2
10,4,15,90,13.7,.923,1.000,.667,.556,20,8.0,8.4,8.2,4.4,1.4,0.0,8.1,7.5,,0.3,0.0,0.3,.129,,3.9,-4.1,-0.2
11,0,28,862,105,289,.363,56,146,.384,49,143,.343,44,59,.746,20,56,76,55,22,4,47,64,303
11,1,28,30.8,3.8,10.3,.363,2.0,5.2,.384,1.8,5.1,.343,1.6,2.1,.746,2.7,2.0,0.8,0.1,1.7,2.3,10.8
11,2,28,862,4.9,13.4,.363,2.6,6.8,.384,2.3,6.6,.343,2.0,2.7,.746,3.5,2.6,1.0,0.2,2.2,3.0,14.1
11,3,28,862,7.6,20.9,.363,4.0,10.5,.384,3.5,10.3,.343,3.2,4.3,.746,5.5,4.0,1.6,0.3,3.4,4.6,21.9,,97.9,117.4
11,4,28,862,11.5,.478,.448,.495,.204,295,2.8,8.2,5.4,13.9,1.6,0.5,12.9,22.9,,0.5,0.1,0.6,.028,,-1.2,-4.3,-5.5
