0,0,18,142,7,28,.250,5,15,.333,2,13,.154,6,9,.667,5,10,15,6,6,0,10,5,22
0,1,18,7.9,0.4,1.6,.250,0.3,0.8,.333,0.1,0.7,.154,0.3,0.5,.667,0.8,0.3,0.3,0.0,0.6,0.3,1.2
0,2,18,142,2.0,7.9,.250,1.4,4.2,.333,0.6,3.7,.154,1.7,2.5,.667,4.2,1.7,1.7,0.0,2.8,1.4,6.2
0,3,18,142,2.9,11.7,.250,2.1,6.3,.333,0.8,5.4,.154,2.5,3.8,.667,6.3,2.5,2.5,0.0,4.2,2.1,9.2,,69.1,109.9
0,4,18,142,3.5,.341,.286,.464,.321,24,3.9,8.0,6.0,9.8,2.5,0.0,23.7,15.0,,-0.2,0.1,-0.1,-.032,,-7.4,-2.5,-9.9
1,0,29,392,46,100,.460,46,99,.465,0,1,.000,26,47,.553,44,40,84,7,4,34,34,83,118
1,1,29,13.5,1.6,3.4,.460,1.6,3.4,.465,0.0,0.0,.000,0.9,1.6,.553,2.9,0.2,0.1,1.2,1.2,2.9,4.1
1,2,29,392,4.7,10.2,.460,4.7,10.1,.465,0.0,0.1,.000,2.7,4.8,.553,8.6,0.7,0.4,3.5,3.5,8.5,12.0
1,3,29,392,7.0,15.1,.460,7.0,15.0,.465,0.0,0.2,.000,3.9,7.1,.553,12.7,1.1,0.6,5.1,5.1,12.6,17.8,,90.2,106.7
1,4,29,392,11.4,.482,.460,.010,.470,121,12.6,11.6,12.1,4.9,0.6,10.4,21.7,20.1,,-0.1,0.4,0.4,.036,,-6.4,1.4,-5.0
2,0,26,743,101,229,.441,92,178,.517,9,51,.176,79,104,.760,37,156,193,21,19,19,70,83,290
2,1,26,28.6,3.9,8.8,.441,3.5,6.8,.517,0.3,2.0,.176,3.0,4.0,.760,7.4,0.8,0.7,0.7,2.7,3.2,11.2
2,2,26,743,5.4,12.3,.441,5.0,9.6,.517,0.5,2.7,.176,4.3,5.6,.760,10.4,1.1,1.0,1.0,3.8,4.5,15.6
2,3,26,743,8.1,18.3,.441,7.3,14.2,.517,0.7,4.1,.176,6.3,8.3,.760,15.4,1.7,1.5,1.5,5.6,6.6,23.1,,94.5,103.1
2,4,26,743,14.3,.521,.461,.223,.454,268,5.6,23.9,14.7,8.2,1.5,3.1,20.1,23.6,,0.2,1.1,1.3,.067,,-4.6,-1.1,-5.7
3,0,31,276,11,37,.297,10,26,.385,1,11,.091,3,11,.273,6,19,25,29,16,1,24,26,26
3,1,31,8.9,0.4,1.2,.297,0.3,0.8,.385,0.0,0.4,.091,0.1,0.4,.273,0.8,0.9,0.5,0.0,0.8,0.8,0.8
3,2,31,276,1.6,5.4,.297,1.4,3.8,.385,0.1,1.6,.091,0.4,1.6,.273,3.6,4.2,2.3,0.1,3.5,3.8,3.8
3,3,31,276,2.4,7.9,.297,2.1,5.6,.385,0.2,2.4,.091,0.6,2.4,.273,5.4,6.2,3.4,0.2,5.2,5.6,5.6,,62.9,107.3
3,4,31,276,3.3,.308,.311,.297,.297,39,2.4,7.8,5.1,23.9,3.4,0.4,36.2,12.1,,-0.5,0.3,-0.2,-.032,,-7.9,-1.7,-9.6
4,0,31,256,13,29,.448,13,29,.448,0,0,,10,29,.345,10,30,40,2,2,23,13,44,36
4,1,31,8.3,0.4,0.9,.448,0.4,0.9,.448,0.0,0.0,,0.3,0.9,.345,1.3,0.1,0.1,0.7,0.4,1.4,1.2
4,2,31,256,2.0,4.5,.448,2.0,4.5,.448,0.0,0.0,,1.6,4.5,.345,6.3,0.3,0.3,3.6,2.0,6.9,5.6
4,3,31,256,3.0,6.7,.448,3.0,6.7,.448,0.0,0.0,,2.3,6.7,.345,9.3,0.5,0.5,5.3,3.0,10.2,8.3,,75.4,106.4
4,4,31,256,5.4,.421,.448,.000,1.000,36,4.4,13.4,8.8,1.8,0.5,10.8,23.3,11.0,,-0.2,0.3,0.1,.010,,-9.0,2.5,-6.5
5,0,32,486,39,114,.342,22,63,.349,17,51,.333,12,30,.400,17,62,79,8,4,11,17,60,107
5,1,32,15.2,1.2,3.6,.342,0.7,2.0,.349,0.5,1.6,.333,0.4,0.9,.400,2.5,0.3,0.1,0.3,0.5,1.9,3.3
5,2,32,486,3.2,9.4,.342,1.8,5.2,.349,1.4,4.2,.333,1.0,2.5,.400,6.5,0.7,0.3,0.9,1.4,4.9,8.8
5,3,32,486,4.8,13.9,.342,2.7,7.7,.349,2.1,6.2,.333,1.5,3.7,.400,9.6,1.0,0.5,1.3,2.1,7.3,13.1,,87.9,109.7
5,4,32,486,5.8,.417,.417,.447,.263,100,3.9,14.5,9.2,4.1,0.5,2.7,11.7,15.0,,-0.1,0.4,0.3,.022,,-6.0,-2.8,-8.8
6,0,1,1,0,0,,0,0,,0,0,,0,0,,0,0,0,0,0,0,0,0,0
6,1,1,1.0,0.0,0.0,,0.0,0.0,,0.0,0.0,,0.0,0.0,,0.0,0.0,0.0,0.0,0.0,0.0,0.0
6,2,1,1,0.0,0.0,,0.0,0.0,,0.0,0.0,,0.0,0.0,,0.0,0.0,0.0,0.0,0.0,0.0,0.0
6,3,1,1,0.0,0.0,,0.0,0.0,,0.0,0.0,,0.0,0.0,,0.0,0.0,0.0,0.0,0.0,0.0,0.0,,,119.2
6,4,1,1,0.0,,,,,0,0.0,0.0,0.0,0.0,0.0,0.0,,0.0,,0.0,0.0,0.0,-.003,,-7.5,-2.1,-9.6
7,0,2,2,0,0,,0,0,,0,0,,0,0,,0,0,0,0,0,0,0,0,0
7,1,2,1.0,0.0,0.0,,0.0,0.0,,0.0,0.0,,0.0,0.0,,0.0,0.0,0.0,0.0,0.0,0.0,0.0
7,2,2,2,0.0,0.0,,0.0,0.0,,0.0,0.0,,0.0,0.0,,0.0,0.0,0.0,0.0,0.0,0.0,0.0
7,3,2,2,0.0,0.0,,0.0,0.0,,0.0,0.0,,0.0,0.0,,0.0,0.0,0.0,0.0,0.0,0.0,0.0,,,119.2
7,4,2,2,0.0,,,,,0,0.0,0.0,0.0,0.0,0.0,0.0,,0.0,,0.0,0.0,0.0,-.003,,-7.4,-2.1,-9.6
8,0,25,267,21,53,.396,18,41,.439,3,12,.250,11,24,.458,15,28,43,3,7,3,14,37,56
8,1,25,10.7,0.8,2.1,.396,0.7,1.6,.439,0.1,0.5,.250,0.4,1.0,.458,1.7,0.1,0.3,0.1,0.6,1.5,2.2
8,2,25,267,3.1,7.9,.396,2.7,6.1,.439,0.4,1.8,.250,1.6,3.6,.458,6.4,0.4,1.0,0.4,2.1,5.5,8.4
8,3,25,267,4.7,11.8,.396,4.0,9.1,.439,0.7,2.7,.250,2.4,5.3,.458,9.5,0.7,1.6,0.7,3.1,8.2,12.4,,85.1,109.0
8,4,25,267,6.0,.435,.425,.226,.453,55,6.3,12.0,9.1,2.8,1.6,1.4,17.9,14.8,,-0.1,0.2,0.1,.016,,-6.6,-2.8,-9.3
9,0,32,1123,140,428,.327,90,263,.342,50,165,.303,229,291,.787,45,106,151,66,33,5,95,77,559
9,1,32,35.1,4.4,13.4,.327,2.8,8.2,.342,1.6,5.2,.303,7.2,9.1,.787,4.7,2.1,1.0,0.2,3.0,2.4,17.5
9,2,32,1123,5.0,15.2,.327,3.2,9.4,.342,1.8,5.9,.303,8.2,10.4,.787,5.4,2.4,1.2,0.2,3.4,2.7,19.9
9,3,32,1123,7.4,22.6,.327,4.8,13.9,.342,2.6,8.7,.303,12.1,15.4,.787,8.0,3.5,1.7,0.3,5.0,4.1,29.5,,101.9,109.9
9,4,32,1123,15.7,.494,.386,.386,.680,537,4.5,10.8,7.6,16.5,1.7,0.5,14.4,29.6,,1.5,0.9,2.3,.084,,-0.3,-3.8,-4.1
10,0,29,992,128,290,.441,76,154,.494,52,136,.382,185,230,.804,44,88,132,46,19,2,50,59,493
10,1,29,34.2,4.4,10.0,.441,2.6,5.3,.494,1.8,4.7,.382,6.4,7.9,.804,4.6,1.6,0.7,0.1,1.7,2.0,17.0
10,2,29,992,5.2,11.7,.441,3.1,6.2,.494,2.1,5.5,.382,7.5,9.3,.804,5.3,1.9,0.8,0.1,2.0,2.4,19.9
10,3,29,992,7.7,17.3,.441,4.5,9.2,.494,3.1,8.1,.382,11.1,13.7,.804,7.9,2.7,1.1,0.1,3.0,3.5,29.5,,126.8,111.7
10,4,29,992,21.0,.617,.531,.469,.793,455,5.0,10.1,7.5,13.2,1.1,0.2,11.1,22.8,,3.5,0.6,4.1,.166,,4.8,-4.2,0.6
11,0,23,240,19,36,.528,19,36,.528,0,0,,6,12,.500,17,37,54,2,3,8,11,58,44
11,1,23,10.4,0.8,1.6,.528,0.8,1.6,.528,0.0,0.0,,0.3,0.5,.500,2.3,0.1,0.1,0.3,0.5,2.5,1.9
11,2,23,240,3.2,6.0,.528,3.2,6.0,.528,0.0,0.0,,1.0,2.0,.500,9.0,0.3,0.5,1.3,1.8,9.7,7.3
11,3,23,240,4.7,8.9,.528,4.7,8.9,.528,0.0,0.0,,1.5,3.0,.500,13.3,0.5,0.7,2.0,2.7,14.3,10.9,,97.1,106.4
11,4,23,240,7.3,.528,.528,.000,.333,44,7.9,17.6,12.7,2.1,0.7,4.0,20.9,11.1,,0.1,0.3,0.3,.055,,-6.3,-1.4,-7.7
12,0,29,384,31,61,.508,31,61,.508,0,0,,28,50,.560,28,33,61,5,8,16,25,68,90
12,1,29,13.2,1.1,2.1,.508,1.1,2.1,.508,0.0,0.0,,1.0,1.7,.560,2.1,0.2,0.3,0.6,0.9,2.3,3.1
12,2,29,384,3.2,6.4,.508,3.2,6.4,.508,0.0,0.0,,2.9,5.2,.560,6.4,0.5,0.8,1.7,2.6,7.1,9.4
12,3,29,384,4.8,9.4,.508,4.8,9.4,.508,0.0,0.0,,4.3,7.7,.560,9.4,0.8,1.2,2.5,3.9,10.5,13.9,,95.1,108.8
12,4,29,384,8.9,.531,.508,.000,.820,90,8.2,9.8,9.0,3.3,1.2,5.0,22.8,14.4,,0.1,0.3,0.4,.044,,-5.5,-0.6,-6.1
13,0,26,194,4,22,.182,4,16,.250,0,6,.000,11,23,.478,20,30,50,13,7,6,23,38,19
13,1,26,7.5,0.2,0.8,.182,0.2,0.6,.250,0.0,0.2,.000,0.4,0.9,.478,1.9,0.5,0.3,0.2,0.9,1.5,0.7
13,2,26,194,0.8,4.5,.182,0.8,3.3,.250,0.0,1.2,.000,2.3,4.7,.478,10.3,2.7,1.4,1.2,4.7,7.8,3.9
13,3,26,194,1.2,6.7,.182,1.2,4.9,.250,0.0,1.8,.000,3.4,7.0,.478,15.3,4.0,2.1,1.8,7.0,11.6,5.8,,60.3,103.7
13,4,26,194,2.7,.289,.182,.273,1.045,32,11.5,17.6,14.6,14.6,2.1,3.7,41.1,14.5,,-0.5,0.3,-0.2,-.044,,-8.8,1.4,-7.4
14,0,31,977,62,199,.312,25,81,.309,37,118,.314,68,104,.654,18,68,86,89,23,1,94,104,229
14,1,31,31.5,2.0,6.4,.312,0.8,2.6,.309,1.2,3.8,.314,2.2,3.4,.654,2.8,2.9,0.7,0.0,3.0,3.4,7.4
14,2,31,977,2.5,8.1,.312,1.0,3.3,.309,1.5,4.8,.314,2.8,4.3,.654,3.5,3.6,0.9,0.0,3.8,4.3,9.4
14,3,31,977,3.8,12.1,.312,1.5,4.9,.309,2.2,7.2,.314,4.1,6.3,.654,5.2,5.4,1.4,0.1,5.7,6.3,13.9,,83.7,111.9
14,4,31,977,5.1,.461,.405,.593,.523,247,2.1,7.9,5.0,21.9,1.4,0.1,27.5,17.6,,-0.7,0.6,-0.1,-.004,,-4.0,-3.5,-7.6
