0,0,32,697,90,216,.417,51,102,.500,39,114,.342,48,72,.667,25,65,90,19,14,10,49,53,267
0,1,32,21.8,2.8,6.8,.417,1.6,3.2,.500,1.2,3.6,.342,1.5,2.3,.667,2.8,0.6,0.4,0.3,1.5,1.7,8.3
0,2,32,697,5.2,12.4,.417,2.9,5.9,.500,2.2,6.5,.342,2.8,4.1,.667,5.2,1.1,0.8,0.6,2.8,3.0,15.3
0,3,32,697,7.6,18.3,.417,4.3,8.6,.500,3.3,9.6,.342,4.1,6.1,.667,7.6,1.6,1.2,0.8,4.1,4.5,22.6,,98.8,98.1
0,4,32,697,12.6,.534,.507,.528,.333,237,4.7,10.9,7.9,5.8,1.2,1.6,16.4,22.1,,0.7,1.1,1.8,.102,,-2.6,-2.9,-5.6
1,0,27,155,17,33,.515,6,10,.600,11,23,.478,14,20,.700,5,13,18,11,11,2,13,13,59
1,1,27,5.7,0.6,1.2,.515,0.2,0.4,.600,0.4,0.9,.478,0.5,0.7,.700,0.7,0.4,0.4,0.1,0.5,0.5,2.2
1,2,27,155,4.4,8.5,.515,1.5,2.6,.600,2.8,5.9,.478,3.6,5.2,.700,4.6,2.8,2.8,0.5,3.4,3.4,15.2
1,3,27,155,6.5,12.6,.515,2.3,3.8,.600,4.2,8.8,.478,5.3,7.6,.700,6.9,4.2,4.2,0.8,4.9,4.9,22.5,,115.5,92.1
1,4,27,155,19.6,.694,.682,.697,.606,55,4.2,9.8,7.1,14.4,4.2,1.5,23.4,18.4,,0.4,0.3,0.7,.181,,1.8,-0.2,1.6
2,0,23,139,4,7,.571,4,7,.571,0,0,,4,9,.444,8,17,25,5,7,5,9,27,12
2,1,23,6.0,0.2,0.3,.571,0.2,0.3,.571,0.0,0.0,,0.2,0.4,.444,1.1,0.2,0.3,0.2,0.4,1.2,0.5
2,2,23,139,1.2,2.0,.571,1.2,2.0,.571,0.0,0.0,,1.2,2.6,.444,7.2,1.4,2.0,1.4,2.6,7.8,3.5
2,3,23,139,1.7,3.0,.571,1.7,3.0,.571,0.0,0.0,,1.7,3.8,.444,10.6,2.1,3.0,2.1,3.8,11.5,5.1,,82.7,91.0
2,4,23,139,6.4,.532,.571,.000,1.286,17,7.5,14.3,11.1,6.3,3.0,4.1,44.4,7.5,,0.0,0.3,0.3,.079,,-5.0,3.4,-1.6
3,0,32,828,41,109,.376,26,59,.441,15,50,.300,10,14,.714,9,62,71,162,38,13,76,51,107
3,1,32,25.9,1.3,3.4,.376,0.8,1.8,.441,0.5,1.6,.300,0.3,0.4,.714,2.2,5.1,1.2,0.4,2.4,1.6,3.3
3,2,32,828,2.0,5.3,.376,1.3,2.9,.441,0.7,2.4,.300,0.5,0.7,.714,3.4,7.8,1.8,0.6,3.7,2.5,5.2
3,3,32,828,2.9,7.8,.376,1.9,4.2,.441,1.1,3.6,.300,0.7,1.0,.714,5.1,11.5,2.7,0.9,5.4,3.6,7.6,,91.3,95.8
3,4,32,828,9.9,.463,.445,.459,.128,186,1.4,8.8,5.3,35.3,2.7,1.8,39.7,11.9,,0.1,1.5,1.6,.078,,-4.4,-1.1,-5.5
4,0,32,707,101,202,.500,80,142,.563,21,60,.350,21,28,.750,47,67,114,27,23,21,33,76,244
4,1,32,22.1,3.2,6.3,.500,2.5,4.4,.563,0.7,1.9,.350,0.7,0.9,.750,3.6,0.8,0.7,0.7,1.0,2.4,7.6
4,2,32,707,5.7,11.4,.500,4.5,8.0,.563,1.2,3.4,.350,1.2,1.6,.750,6.4,1.5,1.3,1.2,1.9,4.3,13.8
4,3,32,707,8.4,16.9,.500,6.7,11.8,.563,1.8,5.0,.350,1.8,2.3,.750,9.5,2.3,1.9,1.8,2.8,6.3,20.4,,111.6,95.5
4,4,32,707,16.5,.567,.552,.297,.139,230,8.6,11.1,9.9,8.3,1.9,3.4,13.3,18.1,,1.3,1.3,2.6,.149,,-0.5,0.0,-0.5
5,0,9,284,46,107,.430,13,32,.406,33,75,.440,18,19,.947,3,11,14,18,5,0,13,14,143
5,1,9,31.6,5.1,11.9,.430,1.4,3.6,.406,3.7,8.3,.440,2.0,2.1,.947,1.6,2.0,0.6,0.0,1.4,1.6,15.9
5,2,9,284,6.5,15.1,.430,1.8,4.5,.406,4.6,10.6,.440,2.5,2.7,.947,2.0,2.5,0.7,0.0,1.8,2.0,20.1
5,3,9,284,9.6,22.2,.430,2.7,6.6,.406,6.9,15.6,.440,3.7,3.9,.947,2.9,3.7,1.0,0.0,2.7,2.9,29.7,,121.2,102.2
5,4,9,284,19.2,.616,.584,.701,.178,121,1.4,4.5,3.0,14.4,1.0,0.0,10.1,23.4,,0.9,0.3,1.3,.178,,3.5,-5.5,-2.0
6,0,26,596,75,182,.412,42,90,.467,33,92,.359,58,82,.707,24,51,75,25,18,12,40,59,241
6,1,26,22.9,2.9,7.0,.412,1.6,3.5,.467,1.3,3.5,.359,2.2,3.2,.707,2.9,1.0,0.7,0.5,1.5,2.3,9.3
6,2,26,596,5.0,12.2,.412,2.8,6.0,.467,2.2,6.2,.359,3.9,5.5,.707,5.0,1.7,1.2,0.8,2.7,4.0,16.2
6,3,26,596,7.4,18.0,.412,4.2,8.9,.467,3.3,9.1,.359,5.7,8.1,.707,7.4,2.5,1.8,1.2,4.0,5.8,23.9,,104.9,96.8
6,4,26,596,15.1,.545,.503,.505,.451,222,5.2,10.0,7.7,8.8,1.8,2.3,15.3,22.5,,1.0,1.0,2.0,.133,,-1.1,-1.8,-2.9
7,0,31,318,24,51,.471,18,29,.621,6,22,.273,10,19,.526,17,25,42,16,12,5,23,46,64
7,1,31,10.3,0.8,1.6,.471,0.6,0.9,.621,0.2,0.7,.273,0.3,0.6,.526,1.4,0.5,0.4,0.2,0.7,1.5,2.1
7,2,31,318,3.0,6.4,.471,2.3,3.6,.621,0.8,2.8,.273,1.3,2.4,.526,5.3,2.0,1.5,0.6,2.9,5.8,8.1
7,3,31,318,4.5,9.5,.471,3.3,5.4,.621,1.1,4.1,.273,1.9,3.5,.526,7.8,3.0,2.2,0.9,4.3,8.5,11.9,,92.8,96.2
7,4,31,318,8.3,.533,.529,.431,.373,70,6.9,9.2,8.1,9.5,2.2,1.8,27.7,13.4,,0.1,0.6,0.6,.081,,-3.4,-0.2,-3.6
8,0,16,281,29,57,.509,19,33,.576,10,24,.417,5,10,.500,4,11,15,21,15,2,27,32,73
8,1,16,17.6,1.8,3.6,.509,1.2,2.1,.576,0.6,1.5,.417,0.3,0.6,.500,0.9,1.3,0.9,0.1,1.7,2.0,4.6
8,2,16,281,4.1,8.1,.509,2.7,4.7,.576,1.4,3.4,.417,0.7,1.4,.500,2.1,3.0,2.1,0.3,3.8,4.6,10.4
8,3,16,281,6.1,12.0,.509,4.0,6.9,.576,2.1,5.0,.417,1.0,2.1,.500,3.1,4.4,3.1,0.4,5.7,6.7,15.3,,90.5,96.9
8,4,16,281,9.2,.591,.596,.421,.175,70,1.8,4.6,3.3,14.9,3.1,0.8,30.4,16.3,,0.0,0.5,0.5,.072,,-3.5,-1.3,-4.8
9,0,17,33,2,6,.333,2,5,.400,0,1,.000,0,0,,1,5,6,0,1,0,1,1,4
9,1,17,1.9,0.1,0.4,.333,0.1,0.3,.400,0.0,0.1,.000,0.0,0.0,,0.4,0.0,0.1,0.0,0.1,0.1,0.2
9,2,17,33,2.4,7.3,.333,2.4,6.1,.400,0.0,1.2,.000,0.0,0.0,,7.3,0.0,1.2,0.0,1.2,1.2,4.8
9,3,17,33,3.6,10.7,.333,3.6,8.9,.400,0.0,1.8,.000,0.0,0.0,,10.7,0.0,1.8,0.0,1.8,1.8,7.2,,69.4,94.6
9,4,17,33,4.6,.333,.333,.167,.000,4,3.9,17.7,11.2,0.0,1.8,0.0,14.3,10.9,,0.0,0.1,0.0,.038,,-9.6,-3.8,-13.4
10,0,28,240,23,41,.561,23,41,.561,0,0,,9,18,.500,21,32,53,5,5,13,7,44,55
10,1,28,8.6,0.8,1.5,.561,0.8,1.5,.561,0.0,0.0,,0.3,0.6,.500,1.9,0.2,0.2,0.5,0.3,1.6,2.0
10,2,28,240,3.8,6.8,.561,3.8,6.8,.561,0.0,0.0,,1.5,3.0,.500,8.8,0.8,0.8,2.2,1.2,7.3,9.2
10,3,28,240,5.7,10.1,.561,5.7,10.1,.561,0.0,0.0,,2.2,4.4,.500,13.0,1.2,1.2,3.2,1.7,10.8,13.5,,115.9,93.4
10,4,28,240,13.6,.555,.561,.000,.439,58,11.4,15.6,13.6,4.1,1.2,6.1,12.4,12.1,,0.4,0.5,0.9,.146,,-3.0,1.2,-1.8
11,0,32,1086,183,316,.579,183,314,.583,0,2,.000,160,241,.664,63,175,238,54,71,17,84,100,526
11,1,32,33.9,5.7,9.9,.579,5.7,9.8,.583,0.0,0.1,.000,5.0,7.5,.664,7.4,1.7,2.2,0.5,2.6,3.1,16.4
11,2,32,1086,6.7,11.6,.579,6.7,11.6,.583,0.0,0.1,.000,5.9,8.9,.664,8.8,2.0,2.6,0.6,3.1,3.7,19.4
11,3,32,1086,9.9,17.2,.579,9.9,17.1,.583,0.0,0.1,.000,8.7,13.1,.664,12.9,2.9,3.9,0.9,4.6,5.4,28.6,,114.2,88.4
11,4,32,1086,24.5,.611,.579,.006,.763,492,7.5,18.9,13.5,11.4,3.9,1.8,16.3,24.4,,3.1,2.7,5.9,.216,,0.6,1.8,2.4
12,0,32,1036,137,317,.432,113,241,.469,24,76,.316,170,214,.794,37,142,179,87,43,23,110,74,468
12,1,32,32.4,4.3,9.9,.432,3.5,7.5,.469,0.8,2.4,.316,5.3,6.7,.794,5.6,2.7,1.3,0.7,3.4,2.3,14.6
12,2,32,1036,5.3,12.2,.432,4.4,9.3,.469,0.9,2.9,.316,6.6,8.3,.794,6.9,3.4,1.7,0.9,4.2,2.9,18.1
12,3,32,1036,7.8,18.0,.432,6.4,13.7,.469,1.4,4.3,.316,9.7,12.2,.794,10.2,5.0,2.4,1.3,6.3,4.2,26.6,,103.6,92.6
12,4,32,1036,19.0,.559,.470,.240,.675,467,4.6,16.0,10.6,17.8,2.4,2.5,20.8,26.3,,1.9,2.2,4.1,.158,,-1.6,0.6,-1.0
