0,0,22,97,4,21,.190,2,10,.200,2,11,.182,3,4,.750,5,4,9,5,5,1,5,7,13
0,1,22,4.4,0.2,1.0,.190,0.1,0.5,.200,0.1,0.5,.182,0.1,0.2,.750,0.4,0.2,0.2,0.0,0.2,0.3,0.6
0,2,22,97,1.6,8.7,.190,0.8,4.1,.200,0.8,4.5,.182,1.2,1.6,.750,3.7,2.1,2.1,0.4,2.1,2.9,5.4
0,3,22,97,2.4,12.8,.190,1.2,6.1,.200,1.2,6.7,.182,1.8,2.4,.750,5.5,3.0,3.0,0.6,3.0,4.3,7.9,,71.0,105.4
0,4,22,97,3.9,.284,.238,.524,.190,17,6.3,5.0,5.6,9.3,3.0,1.2,17.9,14.8,,-0.1,0.1,0.0,-.015,,-6.4,-1.6,-8.0
1,0,20,341,34,63,.540,34,63,.540,0,0,,5,20,.250,34,48,82,2,8,24,29,51,73
1,1,20,17.1,1.7,3.2,.540,1.7,3.2,.540,0.0,0.0,,0.3,1.0,.250,4.1,0.1,0.4,1.2,1.5,2.6,3.7
1,2,20,341,4.0,7.4,.540,4.0,7.4,.540,0.0,0.0,,0.6,2.3,.250,9.6,0.2,0.9,2.8,3.4,6.0,8.6
1,3,20,341,5.9,10.9,.540,5.9,10.9,.540,0.0,0.0,,0.9,3.5,.250,14.2,0.3,1.4,4.2,5.0,8.8,12.7,,84.1,100.5
1,4,20,341,10.5,.503,.540,.000,.317,77,12.2,16.9,14.6,1.2,1.4,8.2,28.6,15.3,,-0.1,0.5,0.3,.039,,-6.9,1.1,-5.8
2,0,25,296,16,43,.372,13,34,.382,3,9,.333,21,34,.618,8,33,41,58,24,3,31,21,56
2,1,25,11.8,0.6,1.7,.372,0.5,1.4,.382,0.1,0.4,.333,0.8,1.4,.618,1.6,2.3,1.0,0.1,1.2,0.8,2.2
2,2,25,296,2.2,5.8,.372,1.8,4.6,.382,0.4,1.2,.333,2.8,4.6,.618,5.5,7.8,3.2,0.4,4.2,2.8,7.6
2,3,25,296,3.2,8.6,.372,2.6,6.8,.382,0.6,1.8,.333,4.2,6.8,.618,8.2,11.6,4.8,0.6,6.2,4.2,11.2,,93.5,97.8
2,4,25,296,14.5,.473,.407,.209,.791,85,3.3,13.4,8.4,36.3,4.8,1.2,34.4,15.7,,0.1,0.5,0.6,.080,,-3.9,0.2,-3.7
3,0,30,937,150,288,.521,126,209,.603,24,79,.304,27,44,.614,70,144,214,19,35,18,63,102,351
3,1,30,31.2,5.0,9.6,.521,4.2,7.0,.603,0.8,2.6,.304,0.9,1.5,.614,7.1,0.6,1.2,0.6,2.1,3.4,11.7
3,2,30,937,6.4,12.3,.521,5.4,8.9,.603,1.0,3.4,.304,1.2,1.9,.614,9.1,0.8,1.5,0.8,2.7,4.4,15.0
3,3,30,937,9.5,18.2,.521,7.9,13.2,.603,1.5,5.0,.304,1.7,2.8,.614,13.5,1.2,2.2,1.1,4.0,6.4,22.1,,104.7,100.7
3,4,30,937,17.5,.568,.563,.274,.153,325,9.1,18.5,13.8,4.7,2.2,2.2,16.9,20.4,,1.4,1.3,2.7,.113,,-1.3,-1.3,-2.6
4,0,30,1081,183,424,.432,74,156,.474,109,268,.407,86,107,.804,16,96,112,32,34,1,43,43,561
4,1,30,36.0,6.1,14.1,.432,2.5,5.2,.474,3.6,8.9,.407,2.9,3.6,.804,3.7,1.1,1.1,0.0,1.4,1.4,18.7
4,2,30,1081,6.8,15.7,.432,2.7,5.8,.474,4.0,9.9,.407,3.2,4.0,.804,4.1,1.2,1.3,0.0,1.6,1.6,20.8
4,3,30,1081,10.0,23.2,.432,4.0,8.5,.474,6.0,14.7,.407,4.7,5.8,.804,6.1,1.7,1.9,0.1,2.4,2.4,30.7,,119.5,106.1
4,4,30,1081,21.0,.591,.560,.632,.252,477,1.8,10.7,6.3,7.0,1.9,0.1,8.3,24.7,,3.5,0.9,4.4,.162,,3.8,-4.4,-0.6
5,0,20,212,19,49,.388,18,38,.474,1,11,.091,6,10,.600,22,27,49,10,8,3,15,37,45
5,1,20,10.6,1.0,2.5,.388,0.9,1.9,.474,0.1,0.6,.091,0.3,0.5,.600,2.5,0.5,0.4,0.2,0.8,1.9,2.3
5,2,20,212,3.6,9.2,.388,3.4,7.2,.474,0.2,2.1,.091,1.1,1.9,.600,9.2,1.9,1.5,0.6,2.8,7.0,8.5
5,3,20,212,5.3,13.7,.388,5.0,10.6,.474,0.3,3.1,.091,1.7,2.8,.600,13.7,2.8,2.2,0.8,4.2,10.3,12.5,,88.4,102.0
5,4,20,212,9.2,.419,.398,.224,.204,55,12.7,15.3,14.0,9.3,2.2,1.6,21.8,16.7,,0.0,0.3,0.2,.047,,-4.6,-0.9,-5.5
6,0,22,143,3,9,.333,2,6,.333,1,3,.333,7,12,.583,1,3,4,29,5,0,18,8,14
6,1,22,6.5,0.1,0.4,.333,0.1,0.3,.333,0.0,0.1,.333,0.3,0.5,.583,0.2,1.3,0.2,0.0,0.8,0.4,0.6
6,2,22,143,0.8,2.5,.333,0.6,1.7,.333,0.3,0.8,.333,2.0,3.4,.583,1.1,8.1,1.4,0.0,5.0,2.2,3.9
6,3,22,143,1.2,3.7,.333,0.8,2.5,.333,0.4,1.2,.333,2.9,5.0,.583,1.7,12.0,2.1,0.0,7.4,3.3,5.8,,79.3,109.2
6,4,22,143,5.3,.476,.389,.333,1.333,29,0.9,2.5,1.7,35.4,2.1,0.0,55.0,11.8,,-0.1,0.1,0.0,-.007,,-8.4,-7.0,-15.4
7,0,5,19,2,4,.500,1,3,.333,1,1,1.000,1,4,.250,1,2,3,2,1,0,1,2,6
7,1,5,3.8,0.4,0.8,.500,0.2,0.6,.333,0.2,0.2,1.000,0.2,0.8,.250,0.6,0.4,0.2,0.0,0.2,0.4,1.2
7,2,5,19,4.2,8.4,.500,2.1,6.3,.333,2.1,2.1,1.000,2.1,8.4,.250,6.3,4.2,2.1,0.0,2.1,4.2,12.6
7,3,5,19,6.2,12.4,.500,3.1,9.3,.333,3.1,3.1,1.000,3.1,12.4,.250,9.3,6.2,3.1,0.0,3.1,6.2,18.7,,105.8,102.2
7,4,5,19,16.0,.508,.625,.250,1.000,7,6.4,12.7,9.6,21.5,3.1,0.0,14.5,18.7,,0.0,0.0,0.1,.111,,-1.0,-2.1,-3.1
8,0,6,22,3,3,1.000,3,3,1.000,0,0,,1,2,.500,3,1,4,0,1,2,5,7,7
8,1,6,3.7,0.5,0.5,1.000,0.5,0.5,1.000,0.0,0.0,,0.2,0.3,.500,0.7,0.0,0.2,0.3,0.8,1.2,1.2
8,2,6,22,5.5,5.5,1.000,5.5,5.5,1.000,0.0,0.0,,1.8,3.6,.500,7.3,0.0,1.8,3.6,9.1,12.7,12.7
8,3,6,22,8.1,8.1,1.000,8.1,8.1,1.000,0.0,0.0,,2.7,5.4,.500,10.7,0.0,2.7,5.4,13.4,18.8,18.8,,75.3,100.8
8,4,6,22,9.8,.886,1.000,.000,.667,6,16.7,5.5,11.0,0.0,2.7,10.6,55.9,20.9,,0.0,0.0,0.0,-.008,,-7.2,1.2,-6.0
9,0,21,238,27,66,.409,21,38,.553,6,28,.214,29,38,.763,6,17,23,13,7,1,13,26,89
9,1,21,11.3,1.3,3.1,.409,1.0,1.8,.553,0.3,1.3,.214,1.4,1.8,.763,1.1,0.6,0.3,0.0,0.6,1.2,4.2
9,2,21,238,4.5,11.1,.409,3.5,6.4,.553,1.0,4.7,.214,4.9,6.4,.763,3.9,2.2,1.2,0.2,2.2,4.4,15.0
9,3,21,238,6.7,16.4,.409,5.2,9.4,.553,1.5,7.0,.214,7.2,9.4,.763,5.7,3.2,1.7,0.2,3.2,6.5,22.1,,107.7,106.8
9,4,21,238,14.0,.529,.455,.424,.576,86,3.1,8.6,5.9,11.4,1.7,0.5,13.4,21.0,,0.4,0.2,0.6,.102,,-1.8,-4.2,-6.0
10,0,30,716,51,142,.359,48,119,.403,3,23,.130,19,34,.559,10,45,55,118,56,4,70,78,124
10,1,30,23.9,1.7,4.7,.359,1.6,4.0,.403,0.1,0.8,.130,0.6,1.1,.559,1.8,3.9,1.9,0.1,2.3,2.6,4.1
10,2,30,716,2.8,7.9,.359,2.7,6.6,.403,0.2,1.3,.130,1.1,1.9,.559,3.1,6.6,3.1,0.2,3.9,4.4,6.9
10,3,30,716,4.2,11.7,.359,4.0,9.8,.403,0.2,1.9,.130,1.6,2.8,.559,4.5,9.7,4.6,0.3,5.8,6.4,10.2,,81.9,100.8
10,4,30,716,9.1,.392,.370,.162,.239,179,1.7,7.6,4.7,31.5,4.6,0.6,30.7,16.4,,-0.5,1.0,0.5,.028,,-5.7,-0.8,-6.5
11,0,29,405,42,80,.525,42,80,.525,0,0,,15,26,.577,36,41,77,7,6,18,42,84,99
11,1,29,14.0,1.4,2.8,.525,1.4,2.8,.525,0.0,0.0,,0.5,0.9,.577,2.7,0.2,0.2,0.6,1.4,2.9,3.4
11,2,29,405,4.1,7.9,.525,4.1,7.9,.525,0.0,0.0,,1.5,2.6,.577,7.6,0.7,0.6,1.8,4.1,8.3,9.8
11,3,29,405,6.1,11.7,.525,6.1,11.7,.525,0.0,0.0,,2.2,3.8,.577,11.2,1.0,0.9,2.6,6.1,12.3,14.4,,85.4,104.7
11,4,29,405,7.7,.536,.525,.000,.325,103,10.9,12.2,11.5,3.5,0.9,5.2,31.3,17.1,,-0.1,0.4,0.3,.026,,-6.5,-0.5,-7.0
12,0,27,183,12,25,.480,12,24,.500,0,1,.000,3,4,.750,8,22,30,2,5,5,8,23,27
12,1,27,6.8,0.4,0.9,.480,0.4,0.9,.500,0.0,0.0,.000,0.1,0.1,.750,1.1,0.1,0.2,0.2,0.3,0.9,1.0
12,2,27,183,2.6,5.5,.480,2.6,5.2,.500,0.0,0.2,.000,0.7,0.9,.750,6.6,0.4,1.1,1.1,1.7,5.0,5.9
12,3,27,183,3.9,8.1,.480,3.9,7.8,.500,0.0,0.3,.000,1.0,1.3,.750,9.7,0.6,1.6,1.6,2.6,7.4,8.7,,90.6,103.3
12,4,27,183,7.3,.502,.480,.040,.160,27,5.3,14.4,9.9,2.1,1.6,3.2,22.9,9.8,,0.0,0.2,0.2,.047,,-6.1,-0.6,-6.7
13,0,20,163,9,21,.429,9,21,.429,0,0,,4,9,.444,20,15,35,2,2,9,12,35,22
13,1,20,8.2,0.5,1.1,.429,0.5,1.1,.429,0.0,0.0,,0.2,0.5,.444,1.8,0.1,0.1,0.5,0.6,1.8,1.1
13,2,20,163,2.2,5.2,.429,2.2,5.2,.429,0.0,0.0,,1.0,2.2,.444,8.6,0.5,0.5,2.2,2.9,8.6,5.4
13,3,20,163,3.3,7.6,.429,3.3,7.6,.429,0.0,0.0,,1.5,3.3,.444,12.7,0.7,0.7,3.3,4.4,12.7,8.0,,83.6,105.0
13,4,20,163,5.8,.435,.429,.000,.429,30,15.0,11.1,13.0,2.3,0.7,6.4,32.2,11.8,,-0.1,0.2,0.1,.024,,-6.3,0.2,-6.1
14,0,24,104,7,22,.318,2,6,.333,5,16,.313,2,3,.667,3,10,13,0,4,2,1,8,21
14,1,24,4.3,0.3,0.9,.318,0.1,0.3,.333,0.2,0.7,.313,0.1,0.1,.667,0.5,0.0,0.2,0.1,0.0,0.3,0.9
14,2,24,104,2.7,8.5,.318,0.8,2.3,.333,1.9,6.2,.313,0.8,1.2,.667,5.0,0.0,1.5,0.8,0.4,3.1,8.1
14,3,24,104,4.0,12.5,.318,1.1,3.4,.333,2.8,9.1,.313,1.1,1.7,.667,7.4,0.0,2.3,1.1,0.6,4.5,11.9,,101.5,103.7
14,4,24,104,9.1,.448,.432,.727,.136,19,3.5,11.6,7.6,0.0,2.3,2.2,4.1,12.1,,0.1,0.1,0.2,.068,,-4.2,-3.7,-8.0
15,0,18,41,0,2,.000,0,2,.000,0,0,,3,5,.600,0,3,3,1,3,0,4,19,3
15,1,18,2.3,0.0,0.1,.000,0.0,0.1,.000,0.0,0.0,,0.2,0.3,.600,0.2,0.1,0.2,0.0,0.2,1.1,0.2
15,2,18,41,0.0,2.0,.000,0.0,2.0,.000,0.0,0.0,,2.9,4.9,.600,2.9,1.0,2.9,0.0,3.9,18.5,2.9
15,3,18,41,0.0,2.9,.000,0.0,2.9,.000,0.0,0.0,,4.3,7.2,.600,4.3,1.4,4.3,0.0,5.8,27.4,4.3,,44.3,99.5
15,4,18,41,-6.2,.343,.000,.000,2.500,3,0.0,8.8,4.4,4.1,4.3,0.0,47.8,10.5,,-0.1,0.1,0.0,-.035,,-9.9,0.7,-9.2
16,0,29,1077,160,344,.465,116,232,.500,44,112,.393,187,251,.745,17,81,98,53,30,2,94,73,551
16,1,29,37.1,5.5,11.9,.465,4.0,8.0,.500,1.5,3.9,.393,6.4,8.7,.745,3.4,1.8,1.0,0.1,3.2,2.5,19.0
16,2,29,1077,5.9,12.8,.465,4.3,8.6,.500,1.6,4.2,.393,6.9,9.3,.745,3.6,2.0,1.1,0.1,3.5,2.7,20.5
16,3,29,1077,8.8,18.9,.465,6.4,12.7,.500,2.4,6.1,.393,10.3,13.8,.745,5.4,2.9,1.6,0.1,5.2,4.0,30.2,,110.2,107.1
16,4,29,1077,18.8,.595,.529,.326,.730,501,1.9,9.0,5.5,11.0,1.6,0.2,16.9,26.6,,2.7,0.8,3.5,.131,,0.7,-3.9,-3.2
