0,0,27,233,25,48,.521,20,35,.571,5,13,.385,28,38,.737,8,20,28,7,4,7,20,22,83
0,1,27,8.6,0.9,1.8,.521,0.7,1.3,.571,0.2,0.5,.385,1.0,1.4,.737,1.0,0.3,0.1,0.3,0.7,0.8,3.1
0,2,27,233,4.3,8.2,.521,3.4,6.0,.571,0.9,2.2,.385,4.8,6.5,.737,4.8,1.2,0.7,1.2,3.4,3.8,14.2
0,3,27,233,6.6,12.7,.521,5.3,9.3,.571,1.3,3.4,.385,7.4,10.1,.737,7.4,1.9,1.1,1.9,5.3,5.8,22.0,,105.8,95.7
0,4,27,233,13.3,.628,.573,.271,.792,74,4.3,10.1,7.3,5.9,1.1,3.7,23.2,19.3,,0.3,0.5,0.8,.133,,-2.4,0.2,-2.1
1,0,34,1158,87,196,.444,64,130,.492,23,66,.348,36,44,.818,25,120,145,217,69,12,84,64,233
1,1,34,34.1,2.6,5.8,.444,1.9,3.8,.492,0.7,1.9,.348,1.1,1.3,.818,4.3,6.4,2.0,0.4,2.5,1.9,6.9
1,2,34,1158,3.0,6.8,.444,2.2,4.5,.492,0.8,2.3,.348,1.2,1.5,.818,5.0,7.5,2.4,0.4,2.9,2.2,8.0
1,3,34,1158,4.6,10.5,.444,3.4,6.9,.492,1.2,3.5,.348,1.9,2.3,.818,7.7,11.6,3.7,0.6,4.5,3.4,12.4,,108.7,90.1
1,4,34,1158,15.6,.537,.503,.337,.224,321,2.7,12.2,7.6,34.8,3.7,1.3,27.9,13.6,,1.4,3.1,4.5,.155,,0.4,2.6,3.0
2,0,34,749,93,179,.520,93,179,.520,0,0,,80,123,.650,94,104,198,8,18,25,48,116,266
2,1,34,22.0,2.7,5.3,.520,2.7,5.3,.520,0.0,0.0,,2.4,3.6,.650,5.8,0.2,0.5,0.7,1.4,3.4,7.8
2,2,34,749,5.0,9.6,.520,5.0,9.6,.520,0.0,0.0,,4.3,6.6,.650,10.6,0.4,1.0,1.3,2.6,6.2,14.2
2,3,34,749,7.7,14.8,.520,7.7,14.8,.520,0.0,0.0,,6.6,10.1,.650,16.3,0.7,1.5,2.1,4.0,9.6,21.9,,111.5,91.1
2,4,34,749,17.1,.560,.520,.000,.687,270,15.7,16.3,16.0,2.2,1.5,4.2,16.8,20.0,,1.4,1.9,3.3,.175,,-1.7,0.6,-1.1
3,0,6,19,2,3,.667,2,2,1.000,0,1,.000,0,1,.000,2,2,4,3,2,0,5,3,4
3,1,6,3.2,0.3,0.5,.667,0.3,0.3,1.000,0.0,0.2,.000,0.0,0.2,.000,0.7,0.5,0.3,0.0,0.8,0.5,0.7
3,2,6,19,4.2,6.3,.667,4.2,4.2,1.000,0.0,2.1,.000,0.0,2.1,.000,8.4,6.3,4.2,0.0,10.5,6.3,8.4
3,3,6,19,6.5,9.8,.667,6.5,6.5,1.000,0.0,3.3,.000,0.0,3.3,.000,13.0,9.8,6.5,0.0,16.3,9.8,13.0,,66.3,83.6
3,4,6,19,7.6,.576,.667,.333,.333,6,13.2,12.4,12.8,31.1,6.5,0.0,59.0,23.4,,-0.1,0.1,0.0,-.011,,-6.1,4.4,-1.8
4,0,13,79,5,13,.385,5,10,.500,0,3,.000,7,12,.583,6,5,11,0,4,0,5,11,17
4,1,13,6.1,0.4,1.0,.385,0.4,0.8,.500,0.0,0.2,.000,0.5,0.9,.583,0.8,0.0,0.3,0.0,0.4,0.8,1.3
4,2,13,79,2.5,6.6,.385,2.5,5.1,.500,0.0,1.5,.000,3.5,6.1,.583,5.6,0.0,2.0,0.0,2.5,5.6,8.6
4,3,13,79,3.9,10.2,.385,3.9,7.8,.500,0.0,2.3,.000,5.5,9.4,.583,8.6,0.0,3.1,0.0,3.9,8.6,13.3,,89.3,93.7
4,4,13,79,6.7,.455,.385,.231,.923,18,9.5,7.4,8.4,0.0,3.1,0.0,21.1,15.7,,0.0,0.2,0.2,.083,,-5.1,-1.9,-7.0
5,0,17,86,8,36,.222,3,9,.333,5,27,.185,1,1,1.000,5,11,16,2,1,1,2,8,22
5,1,17,5.1,0.5,2.1,.222,0.2,0.5,.333,0.3,1.6,.185,0.1,0.1,1.000,0.9,0.1,0.1,0.1,0.1,0.5,1.3
5,2,17,86,3.7,16.7,.222,1.4,4.2,.333,2.3,12.6,.185,0.5,0.5,1.000,7.4,0.9,0.5,0.5,0.9,3.7,10.2
5,3,17,86,5.7,25.9,.222,2.2,6.5,.333,3.6,19.4,.185,0.7,0.7,1.000,11.5,1.4,0.7,0.7,1.4,5.7,15.8,,79.5,94.9
5,4,17,86,3.2,.302,.292,.750,.028,22,7.3,15.0,11.3,4.5,0.7,1.4,5.2,23.4,,-0.1,0.2,0.1,.040,,-6.0,-3.8,-9.8
6,0,34,596,52,160,.325,11,34,.324,41,126,.325,24,34,.706,9,45,54,48,16,3,22,40,169
6,1,34,17.5,1.5,4.7,.325,0.3,1.0,.324,1.2,3.7,.325,0.7,1.0,.706,1.6,1.4,0.5,0.1,0.6,1.2,5.0
6,2,34,596,3.5,10.7,.325,0.7,2.3,.324,2.8,8.5,.325,1.6,2.3,.706,3.6,3.2,1.1,0.2,1.5,2.7,11.3
6,3,34,596,5.4,16.6,.325,1.1,3.5,.324,4.3,13.1,.325,2.5,3.5,.706,5.6,5.0,1.7,0.3,2.3,4.1,17.5,,107.3,96.4
6,4,34,596,10.7,.480,.453,.788,.213,166,1.9,8.9,5.5,15.3,1.7,0.6,11.1,17.4,,0.7,1.2,1.9,.128,,0.1,-1.1,-1.0
7,0,34,892,107,247,.433,103,222,.464,4,25,.160,105,137,.766,22,73,95,43,22,3,40,43,323
7,1,34,26.2,3.1,7.3,.433,3.0,6.5,.464,0.1,0.7,.160,3.1,4.0,.766,2.8,1.3,0.6,0.1,1.2,1.3,9.5
7,2,34,892,4.8,11.1,.433,4.6,10.0,.464,0.2,1.1,.160,4.7,6.1,.766,4.3,1.9,1.0,0.1,1.8,1.9,14.5
7,3,34,892,7.4,17.1,.433,7.1,15.4,.464,0.3,1.7,.160,7.3,9.5,.766,6.6,3.0,1.5,0.2,2.8,3.0,22.4,,109.6,96.6
7,4,34,892,13.9,.518,.441,.101,.555,302,3.1,9.6,6.5,9.8,1.5,0.4,11.4,20.7,,1.4,1.8,3.2,.145,,-2.1,-0.6,-2.7
8,0,34,1170,212,483,.439,144,299,.482,68,184,.370,216,280,.771,33,97,130,41,54,22,70,90,708
8,1,34,34.4,6.2,14.2,.439,4.2,8.8,.482,2.0,5.4,.370,6.4,8.2,.771,3.8,1.2,1.6,0.6,2.1,2.6,20.8
8,2,34,1170,7.2,16.5,.439,4.9,10.2,.482,2.3,6.3,.370,7.4,9.6,.771,4.4,1.4,1.8,0.8,2.4,3.1,24.2
8,3,34,1170,11.2,25.5,.439,7.6,15.8,.482,3.6,9.7,.370,11.4,14.8,.771,6.9,2.2,2.9,1.2,3.7,4.8,37.4,,118.0,92.6
8,4,34,1170,23.7,.575,.509,.381,.580,610,3.5,9.7,6.7,8.1,2.9,2.3,10.2,30.7,,3.9,2.8,6.7,.230,,3.2,-0.4,2.8
9,0,31,924,81,162,.500,70,124,.565,11,38,.289,60,82,.732,39,107,146,82,29,22,28,95,233
9,1,31,29.8,2.6,5.2,.500,2.3,4.0,.565,0.4,1.2,.289,1.9,2.6,.732,4.7,2.6,0.9,0.7,0.9,3.1,7.5
9,2,31,924,3.5,7.0,.500,3.0,5.4,.565,0.5,1.6,.289,2.6,3.5,.732,6.3,3.5,1.3,1.0,1.2,4.1,10.1
9,3,31,924,5.4,10.8,.500,4.7,8.3,.565,0.7,2.5,.289,4.0,5.5,.732,9.8,5.5,1.9,1.5,1.9,6.4,15.6,,127.0,92.2
9,4,31,924,16.0,.580,.534,.235,.506,253,5.3,13.6,9.6,16.9,1.9,3.0,12.2,13.0,,2.0,2.2,4.3,.185,,1.6,3.1,4.7
10,0,24,137,11,31,.355,2,8,.250,9,23,.391,1,3,.333,3,11,14,20,7,0,12,17,32
10,1,24,5.7,0.5,1.3,.355,0.1,0.3,.250,0.4,1.0,.391,0.0,0.1,.333,0.6,0.8,0.3,0.0,0.5,0.7,1.3
10,2,24,137,3.2,9.1,.355,0.6,2.3,.250,2.6,6.7,.391,0.3,0.9,.333,4.1,5.8,2.0,0.0,3.5,5.0,9.3
10,3,24,137,5.0,14.0,.355,0.9,3.6,.250,4.1,10.4,.391,0.5,1.4,.333,6.3,9.0,3.2,0.0,5.4,7.7,14.4,,95.8,92.7
10,4,24,137,9.8,.493,.500,.742,.097,38,2.7,9.4,6.2,27.4,3.2,0.0,27.0,17.0,,0.0,0.3,0.4,.108,,-1.5,-0.6,-2.1
11,0,34,645,137,208,.659,130,196,.663,7,12,.583,63,98,.643,82,107,189,21,26,38,36,110,344
11,1,34,19.0,4.0,6.1,.659,3.8,5.8,.663,0.2,0.4,.583,1.9,2.9,.643,5.6,0.6,0.8,1.1,1.1,3.2,10.1
11,2,34,645,8.5,12.9,.659,8.1,12.2,.663,0.4,0.7,.583,3.9,6.1,.643,11.7,1.3,1.6,2.4,2.2,6.8,21.3
11,3,34,645,13.1,19.9,.659,12.5,18.8,.663,0.7,1.1,.583,6.0,9.4,.643,18.1,2.0,2.5,3.6,3.4,10.5,33.0,,130.3,85.8
11,4,34,645,30.6,.676,.675,.058,.471,306,15.9,19.5,17.8,8.1,2.5,7.3,12.4,23.6,,2.6,2.0,4.6,.284,,4.8,3.9,8.7
