0,0,33,597,77,161,.478,76,156,.487,1,5,.200,42,81,.519,59,91,150,21,5,17,30,73,197
0,1,33,18.1,2.3,4.9,.478,2.3,4.7,.487,0.0,0.2,.200,1.3,2.5,.519,4.5,0.6,0.2,0.5,0.9,2.2,6.0
0,2,33,597,5.2,10.8,.478,5.1,10.5,.487,0.1,0.3,.200,2.8,5.4,.519,10.1,1.4,0.3,1.1,2.0,4.9,13.2
0,3,33,597,8.0,16.7,.478,7.9,16.2,.487,0.1,0.5,.200,4.4,8.4,.519,15.6,2.2,0.5,1.8,3.1,7.6,20.5,,105.3,101.8
0,4,33,597,16.0,.494,.481,.031,.503,204,11.2,16.6,14.0,7.2,0.5,2.9,13.1,20.1,,0.9,0.8,1.7,.113,,0.7,1.9,2.6
1,0,33,640,60,99,.606,60,99,.606,0,0,,34,61,.557,54,87,141,8,4,87,38,88,154
1,1,33,19.4,1.8,3.0,.606,1.8,3.0,.606,0.0,0.0,,1.0,1.8,.557,4.3,0.2,0.1,2.6,1.2,2.7,4.7
1,2,33,640,3.8,6.2,.606,3.8,6.2,.606,0.0,0.0,,2.1,3.8,.557,8.8,0.5,0.3,5.4,2.4,5.5,9.6
1,3,33,640,5.8,9.6,.606,5.8,9.6,.606,0.0,0.0,,3.3,5.9,.557,13.7,0.8,0.4,8.4,3.7,8.5,14.9,,106.5,96.8
1,4,33,640,17.1,.602,.606,.000,.616,156,9.6,14.8,12.3,2.4,0.4,14.0,22.9,13.6,,0.7,1.1,1.9,.117,,-0.1,8.7,8.7
2,0,32,1006,130,289,.450,106,229,.463,24,60,.400,103,141,.730,28,77,105,122,27,0,67,63,387
2,1,32,31.4,4.1,9.0,.450,3.3,7.2,.463,0.8,1.9,.400,3.2,4.4,.730,3.3,3.8,0.8,0.0,2.1,2.0,12.1
2,2,32,1006,5.2,11.5,.450,4.2,9.1,.463,1.0,2.4,.400,4.1,5.6,.730,4.2,4.9,1.1,0.0,2.7,2.5,15.4
2,3,32,1006,8.0,17.8,.450,6.5,14.1,.463,1.5,3.7,.400,6.4,8.7,.730,6.5,7.5,1.7,0.0,4.1,3.9,23.9,,112.4,105.3
2,4,32,1006,18.1,.544,.491,.208,.488,406,3.2,8.4,5.8,24.9,1.7,0.0,15.8,22.0,,2.4,1.0,3.4,.137,,4.6,0.9,5.5
3,0,5,11,3,8,.375,1,1,1.000,2,7,.286,0,0,,2,1,3,0,0,0,0,3,8
3,1,5,2.2,0.6,1.6,.375,0.2,0.2,1.000,0.4,1.4,.286,0.0,0.0,,0.6,0.0,0.0,0.0,0.0,0.6,1.6
3,2,5,11,10.9,29.1,.375,3.6,3.6,1.000,7.3,25.5,.286,0.0,0.0,,10.9,0.0,0.0,0.0,0.0,10.9,29.1
3,3,5,11,16.9,45.1,.375,5.6,5.6,1.000,11.3,39.5,.286,0.0,0.0,,16.9,0.0,0.0,0.0,0.0,16.9,45.1,,117.3,107.1
3,4,5,11,26.4,.500,.500,.875,.000,7,20.7,9.9,15.2,0.0,0.0,0.0,0.0,38.0,,0.0,0.0,0.1,.207,,10.6,-12.7,-2.1
4,0,5,9,2,4,.500,2,4,.500,0,0,,0,0,,2,1,3,0,1,0,1,1,4
4,1,5,1.8,0.4,0.8,.500,0.4,0.8,.500,0.0,0.0,,0.0,0.0,,0.6,0.0,0.2,0.0,0.2,0.2,0.8
4,2,5,9,8.9,17.8,.500,8.9,17.8,.500,0.0,0.0,,0.0,0.0,,13.3,0.0,4.4,0.0,4.4,4.4,17.8
4,3,5,9,13.8,27.6,.500,13.8,27.6,.500,0.0,0.0,,0.0,0.0,,20.7,0.0,6.9,0.0,6.9,6.9,27.6,,95.5,91.5
4,4,5,9,24.9,.500,.500,.000,.000,4,25.3,12.1,18.6,0.0,6.9,0.0,20.0,29.0,,0.0,0.0,0.0,.123,,-0.4,-1.1,-1.6
5,0,5,10,2,5,.400,2,3,.667,0,2,.000,0,2,.000,3,2,5,1,0,0,0,2,4
5,1,5,2.0,0.4,1.0,.400,0.4,0.6,.667,0.0,0.4,.000,0.0,0.4,.000,1.0,0.2,0.0,0.0,0.0,0.4,0.8
5,2,5,10,8.0,20.0,.400,8.0,12.0,.667,0.0,8.0,.000,0.0,8.0,.000,20.0,4.0,0.0,0.0,0.0,8.0,16.0
5,3,5,10,12.4,31.0,.400,12.4,18.6,.667,0.0,12.4,.000,0.0,12.4,.000,31.0,6.2,0.0,0.0,0.0,12.4,24.8,,102.3,101.6
5,4,5,10,22.0,.336,.400,.400,.400,5,34.1,21.8,27.8,24.0,0.0,0.0,0.0,31.1,,0.0,0.0,0.0,.133,,9.0,-0.4,8.6
6,0,5,10,1,4,.250,1,2,.500,0,2,.000,0,0,,0,1,1,1,1,0,1,2,2
6,1,5,2.0,0.2,0.8,.250,0.2,0.4,.500,0.0,0.4,.000,0.0,0.0,,0.2,0.2,0.2,0.0,0.2,0.4,0.4
6,2,5,10,4.0,16.0,.250,4.0,8.0,.500,0.0,8.0,.000,0.0,0.0,,4.0,4.0,4.0,0.0,4.0,8.0,8.0
6,3,5,10,6.2,24.8,.250,6.2,12.4,.500,0.0,12.4,.000,0.0,0.0,,6.2,6.2,6.2,0.0,6.2,12.4,12.4,,56.1,93.2
6,4,5,10,0.0,.250,.250,.500,.000,2,0.0,10.9,5.6,19.4,6.2,0.0,20.0,26.1,,0.0,0.0,0.0,-.078,,-6.1,3.3,-2.8
7,0,32,616,43,100,.430,43,100,.430,0,0,,23,43,.535,63,116,179,16,9,4,22,58,109
7,1,32,19.3,1.3,3.1,.430,1.3,3.1,.430,0.0,0.0,,0.7,1.3,.535,5.6,0.5,0.3,0.1,0.7,1.8,3.4
7,2,32,616,2.8,6.5,.430,2.8,6.5,.430,0.0,0.0,,1.5,2.8,.535,11.6,1.0,0.6,0.3,1.4,3.8,7.1
7,3,32,616,4.3,10.1,.430,4.3,10.1,.430,0.0,0.0,,2.3,4.3,.535,18.0,1.6,0.9,0.4,2.2,5.8,11.0,,103.8,100.4
7,4,32,616,11.6,.453,.430,.000,.430,133,11.6,20.5,16.2,4.8,0.9,0.7,15.4,12.1,,0.5,0.9,1.4,.093,,0.0,2.4,2.4
8,0,32,1140,174,393,.443,102,212,.481,72,181,.398,87,119,.731,21,119,140,110,28,6,60,49,507
8,1,32,35.6,5.4,12.3,.443,3.2,6.6,.481,2.3,5.7,.398,2.7,3.7,.731,4.4,3.4,0.9,0.2,1.9,1.5,15.8
8,2,32,1140,6.1,13.8,.443,3.6,7.4,.481,2.5,6.4,.398,3.1,4.2,.731,4.9,3.9,1.0,0.2,2.1,1.7,17.8
8,3,32,1140,9.5,21.4,.443,5.6,11.5,.481,3.9,9.9,.398,4.7,6.5,.731,7.6,6.0,1.5,0.3,3.3,2.7,27.6,,117.5,103.9
8,4,32,1140,20.7,.564,.534,.461,.303,485,2.1,11.4,6.8,20.8,1.5,0.5,11.8,23.4,,3.4,1.3,4.7,.165,,7.2,1.2,8.3
9,0,25,189,16,49,.327,15,39,.385,1,10,.100,37,46,.804,10,13,23,11,8,0,16,27,70
9,1,25,7.6,0.6,2.0,.327,0.6,1.6,.385,0.0,0.4,.100,1.5,1.8,.804,0.9,0.4,0.3,0.0,0.6,1.1,2.8
9,2,25,189,3.4,10.4,.327,3.2,8.3,.385,0.2,2.1,.100,7.8,9.7,.804,4.9,2.3,1.7,0.0,3.4,5.7,14.8
9,3,25,189,5.3,16.1,.327,4.9,12.8,.385,0.3,3.3,.100,12.2,15.1,.804,7.6,3.6,2.6,0.0,5.3,8.9,23.0,,100.3,103.2
9,4,25,189,13.2,.494,.337,.204,.939,72,6.0,7.5,6.8,10.9,2.6,0.0,18.4,24.0,,0.2,0.2,0.5,.095,,0.3,0.6,0.9
10,0,33,577,51,144,.354,27,64,.422,24,80,.300,40,56,.714,26,72,98,25,11,12,22,39,166
10,1,33,17.5,1.5,4.4,.354,0.8,1.9,.422,0.7,2.4,.300,1.2,1.7,.714,3.0,0.8,0.3,0.4,0.7,1.2,5.0
10,2,33,577,3.5,10.0,.354,1.9,4.4,.422,1.7,5.5,.300,2.8,3.9,.714,6.8,1.7,0.8,0.8,1.5,2.7,11.5
10,3,33,577,5.5,15.5,.354,2.9,6.9,.422,2.6,8.6,.300,4.3,6.0,.714,10.5,2.7,1.2,1.3,2.4,4.2,17.9,,106.7,102.6
10,4,33,577,13.4,.487,.438,.556,.389,165,5.1,13.6,9.5,8.2,1.2,2.1,11.4,17.4,,0.8,0.7,1.5,.104,,2.3,1.9,4.2
11,0,19,216,28,59,.475,28,52,.538,0,7,.000,9,17,.529,17,21,38,23,9,6,18,36,65
11,1,19,11.4,1.5,3.1,.475,1.5,2.7,.538,0.0,0.4,.000,0.5,0.9,.529,2.0,1.2,0.5,0.3,0.9,1.9,3.4
11,2,19,216,5.2,10.9,.475,5.2,9.6,.538,0.0,1.3,.000,1.7,3.1,.529,7.0,4.3,1.7,1.1,3.3,6.7,12.0
11,3,19,216,8.0,17.0,.475,8.0,14.9,.538,0.0,2.0,.000,2.6,4.9,.529,10.9,6.6,2.6,1.7,5.2,10.3,18.7,,98.5,100.0
11,4,19,216,15.1,.485,.475,.119,.288,75,8.9,10.6,9.8,21.9,2.6,2.9,21.2,20.6,,0.2,0.3,0.5,.096,,1.5,4.0,5.5
12,0,33,1039,142,353,.402,54,119,.454,88,234,.376,63,76,.829,22,87,109,31,21,6,36,76,435
12,1,33,31.5,4.3,10.7,.402,1.6,3.6,.454,2.7,7.1,.376,1.9,2.3,.829,3.3,0.9,0.6,0.2,1.1,2.3,13.2
12,2,33,1039,5.5,13.6,.402,2.1,4.6,.454,3.4,9.0,.376,2.4,2.9,.829,4.2,1.2,0.8,0.2,1.4,2.9,16.7
12,3,33,1039,8.5,21.1,.402,3.2,7.1,.454,5.3,14.0,.376,3.8,4.5,.829,6.5,1.9,1.3,0.4,2.2,4.5,26.0,,117.2,105.4
12,4,33,1039,16.5,.559,.527,.663,.215,377,2.4,9.1,5.8,6.2,1.3,0.6,8.5,21.4,,2.6,1.0,3.6,.140,,6.1,0.0,6.0
13,0,5,11,2,8,.250,1,2,.500,1,6,.167,1,2,.500,1,1,2,1,0,0,1,0,6
13,1,5,2.2,0.4,1.6,.250,0.2,0.4,.500,0.2,1.2,.167,0.2,0.4,.500,0.4,0.2,0.0,0.0,0.2,0.0,1.2
13,2,5,11,7.3,29.1,.250,3.6,7.3,.500,3.6,21.8,.167,3.6,7.3,.500,7.3,3.6,0.0,0.0,3.6,0.0,21.8
13,3,5,11,11.3,45.1,.250,5.6,11.3,.500,5.6,33.9,.167,5.6,11.3,.500,11.3,5.6,0.0,0.0,5.6,0.0,33.9,,80.1,108.6
13,4,5,11,8.1,.335,.313,.750,.250,6,10.3,9.9,10.1,20.9,0.0,0.0,10.1,47.3,,0.0,0.0,0.0,-.056,,1.3,-5.5,-4.2
14,0,31,580,89,199,.447,83,187,.444,6,12,.500,25,35,.714,38,96,134,13,7,37,30,63,209
14,1,31,18.7,2.9,6.4,.447,2.7,6.0,.444,0.2,0.4,.500,0.8,1.1,.714,4.3,0.4,0.2,1.2,1.0,2.0,6.7
14,2,31,580,6.1,13.7,.447,5.7,12.9,.444,0.4,0.8,.500,1.7,2.4,.714,9.2,0.9,0.5,2.6,2.1,4.3,14.4
14,3,31,580,9.5,21.3,.447,8.9,20.0,.444,0.6,1.3,.500,2.7,3.7,.714,14.3,1.4,0.7,4.0,3.2,6.7,22.4,,100.2,98.7
14,4,31,580,16.7,.485,.462,.060,.176,196,7.4,18.1,12.9,4.8,0.7,6.6,12.2,22.1,,0.6,0.9,1.5,.106,,-1.4,3.4,2.1
