0,0,30,876,107,240,.446,89,165,.539,18,75,.240,58,76,.763,17,75,92,84,33,4,77,47,290
0,1,30,29.2,3.6,8.0,.446,3.0,5.5,.539,0.6,2.5,.240,1.9,2.5,.763,3.1,2.8,1.1,0.1,2.6,1.6,9.7
0,2,30,876,4.9,11.0,.446,4.1,7.5,.539,0.8,3.4,.240,2.6,3.5,.763,4.2,3.8,1.5,0.2,3.5,2.1,13.2
0,3,30,876,6.8,15.3,.446,5.7,10.5,.539,1.1,4.8,.240,3.7,4.8,.763,5.9,5.4,2.1,0.3,4.9,3.0,18.5,,95.4,117.5
0,4,30,876,12.8,.525,.483,.313,.317,302,2.3,9.9,6.2,17.6,2.1,0.4,21.8,20.0,,0.6,-0.3,0.3,.013,,-1.6,-4.0,-5.6
1,0,25,171,20,47,.426,17,35,.486,3,12,.250,14,23,.609,3,19,22,14,11,0,23,21,57
1,1,25,6.8,0.8,1.9,.426,0.7,1.4,.486,0.1,0.5,.250,0.6,0.9,.609,0.9,0.6,0.4,0.0,0.9,0.8,2.3
1,2,25,171,4.7,11.0,.426,4.0,8.2,.486,0.7,2.8,.250,3.3,5.4,.609,5.1,3.3,2.6,0.0,5.4,4.9,13.3
1,3,25,171,6.5,15.4,.426,5.6,11.4,.486,1.0,3.9,.250,4.6,7.5,.609,7.2,4.6,3.6,0.0,7.5,6.9,18.6,,80.3,112.8
1,4,25,171,9.3,.492,.457,.255,.489,58,2.1,12.9,7.6,14.9,3.6,0.0,28.4,23.5,,-0.2,0.0,-0.1,-.034,,-5.7,-3.7,-9.4
2,0,7,104,6,15,.400,4,8,.500,2,7,.286,5,6,.833,8,10,18,3,4,0,11,10,19
2,1,7,14.9,0.9,2.1,.400,0.6,1.1,.500,0.3,1.0,.286,0.7,0.9,.833,2.6,0.4,0.6,0.0,1.6,1.4,2.7
2,2,7,104,2.3,5.8,.400,1.5,3.1,.500,0.8,2.7,.286,1.9,2.3,.833,6.9,1.2,1.5,0.0,4.2,3.8,7.3
2,3,7,104,3.2,8.1,.400,2.1,4.3,.500,1.1,3.8,.286,2.7,3.2,.833,9.7,1.6,2.1,0.0,5.9,5.4,10.2,,81.6,116.9
2,4,7,104,6.2,.532,.467,.467,.400,23,9.2,11.2,10.2,4.7,2.1,0.0,38.1,13.8,,-0.1,0.0,-0.1,-.032,,-3.9,-3.8,-7.8
3,0,23,130,9,34,.265,2,7,.286,7,27,.259,8,10,.800,2,9,11,4,2,0,3,9,33
3,1,23,5.7,0.4,1.5,.265,0.1,0.3,.286,0.3,1.2,.259,0.3,0.4,.800,0.5,0.2,0.1,0.0,0.1,0.4,1.4
3,2,23,130,2.8,10.5,.265,0.6,2.2,.286,2.2,8.3,.259,2.5,3.1,.800,3.4,1.2,0.6,0.0,0.9,2.8,10.2
3,3,23,130,3.9,14.6,.265,0.9,3.0,.286,3.0,11.6,.259,3.4,4.3,.800,4.7,1.7,0.9,0.0,1.3,3.9,14.2,,93.4,121.2
3,4,23,130,6.7,.426,.368,.794,.294,32,1.8,8.0,5.0,5.2,0.9,0.0,7.2,16.0,,0.0,-0.1,0.0,-.014,,-2.5,-7.2,-9.7
4,0,31,429,39,49,.796,39,49,.796,0,0,,5,16,.313,35,75,110,21,12,24,16,40,83
4,1,31,13.8,1.3,1.6,.796,1.3,1.6,.796,0.0,0.0,,0.2,0.5,.313,3.5,0.7,0.4,0.8,0.5,1.3,2.7
4,2,31,429,3.6,4.6,.796,3.6,4.6,.796,0.0,0.0,,0.5,1.5,.313,10.3,2.0,1.1,2.2,1.5,3.7,7.7
4,3,31,429,5.1,6.4,.796,5.1,6.4,.796,0.0,0.0,,0.7,2.1,.313,14.3,2.7,1.6,3.1,2.1,5.2,10.8,,129.8,111.8
4,4,31,429,16.7,.733,.796,.000,.327,95,9.7,20.3,15.1,8.5,1.6,5.4,22.0,8.4,,0.8,0.1,0.9,.085,,0.2,0.3,0.4
5,0,31,863,155,315,.492,153,308,.497,2,7,.286,61,86,.709,39,88,127,74,25,22,52,107,373
5,1,31,27.8,5.0,10.2,.492,4.9,9.9,.497,0.1,0.2,.286,2.0,2.8,.709,4.1,2.4,0.8,0.7,1.7,3.5,12.0
5,2,31,863,7.2,14.6,.492,7.1,14.3,.497,0.1,0.3,.286,2.8,4.0,.709,5.9,3.4,1.2,1.0,2.4,5.0,17.3
5,3,31,863,10.0,20.4,.492,9.9,19.9,.497,0.1,0.5,.286,3.9,5.6,.709,8.2,4.8,1.6,1.4,3.4,6.9,24.2,,105.6,116.5
5,4,31,863,17.9,.524,.495,.022,.273,377,5.4,11.9,8.7,17.6,1.6,2.5,12.7,23.5,,1.7,-0.2,1.5,.067,,-0.5,-3.2,-3.7
6,0,19,155,13,32,.406,13,31,.419,0,1,.000,12,30,.400,5,14,19,0,0,4,4,11,38
6,1,19,8.2,0.7,1.7,.406,0.7,1.6,.419,0.0,0.1,.000,0.6,1.6,.400,1.0,0.0,0.0,0.2,0.2,0.6,2.0
6,2,19,155,3.4,8.3,.406,3.4,8.0,.419,0.0,0.3,.000,3.1,7.7,.400,4.9,0.0,0.0,1.0,1.0,2.8,9.8
6,3,19,155,4.7,11.5,.406,4.7,11.2,.419,0.0,0.4,.000,4.3,10.8,.400,6.8,0.0,0.0,1.4,1.4,4.0,13.7,,85.8,120.9
6,4,19,155,6.4,.411,.406,.031,.938,36,3.8,10.5,7.2,0.0,0.0,2.5,8.0,16.1,,0.0,-0.1,-0.1,-.035,,-7.6,-7.5,-15.1
7,0,31,654,91,196,.464,70,140,.500,21,56,.375,51,67,.761,32,45,77,42,21,0,70,80,254
7,1,31,21.1,2.9,6.3,.464,2.3,4.5,.500,0.7,1.8,.375,1.6,2.2,.761,2.5,1.4,0.7,0.0,2.3,2.6,8.2
7,2,31,654,5.6,12.0,.464,4.3,8.6,.500,1.3,3.4,.375,3.1,4.1,.761,4.7,2.6,1.3,0.0,4.3,4.9,15.5
7,3,31,654,7.8,16.7,.464,6.0,12.0,.500,1.8,4.8,.375,4.4,5.7,.761,6.6,3.6,1.8,0.0,6.0,6.8,21.7,,95.8,118.9
7,4,31,654,12.3,.557,.518,.286,.342,253,5.8,8.0,6.9,12.2,1.8,0.0,23.5,22.6,,0.5,-0.3,0.2,.013,,-1.5,-5.2,-6.7
8,0,31,879,196,414,.473,153,307,.498,43,107,.402,82,105,.781,26,99,125,64,37,20,93,42,517
8,1,31,28.4,6.3,13.4,.473,4.9,9.9,.498,1.4,3.5,.402,2.6,3.4,.781,4.0,2.1,1.2,0.6,3.0,1.4,16.7
8,2,31,879,8.9,18.8,.473,7.0,14.0,.498,2.0,4.9,.402,3.7,4.8,.781,5.7,2.9,1.7,0.9,4.2,1.9,23.5
8,3,31,879,12.5,26.3,.473,9.7,19.5,.498,2.7,6.8,.402,5.2,6.7,.781,7.9,4.1,2.4,1.3,5.9,2.7,32.9,,100.9,114.8
8,4,31,879,22.1,.557,.525,.258,.254,476,3.5,13.1,8.4,16.4,2.4,2.2,16.7,31.5,,1.6,-0.1,1.5,.069,,0.7,-3.9,-3.1
9,0,31,574,35,84,.417,15,30,.500,20,54,.370,20,27,.741,4,39,43,51,22,6,19,61,110
9,1,31,18.5,1.1,2.7,.417,0.5,1.0,.500,0.6,1.7,.370,0.6,0.9,.741,1.4,1.6,0.7,0.2,0.6,2.0,3.5
9,2,31,574,2.4,5.9,.417,1.0,2.1,.500,1.4,3.8,.370,1.4,1.9,.741,3.0,3.6,1.5,0.4,1.3,4.3,7.7
9,3,31,574,3.4,8.2,.417,1.5,2.9,.500,1.9,5.3,.370,1.9,2.6,.741,4.2,5.0,2.1,0.6,1.8,5.9,10.7,,113.8,117.7
9,4,31,574,10.2,.568,.536,.643,.321,122,0.8,7.9,4.4,14.7,2.1,1.0,16.4,10.0,,0.7,-0.2,0.5,.037,,-0.3,-3.7,-4.0
10,0,31,529,68,162,.420,44,96,.458,24,66,.364,25,46,.543,21,55,76,30,20,2,38,47,185
10,1,31,17.1,2.2,5.2,.420,1.4,3.1,.458,0.8,2.1,.364,0.8,1.5,.543,2.5,1.0,0.6,0.1,1.2,1.5,6.0
10,2,31,529,5.1,12.2,.420,3.3,7.3,.458,1.8,5.0,.364,1.9,3.5,.543,5.7,2.3,1.5,0.2,2.9,3.6,14.0
10,3,31,529,7.2,17.1,.420,4.6,10.1,.458,2.5,7.0,.364,2.6,4.9,.543,8.0,3.2,2.1,0.2,4.0,5.0,19.5,,94.5,116.4
10,4,31,529,12.4,.503,.494,.407,.284,182,4.7,12.1,8.5,10.5,2.1,0.4,17.1,20.9,,0.3,-0.1,0.2,.014,,-1.8,-4.7,-6.5
11,0,31,836,87,198,.439,38,82,.463,49,116,.422,33,44,.750,33,112,145,22,18,4,43,51,256
11,1,31,27.0,2.8,6.4,.439,1.2,2.6,.463,1.6,3.7,.422,1.1,1.4,.750,4.7,0.7,0.6,0.1,1.4,1.6,8.3
11,2,31,836,4.2,9.5,.439,1.8,3.9,.463,2.3,5.6,.422,1.6,2.1,.750,6.9,1.1,0.9,0.2,2.1,2.4,12.2
11,3,31,836,5.8,13.2,.439,2.5,5.5,.463,3.3,7.8,.422,2.2,2.9,.750,9.7,1.5,1.2,0.3,2.9,3.4,17.1,,106.4,117.2
11,4,31,836,12.7,.585,.563,.586,.222,238,4.7,15.6,10.2,4.7,1.2,0.5,16.4,15.6,,1.1,-0.3,0.8,.040,,0.1,-4.6,-4.5
