0,0,29,995,176,388,.454,128,239,.536,48,149,.322,90,127,.709,13,54,67,78,43,19,85,70,490
0,1,29,34.3,6.1,13.4,.454,4.4,8.2,.536,1.7,5.1,.322,3.1,4.4,.709,2.3,2.7,1.5,0.7,2.9,2.4,16.9
0,2,29,995,7.1,15.6,.454,5.1,9.6,.536,1.9,6.0,.322,3.6,5.1,.709,2.7,3.1,1.7,0.8,3.4,2.8,19.7
0,3,29,995,9.6,21.3,.454,7.0,13.1,.536,2.6,8.2,.322,4.9,7.0,.709,3.7,4.3,2.4,1.0,4.7,3.8,26.8,,103.8,109.0
0,4,29,995,17.1,.546,.515,.384,.327,456,1.5,6.6,3.9,16.4,2.4,2.0,15.9,25.4,,1.6,0.6,2.2,.090,,1.0,-2.2,-1.2
1,0,22,309,14,39,.359,7,18,.389,7,21,.333,28,38,.737,3,26,29,14,10,1,10,19,63
1,1,22,14.0,0.6,1.8,.359,0.3,0.8,.389,0.3,1.0,.333,1.3,1.7,.737,1.3,0.6,0.5,0.0,0.5,0.9,2.9
1,2,22,309,1.8,5.0,.359,0.9,2.3,.389,0.9,2.7,.333,3.6,4.9,.737,3.8,1.8,1.3,0.1,1.3,2.5,8.2
1,3,22,309,2.5,6.9,.359,1.2,3.2,.389,1.2,3.7,.333,4.9,6.7,.737,5.1,2.5,1.8,0.2,1.8,3.4,11.1,,112.5,110.2
1,4,22,309,9.2,.552,.449,.538,.974,63,1.1,10.2,5.4,7.4,1.8,0.3,14.9,10.3,,0.3,0.2,0.5,.064,,-1.4,-1.9,-3.3
2,0,21,97,12,27,.444,12,27,.444,0,0,,7,11,.636,9,22,31,1,1,4,2,5,31
2,1,21,4.6,0.6,1.3,.444,0.6,1.3,.444,0.0,0.0,,0.3,0.5,.636,1.5,0.0,0.0,0.2,0.1,0.2,1.5
2,2,21,97,4.9,11.1,.444,4.9,11.1,.444,0.0,0.0,,2.9,4.5,.636,12.8,0.4,0.4,1.6,0.8,2.1,12.8
2,3,21,97,6.7,15.2,.444,6.7,15.2,.444,0.0,0.0,,3.9,6.2,.636,17.4,0.6,0.6,2.2,1.1,2.8,17.4,,110.5,105.1
2,4,21,97,17.0,.481,.444,.000,.407,32,10.4,27.4,18.6,1.9,0.6,4.4,5.8,16.7,,0.2,0.1,0.3,.104,,-4.9,-2.9,-7.8
3,0,25,251,26,58,.448,12,19,.632,14,39,.359,12,18,.667,12,12,24,8,3,3,9,39,78
3,1,25,10.0,1.0,2.3,.448,0.5,0.8,.632,0.6,1.6,.359,0.5,0.7,.667,1.0,0.3,0.1,0.1,0.4,1.6,3.1
3,2,25,251,4.1,9.2,.448,1.9,3.0,.632,2.2,6.2,.359,1.9,2.9,.667,3.8,1.3,0.5,0.5,1.4,6.2,12.4
3,3,25,251,5.6,12.6,.448,2.6,4.1,.632,3.0,8.5,.359,2.6,3.9,.667,5.2,1.7,0.7,0.7,2.0,8.5,16.9,,118.0,113.2
3,4,25,251,10.8,.586,.569,.672,.310,74,5.3,5.8,5.6,5.8,0.7,1.3,11.9,14.3,,0.5,0.1,0.5,.084,,0.9,-3.8,-2.9
4,0,27,173,4,19,.211,2,9,.222,2,10,.200,1,5,.200,4,9,13,16,6,0,5,13,11
4,1,27,6.4,0.1,0.7,.211,0.1,0.3,.222,0.1,0.4,.200,0.0,0.2,.200,0.5,0.6,0.2,0.0,0.2,0.5,0.4
4,2,27,173,0.9,4.4,.211,0.5,2.1,.222,0.5,2.3,.200,0.2,1.2,.200,3.0,3.7,1.4,0.0,1.2,3.0,2.5
4,3,27,173,1.3,6.0,.211,0.6,2.8,.222,0.6,3.2,.200,0.3,1.6,.200,4.1,5.0,1.9,0.0,1.6,4.1,3.5,,79.8,111.3
4,4,27,173,3.7,.257,.263,.526,.263,20,2.6,6.3,4.4,14.6,1.9,0.0,19.0,7.2,,-0.1,0.1,0.0,.001,,-4.4,-1.9,-6.3
5,0,27,823,104,241,.432,77,168,.458,27,73,.370,82,101,.812,19,57,76,104,59,0,83,63,317
5,1,27,30.5,3.9,8.9,.432,2.9,6.2,.458,1.0,2.7,.370,3.0,3.7,.812,2.8,3.9,2.2,0.0,3.1,2.3,11.7
5,2,27,823,5.1,11.7,.432,3.7,8.2,.458,1.3,3.5,.370,4.0,4.9,.812,3.7,5.1,2.9,0.0,4.0,3.1,15.4
5,3,27,823,6.9,16.0,.432,5.1,11.1,.458,1.8,4.8,.370,5.4,6.7,.812,5.0,6.9,3.9,0.0,5.5,4.2,21.0,,102.3,106.0
5,4,27,823,16.3,.548,.488,.303,.419,336,2.6,8.4,5.4,23.9,3.9,0.0,22.3,21.5,,1.1,0.7,1.8,.089,,0.5,-1.1,-0.6
6,0,27,316,38,66,.576,36,57,.632,2,9,.222,26,37,.703,18,34,52,12,11,9,17,33,104
6,1,27,11.7,1.4,2.4,.576,1.3,2.1,.632,0.1,0.3,.222,1.0,1.4,.703,1.9,0.4,0.4,0.3,0.6,1.2,3.9
6,2,27,316,4.8,8.4,.576,4.6,7.2,.632,0.3,1.1,.222,3.3,4.7,.703,6.6,1.5,1.4,1.1,2.2,4.2,13.2
6,3,27,316,6.6,11.4,.576,6.2,9.8,.632,0.3,1.6,.222,4.5,6.4,.703,9.0,2.1,1.9,1.6,2.9,5.7,17.9,,116.8,107.3
6,4,27,316,16.1,.622,.591,.136,.561,101,6.4,13.0,9.6,7.1,1.9,3.0,16.9,15.1,,0.6,0.2,0.9,.110,,-0.5,-0.5,-1.0
7,0,29,709,100,223,.448,89,195,.456,11,28,.393,86,121,.711,85,137,222,12,25,14,56,112,297
7,1,29,24.4,3.4,7.7,.448,3.1,6.7,.456,0.4,1.0,.393,3.0,4.2,.711,7.7,0.4,0.9,0.5,1.9,3.9,10.2
7,2,29,709,5.6,12.6,.448,5.0,11.0,.456,0.6,1.6,.393,4.9,6.8,.711,12.5,0.7,1.4,0.8,3.2,6.3,16.8
7,3,29,709,7.7,17.1,.448,6.8,15.0,.456,0.8,2.2,.393,6.6,9.3,.711,17.1,0.9,1.9,1.1,4.3,8.6,22.8,,105.0,104.2
7,4,29,709,17.5,.529,.473,.126,.543,304,13.4,23.4,18.2,3.3,1.9,2.1,16.6,22.5,,1.2,0.8,1.9,.109,,-2.2,-2.4,-4.6
8,0,25,380,39,109,.358,21,40,.525,18,69,.261,17,34,.500,8,43,51,23,19,3,23,41,113
8,1,25,15.2,1.6,4.4,.358,0.8,1.6,.525,0.7,2.8,.261,0.7,1.4,.500,2.0,0.9,0.8,0.1,0.9,1.6,4.5
8,2,25,380,4.1,11.5,.358,2.2,4.2,.525,1.9,7.3,.261,1.8,3.6,.500,5.4,2.4,2.0,0.3,2.4,4.3,11.9
8,3,25,380,5.6,15.6,.358,3.0,5.7,.525,2.6,9.9,.261,2.4,4.9,.500,7.3,3.3,2.7,0.4,3.3,5.9,16.2,,90.8,106.4
8,4,25,380,9.8,.451,.440,.633,.312,111,2.4,13.7,7.8,10.9,2.7,0.8,15.5,18.5,,0.0,0.3,0.4,.038,,-2.1,-1.7,-3.9
9,0,29,749,99,213,.465,86,169,.509,13,44,.295,65,102,.637,33,130,163,26,31,30,41,79,276
9,1,29,25.8,3.4,7.3,.465,3.0,5.8,.509,0.4,1.5,.295,2.2,3.5,.637,5.6,0.9,1.1,1.0,1.4,2.7,9.5
9,2,29,749,5.3,11.4,.465,4.6,9.0,.509,0.7,2.3,.295,3.5,5.4,.637,8.7,1.4,1.7,1.6,2.2,4.2,14.7
9,3,29,749,7.2,15.5,.465,6.3,12.3,.509,0.9,3.2,.295,4.7,7.4,.637,11.9,1.9,2.3,2.2,3.0,5.7,20.1,,104.8,103.3
9,4,29,749,16.5,.528,.495,.207,.479,262,4.9,21.0,12.6,6.6,2.3,4.3,13.6,19.2,,1.0,0.9,1.9,.100,,-1.9,0.8,-1.1
10,0,23,641,104,213,.488,71,138,.514,33,75,.440,59,84,.702,27,59,86,47,23,2,44,68,300
10,1,23,27.9,4.5,9.3,.488,3.1,6.0,.514,1.4,3.3,.440,2.6,3.7,.702,3.7,2.0,1.0,0.1,1.9,3.0,13.0
10,2,23,641,6.5,13.3,.488,4.4,8.6,.514,2.1,4.7,.440,3.7,5.2,.702,5.4,2.9,1.4,0.1,2.7,4.2,18.7
10,3,23,641,8.8,18.1,.488,6.0,11.7,.514,2.8,6.4,.440,5.0,7.1,.702,7.3,4.0,2.0,0.2,3.7,5.8,25.5,,114.6,109.3
10,4,23,641,18.6,.593,.566,.352,.394,285,4.7,11.1,7.8,14.9,2.0,0.3,14.8,22.0,,1.6,0.4,2.0,.126,,2.7,-2.5,0.2
11,0,20,407,51,128,.398,47,106,.443,4,22,.182,40,59,.678,49,63,112,9,6,7,16,48,146
11,1,20,20.4,2.6,6.4,.398,2.4,5.3,.443,0.2,1.1,.182,2.0,3.0,.678,5.6,0.5,0.3,0.4,0.8,2.4,7.3
11,2,20,407,5.0,12.6,.398,4.6,10.4,.443,0.4,2.2,.182,3.9,5.8,.678,11.0,0.9,0.6,0.7,1.6,4.7,14.3
11,3,20,407,6.8,17.1,.398,6.3,14.2,.443,0.5,2.9,.182,5.4,7.9,.678,15.0,1.2,0.8,0.9,2.1,6.4,19.5,,106.7,108.5
11,4,20,407,15.1,.468,.414,.172,.461,157,13.4,18.7,16.0,4.2,0.8,1.8,9.3,20.1,,0.7,0.3,0.9,.091,,-2.1,-3.4,-5.5
