0,0,30,447,67,120,.558,67,120,.558,0,0,,23,43,.535,36,64,100,26,7,39,44,67,157
0,1,30,14.9,2.2,4.0,.558,2.2,4.0,.558,0.0,0.0,,0.8,1.4,.535,3.3,0.9,0.2,1.3,1.5,2.2,5.2
0,2,30,447,6.0,10.7,.558,6.0,10.7,.558,0.0,0.0,,2.1,3.8,.535,8.9,2.3,0.6,3.5,3.9,6.0,14.0
0,3,30,447,9.3,16.6,.558,9.3,16.6,.558,0.0,0.0,,3.2,5.9,.535,13.8,3.6,1.0,5.4,6.1,9.3,21.7,,97.0,90.6
0,4,30,447,17.8,.559,.558,.000,.358,158,10.3,16.2,13.4,12.9,1.0,11.1,23.9,22.2,,0.4,1.0,1.4,.126,,-1.4,7.9,6.5
1,0,32,563,47,111,.423,31,60,.517,16,51,.314,23,28,.821,8,70,78,30,19,3,32,46,133
1,1,32,17.6,1.5,3.5,.423,1.0,1.9,.517,0.5,1.6,.314,0.7,0.9,.821,2.4,0.9,0.6,0.1,1.0,1.4,4.2
1,2,32,563,3.3,7.9,.423,2.2,4.3,.517,1.1,3.6,.314,1.6,2.0,.821,5.5,2.1,1.3,0.2,2.3,3.3,9.4
1,3,32,563,5.2,12.2,.423,3.4,6.6,.517,1.8,5.6,.314,2.5,3.1,.821,8.6,3.3,2.1,0.3,3.5,5.1,14.6,,97.3,94.7
1,4,32,563,10.7,.535,.495,.459,.252,129,1.8,14.1,8.3,10.3,2.1,0.7,20.5,15.0,,0.3,1.1,1.4,.100,,-0.5,2.9,2.4
2,0,5,44,3,9,.333,2,8,.250,1,1,1.000,7,8,.875,1,6,7,5,1,1,4,4,14
2,1,5,8.8,0.6,1.8,.333,0.4,1.6,.250,0.2,0.2,1.000,1.4,1.6,.875,1.4,1.0,0.2,0.2,0.8,0.8,2.8
2,2,5,44,2.7,8.2,.333,1.8,7.3,.250,0.9,0.9,1.000,6.4,7.3,.875,6.4,4.5,0.9,0.9,3.6,3.6,12.7
2,3,5,44,4.2,12.6,.333,2.8,11.2,.250,1.4,1.4,1.000,9.8,11.2,.875,9.8,7.0,1.4,1.4,5.6,5.6,19.7,,103.5,94.4
2,4,5,44,15.2,.547,.389,.111,.889,16,2.9,15.4,9.5,21.3,1.4,2.9,23.8,20.6,,0.1,0.1,0.2,.137,,-1.7,2.9,1.3
3,0,32,843,150,279,.538,150,279,.538,0,0,,36,70,.514,50,90,140,32,15,38,57,62,336
3,1,32,26.3,4.7,8.7,.538,4.7,8.7,.538,0.0,0.0,,1.1,2.2,.514,4.4,1.0,0.5,1.2,1.8,1.9,10.5
3,2,32,843,7.1,13.2,.538,7.1,13.2,.538,0.0,0.0,,1.7,3.3,.514,6.6,1.5,0.7,1.8,2.7,2.9,15.9
3,3,32,843,11.0,20.5,.538,11.0,20.5,.538,0.0,0.0,,2.6,5.1,.514,10.3,2.3,1.1,2.8,4.2,4.5,24.6,,100.8,95.4
3,4,32,843,17.9,.538,.538,.000,.251,309,7.6,12.1,10.0,9.0,1.1,5.7,15.4,23.6,,1.0,1.6,2.6,.125,,-0.5,4.1,3.6
4,0,7,18,4,4,1.000,4,4,1.000,0,0,,0,4,.000,5,1,6,0,0,0,2,3,8
4,1,7,2.6,0.6,0.6,1.000,0.6,0.6,1.000,0.0,0.0,,0.0,0.6,.000,0.9,0.0,0.0,0.0,0.3,0.4,1.1
4,2,7,18,8.9,8.9,1.000,8.9,8.9,1.000,0.0,0.0,,0.0,8.9,.000,13.3,0.0,0.0,0.0,4.4,6.7,17.8
4,3,7,18,13.7,13.7,1.000,13.7,13.7,1.000,0.0,0.0,,0.0,13.7,.000,20.6,0.0,0.0,0.0,6.9,10.3,27.5,,100.6,102.8
4,4,7,18,22.3,.678,1.000,.000,1.000,7,35.4,6.3,20.0,0.0,0.0,0.0,25.3,23.7,,0.0,0.0,0.0,.099,,3.3,-6.7,-3.4
5,0,25,294,30,93,.323,24,51,.471,6,42,.143,4,7,.571,3,22,25,8,9,4,13,24,70
5,1,25,11.8,1.2,3.7,.323,1.0,2.0,.471,0.2,1.7,.143,0.2,0.3,.571,1.0,0.3,0.4,0.2,0.5,1.0,2.8
5,2,25,294,4.1,12.7,.323,3.3,6.9,.471,0.8,5.7,.143,0.5,1.0,.571,3.4,1.1,1.2,0.5,1.8,3.3,9.5
5,3,25,294,6.3,19.6,.323,5.0,10.7,.471,1.3,8.8,.143,0.8,1.5,.571,5.3,1.7,1.9,0.8,2.7,5.0,14.7,,74.5,97.2
5,4,25,294,4.7,.363,.355,.452,.075,64,1.3,8.5,5.1,5.5,1.9,1.7,11.9,20.0,,-0.4,0.5,0.1,.016,,-4.8,1.1,-3.7
6,0,32,967,129,273,.473,97,182,.533,32,91,.352,83,114,.728,15,125,140,145,57,4,66,71,373
6,1,32,30.2,4.0,8.5,.473,3.0,5.7,.533,1.0,2.8,.352,2.6,3.6,.728,4.4,4.5,1.8,0.1,2.1,2.2,11.7
6,2,32,967,5.3,11.3,.473,4.0,7.5,.533,1.3,3.8,.352,3.4,4.7,.728,5.8,6.0,2.4,0.2,2.7,2.9,15.4
6,3,32,967,8.2,17.5,.473,6.2,11.6,.533,2.0,5.8,.352,5.3,7.3,.728,9.0,9.3,3.6,0.3,4.2,4.5,23.9,,113.7,91.0
6,4,32,967,22.2,.570,.531,.333,.418,398,2.0,14.6,8.7,32.1,3.6,0.5,16.8,21.9,,2.6,2.2,4.8,.198,,5.3,3.9,9.1
7,0,28,348,36,110,.327,9,30,.300,27,80,.338,15,21,.714,6,32,38,20,8,2,16,22,114
7,1,28,12.4,1.3,3.9,.327,0.3,1.1,.300,1.0,2.9,.338,0.5,0.8,.714,1.4,0.7,0.3,0.1,0.6,0.8,4.1
7,2,28,348,4.1,12.6,.327,1.0,3.4,.300,3.1,9.2,.338,1.7,2.4,.714,4.4,2.3,0.9,0.2,1.8,2.5,13.1
7,3,28,348,6.4,19.5,.327,1.6,5.3,.300,4.8,14.2,.338,2.7,3.7,.714,6.8,3.6,1.4,0.4,2.8,3.9,20.3,,98.1,98.0
7,4,28,348,11.5,.475,.450,.727,.191,107,2.2,10.4,6.5,11.6,1.4,0.7,11.8,21.1,,0.3,0.6,0.9,.098,,0.9,0.0,0.8
8,0,9,20,1,6,.167,0,0,,1,6,.167,0,0,,0,0,0,0,0,0,1,0,3
8,1,9,2.2,0.1,0.7,.167,0.0,0.0,,0.1,0.7,.167,0.0,0.0,,0.0,0.0,0.0,0.0,0.1,0.0,0.3
8,2,9,20,2.0,12.0,.167,0.0,0.0,,2.0,12.0,.167,0.0,0.0,,0.0,0.0,0.0,0.0,2.0,0.0,6.0
8,3,9,20,3.1,18.6,.167,0.0,0.0,,3.1,18.6,.167,0.0,0.0,,0.0,0.0,0.0,0.0,3.1,0.0,9.3,,48.7,106.8
8,4,9,20,-5.8,.250,.250,1.000,.000,3,0.0,0.0,0.0,0.0,0.0,0.0,14.3,18.9,,-0.1,0.0,0.0,-.097,,-7.1,-3.4,-10.5
9,0,32,720,102,225,.453,67,139,.482,35,86,.407,32,50,.640,34,103,137,42,32,6,61,70,271
9,1,32,22.5,3.2,7.0,.453,2.1,4.3,.482,1.1,2.7,.407,1.0,1.6,.640,4.3,1.3,1.0,0.2,1.9,2.2,8.5
9,2,32,720,5.7,12.5,.453,3.7,7.7,.482,1.9,4.8,.407,1.8,2.8,.640,7.6,2.3,1.8,0.3,3.4,3.9,15.1
9,3,32,720,8.8,19.3,.453,5.8,11.9,.482,3.0,7.4,.407,2.7,4.3,.640,11.8,3.6,2.7,0.5,5.2,6.0,23.3,,98.3,91.9
9,4,32,720,16.4,.545,.531,.382,.222,257,6.0,16.2,11.4,12.7,2.7,1.1,19.7,23.2,,0.7,1.6,2.3,.127,,1.3,3.1,4.5
10,0,7,36,1,5,.200,1,4,.250,0,1,.000,2,2,1.000,1,6,7,1,0,0,4,8,4
10,1,7,5.1,0.1,0.7,.200,0.1,0.6,.250,0.0,0.1,.000,0.3,0.3,1.000,1.0,0.1,0.0,0.0,0.6,1.1,0.6
10,2,7,36,1.1,5.6,.200,1.1,4.4,.250,0.0,1.1,.000,2.2,2.2,1.000,7.8,1.1,0.0,0.0,4.4,8.9,4.4
10,3,7,36,1.7,8.6,.200,1.7,6.9,.250,0.0,1.7,.000,3.4,3.4,1.000,12.0,1.7,0.0,0.0,6.9,13.7,6.9,,52.9,96.7
10,4,7,36,-4.2,.336,.200,.200,.400,5,3.5,18.8,11.7,4.8,0.0,0.0,40.2,14.9,,-0.1,0.1,0.0,-.038,,-9.5,1.0,-8.4
11,0,31,723,59,145,.407,40,70,.571,19,75,.253,60,72,.833,4,62,66,57,31,3,44,48,197
11,1,31,23.3,1.9,4.7,.407,1.3,2.3,.571,0.6,2.4,.253,1.9,2.3,.833,2.1,1.8,1.0,0.1,1.4,1.5,6.4
11,2,31,723,3.3,8.0,.407,2.2,3.9,.571,1.1,4.1,.253,3.3,4.0,.833,3.7,3.2,1.7,0.2,2.4,2.7,10.9
11,3,31,723,5.0,12.4,.407,3.4,6.0,.571,1.6,6.4,.253,5.1,6.2,.833,5.6,4.9,2.7,0.3,3.8,4.1,16.9,,103.5,95.6
11,4,31,723,12.9,.550,.472,.517,.497,198,0.7,9.7,5.5,15.2,2.7,0.5,19.7,16.6,,0.8,1.3,2.2,.119,,1.2,2.6,3.8
12,0,6,106,19,41,.463,19,36,.528,0,5,.000,19,25,.760,15,18,33,4,1,1,6,13,57
12,1,6,17.7,3.2,6.8,.463,3.2,6.0,.528,0.0,0.8,.000,3.2,4.2,.760,5.5,0.7,0.2,0.2,1.0,2.2,9.5
12,2,6,106,7.2,15.5,.463,7.2,13.6,.528,0.0,1.9,.000,7.2,9.4,.760,12.5,1.5,0.4,0.4,2.3,4.9,21.5
12,3,6,106,11.1,23.9,.463,11.1,21.0,.528,0.0,2.9,.000,11.1,14.6,.760,19.3,2.3,0.6,0.6,3.5,7.6,33.3,,115.6,95.2
12,4,6,106,25.9,.539,.463,.122,.610,58,18.0,19.2,18.7,9.0,0.6,1.2,10.2,29.9,,0.4,0.2,0.6,.224,,3.2,-0.9,2.3
13,0,32,644,63,122,.516,56,94,.596,7,28,.250,61,77,.792,35,82,117,19,10,9,33,73,194
13,1,32,20.1,2.0,3.8,.516,1.8,2.9,.596,0.2,0.9,.250,1.9,2.4,.792,3.7,0.6,0.3,0.3,1.0,2.3,6.1
13,2,32,644,3.9,7.6,.516,3.5,5.8,.596,0.4,1.7,.250,3.8,4.8,.792,7.3,1.2,0.6,0.6,2.0,4.5,12.0
13,3,32,644,6.0,11.7,.516,5.4,9.0,.596,0.7,2.7,.250,5.9,7.4,.792,11.2,1.8,1.0,0.9,3.2,7.0,18.6,,115.1,96.3
13,4,32,644,14.7,.612,.545,.230,.631,189,6.9,14.4,10.9,5.9,1.0,1.8,17.2,16.0,,1.3,1.2,2.4,.150,,1.3,2.2,3.6
14,0,32,662,62,134,.463,42,78,.538,20,56,.357,49,69,.710,43,102,145,26,18,5,42,39,193
14,1,32,20.7,1.9,4.2,.463,1.3,2.4,.538,0.6,1.8,.357,1.5,2.2,.710,4.5,0.8,0.6,0.2,1.3,1.2,6.0
14,2,32,662,3.7,8.1,.463,2.5,4.7,.538,1.2,3.4,.357,3.0,4.2,.710,8.8,1.6,1.1,0.3,2.5,2.4,11.7
14,3,32,662,5.8,12.5,.463,3.9,7.3,.538,1.9,5.2,.357,4.6,6.4,.710,13.5,2.4,1.7,0.5,3.9,3.6,18.0,,107.1,94.0
14,4,32,662,15.5,.579,.537,.418,.515,195,8.3,17.4,13.1,7.7,1.7,1.0,20.1,17.0,,1.0,1.3,2.3,.139,,1.6,2.6,4.2
