0,0,16,436,57,121,.471,57,120,.475,0,1,.000,24,36,.667,25,44,69,10,6,31,24,32,138
0,1,16,27.3,3.6,7.6,.471,3.6,7.5,.475,0.0,0.1,.000,1.5,2.3,.667,4.3,0.6,0.4,1.9,1.5,2.0,8.6
0,2,16,436,5.2,11.1,.471,5.2,11.0,.475,0.0,0.1,.000,2.2,3.3,.667,6.3,0.9,0.6,2.8,2.2,2.9,12.7
0,3,16,436,8.4,17.9,.471,8.4,17.7,.475,0.0,0.1,.000,3.5,5.3,.667,10.2,1.5,0.9,4.6,3.5,4.7,20.4,,95.7,105.3
0,4,16,436,15.4,.500,.471,.008,.298,129,7.5,13.4,10.5,5.7,0.9,9.2,14.8,21.2,,0.3,0.4,0.7,.062,,-3.2,3.6,0.3
1,0,23,221,13,35,.371,9,25,.360,4,10,.400,1,2,.500,7,16,23,7,3,0,5,17,31
1,1,23,9.6,0.6,1.5,.371,0.4,1.1,.360,0.2,0.4,.400,0.0,0.1,.500,1.0,0.3,0.1,0.0,0.2,0.7,1.3
1,2,23,221,2.4,6.3,.371,1.6,4.5,.360,0.7,1.8,.400,0.2,0.4,.500,4.2,1.3,0.5,0.0,0.9,3.1,5.6
1,3,23,221,3.8,10.2,.371,2.6,7.3,.360,1.2,2.9,.400,0.3,0.6,.500,6.7,2.0,0.9,0.0,1.5,5.0,9.0,,92.9,111.5
1,4,23,221,5.6,.431,.429,.286,.057,33,4.1,9.6,6.9,6.6,0.9,0.0,12.2,10.6,,0.0,0.1,0.1,.019,,-3.0,-1.0,-4.0
2,0,12,51,3,9,.333,3,8,.375,0,1,.000,3,7,.429,1,4,5,2,0,0,8,7,9
2,1,12,4.3,0.3,0.8,.333,0.3,0.7,.375,0.0,0.1,.000,0.3,0.6,.429,0.4,0.2,0.0,0.0,0.7,0.6,0.8
2,2,12,51,2.4,7.1,.333,2.4,6.3,.375,0.0,0.8,.000,2.4,5.5,.429,3.9,1.6,0.0,0.0,6.3,5.5,7.1
2,3,12,51,3.8,11.4,.333,3.8,10.1,.375,0.0,1.3,.000,3.8,8.8,.429,6.3,2.5,0.0,0.0,10.1,8.8,11.4,,51.8,112.9
2,4,12,51,-6.2,.365,.333,.111,.778,9,2.6,10.5,6.5,8.2,0.0,0.0,39.4,22.7,,-0.2,0.0,-0.2,-.161,,-12.9,-2.7,-15.6
3,0,2,3,0,0,,0,0,,0,0,,0,0,,0,0,0,0,0,0,0,0,0
3,1,2,1.5,0.0,0.0,,0.0,0.0,,0.0,0.0,,0.0,0.0,,0.0,0.0,0.0,0.0,0.0,0.0,0.0
3,2,2,3,0.0,0.0,,0.0,0.0,,0.0,0.0,,0.0,0.0,,0.0,0.0,0.0,0.0,0.0,0.0,0.0
3,3,2,3,0.0,0.0,,0.0,0.0,,0.0,0.0,,0.0,0.0,,0.0,0.0,0.0,0.0,0.0,0.0,0.0,,,117.3
3,4,2,3,0.0,,,,,0,0.0,0.0,0.0,0.0,0.0,0.0,,0.0,,0.0,0.0,0.0,-.011,,-4.9,0.2,-4.7
4,0,30,818,112,252,.444,79,150,.527,33,102,.324,40,55,.727,37,101,138,38,30,12,67,81,297
4,1,30,27.3,3.7,8.4,.444,2.6,5.0,.527,1.1,3.4,.324,1.3,1.8,.727,4.6,1.3,1.0,0.4,2.2,2.7,9.9
4,2,30,818,5.5,12.3,.444,3.9,7.3,.527,1.6,5.0,.324,2.0,2.7,.727,6.7,1.9,1.5,0.6,3.3,4.0,14.5
4,3,30,818,8.8,19.8,.444,6.2,11.8,.527,2.6,8.0,.324,3.1,4.3,.727,10.9,3.0,2.4,0.9,5.3,6.4,23.4,,95.1,104.6
4,4,30,818,15.0,.534,.510,.405,.218,276,5.9,16.5,11.1,11.6,2.4,1.9,19.4,24.0,,0.6,0.8,1.3,.065,,0.2,0.9,1.1
5,0,3,7,0,1,.000,0,0,,0,1,.000,0,0,,0,0,0,0,0,0,0,1,0
5,1,3,2.3,0.0,0.3,.000,0.0,0.0,,0.0,0.3,.000,0.0,0.0,,0.0,0.0,0.0,0.0,0.0,0.3,0.0
5,2,3,7,0.0,5.7,.000,0.0,0.0,,0.0,5.7,.000,0.0,0.0,,0.0,0.0,0.0,0.0,0.0,5.7,0.0
5,3,3,7,0.0,9.2,.000,0.0,0.0,,0.0,9.2,.000,0.0,0.0,,0.0,0.0,0.0,0.0,0.0,9.2,0.0,,0.0,116.6
5,4,3,7,-9.4,.000,.000,1.000,.000,0,0.0,0.0,0.0,0.0,0.0,0.0,0.0,8.1,,0.0,0.0,0.0,-.122,,-8.0,-2.8,-10.8
6,0,15,114,10,22,.455,6,8,.750,4,14,.286,4,6,.667,0,8,8,4,3,1,4,8,28
6,1,15,7.6,0.7,1.5,.455,0.4,0.5,.750,0.3,0.9,.286,0.3,0.4,.667,0.5,0.3,0.2,0.1,0.3,0.5,1.9
6,2,15,114,3.5,7.7,.455,2.1,2.8,.750,1.4,4.9,.286,1.4,2.1,.667,2.8,1.4,1.1,0.4,1.4,2.8,9.8
6,3,15,114,5.6,12.4,.455,3.4,4.5,.750,2.3,7.9,.286,2.3,3.4,.667,4.5,2.3,1.7,0.6,2.3,4.5,15.8,,103.8,109.2
6,4,15,114,10.5,.563,.545,.636,.273,24,0.0,9.4,4.6,7.8,1.7,1.1,13.9,14.4,,0.1,0.1,0.2,.058,,-0.6,-1.2,-1.8
7,0,24,134,3,16,.188,3,16,.188,0,0,,0,0,,7,16,23,2,3,0,13,27,6
7,1,24,5.6,0.1,0.7,.188,0.1,0.7,.188,0.0,0.0,,0.0,0.0,,1.0,0.1,0.1,0.0,0.5,1.1,0.3
7,2,24,134,0.9,4.8,.188,0.9,4.8,.188,0.0,0.0,,0.0,0.0,,6.9,0.6,0.9,0.0,3.9,8.1,1.8
7,3,24,134,1.4,7.7,.188,1.4,7.7,.188,0.0,0.0,,0.0,0.0,,11.1,1.0,1.4,0.0,6.2,13.0,2.9,,37.5,107.3
7,4,24,134,-5.3,.188,.188,.000,.000,10,6.8,15.9,11.3,2.9,1.4,0.0,44.8,12.3,,-0.4,0.1,-0.3,-.103,,-10.8,0.4,-10.4
8,0,30,929,65,164,.396,39,91,.429,26,73,.356,53,64,.828,6,86,92,98,54,4,53,72,209
8,1,30,31.0,2.2,5.5,.396,1.3,3.0,.429,0.9,2.4,.356,1.8,2.1,.828,3.1,3.3,1.8,0.1,1.8,2.4,7.0
8,2,30,929,2.8,7.1,.396,1.7,3.9,.429,1.1,3.1,.356,2.3,2.8,.828,4.0,4.2,2.3,0.2,2.3,3.1,9.0
8,3,30,929,4.5,11.4,.396,2.7,6.3,.429,1.8,5.1,.356,3.7,4.4,.828,6.4,6.8,3.7,0.3,3.7,5.0,14.5,,103.2,103.7
8,4,30,929,13.7,.538,.476,.445,.390,231,0.8,12.3,6.5,22.6,3.7,0.6,21.4,15.2,,1.0,1.0,2.0,.085,,0.8,1.9,2.7
9,0,19,158,7,30,.233,5,11,.455,2,19,.105,4,10,.400,7,9,16,5,5,2,8,10,20
9,1,19,8.3,0.4,1.6,.233,0.3,0.6,.455,0.1,1.0,.105,0.2,0.5,.400,0.8,0.3,0.3,0.1,0.4,0.5,1.1
9,2,19,158,1.8,7.6,.233,1.3,2.8,.455,0.5,4.8,.105,1.0,2.5,.400,4.1,1.3,1.3,0.5,2.0,2.5,5.1
9,3,19,158,2.9,12.2,.233,2.0,4.5,.455,0.8,7.7,.105,1.6,4.1,.400,6.5,2.0,2.0,0.8,3.3,4.1,8.2,,64.5,108.8
9,4,19,158,2.4,.288,.267,.633,.333,24,5.8,7.6,6.7,6.4,2.0,1.6,18.7,15.4,,-0.3,0.1,-0.2,-.050,,-5.2,-0.1,-5.4
10,0,30,976,153,373,.410,90,188,.479,63,185,.341,92,105,.876,9,68,77,98,39,4,89,62,461
10,1,30,32.5,5.1,12.4,.410,3.0,6.3,.479,2.1,6.2,.341,3.1,3.5,.876,2.6,3.3,1.3,0.1,3.0,2.1,15.4
10,2,30,976,6.3,15.3,.410,3.7,7.7,.479,2.6,7.6,.341,3.8,4.3,.876,3.2,4.0,1.6,0.2,3.6,2.5,18.9
10,3,30,976,10.1,24.6,.410,5.9,12.4,.479,4.2,12.2,.341,6.1,6.9,.876,5.1,6.5,2.6,0.3,5.9,4.1,30.4,,101.6,107.6
10,4,30,976,18.6,.545,.495,.496,.282,438,1.2,9.3,5.2,26.5,2.6,0.5,17.4,29.9,,1.7,0.6,2.4,.097,,3.9,-1.4,2.5
11,0,25,594,74,183,.404,36,80,.450,38,103,.369,36,44,.818,19,64,83,44,26,9,40,53,222
11,1,25,23.8,3.0,7.3,.404,1.4,3.2,.450,1.5,4.1,.369,1.4,1.8,.818,3.3,1.8,1.0,0.4,1.6,2.1,8.9
11,2,25,594,5.0,12.3,.404,2.4,5.4,.450,2.6,6.9,.369,2.4,3.0,.818,5.6,3.0,1.8,0.6,2.7,3.6,14.9
11,3,25,594,8.0,19.8,.404,3.9,8.7,.450,4.1,11.2,.369,3.9,4.8,.818,9.0,4.8,2.8,1.0,4.3,5.7,24.1,,103.1,104.3
11,4,25,594,17.5,.544,.508,.563,.240,212,4.2,14.4,9.2,18.0,2.8,2.0,16.4,23.4,,0.9,0.6,1.5,.101,,2.8,0.9,3.8
12,0,2,6,0,0,,0,0,,0,0,,1,2,.500,0,2,2,0,0,0,0,1,1
12,1,2,3.0,0.0,0.0,,0.0,0.0,,0.0,0.0,,0.5,1.0,.500,1.0,0.0,0.0,0.0,0.0,0.5,0.5
12,2,2,6,0.0,0.0,,0.0,0.0,,0.0,0.0,,6.7,13.3,.500,13.3,0.0,0.0,0.0,0.0,6.7,6.7
12,3,2,6,0.0,0.0,,0.0,0.0,,0.0,0.0,,10.7,21.5,.500,21.5,0.0,0.0,0.0,0.0,10.7,10.7,,122.5,100.5
12,4,2,6,9.7,.526,,,,1,0.0,44.4,22.0,0.0,0.0,0.0,0.0,9.0,,0.0,0.0,0.0,.107,,-7.7,-5.2,-12.9
13,0,30,847,74,143,.517,69,123,.561,5,20,.250,47,57,.825,75,84,159,38,13,9,28,75,200
13,1,30,28.2,2.5,4.8,.517,2.3,4.1,.561,0.2,0.7,.250,1.6,1.9,.825,5.3,1.3,0.4,0.3,0.9,2.5,6.7
13,2,30,847,3.5,6.8,.517,3.3,5.8,.561,0.2,0.9,.250,2.2,2.7,.825,7.5,1.8,0.6,0.4,1.3,3.5,9.4
13,3,30,847,5.6,10.9,.517,5.2,9.4,.561,0.4,1.5,.250,3.6,4.3,.825,12.1,2.9,1.0,0.7,2.1,5.7,15.2,,122.5,109.2
13,4,30,847,15.3,.588,.535,.140,.399,223,11.6,13.2,12.4,10.0,1.0,1.4,14.1,13.3,,1.9,0.4,2.4,.111,,2.4,0.9,3.4
14,0,30,756,78,172,.453,59,102,.578,19,70,.271,30,49,.612,23,96,119,35,16,6,45,49,205
14,1,30,25.2,2.6,5.7,.453,2.0,3.4,.578,0.6,2.3,.271,1.0,1.6,.612,4.0,1.2,0.5,0.2,1.5,1.6,6.8
14,2,30,756,4.1,9.1,.453,3.1,5.4,.578,1.0,3.7,.271,1.6,2.6,.612,6.3,1.9,0.8,0.3,2.4,2.6,10.8
14,3,30,756,6.6,14.7,.453,5.0,8.7,.578,1.6,6.0,.271,2.6,4.2,.612,10.1,3.0,1.4,0.5,3.8,4.2,17.5,,95.6,107.3
14,4,30,756,11.9,.525,.509,.407,.285,195,4.0,16.9,10.4,10.7,1.4,1.0,18.7,18.1,,0.4,0.5,0.9,.050,,-0.9,0.2,-0.7
