0,0,29,692,33,90,.367,20,47,.426,13,43,.302,33,50,.660,7,36,43,62,18,2,26,66,112
0,1,29,23.9,1.1,3.1,.367,0.7,1.6,.426,0.4,1.5,.302,1.1,1.7,.660,1.5,2.1,0.6,0.1,0.9,2.3,3.9
0,2,29,692,1.9,5.2,.367,1.2,2.7,.426,0.8,2.5,.302,1.9,2.9,.660,2.5,3.6,1.0,0.1,1.5,3.8,6.5
0,3,29,692,3.0,8.1,.367,1.8,4.2,.426,1.2,3.9,.302,3.0,4.5,.660,3.9,5.6,1.6,0.2,2.3,5.9,10.0,,101.8,102.0
0,4,29,692,8.0,.492,.439,.478,.556,128,1.1,6.0,3.5,18.9,1.6,0.3,18.6,10.9,,0.5,0.8,1.3,.076,,-2.9,-1.2,-4.1
1,0,1,12,0,2,.000,0,0,,0,2,.000,0,0,,0,0,0,1,0,0,0,1,0
1,1,1,12.0,0.0,2.0,.000,0.0,0.0,,0.0,2.0,.000,0.0,0.0,,0.0,1.0,0.0,0.0,0.0,1.0,0.0
1,2,1,12,0.0,6.7,.000,0.0,0.0,,0.0,6.7,.000,0.0,0.0,,0.0,3.3,0.0,0.0,0.0,3.3,0.0
1,3,1,12,0.0,10.3,.000,0.0,0.0,,0.0,10.3,.000,0.0,0.0,,0.0,5.2,0.0,0.0,0.0,5.2,0.0,,29.2,108.4
1,4,1,12,-5.5,.000,.000,1.000,.000,0,0.0,0.0,0.0,16.0,0.0,0.0,0.0,9.0,,0.0,0.0,0.0,-.076,,-10.1,-6.6,-16.7
2,0,28,892,113,287,.394,65,140,.464,48,147,.327,55,76,.724,50,100,150,22,22,10,68,55,329
2,1,28,31.9,4.0,10.3,.394,2.3,5.0,.464,1.7,5.3,.327,2.0,2.7,.724,5.4,0.8,0.8,0.4,2.4,2.0,11.8
2,2,28,892,5.1,12.9,.394,2.9,6.3,.464,2.2,6.6,.327,2.5,3.4,.724,6.7,1.0,1.0,0.4,3.0,2.5,14.8
2,3,28,892,7.9,20.0,.394,4.5,9.7,.464,3.3,10.2,.327,3.8,5.3,.724,10.4,1.5,1.5,0.7,4.7,3.8,22.9,,93.7,98.8
2,4,28,892,13.7,.509,.477,.512,.265,303,6.1,13.0,9.5,6.3,1.5,1.2,17.4,23.6,,0.5,1.3,1.8,.081,,-1.4,-1.2,-2.6
3,0,29,515,64,118,.542,61,103,.592,3,15,.200,26,35,.743,37,53,90,19,10,7,26,55,157
3,1,29,17.8,2.2,4.1,.542,2.1,3.6,.592,0.1,0.5,.200,0.9,1.2,.743,3.1,0.7,0.3,0.2,0.9,1.9,5.4
3,2,29,515,5.0,9.2,.542,4.7,8.0,.592,0.2,1.2,.200,2.0,2.7,.743,7.0,1.5,0.8,0.5,2.0,4.3,12.2
3,3,29,515,7.7,14.2,.542,7.3,12.4,.592,0.4,1.8,.200,3.1,4.2,.743,10.8,2.3,1.2,0.8,3.1,6.6,18.9,,110.1,99.6
3,4,29,515,15.5,.583,.555,.127,.297,153,7.9,11.9,9.8,9.3,1.2,1.5,16.2,16.8,,0.9,0.7,1.6,.126,,-1.2,-0.2,-1.5
4,0,16,65,1,5,.200,1,5,.200,0,0,,1,2,.500,7,9,16,6,1,1,6,6,3
4,1,16,4.1,0.1,0.3,.200,0.1,0.3,.200,0.0,0.0,,0.1,0.1,.500,1.0,0.4,0.1,0.1,0.4,0.4,0.2
4,2,16,65,0.6,3.1,.200,0.6,3.1,.200,0.0,0.0,,0.6,1.2,.500,9.8,3.7,0.6,0.6,3.7,3.7,1.8
4,3,16,65,1.0,4.8,.200,1.0,4.8,.200,0.0,0.0,,1.0,1.9,.500,15.3,5.7,1.0,1.0,5.7,5.7,2.9,,67.7,98.3
4,4,16,65,5.1,.252,.200,.000,.400,9,11.8,16.0,13.9,18.3,1.0,1.7,50.2,9.9,,-0.1,0.1,0.0,.008,,-8.1,1.9,-6.2
5,0,28,488,45,105,.429,11,20,.550,34,85,.400,3,5,.600,2,19,21,16,13,1,17,46,127
5,1,28,17.4,1.6,3.8,.429,0.4,0.7,.550,1.2,3.0,.400,0.1,0.2,.600,0.8,0.6,0.5,0.0,0.6,1.6,4.5
5,2,28,488,3.7,8.6,.429,0.9,1.6,.550,2.8,7.0,.400,0.2,0.4,.600,1.7,1.3,1.1,0.1,1.4,3.8,10.4
5,3,28,488,5.7,13.3,.429,1.4,2.5,.550,4.3,10.8,.400,0.4,0.6,.600,2.7,2.0,1.7,0.1,2.2,5.8,16.1,,107.3,102.6
5,4,28,488,9.7,.591,.590,.810,.048,107,0.4,4.5,2.4,7.7,1.7,0.2,13.7,13.7,,0.6,0.5,1.1,.090,,-0.6,-2.0,-2.6
6,0,17,124,7,28,.250,2,10,.200,5,18,.278,4,4,1.000,6,11,17,7,4,0,7,12,23
6,1,17,7.3,0.4,1.6,.250,0.1,0.6,.200,0.3,1.1,.278,0.2,0.2,1.000,1.0,0.4,0.2,0.0,0.4,0.7,1.4
6,2,17,124,2.3,9.0,.250,0.6,3.2,.200,1.6,5.8,.278,1.3,1.3,1.000,5.5,2.3,1.3,0.0,2.3,3.9,7.4
6,3,17,124,3.5,14.0,.250,1.0,5.0,.200,2.5,9.0,.278,2.0,2.0,1.000,8.5,3.5,2.0,0.0,3.5,6.0,11.5,,81.4,99.4
6,4,17,124,6.2,.385,.339,.643,.143,26,5.3,10.3,7.7,12.2,2.0,0.0,19.0,16.0,,-0.1,0.2,0.1,.034,,-4.7,-1.1,-5.7
7,0,28,856,125,358,.349,82,223,.368,43,135,.319,89,136,.654,43,131,174,34,26,19,63,75,382
7,1,28,30.6,4.5,12.8,.349,2.9,8.0,.368,1.5,4.8,.319,3.2,4.9,.654,6.2,1.2,0.9,0.7,2.3,2.7,13.6
7,2,28,856,5.8,16.7,.349,3.8,10.4,.368,2.0,6.3,.319,4.2,6.4,.654,8.1,1.6,1.2,0.9,2.9,3.5,17.9
7,3,28,856,9.1,25.9,.349,5.9,16.2,.368,3.1,9.8,.319,6.4,9.9,.654,12.6,2.5,1.9,1.4,4.6,5.4,27.7,,90.5,95.1
7,4,28,856,15.7,.452,.409,.377,.380,358,5.5,17.7,11.4,10.6,1.9,2.4,13.0,30.5,,0.2,1.6,1.8,.084,,-2.5,-0.6,-3.2
8,0,16,96,4,25,.160,2,14,.143,2,11,.182,2,4,.500,3,13,16,1,2,0,4,8,12
8,1,16,6.0,0.3,1.6,.160,0.1,0.9,.143,0.1,0.7,.182,0.1,0.3,.500,1.0,0.1,0.1,0.0,0.3,0.5,0.8
8,2,16,96,1.7,10.4,.160,0.8,5.8,.143,0.8,4.6,.182,0.8,1.7,.500,6.7,0.4,0.8,0.0,1.7,3.3,5.0
8,3,16,96,2.6,16.1,.160,1.3,9.0,.143,1.3,7.1,.182,1.3,2.6,.500,10.3,0.6,1.3,0.0,2.6,5.2,7.8,,50.7,98.6
8,4,16,96,-1.6,.223,.200,.440,.160,12,3.4,15.7,9.4,2.2,1.3,0.0,12.9,17.3,,-0.3,0.1,-0.1,-.059,,-11.2,-2.7,-13.9
9,0,20,232,2,27,.074,1,18,.056,1,9,.111,15,21,.714,10,26,36,11,5,0,16,26,20
9,1,20,11.6,0.1,1.4,.074,0.1,0.9,.056,0.1,0.5,.111,0.8,1.1,.714,1.8,0.6,0.3,0.0,0.8,1.3,1.0
9,2,20,232,0.3,4.7,.074,0.2,3.1,.056,0.2,1.6,.111,2.6,3.6,.714,6.2,1.9,0.9,0.0,2.8,4.5,3.4
9,3,20,232,0.5,7.2,.074,0.3,4.8,.056,0.3,2.4,.111,4.0,5.6,.714,9.6,2.9,1.3,0.0,4.3,6.9,5.3,,59.6,99.6
9,4,20,232,0.6,.270,.093,.333,.778,28,4.7,13.0,8.7,9.3,1.3,0.0,30.2,12.3,,-0.4,0.3,-0.1,-.017,,-8.9,0.1,-8.8
10,0,25,627,95,178,.534,95,178,.534,0,0,,38,62,.613,48,110,158,22,20,34,31,66,228
10,1,25,25.1,3.8,7.1,.534,3.8,7.1,.534,0.0,0.0,,1.5,2.5,.613,6.3,0.9,0.8,1.4,1.2,2.6,9.1
10,2,25,627,6.1,11.4,.534,6.1,11.4,.534,0.0,0.0,,2.4,4.0,.613,10.1,1.4,1.3,2.2,2.0,4.2,14.5
10,3,25,627,9.4,17.6,.534,9.4,17.6,.534,0.0,0.0,,3.8,6.1,.613,15.6,2.2,2.0,3.4,3.1,6.5,22.5,,107.6,91.9
10,4,25,627,21.3,.550,.534,.000,.348,217,8.4,20.3,14.2,9.5,2.0,5.9,13.0,20.4,,1.2,1.3,2.5,.160,,-1.5,3.4,1.9
11,0,29,1044,103,315,.327,73,199,.367,30,116,.259,77,137,.562,20,118,138,98,45,3,66,53,313
11,1,29,36.0,3.6,10.9,.327,2.5,6.9,.367,1.0,4.0,.259,2.7,4.7,.562,4.8,3.4,1.6,0.1,2.3,1.8,10.8
11,2,29,1044,3.9,12.1,.327,2.8,7.6,.367,1.1,4.4,.259,3.0,5.2,.562,5.3,3.8,1.7,0.1,2.5,2.0,12.0
11,3,29,1044,6.1,18.7,.327,4.3,11.8,.367,1.8,6.9,.259,4.6,8.1,.562,8.2,5.8,2.7,0.2,3.9,3.1,18.6,,86.8,96.8
11,4,29,1044,11.7,.412,.375,.368,.435,329,2.1,13.1,7.4,22.2,2.7,0.3,14.8,23.0,,-0.2,1.7,1.5,.059,,-2.7,0.4,-2.3
12,0,24,204,17,28,.607,17,28,.607,0,0,,5,13,.385,12,38,50,5,3,5,11,29,39
12,1,24,8.5,0.7,1.2,.607,0.7,1.2,.607,0.0,0.0,,0.2,0.5,.385,2.1,0.2,0.1,0.2,0.5,1.2,1.6
12,2,24,204,3.3,5.5,.607,3.3,5.5,.607,0.0,0.0,,1.0,2.5,.385,9.8,1.0,0.6,1.0,2.2,5.7,7.6
12,3,24,204,5.2,8.5,.607,5.2,8.5,.607,0.0,0.0,,1.5,4.0,.385,15.2,1.5,0.9,1.5,3.3,8.8,11.9,,96.2,95.1
12,4,24,204,10.6,.571,.607,.000,.464,39,6.4,21.5,13.8,5.6,0.9,2.7,24.3,11.9,,0.1,0.4,0.5,.091,,-5.7,1.0,-4.7
