0,0,29,1036,142,359,.396,88,207,.425,54,152,.355,54,78,.692,23,82,105,47,29,4,73,47,392
0,1,29,35.7,4.9,12.4,.396,3.0,7.1,.425,1.9,5.2,.355,1.9,2.7,.692,3.6,1.6,1.0,0.1,2.5,1.6,13.5
0,2,29,1036,5.5,13.9,.396,3.4,8.0,.425,2.1,5.9,.355,2.1,3.0,.692,4.1,1.8,1.1,0.2,2.8,1.8,15.1
0,3,29,1036,8.4,21.3,.396,5.2,12.3,.425,3.2,9.0,.355,3.2,4.6,.692,6.2,2.8,1.7,0.2,4.3,2.8,23.3,,94.2,99.9
0,4,29,1036,12.9,.495,.471,.423,.217,362,2.5,9.6,5.9,11.4,1.7,0.4,15.6,24.1,,0.6,1.5,2.1,.079,,-2.1,-1.2,-3.3
1,0,29,834,91,176,.517,68,132,.515,23,44,.523,27,60,.450,94,154,248,7,14,25,36,82,232
1,1,29,28.8,3.1,6.1,.517,2.3,4.6,.515,0.8,1.5,.523,0.9,2.1,.450,8.6,0.2,0.5,0.9,1.2,2.8,8.0
1,2,29,834,4.4,8.4,.517,3.3,6.3,.515,1.1,2.1,.523,1.3,2.9,.450,11.9,0.3,0.7,1.2,1.7,3.9,11.1
1,3,29,834,6.7,13.0,.517,5.0,9.7,.515,1.7,3.2,.523,2.0,4.4,.450,18.3,0.5,1.0,1.8,2.7,6.0,17.1,,111.1,94.4
1,4,29,834,17.3,.567,.582,.250,.341,234,12.5,22.3,17.2,2.0,1.0,3.1,15.0,15.4,,1.4,1.6,3.0,.145,,-2.2,0.1,-2.1
2,0,28,754,46,129,.357,33,76,.434,13,53,.245,35,54,.648,11,48,59,67,23,0,28,70,140
2,1,28,26.9,1.6,4.6,.357,1.2,2.7,.434,0.5,1.9,.245,1.3,1.9,.648,2.1,2.4,0.8,0.0,1.0,2.5,5.0
2,2,28,754,2.4,6.8,.357,1.8,4.0,.434,0.7,2.8,.245,1.9,2.9,.648,3.1,3.6,1.2,0.0,1.5,3.7,7.4
2,3,28,754,3.8,10.5,.357,2.7,6.2,.434,1.1,4.3,.245,2.9,4.4,.648,4.8,5.5,1.9,0.0,2.3,5.7,11.4,,99.4,100.3
2,4,28,754,8.8,.453,.407,.411,.419,161,1.6,7.7,4.5,18.8,1.9,0.0,15.3,12.9,,0.5,1.0,1.5,.081,,-3.2,-0.5,-3.7
3,0,11,32,1,3,.333,0,0,,1,3,.333,1,3,.333,0,4,4,1,1,0,2,1,4
3,1,11,2.9,0.1,0.3,.333,0.0,0.0,,0.1,0.3,.333,0.1,0.3,.333,0.4,0.1,0.1,0.0,0.2,0.1,0.4
3,2,11,32,1.3,3.8,.333,0.0,0.0,,1.3,3.8,.333,1.3,3.8,.333,5.0,1.3,1.3,0.0,2.5,1.3,5.0
3,3,11,32,1.9,5.8,.333,0.0,0.0,,1.9,5.8,.333,1.9,5.8,.333,7.7,1.9,1.9,0.0,3.8,1.9,7.7,,69.6,97.5
3,4,11,32,4.3,.452,.500,1.000,1.000,4,0.0,15.1,7.2,6.2,1.9,0.0,31.1,10.7,,0.0,0.1,0.0,.025,,-6.8,-0.2,-7.1
4,0,13,86,6,17,.353,1,4,.250,5,13,.385,1,2,.500,1,1,2,5,1,0,6,8,18
4,1,13,6.6,0.5,1.3,.353,0.1,0.3,.250,0.4,1.0,.385,0.1,0.2,.500,0.2,0.4,0.1,0.0,0.5,0.6,1.4
4,2,13,86,2.8,7.9,.353,0.5,1.9,.250,2.3,6.0,.385,0.5,0.9,.500,0.9,2.3,0.5,0.0,2.8,3.7,8.4
4,3,13,86,4.3,12.2,.353,0.7,2.9,.250,3.6,9.3,.385,0.7,1.4,.500,1.4,3.6,0.7,0.0,4.3,5.7,12.9,,86.9,105.4
4,4,13,86,4.1,.501,.500,.765,.118,18,1.3,1.4,1.3,12.5,0.7,0.0,25.1,14.8,,0.0,0.1,0.1,.029,,-5.2,-4.1,-9.2
5,0,29,750,96,247,.389,54,136,.397,42,111,.378,47,74,.635,40,128,168,34,16,5,65,93,281
5,1,29,25.9,3.3,8.5,.389,1.9,4.7,.397,1.4,3.8,.378,1.6,2.6,.635,5.8,1.2,0.6,0.2,2.2,3.2,9.7
5,2,29,750,5.1,13.2,.389,2.9,7.3,.397,2.2,5.9,.378,2.5,3.9,.635,9.0,1.8,0.9,0.3,3.5,5.0,15.0
5,3,29,750,7.9,20.3,.389,4.4,11.2,.397,3.4,9.1,.378,3.9,6.1,.635,13.8,2.8,1.3,0.4,5.3,7.6,23.0,,92.7,95.7
5,4,29,750,13.3,.498,.474,.449,.300,270,5.9,20.6,13.0,11.2,1.3,0.7,18.7,24.7,,0.3,1.4,1.7,.090,,-2.9,-0.8,-3.6
6,0,26,304,30,64,.469,29,50,.580,1,14,.071,11,17,.647,24,33,57,5,5,7,23,50,72
6,1,26,11.7,1.2,2.5,.469,1.1,1.9,.580,0.0,0.5,.071,0.4,0.7,.647,2.2,0.2,0.2,0.3,0.9,1.9,2.8
6,2,26,304,3.9,8.4,.469,3.8,6.6,.580,0.1,1.8,.071,1.4,2.2,.647,7.5,0.7,0.7,0.9,3.0,6.6,9.5
6,3,26,304,6.1,12.9,.469,5.9,10.1,.580,0.2,2.8,.071,2.2,3.4,.647,11.5,1.0,1.0,1.4,4.7,10.1,14.6,,88.1,98.3
6,4,26,304,8.5,.499,.477,.219,.266,73,8.8,13.1,10.9,3.8,1.0,2.4,24.2,16.7,,0.0,0.5,0.5,.059,,-6.1,-0.3,-6.4
7,0,1,1,0,0,,0,0,,0,0,,0,0,,0,1,1,1,0,0,0,0,0
7,1,1,1.0,0.0,0.0,,0.0,0.0,,0.0,0.0,,0.0,0.0,,1.0,1.0,0.0,0.0,0.0,0.0,0.0
7,2,1,1,0.0,0.0,,0.0,0.0,,0.0,0.0,,0.0,0.0,,40.0,40.0,0.0,0.0,0.0,0.0,0.0
7,3,1,1,0.0,0.0,,0.0,0.0,,0.0,0.0,,0.0,0.0,,61.5,61.5,0.0,0.0,0.0,0.0,0.0,,234.2,58.2
7,4,1,1,62.5,,,,,1,0.0,100.0,58.0,100.0,0.0,0.0,,0.0,,0.0,0.0,0.0,.594,,-3.5,5.7,2.1
8,0,27,192,19,55,.345,3,11,.273,16,44,.364,0,0,,1,5,6,6,10,2,8,23,54
8,1,27,7.1,0.7,2.0,.345,0.1,0.4,.273,0.6,1.6,.364,0.0,0.0,,0.2,0.2,0.4,0.1,0.3,0.9,2.0
8,2,27,192,4.0,11.5,.345,0.6,2.3,.273,3.3,9.2,.364,0.0,0.0,,1.3,1.3,2.1,0.4,1.7,4.8,11.3
8,3,27,192,6.1,17.6,.345,1.0,3.5,.273,5.1,14.1,.364,0.0,0.0,,1.9,1.9,3.2,0.6,2.6,7.4,17.3,,94.4,98.6
8,4,27,192,9.1,.491,.491,.800,.000,47,0.6,3.1,1.8,7.2,3.2,1.1,12.7,17.5,,0.1,0.3,0.4,.078,,-2.4,-1.3,-3.8
9,0,28,616,80,203,.394,59,142,.415,21,61,.344,57,88,.648,31,72,103,30,23,15,65,67,238
9,1,28,22.0,2.9,7.3,.394,2.1,5.1,.415,0.8,2.2,.344,2.0,3.1,.648,3.7,1.1,0.8,0.5,2.3,2.4,8.5
9,2,28,616,5.2,13.2,.394,3.8,9.2,.415,1.4,4.0,.344,3.7,5.7,.648,6.7,1.9,1.5,1.0,4.2,4.4,15.5
9,3,28,616,8.0,20.3,.394,5.9,14.2,.415,2.1,6.1,.344,5.7,8.8,.648,10.3,3.0,2.3,1.5,6.5,6.7,23.8,,88.3,95.3
9,4,28,616,13.4,.486,.446,.300,.433,231,5.6,14.1,9.7,12.0,2.3,2.5,21.0,26.8,,-0.1,1.1,1.1,.070,,-4.4,0.6,-3.8
10,0,29,1061,103,282,.365,67,161,.416,36,121,.298,84,143,.587,14,87,101,79,29,7,64,61,326
10,1,29,36.6,3.6,9.7,.365,2.3,5.6,.416,1.2,4.2,.298,2.9,4.9,.587,3.5,2.7,1.0,0.2,2.2,2.1,11.2
10,2,29,1061,3.9,10.6,.365,2.5,6.1,.416,1.4,4.6,.298,3.2,5.4,.587,3.8,3.0,1.1,0.3,2.4,2.3,12.3
10,3,29,1061,6.0,16.3,.365,3.9,9.3,.416,2.1,7.0,.298,4.9,8.3,.587,5.9,4.6,1.7,0.4,3.7,3.5,18.9,,94.2,99.6
10,4,29,1061,11.4,.466,.429,.429,.507,328,1.5,9.9,5.5,17.0,1.7,0.7,15.5,20.8,,0.5,1.5,2.1,.078,,-2.5,-0.5,-2.9
11,0,19,135,6,12,.500,6,11,.545,0,1,.000,5,10,.500,8,20,28,3,2,4,3,22,17
11,1,19,7.1,0.3,0.6,.500,0.3,0.6,.545,0.0,0.1,.000,0.3,0.5,.500,1.5,0.2,0.1,0.2,0.2,1.2,0.9
11,2,19,135,1.8,3.6,.500,1.8,3.3,.545,0.0,0.3,.000,1.5,3.0,.500,8.3,0.9,0.6,1.2,0.9,6.5,5.0
11,3,19,135,2.7,5.5,.500,2.7,5.0,.545,0.0,0.5,.000,2.3,4.6,.500,12.8,1.4,0.9,1.8,1.4,10.0,7.7,,108.7,96.1
11,4,19,135,8.7,.507,.500,.083,.833,20,6.6,17.9,12.0,4.5,0.9,3.1,15.2,7.8,,0.1,0.2,0.3,.103,,-5.4,1.6,-3.8
