0,0,28,682,72,191,.377,68,167,.407,4,24,.167,68,100,.680,41,98,139,20,6,3,52,113,216
0,1,28,24.4,2.6,6.8,.377,2.4,6.0,.407,0.1,0.9,.167,2.4,3.6,.680,5.0,0.7,0.2,0.1,1.9,4.0,7.7
0,2,28,682,4.2,11.2,.377,4.0,9.8,.407,0.2,1.4,.167,4.0,5.9,.680,8.2,1.2,0.4,0.2,3.0,6.6,12.7
0,3,28,682,6.7,17.7,.377,6.3,15.4,.407,0.4,2.2,.167,6.3,9.2,.680,12.8,1.8,0.6,0.3,4.8,10.4,20.0,,87.2,103.6
0,4,28,682,8.0,.453,.387,.126,.524,214,6.9,16.7,11.8,7.7,0.6,0.5,17.9,23.5,,-0.4,0.9,0.6,.034,,-7.1,-1.8,-8.9
1,0,30,1002,104,270,.385,56,138,.406,48,132,.364,63,83,.759,8,65,73,66,21,1,38,55,319
1,1,30,33.4,3.5,9.0,.385,1.9,4.6,.406,1.6,4.4,.364,2.1,2.8,.759,2.4,2.2,0.7,0.0,1.3,1.8,10.6
1,2,30,1002,4.2,10.8,.385,2.2,5.5,.406,1.9,5.3,.364,2.5,3.3,.759,2.9,2.6,0.8,0.0,1.5,2.2,12.7
1,3,30,1002,6.5,17.0,.385,3.5,8.7,.406,3.0,8.3,.364,4.0,5.2,.759,4.6,4.2,1.3,0.1,2.4,3.5,20.1,,105.8,106.7
1,4,30,1002,12.1,.515,.474,.489,.307,304,0.9,7.5,4.2,17.3,1.3,0.1,10.9,19.1,,1.2,1.1,2.3,.091,,-0.9,-2.0,-2.9
2,0,26,631,76,199,.382,30,77,.390,46,122,.377,15,23,.652,8,44,52,63,12,4,57,48,213
2,1,26,24.3,2.9,7.7,.382,1.2,3.0,.390,1.8,4.7,.377,0.6,0.9,.652,2.0,2.4,0.5,0.2,2.2,1.8,8.2
2,2,26,631,4.8,12.6,.382,1.9,4.9,.390,2.9,7.7,.377,1.0,1.5,.652,3.3,4.0,0.8,0.3,3.6,3.0,13.5
2,3,26,631,7.6,19.9,.382,3.0,7.7,.390,4.6,12.2,.377,1.5,2.3,.652,5.2,6.3,1.2,0.4,5.7,4.8,21.3,,91.5,106.3
2,4,26,631,10.1,.507,.497,.613,.116,210,1.5,8.1,4.8,27.5,1.2,0.7,21.4,23.3,,0.0,0.7,0.7,.043,,-2.1,-2.8,-4.9
3,0,20,305,19,64,.297,18,50,.360,1,14,.071,31,46,.674,14,31,45,16,7,4,29,32,70
3,1,20,15.3,1.0,3.2,.297,0.9,2.5,.360,0.1,0.7,.071,1.6,2.3,.674,2.3,0.8,0.4,0.2,1.5,1.6,3.5
3,2,20,305,2.5,8.4,.297,2.4,6.6,.360,0.1,1.8,.071,4.1,6.0,.674,5.9,2.1,0.9,0.5,3.8,4.2,9.2
3,3,20,305,3.9,13.2,.297,3.7,10.3,.360,0.2,2.9,.071,6.4,9.5,.674,9.3,3.3,1.4,0.8,6.0,6.6,14.5,,76.1,103.6
3,4,20,305,5.1,.408,.305,.219,.719,76,5.3,11.8,8.5,12.4,1.4,1.5,25.3,20.8,,-0.5,0.4,-0.1,-.008,,-8.7,-0.3,-9.0
4,0,28,352,14,29,.483,14,29,.483,0,0,,16,28,.571,20,29,49,1,6,21,23,74,44
4,1,28,12.6,0.5,1.0,.483,0.5,1.0,.483,0.0,0.0,,0.6,1.0,.571,1.8,0.0,0.2,0.8,0.8,2.6,1.6
4,2,28,352,1.6,3.3,.483,1.6,3.3,.483,0.0,0.0,,1.8,3.2,.571,5.6,0.1,0.7,2.4,2.6,8.4,5.0
4,3,28,352,2.5,5.2,.483,2.5,5.2,.483,0.0,0.0,,2.9,5.0,.571,8.8,0.2,1.1,3.8,4.1,13.3,7.9,,79.0,102.0
4,4,28,352,4.3,.520,.483,.000,.966,47,6.5,9.6,8.0,0.6,1.1,6.9,35.2,10.2,,-0.2,0.5,0.3,.035,,-8.7,2.9,-5.9
5,0,20,528,72,188,.383,48,111,.432,24,77,.312,52,82,.634,26,85,111,21,10,6,38,49,220
5,1,20,26.4,3.6,9.4,.383,2.4,5.6,.432,1.2,3.9,.312,2.6,4.1,.634,5.6,1.1,0.5,0.3,1.9,2.5,11.0
5,2,20,528,5.5,14.2,.383,3.6,8.4,.432,1.8,5.8,.312,3.9,6.2,.634,8.4,1.6,0.8,0.5,2.9,3.7,16.7
5,3,20,528,8.6,22.4,.383,5.7,13.3,.432,2.9,9.2,.312,6.2,9.8,.634,13.3,2.5,1.2,0.7,4.5,5.8,26.3,,94.2,101.3
5,4,20,528,14.3,.485,.447,.410,.436,206,5.7,18.7,12.2,11.4,1.2,1.3,14.3,27.7,,0.1,0.8,1.0,.074,,-2.8,-1.5,-4.3
6,0,29,420,14,48,.292,11,38,.289,3,10,.300,14,18,.778,35,65,100,24,16,0,29,35,45
6,1,29,14.5,0.5,1.7,.292,0.4,1.3,.289,0.1,0.3,.300,0.5,0.6,.778,3.4,0.8,0.6,0.0,1.0,1.2,1.6
6,2,29,420,1.3,4.6,.292,1.0,3.6,.289,0.3,1.0,.300,1.3,1.7,.778,9.5,2.3,1.5,0.0,2.8,3.3,4.3
6,3,29,420,2.1,7.2,.292,1.7,5.7,.289,0.5,1.5,.300,2.1,2.7,.778,15.0,3.6,2.4,0.0,4.4,5.3,6.8,,80.7,99.7
6,4,29,420,7.7,.398,.323,.208,.375,68,9.6,18.0,13.8,12.7,2.4,0.0,33.9,11.2,,-0.3,0.7,0.5,.043,,-6.6,2.0,-4.6
7,0,27,433,37,119,.311,4,20,.200,33,99,.333,6,7,.857,0,31,31,13,7,2,14,27,113
7,1,27,16.0,1.4,4.4,.311,0.1,0.7,.200,1.2,3.7,.333,0.2,0.3,.857,1.1,0.5,0.3,0.1,0.5,1.0,4.2
7,2,27,433,3.4,11.0,.311,0.4,1.8,.200,3.0,9.1,.333,0.6,0.6,.857,2.9,1.2,0.6,0.2,1.3,2.5,10.4
7,3,27,433,5.4,17.3,.311,0.6,2.9,.200,4.8,14.4,.333,0.9,1.0,.857,4.5,1.9,1.0,0.3,2.0,3.9,16.4,,91.6,106.8
7,4,27,433,6.8,.462,.450,.832,.059,98,0.0,8.3,4.1,7.5,1.0,0.5,10.3,17.4,,0.0,0.5,0.5,.042,,-3.7,-2.8,-6.5
8,0,26,578,43,124,.347,13,36,.361,30,88,.341,26,35,.743,14,57,71,21,9,12,27,53,142
8,1,26,22.2,1.7,4.8,.347,0.5,1.4,.361,1.2,3.4,.341,1.0,1.3,.743,2.7,0.8,0.3,0.5,1.0,2.0,5.5
8,2,26,578,3.0,8.6,.347,0.9,2.5,.361,2.1,6.1,.341,1.8,2.4,.743,4.9,1.5,0.6,0.8,1.9,3.7,9.8
8,3,26,578,4.7,13.5,.347,1.4,3.9,.361,3.3,9.6,.341,2.8,3.8,.743,7.7,2.3,1.0,1.3,2.9,5.8,15.5,,96.5,104.4
8,4,26,578,8.9,.505,.468,.710,.282,135,2.8,11.5,7.1,8.9,1.0,2.4,16.1,16.0,,0.2,0.8,0.9,.065,,-3.3,-0.3,-3.6
9,0,19,525,87,181,.481,87,181,.481,0,0,,31,48,.646,42,118,160,12,12,41,41,52,205
9,1,19,27.6,4.6,9.5,.481,4.6,9.5,.481,0.0,0.0,,1.6,2.5,.646,8.4,0.6,0.6,2.2,2.2,2.7,10.8
9,2,19,525,6.6,13.8,.481,6.6,13.8,.481,0.0,0.0,,2.4,3.7,.646,12.2,0.9,0.9,3.1,3.1,4.0,15.6
9,3,19,525,10.4,21.7,.481,10.4,21.7,.481,0.0,0.0,,3.7,5.8,.646,19.2,1.4,1.4,4.9,4.9,6.2,24.6,,93.1,93.3
9,4,19,525,19.5,.503,.481,.000,.265,191,9.2,26.1,17.6,7.2,1.4,9.1,16.7,25.7,,0.1,1.2,1.3,.098,,-6.3,4.0,-2.3
10,0,28,576,46,140,.329,24,67,.358,22,73,.301,34,44,.773,21,56,77,35,15,5,34,45,148
10,1,28,20.6,1.6,5.0,.329,0.9,2.4,.358,0.8,2.6,.301,1.2,1.6,.773,2.8,1.3,0.5,0.2,1.2,1.6,5.3
10,2,28,576,3.2,9.7,.329,1.7,4.7,.358,1.5,5.1,.301,2.4,3.1,.773,5.3,2.4,1.0,0.3,2.4,3.1,10.3
10,3,28,576,5.0,15.3,.329,2.6,7.3,.358,2.4,8.0,.301,3.7,4.8,.773,8.4,3.8,1.6,0.5,3.7,4.9,16.2,,91.8,103.8
10,4,28,576,9.5,.460,.407,.521,.314,153,4.2,11.3,7.7,15.0,1.6,1.0,17.4,18.6,,0.0,0.8,0.8,.054,,-3.8,-0.6,-4.4
