0,0,29,269,30,63,.476,23,47,.489,7,16,.438,19,22,.864,17,28,45,18,13,3,12,30,86
0,1,29,9.3,1.0,2.2,.476,0.8,1.6,.489,0.2,0.6,.438,0.7,0.8,.864,1.6,0.6,0.4,0.1,0.4,1.0,3.0
0,2,29,269,4.5,9.4,.476,3.4,7.0,.489,1.0,2.4,.438,2.8,3.3,.864,6.7,2.7,1.9,0.4,1.8,4.5,12.8
0,3,29,269,6.7,14.1,.476,5.2,10.5,.489,1.6,3.6,.438,4.3,4.9,.864,10.1,4.0,2.9,0.7,2.7,6.7,19.3,,121.1,89.6
0,4,29,269,17.7,.585,.532,.254,.349,87,7.8,11.5,9.7,13.1,2.9,1.3,14.0,16.4,,0.7,0.6,1.3,.198,,2.8,3.6,6.4
1,0,34,523,40,90,.444,40,89,.449,0,1,.000,45,71,.634,57,66,123,11,13,19,32,80,125
1,1,34,15.4,1.2,2.6,.444,1.2,2.6,.449,0.0,0.0,.000,1.3,2.1,.634,3.6,0.3,0.4,0.6,0.9,2.4,3.7
1,2,34,523,3.1,6.9,.444,3.1,6.8,.449,0.0,0.1,.000,3.4,5.4,.634,9.4,0.8,1.0,1.5,2.4,6.1,9.6
1,3,34,523,4.6,10.4,.444,4.6,10.3,.449,0.0,0.1,.000,5.2,8.2,.634,14.2,1.3,1.5,2.2,3.7,9.2,14.4,,102.3,89.9
1,4,34,523,12.0,.505,.444,.011,.789,141,13.5,13.9,13.7,3.8,1.5,4.2,20.5,15.4,,0.5,1.2,1.8,.136,,-1.3,4.2,2.9
2,0,20,119,12,24,.500,11,20,.550,1,4,.250,4,9,.444,6,10,16,7,9,3,7,15,29
2,1,20,6.0,0.6,1.2,.500,0.6,1.0,.550,0.1,0.2,.250,0.2,0.5,.444,0.8,0.4,0.5,0.2,0.4,0.8,1.5
2,2,20,119,4.0,8.1,.500,3.7,6.7,.550,0.3,1.3,.250,1.3,3.0,.444,5.4,2.4,3.0,1.0,2.4,5.0,9.7
2,3,20,119,6.1,12.2,.500,5.6,10.1,.550,0.5,2.0,.250,2.0,4.6,.444,8.1,3.5,4.6,1.5,3.5,7.6,14.7,,98.6,86.0
2,4,20,119,13.6,.513,.521,.167,.375,30,6.2,9.3,7.8,11.3,4.6,2.9,19.8,15.3,,0.1,0.3,0.4,.139,,-0.2,6.1,5.9
3,0,35,586,83,172,.483,51,88,.580,32,84,.381,28,42,.667,12,34,46,84,37,1,43,47,226
3,1,35,16.7,2.4,4.9,.483,1.5,2.5,.580,0.9,2.4,.381,0.8,1.2,.667,1.3,2.4,1.1,0.0,1.2,1.3,6.5
3,2,35,586,5.7,11.7,.483,3.5,6.0,.580,2.2,5.7,.381,1.9,2.9,.667,3.1,5.7,2.5,0.1,2.9,3.2,15.4
3,3,35,586,8.5,17.7,.483,5.2,9.1,.580,3.3,8.6,.381,2.9,4.3,.667,4.7,8.6,3.8,0.1,4.4,4.8,23.3,,114.1,90.7
3,4,35,586,19.5,.589,.576,.488,.244,229,2.5,6.4,4.6,29.7,3.8,0.2,18.3,20.7,,1.5,1.3,2.8,.193,,4.5,1.7,6.2
4,0,35,1078,188,347,.542,186,345,.539,2,2,1.000,103,137,.752,108,280,388,43,39,35,82,78,481
4,1,35,30.8,5.4,9.9,.542,5.3,9.9,.539,0.1,0.1,1.000,2.9,3.9,.752,11.1,1.2,1.1,1.0,2.3,2.2,13.7
4,2,35,1078,7.0,12.9,.542,6.9,12.8,.539,0.1,0.1,1.000,3.8,5.1,.752,14.4,1.6,1.4,1.3,3.0,2.9,17.8
4,3,35,1078,10.5,19.4,.542,10.4,19.3,.539,0.1,0.1,1.000,5.8,7.7,.752,21.7,2.4,2.2,2.0,4.6,4.4,26.9,,112.0,82.3
4,4,35,1078,24.8,.584,.545,.006,.395,457,12.4,28.6,21.0,8.9,2.2,3.8,16.6,23.7,,2.8,3.4,6.1,.227,,1.5,5.5,6.9
5,0,33,765,69,166,.416,33,60,.550,36,106,.340,34,49,.694,15,108,123,83,28,15,34,68,208
5,1,33,23.2,2.1,5.0,.416,1.0,1.8,.550,1.1,3.2,.340,1.0,1.5,.694,3.7,2.5,0.8,0.5,1.0,2.1,6.3
5,2,33,765,3.6,8.7,.416,1.7,3.1,.550,1.9,5.5,.340,1.8,2.6,.694,6.4,4.3,1.5,0.8,1.8,3.6,10.9
5,3,33,765,5.4,13.1,.416,2.6,4.7,.550,2.8,8.4,.340,2.7,3.9,.694,9.7,6.5,2.2,1.2,2.7,5.4,16.4,,115.4,88.9
5,4,33,765,15.6,.549,.524,.639,.295,219,2.4,15.5,9.4,20.3,2.2,2.3,15.2,15.1,,1.5,1.9,3.4,.176,,3.0,4.4,7.5
6,0,35,751,62,126,.492,62,125,.496,0,1,.000,36,81,.444,56,64,120,20,18,19,50,93,160
6,1,35,21.5,1.8,3.6,.492,1.8,3.6,.496,0.0,0.0,.000,1.0,2.3,.444,3.4,0.6,0.5,0.5,1.4,2.7,4.6
6,2,35,751,3.3,6.7,.492,3.3,6.7,.496,0.0,0.1,.000,1.9,4.3,.444,6.4,1.1,1.0,1.0,2.7,5.0,8.5
6,3,35,751,5.0,10.1,.492,5.0,10.0,.496,0.0,0.1,.000,2.9,6.5,.444,9.6,1.6,1.4,1.5,4.0,7.5,12.9,,90.7,92.9
6,4,35,751,8.3,.486,.492,.008,.643,169,9.2,9.4,9.3,4.9,1.4,2.9,23.3,14.8,,0.1,1.6,1.7,.088,,-2.1,4.1,2.0
7,0,33,428,69,160,.431,22,53,.415,47,107,.439,7,12,.583,25,27,52,21,7,2,20,32,192
7,1,33,13.0,2.1,4.8,.431,0.7,1.6,.415,1.4,3.2,.439,0.2,0.4,.583,1.6,0.6,0.2,0.1,0.6,1.0,5.8
7,2,33,428,6.4,15.0,.431,2.1,5.0,.415,4.4,10.0,.439,0.7,1.1,.583,4.9,2.0,0.7,0.2,1.9,3.0,17.9
7,3,33,428,9.7,22.5,.431,3.1,7.5,.415,6.6,15.1,.439,1.0,1.7,.583,7.3,3.0,1.0,0.3,2.8,4.5,27.1,,115.1,96.6
7,4,33,428,17.5,.579,.578,.669,.075,164,7.2,6.9,7.1,10.6,1.0,0.5,10.8,22.4,,1.1,0.7,1.8,.172,,5.1,-0.7,4.4
8,0,7,9,1,3,.333,1,2,.500,0,1,.000,2,4,.500,0,0,0,0,0,0,1,0,4
8,1,7,1.3,0.1,0.4,.333,0.1,0.3,.500,0.0,0.1,.000,0.3,0.6,.500,0.0,0.0,0.0,0.0,0.1,0.0,0.6
8,2,7,9,4.4,13.3,.333,4.4,8.9,.500,0.0,4.4,.000,8.9,17.8,.500,0.0,0.0,0.0,0.0,4.4,0.0,17.8
8,3,7,9,6.7,20.1,.333,6.7,13.4,.500,0.0,6.7,.000,13.4,26.8,.500,0.0,0.0,0.0,0.0,6.7,0.0,26.8,,75.0,102.7
8,4,7,9,2.0,.408,.333,.333,1.333,3,0.0,0.0,0.0,0.0,0.0,0.0,16.9,33.9,,0.0,0.0,0.0,-.038,,-10.0,-6.0,-15.9
9,0,35,895,120,268,.448,48,82,.585,72,186,.387,54,65,.831,11,83,94,82,18,13,53,39,366
9,1,35,25.6,3.4,7.7,.448,1.4,2.3,.585,2.1,5.3,.387,1.5,1.9,.831,2.7,2.3,0.5,0.4,1.5,1.1,10.5
9,2,35,895,5.4,12.0,.448,2.1,3.7,.585,3.2,8.3,.387,2.4,2.9,.831,4.2,3.7,0.8,0.6,2.4,1.7,16.4
9,3,35,895,8.1,18.1,.448,3.2,5.5,.585,4.9,12.5,.387,3.6,4.4,.831,6.3,5.5,1.2,0.9,3.6,2.6,24.7,,117.8,94.2
9,4,35,895,18.2,.612,.582,.694,.243,331,1.5,10.2,6.1,18.7,1.2,1.7,15.1,20.3,,2.4,1.8,4.1,.185,,5.0,1.5,6.6
10,0,35,588,75,193,.389,47,112,.420,28,81,.346,80,106,.755,8,89,97,62,12,2,54,67,258
10,1,35,16.8,2.1,5.5,.389,1.3,3.2,.420,0.8,2.3,.346,2.3,3.0,.755,2.8,1.8,0.3,0.1,1.5,1.9,7.4
10,2,35,588,5.1,13.1,.389,3.2,7.6,.420,1.9,5.5,.346,5.4,7.2,.755,6.6,4.2,0.8,0.1,3.7,4.6,17.6
10,3,35,588,7.7,19.8,.389,4.8,11.5,.420,2.9,8.3,.346,8.2,10.9,.755,10.0,6.4,1.2,0.2,5.5,6.9,26.5,,103.5,91.4
10,4,35,588,15.4,.530,.461,.420,.549,251,1.7,16.7,9.6,21.3,1.2,0.4,18.2,26.1,,1.0,1.3,2.4,.160,,0.7,1.2,1.9
11,0,34,1014,127,286,.444,88,176,.500,39,110,.355,117,150,.780,26,86,112,142,46,5,75,60,410
11,1,34,29.8,3.7,8.4,.444,2.6,5.2,.500,1.1,3.2,.355,3.4,4.4,.780,3.3,4.2,1.4,0.1,2.2,1.8,12.1
11,2,34,1014,5.0,11.3,.444,3.5,6.9,.500,1.5,4.3,.355,4.6,5.9,.780,4.4,5.6,1.8,0.2,3.0,2.4,16.2
11,3,34,1014,7.6,17.0,.444,5.2,10.5,.500,2.3,6.5,.355,7.0,8.9,.780,6.7,8.4,2.7,0.3,4.5,3.6,24.4,,116.2,91.6
11,4,34,1014,20.1,.574,.512,.385,.524,431,3.2,9.3,6.4,28.1,2.7,0.6,17.4,22.0,,3.0,2.2,5.2,.206,,4.6,2.5,7.1
