0,0,32,854,91,211,.431,25,46,.543,66,165,.400,42,49,.857,21,65,86,30,21,3,31,54,290
0,1,32,26.7,2.8,6.6,.431,0.8,1.4,.543,2.1,5.2,.400,1.3,1.5,.857,2.7,0.9,0.7,0.1,1.0,1.7,9.1
0,2,32,854,4.3,9.9,.431,1.2,2.2,.543,3.1,7.7,.400,2.0,2.3,.857,4.0,1.4,1.0,0.1,1.5,2.5,13.6
0,3,32,854,6.2,14.3,.431,1.7,3.1,.543,4.5,11.2,.400,2.8,3.3,.857,5.8,2.0,1.4,0.2,2.1,3.7,19.7,,122.0,104.9
0,4,32,854,14.5,.619,.588,.782,.232,254,2.9,8.8,5.9,7.2,1.4,0.4,11.7,15.5,,1.9,0.8,2.7,.129,,4.4,-1.0,3.4
1,0,6,13,2,4,.500,0,1,.000,2,3,.667,2,6,.333,0,2,2,0,1,0,2,1,8
1,1,6,2.2,0.3,0.7,.500,0.0,0.2,.000,0.3,0.5,.667,0.3,1.0,.333,0.3,0.0,0.2,0.0,0.3,0.2,1.3
1,2,6,13,6.2,12.3,.500,0.0,3.1,.000,6.2,9.2,.667,6.2,18.5,.333,6.2,0.0,3.1,0.0,6.2,3.1,24.6
1,3,6,13,8.9,17.8,.500,0.0,4.5,.000,8.9,13.4,.667,8.9,26.7,.333,8.9,0.0,4.5,0.0,8.9,4.5,35.6,,84.8,94.5
1,4,6,13,17.2,.584,.750,.750,1.500,6,0.0,17.7,9.0,0.0,4.5,0.0,22.6,34.0,,0.0,0.0,0.0,.051,,-1.7,-5.3,-7.0
2,0,20,211,16,35,.457,15,32,.469,1,3,.333,21,27,.778,12,21,33,5,6,4,11,17,54
2,1,20,10.6,0.8,1.8,.457,0.8,1.6,.469,0.1,0.2,.333,1.1,1.4,.778,1.7,0.3,0.3,0.2,0.6,0.9,2.7
2,2,20,211,3.0,6.6,.457,2.8,6.1,.469,0.2,0.6,.333,4.0,5.1,.778,6.3,0.9,1.1,0.8,2.1,3.2,10.2
2,3,20,211,4.4,9.6,.457,4.1,8.8,.469,0.3,0.8,.333,5.8,7.4,.778,9.1,1.4,1.6,1.1,3.0,4.7,14.8,,108.7,102.3
2,4,20,211,12.3,.565,.471,.086,.771,54,6.7,11.5,9.1,4.6,1.6,2.0,18.7,13.9,,0.3,0.3,0.5,.100,,-1.1,0.5,-0.6
3,0,27,818,173,377,.459,136,275,.495,37,102,.363,128,171,.749,40,130,170,16,11,26,61,60,511
3,1,27,30.3,6.4,14.0,.459,5.0,10.2,.495,1.4,3.8,.363,4.7,6.3,.749,6.3,0.6,0.4,1.0,2.3,2.2,18.9
3,2,27,818,8.5,18.4,.459,6.7,13.4,.495,1.8,5.0,.363,6.3,8.4,.749,8.3,0.8,0.5,1.3,3.0,2.9,25.0
3,3,27,818,12.2,26.7,.459,9.6,19.5,.495,2.6,7.2,.363,9.1,12.1,.749,12.0,1.1,0.8,1.8,4.3,4.2,36.2,,109.4,100.8
3,4,27,818,23.6,.558,.508,.271,.454,440,5.8,18.3,12.1,5.1,0.8,3.4,11.7,31.7,,2.3,1.1,3.4,.166,,1.4,-2.1,-0.7
4,0,10,21,3,7,.429,1,3,.333,2,4,.500,2,3,.667,2,3,5,2,1,0,4,4,10
4,1,10,2.1,0.3,0.7,.429,0.1,0.3,.333,0.2,0.4,.500,0.2,0.3,.667,0.5,0.2,0.1,0.0,0.4,0.4,1.0
4,2,10,21,5.7,13.3,.429,1.9,5.7,.333,3.8,7.6,.500,3.8,5.7,.667,9.5,3.8,1.9,0.0,7.6,7.6,19.0
4,3,10,21,8.3,19.3,.429,2.8,8.3,.333,5.5,11.0,.500,5.5,8.3,.667,13.8,5.5,2.8,0.0,11.0,11.0,27.6,,92.9,98.1
4,4,10,21,15.2,.593,.571,.571,.429,10,11.3,16.4,13.9,21.2,2.8,0.0,32.2,29.5,,0.0,0.0,0.0,.086,,1.3,-0.3,1.0
5,0,33,848,97,256,.379,83,181,.459,14,75,.187,86,128,.672,24,72,96,82,26,4,82,64,294
5,1,33,25.7,2.9,7.8,.379,2.5,5.5,.459,0.4,2.3,.187,2.6,3.9,.672,2.9,2.5,0.8,0.1,2.5,1.9,8.9
5,2,33,848,4.6,12.1,.379,3.9,8.5,.459,0.7,3.5,.187,4.1,6.0,.672,4.5,3.9,1.2,0.2,3.9,3.0,13.9
5,3,33,848,6.6,17.5,.379,5.7,12.4,.459,1.0,5.1,.187,5.9,8.7,.672,6.6,5.6,1.8,0.3,5.6,4.4,20.1,,90.9,103.5
5,4,33,848,10.9,.464,.406,.293,.500,307,3.3,9.8,6.6,20.3,1.8,0.5,20.6,23.5,,0.1,0.9,1.1,.051,,-1.6,-0.6,-2.2
6,0,33,1140,133,306,.435,102,215,.474,31,91,.341,84,118,.712,23,82,105,152,62,3,88,81,381
6,1,33,34.5,4.0,9.3,.435,3.1,6.5,.474,0.9,2.8,.341,2.5,3.6,.712,3.2,4.6,1.9,0.1,2.7,2.5,11.5
6,2,33,1140,4.7,10.7,.435,3.6,7.5,.474,1.1,3.2,.341,2.9,4.1,.712,3.7,5.3,2.2,0.1,3.1,2.8,13.4
6,3,33,1140,6.8,15.5,.435,5.2,10.9,.474,1.6,4.6,.341,4.3,6.0,.712,5.3,7.7,3.1,0.2,4.5,4.1,19.3,,104.8,101.3
6,4,33,1140,15.7,.526,.485,.297,.386,414,2.4,8.3,5.4,28.1,3.1,0.3,19.6,19.7,,1.7,1.5,3.2,.113,,2.2,0.4,2.7
7,0,9,32,1,3,.333,1,3,.333,0,0,,0,2,.000,0,5,5,0,0,2,3,4,2
7,1,9,3.6,0.1,0.3,.333,0.1,0.3,.333,0.0,0.0,,0.0,0.2,.000,0.6,0.0,0.0,0.2,0.3,0.4,0.2
7,2,9,32,1.3,3.8,.333,1.3,3.8,.333,0.0,0.0,,0.0,2.5,.000,6.3,0.0,0.0,2.5,3.8,5.0,2.5
7,3,9,32,1.8,5.4,.333,1.8,5.4,.333,0.0,0.0,,0.0,3.6,.000,9.0,0.0,0.0,3.6,5.4,7.2,3.6,,28.0,100.7
7,4,9,32,-3.1,.253,.333,.000,.667,2,0.0,18.0,9.1,0.0,0.0,6.8,43.2,10.8,,-0.1,0.0,-0.1,-.073,,-12.1,1.6,-10.5
8,0,33,602,58,121,.479,58,120,.483,0,1,.000,68,89,.764,52,92,144,7,18,32,36,106,184
8,1,33,18.2,1.8,3.7,.479,1.8,3.6,.483,0.0,0.0,.000,2.1,2.7,.764,4.4,0.2,0.5,1.0,1.1,3.2,5.6
8,2,33,602,3.9,8.0,.479,3.9,8.0,.483,0.0,0.1,.000,4.5,5.9,.764,9.6,0.5,1.2,2.1,2.4,7.0,12.2
8,3,33,602,5.6,11.6,.479,5.6,11.5,.483,0.0,0.1,.000,6.5,8.6,.764,13.8,0.7,1.7,3.1,3.5,10.2,17.7,,108.9,97.2
8,4,33,602,15.3,.563,.479,.008,.736,185,10.2,17.6,13.9,2.3,1.7,5.7,18.1,16.5,,0.9,1.0,2.0,.130,,-1.3,2.2,0.9
9,0,23,446,53,109,.486,53,109,.486,0,0,,59,114,.518,51,66,117,5,9,12,48,56,165
9,1,23,19.4,2.3,4.7,.486,2.3,4.7,.486,0.0,0.0,,2.6,5.0,.518,5.1,0.2,0.4,0.5,2.1,2.4,7.2
9,2,23,446,4.8,9.8,.486,4.8,9.8,.486,0.0,0.0,,5.3,10.2,.518,10.5,0.4,0.8,1.1,4.3,5.0,14.8
9,3,23,446,6.9,14.1,.486,6.9,14.1,.486,0.0,0.0,,7.7,14.8,.518,15.2,0.6,1.2,1.6,6.2,7.3,21.4,,91.5,100.4
9,4,23,446,13.2,.506,.486,.000,1.046,167,13.5,17.0,15.3,2.4,1.2,2.9,22.7,23.6,,0.1,0.6,0.7,.066,,-3.9,-1.0,-4.9
10,0,33,584,50,134,.373,31,64,.484,19,70,.271,37,51,.725,23,65,88,29,16,9,47,58,156
10,1,33,17.7,1.5,4.1,.373,0.9,1.9,.484,0.6,2.1,.271,1.1,1.5,.725,2.7,0.9,0.5,0.3,1.4,1.8,4.7
10,2,33,584,3.4,9.2,.373,2.1,4.4,.484,1.3,4.8,.271,2.5,3.5,.725,6.0,2.0,1.1,0.6,3.2,4.0,10.7
10,3,33,584,5.0,13.3,.373,3.1,6.3,.484,1.9,6.9,.271,3.7,5.1,.725,8.7,2.9,1.6,0.9,4.7,5.7,15.5,,90.8,102.0
10,4,33,584,9.1,.493,.444,.522,.381,157,4.7,12.8,8.8,9.8,1.6,1.7,22.9,17.5,,0.1,0.7,0.8,.055,,-1.3,0.5,-0.8
11,0,33,908,90,160,.563,78,123,.634,12,37,.324,58,105,.552,74,87,161,71,39,7,55,79,250
11,1,33,27.5,2.7,4.8,.563,2.4,3.7,.634,0.4,1.1,.324,1.8,3.2,.552,4.9,2.2,1.2,0.2,1.7,2.4,7.6
11,2,33,908,4.0,7.0,.563,3.4,5.4,.634,0.5,1.6,.324,2.6,4.6,.552,7.1,3.1,1.7,0.3,2.4,3.5,11.0
11,3,33,908,5.7,10.2,.563,5.0,7.8,.634,0.8,2.4,.324,3.7,6.7,.552,10.3,4.5,2.5,0.4,3.5,5.0,15.9,,114.1,101.2
11,4,33,908,16.2,.596,.600,.231,.656,279,9.6,11.0,10.3,15.9,2.5,0.8,20.8,14.6,,1.7,1.2,2.9,.128,,3.6,2.0,5.5
12,0,24,223,26,57,.456,26,54,.481,0,3,.000,7,16,.438,23,57,80,11,5,22,16,28,59
12,1,24,9.3,1.1,2.4,.456,1.1,2.3,.481,0.0,0.1,.000,0.3,0.7,.438,3.3,0.5,0.2,0.9,0.7,1.2,2.5
12,2,24,223,4.7,10.2,.456,4.7,9.7,.481,0.0,0.5,.000,1.3,2.9,.438,14.3,2.0,0.9,3.9,2.9,5.0,10.6
12,3,24,223,6.7,14.8,.456,6.7,14.0,.481,0.0,0.8,.000,1.8,4.2,.438,20.8,2.9,1.3,5.7,4.2,7.3,15.3,,92.8,91.2
12,4,24,223,17.0,.457,.456,.053,.281,66,12.2,29.4,20.9,10.4,1.3,10.7,19.9,18.0,,0.1,0.5,0.6,.103,,-3.5,6.5,3.0
