0,0,11,51,7,18,.389,7,18,.389,0,0,,2,8,.250,4,10,14,8,4,3,4,9,16
0,1,11,4.6,0.6,1.6,.389,0.6,1.6,.389,0.0,0.0,,0.2,0.7,.250,1.3,0.7,0.4,0.3,0.4,0.8,1.5
0,2,11,51,5.5,14.1,.389,5.5,14.1,.389,0.0,0.0,,1.6,6.3,.250,11.0,6.3,3.1,2.4,3.1,7.1,12.5
0,3,11,51,7.6,19.4,.389,7.6,19.4,.389,0.0,0.0,,2.2,8.6,.250,15.1,8.6,4.3,3.2,4.3,9.7,17.3,,84.1,91.4
0,4,11,51,16.3,.367,.389,.000,.444,19,8.8,22.2,15.5,32.1,4.3,5.9,15.5,24.1,,0.0,0.1,0.1,.065,,-4.4,3.4,-1.0
1,0,25,354,24,63,.381,9,19,.474,15,44,.341,4,5,.800,8,20,28,11,9,0,27,26,67
1,1,25,14.2,1.0,2.5,.381,0.4,0.8,.474,0.6,1.8,.341,0.2,0.2,.800,1.1,0.4,0.4,0.0,1.1,1.0,2.7
1,2,25,354,2.7,7.1,.381,1.0,2.1,.474,1.7,5.0,.341,0.5,0.6,.800,3.2,1.2,1.0,0.0,3.1,2.9,7.6
1,3,25,354,3.7,9.8,.381,1.4,3.0,.474,2.3,6.8,.341,0.6,0.8,.800,4.4,1.7,1.4,0.0,4.2,4.0,10.4,,79.8,107.7
1,4,25,354,4.1,.512,.500,.698,.079,62,2.5,6.4,4.5,5.6,1.4,0.0,29.2,12.4,,-0.2,0.2,0.0,.003,,-4.9,-3.8,-8.8
2,0,14,372,37,112,.330,29,72,.403,8,40,.200,26,33,.788,20,34,54,17,26,6,40,24,108
2,1,14,26.6,2.6,8.0,.330,2.1,5.1,.403,0.6,2.9,.200,1.9,2.4,.788,3.9,1.2,1.9,0.4,2.9,1.7,7.7
2,2,14,372,4.0,12.0,.330,3.1,7.7,.403,0.9,4.3,.200,2.8,3.5,.788,5.8,1.8,2.8,0.6,4.3,2.6,11.6
2,3,14,372,5.5,16.6,.330,4.3,10.7,.403,1.2,5.9,.200,3.8,4.9,.788,8.0,2.5,3.8,0.9,5.9,3.6,16.0,,77.3,100.0
2,4,14,372,9.0,.423,.366,.357,.295,109,6.0,10.3,8.2,8.7,3.8,1.6,23.9,21.4,,-0.4,0.5,0.1,.007,,-5.7,-0.9,-6.6
3,0,26,718,150,278,.540,146,271,.539,4,7,.571,65,87,.747,19,63,82,7,25,8,40,52,369
3,1,26,27.6,5.8,10.7,.540,5.6,10.4,.539,0.2,0.3,.571,2.5,3.3,.747,3.2,0.3,1.0,0.3,1.5,2.0,14.2
3,2,26,718,8.4,15.5,.540,8.1,15.1,.539,0.2,0.4,.571,3.6,4.8,.747,4.6,0.4,1.4,0.4,2.2,2.9,20.6
3,3,26,718,11.5,21.3,.540,11.2,20.8,.539,0.3,0.5,.571,5.0,6.7,.747,6.3,0.5,1.9,0.6,3.1,4.0,28.3,,108.9,104.6
3,4,26,718,18.6,.578,.547,.025,.313,302,3.0,9.9,6.4,2.3,1.9,1.1,11.1,23.8,,1.5,0.6,2.2,.121,,-2.1,-4.7,-6.8
4,0,25,225,18,45,.400,15,29,.517,3,16,.188,5,6,.833,9,13,22,20,11,5,12,22,44
4,1,25,9.0,0.7,1.8,.400,0.6,1.2,.517,0.1,0.6,.188,0.2,0.2,.833,0.9,0.8,0.4,0.2,0.5,0.9,1.8
4,2,25,225,3.2,8.0,.400,2.7,5.2,.517,0.5,2.8,.188,0.9,1.1,.833,3.9,3.6,2.0,0.9,2.1,3.9,7.8
4,3,25,225,4.4,11.0,.400,3.7,7.1,.517,0.7,3.9,.188,1.2,1.5,.833,5.4,4.9,2.7,1.2,2.9,5.4,10.8,,94.1,103.6
4,4,25,225,9.9,.460,.433,.356,.133,50,4.5,6.5,5.5,16.3,2.7,2.2,20.1,12.7,,0.1,0.2,0.3,.054,,-3.7,-1.8,-5.5
5,0,26,445,58,115,.504,58,113,.513,0,2,.000,24,48,.500,25,73,98,24,24,5,29,86,140
5,1,26,17.1,2.2,4.4,.504,2.2,4.3,.513,0.0,0.1,.000,0.9,1.8,.500,3.8,0.9,0.9,0.2,1.1,3.3,5.4
5,2,26,445,5.2,10.3,.504,5.2,10.2,.513,0.0,0.2,.000,2.2,4.3,.500,8.8,2.2,2.2,0.4,2.6,7.7,12.6
5,3,26,445,7.2,14.2,.504,7.2,14.0,.513,0.0,0.2,.000,3.0,5.9,.500,12.1,3.0,3.0,0.6,3.6,10.6,17.3,,96.3,97.9
5,4,26,445,13.0,.508,.504,.017,.417,137,6.3,18.5,12.4,10.9,3.0,1.1,17.4,17.8,,0.3,0.7,1.0,.088,,-3.8,-1.0,-4.7
6,0,26,559,80,153,.523,79,152,.520,1,1,1.000,64,105,.610,53,79,132,20,24,24,55,71,225
6,1,26,21.5,3.1,5.9,.523,3.0,5.8,.520,0.0,0.0,1.000,2.5,4.0,.610,5.1,0.8,0.9,0.9,2.1,2.7,8.7
6,2,26,559,5.7,10.9,.523,5.7,10.9,.520,0.1,0.1,1.000,4.6,7.5,.610,9.4,1.4,1.7,1.7,3.9,5.1,16.1
6,3,26,559,7.9,15.1,.523,7.8,15.0,.520,0.1,0.1,1.000,6.3,10.3,.610,13.0,2.0,2.4,2.4,5.4,7.0,22.2,,98.6,99.3
6,4,26,559,17.4,.555,.526,.007,.686,219,10.6,16.0,13.3,7.4,2.4,4.3,21.3,21.9,,0.6,0.8,1.4,.100,,-3.1,-0.5,-3.6
7,0,25,289,36,107,.336,16,42,.381,20,65,.308,11,21,.524,7,26,33,9,6,7,22,22,103
7,1,25,11.6,1.4,4.3,.336,0.6,1.7,.381,0.8,2.6,.308,0.4,0.8,.524,1.3,0.4,0.2,0.3,0.9,0.9,4.1
7,2,25,289,5.0,14.8,.336,2.2,5.8,.381,2.8,9.0,.308,1.5,2.9,.524,4.6,1.2,0.8,1.0,3.0,3.0,14.3
7,3,25,289,6.9,20.4,.336,3.0,8.0,.381,3.8,12.4,.308,2.1,4.0,.524,6.3,1.7,1.1,1.3,4.2,4.2,19.6,,83.1,105.5
7,4,25,289,7.8,.440,.430,.607,.196,91,2.7,10.2,6.4,6.2,1.1,2.4,15.8,22.9,,-0.2,0.2,0.1,.010,,-5.3,-5.0,-10.2
8,0,2,4,0,1,.000,0,0,,0,1,.000,0,0,,0,1,1,0,0,0,0,0,0
8,1,2,2.0,0.0,0.5,.000,0.0,0.0,,0.0,0.5,.000,0.0,0.0,,0.5,0.0,0.0,0.0,0.0,0.0,0.0
8,2,2,4,0.0,10.0,.000,0.0,0.0,,0.0,10.0,.000,0.0,0.0,,10.0,0.0,0.0,0.0,0.0,0.0,0.0
8,3,2,4,0.0,13.8,.000,0.0,0.0,,0.0,13.8,.000,0.0,0.0,,13.8,0.0,0.0,0.0,0.0,0.0,0.0,,0.0,102.1
8,4,2,4,-5.7,.000,.000,1.000,.000,0,0.0,28.3,14.1,0.0,0.0,0.0,0.0,11.9,,0.0,0.0,0.0,-.116,,-14.7,-8.2,-22.9
9,0,26,311,42,87,.483,42,87,.483,0,0,,44,55,.800,44,80,124,4,11,15,28,51,128
9,1,26,12.0,1.6,3.3,.483,1.6,3.3,.483,0.0,0.0,,1.7,2.1,.800,4.8,0.2,0.4,0.6,1.1,2.0,4.9
9,2,26,311,5.4,11.2,.483,5.4,11.2,.483,0.0,0.0,,5.7,7.1,.800,15.9,0.5,1.4,1.9,3.6,6.6,16.5
9,3,26,311,7.4,15.4,.483,7.4,15.4,.483,0.0,0.0,,7.8,9.7,.800,22.0,0.7,1.9,2.7,5.0,9.0,22.7,,105.5,94.3
9,4,26,311,20.8,.566,.483,.000,.632,129,15.9,29.1,22.5,2.6,1.9,4.9,19.8,21.6,,0.6,0.6,1.2,.148,,-4.4,-2.5,-6.9
10,0,8,50,10,21,.476,7,14,.500,3,7,.429,5,6,.833,5,8,13,1,2,0,4,3,28
10,1,8,6.3,1.3,2.6,.476,0.9,1.8,.500,0.4,0.9,.429,0.6,0.8,.833,1.6,0.1,0.3,0.0,0.5,0.4,3.5
10,2,8,50,8.0,16.8,.476,5.6,11.2,.500,2.4,5.6,.429,4.0,4.8,.833,10.4,0.8,1.6,0.0,3.2,2.4,22.4
10,3,8,50,11.0,23.1,.476,7.7,15.4,.500,3.3,7.7,.429,5.5,6.6,.833,14.3,1.1,2.2,0.0,4.4,3.3,30.8,,109.3,101.1
10,4,8,50,23.2,.587,.548,.333,.286,24,11.2,18.1,14.6,4.7,2.2,0.0,14.4,26.5,,0.1,0.1,0.2,.150,,-0.2,-6.3,-6.4
11,0,1,2,0,0,,0,0,,0,0,,0,0,,0,0,0,0,0,0,1,0,0
11,1,1,2.0,0.0,0.0,,0.0,0.0,,0.0,0.0,,0.0,0.0,,0.0,0.0,0.0,0.0,1.0,0.0,0.0
11,2,1,2,0.0,0.0,,0.0,0.0,,0.0,0.0,,0.0,0.0,,0.0,0.0,0.0,0.0,20.0,0.0,0.0
11,3,1,2,0.0,0.0,,0.0,0.0,,0.0,0.0,,0.0,0.0,,0.0,0.0,0.0,0.0,27.5,0.0,0.0,,0.0,113.8
11,4,1,2,-28.8,,,,,0,0.0,0.0,0.0,0.0,0.0,0.0,100.0,23.8,,0.0,0.0,0.0,-.481,,-29.4,-2.4,-31.8
12,0,26,450,52,143,.364,38,93,.409,14,50,.280,16,25,.640,14,36,50,21,19,1,38,32,134
12,1,26,17.3,2.0,5.5,.364,1.5,3.6,.409,0.5,1.9,.280,0.6,1.0,.640,1.9,0.8,0.7,0.0,1.5,1.2,5.2
12,2,26,450,4.6,12.7,.364,3.4,8.3,.409,1.2,4.4,.280,1.4,2.2,.640,4.4,1.9,1.7,0.1,3.4,2.8,11.9
12,3,26,450,6.4,17.5,.364,4.7,11.4,.409,1.7,6.1,.280,2.0,3.1,.640,6.1,2.6,2.3,0.1,4.7,3.9,16.4,,80.3,104.4
12,4,26,450,7.3,.433,.413,.350,.175,127,3.5,9.0,6.3,9.2,2.3,0.2,19.7,20.4,,-0.4,0.4,0.1,.005,,-5.8,-3.7,-9.5
13,0,24,603,56,142,.394,37,85,.435,19,57,.333,18,36,.500,20,50,70,35,27,0,48,57,149
13,1,24,25.1,2.3,5.9,.394,1.5,3.5,.435,0.8,2.4,.333,0.8,1.5,.500,2.9,1.5,1.1,0.0,2.0,2.4,6.2
13,2,24,603,3.7,9.4,.394,2.5,5.6,.435,1.3,3.8,.333,1.2,2.4,.500,4.6,2.3,1.8,0.0,3.2,3.8,9.9
13,3,24,603,5.1,13.0,.394,3.4,7.8,.435,1.7,5.2,.333,1.6,3.3,.500,6.4,3.2,2.5,0.0,4.4,5.2,13.6,,83.8,104.0
13,4,24,603,7.5,.468,.461,.401,.254,148,3.7,9.4,6.5,10.9,2.5,0.0,23.2,16.3,,-0.2,0.6,0.3,.023,,-4.2,-2.5,-6.6
14,0,26,790,90,213,.423,87,191,.455,3,22,.136,79,116,.681,16,65,81,172,34,0,104,69,262
14,1,26,30.4,3.5,8.2,.423,3.3,7.3,.455,0.1,0.8,.136,3.0,4.5,.681,3.1,6.6,1.3,0.0,4.0,2.7,10.1
14,2,26,790,4.6,10.8,.423,4.4,9.7,.455,0.2,1.1,.136,4.0,5.9,.681,4.1,8.7,1.7,0.0,5.3,3.5,13.3
14,3,26,790,6.3,14.9,.423,6.1,13.3,.455,0.2,1.5,.136,5.5,8.1,.681,5.6,12.0,2.4,0.0,7.3,4.8,18.3,,91.7,104.2
14,4,26,790,13.4,.489,.430,.103,.545,320,2.3,9.3,5.8,42.6,2.4,0.0,27.9,22.4,,0.3,0.7,1.0,.052,,-3.2,-4.3,-7.5
15,0,6,27,2,3,.667,2,3,.667,0,0,,5,6,.833,1,5,6,2,1,1,2,2,9
15,1,6,4.5,0.3,0.5,.667,0.3,0.5,.667,0.0,0.0,,0.8,1.0,.833,1.0,0.3,0.2,0.2,0.3,0.3,1.5
15,2,6,27,3.0,4.4,.667,3.0,4.4,.667,0.0,0.0,,7.4,8.9,.833,8.9,3.0,1.5,1.5,3.0,3.0,13.3
15,3,6,27,4.1,6.1,.667,4.1,6.1,.667,0.0,0.0,,10.2,12.2,.833,12.2,4.1,2.0,2.0,4.1,4.1,18.4,,128.3,98.5
15,4,6,27,20.4,.769,.667,.000,2.000,9,4.2,20.9,12.5,13.4,2.0,3.7,25.5,13.8,,0.1,0.0,0.1,.173,,-1.7,-0.4,-2.1
16,0,10,54,4,10,.400,3,8,.375,1,2,.500,0,0,,0,4,4,1,1,0,1,4,9
16,1,10,5.4,0.4,1.0,.400,0.3,0.8,.375,0.1,0.2,.500,0.0,0.0,,0.4,0.1,0.1,0.0,0.1,0.4,0.9
16,2,10,54,3.0,7.4,.400,2.2,5.9,.375,0.7,1.5,.500,0.0,0.0,,3.0,0.7,0.7,0.0,0.7,3.0,6.7
16,3,10,54,4.1,10.2,.400,3.1,8.2,.375,1.0,2.0,.500,0.0,0.0,,4.1,1.0,1.0,0.0,1.0,4.1,9.2,,90.9,107.7
16,4,10,54,4.6,.450,.450,.200,.000,8,0.0,8.4,4.2,3.4,1.0,0.0,9.1,9.7,,0.0,0.0,0.0,.028,,-6.4,-4.2,-10.6
17,0,2,21,0,2,.000,0,0,,0,2,.000,0,0,,0,1,1,7,0,0,4,1,0
17,1,2,10.5,0.0,1.0,.000,0.0,0.0,,0.0,1.0,.000,0.0,0.0,,0.5,3.5,0.0,0.0,2.0,0.5,0.0
17,2,2,21,0.0,3.8,.000,0.0,0.0,,0.0,3.8,.000,0.0,0.0,,1.9,13.3,0.0,0.0,7.6,1.9,0.0
17,3,2,21,0.0,5.2,.000,0.0,0.0,,0.0,5.2,.000,0.0,0.0,,2.6,18.4,0.0,0.0,10.5,2.6,0.0,,47.3,111.3
17,4,2,21,-1.9,.000,.000,1.000,.000,3,0.0,5.4,2.7,53.3,0.0,0.0,66.7,13.6,,-0.1,0.0,-0.1,-.137,,-15.1,-11.6,-26.7
