0,0,33,665,98,206,.476,58,87,.667,40,119,.336,26,45,.578,47,104,151,24,18,4,23,97,262
0,1,33,20.2,3.0,6.2,.476,1.8,2.6,.667,1.2,3.6,.336,0.8,1.4,.578,4.6,0.7,0.5,0.1,0.7,2.9,7.9
0,2,33,665,5.9,12.4,.476,3.5,5.2,.667,2.4,7.2,.336,1.6,2.7,.578,9.1,1.4,1.1,0.2,1.4,5.8,15.8
0,3,33,665,8.6,18.0,.476,5.1,7.6,.667,3.5,10.4,.336,2.3,3.9,.578,13.2,2.1,1.6,0.3,2.0,8.5,22.9,,119.3,103.5
0,4,33,665,18.2,.576,.573,.578,.218,240,7.5,18.6,12.7,7.6,1.6,0.7,9.2,18.6,,1.8,0.7,2.4,.147,,3.3,-1.8,1.5
1,0,6,58,7,14,.500,7,14,.500,0,0,,5,9,.556,8,9,17,2,1,2,2,9,19
1,1,6,9.7,1.2,2.3,.500,1.2,2.3,.500,0.0,0.0,,0.8,1.5,.556,2.8,0.3,0.2,0.3,0.3,1.5,3.2
1,2,6,58,4.8,9.7,.500,4.8,9.7,.500,0.0,0.0,,3.4,6.2,.556,11.7,1.4,0.7,1.4,1.4,6.2,13.1
1,3,6,58,7.0,14.0,.500,7.0,14.0,.500,0.0,0.0,,5.0,9.0,.556,17.0,2.0,1.0,2.0,2.0,9.0,19.0,,117.1,103.3
1,4,6,58,18.5,.520,.500,.000,.643,21,14.6,18.5,16.4,6.8,1.0,4.0,9.9,17.2,,0.1,0.1,0.2,.142,,-0.5,-0.3,-0.8
2,0,33,1253,176,438,.402,120,269,.446,56,169,.331,138,171,.807,23,108,131,163,63,14,89,55,546
2,1,33,38.0,5.3,13.3,.402,3.6,8.2,.446,1.7,5.1,.331,4.2,5.2,.807,4.0,4.9,1.9,0.4,2.7,1.7,16.5
2,2,33,1253,5.6,14.0,.402,3.8,8.6,.446,1.8,5.4,.331,4.4,5.5,.807,4.2,5.2,2.0,0.4,2.8,1.8,17.4
2,3,33,1253,8.2,20.3,.402,5.6,12.5,.446,2.6,7.8,.331,6.4,7.9,.807,6.1,7.6,2.9,0.6,4.1,2.5,25.3,,109.6,104.2
2,4,33,1253,20.1,.526,.466,.386,.390,560,1.9,10.3,5.9,26.9,2.9,1.3,14.6,23.9,,3.1,1.2,4.3,.136,,3.4,-0.3,3.1
3,0,6,5,0,1,.000,0,1,.000,0,0,,1,2,.500,0,1,1,1,0,0,0,2,1
3,1,6,0.8,0.0,0.2,.000,0.0,0.2,.000,0.0,0.0,,0.2,0.3,.500,0.2,0.2,0.0,0.0,0.0,0.3,0.2
3,2,6,5,0.0,8.0,.000,0.0,8.0,.000,0.0,0.0,,8.0,16.0,.500,8.0,8.0,0.0,0.0,0.0,16.0,8.0
3,3,6,5,0.0,11.6,.000,0.0,11.6,.000,0.0,0.0,,11.6,23.2,.500,11.6,11.6,0.0,0.0,0.0,23.2,11.6,,87.2,103.7
3,4,6,5,3.0,.256,.000,.000,2.000,1,0.0,23.8,11.2,32.0,0.0,0.0,0.0,19.2,,0.0,0.0,0.0,.034,,-6.4,-2.8,-9.3
4,0,2,3,0,0,,0,0,,0,0,,0,0,,0,0,0,0,0,0,0,1,0
4,1,2,1.5,0.0,0.0,,0.0,0.0,,0.0,0.0,,0.0,0.0,,0.0,0.0,0.0,0.0,0.0,0.5,0.0
4,2,2,3,0.0,0.0,,0.0,0.0,,0.0,0.0,,0.0,0.0,,0.0,0.0,0.0,0.0,0.0,13.3,0.0
4,3,2,3,0.0,0.0,,0.0,0.0,,0.0,0.0,,0.0,0.0,,0.0,0.0,0.0,0.0,0.0,19.4,0.0,,,113.8
4,4,2,3,-5.8,,,,,0,0.0,0.0,0.0,0.0,0.0,0.0,,0.0,,0.0,0.0,0.0,.000,,-5.1,-0.6,-5.7
5,0,31,882,82,214,.383,27,44,.614,55,170,.324,36,54,.667,8,48,56,45,36,1,28,73,255
5,1,31,28.5,2.6,6.9,.383,0.9,1.4,.614,1.8,5.5,.324,1.2,1.7,.667,1.8,1.5,1.2,0.0,0.9,2.4,8.2
5,2,31,882,3.7,9.7,.383,1.2,2.0,.614,2.5,7.7,.324,1.6,2.4,.667,2.5,2.0,1.6,0.0,1.3,3.3,11.6
5,3,31,882,5.4,14.1,.383,1.8,2.9,.614,3.6,11.2,.324,2.4,3.6,.667,3.7,3.0,2.4,0.1,1.8,4.8,16.8,,110.2,107.3
5,4,31,882,11.6,.532,.512,.794,.252,232,1.0,6.5,3.6,9.6,2.4,0.1,10.5,15.0,,1.3,0.6,1.9,.085,,2.0,-1.5,0.5
6,0,31,419,34,96,.354,22,59,.373,12,37,.324,23,35,.657,29,28,57,17,12,3,21,45,103
6,1,31,13.5,1.1,3.1,.354,0.7,1.9,.373,0.4,1.2,.324,0.7,1.1,.657,1.8,0.5,0.4,0.1,0.7,1.5,3.3
6,2,31,419,3.2,9.2,.354,2.1,5.6,.373,1.1,3.5,.324,2.2,3.3,.657,5.4,1.6,1.1,0.3,2.0,4.3,9.8
6,3,31,419,4.7,13.3,.354,3.0,8.2,.373,1.7,5.1,.324,3.2,4.8,.657,7.9,2.4,1.7,0.4,2.9,6.2,14.3,,97.5,107.8
6,4,31,419,9.3,.457,.417,.385,.365,110,7.3,8.0,7.6,7.5,1.7,0.8,15.7,15.7,,0.3,0.2,0.5,.051,,-1.7,-1.4,-3.1
7,0,29,1053,167,379,.441,133,271,.491,34,108,.315,173,218,.794,34,84,118,43,33,7,64,69,541
7,1,29,36.3,5.8,13.1,.441,4.6,9.3,.491,1.2,3.7,.315,6.0,7.5,.794,4.1,1.5,1.1,0.2,2.2,2.4,18.7
7,2,29,1053,6.3,14.4,.441,5.1,10.3,.491,1.3,4.1,.315,6.6,8.3,.794,4.5,1.6,1.3,0.3,2.4,2.6,20.6
7,3,29,1053,9.2,20.9,.441,7.3,14.9,.491,1.9,6.0,.315,9.5,12.0,.794,6.5,2.4,1.8,0.4,3.5,3.8,29.8,,113.1,107.1
7,4,29,1053,20.0,.561,.485,.285,.575,488,3.4,9.5,6.3,8.8,1.8,0.8,11.7,25.6,,3.0,0.7,3.7,.141,,2.5,-2.2,0.3
8,0,32,635,52,141,.369,52,139,.374,0,2,.000,24,55,.436,53,53,106,78,38,1,67,69,128
8,1,32,19.8,1.6,4.4,.369,1.6,4.3,.374,0.0,0.1,.000,0.8,1.7,.436,3.3,2.4,1.2,0.0,2.1,2.2,4.0
8,2,32,635,3.3,8.9,.369,3.3,8.8,.374,0.0,0.1,.000,1.5,3.5,.436,6.7,4.9,2.4,0.1,4.2,4.3,8.1
8,3,32,635,4.8,12.9,.369,4.8,12.7,.374,0.0,0.2,.000,2.2,5.0,.436,9.7,7.1,3.5,0.1,6.1,6.3,11.7,,81.0,103.2
8,4,32,635,9.1,.383,.369,.014,.390,178,8.8,9.9,9.3,22.6,3.5,0.2,28.6,18.2,,-0.5,0.7,0.2,.011,,-3.9,1.1,-2.8
9,0,33,999,127,310,.410,83,178,.466,44,132,.333,75,111,.676,64,133,197,40,35,17,42,94,373
9,1,33,30.3,3.8,9.4,.410,2.5,5.4,.466,1.3,4.0,.333,2.3,3.4,.676,6.0,1.2,1.1,0.5,1.3,2.8,11.3
9,2,33,999,5.1,12.4,.410,3.3,7.1,.466,1.8,5.3,.333,3.0,4.4,.676,7.9,1.6,1.4,0.7,1.7,3.8,14.9
9,3,33,999,7.4,18.0,.410,4.8,10.3,.466,2.6,7.7,.333,4.4,6.5,.676,11.4,2.3,2.0,1.0,2.4,5.5,21.7,,109.7,103.3
9,4,33,999,17.0,.514,.481,.426,.358,359,6.8,15.8,11.0,8.0,2.0,2.0,10.4,20.0,,2.0,1.0,3.0,.120,,1.4,-0.2,1.2
10,0,28,263,31,52,.596,31,52,.596,0,0,,5,19,.263,28,39,67,4,7,15,12,52,67
10,1,28,9.4,1.1,1.9,.596,1.1,1.9,.596,0.0,0.0,,0.2,0.7,.263,2.4,0.1,0.3,0.5,0.4,1.9,2.4
10,2,28,263,4.7,7.9,.596,4.7,7.9,.596,0.0,0.0,,0.8,2.9,.263,10.2,0.6,1.1,2.3,1.8,7.9,10.2
10,3,28,263,6.8,11.5,.596,6.8,11.5,.596,0.0,0.0,,1.1,4.2,.263,14.8,0.9,1.5,3.3,2.6,11.5,14.8,,106.6,101.0
10,4,28,263,14.4,.549,.596,.000,.365,68,11.3,17.6,14.3,3.0,1.5,6.6,16.4,13.7,,0.3,0.3,0.7,.100,,-2.4,1.8,-0.5
11,0,25,466,63,131,.481,63,130,.485,0,1,.000,15,35,.429,55,72,127,7,19,25,25,86,141
11,1,25,18.6,2.5,5.2,.481,2.5,5.2,.485,0.0,0.0,.000,0.6,1.4,.429,5.1,0.3,0.8,1.0,1.0,3.4,5.6
11,2,25,466,5.4,11.2,.481,5.4,11.2,.485,0.0,0.1,.000,1.3,3.0,.429,10.9,0.6,1.6,2.1,2.1,7.4,12.1
11,3,25,466,7.8,16.3,.481,7.8,16.2,.485,0.0,0.1,.000,1.9,4.4,.429,15.8,0.9,2.4,3.1,3.1,10.7,17.6,,98.9,99.1
11,4,25,466,15.4,.478,.481,.008,.267,145,12.5,18.4,15.3,3.1,2.4,6.2,14.5,18.3,,0.4,0.7,1.1,.095,,-3.0,2.0,-1.1
