0,0,28,987,137,310,.442,136,302,.450,1,8,.125,73,125,.584,78,108,186,23,27,31,71,72,348
0,1,28,35.3,4.9,11.1,.442,4.9,10.8,.450,0.0,0.3,.125,2.6,4.5,.584,6.6,0.8,1.0,1.1,2.5,2.6,12.4
0,2,28,987,5.6,12.6,.442,5.5,12.2,.450,0.0,0.3,.125,3.0,5.1,.584,7.5,0.9,1.1,1.3,2.9,2.9,14.1
0,3,28,987,8.1,18.3,.442,8.0,17.8,.450,0.1,0.5,.125,4.3,7.4,.584,11.0,1.4,1.6,1.8,4.2,4.3,20.6,,90.8,104.4
0,4,28,987,13.7,.471,.444,.026,.403,333,8.1,12.4,10.2,6.1,1.6,3.2,16.1,22.3,,0.1,1.0,1.1,.047,,-4.3,-0.4,-4.6
1,0,32,616,48,109,.440,48,108,.444,0,1,.000,30,54,.556,46,65,111,8,11,38,36,99,126
1,1,32,19.3,1.5,3.4,.440,1.5,3.4,.444,0.0,0.0,.000,0.9,1.7,.556,3.5,0.3,0.3,1.2,1.1,3.1,3.9
1,2,32,616,3.1,7.1,.440,3.1,7.0,.444,0.0,0.1,.000,1.9,3.5,.556,7.2,0.5,0.7,2.5,2.3,6.4,8.2
1,3,32,616,4.5,10.3,.440,4.5,10.2,.444,0.0,0.1,.000,2.8,5.1,.556,10.5,0.8,1.0,3.6,3.4,9.4,11.9,,87.3,104.1
1,4,32,616,8.8,.468,.440,.009,.495,129,7.7,12.0,9.7,3.0,1.0,6.4,21.1,13.8,,-0.1,0.6,0.6,.036,,-6.5,1.4,-5.1
2,0,31,573,57,184,.310,32,93,.344,25,91,.275,21,35,.600,29,53,82,9,18,10,26,75,160
2,1,31,18.5,1.8,5.9,.310,1.0,3.0,.344,0.8,2.9,.275,0.7,1.1,.600,2.6,0.3,0.6,0.3,0.8,2.4,5.2
2,2,31,573,4.0,12.8,.310,2.2,6.5,.344,1.7,6.4,.275,1.5,2.4,.600,5.7,0.6,1.3,0.7,1.8,5.2,11.2
2,3,31,573,5.8,18.7,.310,3.3,9.5,.344,2.5,9.3,.275,2.1,3.6,.600,8.3,0.9,1.8,1.0,2.6,7.6,16.3,,83.1,105.1
2,4,31,573,7.2,.399,.378,.495,.190,150,5.2,10.5,7.7,3.8,1.8,1.8,11.5,19.7,,-0.3,0.5,0.2,.015,,-5.0,-2.5,-7.5
3,0,32,1093,129,360,.358,52,136,.382,77,224,.344,43,62,.694,13,84,97,73,37,2,62,86,378
3,1,32,34.2,4.0,11.3,.358,1.6,4.3,.382,2.4,7.0,.344,1.3,1.9,.694,3.0,2.3,1.2,0.1,1.9,2.7,11.8
3,2,32,1093,4.7,13.2,.358,1.9,5.0,.382,2.8,8.2,.344,1.6,2.3,.694,3.5,2.7,1.4,0.1,2.3,3.1,13.8
3,3,32,1093,6.9,19.2,.358,2.8,7.3,.382,4.1,11.9,.344,2.3,3.3,.694,5.2,3.9,2.0,0.1,3.3,4.6,20.2,,95.8,106.6
3,4,32,1093,11.4,.485,.465,.622,.172,349,1.2,8.7,4.8,16.7,2.0,0.2,13.7,20.6,,0.7,0.9,1.5,.056,,-0.2,-2.6,-2.8
4,0,9,19,1,4,.250,1,3,.333,0,1,.000,1,1,1.000,2,3,5,0,0,0,0,4,3
4,1,9,2.1,0.1,0.4,.250,0.1,0.3,.333,0.0,0.1,.000,0.1,0.1,1.000,0.6,0.0,0.0,0.0,0.0,0.4,0.3
4,2,9,19,2.1,8.4,.250,2.1,6.3,.333,0.0,2.1,.000,2.1,2.1,1.000,10.5,0.0,0.0,0.0,0.0,8.4,6.3
4,3,9,19,3.1,12.3,.250,3.1,9.2,.333,0.0,3.1,.000,3.1,3.1,1.000,15.3,0.0,0.0,0.0,0.0,12.3,9.2,,95.5,105.6
4,4,9,19,5.5,.335,.250,.250,.250,4,10.8,17.9,14.2,0.0,0.0,0.0,0.0,11.8,,0.0,0.0,0.0,.049,,-7.8,-7.1,-14.8
5,0,11,6,0,2,.000,0,0,,0,2,.000,0,0,,1,0,1,0,0,0,0,1,0
5,1,11,0.5,0.0,0.2,.000,0.0,0.0,,0.0,0.2,.000,0.0,0.0,,0.1,0.0,0.0,0.0,0.0,0.1,0.0
5,2,11,6,0.0,13.3,.000,0.0,0.0,,0.0,13.3,.000,0.0,0.0,,6.7,0.0,0.0,0.0,0.0,6.7,0.0
5,3,11,6,0.0,19.4,.000,0.0,0.0,,0.0,19.4,.000,0.0,0.0,,9.7,0.0,0.0,0.0,0.0,9.7,0.0,,28.6,114.9
5,4,11,6,-9.9,.000,.000,1.000,.000,0,17.1,0.0,9.0,0.0,0.0,0.0,0.0,16.6,,0.0,0.0,0.0,-.181,,-9.8,-8.7,-18.5
6,0,31,708,55,180,.306,40,113,.354,15,67,.224,58,79,.734,37,73,110,26,22,9,50,80,183
6,1,31,22.8,1.8,5.8,.306,1.3,3.6,.354,0.5,2.2,.224,1.9,2.5,.734,3.5,0.8,0.7,0.3,1.6,2.6,5.9
6,2,31,708,3.1,10.2,.306,2.3,6.4,.354,0.8,3.8,.224,3.3,4.5,.734,6.2,1.5,1.2,0.5,2.8,4.5,10.3
6,3,31,708,4.5,14.8,.306,3.3,9.3,.354,1.2,5.5,.224,4.8,6.5,.734,9.1,2.1,1.8,0.7,4.1,6.6,15.1,,83.1,104.8
6,4,31,708,7.6,.421,.347,.372,.439,185,5.4,11.7,8.4,8.3,1.8,1.3,18.7,18.9,,-0.4,0.7,0.3,.016,,-5.2,-1.3,-6.5
7,0,3,104,13,39,.333,7,16,.438,6,23,.261,18,23,.783,3,10,13,3,2,1,6,8,50
7,1,3,34.7,4.3,13.0,.333,2.3,5.3,.438,2.0,7.7,.261,6.0,7.7,.783,4.3,1.0,0.7,0.3,2.0,2.7,16.7
7,2,3,104,5.0,15.0,.333,2.7,6.2,.438,2.3,8.8,.261,6.9,8.8,.783,5.0,1.2,0.8,0.4,2.3,3.1,19.2
7,3,3,104,7.3,21.9,.333,3.9,9.0,.438,3.4,12.9,.261,10.1,12.9,.783,7.3,1.7,1.1,0.6,3.4,4.5,28.0,,102.3,107.1
7,4,3,104,15.4,.501,.410,.590,.590,45,3.0,10.9,6.7,7.3,1.1,1.0,10.7,26.8,,0.2,0.1,0.2,.092,,-0.4,-5.1,-5.5
8,0,32,718,50,155,.323,38,86,.442,12,69,.174,41,64,.641,21,75,96,39,30,4,59,64,153
8,1,32,22.4,1.6,4.8,.323,1.2,2.7,.442,0.4,2.2,.174,1.3,2.0,.641,3.0,1.2,0.9,0.1,1.8,2.0,4.8
8,2,32,718,2.8,8.6,.323,2.1,4.8,.442,0.7,3.8,.174,2.3,3.6,.641,5.3,2.2,1.7,0.2,3.3,3.6,8.5
8,3,32,718,4.1,12.6,.323,3.1,7.0,.442,1.0,5.6,.174,3.3,5.2,.641,7.8,3.2,2.4,0.3,4.8,5.2,12.4,,75.8,103.8
8,4,32,718,6.2,.413,.361,.445,.413,158,3.0,11.9,7.2,12.1,2.4,0.6,24.1,17.0,,-0.8,0.8,0.0,-.002,,-5.8,-0.7,-6.5
9,0,29,1081,127,347,.366,89,201,.443,38,146,.260,155,221,.701,48,96,144,147,98,2,105,57,447
9,1,29,37.3,4.4,12.0,.366,3.1,6.9,.443,1.3,5.0,.260,5.3,7.6,.701,5.0,5.1,3.4,0.1,3.6,2.0,15.4
9,2,29,1081,4.7,12.8,.366,3.3,7.4,.443,1.4,5.4,.260,5.7,8.2,.701,5.3,5.4,3.6,0.1,3.9,2.1,16.5
9,3,29,1081,6.8,18.7,.366,4.8,10.8,.443,2.0,7.9,.260,8.4,11.9,.701,7.8,7.9,5.3,0.1,5.7,3.1,24.1,,98.5,98.8
9,4,29,1081,20.2,.494,.421,.421,.637,476,4.6,10.1,7.2,34.0,5.3,0.2,18.9,25.7,,1.3,1.7,2.9,.108,,3.2,0.8,4.0
10,0,29,495,46,91,.505,46,91,.505,0,0,,26,42,.619,32,61,93,7,11,13,30,70,118
10,1,29,17.1,1.6,3.1,.505,1.6,3.1,.505,0.0,0.0,,0.9,1.4,.619,3.2,0.2,0.4,0.4,1.0,2.4,4.1
10,2,29,495,3.7,7.4,.505,3.7,7.4,.505,0.0,0.0,,2.1,3.4,.619,7.5,0.6,0.9,1.1,2.4,5.7,9.5
10,3,29,495,5.4,10.7,.505,5.4,10.7,.505,0.0,0.0,,3.1,4.9,.619,11.0,0.8,1.3,1.5,3.5,8.2,13.9,,94.1,104.1
10,4,29,495,10.0,.532,.505,.000,.462,113,6.6,14.0,10.1,3.3,1.3,2.7,21.3,14.2,,0.2,0.5,0.7,.055,,-5.6,-0.7,-6.3
