0,0,30,956,153,333,.459,112,226,.496,41,107,.383,59,71,.831,45,73,118,43,25,10,58,74,406
0,1,30,31.9,5.1,11.1,.459,3.7,7.5,.496,1.4,3.6,.383,2.0,2.4,.831,3.9,1.4,0.8,0.3,1.9,2.5,13.5
0,2,30,956,6.4,13.9,.459,4.7,9.5,.496,1.7,4.5,.383,2.5,3.0,.831,4.9,1.8,1.0,0.4,2.4,3.1,17.0
0,3,30,956,9.8,21.3,.459,7.2,14.4,.496,2.6,6.8,.383,3.8,4.5,.831,7.5,2.7,1.6,0.6,3.7,4.7,26.0,,107.8,112.1
0,4,30,956,17.0,.554,.521,.321,.213,368,5.3,9.7,7.4,12.1,1.6,1.2,13.7,23.1,,1.8,0.3,2.1,.089,,1.8,-2.3,-0.5
1,0,29,886,67,197,.340,32,89,.360,35,108,.324,44,58,.759,16,65,81,81,18,3,31,70,213
1,1,29,30.6,2.3,6.8,.340,1.1,3.1,.360,1.2,3.7,.324,1.5,2.0,.759,2.8,2.8,0.6,0.1,1.1,2.4,7.3
1,2,29,886,3.0,8.9,.340,1.4,4.0,.360,1.6,4.9,.324,2.0,2.6,.759,3.7,3.7,0.8,0.1,1.4,3.2,9.6
1,3,29,886,4.6,13.6,.340,2.2,6.1,.360,2.4,7.4,.324,3.0,4.0,.759,5.6,5.6,1.2,0.2,2.1,4.8,14.7,,105.8,113.5
1,4,29,886,10.4,.474,.429,.548,.294,226,2.0,9.3,5.5,20.1,1.2,0.4,12.1,15.0,,1.0,0.2,1.2,.054,,0.0,-2.7,-2.7
2,0,18,140,3,15,.200,3,15,.200,0,0,,3,7,.429,8,11,19,4,4,4,7,18,9
2,1,18,7.8,0.2,0.8,.200,0.2,0.8,.200,0.0,0.0,,0.2,0.4,.429,1.1,0.2,0.2,0.2,0.4,1.0,0.5
2,2,18,140,0.9,4.3,.200,0.9,4.3,.200,0.0,0.0,,0.9,2.0,.429,5.4,1.1,1.1,1.1,2.0,5.1,2.6
2,3,18,140,1.3,6.5,.200,1.3,6.5,.200,0.0,0.0,,1.3,3.1,.429,8.3,1.7,1.7,1.7,3.1,7.9,3.9,,60.4,110.3
2,4,18,140,1.9,.246,.200,.000,.467,14,6.5,10.0,8.1,5.6,1.7,3.3,27.6,9.4,,-0.2,0.1,-0.1,-.037,,-7.5,1.0,-6.5
3,0,1,1,0,0,,0,0,,0,0,,0,0,,0,0,0,0,0,0,0,0,0
3,1,1,1.0,0.0,0.0,,0.0,0.0,,0.0,0.0,,0.0,0.0,,0.0,0.0,0.0,0.0,0.0,0.0,0.0
3,2,1,1,0.0,0.0,,0.0,0.0,,0.0,0.0,,0.0,0.0,,0.0,0.0,0.0,0.0,0.0,0.0,0.0
3,3,1,1,0.0,0.0,,0.0,0.0,,0.0,0.0,,0.0,0.0,,0.0,0.0,0.0,0.0,0.0,0.0,0.0,,,120.1
3,4,1,1,0.0,,,,,0,0.0,0.0,0.0,0.0,0.0,0.0,,0.0,,0.0,0.0,0.0,-.017,,-6.1,-1.5,-7.6
4,0,24,241,13,38,.342,8,26,.308,5,12,.417,4,12,.333,7,20,27,19,12,0,13,33,35
4,1,24,10.0,0.5,1.6,.342,0.3,1.1,.308,0.2,0.5,.417,0.2,0.5,.333,1.1,0.8,0.5,0.0,0.5,1.4,1.5
4,2,24,241,2.2,6.3,.342,1.3,4.3,.308,0.8,2.0,.417,0.7,2.0,.333,4.5,3.2,2.0,0.0,2.2,5.5,5.8
4,3,24,241,3.3,9.6,.342,2.0,6.6,.308,1.3,3.0,.417,1.0,3.0,.333,6.8,4.8,3.0,0.0,3.3,8.4,8.9,,83.2,108.9
4,4,24,241,6.1,.400,.408,.316,.316,42,3.3,10.5,6.7,16.5,3.0,0.0,22.9,12.2,,-0.1,0.2,0.1,.009,,-4.1,-0.9,-5.0
5,0,25,426,46,106,.434,41,89,.461,5,17,.294,46,72,.639,29,52,81,15,7,7,52,52,143
5,1,25,17.0,1.8,4.2,.434,1.6,3.6,.461,0.2,0.7,.294,1.8,2.9,.639,3.2,0.6,0.3,0.3,2.1,2.1,5.7
5,2,25,426,4.3,10.0,.434,3.8,8.4,.461,0.5,1.6,.294,4.3,6.8,.639,7.6,1.4,0.7,0.7,4.9,4.9,13.4
5,3,25,426,6.6,15.2,.434,5.9,12.8,.461,0.7,2.4,.294,6.6,10.3,.639,11.6,2.2,1.0,1.0,7.5,7.5,20.5,,85.4,110.8
5,4,25,426,9.5,.510,.458,.160,.679,140,7.7,15.5,11.4,8.3,1.0,1.9,27.1,23.4,,-0.2,0.2,0.0,-.002,,-5.3,-2.2,-7.5
6,0,30,882,94,220,.427,60,139,.432,34,81,.420,61,86,.709,21,76,97,45,30,10,54,60,283
6,1,30,29.4,3.1,7.3,.427,2.0,4.6,.432,1.1,2.7,.420,2.0,2.9,.709,3.2,1.5,1.0,0.3,1.8,2.0,9.4
6,2,30,882,4.3,10.0,.427,2.7,6.3,.432,1.5,3.7,.420,2.8,3.9,.709,4.4,2.0,1.4,0.5,2.4,2.7,12.8
6,3,30,882,6.5,15.2,.427,4.2,9.6,.432,2.4,5.6,.420,4.2,6.0,.709,6.7,3.1,2.1,0.7,3.7,4.2,19.6,,102.3,110.6
6,4,30,882,13.2,.542,.505,.368,.391,263,2.7,10.9,6.6,12.0,2.1,1.3,17.2,18.5,,0.9,0.4,1.4,.062,,-0.3,-1.2,-1.5
7,0,30,656,101,259,.390,99,252,.393,2,7,.286,91,130,.700,63,113,176,25,13,14,60,88,295
7,1,30,21.9,3.4,8.6,.390,3.3,8.4,.393,0.1,0.2,.286,3.0,4.3,.700,5.9,0.8,0.4,0.5,2.0,2.9,9.8
7,2,30,656,6.2,15.8,.390,6.0,15.4,.393,0.1,0.4,.286,5.5,7.9,.700,10.7,1.5,0.8,0.9,3.7,5.4,18.0
7,3,30,656,9.4,24.1,.390,9.2,23.5,.393,0.2,0.7,.286,8.5,12.1,.700,16.4,2.3,1.2,1.3,5.6,8.2,27.5,,93.0,107.8
7,4,30,656,15.7,.460,.394,.027,.502,291,10.8,21.8,16.0,10.1,1.2,2.5,15.8,30.1,,0.3,0.5,0.8,.047,,-4.6,-2.2,-6.8
8,0,11,88,7,22,.318,4,9,.444,3,13,.231,7,8,.875,1,4,5,6,2,0,5,5,24
8,1,11,8.0,0.6,2.0,.318,0.4,0.8,.444,0.3,1.2,.231,0.6,0.7,.875,0.5,0.5,0.2,0.0,0.5,0.5,2.2
8,2,11,88,3.2,10.0,.318,1.8,4.1,.444,1.4,5.9,.231,3.2,3.6,.875,2.3,2.7,0.9,0.0,2.3,2.3,10.9
8,3,11,88,4.9,15.3,.318,2.8,6.2,.444,2.1,9.0,.231,4.9,5.6,.875,3.5,4.2,1.4,0.0,3.5,3.5,16.7,,95.1,114.7
8,4,11,88,8.4,.465,.386,.591,.364,24,1.3,5.8,3.4,15.1,1.4,0.0,16.2,18.2,,0.0,0.0,0.0,.021,,-2.6,-4.9,-7.5
9,0,30,510,41,126,.325,25,76,.329,16,50,.320,52,69,.754,30,51,81,23,20,3,44,49,150
9,1,30,17.0,1.4,4.2,.325,0.8,2.5,.329,0.5,1.7,.320,1.7,2.3,.754,2.7,0.8,0.7,0.1,1.5,1.6,5.0
9,2,30,510,3.2,9.9,.325,2.0,6.0,.329,1.3,3.9,.320,4.1,5.4,.754,6.4,1.8,1.6,0.2,3.5,3.8,11.8
9,3,30,510,4.9,15.1,.325,3.0,9.1,.329,1.9,6.0,.320,6.2,8.3,.754,9.7,2.8,2.4,0.4,5.3,5.9,18.0,,90.0,109.5
9,4,30,510,10.2,.472,.389,.397,.548,153,6.6,12.7,9.5,10.0,2.4,0.7,21.7,20.6,,0.0,0.3,0.3,.024,,-2.9,-1.7,-4.6
10,0,15,77,1,7,.143,1,5,.200,0,2,.000,0,0,,0,5,5,5,4,0,3,5,2
10,1,15,5.1,0.1,0.5,.143,0.1,0.3,.200,0.0,0.1,.000,0.0,0.0,,0.3,0.3,0.3,0.0,0.2,0.3,0.1
10,2,15,77,0.5,3.6,.143,0.5,2.6,.200,0.0,1.0,.000,0.0,0.0,,2.6,2.6,2.1,0.0,1.6,2.6,1.0
10,3,15,77,0.8,5.6,.143,0.8,4.0,.200,0.0,1.6,.000,0.0,0.0,,4.0,4.0,3.2,0.0,2.4,4.0,1.6,,46.9,109.8
10,4,15,77,1.5,.143,.143,.286,.000,4,0.0,8.2,3.9,12.5,3.2,0.0,30.0,6.7,,-0.1,0.0,-0.1,-.037,,-7.4,-0.1,-7.4
11,0,30,980,98,252,.389,55,126,.437,43,126,.341,82,131,.626,43,136,179,70,34,14,64,84,321
11,1,30,32.7,3.3,8.4,.389,1.8,4.2,.437,1.4,4.2,.341,2.7,4.4,.626,6.0,2.3,1.1,0.5,2.1,2.8,10.7
11,2,30,980,4.0,10.3,.389,2.2,5.1,.437,1.8,5.1,.341,3.3,5.3,.626,7.3,2.9,1.4,0.6,2.6,3.4,13.1
11,3,30,980,6.1,15.7,.389,3.4,7.9,.437,2.7,7.9,.341,5.1,8.2,.626,11.2,4.4,2.1,0.9,4.0,5.2,20.0,,101.6,107.9
11,4,30,980,14.9,.511,.474,.500,.520,322,5.0,17.6,10.9,16.6,2.1,1.6,16.9,20.0,,1.1,0.7,1.8,.074,,0.9,-0.2,0.6
12,0,21,207,18,32,.563,18,32,.563,0,0,,11,18,.611,23,29,52,2,3,4,10,21,47
12,1,21,9.9,0.9,1.5,.563,0.9,1.5,.563,0.0,0.0,,0.5,0.9,.611,2.5,0.1,0.1,0.2,0.5,1.0,2.2
12,2,21,207,3.5,6.2,.563,3.5,6.2,.563,0.0,0.0,,2.1,3.5,.611,10.0,0.4,0.6,0.8,1.9,4.1,9.1
12,3,21,207,5.3,9.4,.563,5.3,9.4,.563,0.0,0.0,,3.2,5.3,.611,15.4,0.6,0.9,1.2,3.0,6.2,13.9,,109.8,110.2
12,4,21,207,13.5,.580,.563,.000,.563,49,12.5,17.8,15.0,2.2,0.9,2.2,19.8,12.7,,0.3,0.1,0.4,.072,,-2.8,-2.3,-5.1
13,0,1,1,0,1,.000,0,0,,0,1,.000,0,0,,0,0,0,0,0,0,0,0,0
13,1,1,1.0,0.0,1.0,.000,0.0,0.0,,0.0,1.0,.000,0.0,0.0,,0.0,0.0,0.0,0.0,0.0,0.0,0.0
13,2,1,1,0.0,40.0,.000,0.0,0.0,,0.0,40.0,.000,0.0,0.0,,0.0,0.0,0.0,0.0,0.0,0.0,0.0
13,3,1,1,0.0,61.1,.000,0.0,0.0,,0.0,61.1,.000,0.0,0.0,,0.0,0.0,0.0,0.0,0.0,0.0,0.0,,0.0,120.1
13,4,1,1,-45.3,.000,.000,1.000,.000,0,0.0,0.0,0.0,0.0,0.0,0.0,0.0,51.9,,0.0,0.0,0.0,-.720,,-26.7,-19.1,-45.7
