0,0,2,8,0,1,.000,0,1,.000,0,0,,0,0,,0,0,0,0,0,0,1,3,0
0,1,2,4.0,0.0,0.5,.000,0.0,0.5,.000,0.0,0.0,,0.0,0.0,,0.0,0.0,0.0,0.0,0.5,1.5,0.0
0,2,2,8,0.0,5.0,.000,0.0,5.0,.000,0.0,0.0,,0.0,0.0,,0.0,0.0,0.0,0.0,5.0,15.0,0.0
0,3,2,8,0.0,7.9,.000,0.0,7.9,.000,0.0,0.0,,0.0,0.0,,0.0,0.0,0.0,0.0,7.9,23.6,0.0,,0.0,106.7
0,4,2,8,-20.9,.000,.000,.000,.000,0,0.0,0.0,0.0,0.0,0.0,0.0,50.0,13.8,,0.0,0.0,0.0,-.201,,-18.5,-2.1,-20.6
1,0,23,336,30,77,.390,18,43,.419,12,34,.353,20,31,.645,10,28,38,14,8,0,8,45,92
1,1,23,14.6,1.3,3.3,.390,0.8,1.9,.419,0.5,1.5,.353,0.9,1.3,.645,1.7,0.6,0.3,0.0,0.3,2.0,4.0
1,2,23,336,3.6,9.2,.390,2.1,5.1,.419,1.4,4.0,.353,2.4,3.7,.645,4.5,1.7,1.0,0.0,1.0,5.4,11.0
1,3,23,336,5.6,14.4,.390,3.4,8.1,.419,2.2,6.4,.353,3.7,5.8,.645,7.1,2.6,1.5,0.0,1.5,8.4,17.2,,107.7,100.2
1,4,23,336,10.7,.501,.468,.442,.403,88,3.8,11.5,7.4,8.8,1.5,0.0,8.0,16.4,,0.5,0.5,0.9,.111,,-2.6,-2.1,-4.7
2,0,28,955,178,452,.394,111,246,.451,67,206,.325,195,246,.793,34,130,164,62,38,5,95,67,618
2,1,28,34.1,6.4,16.1,.394,4.0,8.8,.451,2.4,7.4,.325,7.0,8.8,.793,5.9,2.2,1.4,0.2,3.4,2.4,22.1
2,2,28,955,7.5,18.9,.394,4.6,10.3,.451,2.8,8.6,.325,8.2,10.3,.793,6.9,2.6,1.6,0.2,4.0,2.8,25.9
2,3,28,955,11.7,29.8,.394,7.3,16.2,.451,4.4,13.6,.325,12.9,16.2,.793,10.8,4.1,2.5,0.3,6.3,4.4,40.8,,104.6,95.3
2,4,28,955,24.5,.543,.468,.456,.544,565,4.5,18.8,11.3,17.3,2.5,0.7,14.3,38.3,,2.5,1.8,4.3,.181,,1.9,-1.7,0.2
3,0,26,604,51,98,.520,49,95,.516,2,3,.667,34,63,.540,25,49,74,60,45,5,31,70,138
3,1,26,23.2,2.0,3.8,.520,1.9,3.7,.516,0.1,0.1,.667,1.3,2.4,.540,2.8,2.3,1.7,0.2,1.2,2.7,5.3
3,2,26,604,3.4,6.5,.520,3.2,6.3,.516,0.1,0.2,.667,2.3,4.2,.540,4.9,4.0,3.0,0.3,2.1,4.6,9.1
3,3,26,604,5.3,10.2,.520,5.1,9.9,.516,0.2,0.3,.667,3.5,6.6,.540,7.7,6.3,4.7,0.5,3.2,7.3,14.4,,108.0,92.9
3,4,26,604,15.6,.539,.531,.031,.643,160,5.2,11.2,8.1,20.8,4.7,1.1,19.5,14.5,,0.8,1.3,2.1,.140,,-1.7,2.9,1.3
4,0,28,820,57,153,.373,19,48,.396,38,105,.362,12,14,.857,9,44,53,88,32,2,40,63,164
4,1,28,29.3,2.0,5.5,.373,0.7,1.7,.396,1.4,3.8,.362,0.4,0.5,.857,1.9,3.1,1.1,0.1,1.4,2.3,5.9
4,2,28,820,2.8,7.5,.373,0.9,2.3,.396,1.9,5.1,.362,0.6,0.7,.857,2.6,4.3,1.6,0.1,2.0,3.1,8.0
4,3,28,820,4.4,11.7,.373,1.5,3.7,.396,2.9,8.1,.362,0.9,1.1,.857,4.1,6.8,2.5,0.2,3.1,4.8,12.6,,102.1,99.8
4,4,28,820,10.3,.514,.497,.686,.092,184,1.4,7.4,4.3,21.8,2.5,0.3,20.0,13.4,,0.7,1.2,1.9,.092,,-1.8,-0.9,-2.6
5,0,28,433,43,90,.478,40,70,.571,3,20,.150,15,27,.556,6,36,42,31,11,0,25,30,104
5,1,28,15.5,1.5,3.2,.478,1.4,2.5,.571,0.1,0.7,.150,0.5,1.0,.556,1.5,1.1,0.4,0.0,0.9,1.1,3.7
5,2,28,433,4.0,8.3,.478,3.7,6.5,.571,0.3,1.8,.150,1.4,2.5,.556,3.9,2.9,1.0,0.0,2.3,2.8,9.6
5,3,28,433,6.3,13.1,.478,5.8,10.2,.571,0.4,2.9,.150,2.2,3.9,.556,6.1,4.5,1.6,0.0,3.6,4.4,15.1,,93.9,100.3
5,4,28,433,9.6,.506,.494,.222,.300,103,1.7,11.5,6.4,15.5,1.6,0.0,19.6,16.3,,0.1,0.6,0.8,.070,,-5.0,-1.4,-6.4
6,0,20,574,126,218,.578,111,183,.607,15,35,.429,48,73,.658,56,70,126,29,17,1,59,57,315
6,1,20,28.7,6.3,10.9,.578,5.6,9.2,.607,0.8,1.8,.429,2.4,3.7,.658,6.3,1.5,0.9,0.1,3.0,2.9,15.8
6,2,20,574,8.8,15.2,.578,7.7,12.8,.607,1.0,2.4,.429,3.3,5.1,.658,8.8,2.0,1.2,0.1,4.1,4.0,22.0
6,3,20,574,13.8,23.9,.578,12.2,20.1,.607,1.6,3.8,.429,5.3,8.0,.658,13.8,3.2,1.9,0.1,6.5,6.3,34.6,,107.6,97.5
6,4,20,574,24.4,.623,.612,.161,.335,280,12.3,16.8,14.5,14.8,1.9,0.2,18.9,29.9,,1.5,1.0,2.4,.169,,2.0,-1.1,0.9
7,0,28,832,38,119,.319,4,12,.333,34,107,.318,15,20,.750,14,51,65,48,34,3,20,59,125
7,1,28,29.7,1.4,4.3,.319,0.1,0.4,.333,1.2,3.8,.318,0.5,0.7,.750,2.3,1.7,1.2,0.1,0.7,2.1,4.5
7,2,28,832,1.8,5.7,.319,0.2,0.6,.333,1.6,5.1,.318,0.7,1.0,.750,3.1,2.3,1.6,0.1,1.0,2.8,6.0
7,3,28,832,2.9,9.0,.319,0.3,0.9,.333,2.6,8.1,.318,1.1,1.5,.750,4.9,3.6,2.6,0.2,1.5,4.5,9.5,,104.4,99.1
7,4,28,832,8.6,.486,.462,.899,.168,134,2.1,8.4,5.1,11.2,2.6,0.5,13.5,9.8,,0.6,1.3,1.9,.089,,-1.5,0.7,-0.8
8,0,27,383,21,53,.396,21,52,.404,0,1,.000,13,30,.433,31,33,64,18,14,5,41,56,55
8,1,27,14.2,0.8,2.0,.396,0.8,1.9,.404,0.0,0.0,.000,0.5,1.1,.433,2.4,0.7,0.5,0.2,1.5,2.1,2.0
8,2,27,383,2.2,5.5,.396,2.2,5.4,.404,0.0,0.1,.000,1.4,3.1,.433,6.7,1.9,1.5,0.5,4.3,5.8,5.7
8,3,27,383,3.5,8.7,.396,3.5,8.5,.404,0.0,0.2,.000,2.1,4.9,.433,10.5,3.0,2.3,0.8,6.7,9.2,9.0,,70.9,97.5
8,4,27,383,3.8,.409,.396,.019,.566,74,10.2,11.9,11.0,9.3,2.3,1.7,37.9,15.6,,-0.6,0.6,0.0,.005,,-8.3,1.7,-6.6
9,0,2,1,0,0,,0,0,,0,0,,0,0,,0,0,0,0,0,0,1,0,0
9,1,2,0.5,0.0,0.0,,0.0,0.0,,0.0,0.0,,0.0,0.0,,0.0,0.0,0.0,0.0,0.5,0.0,0.0
9,2,2,1,0.0,0.0,,0.0,0.0,,0.0,0.0,,0.0,0.0,,0.0,0.0,0.0,0.0,40.0,0.0,0.0
9,3,2,1,0.0,0.0,,0.0,0.0,,0.0,0.0,,0.0,0.0,,0.0,0.0,0.0,0.0,63.0,0.0,0.0,,0.0,108.5
9,4,2,1,-65.9,,,,,0,0.0,0.0,0.0,0.0,0.0,0.0,100.0,55.1,,0.0,0.0,0.0,-1.074,,-58.6,0.3,-58.2
10,0,20,176,17,37,.459,6,7,.857,11,30,.367,2,5,.400,4,18,22,8,2,1,4,27,47
10,1,20,8.8,0.9,1.9,.459,0.3,0.4,.857,0.6,1.5,.367,0.1,0.3,.400,1.1,0.4,0.1,0.1,0.2,1.4,2.4
10,2,20,176,3.9,8.4,.459,1.4,1.6,.857,2.5,6.8,.367,0.5,1.1,.400,5.0,1.8,0.5,0.2,0.9,6.1,10.7
10,3,20,176,6.1,13.2,.459,2.1,2.5,.857,3.9,10.7,.367,0.7,1.8,.400,7.9,2.9,0.7,0.4,1.4,9.7,16.8,,117.8,100.5
10,4,20,176,11.3,.597,.608,.811,.135,41,2.9,14.1,8.2,9.8,0.7,0.7,9.2,13.6,,0.3,0.2,0.6,.125,,-0.6,-2.4,-3.0
11,0,28,529,73,134,.545,65,108,.602,8,26,.308,24,41,.585,29,46,75,37,22,6,30,67,178
11,1,28,18.9,2.6,4.8,.545,2.3,3.9,.602,0.3,0.9,.308,0.9,1.5,.585,2.7,1.3,0.8,0.2,1.1,2.4,6.4
11,2,28,529,5.5,10.1,.545,4.9,8.2,.602,0.6,2.0,.308,1.8,3.1,.585,5.7,2.8,1.7,0.5,2.3,5.1,13.5
11,3,28,529,8.7,16.0,.545,7.7,12.9,.602,1.0,3.1,.308,2.9,4.9,.585,8.9,4.4,2.6,0.7,3.6,8.0,21.2,,109.7,97.0
11,4,28,529,17.0,.580,.575,.194,.306,174,6.9,12.0,9.3,16.5,2.6,1.5,16.4,19.1,,1.0,0.9,1.9,.144,,-0.6,0.5,-0.1
