0,0,11,84,4,12,.333,1,3,.333,3,9,.333,1,2,.500,1,5,6,1,2,0,7,8,12
0,1,11,7.6,0.4,1.1,.333,0.1,0.3,.333,0.3,0.8,.333,0.1,0.2,.500,0.5,0.1,0.2,0.0,0.6,0.7,1.1
0,2,11,84,1.9,5.7,.333,0.5,1.4,.333,1.4,4.3,.333,0.5,1.0,.500,2.9,0.5,1.0,0.0,3.3,3.8,5.7
0,3,11,84,2.8,8.5,.333,0.7,2.1,.333,2.1,6.4,.333,0.7,1.4,.500,4.2,0.7,1.4,0.0,5.0,5.7,8.5,,63.8,111.5
0,4,11,84,0.3,.463,.458,.750,.167,11,1.4,7.4,4.3,2.2,1.4,0.0,35.1,12.3,,-0.1,0.0,-0.1,-.049,,-6.8,-3.4,-10.2
1,0,26,787,89,227,.392,42,93,.452,47,134,.351,35,47,.745,22,93,115,43,25,2,41,72,260
1,1,26,30.3,3.4,8.7,.392,1.6,3.6,.452,1.8,5.2,.351,1.3,1.8,.745,4.4,1.7,1.0,0.1,1.6,2.8,10.0
1,2,26,787,4.5,11.5,.392,2.1,4.7,.452,2.4,6.8,.351,1.8,2.4,.745,5.8,2.2,1.3,0.1,2.1,3.7,13.2
1,3,26,787,6.7,17.1,.392,3.2,7.0,.452,3.6,10.1,.351,2.6,3.6,.745,8.7,3.2,1.9,0.2,3.1,5.4,19.6,,102.4,107.5
1,4,26,787,13.2,.521,.496,.590,.207,244,3.3,14.7,8.8,11.5,1.9,0.3,14.1,19.1,,1.0,0.5,1.5,.074,,0.1,-2.5,-2.4
2,0,28,443,58,130,.446,58,130,.446,0,0,,26,57,.456,44,43,87,6,6,21,34,42,142
2,1,28,15.8,2.1,4.6,.446,2.1,4.6,.446,0.0,0.0,,0.9,2.0,.456,3.1,0.2,0.2,0.8,1.2,1.5,5.1
2,2,28,443,5.2,11.7,.446,5.2,11.7,.446,0.0,0.0,,2.3,5.1,.456,7.9,0.5,0.5,1.9,3.1,3.8,12.8
2,3,28,443,7.8,17.4,.446,7.8,17.4,.446,0.0,0.0,,3.5,7.6,.456,11.7,0.8,0.8,2.8,4.6,5.6,19.1,,87.4,108.7
2,4,28,443,11.6,.452,.446,.000,.438,142,11.6,12.0,11.8,3.0,0.8,4.7,17.8,22.3,,-0.1,0.2,0.2,.015,,-6.6,-2.6,-9.1
3,0,27,861,186,328,.567,170,270,.630,16,58,.276,149,225,.662,89,131,220,57,48,8,64,72,537
3,1,27,31.9,6.9,12.1,.567,6.3,10.0,.630,0.6,2.1,.276,5.5,8.3,.662,8.1,2.1,1.8,0.3,2.4,2.7,19.9
3,2,27,861,8.6,15.2,.567,7.9,12.5,.630,0.7,2.7,.276,6.9,10.5,.662,10.2,2.6,2.2,0.4,3.0,3.3,24.9
3,3,27,861,12.8,22.6,.567,11.7,18.6,.630,1.1,4.0,.276,10.3,15.5,.662,15.2,3.9,3.3,0.6,4.4,5.0,37.1,,121.0,102.5
3,4,27,861,32.5,.617,.591,.177,.686,509,12.1,18.9,15.4,17.9,3.3,0.9,12.8,30.0,,4.0,1.0,5.0,.230,,7.8,-0.7,7.1
4,0,14,74,2,7,.286,2,6,.333,0,1,.000,2,8,.250,2,3,5,0,1,2,2,11,6
4,1,14,5.3,0.1,0.5,.286,0.1,0.4,.333,0.0,0.1,.000,0.1,0.6,.250,0.4,0.0,0.1,0.1,0.1,0.8,0.4
4,2,14,74,1.1,3.8,.286,1.1,3.2,.333,0.0,0.5,.000,1.1,4.3,.250,2.7,0.0,0.5,1.1,1.1,5.9,3.2
4,3,14,74,1.6,5.6,.286,1.6,4.8,.333,0.0,0.8,.000,1.6,6.4,.250,4.0,0.0,0.8,1.6,1.6,8.8,4.8,,59.0,112.1
4,4,14,74,-0.8,.278,.286,.143,1.143,6,3.2,5.0,4.1,0.0,0.8,2.7,15.6,8.9,,-0.1,0.0,-0.1,-.043,,-8.4,-2.7,-11.0
5,0,26,359,14,39,.359,1,6,.167,13,33,.394,5,9,.556,0,23,23,32,10,1,20,47,46
5,1,26,13.8,0.5,1.5,.359,0.0,0.2,.167,0.5,1.3,.394,0.2,0.3,.556,0.9,1.2,0.4,0.0,0.8,1.8,1.8
5,2,26,359,1.6,4.3,.359,0.1,0.7,.167,1.4,3.7,.394,0.6,1.0,.556,2.6,3.6,1.1,0.1,2.2,5.2,5.1
5,3,26,359,2.3,6.5,.359,0.2,1.0,.167,2.2,5.5,.394,0.8,1.5,.556,3.8,5.3,1.7,0.2,3.3,7.8,7.6,,91.0,110.5
5,4,26,359,4.9,.531,.526,.846,.231,53,0.0,7.9,3.9,16.3,1.7,0.3,31.6,9.1,,0.0,0.1,0.2,.018,,-3.5,-3.0,-6.5
6,0,6,141,14,44,.318,9,22,.409,5,22,.227,9,13,.692,2,20,22,15,5,3,19,14,42
6,1,6,23.5,2.3,7.3,.318,1.5,3.7,.409,0.8,3.7,.227,1.5,2.2,.692,3.7,2.5,0.8,0.5,3.2,2.3,7.0
6,2,6,141,4.0,12.5,.318,2.6,6.2,.409,1.4,6.2,.227,2.6,3.7,.692,6.2,4.3,1.4,0.9,5.4,4.0,11.9
6,3,6,141,5.9,18.6,.318,3.8,9.3,.409,2.1,9.3,.227,3.8,5.5,.692,9.3,6.3,2.1,1.3,8.0,5.9,17.7,,74.5,104.9
6,4,6,141,7.1,.419,.375,.500,.295,45,1.7,17.6,9.4,21.8,2.1,2.1,27.5,25.4,,-0.2,0.1,-0.1,-.035,,-6.5,-1.5,-8.1
7,0,9,200,12,37,.324,4,9,.444,8,28,.286,2,2,1.000,2,13,15,11,2,4,9,24,34
7,1,9,22.2,1.3,4.1,.324,0.4,1.0,.444,0.9,3.1,.286,0.2,0.2,1.000,1.7,1.2,0.2,0.4,1.0,2.7,3.8
7,2,9,200,2.4,7.4,.324,0.8,1.8,.444,1.6,5.6,.286,0.4,0.4,1.000,3.0,2.2,0.4,0.8,1.8,4.8,6.8
7,3,9,200,3.6,11.0,.324,1.2,2.7,.444,2.4,8.3,.286,0.6,0.6,1.000,4.5,3.3,0.6,1.2,2.7,7.1,10.1,,87.4,111.9
7,4,9,200,4.5,.448,.432,.757,.054,35,1.2,8.1,4.5,10.4,0.6,2.0,19.2,12.1,,0.0,0.0,0.0,.005,,-3.7,-2.8,-6.5
8,0,29,896,43,128,.336,37,100,.370,6,28,.214,55,95,.579,9,56,65,77,24,2,53,77,147
8,1,29,30.9,1.5,4.4,.336,1.3,3.4,.370,0.2,1.0,.214,1.9,3.3,.579,2.2,2.7,0.8,0.1,1.8,2.7,5.1
8,2,29,896,1.9,5.7,.336,1.7,4.5,.370,0.3,1.3,.214,2.5,4.2,.579,2.9,3.4,1.1,0.1,2.4,3.4,6.6
8,3,29,896,2.9,8.5,.336,2.5,6.6,.370,0.4,1.9,.214,3.6,6.3,.579,4.3,5.1,1.6,0.1,3.5,5.1,9.8,,85.0,110.9
8,4,29,896,5.6,.425,.359,.219,.742,172,1.2,7.8,4.4,16.0,1.6,0.2,23.4,13.1,,-0.2,0.3,0.0,.002,,-4.6,-2.2,-6.8
9,0,27,659,81,158,.513,74,129,.574,7,29,.241,32,46,.696,25,49,74,28,13,4,44,54,201
9,1,27,24.4,3.0,5.9,.513,2.7,4.8,.574,0.3,1.1,.241,1.2,1.7,.696,2.7,1.0,0.5,0.1,1.6,2.0,7.4
9,2,27,659,4.9,9.6,.513,4.5,7.8,.574,0.4,1.8,.241,1.9,2.8,.696,4.5,1.7,0.8,0.2,2.7,3.3,12.2
9,3,27,659,7.3,14.3,.513,6.7,11.6,.574,0.6,2.6,.241,2.9,4.1,.696,6.7,2.5,1.2,0.4,4.0,4.9,18.1,,99.7,111.1
9,4,27,659,11.5,.559,.535,.184,.291,188,4.4,9.2,6.8,9.2,1.2,0.6,19.7,17.6,,0.6,0.2,0.8,.048,,-2.3,-2.9,-5.2
10,0,25,378,25,62,.403,8,19,.421,17,43,.395,7,9,.778,16,24,40,13,10,1,15,26,74
10,1,25,15.1,1.0,2.5,.403,0.3,0.8,.421,0.7,1.7,.395,0.3,0.4,.778,1.6,0.5,0.4,0.0,0.6,1.0,3.0
10,2,25,378,2.6,6.6,.403,0.8,2.0,.421,1.8,4.6,.395,0.7,1.0,.778,4.2,1.4,1.1,0.1,1.6,2.8,7.8
10,3,25,378,3.9,9.8,.403,1.3,3.0,.421,2.7,6.8,.395,1.1,1.4,.778,6.3,2.0,1.6,0.2,2.4,4.1,11.6,,105.6,111.0
10,4,25,378,9.0,.558,.540,.694,.145,74,4.9,7.9,6.4,6.6,1.6,0.3,18.5,11.1,,0.3,0.1,0.5,.048,,-1.2,-2.6,-3.8
11,0,23,700,116,284,.408,106,224,.473,10,60,.167,76,92,.826,40,73,113,61,25,18,59,68,318
11,1,23,30.4,5.0,12.3,.408,4.6,9.7,.473,0.4,2.6,.167,3.3,4.0,.826,4.9,2.7,1.1,0.8,2.6,3.0,13.8
11,2,23,700,6.6,16.2,.408,6.1,12.8,.473,0.6,3.4,.167,4.3,5.3,.826,6.5,3.5,1.4,1.0,3.4,3.9,18.2
11,3,23,700,9.9,24.1,.408,9.0,19.0,.473,0.8,5.1,.167,6.5,7.8,.826,9.6,5.2,2.1,1.5,5.0,5.8,27.0,,98.3,106.5
11,4,23,700,18.1,.485,.426,.211,.324,320,6.7,12.9,9.7,20.7,2.1,2.6,15.3,28.6,,0.9,0.5,1.4,.082,,-0.8,-1.3,-2.1
12,0,26,460,69,167,.413,42,93,.452,27,74,.365,36,45,.800,5,32,37,30,18,0,43,47,201
12,1,26,17.7,2.7,6.4,.413,1.6,3.6,.452,1.0,2.8,.365,1.4,1.7,.800,1.4,1.2,0.7,0.0,1.7,1.8,7.7
12,2,26,460,6.0,14.5,.413,3.7,8.1,.452,2.3,6.4,.365,3.1,3.9,.800,3.2,2.6,1.6,0.0,3.7,4.1,17.5
12,3,26,460,8.9,21.6,.413,5.4,12.0,.452,3.5,9.6,.365,4.7,5.8,.800,4.8,3.9,2.3,0.0,5.6,6.1,26.0,,95.9,109.0
12,4,26,460,13.6,.534,.494,.443,.269,181,1.3,8.6,4.8,14.9,2.3,0.0,18.6,26.0,,0.4,0.2,0.6,.054,,-1.6,-4.5,-6.1
13,0,7,38,0,4,.000,0,2,.000,0,2,.000,0,1,.000,0,5,5,3,1,0,2,2,0
13,1,7,5.4,0.0,0.6,.000,0.0,0.3,.000,0.0,0.3,.000,0.0,0.1,.000,0.7,0.4,0.1,0.0,0.3,0.3,0.0
13,2,7,38,0.0,4.2,.000,0.0,2.1,.000,0.0,2.1,.000,0.0,1.1,.000,5.3,3.2,1.1,0.0,2.1,2.1,0.0
13,3,7,38,0.0,6.3,.000,0.0,3.1,.000,0.0,3.1,.000,0.0,1.6,.000,7.8,4.7,1.6,0.0,3.1,3.1,0.0,,25.8,107.9
13,4,7,38,-2.0,.000,.000,.500,.250,1,0.0,16.3,7.9,13.5,1.6,0.0,30.9,8.8,,-0.1,0.0,-0.1,-.089,,-10.5,-1.2,-11.7
