0,0,20,256,28,60,.467,28,60,.467,0,0,,4,7,.571,29,37,66,4,7,14,16,31,60
0,1,20,12.8,1.4,3.0,.467,1.4,3.0,.467,0.0,0.0,,0.2,0.4,.571,3.3,0.2,0.4,0.7,0.8,1.6,3.0
0,2,20,256,4.4,9.4,.467,4.4,9.4,.467,0.0,0.0,,0.6,1.1,.571,10.3,0.6,1.1,2.2,2.5,4.8,9.4
0,3,20,256,6.4,13.7,.467,6.4,13.7,.467,0.0,0.0,,0.9,1.6,.571,15.1,0.9,1.6,3.2,3.7,7.1,13.7,,93.4,92.1
0,4,20,256,12.8,.474,.467,.000,.117,63,12.6,15.5,14.1,3.3,1.6,6.0,20.2,15.3,,0.1,0.5,0.6,.099,,-5.7,0.6,-5.1
1,0,8,99,14,32,.438,6,11,.545,8,21,.381,7,10,.700,4,13,17,2,6,1,7,8,43
1,1,8,12.4,1.8,4.0,.438,0.8,1.4,.545,1.0,2.6,.381,0.9,1.3,.700,2.1,0.3,0.8,0.1,0.9,1.0,5.4
1,2,8,99,5.7,12.9,.438,2.4,4.4,.545,3.2,8.5,.381,2.8,4.0,.700,6.9,0.8,2.4,0.4,2.8,3.2,17.4
1,3,8,99,8.3,18.9,.438,3.5,6.5,.545,4.7,12.4,.381,4.1,5.9,.700,10.0,1.2,3.5,0.6,4.1,4.7,25.4,,107.5,91.0
1,4,8,99,18.5,.585,.563,.656,.313,36,4.5,14.1,9.4,4.5,3.5,1.1,16.0,21.8,,0.2,0.2,0.4,.163,,-0.4,-2.6,-3.0
2,0,29,966,159,408,.390,89,207,.430,70,201,.348,103,135,.763,26,88,114,83,69,7,82,72,491
2,1,29,33.3,5.5,14.1,.390,3.1,7.1,.430,2.4,6.9,.348,3.6,4.7,.763,3.9,2.9,2.4,0.2,2.8,2.5,16.9
2,2,29,966,6.6,16.9,.390,3.7,8.6,.430,2.9,8.3,.348,4.3,5.6,.763,4.7,3.4,2.9,0.3,3.4,3.0,20.3
2,3,29,966,9.6,24.7,.390,5.4,12.5,.430,4.2,12.2,.348,6.2,8.2,.763,6.9,5.0,4.2,0.4,5.0,4.4,29.7,,104.9,92.0
2,4,29,966,20.2,.520,.475,.493,.331,459,3.0,9.8,6.4,20.2,4.2,0.8,14.8,28.3,,2.1,2.0,4.1,.170,,2.0,-1.2,0.8
3,0,29,543,58,101,.574,58,101,.574,0,0,,40,64,.625,60,82,142,11,23,44,33,70,156
3,1,29,18.7,2.0,3.5,.574,2.0,3.5,.574,0.0,0.0,,1.4,2.2,.625,4.9,0.4,0.8,1.5,1.1,2.4,5.4
3,2,29,543,4.3,7.4,.574,4.3,7.4,.574,0.0,0.0,,2.9,4.7,.625,10.5,0.8,1.7,3.2,2.4,5.2,11.5
3,3,29,543,6.2,10.9,.574,6.2,10.9,.574,0.0,0.0,,4.3,6.9,.625,15.3,1.2,2.5,4.7,3.5,7.5,16.8,,110.7,88.5
3,4,29,543,19.2,.594,.574,.000,.634,158,12.3,16.2,14.3,4.2,2.5,8.9,20.1,14.9,,0.9,1.3,2.2,.165,,-2.5,3.6,1.1
4,0,29,650,80,173,.462,74,155,.477,6,18,.333,44,82,.537,38,94,132,67,22,4,64,53,210
4,1,29,22.4,2.8,6.0,.462,2.6,5.3,.477,0.2,0.6,.333,1.5,2.8,.537,4.6,2.3,0.8,0.1,2.2,1.8,7.2
4,2,29,650,4.9,10.6,.462,4.6,9.5,.477,0.4,1.1,.333,2.7,5.0,.537,8.1,4.1,1.4,0.2,3.9,3.3,12.9
4,3,29,650,7.2,15.5,.462,6.6,13.9,.477,0.5,1.6,.333,4.0,7.4,.537,11.9,6.0,2.0,0.4,5.8,4.8,18.9,,94.1,93.9
4,4,29,650,13.9,.495,.480,.104,.474,225,6.5,15.5,11.1,22.1,2.0,0.7,23.2,20.9,,0.4,1.3,1.6,.101,,-3.5,-0.9,-4.4
5,0,28,441,36,78,.462,36,78,.462,0,0,,9,21,.429,40,86,126,9,4,23,33,70,81
5,1,28,15.8,1.3,2.8,.462,1.3,2.8,.462,0.0,0.0,,0.3,0.8,.429,4.5,0.3,0.1,0.8,1.2,2.5,2.9
5,2,28,441,3.3,7.1,.462,3.3,7.1,.462,0.0,0.0,,0.8,1.9,.429,11.4,0.8,0.4,2.1,3.0,6.3,7.3
5,3,28,441,4.8,10.3,.462,4.8,10.3,.462,0.0,0.0,,1.2,2.8,.429,16.7,1.2,0.5,3.0,4.4,9.3,10.7,,83.4,91.6
5,4,28,441,8.6,.460,.462,.000,.269,88,10.1,20.9,15.6,4.0,0.5,5.7,27.3,13.5,,-0.2,1.0,0.8,.072,,-7.5,0.6,-6.9
6,0,29,837,100,238,.420,100,230,.435,0,8,.000,92,141,.652,23,37,60,102,48,5,71,68,292
6,1,29,28.9,3.4,8.2,.420,3.4,7.9,.435,0.0,0.3,.000,3.2,4.9,.652,2.1,3.5,1.7,0.2,2.4,2.3,10.1
6,2,29,837,4.8,11.4,.420,4.8,11.0,.435,0.0,0.4,.000,4.4,6.7,.652,2.9,4.9,2.3,0.2,3.4,3.2,14.0
6,3,29,837,7.0,16.6,.420,7.0,16.1,.435,0.0,0.6,.000,6.4,9.8,.652,4.2,7.1,3.3,0.3,5.0,4.7,20.4,,98.0,96.5
6,4,29,837,14.3,.479,.420,.034,.592,313,3.1,4.7,3.9,25.9,3.3,0.7,18.9,22.2,,0.9,1.4,2.3,.109,,-3.2,-2.0,-5.3
7,0,27,499,34,94,.362,33,93,.355,1,1,1.000,47,74,.635,44,71,115,19,23,21,34,63,116
7,1,27,18.5,1.3,3.5,.362,1.2,3.4,.355,0.0,0.0,1.000,1.7,2.7,.635,4.3,0.7,0.9,0.8,1.3,2.3,4.3
7,2,27,499,2.7,7.5,.362,2.6,7.5,.355,0.1,0.1,1.000,3.8,5.9,.635,9.2,1.5,1.8,1.7,2.7,5.1,9.3
7,3,27,499,4.0,11.0,.362,3.9,10.9,.355,0.1,0.1,1.000,5.5,8.7,.635,13.5,2.2,2.7,2.5,4.0,7.4,13.6,,92.6,90.4
7,4,27,499,12.3,.449,.367,.011,.787,130,9.8,15.3,12.6,7.3,2.7,4.6,20.8,16.1,,0.2,1.1,1.3,.104,,-5.3,1.9,-3.4
8,0,12,255,27,61,.443,27,61,.443,0,0,,5,8,.625,25,45,70,5,7,10,10,31,59
8,1,12,21.3,2.3,5.1,.443,2.3,5.1,.443,0.0,0.0,,0.4,0.7,.625,5.8,0.4,0.6,0.8,0.8,2.6,4.9
8,2,12,255,4.2,9.6,.443,4.2,9.6,.443,0.0,0.0,,0.8,1.3,.625,11.0,0.8,1.1,1.6,1.6,4.9,9.3
8,3,12,255,6.2,14.0,.443,6.2,14.0,.443,0.0,0.0,,1.1,1.8,.625,16.0,1.1,1.6,2.3,2.3,7.1,13.5,,99.4,91.1
8,4,12,255,13.1,.455,.443,.000,.131,61,10.9,18.9,15.0,4.1,1.6,4.3,13.4,14.5,,0.2,0.6,0.8,.118,,-5.1,0.2,-4.9
9,0,29,417,41,100,.410,27,55,.491,14,45,.311,36,54,.667,14,32,46,27,12,1,25,53,132
9,1,29,14.4,1.4,3.4,.410,0.9,1.9,.491,0.5,1.6,.311,1.2,1.9,.667,1.6,0.9,0.4,0.0,0.9,1.8,4.6
9,2,29,417,3.9,9.6,.410,2.6,5.3,.491,1.3,4.3,.311,3.5,5.2,.667,4.4,2.6,1.2,0.1,2.4,5.1,12.7
9,3,29,417,5.7,14.0,.410,3.8,7.7,.491,2.0,6.3,.311,5.0,7.6,.667,6.4,3.8,1.7,0.1,3.5,7.4,18.5,,105.0,98.3
9,4,29,417,11.5,.525,.480,.450,.540,129,3.7,8.2,6.0,13.2,1.7,0.3,16.6,17.8,,0.6,0.6,1.2,.116,,-2.1,-3.3,-5.3
10,0,28,987,125,322,.388,41,121,.339,84,201,.418,68,82,.829,25,109,134,45,32,17,40,47,402
10,1,28,35.3,4.5,11.5,.388,1.5,4.3,.339,3.0,7.2,.418,2.4,2.9,.829,4.8,1.6,1.1,0.6,1.4,1.7,14.4
10,2,28,987,5.1,13.0,.388,1.7,4.9,.339,3.4,8.1,.418,2.8,3.3,.829,5.4,1.8,1.3,0.7,1.6,1.9,16.3
10,3,28,987,7.4,19.1,.388,2.4,7.2,.339,5.0,11.9,.418,4.0,4.9,.829,7.9,2.7,1.9,1.0,2.4,2.8,23.8,,116.9,95.6
10,4,28,987,17.7,.557,.519,.624,.255,356,2.8,11.8,7.4,9.8,1.9,1.9,10.0,20.0,,2.5,1.7,4.2,.171,,1.7,-1.7,0.0
