0,0,32,927,152,364,.418,90,193,.466,62,171,.363,52,74,.703,22,97,119,104,42,10,66,63,418
0,1,32,29.0,4.8,11.4,.418,2.8,6.0,.466,1.9,5.3,.363,1.6,2.3,.703,3.7,3.3,1.3,0.3,2.1,2.0,13.1
0,2,32,927,6.6,15.7,.418,3.9,8.3,.466,2.7,7.4,.363,2.2,3.2,.703,5.1,4.5,1.8,0.4,2.8,2.7,18.0
0,3,32,927,9.7,23.2,.418,5.7,12.3,.466,3.9,10.9,.363,3.3,4.7,.703,7.6,6.6,2.7,0.6,4.2,4.0,26.6,,105.3,99.8
0,4,32,927,19.4,.524,.503,.470,.203,411,2.7,12.0,7.3,25.4,2.7,1.3,14.2,25.7,,1.8,1.3,3.2,.136,,1.2,-2.4,-1.2
1,0,23,232,21,36,.583,21,34,.618,0,2,.000,4,13,.308,19,24,43,5,6,2,11,36,46
1,1,23,10.1,0.9,1.6,.583,0.9,1.5,.618,0.0,0.1,.000,0.2,0.6,.308,1.9,0.2,0.3,0.1,0.5,1.6,2.0
1,2,23,232,3.6,6.2,.583,3.6,5.9,.618,0.0,0.3,.000,0.7,2.2,.308,7.4,0.9,1.0,0.3,1.9,6.2,7.9
1,3,23,232,5.3,9.2,.583,5.3,8.6,.618,0.0,0.5,.000,1.0,3.3,.308,10.9,1.3,1.5,0.5,2.8,9.2,11.7,,101.5,102.0
1,4,23,232,9.5,.545,.583,.056,.361,49,9.3,11.9,10.6,4.2,1.5,1.0,20.7,11.7,,0.2,0.3,0.5,.078,,-4.4,-2.4,-6.8
2,0,13,104,8,12,.667,8,12,.667,0,0,,17,23,.739,9,19,28,8,4,8,10,13,33
2,1,13,8.0,0.6,0.9,.667,0.6,0.9,.667,0.0,0.0,,1.3,1.8,.739,2.2,0.6,0.3,0.6,0.8,1.0,2.5
2,2,13,104,3.1,4.6,.667,3.1,4.6,.667,0.0,0.0,,6.5,8.8,.739,10.8,3.1,1.5,3.1,3.8,5.0,12.7
2,3,13,104,4.5,6.8,.667,4.5,6.8,.667,0.0,0.0,,9.6,13.1,.739,15.9,4.5,2.3,4.5,5.7,7.4,18.7,,118.1,92.9
2,4,13,104,22.2,.720,.667,.000,1.917,37,9.8,20.9,15.4,14.6,2.3,9.0,30.4,16.2,,0.3,0.2,0.5,.185,,-2.1,3.7,1.6
3,0,22,236,15,50,.300,9,21,.429,6,29,.207,5,8,.625,2,21,23,12,8,1,26,22,41
3,1,22,10.7,0.7,2.3,.300,0.4,1.0,.429,0.3,1.3,.207,0.2,0.4,.625,1.0,0.5,0.4,0.0,1.2,1.0,1.9
3,2,22,236,2.5,8.5,.300,1.5,3.6,.429,1.0,4.9,.207,0.8,1.4,.625,3.9,2.0,1.4,0.2,4.4,3.7,6.9
3,3,22,236,3.8,12.5,.300,2.3,5.3,.429,1.5,7.3,.207,1.3,2.0,.625,5.8,3.0,2.0,0.3,6.5,5.5,10.3,,61.2,102.3
3,4,22,236,0.8,.381,.360,.580,.160,42,1.0,10.2,5.6,9.4,2.0,0.5,32.6,17.3,,-0.6,0.3,-0.3,-.047,,-9.5,-2.9,-12.4
4,0,32,747,80,224,.357,53,119,.445,27,105,.257,41,68,.603,24,75,99,60,21,3,44,43,228
4,1,32,23.3,2.5,7.0,.357,1.7,3.7,.445,0.8,3.3,.257,1.3,2.1,.603,3.1,1.9,0.7,0.1,1.4,1.3,7.1
4,2,32,747,4.3,12.0,.357,2.8,6.4,.445,1.4,5.6,.257,2.2,3.6,.603,5.3,3.2,1.1,0.2,2.4,2.3,12.2
4,3,32,747,6.3,17.7,.357,4.2,9.4,.445,2.1,8.3,.257,3.2,5.4,.603,7.8,4.7,1.7,0.2,3.5,3.4,18.0,,93.5,102.7
4,4,32,747,11.3,.445,.417,.469,.304,237,3.6,11.5,7.6,16.1,1.7,0.5,14.7,20.6,,0.3,0.8,1.2,.063,,-3.5,-3.3,-6.8
5,0,13,91,6,14,.429,6,14,.429,0,0,,4,5,.800,8,23,31,1,1,4,7,15,16
5,1,13,7.0,0.5,1.1,.429,0.5,1.1,.429,0.0,0.0,,0.3,0.4,.800,2.4,0.1,0.1,0.3,0.5,1.2,1.2
5,2,13,91,2.6,6.2,.429,2.6,6.2,.429,0.0,0.0,,1.8,2.2,.800,13.6,0.4,0.4,1.8,3.1,6.6,7.0
5,3,13,91,3.9,9.1,.429,3.9,9.1,.429,0.0,0.0,,2.6,3.2,.800,20.1,0.6,0.6,2.6,4.5,9.7,10.4,,85.6,94.4
5,4,13,91,9.3,.489,.429,.000,.357,18,10.0,29.0,19.4,2.0,0.6,5.2,29.9,13.2,,0.0,0.2,0.2,.068,,-9.4,-1.4,-10.8
6,0,30,754,72,161,.447,71,156,.455,1,5,.200,59,95,.621,22,67,89,62,30,5,61,62,204
6,1,30,25.1,2.4,5.4,.447,2.4,5.2,.455,0.0,0.2,.200,2.0,3.2,.621,3.0,2.1,1.0,0.2,2.0,2.1,6.8
6,2,30,754,3.8,8.5,.447,3.8,8.3,.455,0.1,0.3,.200,3.1,5.0,.621,4.7,3.3,1.6,0.3,3.2,3.3,10.8
6,3,30,754,5.6,12.6,.447,5.6,12.2,.455,0.1,0.4,.200,4.6,7.4,.621,7.0,4.9,2.3,0.4,4.8,4.9,16.0,,92.5,101.4
6,4,30,754,11.0,.495,.450,.031,.590,218,3.3,10.2,6.7,16.1,2.3,0.8,22.8,18.2,,0.2,0.9,1.2,.063,,-5.2,-1.7,-6.9
7,0,12,99,10,23,.435,10,19,.526,0,4,.000,5,7,.714,3,8,11,5,3,2,7,8,25
7,1,12,8.3,0.8,1.9,.435,0.8,1.6,.526,0.0,0.3,.000,0.4,0.6,.714,0.9,0.4,0.3,0.2,0.6,0.7,2.1
7,2,12,99,4.0,9.3,.435,4.0,7.7,.526,0.0,1.6,.000,2.0,2.8,.714,4.4,2.0,1.2,0.8,2.8,3.2,10.1
7,3,12,99,6.0,13.7,.435,6.0,11.3,.526,0.0,2.4,.000,3.0,4.2,.714,6.6,3.0,1.8,1.2,4.2,4.8,14.9,,88.2,102.4
7,4,12,99,9.2,.475,.435,.174,.304,25,3.4,9.3,6.3,10.0,1.8,2.4,21.0,17.2,,0.0,0.1,0.1,.044,,-6.6,-2.3,-8.9
8,0,32,519,60,154,.390,18,40,.450,42,114,.368,13,14,.929,2,28,30,29,13,3,22,55,175
8,1,32,16.2,1.9,4.8,.390,0.6,1.3,.450,1.3,3.6,.368,0.4,0.4,.929,0.9,0.9,0.4,0.1,0.7,1.7,5.5
8,2,32,519,4.6,11.9,.390,1.4,3.1,.450,3.2,8.8,.368,1.0,1.1,.929,2.3,2.2,1.0,0.2,1.7,4.2,13.5
8,3,32,519,6.8,17.5,.390,2.0,4.5,.450,4.8,13.0,.368,1.5,1.6,.929,3.4,3.3,1.5,0.3,2.5,6.3,19.9,,106.7,105.0
8,4,32,519,11.5,.545,.526,.740,.091,155,0.4,6.2,3.3,11.4,1.5,0.7,12.0,18.0,,0.7,0.5,1.2,.094,,-1.1,-5.0,-6.0
9,0,30,510,31,66,.470,31,66,.470,0,0,,25,40,.625,31,67,98,6,11,28,38,84,87
9,1,30,17.0,1.0,2.2,.470,1.0,2.2,.470,0.0,0.0,,0.8,1.3,.625,3.3,0.2,0.4,0.9,1.3,2.8,2.9
9,2,30,510,2.4,5.2,.470,2.4,5.2,.470,0.0,0.0,,2.0,3.1,.625,7.7,0.5,0.9,2.2,3.0,6.6,6.8
9,3,30,510,3.6,7.6,.470,3.6,7.6,.470,0.0,0.0,,2.9,4.6,.625,11.3,0.7,1.3,3.2,4.4,9.7,10.1,,83.7,98.6
9,4,30,510,7.3,.512,.470,.000,.606,92,6.9,15.1,11.0,2.2,1.3,6.5,30.9,12.4,,-0.2,0.8,0.6,.048,,-7.6,0.9,-6.7
10,0,29,259,32,76,.421,10,22,.455,22,54,.407,2,3,.667,11,28,39,14,3,4,15,20,88
10,1,29,8.9,1.1,2.6,.421,0.3,0.8,.455,0.8,1.9,.407,0.1,0.1,.667,1.3,0.5,0.1,0.1,0.5,0.7,3.0
10,2,29,259,4.9,11.7,.421,1.5,3.4,.455,3.4,8.3,.407,0.3,0.5,.667,6.0,2.2,0.5,0.6,2.3,3.1,13.6
10,3,29,259,7.3,17.3,.421,2.3,5.0,.455,5.0,12.3,.407,0.5,0.7,.667,8.9,3.2,0.7,0.9,3.4,4.6,20.1,,106.4,103.7
10,4,29,259,13.8,.568,.566,.711,.039,82,4.8,12.4,8.6,11.2,0.7,1.8,16.2,18.3,,0.4,0.3,0.7,.101,,-1.2,-4.2,-5.4
11,0,3,23,1,4,.250,1,4,.250,0,0,,0,0,,0,2,2,1,4,0,0,2,2
11,1,3,7.7,0.3,1.3,.250,0.3,1.3,.250,0.0,0.0,,0.0,0.0,,0.7,0.3,1.3,0.0,0.0,0.7,0.7
11,2,3,23,1.7,7.0,.250,1.7,7.0,.250,0.0,0.0,,0.0,0.0,,3.5,1.7,7.0,0.0,0.0,3.5,3.5
11,3,3,23,2.6,10.3,.250,2.6,10.3,.250,0.0,0.0,,0.0,0.0,,5.1,2.6,10.3,0.0,0.0,5.1,5.1,,71.6,84.3
11,4,3,23,11.6,.250,.250,.000,.000,2,0.0,10.0,5.0,7.7,10.3,0.0,0.0,8.9,,0.0,0.1,0.1,.089,,-5.7,5.2,-0.4
12,0,29,365,27,55,.491,27,55,.491,0,0,,22,33,.667,37,63,100,7,10,11,13,79,76
12,1,29,12.6,0.9,1.9,.491,0.9,1.9,.491,0.0,0.0,,0.8,1.1,.667,3.4,0.2,0.3,0.4,0.4,2.7,2.6
12,2,29,365,3.0,6.0,.491,3.0,6.0,.491,0.0,0.0,,2.4,3.6,.667,11.0,0.8,1.1,1.2,1.4,8.7,8.3
12,3,29,365,4.4,8.9,.491,4.4,8.9,.491,0.0,0.0,,3.6,5.3,.667,16.2,1.1,1.6,1.8,2.1,12.8,12.3,,113.8,96.8
12,4,29,365,12.6,.538,.491,.000,.600,87,11.5,19.8,15.6,3.6,1.6,3.5,15.5,11.7,,0.5,0.6,1.2,.128,,-4.1,-0.9,-5.0
13,0,32,994,179,412,.434,135,294,.459,44,118,.373,115,141,.816,87,125,212,66,56,6,53,89,517
13,1,32,31.1,5.6,12.9,.434,4.2,9.2,.459,1.4,3.7,.373,3.6,4.4,.816,6.6,2.1,1.8,0.2,1.7,2.8,16.2
13,2,32,994,7.2,16.6,.434,5.4,11.8,.459,1.8,4.7,.373,4.6,5.7,.816,8.5,2.7,2.3,0.2,2.1,3.6,20.8
13,3,32,994,10.6,24.5,.434,8.0,17.5,.459,2.6,7.0,.373,6.8,8.4,.816,12.6,3.9,3.3,0.4,3.1,5.3,30.7,,115.0,97.4
13,4,32,994,25.2,.540,.488,.286,.342,510,9.9,14.4,12.2,15.6,3.3,0.7,10.0,27.4,,3.3,1.6,5.0,.200,,3.1,-1.7,1.3
14,0,29,640,93,210,.443,39,80,.488,54,130,.415,40,51,.784,23,79,102,33,20,10,27,54,280
14,1,29,22.1,3.2,7.2,.443,1.3,2.8,.488,1.9,4.5,.415,1.4,1.8,.784,3.5,1.1,0.7,0.3,0.9,1.9,9.7
14,2,29,640,5.8,13.1,.443,2.4,5.0,.488,3.4,8.1,.415,2.5,3.2,.784,6.4,2.1,1.3,0.6,1.7,3.4,17.5
14,3,29,640,8.6,19.4,.443,3.6,7.4,.488,5.0,12.0,.415,3.7,4.7,.784,9.4,3.0,1.8,0.9,2.5,5.0,25.8,,119.2,100.3
14,4,29,640,20.2,.598,.571,.619,.243,251,4.1,14.2,9.1,11.2,1.8,1.8,10.3,20.9,,1.8,0.9,2.7,.170,,2.2,-3.0,-0.8
