0,0,33,654,56,132,.424,41,88,.466,15,44,.341,24,44,.545,24,50,74,37,20,7,41,60,151
0,1,33,19.8,1.7,4.0,.424,1.2,2.7,.466,0.5,1.3,.341,0.7,1.3,.545,2.2,1.1,0.6,0.2,1.2,1.8,4.6
0,2,33,654,3.4,8.1,.424,2.5,5.4,.466,0.9,2.7,.341,1.5,2.7,.545,4.5,2.3,1.2,0.4,2.5,3.7,9.2
0,3,33,654,5.0,11.8,.424,3.7,7.8,.466,1.3,3.9,.341,2.1,3.9,.545,6.6,3.3,1.8,0.6,3.7,5.3,13.4,,92.9,99.6
0,4,33,654,8.9,.494,.481,.333,.333,152,4.0,8.3,6.2,11.4,1.8,1.1,21.1,14.6,,0.2,0.9,1.1,.067,,-2.6,0.0,-2.6
1,0,20,109,14,44,.318,1,6,.167,13,38,.342,2,2,1.000,4,4,8,1,1,0,3,9,43
1,1,20,5.5,0.7,2.2,.318,0.1,0.3,.167,0.7,1.9,.342,0.1,0.1,1.000,0.4,0.1,0.1,0.0,0.2,0.5,2.2
1,2,20,109,5.1,16.1,.318,0.4,2.2,.167,4.8,13.9,.342,0.7,0.7,1.000,2.9,0.4,0.4,0.0,1.1,3.3,15.8
1,3,20,109,7.5,23.5,.318,0.5,3.2,.167,6.9,20.3,.342,1.1,1.1,1.000,4.3,0.5,0.5,0.0,1.6,4.8,23.0,,103.5,105.2
1,4,20,109,10.0,.478,.466,.864,.045,36,4.0,4.0,4.0,2.0,0.5,0.0,6.3,21.7,,0.1,0.1,0.2,.088,,0.1,-6.3,-6.2
2,0,30,779,49,152,.322,48,148,.324,1,4,.250,49,87,.563,38,70,108,147,54,2,91,67,148
2,1,30,26.0,1.6,5.1,.322,1.6,4.9,.324,0.0,0.1,.250,1.6,2.9,.563,3.6,4.9,1.8,0.1,3.0,2.2,4.9
2,2,30,779,2.5,7.8,.322,2.5,7.6,.324,0.1,0.2,.250,2.5,4.5,.563,5.5,7.5,2.8,0.1,4.7,3.4,7.6
2,3,30,779,3.7,11.4,.322,3.6,11.1,.324,0.1,0.3,.250,3.7,6.5,.563,8.1,11.0,4.0,0.1,6.8,5.0,11.1,,80.8,94.3
2,4,30,779,10.6,.383,.326,.026,.572,220,5.4,9.7,7.6,36.5,4.0,0.3,32.0,18.0,,-0.6,1.5,0.9,.044,,-4.2,1.2,-3.1
3,0,30,660,102,182,.560,102,182,.560,0,0,,44,86,.512,87,102,189,12,10,21,46,59,248
3,1,30,22.0,3.4,6.1,.560,3.4,6.1,.560,0.0,0.0,,1.5,2.9,.512,6.3,0.4,0.3,0.7,1.5,2.0,8.3
3,2,30,660,6.2,11.0,.560,6.2,11.0,.560,0.0,0.0,,2.7,5.2,.512,11.5,0.7,0.6,1.3,2.8,3.6,15.0
3,3,30,660,9.0,16.1,.560,9.0,16.1,.560,0.0,0.0,,3.9,7.6,.512,16.7,1.1,0.9,1.9,4.1,5.2,21.9,,105.6,96.2
3,4,30,660,18.9,.556,.560,.000,.473,241,14.5,16.7,15.6,4.3,0.9,3.3,17.1,20.1,,1.1,1.1,2.2,.136,,-1.2,-0.5,-1.7
4,0,33,680,99,169,.586,99,168,.589,0,1,.000,57,91,.626,62,113,175,7,14,66,42,95,255
4,1,33,20.6,3.0,5.1,.586,3.0,5.1,.589,0.0,0.0,.000,1.7,2.8,.626,5.3,0.2,0.4,2.0,1.3,2.9,7.7
4,2,33,680,5.8,9.9,.586,5.8,9.9,.589,0.0,0.1,.000,3.4,5.4,.626,10.3,0.4,0.8,3.9,2.5,5.6,15.0
4,3,33,680,8.5,14.5,.586,8.5,14.4,.589,0.0,0.1,.000,4.9,7.8,.626,15.0,0.6,1.2,5.7,3.6,8.1,21.8,,110.9,91.7
4,4,33,680,20.9,.601,.586,.006,.538,233,10.0,18.0,14.0,2.4,1.2,9.9,16.5,18.5,,1.3,1.5,2.8,.165,,-1.9,3.3,1.4
5,0,33,895,119,321,.371,81,196,.413,38,125,.304,104,155,.671,25,70,95,37,38,10,82,100,380
5,1,33,27.1,3.6,9.7,.371,2.5,5.9,.413,1.2,3.8,.304,3.2,4.7,.671,2.9,1.1,1.2,0.3,2.5,3.0,11.5
5,2,33,895,5.3,14.3,.371,3.6,8.8,.413,1.7,5.6,.304,4.6,6.9,.671,4.2,1.7,1.7,0.4,3.7,4.5,17.0
5,3,33,895,7.7,20.9,.371,5.3,12.8,.413,2.5,8.1,.304,6.8,10.1,.671,6.2,2.4,2.5,0.7,5.3,6.5,24.7,,91.8,97.9
5,4,33,895,11.9,.481,.430,.389,.483,347,3.1,8.5,5.8,9.2,2.5,1.1,17.2,26.3,,0.4,1.4,1.7,.078,,-2.2,-1.3,-3.5
6,0,33,955,110,300,.367,87,215,.405,23,85,.271,70,102,.686,24,144,168,59,34,10,61,69,313
6,1,33,28.9,3.3,9.1,.367,2.6,6.5,.405,0.7,2.6,.271,2.1,3.1,.686,5.1,1.8,1.0,0.3,1.8,2.1,9.5
6,2,33,955,4.6,12.6,.367,3.6,9.0,.405,1.0,3.6,.271,2.9,4.3,.686,7.0,2.5,1.4,0.4,2.6,2.9,13.1
6,3,33,955,6.7,18.3,.367,5.3,13.1,.405,1.4,5.2,.271,4.3,6.2,.686,10.2,3.6,2.1,0.6,3.7,4.2,19.1,,92.3,94.9
6,4,33,955,12.2,.449,.405,.283,.340,303,2.8,16.3,9.6,13.3,2.1,1.1,14.9,21.2,,0.4,1.8,2.1,.088,,-2.9,0.4,-2.5
7,0,14,71,8,19,.421,8,18,.444,0,1,.000,3,6,.500,5,5,10,0,1,4,6,13,19
7,1,14,5.1,0.6,1.4,.421,0.6,1.3,.444,0.0,0.1,.000,0.2,0.4,.500,0.7,0.0,0.1,0.3,0.4,0.9,1.4
7,2,14,71,4.5,10.7,.421,4.5,10.1,.444,0.0,0.6,.000,1.7,3.4,.500,5.6,0.0,0.6,2.3,3.4,7.3,10.7
7,3,14,71,6.6,15.6,.421,6.6,14.8,.444,0.0,0.8,.000,2.5,4.9,.500,8.2,0.0,0.8,3.3,4.9,10.7,15.6,,78.1,99.5
7,4,14,71,5.7,.435,.421,.053,.316,18,7.7,7.6,7.7,0.0,0.8,5.8,21.5,19.4,,-0.1,0.1,0.0,.017,,-8.7,-1.8,-10.5
8,0,21,227,24,75,.320,15,44,.341,9,31,.290,8,11,.727,4,8,12,27,14,1,30,25,65
8,1,21,10.8,1.1,3.6,.320,0.7,2.1,.341,0.4,1.5,.290,0.4,0.5,.727,0.6,1.3,0.7,0.0,1.4,1.2,3.1
8,2,21,227,4.2,13.2,.320,2.6,7.8,.341,1.6,5.5,.290,1.4,1.9,.727,2.1,4.8,2.5,0.2,5.3,4.4,11.5
8,3,21,227,6.2,19.2,.320,3.8,11.3,.341,2.3,8.0,.290,2.1,2.8,.727,3.1,6.9,3.6,0.3,7.7,6.4,16.7,,74.9,98.2
8,4,21,227,5.8,.405,.380,.413,.147,70,1.9,3.8,2.9,25.1,3.6,0.5,27.2,24.0,,-0.4,0.3,0.0,-.004,,-5.8,-2.1,-7.9
9,0,5,26,2,6,.333,2,4,.500,0,2,.000,0,0,,0,6,6,0,0,0,2,6,4
9,1,5,5.2,0.4,1.2,.333,0.4,0.8,.500,0.0,0.4,.000,0.0,0.0,,1.2,0.0,0.0,0.0,0.4,1.2,0.8
9,2,5,26,3.1,9.2,.333,3.1,6.2,.500,0.0,3.1,.000,0.0,0.0,,9.2,0.0,0.0,0.0,3.1,9.2,6.2
9,3,5,26,4.5,13.4,.333,4.5,9.0,.500,0.0,4.5,.000,0.0,0.0,,13.4,0.0,0.0,0.0,4.5,13.4,9.0,,53.1,94.2
9,4,5,26,-3.1,.333,.333,.333,.000,3,0.0,24.9,12.6,0.0,0.0,0.0,25.0,15.2,,-0.1,0.0,0.0,-.021,,-12.7,-5.1,-17.8
10,0,28,200,12,30,.400,12,30,.400,0,0,,9,16,.563,13,27,40,4,12,10,9,23,33
10,1,28,7.1,0.4,1.1,.400,0.4,1.1,.400,0.0,0.0,,0.3,0.6,.563,1.4,0.1,0.4,0.4,0.3,0.8,1.2
10,2,28,200,2.4,6.0,.400,2.4,6.0,.400,0.0,0.0,,1.8,3.2,.563,8.0,0.8,2.4,2.0,1.8,4.6,6.6
10,3,28,200,3.5,8.7,.400,3.5,8.7,.400,0.0,0.0,,2.6,4.7,.563,11.6,1.2,3.5,2.9,2.6,6.7,9.6,,89.5,90.7
10,4,28,200,11.2,.439,.400,.000,.533,36,7.1,14.6,10.9,3.8,3.5,5.1,19.3,11.5,,0.0,0.4,0.5,.092,,-4.9,4.0,-0.9
11,0,25,207,22,73,.301,16,47,.340,6,26,.231,7,13,.538,20,19,39,7,2,1,17,19,57
11,1,25,8.3,0.9,2.9,.301,0.6,1.9,.340,0.2,1.0,.231,0.3,0.5,.538,1.6,0.3,0.1,0.0,0.7,0.8,2.3
11,2,25,207,4.3,14.1,.301,3.1,9.1,.340,1.2,5.0,.231,1.4,2.5,.538,7.5,1.4,0.4,0.2,3.3,3.7,11.0
11,3,25,207,6.2,20.5,.301,4.5,13.2,.340,1.7,7.3,.231,2.0,3.7,.538,11.0,2.0,0.6,0.3,4.8,5.3,16.0,,76.9,101.7
11,4,25,207,5.0,.360,.342,.356,.178,60,10.6,9.9,10.3,7.1,0.6,0.5,17.7,22.9,,-0.3,0.2,0.0,-.004,,-6.1,-3.4,-9.5
12,0,8,26,2,4,.500,2,4,.500,0,0,,1,2,.500,2,5,7,0,1,1,1,6,5
12,1,8,3.3,0.3,0.5,.500,0.3,0.5,.500,0.0,0.0,,0.1,0.3,.500,0.9,0.0,0.1,0.1,0.1,0.8,0.6
12,2,8,26,3.1,6.2,.500,3.1,6.2,.500,0.0,0.0,,1.5,3.1,.500,10.8,0.0,1.5,1.5,1.5,9.2,7.7
12,3,8,26,4.5,9.0,.500,4.5,9.0,.500,0.0,0.0,,2.2,4.5,.500,15.7,0.0,2.2,2.2,2.2,13.4,11.2,,98.8,89.9
12,4,8,26,10.4,.505,.500,.000,.500,5,8.4,20.8,14.7,0.0,2.2,3.9,16.8,11.3,,0.0,0.1,0.1,.115,,-6.3,-0.9,-7.2
13,0,22,111,7,27,.259,5,15,.333,2,12,.167,8,12,.667,9,9,18,1,7,0,6,13,24
13,1,22,5.0,0.3,1.2,.259,0.2,0.7,.333,0.1,0.5,.167,0.4,0.5,.667,0.8,0.0,0.3,0.0,0.3,0.6,1.1
13,2,22,111,2.5,9.7,.259,1.8,5.4,.333,0.7,4.3,.167,2.9,4.3,.667,6.5,0.4,2.5,0.0,2.2,4.7,8.6
13,3,22,111,3.7,14.2,.259,2.6,7.9,.333,1.0,6.3,.167,4.2,6.3,.667,9.4,0.5,3.7,0.0,3.1,6.8,12.6,,81.2,95.5
13,4,22,111,7.0,.367,.296,.444,.444,25,8.9,8.8,8.8,1.7,3.7,0.0,15.5,17.2,,-0.1,0.2,0.1,.047,,-4.7,-1.3,-6.0
14,0,31,1025,143,316,.453,78,156,.500,65,160,.406,92,113,.814,30,109,139,53,34,18,38,53,443
14,1,31,33.1,4.6,10.2,.453,2.5,5.0,.500,2.1,5.2,.406,3.0,3.6,.814,4.5,1.7,1.1,0.6,1.2,1.7,14.3
14,2,31,1025,5.6,12.3,.453,3.0,6.1,.500,2.5,6.2,.406,3.6,4.4,.814,5.4,2.1,1.3,0.7,1.5,2.1,17.3
14,3,31,1025,8.1,18.0,.453,4.4,8.9,.500,3.7,9.1,.406,5.2,6.4,.814,7.9,3.0,1.9,1.0,2.2,3.0,25.2,,124.1,97.6
14,4,31,1025,20.7,.599,.555,.506,.358,396,3.2,11.5,7.4,11.7,1.9,1.8,9.3,19.6,,3.3,1.6,4.9,.190,,4.4,-0.2,4.3
