0,0,22,217,18,50,.360,7,22,.318,11,28,.393,10,18,.556,4,14,18,16,7,2,13,24,57
0,1,22,9.9,0.8,2.3,.360,0.3,1.0,.318,0.5,1.3,.393,0.5,0.8,.556,0.8,0.7,0.3,0.1,0.6,1.1,2.6
0,2,22,217,3.3,9.2,.360,1.3,4.1,.318,2.0,5.2,.393,1.8,3.3,.556,3.3,2.9,1.3,0.4,2.4,4.4,10.5
0,3,22,217,5.1,14.1,.360,2.0,6.2,.318,3.1,7.9,.393,2.8,5.1,.556,5.1,4.5,2.0,0.6,3.7,6.8,16.1,,97.8,102.7
0,4,22,217,9.1,.487,.470,.560,.360,58,2.4,7.2,5.0,13.9,2.0,1.1,18.2,17.4,,0.1,0.3,0.4,.075,,-2.2,-2.9,-5.0
1,0,31,423,29,63,.460,29,63,.460,0,0,,16,33,.485,36,60,96,17,11,34,28,40,74
1,1,31,13.6,0.9,2.0,.460,0.9,2.0,.460,0.0,0.0,,0.5,1.1,.485,3.1,0.5,0.4,1.1,0.9,1.3,2.4
1,2,31,423,2.7,6.0,.460,2.7,6.0,.460,0.0,0.0,,1.5,3.1,.485,9.1,1.6,1.0,3.2,2.6,3.8,7.0
1,3,31,423,4.2,9.1,.460,4.2,9.1,.460,0.0,0.0,,2.3,4.8,.485,13.9,2.5,1.6,4.9,4.1,5.8,10.7,,91.6,95.5
1,4,31,423,12.6,.470,.460,.000,.524,90,11.0,15.9,13.7,7.4,1.6,9.9,26.2,13.3,,0.0,0.8,0.9,.082,,-4.2,4.5,0.3
2,0,31,775,32,95,.337,32,87,.368,0,8,.000,33,51,.647,15,71,86,129,31,3,63,78,97
2,1,31,25.0,1.0,3.1,.337,1.0,2.8,.368,0.0,0.3,.000,1.1,1.6,.647,2.8,4.2,1.0,0.1,2.0,2.5,3.1
2,2,31,775,1.7,4.9,.337,1.7,4.5,.368,0.0,0.4,.000,1.7,2.6,.647,4.4,6.7,1.6,0.2,3.3,4.0,5.0
2,3,31,775,2.5,7.5,.337,2.5,6.9,.368,0.0,0.6,.000,2.6,4.0,.647,6.8,10.2,2.4,0.2,5.0,6.2,7.7,,88.9,100.5
2,4,31,775,8.1,.407,.337,.084,.537,164,2.5,10.3,6.7,29.1,2.4,0.5,34.6,12.4,,-0.1,1.1,1.1,.055,,-4.2,-1.1,-5.3
3,0,30,924,187,303,.617,187,303,.617,0,0,,85,153,.556,102,190,292,40,8,35,63,84,459
3,1,30,30.8,6.2,10.1,.617,6.2,10.1,.617,0.0,0.0,,2.8,5.1,.556,9.7,1.3,0.3,1.2,2.1,2.8,15.3
3,2,30,924,8.1,13.1,.617,8.1,13.1,.617,0.0,0.0,,3.7,6.6,.556,12.6,1.7,0.3,1.5,2.7,3.6,19.9
3,3,30,924,12.4,20.1,.617,12.4,20.1,.617,0.0,0.0,,5.6,10.1,.556,19.3,2.6,0.5,2.3,4.2,5.6,30.4,,118.1,96.9
3,4,30,924,26.6,.611,.617,.000,.505,434,14.3,23.1,19.0,10.5,0.5,4.7,14.4,25.0,,3.1,1.7,4.7,.205,,2.2,-0.4,1.9
4,0,20,172,18,47,.383,4,12,.333,14,35,.400,6,16,.375,3,20,23,4,5,3,11,32,56
4,1,20,8.6,0.9,2.4,.383,0.2,0.6,.333,0.7,1.8,.400,0.3,0.8,.375,1.2,0.2,0.3,0.2,0.6,1.6,2.8
4,2,20,172,4.2,10.9,.383,0.9,2.8,.333,3.3,8.1,.400,1.4,3.7,.375,5.3,0.9,1.2,0.7,2.6,7.4,13.0
4,3,20,172,6.4,16.7,.383,1.4,4.3,.333,5.0,12.5,.400,2.1,5.7,.375,8.2,1.4,1.8,1.1,3.9,11.4,19.9,,94.0,99.3
4,4,20,172,8.6,.513,.532,.745,.340,48,2.3,13.1,8.0,4.6,1.8,2.1,16.8,20.1,,0.1,0.3,0.3,.077,,-2.3,-3.1,-5.5
5,0,31,401,32,80,.400,27,51,.529,5,29,.172,7,14,.500,0,36,36,35,16,0,24,25,76
5,1,31,12.9,1.0,2.6,.400,0.9,1.6,.529,0.2,0.9,.172,0.2,0.5,.500,1.2,1.1,0.5,0.0,0.8,0.8,2.5
5,2,31,401,3.2,8.0,.400,2.7,5.1,.529,0.5,2.9,.172,0.7,1.4,.500,3.6,3.5,1.6,0.0,2.4,2.5,7.6
5,3,31,401,4.9,12.2,.400,4.1,7.8,.529,0.8,4.4,.172,1.1,2.1,.500,5.5,5.3,2.4,0.0,3.7,3.8,11.6,,87.1,101.2
5,4,31,401,7.5,.439,.431,.363,.175,82,0.0,10.1,5.4,16.3,2.4,0.0,21.7,14.5,,-0.1,0.6,0.5,.047,,-4.3,-2.0,-6.3
6,0,28,442,32,78,.410,32,76,.421,0,2,.000,23,31,.742,21,35,56,15,9,12,38,78,87
6,1,28,15.8,1.1,2.8,.410,1.1,2.7,.421,0.0,0.1,.000,0.8,1.1,.742,2.0,0.5,0.3,0.4,1.4,2.8,3.1
6,2,28,442,2.9,7.1,.410,2.9,6.9,.421,0.0,0.2,.000,2.1,2.8,.742,5.1,1.4,0.8,1.1,3.4,7.1,7.9
6,3,28,442,4.4,10.8,.410,4.4,10.5,.421,0.0,0.3,.000,3.2,4.3,.742,7.8,2.1,1.2,1.7,5.3,10.8,12.0,,81.8,102.0
6,4,28,442,4.6,.469,.410,.026,.397,92,6.2,8.9,7.6,6.3,1.2,3.3,29.1,15.6,,-0.3,0.6,0.3,.027,,-6.0,-0.5,-6.4
7,0,32,1091,205,405,.506,141,241,.585,64,164,.390,150,181,.829,23,114,137,64,32,13,91,58,624
7,1,32,34.1,6.4,12.7,.506,4.4,7.5,.585,2.0,5.1,.390,4.7,5.7,.829,4.3,2.0,1.0,0.4,2.8,1.8,19.5
7,2,32,1091,7.5,14.8,.506,5.2,8.8,.585,2.3,6.0,.390,5.5,6.6,.829,5.0,2.3,1.2,0.5,3.3,2.1,22.9
7,3,32,1091,11.5,22.7,.506,7.9,13.5,.585,3.6,9.2,.390,8.4,10.2,.829,7.7,3.6,1.8,0.7,5.1,3.3,35.0,,118.8,101.2
7,4,32,1091,24.4,.635,.585,.405,.447,548,2.7,11.7,7.6,13.8,1.8,1.5,15.6,28.1,,4.0,1.5,5.5,.200,,4.9,-2.6,2.2
8,0,11,61,3,11,.273,2,2,1.000,1,9,.111,1,1,1.000,0,9,9,3,2,1,4,7,8
8,1,11,5.5,0.3,1.0,.273,0.2,0.2,1.000,0.1,0.8,.111,0.1,0.1,1.000,0.8,0.3,0.2,0.1,0.4,0.6,0.7
8,2,11,61,2.0,7.2,.273,1.3,1.3,1.000,0.7,5.9,.111,0.7,0.7,1.000,5.9,2.0,1.3,0.7,2.6,4.6,5.2
8,3,11,61,3.0,11.0,.273,2.0,2.0,1.000,1.0,9.0,.111,1.0,1.0,1.000,9.0,3.0,2.0,1.0,4.0,7.0,8.0,,66.7,97.7
8,4,11,61,2.8,.349,.318,.818,.091,8,0.0,16.6,8.9,8.7,2.0,2.0,25.8,13.4,,-0.1,0.1,0.0,.011,,-6.4,-0.6,-7.1
9,0,18,65,6,11,.545,6,11,.545,0,0,,2,2,1.000,0,4,4,2,1,2,3,9,14
9,1,18,3.6,0.3,0.6,.545,0.3,0.6,.545,0.0,0.0,,0.1,0.1,1.000,0.2,0.1,0.1,0.1,0.2,0.5,0.8
9,2,18,65,3.7,6.8,.545,3.7,6.8,.545,0.0,0.0,,1.2,1.2,1.000,2.5,1.2,0.6,1.2,1.8,5.5,8.6
9,3,18,65,5.6,10.4,.545,5.6,10.4,.545,0.0,0.0,,1.9,1.9,1.000,3.8,1.9,0.9,1.9,2.8,8.5,13.2,,101.6,103.7
9,4,18,65,7.6,.586,.545,.000,.182,12,0.0,6.9,3.7,5.9,0.9,3.8,20.1,12.1,,0.0,0.1,0.1,.071,,-4.7,-1.3,-6.0
10,0,32,1007,136,301,.452,88,167,.527,48,134,.358,93,139,.669,52,108,160,41,28,25,52,89,413
10,1,32,31.5,4.3,9.4,.452,2.8,5.2,.527,1.5,4.2,.358,2.9,4.3,.669,5.0,1.3,0.9,0.8,1.6,2.8,12.9
10,2,32,1007,5.4,12.0,.452,3.5,6.6,.527,1.9,5.3,.358,3.7,5.5,.669,6.4,1.6,1.1,1.0,2.1,3.5,16.4
10,3,32,1007,8.3,18.3,.452,5.3,10.1,.527,2.9,8.1,.358,5.7,8.4,.669,9.7,2.5,1.7,1.5,3.2,5.4,25.1,,114.5,100.3
10,4,32,1007,18.5,.563,.532,.445,.462,384,6.7,12.1,9.6,8.5,1.7,3.1,12.4,21.9,,2.5,1.5,3.9,.156,,2.0,-1.2,0.8
11,0,30,814,99,241,.411,64,126,.508,35,115,.304,42,66,.636,38,99,137,58,16,29,32,85,275
11,1,30,27.1,3.3,8.0,.411,2.1,4.2,.508,1.2,3.8,.304,1.4,2.2,.636,4.6,1.9,0.5,1.0,1.1,2.8,9.2
11,2,30,814,4.9,11.8,.411,3.1,6.2,.508,1.7,5.7,.304,2.1,3.2,.636,6.7,2.9,0.8,1.4,1.6,4.2,13.5
11,3,30,814,7.4,18.1,.411,4.8,9.5,.508,2.6,8.6,.304,3.2,5.0,.636,10.3,4.4,1.2,2.2,2.4,6.4,20.7,,111.5,99.9
11,4,30,814,16.1,.505,.483,.477,.274,276,6.0,13.7,10.1,14.5,1.2,4.4,10.5,19.7,,1.6,1.2,2.8,.138,,0.9,-0.2,0.6
12,0,26,108,1,10,.100,1,10,.100,0,0,,4,10,.400,7,8,15,1,1,3,7,19,6
12,1,26,4.2,0.0,0.4,.100,0.0,0.4,.100,0.0,0.0,,0.2,0.4,.400,0.6,0.0,0.0,0.1,0.3,0.7,0.2
12,2,26,108,0.4,3.7,.100,0.4,3.7,.100,0.0,0.0,,1.5,3.7,.400,5.6,0.4,0.4,1.1,2.6,7.0,2.2
12,3,26,108,0.6,5.7,.100,0.6,5.7,.100,0.0,0.0,,2.3,5.7,.400,8.5,0.6,0.6,1.7,4.0,10.8,3.4,,50.7,103.8
12,4,26,108,-2.6,.203,.100,.000,1.000,10,8.4,8.3,8.4,1.5,0.6,3.4,32.2,10.6,,-0.2,0.1,-0.1,-.038,,-9.1,-1.0,-10.1
