0,0,33,465,39,113,.345,34,87,.391,5,26,.192,15,27,.556,35,71,106,14,13,16,27,60,98
0,1,33,14.1,1.2,3.4,.345,1.0,2.6,.391,0.2,0.8,.192,0.5,0.8,.556,3.2,0.4,0.4,0.5,0.8,1.8,3.0
0,2,33,465,3.4,9.7,.345,2.9,7.5,.391,0.4,2.2,.192,1.3,2.3,.556,9.1,1.2,1.1,1.4,2.3,5.2,8.4
0,3,33,465,5.0,14.5,.345,4.4,11.1,.391,0.6,3.3,.192,1.9,3.5,.556,13.6,1.8,1.7,2.0,3.5,7.7,12.5,,82.5,100.4
0,4,33,465,8.7,.389,.367,.230,.239,108,8.6,17.6,13.1,6.0,1.7,3.6,17.7,17.0,,-0.2,0.6,0.4,.032,,-6.4,0.2,-6.1
1,0,33,1055,126,290,.434,73,161,.453,53,129,.411,135,157,.860,19,91,110,109,45,2,56,44,440
1,1,33,32.0,3.8,8.8,.434,2.2,4.9,.453,1.6,3.9,.411,4.1,4.8,.860,3.3,3.3,1.4,0.1,1.7,1.3,13.3
1,2,33,1055,4.8,11.0,.434,2.8,6.1,.453,2.0,4.9,.411,5.1,6.0,.860,4.2,4.1,1.7,0.1,2.1,1.7,16.7
1,3,33,1055,7.1,16.4,.434,4.1,9.1,.453,3.0,7.3,.411,7.6,8.9,.860,6.2,6.1,2.5,0.1,3.2,2.5,24.8,,122.4,104.0
1,4,33,1055,21.4,.603,.526,.445,.541,436,2.1,9.9,6.0,22.2,2.5,0.2,13.3,20.6,,3.5,1.0,4.6,.173,,3.9,-1.8,2.1
2,0,33,663,55,155,.355,18,52,.346,37,103,.359,7,14,.500,4,44,48,23,8,1,35,34,154
2,1,33,20.1,1.7,4.7,.355,0.5,1.6,.346,1.1,3.1,.359,0.2,0.4,.500,1.5,0.7,0.2,0.0,1.1,1.0,4.7
2,2,33,663,3.3,9.4,.355,1.1,3.1,.346,2.2,6.2,.359,0.4,0.8,.500,2.9,1.4,0.5,0.1,2.1,2.1,9.3
2,3,33,663,4.9,13.9,.355,1.6,4.7,.346,3.3,9.2,.359,0.6,1.3,.500,4.3,2.1,0.7,0.1,3.1,3.1,13.8,,87.1,109.0
2,4,33,663,5.7,.476,.474,.665,.090,138,0.7,7.6,4.2,6.9,0.7,0.2,17.8,15.3,,-0.1,0.3,0.2,.015,,-3.9,-3.2,-7.2
3,0,28,412,29,65,.446,26,50,.520,3,15,.200,8,14,.571,14,38,52,19,6,33,23,62,69
3,1,28,14.7,1.0,2.3,.446,0.9,1.8,.520,0.1,0.5,.200,0.3,0.5,.571,1.9,0.7,0.2,1.2,0.8,2.2,2.5
3,2,28,412,2.8,6.3,.446,2.5,4.9,.520,0.3,1.5,.200,0.8,1.4,.571,5.0,1.8,0.6,3.2,2.2,6.0,6.7
3,3,28,412,4.2,9.4,.446,3.8,7.2,.520,0.4,2.2,.200,1.2,2.0,.571,7.5,2.7,0.9,4.8,3.3,9.0,10.0,,88.1,102.8
3,4,28,412,8.3,.482,.469,.231,.215,74,3.9,10.6,7.2,8.9,0.9,8.3,24.3,11.9,,0.0,0.4,0.4,.042,,-5.4,3.0,-2.4
4,0,30,354,31,85,.365,19,44,.432,12,41,.293,13,27,.481,14,32,46,16,9,1,22,39,87
4,1,30,11.8,1.0,2.8,.365,0.6,1.5,.432,0.4,1.4,.293,0.4,0.9,.481,1.5,0.5,0.3,0.0,0.7,1.3,2.9
4,2,30,354,3.5,9.6,.365,2.1,5.0,.432,1.4,4.6,.293,1.5,3.1,.481,5.2,1.8,1.0,0.1,2.5,4.4,9.8
4,3,30,354,5.2,14.3,.365,3.2,7.4,.432,2.0,6.9,.293,2.2,4.5,.481,7.7,2.7,1.5,0.2,3.7,6.6,14.6,,86.8,105.7
4,4,30,354,7.2,.445,.435,.482,.318,88,4.5,10.4,7.5,9.1,1.5,0.3,18.4,17.5,,-0.1,0.3,0.2,.026,,-4.4,-2.5,-6.9
5,0,19,303,40,81,.494,40,81,.494,0,0,,20,28,.714,17,61,78,3,4,3,19,43,100
5,1,19,15.9,2.1,4.3,.494,2.1,4.3,.494,0.0,0.0,,1.1,1.5,.714,4.1,0.2,0.2,0.2,1.0,2.3,5.3
5,2,19,303,5.3,10.7,.494,5.3,10.7,.494,0.0,0.0,,2.6,3.7,.714,10.3,0.4,0.5,0.4,2.5,5.7,13.2
5,3,19,303,7.9,15.9,.494,7.9,15.9,.494,0.0,0.0,,3.9,5.5,.714,15.3,0.6,0.8,0.6,3.7,8.4,19.6,,98.0,101.1
5,4,19,303,12.8,.530,.494,.000,.346,91,6.4,23.2,14.8,2.2,0.8,1.0,16.8,19.3,,0.3,0.4,0.6,.084,,-6.2,-3.4,-9.7
6,0,25,804,174,388,.448,137,284,.482,37,104,.356,96,145,.662,59,114,173,30,59,7,56,38,481
6,1,25,32.2,7.0,15.5,.448,5.5,11.4,.482,1.5,4.2,.356,3.8,5.8,.662,6.9,1.2,2.4,0.3,2.2,1.5,19.2
6,2,25,804,8.7,19.3,.448,6.8,14.1,.482,1.8,5.2,.356,4.8,7.2,.662,8.6,1.5,2.9,0.3,2.8,1.9,23.9
6,3,25,804,12.9,28.7,.448,10.1,21.0,.482,2.7,7.7,.356,7.1,10.7,.662,12.8,2.2,4.4,0.5,4.1,2.8,35.6,,105.8,96.7
6,4,25,804,27.1,.526,.496,.268,.374,436,8.4,16.3,12.3,10.1,4.4,0.9,10.9,33.0,,2.1,1.3,3.4,.170,,2.1,-0.9,1.1
7,0,25,697,72,185,.389,36,88,.409,36,97,.371,51,64,.797,7,38,45,30,20,1,18,32,231
7,1,25,27.9,2.9,7.4,.389,1.4,3.5,.409,1.4,3.9,.371,2.0,2.6,.797,1.8,1.2,0.8,0.0,0.7,1.3,9.2
7,2,25,697,4.1,10.6,.389,2.1,5.1,.409,2.1,5.6,.371,2.9,3.7,.797,2.6,1.7,1.1,0.1,1.0,1.8,13.3
7,3,25,697,6.1,15.8,.389,3.1,7.5,.409,3.1,8.3,.371,4.4,5.5,.797,3.8,2.6,1.7,0.1,1.5,2.7,19.7,,113.6,107.4
7,4,25,697,13.7,.536,.486,.524,.346,209,1.1,6.3,3.7,8.9,1.7,0.1,7.7,17.3,,1.4,0.4,1.8,.103,,0.2,-3.0,-2.8
8,0,8,16,4,6,.667,4,4,1.000,0,2,.000,1,2,.500,2,2,4,0,0,0,1,2,9
8,1,8,2.0,0.5,0.8,.667,0.5,0.5,1.000,0.0,0.3,.000,0.1,0.3,.500,0.5,0.0,0.0,0.0,0.1,0.3,1.1
8,2,8,16,10.0,15.0,.667,10.0,10.0,1.000,0.0,5.0,.000,2.5,5.0,.500,10.0,0.0,0.0,0.0,2.5,5.0,22.5
8,3,8,16,14.9,22.3,.667,14.9,14.9,1.000,0.0,7.4,.000,3.7,7.4,.500,14.9,0.0,0.0,0.0,3.7,7.4,33.5,,116.2,107.3
8,4,8,16,25.1,.647,.667,.333,.333,7,14.3,14.4,14.3,0.0,0.0,0.0,12.6,25.7,,0.1,0.0,0.1,.151,,0.2,-10.4,-10.2
9,0,8,132,24,46,.522,24,46,.522,0,0,,8,13,.615,16,25,41,0,1,3,6,12,56
9,1,8,16.5,3.0,5.8,.522,3.0,5.8,.522,0.0,0.0,,1.0,1.6,.615,5.1,0.0,0.1,0.4,0.8,1.5,7.0
9,2,8,132,7.3,13.9,.522,7.3,13.9,.522,0.0,0.0,,2.4,3.9,.615,12.4,0.0,0.3,0.9,1.8,3.6,17.0
9,3,8,132,10.8,20.7,.522,10.8,20.7,.522,0.0,0.0,,3.6,5.9,.615,18.5,0.0,0.5,1.4,2.7,5.4,25.2,,108.8,102.0
9,4,8,132,20.6,.537,.522,.000,.283,52,13.9,21.8,17.8,0.0,0.5,2.4,10.3,22.8,,0.3,0.2,0.4,.132,,-5.1,-7.2,-12.3
10,0,32,1067,122,265,.460,99,180,.550,23,85,.271,42,75,.560,35,110,145,133,74,9,103,67,309
10,1,32,33.3,3.8,8.3,.460,3.1,5.6,.550,0.7,2.7,.271,1.3,2.3,.560,4.5,4.2,2.3,0.3,3.2,2.1,9.7
10,2,32,1067,4.6,9.9,.460,3.7,6.7,.550,0.9,3.2,.271,1.6,2.8,.560,5.4,5.0,2.8,0.3,3.9,2.5,11.6
10,3,32,1067,6.8,14.8,.460,5.5,10.0,.550,1.3,4.7,.271,2.3,4.2,.560,8.1,7.4,4.1,0.5,5.7,3.7,17.2,,94.1,99.2
10,4,32,1067,15.4,.514,.504,.321,.283,345,3.8,11.9,7.8,26.4,4.1,0.9,25.5,19.6,,0.6,1.5,2.1,.079,,-1.0,1.3,0.3
11,0,33,657,60,154,.390,59,153,.386,1,1,1.000,67,85,.788,63,100,163,8,19,47,49,111,188
11,1,33,19.9,1.8,4.7,.390,1.8,4.6,.386,0.0,0.0,1.000,2.0,2.6,.788,4.9,0.2,0.6,1.4,1.5,3.4,5.7
11,2,33,657,3.7,9.4,.390,3.6,9.3,.386,0.1,0.1,1.000,4.1,5.2,.788,9.9,0.5,1.2,2.9,3.0,6.8,11.4
11,3,33,657,5.4,13.9,.390,5.3,13.9,.386,0.1,0.1,1.000,6.1,7.7,.788,14.8,0.7,1.7,4.3,4.4,10.1,17.0,,94.2,98.2
11,4,33,657,13.6,.484,.393,.006,.552,198,11.0,17.5,14.2,2.5,1.7,7.4,20.1,19.1,,0.3,1.0,1.4,.082,,-6.0,1.6,-4.4
