0,0,32,543,42,104,.404,39,89,.438,3,15,.200,25,58,.431,45,71,116,11,10,21,30,64,112
0,1,32,17.0,1.3,3.3,.404,1.2,2.8,.438,0.1,0.5,.200,0.8,1.8,.431,3.6,0.3,0.3,0.7,0.9,2.0,3.5
0,2,32,543,3.1,7.7,.404,2.9,6.6,.438,0.2,1.1,.200,1.8,4.3,.431,8.5,0.8,0.7,1.5,2.2,4.7,8.3
0,3,32,543,4.5,11.2,.404,4.2,9.6,.438,0.3,1.6,.200,2.7,6.3,.431,12.5,1.2,1.1,2.3,3.2,6.9,12.1,,86.7,98.8
0,4,32,543,8.9,.426,.418,.144,.558,124,9.6,15.0,12.3,3.9,1.1,4.2,18.6,15.2,,-0.1,0.8,0.7,.053,,-5.5,-0.2,-5.6
1,0,32,963,113,232,.487,76,155,.490,37,77,.481,90,116,.776,17,73,90,93,41,3,56,40,353
1,1,32,30.1,3.5,7.3,.487,2.4,4.8,.490,1.2,2.4,.481,2.8,3.6,.776,2.8,2.9,1.3,0.1,1.8,1.3,11.0
1,2,32,963,4.7,9.6,.487,3.2,6.4,.490,1.5,3.2,.481,3.7,4.8,.776,3.7,3.9,1.7,0.1,2.3,1.7,14.7
1,3,32,963,6.9,14.1,.487,4.6,9.4,.490,2.3,4.7,.481,5.5,7.1,.776,5.5,5.7,2.5,0.2,3.4,2.4,21.5,,117.6,100.7
1,4,32,963,18.5,.615,.567,.332,.500,349,2.0,8.7,5.4,20.3,2.5,0.3,16.3,18.2,,2.4,1.3,3.7,.154,,2.1,-1.8,0.4
2,0,28,249,23,60,.383,16,33,.485,7,27,.259,11,17,.647,3,21,24,14,8,0,14,10,64
2,1,28,8.9,0.8,2.1,.383,0.6,1.2,.485,0.3,1.0,.259,0.4,0.6,.647,0.9,0.5,0.3,0.0,0.5,0.4,2.3
2,2,28,249,3.7,9.6,.383,2.6,5.3,.485,1.1,4.3,.259,1.8,2.7,.647,3.9,2.2,1.3,0.0,2.2,1.6,10.3
2,3,28,249,5.4,14.1,.383,3.8,7.8,.485,1.6,6.4,.259,2.6,4.0,.647,5.6,3.3,1.9,0.0,3.3,2.4,15.1,,90.4,101.9
2,4,28,249,9.1,.470,.442,.450,.283,62,1.4,9.7,5.5,11.2,1.9,0.0,17.1,16.9,,0.0,0.3,0.3,.053,,-4.0,-3.0,-7.0
3,0,24,121,11,18,.611,10,14,.714,1,4,.250,4,9,.444,9,15,24,3,2,5,12,19,27
3,1,24,5.0,0.5,0.8,.611,0.4,0.6,.714,0.0,0.2,.250,0.2,0.4,.444,1.0,0.1,0.1,0.2,0.5,0.8,1.1
3,2,24,121,3.6,6.0,.611,3.3,4.6,.714,0.3,1.3,.250,1.3,3.0,.444,7.9,1.0,0.7,1.7,4.0,6.3,8.9
3,3,24,121,5.3,8.7,.611,4.8,6.8,.714,0.5,1.9,.250,1.9,4.4,.444,11.6,1.5,1.0,2.4,5.8,9.2,13.1,,87.2,99.0
3,4,24,121,8.9,.606,.639,.222,.500,27,8.6,14.2,11.4,4.9,1.0,4.4,35.0,14.5,,0.0,0.2,0.2,.054,,-5.1,-0.2,-5.3
4,0,30,631,116,170,.682,116,170,.682,0,0,,45,90,.500,54,129,183,18,10,24,55,86,277
4,1,30,21.0,3.9,5.7,.682,3.9,5.7,.682,0.0,0.0,,1.5,3.0,.500,6.1,0.6,0.3,0.8,1.8,2.9,9.2
4,2,30,631,7.4,10.8,.682,7.4,10.8,.682,0.0,0.0,,2.9,5.7,.500,11.6,1.1,0.6,1.5,3.5,5.5,17.6
4,3,30,631,10.8,15.8,.682,10.8,15.8,.682,0.0,0.0,,4.2,8.4,.500,17.0,1.7,0.9,2.2,5.1,8.0,25.7,,108.7,95.6
4,4,30,631,21.4,.651,.682,.000,.529,247,9.9,23.4,16.7,7.0,0.9,4.1,20.5,21.7,,1.3,1.1,2.4,.154,,-1.0,-0.5,-1.5
5,0,16,80,2,18,.111,2,15,.133,0,3,.000,7,8,.875,2,7,9,4,3,0,5,5,11
5,1,16,5.0,0.1,1.1,.111,0.1,0.9,.133,0.0,0.2,.000,0.4,0.5,.875,0.6,0.3,0.2,0.0,0.3,0.3,0.7
5,2,16,80,1.0,9.0,.111,1.0,7.5,.133,0.0,1.5,.000,3.5,4.0,.875,4.5,2.0,1.5,0.0,2.5,2.5,5.5
5,3,16,80,1.5,13.2,.111,1.5,11.0,.133,0.0,2.2,.000,5.1,5.9,.875,6.6,2.9,2.2,0.0,3.7,3.7,8.1,,59.2,100.9
5,4,16,80,0.8,.252,.111,.167,.444,13,2.9,10.0,6.5,8.8,2.2,0.0,18.7,17.2,,-0.2,0.1,-0.1,-.043,,-10.1,-2.2,-12.3
6,0,3,37,4,10,.400,2,6,.333,2,4,.500,2,3,.667,1,3,4,1,0,1,1,5,12
6,1,3,12.3,1.3,3.3,.400,0.7,2.0,.333,0.7,1.3,.500,0.7,1.0,.667,1.3,0.3,0.0,0.3,0.3,1.7,4.0
6,2,3,37,4.3,10.8,.400,2.2,6.5,.333,2.2,4.3,.500,2.2,3.2,.667,4.3,1.1,0.0,1.1,1.1,5.4,13.0
6,3,3,37,6.3,15.8,.400,3.2,9.5,.333,3.2,6.3,.500,3.2,4.8,.667,6.3,1.6,0.0,1.6,1.6,7.9,19.0,,108.5,104.2
6,4,3,37,11.0,.525,.500,.400,.300,11,3.1,9.3,6.2,5.6,0.0,2.9,8.0,17.2,,0.1,0.0,0.1,.100,,-2.5,-3.7,-6.2
7,0,13,56,1,8,.125,0,1,.000,1,7,.143,0,0,,1,3,4,3,0,0,2,4,3
7,1,13,4.3,0.1,0.6,.125,0.0,0.1,.000,0.1,0.5,.143,0.0,0.0,,0.3,0.2,0.0,0.0,0.2,0.3,0.2
7,2,13,56,0.7,5.7,.125,0.0,0.7,.000,0.7,5.0,.143,0.0,0.0,,2.9,2.1,0.0,0.0,1.4,2.9,2.1
7,3,13,56,1.0,8.4,.125,0.0,1.0,.000,1.0,7.3,.143,0.0,0.0,,4.2,3.1,0.0,0.0,2.1,4.2,3.1,,54.7,107.4
7,4,13,56,-1.8,.188,.188,.875,.000,5,2.1,6.1,4.1,9.3,0.0,0.0,20.0,9.1,,-0.1,0.0,0.0,-.034,,-7.2,-3.7,-10.9
8,0,32,905,149,377,.395,126,259,.486,23,118,.195,99,158,.627,53,136,189,63,50,15,76,59,420
8,1,32,28.3,4.7,11.8,.395,3.9,8.1,.486,0.7,3.7,.195,3.1,4.9,.627,5.9,2.0,1.6,0.5,2.4,1.8,13.1
8,2,32,905,6.6,16.7,.395,5.6,11.4,.486,1.0,5.2,.195,4.4,7.0,.627,8.4,2.8,2.2,0.7,3.4,2.6,18.6
8,3,32,905,9.6,24.4,.395,8.2,16.8,.486,1.5,7.6,.195,6.4,10.2,.627,12.2,4.1,3.2,1.0,4.9,3.8,27.2,,93.9,94.6
8,4,32,905,18.6,.465,.426,.313,.419,417,6.7,17.2,12.0,16.3,3.2,1.8,14.4,29.9,,0.6,1.7,2.4,.104,,-1.7,-0.3,-1.9
9,0,19,67,6,13,.462,5,10,.500,1,3,.333,3,9,.333,1,5,6,0,0,2,7,9,16
9,1,19,3.5,0.3,0.7,.462,0.3,0.5,.500,0.1,0.2,.333,0.2,0.5,.333,0.3,0.0,0.0,0.1,0.4,0.5,0.8
9,2,19,67,3.6,7.8,.462,3.0,6.0,.500,0.6,1.8,.333,1.8,5.4,.333,3.6,0.0,0.0,1.2,4.2,5.4,9.6
9,3,19,67,5.2,11.4,.462,4.4,8.7,.500,0.9,2.6,.333,2.6,7.9,.333,5.2,0.0,0.0,1.7,6.1,7.9,14.0,,66.3,104.3
9,4,19,67,0.9,.463,.500,.231,.692,13,1.7,8.5,5.1,0.0,0.0,3.2,28.8,18.6,,-0.1,0.1,-0.1,-.040,,-10.5,-4.4,-14.9
10,0,31,800,113,272,.415,51,104,.490,62,168,.369,35,49,.714,31,106,137,30,10,43,41,102,323
10,1,31,25.8,3.6,8.8,.415,1.6,3.4,.490,2.0,5.4,.369,1.1,1.6,.714,4.4,1.0,0.3,1.4,1.3,3.3,10.4
10,2,31,800,5.7,13.6,.415,2.6,5.2,.490,3.1,8.4,.369,1.8,2.5,.714,6.9,1.5,0.5,2.2,2.1,5.1,16.2
10,3,31,800,8.3,19.9,.415,3.7,7.6,.490,4.5,12.3,.369,2.6,3.6,.714,10.0,2.2,0.7,3.2,3.0,7.5,23.7,,105.9,98.6
10,4,31,800,16.4,.547,.529,.618,.180,289,4.5,15.2,9.8,8.3,0.7,5.8,12.2,21.5,,1.3,1.2,2.5,.127,,0.4,-0.6,-0.2
11,0,32,735,54,151,.358,25,67,.373,29,84,.345,44,57,.772,6,40,46,53,13,3,28,30,181
11,1,32,23.0,1.7,4.7,.358,0.8,2.1,.373,0.9,2.6,.345,1.4,1.8,.772,1.4,1.7,0.4,0.1,0.9,0.9,5.7
11,2,32,735,2.9,8.2,.358,1.4,3.6,.373,1.6,4.6,.345,2.4,3.1,.772,2.5,2.9,0.7,0.2,1.5,1.6,9.9
11,3,32,735,4.3,12.0,.358,2.0,5.3,.373,2.3,6.7,.345,3.5,4.5,.772,3.7,4.2,1.0,0.2,2.2,2.4,14.4,,104.9,104.9
11,4,32,735,9.9,.508,.454,.556,.377,183,0.9,6.2,3.6,13.9,1.0,0.4,13.6,14.4,,0.8,0.7,1.5,.080,,-1.5,-3.3,-4.9
12,0,6,10,1,2,.500,1,2,.500,0,0,,1,2,.500,4,1,5,0,0,0,0,0,3
12,1,6,1.7,0.2,0.3,.500,0.2,0.3,.500,0.0,0.0,,0.2,0.3,.500,0.8,0.0,0.0,0.0,0.0,0.0,0.5
12,2,6,10,4.0,8.0,.500,4.0,8.0,.500,0.0,0.0,,4.0,8.0,.500,20.0,0.0,0.0,0.0,0.0,0.0,12.0
12,3,6,10,5.9,11.7,.500,5.9,11.7,.500,0.0,0.0,,5.9,11.7,.500,29.3,0.0,0.0,0.0,0.0,0.0,17.6,,144.2,105.5
12,4,6,10,28.4,.508,.500,.000,1.000,5,46.1,11.4,28.7,0.0,0.0,0.0,0.0,15.1,,0.1,0.0,0.1,.240,,3.8,-11.0,-7.2
13,0,31,974,108,242,.446,73,143,.510,35,99,.354,44,73,.603,28,107,135,108,57,10,101,70,295
13,1,31,31.4,3.5,7.8,.446,2.4,4.6,.510,1.1,3.2,.354,1.4,2.4,.603,4.4,3.5,1.8,0.3,3.3,2.3,9.5
13,2,31,974,4.4,9.9,.446,3.0,5.9,.510,1.4,4.1,.354,1.8,3.0,.603,5.5,4.4,2.3,0.4,4.1,2.9,12.1
13,3,31,974,6.5,14.6,.446,4.4,8.6,.510,2.1,6.0,.354,2.6,4.4,.603,8.1,6.5,3.4,0.6,6.1,4.2,17.8,,92.6,96.4
13,4,31,974,14.0,.533,.519,.409,.302,316,3.3,12.6,8.0,23.0,3.4,1.1,26.7,19.9,,0.4,1.7,2.0,.084,,-1.1,0.5,-0.6
14,0,29,254,19,45,.422,19,45,.422,0,0,,18,30,.600,17,39,56,0,3,12,32,58,56
14,1,29,8.8,0.7,1.6,.422,0.7,1.6,.422,0.0,0.0,,0.6,1.0,.600,1.9,0.0,0.1,0.4,1.1,2.0,1.9
14,2,29,254,3.0,7.1,.422,3.0,7.1,.422,0.0,0.0,,2.8,4.7,.600,8.8,0.0,0.5,1.9,5.0,9.1,8.8
14,3,29,254,4.4,10.4,.422,4.4,10.4,.422,0.0,0.0,,4.2,6.9,.600,12.9,0.0,0.7,2.8,7.4,13.4,12.9,,69.8,97.5
14,4,29,254,3.1,.473,.422,.000,.667,56,7.7,17.6,12.7,0.0,0.7,5.1,35.1,18.4,,-0.4,0.4,0.0,-.005,,-11.5,-2.8,-14.2
