0,0,34,586,70,148,.473,70,148,.473,0,0,,44,79,.557,39,58,97,7,2,18,31,87,184
0,1,34,17.2,2.1,4.4,.473,2.1,4.4,.473,0.0,0.0,,1.3,2.3,.557,2.9,0.2,0.1,0.5,0.9,2.6,5.4
0,2,34,586,4.8,10.1,.473,4.8,10.1,.473,0.0,0.0,,3.0,5.4,.557,6.6,0.5,0.1,1.2,2.1,5.9,12.6
0,3,34,586,7.1,15.0,.473,7.1,15.0,.473,0.0,0.0,,4.4,8.0,.557,9.8,0.7,0.2,1.8,3.1,8.8,18.6,,98.8,105.1
0,4,34,586,10.2,.496,.473,.000,.534,179,8.3,10.9,9.6,2.3,0.2,2.9,14.3,19.2,,0.5,0.6,1.1,.072,,-5.6,-2.6,-8.2
1,0,34,1032,140,337,.415,57,114,.500,83,223,.372,61,77,.792,33,160,193,49,43,10,59,89,424
1,1,34,30.4,4.1,9.9,.415,1.7,3.4,.500,2.4,6.6,.372,1.8,2.3,.792,5.7,1.4,1.3,0.3,1.7,2.6,12.5
1,2,34,1032,5.4,13.1,.415,2.2,4.4,.500,3.2,8.6,.372,2.4,3.0,.792,7.5,1.9,1.7,0.4,2.3,3.4,16.4
1,3,34,1032,8.0,19.3,.415,3.3,6.5,.500,4.8,12.8,.372,3.5,4.4,.792,11.1,2.8,2.5,0.6,3.4,5.1,24.3,,109.9,99.0
1,4,34,1032,17.6,.567,.539,.662,.228,387,4.0,17.0,10.9,9.4,2.5,0.9,13.6,21.8,,2.0,1.6,3.7,.142,,1.3,-0.8,0.6
2,0,21,181,16,48,.333,3,4,.750,13,44,.295,3,4,.750,2,15,17,10,5,0,8,10,48
2,1,21,8.6,0.8,2.3,.333,0.1,0.2,.750,0.6,2.1,.295,0.1,0.2,.750,0.8,0.5,0.2,0.0,0.4,0.5,2.3
2,2,21,181,3.5,10.6,.333,0.7,0.9,.750,2.9,9.7,.295,0.7,0.9,.750,3.8,2.2,1.1,0.0,1.8,2.2,10.6
2,3,21,181,5.2,15.7,.333,1.0,1.3,.750,4.3,14.4,.295,1.0,1.3,.750,5.6,3.3,1.6,0.0,2.6,3.3,15.7,,97.3,104.9
2,4,21,181,8.8,.481,.469,.917,.083,46,1.4,9.1,5.5,10.0,1.6,0.0,13.8,16.6,,0.1,0.2,0.3,.063,,-1.8,-3.2,-5.0
3,0,30,733,99,198,.500,77,143,.538,22,55,.400,61,86,.709,63,113,176,32,13,53,32,77,281
3,1,30,24.4,3.3,6.6,.500,2.6,4.8,.538,0.7,1.8,.400,2.0,2.9,.709,5.9,1.1,0.4,1.8,1.1,2.6,9.4
3,2,30,733,5.4,10.8,.500,4.2,7.8,.538,1.2,3.0,.400,3.3,4.7,.709,9.6,1.7,0.7,2.9,1.7,4.2,15.3
3,3,30,733,8.0,16.0,.500,6.2,11.5,.538,1.8,4.4,.400,4.9,6.9,.709,14.2,2.6,1.0,4.3,2.6,6.2,22.7,,121.9,98.6
3,4,30,733,21.8,.588,.556,.278,.434,284,10.7,16.9,14.0,8.6,1.0,6.9,11.8,19.2,,2.1,1.2,3.3,.182,,0.9,1.8,2.7
4,0,33,923,133,246,.541,119,208,.572,14,38,.368,99,134,.739,44,171,215,73,29,34,72,87,379
4,1,33,28.0,4.0,7.5,.541,3.6,6.3,.572,0.4,1.2,.368,3.0,4.1,.739,6.5,2.2,0.9,1.0,2.2,2.6,11.5
4,2,33,923,5.8,10.7,.541,5.2,9.0,.572,0.6,1.6,.368,4.3,5.8,.739,9.3,3.2,1.3,1.5,3.1,3.8,16.4
4,3,33,923,8.5,15.8,.541,7.6,13.3,.572,0.9,2.4,.368,6.3,8.6,.739,13.8,4.7,1.9,2.2,4.6,5.6,24.3,,114.4,97.3
4,4,33,923,21.3,.612,.569,.154,.545,380,5.9,20.3,13.6,15.9,1.9,3.5,18.9,21.5,,2.3,1.6,4.0,.172,,0.1,1.8,2.0
5,0,8,13,0,4,.000,0,0,,0,4,.000,0,0,,0,1,1,0,0,0,0,1,0
5,1,8,1.6,0.0,0.5,.000,0.0,0.0,,0.0,0.5,.000,0.0,0.0,,0.1,0.0,0.0,0.0,0.0,0.1,0.0
5,2,8,13,0.0,12.3,.000,0.0,0.0,,0.0,12.3,.000,0.0,0.0,,3.1,0.0,0.0,0.0,0.0,3.1,0.0
5,3,8,13,0.0,18.2,.000,0.0,0.0,,0.0,18.2,.000,0.0,0.0,,4.6,0.0,0.0,0.0,0.0,4.6,0.0,,0.0,108.6
5,4,8,13,-13.4,.000,.000,1.000,.000,0,0.0,8.4,4.5,0.0,0.0,0.0,0.0,16.0,,-0.1,0.0,-0.1,-.190,,-14.0,-6.8,-20.8
6,0,34,879,92,206,.447,12,24,.500,80,182,.440,38,44,.864,10,45,55,47,17,2,28,71,302
6,1,34,25.9,2.7,6.1,.447,0.4,0.7,.500,2.4,5.4,.440,1.1,1.3,.864,1.6,1.4,0.5,0.1,0.8,2.1,8.9
6,2,34,879,4.2,9.4,.447,0.5,1.1,.500,3.6,8.3,.440,1.7,2.0,.864,2.5,2.1,0.8,0.1,1.3,3.2,13.7
6,3,34,879,6.2,13.9,.447,0.8,1.6,.500,5.4,12.3,.440,2.6,3.0,.864,3.7,3.2,1.1,0.1,1.9,4.8,20.3,,129.4,107.3
6,4,34,879,14.5,.665,.641,.883,.214,265,1.4,5.6,3.6,10.0,1.1,0.2,11.0,15.1,,2.3,0.7,3.0,.138,,3.5,-3.2,0.3
7,0,34,1102,207,424,.488,147,272,.540,60,152,.395,67,93,.720,30,73,103,123,35,1,77,38,541
7,1,34,32.4,6.1,12.5,.488,4.3,8.0,.540,1.8,4.5,.395,2.0,2.7,.720,3.0,3.6,1.0,0.0,2.3,1.1,15.9
7,2,34,1102,7.5,15.4,.488,5.3,9.9,.540,2.2,5.5,.395,2.4,3.4,.720,3.7,4.5,1.3,0.0,2.8,1.4,19.6
7,3,34,1102,11.1,22.8,.488,7.9,14.6,.540,3.2,8.2,.395,3.6,5.0,.720,5.5,6.6,1.9,0.1,4.1,2.0,29.1,,114.5,105.3
7,4,34,1102,20.9,.578,.559,.358,.219,529,3.4,7.3,5.4,24.6,1.9,0.1,14.1,25.7,,3.3,1.1,4.4,.158,,2.5,-2.7,-0.2
8,0,34,1098,103,220,.468,75,144,.521,28,76,.368,132,180,.733,53,137,190,115,57,24,82,69,366
8,1,34,32.3,3.0,6.5,.468,2.2,4.2,.521,0.8,2.2,.368,3.9,5.3,.733,5.6,3.4,1.7,0.7,2.4,2.0,10.8
8,2,34,1098,3.8,8.0,.468,2.7,5.2,.521,1.0,2.8,.368,4.8,6.6,.733,6.9,4.2,2.1,0.9,3.0,2.5,13.3
8,3,34,1098,5.6,11.9,.468,4.0,7.8,.521,1.5,4.1,.368,7.1,9.7,.733,10.2,6.2,3.1,1.3,4.4,3.7,19.7,,116.0,98.6
8,4,34,1098,19.4,.599,.532,.345,.818,412,6.0,13.7,10.1,19.1,3.1,2.1,21.2,18.3,,2.7,1.8,4.5,.162,,1.6,2.0,3.6
9,0,31,252,12,27,.444,4,13,.308,8,14,.571,17,24,.708,3,18,21,35,12,0,23,16,49
9,1,31,8.1,0.4,0.9,.444,0.1,0.4,.308,0.3,0.5,.571,0.5,0.8,.708,0.7,1.1,0.4,0.0,0.7,0.5,1.6
9,2,31,252,1.9,4.3,.444,0.6,2.1,.308,1.3,2.2,.571,2.7,3.8,.708,3.3,5.6,1.9,0.0,3.7,2.5,7.8
9,3,31,252,2.8,6.3,.444,0.9,3.1,.308,1.9,3.3,.571,4.0,5.6,.708,4.9,8.2,2.8,0.0,5.4,3.8,11.5,,104.3,102.9
9,4,31,252,11.1,.638,.593,.519,.889,64,1.5,7.8,4.9,23.4,2.8,0.0,37.5,12.7,,0.3,0.3,0.6,.089,,-2.4,-1.8,-4.3
