0,0,32,398,48,95,.505,48,95,.505,0,0,,22,42,.524,24,42,66,1,9,32,25,74,118
0,1,32,12.4,1.5,3.0,.505,1.5,3.0,.505,0.0,0.0,,0.7,1.3,.524,2.1,0.0,0.3,1.0,0.8,2.3,3.7
0,2,32,398,4.8,9.5,.505,4.8,9.5,.505,0.0,0.0,,2.2,4.2,.524,6.6,0.1,0.9,3.2,2.5,7.4,11.9
0,3,32,398,7.0,13.8,.505,7.0,13.8,.505,0.0,0.0,,3.2,6.1,.524,9.6,0.1,1.3,4.6,3.6,10.7,17.1,,94.5,105.0
0,4,32,398,11.2,.513,.505,.000,.442,107,6.9,11.8,9.4,0.5,1.3,7.7,17.9,17.3,,0.1,0.5,0.6,.057,,-5.8,0.1,-5.7
1,0,32,908,96,250,.384,28,79,.354,68,171,.398,70,85,.824,29,104,133,28,27,10,58,92,330
1,1,32,28.4,3.0,7.8,.384,0.9,2.5,.354,2.1,5.3,.398,2.2,2.7,.824,4.2,0.9,0.8,0.3,1.8,2.9,10.3
1,2,32,908,4.2,11.0,.384,1.2,3.5,.354,3.0,7.5,.398,3.1,3.7,.824,5.9,1.2,1.2,0.4,2.6,4.1,14.5
1,3,32,908,6.1,15.9,.384,1.8,5.0,.354,4.3,10.9,.398,4.5,5.4,.824,8.5,1.8,1.7,0.6,3.7,5.9,21.0,,107.9,108.3
1,4,32,908,12.7,.568,.520,.684,.340,297,3.6,12.8,8.3,6.1,1.7,1.0,16.6,18.9,,1.2,0.9,2.0,.090,,0.7,-2.1,-1.4
2,0,12,72,13,26,.500,1,2,.500,12,24,.500,1,2,.500,2,3,5,3,0,0,3,8,39
2,1,12,6.0,1.1,2.2,.500,0.1,0.2,.500,1.0,2.0,.500,0.1,0.2,.500,0.4,0.3,0.0,0.0,0.3,0.7,3.3
2,2,12,72,7.2,14.4,.500,0.6,1.1,.500,6.7,13.3,.500,0.6,1.1,.500,2.8,1.7,0.0,0.0,1.7,4.4,21.7
2,3,12,72,10.4,20.9,.500,0.8,1.6,.500,9.6,19.3,.500,0.8,1.6,.500,4.0,2.4,0.0,0.0,2.4,6.4,31.3,,135.8,115.6
2,4,12,72,19.5,.724,.731,.923,.077,30,3.2,4.7,3.9,9.6,0.0,0.0,10.0,20.5,,0.3,0.0,0.3,.159,,6.7,-7.3,-0.5
3,0,18,125,13,30,.433,3,12,.250,10,18,.556,15,25,.600,1,9,10,16,6,2,15,13,51
3,1,18,6.9,0.7,1.7,.433,0.2,0.7,.250,0.6,1.0,.556,0.8,1.4,.600,0.6,0.9,0.3,0.1,0.8,0.7,2.8
3,2,18,125,4.2,9.6,.433,1.0,3.8,.250,3.2,5.8,.556,4.8,8.0,.600,3.2,5.1,1.9,0.6,4.8,4.2,16.3
3,3,18,125,6.0,13.9,.433,1.4,5.5,.250,4.6,8.3,.556,6.9,11.6,.600,4.6,7.4,2.8,0.9,6.9,6.0,23.6,,104.5,107.5
3,4,18,125,15.0,.609,.600,.600,.833,52,0.9,8.1,4.5,25.1,2.8,1.5,26.4,22.4,,0.2,0.1,0.3,.095,,0.0,-3.0,-3.0
4,0,32,606,69,172,.401,42,83,.506,27,89,.303,32,40,.800,51,73,124,24,15,20,27,80,197
4,1,32,18.9,2.2,5.4,.401,1.3,2.6,.506,0.8,2.8,.303,1.0,1.3,.800,3.9,0.8,0.5,0.6,0.8,2.5,6.2
4,2,32,606,4.6,11.4,.401,2.8,5.5,.506,1.8,5.9,.303,2.1,2.6,.800,8.2,1.6,1.0,1.3,1.8,5.3,13.0
4,3,32,606,6.6,16.4,.401,4.0,7.9,.506,2.6,8.5,.303,3.1,3.8,.800,11.8,2.3,1.4,1.9,2.6,7.6,18.8,,111.1,107.2
4,4,32,606,14.4,.516,.480,.517,.233,200,9.6,13.5,11.6,7.9,1.4,3.1,12.4,17.7,,0.9,0.6,1.6,.104,,0.5,-1.1,-0.6
5,0,32,687,85,160,.531,72,118,.610,13,42,.310,64,90,.711,45,130,175,53,16,15,89,87,247
5,1,32,21.5,2.7,5.0,.531,2.3,3.7,.610,0.4,1.3,.310,2.0,2.8,.711,5.5,1.7,0.5,0.5,2.8,2.7,7.7
5,2,32,687,4.9,9.3,.531,4.2,6.9,.610,0.8,2.4,.310,3.7,5.2,.711,10.2,3.1,0.9,0.9,5.2,5.1,14.4
5,3,32,687,7.1,13.5,.531,6.1,9.9,.610,1.1,3.5,.310,5.4,7.6,.711,14.7,4.5,1.3,1.3,7.5,7.3,20.8,,97.7,105.1
5,4,32,687,14.4,.609,.572,.263,.563,254,7.5,21.2,14.4,15.7,1.3,2.1,30.5,20.9,,0.4,0.9,1.3,.073,,-1.7,-0.1,-1.7
6,0,32,792,74,175,.423,58,128,.453,16,47,.340,68,101,.673,38,70,108,50,15,3,49,63,232
6,1,32,24.8,2.3,5.5,.423,1.8,4.0,.453,0.5,1.5,.340,2.1,3.2,.673,3.4,1.6,0.5,0.1,1.5,2.0,7.3
6,2,32,792,3.7,8.8,.423,2.9,6.5,.453,0.8,2.4,.340,3.4,5.1,.673,5.5,2.5,0.8,0.2,2.5,3.2,11.7
6,3,32,792,5.4,12.8,.423,4.2,9.3,.453,1.2,3.4,.340,5.0,7.4,.673,7.9,3.6,1.1,0.2,3.6,4.6,16.9,,104.4,111.3
6,4,32,792,11.0,.520,.469,.269,.577,241,5.5,9.9,7.7,12.1,1.1,0.4,18.0,16.9,,0.8,0.5,1.3,.066,,-1.3,-2.2,-3.5
7,0,32,921,138,322,.429,88,187,.471,50,135,.370,73,93,.785,12,54,66,83,18,3,74,50,399
7,1,32,28.8,4.3,10.1,.429,2.8,5.8,.471,1.6,4.2,.370,2.3,2.9,.785,2.1,2.6,0.6,0.1,2.3,1.6,12.5
7,2,32,921,6.0,14.0,.429,3.8,8.1,.471,2.2,5.9,.370,3.2,4.0,.785,2.9,3.6,0.8,0.1,3.2,2.2,17.3
7,3,32,921,8.7,20.2,.429,5.5,11.7,.471,3.1,8.5,.370,4.6,5.8,.785,4.1,5.2,1.1,0.2,4.6,3.1,25.0,,105.8,112.7
7,4,32,921,13.9,.545,.506,.419,.289,379,1.5,6.6,4.0,19.4,1.1,0.3,16.8,23.5,,1.3,0.5,1.8,.080,,0.2,-4.3,-4.0
8,0,31,754,76,171,.444,53,104,.510,23,67,.343,77,99,.778,41,90,131,76,25,10,62,50,252
8,1,31,24.3,2.5,5.5,.444,1.7,3.4,.510,0.7,2.2,.343,2.5,3.2,.778,4.2,2.5,0.8,0.3,2.0,1.6,8.1
8,2,31,754,4.0,9.1,.444,2.8,5.5,.510,1.2,3.6,.343,4.1,5.3,.778,6.9,4.0,1.3,0.5,3.3,2.7,13.4
8,3,31,754,5.8,13.1,.444,4.1,8.0,.510,1.8,5.1,.343,5.9,7.6,.778,10.0,5.8,1.9,0.8,4.8,3.8,19.3,,110.5,107.7
8,4,31,754,16.0,.578,.512,.392,.579,274,6.2,13.4,9.8,19.6,1.9,1.3,22.1,18.3,,1.2,0.8,2.0,.106,,1.1,-0.7,0.3
9,0,32,844,159,317,.502,159,317,.502,0,0,,75,124,.605,83,152,235,33,20,31,55,62,393
9,1,32,26.4,5.0,9.9,.502,5.0,9.9,.502,0.0,0.0,,2.3,3.9,.605,7.3,1.0,0.6,1.0,1.7,1.9,12.3
9,2,32,844,7.5,15.0,.502,7.5,15.0,.502,0.0,0.0,,3.6,5.9,.605,11.1,1.6,0.9,1.5,2.6,2.9,18.6
9,3,32,844,10.9,21.7,.502,10.9,21.7,.502,0.0,0.0,,5.1,8.5,.605,16.1,2.3,1.4,2.1,3.8,4.2,26.9,,107.2,105.0
9,4,32,844,20.9,.523,.502,.000,.391,379,11.2,20.2,15.7,9.2,1.4,3.5,12.8,25.1,,1.5,1.1,2.5,.119,,-1.5,-0.6,-2.2
10,0,26,318,18,66,.273,10,26,.385,8,40,.200,16,27,.593,3,27,30,34,16,0,21,22,60
10,1,26,12.2,0.7,2.5,.273,0.4,1.0,.385,0.3,1.5,.200,0.6,1.0,.593,1.2,1.3,0.6,0.0,0.8,0.8,2.3
10,2,26,318,2.3,8.3,.273,1.3,3.3,.385,1.0,5.0,.200,2.0,3.4,.593,3.8,4.3,2.0,0.0,2.6,2.8,7.5
10,3,26,318,3.3,12.0,.273,1.8,4.7,.385,1.5,7.3,.200,2.9,4.9,.593,5.5,6.2,2.9,0.0,3.8,4.0,10.9,,83.9,107.8
10,4,26,318,6.5,.381,.333,.606,.409,72,1.1,9.5,5.3,19.2,2.9,0.0,21.0,15.4,,-0.2,0.3,0.1,.016,,-3.9,-1.9,-5.8
