0,0,18,139,3,21,.143,2,9,.222,1,12,.083,6,8,.750,7,9,16,7,6,2,4,21,13
0,1,18,7.7,0.2,1.2,.143,0.1,0.5,.222,0.1,0.7,.083,0.3,0.4,.750,0.9,0.4,0.3,0.1,0.2,1.2,0.7
0,2,18,139,0.9,6.0,.143,0.6,2.6,.222,0.3,3.5,.083,1.7,2.3,.750,4.6,2.0,1.7,0.6,1.2,6.0,3.7
0,3,18,139,1.4,9.5,.143,0.9,4.1,.222,0.5,5.4,.083,2.7,3.6,.750,7.2,3.2,2.7,0.9,1.8,9.5,5.9,,77.8,106.7
0,4,18,139,3.7,.262,.167,.571,.381,19,6.5,8.5,7.5,9.2,2.7,1.6,13.9,11.3,,-0.1,0.1,0.0,.004,,-3.9,-0.4,-4.3
1,0,25,309,20,50,.400,19,45,.422,1,5,.200,14,28,.500,5,19,24,31,20,4,26,32,55
1,1,25,12.4,0.8,2.0,.400,0.8,1.8,.422,0.0,0.2,.200,0.6,1.1,.500,1.0,1.2,0.8,0.2,1.0,1.3,2.2
1,2,25,309,2.6,6.5,.400,2.5,5.8,.422,0.1,0.6,.200,1.8,3.6,.500,3.1,4.0,2.6,0.5,3.4,4.1,7.1
1,3,25,309,4.1,10.1,.400,3.9,9.1,.422,0.2,1.0,.200,2.8,5.7,.500,4.9,6.3,4.1,0.8,5.3,6.5,11.2,,81.3,104.2
1,4,25,309,8.2,.434,.410,.100,.560,66,2.1,8.1,5.1,19.9,4.1,1.4,29.1,15.7,,-0.2,0.3,0.1,.014,,-4.8,0.0,-4.8
2,0,33,1067,126,308,.409,80,175,.457,46,133,.346,104,132,.788,49,143,192,48,41,20,68,85,402
2,1,33,32.3,3.8,9.3,.409,2.4,5.3,.457,1.4,4.0,.346,3.2,4.0,.788,5.8,1.5,1.2,0.6,2.1,2.6,12.2
2,2,33,1067,4.7,11.5,.409,3.0,6.6,.457,1.7,5.0,.346,3.9,4.9,.788,7.2,1.8,1.5,0.7,2.5,3.2,15.1
2,3,33,1067,7.4,18.1,.409,4.7,10.3,.457,2.7,7.8,.346,6.1,7.8,.788,11.3,2.8,2.4,1.2,4.0,5.0,23.6,,106.2,103.8
2,4,33,1067,17.5,.542,.484,.432,.429,382,5.9,17.6,11.7,10.0,2.4,2.1,15.5,22.4,,2.0,1.0,3.0,.113,,0.9,-0.6,0.3
3,0,24,855,106,251,.422,82,177,.463,24,74,.324,95,125,.760,37,68,105,95,43,1,61,45,331
3,1,24,35.6,4.4,10.5,.422,3.4,7.4,.463,1.0,3.1,.324,4.0,5.2,.760,4.4,4.0,1.8,0.0,2.5,1.9,13.8
3,2,24,855,5.0,11.7,.422,3.8,8.3,.463,1.1,3.5,.324,4.4,5.8,.760,4.9,4.4,2.0,0.0,2.9,2.1,15.5
3,3,24,855,7.8,18.4,.422,6.0,13.0,.463,1.8,5.4,.324,7.0,9.2,.760,7.7,7.0,3.2,0.1,4.5,3.3,24.3,,109.2,106.1
3,4,24,855,19.5,.533,.470,.295,.498,350,5.6,10.4,8.0,25.0,3.2,0.1,16.4,23.7,,2.0,0.6,2.7,.126,,2.8,-1.1,1.7
4,0,27,182,35,68,.515,35,68,.515,0,0,,9,13,.692,14,19,33,1,2,3,18,17,79
4,1,27,6.7,1.3,2.5,.515,1.3,2.5,.515,0.0,0.0,,0.3,0.5,.692,1.2,0.0,0.1,0.1,0.7,0.6,2.9
4,2,27,182,7.7,14.9,.515,7.7,14.9,.515,0.0,0.0,,2.0,2.9,.692,7.3,0.2,0.4,0.7,4.0,3.7,17.4
4,3,27,182,12.1,23.4,.515,12.1,23.4,.515,0.0,0.0,,3.1,4.5,.692,11.4,0.3,0.7,1.0,6.2,5.9,27.2,,91.0,109.2
4,4,27,182,14.1,.533,.515,.000,.191,67,9.9,13.7,11.8,1.5,0.7,1.8,19.5,27.6,,0.1,0.1,0.1,.030,,-6.4,-6.1,-12.5
5,0,20,107,7,20,.350,7,18,.389,0,2,.000,4,12,.333,9,11,20,3,7,2,4,13,18
5,1,20,5.4,0.4,1.0,.350,0.4,0.9,.389,0.0,0.1,.000,0.2,0.6,.333,1.0,0.2,0.4,0.1,0.2,0.7,0.9
5,2,20,107,2.6,7.5,.350,2.6,6.7,.389,0.0,0.7,.000,1.5,4.5,.333,7.5,1.1,2.6,0.7,1.5,4.9,6.7
5,3,20,107,4.1,11.7,.350,4.1,10.5,.389,0.0,1.2,.000,2.3,7.0,.333,11.7,1.8,4.1,1.2,2.3,7.6,10.5,,84.4,101.5
5,4,20,107,9.5,.350,.350,.100,.600,22,10.9,13.5,12.2,5.6,4.1,2.1,13.5,15.1,,0.0,0.1,0.1,.036,,-4.2,0.6,-3.6
6,0,33,542,62,158,.392,29,67,.433,33,91,.363,27,36,.750,23,27,50,32,29,1,39,49,184
6,1,33,16.4,1.9,4.8,.392,0.9,2.0,.433,1.0,2.8,.363,0.8,1.1,.750,1.5,1.0,0.9,0.0,1.2,1.5,5.6
6,2,33,542,4.6,11.7,.392,2.1,4.9,.433,2.4,6.7,.363,2.0,2.7,.750,3.7,2.4,2.1,0.1,2.9,3.6,13.6
6,3,33,542,7.2,18.3,.392,3.4,7.7,.433,3.8,10.5,.363,3.1,4.2,.750,5.8,3.7,3.4,0.1,4.5,5.7,21.3,,99.7,107.0
6,4,33,542,13.6,.525,.497,.576,.228,177,5.5,6.5,6.0,13.0,3.4,0.2,18.2,21.5,,0.6,0.4,1.0,.072,,0.8,-2.4,-1.7
7,0,31,1083,161,332,.485,78,139,.561,83,193,.430,94,109,.862,23,98,121,88,32,8,74,74,499
7,1,31,34.9,5.2,10.7,.485,2.5,4.5,.561,2.7,6.2,.430,3.0,3.5,.862,3.9,2.8,1.0,0.3,2.4,2.4,16.1
7,2,31,1083,5.9,12.3,.485,2.9,5.1,.561,3.1,7.1,.430,3.5,4.0,.862,4.5,3.3,1.2,0.3,2.7,2.7,18.4
7,3,31,1083,9.3,19.2,.485,4.5,8.0,.561,4.8,11.2,.430,5.4,6.3,.862,7.0,5.1,1.9,0.5,4.3,4.3,28.9,,120.3,108.0
7,4,31,1083,21.7,.650,.610,.581,.328,452,2.7,11.9,7.3,19.3,1.9,0.8,16.2,23.0,,3.7,0.6,4.3,.159,,6.2,-2.4,3.8
8,0,33,999,127,248,.512,126,247,.510,1,1,1.000,68,105,.648,75,124,199,48,22,22,54,98,323
8,1,33,30.3,3.8,7.5,.512,3.8,7.5,.510,0.0,0.0,1.000,2.1,3.2,.648,6.0,1.5,0.7,0.7,1.6,3.0,9.8
8,2,33,999,5.1,9.9,.512,5.0,9.9,.510,0.0,0.0,1.000,2.7,4.2,.648,8.0,1.9,0.9,0.9,2.2,3.9,12.9
8,3,33,999,8.0,15.6,.512,7.9,15.5,.510,0.1,0.1,1.000,4.3,6.6,.648,12.5,3.0,1.4,1.4,3.4,6.1,20.3,,108.9,106.3
8,4,33,999,16.6,.542,.514,.004,.423,329,9.7,16.3,13.0,10.9,1.4,2.5,15.3,19.2,,1.9,0.7,2.6,.105,,-0.3,-0.3,-0.5
9,0,29,485,57,124,.460,51,107,.477,6,17,.353,45,51,.882,15,36,51,21,15,8,31,50,165
9,1,29,16.7,2.0,4.3,.460,1.8,3.7,.477,0.2,0.6,.353,1.6,1.8,.882,1.8,0.7,0.5,0.3,1.1,1.7,5.7
9,2,29,485,4.7,10.2,.460,4.2,8.8,.477,0.5,1.4,.353,3.7,4.2,.882,4.2,1.7,1.2,0.7,2.6,4.1,13.6
9,3,29,485,7.4,16.0,.460,6.6,13.8,.477,0.8,2.2,.353,5.8,6.6,.882,6.6,2.7,1.9,1.0,4.0,6.5,21.3,,104.8,108.0
9,4,29,485,13.9,.557,.484,.137,.411,154,4.0,9.7,6.8,9.6,1.9,1.8,17.3,20.1,,0.7,0.3,1.0,.083,,-1.8,-2.0,-3.8
10,0,33,983,64,153,.418,28,59,.475,36,94,.383,40,53,.755,20,53,73,79,42,12,42,21,204
10,1,33,29.8,1.9,4.6,.418,0.8,1.8,.475,1.1,2.8,.383,1.2,1.6,.755,2.2,2.4,1.3,0.4,1.3,0.6,6.2
10,2,33,983,2.6,6.2,.418,1.1,2.4,.475,1.5,3.8,.383,1.6,2.2,.755,3.0,3.2,1.7,0.5,1.7,0.9,8.3
10,3,33,983,4.1,9.8,.418,1.8,3.8,.475,2.3,6.0,.383,2.6,3.4,.755,4.7,5.0,2.7,0.8,2.7,1.3,13.0,,112.5,108.1
10,4,33,983,13.1,.572,.536,.614,.346,219,2.6,7.1,4.8,16.0,2.7,1.4,19.1,12.2,,1.4,0.6,2.0,.081,,1.4,-0.6,0.8
