0,0,25,112,9,19,.474,9,19,.474,0,0,,7,13,.538,6,15,21,0,0,1,3,20,25
0,1,25,4.5,0.4,0.8,.474,0.4,0.8,.474,0.0,0.0,,0.3,0.5,.538,0.8,0.0,0.0,0.0,0.1,0.8,1.0
0,2,25,112,3.2,6.8,.474,3.2,6.8,.474,0.0,0.0,,2.5,4.6,.538,7.5,0.0,0.0,0.4,1.1,7.1,8.9
0,3,25,112,5.1,10.7,.474,5.1,10.7,.474,0.0,0.0,,3.9,7.3,.538,11.8,0.0,0.0,0.6,1.7,11.2,14.1,,103.2,105.8
0,4,25,112,7.4,.497,.474,.000,.684,24,7.7,16.3,12.3,0.0,0.0,0.9,10.6,14.0,,0.1,0.1,0.2,.071,,-5.3,-5.4,-10.7
1,0,33,449,36,85,.424,21,55,.382,15,30,.500,13,15,.867,6,44,50,32,18,2,35,43,100
1,1,33,13.6,1.1,2.6,.424,0.6,1.7,.382,0.5,0.9,.500,0.4,0.5,.867,1.5,1.0,0.5,0.1,1.1,1.3,3.0
1,2,33,449,3.2,7.6,.424,1.9,4.9,.382,1.3,2.7,.500,1.2,1.3,.867,4.5,2.9,1.6,0.2,3.1,3.8,8.9
1,3,33,449,5.0,11.9,.424,2.9,7.7,.382,2.1,4.2,.500,1.8,2.1,.867,7.0,4.5,2.5,0.3,4.9,6.0,14.0,,91.2,102.5
1,4,33,449,8.9,.543,.512,.353,.176,102,1.9,11.9,7.3,14.0,2.5,0.5,27.5,15.8,,0.0,0.6,0.6,.054,,-2.6,0.0,-2.6
2,0,30,240,31,60,.517,4,11,.364,27,49,.551,10,16,.625,4,21,25,5,1,0,7,15,99
2,1,30,8.0,1.0,2.0,.517,0.1,0.4,.364,0.9,1.6,.551,0.3,0.5,.625,0.8,0.2,0.0,0.0,0.2,0.5,3.3
2,2,30,240,5.2,10.0,.517,0.7,1.8,.364,4.5,8.2,.551,1.7,2.7,.625,4.2,0.8,0.2,0.0,1.2,2.5,16.5
2,3,30,240,8.1,15.7,.517,1.0,2.9,.364,7.1,12.9,.551,2.6,4.2,.625,6.6,1.3,0.3,0.0,1.8,3.9,26.0,,133.3,108.4
2,4,30,240,18.1,.732,.742,.817,.267,75,2.4,10.6,6.9,4.5,0.3,0.0,9.4,17.3,,0.7,0.2,0.9,.152,,4.9,-4.8,0.1
3,0,34,1030,190,320,.594,182,290,.628,8,30,.267,107,154,.695,60,156,216,53,19,43,70,88,495
3,1,34,30.3,5.6,9.4,.594,5.4,8.5,.628,0.2,0.9,.267,3.1,4.5,.695,6.4,1.6,0.6,1.3,2.1,2.6,14.6
3,2,34,1030,7.4,12.4,.594,7.1,11.3,.628,0.3,1.2,.267,4.2,6.0,.695,8.4,2.1,0.7,1.7,2.7,3.4,19.2
3,3,34,1030,11.6,19.6,.594,11.1,17.7,.628,0.5,1.8,.267,6.5,9.4,.695,13.2,3.2,1.2,2.6,4.3,5.4,30.3,,117.4,100.7
3,4,34,1030,24.5,.630,.606,.094,.481,455,8.4,18.4,13.8,12.7,1.2,4.3,15.1,25.0,,3.3,1.5,4.7,.184,,2.8,1.1,3.9
4,0,34,1065,109,273,.399,55,128,.430,54,145,.372,83,110,.755,40,143,183,75,34,37,71,60,355
4,1,34,31.3,3.2,8.0,.399,1.6,3.8,.430,1.6,4.3,.372,2.4,3.2,.755,5.4,2.2,1.0,1.1,2.1,1.8,10.4
4,2,34,1065,4.1,10.3,.399,2.1,4.8,.430,2.0,5.4,.372,3.1,4.1,.755,6.9,2.8,1.3,1.4,2.7,2.3,13.3
4,3,34,1065,6.4,16.1,.399,3.3,7.6,.430,3.2,8.6,.372,4.9,6.5,.755,10.8,4.4,2.0,2.2,4.2,3.5,21.0,,105.4,100.2
4,4,34,1065,16.9,.546,.498,.531,.403,359,5.4,16.3,11.3,14.4,2.0,3.5,17.9,20.7,,1.6,1.6,3.2,.120,,1.3,1.7,3.0
5,0,10,15,0,4,.000,0,3,.000,0,1,.000,2,2,1.000,0,1,1,0,0,0,6,4,2
5,1,10,1.5,0.0,0.4,.000,0.0,0.3,.000,0.0,0.1,.000,0.2,0.2,1.000,0.1,0.0,0.0,0.0,0.6,0.4,0.2
5,2,10,15,0.0,10.7,.000,0.0,8.0,.000,0.0,2.7,.000,5.3,5.3,1.000,2.7,0.0,0.0,0.0,16.0,10.7,5.3
5,3,10,15,0.0,16.8,.000,0.0,12.6,.000,0.0,4.2,.000,8.4,8.4,1.000,4.2,0.0,0.0,0.0,25.2,16.8,8.4,,19.5,108.8
5,4,10,15,-34.5,.202,.000,.250,.500,2,0.0,8.1,4.4,0.0,0.0,0.0,54.8,40.6,,-0.2,0.0,-0.2,-.518,,-33.0,-6.3,-39.3
6,0,17,62,2,13,.154,1,4,.250,1,9,.111,4,5,.800,3,6,9,2,0,0,1,4,9
6,1,17,3.6,0.1,0.8,.154,0.1,0.2,.250,0.1,0.5,.111,0.2,0.3,.800,0.5,0.1,0.0,0.0,0.1,0.2,0.5
6,2,17,62,1.3,8.4,.154,0.6,2.6,.250,0.6,5.8,.111,2.6,3.2,.800,5.8,1.3,0.0,0.0,0.6,2.6,5.8
6,3,17,62,2.0,13.2,.154,1.0,4.1,.250,1.0,9.1,.111,4.1,5.1,.800,9.1,2.0,0.0,0.0,1.0,4.1,9.1,,82.2,108.6
6,4,17,62,3.0,.293,.192,.692,.385,11,6.9,11.8,9.6,5.8,0.0,0.0,6.1,14.7,,0.0,0.0,0.0,.006,,-4.3,-3.9,-8.1
7,0,31,586,67,128,.523,67,128,.523,0,0,,47,59,.797,32,64,96,23,20,15,37,82,181
7,1,31,18.9,2.2,4.1,.523,2.2,4.1,.523,0.0,0.0,,1.5,1.9,.797,3.1,0.7,0.6,0.5,1.2,2.6,5.8
7,2,31,586,4.6,8.7,.523,4.6,8.7,.523,0.0,0.0,,3.2,4.0,.797,6.6,1.6,1.4,1.0,2.5,5.6,12.4
7,3,31,586,7.2,13.8,.523,7.2,13.8,.523,0.0,0.0,,5.0,6.3,.797,10.3,2.5,2.1,1.6,4.0,8.8,19.4,,107.4,101.1
7,4,31,586,14.8,.580,.523,.000,.461,179,7.8,13.3,10.8,8.3,2.1,2.6,19.2,18.3,,0.9,0.8,1.7,.116,,-1.1,0.9,-0.2
8,0,34,932,115,202,.569,115,202,.569,0,0,,52,79,.658,64,136,200,66,21,12,76,85,282
8,1,34,27.4,3.4,5.9,.569,3.4,5.9,.569,0.0,0.0,,1.5,2.3,.658,5.9,1.9,0.6,0.4,2.2,2.5,8.3
8,2,34,932,4.9,8.7,.569,4.9,8.7,.569,0.0,0.0,,2.2,3.4,.658,8.6,2.8,0.9,0.5,3.3,3.6,12.1
8,3,34,932,7.8,13.6,.569,7.8,13.6,.569,0.0,0.0,,3.5,5.3,.658,13.5,4.5,1.4,0.8,5.1,5.7,19.0,,105.0,102.4
8,4,34,932,15.7,.589,.569,.000,.391,303,9.9,17.7,14.1,15.2,1.4,1.3,24.1,18.8,,1.3,1.2,2.5,.108,,-0.1,0.9,0.9
9,0,34,1258,136,312,.436,69,142,.486,67,170,.394,115,133,.865,8,109,117,119,40,10,74,28,454
9,1,34,37.0,4.0,9.2,.436,2.0,4.2,.486,2.0,5.0,.394,3.4,3.9,.865,3.4,3.5,1.2,0.3,2.2,0.8,13.4
9,2,34,1258,4.3,9.9,.436,2.2,4.5,.486,2.1,5.4,.394,3.7,4.2,.865,3.7,3.8,1.3,0.3,2.4,0.9,14.4
9,3,34,1258,6.8,15.6,.436,3.5,7.1,.486,3.4,8.5,.394,5.8,6.7,.865,5.9,6.0,2.0,0.5,3.7,1.4,22.7,,116.3,104.3
9,4,34,1258,17.9,.605,.543,.545,.426,446,0.9,10.5,6.1,19.6,2.0,0.8,16.5,19.9,,3.1,1.4,4.5,.142,,3.5,-0.7,2.8
10,0,34,1126,116,254,.457,88,173,.509,28,81,.346,70,117,.598,20,100,120,110,28,9,74,55,330
10,1,34,33.1,3.4,7.5,.457,2.6,5.1,.509,0.8,2.4,.346,2.1,3.4,.598,3.5,3.2,0.8,0.3,2.2,1.6,9.7
10,2,34,1126,4.1,9.0,.457,3.1,6.1,.509,1.0,2.9,.346,2.5,4.2,.598,4.3,3.9,1.0,0.3,2.6,2.0,11.7
10,3,34,1126,6.5,14.2,.457,4.9,9.7,.509,1.6,4.5,.346,3.9,6.5,.598,6.7,6.2,1.6,0.5,4.1,3.1,18.5,,102.8,105.0
10,4,34,1126,13.3,.533,.512,.319,.461,348,2.5,10.8,7.0,20.1,1.6,0.8,19.3,19.0,,1.3,1.1,2.5,.088,,0.0,-0.5,-0.6
