0,0,4,4,0,0,,0,0,,0,0,,0,0,,0,1,1,0,0,0,2,1,0
0,1,4,1.0,0.0,0.0,,0.0,0.0,,0.0,0.0,,0.0,0.0,,0.3,0.0,0.0,0.0,0.5,0.3,0.0
0,2,4,4,0.0,0.0,,0.0,0.0,,0.0,0.0,,0.0,0.0,,10.0,0.0,0.0,0.0,20.0,10.0,0.0
0,3,4,4,0.0,0.0,,0.0,0.0,,0.0,0.0,,0.0,0.0,,15.5,0.0,0.0,0.0,31.1,15.5,0.0,,0.0,99.4
0,4,4,4,-32.1,,,,,0,0.0,31.3,15.6,0.0,0.0,0.0,100.0,26.6,,-0.1,0.0,0.0,-.485,,-33.6,-2.6,-36.2
1,0,23,133,7,27,.259,7,24,.292,0,3,.000,10,13,.769,2,6,8,10,5,0,22,10,24
1,1,23,5.8,0.3,1.2,.259,0.3,1.0,.292,0.0,0.1,.000,0.4,0.6,.769,0.3,0.4,0.2,0.0,1.0,0.4,1.0
1,2,23,133,2.1,8.1,.259,2.1,7.2,.292,0.0,0.9,.000,3.0,3.9,.769,2.4,3.0,1.5,0.0,6.6,3.0,7.2
1,3,23,133,3.3,12.6,.259,3.3,11.2,.292,0.0,1.4,.000,4.7,6.1,.769,3.7,4.7,2.3,0.0,10.3,4.7,11.2,,56.4,106.4
1,4,23,133,-2.0,.362,.259,.111,.481,27,1.9,5.6,3.7,15.4,2.3,0.0,39.9,22.1,,-0.5,0.1,-0.4,-.113,,-11.7,-3.1,-14.8
2,0,7,40,1,3,.333,1,3,.333,0,0,,2,4,.500,2,3,5,0,0,4,1,5,4
2,1,7,5.7,0.1,0.4,.333,0.1,0.4,.333,0.0,0.0,,0.3,0.6,.500,0.7,0.0,0.0,0.6,0.1,0.7,0.6
2,2,7,40,1.0,3.0,.333,1.0,3.0,.333,0.0,0.0,,2.0,4.0,.500,5.0,0.0,0.0,4.0,1.0,5.0,4.0
2,3,7,40,1.6,4.7,.333,1.6,4.7,.333,0.0,0.0,,3.1,6.2,.500,7.8,0.0,0.0,6.2,1.6,7.8,6.2,,88.0,104.5
2,4,7,40,6.6,.408,.333,.000,1.333,4,6.2,9.4,7.8,0.0,0.0,11.2,16.9,7.9,,0.0,0.0,0.0,.037,,-6.7,1.6,-5.0
3,0,31,708,38,103,.369,32,77,.416,6,26,.231,21,43,.488,41,69,110,39,33,6,58,81,103
3,1,31,22.8,1.2,3.3,.369,1.0,2.5,.416,0.2,0.8,.231,0.7,1.4,.488,3.5,1.3,1.1,0.2,1.9,2.6,3.3
3,2,31,708,2.1,5.8,.369,1.8,4.4,.416,0.3,1.5,.231,1.2,2.4,.488,6.2,2.2,1.9,0.3,3.3,4.6,5.8
3,3,31,708,3.3,9.0,.369,2.8,6.8,.416,0.5,2.3,.231,1.8,3.8,.488,9.7,3.4,2.9,0.5,5.1,7.1,9.0,,76.4,101.7
3,4,31,708,6.2,.417,.398,.252,.417,125,7.2,12.2,9.7,11.3,2.9,1.0,32.0,13.6,,-0.6,0.9,0.2,.013,,-3.9,0.9,-3.0
4,0,31,648,55,123,.447,55,123,.447,0,0,,26,56,.464,31,69,100,39,41,21,54,86,136
4,1,31,20.9,1.8,4.0,.447,1.8,4.0,.447,0.0,0.0,,0.8,1.8,.464,3.2,1.3,1.3,0.7,1.7,2.8,4.4
4,2,31,648,3.4,7.6,.447,3.4,7.6,.447,0.0,0.0,,1.6,3.5,.464,6.2,2.4,2.5,1.3,3.3,5.3,8.4
4,3,31,648,5.3,11.8,.447,5.3,11.8,.447,0.0,0.0,,2.5,5.4,.464,9.6,3.7,3.9,2.0,5.2,8.3,13.1,,82.5,97.6
4,4,31,648,10.4,.455,.447,.000,.455,147,5.9,13.3,9.6,13.2,3.9,3.6,26.5,16.7,,-0.4,1.1,0.7,.043,,-4.1,2.9,-1.2
5,0,31,510,61,141,.433,61,141,.433,0,0,,47,66,.712,26,34,60,11,12,17,35,55,169
5,1,31,16.5,2.0,4.5,.433,2.0,4.5,.433,0.0,0.0,,1.5,2.1,.712,1.9,0.4,0.4,0.5,1.1,1.8,5.5
5,2,31,510,4.8,11.1,.433,4.8,11.1,.433,0.0,0.0,,3.7,5.2,.712,4.7,0.9,0.9,1.3,2.7,4.3,13.3
5,3,31,510,7.4,17.2,.433,7.4,17.2,.433,0.0,0.0,,5.7,8.0,.712,7.3,1.3,1.5,2.1,4.3,6.7,20.6,,94.5,105.3
5,4,31,510,11.7,.490,.433,.000,.468,158,6.3,8.3,7.3,5.1,1.5,3.7,16.9,21.7,,0.3,0.5,0.7,.057,,-4.5,-1.6,-6.1
6,0,31,919,124,284,.437,89,176,.506,35,108,.324,74,101,.733,49,106,155,39,60,31,64,75,357
6,1,31,29.6,4.0,9.2,.437,2.9,5.7,.506,1.1,3.5,.324,2.4,3.3,.733,5.0,1.3,1.9,1.0,2.1,2.4,11.5
6,2,31,919,5.4,12.4,.437,3.9,7.7,.506,1.5,4.7,.324,3.2,4.4,.733,6.7,1.7,2.6,1.3,2.8,3.3,15.5
6,3,31,919,8.4,19.2,.437,6.0,11.9,.506,2.4,7.3,.324,5.0,6.8,.733,10.5,2.6,4.1,2.1,4.3,5.1,24.2,,104.0,97.1
6,4,31,919,19.7,.538,.498,.380,.356,332,6.6,14.4,10.5,10.5,4.1,3.8,16.2,22.9,,1.5,1.5,3.0,.131,,1.5,1.8,3.3
7,0,31,1089,151,320,.472,101,200,.505,50,120,.417,99,126,.786,28,90,118,107,46,3,97,74,451
7,1,31,35.1,4.9,10.3,.472,3.3,6.5,.505,1.6,3.9,.417,3.2,4.1,.786,3.8,3.5,1.5,0.1,3.1,2.4,14.5
7,2,31,1089,5.5,11.8,.472,3.7,7.3,.505,1.8,4.4,.417,3.6,4.6,.786,4.3,3.9,1.7,0.1,3.6,2.7,16.6
7,3,31,1089,8.6,18.3,.472,5.8,11.4,.505,2.9,6.9,.417,5.7,7.2,.786,6.7,6.1,2.6,0.2,5.5,4.2,25.8,,109.2,103.7
7,4,31,1089,18.9,.594,.550,.375,.394,438,3.2,10.3,6.7,24.4,2.6,0.3,20.3,23.3,,2.5,1.1,3.6,.132,,3.6,-1.8,1.8
8,0,27,235,18,59,.305,16,46,.348,2,13,.154,12,21,.571,15,16,31,8,7,4,12,31,50
8,1,27,8.7,0.7,2.2,.305,0.6,1.7,.348,0.1,0.5,.154,0.4,0.8,.571,1.1,0.3,0.3,0.1,0.4,1.1,1.9
8,2,27,235,3.1,10.0,.305,2.7,7.8,.348,0.3,2.2,.154,2.0,3.6,.571,5.3,1.4,1.2,0.7,2.0,5.3,8.5
8,3,27,235,4.8,15.6,.305,4.2,12.2,.348,0.5,3.4,.154,3.2,5.6,.571,8.2,2.1,1.9,1.1,3.2,8.2,13.2,,81.5,105.1
8,4,27,235,5.9,.362,.322,.220,.356,54,7.9,8.5,8.2,7.3,1.9,1.9,14.8,18.4,,-0.2,0.2,0.1,.010,,-5.3,-2.0,-7.3
9,0,20,115,9,32,.281,5,14,.357,4,18,.222,12,16,.750,3,9,12,3,5,1,5,12,34
9,1,20,5.8,0.5,1.6,.281,0.3,0.7,.357,0.2,0.9,.222,0.6,0.8,.750,0.6,0.2,0.3,0.1,0.3,0.6,1.7
9,2,20,115,3.1,11.1,.281,1.7,4.9,.357,1.4,6.3,.222,4.2,5.6,.750,4.2,1.0,1.7,0.3,1.7,4.2,11.8
9,3,20,115,4.9,17.3,.281,2.7,7.6,.357,2.2,9.7,.222,6.5,8.7,.750,6.5,1.6,2.7,0.5,2.7,6.5,18.4,,93.6,103.2
9,4,20,115,9.5,.429,.344,.563,.500,32,3.2,9.8,6.5,5.6,2.7,1.0,11.2,20.7,,0.0,0.1,0.2,.060,,-2.9,-3.3,-6.2
10,0,31,1059,134,332,.404,62,135,.459,72,197,.365,61,69,.884,33,108,141,76,24,7,78,62,401
10,1,31,34.2,4.3,10.7,.404,2.0,4.4,.459,2.3,6.4,.365,2.0,2.2,.884,4.5,2.5,0.8,0.2,2.5,2.0,12.9
10,2,31,1059,5.1,12.5,.404,2.3,5.1,.459,2.7,7.4,.365,2.3,2.6,.884,5.3,2.9,0.9,0.3,2.9,2.3,15.1
10,3,31,1059,7.9,19.5,.404,3.6,7.9,.459,4.2,11.6,.365,3.6,4.1,.884,8.3,4.5,1.4,0.4,4.6,3.6,23.6,,105.4,105.1
10,4,31,1059,15.5,.550,.512,.593,.208,379,3.9,12.7,8.3,17.3,1.4,0.7,17.6,22.3,,1.8,0.9,2.8,.104,,2.5,-2.4,0.1
11,0,31,790,78,155,.503,78,155,.503,0,0,,56,83,.675,65,94,159,37,13,25,49,86,212
11,1,31,25.5,2.5,5.0,.503,2.5,5.0,.503,0.0,0.0,,1.8,2.7,.675,5.1,1.2,0.4,0.8,1.6,2.8,6.8
11,2,31,790,3.9,7.8,.503,3.9,7.8,.503,0.0,0.0,,2.8,4.2,.675,8.1,1.9,0.7,1.3,2.5,4.4,10.7
11,3,31,790,6.1,12.2,.503,6.1,12.2,.503,0.0,0.0,,4.4,6.5,.675,12.5,2.9,1.0,2.0,3.9,6.8,16.7,,105.2,103.5
11,4,31,790,14.4,.545,.503,.000,.535,223,10.2,14.9,12.5,10.6,1.0,3.5,20.1,16.4,,1.0,0.8,1.9,.095,,-1.1,0.3,-0.8
