0,0,31,754,68,145,.469,61,115,.530,7,30,.233,18,28,.643,35,119,154,31,15,4,48,48,161
0,1,31,24.3,2.2,4.7,.469,2.0,3.7,.530,0.2,1.0,.233,0.6,0.9,.643,5.0,1.0,0.5,0.1,1.5,1.5,5.2
0,2,31,754,3.6,7.7,.469,3.2,6.1,.530,0.4,1.6,.233,1.0,1.5,.643,8.2,1.6,0.8,0.2,2.5,2.5,8.5
0,3,31,754,5.5,11.8,.469,5.0,9.4,.530,0.6,2.4,.233,1.5,2.3,.643,12.5,2.5,1.2,0.3,3.9,3.9,13.1,,92.5,103.6
0,4,31,754,9.8,.509,.493,.207,.193,161,5.2,18.9,11.8,8.6,1.2,0.6,23.3,14.1,,0.1,0.9,1.0,.053,,-4.1,0.5,-3.6
1,0,4,20,2,7,.286,0,1,.000,2,6,.333,0,0,,1,1,2,0,0,0,3,4,6
1,1,4,5.0,0.5,1.8,.286,0.0,0.3,.000,0.5,1.5,.333,0.0,0.0,,0.5,0.0,0.0,0.0,0.8,1.0,1.5
1,2,4,20,4.0,14.0,.286,0.0,2.0,.000,4.0,12.0,.333,0.0,0.0,,4.0,0.0,0.0,0.0,6.0,8.0,12.0
1,3,4,20,6.1,21.5,.286,0.0,3.1,.000,6.1,18.4,.333,0.0,0.0,,6.1,0.0,0.0,0.0,9.2,12.3,18.4,,65.6,110.5
1,4,4,20,-4.2,.429,.429,.857,.000,5,5.6,6.0,5.8,0.0,0.0,0.0,30.0,25.8,,-0.1,0.0,0.0,-.095,,-9.4,-7.3,-16.8
2,0,21,131,6,25,.240,5,11,.455,1,14,.071,8,10,.800,5,8,13,4,2,0,9,20,21
2,1,21,6.2,0.3,1.2,.240,0.2,0.5,.455,0.0,0.7,.071,0.4,0.5,.800,0.6,0.2,0.1,0.0,0.4,1.0,1.0
2,2,21,131,1.8,7.6,.240,1.5,3.4,.455,0.3,4.3,.071,2.4,3.1,.800,4.0,1.2,0.6,0.0,2.7,6.1,6.4
2,3,21,131,2.8,11.7,.240,2.3,5.2,.455,0.5,6.6,.071,3.8,4.7,.800,6.1,1.9,0.9,0.0,4.2,9.4,9.8,,72.0,108.2
2,4,21,131,0.1,.353,.260,.560,.400,23,4.2,7.3,5.7,5.9,0.9,0.0,23.2,15.2,,-0.2,0.1,-0.1,-.023,,-7.0,-2.3,-9.4
3,0,31,1061,130,366,.355,54,168,.321,76,198,.384,65,84,.774,22,76,98,75,21,0,45,53,401
3,1,31,34.2,4.2,11.8,.355,1.7,5.4,.321,2.5,6.4,.384,2.1,2.7,.774,3.2,2.4,0.7,0.0,1.5,1.7,12.9
3,2,31,1061,4.9,13.8,.355,2.0,6.3,.321,2.9,7.5,.384,2.5,3.2,.774,3.7,2.8,0.8,0.0,1.7,2.0,15.1
3,3,31,1061,7.5,21.2,.355,3.1,9.7,.321,4.4,11.5,.384,3.8,4.9,.774,5.7,4.3,1.2,0.0,2.6,3.1,23.2,,108.1,107.7
3,4,31,1061,13.7,.494,.459,.541,.230,376,2.3,8.6,5.3,15.9,1.2,0.0,10.0,21.9,,1.9,0.8,2.7,.102,,0.7,-2.4,-1.7
4,0,10,33,1,1,1.000,1,1,1.000,0,0,,0,0,,0,4,4,1,2,0,0,11,2
4,1,10,3.3,0.1,0.1,1.000,0.1,0.1,1.000,0.0,0.0,,0.0,0.0,,0.4,0.1,0.2,0.0,0.0,1.1,0.2
4,2,10,33,1.2,1.2,1.000,1.2,1.2,1.000,0.0,0.0,,0.0,0.0,,4.8,1.2,2.4,0.0,0.0,13.3,2.4
4,3,10,33,1.9,1.9,1.000,1.9,1.9,1.000,0.0,0.0,,0.0,0.0,,7.4,1.9,3.7,0.0,0.0,20.5,3.7,,207.4,98.6
4,4,10,33,4.9,1.000,1.000,.000,.000,2,0.0,14.5,7.0,5.7,3.7,0.0,0.0,1.6,,0.0,0.1,0.1,.103,,-2.0,1.9,-0.1
5,0,3,6,1,4,.250,0,0,,1,4,.250,0,0,,0,0,0,0,0,0,0,2,3
5,1,3,2.0,0.3,1.3,.250,0.0,0.0,,0.3,1.3,.250,0.0,0.0,,0.0,0.0,0.0,0.0,0.0,0.7,1.0
5,2,3,6,6.7,26.7,.250,0.0,0.0,,6.7,26.7,.250,0.0,0.0,,0.0,0.0,0.0,0.0,0.0,13.3,20.0
5,3,3,6,10.2,40.9,.250,0.0,0.0,,10.2,40.9,.250,0.0,0.0,,0.0,0.0,0.0,0.0,0.0,20.5,30.7,,88.3,111.9
5,4,3,6,-0.1,.375,.375,1.000,.000,2,0.0,0.0,0.0,0.0,0.0,0.0,0.0,34.3,,0.0,0.0,0.0,.006,,-2.1,-12.0,-14.0
6,0,32,684,115,233,.494,81,160,.506,34,73,.466,39,53,.736,46,72,118,27,20,10,38,80,303
6,1,32,21.4,3.6,7.3,.494,2.5,5.0,.506,1.1,2.3,.466,1.2,1.7,.736,3.7,0.8,0.6,0.3,1.2,2.5,9.5
6,2,32,684,6.7,13.6,.494,4.7,9.4,.506,2.0,4.3,.466,2.3,3.1,.736,6.9,1.6,1.2,0.6,2.2,4.7,17.7
6,3,32,684,10.3,20.9,.494,7.3,14.4,.506,3.1,6.6,.466,3.5,4.8,.736,10.6,2.4,1.8,0.9,3.4,7.2,27.2,,115.5,103.6
6,4,32,684,19.8,.587,.567,.313,.227,269,7.5,12.6,9.9,9.9,1.8,1.7,12.8,22.3,,1.8,0.8,2.6,.150,,1.7,-0.8,0.9
7,0,3,4,0,0,,0,0,,0,0,,0,0,,0,1,1,0,0,0,3,0,0
7,1,3,1.3,0.0,0.0,,0.0,0.0,,0.0,0.0,,0.0,0.0,,0.3,0.0,0.0,0.0,1.0,0.0,0.0
7,2,3,4,0.0,0.0,,0.0,0.0,,0.0,0.0,,0.0,0.0,,10.0,0.0,0.0,0.0,30.0,0.0,0.0
7,3,3,4,0.0,0.0,,0.0,0.0,,0.0,0.0,,0.0,0.0,,15.4,0.0,0.0,0.0,46.1,0.0,0.0,,0.0,103.1
7,4,3,4,-43.5,,,,,0,0.0,29.9,14.4,0.0,0.0,0.0,100.0,38.6,,-0.1,0.0,-0.1,-.757,,-45.6,-0.9,-46.5
8,0,30,838,88,157,.561,88,157,.561,0,0,,32,51,.627,97,116,213,22,12,13,28,100,208
8,1,30,27.9,2.9,5.2,.561,2.9,5.2,.561,0.0,0.0,,1.1,1.7,.627,7.1,0.7,0.4,0.4,0.9,3.3,6.9
8,2,30,838,4.2,7.5,.561,4.2,7.5,.561,0.0,0.0,,1.5,2.4,.627,10.2,1.1,0.6,0.6,1.3,4.8,9.9
8,3,30,838,6.5,11.5,.561,6.5,11.5,.561,0.0,0.0,,2.3,3.7,.627,15.6,1.6,0.9,1.0,2.1,7.3,15.2,,121.1,104.2
8,4,30,838,15.6,.574,.561,.000,.325,221,12.9,16.6,14.6,5.7,0.9,1.8,13.4,12.9,,1.7,0.9,2.6,.125,,-0.4,0.6,0.2
9,0,4,16,0,3,.000,0,3,.000,0,0,,0,0,,0,1,1,2,0,0,2,2,0
9,1,4,4.0,0.0,0.8,.000,0.0,0.8,.000,0.0,0.0,,0.0,0.0,,0.3,0.5,0.0,0.0,0.5,0.5,0.0
9,2,4,16,0.0,7.5,.000,0.0,7.5,.000,0.0,0.0,,0.0,0.0,,2.5,5.0,0.0,0.0,5.0,5.0,0.0
9,3,4,16,0.0,11.5,.000,0.0,11.5,.000,0.0,0.0,,0.0,0.0,,3.8,7.7,0.0,0.0,7.7,7.7,0.0,,22.9,110.3
9,4,4,16,-12.3,.000,.000,.000,.000,1,0.0,7.5,3.6,22.1,0.0,0.0,40.0,16.1,,-0.1,0.0,-0.1,-.194,,-17.1,-3.3,-20.4
10,0,12,365,26,86,.302,8,35,.229,18,51,.353,25,29,.862,9,24,33,34,10,1,26,29,95
10,1,12,30.4,2.2,7.2,.302,0.7,2.9,.229,1.5,4.3,.353,2.1,2.4,.862,2.8,2.8,0.8,0.1,2.2,2.4,7.9
10,2,12,365,2.8,9.4,.302,0.9,3.8,.229,2.0,5.6,.353,2.7,3.2,.862,3.6,3.7,1.1,0.1,2.8,3.2,10.4
10,3,12,365,4.4,14.5,.302,1.3,5.9,.229,3.0,8.6,.353,4.2,4.9,.862,5.6,5.7,1.7,0.2,4.4,4.9,16.0,,97.0,106.5
10,4,12,365,9.3,.476,.407,.593,.337,101,2.7,7.9,5.2,18.8,1.7,0.3,20.7,17.7,,0.2,0.3,0.5,.059,,-1.9,-1.4,-3.3
11,0,20,193,11,21,.524,11,21,.524,0,0,,10,12,.833,25,38,63,2,1,5,9,22,32
11,1,20,9.7,0.6,1.1,.524,0.6,1.1,.524,0.0,0.0,,0.5,0.6,.833,3.2,0.1,0.1,0.3,0.5,1.1,1.6
11,2,20,193,2.3,4.4,.524,2.3,4.4,.524,0.0,0.0,,2.1,2.5,.833,13.1,0.4,0.2,1.0,1.9,4.6,6.6
11,3,20,193,3.5,6.7,.524,3.5,6.7,.524,0.0,0.0,,3.2,3.8,.833,20.1,0.6,0.3,1.6,2.9,7.0,10.2,,115.5,102.3
11,4,20,193,13.1,.599,.524,.000,.571,39,14.4,23.5,18.8,2.0,0.3,3.0,25.2,9.5,,0.3,0.2,0.5,.105,,-3.8,-0.5,-4.3
12,0,32,488,31,73,.425,31,73,.425,0,0,,14,26,.538,66,73,139,5,7,55,29,63,76
12,1,32,15.3,1.0,2.3,.425,1.0,2.3,.425,0.0,0.0,,0.4,0.8,.538,4.3,0.2,0.2,1.7,0.9,2.0,2.4
12,2,32,488,2.5,6.0,.425,2.5,6.0,.425,0.0,0.0,,1.1,2.1,.538,11.4,0.4,0.6,4.5,2.4,5.2,6.2
12,3,32,488,3.9,9.2,.425,3.9,9.2,.425,0.0,0.0,,1.8,3.3,.538,17.5,0.6,0.9,6.9,3.7,7.9,9.6,,92.2,97.1
12,4,32,488,13.4,.445,.425,.000,.356,97,15.0,17.9,16.4,2.0,0.9,12.8,25.4,12.1,,0.1,0.9,0.9,.077,,-5.8,5.9,0.1
13,0,4,11,1,1,1.000,1,1,1.000,0,0,,1,2,.500,4,1,5,1,1,0,0,2,3
13,1,4,2.8,0.3,0.3,1.000,0.3,0.3,1.000,0.0,0.0,,0.3,0.5,.500,1.3,0.3,0.3,0.0,0.0,0.5,0.8
13,2,4,11,3.6,3.6,1.000,3.6,3.6,1.000,0.0,0.0,,3.6,7.3,.500,18.2,3.6,3.6,0.0,0.0,7.3,10.9
13,3,4,11,5.6,5.6,1.000,5.6,5.6,1.000,0.0,0.0,,5.6,11.2,.500,27.9,5.6,5.6,0.0,0.0,11.2,16.8,,187.6,96.5
13,4,4,11,37.7,.769,1.000,.000,2.000,5,40.5,10.9,26.2,19.1,5.6,0.0,0.0,9.1,,0.1,0.0,0.1,.342,,14.1,3.8,17.9
14,0,32,927,143,369,.388,73,170,.429,70,199,.352,97,135,.719,18,98,116,33,25,36,41,88,453
14,1,32,29.0,4.5,11.5,.388,2.3,5.3,.429,2.2,6.2,.352,3.0,4.2,.719,3.6,1.0,0.8,1.1,1.3,2.8,14.2
14,2,32,927,6.2,15.9,.388,3.1,7.3,.429,3.0,8.6,.352,4.2,5.8,.719,5.0,1.4,1.1,1.6,1.8,3.8,19.5
14,3,32,927,9.5,24.4,.388,4.8,11.3,.429,4.6,13.2,.352,6.4,8.9,.719,7.7,2.2,1.7,2.4,2.7,5.8,30.0,,110.4,102.4
14,4,32,927,18.8,.523,.482,.539,.366,390,2.2,12.6,7.2,8.6,1.7,4.4,8.6,26.3,,2.2,1.2,3.3,.144,,1.1,-0.5,0.6
15,0,31,921,108,309,.350,92,256,.359,16,53,.302,191,240,.796,21,123,144,156,33,1,95,79,423
15,1,31,29.7,3.5,10.0,.350,3.0,8.3,.359,0.5,1.7,.302,6.2,7.7,.796,4.6,5.0,1.1,0.0,3.1,2.5,13.6
15,2,31,921,4.7,13.4,.350,4.0,11.1,.359,0.7,2.3,.302,8.3,10.4,.796,6.3,6.8,1.4,0.0,4.1,3.4,18.4
15,3,31,921,7.2,20.6,.350,6.1,17.1,.359,1.1,3.5,.302,12.7,16.0,.796,9.6,10.4,2.2,0.1,6.3,5.3,28.2,,105.2,102.6
15,4,31,921,19.5,.500,.375,.172,.777,461,2.5,16.0,9.0,37.7,2.2,0.1,18.3,29.0,,2.0,1.1,3.2,.137,,0.5,-0.2,0.2
