0,0,31,866,84,151,.556,83,140,.593,1,11,.091,16,36,.444,64,119,183,32,21,11,40,76,185
0,1,31,27.9,2.7,4.9,.556,2.7,4.5,.593,0.0,0.4,.091,0.5,1.2,.444,5.9,1.0,0.7,0.4,1.3,2.5,6.0
0,2,31,866,3.9,7.0,.556,3.8,6.5,.593,0.0,0.5,.091,0.7,1.7,.444,8.5,1.5,1.0,0.5,1.8,3.5,8.5
0,3,31,866,5.7,10.2,.556,5.6,9.4,.593,0.1,0.7,.091,1.1,2.4,.444,12.3,2.2,1.4,0.7,2.7,5.1,12.5,,103.6,109.0
0,4,31,866,12.1,.550,.560,.073,.238,196,8.5,16.9,12.6,7.3,1.4,1.4,19.2,12.4,,0.8,0.4,1.2,.057,,-1.9,-0.5,-2.4
1,0,32,756,59,146,.404,41,84,.488,18,62,.290,49,61,.803,19,79,98,49,36,11,41,91,185
1,1,32,23.6,1.8,4.6,.404,1.3,2.6,.488,0.6,1.9,.290,1.5,1.9,.803,3.1,1.5,1.1,0.3,1.3,2.8,5.8
1,2,32,756,3.1,7.7,.404,2.2,4.4,.488,1.0,3.3,.290,2.6,3.2,.803,5.2,2.6,1.9,0.6,2.2,4.8,9.8
1,3,32,756,4.6,11.3,.404,3.2,6.5,.488,1.4,4.8,.290,3.8,4.7,.803,7.6,3.8,2.8,0.8,3.2,7.0,14.3,,100.5,107.1
1,4,32,756,11.6,.529,.466,.425,.418,190,2.9,12.9,7.7,12.3,2.8,1.6,19.0,14.7,,0.6,0.5,1.1,.060,,-1.5,-0.2,-1.7
2,0,31,317,40,80,.500,40,80,.500,0,0,,16,44,.364,23,46,69,2,9,13,16,52,96
2,1,31,10.2,1.3,2.6,.500,1.3,2.6,.500,0.0,0.0,,0.5,1.4,.364,2.2,0.1,0.3,0.4,0.5,1.7,3.1
2,2,31,317,5.0,10.1,.500,5.0,10.1,.500,0.0,0.0,,2.0,5.6,.364,8.7,0.3,1.1,1.6,2.0,6.6,12.1
2,3,31,317,7.4,14.7,.500,7.4,14.7,.500,0.0,0.0,,2.9,8.1,.364,12.7,0.4,1.7,2.4,2.9,9.6,17.7,,91.4,106.1
2,4,31,317,12.0,.476,.500,.000,.550,90,8.4,17.9,13.0,1.3,1.7,4.5,13.7,19.0,,0.1,0.2,0.3,.040,,-6.2,-2.3,-8.5
3,0,14,57,4,20,.200,1,3,.333,3,17,.176,3,4,.750,1,5,6,1,2,0,7,6,14
3,1,14,4.1,0.3,1.4,.200,0.1,0.2,.333,0.2,1.2,.176,0.2,0.3,.750,0.4,0.1,0.1,0.0,0.5,0.4,1.0
3,2,14,57,2.8,14.0,.200,0.7,2.1,.333,2.1,11.9,.176,2.1,2.8,.750,4.2,0.7,1.4,0.0,4.9,4.2,9.8
3,3,14,57,4.1,20.5,.200,1.0,3.1,.333,3.1,17.4,.176,3.1,4.1,.750,6.1,1.0,2.0,0.0,7.2,6.1,14.3,,55.3,110.4
3,4,14,57,-3.1,.320,.275,.850,.200,13,2.0,10.8,6.3,3.3,2.0,0.0,24.2,26.1,,-0.2,0.0,-0.2,-.146,,-10.1,-5.9,-16.0
4,0,5,7,0,1,.000,0,0,,0,1,.000,0,0,,0,1,1,1,0,0,2,1,0
4,1,5,1.4,0.0,0.2,.000,0.0,0.0,,0.0,0.2,.000,0.0,0.0,,0.2,0.2,0.0,0.0,0.4,0.2,0.0
4,2,5,7,0.0,5.7,.000,0.0,0.0,,0.0,5.7,.000,0.0,0.0,,5.7,5.7,0.0,0.0,11.4,5.7,0.0
4,3,5,7,0.0,8.3,.000,0.0,0.0,,0.0,8.3,.000,0.0,0.0,,8.3,8.3,0.0,0.0,16.7,8.3,0.0,,17.0,112.4
4,4,5,7,-17.5,.000,.000,1.000,.000,1,0.0,17.6,8.5,23.7,0.0,0.0,66.7,22.1,,-0.1,0.0,-0.1,-.339,,-21.1,-3.7,-24.8
5,0,18,173,23,67,.343,20,53,.377,3,14,.214,19,32,.594,4,21,25,7,7,2,18,21,68
5,1,18,9.6,1.3,3.7,.343,1.1,2.9,.377,0.2,0.8,.214,1.1,1.8,.594,1.4,0.4,0.4,0.1,1.0,1.2,3.8
5,2,18,173,5.3,15.5,.343,4.6,12.3,.377,0.7,3.2,.214,4.4,7.4,.594,5.8,1.6,1.6,0.5,4.2,4.9,15.7
5,3,18,173,7.8,22.6,.343,6.7,17.9,.377,1.0,4.7,.214,6.4,10.8,.594,8.4,2.4,2.4,0.7,6.1,7.1,22.9,,76.6,107.5
5,4,18,173,7.7,.414,.366,.209,.478,63,2.7,14.9,8.6,8.6,2.4,1.3,18.0,29.9,,-0.3,0.1,-0.2,-.041,,-8.6,-3.8,-12.4
6,0,12,24,2,3,.667,1,1,1.000,1,2,.500,0,0,,0,1,1,0,2,0,2,1,5
6,1,12,2.0,0.2,0.3,.667,0.1,0.1,1.000,0.1,0.2,.500,0.0,0.0,,0.1,0.0,0.2,0.0,0.2,0.1,0.4
6,2,12,24,3.3,5.0,.667,1.7,1.7,1.000,1.7,3.3,.500,0.0,0.0,,1.7,0.0,3.3,0.0,3.3,1.7,8.3
6,3,12,24,4.9,7.3,.667,2.4,2.4,1.000,2.4,4.9,.500,0.0,0.0,,2.4,0.0,4.9,0.0,4.9,2.4,12.1,,83.2,106.5
6,4,12,24,9.4,.833,.833,.667,.000,3,0.0,5.1,2.5,0.0,4.9,0.0,40.0,10.7,,0.0,0.0,0.0,.018,,-3.1,-1.3,-4.3
7,0,32,722,126,212,.594,126,212,.594,0,0,,35,59,.593,54,92,146,30,24,15,48,76,287
7,1,32,22.6,3.9,6.6,.594,3.9,6.6,.594,0.0,0.0,,1.1,1.8,.593,4.6,0.9,0.8,0.5,1.5,2.4,9.0
7,2,32,722,7.0,11.7,.594,7.0,11.7,.594,0.0,0.0,,1.9,3.3,.593,8.1,1.7,1.3,0.8,2.7,4.2,15.9
7,3,32,722,10.2,17.1,.594,10.2,17.1,.594,0.0,0.0,,2.8,4.8,.593,11.8,2.4,1.9,1.2,3.9,6.1,23.2,,108.1,107.7
7,4,32,722,19.0,.598,.594,.000,.278,266,8.6,15.7,12.1,9.7,1.9,2.3,16.7,20.6,,1.4,0.4,1.8,.100,,-0.3,-1.0,-1.3
8,0,32,430,27,61,.443,27,60,.450,0,1,.000,10,17,.588,35,53,88,19,7,14,24,61,64
8,1,32,13.4,0.8,1.9,.443,0.8,1.9,.450,0.0,0.0,.000,0.3,0.5,.588,2.8,0.6,0.2,0.4,0.8,1.9,2.0
8,2,32,430,2.5,5.7,.443,2.5,5.6,.450,0.0,0.1,.000,0.9,1.6,.588,8.2,1.8,0.7,1.3,2.2,5.7,6.0
8,3,32,430,3.7,8.3,.443,3.7,8.1,.450,0.0,0.1,.000,1.4,2.3,.588,11.9,2.6,0.9,1.9,3.3,8.3,8.7,,91.2,109.2
8,4,32,430,8.0,.463,.443,.016,.279,82,9.4,15.2,12.2,8.2,0.9,3.6,25.8,11.2,,0.1,0.2,0.3,.024,,-4.6,0.1,-4.5
9,0,5,44,5,8,.625,5,8,.625,0,0,,0,2,.000,4,1,5,1,0,3,3,7,10
9,1,5,8.8,1.0,1.6,.625,1.0,1.6,.625,0.0,0.0,,0.0,0.4,.000,1.0,0.2,0.0,0.6,0.6,1.4,2.0
9,2,5,44,4.5,7.3,.625,4.5,7.3,.625,0.0,0.0,,0.0,1.8,.000,4.5,0.9,0.0,2.7,2.7,6.4,9.1
9,3,5,44,6.6,10.6,.625,6.6,10.6,.625,0.0,0.0,,0.0,2.7,.000,6.6,1.3,0.0,4.0,4.0,9.3,13.3,,92.9,113.6
9,4,5,44,8.9,.559,.625,.000,.250,10,10.5,2.8,6.8,4.6,0.0,7.5,25.1,14.0,,0.0,0.0,0.0,.013,,-4.2,-0.4,-4.6
10,0,32,1115,202,517,.391,107,258,.415,95,259,.367,74,91,.813,12,51,63,58,32,2,88,49,573
10,1,32,34.8,6.3,16.2,.391,3.3,8.1,.415,3.0,8.1,.367,2.3,2.8,.813,2.0,1.8,1.0,0.1,2.8,1.5,17.9
10,2,32,1115,7.2,18.5,.391,3.8,9.3,.415,3.4,9.3,.367,2.7,3.3,.813,2.3,2.1,1.1,0.1,3.2,1.8,20.6
10,3,32,1115,10.6,27.0,.391,5.6,13.5,.415,5.0,13.5,.367,3.9,4.8,.813,3.3,3.0,1.7,0.1,4.6,2.6,30.0,,95.7,113.2
10,4,32,1115,14.8,.511,.483,.501,.176,500,1.2,5.6,3.4,12.3,1.7,0.2,13.6,30.0,,1.1,0.1,1.1,.041,,0.2,-5.5,-5.2
11,0,32,1067,149,374,.398,108,253,.427,41,121,.339,123,168,.732,15,63,78,102,49,4,98,65,462
11,1,32,33.3,4.7,11.7,.398,3.4,7.9,.427,1.3,3.8,.339,3.8,5.3,.732,2.4,3.2,1.5,0.1,3.1,2.0,14.4
11,2,32,1067,5.6,14.0,.398,4.0,9.5,.427,1.5,4.5,.339,4.6,6.3,.732,2.9,3.8,1.8,0.1,3.7,2.4,17.3
11,3,32,1067,8.1,20.4,.398,5.9,13.8,.427,2.2,6.6,.339,6.7,9.2,.732,4.3,5.6,2.7,0.2,5.4,3.6,25.2,,96.1,110.2
11,4,32,1067,15.1,.509,.453,.324,.449,451,1.6,7.3,4.4,20.6,2.7,0.4,17.8,26.7,,1.0,0.4,1.4,.052,,-0.7,-3.1,-3.8
12,0,29,948,67,165,.406,48,99,.485,19,66,.288,38,53,.717,17,144,161,132,40,2,66,52,191
12,1,29,32.7,2.3,5.7,.406,1.7,3.4,.485,0.7,2.3,.288,1.3,1.8,.717,5.6,4.6,1.4,0.1,2.3,1.8,6.6
12,2,29,948,2.8,7.0,.406,2.0,4.2,.485,0.8,2.8,.288,1.6,2.2,.717,6.8,5.6,1.7,0.1,2.8,2.2,8.1
12,3,29,948,4.1,10.1,.406,3.0,6.1,.485,1.2,4.1,.288,2.3,3.3,.717,9.9,8.1,2.5,0.1,4.1,3.2,11.7,,97.0,106.8
12,4,29,948,12.7,.502,.464,.400,.321,238,2.1,18.7,10.1,26.1,2.5,0.2,25.8,13.9,,0.6,0.6,1.2,.053,,-1.6,-0.3,-2.0
13,0,1,0,0,0,,0,0,,0,0,,0,0,,0,0,0,0,0,0,0,0,0
13,1,1,0.0,0.0,0.0,,0.0,0.0,,0.0,0.0,,0.0,0.0,,0.0,0.0,0.0,0.0,0.0,0.0,0.0
13,2,1,0,,,,,,,,,,,,,,,,,,,
13,3,1,0,,,,,,,,,,,,,,,,,,,,,,
13,4,1,0,,,,,,,,,,,,,,,,0.0,0.0,0.0,,,-6.3,-1.9,-8.3
