0,0,29,607,75,127,.591,74,124,.597,1,3,.333,16,35,.457,58,90,148,17,20,12,34,53,167
0,1,29,20.9,2.6,4.4,.591,2.6,4.3,.597,0.0,0.1,.333,0.6,1.2,.457,5.1,0.6,0.7,0.4,1.2,1.8,5.8
0,2,29,607,4.9,8.4,.591,4.9,8.2,.597,0.1,0.2,.333,1.1,2.3,.457,9.8,1.1,1.3,0.8,2.2,3.5,11.0
0,3,29,607,7.5,12.7,.591,7.4,12.4,.597,0.1,0.3,.333,1.6,3.5,.457,14.7,1.7,2.0,1.2,3.4,5.3,16.6,,104.8,105.7
0,4,29,607,16.0,.581,.594,.024,.276,158,10.8,19.2,14.7,6.3,2.0,2.2,19.1,15.0,,0.7,0.5,1.2,.080,,-2.5,-0.8,-3.3
1,0,18,139,15,61,.246,7,29,.241,8,32,.250,5,8,.625,3,9,12,5,7,1,12,21,43
1,1,18,7.7,0.8,3.4,.246,0.4,1.6,.241,0.4,1.8,.250,0.3,0.4,.625,0.7,0.3,0.4,0.1,0.7,1.2,2.4
1,2,18,139,4.3,17.6,.246,2.0,8.3,.241,2.3,9.2,.250,1.4,2.3,.625,3.5,1.4,2.0,0.3,3.5,6.0,12.4
1,3,18,139,6.5,26.5,.246,3.0,12.6,.241,3.5,13.9,.250,2.2,3.5,.625,5.2,2.2,3.0,0.4,5.2,9.1,18.7,,67.1,107.4
1,4,18,139,0.9,.332,.311,.525,.131,39,2.4,8.4,5.2,7.8,3.0,0.8,15.6,28.3,,-0.4,0.1,-0.3,-.083,,-9.0,-5.0,-14.0
2,0,28,844,123,297,.414,77,177,.435,46,120,.383,49,66,.742,19,55,74,63,35,0,64,35,341
2,1,28,30.1,4.4,10.6,.414,2.8,6.3,.435,1.6,4.3,.383,1.8,2.4,.742,2.6,2.3,1.3,0.0,2.3,1.3,12.2
2,2,28,844,5.8,14.1,.414,3.6,8.4,.435,2.2,5.7,.383,2.3,3.1,.742,3.5,3.0,1.7,0.0,3.0,1.7,16.2
2,3,28,844,8.8,21.3,.414,5.5,12.7,.435,3.3,8.6,.383,3.5,4.7,.742,5.3,4.5,2.5,0.0,4.6,2.5,24.4,,98.7,109.8
2,4,28,844,14.8,.519,.492,.404,.222,310,2.6,8.4,5.3,17.7,2.5,0.0,16.3,23.8,,0.9,0.4,1.3,.061,,-0.5,-3.6,-4.1
3,0,29,681,63,168,.375,41,95,.432,22,73,.301,49,65,.754,16,72,88,52,30,5,54,73,197
3,1,29,23.5,2.2,5.8,.375,1.4,3.3,.432,0.8,2.5,.301,1.7,2.2,.754,3.0,1.8,1.0,0.2,1.9,2.5,6.8
3,2,29,681,3.7,9.9,.375,2.4,5.6,.432,1.3,4.3,.301,2.9,3.8,.754,5.2,3.1,1.8,0.3,3.2,4.3,11.6
3,3,29,681,5.6,14.9,.375,3.6,8.4,.432,2.0,6.5,.301,4.4,5.8,.754,7.8,4.6,2.7,0.4,4.8,6.5,17.5,,92.3,106.7
3,4,29,681,10.9,.495,.440,.435,.387,194,2.7,13.7,7.8,16.1,2.7,0.8,21.4,19.0,,0.2,0.5,0.7,.042,,-3.2,-1.7,-4.9
4,0,28,498,66,138,.478,66,138,.478,0,0,,26,53,.491,49,59,108,7,15,11,25,70,158
4,1,28,17.8,2.4,4.9,.478,2.4,4.9,.478,0.0,0.0,,0.9,1.9,.491,3.9,0.3,0.5,0.4,0.9,2.5,5.6
4,2,28,498,5.3,11.1,.478,5.3,11.1,.478,0.0,0.0,,2.1,4.3,.491,8.7,0.6,1.2,0.9,2.0,5.6,12.7
4,3,28,498,8.0,16.8,.478,8.0,16.8,.478,0.0,0.0,,3.2,6.4,.491,13.1,0.9,1.8,1.3,3.0,8.5,19.2,,97.2,106.9
4,4,28,498,13.5,.484,.478,.000,.384,149,11.2,15.4,13.1,3.2,1.8,2.4,13.3,19.4,,0.4,0.4,0.7,.059,,-4.7,-2.8,-7.5
5,0,23,142,11,26,.423,3,8,.375,8,18,.444,1,2,.500,4,9,13,7,1,0,12,8,31
5,1,23,6.2,0.5,1.1,.423,0.1,0.3,.375,0.3,0.8,.444,0.0,0.1,.500,0.6,0.3,0.0,0.0,0.5,0.3,1.3
5,2,23,142,3.1,7.3,.423,0.8,2.3,.375,2.3,5.1,.444,0.3,0.6,.500,3.7,2.0,0.3,0.0,3.4,2.3,8.7
5,3,23,142,4.7,11.1,.423,1.3,3.4,.375,3.4,7.7,.444,0.4,0.9,.500,5.5,3.0,0.4,0.0,5.1,3.4,13.2,,86.4,114.4
5,4,23,142,5.8,.575,.577,.692,.077,29,3.2,8.2,5.5,10.1,0.4,0.0,30.8,14.1,,0.0,0.0,0.0,-.007,,-4.9,-5.0,-9.9
6,0,27,325,38,108,.352,21,53,.396,17,55,.309,13,14,.929,4,23,27,16,8,7,23,22,106
6,1,27,12.0,1.4,4.0,.352,0.8,2.0,.396,0.6,2.0,.309,0.5,0.5,.929,1.0,0.6,0.3,0.3,0.9,0.8,3.9
6,2,27,325,4.7,13.3,.352,2.6,6.5,.396,2.1,6.8,.309,1.6,1.7,.929,3.3,2.0,1.0,0.9,2.8,2.7,13.0
6,3,27,325,7.1,20.1,.352,3.9,9.9,.396,3.2,10.2,.309,2.4,2.6,.929,5.0,3.0,1.5,1.3,4.3,4.1,19.7,,87.6,110.3
6,4,27,325,9.0,.462,.431,.509,.130,94,1.4,9.2,5.0,10.9,1.5,2.4,16.7,21.7,,0.0,0.1,0.1,.010,,-4.9,-3.8,-8.7
7,0,5,12,2,4,.500,2,2,1.000,0,2,.000,0,0,,1,0,1,1,1,0,2,0,4
7,1,5,2.4,0.4,0.8,.500,0.4,0.4,1.000,0.0,0.4,.000,0.0,0.0,,0.2,0.2,0.2,0.0,0.4,0.0,0.8
7,2,5,12,6.7,13.3,.500,6.7,6.7,1.000,0.0,6.7,.000,0.0,0.0,,3.3,3.3,3.3,0.0,6.7,0.0,13.3
7,3,5,12,10.1,20.2,.500,10.1,10.1,1.000,0.0,10.1,.000,0.0,0.0,,5.0,5.0,5.0,0.0,10.1,0.0,20.2,,75.8,107.3
7,4,5,12,11.9,.500,.500,.500,.000,4,9.5,0.0,5.0,20.8,5.0,0.0,33.3,25.6,,0.0,0.0,0.0,-.041,,-4.0,-2.9,-6.9
8,0,17,170,20,44,.455,20,43,.465,0,1,.000,6,7,.857,21,9,30,8,7,2,15,30,46
8,1,17,10.0,1.2,2.6,.455,1.2,2.5,.465,0.0,0.1,.000,0.4,0.4,.857,1.8,0.5,0.4,0.1,0.9,1.8,2.7
8,2,17,170,4.7,10.4,.455,4.7,10.1,.465,0.0,0.2,.000,1.4,1.6,.857,7.1,1.9,1.6,0.5,3.5,7.1,10.8
8,3,17,170,7.1,15.7,.455,7.1,15.3,.465,0.0,0.4,.000,2.1,2.5,.857,10.7,2.8,2.5,0.7,5.3,10.7,16.4,,90.8,108.7
8,4,17,170,10.7,.486,.455,.023,.159,50,14.0,6.9,10.7,10.5,2.5,1.3,24.1,18.8,,0.0,0.1,0.1,.029,,-3.9,-1.8,-5.7
9,0,29,760,99,204,.485,94,186,.505,5,18,.278,82,114,.719,66,103,169,33,26,8,46,66,285
9,1,29,26.2,3.4,7.0,.485,3.2,6.4,.505,0.2,0.6,.278,2.8,3.9,.719,5.8,1.1,0.9,0.3,1.6,2.3,9.8
9,2,29,760,5.2,10.7,.485,4.9,9.8,.505,0.3,0.9,.278,4.3,6.0,.719,8.9,1.7,1.4,0.4,2.4,3.5,15.0
9,3,29,760,7.9,16.2,.485,7.5,14.8,.505,0.4,1.4,.278,6.5,9.1,.719,13.5,2.6,2.1,0.6,3.7,5.3,22.7,,109.1,106.7
9,4,29,760,18.6,.552,.498,.088,.559,275,9.9,17.6,13.5,9.9,2.1,1.2,15.1,20.5,,1.5,0.6,2.1,.109,,-0.8,-1.7,-2.5
10,0,25,221,16,36,.444,16,36,.444,0,0,,13,23,.565,17,30,47,6,3,14,18,39,45
10,1,25,8.8,0.6,1.4,.444,0.6,1.4,.444,0.0,0.0,,0.5,0.9,.565,1.9,0.2,0.1,0.6,0.7,1.6,1.8
10,2,25,221,2.9,6.5,.444,2.9,6.5,.444,0.0,0.0,,2.4,4.2,.565,8.5,1.1,0.5,2.5,3.3,7.1,8.1
10,3,25,221,4.4,9.9,.444,4.4,9.9,.444,0.0,0.0,,3.6,6.3,.565,12.9,1.6,0.8,3.8,4.9,10.7,12.3,,83.3,105.7
10,4,25,221,8.3,.479,.444,.000,.639,47,8.7,17.6,12.9,5.5,0.8,6.9,27.7,15.1,,-0.1,0.2,0.1,.016,,-7.8,0.5,-7.3
11,0,18,506,67,216,.310,42,135,.311,25,81,.309,25,31,.806,8,15,23,47,8,1,47,19,184
11,1,18,28.1,3.7,12.0,.310,2.3,7.5,.311,1.4,4.5,.309,1.4,1.7,.806,1.3,2.6,0.4,0.1,2.6,1.1,10.2
11,2,18,506,5.3,17.1,.310,3.3,10.7,.311,2.0,6.4,.309,2.0,2.5,.806,1.8,3.7,0.6,0.1,3.7,1.5,14.5
11,3,18,506,8.0,25.8,.310,5.0,16.1,.311,3.0,9.7,.309,3.0,3.7,.806,2.7,5.6,1.0,0.1,5.6,2.3,22.0,,80.7,114.7
11,4,18,506,6.2,.399,.368,.375,.144,179,1.8,3.8,2.7,21.4,1.0,0.2,16.9,28.1,,-0.5,0.0,-0.6,-.044,,-5.9,-6.6,-12.5
12,0,29,904,65,187,.348,41,112,.366,24,75,.320,40,51,.784,25,79,104,143,28,1,65,30,194
12,1,29,31.2,2.2,6.4,.348,1.4,3.9,.366,0.8,2.6,.320,1.4,1.8,.784,3.6,4.9,1.0,0.0,2.2,1.0,6.7
12,2,29,904,2.9,8.3,.348,1.8,5.0,.366,1.1,3.3,.320,1.8,2.3,.784,4.6,6.3,1.2,0.0,2.9,1.3,8.6
12,3,29,904,4.3,12.5,.348,2.7,7.5,.366,1.6,5.0,.320,2.7,3.4,.784,7.0,9.6,1.9,0.1,4.3,2.0,13.0,,96.5,110.2
12,4,29,904,11.9,.459,.412,.401,.273,244,3.1,11.3,7.0,31.9,1.9,0.1,23.5,15.7,,0.6,0.4,0.9,.041,,-2.5,-3.0,-5.5
13,0,5,16,1,4,.250,0,1,.000,1,3,.333,0,0,,0,3,3,2,1,0,0,1,3
13,1,5,3.2,0.2,0.8,.250,0.0,0.2,.000,0.2,0.6,.333,0.0,0.0,,0.6,0.4,0.2,0.0,0.0,0.2,0.6
13,2,5,16,2.5,10.0,.250,0.0,2.5,.000,2.5,7.5,.333,0.0,0.0,,7.5,5.0,2.5,0.0,0.0,2.5,7.5
13,3,5,16,3.8,15.1,.250,0.0,3.8,.000,3.8,11.3,.333,0.0,0.0,,11.3,7.6,3.8,0.0,0.0,3.8,11.3,,108.0,101.3
13,4,5,16,13.9,.375,.375,.750,.000,3,0.0,24.3,11.3,24.8,3.8,0.0,0.0,12.8,,0.0,0.0,0.0,.096,,-2.1,-1.2,-3.3
