0,0,34,1067,151,359,.421,110,231,.476,41,128,.320,136,173,.786,16,92,108,102,19,5,72,70,479
0,1,34,31.4,4.4,10.6,.421,3.2,6.8,.476,1.2,3.8,.320,4.0,5.1,.786,3.2,3.0,0.6,0.1,2.1,2.1,14.1
0,2,34,1067,5.7,13.5,.421,4.1,8.7,.476,1.5,4.8,.320,5.1,6.5,.786,4.0,3.8,0.7,0.2,2.7,2.6,18.0
0,3,34,1067,9.5,22.5,.421,6.9,14.5,.476,2.6,8.0,.320,8.5,10.8,.786,6.8,6.4,1.2,0.3,4.5,4.4,30.0,,108.0,104.2
0,4,34,1067,19.9,.543,.478,.357,.482,476,1.9,11.6,6.7,24.3,1.2,0.6,14.0,28.4,,2.7,1.1,3.8,.141,,3.1,-0.7,2.3
1,0,25,475,26,69,.377,14,32,.438,12,37,.324,12,15,.800,3,35,38,15,4,4,10,40,76
1,1,25,19.0,1.0,2.8,.377,0.6,1.3,.438,0.5,1.5,.324,0.5,0.6,.800,1.5,0.6,0.2,0.2,0.4,1.6,3.0
1,2,25,475,2.2,5.8,.377,1.2,2.7,.438,1.0,3.1,.324,1.0,1.3,.800,3.2,1.3,0.3,0.3,0.8,3.4,6.4
1,3,25,475,3.7,9.7,.377,2.0,4.5,.438,1.7,5.2,.324,1.7,2.1,.800,5.3,2.1,0.6,0.6,1.4,5.6,10.7,,101.1,105.8
1,4,25,475,6.6,.499,.464,.536,.217,73,0.8,10.0,5.3,6.6,0.6,1.1,11.6,10.7,,0.3,0.4,0.7,.058,,-1.6,0.5,-1.1
2,0,34,950,160,320,.500,117,216,.542,43,104,.413,60,75,.800,26,89,115,25,29,1,41,61,423
2,1,34,27.9,4.7,9.4,.500,3.4,6.4,.542,1.3,3.1,.413,1.8,2.2,.800,3.4,0.7,0.9,0.0,1.2,1.8,12.4
2,2,34,950,6.7,13.5,.500,4.9,9.1,.542,1.8,4.4,.413,2.5,3.2,.800,4.8,1.1,1.2,0.0,1.7,2.6,17.8
2,3,34,950,11.2,22.5,.500,8.2,15.2,.542,3.0,7.3,.413,4.2,5.3,.800,8.1,1.8,2.0,0.1,2.9,4.3,29.7,,113.7,102.2
2,4,34,950,21.2,.595,.567,.325,.234,366,3.5,12.7,8.0,7.2,2.0,0.1,10.3,24.7,,2.5,1.2,3.7,.156,,3.1,-0.8,2.3
3,0,34,898,92,223,.413,46,93,.495,46,130,.354,103,124,.831,34,135,169,68,30,30,62,82,333
3,1,34,26.4,2.7,6.6,.413,1.4,2.7,.495,1.4,3.8,.354,3.0,3.6,.831,5.0,2.0,0.9,0.9,1.8,2.4,9.8
3,2,34,898,4.1,9.9,.413,2.0,4.1,.495,2.0,5.8,.354,4.6,5.5,.831,7.5,3.0,1.3,1.3,2.8,3.7,14.8
3,3,34,898,6.8,16.6,.413,3.4,6.9,.495,3.4,9.7,.354,7.7,9.2,.831,12.6,5.1,2.2,2.2,4.6,6.1,24.8,,112.1,96.6
3,4,34,898,21.4,.591,.516,.583,.556,340,4.9,20.3,12.4,17.5,2.2,4.4,18.0,22.6,,2.2,1.6,3.8,.171,,3.7,3.8,7.5
4,0,11,46,2,6,.333,2,4,.500,0,2,.000,4,8,.500,7,6,13,2,1,0,3,4,8
4,1,11,4.2,0.2,0.5,.333,0.2,0.4,.500,0.0,0.2,.000,0.4,0.7,.500,1.2,0.2,0.1,0.0,0.3,0.4,0.7
4,2,11,46,1.7,5.2,.333,1.7,3.5,.500,0.0,1.7,.000,3.5,7.0,.500,11.3,1.7,0.9,0.0,2.6,3.5,7.0
4,3,11,46,2.9,8.7,.333,2.9,5.8,.500,0.0,2.9,.000,5.8,11.6,.500,18.9,2.9,1.5,0.0,4.4,5.8,11.6,,97.3,101.8
4,4,11,46,11.8,.408,.333,.333,1.333,13,19.6,17.6,18.6,8.8,1.5,0.0,23.4,16.4,,0.0,0.1,0.1,.080,,-1.5,0.4,-1.1
5,0,34,1082,117,285,.411,52,108,.481,65,177,.367,27,42,.643,28,81,109,63,33,1,34,47,326
5,1,34,31.8,3.4,8.4,.411,1.5,3.2,.481,1.9,5.2,.367,0.8,1.2,.643,3.2,1.9,1.0,0.0,1.0,1.4,9.6
5,2,34,1082,4.3,10.5,.411,1.9,4.0,.481,2.4,6.5,.367,1.0,1.6,.643,4.0,2.3,1.2,0.0,1.3,1.7,12.1
5,3,34,1082,7.2,17.6,.411,3.2,6.7,.481,4.0,10.9,.367,1.7,2.6,.643,6.7,3.9,2.0,0.1,2.1,2.9,20.1,,109.9,103.2
5,4,34,1082,15.5,.535,.525,.621,.147,317,3.3,10.1,6.6,13.6,2.0,0.1,10.0,18.5,,1.9,1.2,3.2,.117,,3.2,0.4,3.6
6,0,22,117,7,24,.292,3,9,.333,4,15,.267,8,10,.800,2,5,7,5,0,0,7,13,26
6,1,22,5.3,0.3,1.1,.292,0.1,0.4,.333,0.2,0.7,.267,0.4,0.5,.800,0.3,0.2,0.0,0.0,0.3,0.6,1.2
6,2,22,117,2.4,8.2,.292,1.0,3.1,.333,1.4,5.1,.267,2.7,3.4,.800,2.4,1.7,0.0,0.0,2.4,4.4,8.9
6,3,22,117,4.0,13.7,.292,1.7,5.1,.333,2.3,8.6,.267,4.6,5.7,.800,4.0,2.9,0.0,0.0,4.0,7.4,14.8,,86.2,109.0
6,4,22,117,3.8,.452,.375,.625,.417,26,2.2,5.8,3.9,9.0,0.0,0.0,19.6,18.0,,0.0,0.1,0.0,.012,,-3.7,-3.0,-6.6
7,0,24,589,60,107,.561,60,105,.571,0,2,.000,39,61,.639,45,85,130,31,22,4,29,66,159
7,1,24,24.5,2.5,4.5,.561,2.5,4.4,.571,0.0,0.1,.000,1.6,2.5,.639,5.4,1.3,0.9,0.2,1.2,2.8,6.6
7,2,24,589,4.1,7.3,.561,4.1,7.1,.571,0.0,0.1,.000,2.6,4.1,.639,8.8,2.1,1.5,0.3,2.0,4.5,10.8
7,3,24,589,6.8,12.1,.561,6.8,11.9,.571,0.0,0.2,.000,4.4,6.9,.639,14.7,3.5,2.5,0.5,3.3,7.5,18.0,,115.4,98.1
7,4,24,589,18.1,.585,.561,.019,.570,177,9.9,19.5,14.6,12.1,2.5,0.9,17.6,16.5,,1.3,1.0,2.2,.153,,1.3,3.1,4.4
8,0,29,297,24,51,.471,24,51,.471,0,0,,10,14,.714,12,57,69,0,6,5,17,50,58
8,1,29,10.2,0.8,1.8,.471,0.8,1.8,.471,0.0,0.0,,0.3,0.5,.714,2.4,0.0,0.2,0.2,0.6,1.7,2.0
8,2,29,297,3.2,6.9,.471,3.2,6.9,.471,0.0,0.0,,1.3,1.9,.714,9.3,0.0,0.8,0.7,2.3,6.7,7.8
8,3,29,297,5.4,11.5,.471,5.4,11.5,.471,0.0,0.0,,2.2,3.1,.714,15.5,0.0,1.3,1.1,3.8,11.2,13.0,,85.7,97.5
8,4,29,297,8.0,.503,.471,.000,.275,55,5.2,25.9,15.3,0.0,1.3,2.2,22.8,14.8,,-0.1,0.5,0.4,.057,,-7.7,-1.3,-9.0
9,0,34,460,40,105,.381,26,50,.520,14,55,.255,22,29,.759,28,47,75,8,5,4,12,63,116
9,1,34,13.5,1.2,3.1,.381,0.8,1.5,.520,0.4,1.6,.255,0.6,0.9,.759,2.2,0.2,0.1,0.1,0.4,1.9,3.4
9,2,34,460,3.5,9.1,.381,2.3,4.3,.520,1.2,4.8,.255,1.9,2.5,.759,6.5,0.7,0.4,0.3,1.0,5.5,10.1
9,3,34,460,5.8,15.2,.381,3.8,7.3,.520,2.0,8.0,.255,3.2,4.2,.759,10.9,1.2,0.7,0.6,1.7,9.1,16.8,,105.7,103.8
9,4,34,460,10.9,.488,.448,.524,.276,119,7.9,13.8,10.8,3.9,0.7,1.1,9.2,16.8,,0.6,0.5,1.1,.095,,-0.5,-1.1,-1.6
10,0,34,819,49,153,.320,24,76,.316,25,77,.325,40,54,.741,28,62,90,40,22,3,25,87,163
10,1,34,24.1,1.4,4.5,.320,0.7,2.2,.316,0.7,2.3,.325,1.2,1.6,.741,2.6,1.2,0.6,0.1,0.7,2.6,4.8
10,2,34,819,2.4,7.5,.320,1.2,3.7,.316,1.2,3.8,.325,2.0,2.6,.741,4.4,2.0,1.1,0.1,1.2,4.2,8.0
10,3,34,819,4.0,12.5,.320,2.0,6.2,.316,2.0,6.3,.325,3.3,4.4,.741,7.3,3.3,1.8,0.2,2.0,7.1,13.3,,100.2,103.2
10,4,34,819,9.2,.456,.402,.503,.353,179,4.4,10.2,7.3,10.3,1.8,0.5,12.3,14.7,,0.6,0.9,1.6,.076,,-0.4,1.1,0.8
