0,0,21,469,44,109,.404,20,43,.465,24,66,.364,16,22,.727,7,61,68,33,4,1,19,35,128
0,1,21,22.3,2.1,5.2,.404,1.0,2.0,.465,1.1,3.1,.364,0.8,1.0,.727,3.2,1.6,0.2,0.0,0.9,1.7,6.1
0,2,21,469,3.8,9.3,.404,1.7,3.7,.465,2.0,5.6,.364,1.4,1.9,.727,5.8,2.8,0.3,0.1,1.6,3.0,10.9
0,3,21,469,6.2,15.4,.404,2.8,6.1,.465,3.4,9.3,.364,2.3,3.1,.727,9.6,4.7,0.6,0.1,2.7,4.9,18.1,,105.5,107.7
0,4,21,469,12.0,.536,.514,.606,.202,123,1.9,15.1,8.9,15.2,0.6,0.3,13.7,17.1,,0.6,0.4,0.9,.080,,1.5,-0.2,1.3
1,0,32,1043,149,354,.421,94,200,.470,55,154,.357,48,73,.658,13,84,97,84,9,1,47,49,401
1,1,32,32.6,4.7,11.1,.421,2.9,6.3,.470,1.7,4.8,.357,1.5,2.3,.658,3.0,2.6,0.3,0.0,1.5,1.5,12.5
1,2,32,1043,5.7,13.6,.421,3.6,7.7,.470,2.1,5.9,.357,1.8,2.8,.658,3.7,3.2,0.3,0.0,1.8,1.9,15.4
1,3,32,1043,9.5,22.5,.421,6.0,12.7,.470,3.5,9.8,.357,3.0,4.6,.658,6.2,5.3,0.6,0.1,3.0,3.1,25.4,,104.1,110.8
1,4,32,1043,14.8,.516,.499,.435,.206,372,1.6,9.4,5.7,19.4,0.6,0.1,10.8,24.2,,1.6,0.5,2.1,.081,,2.6,-1.5,1.0
2,0,24,155,8,18,.444,8,18,.444,0,0,,9,14,.643,14,14,28,4,1,2,13,26,25
2,1,24,6.5,0.3,0.8,.444,0.3,0.8,.444,0.0,0.0,,0.4,0.6,.643,1.2,0.2,0.0,0.1,0.5,1.1,1.0
2,2,24,155,2.1,4.6,.444,2.1,4.6,.444,0.0,0.0,,2.3,3.6,.643,7.2,1.0,0.3,0.5,3.4,6.7,6.5
2,3,24,155,3.4,7.7,.444,3.4,7.7,.444,0.0,0.0,,3.8,6.0,.643,12.0,1.7,0.4,0.9,5.5,11.1,10.7,,86.5,109.0
2,4,24,155,4.9,.507,.444,.000,.778,31,11.8,10.5,11.1,5.1,0.4,1.5,34.5,14.1,,0.0,0.1,0.1,.015,,-4.0,0.6,-3.4
3,0,32,780,74,191,.387,47,115,.409,27,76,.355,49,64,.766,31,122,153,41,21,15,48,76,224
3,1,32,24.4,2.3,6.0,.387,1.5,3.6,.409,0.8,2.4,.355,1.5,2.0,.766,4.8,1.3,0.7,0.5,1.5,2.4,7.0
3,2,32,780,3.8,9.8,.387,2.4,5.9,.409,1.4,3.9,.355,2.5,3.3,.766,7.8,2.1,1.1,0.8,2.5,3.9,11.5
3,3,32,780,6.3,16.2,.387,4.0,9.8,.409,2.3,6.4,.355,4.2,5.4,.766,13.0,3.5,1.8,1.3,4.1,6.4,19.0,,96.8,102.2
3,4,32,780,13.2,.506,.458,.398,.335,222,5.2,18.2,12.0,11.4,1.8,2.3,17.8,20.0,,0.5,1.0,1.5,.077,,-0.3,2.4,2.1
4,0,31,467,51,126,.405,28,61,.459,23,65,.354,11,17,.647,13,57,70,17,10,15,20,60,136
4,1,31,15.1,1.6,4.1,.405,0.9,2.0,.459,0.7,2.1,.354,0.4,0.5,.647,2.3,0.5,0.3,0.5,0.6,1.9,4.4
4,2,31,467,4.4,10.8,.405,2.4,5.2,.459,2.0,5.6,.354,0.9,1.5,.647,6.0,1.5,0.9,1.3,1.7,5.1,11.6
4,3,31,467,7.2,17.8,.405,4.0,8.6,.459,3.3,9.2,.354,1.6,2.4,.647,9.9,2.4,1.4,2.1,2.8,8.5,19.3,,97.2,104.0
4,4,31,467,12.0,.507,.496,.516,.135,122,3.6,14.2,9.2,8.1,1.4,3.8,13.0,19.1,,0.3,0.5,0.8,.070,,-0.3,1.6,1.3
5,0,32,720,50,95,.526,37,60,.617,13,35,.371,26,38,.684,33,87,120,26,21,9,27,91,139
5,1,32,22.5,1.6,3.0,.526,1.2,1.9,.617,0.4,1.1,.371,0.8,1.2,.684,3.8,0.8,0.7,0.3,0.8,2.8,4.3
5,2,32,720,2.8,5.3,.526,2.1,3.3,.617,0.7,1.9,.371,1.4,2.1,.684,6.7,1.4,1.2,0.5,1.5,5.1,7.7
5,3,32,720,4.6,8.7,.526,3.4,5.5,.617,1.2,3.2,.371,2.4,3.5,.684,11.0,2.4,1.9,0.8,2.5,8.4,12.8,,113.0,104.2
5,4,32,720,11.7,.615,.595,.368,.400,140,6.0,14.1,10.2,7.4,1.9,1.5,19.3,11.3,,0.9,0.8,1.7,.095,,1.3,2.8,4.1
6,0,32,1066,134,318,.421,94,208,.452,40,110,.364,58,68,.853,10,69,79,150,8,6,79,34,366
6,1,32,33.3,4.2,9.9,.421,2.9,6.5,.452,1.3,3.4,.364,1.8,2.1,.853,2.5,4.7,0.3,0.2,2.5,1.1,11.4
6,2,32,1066,5.0,11.9,.421,3.5,7.8,.452,1.5,4.1,.364,2.2,2.6,.853,3.0,5.6,0.3,0.2,3.0,1.3,13.7
6,3,32,1066,8.3,19.7,.421,5.8,12.9,.452,2.5,6.8,.364,3.6,4.2,.853,4.9,9.3,0.5,0.4,4.9,2.1,22.7,,102.7,111.7
6,4,32,1066,14.6,.522,.484,.346,.214,390,1.2,7.5,4.6,32.6,0.5,0.7,18.4,23.3,,1.6,0.4,2.0,.074,,1.7,-1.7,0.0
7,0,32,941,135,278,.486,126,240,.525,9,38,.237,95,127,.748,62,158,220,49,19,59,55,83,374
7,1,32,29.4,4.2,8.7,.486,3.9,7.5,.525,0.3,1.2,.237,3.0,4.0,.748,6.9,1.5,0.6,1.8,1.7,2.6,11.7
7,2,32,941,5.7,11.8,.486,5.4,10.2,.525,0.4,1.6,.237,4.0,5.4,.748,9.4,2.1,0.8,2.5,2.3,3.5,15.9
7,3,32,941,9.5,19.5,.486,8.9,16.9,.525,0.6,2.7,.237,6.7,8.9,.748,15.5,3.4,1.3,4.1,3.9,5.8,26.3,,109.2,99.9
7,4,32,941,22.4,.553,.502,.137,.457,364,8.6,19.5,14.4,12.6,1.3,7.4,14.0,24.2,,2.1,1.4,3.5,.148,,1.7,4.9,6.7
8,0,2,3,0,2,.000,0,1,.000,0,1,.000,2,2,1.000,2,0,2,0,0,0,0,1,2
8,1,2,1.5,0.0,1.0,.000,0.0,0.5,.000,0.0,0.5,.000,1.0,1.0,1.000,1.0,0.0,0.0,0.0,0.0,0.5,1.0
8,2,2,3,0.0,26.7,.000,0.0,13.3,.000,0.0,13.3,.000,26.7,26.7,1.000,26.7,0.0,0.0,0.0,0.0,13.3,26.7
8,3,2,3,0.0,44.1,.000,0.0,22.1,.000,0.0,22.1,.000,44.1,44.1,1.000,44.1,0.0,0.0,0.0,0.0,22.1,44.1,,113.1,114.9
8,4,2,3,34.7,.339,.000,.500,1.000,3,86.7,0.0,40.9,0.0,0.0,0.0,0.0,57.0,,0.0,0.0,0.0,.268,,9.3,-24.2,-14.8
9,0,29,210,16,33,.485,16,33,.485,0,0,,9,17,.529,23,31,54,14,9,16,9,36,41
9,1,29,7.2,0.6,1.1,.485,0.6,1.1,.485,0.0,0.0,,0.3,0.6,.529,1.9,0.5,0.3,0.6,0.3,1.2,1.4
9,2,29,210,3.0,6.3,.485,3.0,6.3,.485,0.0,0.0,,1.7,3.2,.529,10.3,2.7,1.7,3.0,1.7,6.9,7.8
9,3,29,210,5.0,10.4,.485,5.0,10.4,.485,0.0,0.0,,2.8,5.4,.529,17.0,4.4,2.8,5.0,2.8,11.3,12.9,,110.7,96.3
9,4,29,210,18.1,.499,.485,.000,.515,54,14.2,17.2,15.8,13.9,2.8,8.9,18.0,13.8,,0.3,0.4,0.7,.136,,0.4,7.9,8.3
10,0,31,337,22,56,.393,6,11,.545,16,45,.356,22,26,.846,3,21,24,22,9,1,9,43,82
10,1,31,10.9,0.7,1.8,.393,0.2,0.4,.545,0.5,1.5,.356,0.7,0.8,.846,0.8,0.7,0.3,0.0,0.3,1.4,2.6
10,2,31,337,2.6,6.6,.393,0.7,1.3,.545,1.9,5.3,.356,2.6,3.1,.846,2.8,2.6,1.1,0.1,1.1,5.1,9.7
10,3,31,337,4.3,11.0,.393,1.2,2.2,.545,3.1,8.8,.356,4.3,5.1,.846,4.7,4.3,1.8,0.2,1.8,8.4,16.1,,122.2,108.5
10,4,31,337,11.7,.600,.536,.804,.464,80,1.2,7.2,4.4,13.3,1.8,0.3,11.6,13.3,,0.7,0.2,0.9,.108,,2.9,-0.5,2.3
11,0,24,264,37,70,.529,17,30,.567,20,40,.500,4,6,.667,9,17,26,12,5,1,12,25,98
11,1,24,11.0,1.5,2.9,.529,0.7,1.3,.567,0.8,1.7,.500,0.2,0.3,.667,1.1,0.5,0.2,0.0,0.5,1.0,4.1
11,2,24,264,5.6,10.6,.529,2.6,4.5,.567,3.0,6.1,.500,0.6,0.9,.667,3.9,1.8,0.8,0.2,1.8,3.8,14.8
11,3,24,264,9.3,17.5,.529,4.3,7.5,.567,5.0,10.0,.500,1.0,1.5,.667,6.5,3.0,1.3,0.3,3.0,6.3,24.6,,118.0,109.7
11,4,24,264,17.1,.673,.671,.571,.086,81,4.4,7.5,6.0,10.9,1.3,0.4,14.1,18.6,,0.6,0.1,0.8,.116,,4.7,-1.3,3.3
12,0,18,69,7,19,.368,6,14,.429,1,5,.200,0,3,.000,2,5,7,8,2,0,7,13,15
12,1,18,3.8,0.4,1.1,.368,0.3,0.8,.429,0.1,0.3,.200,0.0,0.2,.000,0.4,0.4,0.1,0.0,0.4,0.7,0.8
12,2,18,69,4.1,11.0,.368,3.5,8.1,.429,0.6,2.9,.200,0.0,1.7,.000,4.1,4.6,1.2,0.0,4.1,7.5,8.7
12,3,18,69,6.7,18.2,.368,5.8,13.4,.429,1.0,4.8,.200,0.0,2.9,.000,6.7,7.7,1.9,0.0,6.7,12.5,14.4,,71.9,107.3
12,4,18,69,2.3,.367,.395,.263,.158,18,3.8,8.4,6.2,25.4,1.9,0.0,25.5,23.0,,-0.1,0.1,-0.1,-.052,,-5.8,-1.0,-6.8
