0,0,31,311,30,86,.349,24,58,.414,6,28,.214,15,25,.600,7,25,32,28,16,3,34,52,81
0,1,31,10.0,1.0,2.8,.349,0.8,1.9,.414,0.2,0.9,.214,0.5,0.8,.600,1.0,0.9,0.5,0.1,1.1,1.7,2.6
0,2,31,311,3.9,11.1,.349,3.1,7.5,.414,0.8,3.6,.214,1.9,3.2,.600,4.1,3.6,2.1,0.4,4.4,6.7,10.4
0,3,31,311,5.4,15.6,.349,4.3,10.5,.414,1.1,5.1,.214,2.7,4.5,.600,5.8,5.1,2.9,0.5,6.2,9.4,14.7,,76.5,98.9
0,4,31,311,5.4,.414,.384,.326,.291,86,2.4,8.4,5.4,17.6,2.9,0.9,25.8,20.3,,-0.4,0.5,0.1,.010,,-6.5,-1.6,-8.1
1,0,32,927,138,303,.455,117,236,.496,21,67,.313,129,178,.725,20,58,78,100,43,3,87,54,426
1,1,32,29.0,4.3,9.5,.455,3.7,7.4,.496,0.7,2.1,.313,4.0,5.6,.725,2.4,3.1,1.3,0.1,2.7,1.7,13.3
1,2,32,927,6.0,13.1,.455,5.0,10.2,.496,0.9,2.9,.313,5.6,7.7,.725,3.4,4.3,1.9,0.1,3.8,2.3,18.4
1,3,32,927,8.4,18.4,.455,7.1,14.3,.496,1.3,4.1,.313,7.8,10.8,.725,4.7,6.1,2.6,0.2,5.3,3.3,25.9,,105.1,101.7
1,4,32,927,17.9,.550,.490,.221,.587,417,2.3,6.6,4.4,23.4,2.6,0.3,18.3,24.5,,1.8,1.1,2.9,.126,,0.3,-2.6,-2.3
2,0,32,791,117,313,.374,57,125,.456,60,188,.319,57,83,.687,30,74,104,79,39,9,75,61,351
2,1,32,24.7,3.7,9.8,.374,1.8,3.9,.456,1.9,5.9,.319,1.8,2.6,.687,3.3,2.5,1.2,0.3,2.3,1.9,11.0
2,2,32,791,5.9,15.8,.374,2.9,6.3,.456,3.0,9.5,.319,2.9,4.2,.687,5.3,4.0,2.0,0.5,3.8,3.1,17.7
2,3,32,791,8.3,22.3,.374,4.1,8.9,.456,4.3,13.4,.319,4.1,5.9,.687,7.4,5.6,2.8,0.6,5.3,4.3,25.0,,97.6,99.1
2,4,32,791,16.0,.498,.470,.601,.265,343,4.0,9.8,6.9,21.6,2.8,1.1,17.5,25.9,,0.8,1.2,2.0,.102,,0.9,-1.9,-0.9
3,0,32,298,24,45,.533,24,45,.533,0,0,,11,23,.478,20,42,62,9,2,10,17,41,59
3,1,32,9.3,0.8,1.4,.533,0.8,1.4,.533,0.0,0.0,,0.3,0.7,.478,1.9,0.3,0.1,0.3,0.5,1.3,1.8
3,2,32,298,3.2,6.0,.533,3.2,6.0,.533,0.0,0.0,,1.5,3.1,.478,8.3,1.2,0.3,1.3,2.3,5.5,7.9
3,3,32,298,4.5,8.5,.533,4.5,8.5,.533,0.0,0.0,,2.1,4.3,.478,11.7,1.7,0.4,1.9,3.2,7.8,11.2,,95.6,100.3
3,4,32,298,8.9,.527,.533,.000,.511,62,7.1,14.8,11.0,5.7,0.4,3.1,23.3,11.7,,0.1,0.4,0.5,.071,,-5.1,-0.7,-5.8
4,0,31,199,19,63,.302,19,60,.317,0,3,.000,13,22,.591,18,18,36,7,8,12,12,24,51
4,1,31,6.4,0.6,2.0,.302,0.6,1.9,.317,0.0,0.1,.000,0.4,0.7,.591,1.2,0.2,0.3,0.4,0.4,0.8,1.6
4,2,31,199,3.8,12.7,.302,3.8,12.1,.317,0.0,0.6,.000,2.6,4.4,.591,7.2,1.4,1.6,2.4,2.4,4.8,10.3
4,3,31,199,5.4,17.8,.302,5.4,17.0,.317,0.0,0.8,.000,3.7,6.2,.591,10.2,2.0,2.3,3.4,3.4,6.8,14.4,,79.7,98.2
4,4,31,199,9.0,.347,.302,.048,.349,56,9.6,9.5,9.5,6.8,2.3,5.7,14.0,20.6,,-0.2,0.3,0.1,.027,,-7.6,0.5,-7.1
5,0,32,590,93,237,.392,64,147,.435,29,90,.322,56,89,.629,37,94,131,15,20,12,31,47,271
5,1,32,18.4,2.9,7.4,.392,2.0,4.6,.435,0.9,2.8,.322,1.8,2.8,.629,4.1,0.5,0.6,0.4,1.0,1.5,8.5
5,2,32,590,6.3,16.1,.392,4.3,10.0,.435,2.0,6.1,.322,3.8,6.0,.629,8.9,1.0,1.4,0.8,2.1,3.2,18.4
5,3,32,590,8.9,22.6,.392,6.1,14.0,.435,2.8,8.6,.322,5.3,8.5,.629,12.5,1.4,1.9,1.1,3.0,4.5,25.9,,101.5,97.0
5,4,32,590,17.4,.485,.454,.380,.376,245,6.6,16.7,11.7,5.6,1.9,1.9,10.0,25.2,,0.8,1.0,1.8,.124,,-1.9,-3.0,-5.0
6,0,16,350,35,98,.357,24,60,.400,11,38,.289,24,35,.686,13,27,40,22,24,3,26,36,105
6,1,16,21.9,2.2,6.1,.357,1.5,3.8,.400,0.7,2.4,.289,1.5,2.2,.686,2.5,1.4,1.5,0.2,1.6,2.3,6.6
6,2,16,350,4.0,11.2,.357,2.7,6.9,.400,1.3,4.3,.289,2.7,4.0,.686,4.6,2.5,2.7,0.3,3.0,4.1,12.0
6,3,16,350,5.6,15.8,.357,3.9,9.7,.400,1.8,6.1,.289,3.9,5.6,.686,6.4,3.5,3.9,0.5,4.2,5.8,16.9,,90.6,97.6
6,4,16,350,11.2,.458,.413,.388,.357,105,3.9,8.1,6.0,12.3,3.9,0.8,18.5,19.3,,0.1,0.6,0.6,.071,,-2.8,-0.3,-3.1
7,0,1,0,0,0,,0,0,,0,0,,0,0,,0,0,0,1,0,0,0,0,0
7,1,1,0.0,0.0,0.0,,0.0,0.0,,0.0,0.0,,0.0,0.0,,0.0,1.0,0.0,0.0,0.0,0.0,0.0
7,2,1,0,,,,,,,,,,,,,,,,,,,
7,3,1,0,,,,,,,,,,,,,,,,,,,,,,
7,4,1,0,,,,,,,,,,,,,,,,0.0,0.0,0.0,,,-6.7,-1.3,-8.0
8,0,32,944,144,237,.608,144,236,.610,0,1,.000,85,185,.459,108,195,303,30,45,125,39,83,373
8,1,32,29.5,4.5,7.4,.608,4.5,7.4,.610,0.0,0.0,.000,2.7,5.8,.459,9.5,0.9,1.4,3.9,1.2,2.6,11.7
8,2,32,944,6.1,10.0,.608,6.1,10.0,.610,0.0,0.0,.000,3.6,7.8,.459,12.8,1.3,1.9,5.3,1.7,3.5,15.8
8,3,32,944,8.6,14.1,.608,8.6,14.1,.610,0.0,0.1,.000,5.1,11.0,.459,18.1,1.8,2.7,7.5,2.3,5.0,22.3,,117.5,88.4
8,4,32,944,27.8,.574,.608,.004,.781,362,12.1,21.7,16.9,7.0,2.7,12.4,10.7,18.5,,2.4,2.4,4.8,.204,,0.5,6.6,7.1
9,0,32,644,74,177,.418,50,111,.450,24,66,.364,25,39,.641,41,69,110,25,22,6,45,71,197
9,1,32,20.1,2.3,5.5,.418,1.6,3.5,.450,0.8,2.1,.364,0.8,1.2,.641,3.4,0.8,0.7,0.2,1.4,2.2,6.2
9,2,32,644,4.6,11.0,.418,3.1,6.9,.450,1.5,4.1,.364,1.6,2.4,.641,6.8,1.6,1.4,0.4,2.8,4.4,12.2
9,3,32,644,6.5,15.5,.418,4.4,9.7,.450,2.1,5.8,.364,2.2,3.4,.641,9.6,2.2,1.9,0.5,3.9,6.2,17.2,,95.7,100.0
9,4,32,644,11.3,.504,.486,.373,.220,191,6.7,11.3,9.0,7.9,1.9,0.9,18.7,17.9,,0.4,0.9,1.3,.079,,-2.4,-1.6,-4.0
10,0,32,555,33,83,.398,25,49,.510,8,34,.235,30,53,.566,37,44,81,36,24,12,39,75,104
10,1,32,17.3,1.0,2.6,.398,0.8,1.5,.510,0.3,1.1,.235,0.9,1.7,.566,2.5,1.1,0.8,0.4,1.2,2.3,3.3
10,2,32,555,2.4,6.0,.398,1.8,3.5,.510,0.6,2.5,.235,2.2,3.8,.566,5.8,2.6,1.7,0.9,2.8,5.4,7.5
10,3,32,555,3.4,8.4,.398,2.5,5.0,.510,0.8,3.5,.235,3.0,5.4,.566,8.2,3.7,2.4,1.2,4.0,7.6,10.6,,91.9,99.8
10,4,32,555,8.9,.481,.446,.410,.639,123,7.1,8.3,7.7,11.8,2.4,2.0,26.5,12.7,,0.1,0.8,0.9,.065,,-2.8,0.4,-2.5
11,0,32,528,56,138,.406,37,70,.529,19,68,.279,33,48,.688,23,44,67,33,22,8,42,41,164
11,1,32,16.5,1.8,4.3,.406,1.2,2.2,.529,0.6,2.1,.279,1.0,1.5,.688,2.1,1.0,0.7,0.3,1.3,1.3,5.1
11,2,32,528,4.2,10.5,.406,2.8,5.3,.529,1.4,5.2,.279,2.5,3.6,.688,5.1,2.5,1.7,0.6,3.2,3.1,12.4
11,3,32,528,6.0,14.7,.406,3.9,7.5,.529,2.0,7.3,.279,3.5,5.1,.688,7.2,3.5,2.3,0.9,4.5,4.4,17.5,,95.4,100.5
11,4,32,528,12.0,.510,.475,.493,.348,162,4.6,8.8,6.7,12.4,2.3,1.4,20.7,18.4,,0.3,0.7,1.0,.077,,-2.1,-1.4,-3.5
12,0,8,16,0,2,.000,0,1,.000,0,1,.000,0,0,,0,2,2,0,1,0,2,1,0
12,1,8,2.0,0.0,0.3,.000,0.0,0.1,.000,0.0,0.1,.000,0.0,0.0,,0.3,0.0,0.1,0.0,0.3,0.1,0.0
12,2,8,16,0.0,5.0,.000,0.0,2.5,.000,0.0,2.5,.000,0.0,0.0,,5.0,0.0,2.5,0.0,5.0,2.5,0.0
12,3,8,16,0.0,7.0,.000,0.0,3.5,.000,0.0,3.5,.000,0.0,0.0,,7.0,0.0,3.5,0.0,7.0,3.5,0.0,,0.0,96.4
12,4,8,16,-7.6,.000,.000,.500,.000,0,0.0,13.1,6.6,0.0,3.5,0.0,50.0,12.0,,-0.1,0.0,-0.1,-.133,,-15.4,-0.6,-16.0
13,0,27,322,26,70,.371,11,29,.379,15,41,.366,10,19,.526,4,21,25,26,14,1,20,47,77
13,1,27,11.9,1.0,2.6,.371,0.4,1.1,.379,0.6,1.5,.366,0.4,0.7,.526,0.9,1.0,0.5,0.0,0.7,1.7,2.9
13,2,27,322,3.2,8.7,.371,1.4,3.6,.379,1.9,5.1,.366,1.2,2.4,.526,3.1,3.2,1.7,0.1,2.5,5.8,9.6
13,3,27,322,4.6,12.3,.371,1.9,5.1,.379,2.6,7.2,.366,1.8,3.3,.526,4.4,4.6,2.5,0.2,3.5,8.2,13.5,,93.7,101.1
13,4,27,322,7.8,.487,.479,.586,.271,78,1.3,6.8,4.1,15.3,2.5,0.3,20.2,14.7,,0.1,0.4,0.5,.065,,-2.9,-2.4,-5.3
