0,0,16,115,7,16,.438,7,16,.438,0,0,,3,9,.333,7,20,27,1,1,2,9,21,17
0,1,16,7.2,0.4,1.0,.438,0.4,1.0,.438,0.0,0.0,,0.2,0.6,.333,1.7,0.1,0.1,0.1,0.6,1.3,1.1
0,2,16,115,2.4,5.6,.438,2.4,5.6,.438,0.0,0.0,,1.0,3.1,.333,9.4,0.3,0.3,0.7,3.1,7.3,5.9
0,3,16,115,3.2,7.4,.438,3.2,7.4,.438,0.0,0.0,,1.4,4.1,.333,12.4,0.5,0.5,0.9,4.1,9.7,7.8,,71.8,110.3
0,4,16,115,2.4,.419,.438,.000,.563,19,6.4,18.5,12.4,1.3,0.5,1.6,30.7,11.6,,-0.1,0.1,-0.1,-.022,,-7.2,-3.9,-11.1
1,0,25,345,48,130,.369,19,45,.422,29,85,.341,12,17,.706,12,25,37,19,8,2,34,21,137
1,1,25,13.8,1.9,5.2,.369,0.8,1.8,.422,1.2,3.4,.341,0.5,0.7,.706,1.5,0.8,0.3,0.1,1.4,0.8,5.5
1,2,25,345,5.6,15.1,.369,2.2,5.2,.422,3.4,9.9,.341,1.4,2.0,.706,4.3,2.2,0.9,0.2,3.9,2.4,15.9
1,3,25,345,7.4,20.0,.369,2.9,6.9,.422,4.5,13.1,.341,1.8,2.6,.706,5.7,2.9,1.2,0.3,5.2,3.2,21.1,,90.4,114.6
1,4,25,345,9.3,.496,.481,.654,.131,127,3.7,7.7,5.7,9.1,1.2,0.5,19.8,22.8,,0.0,0.0,0.1,.006,,-1.9,-6.0,-7.8
2,0,22,511,66,141,.468,51,105,.486,15,36,.417,32,51,.627,40,78,118,25,20,48,32,60,179
2,1,22,23.2,3.0,6.4,.468,2.3,4.8,.486,0.7,1.6,.417,1.5,2.3,.627,5.4,1.1,0.9,2.2,1.5,2.7,8.1
2,2,22,511,5.2,11.0,.468,4.0,8.2,.486,1.2,2.8,.417,2.5,4.0,.627,9.2,2.0,1.6,3.8,2.5,4.7,14.0
2,3,22,511,6.8,14.6,.468,5.3,10.9,.486,1.6,3.7,.417,3.3,5.3,.627,12.2,2.6,2.1,5.0,3.3,6.2,18.6,,107.5,105.0
2,4,22,511,18.2,.542,.521,.255,.362,182,8.3,16.2,12.2,8.0,2.1,8.6,16.2,17.7,,0.8,0.5,1.3,.101,,-0.3,1.9,1.5
3,0,10,13,1,4,.250,1,1,1.000,0,3,.000,0,0,,0,0,0,0,0,0,2,2,2
3,1,10,1.3,0.1,0.4,.250,0.1,0.1,1.000,0.0,0.3,.000,0.0,0.0,,0.0,0.0,0.0,0.0,0.2,0.2,0.2
3,2,10,13,3.1,12.3,.250,3.1,3.1,1.000,0.0,9.2,.000,0.0,0.0,,0.0,0.0,0.0,0.0,6.2,6.2,6.2
3,3,10,13,4.1,16.3,.250,4.1,4.1,1.000,0.0,12.2,.000,0.0,0.0,,0.0,0.0,0.0,0.0,8.2,8.2,8.2,,34.9,120.6
3,4,10,13,-12.8,.250,.250,.750,.000,2,0.0,0.0,0.0,0.0,0.0,0.0,33.3,21.1,,-0.1,0.0,-0.1,-.230,,-12.9,-8.0,-20.8
4,0,30,593,57,166,.343,50,120,.417,7,46,.152,29,42,.690,13,45,58,53,30,3,36,72,150
4,1,30,19.8,1.9,5.5,.343,1.7,4.0,.417,0.2,1.5,.152,1.0,1.4,.690,1.9,1.8,1.0,0.1,1.2,2.4,5.0
4,2,30,593,3.8,11.2,.343,3.4,8.1,.417,0.5,3.1,.152,2.0,2.8,.690,3.9,3.6,2.0,0.2,2.4,4.9,10.1
4,3,30,593,5.1,14.8,.343,4.5,10.7,.417,0.6,4.1,.152,2.6,3.8,.690,5.2,4.7,2.7,0.3,3.2,6.4,13.4,,87.6,111.0
4,4,30,593,7.5,.403,.364,.277,.253,164,2.3,8.1,5.2,13.8,2.7,0.5,16.2,17.1,,-0.1,0.3,0.1,.010,,-3.5,-3.0,-6.5
5,0,30,565,66,114,.579,60,101,.594,6,13,.462,42,64,.656,53,82,135,26,16,7,39,68,180
5,1,30,18.8,2.2,3.8,.579,2.0,3.4,.594,0.2,0.4,.462,1.4,2.1,.656,4.5,0.9,0.5,0.2,1.3,2.3,6.0
5,2,30,565,4.7,8.1,.579,4.2,7.2,.594,0.4,0.9,.462,3.0,4.5,.656,9.6,1.8,1.1,0.5,2.8,4.8,12.7
5,3,30,565,6.2,10.7,.579,5.6,9.5,.594,0.6,1.2,.462,3.9,6.0,.656,12.7,2.4,1.5,0.7,3.7,6.4,16.9,,114.6,109.9
5,4,30,565,15.1,.623,.605,.114,.561,190,9.9,15.4,12.7,7.4,1.5,1.1,21.3,14.9,,1.1,0.3,1.4,.096,,0.5,-2.6,-2.1
6,0,30,533,50,113,.442,34,73,.466,16,40,.400,19,29,.655,32,47,79,12,20,7,28,46,135
6,1,30,17.8,1.7,3.8,.442,1.1,2.4,.466,0.5,1.3,.400,0.6,1.0,.655,2.6,0.4,0.7,0.2,0.9,1.5,4.5
6,2,30,533,3.8,8.5,.442,2.6,5.5,.466,1.2,3.0,.400,1.4,2.2,.655,5.9,0.9,1.5,0.5,2.1,3.5,10.1
6,3,30,533,5.0,11.2,.442,3.4,7.3,.466,1.6,4.0,.400,1.9,2.9,.655,7.9,1.2,2.0,0.7,2.8,4.6,13.4,,101.9,111.8
6,4,30,533,10.1,.532,.513,.354,.257,134,6.4,9.4,7.9,3.5,2.0,1.2,18.1,13.3,,0.4,0.2,0.6,.045,,-1.0,-2.9,-3.9
7,0,20,221,22,39,.564,22,39,.564,0,0,,12,20,.600,21,20,41,4,2,8,2,23,56
7,1,20,11.1,1.1,2.0,.564,1.1,2.0,.564,0.0,0.0,,0.6,1.0,.600,2.1,0.2,0.1,0.4,0.1,1.2,2.8
7,2,20,221,4.0,7.1,.564,4.0,7.1,.564,0.0,0.0,,2.2,3.6,.600,7.4,0.7,0.4,1.4,0.4,4.2,10.1
7,3,20,221,5.3,9.4,.564,5.3,9.4,.564,0.0,0.0,,2.9,4.8,.600,9.8,1.0,0.5,1.9,0.5,5.5,13.4,,134.7,113.9
7,4,20,221,13.9,.577,.564,.000,.513,60,10.1,9.6,9.8,2.8,0.5,3.3,4.0,10.5,,0.5,0.0,0.5,.099,,0.2,-3.2,-3.0
8,0,8,74,8,34,.235,4,10,.400,4,24,.167,5,7,.714,4,7,11,2,2,9,4,17,25
8,1,8,9.3,1.0,4.3,.235,0.5,1.3,.400,0.5,3.0,.167,0.6,0.9,.714,1.4,0.3,0.3,1.1,0.5,2.1,3.1
8,2,8,74,4.3,18.4,.235,2.2,5.4,.400,2.2,13.0,.167,2.7,3.8,.714,5.9,1.1,1.1,4.9,2.2,9.2,13.5
8,3,8,74,5.7,24.4,.235,2.9,7.2,.400,2.9,17.2,.167,3.6,5.0,.714,7.9,1.4,1.4,6.4,2.9,12.2,17.9,,77.2,107.5
8,4,8,74,6.5,.335,.294,.706,.206,25,5.7,10.0,7.9,4.3,1.4,11.1,9.7,25.6,,-0.1,0.1,0.0,-.026,,-5.8,-1.4,-7.2
9,0,5,19,0,9,.000,0,3,.000,0,6,.000,0,0,,1,4,5,0,1,0,0,4,0
9,1,5,3.8,0.0,1.8,.000,0.0,0.6,.000,0.0,1.2,.000,0.0,0.0,,1.0,0.0,0.2,0.0,0.0,0.8,0.0
9,2,5,19,0.0,18.9,.000,0.0,6.3,.000,0.0,12.6,.000,0.0,0.0,,10.5,0.0,2.1,0.0,0.0,8.4,0.0
9,3,5,19,0.0,25.1,.000,0.0,8.4,.000,0.0,16.7,.000,0.0,0.0,,14.0,0.0,2.8,0.0,0.0,11.2,0.0,,10.0,103.9
9,4,5,19,-13.4,.000,.000,.667,.000,1,5.6,22.3,13.9,0.0,2.8,0.0,0.0,21.7,,-0.1,0.0,-0.1,-.227,,-16.6,-8.9,-25.5
10,0,29,564,67,169,.396,36,88,.409,31,81,.383,29,39,.744,30,67,97,45,22,8,36,53,194
10,1,29,19.4,2.3,5.8,.396,1.2,3.0,.409,1.1,2.8,.383,1.0,1.3,.744,3.3,1.6,0.8,0.3,1.2,1.8,6.7
10,2,29,564,4.8,12.0,.396,2.6,6.2,.409,2.2,5.7,.383,2.1,2.8,.744,6.9,3.2,1.6,0.6,2.6,3.8,13.8
10,3,29,564,6.3,15.9,.396,3.4,8.3,.409,2.9,7.6,.383,2.7,3.7,.744,9.1,4.2,2.1,0.8,3.4,5.0,18.2,,105.3,110.0
10,4,29,564,13.9,.517,.488,.479,.231,201,5.6,12.6,9.1,12.8,2.1,1.3,16.1,18.1,,0.8,0.3,1.1,.075,,0.4,-2.8,-2.3
11,0,30,484,72,165,.436,50,87,.575,22,78,.282,21,39,.538,18,48,66,30,17,10,27,50,187
11,1,30,16.1,2.4,5.5,.436,1.7,2.9,.575,0.7,2.6,.282,0.7,1.3,.538,2.2,1.0,0.6,0.3,0.9,1.7,6.2
11,2,30,484,6.0,13.6,.436,4.1,7.2,.575,1.8,6.4,.282,1.7,3.2,.538,5.5,2.5,1.4,0.8,2.2,4.1,15.5
11,3,30,484,7.9,18.1,.436,5.5,9.5,.575,2.4,8.5,.282,2.3,4.3,.538,7.2,3.3,1.9,1.1,3.0,5.5,20.5,,102.7,111.1
11,4,30,484,13.6,.509,.503,.473,.236,176,3.9,10.5,7.2,10.5,1.9,1.9,12.8,19.9,,0.6,0.2,0.8,.064,,-0.2,-3.6,-3.8
12,0,30,1026,174,387,.450,98,201,.488,76,186,.409,158,185,.854,18,109,127,230,65,11,84,59,582
12,1,30,34.2,5.8,12.9,.450,3.3,6.7,.488,2.5,6.2,.409,5.3,6.2,.854,4.2,7.7,2.2,0.4,2.8,2.0,19.4
12,2,30,1026,6.8,15.1,.450,3.8,7.8,.488,3.0,7.3,.409,6.2,7.2,.854,5.0,9.0,2.5,0.4,3.3,2.3,22.7
12,3,30,1026,9.0,20.0,.450,5.1,10.4,.488,3.9,9.6,.409,8.2,9.6,.854,6.6,11.9,3.4,0.6,4.3,3.0,30.1,,126.6,108.1
12,4,30,1026,28.0,.613,.548,.481,.478,630,1.9,11.3,6.6,39.2,3.4,1.0,15.0,24.9,,4.7,0.7,5.4,.212,,8.4,-2.8,5.6
13,0,30,937,252,445,.566,213,350,.609,39,95,.411,142,173,.821,52,98,150,31,33,22,35,71,685
13,1,30,31.2,8.4,14.8,.566,7.1,11.7,.609,1.3,3.2,.411,4.7,5.8,.821,5.0,1.0,1.1,0.7,1.2,2.4,22.8
13,2,30,937,10.8,19.0,.566,9.1,14.9,.609,1.7,4.1,.411,6.1,7.4,.821,6.4,1.3,1.4,0.9,1.5,3.0,29.2
13,3,30,937,14.3,25.2,.566,12.1,19.8,.609,2.2,5.4,.411,8.0,9.8,.821,8.5,1.8,1.9,1.2,2.0,4.0,38.8,,133.5,110.9
13,4,30,937,30.8,.650,.610,.213,.389,581,5.9,11.1,8.5,7.0,1.9,2.1,6.2,27.5,,4.9,0.4,5.3,.227,,7.1,-4.6,2.5
