0,0,13,50,3,6,.500,2,4,.500,1,2,.500,0,0,,4,4,8,0,2,0,1,8,7
0,1,13,3.8,0.2,0.5,.500,0.2,0.3,.500,0.1,0.2,.500,0.0,0.0,,0.6,0.0,0.2,0.0,0.1,0.6,0.5
0,2,13,50,2.4,4.8,.500,1.6,3.2,.500,0.8,1.6,.500,0.0,0.0,,6.4,0.0,1.6,0.0,0.8,6.4,5.6
0,3,13,50,3.4,6.8,.500,2.3,4.6,.500,1.1,2.3,.500,0.0,0.0,,9.1,0.0,2.3,0.0,1.1,9.1,8.0,,123.0,113.4
0,4,13,50,8.1,.583,.583,.333,.000,8,9.2,9.9,9.6,0.0,2.3,0.0,14.3,6.9,,0.1,0.0,0.1,.053,,-1.1,-4.0,-5.1
1,0,36,1302,188,441,.426,64,127,.504,124,314,.395,73,94,.777,23,92,115,43,31,4,37,93,573
1,1,36,36.2,5.2,12.3,.426,1.8,3.5,.504,3.4,8.7,.395,2.0,2.6,.777,3.2,1.2,0.9,0.1,1.0,2.6,15.9
1,2,36,1302,5.8,13.5,.426,2.0,3.9,.504,3.8,9.6,.395,2.2,2.9,.777,3.5,1.3,1.0,0.1,1.1,2.9,17.6
1,3,36,1302,8.2,19.3,.426,2.8,5.6,.504,5.4,13.8,.395,3.2,4.1,.777,5.0,1.9,1.4,0.2,1.6,4.1,25.1,,122.5,116.1
1,4,36,1302,17.1,.590,.567,.712,.213,493,2.0,8.8,5.3,6.5,1.4,0.3,7.1,19.8,,3.8,-0.2,3.6,.110,,4.5,-4.2,0.3
2,0,30,593,77,178,.433,63,136,.463,14,42,.333,50,62,.806,20,34,54,53,23,3,31,72,218
2,1,30,19.8,2.6,5.9,.433,2.1,4.5,.463,0.5,1.4,.333,1.7,2.1,.806,1.8,1.8,0.8,0.1,1.0,2.4,7.3
2,2,30,593,5.2,12.0,.433,4.2,9.2,.463,0.9,2.8,.333,3.4,4.2,.806,3.6,3.6,1.6,0.2,2.1,4.9,14.7
2,3,30,593,7.4,17.1,.433,6.1,13.1,.463,1.3,4.0,.333,4.8,6.0,.806,5.2,5.1,2.2,0.3,3.0,6.9,21.0,,111.6,114.4
2,4,30,593,15.1,.525,.472,.236,.348,225,3.9,7.1,5.4,17.2,2.2,0.5,13.0,19.8,,1.3,0.0,1.3,.086,,0.4,-3.3,-2.8
3,0,10,135,9,27,.333,3,5,.600,6,22,.273,4,5,.800,5,20,25,9,5,0,11,14,28
3,1,10,13.5,0.9,2.7,.333,0.3,0.5,.600,0.6,2.2,.273,0.4,0.5,.800,2.5,0.9,0.5,0.0,1.1,1.4,2.8
3,2,10,135,2.7,8.0,.333,0.9,1.5,.600,1.8,6.5,.273,1.2,1.5,.800,7.4,2.7,1.5,0.0,3.3,4.1,8.3
3,3,10,135,3.8,11.4,.333,1.3,2.1,.600,2.5,9.3,.273,1.7,2.1,.800,10.6,3.8,2.1,0.0,4.7,5.9,11.8,,88.5,111.3
3,4,10,135,7.9,.477,.444,.815,.185,32,4.3,18.4,11.1,11.4,2.1,0.0,27.2,14.8,,0.0,0.0,0.0,.010,,-2.1,-2.1,-4.2
4,0,36,1284,281,630,.446,163,349,.467,118,281,.420,262,299,.876,26,111,137,185,72,2,134,101,942
4,1,36,35.7,7.8,17.5,.446,4.5,9.7,.467,3.3,7.8,.420,7.3,8.3,.876,3.8,5.1,2.0,0.1,3.7,2.8,26.2
4,2,36,1284,8.8,19.6,.446,5.1,10.9,.467,3.7,8.8,.420,8.2,9.3,.876,4.3,5.8,2.2,0.1,4.2,3.1,29.3
4,3,36,1284,12.5,28.0,.446,7.2,15.5,.467,5.2,12.5,.420,11.6,13.3,.876,6.1,8.2,3.2,0.1,6.0,4.5,41.9,,121.2,111.3
4,4,36,1284,31.1,.610,.540,.446,.475,919,2.3,10.7,6.4,33.4,3.2,0.2,14.8,34.8,,6.9,0.4,7.2,.225,,9.8,-2.9,6.9
5,0,5,12,0,5,.000,0,5,.000,0,0,,0,2,.000,1,2,3,1,1,0,2,2,0
5,1,5,2.4,0.0,1.0,.000,0.0,1.0,.000,0.0,0.0,,0.0,0.4,.000,0.6,0.2,0.2,0.0,0.4,0.4,0.0
5,2,5,12,0.0,16.7,.000,0.0,16.7,.000,0.0,0.0,,0.0,6.7,.000,10.0,3.3,3.3,0.0,6.7,6.7,0.0
5,3,5,12,0.0,23.8,.000,0.0,23.8,.000,0.0,0.0,,0.0,9.5,.000,14.3,4.8,4.8,0.0,9.5,9.5,0.0,,18.1,104.3
5,4,5,12,-18.9,.000,.000,.000,.400,1,9.6,20.7,14.9,12.8,4.8,0.0,25.2,32.7,,-0.1,0.0,-0.1,-.401,,-24.2,-1.0,-25.2
6,0,36,828,73,202,.361,42,85,.494,31,117,.265,101,156,.647,25,87,112,49,27,7,46,66,278
6,1,36,23.0,2.0,5.6,.361,1.2,2.4,.494,0.9,3.3,.265,2.8,4.3,.647,3.1,1.4,0.8,0.2,1.3,1.8,7.7
6,2,36,828,3.5,9.8,.361,2.0,4.1,.494,1.5,5.7,.265,4.9,7.5,.647,5.4,2.4,1.3,0.3,2.2,3.2,13.4
6,3,36,828,5.0,13.9,.361,2.9,5.9,.494,2.1,8.1,.265,7.0,10.8,.647,7.7,3.4,1.9,0.5,3.2,4.5,19.2,,104.7,113.2
6,4,36,828,13.2,.503,.438,.579,.772,280,3.5,13.0,8.1,10.5,1.9,0.9,14.3,19.2,,1.2,0.1,1.3,.062,,0.1,-2.7,-2.6
7,0,36,1038,124,224,.554,124,224,.554,0,0,,65,116,.560,92,168,260,24,13,15,46,103,313
7,1,36,28.8,3.4,6.2,.554,3.4,6.2,.554,0.0,0.0,,1.8,3.2,.560,7.2,0.7,0.4,0.4,1.3,2.9,8.7
7,2,36,1038,4.8,8.6,.554,4.8,8.6,.554,0.0,0.0,,2.5,4.5,.560,10.0,0.9,0.5,0.6,1.8,4.0,12.1
7,3,36,1038,6.8,12.3,.554,6.8,12.3,.554,0.0,0.0,,3.6,6.4,.560,14.3,1.3,0.7,0.8,2.5,5.7,17.2,,114.2,113.0
7,4,36,1038,15.1,.561,.554,.000,.518,323,10.2,20.1,15.0,4.4,0.7,1.5,14.1,15.4,,2.0,0.1,2.1,.082,,-0.7,-2.2,-3.0
8,0,20,109,3,11,.273,3,11,.273,0,0,,1,4,.250,6,9,15,8,3,0,6,7,7
8,1,20,5.5,0.2,0.6,.273,0.2,0.6,.273,0.0,0.0,,0.1,0.2,.250,0.8,0.4,0.2,0.0,0.3,0.4,0.4
8,2,20,109,1.1,4.0,.273,1.1,4.0,.273,0.0,0.0,,0.4,1.5,.250,5.5,2.9,1.1,0.0,2.2,2.6,2.6
8,3,20,109,1.6,5.8,.273,1.6,5.8,.273,0.0,0.0,,0.5,2.1,.250,7.9,4.2,1.6,0.0,3.1,3.7,3.7,,75.8,115.3
8,4,20,109,3.7,.271,.273,.000,.364,14,6.3,10.2,8.2,11.8,1.6,0.0,31.7,8.6,,-0.1,0.0,-0.1,-.029,,-4.9,-1.4,-6.4
9,0,33,322,19,30,.633,19,30,.633,0,0,,13,28,.464,22,39,61,1,1,23,13,42,51
9,1,33,9.8,0.6,0.9,.633,0.6,0.9,.633,0.0,0.0,,0.4,0.8,.464,1.8,0.0,0.0,0.7,0.4,1.3,1.5
9,2,33,322,2.4,3.7,.633,2.4,3.7,.633,0.0,0.0,,1.6,3.5,.464,7.6,0.1,0.1,2.9,1.6,5.2,6.3
9,3,33,322,3.4,5.3,.633,3.4,5.3,.633,0.0,0.0,,2.3,5.0,.464,10.8,0.2,0.2,4.1,2.3,7.4,9.0,,106.7,112.4
9,4,33,322,9.5,.589,.633,.000,.933,55,7.9,15.0,11.3,0.5,0.2,7.5,23.1,8.6,,0.3,0.1,0.3,.040,,-3.4,-0.2,-3.6
10,0,36,1261,150,296,.507,113,199,.568,37,97,.381,72,101,.713,86,170,256,95,40,12,84,98,409
10,1,36,35.0,4.2,8.2,.507,3.1,5.5,.568,1.0,2.7,.381,2.0,2.8,.713,7.1,2.6,1.1,0.3,2.3,2.7,11.4
10,2,36,1261,4.8,9.4,.507,3.6,6.3,.568,1.2,3.1,.381,2.3,3.2,.713,8.1,3.0,1.3,0.4,2.7,3.1,13.0
10,3,36,1261,6.8,13.4,.507,5.1,9.0,.568,1.7,4.4,.381,3.3,4.6,.713,11.6,4.3,1.8,0.5,3.8,4.4,18.5,,114.9,112.0
10,4,36,1261,17.0,.595,.569,.328,.341,441,7.9,16.7,12.1,14.2,1.8,1.0,19.6,16.7,,2.8,0.3,3.1,.098,,2.5,-0.6,1.9
11,0,34,342,20,54,.370,16,34,.471,4,20,.200,5,10,.500,23,34,57,8,14,9,15,50,49
11,1,34,10.1,0.6,1.6,.370,0.5,1.0,.471,0.1,0.6,.200,0.1,0.3,.500,1.7,0.2,0.4,0.3,0.4,1.5,1.4
11,2,34,342,2.3,6.3,.370,1.9,4.0,.471,0.5,2.3,.200,0.6,1.2,.500,6.7,0.9,1.6,1.1,1.8,5.8,5.7
11,3,34,342,3.3,9.0,.370,2.7,5.7,.471,0.7,3.3,.200,0.8,1.7,.500,9.5,1.3,2.3,1.5,2.5,8.3,8.2,,90.2,111.0
11,4,34,342,7.0,.417,.407,.370,.185,60,7.7,12.3,9.9,3.9,2.3,2.8,20.3,10.6,,0.0,0.1,0.1,.016,,-2.8,-0.2,-3.0
