0,0,20,111,8,17,.471,6,11,.545,2,6,.333,8,10,.800,4,7,11,0,2,0,5,14,26
0,1,20,5.6,0.4,0.9,.471,0.3,0.6,.545,0.1,0.3,.333,0.4,0.5,.800,0.6,0.0,0.1,0.0,0.3,0.7,1.3
0,2,20,111,2.9,6.1,.471,2.2,4.0,.545,0.7,2.2,.333,2.9,3.6,.800,4.0,0.0,0.7,0.0,1.8,5.0,9.4
0,3,20,111,4.2,8.9,.471,3.1,5.8,.545,1.0,3.1,.333,4.2,5.2,.800,5.8,0.0,1.0,0.0,2.6,7.3,13.6,,104.6,117.3
0,4,20,111,6.7,.598,.529,.353,.588,23,4.1,8.1,6.0,0.0,1.0,0.0,18.7,12.3,,0.1,0.0,0.1,.032,,-3.4,-5.1,-8.5
1,0,33,1242,185,479,.386,38,119,.319,147,360,.408,164,174,.943,10,81,91,47,29,3,43,100,681
1,1,33,37.6,5.6,14.5,.386,1.2,3.6,.319,4.5,10.9,.408,5.0,5.3,.943,2.8,1.4,0.9,0.1,1.3,3.0,20.6
1,2,33,1242,6.0,15.4,.386,1.2,3.8,.319,4.7,11.6,.408,5.3,5.6,.943,2.9,1.5,0.9,0.1,1.4,3.2,21.9
1,3,33,1242,8.7,22.4,.386,1.8,5.6,.319,6.9,16.8,.408,7.7,8.1,.943,4.3,2.2,1.4,0.1,2.0,4.7,31.9,,120.3,116.5
1,4,33,1242,18.8,.606,.540,.752,.363,571,0.9,8.4,4.4,8.1,1.4,0.3,7.1,24.9,,3.7,0.2,3.9,.126,,6.6,-4.9,1.7
2,0,33,525,43,111,.387,13,31,.419,30,80,.375,19,29,.655,12,30,42,18,14,2,17,66,135
2,1,33,15.9,1.3,3.4,.387,0.4,0.9,.419,0.9,2.4,.375,0.6,0.9,.655,1.3,0.5,0.4,0.1,0.5,2.0,4.1
2,2,33,525,3.3,8.5,.387,1.0,2.4,.419,2.3,6.1,.375,1.4,2.2,.655,3.2,1.4,1.1,0.2,1.3,5.0,10.3
2,3,33,525,4.8,12.3,.387,1.4,3.4,.419,3.3,8.9,.375,2.1,3.2,.655,4.6,2.0,1.5,0.2,1.9,7.3,14.9,,104.5,116.1
2,4,33,525,8.1,.541,.523,.721,.261,123,2.6,7.3,4.8,6.4,1.5,0.5,12.0,13.8,,0.4,0.1,0.5,.039,,-0.2,-3.0,-3.2
3,0,33,1068,102,254,.402,82,192,.427,20,62,.323,90,119,.756,16,113,129,212,29,4,93,100,314
3,1,33,32.4,3.1,7.7,.402,2.5,5.8,.427,0.6,1.9,.323,2.7,3.6,.756,3.9,6.4,0.9,0.1,2.8,3.0,9.5
3,2,33,1068,3.8,9.5,.402,3.1,7.2,.427,0.7,2.3,.323,3.4,4.5,.756,4.8,7.9,1.1,0.1,3.5,3.7,11.8
3,3,33,1068,5.5,13.8,.402,4.5,10.4,.427,1.1,3.4,.323,4.9,6.5,.756,7.0,11.5,1.6,0.2,5.1,5.4,17.1,,103.0,114.2
3,4,33,1068,13.2,.506,.441,.244,.469,400,1.7,13.6,7.3,38.2,1.6,0.5,23.0,19.4,,1.2,0.4,1.6,.059,,-0.7,-2.4,-3.1
4,0,4,13,1,2,.500,1,2,.500,0,0,,0,0,,1,1,2,0,0,1,0,4,2
4,1,4,3.3,0.3,0.5,.500,0.3,0.5,.500,0.0,0.0,,0.0,0.0,,0.5,0.0,0.0,0.3,0.0,1.0,0.5
4,2,4,13,3.1,6.2,.500,3.1,6.2,.500,0.0,0.0,,0.0,0.0,,6.2,0.0,0.0,3.1,0.0,12.3,6.2
4,3,4,13,4.5,8.9,.500,4.5,8.9,.500,0.0,0.0,,0.0,0.0,,8.9,0.0,0.0,4.5,0.0,17.9,8.9,,122.0,113.5
4,4,4,13,6.8,.500,.500,.000,.000,2,8.7,9.9,9.3,0.0,0.0,9.6,0.0,7.9,,0.0,0.0,0.0,.064,,-4.2,-0.1,-4.3
5,0,26,180,24,49,.490,14,24,.583,10,25,.400,8,14,.571,6,23,29,4,6,9,9,20,66
5,1,26,6.9,0.9,1.9,.490,0.5,0.9,.583,0.4,1.0,.400,0.3,0.5,.571,1.1,0.2,0.2,0.3,0.3,0.8,2.5
5,2,26,180,5.3,10.9,.490,3.1,5.3,.583,2.2,5.6,.400,1.8,3.1,.571,6.4,0.9,1.3,2.0,2.0,4.4,14.7
5,3,26,180,7.7,15.8,.490,4.5,7.7,.583,3.2,8.1,.400,2.6,4.5,.571,9.4,1.3,1.9,2.9,2.9,6.5,21.3,,105.0,109.5
5,4,26,180,15.4,.593,.592,.510,.286,55,3.8,16.4,9.7,4.6,1.9,6.3,13.9,18.4,,0.2,0.1,0.3,.074,,-1.0,-0.2,-1.1
6,0,31,467,62,152,.408,55,114,.482,7,38,.184,43,53,.811,28,57,85,19,13,6,39,78,174
6,1,31,15.1,2.0,4.9,.408,1.8,3.7,.482,0.2,1.2,.184,1.4,1.7,.811,2.7,0.6,0.4,0.2,1.3,2.5,5.6
6,2,31,467,5.3,13.0,.408,4.7,9.8,.482,0.6,3.3,.184,3.7,4.5,.811,7.3,1.6,1.1,0.5,3.3,6.7,14.9
6,3,31,467,7.7,18.9,.408,6.8,14.2,.482,0.9,4.7,.184,5.3,6.6,.811,10.6,2.4,1.6,0.7,4.9,9.7,21.6,,92.1,112.5
6,4,31,467,10.3,.491,.431,.250,.349,171,6.8,15.6,11.0,8.4,1.6,1.6,18.0,23.7,,0.0,0.3,0.3,.022,,-3.8,-2.5,-6.4
7,0,29,956,114,287,.397,86,201,.428,28,86,.326,82,120,.683,34,110,144,121,90,10,71,94,338
7,1,29,33.0,3.9,9.9,.397,3.0,6.9,.428,1.0,3.0,.326,2.8,4.1,.683,5.0,4.2,3.1,0.3,2.4,3.2,11.7
7,2,29,956,4.8,12.0,.397,3.6,8.4,.428,1.2,3.6,.326,3.4,5.0,.683,6.0,5.1,3.8,0.4,3.0,3.9,14.1
7,3,29,956,6.9,17.4,.397,5.2,12.2,.428,1.7,5.2,.326,5.0,7.3,.683,8.8,7.4,5.5,0.6,4.3,5.7,20.5,,100.0,104.5
7,4,29,956,17.4,.491,.446,.300,.418,373,4.0,14.7,9.1,25.5,5.5,1.3,17.1,22.2,,0.8,1.2,2.0,.086,,1.0,2.4,3.4
8,0,27,167,16,38,.421,13,30,.433,3,8,.375,9,12,.750,11,20,31,8,5,3,10,23,44
8,1,27,6.2,0.6,1.4,.421,0.5,1.1,.433,0.1,0.3,.375,0.3,0.4,.750,1.1,0.3,0.2,0.1,0.4,0.9,1.6
8,2,27,167,3.8,9.1,.421,3.1,7.2,.433,0.7,1.9,.375,2.2,2.9,.750,7.4,1.9,1.2,0.7,2.4,5.5,10.5
8,3,27,167,5.6,13.2,.421,4.5,10.4,.433,1.0,2.8,.375,3.1,4.2,.750,10.8,2.8,1.7,1.0,3.5,8.0,15.3,,98.2,112.2
8,4,27,167,10.4,.503,.461,.211,.316,47,7.5,15.4,11.2,9.2,1.7,2.2,18.6,16.5,,0.1,0.1,0.2,.043,,-3.1,-1.2,-4.3
9,0,33,1171,182,316,.576,182,316,.576,0,0,,74,145,.510,102,170,272,50,16,14,48,72,438
9,1,33,35.5,5.5,9.6,.576,5.5,9.6,.576,0.0,0.0,,2.2,4.4,.510,8.2,1.5,0.5,0.4,1.5,2.2,13.3
9,2,33,1171,6.2,10.8,.576,6.2,10.8,.576,0.0,0.0,,2.5,5.0,.510,9.3,1.7,0.5,0.5,1.6,2.5,15.0
9,3,33,1171,9.0,15.7,.576,9.0,15.7,.576,0.0,0.0,,3.7,7.2,.510,13.5,2.5,0.8,0.7,2.4,3.6,21.7,,115.1,114.0
9,4,33,1171,17.7,.569,.576,.000,.459,434,9.9,18.6,14.0,9.3,0.8,1.5,11.1,18.9,,2.4,0.5,2.9,.098,,0.8,-1.2,-0.4
10,0,31,772,84,185,.454,52,96,.542,32,89,.360,37,56,.661,39,74,113,43,25,9,22,87,237
10,1,31,24.9,2.7,6.0,.454,1.7,3.1,.542,1.0,2.9,.360,1.2,1.8,.661,3.6,1.4,0.8,0.3,0.7,2.8,7.6
10,2,31,772,4.4,9.6,.454,2.7,5.0,.542,1.7,4.6,.360,1.9,2.9,.661,5.9,2.2,1.3,0.5,1.1,4.5,12.3
10,3,31,772,6.3,13.9,.454,3.9,7.2,.542,2.4,6.7,.360,2.8,4.2,.661,8.5,3.2,1.9,0.7,1.7,6.5,17.8,,116.3,113.3
10,4,31,772,14.0,.560,.541,.481,.303,234,5.7,12.3,8.8,11.0,1.9,1.5,9.4,15.5,,1.3,0.4,1.7,.088,,1.9,-1.1,0.8
