0,0,30,303,41,90,.456,25,53,.472,16,37,.432,19,28,.679,13,54,67,16,10,19,12,24,117
0,1,30,10.1,1.4,3.0,.456,0.8,1.8,.472,0.5,1.2,.432,0.6,0.9,.679,2.2,0.5,0.3,0.6,0.4,0.8,3.9
0,2,30,303,5.4,11.9,.456,3.3,7.0,.472,2.1,4.9,.432,2.5,3.7,.679,8.8,2.1,1.3,2.5,1.6,3.2,15.4
0,3,30,303,8.2,18.0,.456,5.0,10.6,.472,3.2,7.4,.432,3.8,5.6,.679,13.4,3.2,2.0,3.8,2.4,4.8,23.4,,118.0,89.8
0,4,30,303,21.6,.566,.544,.411,.311,109,5.3,20.0,13.0,9.4,2.0,7.3,10.4,19.6,,0.8,0.7,1.5,.199,,3.0,5.3,8.3
1,0,21,230,31,50,.620,31,50,.620,0,0,,10,19,.526,16,32,48,3,1,8,13,37,72
1,1,21,11.0,1.5,2.4,.620,1.5,2.4,.620,0.0,0.0,,0.5,0.9,.526,2.3,0.1,0.0,0.4,0.6,1.8,3.4
1,2,21,230,5.4,8.7,.620,5.4,8.7,.620,0.0,0.0,,1.7,3.3,.526,8.3,0.5,0.2,1.4,2.3,6.4,12.5
1,3,21,230,8.2,13.1,.620,8.2,13.1,.620,0.0,0.0,,2.6,5.0,.526,12.6,0.8,0.3,2.1,3.4,9.7,18.9,,109.5,97.0
1,4,21,230,13.8,.610,.620,.000,.380,66,8.5,15.6,12.2,2.3,0.3,4.1,18.0,16.2,,0.3,0.4,0.8,.131,,-0.2,1.6,1.4
2,0,8,13,0,1,.000,0,1,.000,0,0,,0,0,,0,0,0,0,1,0,2,2,0
2,1,8,1.6,0.0,0.1,.000,0.0,0.1,.000,0.0,0.0,,0.0,0.0,,0.0,0.0,0.1,0.0,0.3,0.3,0.0
2,2,8,13,0.0,3.1,.000,0.0,3.1,.000,0.0,0.0,,0.0,0.0,,0.0,0.0,3.1,0.0,6.2,6.2,0.0
2,3,8,13,0.0,4.7,.000,0.0,4.7,.000,0.0,0.0,,0.0,0.0,,0.0,0.0,4.7,0.0,9.3,9.3,0.0,,0.0,96.7
2,4,8,13,-11.0,.000,.000,.000,.000,0,0.0,0.0,0.0,0.0,4.7,0.0,66.7,11.9,,-0.1,0.0,0.0,-.142,,-10.6,5.6,-5.0
3,0,29,696,91,196,.464,46,100,.460,45,96,.469,61,78,.782,38,72,110,20,16,9,35,59,288
3,1,29,24.0,3.1,6.8,.464,1.6,3.4,.460,1.6,3.3,.469,2.1,2.7,.782,3.8,0.7,0.6,0.3,1.2,2.0,9.9
3,2,29,696,5.2,11.3,.464,2.6,5.7,.460,2.6,5.5,.469,3.5,4.5,.782,6.3,1.1,0.9,0.5,2.0,3.4,16.6
3,3,29,696,7.9,17.0,.464,4.0,8.7,.460,3.9,8.3,.469,5.3,6.8,.782,9.6,1.7,1.4,0.8,3.0,5.1,25.0,,121.4,98.0
3,4,29,696,18.4,.618,.579,.490,.398,259,6.7,11.6,9.3,5.1,1.4,1.5,13.1,19.9,,2.0,1.2,3.1,.181,,5.1,0.9,6.0
4,0,32,373,37,68,.544,37,68,.544,0,0,,17,31,.548,36,46,82,7,6,16,16,52,91
4,1,32,11.7,1.2,2.1,.544,1.2,2.1,.544,0.0,0.0,,0.5,1.0,.548,2.6,0.2,0.2,0.5,0.5,1.6,2.8
4,2,32,373,4.0,7.3,.544,4.0,7.3,.544,0.0,0.0,,1.8,3.3,.548,8.8,0.8,0.6,1.7,1.7,5.6,9.8
4,3,32,373,6.0,11.0,.544,6.0,11.0,.544,0.0,0.0,,2.8,5.0,.548,13.3,1.1,1.0,2.6,2.6,8.4,14.8,,112.1,95.9
4,4,32,373,13.6,.550,.544,.000,.456,98,11.8,13.9,12.9,3.2,1.0,5.0,16.2,13.7,,0.6,0.7,1.3,.136,,0.7,3.5,4.1
5,0,32,1071,211,460,.459,124,251,.494,87,209,.416,110,145,.759,34,145,179,165,51,8,94,65,619
5,1,32,33.5,6.6,14.4,.459,3.9,7.8,.494,2.7,6.5,.416,3.4,4.5,.759,5.6,5.2,1.6,0.3,2.9,2.0,19.3
5,2,32,1071,7.9,17.2,.459,4.6,9.4,.494,3.2,7.8,.416,4.1,5.4,.759,6.7,6.2,1.9,0.3,3.5,2.4,23.1
5,3,32,1071,11.9,26.0,.459,7.0,14.2,.494,4.9,11.8,.416,6.2,8.2,.759,10.1,9.3,2.9,0.5,5.3,3.7,34.9,,118.0,93.2
5,4,32,1071,27.6,.585,.553,.454,.315,619,3.9,15.2,9.8,30.9,2.9,0.9,15.1,30.0,,4.3,2.3,6.6,.247,,9.3,3.0,12.3
6,0,32,953,104,248,.419,85,179,.475,19,69,.275,40,55,.727,34,83,117,187,56,4,73,47,267
6,1,32,29.8,3.3,7.8,.419,2.7,5.6,.475,0.6,2.2,.275,1.3,1.7,.727,3.7,5.8,1.8,0.1,2.3,1.5,8.3
6,2,32,953,4.4,10.4,.419,3.6,7.5,.475,0.8,2.9,.275,1.7,2.3,.727,4.9,7.8,2.4,0.2,3.1,2.0,11.2
6,3,32,953,6.6,15.7,.419,5.4,11.4,.475,1.2,4.4,.275,2.5,3.5,.727,7.4,11.9,3.6,0.3,4.6,3.0,16.9,,107.8,94.6
6,4,32,953,17.6,.487,.458,.278,.222,354,4.4,9.8,7.2,33.5,3.6,0.5,21.0,18.8,,1.7,1.9,3.6,.152,,3.2,3.2,6.4
7,0,32,685,114,193,.591,111,174,.638,3,19,.158,50,93,.538,61,94,155,11,28,19,37,76,281
7,1,32,21.4,3.6,6.0,.591,3.5,5.4,.638,0.1,0.6,.158,1.6,2.9,.538,4.8,0.3,0.9,0.6,1.2,2.4,8.8
7,2,32,685,6.7,11.3,.591,6.5,10.2,.638,0.2,1.1,.158,2.9,5.4,.538,9.1,0.6,1.6,1.1,2.2,4.4,16.4
7,3,32,685,10.1,17.0,.591,9.8,15.4,.638,0.3,1.7,.158,4.4,8.2,.538,13.7,1.0,2.5,1.7,3.3,6.7,24.8,,114.8,92.7
7,4,32,685,21.0,.592,.598,.098,.482,258,10.9,15.4,13.3,3.0,2.5,3.2,13.5,20.6,,1.6,1.5,3.1,.183,,2.8,2.6,5.4
8,0,32,1037,125,264,.473,105,187,.561,20,77,.260,55,84,.655,29,96,125,58,44,29,39,58,325
8,1,32,32.4,3.9,8.3,.473,3.3,5.8,.561,0.6,2.4,.260,1.7,2.6,.655,3.9,1.8,1.4,0.9,1.2,1.8,10.2
8,2,32,1037,4.8,10.2,.473,4.1,7.2,.561,0.8,3.0,.260,2.1,3.2,.655,4.8,2.2,1.7,1.1,1.5,2.2,12.5
8,3,32,1037,7.3,15.4,.473,6.1,10.9,.561,1.2,4.5,.260,3.2,4.9,.655,7.3,3.4,2.6,1.7,2.3,3.4,19.0,,111.9,95.2
8,4,32,1037,16.2,.535,.511,.292,.318,311,3.4,10.4,7.1,9.7,2.6,3.3,11.4,17.1,,1.8,2.0,3.8,.147,,2.9,4.6,7.5
9,0,30,581,69,106,.651,69,106,.651,0,0,,48,80,.600,51,96,147,9,21,49,31,70,186
9,1,30,19.4,2.3,3.5,.651,2.3,3.5,.651,0.0,0.0,,1.6,2.7,.600,4.9,0.3,0.7,1.6,1.0,2.3,6.2
9,2,30,581,4.8,7.3,.651,4.8,7.3,.651,0.0,0.0,,3.3,5.5,.600,10.1,0.6,1.4,3.4,2.1,4.8,12.8
9,3,30,581,7.2,11.0,.651,7.2,11.0,.651,0.0,0.0,,5.0,8.3,.600,15.3,0.9,2.2,5.1,3.2,7.3,19.4,,119.5,88.7
9,4,30,581,21.3,.646,.651,.000,.755,180,10.7,18.6,14.8,2.7,2.2,9.9,17.7,15.5,,1.3,1.5,2.8,.193,,2.1,7.3,9.4
10,0,32,483,70,152,.461,42,73,.575,28,79,.354,21,23,.913,6,26,32,17,17,2,6,21,189
10,1,32,15.1,2.2,4.8,.461,1.3,2.3,.575,0.9,2.5,.354,0.7,0.7,.913,1.0,0.5,0.5,0.1,0.2,0.7,5.9
10,2,32,483,5.8,12.6,.461,3.5,6.0,.575,2.3,6.5,.354,1.7,1.9,.913,2.7,1.4,1.4,0.2,0.5,1.7,15.7
10,3,32,483,8.8,19.0,.461,5.3,9.1,.575,3.5,9.9,.354,2.6,2.9,.913,4.0,2.1,2.1,0.3,0.8,2.6,23.7,,127.0,99.7
10,4,32,483,17.6,.580,.553,.520,.151,159,1.5,6.0,3.9,6.4,2.1,0.5,3.6,18.0,,1.4,0.7,2.1,.173,,4.8,0.0,4.9
