0,0,39,1320,205,489,.419,143,316,.453,62,173,.358,94,114,.825,35,159,194,104,33,9,84,71,566
0,1,39,33.8,5.3,12.5,.419,3.7,8.1,.453,1.6,4.4,.358,2.4,2.9,.825,5.0,2.7,0.8,0.2,2.2,1.8,14.5
0,2,39,1320,6.2,14.8,.419,4.3,9.6,.453,1.9,5.2,.358,2.8,3.5,.825,5.9,3.2,1.0,0.3,2.5,2.2,17.2
0,3,39,1320,9.3,22.2,.419,6.5,14.3,.453,2.8,7.8,.358,4.3,5.2,.825,8.8,4.7,1.5,0.4,3.8,3.2,25.7,,107.5,93.2
0,4,39,1320,17.4,.521,.483,.354,.233,536,3.2,14.4,8.8,15.1,1.5,0.8,13.4,24.1,,2.7,2.7,5.4,.164,,3.7,3.4,7.0
1,0,39,1255,115,230,.500,92,166,.554,23,64,.359,92,129,.713,22,104,126,181,98,7,84,96,345
1,1,39,32.2,2.9,5.9,.500,2.4,4.3,.554,0.6,1.6,.359,2.4,3.3,.713,3.2,4.6,2.5,0.2,2.2,2.5,8.8
1,2,39,1255,3.7,7.3,.500,2.9,5.3,.554,0.7,2.0,.359,2.9,4.1,.713,4.0,5.8,3.1,0.2,2.7,3.1,11.0
1,3,39,1255,5.5,11.0,.500,4.4,7.9,.554,1.1,3.1,.359,4.4,6.2,.713,6.0,8.6,4.7,0.3,4.0,4.6,16.5,,114.5,87.6
1,4,39,1255,18.3,.592,.550,.278,.561,393,2.1,9.9,6.0,24.6,4.7,0.6,22.4,15.1,,2.6,3.2,5.8,.185,,5.3,6.4,11.7
2,0,13,38,1,6,.167,1,6,.167,0,0,,0,0,,3,3,6,1,0,0,4,3,2
2,1,13,2.9,0.1,0.5,.167,0.1,0.5,.167,0.0,0.0,,0.0,0.0,,0.5,0.1,0.0,0.0,0.3,0.2,0.2
2,2,13,38,1.1,6.3,.167,1.1,6.3,.167,0.0,0.0,,0.0,0.0,,6.3,1.1,0.0,0.0,4.2,3.2,2.1
2,3,13,38,1.6,9.5,.167,1.6,9.5,.167,0.0,0.0,,0.0,0.0,,9.5,1.6,0.0,0.0,6.3,4.7,3.2,,44.3,98.7
2,4,13,38,-4.9,.167,.167,.000,.000,4,9.5,9.5,9.5,4.0,0.0,0.0,40.0,13.3,,-0.1,0.1,-0.1,-.064,,-7.4,2.5,-4.9
3,0,39,397,46,85,.541,46,85,.541,0,0,,41,59,.695,31,53,84,10,10,9,29,72,133
3,1,39,10.2,1.2,2.2,.541,1.2,2.2,.541,0.0,0.0,,1.1,1.5,.695,2.2,0.3,0.3,0.2,0.7,1.8,3.4
3,2,39,397,4.6,8.6,.541,4.6,8.6,.541,0.0,0.0,,4.1,5.9,.695,8.5,1.0,1.0,0.9,2.9,7.3,13.4
3,3,39,397,6.9,12.8,.541,6.9,12.8,.541,0.0,0.0,,6.2,8.9,.695,12.7,1.5,1.5,1.4,4.4,10.9,20.1,,108.2,90.9
3,4,39,397,14.6,.588,.541,.000,.694,130,9.4,16.0,12.7,4.5,1.5,2.6,20.4,18.1,,0.7,0.9,1.6,.159,,0.9,3.9,4.8
4,0,9,35,5,15,.333,3,7,.429,2,8,.250,6,7,.857,0,4,4,1,0,0,3,5,18
4,1,9,3.9,0.6,1.7,.333,0.3,0.8,.429,0.2,0.9,.250,0.7,0.8,.857,0.4,0.1,0.0,0.0,0.3,0.6,2.0
4,2,9,35,5.7,17.1,.333,3.4,8.0,.429,2.3,9.1,.250,6.9,8.0,.857,4.6,1.1,0.0,0.0,3.4,5.7,20.6
4,3,9,35,8.6,25.7,.333,5.1,12.0,.429,3.4,13.7,.250,10.3,12.0,.857,6.8,1.7,0.0,0.0,5.1,8.6,30.8,,97.3,96.8
4,4,9,35,10.9,.491,.400,.533,.467,15,0.0,13.7,6.9,5.3,0.0,0.0,14.1,30.9,,0.0,0.1,0.1,.112,,-1.2,-2.8,-4.0
5,0,36,382,20,71,.282,19,53,.358,1,18,.056,2,9,.222,4,34,38,60,18,2,36,47,43
5,1,36,10.6,0.6,2.0,.282,0.5,1.5,.358,0.0,0.5,.056,0.1,0.3,.222,1.1,1.7,0.5,0.1,1.0,1.3,1.2
5,2,36,382,2.1,7.4,.282,2.0,5.5,.358,0.1,1.9,.056,0.2,0.9,.222,4.0,6.3,1.9,0.2,3.8,4.9,4.5
5,3,36,382,3.1,11.1,.282,3.0,8.3,.358,0.2,2.8,.056,0.3,1.4,.222,6.0,9.4,2.8,0.3,5.6,7.4,6.7,,68.4,91.3
5,4,36,382,3.6,.286,.289,.254,.127,71,1.3,10.7,6.0,25.1,2.8,0.6,32.4,14.8,,-0.6,0.8,0.2,.023,,-3.9,4.2,0.3
6,0,24,273,24,79,.304,11,29,.379,13,50,.260,10,18,.556,5,28,33,18,11,1,14,21,71
6,1,24,11.4,1.0,3.3,.304,0.5,1.2,.379,0.5,2.1,.260,0.4,0.8,.556,1.4,0.8,0.5,0.0,0.6,0.9,3.0
6,2,24,273,3.5,11.6,.304,1.6,4.2,.379,1.9,7.3,.260,1.5,2.6,.556,4.8,2.6,1.6,0.1,2.1,3.1,10.4
6,3,24,273,5.3,17.3,.304,2.4,6.4,.379,2.9,11.0,.260,2.2,3.9,.556,7.2,3.9,2.4,0.2,3.1,4.6,15.6,,89.1,92.0
6,4,24,273,8.6,.405,.386,.633,.228,71,2.2,12.3,7.3,11.2,2.4,0.4,13.8,18.8,,0.0,0.6,0.6,.087,,0.3,3.0,3.3
7,0,39,992,88,186,.473,57,104,.548,31,82,.378,57,91,.626,51,129,180,78,35,5,48,75,264
7,1,39,25.4,2.3,4.8,.473,1.5,2.7,.548,0.8,2.1,.378,1.5,2.3,.626,4.6,2.0,0.9,0.1,1.2,1.9,6.8
7,2,39,992,3.5,7.5,.473,2.3,4.2,.548,1.3,3.3,.378,2.3,3.7,.626,7.3,3.1,1.4,0.2,1.9,3.0,10.6
7,3,39,992,5.3,11.2,.473,3.4,6.3,.548,1.9,4.9,.378,3.4,5.5,.626,10.9,4.7,2.1,0.3,2.9,4.5,15.9,,116.3,91.4
7,4,39,992,15.6,.576,.556,.441,.489,282,6.2,15.6,10.9,13.4,2.1,0.6,17.3,14.2,,1.9,2.2,4.1,.167,,4.9,5.1,10.0
8,0,37,1123,228,439,.519,212,399,.531,16,40,.400,175,228,.768,116,224,340,46,43,39,71,109,647
8,1,37,30.4,6.2,11.9,.519,5.7,10.8,.531,0.4,1.1,.400,4.7,6.2,.768,9.2,1.2,1.2,1.1,1.9,2.9,17.5
8,2,37,1123,8.1,15.6,.519,7.6,14.2,.531,0.6,1.4,.400,6.2,8.1,.768,12.1,1.6,1.5,1.4,2.5,3.9,23.0
8,3,37,1123,12.2,23.4,.519,11.3,21.3,.531,0.9,2.1,.400,9.3,12.2,.768,18.1,2.5,2.3,2.1,3.8,5.8,34.5,,121.8,85.8
8,4,37,1123,30.2,.591,.538,.091,.519,610,12.4,23.9,18.2,8.6,2.3,4.0,11.5,27.9,,4.8,3.1,7.9,.282,,6.3,5.3,11.6
9,0,39,1225,243,467,.520,193,322,.599,50,145,.345,83,110,.755,100,109,209,35,15,9,47,65,619
9,1,39,31.4,6.2,12.0,.520,4.9,8.3,.599,1.3,3.7,.345,2.1,2.8,.755,5.4,0.9,0.4,0.2,1.2,1.7,15.9
9,2,39,1225,7.9,15.2,.520,6.3,10.5,.599,1.6,4.7,.345,2.7,3.6,.755,6.8,1.1,0.5,0.3,1.5,2.1,20.2
9,3,39,1225,11.9,22.8,.520,9.4,15.7,.599,2.4,7.1,.345,4.1,5.4,.755,10.2,1.7,0.7,0.4,2.3,3.2,30.3,,124.9,96.2
9,4,39,1225,23.1,.596,.574,.310,.236,553,9.8,10.7,10.2,6.0,0.7,0.9,8.3,23.4,,4.7,2.1,6.8,.223,,7.4,1.3,8.8
10,0,39,413,34,69,.493,33,55,.600,1,14,.071,12,22,.545,10,32,42,28,7,17,19,35,81
10,1,39,10.6,0.9,1.8,.493,0.8,1.4,.600,0.0,0.4,.071,0.3,0.6,.545,1.1,0.7,0.2,0.4,0.5,0.9,2.1
10,2,39,413,3.3,6.7,.493,3.2,5.3,.600,0.1,1.4,.071,1.2,2.1,.545,4.1,2.7,0.7,1.6,1.8,3.4,7.8
10,3,39,413,4.9,10.0,.493,4.8,8.0,.600,0.1,2.0,.071,1.7,3.2,.545,6.1,4.1,1.0,2.5,2.8,5.1,11.7,,100.9,93.7
10,4,39,413,10.1,.510,.500,.203,.319,86,2.9,9.3,6.1,11.4,1.0,4.8,19.3,12.1,,0.3,0.8,1.1,.108,,0.3,5.6,5.9
11,0,25,157,29,47,.617,29,45,.644,0,2,.000,18,31,.581,16,11,27,4,6,4,8,8,76
11,1,25,6.3,1.2,1.9,.617,1.2,1.8,.644,0.0,0.1,.000,0.7,1.2,.581,1.1,0.2,0.2,0.2,0.3,0.3,3.0
11,2,25,157,7.4,12.0,.617,7.4,11.5,.644,0.0,0.5,.000,4.6,7.9,.581,6.9,1.0,1.5,1.0,2.0,2.0,19.4
11,3,25,157,11.1,17.9,.617,11.1,17.2,.644,0.0,0.8,.000,6.9,11.8,.581,10.3,1.5,2.3,1.5,3.1,3.1,29.0,,122.3,92.4
11,4,25,157,25.4,.616,.617,.043,.660,69,12.3,8.4,10.3,5.2,2.3,3.0,11.5,22.5,,0.6,0.3,0.9,.226,,5.1,3.1,8.2
12,0,29,190,19,36,.528,19,36,.528,0,0,,10,28,.357,27,35,62,2,5,23,9,23,48
12,1,29,6.6,0.7,1.2,.528,0.7,1.2,.528,0.0,0.0,,0.3,1.0,.357,2.1,0.1,0.2,0.8,0.3,0.8,1.7
12,2,29,190,4.0,7.6,.528,4.0,7.6,.528,0.0,0.0,,2.1,5.9,.357,13.1,0.4,1.1,4.8,1.9,4.8,10.1
12,3,29,190,6.0,11.3,.528,6.0,11.3,.528,0.0,0.0,,3.2,8.8,.357,19.5,0.6,1.6,7.2,2.8,7.2,15.1,,104.4,82.3
12,4,29,190,19.5,.487,.528,.000,.778,55,17.1,22.1,19.6,1.8,1.6,14.1,15.4,15.5,,0.2,0.6,0.8,.173,,-0.4,9.7,9.2
