0,0,35,1204,113,239,.473,97,186,.522,16,53,.302,100,135,.741,11,116,127,164,89,3,90,85,342
0,1,35,34.4,3.2,6.8,.473,2.8,5.3,.522,0.5,1.5,.302,2.9,3.9,.741,3.6,4.7,2.5,0.1,2.6,2.4,9.8
0,2,35,1204,3.8,7.9,.473,3.2,6.2,.522,0.5,1.8,.302,3.3,4.5,.741,4.2,5.4,3.0,0.1,3.0,2.8,11.4
0,3,35,1204,5.8,12.2,.473,5.0,9.5,.522,0.8,2.7,.302,5.1,6.9,.741,6.5,8.4,4.5,0.2,4.6,4.3,17.5,,106.6,89.9
0,4,35,1204,16.7,.564,.506,.222,.565,385,1.1,11.4,6.3,27.0,4.5,0.3,22.9,17.4,,1.5,3.2,4.7,.157,,2.8,6.3,9.1
1,0,33,393,42,121,.347,18,47,.383,24,74,.324,25,38,.658,19,39,58,6,7,8,21,30,133
1,1,33,11.9,1.3,3.7,.347,0.5,1.4,.383,0.7,2.2,.324,0.8,1.2,.658,1.8,0.2,0.2,0.2,0.6,0.9,4.0
1,2,33,393,4.3,12.3,.347,1.8,4.8,.383,2.4,7.5,.324,2.5,3.9,.658,5.9,0.6,0.7,0.8,2.1,3.1,13.5
1,3,33,393,6.6,18.9,.347,2.8,7.4,.383,3.8,11.6,.324,3.9,5.9,.658,9.1,0.9,1.1,1.3,3.3,4.7,20.8,,95.6,96.3
1,4,33,393,10.8,.478,.446,.612,.314,124,5.8,11.7,8.8,3.1,1.1,2.2,13.1,21.7,,0.1,0.8,0.9,.096,,-0.4,1.5,1.0
2,0,2,2,0,1,.000,0,1,.000,0,0,,0,0,,0,0,0,0,0,0,0,1,0
2,1,2,1.0,0.0,0.5,.000,0.0,0.5,.000,0.0,0.0,,0.0,0.0,,0.0,0.0,0.0,0.0,0.0,0.5,0.0
2,2,2,2,0.0,20.0,.000,0.0,20.0,.000,0.0,0.0,,0.0,0.0,,0.0,0.0,0.0,0.0,0.0,20.0,0.0
2,3,2,2,0.0,30.7,.000,0.0,30.7,.000,0.0,0.0,,0.0,0.0,,0.0,0.0,0.0,0.0,0.0,30.7,0.0,,0.0,103.2
2,4,2,2,-31.4,.000,.000,.000,.000,0,0.0,0.0,0.0,0.0,0.0,0.0,0.0,26.6,,0.0,0.0,0.0,-.310,,-22.2,-3.4,-25.7
3,0,8,14,3,7,.429,3,7,.429,0,0,,0,3,.000,0,2,2,0,1,0,1,2,6
3,1,8,1.8,0.4,0.9,.429,0.4,0.9,.429,0.0,0.0,,0.0,0.4,.000,0.3,0.0,0.1,0.0,0.1,0.3,0.8
3,2,8,14,8.6,20.0,.429,8.6,20.0,.429,0.0,0.0,,0.0,8.6,.000,5.7,0.0,2.9,0.0,2.9,5.7,17.1
3,3,8,14,13.2,30.7,.429,13.2,30.7,.429,0.0,0.0,,0.0,13.2,.000,8.8,0.0,4.4,0.0,4.4,8.8,26.4,,63.3,87.6
3,4,8,14,4.9,.356,.429,.000,.429,5,0.0,16.9,8.5,0.0,4.4,0.0,10.6,35.9,,-0.1,0.0,0.0,-.059,,-13.3,-1.8,-15.1
4,0,35,380,43,117,.368,28,59,.475,15,58,.259,52,68,.765,19,42,61,7,6,7,20,48,153
4,1,35,10.9,1.2,3.3,.368,0.8,1.7,.475,0.4,1.7,.259,1.5,1.9,.765,1.7,0.2,0.2,0.2,0.6,1.4,4.4
4,2,35,380,4.5,12.3,.368,2.9,6.2,.475,1.6,6.1,.259,5.5,7.2,.765,6.4,0.7,0.6,0.7,2.1,5.1,16.1
4,3,35,380,7.0,18.9,.368,4.5,9.5,.475,2.4,9.4,.259,8.4,11.0,.765,9.9,1.1,1.0,1.1,3.2,7.8,24.8,,104.8,95.9
4,4,35,380,13.7,.512,.432,.496,.581,144,6.0,13.0,9.6,3.8,1.0,2.0,11.8,23.7,,0.5,0.8,1.3,.137,,0.5,1.0,1.5
5,0,35,423,29,55,.527,29,55,.527,0,0,,13,39,.333,31,27,58,5,7,19,20,70,71
5,1,35,12.1,0.8,1.6,.527,0.8,1.6,.527,0.0,0.0,,0.4,1.1,.333,1.7,0.1,0.2,0.5,0.6,2.0,2.0
5,2,35,423,2.7,5.2,.527,2.7,5.2,.527,0.0,0.0,,1.2,3.7,.333,5.5,0.5,0.7,1.8,1.9,6.6,6.7
5,3,35,423,4.2,8.0,.527,4.2,8.0,.527,0.0,0.0,,1.9,5.7,.333,8.4,0.7,1.0,2.8,2.9,10.2,10.3,,92.3,96.5
5,4,35,423,6.9,.483,.527,.000,.709,79,8.8,7.5,8.2,2.2,1.0,4.9,21.4,11.8,,0.0,0.9,0.9,.082,,-2.1,5.7,3.5
6,0,35,1015,184,412,.447,142,293,.485,42,119,.353,123,168,.732,63,145,208,29,25,20,60,54,533
6,1,35,29.0,5.3,11.8,.447,4.1,8.4,.485,1.2,3.4,.353,3.5,4.8,.732,5.9,0.8,0.7,0.6,1.7,1.5,15.2
6,2,35,1015,7.3,16.2,.447,5.6,11.5,.485,1.7,4.7,.353,4.8,6.6,.732,8.2,1.1,1.0,0.8,2.4,2.1,21.0
6,3,35,1015,11.1,25.0,.447,8.6,17.7,.485,2.5,7.2,.353,7.5,10.2,.732,12.6,1.8,1.5,1.2,3.6,3.3,32.3,,109.2,93.2
6,4,35,1015,21.8,.542,.498,.289,.408,488,7.5,16.9,12.2,6.9,1.5,2.2,10.9,29.0,,2.2,2.4,4.6,.181,,2.8,2.5,5.2
7,0,35,940,96,222,.432,70,136,.515,26,86,.302,43,63,.683,24,94,118,119,71,5,65,78,261
7,1,35,26.9,2.7,6.3,.432,2.0,3.9,.515,0.7,2.5,.302,1.2,1.8,.683,3.4,3.4,2.0,0.1,1.9,2.2,7.5
7,2,35,940,4.1,9.4,.432,3.0,5.8,.515,1.1,3.7,.302,1.8,2.7,.683,5.0,5.1,3.0,0.2,2.8,3.3,11.1
7,3,35,940,6.3,14.5,.432,4.6,8.9,.515,1.7,5.6,.302,2.8,4.1,.683,7.7,7.8,4.6,0.3,4.3,5.1,17.1,,102.6,89.2
7,4,35,940,16.0,.518,.491,.387,.284,295,3.1,11.8,7.5,25.5,4.6,0.6,20.5,18.0,,0.9,2.5,3.4,.146,,2.8,6.4,9.3
8,0,35,1007,129,303,.426,79,152,.520,50,151,.331,77,102,.755,35,142,177,53,27,3,35,59,385
8,1,35,28.8,3.7,8.7,.426,2.3,4.3,.520,1.4,4.3,.331,2.2,2.9,.755,5.1,1.5,0.8,0.1,1.0,1.7,11.0
8,2,35,1007,5.1,12.0,.426,3.1,6.0,.520,2.0,6.0,.331,3.1,4.1,.755,7.0,2.1,1.1,0.1,1.4,2.3,15.3
8,3,35,1007,7.9,18.5,.426,4.8,9.3,.520,3.1,9.2,.331,4.7,6.2,.755,10.8,3.2,1.6,0.2,2.1,3.6,23.5,,115.0,94.0
8,4,35,1007,17.6,.548,.508,.498,.337,364,4.2,16.6,10.5,11.2,1.6,0.3,9.1,20.4,,2.1,2.3,4.4,.175,,4.2,3.3,7.5
9,0,35,862,103,229,.450,76,153,.497,27,76,.355,42,68,.618,20,75,95,28,23,30,27,60,275
9,1,35,24.6,2.9,6.5,.450,2.2,4.4,.497,0.8,2.2,.355,1.2,1.9,.618,2.7,0.8,0.7,0.9,0.8,1.7,7.9
9,2,35,862,4.8,10.6,.450,3.5,7.1,.497,1.3,3.5,.355,1.9,3.2,.618,4.4,1.3,1.1,1.4,1.3,2.8,12.8
9,3,35,862,7.3,16.3,.450,5.4,10.9,.497,1.9,5.4,.355,3.0,4.9,.618,6.8,2.0,1.6,2.1,1.9,4.3,19.6,,107.3,94.9
9,4,35,862,14.1,.526,.509,.332,.297,248,2.8,10.3,6.6,6.8,1.6,3.8,9.4,17.8,,1.0,1.9,2.9,.135,,1.2,5.0,6.1
10,0,35,809,101,169,.598,101,169,.598,0,0,,71,109,.651,82,121,203,10,14,62,51,90,273
10,1,35,23.1,2.9,4.8,.598,2.9,4.8,.598,0.0,0.0,,2.0,3.1,.651,5.8,0.3,0.4,1.8,1.5,2.6,7.8
10,2,35,809,5.0,8.4,.598,5.0,8.4,.598,0.0,0.0,,3.5,5.4,.651,10.0,0.5,0.7,3.1,2.5,4.4,13.5
10,3,35,809,7.7,12.8,.598,7.7,12.8,.598,0.0,0.0,,5.4,8.3,.651,15.4,0.8,1.1,4.7,3.9,6.8,20.7,,113.8,90.4
10,4,35,809,19.7,.618,.598,.000,.645,273,12.2,17.6,15.0,2.6,1.1,8.4,18.8,17.9,,1.5,2.1,3.6,.179,,0.8,7.1,7.9
