0,0,1,2,0,0,,0,0,,0,0,,0,0,,0,0,0,1,0,0,0,0,0
0,1,1,2.0,0.0,0.0,,0.0,0.0,,0.0,0.0,,0.0,0.0,,0.0,1.0,0.0,0.0,0.0,0.0,0.0
0,2,1,2,0.0,0.0,,0.0,0.0,,0.0,0.0,,0.0,0.0,,0.0,20.0,0.0,0.0,0.0,0.0,0.0
0,3,1,2,0.0,0.0,,0.0,0.0,,0.0,0.0,,0.0,0.0,,0.0,30.8,0.0,0.0,0.0,0.0,0.0,,226.8,116.6
0,4,1,2,21.4,,,,,1,0.0,0.0,0.0,87.4,0.0,0.0,,0.0,,0.0,0.0,0.0,.187,,-6.6,-22.8,-29.4
1,0,30,828,70,167,.419,56,111,.505,14,56,.250,70,91,.769,8,80,88,140,28,3,91,96,224
1,1,30,27.6,2.3,5.6,.419,1.9,3.7,.505,0.5,1.9,.250,2.3,3.0,.769,2.9,4.7,0.9,0.1,3.0,3.2,7.5
1,2,30,828,3.4,8.1,.419,2.7,5.4,.505,0.7,2.7,.250,3.4,4.4,.769,4.3,6.8,1.4,0.1,4.4,4.6,10.8
1,3,30,828,5.2,12.4,.419,4.2,8.3,.505,1.0,4.2,.250,5.2,6.8,.769,6.5,10.4,2.1,0.2,6.8,7.1,16.7,,95.6,106.4
1,4,30,828,12.1,.533,.461,.335,.545,275,1.3,12.1,6.8,34.7,2.1,0.4,30.2,19.9,,0.5,0.7,1.2,.059,,-0.2,0.1,0.0
2,0,32,1074,120,253,.474,95,186,.511,25,67,.373,31,47,.660,39,106,145,34,25,12,33,47,296
2,1,32,33.6,3.8,7.9,.474,3.0,5.8,.511,0.8,2.1,.373,1.0,1.5,.660,4.5,1.1,0.8,0.4,1.0,1.5,9.3
2,2,32,1074,4.5,9.4,.474,3.5,6.9,.511,0.9,2.5,.373,1.2,1.8,.660,5.4,1.3,0.9,0.4,1.2,1.8,11.0
2,3,32,1074,6.9,14.5,.474,5.4,10.7,.511,1.4,3.8,.373,1.8,2.7,.660,8.3,1.9,1.4,0.7,1.9,2.7,17.0,,108.1,107.7
2,4,32,1074,13.5,.538,.524,.265,.186,278,4.7,12.4,8.6,6.9,1.4,1.2,10.7,15.7,,1.4,0.8,2.2,.082,,1.4,1.2,2.6
3,0,31,1081,147,329,.447,83,150,.553,64,179,.358,83,114,.728,28,127,155,57,31,14,61,83,441
3,1,31,34.9,4.7,10.6,.447,2.7,4.8,.553,2.1,5.8,.358,2.7,3.7,.728,5.0,1.8,1.0,0.5,2.0,2.7,14.2
3,2,31,1081,5.4,12.2,.447,3.1,5.6,.553,2.4,6.6,.358,3.1,4.2,.728,5.7,2.1,1.1,0.5,2.3,3.1,16.3
3,3,31,1081,8.4,18.7,.447,4.7,8.5,.553,3.6,10.2,.358,4.7,6.5,.728,8.8,3.2,1.8,0.8,3.5,4.7,25.1,,109.8,105.7
3,4,31,1081,17.9,.575,.544,.544,.347,405,3.4,14.7,9.2,12.1,1.8,1.4,13.7,22.4,,2.3,1.0,3.2,.119,,4.4,0.8,5.2
4,0,32,985,154,317,.486,154,317,.486,0,0,,94,127,.740,66,94,160,23,34,21,76,116,402
4,1,32,30.8,4.8,9.9,.486,4.8,9.9,.486,0.0,0.0,,2.9,4.0,.740,5.0,0.7,1.1,0.7,2.4,3.6,12.6
4,2,32,985,6.3,12.9,.486,6.3,12.9,.486,0.0,0.0,,3.8,5.2,.740,6.5,0.9,1.4,0.9,3.1,4.7,16.3
4,3,32,985,9.6,19.8,.486,9.6,19.8,.486,0.0,0.0,,5.9,7.9,.740,10.0,1.4,2.1,1.3,4.7,7.2,25.1,,99.6,105.4
4,4,32,985,16.3,.533,.486,.000,.401,381,8.7,12.0,10.4,5.6,2.1,2.4,16.8,25.1,,1.2,0.9,2.1,.084,,-1.0,1.0,0.0
5,0,12,16,1,2,.500,1,2,.500,0,0,,2,3,.667,0,0,0,2,0,0,2,3,4
5,1,12,1.3,0.1,0.2,.500,0.1,0.2,.500,0.0,0.0,,0.2,0.3,.667,0.0,0.2,0.0,0.0,0.2,0.3,0.3
5,2,12,16,2.5,5.0,.500,2.5,5.0,.500,0.0,0.0,,5.0,7.5,.667,0.0,5.0,0.0,0.0,5.0,7.5,10.0
5,3,12,16,3.8,7.7,.500,3.8,7.7,.500,0.0,0.0,,7.7,11.5,.667,0.0,7.7,0.0,0.0,7.7,11.5,15.4,,89.4,115.8
5,4,12,16,3.7,.584,.500,.000,1.500,5,0.0,0.0,0.0,24.5,0.0,0.0,36.9,18.5,,0.0,0.0,0.0,-.003,,-6.7,-7.9,-14.7
6,0,2,2,0,1,.000,0,1,.000,0,0,,0,0,,0,0,0,0,0,0,0,0,0
6,1,2,1.0,0.0,0.5,.000,0.0,0.5,.000,0.0,0.0,,0.0,0.0,,0.0,0.0,0.0,0.0,0.0,0.0,0.0
6,2,2,2,0.0,20.0,.000,0.0,20.0,.000,0.0,0.0,,0.0,0.0,,0.0,0.0,0.0,0.0,0.0,0.0,0.0
6,3,2,2,0.0,30.8,.000,0.0,30.8,.000,0.0,0.0,,0.0,0.0,,0.0,0.0,0.0,0.0,0.0,0.0,0.0,,0.0,116.6
6,4,2,2,-22.4,.000,.000,.000,.000,0,0.0,0.0,0.0,0.0,0.0,0.0,0.0,27.3,,0.0,0.0,0.0,-.386,,-23.3,-6.9,-30.2
7,0,23,132,12,19,.632,12,18,.667,0,1,.000,3,4,.750,9,13,22,2,0,5,9,12,27
7,1,23,5.7,0.5,0.8,.632,0.5,0.8,.667,0.0,0.0,.000,0.1,0.2,.750,1.0,0.1,0.0,0.2,0.4,0.5,1.2
7,2,23,132,3.6,5.8,.632,3.6,5.5,.667,0.0,0.3,.000,0.9,1.2,.750,6.7,0.6,0.0,1.5,2.7,3.6,8.2
7,3,23,132,5.6,8.9,.632,5.6,8.4,.667,0.0,0.5,.000,1.4,1.9,.750,10.3,0.9,0.0,2.3,4.2,5.6,12.6,,99.2,109.1
7,4,23,132,9.9,.646,.632,.053,.211,27,8.9,12.4,10.6,3.1,0.0,4.2,30.1,12.4,,0.1,0.1,0.2,.047,,-2.1,0.9,-1.2
8,0,26,325,32,75,.427,21,36,.583,11,39,.282,35,43,.814,13,48,61,13,4,3,17,46,110
8,1,26,12.5,1.2,2.9,.427,0.8,1.4,.583,0.4,1.5,.282,1.3,1.7,.814,2.3,0.5,0.2,0.1,0.7,1.8,4.2
8,2,26,325,3.9,9.2,.427,2.6,4.4,.583,1.4,4.8,.282,4.3,5.3,.814,7.5,1.6,0.5,0.4,2.1,5.7,13.5
8,3,26,325,6.1,14.2,.427,4.0,6.8,.583,2.1,7.4,.282,6.6,8.1,.814,11.6,2.5,0.8,0.6,3.2,8.7,20.8,,111.6,106.4
8,4,26,325,14.3,.576,.500,.520,.573,106,5.2,18.5,12.0,8.4,0.8,1.0,15.1,18.9,,0.6,0.3,0.9,.111,,1.5,-0.8,0.7
9,0,31,387,35,86,.407,22,38,.579,13,48,.271,24,38,.632,3,31,34,48,11,2,44,35,107
9,1,31,12.5,1.1,2.8,.407,0.7,1.2,.579,0.4,1.5,.271,0.8,1.2,.632,1.1,1.5,0.4,0.1,1.4,1.1,3.5
9,2,31,387,3.6,8.9,.407,2.3,3.9,.579,1.3,5.0,.271,2.5,3.9,.632,3.5,5.0,1.1,0.2,4.5,3.6,11.1
9,3,31,387,5.6,13.7,.407,3.5,6.0,.579,2.1,7.6,.271,3.8,6.0,.632,5.4,7.6,1.7,0.3,7.0,5.6,17.0,,87.3,108.0
9,4,31,387,9.2,.514,.483,.558,.442,118,1.0,10.1,5.6,25.8,1.7,0.6,29.7,20.9,,-0.1,0.3,0.2,.018,,-1.7,-1.1,-2.8
10,0,32,961,112,285,.393,50,108,.463,62,177,.350,63,74,.851,15,51,66,55,28,10,59,78,349
10,1,32,30.0,3.5,8.9,.393,1.6,3.4,.463,1.9,5.5,.350,2.0,2.3,.851,2.1,1.7,0.9,0.3,1.8,2.4,10.9
10,2,32,961,4.7,11.9,.393,2.1,4.5,.463,2.6,7.4,.350,2.6,3.1,.851,2.7,2.3,1.2,0.4,2.5,3.2,14.5
10,3,32,961,7.2,18.3,.393,3.2,6.9,.463,4.0,11.3,.350,4.0,4.7,.851,4.2,3.5,1.8,0.6,3.8,5.0,22.4,,102.9,109.0
10,4,32,961,13.4,.545,.502,.621,.260,324,2.0,6.7,4.4,12.6,1.8,1.2,15.6,21.5,,1.3,0.6,1.8,.076,,2.7,-0.5,2.2
11,0,17,291,29,63,.460,20,43,.465,9,20,.450,8,12,.667,11,45,56,23,7,0,25,18,75
11,1,17,17.1,1.7,3.7,.460,1.2,2.5,.465,0.5,1.2,.450,0.5,0.7,.667,3.3,1.4,0.4,0.0,1.5,1.1,4.4
11,2,17,291,4.0,8.7,.460,2.7,5.9,.465,1.2,2.7,.450,1.1,1.6,.667,7.7,3.2,1.0,0.0,3.4,2.5,10.3
11,3,17,291,6.1,13.3,.460,4.2,9.1,.465,1.9,4.2,.450,1.7,2.5,.667,11.8,4.9,1.5,0.0,5.3,3.8,15.9,,93.7,105.3
11,4,17,291,11.9,.546,.532,.317,.190,80,4.9,19.4,12.3,16.7,1.5,0.0,26.7,17.6,,0.1,0.3,0.4,.052,,-0.9,1.0,0.1
12,0,31,366,26,51,.510,26,51,.510,0,0,,24,39,.615,31,64,95,2,11,19,13,49,76
12,1,31,11.8,0.8,1.6,.510,0.8,1.6,.510,0.0,0.0,,0.8,1.3,.615,3.1,0.1,0.4,0.6,0.4,1.6,2.5
12,2,31,366,2.8,5.6,.510,2.8,5.6,.510,0.0,0.0,,2.6,4.3,.615,10.4,0.2,1.2,2.1,1.4,5.4,8.3
12,3,31,366,4.4,8.6,.510,4.4,8.6,.510,0.0,0.0,,4.0,6.6,.615,16.0,0.3,1.9,3.2,2.2,8.2,12.8,,110.5,100.2
12,4,31,366,14.5,.547,.510,.000,.765,82,11.0,21.9,16.6,1.1,1.9,5.8,15.8,12.3,,0.5,0.5,1.0,.108,,-1.8,2.8,1.0
