0,0,33,1126,169,388,.436,117,245,.478,52,143,.364,114,150,.760,16,130,146,80,33,26,57,70,504
0,1,33,34.1,5.1,11.8,.436,3.5,7.4,.478,1.6,4.3,.364,3.5,4.5,.760,4.4,2.4,1.0,0.8,1.7,2.1,15.3
0,2,33,1126,6.0,13.8,.436,4.2,8.7,.478,1.8,5.1,.364,4.0,5.3,.760,5.2,2.8,1.2,0.9,2.0,2.5,17.9
0,3,33,1126,8.9,20.5,.436,6.2,12.9,.478,2.7,7.5,.364,6.0,7.9,.760,7.7,4.2,1.7,1.4,3.0,3.7,26.6,,112.4,94.8
0,4,33,1126,19.9,.549,.503,.369,.387,468,1.7,12.7,7.4,15.6,1.7,2.6,11.0,23.5,,2.9,2.1,5.0,.177,,4.0,2.9,6.9
1,0,9,12,1,5,.200,0,1,.000,1,4,.250,0,0,,0,2,2,0,0,0,1,2,3
1,1,9,1.3,0.1,0.6,.200,0.0,0.1,.000,0.1,0.4,.250,0.0,0.0,,0.2,0.0,0.0,0.0,0.1,0.2,0.3
1,2,9,12,3.3,16.7,.200,0.0,3.3,.000,3.3,13.3,.250,0.0,0.0,,6.7,0.0,0.0,0.0,3.3,6.7,10.0
1,3,9,12,5.0,24.8,.200,0.0,5.0,.000,5.0,19.8,.250,0.0,0.0,,9.9,0.0,0.0,0.0,5.0,9.9,14.9,,55.8,96.5
1,4,9,12,-5.4,.300,.300,.800,.000,3,0.0,18.4,9.5,0.0,0.0,0.0,16.7,25.7,,0.0,0.0,0.0,-.077,,-10.3,-5.6,-15.9
2,0,28,728,82,146,.562,82,146,.562,0,0,,29,41,.707,55,116,171,8,12,43,24,71,193
2,1,28,26.0,2.9,5.2,.562,2.9,5.2,.562,0.0,0.0,,1.0,1.5,.707,6.1,0.3,0.4,1.5,0.9,2.5,6.9
2,2,28,728,4.5,8.0,.562,4.5,8.0,.562,0.0,0.0,,1.6,2.3,.707,9.4,0.4,0.7,2.4,1.3,3.9,10.6
2,3,28,728,6.7,11.9,.562,6.7,11.9,.562,0.0,0.0,,2.4,3.3,.707,14.0,0.7,1.0,3.5,2.0,5.8,15.8,,116.9,92.0
2,4,28,728,16.7,.583,.562,.000,.281,188,9.0,17.6,13.4,2.2,1.0,6.6,12.7,13.4,,1.3,1.5,2.9,.158,,0.4,5.2,5.5
3,0,8,12,0,0,,0,0,,0,0,,0,0,,2,5,7,0,0,0,3,1,0
3,1,8,1.5,0.0,0.0,,0.0,0.0,,0.0,0.0,,0.0,0.0,,0.9,0.0,0.0,0.0,0.4,0.1,0.0
3,2,8,12,0.0,0.0,,0.0,0.0,,0.0,0.0,,0.0,0.0,,23.3,0.0,0.0,0.0,10.0,3.3,0.0
3,3,8,12,0.0,0.0,,0.0,0.0,,0.0,0.0,,0.0,0.0,,34.7,0.0,0.0,0.0,14.9,5.0,0.0,,32.5,83.3
3,4,8,12,-2.0,,,,,1,19.8,46.0,33.4,0.0,0.0,0.0,100.0,12.8,,-0.1,0.0,0.0,-.075,,-16.0,-1.0,-17.0
4,0,33,835,98,265,.370,30,64,.469,68,201,.338,73,80,.913,13,35,48,28,37,0,16,37,337
4,1,33,25.3,3.0,8.0,.370,0.9,1.9,.469,2.1,6.1,.338,2.2,2.4,.913,1.5,0.8,1.1,0.0,0.5,1.1,10.2
4,2,33,835,4.7,12.7,.370,1.4,3.1,.469,3.3,9.6,.338,3.5,3.8,.913,2.3,1.3,1.8,0.0,0.8,1.8,16.1
4,3,33,835,7.0,18.9,.370,2.1,4.6,.469,4.8,14.3,.338,5.2,5.7,.913,3.4,2.0,2.6,0.0,1.1,2.6,24.0,,122.0,98.1
4,4,33,835,17.4,.556,.498,.758,.302,297,1.9,4.6,3.3,6.9,2.6,0.0,5.0,19.6,,2.4,1.3,3.7,.175,,6.0,0.4,6.3
5,0,33,314,16,54,.296,14,39,.359,2,15,.133,8,15,.533,10,22,32,30,14,1,19,27,42
5,1,33,9.5,0.5,1.6,.296,0.4,1.2,.359,0.1,0.5,.133,0.2,0.5,.533,1.0,0.9,0.4,0.0,0.6,0.8,1.3
5,2,33,314,2.0,6.9,.296,1.8,5.0,.359,0.3,1.9,.133,1.0,1.9,.533,4.1,3.8,1.8,0.1,2.4,3.4,5.4
5,3,33,314,3.0,10.2,.296,2.6,7.4,.359,0.4,2.8,.133,1.5,2.8,.533,6.1,5.7,2.6,0.2,3.6,5.1,7.9,,78.5,96.1
5,4,33,314,5.8,.344,.315,.278,.278,57,3.8,7.7,5.8,17.2,2.6,0.4,23.7,13.1,,-0.2,0.5,0.3,.041,,-3.0,2.8,-0.2
6,0,33,571,44,71,.620,44,71,.620,0,0,,5,12,.417,70,123,193,11,7,35,31,92,93
6,1,33,17.3,1.3,2.2,.620,1.3,2.2,.620,0.0,0.0,,0.2,0.4,.417,5.8,0.3,0.2,1.1,0.9,2.8,2.8
6,2,33,571,3.1,5.0,.620,3.1,5.0,.620,0.0,0.0,,0.4,0.8,.417,13.5,0.8,0.5,2.5,2.2,6.4,6.5
6,3,33,571,4.6,7.4,.620,4.6,7.4,.620,0.0,0.0,,0.5,1.2,.417,20.1,1.1,0.7,3.6,3.2,9.6,9.7,,108.6,89.0
6,4,33,571,13.7,.606,.620,.000,.169,117,14.6,23.8,19.4,3.6,0.7,6.8,28.8,9.7,,0.6,1.4,2.0,.140,,-0.4,6.1,5.7
7,0,33,596,53,115,.461,51,111,.459,2,4,.500,18,35,.514,52,78,130,21,8,20,35,73,126
7,1,33,18.1,1.6,3.5,.461,1.5,3.4,.459,0.1,0.1,.500,0.5,1.1,.514,3.9,0.6,0.2,0.6,1.1,2.2,3.8
7,2,33,596,3.6,7.7,.461,3.4,7.4,.459,0.1,0.3,.500,1.2,2.3,.514,8.7,1.4,0.5,1.3,2.3,4.9,8.5
7,3,33,596,5.3,11.5,.461,5.1,11.1,.459,0.2,0.4,.500,1.8,3.5,.514,13.0,2.1,0.8,2.0,3.5,7.3,12.6,,95.5,95.1
7,4,33,596,10.4,.479,.470,.035,.304,144,10.4,14.4,12.5,6.8,0.8,3.7,21.0,14.3,,0.3,1.1,1.4,.093,,-1.4,4.1,2.7
8,0,33,1052,160,346,.462,148,296,.500,12,50,.240,129,174,.741,28,107,135,59,20,5,86,88,461
8,1,33,31.9,4.8,10.5,.462,4.5,9.0,.500,0.4,1.5,.240,3.9,5.3,.741,4.1,1.8,0.6,0.2,2.6,2.7,14.0
8,2,33,1052,6.1,13.2,.462,5.6,11.3,.500,0.5,1.9,.240,4.9,6.6,.741,5.1,2.2,0.8,0.2,3.3,3.3,17.5
8,3,33,1052,9.0,19.5,.462,8.4,16.7,.500,0.7,2.8,.240,7.3,9.8,.741,7.6,3.3,1.1,0.3,4.9,5.0,26.0,,102.0,97.7
8,4,33,1052,15.6,.538,.480,.145,.503,432,3.2,11.2,7.3,12.4,1.1,0.5,16.7,25.1,,1.7,1.6,3.3,.126,,0.5,1.1,1.6
9,0,2,39,6,9,.667,5,6,.833,1,3,.333,4,4,1.000,2,4,6,2,1,0,4,5,17
9,1,2,19.5,3.0,4.5,.667,2.5,3.0,.833,0.5,1.5,.333,2.0,2.0,1.000,3.0,1.0,0.5,0.0,2.0,2.5,8.5
9,2,2,39,6.2,9.2,.667,5.1,6.2,.833,1.0,3.1,.333,4.1,4.1,1.000,6.2,2.1,1.0,0.0,4.1,5.1,17.4
9,3,2,39,9.1,13.7,.667,7.6,9.1,.833,1.5,4.6,.333,6.1,6.1,1.000,9.1,3.0,1.5,0.0,6.1,7.6,25.9,,119.5,96.8
9,4,2,39,19.8,.780,.722,.333,.444,15,6.1,11.3,8.8,11.4,1.5,0.0,26.8,19.6,,0.1,0.1,0.2,.186,,4.1,0.7,4.8
10,0,14,58,6,11,.545,4,7,.571,2,4,.500,1,7,.143,5,9,14,3,2,0,3,8,15
10,1,14,4.1,0.4,0.8,.545,0.3,0.5,.571,0.1,0.3,.500,0.1,0.5,.143,1.0,0.2,0.1,0.0,0.2,0.6,1.1
10,2,14,58,4.1,7.6,.545,2.8,4.8,.571,1.4,2.8,.500,0.7,4.8,.143,9.7,2.1,1.4,0.0,2.1,5.5,10.3
10,3,14,58,6.1,11.3,.545,4.1,7.2,.571,2.0,4.1,.500,1.0,7.2,.143,14.3,3.1,2.0,0.0,3.1,8.2,15.4,,102.5,92.7
10,4,14,58,13.4,.524,.636,.364,.636,16,10.3,17.1,13.8,10.3,2.0,0.0,17.3,15.3,,0.1,0.1,0.2,.126,,1.4,2.1,3.5
11,0,33,1106,151,374,.404,113,243,.465,38,131,.290,167,215,.777,50,142,192,139,99,22,111,92,507
11,1,33,33.5,4.6,11.3,.404,3.4,7.4,.465,1.2,4.0,.290,5.1,6.5,.777,5.8,4.2,3.0,0.7,3.4,2.8,15.4
11,2,33,1106,5.5,13.5,.404,4.1,8.8,.465,1.4,4.7,.290,6.0,7.8,.777,6.9,5.0,3.6,0.8,4.0,3.3,18.3
11,3,33,1106,8.1,20.1,.404,6.1,13.1,.465,2.0,7.0,.290,9.0,11.6,.777,10.3,7.5,5.3,1.2,6.0,4.9,27.2,,105.3,86.1
11,4,33,1106,24.0,.532,.455,.350,.575,537,5.4,14.2,9.9,26.8,5.3,2.2,18.9,27.2,,2.5,3.0,5.5,.198,,5.4,6.7,12.0
12,0,6,41,4,10,.400,3,4,.750,1,6,.167,2,2,1.000,3,2,5,1,3,1,1,11,11
12,1,6,6.8,0.7,1.7,.400,0.5,0.7,.750,0.2,1.0,.167,0.3,0.3,1.000,0.8,0.2,0.5,0.2,0.2,1.8,1.8
12,2,6,41,3.9,9.8,.400,2.9,3.9,.750,1.0,5.9,.167,2.0,2.0,1.000,4.9,1.0,2.9,1.0,1.0,10.7,10.7
12,3,6,41,5.8,14.5,.400,4.3,5.8,.750,1.4,8.7,.167,2.9,2.9,1.000,7.2,1.4,4.3,1.4,1.4,15.9,15.9,,113.3,91.4
12,4,6,41,12.8,.502,.450,.600,.200,11,8.7,5.4,7.0,4.8,4.3,2.7,8.4,15.0,,0.1,0.1,0.2,.157,,3.1,4.1,7.2
13,0,9,15,2,4,.500,2,2,1.000,0,2,.000,0,0,,0,2,2,1,1,0,0,0,4
13,1,9,1.7,0.2,0.4,.500,0.2,0.2,1.000,0.0,0.2,.000,0.0,0.0,,0.2,0.1,0.1,0.0,0.0,0.0,0.4
13,2,9,15,5.3,10.7,.500,5.3,5.3,1.000,0.0,5.3,.000,0.0,0.0,,5.3,2.7,2.7,0.0,0.0,0.0,10.7
13,3,9,15,7.9,15.8,.500,7.9,7.9,1.000,0.0,7.9,.000,0.0,0.0,,7.9,4.0,4.0,0.0,0.0,0.0,15.8,,117.4,90.4
13,4,9,15,17.9,.500,.500,.500,.000,4,0.0,14.7,7.6,14.1,4.0,0.0,0.0,13.7,,0.0,0.0,0.1,.162,,2.3,3.1,5.4
14,0,14,220,22,56,.393,18,39,.462,4,17,.235,10,16,.625,8,19,27,15,11,2,13,20,58
14,1,14,15.7,1.6,4.0,.393,1.3,2.8,.462,0.3,1.2,.235,0.7,1.1,.625,1.9,1.1,0.8,0.1,0.9,1.4,4.1
14,2,14,220,4.0,10.2,.393,3.3,7.1,.462,0.7,3.1,.235,1.8,2.9,.625,4.9,2.7,2.0,0.4,2.4,3.6,10.5
14,3,14,220,5.9,15.1,.393,4.9,10.5,.462,1.1,4.6,.235,2.7,4.3,.625,7.3,4.1,3.0,0.5,3.5,5.4,15.7,,93.3,94.2
14,4,14,220,11.4,.456,.429,.304,.286,61,4.3,9.5,7.0,13.5,3.0,1.0,17.0,17.9,,0.1,0.4,0.5,.092,,-0.5,3.1,2.6
