0,0,35,1033,163,407,.400,107,249,.430,56,158,.354,160,205,.780,16,89,105,102,26,5,100,67,542
0,1,35,29.5,4.7,11.6,.400,3.1,7.1,.430,1.6,4.5,.354,4.6,5.9,.780,3.0,2.9,0.7,0.1,2.9,1.9,15.5
0,2,35,1033,6.3,15.8,.400,4.1,9.6,.430,2.2,6.1,.354,6.2,7.9,.780,4.1,3.9,1.0,0.2,3.9,2.6,21.0
0,3,35,1033,9.8,24.6,.400,6.5,15.0,.430,3.4,9.5,.354,9.7,12.4,.780,6.3,6.2,1.6,0.3,6.0,4.0,32.7,,105.6,103.9
0,4,35,1033,18.5,.537,.469,.388,.504,518,1.8,10.2,5.9,24.0,1.6,0.6,16.5,30.7,,2.0,1.4,3.4,.130,,2.4,-2.0,0.5
1,0,36,659,50,141,.355,17,52,.327,33,89,.371,26,36,.722,11,65,76,41,23,0,45,77,159
1,1,36,18.3,1.4,3.9,.355,0.5,1.4,.327,0.9,2.5,.371,0.7,1.0,.722,2.1,1.1,0.6,0.0,1.3,2.1,4.4
1,2,36,659,3.0,8.6,.355,1.0,3.2,.327,2.0,5.4,.371,1.6,2.2,.722,4.6,2.5,1.4,0.0,2.7,4.7,9.7
1,3,36,659,4.7,13.3,.355,1.6,4.9,.327,3.1,8.4,.371,2.5,3.4,.722,7.2,3.9,2.2,0.0,4.3,7.3,15.0,,93.4,101.8
1,4,36,659,8.0,.503,.472,.631,.255,157,1.9,11.7,6.7,12.6,2.2,0.0,22.2,16.2,,0.1,1.0,1.1,.066,,-2.1,-0.2,-2.4
2,0,36,981,137,361,.380,94,211,.445,43,150,.287,80,128,.625,28,123,151,41,40,9,75,92,397
2,1,36,27.3,3.8,10.0,.380,2.6,5.9,.445,1.2,4.2,.287,2.2,3.6,.625,4.2,1.1,1.1,0.3,2.1,2.6,11.0
2,2,36,981,5.6,14.7,.380,3.8,8.6,.445,1.8,6.1,.287,3.3,5.2,.625,6.2,1.7,1.6,0.4,3.1,3.8,16.2
2,3,36,981,8.7,22.9,.380,6.0,13.4,.445,2.7,9.5,.287,5.1,8.1,.625,9.6,2.6,2.5,0.6,4.8,5.8,25.2,,93.0,99.2
2,4,36,981,12.9,.471,.439,.416,.355,364,3.3,14.8,9.0,9.7,2.5,1.1,15.1,26.6,,0.1,1.8,1.9,.076,,-2.2,-0.4,-2.6
3,0,36,583,20,50,.400,20,50,.400,0,0,,11,25,.440,55,68,123,10,14,4,23,87,51
3,1,36,16.2,0.6,1.4,.400,0.6,1.4,.400,0.0,0.0,,0.3,0.7,.440,3.4,0.3,0.4,0.1,0.6,2.4,1.4
3,2,36,583,1.4,3.4,.400,1.4,3.4,.400,0.0,0.0,,0.8,1.7,.440,8.4,0.7,1.0,0.3,1.6,6.0,3.5
3,3,36,583,2.1,5.3,.400,2.1,5.3,.400,0.0,0.0,,1.2,2.7,.440,13.1,1.1,1.5,0.4,2.5,9.3,5.5,,90.0,101.8
3,4,36,583,5.8,.412,.400,.000,.500,74,10.8,13.8,12.3,3.2,1.5,0.8,27.1,7.6,,-0.1,0.9,0.9,.059,,-4.0,1.4,-2.7
4,0,7,7,0,2,.000,0,1,.000,0,1,.000,0,0,,0,0,0,0,0,0,0,1,0
4,1,7,1.0,0.0,0.3,.000,0.0,0.1,.000,0.0,0.1,.000,0.0,0.0,,0.0,0.0,0.0,0.0,0.0,0.1,0.0
4,2,7,7,0.0,11.4,.000,0.0,5.7,.000,0.0,5.7,.000,0.0,0.0,,0.0,0.0,0.0,0.0,0.0,5.7,0.0
4,3,7,7,0.0,17.8,.000,0.0,8.9,.000,0.0,8.9,.000,0.0,0.0,,0.0,0.0,0.0,0.0,0.0,8.9,0.0,,0.0,111.5
4,4,7,7,-15.6,.000,.000,.500,.000,0,0.0,0.0,0.0,0.0,0.0,0.0,0.0,15.0,,0.0,0.0,0.0,-.172,,-13.9,-4.5,-18.5
5,0,18,124,9,23,.391,9,15,.600,0,8,.000,4,6,.667,4,17,21,2,0,3,5,15,22
5,1,18,6.9,0.5,1.3,.391,0.5,0.8,.600,0.0,0.4,.000,0.2,0.3,.667,1.2,0.1,0.0,0.2,0.3,0.8,1.2
5,2,18,124,2.9,7.4,.391,2.9,4.8,.600,0.0,2.6,.000,1.3,1.9,.667,6.8,0.6,0.0,1.0,1.6,4.8,7.1
5,3,18,124,4.5,11.6,.391,4.5,7.5,.600,0.0,4.0,.000,2.0,3.0,.667,10.6,1.0,0.0,1.5,2.5,7.5,11.1,,85.8,103.2
5,4,18,124,5.3,.426,.391,.348,.261,21,3.7,16.2,9.9,3.2,0.0,2.8,16.2,13.1,,0.0,0.2,0.1,.042,,-6.3,-0.8,-7.0
6,0,36,716,86,238,.361,28,69,.406,58,169,.343,31,43,.721,18,85,103,32,24,1,26,73,261
6,1,36,19.9,2.4,6.6,.361,0.8,1.9,.406,1.6,4.7,.343,0.9,1.2,.721,2.9,0.9,0.7,0.0,0.7,2.0,7.3
6,2,36,716,4.8,13.3,.361,1.6,3.9,.406,3.2,9.4,.343,1.7,2.4,.721,5.8,1.8,1.3,0.1,1.5,4.1,14.6
6,3,36,716,7.5,20.7,.361,2.4,6.0,.406,5.0,14.7,.343,2.7,3.7,.721,9.0,2.8,2.1,0.1,2.3,6.4,22.7,,108.4,101.0
6,4,36,716,13.8,.505,.483,.710,.181,237,2.9,14.1,8.4,10.0,2.1,0.2,9.1,20.9,,1.0,1.2,2.2,.124,,1.4,-1.4,0.0
7,0,36,1009,141,284,.496,141,279,.505,0,5,.000,76,134,.567,43,96,139,96,47,8,86,88,358
7,1,36,28.0,3.9,7.9,.496,3.9,7.8,.505,0.0,0.1,.000,2.1,3.7,.567,3.9,2.7,1.3,0.2,2.4,2.4,9.9
7,2,36,1009,5.6,11.3,.496,5.6,11.1,.505,0.0,0.2,.000,3.0,5.3,.567,5.5,3.8,1.9,0.3,3.4,3.5,14.2
7,3,36,1009,8.7,17.5,.496,8.7,17.2,.505,0.0,0.3,.000,4.7,8.3,.567,8.6,5.9,2.9,0.5,5.3,5.4,22.1,,98.9,100.1
7,4,36,1009,15.7,.515,.496,.018,.472,369,4.9,11.3,8.0,22.2,2.9,0.9,19.8,22.6,,0.7,1.7,2.5,.098,,-1.1,1.3,0.2
8,0,36,1155,149,284,.525,149,283,.527,0,1,.000,60,119,.504,93,160,253,32,27,81,54,87,358
8,1,36,32.1,4.1,7.9,.525,4.1,7.9,.527,0.0,0.0,.000,1.7,3.3,.504,7.0,0.9,0.8,2.3,1.5,2.4,9.9
8,2,36,1155,5.2,9.8,.525,5.2,9.8,.527,0.0,0.0,.000,2.1,4.1,.504,8.8,1.1,0.9,2.8,1.9,3.0,12.4
8,3,36,1155,8.0,15.3,.525,8.0,15.3,.527,0.0,0.1,.000,3.2,6.4,.504,13.6,1.7,1.5,4.4,2.9,4.7,19.3,,106.4,97.6
8,4,36,1155,18.2,.526,.525,.004,.419,351,9.2,16.4,12.8,6.3,1.5,8.1,13.7,17.9,,1.4,2.2,3.6,.126,,-1.6,4.7,3.1
9,0,17,24,2,7,.286,2,6,.333,0,1,.000,0,2,.000,0,1,1,2,0,0,2,5,4
9,1,17,1.4,0.1,0.4,.286,0.1,0.4,.333,0.0,0.1,.000,0.0,0.1,.000,0.1,0.1,0.0,0.0,0.1,0.3,0.2
9,2,17,24,3.3,11.7,.286,3.3,10.0,.333,0.0,1.7,.000,0.0,3.3,.000,1.7,3.3,0.0,0.0,3.3,8.3,6.7
9,3,17,24,5.2,18.2,.286,5.2,15.6,.333,0.0,2.6,.000,0.0,5.2,.000,2.6,5.2,0.0,0.0,5.2,13.0,10.4,,54.3,108.9
9,4,17,24,-7.3,.252,.286,.143,.286,4,0.0,4.9,2.4,17.2,0.0,0.0,20.1,21.8,,-0.1,0.0,-0.1,-.116,,-12.4,-4.9,-17.2
10,0,36,959,68,130,.523,68,129,.527,0,1,.000,23,60,.383,104,109,213,24,25,31,47,117,159
10,1,36,26.6,1.9,3.6,.523,1.9,3.6,.527,0.0,0.0,.000,0.6,1.7,.383,5.9,0.7,0.7,0.9,1.3,3.3,4.4
10,2,36,959,2.8,5.4,.523,2.8,5.4,.527,0.0,0.0,.000,1.0,2.5,.383,8.9,1.0,1.0,1.3,2.0,4.9,6.6
10,3,36,959,4.4,8.4,.523,4.4,8.4,.527,0.0,0.1,.000,1.5,3.9,.383,13.8,1.6,1.6,2.0,3.1,7.6,10.3,,99.4,100.3
10,4,36,959,11.2,.502,.523,.008,.462,191,12.4,13.5,12.9,5.0,1.6,3.7,22.9,11.3,,0.4,1.6,2.0,.085,,-2.1,3.1,1.0
