0,0,29,792,74,193,.383,42,83,.506,32,110,.291,45,64,.703,23,50,73,75,30,6,77,71,225
0,1,29,27.3,2.6,6.7,.383,1.4,2.9,.506,1.1,3.8,.291,1.6,2.2,.703,2.5,2.6,1.0,0.2,2.7,2.4,7.8
0,2,29,792,3.7,9.7,.383,2.1,4.2,.506,1.6,5.6,.291,2.3,3.2,.703,3.7,3.8,1.5,0.3,3.9,3.6,11.4
0,3,29,792,5.7,14.8,.383,3.2,6.4,.506,2.5,8.4,.291,3.4,4.9,.703,5.6,5.7,2.3,0.5,5.9,5.4,17.2,,91.7,111.0
0,4,29,792,10.2,.504,.466,.570,.332,229,3.1,7.6,5.2,19.2,2.3,0.9,25.6,18.9,,0.2,0.2,0.5,.023,,-1.1,-2.6,-3.8
1,0,30,720,105,275,.382,57,126,.452,48,149,.322,52,75,.693,16,64,80,39,25,11,41,84,310
1,1,30,24.0,3.5,9.2,.382,1.9,4.2,.452,1.6,5.0,.322,1.7,2.5,.693,2.7,1.3,0.8,0.4,1.4,2.8,10.3
1,2,30,720,5.8,15.3,.382,3.2,7.0,.452,2.7,8.3,.322,2.9,4.2,.693,4.4,2.2,1.4,0.6,2.3,4.7,17.2
1,3,30,720,8.9,23.2,.382,4.8,10.6,.452,4.0,12.6,.322,4.4,6.3,.693,6.7,3.3,2.1,0.9,3.5,7.1,26.1,,104.8,109.5
1,4,30,720,15.1,.499,.469,.542,.273,274,2.4,10.7,6.3,12.3,2.1,1.8,11.7,24.3,,1.3,0.3,1.6,.088,,1.2,-3.4,-2.2
2,0,18,368,34,83,.410,24,49,.490,10,34,.294,11,17,.647,13,14,27,20,10,2,21,39,89
2,1,18,20.4,1.9,4.6,.410,1.3,2.7,.490,0.6,1.9,.294,0.6,0.9,.647,1.5,1.1,0.6,0.1,1.2,2.2,4.9
2,2,18,368,3.7,9.0,.410,2.6,5.3,.490,1.1,3.7,.294,1.2,1.8,.647,2.9,2.2,1.1,0.2,2.3,4.2,9.7
2,3,18,368,5.6,13.7,.410,4.0,8.1,.490,1.6,5.6,.294,1.8,2.8,.647,4.5,3.3,1.6,0.3,3.5,6.4,14.7,,96.3,113.8
2,4,18,368,8.2,.489,.470,.410,.205,86,3.8,4.6,4.2,11.0,1.6,0.6,18.7,15.2,,0.2,0.0,0.2,.023,,-2.0,-3.4,-5.4
3,0,30,923,84,217,.387,63,125,.504,21,92,.228,57,93,.613,41,78,119,86,38,15,74,79,246
3,1,30,30.8,2.8,7.2,.387,2.1,4.2,.504,0.7,3.1,.228,1.9,3.1,.613,4.0,2.9,1.3,0.5,2.5,2.6,8.2
3,2,30,923,3.6,9.4,.387,2.7,5.4,.504,0.9,4.0,.228,2.5,4.0,.613,5.2,3.7,1.6,0.7,3.2,3.4,10.7
3,3,30,923,5.5,14.3,.387,4.1,8.2,.504,1.4,6.1,.228,3.7,6.1,.613,7.8,5.7,2.5,1.0,4.9,5.2,16.2,,93.3,109.0
3,4,30,923,11.8,.471,.435,.424,.429,261,4.7,10.2,7.3,18.8,2.5,1.9,22.1,18.1,,0.4,0.4,0.8,.036,,-1.0,-0.9,-1.9
4,0,23,208,17,52,.327,15,39,.385,2,13,.154,3,7,.429,11,33,44,6,8,5,8,21,39
4,1,23,9.0,0.7,2.3,.327,0.7,1.7,.385,0.1,0.6,.154,0.1,0.3,.429,1.9,0.3,0.3,0.2,0.3,0.9,1.7
4,2,23,208,3.3,10.0,.327,2.9,7.5,.385,0.4,2.5,.154,0.6,1.3,.429,8.5,1.2,1.5,1.0,1.5,4.0,7.5
4,3,23,208,5.0,15.2,.327,4.4,11.4,.385,0.6,3.8,.154,0.9,2.0,.429,12.8,1.8,2.3,1.5,2.3,6.1,11.4,,81.5,105.1
4,4,23,208,8.2,.352,.346,.250,.135,39,5.7,19.1,12.0,5.7,2.3,2.8,12.6,15.1,,-0.1,0.2,0.1,.015,,-5.9,-0.9,-6.8
5,0,12,56,2,8,.250,2,3,.667,0,5,.000,0,0,,0,4,4,2,0,0,2,6,4
5,1,12,4.7,0.2,0.7,.250,0.2,0.3,.667,0.0,0.4,.000,0.0,0.0,,0.3,0.2,0.0,0.0,0.2,0.5,0.3
5,2,12,56,1.4,5.7,.250,1.4,2.1,.667,0.0,3.6,.000,0.0,0.0,,2.9,1.4,0.0,0.0,1.4,4.3,2.9
5,3,12,56,2.2,8.7,.250,2.2,3.3,.667,0.0,5.4,.000,0.0,0.0,,4.3,2.2,0.0,0.0,2.2,6.5,4.3,,56.5,116.1
5,4,12,56,-2.3,.250,.250,.625,.000,4,0.0,8.6,4.0,6.5,0.0,0.0,20.0,8.9,,-0.1,0.0,-0.1,-.061,,-7.5,-4.3,-11.8
6,0,30,869,155,356,.435,142,317,.448,13,39,.333,67,110,.609,102,151,253,25,11,29,60,67,390
6,1,30,29.0,5.2,11.9,.435,4.7,10.6,.448,0.4,1.3,.333,2.2,3.7,.609,8.4,0.8,0.4,1.0,2.0,2.2,13.0
6,2,30,869,7.1,16.4,.435,6.5,14.6,.448,0.6,1.8,.333,3.1,5.1,.609,11.6,1.2,0.5,1.3,2.8,3.1,18.0
6,3,30,869,10.8,24.9,.435,9.9,22.1,.448,0.9,2.7,.333,4.7,7.7,.609,17.7,1.7,0.8,2.0,4.2,4.7,27.2,,100.8,107.4
6,4,30,869,19.5,.478,.454,.110,.309,367,12.5,20.9,16.5,7.0,0.8,3.9,12.8,26.8,,1.3,0.5,1.9,.086,,-1.8,-2.6,-4.4
7,0,29,765,80,195,.410,79,185,.427,1,10,.100,77,112,.688,50,76,126,88,55,3,53,89,238
7,1,29,26.4,2.8,6.7,.410,2.7,6.4,.427,0.0,0.3,.100,2.7,3.9,.688,4.3,3.0,1.9,0.1,1.8,3.1,8.2
7,2,29,765,4.2,10.2,.410,4.1,9.7,.427,0.1,0.5,.100,4.0,5.9,.688,6.6,4.6,2.9,0.2,2.8,4.7,12.4
7,3,29,765,6.3,15.5,.410,6.3,14.7,.427,0.1,0.8,.100,6.1,8.9,.688,10.0,7.0,4.4,0.2,4.2,7.1,18.9,,103.3,104.6
7,4,29,765,17.4,.479,.413,.051,.574,263,7.0,12.0,9.3,23.9,4.4,0.5,17.6,19.6,,1.1,0.7,1.8,.095,,0.4,0.3,0.7
8,0,30,748,94,168,.560,92,160,.575,2,8,.250,29,47,.617,72,100,172,22,27,57,34,70,219
8,1,30,24.9,3.1,5.6,.560,3.1,5.3,.575,0.1,0.3,.250,1.0,1.6,.617,5.7,0.7,0.9,1.9,1.1,2.3,7.3
8,2,30,748,5.0,9.0,.560,4.9,8.6,.575,0.1,0.4,.250,1.6,2.5,.617,9.2,1.2,1.4,3.0,1.8,3.7,11.7
8,3,30,748,7.6,13.6,.560,7.5,13.0,.575,0.2,0.6,.250,2.4,3.8,.617,14.0,1.8,2.2,4.6,2.8,5.7,17.8,,113.8,103.8
8,4,30,748,20.2,.575,.565,.048,.280,209,10.3,16.1,13.0,6.4,2.2,8.8,15.2,14.9,,1.4,0.7,2.1,.113,,-0.2,3.3,3.1
9,0,4,7,0,0,,0,0,,0,0,,0,0,,0,0,0,0,0,0,0,1,0
9,1,4,1.8,0.0,0.0,,0.0,0.0,,0.0,0.0,,0.0,0.0,,0.0,0.0,0.0,0.0,0.0,0.3,0.0
9,2,4,7,0.0,0.0,,0.0,0.0,,0.0,0.0,,0.0,0.0,,0.0,0.0,0.0,0.0,0.0,5.7,0.0
9,3,4,7,0.0,0.0,,0.0,0.0,,0.0,0.0,,0.0,0.0,,0.0,0.0,0.0,0.0,0.0,8.7,0.0,,,119.5
9,4,4,7,-2.6,,,,,0,0.0,0.0,0.0,0.0,0.0,0.0,,0.0,,0.0,0.0,0.0,-.022,,-6.2,-2.2,-8.4
10,0,28,569,62,180,.344,53,134,.396,9,46,.196,54,73,.740,54,60,114,13,11,13,29,50,187
10,1,28,20.3,2.2,6.4,.344,1.9,4.8,.396,0.3,1.6,.196,1.9,2.6,.740,4.1,0.5,0.4,0.5,1.0,1.8,6.7
10,2,28,569,4.4,12.7,.344,3.7,9.4,.396,0.6,3.2,.196,3.8,5.1,.740,8.0,0.9,0.8,0.9,2.0,3.5,13.1
10,3,28,569,6.6,19.2,.344,5.7,14.3,.396,1.0,4.9,.196,5.8,7.8,.740,12.2,1.4,1.2,1.4,3.1,5.3,20.0,,98.2,110.5
10,4,28,569,12.9,.436,.369,.256,.406,185,10.1,12.7,11.3,4.8,1.2,2.6,11.9,21.3,,0.5,0.2,0.7,.051,,-2.8,-3.3,-6.1
