0,0,36,730,103,237,.435,57,123,.463,46,114,.404,36,52,.692,20,69,89,42,38,17,39,82,288
0,1,36,20.3,2.9,6.6,.435,1.6,3.4,.463,1.3,3.2,.404,1.0,1.4,.692,2.5,1.2,1.1,0.5,1.1,2.3,8.0
0,2,36,730,5.6,13.0,.435,3.1,6.7,.463,2.5,6.2,.404,2.0,2.8,.692,4.9,2.3,2.1,0.9,2.1,4.5,15.8
0,3,36,730,8.7,20.0,.435,4.8,10.4,.463,3.9,9.6,.404,3.0,4.4,.692,7.5,3.5,3.2,1.4,3.3,6.9,24.3,,111.7,93.7
0,4,36,730,18.0,.550,.532,.481,.219,253,2.8,11.0,6.7,13.3,3.2,2.9,13.0,20.6,,1.6,1.5,3.0,.166,,2.4,1.5,3.9
1,0,35,1103,186,457,.407,135,298,.453,51,159,.321,115,182,.632,65,148,213,107,74,12,112,96,538
1,1,35,31.5,5.3,13.1,.407,3.9,8.5,.453,1.5,4.5,.321,3.3,5.2,.632,6.1,3.1,2.1,0.3,3.2,2.7,15.4
1,2,35,1103,6.7,16.6,.407,4.9,10.8,.453,1.8,5.8,.321,4.2,6.6,.632,7.7,3.9,2.7,0.4,4.1,3.5,19.5
1,3,35,1103,10.4,25.5,.407,7.5,16.6,.453,2.8,8.9,.321,6.4,10.1,.632,11.9,6.0,4.1,0.7,6.2,5.3,30.0,,100.2,90.4
1,4,35,1103,21.1,.495,.463,.348,.398,519,6.1,15.7,10.6,23.9,4.1,1.3,17.1,29.7,,1.8,2.6,4.3,.157,,3.3,2.5,5.7
2,0,36,1043,142,320,.444,142,320,.444,0,0,,95,161,.590,152,210,362,33,25,46,67,119,379
2,1,36,29.0,3.9,8.9,.444,3.9,8.9,.444,0.0,0.0,,2.6,4.5,.590,10.1,0.9,0.7,1.3,1.9,3.3,10.5
2,2,36,1043,5.4,12.3,.444,5.4,12.3,.444,0.0,0.0,,3.6,6.2,.590,13.9,1.3,1.0,1.8,2.6,4.6,14.5
2,3,36,1043,8.4,18.9,.444,8.4,18.9,.444,0.0,0.0,,5.6,9.5,.590,21.3,1.9,1.5,2.7,3.9,7.0,22.3,,102.7,90.7
2,4,36,1043,20.1,.478,.444,.000,.503,386,15.2,23.5,19.1,7.2,1.5,5.4,14.5,22.2,,1.6,2.4,4.0,.152,,-1.3,2.7,1.4
3,0,36,855,53,148,.358,45,114,.395,8,34,.235,40,64,.625,19,63,82,86,32,0,58,55,154
3,1,36,23.8,1.5,4.1,.358,1.3,3.2,.395,0.2,0.9,.235,1.1,1.8,.625,2.3,2.4,0.9,0.0,1.6,1.5,4.3
3,2,36,855,2.5,6.9,.358,2.1,5.3,.395,0.4,1.6,.235,1.9,3.0,.625,3.8,4.0,1.5,0.0,2.7,2.6,7.2
3,3,36,855,3.8,10.6,.358,3.2,8.2,.395,0.6,2.4,.235,2.9,4.6,.625,5.9,6.2,2.3,0.0,4.2,4.0,11.1,,88.5,98.4
3,4,36,855,8.1,.432,.385,.230,.432,178,2.3,8.6,5.3,19.6,2.3,0.0,24.5,13.8,,0.0,1.3,1.3,.061,,-3.2,0.3,-2.9
4,0,27,764,73,187,.390,43,98,.439,30,89,.337,35,57,.614,42,58,100,54,33,10,41,65,211
4,1,27,28.3,2.7,6.9,.390,1.6,3.6,.439,1.1,3.3,.337,1.3,2.1,.614,3.7,2.0,1.2,0.4,1.5,2.4,7.8
4,2,27,764,3.8,9.8,.390,2.3,5.1,.439,1.6,4.7,.337,1.8,3.0,.614,5.2,2.8,1.7,0.5,2.1,3.4,11.0
4,3,27,764,5.9,15.0,.390,3.5,7.9,.439,2.4,7.2,.337,2.8,4.6,.614,8.0,4.3,2.7,0.8,3.3,5.2,17.0,,104.2,96.6
4,4,27,764,13.6,.493,.471,.476,.305,213,5.7,8.9,7.2,14.8,2.7,1.6,16.1,16.7,,0.9,1.3,2.3,.118,,1.1,1.5,2.6
5,0,30,840,91,247,.368,48,94,.511,43,153,.281,31,50,.620,15,71,86,70,46,6,43,38,256
5,1,30,28.0,3.0,8.2,.368,1.6,3.1,.511,1.4,5.1,.281,1.0,1.7,.620,2.9,2.3,1.5,0.2,1.4,1.3,8.5
5,2,30,840,4.3,11.8,.368,2.3,4.5,.511,2.0,7.3,.281,1.5,2.4,.620,4.1,3.3,2.2,0.3,2.0,1.8,12.2
5,3,30,840,6.7,18.1,.368,3.5,6.9,.511,3.1,11.2,.281,2.3,3.7,.620,6.3,5.1,3.4,0.4,3.1,2.8,18.7,,102.1,95.2
5,4,30,840,14.1,.473,.455,.619,.202,246,1.9,9.9,5.6,17.9,3.4,0.9,13.7,18.7,,1.0,1.6,2.5,.120,,1.3,0.8,2.1
6,0,33,267,23,66,.348,15,28,.536,8,38,.211,15,25,.600,22,19,41,18,14,9,19,32,69
6,1,33,8.1,0.7,2.0,.348,0.5,0.8,.536,0.2,1.2,.211,0.5,0.8,.600,1.2,0.5,0.4,0.3,0.6,1.0,2.1
6,2,33,267,3.4,9.9,.348,2.2,4.2,.536,1.2,5.7,.211,2.2,3.7,.600,6.1,2.7,2.1,1.3,2.8,4.8,10.3
6,3,33,267,5.3,15.2,.348,3.5,6.4,.536,1.8,8.7,.211,3.5,5.8,.600,9.4,4.1,3.2,2.1,4.4,7.4,15.9,,93.8,94.3
6,4,33,267,12.6,.443,.409,.576,.379,74,8.6,8.3,8.4,13.8,3.2,4.2,19.6,18.1,,0.1,0.5,0.6,.096,,-0.6,2.5,1.8
7,0,19,112,8,23,.348,7,17,.412,1,6,.167,4,5,.800,3,8,11,3,4,4,9,12,21
7,1,19,5.9,0.4,1.2,.348,0.4,0.9,.412,0.1,0.3,.167,0.2,0.3,.800,0.6,0.2,0.2,0.2,0.5,0.6,1.1
7,2,19,112,2.9,8.2,.348,2.5,6.1,.412,0.4,2.1,.167,1.4,1.8,.800,3.9,1.1,1.4,1.4,3.2,4.3,7.5
7,3,19,112,4.4,12.6,.348,3.8,9.3,.412,0.5,3.3,.167,2.2,2.7,.800,6.0,1.6,2.2,2.2,4.9,6.6,11.5,,73.8,96.5
7,4,19,112,4.8,.414,.370,.261,.217,20,2.8,8.3,5.4,5.3,2.2,4.4,26.2,15.3,,-0.1,0.2,0.1,.025,,-6.6,2.1,-4.5
8,0,7,32,0,3,.000,0,1,.000,0,2,.000,0,0,,3,4,7,1,0,0,2,2,0
8,1,7,4.6,0.0,0.4,.000,0.0,0.1,.000,0.0,0.3,.000,0.0,0.0,,1.0,0.1,0.0,0.0,0.3,0.3,0.0
8,2,7,32,0.0,3.8,.000,0.0,1.3,.000,0.0,2.5,.000,0.0,0.0,,8.8,1.3,0.0,0.0,2.5,2.5,0.0
8,3,7,32,0.0,5.8,.000,0.0,1.9,.000,0.0,3.8,.000,0.0,0.0,,13.4,1.9,0.0,0.0,3.8,3.8,0.0,,37.0,100.8
8,4,7,32,-1.4,.000,.000,.667,.000,2,9.8,14.6,12.0,5.4,0.0,0.0,40.0,7.8,,-0.1,0.0,0.0,-.035,,-8.1,-0.1,-8.2
9,0,28,240,24,56,.429,24,56,.429,0,0,,11,26,.423,25,37,62,5,8,3,21,30,59
9,1,28,8.6,0.9,2.0,.429,0.9,2.0,.429,0.0,0.0,,0.4,0.9,.423,2.2,0.2,0.3,0.1,0.8,1.1,2.1
9,2,28,240,4.0,9.3,.429,4.0,9.3,.429,0.0,0.0,,1.8,4.3,.423,10.3,0.8,1.3,0.5,3.5,5.0,9.8
9,3,28,240,6.1,14.3,.429,6.1,14.3,.429,0.0,0.0,,2.8,6.7,.423,15.9,1.3,2.0,0.8,5.4,7.7,15.1,,81.4,93.6
9,4,28,240,9.5,.432,.429,.000,.464,60,10.8,18.0,14.2,4.4,2.0,1.5,23.5,18.6,,-0.2,0.5,0.3,.053,,-6.0,0.1,-5.8
10,0,8,18,0,2,.000,0,1,.000,0,1,.000,0,0,,1,3,4,1,0,0,1,2,0
10,1,8,2.3,0.0,0.3,.000,0.0,0.1,.000,0.0,0.1,.000,0.0,0.0,,0.5,0.1,0.0,0.0,0.1,0.3,0.0
10,2,8,18,0.0,4.4,.000,0.0,2.2,.000,0.0,2.2,.000,0.0,0.0,,8.9,2.2,0.0,0.0,2.2,4.4,0.0
10,3,8,18,0.0,6.8,.000,0.0,3.4,.000,0.0,3.4,.000,0.0,0.0,,13.7,3.4,0.0,0.0,3.4,6.8,0.0,,33.9,98.3
10,4,8,18,-2.4,.000,.000,.500,.000,1,5.8,19.4,12.2,9.7,0.0,0.0,33.3,8.3,,0.0,0.0,0.0,-.031,,-9.2,0.2,-9.0
11,0,27,464,49,98,.500,45,88,.511,4,10,.400,14,26,.538,47,57,104,14,18,22,28,57,116
11,1,27,17.2,1.8,3.6,.500,1.7,3.3,.511,0.1,0.4,.400,0.5,1.0,.538,3.9,0.5,0.7,0.8,1.0,2.1,4.3
11,2,27,464,4.2,8.4,.500,3.9,7.6,.511,0.3,0.9,.400,1.2,2.2,.538,9.0,1.2,1.6,1.9,2.4,4.9,10.0
11,3,27,464,6.5,13.0,.500,6.0,11.7,.511,0.5,1.3,.400,1.9,3.4,.538,13.8,1.9,2.4,2.9,3.7,7.6,15.4,,100.9,92.6
11,4,27,464,15.2,.526,.520,.102,.265,116,10.5,14.3,12.3,6.4,2.4,5.8,20.2,14.9,,0.4,1.0,1.4,.120,,-1.5,4.0,2.5
12,0,33,881,92,238,.387,76,197,.386,16,41,.390,77,118,.653,77,95,172,22,24,36,51,71,277
12,1,33,26.7,2.8,7.2,.387,2.3,6.0,.386,0.5,1.2,.390,2.3,3.6,.653,5.2,0.7,0.7,1.1,1.5,2.2,8.4
12,2,33,881,4.2,10.8,.387,3.5,8.9,.386,0.7,1.9,.390,3.5,5.4,.653,7.8,1.0,1.1,1.6,2.3,3.2,12.6
12,3,33,881,6.4,16.6,.387,5.3,13.7,.386,1.1,2.9,.390,5.4,8.2,.653,12.0,1.5,1.7,2.5,3.6,5.0,19.3,,99.7,95.6
12,4,33,881,14.6,.471,.420,.172,.496,269,9.1,12.6,10.7,5.3,1.7,5.0,14.8,19.6,,0.9,1.6,2.5,.113,,-1.9,2.1,0.2
