0,0,35,1106,190,371,.512,185,353,.524,5,18,.278,159,211,.754,117,211,328,42,19,47,71,103,544
0,1,35,31.6,5.4,10.6,.512,5.3,10.1,.524,0.1,0.5,.278,4.5,6.0,.754,9.4,1.2,0.5,1.3,2.0,2.9,15.5
0,2,35,1106,6.9,13.4,.512,6.7,12.8,.524,0.2,0.7,.278,5.8,7.6,.754,11.9,1.5,0.7,1.7,2.6,3.7,19.7
0,3,35,1106,10.3,20.2,.512,10.1,19.2,.524,0.3,1.0,.278,8.7,11.5,.754,17.8,2.3,1.0,2.6,3.9,5.6,29.6,,118.8,97.9
0,4,35,1106,26.0,.577,.519,.049,.569,531,13.1,21.9,17.7,8.3,1.0,4.2,13.1,25.1,,4.0,1.7,5.7,.207,,2.6,-0.1,2.5
1,0,35,847,77,179,.430,69,145,.476,8,34,.235,51,68,.750,39,93,132,87,43,4,75,91,213
1,1,35,24.2,2.2,5.1,.430,2.0,4.1,.476,0.2,1.0,.235,1.5,1.9,.750,3.8,2.5,1.2,0.1,2.1,2.6,6.1
1,2,35,847,3.6,8.5,.430,3.3,6.8,.476,0.4,1.6,.235,2.4,3.2,.750,6.2,4.1,2.0,0.2,3.5,4.3,10.1
1,3,35,847,5.5,12.7,.430,4.9,10.3,.476,0.6,2.4,.235,3.6,4.8,.750,9.4,6.2,3.1,0.3,5.3,6.5,15.1,,95.8,99.4
1,4,35,847,12.5,.504,.453,.190,.380,245,5.7,12.6,9.3,19.0,3.1,0.5,26.2,17.3,,0.6,1.2,1.7,.082,,-0.6,0.8,0.2
2,0,3,30,4,6,.667,4,6,.667,0,0,,2,6,.333,3,6,9,3,1,0,5,3,10
2,1,3,10.0,1.3,2.0,.667,1.3,2.0,.667,0.0,0.0,,0.7,2.0,.333,3.0,1.0,0.3,0.0,1.7,1.0,3.3
2,2,3,30,5.3,8.0,.667,5.3,8.0,.667,0.0,0.0,,2.7,8.0,.333,12.0,4.0,1.3,0.0,6.7,4.0,13.3
2,3,3,30,8.0,12.0,.667,8.0,12.0,.667,0.0,0.0,,4.0,12.0,.333,18.1,6.0,2.0,0.0,10.0,6.0,20.1,,85.4,97.6
2,4,3,30,14.5,.565,.667,.000,1.000,11,12.4,22.9,17.9,20.1,2.0,0.0,36.1,23.6,,0.0,0.0,0.0,.047,,-2.9,-0.2,-3.1
3,0,31,451,29,58,.500,29,58,.500,0,0,,17,30,.567,28,47,75,13,8,10,28,70,75
3,1,31,14.5,0.9,1.9,.500,0.9,1.9,.500,0.0,0.0,,0.5,1.0,.567,2.4,0.4,0.3,0.3,0.9,2.3,2.4
3,2,31,451,2.6,5.1,.500,2.6,5.1,.500,0.0,0.0,,1.5,2.7,.567,6.7,1.2,0.7,0.9,2.5,6.2,6.7
3,3,31,451,3.9,7.7,.500,3.9,7.7,.500,0.0,0.0,,2.3,4.0,.567,10.0,1.7,1.1,1.3,3.7,9.3,10.0,,92.3,102.9
3,4,31,451,6.9,.519,.500,.000,.517,83,7.7,11.9,9.9,5.1,1.1,2.2,27.9,11.4,,0.1,0.5,0.6,.051,,-2.6,0.1,-2.6
4,0,33,1082,199,399,.499,191,363,.526,8,36,.222,69,97,.711,57,110,167,64,40,44,70,60,475
4,1,33,32.8,6.0,12.1,.499,5.8,11.0,.526,0.2,1.1,.222,2.1,2.9,.711,5.1,1.9,1.2,1.3,2.1,1.8,14.4
4,2,33,1082,7.4,14.8,.499,7.1,13.4,.526,0.3,1.3,.222,2.6,3.6,.711,6.2,2.4,1.5,1.6,2.6,2.2,17.6
4,3,33,1082,11.1,22.2,.499,10.6,20.2,.526,0.4,2.0,.222,3.8,5.4,.711,9.3,3.6,2.2,2.4,3.9,3.3,26.4,,108.1,100.0
4,4,33,1082,21.1,.534,.509,.090,.243,449,6.5,11.7,9.2,13.2,2.2,4.0,13.6,24.3,,2.4,1.5,3.9,.143,,1.2,1.0,2.1
5,0,35,829,38,111,.342,14,48,.292,24,63,.381,46,54,.852,6,55,61,91,27,0,55,51,146
5,1,35,23.7,1.1,3.2,.342,0.4,1.4,.292,0.7,1.8,.381,1.3,1.5,.852,1.7,2.6,0.8,0.0,1.6,1.5,4.2
5,2,35,829,1.8,5.4,.342,0.7,2.3,.292,1.2,3.0,.381,2.2,2.6,.852,2.9,4.4,1.3,0.0,2.7,2.5,7.0
5,3,35,829,2.8,8.1,.342,1.0,3.5,.292,1.7,4.6,.381,3.3,3.9,.852,4.4,6.6,2.0,0.0,4.0,3.7,10.6,,100.2,104.5
5,4,35,829,8.9,.534,.450,.568,.486,174,0.9,7.6,4.4,18.8,2.0,0.0,28.7,11.8,,0.6,0.8,1.3,.065,,-0.5,-1.6,-2.1
6,0,11,73,10,23,.435,10,23,.435,0,0,,4,7,.571,6,10,16,0,1,2,4,11,24
6,1,11,6.6,0.9,2.1,.435,0.9,2.1,.435,0.0,0.0,,0.4,0.6,.571,1.5,0.0,0.1,0.2,0.4,1.0,2.2
6,2,11,73,5.5,12.6,.435,5.5,12.6,.435,0.0,0.0,,2.2,3.8,.571,8.8,0.0,0.5,1.1,2.2,6.0,13.2
6,3,11,73,8.2,19.0,.435,8.2,19.0,.435,0.0,0.0,,3.3,5.8,.571,13.2,0.0,0.8,1.6,3.3,9.1,19.8,,94.4,101.5
6,4,11,73,11.3,.456,.435,.000,.304,23,10.2,15.7,13.1,0.0,0.8,2.7,13.2,21.2,,0.0,0.1,0.1,.070,,-6.3,-5.7,-12.1
7,0,20,138,6,27,.222,3,11,.273,3,16,.188,4,4,1.000,1,14,15,9,5,0,10,17,19
7,1,20,6.9,0.3,1.4,.222,0.2,0.6,.273,0.2,0.8,.188,0.2,0.2,1.000,0.8,0.5,0.3,0.0,0.5,0.9,1.0
7,2,20,138,1.7,7.8,.222,0.9,3.2,.273,0.9,4.6,.188,1.2,1.2,1.000,4.3,2.6,1.4,0.0,2.9,4.9,5.5
7,3,20,138,2.6,11.8,.222,1.3,4.8,.273,1.3,7.0,.188,1.7,1.7,1.000,6.5,3.9,2.2,0.0,4.4,7.4,8.3,,68.0,101.9
7,4,20,138,1.5,.329,.278,.593,.148,22,0.9,11.6,6.5,11.1,2.2,0.0,25.7,14.4,,-0.2,0.2,0.0,-.010,,-5.4,-1.3,-6.7
8,0,34,658,26,62,.419,5,8,.625,21,54,.389,12,15,.800,4,37,41,46,12,3,27,40,85
8,1,34,19.4,0.8,1.8,.419,0.1,0.2,.625,0.6,1.6,.389,0.4,0.4,.800,1.2,1.4,0.4,0.1,0.8,1.2,2.5
8,2,34,658,1.6,3.8,.419,0.3,0.5,.625,1.3,3.3,.389,0.7,0.9,.800,2.5,2.8,0.7,0.2,1.6,2.4,5.2
8,3,34,658,2.4,5.7,.419,0.5,0.7,.625,1.9,4.9,.389,1.1,1.4,.800,3.7,4.2,1.1,0.3,2.5,3.7,7.8,,108.1,106.7
8,4,34,658,6.8,.615,.589,.871,.242,94,0.8,6.4,3.7,11.8,1.1,0.4,28.1,7.5,,0.5,0.5,1.0,.058,,0.1,-1.7,-1.7
9,0,35,1277,222,507,.438,126,264,.477,96,243,.395,122,154,.792,24,121,145,55,41,6,69,69,662
9,1,35,36.5,6.3,14.5,.438,3.6,7.5,.477,2.7,6.9,.395,3.5,4.4,.792,4.1,1.6,1.2,0.2,2.0,2.0,18.9
9,2,35,1277,7.0,15.9,.438,3.9,8.3,.477,3.0,7.6,.395,3.8,4.8,.792,4.5,1.7,1.3,0.2,2.2,2.2,20.7
9,3,35,1277,10.5,23.9,.438,5.9,12.4,.477,4.5,11.5,.395,5.7,7.3,.792,6.8,2.6,1.9,0.3,3.3,3.3,31.2,,116.9,103.0
9,4,35,1277,21.0,.571,.533,.479,.304,577,2.3,10.9,6.8,9.4,1.9,0.5,10.6,26.0,,4.2,1.3,5.5,.172,,4.5,-2.7,1.8
10,0,3,8,2,4,.500,2,2,1.000,0,2,.000,1,1,1.000,0,1,1,1,1,0,0,0,5
10,1,3,2.7,0.7,1.3,.500,0.7,0.7,1.000,0.0,0.7,.000,0.3,0.3,1.000,0.3,0.3,0.3,0.0,0.0,0.0,1.7
10,2,3,8,10.0,20.0,.500,10.0,10.0,1.000,0.0,10.0,.000,5.0,5.0,1.000,5.0,5.0,5.0,0.0,0.0,0.0,25.0
10,3,3,8,15.0,30.1,.500,15.0,15.0,1.000,0.0,15.0,.000,7.5,7.5,1.000,7.5,7.5,7.5,0.0,0.0,0.0,37.6,,135.1,89.7
10,4,3,8,38.8,.559,.500,.500,.250,5,0.0,14.3,7.5,32.8,7.5,0.0,0.0,28.6,,0.0,0.0,0.1,.330,,11.6,0.8,12.4
11,0,23,548,87,183,.475,87,182,.478,0,1,.000,52,83,.627,64,83,147,31,20,17,62,60,226
11,1,23,23.8,3.8,8.0,.475,3.8,7.9,.478,0.0,0.0,.000,2.3,3.6,.627,6.4,1.3,0.9,0.7,2.7,2.6,9.8
11,2,23,548,6.4,13.4,.475,6.4,13.3,.478,0.0,0.1,.000,3.8,6.1,.627,10.7,2.3,1.5,1.2,4.5,4.4,16.5
11,3,23,548,9.6,20.1,.475,9.6,20.0,.478,0.0,0.1,.000,5.7,9.1,.627,16.1,3.4,2.2,1.9,6.8,6.6,24.8,,96.6,97.8
11,4,23,548,18.6,.508,.475,.005,.454,235,14.5,17.4,16.0,12.0,2.2,3.0,21.8,26.5,,0.6,0.9,1.4,.105,,-1.2,0.6,-0.6
12,0,2,8,0,1,.000,0,1,.000,0,0,,0,0,,0,0,0,0,0,0,0,3,0
12,1,2,4.0,0.0,0.5,.000,0.0,0.5,.000,0.0,0.0,,0.0,0.0,,0.0,0.0,0.0,0.0,0.0,1.5,0.0
12,2,2,8,0.0,5.0,.000,0.0,5.0,.000,0.0,0.0,,0.0,0.0,,0.0,0.0,0.0,0.0,0.0,15.0,0.0
12,3,2,8,0.0,7.5,.000,0.0,7.5,.000,0.0,0.0,,0.0,0.0,,0.0,0.0,0.0,0.0,0.0,22.6,0.0,,0.0,110.3
12,4,2,8,-12.3,.000,.000,.000,.000,0,0.0,0.0,0.0,0.0,0.0,0.0,0.0,6.4,,0.0,0.0,0.0,-.066,,-8.5,-2.7,-11.2
