0,0,33,1070,174,378,.460,150,314,.478,24,64,.375,132,182,.725,77,152,229,83,36,6,77,98,504
0,1,33,32.4,5.3,11.5,.460,4.5,9.5,.478,0.7,1.9,.375,4.0,5.5,.725,6.9,2.5,1.1,0.2,2.3,3.0,15.3
0,2,33,1070,6.5,14.1,.460,5.6,11.7,.478,0.9,2.4,.375,4.9,6.8,.725,8.6,3.1,1.3,0.2,2.9,3.7,18.8
0,3,33,1070,9.9,21.6,.460,8.6,17.9,.478,1.4,3.7,.375,7.5,10.4,.725,13.1,4.7,2.1,0.3,4.4,5.6,28.8,,111.6,105.1
0,4,33,1070,21.2,.543,.492,.169,.481,509,8.8,16.4,12.7,16.8,2.1,0.6,14.2,26.5,,2.6,1.3,3.9,.146,,2.7,-0.8,1.9
1,0,18,106,10,22,.455,7,11,.636,3,11,.273,8,11,.727,4,21,25,3,3,6,8,23,31
1,1,18,5.9,0.6,1.2,.455,0.4,0.6,.636,0.2,0.6,.273,0.4,0.6,.727,1.4,0.2,0.2,0.3,0.4,1.3,1.7
1,2,18,106,3.8,8.3,.455,2.6,4.2,.636,1.1,4.2,.273,3.0,4.2,.727,9.4,1.1,1.1,2.3,3.0,8.7,11.7
1,3,18,106,5.8,12.7,.455,4.0,6.3,.636,1.7,6.3,.273,4.6,6.3,.727,14.4,1.7,1.7,3.5,4.6,13.3,17.9,,99.4,99.5
1,4,18,106,12.5,.569,.523,.500,.500,29,4.6,22.9,14.0,5.3,1.7,5.8,22.7,17.4,,0.1,0.2,0.2,.094,,-2.7,0.9,-1.8
2,0,32,579,66,99,.667,66,99,.667,0,0,,43,73,.589,59,84,143,9,11,36,37,107,175
2,1,32,18.1,2.1,3.1,.667,2.1,3.1,.667,0.0,0.0,,1.3,2.3,.589,4.5,0.3,0.3,1.1,1.2,3.3,5.5
2,2,32,579,4.6,6.8,.667,4.6,6.8,.667,0.0,0.0,,3.0,5.0,.589,9.9,0.6,0.8,2.5,2.6,7.4,12.1
2,3,32,579,7.0,10.4,.667,7.0,10.4,.667,0.0,0.0,,4.5,7.7,.589,15.1,0.9,1.2,3.8,3.9,11.3,18.5,,115.6,103.1
2,4,32,579,17.1,.655,.667,.000,.737,176,12.4,16.7,14.7,3.0,1.2,6.4,21.7,15.5,,1.0,0.8,1.9,.129,,-0.1,1.1,1.0
3,0,4,112,21,32,.656,17,26,.654,4,6,.667,30,38,.789,3,13,16,8,2,0,8,4,76
3,1,4,28.0,5.3,8.0,.656,4.3,6.5,.654,1.0,1.5,.667,7.5,9.5,.789,4.0,2.0,0.5,0.0,2.0,1.0,19.0
3,2,4,112,7.5,11.4,.656,6.1,9.3,.654,1.4,2.1,.667,10.7,13.6,.789,5.7,2.9,0.7,0.0,2.9,1.4,27.1
3,3,4,112,11.5,17.5,.656,9.3,14.2,.654,2.2,3.3,.667,16.4,20.7,.789,8.7,4.4,1.1,0.0,4.4,2.2,41.5,,142.2,109.2
3,4,4,112,33.4,.759,.719,.188,1.188,67,3.3,13.4,8.5,16.3,1.1,0.0,13.8,27.2,,0.7,0.1,0.8,.279,,8.2,-4.0,4.2
4,0,5,8,0,3,.000,0,2,.000,0,1,.000,3,4,.750,1,2,3,0,0,0,0,0,3
4,1,5,1.6,0.0,0.6,.000,0.0,0.4,.000,0.0,0.2,.000,0.6,0.8,.750,0.6,0.0,0.0,0.0,0.0,0.0,0.6
4,2,5,8,0.0,15.0,.000,0.0,10.0,.000,0.0,5.0,.000,15.0,20.0,.750,15.0,0.0,0.0,0.0,0.0,0.0,15.0
4,3,5,8,0.0,22.9,.000,0.0,15.3,.000,0.0,7.6,.000,22.9,30.5,.750,22.9,0.0,0.0,0.0,0.0,0.0,22.9,,90.4,105.3
4,4,5,8,11.8,.306,.000,.333,1.333,3,15.3,28.8,22.2,0.0,0.0,0.0,0.0,32.1,,0.0,0.0,0.0,.040,,-9.9,-13.7,-23.6
5,0,33,1151,273,547,.499,248,495,.501,25,52,.481,132,159,.830,42,150,192,49,28,53,72,67,703
5,1,33,34.9,8.3,16.6,.499,7.5,15.0,.501,0.8,1.6,.481,4.0,4.8,.830,5.8,1.5,0.8,1.6,2.2,2.0,21.3
5,2,33,1151,9.5,19.0,.499,8.6,17.2,.501,0.9,1.8,.481,4.6,5.5,.830,6.7,1.7,1.0,1.8,2.5,2.3,24.4
5,3,33,1151,14.5,29.0,.499,13.2,26.3,.501,1.3,2.8,.481,7.0,8.4,.830,10.2,2.6,1.5,2.8,3.8,3.6,37.3,,114.0,104.8
5,4,33,1151,26.1,.565,.522,.095,.291,621,4.5,15.0,9.9,11.0,1.5,4.7,10.4,31.6,,3.4,1.5,4.9,.171,,1.9,-0.7,1.2
6,0,15,200,18,44,.409,17,41,.415,1,3,.333,15,25,.600,9,25,34,7,8,11,14,43,52
6,1,15,13.3,1.2,2.9,.409,1.1,2.7,.415,0.1,0.2,.333,1.0,1.7,.600,2.3,0.5,0.5,0.7,0.9,2.9,3.5
6,2,15,200,3.6,8.8,.409,3.4,8.2,.415,0.2,0.6,.333,3.0,5.0,.600,6.8,1.4,1.6,2.2,2.8,8.6,10.4
6,3,15,200,5.5,13.4,.409,5.2,12.5,.415,0.3,0.9,.333,4.6,7.6,.600,10.4,2.1,2.4,3.4,4.3,13.1,15.9,,89.6,101.5
6,4,15,200,9.6,.465,.420,.068,.568,53,5.5,14.4,10.1,6.5,2.4,5.6,20.0,18.3,,0.0,0.3,0.3,.054,,-4.6,1.8,-2.8
7,0,31,820,45,134,.336,24,67,.358,21,67,.313,50,62,.806,15,44,59,95,25,0,45,44,161
7,1,31,26.5,1.5,4.3,.336,0.8,2.2,.358,0.7,2.2,.313,1.6,2.0,.806,1.9,3.1,0.8,0.0,1.5,1.4,5.2
7,2,31,820,2.2,6.5,.336,1.2,3.3,.358,1.0,3.3,.313,2.4,3.0,.806,2.9,4.6,1.2,0.0,2.2,2.1,7.9
7,3,31,820,3.4,10.0,.336,1.8,5.0,.358,1.6,5.0,.313,3.7,4.6,.806,4.4,7.1,1.9,0.0,3.4,3.3,12.0,,103.5,110.4
7,4,31,820,9.7,.493,.414,.500,.463,195,2.2,6.2,4.3,20.3,1.9,0.0,21.6,13.3,,0.6,0.6,1.2,.060,,-0.3,-2.1,-2.5
8,0,33,345,61,115,.530,61,115,.530,0,0,,24,33,.727,28,43,71,9,1,4,11,56,146
8,1,33,10.5,1.8,3.5,.530,1.8,3.5,.530,0.0,0.0,,0.7,1.0,.727,2.2,0.3,0.0,0.1,0.3,1.7,4.4
8,2,33,345,7.1,13.3,.530,7.1,13.3,.530,0.0,0.0,,2.8,3.8,.727,8.2,1.0,0.1,0.5,1.3,6.5,16.9
8,3,33,345,10.8,20.4,.530,10.8,20.4,.530,0.0,0.0,,4.3,5.8,.727,12.6,1.6,0.2,0.7,1.9,9.9,25.9,,119.3,109.3
8,4,33,345,17.9,.559,.530,.000,.287,136,9.9,14.4,12.2,5.8,0.2,1.2,7.8,21.5,,0.9,0.3,1.2,.138,,-0.2,-4.2,-4.3
9,0,10,58,6,13,.462,5,10,.500,1,3,.333,1,2,.500,3,5,8,14,2,0,7,5,14
9,1,10,5.8,0.6,1.3,.462,0.5,1.0,.500,0.1,0.3,.333,0.1,0.2,.500,0.8,1.4,0.2,0.0,0.7,0.5,1.4
9,2,10,58,4.1,9.0,.462,3.4,6.9,.500,0.7,2.1,.333,0.7,1.4,.500,5.5,9.7,1.4,0.0,4.8,3.4,9.7
9,3,10,58,6.3,13.7,.462,5.3,10.5,.500,1.1,3.2,.333,1.1,2.1,.500,8.4,14.7,2.1,0.0,7.4,5.3,14.7,,98.0,108.1
9,4,10,58,14.0,.502,.500,.231,.154,21,6.3,9.9,8.2,46.3,2.1,0.0,33.4,18.9,,0.0,0.1,0.1,.064,,-1.3,-3.6,-4.9
10,0,33,757,38,113,.336,19,56,.339,19,57,.333,28,50,.560,7,49,56,76,20,2,41,46,123
10,1,33,22.9,1.2,3.4,.336,0.6,1.7,.339,0.6,1.7,.333,0.8,1.5,.560,1.7,2.3,0.6,0.1,1.2,1.4,3.7
10,2,33,757,2.0,6.0,.336,1.0,3.0,.339,1.0,3.0,.333,1.5,2.6,.560,3.0,4.0,1.1,0.1,2.2,2.4,6.5
10,3,33,757,3.1,9.1,.336,1.5,4.5,.339,1.5,4.6,.333,2.3,4.0,.560,4.5,6.1,1.6,0.2,3.3,3.7,9.9,,92.5,110.2
10,4,33,757,6.9,.450,.420,.504,.442,147,1.1,7.5,4.4,17.5,1.6,0.3,23.1,12.3,,0.0,0.6,0.6,.032,,-2.0,-1.8,-3.9
11,0,32,328,27,87,.310,10,27,.370,17,60,.283,24,27,.889,11,28,39,6,9,1,12,28,95
11,1,32,10.3,0.8,2.7,.310,0.3,0.8,.370,0.5,1.9,.283,0.8,0.8,.889,1.2,0.2,0.3,0.0,0.4,0.9,3.0
11,2,32,328,3.3,10.6,.310,1.2,3.3,.370,2.1,7.3,.283,2.9,3.3,.889,4.8,0.7,1.1,0.1,1.5,3.4,11.6
11,3,32,328,5.0,16.2,.310,1.9,5.0,.370,3.2,11.2,.283,4.5,5.0,.889,7.3,1.1,1.7,0.2,2.2,5.2,17.7,,102.6,108.9
11,4,32,328,9.5,.476,.408,.690,.310,89,4.1,9.8,7.1,3.4,1.7,0.3,10.7,17.9,,0.3,0.3,0.6,.068,,-0.9,-3.7,-4.6
12,0,31,379,28,47,.596,28,46,.609,0,1,.000,7,26,.269,32,52,84,10,12,20,17,51,63
12,1,31,12.2,0.9,1.5,.596,0.9,1.5,.609,0.0,0.0,.000,0.2,0.8,.269,2.7,0.3,0.4,0.6,0.5,1.6,2.0
12,2,31,379,3.0,5.0,.596,3.0,4.9,.609,0.0,0.1,.000,0.7,2.7,.269,8.9,1.1,1.3,2.1,1.8,5.4,6.6
12,3,31,379,4.5,7.6,.596,4.5,7.4,.609,0.0,0.2,.000,1.1,4.2,.269,13.5,1.6,1.9,3.2,2.7,8.2,10.2,,102.1,102.7
12,4,31,379,12.0,.531,.596,.021,.553,73,10.3,15.8,13.1,4.8,1.9,5.4,22.3,10.6,,0.2,0.6,0.8,.081,,-1.8,2.4,0.6
13,0,32,737,64,172,.372,22,50,.440,42,122,.344,41,55,.745,14,72,86,29,15,8,24,72,211
13,1,32,23.0,2.0,5.4,.372,0.7,1.6,.440,1.3,3.8,.344,1.3,1.7,.745,2.7,0.9,0.5,0.3,0.8,2.3,6.6
13,2,32,737,3.5,9.3,.372,1.2,2.7,.440,2.3,6.6,.344,2.2,3.0,.745,4.7,1.6,0.8,0.4,1.3,3.9,11.5
13,3,32,737,5.3,14.3,.372,1.8,4.1,.440,3.5,10.1,.344,3.4,4.6,.745,7.1,2.4,1.2,0.7,2.0,6.0,17.5,,111.6,108.7
13,4,32,737,11.1,.532,.494,.709,.320,195,2.3,11.3,6.9,7.3,1.2,1.1,10.8,15.8,,1.0,0.7,1.7,.090,,1.1,-2.1,-1.0
