0,0,38,1044,128,298,.430,98,205,.478,30,93,.323,41,59,.695,31,81,112,167,89,0,102,107,327
0,1,38,27.5,3.4,7.8,.430,2.6,5.4,.478,0.8,2.4,.323,1.1,1.6,.695,2.9,4.4,2.3,0.0,2.7,2.8,8.6
0,2,38,1044,4.9,11.4,.430,3.8,7.9,.478,1.1,3.6,.323,1.6,2.3,.695,4.3,6.4,3.4,0.0,3.9,4.1,12.5
0,3,38,1044,7.2,16.7,.430,5.5,11.5,.478,1.7,5.2,.323,2.3,3.3,.695,6.3,9.4,5.0,0.0,5.7,6.0,18.3,,96.6,99.3
0,4,38,1044,15.9,.501,.480,.312,.198,375,3.4,9.7,6.4,32.1,5.0,0.0,23.8,20.7,,0.8,1.6,2.4,.090,,1.4,2.8,4.2
1,0,37,1023,195,416,.469,175,347,.504,20,69,.290,178,248,.718,88,159,247,56,42,12,88,95,588
1,1,37,27.6,5.3,11.2,.469,4.7,9.4,.504,0.5,1.9,.290,4.8,6.7,.718,6.7,1.5,1.1,0.3,2.4,2.6,15.9
1,2,37,1023,7.6,16.3,.469,6.8,13.6,.504,0.8,2.7,.290,7.0,9.7,.718,9.7,2.2,1.6,0.5,3.4,3.7,23.0
1,3,37,1023,11.2,23.8,.469,10.0,19.9,.504,1.1,3.9,.290,10.2,14.2,.718,14.1,3.2,2.4,0.7,5.0,5.4,33.6,,108.8,100.7
1,4,37,1023,24.6,.551,.493,.166,.596,559,9.8,19.5,14.4,12.7,2.4,1.4,14.2,30.7,,2.8,1.4,4.2,.165,,3.2,1.2,4.4
2,0,26,118,1,7,.143,1,5,.200,0,2,.000,2,5,.400,7,19,26,4,2,1,6,12,4
2,1,26,4.5,0.0,0.3,.143,0.0,0.2,.200,0.0,0.1,.000,0.1,0.2,.400,1.0,0.2,0.1,0.0,0.2,0.5,0.2
2,2,26,118,0.3,2.4,.143,0.3,1.7,.200,0.0,0.7,.000,0.7,1.7,.400,8.8,1.4,0.7,0.3,2.0,4.1,1.4
2,3,26,118,0.5,3.5,.143,0.5,2.5,.200,0.0,1.0,.000,1.0,2.5,.400,12.9,2.0,1.0,0.5,3.0,6.0,2.0,,61.3,103.8
2,4,26,118,2.5,.213,.143,.286,.714,9,6.8,20.2,13.2,5.5,1.0,1.0,39.0,6.6,,-0.1,0.1,0.0,.001,,-5.9,2.7,-3.3
3,0,17,249,48,117,.410,48,117,.410,0,0,,10,21,.476,17,42,59,8,6,5,12,27,106
3,1,17,14.6,2.8,6.9,.410,2.8,6.9,.410,0.0,0.0,,0.6,1.2,.476,3.5,0.5,0.4,0.3,0.7,1.6,6.2
3,2,17,249,7.7,18.8,.410,7.7,18.8,.410,0.0,0.0,,1.6,3.4,.476,9.5,1.3,1.0,0.8,1.9,4.3,17.0
3,3,17,249,11.3,27.5,.410,11.3,27.5,.410,0.0,0.0,,2.4,4.9,.476,13.9,1.9,1.4,1.2,2.8,6.3,24.9,,88.9,101.8
3,4,17,249,14.0,.417,.410,.000,.179,98,7.8,21.1,14.2,7.5,1.4,2.4,8.6,28.2,,0.0,0.3,0.3,.048,,-5.2,-0.4,-5.5
4,0,13,27,2,3,.667,2,2,1.000,0,1,.000,1,2,.500,1,5,6,2,0,0,3,1,5
4,1,13,2.1,0.2,0.2,.667,0.2,0.2,1.000,0.0,0.1,.000,0.1,0.2,.500,0.5,0.2,0.0,0.0,0.2,0.1,0.4
4,2,13,27,3.0,4.4,.667,3.0,3.0,1.000,0.0,1.5,.000,1.5,3.0,.500,8.9,3.0,0.0,0.0,4.4,1.5,7.4
4,3,13,27,4.3,6.5,.667,4.3,4.3,1.000,0.0,2.2,.000,2.2,4.3,.500,13.0,4.3,0.0,0.0,6.5,2.2,10.8,,83.2,105.6
4,4,13,27,7.8,.633,.667,.333,.667,6,4.2,23.2,13.3,13.5,0.0,0.0,43.2,13.0,,0.0,0.0,0.0,.018,,-4.5,0.2,-4.3
5,0,39,746,61,190,.321,40,111,.360,21,79,.266,42,57,.737,10,64,74,90,34,1,52,92,185
5,1,39,19.1,1.6,4.9,.321,1.0,2.8,.360,0.5,2.0,.266,1.1,1.5,.737,1.9,2.3,0.9,0.0,1.3,2.4,4.7
5,2,39,746,3.3,10.2,.321,2.1,6.0,.360,1.1,4.2,.266,2.3,3.1,.737,4.0,4.8,1.8,0.1,2.8,4.9,9.9
5,3,39,746,4.8,14.9,.321,3.1,8.7,.360,1.6,6.2,.266,3.3,4.5,.737,5.8,7.1,2.7,0.1,4.1,7.2,14.5,,89.8,104.0
5,4,39,746,8.9,.426,.376,.416,.300,210,1.5,10.8,5.9,22.4,2.7,0.2,19.3,18.2,,0.0,0.8,0.8,.043,,-1.8,0.8,-1.0
6,0,5,8,0,2,.000,0,1,.000,0,1,.000,1,2,.500,0,0,0,0,0,0,0,1,1
6,1,5,1.6,0.0,0.4,.000,0.0,0.2,.000,0.0,0.2,.000,0.2,0.4,.500,0.0,0.0,0.0,0.0,0.0,0.2,0.2
6,2,5,8,0.0,10.0,.000,0.0,5.0,.000,0.0,5.0,.000,5.0,10.0,.500,0.0,0.0,0.0,0.0,0.0,5.0,5.0
6,3,5,8,0.0,14.6,.000,0.0,7.3,.000,0.0,7.3,.000,7.3,14.6,.500,0.0,0.0,0.0,0.0,0.0,7.3,7.3,,43.8,114.3
6,4,5,8,-8.7,.169,.000,.500,1.000,1,0.0,0.0,0.0,0.0,0.0,0.0,0.0,18.6,,0.0,0.0,0.0,-.134,,-9.9,-4.8,-14.7
7,0,39,780,75,165,.455,64,132,.485,11,33,.333,37,53,.698,60,93,153,17,24,30,41,90,198
7,1,39,20.0,1.9,4.2,.455,1.6,3.4,.485,0.3,0.8,.333,0.9,1.4,.698,3.9,0.4,0.6,0.8,1.1,2.3,5.1
7,2,39,780,3.8,8.5,.455,3.3,6.8,.485,0.6,1.7,.333,1.9,2.7,.698,7.8,0.9,1.2,1.5,2.1,4.6,10.2
7,3,39,780,5.6,12.4,.455,4.8,9.9,.485,0.8,2.5,.333,2.8,4.0,.698,11.5,1.3,1.8,2.3,3.1,6.8,14.9,,101.3,102.3
7,4,39,780,12.7,.521,.488,.200,.321,200,8.8,14.9,11.7,4.2,1.8,4.5,17.7,15.0,,0.7,0.9,1.6,.083,,-1.2,3.4,2.2
8,0,12,51,3,9,.333,3,9,.333,0,0,,2,4,.500,3,6,9,2,1,3,5,7,8
8,1,12,4.3,0.3,0.8,.333,0.3,0.8,.333,0.0,0.0,,0.2,0.3,.500,0.8,0.2,0.1,0.3,0.4,0.6,0.7
8,2,12,51,2.4,7.1,.333,2.4,7.1,.333,0.0,0.0,,1.6,3.1,.500,7.1,1.6,0.8,2.4,3.9,5.5,6.3
8,3,12,51,3.4,10.3,.333,3.4,10.3,.333,0.0,0.0,,2.3,4.6,.500,10.3,2.3,1.1,3.4,5.7,8.0,9.2,,66.7,102.6
8,4,12,51,4.0,.367,.333,.000,.444,9,6.7,14.7,10.6,7.0,1.1,7.0,31.4,15.8,,-0.1,0.1,0.0,-.025,,-8.1,4.5,-3.5
9,0,39,1022,112,272,.412,60,122,.492,52,150,.347,44,53,.830,25,64,89,71,30,2,37,63,320
9,1,39,26.2,2.9,7.0,.412,1.5,3.1,.492,1.3,3.8,.347,1.1,1.4,.830,2.3,1.8,0.8,0.1,0.9,1.6,8.2
9,2,39,1022,4.4,10.6,.412,2.3,4.8,.492,2.0,5.9,.347,1.7,2.1,.830,3.5,2.8,1.2,0.1,1.4,2.5,12.5
9,3,39,1022,6.4,15.6,.412,3.4,7.0,.492,3.0,8.6,.347,2.5,3.0,.830,5.1,4.1,1.7,0.1,2.1,3.6,18.3,,112.0,107.5
9,4,39,1022,13.5,.538,.507,.551,.195,307,2.8,7.8,5.2,13.6,1.7,0.2,11.1,16.5,,1.8,0.7,2.5,.097,,2.5,0.0,2.6
10,0,39,1188,149,323,.461,94,185,.508,55,138,.399,104,122,.852,64,156,220,66,41,29,58,101,457
10,1,39,30.5,3.8,8.3,.461,2.4,4.7,.508,1.4,3.5,.399,2.7,3.1,.852,5.6,1.7,1.1,0.7,1.5,2.6,11.7
10,2,39,1188,5.0,10.9,.461,3.2,6.2,.508,1.9,4.6,.399,3.5,4.1,.852,7.4,2.2,1.4,1.0,2.0,3.4,15.4
10,3,39,1188,7.3,15.9,.461,4.6,9.1,.508,2.7,6.8,.399,5.1,6.0,.852,10.8,3.3,2.0,1.4,2.9,5.0,22.5,,119.4,102.1
10,4,39,1188,19.7,.600,.546,.427,.378,436,6.2,16.5,11.1,11.2,2.0,2.9,13.2,18.7,,3.1,1.5,4.6,.154,,4.2,2.9,7.1
11,0,39,1000,132,327,.404,75,156,.481,57,171,.333,47,61,.770,31,62,93,40,27,4,35,73,368
11,1,39,25.6,3.4,8.4,.404,1.9,4.0,.481,1.5,4.4,.333,1.2,1.6,.770,2.4,1.0,0.7,0.1,0.9,1.9,9.4
11,2,39,1000,5.3,13.1,.404,3.0,6.2,.481,2.3,6.8,.333,1.9,2.4,.770,3.7,1.6,1.1,0.2,1.4,2.9,14.7
11,3,39,1000,7.7,19.1,.404,4.4,9.1,.481,3.3,10.0,.333,2.8,3.6,.770,5.4,2.3,1.6,0.2,2.0,4.3,21.5,,107.3,107.7
11,4,39,1000,13.5,.517,.491,.523,.187,330,3.5,7.8,5.6,8.2,1.6,0.5,9.0,19.8,,1.6,0.7,2.3,.091,,2.0,-0.5,1.5
12,0,37,571,65,157,.414,38,89,.427,27,68,.397,11,17,.647,21,43,64,22,25,16,32,42,168
12,1,37,15.4,1.8,4.2,.414,1.0,2.4,.427,0.7,1.8,.397,0.3,0.5,.647,1.7,0.6,0.7,0.4,0.9,1.1,4.5
12,2,37,571,4.6,11.0,.414,2.7,6.2,.427,1.9,4.8,.397,0.8,1.2,.647,4.5,1.5,1.8,1.1,2.2,2.9,11.8
12,3,37,571,6.7,16.1,.414,3.9,9.1,.427,2.8,7.0,.397,1.1,1.7,.647,6.6,2.3,2.6,1.6,3.3,4.3,17.2,,96.2,103.5
12,4,37,571,12.2,.509,.500,.433,.108,154,4.2,9.4,6.7,7.6,2.6,3.3,16.2,17.4,,0.3,0.6,0.9,.066,,-0.6,2.5,1.9
