0,0,32,540,36,88,.409,23,48,.479,13,40,.325,8,13,.615,9,27,36,45,18,3,39,51,93
0,1,32,16.9,1.1,2.8,.409,0.7,1.5,.479,0.4,1.3,.325,0.3,0.4,.615,1.1,1.4,0.6,0.1,1.2,1.6,2.9
0,2,32,540,2.7,6.5,.409,1.7,3.6,.479,1.0,3.0,.325,0.6,1.0,.615,2.7,3.3,1.3,0.2,2.9,3.8,6.9
0,3,32,540,3.9,9.5,.409,2.5,5.2,.479,1.4,4.3,.325,0.9,1.4,.615,3.9,4.9,1.9,0.3,4.2,5.5,10.0,,87.0,107.5
0,4,32,540,6.1,.494,.483,.455,.148,102,1.9,5.5,3.7,14.4,1.9,0.5,29.3,12.1,,-0.1,0.3,0.3,.020,,-1.3,-0.7,-2.1
1,0,4,122,19,43,.442,14,31,.452,5,12,.417,2,2,1.000,11,23,34,7,4,5,9,11,45
1,1,4,30.5,4.8,10.8,.442,3.5,7.8,.452,1.3,3.0,.417,0.5,0.5,1.000,8.5,1.8,1.0,1.3,2.3,2.8,11.3
1,2,4,122,6.2,14.1,.442,4.6,10.2,.452,1.6,3.9,.417,0.7,0.7,1.000,11.1,2.3,1.3,1.6,3.0,3.6,14.8
1,3,4,122,9.1,20.5,.442,6.7,14.8,.452,2.4,5.7,.417,1.0,1.0,1.000,16.2,3.3,1.9,2.4,4.3,5.3,21.5,,101.0,98.8
1,4,4,122,18.3,.512,.500,.279,.047,44,10.1,20.7,15.4,11.7,1.9,4.0,17.0,21.3,,0.2,0.2,0.3,.109,,1.1,1.8,2.9
2,0,32,917,151,303,.498,151,301,.502,0,2,.000,49,85,.576,76,130,206,109,36,8,81,66,351
2,1,32,28.7,4.7,9.5,.498,4.7,9.4,.502,0.0,0.1,.000,1.5,2.7,.576,6.4,3.4,1.1,0.3,2.5,2.1,11.0
2,2,32,917,6.6,13.2,.498,6.6,13.1,.502,0.0,0.1,.000,2.1,3.7,.576,9.0,4.8,1.6,0.3,3.5,2.9,15.3
2,3,32,917,9.6,19.3,.498,9.6,19.1,.502,0.0,0.1,.000,3.1,5.4,.576,13.1,6.9,2.3,0.5,5.2,4.2,22.3,,102.6,102.1
2,4,32,917,19.1,.511,.498,.007,.281,382,9.3,15.6,12.4,24.7,2.3,0.9,19.1,22.8,,1.5,1.0,2.5,.111,,2.3,1.5,3.8
3,0,32,815,146,285,.512,146,285,.512,0,0,,112,169,.663,80,112,192,51,28,28,71,61,404
3,1,32,25.5,4.6,8.9,.512,4.6,8.9,.512,0.0,0.0,,3.5,5.3,.663,6.0,1.6,0.9,0.9,2.2,1.9,12.6
3,2,32,815,7.2,14.0,.512,7.2,14.0,.512,0.0,0.0,,5.5,8.3,.663,9.4,2.5,1.4,1.4,3.5,3.0,19.8
3,3,32,815,10.4,20.4,.512,10.4,20.4,.512,0.0,0.0,,8.0,12.1,.663,13.7,3.6,2.0,2.0,5.1,4.4,28.9,,108.4,101.6
3,4,32,815,23.4,.553,.512,.000,.593,396,11.0,15.1,13.1,13.4,2.0,3.4,16.3,26.3,,2.1,1.0,3.0,.150,,2.6,1.3,3.9
4,0,4,6,1,4,.250,1,4,.250,0,0,,0,0,,1,3,4,0,0,0,0,0,2
4,1,4,1.5,0.3,1.0,.250,0.3,1.0,.250,0.0,0.0,,0.0,0.0,,1.0,0.0,0.0,0.0,0.0,0.0,0.5
4,2,4,6,6.7,26.7,.250,6.7,26.7,.250,0.0,0.0,,0.0,0.0,,26.7,0.0,0.0,0.0,0.0,0.0,13.3
4,3,4,6,9.7,38.9,.250,9.7,38.9,.250,0.0,0.0,,0.0,0.0,,38.9,0.0,0.0,0.0,0.0,0.0,19.4,,73.3,89.9
4,4,4,6,12.1,.250,.250,.000,.000,2,18.6,55.0,36.9,0.0,0.0,0.0,0.0,32.8,,0.0,0.0,0.0,.005,,-16.4,-13.7,-30.1
5,0,5,7,0,0,,0,0,,0,0,,0,2,.000,0,0,0,1,0,0,0,1,0
5,1,5,1.4,0.0,0.0,,0.0,0.0,,0.0,0.0,,0.0,0.4,.000,0.0,0.2,0.0,0.0,0.0,0.2,0.0
5,2,5,7,0.0,0.0,,0.0,0.0,,0.0,0.0,,0.0,11.4,.000,0.0,5.7,0.0,0.0,0.0,5.7,0.0
5,3,5,7,0.0,0.0,,0.0,0.0,,0.0,0.0,,0.0,16.7,.000,0.0,8.3,0.0,0.0,0.0,8.3,0.0,,49.0,114.4
5,4,5,7,-3.0,.000,,,,1,0.0,0.0,0.0,22.1,0.0,0.0,0.0,6.7,,0.0,0.0,0.0,-.069,,-8.0,-7.0,-15.0
6,0,29,889,105,183,.574,99,164,.604,6,19,.316,56,99,.566,85,222,307,46,27,73,64,70,272
6,1,29,30.7,3.6,6.3,.574,3.4,5.7,.604,0.2,0.7,.316,1.9,3.4,.566,10.6,1.6,0.9,2.5,2.2,2.4,9.4
6,2,29,889,4.7,8.2,.574,4.5,7.4,.604,0.3,0.9,.316,2.5,4.5,.566,13.8,2.1,1.2,3.3,2.9,3.1,12.2
6,3,29,889,6.9,12.0,.574,6.5,10.8,.604,0.4,1.2,.316,3.7,6.5,.566,20.1,3.0,1.8,4.8,4.2,4.6,17.8,,108.2,93.9
6,4,29,889,21.6,.591,.590,.104,.541,282,10.7,27.5,19.1,9.8,1.8,8.1,21.8,16.3,,1.5,1.7,3.2,.143,,1.5,5.9,7.5
7,0,26,253,14,43,.326,6,16,.375,8,27,.296,10,17,.588,5,16,21,4,6,0,6,30,46
7,1,26,9.7,0.5,1.7,.326,0.2,0.6,.375,0.3,1.0,.296,0.4,0.7,.588,0.8,0.2,0.2,0.0,0.2,1.2,1.8
7,2,26,253,2.2,6.8,.326,0.9,2.5,.375,1.3,4.3,.296,1.6,2.7,.588,3.3,0.6,0.9,0.0,0.9,4.7,7.3
7,3,26,253,3.2,9.9,.326,1.4,3.7,.375,1.8,6.2,.296,2.3,3.9,.588,4.8,0.9,1.4,0.0,1.4,6.9,10.6,,96.7,108.3
7,4,26,253,4.9,.450,.419,.628,.395,42,2.2,7.0,4.6,2.7,1.4,0.0,10.5,11.1,,0.1,0.1,0.2,.038,,-0.8,-1.7,-2.6
8,0,5,6,1,2,.500,0,1,.000,1,1,1.000,0,0,,0,1,1,0,0,0,0,1,3
8,1,5,1.2,0.2,0.4,.500,0.0,0.2,.000,0.2,0.2,1.000,0.0,0.0,,0.2,0.0,0.0,0.0,0.0,0.2,0.6
8,2,5,6,6.7,13.3,.500,0.0,6.7,.000,6.7,6.7,1.000,0.0,0.0,,6.7,0.0,0.0,0.0,0.0,6.7,20.0
8,3,5,6,9.7,19.4,.500,0.0,9.7,.000,9.7,9.7,1.000,0.0,0.0,,9.7,0.0,0.0,0.0,0.0,9.7,29.2,,152.9,105.8
8,4,5,6,20.4,.750,.750,.500,.000,2,0.0,18.3,9.2,0.0,0.0,0.0,0.0,16.4,,0.0,0.0,0.0,.190,,4.0,-7.1,-3.1
9,0,32,1000,179,404,.443,123,263,.468,56,141,.397,155,202,.767,36,69,105,77,31,10,73,73,569
9,1,32,31.3,5.6,12.6,.443,3.8,8.2,.468,1.8,4.4,.397,4.8,6.3,.767,3.3,2.4,1.0,0.3,2.3,2.3,17.8
9,2,32,1000,7.2,16.2,.443,4.9,10.5,.468,2.2,5.6,.397,6.2,8.1,.767,4.2,3.1,1.2,0.4,2.9,2.9,22.8
9,3,32,1000,10.4,23.6,.443,7.2,15.3,.468,3.3,8.2,.397,9.0,11.8,.767,6.1,4.5,1.8,0.6,4.3,4.3,33.2,,114.7,106.8
9,4,32,1000,22.4,.569,.512,.349,.500,523,4.0,7.6,5.8,16.5,1.8,1.0,12.7,28.2,,3.4,0.7,4.1,.165,,6.0,-2.0,4.0
10,0,4,7,1,2,.500,1,2,.500,0,0,,0,0,,0,1,1,0,0,0,0,0,2
10,1,4,1.8,0.3,0.5,.500,0.3,0.5,.500,0.0,0.0,,0.0,0.0,,0.3,0.0,0.0,0.0,0.0,0.0,0.5
10,2,4,7,5.7,11.4,.500,5.7,11.4,.500,0.0,0.0,,0.0,0.0,,5.7,0.0,0.0,0.0,0.0,0.0,11.4
10,3,4,7,8.3,16.7,.500,8.3,16.7,.500,0.0,0.0,,0.0,0.0,,8.3,0.0,0.0,0.0,0.0,0.0,16.7,,108.5,108.0
10,4,4,7,11.2,.500,.500,.000,.000,1,0.0,15.7,7.9,0.0,0.0,0.0,0.0,14.0,,0.0,0.0,0.0,.068,,-4.1,-5.4,-9.6
11,0,32,439,18,66,.273,18,64,.281,0,2,.000,12,25,.480,13,41,54,27,14,9,13,64,48
11,1,32,13.7,0.6,2.1,.273,0.6,2.0,.281,0.0,0.1,.000,0.4,0.8,.480,1.7,0.8,0.4,0.3,0.4,2.0,1.5
11,2,32,439,1.6,6.0,.273,1.6,5.8,.281,0.0,0.2,.000,1.1,2.3,.480,4.9,2.5,1.3,0.8,1.2,5.8,4.4
11,3,32,439,2.4,8.8,.273,2.4,8.5,.281,0.0,0.3,.000,1.6,3.3,.480,7.2,3.6,1.9,1.2,1.7,8.5,6.4,,80.2,104.4
11,4,32,439,4.3,.308,.273,.030,.379,62,3.3,10.3,6.8,10.2,1.9,2.0,14.3,10.2,,-0.2,0.4,0.2,.019,,-3.4,1.6,-1.8
12,0,21,110,8,22,.364,5,14,.357,3,8,.375,7,16,.438,9,11,20,5,3,1,9,8,26
12,1,21,5.2,0.4,1.0,.364,0.2,0.7,.357,0.1,0.4,.375,0.3,0.8,.438,1.0,0.2,0.1,0.0,0.4,0.4,1.2
12,2,21,110,2.9,8.0,.364,1.8,5.1,.357,1.1,2.9,.375,2.5,5.8,.438,7.3,1.8,1.1,0.4,3.3,2.9,9.5
12,3,21,110,4.2,11.7,.364,2.7,7.4,.357,1.6,4.2,.375,3.7,8.5,.438,10.6,2.7,1.6,0.5,4.8,4.2,13.8,,85.8,105.7
12,4,21,110,8.4,.439,.432,.364,.727,29,9.1,11.0,10.1,7.9,1.6,0.9,23.3,17.3,,0.0,0.1,0.1,.022,,-2.0,-1.0,-3.0
13,0,29,377,34,114,.298,4,17,.235,30,97,.309,13,14,.929,6,30,36,11,2,9,19,15,111
13,1,29,13.0,1.2,3.9,.298,0.1,0.6,.235,1.0,3.3,.309,0.4,0.5,.929,1.2,0.4,0.1,0.3,0.7,0.5,3.8
13,2,29,377,3.6,12.1,.298,0.4,1.8,.235,3.2,10.3,.309,1.4,1.5,.929,3.8,1.2,0.2,1.0,2.0,1.6,11.8
13,3,29,377,5.3,17.6,.298,0.6,2.6,.235,4.6,15.0,.309,2.0,2.2,.929,5.6,1.7,0.3,1.4,2.9,2.3,17.2,,93.1,109.0
13,4,29,377,7.9,.460,.430,.851,.123,98,1.8,8.8,5.3,5.3,0.3,2.3,13.6,18.2,,0.1,0.2,0.3,.033,,-0.4,-2.7,-3.0
14,0,32,937,116,296,.392,52,134,.388,64,162,.395,36,43,.837,6,59,65,74,33,1,44,54,332
14,1,32,29.3,3.6,9.3,.392,1.6,4.2,.388,2.0,5.1,.395,1.1,1.3,.837,2.0,2.3,1.0,0.0,1.4,1.7,10.4
14,2,32,937,5.0,12.6,.392,2.2,5.7,.388,2.7,6.9,.395,1.5,1.8,.837,2.8,3.2,1.4,0.0,1.9,2.3,14.2
14,3,32,937,7.2,18.4,.392,3.2,8.3,.388,4.0,10.1,.395,2.2,2.7,.837,4.0,4.6,2.1,0.1,2.7,3.4,20.7,,108.1,107.1
14,4,32,937,13.7,.525,.500,.547,.145,306,0.7,6.9,3.8,15.1,2.1,0.1,12.2,18.9,,1.6,0.6,2.2,.094,,3.0,-1.7,1.3
