0,0,24,595,67,134,.500,67,134,.500,0,0,,50,90,.556,30,64,94,20,4,4,34,53,184
0,1,24,24.8,2.8,5.6,.500,2.8,5.6,.500,0.0,0.0,,2.1,3.8,.556,3.9,0.8,0.2,0.2,1.4,2.2,7.7
0,2,24,595,4.5,9.0,.500,4.5,9.0,.500,0.0,0.0,,3.4,6.1,.556,6.3,1.3,0.3,0.3,2.3,3.6,12.4
0,3,24,595,7.3,14.5,.500,7.3,14.5,.500,0.0,0.0,,5.4,9.8,.556,10.2,2.2,0.4,0.4,3.7,5.7,19.9,,101.2,112.4
0,4,24,595,12.1,.521,.500,.000,.672,174,5.9,13.6,9.6,7.8,0.4,0.8,16.1,19.0,,0.6,0.2,0.8,.053,,-2.2,-1.7,-3.9
1,0,31,804,71,172,.413,54,119,.454,17,53,.321,48,74,.649,47,71,118,53,31,2,44,80,207
1,1,31,25.9,2.3,5.5,.413,1.7,3.8,.454,0.5,1.7,.321,1.5,2.4,.649,3.8,1.7,1.0,0.1,1.4,2.6,6.7
1,2,31,804,3.5,8.6,.413,2.7,5.9,.454,0.8,2.6,.321,2.4,3.7,.649,5.9,2.6,1.5,0.1,2.2,4.0,10.3
1,3,31,804,5.7,13.8,.413,4.3,9.5,.454,1.4,4.2,.321,3.8,5.9,.649,9.5,4.2,2.5,0.2,3.5,6.4,16.6,,103.6,109.0
1,4,31,804,12.9,.500,.462,.308,.430,220,6.8,11.2,8.9,14.5,2.5,0.3,17.5,16.7,,0.9,0.5,1.4,.070,,0.6,0.4,0.9
2,0,23,401,30,62,.484,30,62,.484,0,0,,23,62,.371,33,59,92,12,2,25,28,53,83
2,1,23,17.4,1.3,2.7,.484,1.3,2.7,.484,0.0,0.0,,1.0,2.7,.371,4.0,0.5,0.1,1.1,1.2,2.3,3.6
2,2,23,401,3.0,6.2,.484,3.0,6.2,.484,0.0,0.0,,2.3,6.2,.371,9.2,1.2,0.2,2.5,2.8,5.3,8.3
2,3,23,401,4.8,10.0,.484,4.8,10.0,.484,0.0,0.0,,3.7,10.0,.371,14.8,1.9,0.3,4.0,4.5,8.5,13.3,,85.8,106.9
2,4,23,401,10.1,.454,.484,.000,1.000,90,9.6,18.7,13.9,6.4,0.3,7.8,23.4,16.0,,-0.1,0.3,0.2,.020,,-5.0,2.9,-2.1
3,0,6,22,3,10,.300,0,1,.000,3,9,.333,0,0,,1,2,3,1,1,0,1,1,9
3,1,6,3.7,0.5,1.7,.300,0.0,0.2,.000,0.5,1.5,.333,0.0,0.0,,0.5,0.2,0.2,0.0,0.2,0.2,1.5
3,2,6,22,5.5,18.2,.300,0.0,1.8,.000,5.5,16.4,.333,0.0,0.0,,5.5,1.8,1.8,0.0,1.8,1.8,16.4
3,3,6,22,8.8,29.3,.300,0.0,2.9,.000,8.8,26.4,.333,0.0,0.0,,8.8,2.9,2.9,0.0,2.9,2.9,26.4,,99.0,108.3
3,4,6,22,14.5,.450,.450,.900,.000,8,5.3,11.5,8.3,11.2,2.9,0.0,9.1,26.8,,0.0,0.0,0.0,.070,,2.6,-3.8,-1.2
4,0,31,525,56,147,.381,11,24,.458,45,123,.366,28,30,.933,5,24,29,14,6,1,15,56,185
4,1,31,16.9,1.8,4.7,.381,0.4,0.8,.458,1.5,4.0,.366,0.9,1.0,.933,0.9,0.5,0.2,0.0,0.5,1.8,6.0
4,2,31,525,4.3,11.2,.381,0.8,1.8,.458,3.4,9.4,.366,2.1,2.3,.933,2.2,1.1,0.5,0.1,1.1,4.3,14.1
4,3,31,525,6.9,18.1,.381,1.4,2.9,.458,5.5,15.1,.366,3.4,3.7,.933,3.6,1.7,0.7,0.1,1.8,6.9,22.7,,119.7,115.1
4,4,31,525,12.2,.574,.534,.837,.204,155,1.1,5.8,3.3,6.1,0.7,0.2,8.5,18.0,,1.2,0.0,1.2,.094,,2.8,-4.2,-1.4
5,0,31,573,47,94,.500,47,94,.500,0,0,,25,43,.581,48,92,140,25,5,11,37,67,119
5,1,31,18.5,1.5,3.0,.500,1.5,3.0,.500,0.0,0.0,,0.8,1.4,.581,4.5,0.8,0.2,0.4,1.2,2.2,3.8
5,2,31,573,3.3,6.6,.500,3.3,6.6,.500,0.0,0.0,,1.7,3.0,.581,9.8,1.7,0.3,0.8,2.6,4.7,8.3
5,3,31,573,5.3,10.6,.500,5.3,10.6,.500,0.0,0.0,,2.8,4.8,.581,15.8,2.8,0.6,1.2,4.2,7.5,13.4,,97.8,108.5
5,4,31,573,11.3,.520,.500,.000,.457,132,9.7,20.4,14.8,9.5,0.6,2.4,24.4,14.2,,0.3,0.4,0.7,.050,,-2.6,0.8,-1.8
6,0,5,13,3,4,.750,3,4,.750,0,0,,0,4,.000,0,1,1,0,0,0,1,1,6
6,1,5,2.6,0.6,0.8,.750,0.6,0.8,.750,0.0,0.0,,0.0,0.8,.000,0.2,0.0,0.0,0.0,0.2,0.2,1.2
6,2,5,13,9.2,12.3,.750,9.2,12.3,.750,0.0,0.0,,0.0,12.3,.000,3.1,0.0,0.0,0.0,3.1,3.1,18.5
6,3,5,13,14.9,19.8,.750,14.9,19.8,.750,0.0,0.0,,0.0,19.8,.000,5.0,0.0,0.0,0.0,5.0,5.0,29.8,,71.2,115.4
6,4,5,13,9.7,.508,.750,.000,1.000,4,0.0,9.8,4.7,0.0,0.0,0.0,14.5,28.5,,0.0,0.0,0.0,-.089,,-7.8,-8.0,-15.9
7,0,31,777,87,257,.339,38,114,.333,49,143,.343,59,73,.808,19,67,86,79,26,2,47,57,282
7,1,31,25.1,2.8,8.3,.339,1.2,3.7,.333,1.6,4.6,.343,1.9,2.4,.808,2.8,2.5,0.8,0.1,1.5,1.8,9.1
7,2,31,777,4.5,13.2,.339,2.0,5.9,.333,2.5,7.4,.343,3.0,3.8,.808,4.4,4.1,1.3,0.1,2.4,2.9,14.5
7,3,31,777,7.2,21.3,.339,3.2,9.5,.333,4.1,11.9,.343,4.9,6.1,.808,7.1,6.6,2.2,0.2,3.9,4.7,23.4,,104.7,110.0
7,4,31,777,15.0,.483,.434,.556,.284,284,2.8,10.9,6.7,23.6,2.2,0.3,13.9,23.4,,1.3,0.4,1.7,.086,,2.1,-1.7,0.4
8,0,31,769,85,224,.379,38,93,.409,47,131,.359,29,36,.806,13,40,53,47,13,1,43,62,246
8,1,31,24.8,2.7,7.2,.379,1.2,3.0,.409,1.5,4.2,.359,0.9,1.2,.806,1.7,1.5,0.4,0.0,1.4,2.0,7.9
8,2,31,769,4.4,11.7,.379,2.0,4.8,.409,2.4,6.8,.359,1.5,1.9,.806,2.8,2.4,0.7,0.1,2.2,3.2,12.8
8,3,31,769,7.1,18.8,.379,3.2,7.8,.409,3.9,11.0,.359,2.4,3.0,.806,4.4,3.9,1.1,0.1,3.6,5.2,20.6,,102.2,114.1
8,4,31,769,10.5,.510,.484,.585,.161,227,2.0,6.6,4.2,14.1,1.1,0.2,15.1,19.8,,0.9,0.1,1.0,.050,,0.6,-3.0,-2.4
9,0,11,64,7,18,.389,4,9,.444,3,9,.333,2,5,.400,4,5,9,1,1,0,3,9,19
9,1,11,5.8,0.6,1.6,.389,0.4,0.8,.444,0.3,0.8,.333,0.2,0.5,.400,0.8,0.1,0.1,0.0,0.3,0.8,1.7
9,2,11,64,4.4,11.3,.389,2.5,5.6,.444,1.9,5.6,.333,1.3,3.1,.400,5.6,0.6,0.6,0.0,1.9,5.6,11.9
9,3,11,64,7.1,18.1,.389,4.0,9.1,.444,3.0,9.1,.333,2.0,5.0,.400,9.1,1.0,1.0,0.0,3.0,9.1,19.1,,95.4,112.8
9,4,11,64,8.5,.466,.472,.500,.278,17,7.3,9.9,8.5,3.6,1.0,0.0,12.8,19.6,,0.0,0.0,0.0,.030,,-1.9,-4.2,-6.1
10,0,31,738,89,170,.524,89,170,.524,0,0,,76,125,.608,72,102,174,26,13,26,44,114,254
10,1,31,23.8,2.9,5.5,.524,2.9,5.5,.524,0.0,0.0,,2.5,4.0,.608,5.6,0.8,0.4,0.8,1.4,3.7,8.2
10,2,31,738,4.8,9.2,.524,4.8,9.2,.524,0.0,0.0,,4.1,6.8,.608,9.4,1.4,0.7,1.4,2.4,6.2,13.8
10,3,31,738,7.8,14.9,.524,7.8,14.9,.524,0.0,0.0,,6.6,10.9,.608,15.2,2.3,1.1,2.3,3.8,10.0,22.2,,110.2,107.1
10,4,31,738,18.0,.554,.524,.000,.735,254,11.3,17.5,14.3,8.3,1.1,4.4,16.1,19.9,,1.5,0.6,2.1,.111,,0.0,1.2,1.2
11,0,12,75,9,23,.391,7,16,.438,2,7,.286,1,2,.500,2,10,12,3,2,0,7,14,21
11,1,12,6.3,0.8,1.9,.391,0.6,1.3,.438,0.2,0.6,.286,0.1,0.2,.500,1.0,0.3,0.2,0.0,0.6,1.2,1.8
11,2,12,75,4.8,12.3,.391,3.7,8.5,.438,1.1,3.7,.286,0.5,1.1,.500,6.4,1.6,1.1,0.0,3.7,7.5,11.2
11,3,12,75,7.7,19.8,.391,6.0,13.8,.438,1.7,6.0,.286,0.9,1.7,.500,10.3,2.6,1.7,0.0,6.0,12.0,18.1,,77.9,108.1
11,4,12,75,4.6,.438,.435,.304,.087,19,3.1,16.9,9.7,9.5,1.7,0.0,22.6,22.1,,-0.1,0.1,0.0,-.021,,-6.0,-2.1,-8.1
12,0,29,894,125,313,.399,89,206,.432,36,107,.336,91,123,.740,43,120,163,75,21,2,80,100,377
12,1,29,30.8,4.3,10.8,.399,3.1,7.1,.432,1.2,3.7,.336,3.1,4.2,.740,5.6,2.6,0.7,0.1,2.8,3.4,13.0
12,2,29,894,5.6,14.0,.399,4.0,9.2,.432,1.6,4.8,.336,4.1,5.5,.740,7.3,3.4,0.9,0.1,3.6,4.5,16.9
12,3,29,894,9.0,22.6,.399,6.4,14.9,.432,2.6,7.7,.336,6.6,8.9,.740,11.8,5.4,1.5,0.1,5.8,7.2,27.2,,101.0,108.8
12,4,29,894,16.0,.508,.457,.342,.393,372,5.6,17.0,11.1,20.8,1.5,0.3,17.7,27.1,,1.3,0.6,1.9,.083,,1.3,-0.9,0.4
13,0,6,25,2,5,.400,2,3,.667,0,2,.000,0,0,,3,2,5,7,0,0,0,0,4
13,1,6,4.2,0.3,0.8,.400,0.3,0.5,.667,0.0,0.3,.000,0.0,0.0,,0.8,1.2,0.0,0.0,0.0,0.0,0.7
13,2,6,25,3.2,8.0,.400,3.2,4.8,.667,0.0,3.2,.000,0.0,0.0,,8.0,11.2,0.0,0.0,0.0,0.0,6.4
13,3,6,25,5.2,12.9,.400,5.2,7.7,.667,0.0,5.2,.000,0.0,0.0,,12.9,18.1,0.0,0.0,0.0,0.0,10.3,,146.2,115.7
13,4,6,25,23.1,.400,.400,.400,.000,9,13.9,10.2,12.1,60.5,0.0,0.0,0.0,10.7,,0.1,0.0,0.1,.165,,5.6,-4.9,0.7
