0,0,30,601,63,156,.404,49,97,.505,14,59,.237,3,8,.375,32,61,93,39,17,6,26,46,143
0,1,30,20.0,2.1,5.2,.404,1.6,3.2,.505,0.5,2.0,.237,0.1,0.3,.375,3.1,1.3,0.6,0.2,0.9,1.5,4.8
0,2,30,601,4.2,10.4,.404,3.3,6.5,.505,0.9,3.9,.237,0.2,0.5,.375,6.2,2.6,1.1,0.4,1.7,3.1,9.5
0,3,30,601,6.6,16.4,.404,5.2,10.2,.505,1.5,6.2,.237,0.3,0.8,.375,9.8,4.1,1.8,0.6,2.7,4.8,15.1,,94.7,106.7
0,4,30,601,11.4,.447,.449,.378,.051,150,6.1,12.4,9.2,15.2,1.8,1.3,14.0,16.8,,0.3,0.4,0.7,.048,,-1.9,-0.5,-2.5
1,0,29,409,29,87,.333,23,56,.411,6,31,.194,35,47,.745,5,25,30,47,7,0,36,31,99
1,1,29,14.1,1.0,3.0,.333,0.8,1.9,.411,0.2,1.1,.194,1.2,1.6,.745,1.0,1.6,0.2,0.0,1.2,1.1,3.4
1,2,29,409,2.8,8.5,.333,2.2,5.5,.411,0.6,3.0,.194,3.4,4.6,.745,2.9,4.6,0.7,0.0,3.5,3.0,9.7
1,3,29,409,4.5,13.5,.333,3.6,8.7,.411,0.9,4.8,.194,5.4,7.3,.745,4.6,7.3,1.1,0.0,5.6,4.8,15.3,,86.9,111.3
1,4,29,409,7.4,.453,.368,.356,.540,111,1.4,7.4,4.3,24.9,1.1,0.0,24.8,19.3,,-0.1,0.1,0.0,.004,,-4.9,-4.0,-8.9
2,0,13,60,3,13,.231,3,9,.333,0,4,.000,0,1,.000,2,7,9,8,5,0,4,1,6
2,1,13,4.6,0.2,1.0,.231,0.2,0.7,.333,0.0,0.3,.000,0.0,0.1,.000,0.7,0.6,0.4,0.0,0.3,0.1,0.5
2,2,13,60,2.0,8.7,.231,2.0,6.0,.333,0.0,2.7,.000,0.0,0.7,.000,6.0,5.3,3.3,0.0,2.7,0.7,4.0
2,3,13,60,3.2,13.7,.231,3.2,9.5,.333,0.0,4.2,.000,0.0,1.1,.000,9.5,8.4,5.3,0.0,4.2,1.1,6.3,,64.0,98.7
2,4,13,60,8.0,.223,.231,.308,.077,10,3.8,14.2,8.9,27.6,5.3,0.0,22.9,15.8,,-0.1,0.1,0.0,-.022,,-6.8,1.5,-5.3
3,0,13,158,15,46,.326,9,24,.375,6,22,.273,7,11,.636,4,14,18,19,13,0,12,22,43
3,1,13,12.2,1.2,3.5,.326,0.7,1.8,.375,0.5,1.7,.273,0.5,0.8,.636,1.4,1.5,1.0,0.0,0.9,1.7,3.3
3,2,13,158,3.8,11.6,.326,2.3,6.1,.375,1.5,5.6,.273,1.8,2.8,.636,4.6,4.8,3.3,0.0,3.0,5.6,10.9
3,3,13,158,6.0,18.4,.326,3.6,9.6,.375,2.4,8.8,.273,2.8,4.4,.636,7.2,7.6,5.2,0.0,4.8,8.8,17.2,,87.5,99.9
3,4,13,158,12.1,.420,.391,.478,.239,48,2.9,10.8,6.7,27.5,5.2,0.0,19.0,21.7,,0.0,0.2,0.2,.049,,-1.9,0.0,-1.9
4,0,30,805,65,169,.385,10,16,.625,55,153,.359,24,32,.750,11,40,51,33,11,1,32,51,209
4,1,30,26.8,2.2,5.6,.385,0.3,0.5,.625,1.8,5.1,.359,0.8,1.1,.750,1.7,1.1,0.4,0.0,1.1,1.7,7.0
4,2,30,805,3.2,8.4,.385,0.5,0.8,.625,2.7,7.6,.359,1.2,1.6,.750,2.5,1.6,0.5,0.0,1.6,2.5,10.4
4,3,30,805,5.1,13.3,.385,0.8,1.3,.625,4.3,12.0,.359,1.9,2.5,.750,4.0,2.6,0.9,0.1,2.5,4.0,16.4,,106.1,112.5
4,4,30,805,9.6,.567,.547,.905,.189,184,1.6,6.0,3.7,9.1,0.9,0.2,14.8,14.6,,0.9,0.1,1.1,.053,,0.7,-3.0,-2.4
5,0,10,68,2,9,.222,2,8,.250,0,1,.000,0,0,,0,7,7,2,4,0,3,5,4
5,1,10,6.8,0.2,0.9,.222,0.2,0.8,.250,0.0,0.1,.000,0.0,0.0,,0.7,0.2,0.4,0.0,0.3,0.5,0.4
5,2,10,68,1.2,5.3,.222,1.2,4.7,.250,0.0,0.6,.000,0.0,0.0,,4.1,1.2,2.4,0.0,1.8,2.9,2.4
5,3,10,68,1.9,8.4,.222,1.9,7.4,.250,0.0,0.9,.000,0.0,0.0,,6.5,1.9,3.7,0.0,2.8,4.7,3.7,,44.6,102.8
5,4,10,68,1.5,.222,.222,.111,.000,4,0.0,12.5,6.1,5.8,3.7,0.0,25.0,9.6,,-0.1,0.1,-0.1,-.036,,-9.0,1.4,-7.6
6,0,13,107,9,40,.225,3,10,.300,6,30,.200,4,8,.500,5,11,16,7,4,1,7,10,28
6,1,13,8.2,0.7,3.1,.225,0.2,0.8,.300,0.5,2.3,.200,0.3,0.6,.500,1.2,0.5,0.3,0.1,0.5,0.8,2.2
6,2,13,107,3.4,15.0,.225,1.1,3.7,.300,2.2,11.2,.200,1.5,3.0,.500,6.0,2.6,1.5,0.4,2.6,3.7,10.5
6,3,13,107,5.3,23.7,.225,1.8,5.9,.300,3.5,17.7,.200,2.4,4.7,.500,9.5,4.1,2.4,0.6,4.1,5.9,16.6,,72.2,105.3
6,4,13,107,4.9,.320,.300,.750,.200,30,5.4,12.5,8.8,14.6,2.4,1.2,13.8,25.8,,-0.2,0.1,-0.1,-.046,,-4.7,-2.6,-7.4
7,0,30,866,103,263,.392,63,148,.426,40,115,.348,39,51,.765,55,129,184,58,19,5,40,47,285
7,1,30,28.9,3.4,8.8,.392,2.1,4.9,.426,1.3,3.8,.348,1.3,1.7,.765,6.1,1.9,0.6,0.2,1.3,1.6,9.5
7,2,30,866,4.8,12.1,.392,2.9,6.8,.426,1.8,5.3,.348,1.8,2.4,.765,8.5,2.7,0.9,0.2,1.8,2.2,13.2
7,3,30,866,7.5,19.2,.392,4.6,10.8,.426,2.9,8.4,.348,2.8,3.7,.765,13.4,4.2,1.4,0.4,2.9,3.4,20.8,,104.7,105.2
7,4,30,866,16.5,.496,.468,.437,.194,287,7.3,18.1,12.6,16.2,1.4,0.7,12.2,20.5,,1.3,0.8,2.1,.097,,0.8,-0.9,-0.1
8,0,30,537,51,133,.383,17,46,.370,34,87,.391,10,20,.500,27,49,76,35,8,7,16,44,146
8,1,30,17.9,1.7,4.4,.383,0.6,1.5,.370,1.1,2.9,.391,0.3,0.7,.500,2.5,1.2,0.3,0.2,0.5,1.5,4.9
8,2,30,537,3.8,9.9,.383,1.3,3.4,.370,2.5,6.5,.391,0.7,1.5,.500,5.7,2.6,0.6,0.5,1.2,3.3,10.9
8,3,30,537,6.0,15.7,.383,2.0,5.4,.370,4.0,10.3,.391,1.2,2.4,.500,9.0,4.1,0.9,0.8,1.9,5.2,17.2,,109.9,109.1
8,4,30,537,13.4,.512,.511,.654,.150,146,5.8,11.1,8.4,14.9,0.9,1.7,10.1,16.0,,0.9,0.3,1.1,.085,,0.9,-1.8,-0.9
9,0,30,634,84,170,.494,84,169,.497,0,1,.000,37,101,.366,63,80,143,7,9,13,49,82,205
9,1,30,21.1,2.8,5.7,.494,2.8,5.6,.497,0.0,0.0,.000,1.2,3.4,.366,4.8,0.2,0.3,0.4,1.6,2.7,6.8
9,2,30,634,5.3,10.7,.494,5.3,10.7,.497,0.0,0.1,.000,2.3,6.4,.366,9.0,0.4,0.6,0.8,3.1,5.2,12.9
9,3,30,634,8.4,17.0,.494,8.4,16.9,.497,0.0,0.1,.000,3.7,10.1,.366,14.3,0.7,0.9,1.3,4.9,8.2,20.5,,87.3,106.5
9,4,30,634,11.3,.470,.494,.006,.594,197,11.4,15.4,13.3,2.8,0.9,2.6,18.4,22.9,,-0.1,0.5,0.4,.023,,-6.0,-2.4,-8.4
10,0,16,109,11,23,.478,3,5,.600,8,18,.444,0,0,,2,4,6,1,1,1,3,8,30
10,1,16,6.8,0.7,1.4,.478,0.2,0.3,.600,0.5,1.1,.444,0.0,0.0,,0.4,0.1,0.1,0.1,0.2,0.5,1.9
10,2,16,109,4.0,8.4,.478,1.1,1.8,.600,2.9,6.6,.444,0.0,0.0,,2.2,0.4,0.4,0.4,1.1,2.9,11.0
10,3,16,109,6.4,13.4,.478,1.7,2.9,.600,4.6,10.4,.444,0.0,0.0,,3.5,0.6,0.6,0.6,1.7,4.6,17.4,,115.7,113.4
10,4,16,109,10.7,.652,.652,.783,.000,23,2.1,4.5,3.3,2.1,0.6,1.2,11.5,13.0,,0.2,0.0,0.2,.064,,-0.2,-3.7,-3.9
11,0,20,166,18,38,.474,18,38,.474,0,0,,3,5,.600,13,22,35,7,10,14,10,30,39
11,1,20,8.3,0.9,1.9,.474,0.9,1.9,.474,0.0,0.0,,0.2,0.3,.600,1.8,0.4,0.5,0.7,0.5,1.5,2.0
11,2,20,166,4.3,9.2,.474,4.3,9.2,.474,0.0,0.0,,0.7,1.2,.600,8.4,1.7,2.4,3.4,2.4,7.2,9.4
11,3,20,166,6.9,14.5,.474,6.9,14.5,.474,0.0,0.0,,1.1,1.9,.600,13.3,2.7,3.8,5.3,3.8,11.4,14.9,,93.0,95.7
11,4,20,166,15.8,.483,.474,.000,.132,41,9.0,16.1,12.5,10.0,3.8,10.9,19.9,16.5,,0.1,0.3,0.4,.085,,-4.2,7.0,2.8
12,0,28,794,91,236,.386,75,166,.452,16,70,.229,116,153,.758,12,66,78,97,31,2,78,53,314
12,1,28,28.4,3.3,8.4,.386,2.7,5.9,.452,0.6,2.5,.229,4.1,5.5,.758,2.8,3.5,1.1,0.1,2.8,1.9,11.2
12,2,28,794,4.6,11.9,.386,3.8,8.4,.452,0.8,3.5,.229,5.8,7.7,.758,3.9,4.9,1.6,0.1,3.9,2.7,15.8
12,3,28,794,7.3,18.8,.386,6.0,13.2,.452,1.3,5.6,.229,9.2,12.2,.758,6.2,7.7,2.5,0.2,6.2,4.2,25.0,,97.7,106.7
12,4,28,794,15.9,.509,.419,.297,.648,324,1.7,10.1,5.8,29.3,2.5,0.3,20.2,26.4,,0.9,0.6,1.5,.075,,-0.5,-2.0,-2.4
13,0,30,668,98,197,.497,84,165,.509,14,32,.438,122,144,.847,31,81,112,12,15,4,31,83,332
13,1,30,22.3,3.3,6.6,.497,2.8,5.5,.509,0.5,1.1,.438,4.1,4.8,.847,3.7,0.4,0.5,0.1,1.0,2.8,11.1
13,2,30,668,5.9,11.8,.497,5.0,9.9,.509,0.8,1.9,.438,7.3,8.6,.847,6.7,0.7,0.9,0.2,1.9,5.0,19.9
13,3,30,668,9.3,18.7,.497,8.0,15.6,.509,1.3,3.0,.438,11.6,13.6,.847,10.6,1.1,1.4,0.4,2.9,7.9,31.5,,123.9,106.4
13,4,30,668,22.6,.625,.533,.162,.731,290,5.3,14.8,9.9,4.7,1.4,0.8,10.5,24.1,,2.5,0.5,3.1,.183,,1.8,-3.4,-1.5
14,0,14,68,2,11,.182,1,10,.100,1,1,1.000,0,0,,5,8,13,4,1,0,5,5,5
14,1,14,4.9,0.1,0.8,.182,0.1,0.7,.100,0.1,0.1,1.000,0.0,0.0,,0.9,0.3,0.1,0.0,0.4,0.4,0.4
14,2,14,68,1.2,6.5,.182,0.6,5.9,.100,0.6,0.6,1.000,0.0,0.0,,7.6,2.4,0.6,0.0,2.9,2.9,2.9
14,3,14,68,1.9,10.2,.182,0.9,9.3,.100,0.9,0.9,1.000,0.0,0.0,,12.1,3.7,0.9,0.0,4.7,4.7,4.7,,59.7,108.3
14,4,14,68,1.2,.227,.227,.091,.000,9,8.5,14.3,11.3,11.7,0.9,0.0,31.3,12.8,,-0.1,0.0,-0.1,-.056,,-9.0,-1.0,-10.0
