0,0,35,805,79,172,.459,53,117,.453,26,55,.473,21,36,.583,43,80,123,49,15,9,31,50,205
0,1,35,23.0,2.3,4.9,.459,1.5,3.3,.453,0.7,1.6,.473,0.6,1.0,.583,3.5,1.4,0.4,0.3,0.9,1.4,5.9
0,2,35,805,3.9,8.5,.459,2.6,5.8,.453,1.3,2.7,.473,1.0,1.8,.583,6.1,2.4,0.7,0.4,1.5,2.5,10.2
0,3,35,805,6.2,13.5,.459,4.2,9.2,.453,2.0,4.3,.473,1.6,2.8,.583,9.7,3.8,1.2,0.7,2.4,3.9,16.1,,110.2,103.7
0,4,35,805,13.7,.542,.535,.320,.209,211,6.7,12.3,9.5,12.5,1.2,1.4,14.1,15.0,,1.3,0.8,2.1,.103,,1.3,0.8,2.1
1,0,22,186,8,32,.250,4,17,.235,4,15,.267,11,12,.917,2,12,14,15,3,0,13,19,31
1,1,22,8.5,0.4,1.5,.250,0.2,0.8,.235,0.2,0.7,.267,0.5,0.5,.917,0.6,0.7,0.1,0.0,0.6,0.9,1.4
1,2,22,186,1.7,6.9,.250,0.9,3.7,.235,0.9,3.2,.267,2.4,2.6,.917,3.0,3.2,0.6,0.0,2.8,4.1,6.7
1,3,22,186,2.7,10.9,.250,1.4,5.8,.235,1.4,5.1,.267,3.7,4.1,.917,4.8,5.1,1.0,0.0,4.4,6.5,10.5,,80.8,106.4
1,4,22,186,3.4,.411,.313,.469,.375,36,1.3,8.0,4.7,14.8,1.0,0.0,25.6,15.0,,-0.1,0.1,0.0,.005,,-4.6,-1.6,-6.1
2,0,35,629,49,108,.454,25,48,.521,24,60,.400,35,55,.636,17,62,79,67,33,0,29,70,157
2,1,35,18.0,1.4,3.1,.454,0.7,1.4,.521,0.7,1.7,.400,1.0,1.6,.636,2.3,1.9,0.9,0.0,0.8,2.0,4.5
2,2,35,629,3.1,6.9,.454,1.6,3.1,.521,1.5,3.8,.400,2.2,3.5,.636,5.0,4.3,2.1,0.0,1.8,4.5,10.0
2,3,35,629,4.9,10.8,.454,2.5,4.8,.521,2.4,6.0,.400,3.5,5.5,.636,7.9,6.7,3.3,0.0,2.9,7.0,15.8,,116.0,99.4
2,4,35,629,15.4,.585,.565,.556,.509,171,3.4,12.2,7.8,20.9,3.3,0.0,17.8,14.3,,1.3,0.9,2.1,.137,,2.9,1.2,4.1
3,0,27,265,27,70,.386,3,7,.429,24,63,.381,12,12,1.000,1,16,17,15,7,1,6,13,90
3,1,27,9.8,1.0,2.6,.386,0.1,0.3,.429,0.9,2.3,.381,0.4,0.4,1.000,0.6,0.6,0.3,0.0,0.2,0.5,3.3
3,2,27,265,4.1,10.6,.386,0.5,1.1,.429,3.6,9.5,.381,1.8,1.8,1.000,2.6,2.3,1.1,0.2,0.9,2.0,13.6
3,3,27,265,6.4,16.7,.386,0.7,1.7,.429,5.7,15.0,.381,2.9,2.9,1.000,4.1,3.6,1.7,0.2,1.4,3.1,21.5,,122.2,105.2
3,4,27,265,15.7,.594,.557,.900,.171,78,0.5,7.5,4.0,11.7,1.7,0.5,7.3,17.0,,0.7,0.2,0.9,.134,,4.1,-2.3,1.8
4,0,35,857,121,248,.488,86,154,.558,35,94,.372,51,67,.761,46,94,140,57,28,3,38,40,328
4,1,35,24.5,3.5,7.1,.488,2.5,4.4,.558,1.0,2.7,.372,1.5,1.9,.761,4.0,1.6,0.8,0.1,1.1,1.1,9.4
4,2,35,857,5.6,11.6,.488,4.0,7.2,.558,1.6,4.4,.372,2.4,3.1,.761,6.5,2.7,1.3,0.1,1.8,1.9,15.3
4,3,35,857,8.9,18.3,.488,6.3,11.4,.558,2.6,6.9,.372,3.8,4.9,.761,10.3,4.2,2.1,0.2,2.8,2.9,24.2,,117.2,101.7
4,4,35,857,20.4,.586,.558,.379,.270,312,6.7,13.6,10.2,14.9,2.1,0.4,12.0,20.4,,2.4,1.0,3.4,.158,,4.4,0.3,4.7
5,0,35,609,92,175,.526,70,125,.560,22,50,.440,47,67,.701,33,83,116,26,15,3,29,86,253
5,1,35,17.4,2.6,5.0,.526,2.0,3.6,.560,0.6,1.4,.440,1.3,1.9,.701,3.3,0.7,0.4,0.1,0.8,2.5,7.2
5,2,35,609,6.0,11.5,.526,4.6,8.2,.560,1.4,3.3,.440,3.1,4.4,.701,7.6,1.7,1.0,0.2,1.9,5.6,16.6
5,3,35,609,9.5,18.2,.526,7.3,13.0,.560,2.3,5.2,.440,4.9,7.0,.701,12.0,2.7,1.6,0.3,3.0,8.9,26.3,,117.4,100.9
5,4,35,609,19.5,.612,.589,.286,.383,226,6.8,16.9,11.8,9.8,1.6,0.6,12.3,21.3,,1.7,0.8,2.5,.164,,3.1,-0.6,2.5
6,0,35,386,38,89,.427,16,32,.500,22,57,.386,13,19,.684,20,38,58,35,11,4,20,32,111
6,1,35,11.0,1.1,2.5,.427,0.5,0.9,.500,0.6,1.6,.386,0.4,0.5,.684,1.7,1.0,0.3,0.1,0.6,0.9,3.2
6,2,35,386,3.9,9.2,.427,1.7,3.3,.500,2.3,5.9,.386,1.3,2.0,.684,6.0,3.6,1.1,0.4,2.1,3.3,11.5
6,3,35,386,6.2,14.6,.427,2.6,5.2,.500,3.6,9.3,.386,2.1,3.1,.684,9.5,5.7,1.8,0.7,3.3,5.2,18.2,,112.2,102.3
6,4,35,386,15.7,.566,.551,.640,.213,117,6.5,12.2,9.3,18.6,1.8,1.3,16.9,16.8,,0.8,0.4,1.2,.125,,2.9,0.1,3.0
7,0,1,3,0,2,.000,0,0,,0,2,.000,0,0,,1,1,2,0,0,0,0,0,0
7,1,1,3.0,0.0,2.0,.000,0.0,0.0,,0.0,2.0,.000,0.0,0.0,,2.0,0.0,0.0,0.0,0.0,0.0,0.0
7,2,1,3,0.0,26.7,.000,0.0,0.0,,0.0,26.7,.000,0.0,0.0,,26.7,0.0,0.0,0.0,0.0,0.0,0.0
7,3,1,3,0.0,42.1,.000,0.0,0.0,,0.0,42.1,.000,0.0,0.0,,42.1,0.0,0.0,0.0,0.0,0.0,0.0,,36.6,95.1
7,4,1,3,-8.8,.000,.000,1.000,.000,1,41.5,41.3,41.4,0.0,0.0,0.0,0.0,36.7,,0.0,0.0,0.0,-.282,,-16.3,-17.6,-33.9
8,0,35,600,85,168,.506,85,168,.506,0,0,,16,71,.225,58,72,130,25,9,17,31,93,186
8,1,35,17.1,2.4,4.8,.506,2.4,4.8,.506,0.0,0.0,,0.5,2.0,.225,3.7,0.7,0.3,0.5,0.9,2.7,5.3
8,2,35,600,5.7,11.2,.506,5.7,11.2,.506,0.0,0.0,,1.1,4.7,.225,8.7,1.7,0.6,1.1,2.1,6.2,12.4
8,3,35,600,9.0,17.7,.506,9.0,17.7,.506,0.0,0.0,,1.7,7.5,.225,13.7,2.6,0.9,1.8,3.3,9.8,19.6,,95.0,101.6
8,4,35,600,13.0,.461,.506,.000,.423,191,12.0,14.9,13.5,9.4,0.9,3.6,13.3,21.3,,0.4,0.7,1.1,.074,,-2.2,1.0,-1.2
9,0,8,30,2,7,.286,1,3,.333,1,4,.250,0,0,,0,0,0,0,0,0,3,0,5
9,1,8,3.8,0.3,0.9,.286,0.1,0.4,.333,0.1,0.5,.250,0.0,0.0,,0.0,0.0,0.0,0.0,0.4,0.0,0.6
9,2,8,30,2.7,9.3,.286,1.3,4.0,.333,1.3,5.3,.250,0.0,0.0,,0.0,0.0,0.0,0.0,4.0,0.0,6.7
9,3,8,30,4.2,14.7,.286,2.1,6.3,.333,2.1,8.4,.250,0.0,0.0,,0.0,0.0,0.0,0.0,6.3,0.0,10.5,,49.9,112.7
9,4,8,30,-4.8,.357,.357,.571,.000,4,0.0,0.0,0.0,0.0,0.0,0.0,30.0,18.3,,-0.1,0.0,-0.1,-.124,,-9.3,-3.9,-13.2
10,0,35,996,119,275,.433,92,206,.447,27,69,.391,125,157,.796,19,85,104,141,26,2,75,64,390
10,1,35,28.5,3.4,7.9,.433,2.6,5.9,.447,0.8,2.0,.391,3.6,4.5,.796,3.0,4.0,0.7,0.1,2.1,1.8,11.1
10,2,35,996,4.8,11.0,.433,3.7,8.3,.447,1.1,2.8,.391,5.0,6.3,.796,4.2,5.7,1.0,0.1,3.0,2.6,15.7
10,3,35,996,7.5,17.4,.433,5.8,13.1,.447,1.7,4.4,.391,7.9,10.0,.796,6.6,8.9,1.6,0.1,4.8,4.1,24.7,,111.0,104.0
10,4,35,996,18.7,.558,.482,.251,.571,415,2.4,10.6,6.5,30.3,1.6,0.3,17.7,23.5,,2.6,1.0,3.6,.143,,2.7,-0.9,1.8
11,0,33,592,85,193,.440,74,155,.477,11,38,.289,70,95,.737,28,61,89,10,8,4,32,62,251
11,1,33,17.9,2.6,5.8,.440,2.2,4.7,.477,0.3,1.2,.289,2.1,2.9,.737,2.7,0.3,0.2,0.1,1.0,1.9,7.6
11,2,33,592,5.7,13.0,.440,5.0,10.5,.477,0.7,2.6,.289,4.7,6.4,.737,6.0,0.7,0.5,0.3,2.2,4.2,17.0
11,3,33,592,9.1,20.6,.440,7.9,16.5,.477,1.2,4.1,.289,7.5,10.1,.737,9.5,1.1,0.9,0.4,3.4,6.6,26.8,,103.6,104.3
11,4,33,592,15.1,.527,.469,.197,.492,223,5.9,12.8,9.3,3.8,0.9,0.9,11.8,25.1,,1.0,0.5,1.6,.105,,-1.5,-2.9,-4.4
12,0,1,7,1,1,1.000,1,1,1.000,0,0,,0,0,,1,0,1,0,1,0,1,0,2
12,1,1,7.0,1.0,1.0,1.000,1.0,1.0,1.000,0.0,0.0,,0.0,0.0,,1.0,0.0,1.0,0.0,1.0,0.0,2.0
12,2,1,7,5.7,5.7,1.000,5.7,5.7,1.000,0.0,0.0,,0.0,0.0,,5.7,0.0,5.7,0.0,5.7,0.0,11.4
12,3,1,7,9.0,9.0,1.000,9.0,9.0,1.000,0.0,0.0,,0.0,0.0,,9.0,0.0,9.0,0.0,9.0,0.0,18.1,,92.7,92.2
12,4,1,7,22.1,1.000,1.000,.000,.000,2,17.8,0.0,8.9,0.0,9.0,0.0,50.0,15.7,,0.0,0.0,0.0,.097,,2.5,3.5,6.0
13,0,35,882,97,255,.380,69,179,.385,28,76,.368,62,80,.775,18,104,122,66,32,0,63,70,284
13,1,35,25.2,2.8,7.3,.380,2.0,5.1,.385,0.8,2.2,.368,1.8,2.3,.775,3.5,1.9,0.9,0.0,1.8,2.0,8.1
13,2,35,882,4.4,11.6,.380,3.1,8.1,.385,1.3,3.4,.368,2.8,3.6,.775,5.5,3.0,1.5,0.0,2.9,3.2,12.9
13,3,35,882,6.9,18.3,.380,4.9,12.8,.385,2.0,5.4,.368,4.4,5.7,.775,8.7,4.7,2.3,0.0,4.5,5.0,20.3,,93.7,100.8
13,4,35,882,12.3,.485,.435,.298,.314,279,2.5,14.6,8.6,15.7,2.3,0.0,17.7,22.2,,0.5,1.1,1.6,.072,,-1.5,0.3,-1.1
14,0,20,119,19,35,.543,19,34,.559,0,1,.000,8,12,.667,6,18,24,1,3,3,7,18,46
14,1,20,6.0,1.0,1.8,.543,1.0,1.7,.559,0.0,0.1,.000,0.4,0.6,.667,1.2,0.1,0.2,0.2,0.4,0.9,2.3
14,2,20,119,6.4,11.8,.543,6.4,11.4,.559,0.0,0.3,.000,2.7,4.0,.667,8.1,0.3,1.0,1.0,2.4,6.1,15.5
14,3,20,119,10.1,18.6,.543,10.1,18.1,.559,0.0,0.5,.000,4.2,6.4,.667,12.7,0.5,1.6,1.6,3.7,9.6,24.4,,101.9,98.7
14,4,20,119,16.1,.565,.543,.029,.343,38,6.3,18.8,12.5,2.0,1.6,3.2,14.7,22.1,,0.2,0.2,0.3,.111,,-3.4,-1.1,-4.4
15,0,13,60,2,9,.222,1,3,.333,1,6,.167,0,1,.000,5,13,18,3,3,0,2,4,5
15,1,13,4.6,0.2,0.7,.222,0.1,0.2,.333,0.1,0.5,.167,0.0,0.1,.000,1.4,0.2,0.2,0.0,0.2,0.3,0.4
15,2,13,60,1.3,6.0,.222,0.7,2.0,.333,0.7,4.0,.167,0.0,0.7,.000,12.0,2.0,2.0,0.0,1.3,2.7,3.3
15,3,13,60,2.1,9.5,.222,1.1,3.2,.333,1.1,6.3,.167,0.0,1.1,.000,19.0,3.2,3.2,0.0,2.1,4.2,5.3,,80.4,93.7
15,4,13,60,9.1,.264,.278,.667,.111,9,10.4,26.9,18.6,9.0,3.2,0.0,17.4,10.5,,0.0,0.1,0.1,.059,,-3.0,2.6,-0.4
