0,0,34,1294,225,532,.423,119,245,.486,106,287,.369,131,175,.749,16,134,150,100,26,3,67,52,687
0,1,34,38.1,6.6,15.6,.423,3.5,7.2,.486,3.1,8.4,.369,3.9,5.1,.749,4.4,2.9,0.8,0.1,2.0,1.5,20.2
0,2,34,1294,7.0,16.4,.423,3.7,7.6,.486,3.3,8.9,.369,4.0,5.4,.749,4.6,3.1,0.8,0.1,2.1,1.6,21.2
0,3,34,1294,11.6,27.5,.423,6.2,12.7,.486,5.5,14.8,.369,6.8,9.1,.749,7.8,5.2,1.3,0.2,3.5,2.7,35.5,,115.6,107.5
0,4,34,1294,23.8,.558,.523,.539,.329,623,1.6,13.5,7.5,19.8,1.3,0.3,9.8,30.3,,4.6,0.9,5.5,.171,,8.4,-0.2,8.2
1,0,16,64,4,13,.308,3,10,.300,1,3,.333,3,8,.375,1,5,6,1,1,1,5,8,12
1,1,16,4.0,0.3,0.8,.308,0.2,0.6,.300,0.1,0.2,.333,0.2,0.5,.375,0.4,0.1,0.1,0.1,0.3,0.5,0.8
1,2,16,64,2.5,8.1,.308,1.9,6.3,.300,0.6,1.9,.333,1.9,5.0,.375,3.8,0.6,0.6,0.6,3.1,5.0,7.5
1,3,16,64,4.2,13.6,.308,3.1,10.5,.300,1.0,3.1,.333,3.1,8.4,.375,6.3,1.0,1.0,1.0,5.2,8.4,12.5,,63.4,108.2
1,4,16,64,-0.3,.357,.346,.231,.615,11,2.0,10.1,6.1,3.1,1.0,1.9,22.9,19.6,,-0.2,0.0,-0.1,-.068,,-7.7,0.3,-7.4
2,0,33,1085,174,318,.547,147,251,.586,27,67,.403,58,78,.744,75,134,209,57,28,46,54,76,433
2,1,33,32.9,5.3,9.6,.547,4.5,7.6,.586,0.8,2.0,.403,1.8,2.4,.744,6.3,1.7,0.8,1.4,1.6,2.3,13.1
2,2,33,1085,6.4,11.7,.547,5.4,9.3,.586,1.0,2.5,.403,2.1,2.9,.744,7.7,2.1,1.0,1.7,2.0,2.8,16.0
2,3,33,1085,10.7,19.6,.547,9.1,15.5,.586,1.7,4.1,.403,3.6,4.8,.744,12.9,3.5,1.7,2.8,3.3,4.7,26.7,,120.2,102.7
2,4,33,1085,24.6,.610,.590,.211,.245,411,9.0,16.0,12.5,13.0,1.7,5.2,13.2,21.7,,3.4,1.3,4.7,.174,,6.1,4.9,10.9
3,0,11,167,25,72,.347,18,44,.409,7,28,.250,7,12,.583,8,14,22,9,3,0,9,12,64
3,1,11,15.2,2.3,6.5,.347,1.6,4.0,.409,0.6,2.5,.250,0.6,1.1,.583,2.0,0.8,0.3,0.0,0.8,1.1,5.8
3,2,11,167,6.0,17.2,.347,4.3,10.5,.409,1.7,6.7,.250,1.7,2.9,.583,5.3,2.2,0.7,0.0,2.2,2.9,15.3
3,3,11,167,10.0,28.9,.347,7.2,17.6,.409,2.8,11.2,.250,2.8,4.8,.583,8.8,3.6,1.2,0.0,3.6,4.8,25.6,,89.7,108.9
3,4,11,167,11.5,.412,.396,.389,.167,61,6.2,10.9,8.6,13.0,1.2,0.0,10.4,29.9,,0.0,0.1,0.1,.025,,-0.8,-1.8,-2.6
4,0,34,1048,71,165,.430,60,133,.451,11,32,.344,61,81,.753,21,111,132,173,35,4,82,89,214
4,1,34,30.8,2.1,4.9,.430,1.8,3.9,.451,0.3,0.9,.344,1.8,2.4,.753,3.9,5.1,1.0,0.1,2.4,2.6,6.3
4,2,34,1048,2.7,6.3,.430,2.3,5.1,.451,0.4,1.2,.344,2.3,3.1,.753,5.0,6.6,1.3,0.2,3.1,3.4,8.2
4,3,34,1048,4.5,10.5,.430,3.8,8.5,.451,0.7,2.0,.344,3.9,5.2,.753,8.4,11.0,2.2,0.3,5.2,5.7,13.7,,103.3,105.0
4,4,34,1048,13.9,.526,.464,.194,.491,287,2.6,13.8,8.2,33.3,2.2,0.5,28.7,15.7,,1.3,1.0,2.3,.086,,1.2,2.5,3.7
5,0,1,1,0,0,,0,0,,0,0,,0,0,,0,0,0,0,0,0,0,0,0
5,1,1,1.0,0.0,0.0,,0.0,0.0,,0.0,0.0,,0.0,0.0,,0.0,0.0,0.0,0.0,0.0,0.0,0.0
5,2,1,1,0.0,0.0,,0.0,0.0,,0.0,0.0,,0.0,0.0,,0.0,0.0,0.0,0.0,0.0,0.0,0.0
5,3,1,1,0.0,0.0,,0.0,0.0,,0.0,0.0,,0.0,0.0,,0.0,0.0,0.0,0.0,0.0,0.0,0.0,,,116.5
5,4,1,1,0.0,,,,,0,0.0,0.0,0.0,0.0,0.0,0.0,,0.0,,0.0,0.0,0.0,-.006,,-3.1,2.2,-0.9
6,0,33,1045,114,269,.424,74,156,.474,40,113,.354,60,70,.857,49,99,148,19,17,9,38,83,328
6,1,33,31.7,3.5,8.2,.424,2.2,4.7,.474,1.2,3.4,.354,1.8,2.1,.857,4.5,0.6,0.5,0.3,1.2,2.5,9.9
6,2,33,1045,4.4,10.3,.424,2.8,6.0,.474,1.5,4.3,.354,2.3,2.7,.857,5.7,0.7,0.7,0.3,1.5,3.2,12.6
6,3,33,1045,7.3,17.2,.424,4.7,10.0,.474,2.6,7.2,.354,3.8,4.5,.857,9.5,1.2,1.1,0.6,2.4,5.3,21.0,,111.0,107.9
6,4,33,1045,14.3,.543,.498,.420,.260,300,6.1,12.3,9.2,4.0,1.1,1.1,11.2,18.7,,1.9,0.7,2.6,.100,,2.7,0.8,3.4
7,0,34,1031,85,159,.535,85,159,.535,0,0,,34,60,.567,74,115,189,21,12,5,43,90,204
7,1,34,30.3,2.5,4.7,.535,2.5,4.7,.535,0.0,0.0,,1.0,1.8,.567,5.6,0.6,0.4,0.1,1.3,2.6,6.0
7,2,34,1031,3.3,6.2,.535,3.3,6.2,.535,0.0,0.0,,1.3,2.3,.567,7.3,0.8,0.5,0.2,1.7,3.5,7.9
7,3,34,1031,5.5,10.3,.535,5.5,10.3,.535,0.0,0.0,,2.2,3.9,.567,12.3,1.4,0.8,0.3,2.8,5.8,13.2,,105.7,107.9
7,4,34,1031,10.9,.544,.535,.000,.377,214,9.3,14.5,11.9,4.2,0.8,0.6,18.7,12.9,,1.1,0.7,1.8,.069,,0.5,2.1,2.7
8,0,16,65,3,13,.231,3,11,.273,0,2,.000,0,2,.000,5,4,9,1,0,0,4,6,6
8,1,16,4.1,0.2,0.8,.231,0.2,0.7,.273,0.0,0.1,.000,0.0,0.1,.000,0.6,0.1,0.0,0.0,0.3,0.4,0.4
8,2,16,65,1.8,8.0,.231,1.8,6.8,.273,0.0,1.2,.000,0.0,1.2,.000,5.5,0.6,0.0,0.0,2.5,3.7,3.7
8,3,16,65,3.1,13.4,.231,3.1,11.3,.273,0.0,2.1,.000,0.0,2.1,.000,9.3,1.0,0.0,0.0,4.1,6.2,6.2,,54.7,112.7
8,4,16,65,-3.2,.215,.231,.154,.154,8,10.0,8.0,9.0,3.0,0.0,0.0,22.3,15.9,,-0.2,0.0,-0.2,-.099,,-7.7,-0.9,-8.6
9,0,28,251,25,63,.397,19,38,.500,6,25,.240,14,22,.636,3,14,17,12,15,3,13,35,70
9,1,28,9.0,0.9,2.3,.397,0.7,1.4,.500,0.2,0.9,.240,0.5,0.8,.636,0.6,0.4,0.5,0.1,0.5,1.3,2.5
9,2,28,251,4.0,10.0,.397,3.0,6.1,.500,1.0,4.0,.240,2.2,3.5,.636,2.7,1.9,2.4,0.5,2.1,5.6,11.2
9,3,28,251,6.7,16.8,.397,5.1,10.1,.500,1.6,6.7,.240,3.7,5.9,.636,4.5,3.2,4.0,0.8,3.5,9.3,18.7,,94.2,102.9
9,4,28,251,11.2,.477,.444,.397,.349,65,1.6,7.2,4.4,10.3,4.0,1.5,15.0,19.8,,0.1,0.3,0.4,.064,,-0.2,2.4,2.3
10,0,32,457,24,76,.316,13,32,.406,11,44,.250,16,24,.667,24,21,45,13,9,9,24,74,75
10,1,32,14.3,0.8,2.4,.316,0.4,1.0,.406,0.3,1.4,.250,0.5,0.8,.667,1.4,0.4,0.3,0.3,0.8,2.3,2.3
10,2,32,457,2.1,6.7,.316,1.1,2.8,.406,1.0,3.9,.250,1.4,2.1,.667,3.9,1.1,0.8,0.8,2.1,6.5,6.6
10,3,32,457,3.5,11.1,.316,1.9,4.7,.406,1.6,6.4,.250,2.3,3.5,.667,6.6,1.9,1.3,1.3,3.5,10.8,11.0,,86.7,108.9
10,4,32,457,4.5,.429,.388,.579,.316,83,6.8,6.0,6.4,5.6,1.3,2.4,21.5,14.0,,-0.1,0.3,0.2,.016,,-0.9,2.1,1.2
11,0,28,292,17,68,.250,10,31,.323,7,37,.189,10,12,.833,10,28,38,7,5,2,9,5,51
11,1,28,10.4,0.6,2.4,.250,0.4,1.1,.323,0.3,1.3,.189,0.4,0.4,.833,1.4,0.3,0.2,0.1,0.3,0.2,1.8
11,2,28,292,2.3,9.3,.250,1.4,4.2,.323,1.0,5.1,.189,1.4,1.6,.833,5.2,1.0,0.7,0.3,1.2,0.7,7.0
11,3,28,292,3.9,15.6,.250,2.3,7.1,.323,1.6,8.5,.189,2.3,2.8,.833,8.7,1.6,1.1,0.5,2.1,1.1,11.7,,80.8,108.2
11,4,28,292,5.9,.346,.301,.544,.176,53,4.5,12.5,8.5,4.7,1.1,0.8,10.9,16.3,,-0.2,0.2,0.0,.001,,-2.9,0.3,-2.7
