0,0,6,5,0,0,,0,0,,0,0,,0,0,,0,1,1,0,0,0,0,0,0
0,1,6,0.8,0.0,0.0,,0.0,0.0,,0.0,0.0,,0.0,0.0,,0.2,0.0,0.0,0.0,0.0,0.0,0.0
0,2,6,5,0.0,0.0,,0.0,0.0,,0.0,0.0,,0.0,0.0,,8.0,0.0,0.0,0.0,0.0,0.0,0.0
0,3,6,5,0.0,0.0,,0.0,0.0,,0.0,0.0,,0.0,0.0,,12.0,0.0,0.0,0.0,0.0,0.0,0.0,,,107.5
0,4,6,5,3.7,,,,,0,0.0,23.2,11.6,0.0,0.0,0.0,,0.0,,0.0,0.0,0.0,.041,,-6.1,0.1,-6.0
1,0,22,285,13,26,.500,13,25,.520,0,1,.000,7,11,.636,18,25,43,0,3,29,14,51,33
1,1,22,13.0,0.6,1.2,.500,0.6,1.1,.520,0.0,0.0,.000,0.3,0.5,.636,2.0,0.0,0.1,1.3,0.6,2.3,1.5
1,2,22,285,1.8,3.6,.500,1.8,3.5,.520,0.0,0.1,.000,1.0,1.5,.636,6.0,0.0,0.4,4.1,2.0,7.2,4.6
1,3,22,285,2.7,5.5,.500,2.7,5.3,.520,0.0,0.2,.000,1.5,2.3,.636,9.1,0.0,0.6,6.1,3.0,10.8,7.0,,89.6,104.8
1,4,22,285,7.2,.528,.500,.038,.423,38,7.3,10.2,8.8,0.0,0.6,11.8,31.0,8.3,,0.0,0.4,0.3,.047,,-3.9,5.5,1.6
2,0,34,1196,163,379,.430,138,293,.471,25,86,.291,157,200,.785,31,120,151,182,53,6,92,87,508
2,1,34,35.2,4.8,11.1,.430,4.1,8.6,.471,0.7,2.5,.291,4.6,5.9,.785,4.4,5.4,1.6,0.2,2.7,2.6,14.9
2,2,34,1196,5.5,12.7,.430,4.6,9.8,.471,0.8,2.9,.291,5.3,6.7,.785,5.1,6.1,1.8,0.2,3.1,2.9,17.0
2,3,34,1196,8.2,19.1,.430,7.0,14.8,.471,1.3,4.3,.291,7.9,10.1,.785,7.6,9.2,2.7,0.3,4.6,4.4,25.6,,110.8,105.8
2,4,34,1196,20.1,.536,.463,.227,.528,553,3.0,11.6,7.3,33.1,2.7,0.6,16.3,24.7,,2.7,1.4,4.1,.136,,4.8,1.3,6.1
3,0,34,672,81,180,.450,62,117,.530,19,63,.302,30,51,.588,47,81,128,27,14,53,16,113,211
3,1,34,19.8,2.4,5.3,.450,1.8,3.4,.530,0.6,1.9,.302,0.9,1.5,.588,3.8,0.8,0.4,1.6,0.5,3.3,6.2
3,2,34,672,4.8,10.7,.450,3.7,7.0,.530,1.1,3.8,.302,1.8,3.0,.588,7.6,1.6,0.8,3.2,1.0,6.7,12.6
3,3,34,672,7.3,16.1,.450,5.6,10.5,.530,1.7,5.6,.302,2.7,4.6,.588,11.5,2.4,1.3,4.8,1.4,10.1,18.9,,115.0,103.1
3,4,34,672,16.9,.517,.503,.350,.283,213,8.1,14.0,11.0,8.4,1.3,9.2,7.3,17.1,,1.2,1.0,2.2,.129,,2.2,5.0,7.2
4,0,21,429,51,135,.378,30,69,.435,21,66,.318,17,22,.773,4,31,35,12,6,1,26,42,140
4,1,21,20.4,2.4,6.4,.378,1.4,3.3,.435,1.0,3.1,.318,0.8,1.0,.773,1.7,0.6,0.3,0.0,1.2,2.0,6.7
4,2,21,429,4.8,12.6,.378,2.8,6.4,.435,2.0,6.2,.318,1.6,2.1,.773,3.3,1.1,0.6,0.1,2.4,3.9,13.1
4,3,21,429,7.2,19.0,.378,4.2,9.7,.435,2.9,9.3,.318,2.4,3.1,.773,4.9,1.7,0.8,0.1,3.7,5.9,19.7,,90.4,111.3
4,4,21,429,7.1,.481,.456,.489,.163,123,1.1,8.4,4.7,5.9,0.8,0.3,15.2,20.9,,-0.1,0.3,0.2,.020,,-1.5,-2.0,-3.5
5,0,8,14,1,1,1.000,1,1,1.000,0,0,,0,0,,1,0,1,0,0,0,0,2,2
5,1,8,1.8,0.1,0.1,1.000,0.1,0.1,1.000,0.0,0.0,,0.0,0.0,,0.1,0.0,0.0,0.0,0.0,0.3,0.3
5,2,8,14,2.9,2.9,1.000,2.9,2.9,1.000,0.0,0.0,,0.0,0.0,,2.9,0.0,0.0,0.0,0.0,5.7,5.7
5,3,8,14,4.3,4.3,1.000,4.3,4.3,1.000,0.0,0.0,,0.0,0.0,,4.3,0.0,0.0,0.0,0.0,8.6,8.6,,205.4,116.7
5,4,8,14,8.1,1.000,1.000,.000,.000,2,8.3,0.0,4.1,0.0,0.0,0.0,0.0,3.7,,0.0,0.0,0.0,.093,,2.7,-2.5,0.2
6,0,7,68,2,6,.333,2,6,.333,0,0,,4,4,1.000,1,10,11,1,2,3,0,12,8
6,1,7,9.7,0.3,0.9,.333,0.3,0.9,.333,0.0,0.0,,0.6,0.6,1.000,1.6,0.1,0.3,0.4,0.0,1.7,1.1
6,2,7,68,1.2,3.5,.333,1.2,3.5,.333,0.0,0.0,,2.4,2.4,1.000,6.5,0.6,1.2,1.8,0.0,7.1,4.7
6,3,7,68,1.8,5.3,.333,1.8,5.3,.333,0.0,0.0,,3.5,3.5,1.000,9.7,0.9,1.8,2.7,0.0,10.6,7.1,,127.8,102.6
6,4,7,68,8.4,.506,.333,.000,.667,8,1.7,17.0,9.4,2.6,1.8,5.1,0.0,6.1,,0.1,0.1,0.2,.097,,-2.0,4.3,2.3
7,0,34,1171,209,462,.452,163,321,.508,46,141,.326,140,186,.753,61,106,167,58,27,11,72,96,604
7,1,34,34.4,6.1,13.6,.452,4.8,9.4,.508,1.4,4.1,.326,4.1,5.5,.753,4.9,1.7,0.8,0.3,2.1,2.8,17.8
7,2,34,1171,7.1,15.8,.452,5.6,11.0,.508,1.6,4.8,.326,4.8,6.4,.753,5.7,2.0,0.9,0.4,2.5,3.3,20.6
7,3,34,1171,10.8,23.8,.452,8.4,16.5,.508,2.4,7.3,.326,7.2,9.6,.753,8.6,3.0,1.4,0.6,3.7,4.9,31.1,,111.2,108.9
7,4,34,1171,19.9,.549,.502,.305,.403,566,6.1,10.5,8.3,11.9,1.4,1.1,11.6,27.7,,2.8,1.0,3.8,.130,,4.5,-0.6,3.9
8,0,18,333,30,86,.349,12,26,.462,18,60,.300,25,33,.758,9,40,49,18,4,3,11,25,103
8,1,18,18.5,1.7,4.8,.349,0.7,1.4,.462,1.0,3.3,.300,1.4,1.8,.758,2.7,1.0,0.2,0.2,0.6,1.4,5.7
8,2,18,333,3.6,10.3,.349,1.4,3.1,.462,2.2,7.2,.300,3.0,4.0,.758,5.9,2.2,0.5,0.4,1.3,3.0,12.4
8,3,18,333,5.4,15.6,.349,2.2,4.7,.462,3.3,10.9,.300,4.5,6.0,.758,8.9,3.3,0.7,0.5,2.0,4.5,18.6,,109.6,108.9
8,4,18,333,12.3,.507,.453,.698,.384,101,3.1,13.9,8.5,10.7,0.7,1.0,9.8,17.7,,0.5,0.3,0.8,.090,,2.2,-0.8,1.4
9,0,34,848,105,266,.395,59,123,.480,46,143,.322,57,65,.877,41,126,167,19,5,36,33,98,313
9,1,34,24.9,3.1,7.8,.395,1.7,3.6,.480,1.4,4.2,.322,1.7,1.9,.877,4.9,0.6,0.1,1.1,1.0,2.9,9.2
9,2,34,848,5.0,12.5,.395,2.8,5.8,.480,2.2,6.7,.322,2.7,3.1,.877,7.9,0.9,0.2,1.7,1.6,4.6,14.8
9,3,34,848,7.5,18.9,.395,4.2,8.7,.480,3.3,10.2,.322,4.0,4.6,.877,11.9,1.3,0.4,2.6,2.3,7.0,22.2,,109.5,106.2
9,4,34,848,15.0,.527,.481,.538,.244,290,5.6,17.2,11.4,4.7,0.4,4.9,10.0,20.3,,1.3,1.0,2.3,.107,,1.6,0.7,2.3
10,0,32,379,31,57,.544,28,47,.596,3,10,.300,38,55,.691,13,39,52,17,16,0,20,42,103
10,1,32,11.8,1.0,1.8,.544,0.9,1.5,.596,0.1,0.3,.300,1.2,1.7,.691,1.6,0.5,0.5,0.0,0.6,1.3,3.2
10,2,32,379,3.3,6.0,.544,3.0,5.0,.596,0.3,1.1,.300,4.0,5.8,.691,5.5,1.8,1.7,0.0,2.1,4.4,10.9
10,3,32,379,4.9,9.1,.544,4.5,7.5,.596,0.5,1.6,.300,6.0,8.7,.691,8.3,2.7,2.5,0.0,3.2,6.7,16.4,,114.0,106.0
10,4,32,379,13.2,.620,.570,.175,.965,102,4.0,11.9,8.0,8.7,2.5,0.0,19.4,14.2,,0.6,0.4,1.0,.105,,1.1,1.1,2.2
11,0,34,999,100,228,.439,91,198,.460,9,30,.300,75,109,.688,64,175,239,33,19,12,51,77,284
11,1,34,29.4,2.9,6.7,.439,2.7,5.8,.460,0.3,0.9,.300,2.2,3.2,.688,7.0,1.0,0.6,0.4,1.5,2.3,8.4
11,2,34,999,4.0,9.1,.439,3.6,7.9,.460,0.4,1.2,.300,3.0,4.4,.688,9.6,1.3,0.8,0.5,2.0,3.1,11.4
11,3,34,999,6.0,13.8,.439,5.5,11.9,.460,0.5,1.8,.300,4.5,6.6,.688,14.4,2.0,1.1,0.7,3.1,4.6,17.1,,103.1,105.0
11,4,34,999,13.4,.508,.458,.132,.478,292,7.4,20.3,13.9,6.7,1.1,1.4,15.4,17.3,,0.9,1.2,2.1,.085,,-0.4,1.4,1.0
12,0,20,88,4,7,.571,4,7,.571,0,0,,4,6,.667,5,14,19,2,0,4,2,23,12
12,1,20,4.4,0.2,0.4,.571,0.2,0.4,.571,0.0,0.0,,0.2,0.3,.667,1.0,0.1,0.0,0.2,0.1,1.2,0.6
12,2,20,88,1.8,3.2,.571,1.8,3.2,.571,0.0,0.0,,1.8,2.7,.667,8.6,0.9,0.0,1.8,0.9,10.5,5.5
12,3,20,88,2.7,4.8,.571,2.7,4.8,.571,0.0,0.0,,2.7,4.1,.667,13.0,1.4,0.0,2.7,1.4,15.7,8.2,,124.3,105.4
12,4,20,88,7.7,.609,.571,.000,.857,14,6.6,18.4,12.5,4.1,0.0,5.3,16.9,7.0,,0.1,0.1,0.2,.095,,-1.5,2.8,1.3
13,0,31,389,30,82,.366,7,23,.304,23,59,.390,5,12,.417,5,24,29,15,5,1,15,43,88
13,1,31,12.5,1.0,2.6,.366,0.2,0.7,.304,0.7,1.9,.390,0.2,0.4,.417,0.9,0.5,0.2,0.0,0.5,1.4,2.8
13,2,31,389,3.1,8.4,.366,0.7,2.4,.304,2.4,6.1,.390,0.5,1.2,.417,3.0,1.5,0.5,0.1,1.5,4.4,9.0
13,3,31,389,4.6,12.7,.366,1.1,3.6,.304,3.6,9.1,.390,0.8,1.9,.417,4.5,2.3,0.8,0.2,2.3,6.7,13.6,,97.6,111.9
13,4,31,389,5.9,.502,.506,.720,.146,81,1.5,7.1,4.3,7.4,0.8,0.3,14.6,13.8,,0.1,0.2,0.4,.038,,0.0,-1.2,-1.2
