0,0,24,650,118,285,.414,88,203,.433,30,82,.366,89,108,.824,8,55,63,46,12,12,52,66,355
0,1,24,27.1,4.9,11.9,.414,3.7,8.5,.433,1.3,3.4,.366,3.7,4.5,.824,2.6,1.9,0.5,0.5,2.2,2.8,14.8
0,2,24,650,7.3,17.5,.414,5.4,12.5,.433,1.8,5.0,.366,5.5,6.6,.824,3.9,2.8,0.7,0.7,3.2,4.1,21.8
0,3,24,650,11.2,27.1,.414,8.4,19.3,.433,2.9,7.8,.366,8.5,10.3,.824,6.0,4.4,1.1,1.1,4.9,6.3,33.7,,105.1,108.3
0,4,24,650,17.9,.528,.467,.288,.379,315,1.5,10.1,5.8,16.7,1.1,2.0,13.4,31.5,,1.4,0.5,1.8,.112,,1.2,-2.1,-0.8
1,0,16,302,30,65,.462,30,63,.476,0,2,.000,17,27,.630,38,43,81,8,14,15,16,38,77
1,1,16,18.9,1.9,4.1,.462,1.9,3.9,.476,0.0,0.1,.000,1.1,1.7,.630,5.1,0.5,0.9,0.9,1.0,2.4,4.8
1,2,16,302,4.0,8.6,.462,4.0,8.3,.476,0.0,0.3,.000,2.3,3.6,.630,10.7,1.1,1.9,2.0,2.1,5.0,10.2
1,3,16,302,6.1,13.3,.462,6.1,12.9,.476,0.0,0.4,.000,3.5,5.5,.630,16.6,1.6,2.9,3.1,3.3,7.8,15.8,,105.1,99.6
1,4,16,302,16.9,.495,.462,.031,.415,86,15.3,17.0,16.2,5.2,2.9,5.4,17.1,16.4,,0.4,0.5,0.8,.111,,-0.1,3.8,3.7
2,0,32,777,101,205,.493,98,192,.510,3,13,.231,56,85,.659,84,107,191,26,21,35,54,84,261
2,1,32,24.3,3.2,6.4,.493,3.1,6.0,.510,0.1,0.4,.231,1.8,2.7,.659,6.0,0.8,0.7,1.1,1.7,2.6,8.2
2,2,32,777,5.2,10.6,.493,5.0,9.9,.510,0.2,0.7,.231,2.9,4.4,.659,9.8,1.3,1.1,1.8,2.8,4.3,13.4
2,3,32,777,8.0,16.3,.493,7.8,15.3,.510,0.2,1.0,.231,4.5,6.8,.659,15.2,2.1,1.7,2.8,4.3,6.7,20.8,,104.7,102.9
2,4,32,777,17.5,.532,.500,.063,.415,266,13.1,16.5,14.8,7.0,1.7,4.9,18.0,20.3,,1.1,0.9,2.1,.107,,0.2,2.5,2.6
3,0,23,109,7,14,.500,7,14,.500,0,0,,5,15,.333,8,15,23,1,1,8,14,25,19
3,1,23,4.7,0.3,0.6,.500,0.3,0.6,.500,0.0,0.0,,0.2,0.7,.333,1.0,0.0,0.0,0.3,0.6,1.1,0.8
3,2,23,109,2.6,5.1,.500,2.6,5.1,.500,0.0,0.0,,1.8,5.5,.333,8.4,0.4,0.4,2.9,5.1,9.2,7.0
3,3,23,109,4.0,7.9,.500,4.0,7.9,.500,0.0,0.0,,2.8,8.5,.333,13.0,0.6,0.6,4.5,7.9,14.2,10.8,,63.4,103.1
3,4,23,109,2.3,.450,.500,.000,1.071,20,8.9,16.4,12.7,1.7,0.6,8.0,39.9,17.0,,-0.3,0.1,-0.1,-.045,,-8.7,2.6,-6.0
4,0,12,52,3,11,.273,1,3,.333,2,8,.250,2,2,1.000,0,2,2,4,1,0,1,3,10
4,1,12,4.3,0.3,0.9,.273,0.1,0.3,.333,0.2,0.7,.250,0.2,0.2,1.000,0.2,0.3,0.1,0.0,0.1,0.3,0.8
4,2,12,52,2.3,8.5,.273,0.8,2.3,.333,1.5,6.2,.250,1.5,1.5,1.000,1.5,3.1,0.8,0.0,0.8,2.3,7.7
4,3,12,52,3.6,13.1,.273,1.2,3.6,.333,2.4,9.5,.250,2.4,2.4,1.000,2.4,4.8,1.2,0.0,1.2,3.6,11.9,,103.6,111.8
4,4,12,52,6.7,.418,.364,.727,.182,10,0.0,4.6,2.3,14.0,1.2,0.0,7.7,13.1,,0.0,0.0,0.1,.047,,-1.0,-3.2,-4.2
5,0,30,883,79,196,.403,35,95,.368,44,101,.436,40,55,.727,35,77,112,87,26,9,50,60,242
5,1,30,29.4,2.6,6.5,.403,1.2,3.2,.368,1.5,3.4,.436,1.3,1.8,.727,3.7,2.9,0.9,0.3,1.7,2.0,8.1
5,2,30,883,3.6,8.9,.403,1.6,4.3,.368,2.0,4.6,.436,1.8,2.5,.727,5.1,3.9,1.2,0.4,2.3,2.7,11.0
5,3,30,883,5.5,13.7,.403,2.4,6.6,.368,3.1,7.1,.436,2.8,3.8,.727,7.8,6.1,1.8,0.6,3.5,4.2,16.9,,110.3,107.3
5,4,30,883,14.0,.545,.515,.515,.281,258,4.8,10.4,7.6,19.1,1.8,1.1,18.4,16.2,,1.4,0.7,2.1,.097,,2.8,0.6,3.4
6,0,30,479,50,165,.303,9,33,.273,41,132,.311,11,14,.786,1,35,36,22,12,1,9,45,152
6,1,30,16.0,1.7,5.5,.303,0.3,1.1,.273,1.4,4.4,.311,0.4,0.5,.786,1.2,0.7,0.4,0.0,0.3,1.5,5.1
6,2,30,479,4.2,13.8,.303,0.8,2.8,.273,3.4,11.0,.311,0.9,1.2,.786,3.0,1.8,1.0,0.1,0.8,3.8,12.7
6,3,30,479,6.4,21.3,.303,1.2,4.3,.273,5.3,17.0,.311,1.4,1.8,.786,4.6,2.8,1.5,0.1,1.2,5.8,19.6,,101.6,109.0
6,4,30,479,9.0,.443,.427,.800,.085,133,0.3,8.7,4.5,9.2,1.5,0.2,5.0,19.9,,0.5,0.3,0.8,.064,,0.9,-2.9,-1.9
7,0,28,302,43,76,.566,43,76,.566,0,0,,11,16,.688,16,37,53,7,5,10,13,31,97
7,1,28,10.8,1.5,2.7,.566,1.5,2.7,.566,0.0,0.0,,0.4,0.6,.688,1.9,0.3,0.2,0.4,0.5,1.1,3.5
7,2,28,302,5.7,10.1,.566,5.7,10.1,.566,0.0,0.0,,1.5,2.1,.688,7.0,0.9,0.7,1.3,1.7,4.1,12.8
7,3,28,302,8.8,15.5,.566,8.8,15.5,.566,0.0,0.0,,2.3,3.3,.688,10.8,1.4,1.0,2.0,2.7,6.3,19.8,,111.0,105.8
7,4,28,302,15.5,.580,.566,.000,.211,85,6.4,14.6,10.6,5.0,1.0,3.6,13.5,16.8,,0.5,0.3,0.8,.101,,-0.8,0.4,-0.4
8,0,30,693,54,111,.486,32,62,.516,22,49,.449,16,27,.593,24,74,98,47,15,2,25,33,146
8,1,30,23.1,1.8,3.7,.486,1.1,2.1,.516,0.7,1.6,.449,0.5,0.9,.593,3.3,1.6,0.5,0.1,0.8,1.1,4.9
8,2,30,693,3.1,6.4,.486,1.8,3.6,.516,1.3,2.8,.449,0.9,1.6,.593,5.7,2.7,0.9,0.1,1.4,1.9,8.4
8,3,30,693,4.8,9.9,.486,2.9,5.5,.516,2.0,4.4,.449,1.4,2.4,.593,8.7,4.2,1.3,0.2,2.2,2.9,13.0,,116.9,107.9
8,4,30,693,12.3,.590,.586,.441,.243,150,4.2,12.8,8.5,12.9,1.3,0.3,16.8,11.3,,1.0,0.5,1.5,.089,,1.9,0.4,2.3
9,0,24,239,48,111,.432,13,24,.542,35,87,.402,11,14,.786,3,17,20,7,5,1,14,18,142
9,1,24,10.0,2.0,4.6,.432,0.5,1.0,.542,1.5,3.6,.402,0.5,0.6,.786,0.8,0.3,0.2,0.0,0.6,0.8,5.9
9,2,24,239,8.0,18.6,.432,2.2,4.0,.542,5.9,14.6,.402,1.8,2.3,.786,3.3,1.2,0.8,0.2,2.3,3.0,23.8
9,3,24,239,12.4,28.7,.432,3.4,6.2,.542,9.0,22.5,.402,2.8,3.6,.786,5.2,1.8,1.3,0.3,3.6,4.7,36.7,,112.8,109.6
9,4,24,239,20.5,.603,.590,.784,.126,106,1.5,8.5,5.0,7.2,1.3,0.5,10.6,29.0,,0.7,0.1,0.8,.132,,5.9,-5.1,0.8
10,0,32,841,135,255,.529,135,255,.529,0,0,,64,104,.615,87,170,257,17,16,48,46,84,334
10,1,32,26.3,4.2,8.0,.529,4.2,8.0,.529,0.0,0.0,,2.0,3.3,.615,8.0,0.5,0.5,1.5,1.4,2.6,10.4
10,2,32,841,6.4,12.1,.529,6.4,12.1,.529,0.0,0.0,,3.0,4.9,.615,12.2,0.8,0.8,2.3,2.2,4.0,15.9
10,3,32,841,9.9,18.7,.529,9.9,18.7,.529,0.0,0.0,,4.7,7.6,.615,18.9,1.2,1.2,3.5,3.4,6.2,24.5,,110.3,100.1
10,4,32,841,21.7,.549,.529,.000,.408,314,12.6,24.2,18.4,4.5,1.2,6.2,13.1,21.9,,1.8,1.2,3.0,.142,,-0.2,1.9,1.8
11,0,32,1030,112,257,.436,79,188,.420,33,69,.478,139,176,.790,19,71,90,183,46,1,80,80,396
11,1,32,32.2,3.5,8.0,.436,2.5,5.9,.420,1.0,2.2,.478,4.3,5.5,.790,2.8,5.7,1.4,0.0,2.5,2.5,12.4
11,2,32,1030,4.3,10.0,.436,3.1,7.3,.420,1.3,2.7,.478,5.4,6.8,.790,3.5,7.1,1.8,0.0,3.1,3.1,15.4
11,3,32,1030,6.7,15.4,.436,4.7,11.3,.420,2.0,4.1,.478,8.3,10.6,.790,5.4,11.0,2.8,0.1,4.8,4.8,23.8,,118.4,106.6
11,4,32,1030,20.3,.581,.500,.268,.685,442,2.2,8.2,5.3,35.8,2.8,0.1,19.0,21.5,,3.2,0.9,4.1,.158,,4.8,-0.8,4.0
12,0,24,143,7,20,.350,6,10,.600,1,10,.100,3,5,.600,4,10,14,17,10,0,14,24,18
12,1,24,6.0,0.3,0.8,.350,0.3,0.4,.600,0.0,0.4,.100,0.1,0.2,.600,0.6,0.7,0.4,0.0,0.6,1.0,0.8
12,2,24,143,2.0,5.6,.350,1.7,2.8,.600,0.3,2.8,.100,0.8,1.4,.600,3.9,4.8,2.8,0.0,3.9,6.7,5.0
12,3,24,143,3.0,8.6,.350,2.6,4.3,.600,0.4,4.3,.100,1.3,2.2,.600,6.0,7.3,4.3,0.0,6.0,10.4,7.8,,75.6,102.8
12,4,24,143,5.3,.402,.375,.500,.250,26,3.4,8.4,5.9,21.4,4.3,0.0,38.5,13.4,,-0.1,0.2,0.0,.007,,-3.2,1.4,-1.9
