0,0,10,32,2,6,.333,2,4,.500,0,2,.000,2,3,.667,0,0,0,3,1,0,3,1,6
0,1,10,3.2,0.2,0.6,.333,0.2,0.4,.500,0.0,0.2,.000,0.2,0.3,.667,0.0,0.3,0.1,0.0,0.3,0.1,0.6
0,2,10,32,2.5,7.5,.333,2.5,5.0,.500,0.0,2.5,.000,2.5,3.8,.667,0.0,3.8,1.3,0.0,3.8,1.3,7.5
0,3,10,32,3.8,11.4,.333,3.8,7.6,.500,0.0,3.8,.000,3.8,5.7,.667,0.0,5.7,1.9,0.0,5.7,1.9,11.4,,73.6,112.3
0,4,10,32,3.5,.404,.333,.333,.500,7,0.0,0.0,0.0,19.4,1.9,0.0,28.8,16.9,,0.0,0.0,0.0,-.045,,-8.0,-6.1,-14.1
1,0,22,110,5,25,.200,5,25,.200,0,0,,3,6,.500,10,10,20,7,3,5,8,15,13
1,1,22,5.0,0.2,1.1,.200,0.2,1.1,.200,0.0,0.0,,0.1,0.3,.500,0.9,0.3,0.1,0.2,0.4,0.7,0.6
1,2,22,110,1.8,9.1,.200,1.8,9.1,.200,0.0,0.0,,1.1,2.2,.500,7.3,2.5,1.1,1.8,2.9,5.5,4.7
1,3,22,110,2.8,13.9,.200,2.8,13.9,.200,0.0,0.0,,1.7,3.3,.500,11.1,3.9,1.7,2.8,4.4,8.3,7.2,,61.8,105.1
1,4,22,110,2.9,.233,.200,.000,.240,19,10.8,10.9,10.8,12.7,1.7,5.0,22.3,16.9,,-0.2,0.1,-0.2,-.057,,-8.2,2.6,-5.6
2,0,29,723,115,271,.424,94,205,.459,21,66,.318,81,109,.743,21,54,75,26,23,14,82,88,332
2,1,29,24.9,4.0,9.3,.424,3.2,7.1,.459,0.7,2.3,.318,2.8,3.8,.743,2.6,0.9,0.8,0.5,2.8,3.0,11.4
2,2,29,723,6.4,15.0,.424,5.2,11.3,.459,1.2,3.7,.318,4.5,6.0,.743,4.1,1.4,1.3,0.8,4.5,4.9,18.4
2,3,29,723,9.7,22.9,.424,7.9,17.3,.459,1.8,5.6,.318,6.8,9.2,.743,6.3,2.2,1.9,1.2,6.9,7.4,28.0,,90.9,107.0
2,4,29,723,12.7,.514,.463,.244,.402,292,3.4,8.9,6.2,9.3,1.9,2.1,20.3,29.1,,0.2,0.5,0.7,.039,,-2.5,-1.2,-3.7
3,0,30,504,43,97,.443,42,92,.457,1,5,.200,24,37,.649,42,76,118,11,10,36,30,52,111
3,1,30,16.8,1.4,3.2,.443,1.4,3.1,.457,0.0,0.2,.200,0.8,1.2,.649,3.9,0.4,0.3,1.2,1.0,1.7,3.7
3,2,30,504,3.4,7.7,.443,3.3,7.3,.457,0.1,0.4,.200,1.9,2.9,.649,9.4,0.9,0.8,2.9,2.4,4.1,8.8
3,3,30,504,5.2,11.7,.443,5.1,11.1,.457,0.1,0.6,.200,2.9,4.5,.649,14.3,1.3,1.2,4.4,3.6,6.3,13.4,,92.9,101.9
3,4,30,504,13.0,.484,.448,.052,.381,114,9.9,18.0,13.9,4.7,1.2,7.9,20.8,14.9,,0.2,0.6,0.7,.059,,-4.1,3.9,-0.2
4,0,17,374,28,95,.295,13,47,.277,15,48,.313,7,19,.368,2,28,30,39,8,1,19,22,78
4,1,17,22.0,1.6,5.6,.295,0.8,2.8,.277,0.9,2.8,.313,0.4,1.1,.368,1.8,2.3,0.5,0.1,1.1,1.3,4.6
4,2,17,374,3.0,10.2,.295,1.4,5.0,.277,1.6,5.1,.313,0.7,2.0,.368,3.2,4.2,0.9,0.1,2.0,2.4,8.3
4,3,17,374,4.6,15.5,.295,2.1,7.7,.277,2.4,7.8,.313,1.1,3.1,.368,4.9,6.4,1.3,0.2,3.1,3.6,12.7,,83.9,109.7
4,4,17,374,6.3,.375,.374,.505,.200,85,0.6,8.9,4.8,22.2,1.3,0.3,15.4,17.1,,-0.1,0.1,0.0,.001,,-3.2,-2.0,-5.2
5,0,22,163,13,32,.406,9,23,.391,4,9,.444,10,17,.588,9,14,23,3,2,0,10,15,40
5,1,22,7.4,0.6,1.5,.406,0.4,1.0,.391,0.2,0.4,.444,0.5,0.8,.588,1.0,0.1,0.1,0.0,0.5,0.7,1.8
5,2,22,163,3.2,7.9,.406,2.2,5.6,.391,1.0,2.2,.444,2.5,4.2,.588,5.6,0.7,0.5,0.0,2.5,3.7,9.8
5,3,22,163,4.9,12.0,.406,3.4,8.6,.391,1.5,3.4,.444,3.7,6.4,.588,8.6,1.1,0.7,0.0,3.7,5.6,15.0,,92.6,110.4
5,4,22,163,7.6,.499,.469,.281,.531,38,6.5,10.3,8.4,4.0,0.7,0.0,20.0,16.0,,0.0,0.1,0.1,.026,,-3.7,-2.5,-6.2
6,0,32,995,144,346,.416,107,248,.431,37,98,.378,90,125,.720,82,197,279,36,30,5,63,83,415
6,1,32,31.1,4.5,10.8,.416,3.3,7.8,.431,1.2,3.1,.378,2.8,3.9,.720,8.7,1.1,0.9,0.2,2.0,2.6,13.0
6,2,32,995,5.8,13.9,.416,4.3,10.0,.431,1.5,3.9,.378,3.6,5.0,.720,11.2,1.4,1.2,0.2,2.5,3.3,16.7
6,3,32,995,8.8,21.2,.416,6.6,15.2,.431,2.3,6.0,.378,5.5,7.7,.720,17.1,2.2,1.8,0.3,3.9,5.1,25.5,,104.2,102.3
6,4,32,995,18.9,.512,.470,.283,.361,391,9.8,23.6,16.7,9.0,1.8,0.6,13.5,24.5,,1.8,1.1,2.9,.116,,1.0,-0.4,0.6
7,0,29,537,37,99,.374,30,65,.462,7,34,.206,29,40,.725,20,51,71,41,23,8,31,39,110
7,1,29,18.5,1.3,3.4,.374,1.0,2.2,.462,0.2,1.2,.206,1.0,1.4,.725,2.4,1.4,0.8,0.3,1.1,1.3,3.8
7,2,29,537,2.8,7.4,.374,2.2,4.8,.462,0.5,2.5,.206,2.2,3.0,.725,5.3,3.1,1.7,0.6,2.3,2.9,8.2
7,3,29,537,4.2,11.3,.374,3.4,7.4,.462,0.8,3.9,.206,3.3,4.5,.725,8.1,4.7,2.6,0.9,3.5,4.4,12.5,,94.1,105.0
7,4,29,537,10.9,.466,.409,.343,.404,121,4.4,11.3,7.9,16.0,2.6,1.7,20.8,14.4,,0.2,0.5,0.7,.050,,-1.8,1.6,-0.3
8,0,27,428,39,104,.375,23,58,.397,16,46,.348,17,36,.472,13,36,49,37,14,0,37,43,111
8,1,27,15.9,1.4,3.9,.375,0.9,2.1,.397,0.6,1.7,.348,0.6,1.3,.472,1.8,1.4,0.5,0.0,1.4,1.6,4.1
8,2,27,428,3.6,9.7,.375,2.1,5.4,.397,1.5,4.3,.348,1.6,3.4,.472,4.6,3.5,1.3,0.0,3.5,4.0,10.4
8,3,27,428,5.6,14.8,.375,3.3,8.3,.397,2.3,6.6,.348,2.4,5.1,.472,7.0,5.3,2.0,0.0,5.3,6.1,15.8,,85.5,107.7
8,4,27,428,8.1,.458,.452,.442,.346,114,3.6,10.0,6.8,19.0,2.0,0.0,23.4,19.2,,-0.1,0.3,0.1,.012,,-2.6,-1.1,-3.6
9,0,30,409,56,157,.357,26,62,.419,30,95,.316,13,16,.813,6,20,26,16,5,1,24,32,155
9,1,30,13.6,1.9,5.2,.357,0.9,2.1,.419,1.0,3.2,.316,0.4,0.5,.813,0.9,0.5,0.2,0.0,0.8,1.1,5.2
9,2,30,409,5.5,15.4,.357,2.5,6.1,.419,2.9,9.3,.316,1.3,1.6,.813,2.5,1.6,0.5,0.1,2.3,3.1,15.2
9,3,30,409,8.4,23.4,.357,3.9,9.3,.419,4.5,14.2,.316,1.9,2.4,.813,3.9,2.4,0.7,0.1,3.6,4.8,23.1,,93.5,112.1
9,4,30,409,9.1,.471,.452,.605,.102,134,1.7,5.8,3.8,9.6,0.7,0.3,12.7,24.0,,0.2,0.1,0.3,.028,,-1.2,-4.4,-5.6
10,0,32,822,70,168,.417,65,152,.428,5,16,.313,55,77,.714,13,69,82,108,27,5,88,49,200
10,1,32,25.7,2.2,5.3,.417,2.0,4.8,.428,0.2,0.5,.313,1.7,2.4,.714,2.6,3.4,0.8,0.2,2.8,1.5,6.3
10,2,32,822,3.4,8.2,.417,3.2,7.4,.428,0.2,0.8,.313,2.7,3.7,.714,4.0,5.3,1.3,0.2,4.3,2.4,9.7
10,3,32,822,5.2,12.5,.417,4.8,11.3,.428,0.4,1.2,.313,4.1,5.7,.714,6.1,8.0,2.0,0.4,6.5,3.6,14.9,,86.5,107.5
10,4,32,822,9.9,.489,.432,.095,.458,227,1.9,10.0,5.9,28.6,2.0,0.7,30.1,18.5,,-0.2,0.5,0.3,.017,,-3.6,-0.4,-4.0
11,0,30,587,49,125,.392,44,97,.454,5,28,.179,24,40,.600,26,49,75,28,29,28,35,49,127
11,1,30,19.6,1.6,4.2,.392,1.5,3.2,.454,0.2,0.9,.179,0.8,1.3,.600,2.5,0.9,1.0,0.9,1.2,1.6,4.2
11,2,30,587,3.3,8.5,.392,3.0,6.6,.454,0.3,1.9,.179,1.6,2.7,.600,5.1,1.9,2.0,1.9,2.4,3.3,8.7
11,3,30,587,5.1,13.0,.392,4.6,10.1,.454,0.5,2.9,.179,2.5,4.2,.600,7.8,2.9,3.0,2.9,3.6,5.1,13.2,,87.0,102.6
11,4,30,587,11.1,.441,.412,.224,.320,130,5.2,10.0,7.6,10.3,3.0,5.3,19.6,15.8,,-0.1,0.6,0.6,.039,,-3.1,3.9,0.8
12,0,32,743,100,184,.543,100,183,.546,0,1,.000,53,78,.679,74,101,175,31,13,21,43,75,253
12,1,32,23.2,3.1,5.8,.543,3.1,5.7,.546,0.0,0.0,.000,1.7,2.4,.679,5.5,1.0,0.4,0.7,1.3,2.3,7.9
12,2,32,743,5.4,9.9,.543,5.4,9.9,.546,0.0,0.1,.000,2.9,4.2,.679,9.4,1.7,0.7,1.1,2.3,4.0,13.6
12,3,32,743,8.2,15.1,.543,8.2,15.0,.546,0.0,0.1,.000,4.4,6.4,.679,14.4,2.5,1.1,1.7,3.5,6.2,20.8,,111.1,105.5
12,4,32,743,18.5,.572,.543,.005,.424,248,11.8,16.2,14.0,10.2,1.1,3.1,16.3,18.5,,1.5,0.6,2.1,.114,,0.8,1.2,2.0
