0,0,9,64,10,24,.417,8,19,.421,2,5,.400,5,8,.625,3,3,6,3,3,1,3,5,27
0,1,9,7.1,1.1,2.7,.417,0.9,2.1,.421,0.2,0.6,.400,0.6,0.9,.625,0.7,0.3,0.3,0.1,0.3,0.6,3.0
0,2,9,64,6.3,15.0,.417,5.0,11.9,.421,1.3,3.1,.400,3.1,5.0,.625,3.8,1.9,1.9,0.6,1.9,3.1,16.9
0,3,9,64,9.3,22.3,.417,7.4,17.7,.421,1.9,4.6,.400,4.6,7.4,.625,5.6,2.8,2.8,0.9,2.8,4.6,25.1,,102.1,107.8
0,4,9,64,15.1,.486,.458,.208,.333,25,5.6,5.4,5.5,9.7,2.8,1.7,9.7,24.7,,0.1,0.1,0.1,.082,,-0.7,-1.0,-1.7
1,0,23,680,122,278,.439,93,209,.445,29,69,.420,98,132,.742,27,42,69,50,19,19,55,72,371
1,1,23,29.6,5.3,12.1,.439,4.0,9.1,.445,1.3,3.0,.420,4.3,5.7,.742,3.0,2.2,0.8,0.8,2.4,3.1,16.1
1,2,23,680,7.2,16.4,.439,5.5,12.3,.445,1.7,4.1,.420,5.8,7.8,.742,4.1,2.9,1.1,1.1,3.2,4.2,21.8
1,3,23,680,10.7,24.3,.439,8.1,18.3,.445,2.5,6.0,.420,8.6,11.5,.742,6.0,4.4,1.7,1.7,4.8,6.3,32.5,,107.3,108.7
1,4,23,680,18.9,.544,.491,.248,.475,343,4.8,7.1,6.0,16.0,1.7,3.0,13.9,29.8,,1.4,0.6,2.0,.117,,2.2,-0.3,1.9
2,0,31,439,41,83,.494,40,81,.494,1,2,.500,24,40,.600,34,62,96,11,12,30,17,66,107
2,1,31,14.2,1.3,2.7,.494,1.3,2.6,.494,0.0,0.1,.500,0.8,1.3,.600,3.1,0.4,0.4,1.0,0.5,2.1,3.5
2,2,31,439,3.7,7.6,.494,3.6,7.4,.494,0.1,0.2,.500,2.2,3.6,.600,8.7,1.0,1.1,2.7,1.5,6.0,9.7
2,3,31,439,5.6,11.2,.494,5.4,11.0,.494,0.1,0.3,.500,3.3,5.4,.600,13.0,1.5,1.6,4.1,2.3,8.9,14.5,,108.6,102.4
2,4,31,439,14.0,.525,.500,.024,.482,112,9.3,16.2,12.9,4.6,1.6,7.4,14.3,13.9,,0.5,0.7,1.1,.103,,-1.5,4.4,2.9
3,0,24,276,16,50,.320,13,32,.406,3,18,.167,17,28,.607,3,22,25,39,5,2,13,20,52
3,1,24,11.5,0.7,2.1,.320,0.5,1.3,.406,0.1,0.8,.167,0.7,1.2,.607,1.0,1.6,0.2,0.1,0.5,0.8,2.2
3,2,24,276,2.3,7.2,.320,1.9,4.6,.406,0.4,2.6,.167,2.5,4.1,.607,3.6,5.7,0.7,0.3,1.9,2.9,7.5
3,3,24,276,3.4,10.8,.320,2.8,6.9,.406,0.6,3.9,.167,3.7,6.0,.607,5.4,8.4,1.1,0.4,2.8,4.3,11.2,,97.2,110.6
3,4,24,276,8.3,.411,.350,.360,.560,67,1.3,9.2,5.3,24.4,1.1,0.8,17.0,14.2,,0.1,0.2,0.3,.044,,-2.3,-1.2,-3.5
4,0,31,346,40,92,.435,37,82,.451,3,10,.300,24,37,.649,20,43,63,8,11,10,27,42,107
4,1,31,11.2,1.3,3.0,.435,1.2,2.6,.451,0.1,0.3,.300,0.8,1.2,.649,2.0,0.3,0.4,0.3,0.9,1.4,3.5
4,2,31,346,4.6,10.6,.435,4.3,9.5,.451,0.3,1.2,.300,2.8,4.3,.649,7.3,0.9,1.3,1.2,3.1,4.9,12.4
4,3,31,346,6.9,15.8,.435,6.4,14.1,.451,0.5,1.7,.300,4.1,6.4,.649,10.8,1.4,1.9,1.7,4.6,7.2,18.4,,90.5,105.1
4,4,31,346,10.4,.488,.451,.109,.402,103,6.9,14.3,10.7,4.4,1.9,3.1,19.8,20.2,,-0.1,0.4,0.4,.044,,-4.1,0.9,-3.3
5,0,31,910,145,298,.487,122,239,.510,23,59,.390,86,112,.768,71,202,273,40,11,14,54,78,399
5,1,31,29.4,4.7,9.6,.487,3.9,7.7,.510,0.7,1.9,.390,2.8,3.6,.768,8.8,1.3,0.4,0.5,1.7,2.5,12.9
5,2,31,910,6.4,13.1,.487,5.4,10.5,.510,1.0,2.6,.390,3.8,4.9,.768,12.0,1.8,0.5,0.6,2.4,3.4,17.5
5,3,31,910,9.5,19.5,.487,8.0,15.6,.510,1.5,3.9,.390,5.6,7.3,.768,17.8,2.6,0.7,0.9,3.5,5.1,26.1,,113.6,104.0
5,4,31,910,19.9,.568,.525,.198,.376,380,9.4,25.5,17.6,9.2,0.7,1.7,13.3,22.8,,2.0,1.2,3.2,.142,,1.6,0.3,1.9
6,0,31,916,98,213,.460,61,132,.462,37,81,.457,37,50,.740,26,82,108,104,27,14,46,73,270
6,1,31,29.5,3.2,6.9,.460,2.0,4.3,.462,1.2,2.6,.457,1.2,1.6,.740,3.5,3.4,0.9,0.5,1.5,2.4,8.7
6,2,31,916,4.3,9.3,.460,2.7,5.8,.462,1.6,3.5,.457,1.6,2.2,.740,4.7,4.5,1.2,0.6,2.0,3.2,11.8
6,3,31,916,6.4,13.8,.460,4.0,8.6,.462,2.4,5.3,.457,2.4,3.2,.740,7.0,6.8,1.8,0.9,3.0,4.7,17.5,,115.1,108.1
6,4,31,916,14.8,.570,.547,.380,.235,285,3.4,10.3,6.9,21.4,1.8,1.6,16.3,15.8,,1.6,0.9,2.5,.109,,2.7,1.1,3.8
7,0,16,106,12,37,.324,6,17,.353,6,20,.300,7,7,1.000,2,1,3,8,0,0,5,7,37
7,1,16,6.6,0.8,2.3,.324,0.4,1.1,.353,0.4,1.3,.300,0.4,0.4,1.000,0.2,0.5,0.0,0.0,0.3,0.4,2.3
7,2,16,106,4.5,14.0,.324,2.3,6.4,.353,2.3,7.5,.300,2.6,2.6,1.000,1.1,3.0,0.0,0.0,1.9,2.6,14.0
7,3,16,106,6.7,20.8,.324,3.4,9.5,.353,3.4,11.2,.300,3.9,3.9,1.000,1.7,4.5,0.0,0.0,2.8,3.9,20.8,,99.7,116.8
7,4,16,106,7.9,.459,.405,.541,.189,36,2.3,1.1,1.7,14.4,0.0,0.0,11.0,21.9,,0.1,0.0,0.1,.035,,-1.3,-5.6,-6.9
8,0,31,644,84,219,.384,18,55,.327,66,164,.402,27,37,.730,5,33,38,36,13,1,20,49,261
8,1,31,20.8,2.7,7.1,.384,0.6,1.8,.327,2.1,5.3,.402,0.9,1.2,.730,1.2,1.2,0.4,0.0,0.6,1.6,8.4
8,2,31,644,5.2,13.6,.384,1.1,3.4,.327,4.1,10.2,.402,1.7,2.3,.730,2.4,2.2,0.8,0.1,1.2,3.0,16.2
8,3,31,644,7.8,20.2,.384,1.7,5.1,.327,6.1,15.2,.402,2.5,3.4,.730,3.5,3.3,1.2,0.1,1.8,4.5,24.1,,114.3,112.0
8,4,31,644,13.5,.552,.534,.749,.169,224,0.9,5.9,3.5,11.0,1.2,0.2,7.8,20.4,,1.2,0.4,1.6,.100,,3.6,-2.9,0.8
9,0,31,364,25,58,.431,22,51,.431,3,7,.429,17,24,.708,19,44,63,21,20,14,18,58,70
9,1,31,11.7,0.8,1.9,.431,0.7,1.6,.431,0.1,0.2,.429,0.5,0.8,.708,2.0,0.7,0.6,0.5,0.6,1.9,2.3
9,2,31,364,2.7,6.4,.431,2.4,5.6,.431,0.3,0.8,.429,1.9,2.6,.708,6.9,2.3,2.2,1.5,2.0,6.4,7.7
9,3,31,364,4.1,9.5,.431,3.6,8.3,.431,0.5,1.1,.429,2.8,3.9,.708,10.3,3.4,3.3,2.3,2.9,9.5,11.4,,101.8,101.4
9,4,31,364,11.5,.504,.457,.121,.414,80,6.3,13.9,10.2,10.1,3.3,4.2,20.6,12.3,,0.2,0.6,0.8,.087,,-1.2,4.8,3.6
10,0,31,834,165,274,.602,165,274,.602,0,0,,87,123,.707,76,147,223,28,20,23,44,73,417
10,1,31,26.9,5.3,8.8,.602,5.3,8.8,.602,0.0,0.0,,2.8,4.0,.707,7.2,0.9,0.6,0.7,1.4,2.4,13.5
10,2,31,834,7.9,13.1,.602,7.9,13.1,.602,0.0,0.0,,4.2,5.9,.707,10.7,1.3,1.0,1.1,2.1,3.5,20.0
10,3,31,834,11.8,19.5,.602,11.8,19.5,.602,0.0,0.0,,6.2,8.8,.707,15.9,2.0,1.4,1.6,3.1,5.2,29.7,,123.1,103.9
10,4,31,834,25.0,.627,.602,.000,.449,379,10.9,20.3,15.7,7.6,1.4,3.0,11.7,23.1,,2.7,1.1,3.8,.183,,3.4,1.0,4.5
11,0,27,750,52,151,.344,34,102,.333,18,49,.367,85,102,.833,7,54,61,122,42,0,55,74,207
11,1,27,27.8,1.9,5.6,.344,1.3,3.8,.333,0.7,1.8,.367,3.1,3.8,.833,2.3,4.5,1.6,0.0,2.0,2.7,7.7
11,2,27,750,2.8,8.1,.344,1.8,5.4,.333,1.0,2.6,.367,4.5,5.4,.833,3.3,6.5,2.2,0.0,2.9,3.9,11.0
11,3,27,750,4.1,12.0,.344,2.7,8.1,.333,1.4,3.9,.367,6.7,8.1,.833,4.8,9.7,3.3,0.0,4.4,5.9,16.4,,107.0,106.2
11,4,27,750,13.6,.519,.404,.325,.675,248,1.1,8.3,4.8,28.6,3.3,0.0,21.6,17.4,,1.0,0.9,1.8,.097,,0.8,0.3,1.1
12,0,7,21,0,1,.000,0,0,,0,1,.000,2,2,1.000,0,2,2,2,1,0,6,3,2
12,1,7,3.0,0.0,0.1,.000,0.0,0.0,,0.0,0.1,.000,0.3,0.3,1.000,0.3,0.3,0.1,0.0,0.9,0.4,0.3
12,2,7,21,0.0,1.9,.000,0.0,0.0,,0.0,1.9,.000,3.8,3.8,1.000,3.8,3.8,1.9,0.0,11.4,5.7,3.8
12,3,7,21,0.0,2.8,.000,0.0,0.0,,0.0,2.8,.000,5.7,5.7,1.000,5.7,5.7,2.8,0.0,17.0,8.5,5.7,,36.5,105.9
12,4,7,21,-8.6,.513,.000,1.000,2.000,3,0.0,11.0,5.6,14.9,2.8,0.0,75.5,19.4,,-0.1,0.0,-0.1,-.188,,-13.0,1.0,-11.9
