0,0,27,822,111,202,.550,97,163,.595,14,39,.359,77,112,.688,52,131,183,30,33,5,46,66,313
0,1,27,30.4,4.1,7.5,.550,3.6,6.0,.595,0.5,1.4,.359,2.9,4.1,.688,6.8,1.1,1.2,0.2,1.7,2.4,11.6
0,2,27,822,5.4,9.8,.550,4.7,7.9,.595,0.7,1.9,.359,3.7,5.5,.688,8.9,1.5,1.6,0.2,2.2,3.2,15.2
0,3,27,822,8.0,14.6,.550,7.0,11.8,.595,1.0,2.8,.359,5.6,8.1,.688,13.2,2.2,2.4,0.4,3.3,4.8,22.7,,116.0,106.2
0,4,27,822,19.7,.613,.584,.193,.554,298,7.3,19.1,13.1,7.5,2.4,0.6,15.3,19.0,,1.9,0.7,2.7,.130,,0.8,-1.1,-0.3
1,0,3,27,2,6,.333,2,6,.333,0,0,,3,4,.750,4,2,6,0,0,1,2,3,7
1,1,3,9.0,0.7,2.0,.333,0.7,2.0,.333,0.0,0.0,,1.0,1.3,.750,2.0,0.0,0.0,0.3,0.7,1.0,2.3
1,2,3,27,3.0,8.9,.333,3.0,8.9,.333,0.0,0.0,,4.4,5.9,.750,8.9,0.0,0.0,1.5,3.0,4.4,10.4
1,3,3,27,4.4,13.2,.333,4.4,13.2,.333,0.0,0.0,,6.6,8.8,.750,13.2,0.0,0.0,2.2,4.4,6.6,15.4,,94.2,113.9
1,4,3,27,9.6,.443,.333,.000,.667,9,17.2,8.9,13.1,0.0,0.0,3.9,20.2,19.0,,0.0,0.0,0.0,.023,,-7.4,-6.0,-13.4
2,0,19,112,19,35,.543,19,35,.543,0,0,,4,8,.500,13,22,35,2,0,7,9,18,42
2,1,19,5.9,1.0,1.8,.543,1.0,1.8,.543,0.0,0.0,,0.2,0.4,.500,1.8,0.1,0.0,0.4,0.5,0.9,2.2
2,2,19,112,6.8,12.5,.543,6.8,12.5,.543,0.0,0.0,,1.4,2.9,.500,12.5,0.7,0.0,2.5,3.2,6.4,15.0
2,3,19,112,10.1,18.6,.543,10.1,18.6,.543,0.0,0.0,,2.1,4.2,.500,18.6,1.1,0.0,3.7,4.8,9.6,22.3,,99.2,106.3
2,4,19,112,17.1,.541,.543,.000,.229,41,13.4,23.6,18.4,4.0,0.0,6.7,18.8,22.1,,0.1,0.1,0.2,.075,,-5.6,-1.9,-7.4
3,0,29,685,62,162,.383,35,86,.407,27,76,.355,42,50,.840,9,49,58,80,24,2,33,49,193
3,1,29,23.6,2.1,5.6,.383,1.2,3.0,.407,0.9,2.6,.355,1.4,1.7,.840,2.0,2.8,0.8,0.1,1.1,1.7,6.7
3,2,29,685,3.6,9.5,.383,2.0,5.0,.407,1.6,4.4,.355,2.5,2.9,.840,3.4,4.7,1.4,0.1,1.9,2.9,11.3
3,3,29,685,5.4,14.1,.383,3.0,7.5,.407,2.3,6.6,.355,3.6,4.3,.840,5.0,6.9,2.1,0.2,2.9,4.3,16.8,,108.5,111.4
3,4,29,685,13.4,.520,.466,.469,.309,209,1.5,8.6,5.0,22.0,2.1,0.3,15.1,16.5,,1.0,0.3,1.3,.076,,-0.5,-2.9,-3.3
4,0,22,416,35,88,.398,20,43,.465,15,45,.333,16,20,.800,6,49,55,31,13,0,15,48,101
4,1,22,18.9,1.6,4.0,.398,0.9,2.0,.465,0.7,2.0,.333,0.7,0.9,.800,2.5,1.4,0.6,0.0,0.7,2.2,4.6
4,2,22,416,3.4,8.5,.398,1.9,4.1,.465,1.4,4.3,.333,1.5,1.9,.800,5.3,3.0,1.3,0.0,1.4,4.6,9.7
4,3,22,416,5.0,12.6,.398,2.9,6.1,.465,2.1,6.4,.333,2.3,2.9,.800,7.9,4.4,1.9,0.0,2.1,6.9,14.4,,106.7,109.6
4,4,22,416,10.9,.518,.483,.511,.227,103,1.7,14.1,7.8,13.9,1.9,0.0,13.3,14.0,,0.5,0.2,0.7,.068,,-1.4,-2.0,-3.4
5,0,3,7,1,2,.500,1,2,.500,0,0,,1,1,1.000,0,0,0,1,0,0,1,1,3
5,1,3,2.3,0.3,0.7,.500,0.3,0.7,.500,0.0,0.0,,0.3,0.3,1.000,0.0,0.3,0.0,0.0,0.3,0.3,1.0
5,2,3,7,5.7,11.4,.500,5.7,11.4,.500,0.0,0.0,,5.7,5.7,1.000,0.0,5.7,0.0,0.0,5.7,5.7,17.1
5,3,3,7,8.5,17.0,.500,8.5,17.0,.500,0.0,0.0,,8.5,8.5,1.000,0.0,8.5,0.0,0.0,8.5,8.5,25.5,,98.9,119.5
5,4,3,7,11.2,.606,.500,.000,.500,3,0.0,0.0,0.0,29.9,0.0,0.0,28.8,25.7,,0.0,0.0,0.0,.032,,-7.2,-11.9,-19.2
6,0,5,19,0,3,.000,0,0,,0,3,.000,2,2,1.000,0,3,3,1,0,0,1,1,2
6,1,5,3.8,0.0,0.6,.000,0.0,0.0,,0.0,0.6,.000,0.4,0.4,1.000,0.6,0.2,0.0,0.0,0.2,0.2,0.4
6,2,5,19,0.0,6.3,.000,0.0,0.0,,0.0,6.3,.000,4.2,4.2,1.000,6.3,2.1,0.0,0.0,2.1,2.1,4.2
6,3,5,19,0.0,9.4,.000,0.0,0.0,,0.0,9.4,.000,6.3,6.3,1.000,9.4,3.1,0.0,0.0,3.1,3.1,6.3,,57.9,112.1
6,4,5,19,-0.2,.253,.000,1.000,.667,2,0.0,19.0,9.3,8.5,0.0,0.0,20.2,13.5,,0.0,0.0,0.0,-.066,,-8.3,-4.0,-12.4
7,0,4,10,1,2,.500,1,2,.500,0,0,,2,4,.500,0,0,0,0,1,0,0,0,4
7,1,4,2.5,0.3,0.5,.500,0.3,0.5,.500,0.0,0.0,,0.5,1.0,.500,0.0,0.0,0.3,0.0,0.0,0.0,1.0
7,2,4,10,4.0,8.0,.500,4.0,8.0,.500,0.0,0.0,,8.0,16.0,.500,0.0,0.0,4.0,0.0,0.0,0.0,16.0
7,3,4,10,5.9,11.9,.500,5.9,11.9,.500,0.0,0.0,,11.9,23.8,.500,0.0,0.0,5.9,0.0,0.0,0.0,23.8,,113.7,106.5
7,4,4,10,19.0,.513,.500,.000,2.000,3,0.0,0.0,0.0,0.0,5.9,0.0,0.0,20.2,,0.0,0.0,0.0,.116,,-2.5,-2.6,-5.0
8,0,29,604,57,122,.467,55,115,.478,2,7,.286,13,18,.722,51,73,124,20,18,72,28,68,129
8,1,29,20.8,2.0,4.2,.467,1.9,4.0,.478,0.1,0.2,.286,0.4,0.6,.722,4.3,0.7,0.6,2.5,1.0,2.3,4.4
8,2,29,604,3.8,8.1,.467,3.6,7.6,.478,0.1,0.5,.286,0.9,1.2,.722,8.2,1.3,1.2,4.8,1.9,4.5,8.5
8,3,29,604,5.6,12.0,.467,5.4,11.3,.478,0.2,0.7,.286,1.3,1.8,.722,12.2,2.0,1.8,7.1,2.8,6.7,12.7,,101.2,102.9
8,4,29,604,15.9,.494,.475,.057,.148,146,9.8,14.5,12.1,6.3,1.8,12.7,17.7,13.6,,0.5,0.7,1.2,.079,,-3.6,6.0,2.4
9,0,14,142,14,33,.424,7,16,.438,7,17,.412,5,6,.833,5,9,14,7,6,5,6,8,40
9,1,14,10.1,1.0,2.4,.424,0.5,1.1,.438,0.5,1.2,.412,0.4,0.4,.833,1.0,0.5,0.4,0.4,0.4,0.6,2.9
9,2,14,142,3.9,9.3,.424,2.0,4.5,.438,2.0,4.8,.412,1.4,1.7,.833,3.9,2.0,1.7,1.4,1.7,2.3,11.3
9,3,14,142,5.9,13.8,.424,2.9,6.7,.438,2.9,7.1,.412,2.1,2.5,.833,5.9,2.9,2.5,2.1,2.5,3.4,16.8,,109.2,109.0
9,4,14,142,14.6,.558,.530,.515,.182,39,4.1,7.6,5.8,9.4,2.5,3.7,14.3,15.2,,0.2,0.1,0.3,.081,,-0.9,-0.6,-1.5
10,0,25,302,29,77,.377,25,57,.439,4,20,.200,6,11,.545,7,13,20,18,8,6,9,29,68
10,1,25,12.1,1.2,3.1,.377,1.0,2.3,.439,0.2,0.8,.200,0.2,0.4,.545,0.8,0.7,0.3,0.2,0.4,1.2,2.7
10,2,25,302,3.8,10.2,.377,3.3,7.5,.439,0.5,2.6,.200,0.8,1.5,.545,2.6,2.4,1.1,0.8,1.2,3.8,9.0
10,3,25,302,5.7,15.2,.377,4.9,11.2,.439,0.8,3.9,.200,1.2,2.2,.545,3.9,3.5,1.6,1.2,1.8,5.7,13.4,,91.5,112.9
10,4,25,302,7.9,.413,.403,.260,.143,70,2.7,5.2,3.9,11.4,1.6,2.1,9.9,15.6,,0.0,0.1,0.1,.015,,-4.5,-2.4,-6.9
11,0,23,634,109,218,.500,108,213,.507,1,5,.200,45,62,.726,53,69,122,17,11,11,30,58,264
11,1,23,27.6,4.7,9.5,.500,4.7,9.3,.507,0.0,0.2,.200,2.0,2.7,.726,5.3,0.7,0.5,0.5,1.3,2.5,11.5
11,2,23,634,6.9,13.8,.500,6.8,13.4,.507,0.1,0.3,.200,2.8,3.9,.726,7.7,1.1,0.7,0.7,1.9,3.7,16.7
11,3,23,634,10.2,20.5,.500,10.1,20.0,.507,0.1,0.5,.200,4.2,5.8,.726,11.4,1.6,1.0,1.0,2.8,5.4,24.8,,108.7,111.1
11,4,23,634,18.0,.533,.502,.023,.284,252,9.7,13.1,11.3,6.0,1.0,1.8,10.8,22.6,,1.3,0.3,1.5,.097,,-1.7,-2.9,-4.7
12,0,13,339,34,91,.374,23,55,.418,11,36,.306,45,58,.776,5,48,53,23,9,5,17,30,124
12,1,13,26.1,2.6,7.0,.374,1.8,4.2,.418,0.8,2.8,.306,3.5,4.5,.776,4.1,1.8,0.7,0.4,1.3,2.3,9.5
12,2,13,339,4.0,10.7,.374,2.7,6.5,.418,1.3,4.2,.306,5.3,6.8,.776,6.3,2.7,1.1,0.6,2.0,3.5,14.6
12,3,13,339,6.0,16.0,.374,4.0,9.7,.418,1.9,6.3,.306,7.9,10.2,.776,9.3,4.0,1.6,0.9,3.0,5.3,21.8,,107.1,108.4
12,4,13,339,15.4,.523,.434,.396,.637,121,1.7,17.0,9.2,13.0,1.6,1.6,12.5,20.7,,0.6,0.2,0.8,.093,,-1.3,-1.9,-3.2
13,0,29,823,133,322,.413,74,187,.396,59,135,.437,129,176,.733,17,93,110,47,44,2,59,79,454
13,1,29,28.4,4.6,11.1,.413,2.6,6.4,.396,2.0,4.7,.437,4.4,6.1,.733,3.8,1.6,1.5,0.1,2.0,2.7,15.7
13,2,29,823,6.5,15.7,.413,3.6,9.1,.396,2.9,6.6,.437,6.3,8.6,.733,5.3,2.3,2.1,0.1,2.9,3.8,22.1
13,3,29,823,9.6,23.3,.413,5.3,13.5,.396,4.3,9.8,.437,9.3,12.7,.733,8.0,3.4,3.2,0.1,4.3,5.7,32.8,,108.7,106.8
13,4,29,823,21.4,.560,.505,.419,.547,409,2.4,13.6,7.9,12.4,3.2,0.3,12.7,29.2,,2.0,0.7,2.7,.133,,2.0,-2.7,-0.8
14,0,28,884,116,282,.411,63,158,.399,53,124,.427,54,66,.818,5,58,63,104,16,1,63,53,339
14,1,28,31.6,4.1,10.1,.411,2.3,5.6,.399,1.9,4.4,.427,1.9,2.4,.818,2.3,3.7,0.6,0.0,2.3,1.9,12.1
14,2,28,884,5.2,12.8,.411,2.9,7.1,.399,2.4,5.6,.427,2.4,3.0,.818,2.9,4.7,0.7,0.0,2.9,2.4,15.3
14,3,28,884,7.8,19.0,.411,4.2,10.6,.399,3.6,8.3,.427,3.6,4.4,.818,4.2,7.0,1.1,0.1,4.2,3.6,22.8,,104.6,114.1
14,4,28,884,14.3,.541,.505,.440,.234,338,0.7,7.9,4.2,24.0,1.1,0.1,16.7,22.0,,1.4,0.1,1.5,.068,,0.0,-4.5,-4.5
