0,0,16,76,10,24,.417,4,6,.667,6,18,.333,0,0,,3,9,12,1,1,1,1,3,26
0,1,16,4.8,0.6,1.5,.417,0.3,0.4,.667,0.4,1.1,.333,0.0,0.0,,0.8,0.1,0.1,0.1,0.1,0.2,1.6
0,2,16,76,5.3,12.6,.417,2.1,3.2,.667,3.2,9.5,.333,0.0,0.0,,6.3,0.5,0.5,0.5,0.5,1.6,13.7
0,3,16,76,7.6,18.3,.417,3.1,4.6,.667,4.6,13.8,.333,0.0,0.0,,9.2,0.8,0.8,0.8,0.8,2.3,19.9,,114.9,111.1
0,4,16,76,14.8,.542,.542,.750,.000,22,4.6,13.8,9.2,2.7,0.8,1.3,4.0,16.6,,0.1,0.0,0.2,.088,,0.3,-4.8,-4.5
1,0,10,82,2,10,.200,1,6,.167,1,4,.250,0,0,,2,6,8,8,1,0,4,9,5
1,1,10,8.2,0.2,1.0,.200,0.1,0.6,.167,0.1,0.4,.250,0.0,0.0,,0.8,0.8,0.1,0.0,0.4,0.9,0.5
1,2,10,82,1.0,4.9,.200,0.5,2.9,.167,0.5,2.0,.250,0.0,0.0,,3.9,3.9,0.5,0.0,2.0,4.4,2.4
1,3,10,82,1.4,7.1,.200,0.7,4.2,.167,0.7,2.8,.250,0.0,0.0,,5.7,5.7,0.7,0.0,2.8,6.4,3.5,,71.7,113.7
1,4,10,82,1.4,.250,.250,.400,.000,10,2.8,8.5,5.7,16.4,0.7,0.0,28.6,8.6,,-0.1,0.0,-0.1,-.028,,-6.0,-2.5,-8.5
2,0,30,508,35,95,.368,21,55,.382,14,40,.350,35,54,.648,36,61,97,20,28,6,19,77,119
2,1,30,16.9,1.2,3.2,.368,0.7,1.8,.382,0.5,1.3,.350,1.2,1.8,.648,3.2,0.7,0.9,0.2,0.6,2.6,4.0
2,2,30,508,2.8,7.5,.368,1.7,4.3,.382,1.1,3.1,.350,2.8,4.3,.648,7.6,1.6,2.2,0.5,1.5,6.1,9.4
2,3,30,508,4.0,10.9,.368,2.4,6.3,.382,1.6,4.6,.350,4.0,6.2,.648,11.1,2.3,3.2,0.7,2.2,8.8,13.6,,107.5,105.2
2,4,30,508,12.6,.493,.442,.421,.568,132,8.2,14.0,11.1,7.1,3.2,1.2,13.6,13.9,,0.6,0.5,1.1,.087,,-0.3,0.2,-0.2
3,0,30,935,124,333,.372,82,196,.418,42,137,.307,89,113,.788,55,99,154,56,41,12,64,77,379
3,1,30,31.2,4.1,11.1,.372,2.7,6.5,.418,1.4,4.6,.307,3.0,3.8,.788,5.1,1.9,1.4,0.4,2.1,2.6,12.6
3,2,30,935,5.3,14.2,.372,3.5,8.4,.418,1.8,5.9,.307,3.8,4.8,.788,6.6,2.4,1.8,0.5,2.7,3.3,16.2
3,3,30,935,7.7,20.7,.372,5.1,12.2,.418,2.6,8.5,.307,5.5,7.0,.788,9.6,3.5,2.5,0.7,4.0,4.8,23.5,,100.8,107.6
3,4,30,935,16.1,.490,.435,.411,.339,380,6.8,12.4,9.6,12.3,2.5,1.3,14.2,24.3,,1.2,0.7,1.9,.080,,0.1,-1.2,-1.2
4,0,29,509,27,53,.509,14,20,.700,13,33,.394,13,24,.542,5,30,35,85,20,0,31,27,80
4,1,29,17.6,0.9,1.8,.509,0.5,0.7,.700,0.4,1.1,.394,0.4,0.8,.542,1.2,2.9,0.7,0.0,1.1,0.9,2.8
4,2,29,509,2.1,4.2,.509,1.1,1.6,.700,1.0,2.6,.394,1.0,1.9,.542,2.8,6.7,1.6,0.0,2.4,2.1,6.3
4,3,29,509,3.1,6.0,.509,1.6,2.3,.700,1.5,3.8,.394,1.5,2.7,.542,4.0,9.7,2.3,0.0,3.5,3.1,9.1,,113.0,111.2
4,4,29,509,11.8,.621,.632,.623,.453,113,1.1,6.9,4.0,29.4,2.3,0.0,32.5,9.5,,0.7,0.2,0.9,.067,,-0.7,-3.6,-4.3
5,0,30,963,113,278,.406,41,91,.451,72,187,.385,48,60,.800,3,60,63,71,12,0,48,52,346
5,1,30,32.1,3.8,9.3,.406,1.4,3.0,.451,2.4,6.2,.385,1.6,2.0,.800,2.1,2.4,0.4,0.0,1.6,1.7,11.5
5,2,30,963,4.7,11.5,.406,1.7,3.8,.451,3.0,7.8,.385,2.0,2.5,.800,2.6,2.9,0.5,0.0,2.0,2.2,14.4
5,3,30,963,6.8,16.8,.406,2.5,5.5,.451,4.3,11.3,.385,2.9,3.6,.800,3.8,4.3,0.7,0.0,2.9,3.1,20.9,,110.1,114.5
5,4,30,963,12.9,.564,.536,.673,.216,318,0.4,7.3,3.8,14.6,0.7,0.0,13.5,18.6,,1.7,0.0,1.7,.072,,1.7,-4.3,-2.6
6,0,25,365,53,97,.546,53,97,.546,0,0,,11,20,.550,14,46,60,1,7,11,21,52,117
6,1,25,14.6,2.1,3.9,.546,2.1,3.9,.546,0.0,0.0,,0.4,0.8,.550,2.4,0.0,0.3,0.4,0.8,2.1,4.7
6,2,25,365,5.8,10.6,.546,5.8,10.6,.546,0.0,0.0,,1.2,2.2,.550,6.6,0.1,0.8,1.2,2.3,5.7,12.8
6,3,25,365,8.4,15.4,.546,8.4,15.4,.546,0.0,0.0,,1.8,3.2,.550,9.5,0.2,1.1,1.8,3.3,8.3,18.6,,96.4,108.6
6,4,25,365,11.5,.549,.546,.000,.206,99,4.4,14.7,9.5,0.6,1.1,3.0,16.5,17.6,,0.2,0.2,0.4,.047,,-5.2,-2.8,-8.0
7,0,16,379,34,115,.296,4,20,.200,30,95,.316,5,8,.625,12,44,56,14,9,8,12,19,103
7,1,16,23.7,2.1,7.2,.296,0.3,1.3,.200,1.9,5.9,.316,0.3,0.5,.625,3.5,0.9,0.6,0.5,0.8,1.2,6.4
7,2,16,379,3.6,12.1,.296,0.4,2.1,.200,3.2,10.0,.316,0.5,0.8,.625,5.9,1.5,0.9,0.8,1.3,2.0,10.9
7,3,16,379,5.2,17.6,.296,0.6,3.1,.200,4.6,14.6,.316,0.8,1.2,.625,8.6,2.1,1.4,1.2,1.8,2.9,15.8,,94.3,109.4
7,4,16,379,10.1,.434,.426,.826,.070,98,3.6,13.6,8.6,7.0,1.4,2.1,9.2,17.4,,0.1,0.2,0.3,.037,,-1.1,-2.1,-3.2
8,0,30,863,140,267,.524,110,191,.576,30,76,.395,111,153,.725,32,70,102,85,29,3,77,62,421
8,1,30,28.8,4.7,8.9,.524,3.7,6.4,.576,1.0,2.5,.395,3.7,5.1,.725,3.4,2.8,1.0,0.1,2.6,2.1,14.0
8,2,30,863,6.5,12.4,.524,5.1,8.9,.576,1.4,3.5,.395,5.1,7.1,.725,4.7,3.9,1.3,0.1,3.6,2.9,19.5
8,3,30,863,9.4,18.0,.524,7.4,12.9,.576,2.0,5.1,.395,7.5,10.3,.725,6.9,5.7,2.0,0.2,5.2,4.2,28.3,,114.2,110.6
8,4,30,863,21.2,.620,.581,.285,.573,409,4.3,9.5,6.9,21.5,2.0,0.3,18.5,24.4,,2.5,0.4,2.9,.133,,3.6,-2.5,1.1
9,0,24,693,105,220,.477,102,210,.486,3,10,.300,70,106,.660,71,124,195,46,25,19,46,52,283
9,1,24,28.9,4.4,9.2,.477,4.3,8.8,.486,0.1,0.4,.300,2.9,4.4,.660,8.1,1.9,1.0,0.8,1.9,2.2,11.8
9,2,24,693,6.1,12.7,.477,5.9,12.1,.486,0.2,0.6,.300,4.0,6.1,.660,11.3,2.7,1.4,1.1,2.7,3.0,16.3
9,3,24,693,8.8,18.4,.477,8.5,17.6,.486,0.3,0.8,.300,5.9,8.9,.660,16.3,3.9,2.1,1.6,3.9,4.4,23.7,,108.5,104.4
9,4,24,693,21.6,.523,.484,.045,.482,300,11.8,20.9,16.3,14.1,2.1,2.7,14.5,23.0,,1.5,0.7,2.2,.127,,0.3,0.7,1.0
10,0,30,627,102,205,.498,102,205,.498,0,0,,86,107,.804,31,66,97,3,8,9,47,75,290
10,1,30,20.9,3.4,6.8,.498,3.4,6.8,.498,0.0,0.0,,2.9,3.6,.804,3.2,0.1,0.3,0.3,1.6,2.5,9.7
10,2,30,627,6.5,13.1,.498,6.5,13.1,.498,0.0,0.0,,5.5,6.8,.804,6.2,0.2,0.5,0.6,3.0,4.8,18.5
10,3,30,627,9.4,19.0,.498,9.4,19.0,.498,0.0,0.0,,8.0,9.9,.804,9.0,0.3,0.7,0.8,4.4,6.9,26.9,,104.8,111.3
10,4,30,627,15.7,.567,.498,.000,.522,256,5.7,12.3,9.0,1.0,0.7,1.4,15.5,24.4,,1.1,0.2,1.3,.082,,-3.9,-5.1,-8.9
