0,0,15,88,11,22,.500,11,22,.500,0,0,,4,8,.500,6,18,24,1,1,4,7,14,26
0,1,15,5.9,0.7,1.5,.500,0.7,1.5,.500,0.0,0.0,,0.3,0.5,.500,1.6,0.1,0.1,0.3,0.5,0.9,1.7
0,2,15,88,5.0,10.0,.500,5.0,10.0,.500,0.0,0.0,,1.8,3.6,.500,10.9,0.5,0.5,1.8,3.2,6.4,11.8
0,3,15,88,7.3,14.6,.500,7.3,14.6,.500,0.0,0.0,,2.6,5.3,.500,15.9,0.7,0.7,2.6,4.6,9.3,17.2,,91.4,104.1
0,4,15,88,11.8,.504,.500,.000,.364,25,8.7,23.5,16.5,2.1,0.7,4.4,21.3,18.8,,0.0,0.1,0.1,.048,,-6.2,-2.6,-8.8
1,0,7,73,7,13,.538,6,8,.750,1,5,.200,1,1,1.000,2,16,18,4,0,2,1,6,16
1,1,7,10.4,1.0,1.9,.538,0.9,1.1,.750,0.1,0.7,.200,0.1,0.1,1.000,2.6,0.6,0.0,0.3,0.1,0.9,2.3
1,2,7,73,3.8,7.1,.538,3.3,4.4,.750,0.5,2.7,.200,0.5,0.5,1.000,9.9,2.2,0.0,1.1,0.5,3.3,8.8
1,3,7,73,5.6,10.4,.538,4.8,6.4,.750,0.8,4.0,.200,0.8,0.8,1.000,14.4,3.2,0.0,1.6,0.8,4.8,12.8,,131.9,106.3
1,4,7,73,14.7,.594,.577,.385,.077,16,3.5,25.2,14.9,9.7,0.0,2.7,6.9,10.0,,0.2,0.1,0.2,.115,,-0.2,-1.5,-1.6
2,0,32,934,101,218,.463,53,105,.505,48,113,.425,25,36,.694,13,59,72,49,9,2,37,54,275
2,1,32,29.2,3.2,6.8,.463,1.7,3.3,.505,1.5,3.5,.425,0.8,1.1,.694,2.3,1.5,0.3,0.1,1.2,1.7,8.6
2,2,32,934,4.3,9.3,.463,2.3,4.5,.505,2.1,4.8,.425,1.1,1.5,.694,3.1,2.1,0.4,0.1,1.6,2.3,11.8
2,3,32,934,6.3,13.6,.463,3.3,6.6,.505,3.0,7.1,.425,1.6,2.2,.694,4.5,3.1,0.6,0.1,2.3,3.4,17.2,,115.7,113.5
2,4,32,934,11.8,.585,.573,.518,.165,258,1.8,7.3,4.7,9.5,0.6,0.2,13.6,14.7,,1.7,0.1,1.8,.076,,1.5,-3.7,-2.2
3,0,23,181,10,31,.323,6,14,.429,4,17,.235,7,12,.583,5,21,26,8,4,3,13,18,31
3,1,23,7.9,0.4,1.3,.323,0.3,0.6,.429,0.2,0.7,.235,0.3,0.5,.583,1.1,0.3,0.2,0.1,0.6,0.8,1.3
3,2,23,181,2.2,6.9,.323,1.3,3.1,.429,0.9,3.8,.235,1.5,2.7,.583,5.7,1.8,0.9,0.7,2.9,4.0,6.9
3,3,23,181,3.2,10.0,.323,1.9,4.5,.429,1.3,5.5,.235,2.3,3.9,.583,8.4,2.6,1.3,1.0,4.2,5.8,10.0,,79.5,108.5
3,4,23,181,5.0,.422,.387,.548,.387,34,3.5,13.3,8.7,7.3,1.3,1.6,26.2,13.9,,-0.1,0.1,0.0,-.003,,-4.2,-1.9,-6.1
4,0,5,17,0,5,.000,0,3,.000,0,2,.000,1,2,.500,2,2,4,2,1,0,1,0,1
4,1,5,3.4,0.0,1.0,.000,0.0,0.6,.000,0.0,0.4,.000,0.2,0.4,.500,0.8,0.4,0.2,0.0,0.2,0.0,0.2
4,2,5,17,0.0,11.8,.000,0.0,7.1,.000,0.0,4.7,.000,2.4,4.7,.500,9.4,4.7,2.4,0.0,2.4,0.0,2.4
4,3,5,17,0.0,17.1,.000,0.0,10.3,.000,0.0,6.9,.000,3.4,6.9,.500,13.7,6.9,3.4,0.0,3.4,0.0,3.4,,53.6,105.0
4,4,5,17,1.5,.084,.000,.400,.400,3,15.0,13.5,14.2,17.9,3.4,0.0,14.4,20.7,,-0.1,0.0,0.0,-.108,,-7.8,-1.3,-9.2
5,0,32,673,92,162,.568,92,162,.568,0,0,,45,63,.714,52,101,153,3,7,13,31,91,229
5,1,32,21.0,2.9,5.1,.568,2.9,5.1,.568,0.0,0.0,,1.4,2.0,.714,4.8,0.1,0.2,0.4,1.0,2.8,7.2
5,2,32,673,5.5,9.6,.568,5.5,9.6,.568,0.0,0.0,,2.7,3.7,.714,9.1,0.2,0.4,0.8,1.8,5.4,13.6
5,3,32,673,8.0,14.0,.568,8.0,14.0,.568,0.0,0.0,,3.9,5.5,.714,13.2,0.3,0.6,1.1,2.7,7.9,19.8,,116.9,108.3
5,4,32,673,15.9,.597,.568,.000,.389,219,9.8,17.3,13.7,0.9,0.6,1.9,13.9,16.7,,1.5,0.4,1.9,.112,,-1.2,-4.2,-5.4
6,0,32,992,94,259,.363,57,141,.404,37,118,.314,77,107,.720,16,77,93,91,27,1,71,71,302
6,1,32,31.0,2.9,8.1,.363,1.8,4.4,.404,1.2,3.7,.314,2.4,3.3,.720,2.9,2.8,0.8,0.0,2.2,2.2,9.4
6,2,32,992,3.8,10.4,.363,2.3,5.7,.404,1.5,4.8,.314,3.1,4.3,.720,3.8,3.7,1.1,0.0,2.9,2.9,12.2
6,3,32,992,5.5,15.2,.363,3.3,8.3,.404,2.2,6.9,.314,4.5,6.3,.720,5.5,5.3,1.6,0.1,4.2,4.2,17.7,,98.9,110.6
6,4,32,992,11.0,.487,.434,.456,.413,321,2.0,8.9,5.7,16.3,1.6,0.1,18.6,19.4,,0.9,0.4,1.3,.052,,-0.8,-3.0,-3.8
7,0,32,1005,192,363,.529,154,251,.614,38,112,.339,190,228,.833,26,98,124,82,29,7,94,72,612
7,1,32,31.4,6.0,11.3,.529,4.8,7.8,.614,1.2,3.5,.339,5.9,7.1,.833,3.9,2.6,0.9,0.2,2.9,2.3,19.1
7,2,32,1005,7.6,14.4,.529,6.1,10.0,.614,1.5,4.5,.339,7.6,9.1,.833,4.9,3.3,1.2,0.3,3.7,2.9,24.4
7,3,32,1005,11.1,21.1,.529,8.9,14.6,.614,2.2,6.5,.339,11.0,13.2,.833,7.2,4.8,1.7,0.4,5.5,4.2,35.5,,122.2,109.1
7,4,32,1005,26.7,.649,.581,.309,.628,575,3.3,11.2,7.4,17.5,1.7,0.7,16.6,28.4,,4.5,0.5,5.0,.198,,5.7,-3.4,2.3
8,0,25,610,100,176,.568,100,176,.568,0,0,,46,72,.639,52,75,127,14,10,12,41,67,246
8,1,25,24.4,4.0,7.0,.568,4.0,7.0,.568,0.0,0.0,,1.8,2.9,.639,5.1,0.6,0.4,0.5,1.6,2.7,9.8
8,2,25,610,6.6,11.5,.568,6.6,11.5,.568,0.0,0.0,,3.0,4.7,.639,8.3,0.9,0.7,0.8,2.7,4.4,16.1
8,3,25,610,9.6,16.8,.568,9.6,16.8,.568,0.0,0.0,,4.4,6.9,.639,12.1,1.3,1.0,1.1,3.9,6.4,23.5,,111.7,108.8
8,4,25,610,18.2,.585,.568,.000,.409,238,10.8,14.1,12.6,4.6,1.0,1.9,16.3,20.8,,1.4,0.3,1.7,.113,,-0.2,-3.0,-3.2
9,0,9,52,10,16,.625,9,11,.818,1,5,.200,1,6,.167,2,7,9,4,1,2,2,2,22
9,1,9,5.8,1.1,1.8,.625,1.0,1.2,.818,0.1,0.6,.200,0.1,0.7,.167,1.0,0.4,0.1,0.2,0.2,0.2,2.4
9,2,9,52,7.7,12.3,.625,6.9,8.5,.818,0.8,3.8,.200,0.8,4.6,.167,6.9,3.1,0.8,1.5,1.5,1.5,16.9
9,3,9,52,11.2,17.9,.625,10.1,12.3,.818,1.1,5.6,.200,1.1,6.7,.167,10.1,4.5,1.1,2.2,2.2,2.2,24.7,,117.8,107.1
9,4,9,52,22.8,.584,.656,.313,.375,21,4.9,15.5,10.4,16.5,1.1,3.8,9.6,20.3,,0.1,0.0,0.2,.140,,2.2,-2.0,0.2
10,0,32,1019,154,293,.526,140,248,.565,14,45,.311,129,175,.737,97,200,297,59,56,43,78,90,451
10,1,32,31.8,4.8,9.2,.526,4.4,7.8,.565,0.4,1.4,.311,4.0,5.5,.737,9.3,1.8,1.8,1.3,2.4,2.8,14.1
10,2,32,1019,6.0,11.5,.526,5.5,9.7,.565,0.5,1.8,.311,5.1,6.9,.737,11.7,2.3,2.2,1.7,3.1,3.5,17.7
10,3,32,1019,8.8,16.8,.526,8.0,14.2,.565,0.8,2.6,.311,7.4,10.0,.737,17.0,3.4,3.2,2.5,4.5,5.1,25.8,,117.9,99.3
10,4,32,1019,26.3,.600,.549,.154,.597,471,12.1,22.6,17.6,11.4,3.2,4.1,17.2,22.5,,3.3,1.5,4.8,.188,,3.3,2.0,5.3
11,0,20,150,14,47,.298,7,17,.412,7,30,.233,10,13,.769,5,10,15,3,7,0,11,13,45
11,1,20,7.5,0.7,2.4,.298,0.4,0.9,.412,0.4,1.5,.233,0.5,0.7,.769,0.8,0.2,0.4,0.0,0.6,0.7,2.3
11,2,20,150,3.7,12.5,.298,1.9,4.5,.412,1.9,8.0,.233,2.7,3.5,.769,4.0,0.8,1.9,0.0,2.9,3.5,12.0
11,3,20,150,5.4,18.3,.298,2.7,6.6,.412,2.7,11.7,.233,3.9,5.1,.769,5.8,1.2,2.7,0.0,4.3,5.1,17.5,,84.5,108.6
11,4,20,150,7.1,.423,.372,.638,.277,43,4.2,7.7,6.0,3.5,2.7,0.0,17.1,21.6,,-0.1,0.1,0.0,.005,,-3.6,-4.5,-8.1
12,0,28,629,61,146,.418,26,62,.419,35,84,.417,25,38,.658,4,42,46,50,18,1,38,41,182
12,1,28,22.5,2.2,5.2,.418,0.9,2.2,.419,1.3,3.0,.417,0.9,1.4,.658,1.6,1.8,0.6,0.0,1.4,1.5,6.5
12,2,28,629,3.9,9.3,.418,1.7,3.9,.419,2.2,5.3,.417,1.6,2.4,.658,2.9,3.2,1.1,0.1,2.4,2.6,11.6
12,3,28,629,5.7,13.5,.418,2.4,5.7,.419,3.2,7.8,.417,2.3,3.5,.658,4.3,4.6,1.7,0.1,3.5,3.8,16.9,,106.0,110.9
12,4,28,629,11.5,.555,.538,.575,.260,181,0.8,7.7,4.4,14.2,1.7,0.2,18.8,16.2,,0.8,0.2,1.0,.066,,0.4,-3.4,-2.9
