0,0,31,374,15,45,.333,13,32,.406,2,13,.154,16,21,.762,1,20,21,35,23,0,33,42,48
0,1,31,12.1,0.5,1.5,.333,0.4,1.0,.406,0.1,0.4,.154,0.5,0.7,.762,0.7,1.1,0.7,0.0,1.1,1.4,1.5
0,2,31,374,1.6,4.8,.333,1.4,3.4,.406,0.2,1.4,.154,1.7,2.2,.762,2.2,3.7,2.5,0.0,3.5,4.5,5.1
0,3,31,374,2.3,7.0,.333,2.0,5.0,.406,0.3,2.0,.154,2.5,3.3,.762,3.3,5.5,3.6,0.0,5.2,6.6,7.5,,73.6,109.9
0,4,31,374,4.2,.437,.356,.289,.467,60,0.3,6.3,3.2,17.4,3.6,0.0,37.5,11.7,,-0.4,0.3,-0.1,-.013,,-6.9,-1.8,-8.7
1,0,21,114,13,20,.650,13,20,.650,0,0,,4,10,.400,5,19,24,1,0,4,8,21,30
1,1,21,5.4,0.6,1.0,.650,0.6,1.0,.650,0.0,0.0,,0.2,0.5,.400,1.1,0.0,0.0,0.2,0.4,1.0,1.4
1,2,21,114,4.6,7.0,.650,4.6,7.0,.650,0.0,0.0,,1.4,3.5,.400,8.4,0.4,0.0,1.4,2.8,7.4,10.5
1,3,21,114,6.7,10.3,.650,6.7,10.3,.650,0.0,0.0,,2.1,5.1,.400,12.3,0.5,0.0,2.1,4.1,10.8,15.4,,95.2,109.8
1,4,21,114,9.1,.606,.650,.000,.500,26,4.8,19.5,11.9,1.9,0.0,3.8,24.4,14.3,,0.0,0.1,0.1,.040,,-7.0,-3.0,-10.0
2,0,32,809,133,346,.384,83,190,.437,50,156,.321,75,91,.824,26,52,78,50,44,1,47,90,391
2,1,32,25.3,4.2,10.8,.384,2.6,5.9,.437,1.6,4.9,.321,2.3,2.8,.824,2.4,1.6,1.4,0.0,1.5,2.8,12.2
2,2,32,809,6.6,17.1,.384,4.1,9.4,.437,2.5,7.7,.321,3.7,4.5,.824,3.9,2.5,2.2,0.0,2.3,4.4,19.3
2,3,32,809,9.6,25.0,.384,6.0,13.7,.437,3.6,11.3,.321,5.4,6.6,.824,5.6,3.6,3.2,0.1,3.4,6.5,28.3,,105.0,110.2
2,4,32,809,16.7,.502,.457,.451,.263,365,3.5,7.5,5.4,14.9,3.2,0.1,10.8,26.9,,1.2,0.6,1.9,.092,,0.9,-3.8,-2.9
3,0,33,828,142,274,.518,142,273,.520,0,1,.000,98,208,.471,81,104,185,7,15,21,49,84,382
3,1,33,25.1,4.3,8.3,.518,4.3,8.3,.520,0.0,0.0,.000,3.0,6.3,.471,5.6,0.2,0.5,0.6,1.5,2.5,11.6
3,2,33,828,6.9,13.2,.518,6.9,13.2,.520,0.0,0.0,.000,4.7,10.0,.471,8.9,0.3,0.7,1.0,2.4,4.1,18.5
3,3,33,828,10.0,19.4,.518,10.0,19.3,.520,0.0,0.1,.000,6.9,14.7,.471,13.1,0.5,1.1,1.5,3.5,5.9,27.0,,102.9,110.6
3,4,33,828,17.9,.512,.518,.004,.759,357,10.7,14.7,12.6,2.1,1.1,2.7,11.6,25.4,,1.0,0.6,1.6,.079,,-3.8,-4.5,-8.4
4,0,33,935,68,181,.376,60,148,.405,8,33,.242,72,115,.626,23,82,105,124,44,0,88,75,216
4,1,33,28.3,2.1,5.5,.376,1.8,4.5,.405,0.2,1.0,.242,2.2,3.5,.626,3.2,3.8,1.3,0.0,2.7,2.3,6.5
4,2,33,935,2.9,7.7,.376,2.6,6.3,.405,0.3,1.4,.242,3.1,4.9,.626,4.5,5.3,1.9,0.0,3.8,3.2,9.2
4,3,33,935,4.3,11.3,.376,3.8,9.3,.405,0.5,2.1,.242,4.5,7.2,.626,6.6,7.8,2.8,0.0,5.5,4.7,13.5,,88.8,110.2
4,4,33,935,9.6,.458,.398,.182,.635,264,2.7,10.3,6.3,26.2,2.8,0.0,27.2,17.3,,-0.3,0.7,0.4,.019,,-4.3,-1.9,-6.2
5,0,29,322,9,24,.375,9,24,.375,0,0,,12,20,.600,13,40,53,9,10,9,12,41,30
5,1,29,11.1,0.3,0.8,.375,0.3,0.8,.375,0.0,0.0,,0.4,0.7,.600,1.8,0.3,0.3,0.3,0.4,1.4,1.0
5,2,29,322,1.1,3.0,.375,1.1,3.0,.375,0.0,0.0,,1.5,2.5,.600,6.6,1.1,1.2,1.1,1.5,5.1,3.7
5,3,29,322,1.6,4.4,.375,1.6,4.4,.375,0.0,0.0,,2.2,3.6,.600,9.6,1.6,1.8,1.6,2.2,7.5,5.5,,88.5,108.7
5,4,29,322,6.1,.448,.375,.000,.833,37,4.4,14.6,9.3,5.1,1.8,3.0,26.4,7.1,,0.0,0.3,0.2,.031,,-6.1,0.6,-5.5
6,0,32,598,51,119,.429,44,98,.449,7,21,.333,32,45,.711,47,80,127,21,19,26,25,84,141
6,1,32,18.7,1.6,3.7,.429,1.4,3.1,.449,0.2,0.7,.333,1.0,1.4,.711,4.0,0.7,0.6,0.8,0.8,2.6,4.4
6,2,32,598,3.4,8.0,.429,2.9,6.6,.449,0.5,1.4,.333,2.1,3.0,.711,8.5,1.4,1.3,1.7,1.7,5.6,9.4
6,3,32,598,5.0,11.6,.429,4.3,9.6,.449,0.7,2.1,.333,3.1,4.4,.711,12.4,2.1,1.9,2.5,2.4,8.2,13.8,,105.9,107.3
6,4,32,598,13.0,.502,.458,.176,.378,152,8.6,15.7,12.0,7.1,1.9,4.7,15.1,13.8,,0.5,0.6,1.2,.078,,-3.1,0.7,-2.4
7,0,34,789,104,281,.370,65,158,.411,39,123,.317,91,118,.771,25,88,113,23,23,2,52,70,338
7,1,34,23.2,3.1,8.3,.370,1.9,4.6,.411,1.1,3.6,.317,2.7,3.5,.771,3.3,0.7,0.7,0.1,1.5,2.1,9.9
7,2,34,789,5.3,14.2,.370,3.3,8.0,.411,2.0,6.2,.317,4.6,6.0,.771,5.7,1.2,1.2,0.1,2.6,3.5,17.1
7,3,34,789,7.7,20.8,.370,4.8,11.7,.411,2.9,9.1,.317,6.8,8.8,.771,8.4,1.7,1.7,0.1,3.9,5.2,25.1,,99.9,111.1
7,4,34,789,13.2,.501,.440,.438,.420,309,3.5,13.1,8.1,6.5,1.7,0.3,13.4,24.6,,0.7,0.5,1.2,.061,,-2.5,-4.6,-7.1
8,0,31,310,16,45,.356,16,45,.356,0,0,,10,19,.526,20,26,46,2,2,14,27,74,42
8,1,31,10.0,0.5,1.5,.356,0.5,1.5,.356,0.0,0.0,,0.3,0.6,.526,1.5,0.1,0.1,0.5,0.9,2.4,1.4
8,2,31,310,2.1,5.8,.356,2.1,5.8,.356,0.0,0.0,,1.3,2.5,.526,5.9,0.3,0.3,1.8,3.5,9.5,5.4
8,3,31,310,3.0,8.5,.356,3.0,8.5,.356,0.0,0.0,,1.9,3.6,.526,8.7,0.4,0.4,2.6,5.1,14.0,7.9,,65.4,112.4
8,4,31,310,-0.1,.389,.356,.000,.422,47,7.0,9.8,8.4,1.2,0.4,4.9,33.3,13.0,,-0.5,0.2,-0.4,-.046,,-9.9,-1.3,-11.1
9,0,33,600,59,149,.396,27,58,.466,32,91,.352,12,20,.600,40,43,83,18,11,6,30,60,162
9,1,33,18.2,1.8,4.5,.396,0.8,1.8,.466,1.0,2.8,.352,0.4,0.6,.600,2.5,0.5,0.3,0.2,0.9,1.8,4.9
9,2,33,600,3.9,9.9,.396,1.8,3.9,.466,2.1,6.1,.352,0.8,1.3,.600,5.5,1.2,0.7,0.4,2.0,4.0,10.8
9,3,33,600,5.8,14.5,.396,2.6,5.7,.466,3.1,8.9,.352,1.2,2.0,.600,8.1,1.8,1.1,0.6,2.9,5.9,15.8,,101.7,114.1
9,4,33,600,9.7,.511,.503,.611,.134,161,7.3,8.4,7.8,6.2,1.1,1.1,15.9,15.7,,0.4,0.2,0.7,.044,,-1.7,-3.4,-5.1
10,0,34,1060,174,389,.447,100,212,.472,74,177,.418,86,114,.754,49,105,154,65,45,1,77,72,508
10,1,34,31.2,5.1,11.4,.447,2.9,6.2,.472,2.2,5.2,.418,2.5,3.4,.754,4.5,1.9,1.3,0.0,2.3,2.1,14.9
10,2,34,1060,6.6,14.7,.447,3.8,8.0,.472,2.8,6.7,.418,3.2,4.3,.754,5.8,2.5,1.7,0.0,2.9,2.7,19.2
10,3,34,1060,9.6,21.5,.447,5.5,11.7,.472,4.1,9.8,.418,4.7,6.3,.754,8.5,3.6,2.5,0.1,4.3,4.0,28.0,,111.0,110.2
10,4,34,1060,19.3,.573,.542,.455,.293,474,5.0,11.6,8.2,14.8,2.5,0.1,14.8,24.5,,2.2,0.8,3.0,.115,,2.7,-2.9,-0.2
11,0,19,137,7,23,.304,6,14,.429,1,9,.111,2,3,.667,4,8,12,5,2,1,9,18,17
11,1,19,7.2,0.4,1.2,.304,0.3,0.7,.429,0.1,0.5,.111,0.1,0.2,.667,0.6,0.3,0.1,0.1,0.5,0.9,0.9
11,2,19,137,2.0,6.7,.304,1.8,4.1,.429,0.3,2.6,.111,0.6,0.9,.667,3.5,1.5,0.6,0.3,2.6,5.3,5.0
11,3,19,137,3.0,9.8,.304,2.6,6.0,.429,0.4,3.8,.111,0.9,1.3,.667,5.1,2.1,0.9,0.4,3.8,7.7,7.3,,66.4,115.1
11,4,19,137,0.0,.348,.326,.391,.130,19,3.2,6.8,5.0,6.9,0.9,0.8,26.9,12.2,,-0.2,0.0,-0.2,-.047,,-8.0,-3.1,-11.2
12,0,17,150,22,53,.415,12,26,.462,10,27,.370,3,7,.429,6,21,27,2,5,4,14,15,57
12,1,17,8.8,1.3,3.1,.415,0.7,1.5,.462,0.6,1.6,.370,0.2,0.4,.429,1.6,0.1,0.3,0.2,0.8,0.9,3.4
12,2,17,150,5.9,14.1,.415,3.2,6.9,.462,2.7,7.2,.370,0.8,1.9,.429,7.2,0.5,1.3,1.1,3.7,4.0,15.2
12,3,17,150,8.6,20.7,.415,4.7,10.1,.462,3.9,10.5,.370,1.2,2.7,.429,10.5,0.8,2.0,1.6,5.5,5.9,22.2,,87.1,107.9
12,4,17,150,11.1,.506,.509,.509,.132,49,4.4,16.4,10.2,3.1,2.0,2.9,19.9,23.4,,-0.1,0.1,0.1,.018,,-5.5,-3.6,-9.1
