0,0,31,894,74,156,.474,41,73,.562,33,83,.398,42,60,.700,36,91,127,50,16,9,36,57,223
0,1,31,28.8,2.4,5.0,.474,1.3,2.4,.562,1.1,2.7,.398,1.4,1.9,.700,4.1,1.6,0.5,0.3,1.2,1.8,7.2
0,2,31,894,3.3,7.0,.474,1.8,3.3,.562,1.5,3.7,.398,1.9,2.7,.700,5.7,2.2,0.7,0.4,1.6,2.6,10.0
0,3,31,894,5.4,11.4,.474,3.0,5.3,.562,2.4,6.1,.398,3.1,4.4,.700,9.3,3.7,1.2,0.7,2.6,4.2,16.3,,116.6,108.4
0,4,31,894,14.4,.604,.580,.532,.385,228,5.4,12.7,9.2,12.3,1.2,1.1,16.3,14.3,,1.7,0.6,2.3,.101,,1.8,-0.8,1.0
1,0,28,229,19,45,.422,19,45,.422,0,0,,14,19,.737,13,32,45,4,0,1,18,21,52
1,1,28,8.2,0.7,1.6,.422,0.7,1.6,.422,0.0,0.0,,0.5,0.7,.737,1.6,0.1,0.0,0.0,0.6,0.8,1.9
1,2,28,229,3.3,7.9,.422,3.3,7.9,.422,0.0,0.0,,2.4,3.3,.737,7.9,0.7,0.0,0.2,3.1,3.7,9.1
1,3,28,229,5.4,12.8,.422,5.4,12.8,.422,0.0,0.0,,4.0,5.4,.737,12.8,1.1,0.0,0.3,5.1,6.0,14.8,,84.3,109.1
1,4,28,229,6.9,.481,.422,.000,.422,53,7.6,17.5,12.7,3.8,0.0,0.5,25.0,18.2,,-0.1,0.1,0.0,.005,,-7.4,-3.6,-10.9
2,0,17,490,90,187,.481,89,181,.492,1,6,.167,58,89,.652,43,94,137,50,22,4,68,65,239
2,1,17,28.8,5.3,11.0,.481,5.2,10.6,.492,0.1,0.4,.167,3.4,5.2,.652,8.1,2.9,1.3,0.2,4.0,3.8,14.1
2,2,17,490,7.3,15.3,.481,7.3,14.8,.492,0.1,0.5,.167,4.7,7.3,.652,11.2,4.1,1.8,0.3,5.6,5.3,19.5
2,3,17,490,12.0,24.9,.481,11.9,24.1,.492,0.1,0.8,.167,7.7,11.9,.652,18.2,6.7,2.9,0.5,9.1,8.7,31.8,,95.0,99.4
2,4,17,490,21.8,.521,.484,.032,.476,252,11.8,24.0,18.1,28.7,2.9,0.9,22.9,35.1,,0.5,0.7,1.2,.098,,-0.4,1.7,1.3
3,0,25,122,3,22,.136,1,2,.500,2,20,.100,0,1,.000,1,7,8,12,1,0,15,7,8
3,1,25,4.9,0.1,0.9,.136,0.0,0.1,.500,0.1,0.8,.100,0.0,0.0,.000,0.3,0.5,0.0,0.0,0.6,0.3,0.3
3,2,25,122,1.0,7.2,.136,0.3,0.7,.500,0.7,6.6,.100,0.0,0.3,.000,2.6,3.9,0.3,0.0,4.9,2.3,2.6
3,3,25,122,1.6,11.8,.136,0.5,1.1,.500,1.1,10.7,.100,0.0,0.5,.000,4.3,6.4,0.5,0.0,8.0,3.7,4.3,,41.4,112.8
3,4,25,122,-6.5,.178,.182,.909,.045,14,1.1,7.2,4.2,19.1,0.5,0.0,40.0,17.8,,-0.5,0.0,-0.5,-.166,,-11.4,-4.2,-15.6
4,0,28,336,41,98,.418,25,49,.510,16,49,.327,11,17,.647,20,48,68,6,3,2,25,49,109
4,1,28,12.0,1.5,3.5,.418,0.9,1.8,.510,0.6,1.8,.327,0.4,0.6,.647,2.4,0.2,0.1,0.1,0.9,1.8,3.9
4,2,28,336,4.9,11.7,.418,3.0,5.8,.510,1.9,5.8,.327,1.3,2.0,.647,8.1,0.7,0.4,0.2,3.0,5.8,13.0
4,3,28,336,8.0,19.0,.418,4.9,9.5,.510,3.1,9.5,.327,2.1,3.3,.647,13.2,1.2,0.6,0.4,4.9,9.5,21.2,,91.5,107.2
4,4,28,336,10.4,.514,.500,.500,.173,101,8.0,17.9,13.1,4.3,0.6,0.7,19.1,22.6,,0.1,0.3,0.3,.039,,-3.3,-4.3,-7.7
5,0,26,763,66,167,.395,23,53,.434,43,114,.377,24,33,.727,11,64,75,46,18,9,38,46,199
5,1,26,29.3,2.5,6.4,.395,0.9,2.0,.434,1.7,4.4,.377,0.9,1.3,.727,2.9,1.8,0.7,0.3,1.5,1.8,7.7
5,2,26,763,3.5,8.8,.395,1.2,2.8,.434,2.3,6.0,.377,1.3,1.7,.727,3.9,2.4,0.9,0.5,2.0,2.4,10.4
5,3,26,763,5.6,14.3,.395,2.0,4.5,.434,3.7,9.8,.377,2.1,2.8,.727,6.4,3.9,1.5,0.8,3.3,3.9,17.0,,102.3,108.4
5,4,26,763,11.9,.545,.524,.683,.198,193,1.9,10.5,6.4,13.3,1.5,1.3,17.2,16.7,,0.8,0.5,1.3,.066,,0.4,-1.3,-0.9
6,0,31,1132,105,232,.453,46,84,.548,59,148,.399,29,45,.644,10,93,103,110,16,0,70,43,298
6,1,31,36.5,3.4,7.5,.453,1.5,2.7,.548,1.9,4.8,.399,0.9,1.5,.644,3.3,3.5,0.5,0.0,2.3,1.4,9.6
6,2,31,1132,3.7,8.2,.453,1.6,3.0,.548,2.1,5.2,.399,1.0,1.6,.644,3.6,3.9,0.6,0.0,2.5,1.5,10.5
6,3,31,1132,6.1,13.4,.453,2.7,4.8,.548,3.4,8.5,.399,1.7,2.6,.644,5.9,6.3,0.9,0.0,4.0,2.5,17.2,,106.2,110.7
6,4,31,1132,12.7,.588,.580,.638,.194,308,1.2,10.3,5.9,21.8,0.9,0.0,21.6,16.5,,1.5,0.5,2.0,.071,,1.3,-2.5,-1.2
7,0,31,1205,148,316,.468,99,218,.454,49,98,.500,73,92,.793,26,74,100,72,32,7,89,72,418
7,1,31,38.9,4.8,10.2,.468,3.2,7.0,.454,1.6,3.2,.500,2.4,3.0,.793,3.2,2.3,1.0,0.2,2.9,2.3,13.5
7,2,31,1205,4.9,10.5,.468,3.3,7.2,.454,1.6,3.3,.500,2.4,3.1,.793,3.3,2.4,1.1,0.2,3.0,2.4,13.9
7,3,31,1205,8.0,17.1,.468,5.4,11.8,.454,2.7,5.3,.500,4.0,5.0,.793,5.4,3.9,1.7,0.4,4.8,3.9,22.6,,103.2,109.6
7,4,31,1205,14.5,.581,.546,.310,.291,397,2.9,7.7,5.4,14.4,1.7,0.6,19.8,21.5,,1.7,0.6,2.3,.077,,0.6,-1.6,-1.0
8,0,27,337,22,44,.500,22,44,.500,0,0,,11,21,.524,15,30,45,5,8,7,15,30,55
8,1,27,12.5,0.8,1.6,.500,0.8,1.6,.500,0.0,0.0,,0.4,0.8,.524,1.7,0.2,0.3,0.3,0.6,1.1,2.0
8,2,27,337,2.6,5.2,.500,2.6,5.2,.500,0.0,0.0,,1.3,2.5,.524,5.3,0.6,0.9,0.8,1.8,3.6,6.5
8,3,27,337,4.3,8.5,.500,4.3,8.5,.500,0.0,0.0,,2.1,4.1,.524,8.7,1.0,1.5,1.4,2.9,5.8,10.7,,92.2,107.4
8,4,27,337,8.2,.509,.500,.000,.477,56,6.0,11.1,8.6,3.1,1.5,2.3,21.7,11.8,,0.1,0.2,0.3,.036,,-4.3,-0.3,-4.6
9,0,30,792,111,263,.422,96,222,.432,15,41,.366,77,89,.865,33,91,124,12,10,15,47,64,314
9,1,30,26.4,3.7,8.8,.422,3.2,7.4,.432,0.5,1.4,.366,2.6,3.0,.865,4.1,0.4,0.3,0.5,1.6,2.1,10.5
9,2,30,792,5.6,13.3,.422,4.8,11.2,.432,0.8,2.1,.366,3.9,4.5,.865,6.3,0.6,0.5,0.8,2.4,3.2,15.9
9,3,30,792,9.1,21.7,.422,7.9,18.3,.432,1.2,3.4,.366,6.3,7.3,.865,10.2,1.0,0.8,1.2,3.9,5.3,25.9,,99.0,107.8
9,4,30,792,15.2,.514,.451,.156,.338,285,5.6,14.4,10.1,3.8,0.8,2.1,13.3,25.7,,0.9,0.5,1.4,.072,,-3.7,-3.3,-7.1
