0,0,25,273,11,35,.314,2,5,.400,9,30,.300,2,3,.667,2,15,17,16,7,0,9,32,33
0,1,25,10.9,0.4,1.4,.314,0.1,0.2,.400,0.4,1.2,.300,0.1,0.1,.667,0.7,0.6,0.3,0.0,0.4,1.3,1.3
0,2,25,273,1.6,5.1,.314,0.3,0.7,.400,1.3,4.4,.300,0.3,0.4,.667,2.5,2.3,1.0,0.0,1.3,4.7,4.8
0,3,25,273,2.4,7.7,.314,0.4,1.1,.400,2.0,6.6,.300,0.4,0.7,.667,3.7,3.5,1.5,0.0,2.0,7.0,7.3,,89.7,118.9
0,4,25,273,3.8,.453,.443,.857,.086,37,0.9,6.3,3.7,10.4,1.5,0.0,19.8,9.0,,0.0,0.0,0.0,-.006,,-4.7,-4.6,-9.3
1,0,5,11,1,1,1.000,1,1,1.000,0,0,,1,2,.500,0,2,2,0,0,0,0,0,3
1,1,5,2.2,0.2,0.2,1.000,0.2,0.2,1.000,0.0,0.0,,0.2,0.4,.500,0.4,0.0,0.0,0.0,0.0,0.0,0.6
1,2,5,11,3.6,3.6,1.000,3.6,3.6,1.000,0.0,0.0,,3.6,7.3,.500,7.3,0.0,0.0,0.0,0.0,0.0,10.9
1,3,5,11,5.5,5.5,1.000,5.5,5.5,1.000,0.0,0.0,,5.5,10.9,.500,10.9,0.0,0.0,0.0,0.0,0.0,16.4,,158.8,116.7
1,4,5,11,15.7,.769,1.000,.000,2.000,2,0.0,21.0,10.7,0.0,0.0,0.0,0.0,9.6,,0.0,0.0,0.0,.104,,-4.2,-8.2,-12.5
2,0,26,729,39,113,.345,21,54,.389,18,59,.305,20,27,.741,3,64,67,92,19,1,52,35,116
2,1,26,28.0,1.5,4.3,.345,0.8,2.1,.389,0.7,2.3,.305,0.8,1.0,.741,2.6,3.5,0.7,0.0,2.0,1.3,4.5
2,2,26,729,2.1,6.2,.345,1.2,3.0,.389,1.0,3.2,.305,1.1,1.5,.741,3.7,5.0,1.0,0.1,2.9,1.9,6.4
2,3,26,729,3.2,9.3,.345,1.7,4.4,.389,1.5,4.9,.305,1.6,2.2,.741,5.5,7.6,1.6,0.1,4.3,2.9,9.5,,86.9,117.5
2,4,26,729,7.2,.461,.425,.522,.239,151,0.5,10.1,5.4,23.0,1.6,0.1,29.2,13.2,,-0.3,0.1,-0.2,-.011,,-5.1,-4.1,-9.3
3,0,24,120,3,8,.375,3,8,.375,0,0,,1,2,.500,1,11,12,2,2,0,4,19,7
3,1,24,5.0,0.1,0.3,.375,0.1,0.3,.375,0.0,0.0,,0.0,0.1,.500,0.5,0.1,0.1,0.0,0.2,0.8,0.3
3,2,24,120,1.0,2.7,.375,1.0,2.7,.375,0.0,0.0,,0.3,0.7,.500,4.0,0.7,0.7,0.0,1.3,6.3,2.3
3,3,24,120,1.5,4.0,.375,1.5,4.0,.375,0.0,0.0,,0.5,1.0,.500,6.0,1.0,1.0,0.0,2.0,9.5,3.5,,64.9,118.1
3,4,24,120,0.0,.391,.375,.000,.250,8,1.0,10.6,5.9,2.9,1.0,0.0,30.9,5.8,,-0.1,0.0,-0.1,-.029,,-8.4,-3.3,-11.7
4,0,30,1044,129,315,.410,81,201,.403,48,114,.421,58,99,.586,21,90,111,118,28,7,91,68,364
4,1,30,34.8,4.3,10.5,.410,2.7,6.7,.403,1.6,3.8,.421,1.9,3.3,.586,3.7,3.9,0.9,0.2,3.0,2.3,12.1
4,2,30,1044,4.9,12.1,.410,3.1,7.7,.403,1.8,4.4,.421,2.2,3.8,.586,4.3,4.5,1.1,0.3,3.5,2.6,13.9
4,3,30,1044,7.4,18.1,.410,4.7,11.6,.403,2.8,6.6,.421,3.3,5.7,.586,6.4,6.8,1.6,0.4,5.2,3.9,20.9,,94.1,117.1
4,4,30,1044,12.4,.503,.486,.362,.314,386,2.4,9.9,6.3,23.6,1.6,0.7,20.1,23.4,,0.2,0.1,0.4,.014,,-2.7,-4.3,-6.9
5,0,32,1191,235,541,.434,155,323,.480,80,218,.367,97,119,.815,21,123,144,60,32,12,72,67,647
5,1,32,37.2,7.3,16.9,.434,4.8,10.1,.480,2.5,6.8,.367,3.0,3.7,.815,4.5,1.9,1.0,0.4,2.3,2.1,20.2
5,2,32,1191,7.9,18.2,.434,5.2,10.8,.480,2.7,7.3,.367,3.3,4.0,.815,4.8,2.0,1.1,0.4,2.4,2.3,21.7
5,3,32,1191,11.8,27.3,.434,7.8,16.3,.480,4.0,11.0,.367,4.9,6.0,.815,7.3,3.0,1.6,0.6,3.6,3.4,32.6,,104.4,116.1
5,4,32,1191,19.4,.541,.508,.403,.220,583,2.1,11.9,7.1,12.4,1.6,1.0,10.8,30.3,,1.9,0.3,2.2,.074,,0.6,-5.5,-4.9
6,0,31,506,45,108,.417,45,107,.421,0,1,.000,13,26,.500,32,59,91,8,7,19,24,62,103
6,1,31,16.3,1.5,3.5,.417,1.5,3.5,.421,0.0,0.0,.000,0.4,0.8,.500,2.9,0.3,0.2,0.6,0.8,2.0,3.3
6,2,31,506,3.6,8.5,.417,3.6,8.5,.421,0.0,0.1,.000,1.0,2.1,.500,7.2,0.6,0.6,1.5,1.9,4.9,8.1
6,3,31,506,5.3,12.8,.417,5.3,12.7,.421,0.0,0.1,.000,1.5,3.1,.500,10.8,0.9,0.8,2.3,2.8,7.4,12.2,,85.4,115.4
6,4,31,506,7.6,.428,.417,.009,.241,110,7.7,13.5,10.6,3.1,0.8,3.8,16.6,15.4,,-0.2,0.1,-0.1,-.008,,-7.8,-3.0,-10.7
7,0,26,657,76,171,.444,57,113,.504,19,58,.328,35,50,.700,26,60,86,16,14,2,25,73,206
7,1,26,25.3,2.9,6.6,.444,2.2,4.3,.504,0.7,2.2,.328,1.3,1.9,.700,3.3,0.6,0.5,0.1,1.0,2.8,7.9
7,2,26,657,4.6,10.4,.444,3.5,6.9,.504,1.2,3.5,.328,2.1,3.0,.700,5.2,1.0,0.9,0.1,1.5,4.4,12.5
7,3,26,657,6.9,15.6,.444,5.2,10.3,.504,1.7,5.3,.328,3.2,4.6,.700,7.9,1.5,1.3,0.2,2.3,6.7,18.8,,103.7,117.6
7,4,26,657,11.4,.529,.500,.339,.292,194,4.8,10.5,7.7,5.0,1.3,0.3,11.4,18.0,,0.6,0.1,0.7,.041,,-2.8,-5.1,-7.8
8,0,2,4,0,0,,0,0,,0,0,,1,2,.500,0,1,1,1,0,0,1,0,1
8,1,2,2.0,0.0,0.0,,0.0,0.0,,0.0,0.0,,0.5,1.0,.500,0.5,0.5,0.0,0.0,0.5,0.0,0.5
8,2,2,4,0.0,0.0,,0.0,0.0,,0.0,0.0,,10.0,20.0,.500,10.0,10.0,0.0,0.0,10.0,0.0,10.0
8,3,2,4,0.0,0.0,,0.0,0.0,,0.0,0.0,,15.0,30.0,.500,15.0,15.0,0.0,0.0,15.0,0.0,15.0,,72.9,113.4
8,4,2,4,7.2,.526,,,,1,0.0,28.9,14.8,41.5,0.0,0.0,51.3,26.3,,0.0,0.0,0.0,-.090,,-13.5,-4.7,-18.2
9,0,1,1,0,0,,0,0,,0,0,,0,0,,0,0,0,0,0,0,0,0,0
9,1,1,1.0,0.0,0.0,,0.0,0.0,,0.0,0.0,,0.0,0.0,,0.0,0.0,0.0,0.0,0.0,0.0,0.0
9,2,1,1,0.0,0.0,,0.0,0.0,,0.0,0.0,,0.0,0.0,,0.0,0.0,0.0,0.0,0.0,0.0,0.0
9,3,1,1,0.0,0.0,,0.0,0.0,,0.0,0.0,,0.0,0.0,,0.0,0.0,0.0,0.0,0.0,0.0,0.0,,,125.7
9,4,1,1,0.0,,,,,0,0.0,0.0,0.0,0.0,0.0,0.0,,0.0,,0.0,0.0,0.0,-.027,,-7.5,-3.4,-10.9
10,0,2,5,1,1,1.000,1,1,1.000,0,0,,0,1,.000,0,1,1,0,0,0,0,0,2
10,1,2,2.5,0.5,0.5,1.000,0.5,0.5,1.000,0.0,0.0,,0.0,0.5,.000,0.5,0.0,0.0,0.0,0.0,0.0,1.0
10,2,2,5,8.0,8.0,1.000,8.0,8.0,1.000,0.0,0.0,,0.0,8.0,.000,8.0,0.0,0.0,0.0,0.0,0.0,16.0
10,3,2,5,12.0,12.0,1.000,12.0,12.0,1.000,0.0,0.0,,0.0,12.0,.000,12.0,0.0,0.0,0.0,0.0,0.0,24.0,,119.4,115.8
10,4,2,5,19.8,.678,1.000,.000,1.000,1,0.0,23.1,11.8,0.0,0.0,0.0,0.0,15.9,,0.0,0.0,0.0,.071,,-4.4,-9.8,-14.2
11,0,31,792,90,210,.429,75,154,.487,15,56,.268,65,86,.756,16,62,78,42,13,4,52,45,260
11,1,31,25.5,2.9,6.8,.429,2.4,5.0,.487,0.5,1.8,.268,2.1,2.8,.756,2.5,1.4,0.4,0.1,1.7,1.5,8.4
11,2,31,792,4.5,10.6,.429,3.8,7.8,.487,0.8,2.8,.268,3.3,4.3,.756,3.9,2.1,0.7,0.2,2.6,2.3,13.1
11,3,31,792,6.8,15.9,.429,5.7,11.7,.487,1.1,4.2,.268,4.9,6.5,.756,5.9,3.2,1.0,0.3,3.9,3.4,19.7,,96.2,119.0
11,4,31,792,10.9,.518,.464,.267,.410,253,2.4,9.0,5.8,10.8,1.0,0.5,17.2,20.6,,0.3,0.0,0.3,.013,,-4.2,-5.1,-9.4
12,0,32,1067,142,221,.643,141,219,.644,1,2,.500,65,112,.580,81,207,288,17,19,51,60,93,350
12,1,32,33.3,4.4,6.9,.643,4.4,6.8,.644,0.0,0.1,.500,2.0,3.5,.580,9.0,0.5,0.6,1.6,1.9,2.9,10.9
12,2,32,1067,5.3,8.3,.643,5.3,8.2,.644,0.0,0.1,.500,2.4,4.2,.580,10.8,0.6,0.7,1.9,2.2,3.5,13.1
12,3,32,1067,8.0,12.4,.643,7.9,12.3,.644,0.1,0.1,.500,3.7,6.3,.580,16.2,1.0,1.1,2.9,3.4,5.2,19.7,,113.7,110.6
12,4,32,1067,18.7,.638,.645,.009,.507,338,9.2,22.4,16.0,3.4,1.1,4.9,18.0,16.9,,1.8,0.8,2.6,.098,,-2.5,-1.5,-4.0
