0,0,20,174,12,29,.414,7,13,.538,5,16,.313,12,18,.667,6,27,33,10,6,8,13,30,41
0,1,20,8.7,0.6,1.5,.414,0.4,0.7,.538,0.3,0.8,.313,0.6,0.9,.667,1.7,0.5,0.3,0.4,0.7,1.5,2.1
0,2,20,174,2.8,6.7,.414,1.6,3.0,.538,1.1,3.7,.313,2.8,4.1,.667,7.6,2.3,1.4,1.8,3.0,6.9,9.4
0,3,20,174,4.3,10.5,.414,2.5,4.7,.538,1.8,5.8,.313,4.3,6.5,.667,12.0,3.6,2.2,2.9,4.7,10.9,14.9,,96.6,94.1
0,4,20,174,11.9,.546,.500,.552,.621,43,4.5,18.8,11.9,10.7,2.2,4.8,25.7,16.0,,0.1,0.3,0.4,.103,,-2.1,2.8,0.7
1,0,32,339,16,37,.432,13,23,.565,3,14,.214,13,19,.684,12,41,53,20,14,1,16,43,48
1,1,32,10.6,0.5,1.2,.432,0.4,0.7,.565,0.1,0.4,.214,0.4,0.6,.684,1.7,0.6,0.4,0.0,0.5,1.3,1.5
1,2,32,339,1.9,4.4,.432,1.5,2.7,.565,0.4,1.7,.214,1.5,2.2,.684,6.3,2.4,1.7,0.1,1.9,5.1,5.7
1,3,32,339,3.0,6.9,.432,2.4,4.3,.565,0.6,2.6,.214,2.4,3.5,.684,9.9,3.7,2.6,0.2,3.0,8.0,8.9,,100.1,97.8
1,4,32,339,8.9,.521,.473,.378,.514,58,4.6,14.6,9.8,10.6,2.6,0.3,25.8,10.1,,0.2,0.6,0.8,.089,,-1.7,1.5,-0.3
2,0,8,28,1,2,.500,1,1,1.000,0,1,.000,4,5,.800,0,2,2,1,2,0,1,1,6
2,1,8,3.5,0.1,0.3,.500,0.1,0.1,1.000,0.0,0.1,.000,0.5,0.6,.800,0.3,0.1,0.3,0.0,0.1,0.1,0.8
2,2,8,28,1.4,2.9,.500,1.4,1.4,1.000,0.0,1.4,.000,5.7,7.1,.800,2.9,1.4,2.9,0.0,1.4,1.4,8.6
2,3,8,28,2.3,4.5,.500,2.3,2.3,1.000,0.0,2.3,.000,9.0,11.3,.800,4.5,2.3,4.5,0.0,2.3,2.3,13.5,,127.7,96.5
2,4,8,28,14.7,.686,.500,.500,2.500,6,0.0,8.6,4.5,6.3,4.5,0.0,18.6,10.6,,0.1,0.0,0.1,.147,,0.6,1.2,1.8
3,0,6,16,4,6,.667,4,5,.800,0,1,.000,1,3,.333,2,1,3,2,0,0,0,0,9
3,1,6,2.7,0.7,1.0,.667,0.7,0.8,.800,0.0,0.2,.000,0.2,0.5,.333,0.5,0.3,0.0,0.0,0.0,0.0,1.5
3,2,6,16,10.0,15.0,.667,10.0,12.5,.800,0.0,2.5,.000,2.5,7.5,.333,7.5,5.0,0.0,0.0,0.0,0.0,22.5
3,3,6,16,15.8,23.6,.667,15.8,19.7,.800,0.0,3.9,.000,3.9,11.8,.333,11.8,7.9,0.0,0.0,0.0,0.0,35.5,,141.0,106.9
3,4,6,16,35.2,.606,.667,.167,.500,9,16.3,7.6,11.8,35.3,0.0,0.0,0.0,25.5,,0.1,0.0,0.1,.287,,12.0,-3.4,8.5
4,0,31,428,39,78,.500,39,78,.500,0,0,,20,28,.714,36,47,83,30,6,11,22,66,98
4,1,31,13.8,1.3,2.5,.500,1.3,2.5,.500,0.0,0.0,,0.6,0.9,.714,2.7,1.0,0.2,0.4,0.7,2.1,3.2
4,2,31,428,3.6,7.3,.500,3.6,7.3,.500,0.0,0.0,,1.9,2.6,.714,7.8,2.8,0.6,1.0,2.1,6.2,9.2
4,3,31,428,5.7,11.5,.500,5.7,11.5,.500,0.0,0.0,,2.9,4.1,.714,12.2,4.4,0.9,1.6,3.2,9.7,14.4,,111.1,100.4
4,4,31,428,13.3,.537,.500,.000,.359,118,11.0,13.3,12.2,13.7,0.9,2.7,19.4,14.6,,0.7,0.6,1.3,.122,,-0.7,1.1,0.5
5,0,31,571,43,104,.413,23,47,.489,20,57,.351,28,35,.800,27,52,79,50,12,8,22,56,134
5,1,31,18.4,1.4,3.4,.413,0.7,1.5,.489,0.6,1.8,.351,0.9,1.1,.800,2.5,1.6,0.4,0.3,0.7,1.8,4.3
5,2,31,571,3.0,7.3,.413,1.6,3.3,.489,1.4,4.0,.351,2.0,2.5,.800,5.5,3.5,0.8,0.6,1.5,3.9,9.4
5,3,31,571,4.7,11.5,.413,2.5,5.2,.489,2.2,6.3,.351,3.1,3.9,.800,8.7,5.5,1.3,0.9,2.4,6.2,14.8,,118.7,101.3
5,4,31,571,13.9,.555,.510,.548,.337,153,6.2,11.0,8.7,16.6,1.3,1.5,15.4,13.7,,1.2,0.8,1.9,.134,,1.7,0.1,1.8
6,0,32,1080,131,336,.390,62,157,.395,69,179,.385,51,67,.761,4,52,56,55,38,1,47,45,382
6,1,32,33.8,4.1,10.5,.390,1.9,4.9,.395,2.2,5.6,.385,1.6,2.1,.761,1.8,1.7,1.2,0.0,1.5,1.4,11.9
6,2,32,1080,4.9,12.4,.390,2.3,5.8,.395,2.6,6.6,.385,1.9,2.5,.761,2.1,2.0,1.4,0.0,1.7,1.7,14.1
6,3,32,1080,7.6,19.6,.390,3.6,9.2,.395,4.0,10.5,.385,3.0,3.9,.761,3.3,3.2,2.2,0.1,2.7,2.6,22.3,,104.5,102.5
6,4,32,1080,13.5,.519,.493,.533,.199,340,0.5,5.8,3.3,10.6,2.2,0.1,11.3,21.1,,1.5,1.3,2.8,.104,,0.7,-1.7,-0.9
7,0,6,9,2,6,.333,2,6,.333,0,0,,0,4,.000,2,2,4,0,2,0,1,2,4
7,1,6,1.5,0.3,1.0,.333,0.3,1.0,.333,0.0,0.0,,0.0,0.7,.000,0.7,0.0,0.3,0.0,0.2,0.3,0.7
7,2,6,9,8.9,26.7,.333,8.9,26.7,.333,0.0,0.0,,0.0,17.8,.000,17.8,0.0,8.9,0.0,4.4,8.9,17.8
7,3,6,9,14.0,42.0,.333,14.0,42.0,.333,0.0,0.0,,0.0,28.0,.000,28.0,0.0,14.0,0.0,7.0,14.0,28.0,,58.8,68.1
7,4,6,9,11.4,.253,.333,.000,.667,4,29.0,26.9,27.9,0.0,14.0,0.0,11.2,54.4,,-0.1,0.0,0.0,-.128,,-20.1,-4.7,-24.8
8,0,14,34,5,10,.500,0,0,,5,10,.500,0,0,,0,1,1,0,0,0,3,2,15
8,1,14,2.4,0.4,0.7,.500,0.0,0.0,,0.4,0.7,.500,0.0,0.0,,0.1,0.0,0.0,0.0,0.2,0.1,1.1
8,2,14,34,5.9,11.8,.500,0.0,0.0,,5.9,11.8,.500,0.0,0.0,,1.2,0.0,0.0,0.0,3.5,2.4,17.6
8,3,14,34,9.3,18.5,.500,0.0,0.0,,9.3,18.5,.500,0.0,0.0,,1.9,0.0,0.0,0.0,5.6,3.7,27.8,,104.0,108.1
8,4,14,34,12.9,.750,.750,1.000,.000,10,0.0,3.6,1.8,0.0,0.0,0.0,23.1,21.0,,0.0,0.0,0.1,.077,,1.5,-6.6,-5.1
9,0,18,121,3,14,.214,1,2,.500,2,12,.167,7,11,.636,3,17,20,3,1,2,4,10,15
9,1,18,6.7,0.2,0.8,.214,0.1,0.1,.500,0.1,0.7,.167,0.4,0.6,.636,1.1,0.2,0.1,0.1,0.2,0.6,0.8
9,2,18,121,1.0,4.6,.214,0.3,0.7,.500,0.7,4.0,.167,2.3,3.6,.636,6.6,1.0,0.3,0.7,1.3,3.3,5.0
9,3,18,121,1.6,7.3,.214,0.5,1.0,.500,1.0,6.3,.167,3.6,5.7,.636,10.4,1.6,0.5,1.0,2.1,5.2,7.8,,85.2,100.7
9,4,18,121,5.0,.390,.286,.857,.786,17,3.2,17.0,10.4,4.3,0.5,1.7,17.2,10.6,,0.0,0.2,0.1,.047,,-4.0,-0.6,-4.6
10,0,32,965,180,324,.556,180,324,.556,0,0,,81,126,.643,62,154,216,61,36,36,70,66,441
10,1,32,30.2,5.6,10.1,.556,5.6,10.1,.556,0.0,0.0,,2.5,3.9,.643,6.8,1.9,1.1,1.1,2.2,2.1,13.8
10,2,32,965,7.5,13.4,.556,7.5,13.4,.556,0.0,0.0,,3.4,5.2,.643,9.0,2.5,1.5,1.5,2.9,2.7,18.3
10,3,32,965,11.8,21.2,.556,11.8,21.2,.556,0.0,0.0,,5.3,8.2,.643,14.1,4.0,2.4,2.4,4.6,4.3,28.8,,110.5,94.6
10,4,32,965,24.8,.574,.556,.000,.389,423,8.4,19.3,14.0,15.1,2.4,3.9,15.4,25.9,,2.5,1.9,4.4,.181,,1.2,2.9,4.1
11,0,32,991,158,278,.568,157,271,.579,1,7,.143,126,161,.783,62,162,224,80,27,56,65,67,443
11,1,32,31.0,4.9,8.7,.568,4.9,8.5,.579,0.0,0.2,.143,3.9,5.0,.783,7.0,2.5,0.8,1.8,2.0,2.1,13.8
11,2,32,991,6.4,11.2,.568,6.3,10.9,.579,0.0,0.3,.143,5.1,6.5,.783,9.0,3.2,1.1,2.3,2.6,2.7,17.9
11,3,32,991,10.1,17.7,.568,10.0,17.2,.579,0.1,0.4,.143,8.0,10.2,.783,14.3,5.1,1.7,3.6,4.1,4.3,28.2,,122.1,94.6
11,4,32,991,27.5,.625,.570,.025,.579,443,8.2,19.8,14.2,18.2,1.7,5.9,15.5,23.3,,3.6,2.0,5.6,.226,,3.5,4.0,7.5
12,0,32,1055,126,318,.396,65,160,.406,61,158,.386,94,118,.797,20,128,148,88,36,4,88,85,407
12,1,32,33.0,3.9,9.9,.396,2.0,5.0,.406,1.9,4.9,.386,2.9,3.7,.797,4.6,2.8,1.1,0.1,2.8,2.7,12.7
12,2,32,1055,4.8,12.1,.396,2.5,6.1,.406,2.3,6.0,.386,3.6,4.5,.797,5.6,3.3,1.4,0.2,3.3,3.2,15.4
12,3,32,1055,7.5,19.0,.396,3.9,9.6,.406,3.6,9.4,.386,5.6,7.1,.797,8.8,5.3,2.2,0.2,5.3,5.1,24.3,,102.5,98.9
12,4,32,1055,15.9,.544,.492,.497,.371,396,2.5,14.7,8.8,17.2,2.2,0.4,19.0,24.1,,1.6,1.6,3.2,.121,,1.0,-0.1,1.0
13,0,4,11,1,4,.250,1,2,.500,0,2,.000,0,0,,1,0,1,1,0,1,0,2,2
13,1,4,2.8,0.3,1.0,.250,0.3,0.5,.500,0.0,0.5,.000,0.0,0.0,,0.3,0.3,0.0,0.3,0.0,0.5,0.5
13,2,4,11,3.6,14.5,.250,3.6,7.3,.500,0.0,7.3,.000,0.0,0.0,,3.6,3.6,0.0,3.6,0.0,7.3,7.3
13,3,4,11,5.7,22.9,.250,5.7,11.5,.500,0.0,11.5,.000,0.0,0.0,,5.7,5.7,0.0,5.7,0.0,11.5,11.5,,84.9,102.9
13,4,4,11,6.5,.250,.250,.500,.000,3,11.9,0.0,5.7,17.7,0.0,9.5,0.0,20.0,,0.0,0.0,0.0,.030,,-3.3,0.4,-2.9
14,0,31,657,66,144,.458,39,71,.549,27,73,.370,9,14,.643,30,65,95,22,9,6,26,71,168
14,1,31,21.2,2.1,4.6,.458,1.3,2.3,.549,0.9,2.4,.370,0.3,0.5,.643,3.1,0.7,0.3,0.2,0.8,2.3,5.4
14,2,31,657,4.0,8.8,.458,2.4,4.3,.549,1.6,4.4,.370,0.5,0.9,.643,5.8,1.3,0.5,0.4,1.6,4.3,10.2
14,3,31,657,6.3,13.8,.458,3.7,6.8,.549,2.6,7.0,.370,0.9,1.3,.643,9.1,2.1,0.9,0.6,2.5,6.8,16.1,,108.7,102.2
14,4,31,657,11.3,.558,.552,.507,.097,160,6.0,12.0,9.1,6.7,0.9,1.0,14.7,14.8,,0.9,0.8,1.7,.102,,0.3,-0.8,-0.5
15,0,15,46,1,6,.167,1,5,.200,0,1,.000,0,0,,2,8,10,4,2,0,5,5,2
15,1,15,3.1,0.1,0.4,.167,0.1,0.3,.200,0.0,0.1,.000,0.0,0.0,,0.7,0.3,0.1,0.0,0.3,0.3,0.1
15,2,15,46,0.9,5.2,.167,0.9,4.3,.200,0.0,0.9,.000,0.0,0.0,,8.7,3.5,1.7,0.0,4.3,4.3,1.7
15,3,15,46,1.4,8.2,.167,1.4,6.9,.200,0.0,1.4,.000,0.0,0.0,,13.7,5.5,2.7,0.0,6.9,6.9,2.7,,47.7,95.4
15,4,15,46,0.4,.167,.167,.167,.000,5,5.7,21.0,13.6,14.9,2.7,0.0,45.5,13.1,,-0.1,0.1,-0.1,-.044,,-9.5,2.5,-7.1
