0,0,21,90,6,16,.375,1,2,.500,5,14,.357,4,7,.571,4,11,15,3,3,2,3,10,21
0,1,21,4.3,0.3,0.8,.375,0.0,0.1,.500,0.2,0.7,.357,0.2,0.3,.571,0.7,0.1,0.1,0.1,0.1,0.5,1.0
0,2,21,90,2.7,7.1,.375,0.4,0.9,.500,2.2,6.2,.357,1.8,3.1,.571,6.7,1.3,1.3,0.9,1.3,4.4,9.3
0,3,21,90,4.1,10.8,.375,0.7,1.4,.500,3.4,9.5,.357,2.7,4.7,.571,10.1,2.0,2.0,1.4,2.0,6.8,14.2,,111.8,100.3
0,4,21,90,12.0,.543,.531,.875,.438,20,5.3,14.5,9.9,6.1,2.0,2.6,13.4,12.8,,0.1,0.1,0.2,.111,,2.2,2.2,4.4
1,0,32,658,69,154,.448,61,128,.477,8,26,.308,53,75,.707,69,78,147,20,8,11,34,81,199
1,1,32,20.6,2.2,4.8,.448,1.9,4.0,.477,0.3,0.8,.308,1.7,2.3,.707,4.6,0.6,0.3,0.3,1.1,2.5,6.2
1,2,32,658,4.2,9.4,.448,3.7,7.8,.477,0.5,1.6,.308,3.2,4.6,.707,8.9,1.2,0.5,0.7,2.1,4.9,12.1
1,3,32,658,6.4,14.2,.448,5.6,11.8,.477,0.7,2.4,.308,4.9,6.9,.707,13.6,1.8,0.7,1.0,3.1,7.5,18.4,,109.5,103.6
1,4,32,658,14.1,.525,.474,.169,.487,208,12.4,14.0,13.2,6.0,0.7,2.0,15.2,17.5,,1.1,0.8,1.9,.113,,1.5,1.2,2.7
2,0,32,616,44,116,.379,41,85,.482,3,31,.097,23,30,.767,7,46,53,87,21,2,39,38,114
2,1,32,19.3,1.4,3.6,.379,1.3,2.7,.482,0.1,1.0,.097,0.7,0.9,.767,1.7,2.7,0.7,0.1,1.2,1.2,3.6
2,2,32,616,2.9,7.5,.379,2.7,5.5,.482,0.2,2.0,.097,1.5,1.9,.767,3.4,5.6,1.4,0.1,2.5,2.5,7.4
2,3,32,616,4.3,11.4,.379,4.0,8.4,.482,0.3,3.1,.097,2.3,3.0,.767,5.2,8.6,2.1,0.2,3.8,3.7,11.2,,93.6,103.9
2,4,32,616,9.5,.438,.392,.267,.259,143,1.3,8.8,5.1,26.2,2.1,0.4,23.0,14.2,,0.2,0.7,0.9,.055,,-0.9,1.0,0.0
3,0,3,5,0,1,.000,0,0,,0,1,.000,0,0,,0,0,0,0,0,0,0,2,0
3,1,3,1.7,0.0,0.3,.000,0.0,0.0,,0.0,0.3,.000,0.0,0.0,,0.0,0.0,0.0,0.0,0.0,0.7,0.0
3,2,3,5,0.0,8.0,.000,0.0,0.0,,0.0,8.0,.000,0.0,0.0,,0.0,0.0,0.0,0.0,0.0,16.0,0.0
3,3,3,5,0.0,12.2,.000,0.0,0.0,,0.0,12.2,.000,0.0,0.0,,0.0,0.0,0.0,0.0,0.0,24.3,0.0,,0.0,110.4
3,4,3,5,-16.0,.000,.000,1.000,.000,0,0.0,0.0,0.0,0.0,0.0,0.0,0.0,10.3,,0.0,0.0,0.0,-.114,,-7.2,-1.9,-9.1
4,0,32,328,32,49,.653,32,49,.653,0,0,,24,40,.600,32,49,81,5,9,23,19,59,88
4,1,32,10.3,1.0,1.5,.653,1.0,1.5,.653,0.0,0.0,,0.8,1.3,.600,2.5,0.2,0.3,0.7,0.6,1.8,2.8
4,2,32,328,3.9,6.0,.653,3.9,6.0,.653,0.0,0.0,,2.9,4.9,.600,9.9,0.6,1.1,2.8,2.3,7.2,10.7
4,3,32,328,5.9,9.1,.653,5.9,9.1,.653,0.0,0.0,,4.4,7.4,.600,15.0,0.9,1.7,4.3,3.5,10.9,16.3,,114.1,96.5
4,4,32,328,16.8,.647,.653,.000,.816,87,11.6,17.7,14.6,3.0,1.7,8.2,21.8,13.7,,0.5,0.6,1.1,.139,,0.7,5.5,6.2
5,0,30,749,73,163,.448,67,149,.450,6,14,.429,55,77,.714,48,84,132,26,11,77,26,87,207
5,1,30,25.0,2.4,5.4,.448,2.2,5.0,.450,0.2,0.5,.429,1.8,2.6,.714,4.4,0.9,0.4,2.6,0.9,2.9,6.9
5,2,30,749,3.9,8.7,.448,3.6,8.0,.450,0.3,0.7,.429,2.9,4.1,.714,7.0,1.4,0.6,4.1,1.4,4.6,11.1
5,3,30,749,5.9,13.2,.448,5.4,12.1,.450,0.5,1.1,.429,4.5,6.2,.714,10.7,2.1,0.9,6.2,2.1,7.1,16.8,,111.6,98.5
5,4,30,749,16.6,.519,.466,.086,.472,207,7.6,13.3,10.4,6.8,0.9,12.0,11.5,15.5,,1.2,1.2,2.4,.129,,0.5,7.9,8.4
6,0,31,1052,172,358,.480,148,288,.514,24,70,.343,114,165,.691,28,144,172,234,87,10,127,94,482
6,1,31,33.9,5.5,11.5,.480,4.8,9.3,.514,0.8,2.3,.343,3.7,5.3,.691,5.5,7.5,2.8,0.3,4.1,3.0,15.5
6,2,31,1052,6.5,13.6,.480,5.6,11.0,.514,0.9,2.7,.343,4.3,6.3,.691,6.5,8.9,3.3,0.4,4.8,3.6,18.3
6,3,31,1052,9.9,20.7,.480,8.5,16.6,.514,1.4,4.0,.343,6.6,9.5,.691,9.9,13.5,5.0,0.6,7.3,5.4,27.8,,106.6,93.7
6,4,31,1052,25.2,.552,.514,.196,.461,540,3.2,16.2,9.7,49.8,5.0,1.1,22.5,27.6,,2.5,2.2,4.7,.178,,7.0,5.2,12.2
7,0,32,871,117,272,.430,95,198,.480,22,74,.297,80,109,.734,41,88,129,32,28,7,37,78,336
7,1,32,27.2,3.7,8.5,.430,3.0,6.2,.480,0.7,2.3,.297,2.5,3.4,.734,4.0,1.0,0.9,0.2,1.2,2.4,10.5
7,2,32,871,5.4,12.5,.430,4.4,9.1,.480,1.0,3.4,.297,3.7,5.0,.734,5.9,1.5,1.3,0.3,1.7,3.6,15.4
7,3,32,871,8.2,19.0,.430,6.6,13.8,.480,1.5,5.2,.297,5.6,7.6,.734,9.0,2.2,2.0,0.5,2.6,5.4,23.4,,109.4,102.4
7,4,32,871,15.8,.519,.471,.272,.401,309,5.6,12.0,8.8,7.7,2.0,0.9,10.3,21.3,,1.6,1.1,2.7,.125,,2.3,1.1,3.4
8,0,32,1179,221,481,.459,162,309,.524,59,172,.343,141,185,.762,56,150,206,28,44,15,65,72,642
8,1,32,36.8,6.9,15.0,.459,5.1,9.7,.524,1.8,5.4,.343,4.4,5.8,.762,6.4,0.9,1.4,0.5,2.0,2.3,20.1
8,2,32,1179,7.5,16.3,.459,5.5,10.5,.524,2.0,5.8,.343,4.8,6.3,.762,7.0,0.9,1.5,0.5,2.2,2.4,21.8
8,3,32,1179,11.4,24.8,.459,8.3,15.9,.524,3.0,8.9,.343,7.3,9.5,.762,10.6,1.4,2.3,0.8,3.3,3.7,33.1,,114.1,100.3
8,4,32,1179,22.7,.564,.521,.358,.385,552,5.6,15.1,10.3,5.6,2.3,1.5,10.3,27.7,,3.5,1.7,5.2,.176,,5.1,0.6,5.7
9,0,31,534,36,103,.350,12,22,.545,24,81,.296,10,18,.556,15,33,48,5,14,3,8,38,106
9,1,31,17.2,1.2,3.3,.350,0.4,0.7,.545,0.8,2.6,.296,0.3,0.6,.556,1.5,0.2,0.5,0.1,0.3,1.2,3.4
9,2,31,534,2.7,7.7,.350,0.9,1.6,.545,1.8,6.1,.296,0.7,1.3,.556,3.6,0.4,1.0,0.2,0.6,2.8,7.9
9,3,31,534,4.1,11.7,.350,1.4,2.5,.545,2.7,9.2,.296,1.1,2.0,.556,5.5,0.6,1.6,0.3,0.9,4.3,12.1,,105.0,105.4
9,4,31,534,7.5,.475,.466,.786,.175,94,3.3,7.3,5.3,1.7,1.6,0.7,6.7,11.5,,0.4,0.5,0.9,.069,,1.3,0.7,2.0
10,0,30,343,15,46,.326,13,35,.371,2,11,.182,21,32,.656,11,26,37,13,8,1,12,27,53
10,1,30,11.4,0.5,1.5,.326,0.4,1.2,.371,0.1,0.4,.182,0.7,1.1,.656,1.2,0.4,0.3,0.0,0.4,0.9,1.8
10,2,30,343,1.7,5.4,.326,1.5,4.1,.371,0.2,1.3,.182,2.4,3.7,.656,4.3,1.5,0.9,0.1,1.4,3.1,6.2
10,3,30,343,2.7,8.1,.326,2.3,6.2,.371,0.4,1.9,.182,3.7,5.7,.656,6.6,2.3,1.4,0.2,2.1,4.8,9.4,,94.1,105.3
10,4,30,343,6.1,.433,.348,.239,.696,58,3.8,9.0,6.4,6.7,1.4,0.3,16.4,11.0,,0.1,0.3,0.4,.048,,-1.5,1.5,0.0
11,0,8,13,1,4,.250,1,4,.250,0,0,,3,6,.500,4,2,6,0,0,0,4,2,5
11,1,8,1.6,0.1,0.5,.250,0.1,0.5,.250,0.0,0.0,,0.4,0.8,.500,0.8,0.0,0.0,0.0,0.5,0.3,0.6
11,2,8,13,3.1,12.3,.250,3.1,12.3,.250,0.0,0.0,,9.2,18.5,.500,18.5,0.0,0.0,0.0,12.3,6.2,15.4
11,3,8,13,4.7,18.7,.250,4.7,18.7,.250,0.0,0.0,,14.0,28.0,.500,28.0,0.0,0.0,0.0,18.7,9.3,23.4,,65.8,104.3
11,4,8,13,-0.1,.365,.250,.000,1.500,7,36.5,18.2,27.3,0.0,0.0,0.0,36.9,43.0,,-0.1,0.0,-0.1,-.175,,-16.3,-10.0,-26.4
12,0,7,12,1,7,.143,0,2,.000,1,5,.200,0,0,,1,0,1,0,0,0,0,1,3
12,1,7,1.7,0.1,1.0,.143,0.0,0.3,.000,0.1,0.7,.200,0.0,0.0,,0.1,0.0,0.0,0.0,0.0,0.1,0.4
12,2,7,12,3.3,23.3,.143,0.0,6.7,.000,3.3,16.7,.200,0.0,0.0,,3.3,0.0,0.0,0.0,0.0,3.3,10.0
12,3,7,12,5.1,35.4,.143,0.0,10.1,.000,5.1,25.3,.200,0.0,0.0,,5.1,0.0,0.0,0.0,0.0,5.1,15.2,,63.2,112.3
12,4,7,12,-6.2,.214,.214,.714,.000,3,9.9,0.0,4.9,0.0,0.0,0.0,0.0,30.1,,0.0,0.0,0.0,-.115,,-7.0,-9.0,-15.9
