0,0,30,158,4,13,.308,3,4,.750,1,9,.111,3,8,.375,4,16,20,3,9,0,3,24,12
0,1,30,5.3,0.1,0.4,.308,0.1,0.1,.750,0.0,0.3,.111,0.1,0.3,.375,0.7,0.1,0.3,0.0,0.1,0.8,0.4
0,2,30,158,1.0,3.3,.308,0.8,1.0,.750,0.3,2.3,.111,0.8,2.0,.375,5.1,0.8,2.3,0.0,0.8,6.1,3.0
0,3,30,158,1.6,5.1,.308,1.2,1.6,.750,0.4,3.5,.111,1.2,3.1,.375,7.8,1.2,3.5,0.0,1.2,9.4,4.7,,83.2,103.3
0,4,30,158,4.3,.357,.346,.692,.615,14,3.0,12.0,7.5,3.4,3.5,0.0,15.2,6.5,,0.0,0.2,0.2,.045,,-1.8,2.6,0.8
1,0,35,1071,147,339,.434,142,324,.438,5,15,.333,130,175,.743,108,151,259,43,11,27,59,122,429
1,1,35,30.6,4.2,9.7,.434,4.1,9.3,.438,0.1,0.4,.333,3.7,5.0,.743,7.4,1.2,0.3,0.8,1.7,3.5,12.3
1,2,35,1071,5.5,12.7,.434,5.3,12.1,.438,0.2,0.6,.333,4.9,6.5,.743,9.7,1.6,0.4,1.0,2.2,4.6,16.0
1,3,35,1071,8.5,19.5,.434,8.2,18.7,.438,0.3,0.9,.333,7.5,10.1,.743,14.9,2.5,0.6,1.6,3.4,7.0,24.7,,110.2,106.4
1,4,35,1071,17.4,.508,.441,.044,.516,435,12.0,16.8,14.4,9.0,0.6,2.5,12.3,23.4,,2.1,1.2,3.3,.122,,0.7,0.5,1.2
2,0,35,1398,230,549,.419,153,339,.451,77,210,.367,226,265,.853,19,105,124,205,35,3,85,51,763
2,1,35,39.9,6.6,15.7,.419,4.4,9.7,.451,2.2,6.0,.367,6.5,7.6,.853,3.5,5.9,1.0,0.1,2.4,1.5,21.8
2,2,35,1398,6.6,15.7,.419,4.4,9.7,.451,2.2,6.0,.367,6.5,7.6,.853,3.5,5.9,1.0,0.1,2.4,1.5,21.8
2,3,35,1398,10.1,24.2,.419,6.7,15.0,.451,3.4,9.3,.367,10.0,11.7,.853,5.5,9.0,1.5,0.1,3.7,2.2,33.7,,122.6,109.4
2,4,35,1398,23.9,.565,.489,.383,.483,759,1.6,8.9,5.3,34.8,1.5,0.2,11.2,28.3,,5.5,1.2,6.7,.191,,8.5,-1.4,7.1
3,0,34,676,46,102,.451,45,98,.459,1,4,.250,31,46,.674,47,117,164,20,15,82,25,96,124
3,1,34,19.9,1.4,3.0,.451,1.3,2.9,.459,0.0,0.1,.250,0.9,1.4,.674,4.8,0.6,0.4,2.4,0.7,2.8,3.6
3,2,34,676,2.7,6.0,.451,2.7,5.8,.459,0.1,0.2,.250,1.8,2.7,.674,9.7,1.2,0.9,4.9,1.5,5.7,7.3
3,3,34,676,4.2,9.3,.451,4.1,8.9,.459,0.1,0.4,.250,2.8,4.2,.674,15.0,1.8,1.4,7.5,2.3,8.8,11.3,,106.2,97.5
3,4,34,676,15.1,.501,.456,.039,.451,137,8.3,20.6,14.4,5.7,1.4,12.2,16.8,11.5,,0.5,1.3,1.8,.109,,-1.7,8.4,6.6
4,0,4,106,6,19,.316,6,17,.353,0,2,.000,3,3,1.000,1,9,10,20,7,1,14,9,15
4,1,4,26.5,1.5,4.8,.316,1.5,4.3,.353,0.0,0.5,.000,0.8,0.8,1.000,2.5,5.0,1.8,0.3,3.5,2.3,3.8
4,2,4,106,2.3,7.2,.316,2.3,6.4,.353,0.0,0.8,.000,1.1,1.1,1.000,3.8,7.5,2.6,0.4,5.3,3.4,5.7
4,3,4,106,3.5,11.1,.316,3.5,9.9,.353,0.0,1.2,.000,1.7,1.7,1.000,5.8,11.6,4.1,0.6,8.1,5.2,8.7,,71.5,102.7
4,4,4,106,6.4,.367,.316,.105,.158,24,1.1,10.1,5.6,35.7,4.1,0.9,40.7,16.9,,-0.2,0.2,0.0,-.017,,-5.6,1.5,-4.2
5,0,35,1154,101,244,.414,45,84,.536,56,160,.350,36,47,.766,15,91,106,72,33,9,66,81,294
5,1,35,33.0,2.9,7.0,.414,1.3,2.4,.536,1.6,4.6,.350,1.0,1.3,.766,3.0,2.1,0.9,0.3,1.9,2.3,8.4
5,2,35,1154,3.5,8.5,.414,1.6,2.9,.536,1.9,5.5,.350,1.2,1.6,.766,3.7,2.5,1.1,0.3,2.3,2.8,10.2
5,3,35,1154,5.4,13.0,.414,2.4,4.5,.536,3.0,8.6,.350,1.9,2.5,.766,5.7,3.8,1.8,0.5,3.5,4.3,15.7,,102.3,108.2
5,4,35,1154,10.0,.552,.529,.656,.193,276,1.5,9.4,5.5,12.5,1.8,0.8,19.9,15.0,,0.8,1.1,1.9,.066,,1.7,1.0,2.7
6,0,26,159,2,11,.182,2,10,.200,0,1,.000,4,7,.571,13,11,24,4,4,0,11,18,8
6,1,26,6.1,0.1,0.4,.182,0.1,0.4,.200,0.0,0.0,.000,0.2,0.3,.571,0.9,0.2,0.2,0.0,0.4,0.7,0.3
6,2,26,159,0.5,2.8,.182,0.5,2.5,.200,0.0,0.3,.000,1.0,1.8,.571,6.0,1.0,1.0,0.0,2.8,4.5,2.0
6,3,26,159,0.8,4.3,.182,0.8,3.9,.200,0.0,0.4,.000,1.6,2.7,.571,9.3,1.6,1.6,0.0,4.3,7.0,3.1,,64.6,109.4
6,4,26,159,0.9,.279,.182,.091,.636,16,9.7,8.2,9.0,4.4,1.6,0.0,43.4,8.3,,-0.2,0.1,-0.1,-.017,,-4.3,1.5,-2.8
7,0,35,1126,136,314,.433,107,224,.478,29,90,.322,104,124,.839,76,103,179,49,34,23,75,104,405
7,1,35,32.2,3.9,9.0,.433,3.1,6.4,.478,0.8,2.6,.322,3.0,3.5,.839,5.1,1.4,1.0,0.7,2.1,3.0,11.6
7,2,35,1126,4.8,11.2,.433,3.8,8.0,.478,1.0,3.2,.322,3.7,4.4,.839,6.4,1.7,1.2,0.8,2.7,3.7,14.4
7,3,35,1126,7.4,17.2,.433,5.9,12.3,.478,1.6,4.9,.322,5.7,6.8,.839,9.8,2.7,1.9,1.3,4.1,5.7,22.2,,107.9,106.5
7,4,35,1126,15.3,.543,.479,.287,.395,395,8.0,10.9,9.4,9.4,1.9,2.1,16.7,20.7,,1.7,1.2,2.9,.104,,2.1,1.5,3.6
8,0,35,1299,168,377,.446,120,243,.494,48,134,.358,106,142,.746,86,190,276,59,46,20,55,83,490
8,1,35,37.1,4.8,10.8,.446,3.4,6.9,.494,1.4,3.8,.358,3.0,4.1,.746,7.9,1.7,1.3,0.6,1.6,2.4,14.0
8,2,35,1299,5.2,11.6,.446,3.7,7.5,.494,1.5,4.1,.358,3.3,4.4,.746,8.5,1.8,1.4,0.6,1.7,2.6,15.1
8,3,35,1299,8.0,17.9,.446,5.7,11.5,.494,2.3,6.4,.358,5.0,6.7,.746,13.1,2.8,2.2,0.9,2.6,3.9,23.3,,117.2,103.7
8,4,35,1299,19.1,.551,.509,.355,.377,470,7.9,17.4,12.6,10.0,2.2,1.5,11.0,20.0,,2.9,1.8,4.7,.145,,4.1,2.0,6.1
9,0,21,93,7,12,.583,7,12,.583,0,0,,7,14,.500,7,9,16,1,0,8,5,14,21
9,1,21,4.4,0.3,0.6,.583,0.3,0.6,.583,0.0,0.0,,0.3,0.7,.500,0.8,0.0,0.0,0.4,0.2,0.7,1.0
9,2,21,93,3.0,5.2,.583,3.0,5.2,.583,0.0,0.0,,3.0,6.0,.500,6.9,0.4,0.0,3.4,2.2,6.0,9.0
9,3,21,93,4.6,8.0,.583,4.6,8.0,.583,0.0,0.0,,4.6,9.3,.500,10.6,0.7,0.0,5.3,3.3,9.3,13.9,,102.9,106.2
9,4,21,93,11.3,.563,.583,.000,1.167,21,8.9,11.5,10.2,2.1,0.0,8.6,21.1,13.2,,0.1,0.1,0.2,.073,,-2.7,2.8,0.1
10,0,7,10,2,4,.500,1,1,1.000,1,3,.333,0,0,,1,0,1,0,0,0,0,0,5
10,1,7,1.4,0.3,0.6,.500,0.1,0.1,1.000,0.1,0.4,.333,0.0,0.0,,0.1,0.0,0.0,0.0,0.0,0.0,0.7
10,2,7,10,8.0,16.0,.500,4.0,4.0,1.000,4.0,12.0,.333,0.0,0.0,,4.0,0.0,0.0,0.0,0.0,0.0,20.0
10,3,7,10,12.3,24.7,.500,6.2,6.2,1.000,6.2,18.5,.333,0.0,0.0,,6.2,0.0,0.0,0.0,0.0,0.0,30.8,,137.4,116.8
10,4,7,10,22.4,.625,.625,.750,.000,4,11.9,0.0,5.9,0.0,0.0,0.0,0.0,20.8,,0.0,0.0,0.0,.156,,7.5,-7.8,-0.2
