0,0,21,191,8,15,.533,6,8,.750,2,7,.286,2,4,.500,9,18,27,17,13,0,13,17,20
0,1,21,9.1,0.4,0.7,.533,0.3,0.4,.750,0.1,0.3,.286,0.1,0.2,.500,1.3,0.8,0.6,0.0,0.6,0.8,1.0
0,2,21,191,1.7,3.1,.533,1.3,1.7,.750,0.4,1.5,.286,0.4,0.8,.500,5.7,3.6,2.7,0.0,2.7,3.6,4.2
0,3,21,191,2.6,4.8,.533,1.9,2.6,.750,0.6,2.2,.286,0.6,1.3,.500,8.6,5.4,4.1,0.0,4.1,5.4,6.4,,90.9,96.7
0,4,21,191,10.0,.592,.600,.467,.267,28,5.2,10.4,7.8,15.6,4.1,0.0,43.5,7.9,,0.0,0.3,0.3,.071,,0.2,4.5,4.7
1,0,10,27,1,4,.250,0,1,.000,1,3,.333,0,0,,1,4,5,0,0,1,4,2,3
1,1,10,2.7,0.1,0.4,.250,0.0,0.1,.000,0.1,0.3,.333,0.0,0.0,,0.5,0.0,0.0,0.1,0.4,0.2,0.3
1,2,10,27,1.5,5.9,.250,0.0,1.5,.000,1.5,4.4,.333,0.0,0.0,,7.4,0.0,0.0,1.5,5.9,3.0,4.4
1,3,10,27,2.3,9.0,.250,0.0,2.3,.000,2.3,6.8,.333,0.0,0.0,,11.3,0.0,0.0,2.3,9.0,4.5,6.8,,42.0,101.1
1,4,10,27,-3.3,.375,.375,.750,.000,3,4.1,16.4,10.3,0.0,0.0,3.8,50.0,15.0,,-0.1,0.0,-0.1,-.092,,-10.1,0.2,-9.9
2,0,34,1047,107,282,.379,28,64,.438,79,218,.362,50,61,.820,23,117,140,92,29,8,58,76,343
2,1,34,30.8,3.1,8.3,.379,0.8,1.9,.438,2.3,6.4,.362,1.5,1.8,.820,4.1,2.7,0.9,0.2,1.7,2.2,10.1
2,2,34,1047,4.1,10.8,.379,1.1,2.4,.438,3.0,8.3,.362,1.9,2.3,.820,5.3,3.5,1.1,0.3,2.2,2.9,13.1
2,3,34,1047,6.2,16.4,.379,1.6,3.7,.438,4.6,12.7,.362,2.9,3.5,.820,8.1,5.4,1.7,0.5,3.4,4.4,20.0,,111.0,100.9
2,4,34,1047,15.0,.551,.520,.773,.216,326,2.4,12.4,7.4,17.2,1.7,0.8,15.7,17.8,,2.0,1.3,3.3,.126,,5.1,1.8,6.9
3,0,33,275,25,40,.625,25,40,.625,0,0,,11,15,.733,28,24,52,8,5,12,5,46,61
3,1,33,8.3,0.8,1.2,.625,0.8,1.2,.625,0.0,0.0,,0.3,0.5,.733,1.6,0.2,0.2,0.4,0.2,1.4,1.8
3,2,33,275,3.6,5.8,.625,3.6,5.8,.625,0.0,0.0,,1.6,2.2,.733,7.6,1.2,0.7,1.7,0.7,6.7,8.9
3,3,33,275,5.5,8.9,.625,5.5,8.9,.625,0.0,0.0,,2.4,3.3,.733,11.5,1.8,1.1,2.7,1.1,10.2,13.5,,138.3,101.0
3,4,33,275,15.6,.647,.625,.000,.375,63,11.3,9.7,10.5,5.6,1.1,4.4,9.6,9.6,,0.7,0.3,1.0,.149,,2.9,3.8,6.7
4,0,34,644,66,137,.482,56,104,.538,10,33,.303,53,80,.663,38,94,132,30,18,6,42,63,195
4,1,34,18.9,1.9,4.0,.482,1.6,3.1,.538,0.3,1.0,.303,1.6,2.4,.663,3.9,0.9,0.5,0.2,1.2,1.9,5.7
4,2,34,644,4.1,8.5,.482,3.5,6.5,.538,0.6,2.0,.303,3.3,5.0,.663,8.2,1.9,1.1,0.4,2.6,3.9,12.1
4,3,34,644,6.2,13.0,.482,5.3,9.8,.538,0.9,3.1,.303,5.0,7.6,.663,12.5,2.8,1.7,0.6,4.0,6.0,18.4,,104.9,98.8
4,4,34,644,14.5,.557,.518,.241,.584,188,6.5,16.2,11.4,9.1,1.7,0.9,19.4,17.0,,0.9,0.9,1.8,.113,,1.4,2.4,3.8
5,0,32,463,52,120,.433,51,119,.429,1,1,1.000,17,31,.548,36,54,90,9,8,10,18,42,122
5,1,32,14.5,1.6,3.8,.433,1.6,3.7,.429,0.0,0.0,1.000,0.5,1.0,.548,2.8,0.3,0.3,0.3,0.6,1.3,3.8
5,2,32,463,4.5,10.4,.433,4.4,10.3,.429,0.1,0.1,1.000,1.5,2.7,.548,7.8,0.8,0.7,0.9,1.6,3.6,10.5
5,3,32,463,6.8,15.8,.433,6.7,15.7,.429,0.1,0.1,1.000,2.2,4.1,.548,11.8,1.2,1.1,1.3,2.4,5.5,16.1,,97.6,101.2
5,4,32,463,11.5,.453,.438,.008,.258,118,8.6,12.9,10.8,3.9,1.1,2.2,11.8,16.7,,0.3,0.6,0.9,.077,,-1.6,1.6,0.0
6,0,34,786,140,283,.495,140,283,.495,0,0,,79,116,.681,82,122,204,21,11,67,55,69,359
6,1,34,23.1,4.1,8.3,.495,4.1,8.3,.495,0.0,0.0,,2.3,3.4,.681,6.0,0.6,0.3,2.0,1.6,2.0,10.6
6,2,34,786,7.1,14.4,.495,7.1,14.4,.495,0.0,0.0,,4.0,5.9,.681,10.4,1.1,0.6,3.4,2.8,3.5,18.3
6,3,34,786,10.9,21.9,.495,10.9,21.9,.495,0.0,0.0,,6.1,9.0,.681,15.8,1.6,0.9,5.2,4.3,5.3,27.8,,106.1,96.0
6,4,34,786,23.1,.531,.495,.000,.410,331,11.6,17.2,14.4,6.2,0.9,8.7,14.0,25.3,,1.6,1.4,3.0,.153,,1.0,4.6,5.6
7,0,34,613,64,177,.362,55,134,.410,9,43,.209,31,44,.705,18,79,97,40,8,1,35,58,168
7,1,34,18.0,1.9,5.2,.362,1.6,3.9,.410,0.3,1.3,.209,0.9,1.3,.705,2.9,1.2,0.2,0.0,1.0,1.7,4.9
7,2,34,613,4.2,11.5,.362,3.6,8.7,.410,0.6,2.8,.209,2.0,2.9,.705,6.3,2.6,0.5,0.1,2.3,3.8,11.0
7,3,34,613,6.4,17.6,.362,5.5,13.3,.410,0.9,4.3,.209,3.1,4.4,.705,9.6,4.0,0.8,0.1,3.5,5.8,16.7,,90.3,102.2
7,4,34,613,8.5,.424,.387,.243,.249,166,3.3,14.3,8.8,12.9,0.8,0.2,15.0,19.2,,0.1,0.7,0.8,.051,,-1.7,0.7,-1.0
8,0,34,1060,130,338,.385,124,302,.411,6,36,.167,84,141,.596,29,88,117,139,33,5,90,79,350
8,1,34,31.2,3.8,9.9,.385,3.6,8.9,.411,0.2,1.1,.167,2.5,4.1,.596,3.4,4.1,1.0,0.1,2.6,2.3,10.3
8,2,34,1060,4.9,12.8,.385,4.7,11.4,.411,0.2,1.4,.167,3.2,5.3,.596,4.4,5.2,1.2,0.2,3.4,3.0,13.2
8,3,34,1060,7.5,19.4,.385,7.1,17.4,.411,0.3,2.1,.167,4.8,8.1,.596,6.7,8.0,1.9,0.3,5.2,4.5,20.1,,91.3,102.1
8,4,34,1060,11.9,.432,.393,.107,.417,376,3.0,9.2,6.1,26.8,1.9,0.5,18.2,23.6,,0.3,1.2,1.6,.059,,-0.4,1.5,1.1
9,0,33,1060,171,425,.402,134,318,.421,37,107,.346,66,106,.623,42,112,154,95,17,6,66,68,445
9,1,33,32.1,5.2,12.9,.402,4.1,9.6,.421,1.1,3.2,.346,2.0,3.2,.623,4.7,2.9,0.5,0.2,2.0,2.1,13.5
9,2,33,1060,6.5,16.0,.402,5.1,12.0,.421,1.4,4.0,.346,2.5,4.0,.623,5.8,3.6,0.6,0.2,2.5,2.6,16.8
9,3,33,1060,9.8,24.4,.402,7.7,18.3,.421,2.1,6.1,.346,3.8,6.1,.623,8.9,5.5,1.0,0.3,3.8,3.9,25.6,,100.5,102.9
9,4,33,1060,15.3,.468,.446,.252,.249,427,4.4,11.7,8.0,19.9,1.0,0.6,12.2,25.8,,1.5,1.1,2.6,.100,,2.4,0.7,3.2
10,0,28,308,25,47,.532,25,46,.543,0,1,.000,12,16,.750,24,38,62,9,10,16,12,42,62
10,1,28,11.0,0.9,1.7,.532,0.9,1.6,.543,0.0,0.0,.000,0.4,0.6,.750,2.2,0.3,0.4,0.6,0.4,1.5,2.2
10,2,28,308,3.2,6.1,.532,3.2,6.0,.543,0.0,0.1,.000,1.6,2.1,.750,8.1,1.2,1.3,2.1,1.6,5.5,8.1
10,3,28,308,4.9,9.3,.532,4.9,9.1,.543,0.0,0.2,.000,2.4,3.2,.750,12.3,1.8,2.0,3.2,2.4,8.3,12.3,,111.9,96.8
10,4,28,308,13.9,.568,.532,.021,.340,64,8.6,13.7,11.2,5.5,2.0,5.3,18.0,10.9,,0.4,0.5,0.9,.118,,0.4,5.5,5.9
11,0,29,269,38,72,.528,38,72,.528,0,0,,20,33,.606,31,41,72,5,13,15,18,34,96
11,1,29,9.3,1.3,2.5,.528,1.3,2.5,.528,0.0,0.0,,0.7,1.1,.606,2.5,0.2,0.4,0.5,0.6,1.2,3.3
11,2,29,269,5.7,10.7,.528,5.7,10.7,.528,0.0,0.0,,3.0,4.9,.606,10.7,0.7,1.9,2.2,2.7,5.1,14.3
11,3,29,269,8.6,16.3,.528,8.6,16.3,.528,0.0,0.0,,4.5,7.5,.606,16.3,1.1,2.9,3.4,4.1,7.7,21.7,,105.1,93.0
11,4,29,269,20.5,.547,.528,.000,.458,91,12.8,16.9,14.8,4.0,2.9,5.7,17.0,19.9,,0.4,0.5,1.0,.145,,0.5,4.5,5.0
12,0,10,76,11,27,.407,11,24,.458,0,3,.000,4,8,.500,9,14,23,2,3,6,5,9,26
12,1,10,7.6,1.1,2.7,.407,1.1,2.4,.458,0.0,0.3,.000,0.4,0.8,.500,2.3,0.2,0.3,0.6,0.5,0.9,2.6
12,2,10,76,5.8,14.2,.407,5.8,12.6,.458,0.0,1.6,.000,2.1,4.2,.500,12.1,1.1,1.6,3.2,2.6,4.7,13.7
12,3,10,76,8.8,21.6,.407,8.8,19.2,.458,0.0,2.4,.000,3.2,6.4,.500,18.4,1.6,2.4,4.8,4.0,7.2,20.8,,90.4,91.3
12,4,10,76,17.5,.422,.407,.111,.296,26,13.1,20.4,16.8,5.6,2.4,8.0,14.0,23.8,,0.0,0.2,0.2,.096,,-2.4,4.9,2.4
13,0,11,30,0,1,.000,0,0,,0,1,.000,2,5,.400,2,2,4,1,0,0,0,1,2
13,1,11,2.7,0.0,0.1,.000,0.0,0.0,,0.0,0.1,.000,0.2,0.5,.400,0.4,0.1,0.0,0.0,0.0,0.1,0.2
13,2,11,30,0.0,1.3,.000,0.0,0.0,,0.0,1.3,.000,2.7,6.7,.400,5.3,1.3,0.0,0.0,0.0,1.3,2.7
13,3,11,30,0.0,2.0,.000,0.0,0.0,,0.0,2.0,.000,4.1,10.2,.400,8.1,2.0,0.0,0.0,0.0,2.0,4.1,,101.6,107.6
13,4,11,30,5.1,.296,.000,1.000,5.000,3,7.4,7.4,7.4,5.4,0.0,0.0,0.0,5.7,,0.0,0.0,0.0,.041,,0.0,0.3,0.3
