0,0,2,5,0,1,.000,0,0,,0,1,.000,0,0,,1,0,1,1,0,0,1,0,0
0,1,2,2.5,0.0,0.5,.000,0.0,0.0,,0.0,0.5,.000,0.0,0.0,,0.5,0.5,0.0,0.0,0.5,0.0,0.0
0,2,2,5,0.0,8.0,.000,0.0,0.0,,0.0,8.0,.000,0.0,0.0,,8.0,8.0,0.0,0.0,8.0,0.0,0.0
0,3,2,5,0.0,11.8,.000,0.0,0.0,,0.0,11.8,.000,0.0,0.0,,11.8,11.8,0.0,0.0,11.8,0.0,0.0,,44.5,110.5
0,4,2,5,-4.1,.000,.000,1.000,.000,1,20.5,0.0,10.6,31.2,0.0,0.0,50.0,19.1,,0.0,0.0,0.0,-.187,,-8.3,-3.0,-11.3
1,0,32,982,202,363,.556,202,363,.556,0,0,,102,167,.611,116,188,304,26,26,32,51,101,506
1,1,32,30.7,6.3,11.3,.556,6.3,11.3,.556,0.0,0.0,,3.2,5.2,.611,9.5,0.8,0.8,1.0,1.6,3.2,15.8
1,2,32,982,8.2,14.8,.556,8.2,14.8,.556,0.0,0.0,,4.2,6.8,.611,12.4,1.1,1.1,1.3,2.1,4.1,20.6
1,3,32,982,12.2,21.9,.556,12.2,21.9,.556,0.0,0.0,,6.2,10.1,.611,18.3,1.6,1.6,1.9,3.1,6.1,30.5,,120.3,95.5
1,4,32,982,27.1,.572,.556,.000,.460,461,12.1,20.9,16.4,6.1,1.6,3.5,10.3,24.0,,3.5,1.8,5.3,.216,,2.7,0.4,3.0
2,0,16,111,8,16,.500,8,16,.500,0,0,,2,4,.500,9,5,14,3,1,3,6,17,18
2,1,16,6.9,0.5,1.0,.500,0.5,1.0,.500,0.0,0.0,,0.1,0.3,.500,0.9,0.2,0.1,0.2,0.4,1.1,1.1
2,2,16,111,2.9,5.8,.500,2.9,5.8,.500,0.0,0.0,,0.7,1.4,.500,5.0,1.1,0.4,1.1,2.2,6.1,6.5
2,3,16,111,4.3,8.5,.500,4.3,8.5,.500,0.0,0.0,,1.1,2.1,.500,7.5,1.6,0.5,1.6,3.2,9.1,9.6,,94.9,104.7
2,4,16,111,6.4,.503,.500,.000,.250,20,8.3,4.9,6.7,4.7,0.5,2.9,25.1,10.3,,0.0,0.1,0.1,.050,,-3.4,0.1,-3.3
3,0,9,17,4,6,.667,4,6,.667,0,0,,0,0,,3,5,8,2,0,1,4,1,8
3,1,9,1.9,0.4,0.7,.667,0.4,0.7,.667,0.0,0.0,,0.0,0.0,,0.9,0.2,0.0,0.1,0.4,0.1,0.9
3,2,9,17,9.4,14.1,.667,9.4,14.1,.667,0.0,0.0,,0.0,0.0,,18.8,4.7,0.0,2.4,9.4,2.4,18.8
3,3,9,17,13.9,20.9,.667,13.9,20.9,.667,0.0,0.0,,0.0,0.0,,27.9,7.0,0.0,3.5,13.9,3.5,27.9,,90.1,92.9
3,4,9,17,25.0,.667,.667,.000,.000,8,18.1,32.2,24.9,28.9,0.0,6.4,40.0,28.1,,0.0,0.0,0.0,.090,,-1.7,3.6,1.9
4,0,29,240,20,51,.392,16,37,.432,4,14,.286,9,24,.375,15,35,50,12,3,1,16,24,53
4,1,29,8.3,0.7,1.8,.392,0.6,1.3,.432,0.1,0.5,.286,0.3,0.8,.375,1.7,0.4,0.1,0.0,0.6,0.8,1.8
4,2,29,240,3.3,8.5,.392,2.7,6.2,.432,0.7,2.3,.286,1.5,4.0,.375,8.3,2.0,0.5,0.2,2.7,4.0,8.8
4,3,29,240,4.9,12.6,.392,3.9,9.1,.432,1.0,3.5,.286,2.2,5.9,.375,12.3,3.0,0.7,0.2,3.9,5.9,13.1,,87.1,101.2
4,4,29,240,7.7,.425,.431,.275,.471,55,6.4,15.9,11.0,9.0,0.7,0.5,20.4,15.6,,0.0,0.3,0.3,.045,,-4.2,-1.3,-5.4
5,0,32,623,76,156,.487,76,156,.487,0,0,,56,95,.589,97,135,232,20,10,29,38,99,208
5,1,32,19.5,2.4,4.9,.487,2.4,4.9,.487,0.0,0.0,,1.8,3.0,.589,7.3,0.6,0.3,0.9,1.2,3.1,6.5
5,2,32,623,4.9,10.0,.487,4.9,10.0,.487,0.0,0.0,,3.6,6.1,.589,14.9,1.3,0.6,1.9,2.4,6.4,13.4
5,3,32,623,7.2,14.8,.487,7.2,14.8,.487,0.0,0.0,,5.3,9.0,.589,22.1,1.9,1.0,2.8,3.6,9.4,19.8,,109.9,94.6
5,4,32,623,19.8,.517,.487,.000,.609,220,15.9,23.7,19.7,6.2,1.0,5.1,15.9,18.3,,1.2,1.2,2.4,.155,,-0.8,1.6,0.8
6,0,22,229,30,100,.300,18,49,.367,12,51,.235,5,10,.500,8,20,28,5,7,9,10,23,77
6,1,22,10.4,1.4,4.5,.300,0.8,2.2,.367,0.5,2.3,.235,0.2,0.5,.500,1.3,0.2,0.3,0.4,0.5,1.0,3.5
6,2,22,229,5.2,17.5,.300,3.1,8.6,.367,2.1,8.9,.235,0.9,1.7,.500,4.9,0.9,1.2,1.6,1.7,4.0,13.4
6,3,22,229,7.8,25.9,.300,4.7,12.7,.367,3.1,13.2,.235,1.3,2.6,.500,7.2,1.3,1.8,2.3,2.6,5.9,19.9,,86.8,99.5
6,4,22,229,8.0,.368,.360,.510,.100,69,3.6,9.5,6.5,4.3,1.8,4.3,8.7,23.9,,-0.1,0.3,0.3,.049,,-4.4,-1.4,-5.8
7,0,19,116,10,39,.256,10,39,.256,0,0,,9,13,.692,9,17,26,5,0,1,10,15,29
7,1,19,6.1,0.5,2.1,.256,0.5,2.1,.256,0.0,0.0,,0.5,0.7,.692,1.4,0.3,0.0,0.1,0.5,0.8,1.5
7,2,19,116,3.4,13.4,.256,3.4,13.4,.256,0.0,0.0,,3.1,4.5,.692,9.0,1.7,0.0,0.3,3.4,5.2,10.0
7,3,19,116,5.1,19.9,.256,5.1,19.9,.256,0.0,0.0,,4.6,6.6,.692,13.3,2.6,0.0,0.5,5.1,7.7,14.8,,74.2,102.3
7,4,19,116,2.7,.321,.256,.000,.333,31,7.9,16.0,11.8,7.8,0.0,0.9,18.1,22.7,,-0.2,0.1,0.0,-.015,,-9.3,-2.8,-12.1
8,0,32,772,85,196,.434,65,140,.464,20,56,.357,41,56,.732,46,71,117,43,21,1,29,54,231
8,1,32,24.1,2.7,6.1,.434,2.0,4.4,.464,0.6,1.8,.357,1.3,1.8,.732,3.7,1.3,0.7,0.0,0.9,1.7,7.2
8,2,32,772,4.4,10.2,.434,3.4,7.3,.464,1.0,2.9,.357,2.1,2.9,.732,6.1,2.2,1.1,0.1,1.5,2.8,12.0
8,3,32,772,6.5,15.0,.434,5.0,10.7,.464,1.5,4.3,.357,3.1,4.3,.732,9.0,3.3,1.6,0.1,2.2,4.1,17.7,,115.8,102.1
8,4,32,772,14.6,.519,.485,.286,.286,227,6.1,10.1,8.0,10.5,1.6,0.1,11.5,15.6,,1.5,0.9,2.4,.127,,1.0,-0.7,0.3
9,0,24,202,11,42,.262,11,39,.282,0,3,.000,14,29,.483,20,28,48,7,1,4,13,25,36
9,1,24,8.4,0.5,1.8,.262,0.5,1.6,.282,0.0,0.1,.000,0.6,1.2,.483,2.0,0.3,0.0,0.2,0.5,1.0,1.5
9,2,24,202,2.2,8.3,.262,2.2,7.7,.282,0.0,0.6,.000,2.8,5.7,.483,9.5,1.4,0.2,0.8,2.6,5.0,7.1
9,3,24,202,3.2,12.3,.262,3.2,11.4,.282,0.0,0.9,.000,4.1,8.5,.483,14.1,2.1,0.3,1.2,3.8,7.3,10.6,,77.1,101.5
9,4,24,202,4.8,.323,.262,.071,.690,43,10.1,15.2,12.6,5.9,0.3,2.2,18.9,16.3,,-0.2,0.3,0.1,.012,,-6.7,-0.8,-7.6
10,0,18,420,64,125,.512,64,125,.512,0,0,,23,50,.460,48,44,92,10,8,12,30,55,151
10,1,18,23.3,3.6,6.9,.512,3.6,6.9,.512,0.0,0.0,,1.3,2.8,.460,5.1,0.6,0.4,0.7,1.7,3.1,8.4
10,2,18,420,6.1,11.9,.512,6.1,11.9,.512,0.0,0.0,,2.2,4.8,.460,8.8,1.0,0.8,1.1,2.9,5.2,14.4
10,3,18,420,9.0,17.6,.512,9.0,17.6,.512,0.0,0.0,,3.2,7.1,.460,13.0,1.4,1.1,1.7,4.2,7.8,21.3,,100.7,100.6
10,4,18,420,15.3,.508,.512,.000,.400,144,11.7,11.5,11.6,4.9,1.1,3.1,16.8,20.3,,0.5,0.6,1.0,.100,,-1.7,-0.2,-2.0
11,0,31,938,84,237,.354,64,180,.356,20,57,.351,83,107,.776,32,91,123,115,32,4,78,83,271
11,1,31,30.3,2.7,7.6,.354,2.1,5.8,.356,0.6,1.8,.351,2.7,3.5,.776,4.0,3.7,1.0,0.1,2.5,2.7,8.7
11,2,31,938,3.6,10.1,.354,2.7,7.7,.356,0.9,2.4,.351,3.5,4.6,.776,5.2,4.9,1.4,0.2,3.3,3.5,11.6
11,3,31,938,5.3,15.0,.354,4.0,11.4,.356,1.3,3.6,.351,5.2,6.8,.776,7.8,7.3,2.0,0.3,4.9,5.2,17.1,,98.9,100.7
11,4,31,938,12.3,.471,.397,.241,.451,298,3.5,10.6,6.9,22.2,2.0,0.5,21.3,18.6,,0.9,1.2,2.1,.090,,-1.1,0.0,-1.1
12,0,31,1119,173,454,.381,104,265,.392,69,189,.365,98,133,.737,20,81,101,108,39,4,77,73,513
12,1,31,36.1,5.6,14.6,.381,3.4,8.5,.392,2.2,6.1,.365,3.2,4.3,.737,3.3,3.5,1.3,0.1,2.5,2.4,16.5
12,2,31,1119,6.2,16.2,.381,3.7,9.5,.392,2.5,6.8,.365,3.5,4.8,.737,3.6,3.9,1.4,0.1,2.8,2.6,18.3
12,3,31,1119,9.2,24.0,.381,5.5,14.0,.392,3.7,10.0,.365,5.2,7.0,.737,5.3,5.7,2.1,0.2,4.1,3.9,27.2,,108.3,102.0
12,4,31,1119,16.8,.496,.457,.416,.293,484,1.8,7.9,4.8,19.8,2.1,0.4,13.0,25.4,,2.5,1.4,3.9,.138,,2.3,-1.6,0.7
13,0,6,10,0,5,.000,0,0,,0,5,.000,0,6,.000,0,1,1,1,0,0,2,1,0
13,1,6,1.7,0.0,0.8,.000,0.0,0.0,,0.0,0.8,.000,0.0,1.0,.000,0.2,0.2,0.0,0.0,0.3,0.2,0.0
13,2,6,10,0.0,20.0,.000,0.0,0.0,,0.0,20.0,.000,0.0,24.0,.000,4.0,4.0,0.0,0.0,8.0,4.0,0.0
13,3,6,10,0.0,29.6,.000,0.0,0.0,,0.0,29.6,.000,0.0,35.5,.000,5.9,5.9,0.0,0.0,11.8,5.9,0.0,,6.2,105.2
13,4,6,10,-43.2,.000,.000,1.000,1.200,0,0.0,10.9,5.3,15.6,0.0,0.0,20.3,47.1,,-0.2,0.0,-0.2,-.672,,-24.9,-9.1,-34.0
14,0,6,9,0,2,.000,0,2,.000,0,0,,0,0,,1,2,3,0,0,1,1,2,0
14,1,6,1.5,0.0,0.3,.000,0.0,0.3,.000,0.0,0.0,,0.0,0.0,,0.5,0.0,0.0,0.2,0.2,0.3,0.0
14,2,6,9,0.0,8.9,.000,0.0,8.9,.000,0.0,0.0,,0.0,0.0,,13.3,0.0,0.0,4.4,4.4,8.9,0.0
14,3,6,9,0.0,13.2,.000,0.0,13.2,.000,0.0,0.0,,0.0,0.0,,19.7,0.0,0.0,6.6,6.6,13.2,0.0,,18.2,92.2
14,4,6,9,-6.6,.000,.000,.000,.000,0,11.4,24.3,17.6,0.0,0.0,12.1,33.3,15.9,,0.0,0.0,0.0,-.124,,-18.0,2.0,-16.0
15,0,29,658,61,150,.407,45,103,.437,16,47,.340,32,49,.653,39,72,111,39,22,4,34,81,170
15,1,29,22.7,2.1,5.2,.407,1.6,3.6,.437,0.6,1.6,.340,1.1,1.7,.653,3.8,1.3,0.8,0.1,1.2,2.8,5.9
15,2,29,658,3.7,9.1,.407,2.7,6.3,.437,1.0,2.9,.340,1.9,3.0,.653,6.7,2.4,1.3,0.2,2.1,4.9,10.3
15,3,29,658,5.5,13.5,.407,4.1,9.3,.437,1.4,4.2,.340,2.9,4.4,.653,10.0,3.5,2.0,0.4,3.1,7.3,15.3,,104.9,99.9
15,4,29,658,11.8,.491,.460,.313,.327,174,6.1,12.0,8.9,10.8,2.0,0.7,16.4,15.1,,0.8,0.9,1.7,.103,,-0.5,0.4,-0.1
