0,0,31,537,67,143,.469,67,143,.469,0,0,,24,56,.429,73,93,166,15,12,13,32,75,158
0,1,31,17.3,2.2,4.6,.469,2.2,4.6,.469,0.0,0.0,,0.8,1.8,.429,5.4,0.5,0.4,0.4,1.0,2.4,5.1
0,2,31,537,5.0,10.7,.469,5.0,10.7,.469,0.0,0.0,,1.8,4.2,.429,12.4,1.1,0.9,1.0,2.4,5.6,11.8
0,3,31,537,7.3,15.5,.469,7.3,15.5,.469,0.0,0.0,,2.6,6.1,.429,18.0,1.6,1.3,1.4,3.5,8.1,17.1,,98.4,96.6
0,4,31,537,14.2,.466,.469,.000,.392,162,13.6,19.4,16.3,5.2,1.3,2.7,15.9,17.7,,0.4,1.0,1.4,.102,,-2.9,0.2,-2.7
1,0,14,124,14,32,.438,14,31,.452,0,1,.000,12,18,.667,9,19,28,2,5,7,4,20,40
1,1,14,8.9,1.0,2.3,.438,1.0,2.2,.452,0.0,0.1,.000,0.9,1.3,.667,2.0,0.1,0.4,0.5,0.3,1.4,2.9
1,2,14,124,4.5,10.3,.438,4.5,10.0,.452,0.0,0.3,.000,3.9,5.8,.667,9.0,0.6,1.6,2.3,1.3,6.5,12.9
1,3,14,124,6.6,15.0,.438,6.6,14.5,.452,0.0,0.5,.000,5.6,8.4,.667,13.1,0.9,2.3,3.3,1.9,9.4,18.8,,110.1,93.0
1,4,14,124,16.2,.493,.438,.031,.563,37,7.3,17.2,11.9,2.9,2.3,6.2,9.0,17.0,,0.2,0.3,0.5,.148,,-3.2,1.9,-1.3
2,0,22,402,57,106,.538,53,94,.564,4,12,.333,12,26,.462,41,64,105,17,12,6,24,45,130
2,1,22,18.3,2.6,4.8,.538,2.4,4.3,.564,0.2,0.5,.333,0.5,1.2,.462,4.8,0.8,0.5,0.3,1.1,2.0,5.9
2,2,22,402,5.7,10.5,.538,5.3,9.4,.564,0.4,1.2,.333,1.2,2.6,.462,10.4,1.7,1.2,0.6,2.4,4.5,12.9
2,3,22,402,8.3,15.3,.538,7.7,13.6,.564,0.6,1.7,.333,1.7,3.8,.462,15.2,2.5,1.7,0.9,3.5,6.5,18.8,,107.0,96.9
2,4,22,402,16.5,.549,.557,.113,.245,123,10.2,17.8,13.8,8.1,1.7,1.6,16.9,16.7,,0.6,0.7,1.3,.127,,-0.5,0.4,-0.1
3,0,7,58,7,16,.438,7,16,.438,0,0,,5,10,.500,6,6,12,1,1,0,2,12,19
3,1,7,8.3,1.0,2.3,.438,1.0,2.3,.438,0.0,0.0,,0.7,1.4,.500,1.7,0.1,0.1,0.0,0.3,1.7,2.7
3,2,7,58,4.8,11.0,.438,4.8,11.0,.438,0.0,0.0,,3.4,6.9,.500,8.3,0.7,0.7,0.0,1.4,8.3,13.1
3,3,7,58,7.0,16.1,.438,7.0,16.1,.438,0.0,0.0,,5.0,10.0,.500,12.0,1.0,1.0,0.0,2.0,12.0,19.1,,104.0,101.2
3,4,7,58,10.8,.458,.438,.000,.625,18,10.3,11.6,10.9,3.2,1.0,0.0,8.8,18.5,,0.1,0.1,0.1,.103,,-3.2,-3.4,-6.5
4,0,20,76,4,19,.211,3,14,.214,1,5,.200,3,4,.750,7,16,23,4,0,0,5,15,12
4,1,20,3.8,0.2,1.0,.211,0.2,0.7,.214,0.1,0.3,.200,0.2,0.2,.750,1.2,0.2,0.0,0.0,0.3,0.8,0.6
4,2,20,76,2.1,10.0,.211,1.6,7.4,.214,0.5,2.6,.200,1.6,2.1,.750,12.1,2.1,0.0,0.0,2.6,7.9,6.3
4,3,20,76,3.1,14.5,.211,2.3,10.7,.214,0.8,3.8,.200,2.3,3.1,.750,17.6,3.1,0.0,0.0,3.8,11.5,9.2,,73.9,98.9
4,4,20,76,2.2,.287,.237,.263,.211,15,9.2,23.6,16.0,8.6,0.0,0.0,19.3,16.1,,-0.1,0.1,0.0,.014,,-7.6,-2.1,-9.6
5,0,32,670,81,175,.463,81,175,.463,0,0,,40,92,.435,74,82,156,17,6,38,43,88,202
5,1,32,20.9,2.5,5.5,.463,2.5,5.5,.463,0.0,0.0,,1.3,2.9,.435,4.9,0.5,0.2,1.2,1.3,2.8,6.3
5,2,32,670,4.8,10.4,.463,4.8,10.4,.463,0.0,0.0,,2.4,5.5,.435,9.3,1.0,0.4,2.3,2.6,5.3,12.1
5,3,32,670,7.0,15.2,.463,7.0,15.2,.463,0.0,0.0,,3.5,8.0,.435,13.5,1.5,0.5,3.3,3.7,7.6,17.5,,94.7,98.5
5,4,32,670,12.6,.462,.463,.000,.526,200,11.0,13.7,12.3,4.7,0.5,6.2,16.4,18.4,,0.3,1.1,1.4,.082,,-3.7,1.4,-2.3
6,0,32,701,52,150,.347,37,101,.366,15,49,.306,62,85,.729,25,59,84,111,20,3,49,74,181
6,1,32,21.9,1.6,4.7,.347,1.2,3.2,.366,0.5,1.5,.306,1.9,2.7,.729,2.6,3.5,0.6,0.1,1.5,2.3,5.7
6,2,32,701,3.0,8.6,.347,2.1,5.8,.366,0.9,2.8,.306,3.5,4.9,.729,4.8,6.3,1.1,0.2,2.8,4.2,10.3
6,3,32,701,4.3,12.5,.347,3.1,8.4,.366,1.2,4.1,.306,5.1,7.1,.729,7.0,9.2,1.7,0.2,4.1,6.1,15.0,,104.8,101.0
6,4,32,701,12.3,.475,.397,.327,.567,217,3.6,9.4,6.3,27.0,1.7,0.5,20.5,16.1,,0.9,0.9,1.8,.105,,-0.7,-1.2,-1.9
7,0,32,1086,176,442,.398,92,224,.411,84,218,.385,79,97,.814,29,104,133,112,51,2,48,69,515
7,1,32,33.9,5.5,13.8,.398,2.9,7.0,.411,2.6,6.8,.385,2.5,3.0,.814,4.2,3.5,1.6,0.1,1.5,2.2,16.1
7,2,32,1086,6.5,16.3,.398,3.4,8.3,.411,3.1,8.0,.385,2.9,3.6,.814,4.9,4.1,1.9,0.1,1.8,2.5,19.0
7,3,32,1086,9.4,23.7,.398,4.9,12.0,.411,4.5,11.7,.385,4.2,5.2,.814,7.1,6.0,2.7,0.1,2.6,3.7,27.6,,118.7,98.6
7,4,32,1086,20.5,.528,.493,.493,.219,476,2.7,10.7,6.5,20.6,2.7,0.2,9.0,23.3,,3.3,1.7,5.1,.186,,5.1,-0.8,4.2
8,0,30,688,71,185,.384,46,103,.447,25,82,.305,46,63,.730,45,87,132,59,15,7,55,78,213
8,1,30,22.9,2.4,6.2,.384,1.5,3.4,.447,0.8,2.7,.305,1.5,2.1,.730,4.4,2.0,0.5,0.2,1.8,2.6,7.1
8,2,30,688,4.1,10.8,.384,2.7,6.0,.447,1.5,4.8,.305,2.7,3.7,.730,7.7,3.4,0.9,0.4,3.2,4.5,12.4
8,3,30,688,6.0,15.6,.384,3.9,8.7,.447,2.1,6.9,.305,3.9,5.3,.730,11.2,5.0,1.3,0.6,4.7,6.6,18.0,,100.0,99.6
8,4,30,688,12.3,.496,.451,.443,.341,220,6.5,14.2,10.1,15.4,1.3,1.1,20.4,18.5,,0.7,1.0,1.7,.097,,-0.5,-0.2,-0.7
9,0,10,15,1,2,.500,1,2,.500,0,0,,0,0,,1,0,1,0,1,0,2,2,2
9,1,10,1.5,0.1,0.2,.500,0.1,0.2,.500,0.0,0.0,,0.0,0.0,,0.1,0.0,0.1,0.0,0.2,0.2,0.2
9,2,10,15,2.7,5.3,.500,2.7,5.3,.500,0.0,0.0,,0.0,0.0,,2.7,0.0,2.7,0.0,5.3,5.3,5.3
9,3,10,15,3.9,7.8,.500,3.9,7.8,.500,0.0,0.0,,0.0,0.0,,3.9,0.0,3.9,0.0,7.8,7.8,7.8,,55.1,99.8
9,4,10,15,0.4,.500,.500,.000,.000,2,6.7,0.0,3.5,0.0,3.9,0.0,50.0,12.6,,0.0,0.0,0.0,-.033,,-7.4,0.3,-7.2
10,0,29,275,25,63,.397,25,63,.397,0,0,,10,24,.417,20,19,39,11,6,9,14,45,60
10,1,29,9.5,0.9,2.2,.397,0.9,2.2,.397,0.0,0.0,,0.3,0.8,.417,1.3,0.4,0.2,0.3,0.5,1.6,2.1
10,2,29,275,3.6,9.2,.397,3.6,9.2,.397,0.0,0.0,,1.5,3.5,.417,5.7,1.6,0.9,1.3,2.0,6.5,8.7
10,3,29,275,5.3,13.3,.397,5.3,13.3,.397,0.0,0.0,,2.1,5.1,.417,8.3,2.3,1.3,1.9,3.0,9.5,12.7,,88.3,100.4
10,4,29,275,7.0,.403,.397,.000,.381,62,7.3,7.7,7.5,7.0,1.3,3.6,15.8,15.2,,0.0,0.4,0.4,.053,,-4.8,0.7,-4.1
11,0,25,773,156,296,.527,156,296,.527,0,0,,51,114,.447,101,133,234,35,9,21,45,63,363
11,1,25,30.9,6.2,11.8,.527,6.2,11.8,.527,0.0,0.0,,2.0,4.6,.447,9.4,1.4,0.4,0.8,1.8,2.5,14.5
11,2,25,773,8.1,15.3,.527,8.1,15.3,.527,0.0,0.0,,2.6,5.9,.447,12.1,1.8,0.5,1.1,2.3,3.3,18.8
11,3,25,773,11.7,22.3,.527,11.7,22.3,.527,0.0,0.0,,3.8,8.6,.447,17.6,2.6,0.7,1.6,3.4,4.7,27.3,,108.8,98.2
11,4,25,773,21.9,.518,.527,.000,.385,338,13.1,19.3,16.0,9.8,0.7,3.0,11.4,24.1,,1.7,1.3,3.0,.153,,0.8,0.0,0.8
12,0,8,10,1,6,.167,1,4,.250,0,2,.000,2,3,.667,1,1,2,0,0,0,2,1,4
12,1,8,1.3,0.1,0.8,.167,0.1,0.5,.250,0.0,0.3,.000,0.3,0.4,.667,0.3,0.0,0.0,0.0,0.3,0.1,0.5
12,2,8,10,4.0,24.0,.167,4.0,16.0,.250,0.0,8.0,.000,8.0,12.0,.667,8.0,0.0,0.0,0.0,8.0,4.0,16.0
12,3,8,10,5.8,34.9,.167,5.8,23.3,.250,0.0,11.6,.000,11.6,17.5,.667,11.6,0.0,0.0,0.0,11.6,5.8,23.3,,56.4,104.2
12,4,8,10,-10.1,.269,.167,.333,.500,4,10.0,11.2,10.6,0.0,0.0,0.0,21.2,44.5,,-0.1,0.0,-0.1,-.220,,-19.5,-12.2,-31.6
13,0,32,985,135,344,.392,89,205,.434,46,139,.331,80,105,.762,24,102,126,114,23,6,71,78,396
13,1,32,30.8,4.2,10.8,.392,2.8,6.4,.434,1.4,4.3,.331,2.5,3.3,.762,3.9,3.6,0.7,0.2,2.2,2.4,12.4
13,2,32,985,5.5,14.0,.392,3.6,8.3,.434,1.9,5.6,.331,3.2,4.3,.762,5.1,4.6,0.9,0.2,2.9,3.2,16.1
13,3,32,985,8.0,20.3,.392,5.3,12.1,.434,2.7,8.2,.331,4.7,6.2,.762,7.4,6.7,1.4,0.4,4.2,4.6,23.4,,106.3,100.9
13,4,32,985,15.1,.503,.459,.404,.305,387,2.4,11.6,6.8,22.1,1.4,0.7,15.3,22.3,,1.7,1.3,3.1,.125,,1.2,-1.3,-0.1
