0,0,4,5,0,5,.000,0,4,.000,0,1,.000,0,0,,1,1,2,0,0,0,1,0,0
0,1,4,1.3,0.0,1.3,.000,0.0,1.0,.000,0.0,0.3,.000,0.0,0.0,,0.5,0.0,0.0,0.0,0.3,0.0,0.0
0,2,4,5,0.0,40.0,.000,0.0,32.0,.000,0.0,8.0,.000,0.0,0.0,,16.0,0.0,0.0,0.0,8.0,0.0,0.0
0,3,4,5,0.0,60.2,.000,0.0,48.2,.000,0.0,12.0,.000,0.0,0.0,,24.1,0.0,0.0,0.0,12.0,0.0,0.0,,9.9,102.3
0,4,4,5,-44.7,.000,.000,.200,.000,0,21.1,20.8,20.9,0.0,0.0,0.0,16.7,58.2,,-0.1,0.0,-0.1,-.685,,-41.4,-17.1,-58.4
1,0,26,460,28,99,.283,26,85,.306,2,14,.143,58,71,.817,26,41,67,74,10,1,51,31,116
1,1,26,17.7,1.1,3.8,.283,1.0,3.3,.306,0.1,0.5,.143,2.2,2.7,.817,2.6,2.8,0.4,0.0,2.0,1.2,4.5
1,2,26,460,2.4,8.6,.283,2.3,7.4,.306,0.2,1.2,.143,5.0,6.2,.817,5.8,6.4,0.9,0.1,4.4,2.7,10.1
1,3,26,460,3.7,13.0,.283,3.4,11.1,.306,0.3,1.8,.143,7.6,9.3,.817,8.8,9.7,1.3,0.1,6.7,4.1,15.2,,91.5,104.1
1,4,26,460,10.4,.437,.293,.141,.717,146,6.0,9.3,7.6,30.9,1.3,0.2,27.8,19.4,,0.1,0.5,0.6,.050,,-3.1,-1.5,-4.6
2,0,16,158,5,15,.333,3,10,.300,2,5,.400,10,15,.667,9,19,28,2,1,0,6,34,22
2,1,16,9.9,0.3,0.9,.333,0.2,0.6,.300,0.1,0.3,.400,0.6,0.9,.667,1.8,0.1,0.1,0.0,0.4,2.1,1.4
2,2,16,158,1.3,3.8,.333,0.8,2.5,.300,0.5,1.3,.400,2.5,3.8,.667,7.1,0.5,0.3,0.0,1.5,8.6,5.6
2,3,16,158,1.9,5.7,.333,1.1,3.8,.300,0.8,1.9,.400,3.8,5.7,.667,10.7,0.8,0.4,0.0,2.3,13.0,8.4,,100.3,104.1
2,4,16,158,3.7,.497,.400,.333,1.000,23,6.0,12.5,9.3,2.3,0.4,0.0,21.3,8.6,,0.1,0.2,0.2,.062,,-3.5,-1.6,-5.1
3,0,30,810,86,236,.364,38,97,.392,48,139,.345,49,63,.778,40,105,145,77,13,3,56,60,269
3,1,30,27.0,2.9,7.9,.364,1.3,3.2,.392,1.6,4.6,.345,1.6,2.1,.778,4.8,2.6,0.4,0.1,1.9,2.0,9.0
3,2,30,810,4.2,11.7,.364,1.9,4.8,.392,2.4,6.9,.345,2.4,3.1,.778,7.2,3.8,0.6,0.1,2.8,3.0,13.3
3,3,30,810,6.4,17.5,.364,2.8,7.2,.392,3.6,10.3,.345,3.6,4.7,.778,10.8,5.7,1.0,0.2,4.2,4.5,20.0,,106.4,102.8
3,4,30,810,13.6,.506,.466,.589,.267,269,5.2,13.5,9.4,20.0,1.0,0.4,17.4,19.3,,1.2,1.0,2.2,.109,,1.7,-1.0,0.7
4,0,30,431,42,89,.472,42,89,.472,0,0,,12,20,.600,31,49,80,7,7,29,28,74,96
4,1,30,14.4,1.4,3.0,.472,1.4,3.0,.472,0.0,0.0,,0.4,0.7,.600,2.7,0.2,0.2,1.0,0.9,2.5,3.2
4,2,30,431,3.9,8.3,.472,3.9,8.3,.472,0.0,0.0,,1.1,1.9,.600,7.4,0.6,0.6,2.7,2.6,6.9,8.9
4,3,30,431,5.9,12.4,.472,5.9,12.4,.472,0.0,0.0,,1.7,2.8,.600,11.2,1.0,1.0,4.1,3.9,10.3,13.4,,90.2,99.1
4,4,30,431,9.3,.487,.472,.000,.225,91,7.6,11.8,9.7,3.4,1.0,6.7,22.1,14.2,,0.0,0.7,0.7,.064,,-4.6,2.6,-2.0
5,0,18,144,5,13,.385,5,13,.385,0,0,,6,10,.600,10,21,31,4,3,7,8,27,16
5,1,18,8.0,0.3,0.7,.385,0.3,0.7,.385,0.0,0.0,,0.3,0.6,.600,1.7,0.2,0.2,0.4,0.4,1.5,0.9
5,2,18,144,1.4,3.6,.385,1.4,3.6,.385,0.0,0.0,,1.7,2.8,.600,8.6,1.1,0.8,1.9,2.2,7.5,4.4
5,3,18,144,2.1,5.4,.385,2.1,5.4,.385,0.0,0.0,,2.5,4.2,.600,13.0,1.7,1.3,2.9,3.3,11.3,6.7,,84.6,98.0
5,4,18,144,6.5,.451,.385,.000,.769,19,7.3,15.2,11.3,5.1,1.3,4.8,31.1,8.7,,0.0,0.2,0.2,.057,,-5.0,3.1,-1.9
6,0,30,873,158,347,.455,157,344,.456,1,3,.333,129,160,.806,108,227,335,31,21,88,69,89,446
6,1,30,29.1,5.3,11.6,.455,5.2,11.5,.456,0.0,0.1,.333,4.3,5.3,.806,11.2,1.0,0.7,2.9,2.3,3.0,14.9
6,2,30,873,7.2,15.9,.455,7.2,15.8,.456,0.0,0.1,.333,5.9,7.3,.806,15.3,1.4,1.0,4.0,3.2,4.1,20.4
6,3,30,873,10.9,23.9,.455,10.8,23.7,.456,0.1,0.2,.333,8.9,11.0,.806,23.1,2.1,1.4,6.1,4.8,6.1,30.8,,110.4,89.4
6,4,30,873,27.8,.527,.457,.009,.461,418,13.0,27.0,20.1,8.9,1.4,10.0,14.0,27.4,,2.3,2.2,4.5,.204,,-0.2,4.5,4.3
7,0,26,297,17,72,.236,7,31,.226,10,41,.244,10,15,.667,17,26,43,28,8,0,15,33,54
7,1,26,11.4,0.7,2.8,.236,0.3,1.2,.226,0.4,1.6,.244,0.4,0.6,.667,1.7,1.1,0.3,0.0,0.6,1.3,2.1
7,2,26,297,2.3,9.7,.236,0.9,4.2,.226,1.3,5.5,.244,1.3,2.0,.667,5.8,3.8,1.1,0.0,2.0,4.4,7.3
7,3,26,297,3.4,14.6,.236,1.4,6.3,.226,2.0,8.3,.244,2.0,3.0,.667,8.7,5.7,1.6,0.0,3.0,6.7,10.9,,88.5,103.4
7,4,26,297,6.0,.341,.306,.569,.208,65,6.0,9.1,7.6,18.0,1.6,0.0,15.9,15.4,,0.0,0.3,0.3,.042,,-2.5,-1.3,-3.8
8,0,29,517,46,140,.329,15,50,.300,31,90,.344,30,37,.811,20,53,73,32,10,3,24,58,153
8,1,29,17.8,1.6,4.8,.329,0.5,1.7,.300,1.1,3.1,.344,1.0,1.3,.811,2.5,1.1,0.3,0.1,0.8,2.0,5.3
8,2,29,517,3.6,10.8,.329,1.2,3.9,.300,2.4,7.0,.344,2.3,2.9,.811,5.6,2.5,0.8,0.2,1.9,4.5,11.8
8,3,29,517,5.4,16.3,.329,1.7,5.8,.300,3.6,10.5,.344,3.5,4.3,.811,8.5,3.7,1.2,0.3,2.8,6.8,17.8,,108.1,103.3
8,4,29,517,10.6,.485,.439,.643,.264,147,4.1,10.7,7.4,12.6,1.2,0.6,13.2,17.0,,0.7,0.6,1.3,.103,,0.3,-1.5,-1.2
9,0,30,808,88,205,.429,87,191,.455,1,14,.071,73,92,.793,90,103,193,23,8,32,42,53,250
9,1,30,26.9,2.9,6.8,.429,2.9,6.4,.455,0.0,0.5,.071,2.4,3.1,.793,6.4,0.8,0.3,1.1,1.4,1.8,8.3
9,2,30,808,4.4,10.1,.429,4.3,9.5,.455,0.0,0.7,.071,3.6,4.6,.793,9.6,1.1,0.4,1.6,2.1,2.6,12.4
9,3,30,808,6.6,15.3,.429,6.5,14.2,.455,0.1,1.0,.071,5.4,6.9,.793,14.4,1.7,0.6,2.4,3.1,3.9,18.6,,109.1,101.6
9,4,30,808,16.0,.503,.432,.068,.449,251,11.7,13.3,12.5,6.0,0.6,3.9,14.4,17.5,,1.3,1.1,2.4,.117,,-0.9,0.7,-0.1
10,0,30,1106,197,456,.432,157,312,.503,40,144,.278,115,149,.772,69,113,182,76,15,10,67,66,549
10,1,30,36.9,6.6,15.2,.432,5.2,10.4,.503,1.3,4.8,.278,3.8,5.0,.772,6.1,2.5,0.5,0.3,2.2,2.2,18.3
10,2,30,1106,7.1,16.5,.432,5.7,11.3,.503,1.4,5.2,.278,4.2,5.4,.772,6.6,2.7,0.5,0.4,2.4,2.4,19.9
10,3,30,1106,10.7,24.8,.432,8.5,17.0,.503,2.2,7.8,.278,6.3,8.1,.772,9.9,4.1,0.8,0.5,3.6,3.6,29.9,,113.5,104.2
10,4,30,1106,19.4,.521,.476,.316,.327,507,6.6,10.6,8.6,17.0,0.8,0.9,11.3,26.1,,3.1,1.2,4.3,.155,,3.8,-1.6,2.2
11,0,26,529,42,132,.318,12,48,.250,30,84,.357,5,11,.455,13,53,66,62,11,0,42,43,119
11,1,26,20.3,1.6,5.1,.318,0.5,1.8,.250,1.2,3.2,.357,0.2,0.4,.455,2.5,2.4,0.4,0.0,1.6,1.7,4.6
11,2,26,529,3.2,10.0,.318,0.9,3.6,.250,2.3,6.4,.357,0.4,0.8,.455,5.0,4.7,0.8,0.0,3.2,3.3,9.0
11,3,26,529,4.8,15.0,.318,1.4,5.5,.250,3.4,9.6,.357,0.6,1.3,.455,7.5,7.1,1.3,0.0,4.8,4.9,13.5,,89.6,103.8
11,4,26,529,7.2,.434,.432,.636,.083,129,2.6,10.4,6.5,23.4,1.3,0.0,23.4,16.4,,0.0,0.6,0.6,.044,,-1.9,-1.7,-3.6
12,0,7,8,0,1,.000,0,0,,0,1,.000,0,0,,0,0,0,0,0,0,1,0,0
12,1,7,1.1,0.0,0.1,.000,0.0,0.0,,0.0,0.1,.000,0.0,0.0,,0.0,0.0,0.0,0.0,0.1,0.0,0.0
12,2,7,8,0.0,5.0,.000,0.0,0.0,,0.0,5.0,.000,0.0,0.0,,0.0,0.0,0.0,0.0,5.0,0.0,0.0
12,3,7,8,0.0,7.5,.000,0.0,0.0,,0.0,7.5,.000,0.0,0.0,,0.0,0.0,0.0,0.0,7.5,0.0,0.0,,0.0,111.8
12,4,7,8,-13.5,.000,.000,1.000,.000,0,0.0,0.0,0.0,0.0,0.0,0.0,50.0,12.1,,0.0,0.0,0.0,-.189,,-13.2,-2.3,-15.5
13,0,5,5,1,3,.333,1,2,.500,0,1,.000,0,0,,0,0,0,0,0,0,0,2,2
13,1,5,1.0,0.2,0.6,.333,0.2,0.4,.500,0.0,0.2,.000,0.0,0.0,,0.0,0.0,0.0,0.0,0.0,0.4,0.4
13,2,5,5,8.0,24.0,.333,8.0,16.0,.500,0.0,8.0,.000,0.0,0.0,,0.0,0.0,0.0,0.0,0.0,16.0,16.0
13,3,5,5,12.0,36.1,.333,12.0,24.1,.500,0.0,12.0,.000,0.0,0.0,,0.0,0.0,0.0,0.0,0.0,24.1,24.1,,82.6,109.6
13,4,5,5,-4.0,.333,.333,.333,.000,2,0.0,0.0,0.0,0.0,0.0,0.0,0.0,29.1,,0.0,0.0,0.0,-.009,,-7.8,-9.1,-16.9
