0,0,22,99,12,28,.429,12,27,.444,0,1,.000,6,10,.600,5,14,19,1,3,6,5,26,30
0,1,22,4.5,0.5,1.3,.429,0.5,1.2,.444,0.0,0.0,.000,0.3,0.5,.600,0.9,0.0,0.1,0.3,0.2,1.2,1.4
0,2,22,99,4.8,11.3,.429,4.8,10.9,.444,0.0,0.4,.000,2.4,4.0,.600,7.7,0.4,1.2,2.4,2.0,10.5,12.1
0,3,22,99,7.3,16.9,.429,7.3,16.3,.444,0.0,0.6,.000,3.6,6.0,.600,11.5,0.6,1.8,3.6,3.0,15.7,18.1,,90.9,99.4
0,4,22,99,10.6,.458,.429,.036,.357,27,5.3,17.9,11.0,2.4,1.8,6.7,13.2,19.3,,0.0,0.1,0.2,.065,,-7.7,0.4,-7.3
1,0,30,569,62,125,.496,62,125,.496,0,0,,27,60,.450,48,52,100,14,14,9,42,98,151
1,1,30,19.0,2.1,4.2,.496,2.1,4.2,.496,0.0,0.0,,0.9,2.0,.450,3.3,0.5,0.5,0.3,1.4,3.3,5.0
1,2,30,569,4.4,8.8,.496,4.4,8.8,.496,0.0,0.0,,1.9,4.2,.450,7.0,1.0,1.0,0.6,3.0,6.9,10.6
1,3,30,569,6.5,13.1,.496,6.5,13.1,.496,0.0,0.0,,2.8,6.3,.450,10.5,1.5,1.5,0.9,4.4,10.3,15.9,,89.6,105.4
1,4,30,569,9.3,.492,.496,.000,.480,149,8.9,11.6,10.1,5.6,1.5,1.7,21.5,17.4,,0.0,0.5,0.5,.037,,-5.2,-0.8,-6.0
2,0,3,11,0,0,,0,0,,0,0,,0,0,,0,0,0,1,0,0,1,0,0
2,1,3,3.7,0.0,0.0,,0.0,0.0,,0.0,0.0,,0.0,0.0,,0.0,0.3,0.0,0.0,0.3,0.0,0.0
2,2,3,11,0.0,0.0,,0.0,0.0,,0.0,0.0,,0.0,0.0,,0.0,3.6,0.0,0.0,3.6,0.0,0.0
2,3,3,11,0.0,0.0,,0.0,0.0,,0.0,0.0,,0.0,0.0,,0.0,5.4,0.0,0.0,5.4,0.0,0.0,,38.3,115.1
2,4,3,11,-1.9,,,,,0,0.0,0.0,0.0,16.6,0.0,0.0,100.0,4.6,,0.0,0.0,0.0,-.067,,-12.7,-5.3,-18.0
3,0,12,178,20,60,.333,2,19,.105,18,41,.439,15,18,.833,4,6,10,11,3,0,13,13,73
3,1,12,14.8,1.7,5.0,.333,0.2,1.6,.105,1.5,3.4,.439,1.3,1.5,.833,0.8,0.9,0.3,0.0,1.1,1.1,6.1
3,2,12,178,4.5,13.5,.333,0.4,4.3,.105,4.0,9.2,.439,3.4,4.0,.833,2.2,2.5,0.7,0.0,2.9,2.9,16.4
3,3,12,178,6.7,20.2,.333,0.7,6.4,.105,6.1,13.8,.439,5.0,6.1,.833,3.4,3.7,1.0,0.0,4.4,4.4,24.5,,103.7,110.7
3,4,12,178,12.5,.532,.483,.683,.300,67,2.4,4.3,3.2,14.2,1.0,0.0,15.9,23.2,,0.3,0.1,0.3,.077,,-0.3,-5.4,-5.7
4,0,13,53,2,9,.222,1,2,.500,1,7,.143,2,2,1.000,1,2,3,2,0,1,5,2,7
4,1,13,4.1,0.2,0.7,.222,0.1,0.2,.500,0.1,0.5,.143,0.2,0.2,1.000,0.2,0.2,0.0,0.1,0.4,0.2,0.5
4,2,13,53,1.5,6.8,.222,0.8,1.5,.500,0.8,5.3,.143,1.5,1.5,1.000,2.3,1.5,0.0,0.8,3.8,1.5,5.3
4,3,13,53,2.3,10.2,.222,1.1,2.3,.500,1.1,7.9,.143,2.3,2.3,1.000,3.4,2.3,0.0,1.1,5.6,2.3,7.9,,59.1,112.0
4,4,13,53,-1.0,.352,.278,.778,.222,7,2.0,4.8,3.2,7.4,0.0,2.1,33.4,14.3,,-0.1,0.0,-0.1,-.074,,-9.4,-2.9,-12.3
5,0,22,509,70,160,.438,70,156,.449,0,4,.000,50,88,.568,40,73,113,12,11,13,37,61,190
5,1,22,23.1,3.2,7.3,.438,3.2,7.1,.449,0.0,0.2,.000,2.3,4.0,.568,5.1,0.5,0.5,0.6,1.7,2.8,8.6
5,2,22,509,5.5,12.6,.438,5.5,12.3,.449,0.0,0.3,.000,3.9,6.9,.568,8.9,0.9,0.9,1.0,2.9,4.8,14.9
5,3,22,509,8.2,18.8,.438,8.2,18.3,.449,0.0,0.5,.000,5.9,10.3,.568,13.3,1.4,1.3,1.5,4.3,7.2,22.3,,92.6,102.9
5,4,22,509,14.0,.471,.438,.025,.550,180,8.3,18.1,12.7,5.8,1.3,2.8,15.5,23.7,,0.2,0.6,0.8,.060,,-5.5,-1.3,-6.8
6,0,32,705,126,270,.467,120,239,.502,6,31,.194,68,110,.618,88,126,214,18,44,16,54,88,326
6,1,32,22.0,3.9,8.4,.467,3.8,7.5,.502,0.2,1.0,.194,2.1,3.4,.618,6.7,0.6,1.4,0.5,1.7,2.8,10.2
6,2,32,705,7.1,15.3,.467,6.8,13.6,.502,0.3,1.8,.194,3.9,6.2,.618,12.1,1.0,2.5,0.9,3.1,5.0,18.5
6,3,32,705,10.7,22.9,.467,10.2,20.3,.502,0.5,2.6,.194,5.8,9.3,.618,18.2,1.5,3.7,1.4,4.6,7.5,27.7,,100.7,95.9
6,4,32,705,22.8,.506,.478,.115,.407,311,13.1,22.6,17.4,6.9,3.7,2.5,14.4,27.0,,1.1,1.3,2.3,.132,,-1.4,0.2,-1.2
7,0,32,495,43,128,.336,32,77,.416,11,51,.216,10,18,.556,20,43,63,19,17,5,17,56,107
7,1,32,15.5,1.3,4.0,.336,1.0,2.4,.416,0.3,1.6,.216,0.3,0.6,.556,2.0,0.6,0.5,0.2,0.5,1.8,3.3
7,2,32,495,3.5,10.3,.336,2.6,6.2,.416,0.9,4.1,.216,0.8,1.5,.556,5.1,1.5,1.4,0.4,1.4,4.5,8.6
7,3,32,495,5.2,15.5,.336,3.9,9.3,.416,1.3,6.2,.216,1.2,2.2,.556,7.6,2.3,2.1,0.6,2.1,6.8,12.9,,87.0,105.0
7,4,32,495,7.5,.392,.379,.398,.141,107,4.2,11.0,7.3,8.4,2.1,1.1,11.1,15.7,,-0.1,0.4,0.4,.031,,-4.8,-1.0,-5.8
8,0,31,654,39,116,.336,13,35,.371,26,81,.321,7,14,.500,16,45,61,25,24,5,17,45,111
8,1,31,21.1,1.3,3.7,.336,0.4,1.1,.371,0.8,2.6,.321,0.2,0.5,.500,2.0,0.8,0.8,0.2,0.5,1.5,3.6
8,2,31,654,2.4,7.1,.336,0.8,2.1,.371,1.6,5.0,.321,0.4,0.9,.500,3.7,1.5,1.5,0.3,1.0,2.8,6.8
8,3,31,654,3.6,10.6,.336,1.2,3.2,.371,2.4,7.4,.321,0.6,1.3,.500,5.6,2.3,2.2,0.5,1.6,4.1,10.2,,97.1,106.0
8,4,31,654,7.9,.453,.448,.698,.121,109,2.6,8.7,5.4,7.9,2.2,0.8,12.2,10.8,,0.3,0.5,0.8,.049,,-2.9,-0.4,-3.3
9,0,32,957,119,347,.343,57,178,.320,62,169,.367,57,92,.620,11,93,104,118,41,3,87,62,357
9,1,32,29.9,3.7,10.8,.343,1.8,5.6,.320,1.9,5.3,.367,1.8,2.9,.620,3.3,3.7,1.3,0.1,2.7,1.9,11.2
9,2,32,957,5.0,14.5,.343,2.4,7.4,.320,2.6,7.1,.367,2.4,3.8,.620,4.3,4.9,1.7,0.1,3.6,2.6,14.9
9,3,32,957,7.4,21.7,.343,3.6,11.1,.320,3.9,10.6,.367,3.6,5.8,.620,6.5,7.4,2.6,0.2,5.4,3.9,22.3,,91.6,103.9
9,4,32,957,13.1,.457,.432,.487,.265,363,1.2,12.3,6.2,29.2,2.6,0.3,18.2,25.2,,0.3,1.0,1.3,.053,,-1.1,-1.8,-2.9
10,0,26,435,50,123,.407,34,71,.479,16,52,.308,25,30,.833,23,61,84,17,29,6,31,48,141
10,1,26,16.7,1.9,4.7,.407,1.3,2.7,.479,0.6,2.0,.308,1.0,1.2,.833,3.2,0.7,1.1,0.2,1.2,1.8,5.4
10,2,26,435,4.6,11.3,.407,3.1,6.5,.479,1.5,4.8,.308,2.3,2.8,.833,7.7,1.6,2.7,0.6,2.9,4.4,13.0
10,3,26,435,6.9,16.9,.407,4.7,9.8,.479,2.2,7.2,.308,3.4,4.1,.833,11.6,2.3,4.0,0.8,4.3,6.6,19.4,,96.8,97.8
10,4,26,435,15.4,.514,.472,.423,.244,133,5.6,17.7,11.1,9.1,4.0,1.5,18.4,19.6,,0.3,0.7,1.0,.093,,-2.3,0.9,-1.3
11,0,32,692,46,128,.359,22,43,.512,24,85,.282,8,12,.667,15,33,48,48,22,0,44,69,124
11,1,32,21.6,1.4,4.0,.359,0.7,1.3,.512,0.8,2.7,.282,0.3,0.4,.667,1.5,1.5,0.7,0.0,1.4,2.2,3.9
11,2,32,692,2.7,7.4,.359,1.3,2.5,.512,1.4,4.9,.282,0.5,0.7,.667,2.8,2.8,1.3,0.0,2.5,4.0,7.2
11,3,32,692,4.0,11.1,.359,1.9,3.7,.512,2.1,7.4,.282,0.7,1.0,.667,4.2,4.2,1.9,0.0,3.8,6.0,10.7,,85.9,107.9
11,4,32,692,5.7,.464,.453,.664,.094,131,2.3,6.0,4.0,14.5,1.9,0.0,24.8,13.0,,-0.1,0.4,0.3,.017,,-4.0,-1.8,-5.8
12,0,32,858,93,282,.330,56,149,.376,37,133,.278,75,97,.773,22,57,79,57,25,4,64,71,298
12,1,32,26.8,2.9,8.8,.330,1.8,4.7,.376,1.2,4.2,.278,2.3,3.0,.773,2.5,1.8,0.8,0.1,2.0,2.2,9.3
12,2,32,858,4.3,13.1,.330,2.6,6.9,.376,1.7,6.2,.278,3.5,4.5,.773,3.7,2.7,1.2,0.2,3.0,3.3,13.9
12,3,32,858,6.5,19.7,.330,3.9,10.4,.376,2.6,9.3,.278,5.2,6.8,.773,5.5,4.0,1.7,0.3,4.5,5.0,20.8,,91.6,107.1
12,4,32,858,10.3,.454,.395,.472,.344,290,2.7,8.4,5.3,15.2,1.7,0.5,16.3,23.1,,0.2,0.6,0.8,.039,,-2.7,-2.6,-5.3
13,0,20,185,17,43,.395,16,39,.410,1,4,.250,9,13,.692,21,25,46,1,1,12,17,30,44
13,1,20,9.3,0.9,2.2,.395,0.8,2.0,.410,0.1,0.2,.250,0.5,0.7,.692,2.3,0.1,0.1,0.6,0.9,1.5,2.2
13,2,20,185,3.7,9.3,.395,3.5,8.4,.410,0.2,0.9,.250,1.9,2.8,.692,9.9,0.2,0.2,2.6,3.7,6.5,9.5
13,3,20,185,5.5,13.9,.395,5.2,12.6,.410,0.3,1.3,.250,2.9,4.2,.692,14.9,0.3,0.3,3.9,5.5,9.7,14.2,,80.8,103.3
13,4,20,185,8.7,.447,.407,.093,.302,46,11.9,17.1,14.3,1.2,0.3,7.1,25.7,18.1,,-0.1,0.2,0.1,.013,,-8.9,-0.5,-9.5
