0,0,35,1059,143,307,.466,61,107,.570,82,200,.410,36,55,.655,22,81,103,79,24,3,43,58,404
0,1,35,30.3,4.1,8.8,.466,1.7,3.1,.570,2.3,5.7,.410,1.0,1.6,.655,2.9,2.3,0.7,0.1,1.2,1.7,11.5
0,2,35,1059,5.4,11.6,.466,2.3,4.0,.570,3.1,7.6,.410,1.4,2.1,.655,3.9,3.0,0.9,0.1,1.6,2.2,15.3
0,3,35,1059,7.9,16.9,.466,3.4,5.9,.570,4.5,11.0,.410,2.0,3.0,.655,5.7,4.3,1.3,0.2,2.4,3.2,22.2,,122.5,113.2
0,4,35,1059,16.3,.606,.599,.651,.179,376,2.4,9.0,5.7,13.4,1.3,0.3,11.4,17.8,,2.6,0.5,3.1,.117,,3.0,-4.2,-1.2
1,0,35,575,93,165,.564,93,165,.564,0,0,,41,79,.519,42,58,100,8,4,1,40,81,227
1,1,35,16.4,2.7,4.7,.564,2.7,4.7,.564,0.0,0.0,,1.2,2.3,.519,2.9,0.2,0.1,0.0,1.1,2.3,6.5
1,2,35,575,6.5,11.5,.564,6.5,11.5,.564,0.0,0.0,,2.9,5.5,.519,7.0,0.6,0.3,0.1,2.8,5.6,15.8
1,3,35,575,9.4,16.7,.564,9.4,16.7,.564,0.0,0.0,,4.1,8.0,.519,10.1,0.8,0.4,0.1,4.0,8.2,23.0,,104.4,113.7
1,4,35,575,12.7,.560,.564,.000,.479,210,8.5,11.9,10.2,2.6,0.4,0.2,16.5,21.1,,0.7,0.3,0.9,.065,,-3.9,-6.1,-9.9
2,0,35,555,84,163,.515,84,162,.519,0,1,.000,46,64,.719,39,71,110,14,16,46,19,86,214
2,1,35,15.9,2.4,4.7,.515,2.4,4.6,.519,0.0,0.0,.000,1.3,1.8,.719,3.1,0.4,0.5,1.3,0.5,2.5,6.1
2,2,35,555,6.1,11.7,.515,6.1,11.7,.519,0.0,0.1,.000,3.3,4.6,.719,7.9,1.0,1.2,3.3,1.4,6.2,15.4
2,3,35,555,8.8,17.1,.515,8.8,17.0,.519,0.0,0.1,.000,4.8,6.7,.719,11.5,1.5,1.7,4.8,2.0,9.0,22.4,,117.9,105.1
2,4,35,555,19.8,.553,.515,.006,.393,205,8.2,15.1,11.6,4.7,1.7,8.2,8.9,19.2,,1.2,0.7,1.9,.139,,-2.2,0.4,-1.8
3,0,29,146,9,27,.333,5,13,.385,4,14,.286,7,13,.538,5,11,16,4,2,0,13,11,29
3,1,29,5.0,0.3,0.9,.333,0.2,0.4,.385,0.1,0.5,.286,0.2,0.4,.538,0.6,0.1,0.1,0.0,0.4,0.4,1.0
3,2,29,146,2.5,7.4,.333,1.4,3.6,.385,1.1,3.8,.286,1.9,3.6,.538,4.4,1.1,0.5,0.0,3.6,3.0,7.9
3,3,29,146,3.6,10.8,.333,2.0,5.2,.385,1.6,5.6,.286,2.8,5.2,.538,6.4,1.6,0.8,0.0,5.2,4.4,11.6,,75.5,114.4
3,4,29,146,2.3,.437,.407,.519,.481,30,4.0,8.9,6.4,4.3,0.8,0.0,28.2,15.8,,-0.2,0.1,-0.1,-.034,,-6.7,-4.9,-11.6
4,0,35,848,118,264,.447,102,202,.505,16,62,.258,112,147,.762,12,70,82,121,36,1,76,75,364
4,1,35,24.2,3.4,7.5,.447,2.9,5.8,.505,0.5,1.8,.258,3.2,4.2,.762,2.3,3.5,1.0,0.0,2.2,2.1,10.4
4,2,35,848,5.6,12.5,.447,4.8,9.5,.505,0.8,2.9,.258,5.3,6.9,.762,3.9,5.7,1.7,0.0,3.6,3.5,17.2
4,3,35,848,8.1,18.1,.447,7.0,13.9,.505,1.1,4.3,.258,7.7,10.1,.762,5.6,8.3,2.5,0.1,5.2,5.1,25.0,,108.2,110.3
4,4,35,848,17.4,.545,.477,.235,.557,384,1.6,9.7,5.7,25.8,2.5,0.1,18.5,24.2,,1.6,0.6,2.2,.105,,-0.6,-3.7,-4.3
5,0,31,282,23,53,.434,9,14,.643,14,39,.359,8,15,.533,6,19,25,13,11,1,13,27,68
5,1,31,9.1,0.7,1.7,.434,0.3,0.5,.643,0.5,1.3,.359,0.3,0.5,.533,0.8,0.4,0.4,0.0,0.4,0.9,2.2
5,2,31,282,3.3,7.5,.434,1.3,2.0,.643,2.0,5.5,.359,1.1,2.1,.533,3.5,1.8,1.6,0.1,1.8,3.8,9.6
5,3,31,282,4.7,10.9,.434,1.9,2.9,.643,2.9,8.0,.359,1.7,3.1,.533,5.2,2.7,2.3,0.2,2.7,5.6,14.0,,106.9,111.2
5,4,31,282,9.6,.565,.566,.736,.283,65,2.5,7.9,5.2,7.6,2.3,0.4,17.8,13.0,,0.2,0.2,0.4,.062,,-1.1,-3.3,-4.3
6,0,4,39,0,5,.000,0,5,.000,0,0,,3,8,.375,5,6,11,2,3,1,2,6,3
6,1,4,9.8,0.0,1.3,.000,0.0,1.3,.000,0.0,0.0,,0.8,2.0,.375,2.8,0.5,0.8,0.3,0.5,1.5,0.8
6,2,4,39,0.0,5.1,.000,0.0,5.1,.000,0.0,0.0,,3.1,8.2,.375,11.3,2.1,3.1,1.0,2.1,6.2,3.1
6,3,4,39,0.0,7.5,.000,0.0,7.5,.000,0.0,0.0,,4.5,11.9,.375,16.4,3.0,4.5,1.5,3.0,9.0,4.5,,68.2,101.0
6,4,4,39,6.1,.170,.000,.000,1.600,7,14.9,18.1,16.5,7.4,4.5,2.5,18.5,13.9,,-0.1,0.1,0.0,-.004,,-7.4,1.6,-5.8
7,0,10,21,1,2,.500,1,1,1.000,0,1,.000,1,2,.500,1,2,3,0,0,0,2,1,3
7,1,10,2.1,0.1,0.2,.500,0.1,0.1,1.000,0.0,0.1,.000,0.1,0.2,.500,0.3,0.0,0.0,0.0,0.2,0.1,0.3
7,2,10,21,1.9,3.8,.500,1.9,1.9,1.000,0.0,1.9,.000,1.9,3.8,.500,5.7,0.0,0.0,0.0,3.8,1.9,5.7
7,3,10,21,2.8,5.5,.500,2.8,2.8,1.000,0.0,2.8,.000,2.8,5.5,.500,8.3,0.0,0.0,0.0,5.5,2.8,8.3,,69.8,115.4
7,4,10,21,1.5,.508,.500,.500,1.000,3,5.5,11.2,8.4,0.0,0.0,0.0,40.4,11.8,,0.0,0.0,0.0,-.041,,-7.9,-6.6,-14.5
8,0,35,897,212,387,.548,200,352,.568,12,35,.343,157,229,.686,81,204,285,37,68,21,56,97,593
8,1,35,25.6,6.1,11.1,.548,5.7,10.1,.568,0.3,1.0,.343,4.5,6.5,.686,8.1,1.1,1.9,0.6,1.6,2.8,16.9
8,2,35,897,9.5,17.3,.548,8.9,15.7,.568,0.5,1.6,.343,7.0,10.2,.686,12.7,1.6,3.0,0.9,2.5,4.3,26.4
8,3,35,897,13.8,25.1,.548,13.0,22.8,.568,0.8,2.3,.343,10.2,14.9,.686,18.5,2.4,4.4,1.4,3.6,6.3,38.5,,122.3,98.2
8,4,35,897,33.5,.598,.563,.090,.592,549,10.5,26.8,18.6,9.1,4.4,2.3,10.1,30.8,,3.7,1.7,5.4,.242,,2.9,-0.9,2.0
9,0,35,680,74,145,.510,74,145,.510,0,0,,45,66,.682,62,97,159,18,14,34,38,78,193
9,1,35,19.4,2.1,4.1,.510,2.1,4.1,.510,0.0,0.0,,1.3,1.9,.682,4.5,0.5,0.4,1.0,1.1,2.2,5.5
9,2,35,680,4.4,8.5,.510,4.4,8.5,.510,0.0,0.0,,2.6,3.9,.682,9.4,1.1,0.8,2.0,2.2,4.6,11.4
9,3,35,680,6.3,12.4,.510,6.3,12.4,.510,0.0,0.0,,3.9,5.6,.682,13.6,1.5,1.2,2.9,3.3,6.7,16.5,,109.2,107.6
9,4,35,680,14.9,.547,.510,.000,.455,207,10.6,16.8,13.7,4.5,1.2,5.0,17.7,15.8,,0.9,0.7,1.6,.093,,-3.0,-0.7,-3.6
10,0,35,809,57,112,.509,41,68,.603,16,44,.364,19,31,.613,42,67,109,55,16,13,19,77,149
10,1,35,23.1,1.6,3.2,.509,1.2,1.9,.603,0.5,1.3,.364,0.5,0.9,.613,3.1,1.6,0.5,0.4,0.5,2.2,4.3
10,2,35,809,2.8,5.5,.509,2.0,3.4,.603,0.8,2.2,.364,0.9,1.5,.613,5.4,2.7,0.8,0.6,0.9,3.8,7.4
10,3,35,809,4.1,8.1,.509,2.9,4.9,.603,1.2,3.2,.364,1.4,2.2,.613,7.8,4.0,1.2,0.9,1.4,5.5,10.7,,128.7,112.3
10,4,35,809,11.5,.588,.580,.393,.277,176,6.0,9.8,7.9,10.9,1.2,1.6,13.0,9.0,,1.4,0.5,1.8,.091,,0.4,-1.6,-1.2
11,0,14,59,3,13,.231,3,11,.273,0,2,.000,6,8,.750,4,5,9,7,1,2,2,13,12
11,1,14,4.2,0.2,0.9,.231,0.2,0.8,.273,0.0,0.1,.000,0.4,0.6,.750,0.6,0.5,0.1,0.1,0.1,0.9,0.9
11,2,14,59,2.0,8.8,.231,2.0,7.5,.273,0.0,1.4,.000,4.1,5.4,.750,6.1,4.7,0.7,1.4,1.4,8.8,8.1
11,3,14,59,3.0,12.8,.231,3.0,10.8,.273,0.0,2.0,.000,5.9,7.9,.750,8.9,6.9,1.0,2.0,2.0,12.8,11.8,,100.6,110.9
11,4,14,59,8.4,.357,.231,.154,.615,17,7.9,10.0,8.9,18.5,1.0,3.4,10.6,15.9,,0.0,0.0,0.1,.055,,-4.3,-2.3,-6.6
12,0,35,1033,151,382,.395,74,171,.433,77,211,.365,82,101,.812,14,73,87,100,49,4,48,49,461
12,1,35,29.5,4.3,10.9,.395,2.1,4.9,.433,2.2,6.0,.365,2.3,2.9,.812,2.5,2.9,1.4,0.1,1.4,1.4,13.2
12,2,35,1033,5.8,14.8,.395,2.9,6.6,.433,3.0,8.2,.365,3.2,3.9,.812,3.4,3.9,1.9,0.2,1.9,1.9,17.9
12,3,35,1033,8.5,21.5,.395,4.2,9.6,.433,4.3,11.9,.365,4.6,5.7,.812,4.9,5.6,2.8,0.2,2.7,2.8,26.0,,115.2,110.2
12,4,35,1033,18.5,.536,.496,.552,.264,445,1.6,8.3,4.9,17.7,2.8,0.4,10.0,23.2,,2.5,0.8,3.3,.126,,2.2,-3.8,-1.6
13,0,8,22,4,10,.400,4,9,.444,0,1,.000,1,2,.500,4,3,7,2,3,1,3,3,9
13,1,8,2.8,0.5,1.3,.400,0.5,1.1,.444,0.0,0.1,.000,0.1,0.3,.500,0.9,0.3,0.4,0.1,0.4,0.4,1.1
13,2,8,22,7.3,18.2,.400,7.3,16.4,.444,0.0,1.8,.000,1.8,3.6,.500,12.7,3.6,5.5,1.8,5.5,5.5,16.4
13,3,8,22,10.6,26.4,.400,10.6,23.8,.444,0.0,2.6,.000,2.6,5.3,.500,18.5,5.3,7.9,2.6,7.9,7.9,23.8,,88.2,93.2
13,4,8,22,21.5,.411,.400,.100,.200,11,21.1,16.1,18.6,17.8,7.9,4.5,21.5,31.7,,0.0,0.1,0.0,.070,,-3.1,4.1,1.0
