0,0,5,47,7,14,.500,7,14,.500,0,0,,1,1,1.000,5,7,12,1,0,1,3,4,15
0,1,5,9.4,1.4,2.8,.500,1.4,2.8,.500,0.0,0.0,,0.2,0.2,1.000,2.4,0.2,0.0,0.2,0.6,0.8,3.0
0,2,5,47,6.0,11.9,.500,6.0,11.9,.500,0.0,0.0,,0.9,0.9,1.000,10.2,0.9,0.0,0.9,2.6,3.4,12.8
0,3,5,47,8.8,17.7,.500,8.8,17.7,.500,0.0,0.0,,1.3,1.3,1.000,15.2,1.3,0.0,1.3,3.8,5.1,19.0,,100.2,103.9
0,4,5,47,13.5,.518,.500,.000,.071,15,12.5,16.7,14.7,4.9,0.0,2.1,17.2,18.9,,0.0,0.1,0.1,.083,,-2.8,-1.2,-4.0
1,0,32,829,132,264,.500,126,232,.543,6,32,.188,69,103,.670,86,138,224,43,11,23,66,111,339
1,1,32,25.9,4.1,8.3,.500,3.9,7.3,.543,0.2,1.0,.188,2.2,3.2,.670,7.0,1.3,0.3,0.7,2.1,3.5,10.6
1,2,32,829,6.4,12.7,.500,6.1,11.2,.543,0.3,1.5,.188,3.3,5.0,.670,10.8,2.1,0.5,1.1,3.2,5.4,16.4
1,3,32,829,9.5,18.9,.500,9.0,16.6,.543,0.4,2.3,.188,4.9,7.4,.670,16.0,3.1,0.8,1.6,4.7,8.0,24.3,,105.3,100.7
1,4,32,829,17.7,.542,.511,.121,.390,342,12.2,18.6,15.5,12.1,0.8,2.8,17.4,23.3,,1.2,1.4,2.6,.124,,1.0,1.4,2.5
2,0,32,816,56,122,.459,52,104,.500,4,18,.222,69,106,.651,19,83,102,80,22,7,46,58,185
2,1,32,25.5,1.8,3.8,.459,1.6,3.3,.500,0.1,0.6,.222,2.2,3.3,.651,3.2,2.5,0.7,0.2,1.4,1.8,5.8
2,2,32,816,2.7,6.0,.459,2.5,5.1,.500,0.2,0.9,.222,3.4,5.2,.651,5.0,3.9,1.1,0.3,2.3,2.8,9.1
2,3,32,816,4.1,8.9,.459,3.8,7.6,.500,0.3,1.3,.222,5.0,7.7,.651,7.4,5.8,1.6,0.5,3.3,4.2,13.5,,105.6,103.4
2,4,32,816,11.4,.537,.475,.148,.869,208,2.7,11.4,7.2,18.9,1.6,0.9,21.1,13.6,,0.7,1.1,1.9,.092,,-0.4,1.4,1.0
3,0,23,134,10,30,.333,3,11,.273,7,19,.368,0,0,,1,7,8,6,2,0,5,13,27
3,1,23,5.8,0.4,1.3,.333,0.1,0.5,.273,0.3,0.8,.368,0.0,0.0,,0.3,0.3,0.1,0.0,0.2,0.6,1.2
3,2,23,134,3.0,9.0,.333,0.9,3.3,.273,2.1,5.7,.368,0.0,0.0,,2.4,1.8,0.6,0.0,1.5,3.9,8.1
3,3,23,134,4.4,13.3,.333,1.3,4.9,.273,3.1,8.4,.368,0.0,0.0,,3.5,2.7,0.9,0.0,2.2,5.8,12.0,,91.5,107.6
3,4,23,134,4.2,.450,.450,.633,.000,25,0.9,5.8,3.4,8.7,0.9,0.0,14.3,13.3,,0.0,0.1,0.1,.039,,-2.4,-1.8,-4.2
4,0,32,824,82,153,.536,81,142,.570,1,11,.091,38,71,.535,54,128,182,14,12,79,28,92,203
4,1,32,25.8,2.6,4.8,.536,2.5,4.4,.570,0.0,0.3,.091,1.2,2.2,.535,5.7,0.4,0.4,2.5,0.9,2.9,6.3
4,2,32,824,4.0,7.4,.536,3.9,6.9,.570,0.0,0.5,.091,1.8,3.4,.535,8.8,0.7,0.6,3.8,1.4,4.5,9.9
4,3,32,824,5.9,11.0,.536,5.8,10.2,.570,0.1,0.8,.091,2.7,5.1,.535,13.1,1.0,0.9,5.7,2.0,6.6,14.6,,109.4,97.5
4,4,32,824,15.5,.544,.539,.072,.464,198,7.7,17.4,12.7,3.5,0.9,9.7,13.0,13.3,,0.9,1.6,2.5,.121,,-1.3,5.7,4.4
5,0,32,1041,150,356,.421,103,221,.466,47,135,.348,110,149,.738,28,110,138,75,30,22,76,77,457
5,1,32,32.5,4.7,11.1,.421,3.2,6.9,.466,1.5,4.2,.348,3.4,4.7,.738,4.3,2.3,0.9,0.7,2.4,2.4,14.3
5,2,32,1041,5.8,13.7,.421,4.0,8.5,.466,1.8,5.2,.348,4.2,5.7,.738,5.3,2.9,1.2,0.8,2.9,3.0,17.6
5,3,32,1041,8.6,20.3,.421,5.9,12.6,.466,2.7,7.7,.348,6.3,8.5,.738,7.9,4.3,1.7,1.3,4.3,4.4,26.1,,105.4,102.3
5,4,32,1041,16.6,.535,.487,.379,.419,432,3.2,11.8,7.6,16.3,1.7,2.1,15.1,24.6,,1.5,1.6,3.1,.119,,2.2,0.9,3.1
6,0,21,439,35,78,.449,28,64,.438,7,14,.500,21,39,.538,12,37,49,52,15,2,43,55,98
6,1,21,20.9,1.7,3.7,.449,1.3,3.0,.438,0.3,0.7,.500,1.0,1.9,.538,2.3,2.5,0.7,0.1,2.0,2.6,4.7
6,2,21,439,3.2,7.1,.449,2.6,5.8,.438,0.6,1.3,.500,1.9,3.6,.538,4.5,4.7,1.4,0.2,3.9,5.0,8.9
6,3,21,439,4.7,10.6,.449,3.8,8.7,.438,0.9,1.9,.500,2.8,5.3,.538,6.6,7.0,2.0,0.3,5.8,7.4,13.3,,88.7,103.2
6,4,21,439,8.0,.508,.494,.179,.500,114,3.2,9.4,6.4,23.4,2.0,0.5,30.8,16.2,,-0.1,0.6,0.5,.045,,-2.4,0.7,-1.7
7,0,32,1139,184,458,.402,122,268,.455,62,190,.326,111,157,.707,20,108,128,78,36,13,88,63,541
7,1,32,35.6,5.8,14.3,.402,3.8,8.4,.455,1.9,5.9,.326,3.5,4.9,.707,4.0,2.4,1.1,0.4,2.8,2.0,16.9
7,2,32,1139,6.5,16.1,.402,4.3,9.4,.455,2.2,6.7,.326,3.9,5.5,.707,4.5,2.7,1.3,0.5,3.1,2.2,19.0
7,3,32,1139,9.6,23.9,.402,6.4,14.0,.455,3.2,9.9,.326,5.8,8.2,.707,6.7,4.1,1.9,0.7,4.6,3.3,28.2,,100.6,103.1
7,4,32,1139,15.6,.508,.469,.415,.343,499,2.1,10.6,6.5,16.1,1.9,1.1,14.2,27.7,,1.2,1.6,2.8,.099,,1.6,-0.1,1.4
8,0,7,6,0,2,.000,0,0,,0,2,.000,0,0,,0,1,1,0,0,0,0,1,0
8,1,7,0.9,0.0,0.3,.000,0.0,0.0,,0.0,0.3,.000,0.0,0.0,,0.1,0.0,0.0,0.0,0.0,0.1,0.0
8,2,7,6,0.0,13.3,.000,0.0,0.0,,0.0,13.3,.000,0.0,0.0,,6.7,0.0,0.0,0.0,0.0,6.7,0.0
8,3,7,6,0.0,19.8,.000,0.0,0.0,,0.0,19.8,.000,0.0,0.0,,9.9,0.0,0.0,0.0,0.0,9.9,0.0,,0.0,103.7
8,4,7,6,-14.3,.000,.000,1.000,.000,0,0.0,18.6,9.6,0.0,0.0,0.0,0.0,17.0,,0.0,0.0,0.0,-.170,,-13.5,-5.9,-19.4
9,0,31,382,33,64,.516,33,64,.516,0,0,,32,59,.542,47,53,100,2,7,16,26,86,98
9,1,31,12.3,1.1,2.1,.516,1.1,2.1,.516,0.0,0.0,,1.0,1.9,.542,3.2,0.1,0.2,0.5,0.8,2.8,3.2
9,2,31,382,3.5,6.7,.516,3.5,6.7,.516,0.0,0.0,,3.4,6.2,.542,10.5,0.2,0.7,1.7,2.7,9.0,10.3
9,3,31,382,5.1,10.0,.516,5.1,10.0,.516,0.0,0.0,,5.0,9.2,.542,15.5,0.3,1.1,2.5,4.0,13.4,15.2,,100.2,100.0
9,4,31,382,11.2,.532,.516,.000,.922,106,14.5,15.5,15.0,1.0,1.1,4.2,22.0,15.7,,0.2,0.7,0.9,.094,,-2.8,0.5,-2.3
10,0,5,4,0,1,.000,0,0,,0,1,.000,0,0,,1,1,2,0,0,0,1,2,0
10,1,5,0.8,0.0,0.2,.000,0.0,0.0,,0.0,0.2,.000,0.0,0.0,,0.4,0.0,0.0,0.0,0.2,0.4,0.0
10,2,5,4,0.0,10.0,.000,0.0,0.0,,0.0,10.0,.000,0.0,0.0,,20.0,0.0,0.0,0.0,10.0,20.0,0.0
10,3,5,4,0.0,14.8,.000,0.0,0.0,,0.0,14.8,.000,0.0,0.0,,29.7,0.0,0.0,0.0,14.8,29.7,0.0,,27.6,97.6
10,4,5,4,-19.5,.000,.000,1.000,.000,1,29.5,28.0,28.7,0.0,0.0,0.0,50.0,25.5,,0.0,0.0,0.0,-.267,,-18.4,-7.4,-25.8
11,0,9,135,6,22,.273,1,8,.125,5,14,.357,6,8,.750,1,13,14,6,2,0,15,14,23
11,1,9,15.0,0.7,2.4,.273,0.1,0.9,.125,0.6,1.6,.357,0.7,0.9,.750,1.6,0.7,0.2,0.0,1.7,1.6,2.6
11,2,9,135,1.8,6.5,.273,0.3,2.4,.125,1.5,4.1,.357,1.8,2.4,.750,4.1,1.8,0.6,0.0,4.4,4.1,6.8
11,3,9,135,2.6,9.7,.273,0.4,3.5,.125,2.2,6.2,.357,2.6,3.5,.750,6.2,2.6,0.9,0.0,6.6,6.2,10.1,,66.0,105.5
11,4,9,135,-0.2,.446,.386,.636,.364,23,0.9,10.8,6.0,8.2,0.9,0.0,36.8,15.4,,-0.3,0.2,-0.1,-.028,,-6.0,-0.4,-6.4
12,0,32,618,59,138,.428,46,100,.460,13,38,.342,49,82,.598,23,59,82,28,21,3,39,74,180
12,1,32,19.3,1.8,4.3,.428,1.4,3.1,.460,0.4,1.2,.342,1.5,2.6,.598,2.6,0.9,0.7,0.1,1.2,2.3,5.6
12,2,32,618,3.8,8.9,.428,3.0,6.5,.460,0.8,2.5,.342,3.2,5.3,.598,5.3,1.8,1.4,0.2,2.5,4.8,11.7
12,3,32,618,5.7,13.3,.428,4.4,9.6,.460,1.2,3.7,.342,4.7,7.9,.598,7.9,2.7,2.0,0.3,3.7,7.1,17.3,,97.4,102.7
12,4,32,618,10.0,.509,.475,.275,.594,175,4.4,10.7,7.6,9.2,2.0,0.5,18.1,17.8,,0.3,0.9,1.2,.076,,-1.2,0.6,-0.6
13,0,6,5,0,0,,0,0,,0,0,,2,2,1.000,0,0,0,0,0,0,0,0,2
13,1,6,0.8,0.0,0.0,,0.0,0.0,,0.0,0.0,,0.3,0.3,1.000,0.0,0.0,0.0,0.0,0.0,0.0,0.3
13,2,6,5,0.0,0.0,,0.0,0.0,,0.0,0.0,,16.0,16.0,1.000,0.0,0.0,0.0,0.0,0.0,0.0,16.0
13,3,6,5,0.0,0.0,,0.0,0.0,,0.0,0.0,,23.8,23.8,1.000,0.0,0.0,0.0,0.0,0.0,0.0,23.8,,250.0,112.6
13,4,6,5,21.9,1.053,,,,2,0.0,0.0,0.0,0.0,0.0,0.0,0.0,9.7,,0.0,0.0,0.0,.282,,6.2,-3.5,2.6
