0,0,16,54,2,7,.286,0,2,.000,2,5,.400,0,1,.000,1,4,5,5,1,0,5,10,6
0,1,16,3.4,0.1,0.4,.286,0.0,0.1,.000,0.1,0.3,.400,0.0,0.1,.000,0.3,0.3,0.1,0.0,0.3,0.6,0.4
0,2,16,54,1.5,5.2,.286,0.0,1.5,.000,1.5,3.7,.400,0.0,0.7,.000,3.7,3.7,0.7,0.0,3.7,7.4,4.4
0,3,16,54,2.2,7.8,.286,0.0,2.2,.000,2.2,5.5,.400,0.0,1.1,.000,5.5,5.5,1.1,0.0,5.5,11.1,6.6,,68.9,104.7
0,4,16,54,0.0,.401,.429,.714,.143,8,2.0,8.4,5.2,16.3,1.1,0.0,40.1,11.9,,-0.1,0.1,0.0,-.012,,-5.8,-1.0,-6.8
1,0,27,291,21,42,.500,21,42,.500,0,0,,3,9,.333,15,30,45,9,6,16,11,25,45
1,1,27,10.8,0.8,1.6,.500,0.8,1.6,.500,0.0,0.0,,0.1,0.3,.333,1.7,0.3,0.2,0.6,0.4,0.9,1.7
1,2,27,291,2.9,5.8,.500,2.9,5.8,.500,0.0,0.0,,0.4,1.2,.333,6.2,1.2,0.8,2.2,1.5,3.4,6.2
1,3,27,291,4.3,8.6,.500,4.3,8.6,.500,0.0,0.0,,0.6,1.9,.333,9.3,1.9,1.2,3.3,2.3,5.1,9.3,,95.9,100.7
1,4,27,291,10.0,.486,.500,.000,.214,49,5.7,11.7,8.6,5.8,1.2,6.1,19.2,10.1,,0.1,0.4,0.5,.068,,-3.7,4.0,0.3
2,0,31,383,31,101,.307,16,50,.320,15,51,.294,20,25,.800,19,60,79,11,2,8,17,41,97
2,1,31,12.4,1.0,3.3,.307,0.5,1.6,.320,0.5,1.6,.294,0.6,0.8,.800,2.5,0.4,0.1,0.3,0.5,1.3,3.1
2,2,31,383,3.2,10.5,.307,1.7,5.2,.320,1.6,5.3,.294,2.1,2.6,.800,8.3,1.1,0.2,0.8,1.8,4.3,10.1
2,3,31,383,4.8,15.8,.307,2.5,7.8,.320,2.3,8.0,.294,3.1,3.9,.800,12.3,1.7,0.3,1.2,2.7,6.4,15.2,,92.3,101.5
2,4,31,383,8.8,.430,.381,.505,.248,97,5.5,17.7,11.5,5.5,0.3,2.3,13.1,17.4,,0.1,0.5,0.6,.061,,-3.6,-0.8,-4.3
3,0,34,1160,213,487,.437,181,360,.503,32,127,.252,137,186,.737,92,175,267,91,54,39,115,98,595
3,1,34,34.1,6.3,14.3,.437,5.3,10.6,.503,0.9,3.7,.252,4.0,5.5,.737,7.9,2.7,1.6,1.1,3.4,2.9,17.5
3,2,34,1160,7.3,16.8,.437,6.2,12.4,.503,1.1,4.4,.252,4.7,6.4,.737,9.2,3.1,1.9,1.3,4.0,3.4,20.5
3,3,34,1160,11.0,25.1,.437,9.3,18.6,.503,1.7,6.5,.252,7.1,9.6,.737,13.8,4.7,2.8,2.0,5.9,5.1,30.7,,102.2,95.9
3,4,34,1160,23.1,.517,.470,.261,.382,594,8.8,17.1,12.9,18.5,2.8,3.7,16.7,30.6,,2.2,2.1,4.3,.148,,2.4,3.2,5.6
4,0,34,1182,125,303,.413,83,183,.454,42,120,.350,83,113,.735,12,98,110,128,53,8,80,81,375
4,1,34,34.8,3.7,8.9,.413,2.4,5.4,.454,1.2,3.5,.350,2.4,3.3,.735,3.2,3.8,1.6,0.2,2.4,2.4,11.0
4,2,34,1182,4.2,10.3,.413,2.8,6.2,.454,1.4,4.1,.350,2.8,3.8,.735,3.7,4.3,1.8,0.3,2.7,2.7,12.7
4,3,34,1182,6.3,15.3,.413,4.2,9.3,.454,2.1,6.1,.350,4.2,5.7,.735,5.6,6.5,2.7,0.4,4.0,4.1,19.0,,103.6,101.2
4,4,34,1182,14.6,.526,.482,.396,.373,388,1.1,9.4,5.2,21.6,2.7,0.8,18.3,19.0,,1.5,1.6,3.1,.106,,1.0,0.9,1.9
5,0,34,929,133,261,.510,79,143,.552,54,118,.458,29,54,.537,52,93,145,32,32,20,39,90,349
5,1,34,27.3,3.9,7.7,.510,2.3,4.2,.552,1.6,3.5,.458,0.9,1.6,.537,4.3,0.9,0.9,0.6,1.1,2.6,10.3
5,2,34,929,5.7,11.2,.510,3.4,6.2,.552,2.3,5.1,.458,1.2,2.3,.537,6.2,1.4,1.4,0.9,1.7,3.9,15.0
5,3,34,929,8.6,16.8,.510,5.1,9.2,.552,3.5,7.6,.458,1.9,3.5,.537,9.3,2.1,2.1,1.3,2.5,5.8,22.5,,118.1,100.7
5,4,34,929,18.6,.609,.613,.452,.207,312,6.2,11.3,8.7,7.4,2.1,2.4,12.0,18.0,,2.2,1.3,3.5,.150,,3.5,1.3,4.8
6,0,22,75,3,9,.333,3,7,.429,0,2,.000,0,3,.000,13,8,21,2,2,0,6,10,6
6,1,22,3.4,0.1,0.4,.333,0.1,0.3,.429,0.0,0.1,.000,0.0,0.1,.000,1.0,0.1,0.1,0.0,0.3,0.5,0.3
6,2,22,75,1.6,4.8,.333,1.6,3.7,.429,0.0,1.1,.000,0.0,1.6,.000,11.2,1.1,1.1,0.0,3.2,5.3,3.2
6,3,22,75,2.4,7.2,.333,2.4,5.6,.429,0.0,1.6,.000,0.0,2.4,.000,16.8,1.6,1.6,0.0,4.8,8.0,4.8,,74.8,102.2
6,4,22,75,4.9,.288,.333,.222,.333,13,19.2,12.1,15.7,4.7,1.6,0.0,36.5,11.3,,-0.1,0.1,0.0,.010,,-4.4,0.5,-3.9
7,0,34,743,82,173,.474,82,171,.480,0,2,.000,48,72,.667,69,108,177,24,13,23,37,106,212
7,1,34,21.9,2.4,5.1,.474,2.4,5.0,.480,0.0,0.1,.000,1.4,2.1,.667,5.2,0.7,0.4,0.7,1.1,3.1,6.2
7,2,34,743,4.4,9.3,.474,4.4,9.2,.480,0.0,0.1,.000,2.6,3.9,.667,9.5,1.3,0.7,1.2,2.0,5.7,11.4
7,3,34,743,6.6,13.9,.474,6.6,13.8,.480,0.0,0.2,.000,3.9,5.8,.667,14.3,1.9,1.0,1.9,3.0,8.5,17.1,,105.6,99.8
7,4,34,743,14.4,.512,.474,.012,.416,223,10.3,16.4,13.3,6.5,1.0,3.4,15.2,16.9,,1.0,1.1,2.1,.112,,-1.7,1.7,0.0
8,0,21,371,58,105,.552,53,99,.535,5,6,.833,21,30,.700,26,37,63,9,2,14,13,34,142
8,1,21,17.7,2.8,5.0,.552,2.5,4.7,.535,0.2,0.3,.833,1.0,1.4,.700,3.0,0.4,0.1,0.7,0.6,1.6,6.8
8,2,21,371,6.3,11.3,.552,5.7,10.7,.535,0.5,0.6,.833,2.3,3.2,.700,6.8,1.0,0.2,1.5,1.4,3.7,15.3
8,3,21,371,9.4,16.9,.552,8.5,16.0,.535,0.8,1.0,.833,3.4,4.8,.700,10.2,1.5,0.3,2.3,2.1,5.5,22.9,,120.0,103.7
8,4,21,371,18.8,.595,.576,.057,.286,129,7.7,11.3,9.5,5.4,0.3,4.2,9.8,18.3,,1.0,0.4,1.4,.146,,0.4,0.2,0.6
9,0,34,961,108,319,.339,33,88,.375,75,231,.325,24,29,.828,20,62,82,25,25,0,24,43,315
9,1,34,28.3,3.2,9.4,.339,1.0,2.6,.375,2.2,6.8,.325,0.7,0.9,.828,2.4,0.7,0.7,0.0,0.7,1.3,9.3
9,2,34,961,4.5,13.3,.339,1.4,3.7,.375,3.1,9.6,.325,1.0,1.2,.828,3.4,1.0,1.0,0.0,1.0,1.8,13.1
9,3,34,961,6.7,19.9,.339,2.1,5.5,.375,4.7,14.4,.325,1.5,1.8,.828,5.1,1.6,1.6,0.0,1.5,2.7,19.6,,102.1,105.1
9,4,34,961,11.1,.473,.456,.724,.091,277,2.3,7.3,4.8,5.3,1.6,0.0,6.7,19.1,,1.0,0.9,1.9,.080,,0.9,-1.7,-0.8
10,0,1,1,0,0,,0,0,,0,0,,0,0,,0,0,0,0,1,0,0,0,0
10,1,1,1.0,0.0,0.0,,0.0,0.0,,0.0,0.0,,0.0,0.0,,0.0,0.0,1.0,0.0,0.0,0.0,0.0
10,2,1,1,0.0,0.0,,0.0,0.0,,0.0,0.0,,0.0,0.0,,0.0,0.0,40.0,0.0,0.0,0.0,0.0
10,3,1,1,0.0,0.0,,0.0,0.0,,0.0,0.0,,0.0,0.0,,0.0,0.0,59.8,0.0,0.0,0.0,0.0,,,-18.7
10,4,1,1,62.6,,,,,0,0.0,0.0,0.0,0.0,59.8,0.0,,0.0,,0.0,0.0,0.0,.516,,15.5,55.1,70.6
11,0,5,11,1,3,.333,1,3,.333,0,0,,2,2,1.000,0,1,1,0,0,0,1,2,4
11,1,5,2.2,0.2,0.6,.333,0.2,0.6,.333,0.0,0.0,,0.4,0.4,1.000,0.2,0.0,0.0,0.0,0.2,0.4,0.8
11,2,5,11,3.6,10.9,.333,3.6,10.9,.333,0.0,0.0,,7.3,7.3,1.000,3.6,0.0,0.0,0.0,3.6,7.3,14.5
11,3,5,11,5.4,16.3,.333,5.4,16.3,.333,0.0,0.0,,10.9,10.9,1.000,5.4,0.0,0.0,0.0,5.4,10.9,21.8,,89.3,106.2
11,4,5,11,5.1,.506,.333,.000,.667,3,0.0,10.3,5.1,0.0,0.0,0.0,20.2,23.1,,0.0,0.0,0.0,.033,,-9.0,-5.5,-14.5
12,0,19,330,19,63,.302,8,24,.333,11,39,.282,34,48,.708,6,36,42,60,20,1,35,37,83
12,1,19,17.4,1.0,3.3,.302,0.4,1.3,.333,0.6,2.1,.282,1.8,2.5,.708,2.2,3.2,1.1,0.1,1.8,1.9,4.4
12,2,19,330,2.3,7.6,.302,1.0,2.9,.333,1.3,4.7,.282,4.1,5.8,.708,5.1,7.3,2.4,0.1,4.2,4.5,10.1
12,3,19,330,3.4,11.4,.302,1.5,4.4,.333,2.0,7.1,.282,6.2,8.7,.708,7.6,10.9,3.6,0.2,6.3,6.7,15.0,,94.5,97.6
12,4,19,330,13.1,.484,.389,.619,.762,107,2.0,12.3,7.1,33.1,3.6,0.3,29.0,18.8,,0.2,0.6,0.7,.087,,-0.7,0.6,-0.1
13,0,17,333,32,87,.368,25,66,.379,7,21,.333,16,23,.696,14,47,61,19,12,2,18,28,87
13,1,17,19.6,1.9,5.1,.368,1.5,3.9,.379,0.4,1.2,.333,0.9,1.4,.696,3.6,1.1,0.7,0.1,1.1,1.6,5.1
13,2,17,333,3.8,10.5,.368,3.0,7.9,.379,0.8,2.5,.333,1.9,2.8,.696,7.3,2.3,1.4,0.2,2.2,3.4,10.5
13,3,17,333,5.7,15.6,.368,4.5,11.9,.379,1.3,3.8,.333,2.9,4.1,.696,11.0,3.4,2.2,0.4,3.2,5.0,15.6,,92.8,99.2
13,4,17,333,11.2,.444,.408,.241,.264,90,4.6,16.0,10.2,11.2,2.2,0.7,15.5,17.9,,0.1,0.5,0.6,.072,,-2.8,1.1,-1.7
