0,0,20,645,82,203,.404,53,110,.482,29,93,.312,67,81,.827,22,67,89,52,23,0,42,40,260
0,1,20,32.3,4.1,10.2,.404,2.7,5.5,.482,1.5,4.7,.312,3.4,4.1,.827,4.5,2.6,1.2,0.0,2.1,2.0,13.0
0,2,20,645,5.1,12.6,.404,3.3,6.8,.482,1.8,5.8,.312,4.2,5.0,.827,5.5,3.2,1.4,0.0,2.6,2.5,16.1
0,3,20,645,7.5,18.5,.404,4.8,10.0,.482,2.6,8.5,.312,6.1,7.4,.827,8.1,4.7,2.1,0.0,3.8,3.7,23.7,,111.9,110.7
0,4,20,645,17.6,.538,.475,.458,.399,250,3.5,12.9,7.7,17.2,2.1,0.0,14.8,21.1,,1.5,0.2,1.7,.106,,3.7,-2.3,1.5
1,0,7,82,3,13,.231,3,13,.231,0,0,,0,2,.000,10,8,18,3,4,1,1,4,6
1,1,7,11.7,0.4,1.9,.231,0.4,1.9,.231,0.0,0.0,,0.0,0.3,.000,2.6,0.4,0.6,0.1,0.1,0.6,0.9
1,2,7,82,1.5,6.3,.231,1.5,6.3,.231,0.0,0.0,,0.0,1.0,.000,8.8,1.5,2.0,0.5,0.5,2.0,2.9
1,3,7,82,2.2,9.3,.231,2.2,9.3,.231,0.0,0.0,,0.0,1.4,.000,12.9,2.2,2.9,0.7,0.7,2.9,4.3,,83.0,108.6
1,4,7,82,8.6,.215,.231,.000,.154,11,12.4,12.1,12.3,6.5,2.9,1.3,6.7,8.7,,0.0,0.0,0.0,.012,,-2.6,0.9,-1.7
2,0,30,617,43,110,.391,37,87,.425,6,23,.261,24,37,.649,38,39,77,40,20,2,31,53,116
2,1,30,20.6,1.4,3.7,.391,1.2,2.9,.425,0.2,0.8,.261,0.8,1.2,.649,2.6,1.3,0.7,0.1,1.0,1.8,3.9
2,2,30,617,2.8,7.1,.391,2.4,5.6,.425,0.4,1.5,.261,1.6,2.4,.649,5.0,2.6,1.3,0.1,2.0,3.4,7.5
2,3,30,617,4.1,10.5,.391,3.5,8.3,.425,0.6,2.2,.261,2.3,3.5,.649,7.3,3.8,1.9,0.2,3.0,5.1,11.1,,97.6,112.6
2,4,30,617,9.2,.455,.418,.209,.336,131,6.3,7.8,7.0,12.3,1.9,0.4,19.5,12.3,,0.3,0.1,0.4,.028,,-0.7,-1.2,-1.8
3,0,16,80,6,11,.545,6,11,.545,0,0,,12,18,.667,7,5,12,5,2,1,9,18,24
3,1,16,5.0,0.4,0.7,.545,0.4,0.7,.545,0.0,0.0,,0.8,1.1,.667,0.8,0.3,0.1,0.1,0.6,1.1,1.5
3,2,16,80,3.0,5.5,.545,3.0,5.5,.545,0.0,0.0,,6.0,9.0,.667,6.0,2.5,1.0,0.5,4.5,9.0,12.0
3,3,16,80,4.4,8.1,.545,4.4,8.1,.545,0.0,0.0,,8.8,13.3,.667,8.8,3.7,1.5,0.7,6.6,13.3,17.7,,99.8,112.4
3,4,16,80,10.9,.614,.545,.000,1.636,26,8.9,7.7,8.4,12.0,1.5,1.4,31.5,17.1,,0.1,0.0,0.1,.048,,-1.1,-2.0,-3.0
4,0,31,883,121,292,.414,105,206,.510,16,86,.186,57,84,.679,108,144,252,32,26,34,72,105,315
4,1,31,28.5,3.9,9.4,.414,3.4,6.6,.510,0.5,2.8,.186,1.8,2.7,.679,8.1,1.0,0.8,1.1,2.3,3.4,10.2
4,2,31,883,5.5,13.2,.414,4.8,9.3,.510,0.7,3.9,.186,2.6,3.8,.679,11.4,1.4,1.2,1.5,3.3,4.8,14.3
4,3,31,883,8.1,19.5,.414,7.0,13.7,.510,1.1,5.7,.186,3.8,5.6,.679,16.8,2.1,1.7,2.3,4.8,7.0,21.0,,97.4,106.4
4,4,31,883,16.6,.475,.442,.295,.288,319,12.4,20.2,15.9,7.9,1.7,4.2,17.8,21.9,,0.8,0.7,1.5,.067,,0.2,0.1,0.3
5,0,5,5,0,0,,0,0,,0,0,,0,0,,0,3,3,1,0,0,0,5,0
5,1,5,1.0,0.0,0.0,,0.0,0.0,,0.0,0.0,,0.0,0.0,,0.6,0.2,0.0,0.0,0.0,1.0,0.0
5,2,5,5,0.0,0.0,,0.0,0.0,,0.0,0.0,,0.0,0.0,,24.0,8.0,0.0,0.0,0.0,40.0,0.0
5,3,5,5,0.0,0.0,,0.0,0.0,,0.0,0.0,,0.0,0.0,,35.3,11.8,0.0,0.0,0.0,58.9,0.0,,221.8,88.7
5,4,5,5,2.2,,,,,0,0.0,74.3,33.5,33.5,0.0,0.0,,0.0,,0.0,0.0,0.0,.161,,-5.7,2.4,-3.4
6,0,22,570,75,205,.366,47,113,.416,28,92,.304,65,91,.714,28,39,67,28,17,13,36,65,243
6,1,22,25.9,3.4,9.3,.366,2.1,5.1,.416,1.3,4.2,.304,3.0,4.1,.714,3.0,1.3,0.8,0.6,1.6,3.0,11.0
6,2,22,570,5.3,14.4,.366,3.3,7.9,.416,2.0,6.5,.304,4.6,6.4,.714,4.7,2.0,1.2,0.9,2.5,4.6,17.1
6,3,22,570,7.7,21.2,.366,4.9,11.7,.416,2.9,9.5,.304,6.7,9.4,.714,6.9,2.9,1.8,1.3,3.7,6.7,25.1,,104.8,111.5
6,4,22,570,15.1,.489,.434,.449,.444,227,5.0,8.5,6.6,10.6,1.8,2.5,12.7,23.9,,1.0,0.2,1.2,.081,,2.0,-2.4,-0.4
7,0,23,229,22,47,.468,14,31,.452,8,16,.500,10,17,.588,20,35,55,13,13,1,12,28,62
7,1,23,10.0,1.0,2.0,.468,0.6,1.3,.452,0.3,0.7,.500,0.4,0.7,.588,2.4,0.6,0.6,0.0,0.5,1.2,2.7
7,2,23,229,3.8,8.2,.468,2.4,5.4,.452,1.4,2.8,.500,1.7,3.0,.588,9.6,2.3,2.3,0.2,2.1,4.9,10.8
7,3,23,229,5.7,12.1,.468,3.6,8.0,.452,2.1,4.1,.500,2.6,4.4,.588,14.1,3.3,3.3,0.3,3.1,7.2,15.9,,113.3,105.2
7,4,23,229,16.8,.563,.553,.340,.362,64,8.9,18.9,13.4,11.4,3.3,0.5,17.9,14.1,,0.4,0.2,0.6,.105,,1.8,-0.1,1.8
8,0,10,235,38,103,.369,25,55,.455,13,48,.271,4,9,.444,13,13,26,7,13,0,12,19,93
8,1,10,23.5,3.8,10.3,.369,2.5,5.5,.455,1.3,4.8,.271,0.4,0.9,.444,2.6,0.7,1.3,0.0,1.2,1.9,9.3
8,2,10,235,6.5,17.5,.369,4.3,9.4,.455,2.2,8.2,.271,0.7,1.5,.444,4.4,1.2,2.2,0.0,2.0,3.2,15.8
8,3,10,235,9.5,25.8,.369,6.3,13.8,.455,3.3,12.0,.271,1.0,2.3,.444,6.5,1.8,3.3,0.0,3.0,4.8,23.3,,95.1,110.2
8,4,10,235,12.8,.433,.432,.466,.087,83,5.6,6.9,6.2,6.9,3.3,0.0,10.1,24.3,,0.2,0.1,0.2,.042,,0.7,-3.4,-2.7
9,0,30,409,42,87,.483,42,78,.538,0,9,.000,8,19,.421,23,41,64,14,14,3,26,23,92
9,1,30,13.6,1.4,2.9,.483,1.4,2.6,.538,0.0,0.3,.000,0.3,0.6,.421,2.1,0.5,0.5,0.1,0.9,0.8,3.1
9,2,30,409,4.1,8.5,.483,4.1,7.6,.538,0.0,0.9,.000,0.8,1.9,.421,6.3,1.4,1.4,0.3,2.5,2.2,9.0
9,3,30,409,6.0,12.5,.483,6.0,11.2,.538,0.0,1.3,.000,1.2,2.7,.421,9.2,2.0,2.0,0.4,3.7,3.3,13.2,,89.9,110.7
9,4,30,409,10.0,.479,.483,.103,.218,90,5.7,12.4,8.7,6.9,2.0,0.8,21.3,14.3,,0.0,0.1,0.2,.017,,-2.5,-1.2,-3.8
10,0,31,940,154,365,.422,131,283,.463,23,82,.280,60,92,.652,81,131,212,12,23,57,47,69,391
10,1,31,30.3,5.0,11.8,.422,4.2,9.1,.463,0.7,2.6,.280,1.9,3.0,.652,6.8,0.4,0.7,1.8,1.5,2.2,12.6
10,2,31,940,6.6,15.5,.422,5.6,12.0,.463,1.0,3.5,.280,2.6,3.9,.652,9.0,0.5,1.0,2.4,2.0,2.9,16.6
10,3,31,940,9.6,22.9,.422,8.2,17.7,.463,1.4,5.1,.280,3.8,5.8,.652,13.3,0.8,1.4,3.6,2.9,4.3,24.5,,103.6,107.1
10,4,31,940,18.8,.478,.453,.225,.252,357,8.8,17.3,12.6,3.0,1.4,6.6,10.3,23.3,,1.5,0.7,2.1,.090,,-0.5,-0.6,-1.0
11,0,31,942,85,240,.354,56,143,.392,29,97,.299,71,95,.747,27,70,97,110,25,0,98,46,270
11,1,31,30.4,2.7,7.7,.354,1.8,4.6,.392,0.9,3.1,.299,2.3,3.1,.747,3.1,3.5,0.8,0.0,3.2,1.5,8.7
11,2,31,942,3.6,10.2,.354,2.4,6.1,.392,1.2,4.1,.299,3.0,4.0,.747,4.1,4.7,1.1,0.0,4.2,2.0,11.5
11,3,31,942,5.3,15.0,.354,3.5,8.9,.392,1.8,6.1,.299,4.4,5.9,.747,6.1,6.9,1.6,0.0,6.1,2.9,16.9,,90.8,113.3
11,4,31,942,10.0,.473,.415,.404,.396,292,2.9,9.2,5.8,23.1,1.6,0.0,25.6,19.5,,0.2,0.1,0.3,.011,,-0.6,-2.8,-3.4
12,0,31,288,23,49,.469,23,49,.469,0,0,,20,43,.465,25,28,53,8,6,5,21,59,66
12,1,31,9.3,0.7,1.6,.469,0.7,1.6,.469,0.0,0.0,,0.6,1.4,.465,1.7,0.3,0.2,0.2,0.7,1.9,2.1
12,2,31,288,3.2,6.8,.469,3.2,6.8,.469,0.0,0.0,,2.8,6.0,.465,7.4,1.1,0.8,0.7,2.9,8.2,9.2
12,3,31,288,4.7,10.0,.469,4.7,10.0,.469,0.0,0.0,,4.1,8.8,.465,10.8,1.6,1.2,1.0,4.3,12.1,13.5,,89.3,111.2
12,4,31,288,7.5,.475,.469,.000,.878,69,8.8,12.0,10.3,5.4,1.2,1.9,23.2,15.1,,0.0,0.1,0.1,.013,,-3.2,-1.6,-4.8
13,0,11,47,3,10,.300,2,8,.250,1,2,.500,1,2,.500,3,6,9,0,1,2,0,5,8
13,1,11,4.3,0.3,0.9,.300,0.2,0.7,.250,0.1,0.2,.500,0.1,0.2,.500,0.8,0.0,0.1,0.2,0.0,0.5,0.7
13,2,11,47,2.6,8.5,.300,1.7,6.8,.250,0.9,1.7,.500,0.9,1.7,.500,7.7,0.0,0.9,1.7,0.0,4.3,6.8
13,3,11,47,3.8,12.5,.300,2.5,10.0,.250,1.3,2.5,.500,1.3,2.5,.500,11.3,0.0,1.3,2.5,0.0,6.3,10.0,,100.4,108.9
13,4,11,47,8.9,.365,.350,.200,.200,8,6.5,15.8,10.7,0.0,1.3,4.7,0.0,11.2,,0.0,0.0,0.1,.043,,-4.7,-2.7,-7.3
14,0,11,377,60,153,.392,48,108,.444,12,45,.267,48,58,.828,25,31,56,23,13,2,34,18,180
14,1,11,34.3,5.5,13.9,.392,4.4,9.8,.444,1.1,4.1,.267,4.4,5.3,.828,5.1,2.1,1.2,0.2,3.1,1.6,16.4
14,2,11,377,6.4,16.2,.392,5.1,11.5,.444,1.3,4.8,.267,5.1,6.2,.828,5.9,2.4,1.4,0.2,3.6,1.9,19.1
14,3,11,377,9.4,23.9,.392,7.5,16.9,.444,1.9,7.0,.267,7.5,9.1,.828,8.7,3.6,2.0,0.3,5.3,2.8,28.1,,102.3,111.6
14,4,11,377,17.9,.498,.431,.294,.379,171,6.7,10.2,8.3,14.0,2.0,0.6,15.8,27.3,,0.6,0.1,0.7,.079,,2.1,-2.8,-0.7
