0,0,37,1339,211,494,.427,140,320,.438,71,174,.408,120,160,.750,15,87,102,122,53,4,72,56,613
0,1,37,36.2,5.7,13.4,.427,3.8,8.6,.438,1.9,4.7,.408,3.2,4.3,.750,2.8,3.3,1.4,0.1,1.9,1.5,16.6
0,2,37,1339,6.3,14.8,.427,4.2,9.6,.438,2.1,5.2,.408,3.6,4.8,.750,3.0,3.6,1.6,0.1,2.2,1.7,18.3
0,3,37,1339,10.0,23.4,.427,6.6,15.1,.438,3.4,8.2,.408,5.7,7.6,.750,4.8,5.8,2.5,0.2,3.4,2.6,29.0,,109.6,100.0
0,4,37,1339,19.9,.538,.499,.352,.324,580,1.4,7.3,4.5,19.8,2.5,0.3,11.2,26.5,,3.3,1.9,5.2,.156,,3.9,0.2,4.0
1,0,2,3,0,0,,0,0,,0,0,,0,0,,0,0,0,0,0,0,0,0,0
1,1,2,1.5,0.0,0.0,,0.0,0.0,,0.0,0.0,,0.0,0.0,,0.0,0.0,0.0,0.0,0.0,0.0,0.0
1,2,2,3,0.0,0.0,,0.0,0.0,,0.0,0.0,,0.0,0.0,,0.0,0.0,0.0,0.0,0.0,0.0,0.0
1,3,2,3,0.0,0.0,,0.0,0.0,,0.0,0.0,,0.0,0.0,,0.0,0.0,0.0,0.0,0.0,0.0,0.0,,,109.8
1,4,2,3,0.0,,,,,0,0.0,0.0,0.0,0.0,0.0,0.0,,0.0,,0.0,0.0,0.0,.020,,-3.4,1.7,-1.7
2,0,1,1,0,0,,0,0,,0,0,,0,0,,0,0,0,0,0,0,0,0,0
2,1,1,1.0,0.0,0.0,,0.0,0.0,,0.0,0.0,,0.0,0.0,,0.0,0.0,0.0,0.0,0.0,0.0,0.0
2,2,1,1,0.0,0.0,,0.0,0.0,,0.0,0.0,,0.0,0.0,,0.0,0.0,0.0,0.0,0.0,0.0,0.0
2,3,1,1,0.0,0.0,,0.0,0.0,,0.0,0.0,,0.0,0.0,,0.0,0.0,0.0,0.0,0.0,0.0,0.0,,,109.8
2,4,1,1,0.0,,,,,0,0.0,0.0,0.0,0.0,0.0,0.0,,0.0,,0.0,0.0,0.0,.020,,-3.4,1.7,-1.7
3,0,37,826,96,225,.427,45,100,.450,51,125,.408,40,58,.690,9,57,66,42,15,5,31,60,283
3,1,37,22.3,2.6,6.1,.427,1.2,2.7,.450,1.4,3.4,.408,1.1,1.6,.690,1.8,1.1,0.4,0.1,0.8,1.6,7.6
3,2,37,826,4.6,10.9,.427,2.2,4.8,.450,2.5,6.1,.408,1.9,2.8,.690,3.2,2.0,0.7,0.2,1.5,2.9,13.7
3,3,37,826,7.4,17.3,.427,3.5,7.7,.450,3.9,9.6,.408,3.1,4.4,.690,5.1,3.2,1.2,0.4,2.4,4.6,21.7,,109.9,102.4
3,4,37,826,13.7,.560,.540,.556,.258,250,1.3,7.8,4.7,10.1,1.2,0.6,10.9,19.0,,1.4,1.0,2.4,.118,,2.5,-0.6,1.9
4,0,31,219,19,51,.373,14,25,.560,5,26,.192,12,17,.706,9,26,35,7,8,3,12,17,55
4,1,31,7.1,0.6,1.6,.373,0.5,0.8,.560,0.2,0.8,.192,0.4,0.5,.706,1.1,0.2,0.3,0.1,0.4,0.5,1.8
4,2,31,219,3.5,9.3,.373,2.6,4.6,.560,0.9,4.7,.192,2.2,3.1,.706,6.4,1.3,1.5,0.5,2.2,3.1,10.0
4,3,31,219,5.5,14.7,.373,4.0,7.2,.560,1.4,7.5,.192,3.5,4.9,.706,10.1,2.0,2.3,0.9,3.5,4.9,15.9,,91.5,96.5
4,4,31,219,10.7,.466,.422,.510,.333,55,5.1,13.4,9.4,6.0,2.3,1.4,16.9,17.9,,0.0,0.4,0.4,.078,,-1.7,1.1,-0.5
5,0,5,12,0,1,.000,0,0,,0,1,.000,0,0,,0,1,1,0,0,0,1,3,0
5,1,5,2.4,0.0,0.2,.000,0.0,0.0,,0.0,0.2,.000,0.0,0.0,,0.2,0.0,0.0,0.0,0.2,0.6,0.0
5,2,5,12,0.0,3.3,.000,0.0,0.0,,0.0,3.3,.000,0.0,0.0,,3.3,0.0,0.0,0.0,3.3,10.0,0.0
5,3,5,12,0.0,5.3,.000,0.0,0.0,,0.0,5.3,.000,0.0,0.0,,5.3,0.0,0.0,0.0,5.3,15.8,0.0,,0.0,103.4
5,4,5,12,-12.3,.000,.000,1.000,.000,0,0.0,9.4,4.9,0.0,0.0,0.0,50.0,9.2,,0.0,0.0,0.0,-.112,,-10.5,-0.5,-11.0
6,0,37,472,22,56,.393,22,52,.423,0,4,.000,28,56,.500,53,99,152,12,5,59,13,50,72
6,1,37,12.8,0.6,1.5,.393,0.6,1.4,.423,0.0,0.1,.000,0.8,1.5,.500,4.1,0.3,0.1,1.6,0.4,1.4,1.9
6,2,37,472,1.9,4.7,.393,1.9,4.4,.423,0.0,0.3,.000,2.4,4.7,.500,12.9,1.0,0.4,5.0,1.1,4.2,6.1
6,3,37,472,3.0,7.5,.393,3.0,7.0,.423,0.0,0.5,.000,3.8,7.5,.500,20.4,1.6,0.7,7.9,1.7,6.7,9.7,,108.9,88.9
6,4,37,472,17.1,.436,.393,.071,1.000,102,13.9,23.7,19.0,4.4,0.7,12.9,13.6,11.2,,0.6,1.2,1.7,.148,,-2.0,8.3,6.2
7,0,37,923,138,308,.448,104,225,.462,34,83,.410,42,70,.600,35,107,142,103,22,4,64,81,352
7,1,37,24.9,3.7,8.3,.448,2.8,6.1,.462,0.9,2.2,.410,1.1,1.9,.600,3.8,2.8,0.6,0.1,1.7,2.2,9.5
7,2,37,923,6.0,13.3,.448,4.5,9.8,.462,1.5,3.6,.410,1.8,3.0,.600,6.2,4.5,1.0,0.2,2.8,3.5,15.3
7,3,37,923,9.5,21.1,.448,7.1,15.4,.462,2.3,5.7,.410,2.9,4.8,.600,9.7,7.1,1.5,0.3,4.4,5.6,24.2,,103.3,98.9
7,4,37,923,16.8,.516,.503,.269,.227,364,4.7,13.1,9.1,23.8,1.5,0.4,15.8,24.2,,1.5,1.4,2.9,.127,,1.8,0.8,2.7
8,0,37,1178,245,459,.534,168,287,.585,77,172,.448,94,118,.797,62,194,256,43,23,46,56,82,661
8,1,37,31.8,6.6,12.4,.534,4.5,7.8,.585,2.1,4.6,.448,2.5,3.2,.797,6.9,1.2,0.6,1.2,1.5,2.2,17.9
8,2,37,1178,8.3,15.6,.534,5.7,9.7,.585,2.6,5.8,.448,3.2,4.0,.797,8.7,1.5,0.8,1.6,1.9,2.8,22.4
8,3,37,1178,13.2,24.7,.534,9.0,15.4,.585,4.1,9.2,.448,5.1,6.3,.797,13.8,2.3,1.2,2.5,3.0,4.4,35.5,,123.6,94.9
8,4,37,1178,29.0,.642,.618,.375,.257,561,6.5,18.6,12.8,8.9,1.2,4.0,9.8,26.8,,4.8,2.3,7.1,.240,,7.4,1.5,8.9
9,0,16,46,5,10,.500,4,5,.800,1,5,.200,0,0,,3,5,8,6,0,0,2,4,11
9,1,16,2.9,0.3,0.6,.500,0.3,0.3,.800,0.1,0.3,.200,0.0,0.0,,0.5,0.4,0.0,0.0,0.1,0.3,0.7
9,2,16,46,4.3,8.7,.500,3.5,4.3,.800,0.9,4.3,.200,0.0,0.0,,7.0,5.2,0.0,0.0,1.7,3.5,9.6
9,3,16,46,6.9,13.8,.500,5.5,6.9,.800,1.4,6.9,.200,0.0,0.0,,11.0,8.3,0.0,0.0,2.8,5.5,15.1,,119.3,102.8
9,4,16,46,14.8,.550,.550,.500,.000,14,8.1,12.3,10.3,25.6,0.0,0.0,16.7,14.4,,0.1,0.1,0.2,.141,,2.7,-1.2,1.5
10,0,37,612,61,134,.455,47,88,.534,14,46,.304,25,48,.521,15,38,53,58,19,3,33,56,161
10,1,37,16.5,1.6,3.6,.455,1.3,2.4,.534,0.4,1.2,.304,0.7,1.3,.521,1.4,1.6,0.5,0.1,0.9,1.5,4.4
10,2,37,612,4.0,8.8,.455,3.1,5.8,.534,0.9,3.0,.304,1.6,3.1,.521,3.5,3.8,1.2,0.2,2.2,3.7,10.5
10,3,37,612,6.3,13.9,.455,4.9,9.1,.534,1.4,4.8,.304,2.6,5.0,.521,5.5,6.0,2.0,0.3,3.4,5.8,16.7,,102.4,101.0
10,4,37,612,12.0,.513,.507,.343,.358,172,3.0,7.0,5.1,18.3,2.0,0.5,17.4,17.1,,0.7,0.8,1.5,.098,,0.5,0.5,0.9
11,0,36,647,59,128,.461,39,76,.513,20,52,.385,28,42,.667,41,87,128,32,26,8,31,70,166
11,1,36,18.0,1.6,3.6,.461,1.1,2.1,.513,0.6,1.4,.385,0.8,1.2,.667,3.6,0.9,0.7,0.2,0.9,1.9,4.6
11,2,36,647,3.6,7.9,.461,2.4,4.7,.513,1.2,3.2,.385,1.7,2.6,.667,7.9,2.0,1.6,0.5,1.9,4.3,10.3
11,3,36,647,5.8,12.5,.461,3.8,7.4,.513,2.0,5.1,.385,2.7,4.1,.667,12.5,3.1,2.5,0.8,3.0,6.9,16.2,,110.1,95.0
11,4,36,647,15.0,.561,.539,.406,.328,175,7.8,15.2,11.7,9.4,2.5,1.3,17.3,15.3,,1.0,1.2,2.3,.139,,2.0,2.8,4.8
12,0,18,83,7,21,.333,3,5,.600,4,16,.250,2,4,.500,0,9,9,4,2,0,3,4,20
12,1,18,4.6,0.4,1.2,.333,0.2,0.3,.600,0.2,0.9,.250,0.1,0.2,.500,0.5,0.2,0.1,0.0,0.2,0.2,1.1
12,2,18,83,3.4,10.1,.333,1.4,2.4,.600,1.9,7.7,.250,1.0,1.9,.500,4.3,1.9,1.0,0.0,1.4,1.9,9.6
12,3,18,83,5.3,16.0,.333,2.3,3.8,.600,3.1,12.2,.250,1.5,3.1,.500,6.9,3.1,1.5,0.0,2.3,3.1,15.3,,88.7,99.7
12,4,18,83,8.1,.437,.429,.762,.190,18,0.0,12.2,6.4,9.0,1.5,0.0,11.6,17.2,,0.0,0.1,0.1,.056,,-1.4,-0.8,-2.3
13,0,10,24,1,6,.167,1,1,1.000,0,5,.000,4,4,1.000,1,5,6,1,2,0,2,2,6
13,1,10,2.4,0.1,0.6,.167,0.1,0.1,1.000,0.0,0.5,.000,0.4,0.4,1.000,0.6,0.1,0.2,0.0,0.2,0.2,0.6
13,2,10,24,1.7,10.0,.167,1.7,1.7,1.000,0.0,8.3,.000,6.7,6.7,1.000,10.0,1.7,3.3,0.0,3.3,3.3,10.0
13,3,10,24,2.6,15.8,.167,2.6,2.6,1.000,0.0,13.2,.000,10.6,10.6,1.000,15.8,2.6,5.3,0.0,5.3,5.3,15.8,,79.2,85.4
13,4,10,24,11.3,.380,.167,.833,.667,7,5.2,23.5,14.8,7.2,5.3,0.0,20.2,22.8,,0.0,0.1,0.0,.070,,-3.0,2.4,-0.6
14,0,34,944,45,89,.506,38,70,.543,7,19,.368,35,51,.686,45,97,142,115,42,22,44,79,132
14,1,34,27.8,1.3,2.6,.506,1.1,2.1,.543,0.2,0.6,.368,1.0,1.5,.686,4.2,3.4,1.2,0.6,1.3,2.3,3.9
14,2,34,944,1.9,3.8,.506,1.6,3.0,.543,0.3,0.8,.368,1.5,2.2,.686,6.0,4.9,1.8,0.9,1.9,3.3,5.6
14,3,34,944,3.0,6.0,.506,2.5,4.7,.543,0.5,1.3,.368,2.3,3.4,.686,9.5,7.7,2.8,1.5,3.0,5.3,8.9,,119.1,95.8
14,4,34,944,14.4,.583,.545,.213,.573,202,5.9,11.6,8.9,21.3,2.8,2.4,28.0,9.2,,1.6,1.7,3.3,.139,,2.1,4.9,7.0
15,0,27,121,13,25,.520,10,18,.556,3,7,.429,16,21,.762,16,12,28,3,3,1,9,22,45
15,1,27,4.5,0.5,0.9,.520,0.4,0.7,.556,0.1,0.3,.429,0.6,0.8,.762,1.0,0.1,0.1,0.0,0.3,0.8,1.7
15,2,27,121,4.3,8.3,.520,3.3,6.0,.556,1.0,2.3,.429,5.3,6.9,.762,9.3,1.0,1.0,0.3,3.0,7.3,14.9
15,3,27,121,6.8,13.1,.520,5.2,9.4,.556,1.6,3.7,.429,8.4,11.0,.762,14.7,1.6,1.6,0.5,4.7,11.5,23.6,,120.0,99.0
15,4,27,121,18.6,.643,.580,.280,.840,48,16.4,11.2,13.7,4.8,1.6,0.9,20.5,20.1,,0.4,0.2,0.6,.186,,3.3,-0.6,2.6
