0,0,6,10,2,2,1.000,2,2,1.000,0,0,,0,0,,1,0,1,0,0,0,0,1,4
0,1,6,1.7,0.3,0.3,1.000,0.3,0.3,1.000,0.0,0.0,,0.0,0.0,,0.2,0.0,0.0,0.0,0.0,0.2,0.7
0,2,6,10,8.0,8.0,1.000,8.0,8.0,1.000,0.0,0.0,,0.0,0.0,,4.0,0.0,0.0,0.0,0.0,4.0,16.0
0,3,6,10,11.6,11.6,1.000,11.6,11.6,1.000,0.0,0.0,,0.0,0.0,,5.8,0.0,0.0,0.0,0.0,5.8,23.3,,204.6,119.6
0,4,6,10,22.8,1.000,1.000,.000,.000,3,12.4,0.0,5.8,0.0,0.0,0.0,0.0,10.2,,0.0,0.0,0.0,.154,,6.6,-7.3,-0.8
1,0,20,282,33,62,.532,33,62,.532,0,0,,9,26,.346,22,35,57,2,5,16,15,49,75
1,1,20,14.1,1.7,3.1,.532,1.7,3.1,.532,0.0,0.0,,0.5,1.3,.346,2.9,0.1,0.3,0.8,0.8,2.5,3.8
1,2,20,282,4.7,8.8,.532,4.7,8.8,.532,0.0,0.0,,1.3,3.7,.346,8.1,0.3,0.7,2.3,2.1,7.0,10.6
1,3,20,282,6.8,12.8,.532,6.8,12.8,.532,0.0,0.0,,1.9,5.4,.346,11.8,0.4,1.0,3.3,3.1,10.1,15.5,,94.6,107.3
1,4,20,282,11.1,.504,.532,.000,.419,72,9.6,13.5,11.7,1.5,1.0,6.3,16.8,16.2,,0.1,0.2,0.3,.045,,-4.2,-0.8,-5.0
2,0,30,718,111,236,.470,86,161,.534,25,75,.333,75,97,.773,25,79,104,58,19,10,77,66,322
2,1,30,23.9,3.7,7.9,.470,2.9,5.4,.534,0.8,2.5,.333,2.5,3.2,.773,3.5,1.9,0.6,0.3,2.6,2.2,10.7
2,2,30,718,6.2,13.1,.470,4.8,9.0,.534,1.4,4.2,.333,4.2,5.4,.773,5.8,3.2,1.1,0.6,4.3,3.7,17.9
2,3,30,718,9.0,19.1,.470,7.0,13.0,.534,2.0,6.1,.333,6.1,7.9,.773,8.4,4.7,1.5,0.8,6.2,5.3,26.1,,100.8,109.5
2,4,30,718,16.4,.571,.523,.318,.411,310,4.3,12.0,8.4,18.3,1.5,1.5,21.4,25.6,,1.0,0.3,1.4,.077,,0.2,-2.5,-2.4
3,0,30,846,123,268,.459,62,114,.544,61,154,.396,95,126,.754,10,68,78,29,28,8,34,47,402
3,1,30,28.2,4.1,8.9,.459,2.1,3.8,.544,2.0,5.1,.396,3.2,4.2,.754,2.6,1.0,0.9,0.3,1.1,1.6,13.4
3,2,30,846,5.8,12.7,.459,2.9,5.4,.544,2.9,7.3,.396,4.5,6.0,.754,3.7,1.4,1.3,0.4,1.6,2.2,19.0
3,3,30,846,8.5,18.4,.459,4.3,7.8,.544,4.2,10.6,.396,6.5,8.7,.754,5.4,2.0,1.9,0.5,2.3,3.2,27.6,,119.9,110.7
3,4,30,846,19.7,.613,.573,.575,.470,341,1.5,8.7,5.3,7.6,1.9,1.0,9.4,21.9,,2.5,0.3,2.8,.133,,4.1,-3.6,0.5
4,0,1,7,0,0,,0,0,,0,0,,1,3,.333,0,1,1,0,0,0,0,1,1
4,1,1,7.0,0.0,0.0,,0.0,0.0,,0.0,0.0,,1.0,3.0,.333,1.0,0.0,0.0,0.0,0.0,1.0,1.0
4,2,1,7,0.0,0.0,,0.0,0.0,,0.0,0.0,,5.7,17.1,.333,5.7,0.0,0.0,0.0,0.0,5.7,5.7
4,3,1,7,0.0,0.0,,0.0,0.0,,0.0,0.0,,8.3,24.9,.333,8.3,0.0,0.0,0.0,0.0,8.3,8.3,,80.4,111.6
4,4,1,7,1.7,.351,,,,1,0.0,15.5,8.3,0.0,0.0,0.0,0.0,10.4,,0.0,0.0,0.0,-.005,,-7.7,-6.0,-13.7
5,0,30,617,42,124,.339,34,86,.395,8,38,.211,35,44,.795,10,46,56,87,28,3,80,50,127
5,1,30,20.6,1.4,4.1,.339,1.1,2.9,.395,0.3,1.3,.211,1.2,1.5,.795,1.9,2.9,0.9,0.1,2.7,1.7,4.2
5,2,30,617,2.7,8.0,.339,2.2,5.6,.395,0.5,2.5,.211,2.3,2.9,.795,3.6,5.6,1.8,0.2,5.2,3.2,8.2
5,3,30,617,4.0,11.7,.339,3.2,8.1,.395,0.8,3.6,.211,3.3,4.1,.795,5.3,8.2,2.6,0.3,7.5,4.7,12.0,,77.9,109.4
5,4,30,617,6.4,.438,.371,.306,.355,166,2.0,8.1,5.2,26.7,2.6,0.5,35.6,18.7,,-0.7,0.3,-0.4,-.025,,-5.3,-2.3,-7.6
6,0,29,763,100,223,.448,57,114,.500,43,109,.394,50,58,.862,28,73,101,47,18,23,57,63,293
6,1,29,26.3,3.4,7.7,.448,2.0,3.9,.500,1.5,3.8,.394,1.7,2.0,.862,3.5,1.6,0.6,0.8,2.0,2.2,10.1
6,2,29,763,5.2,11.7,.448,3.0,6.0,.500,2.3,5.7,.394,2.6,3.0,.862,5.3,2.5,0.9,1.2,3.0,3.3,15.4
6,3,29,763,7.6,17.0,.448,4.3,8.7,.500,3.3,8.3,.394,3.8,4.4,.862,7.7,3.6,1.4,1.8,4.3,4.8,22.3,,106.3,109.9
6,4,29,763,15.9,.585,.545,.489,.260,277,4.5,10.4,7.7,13.3,1.4,3.3,18.5,20.7,,1.3,0.3,1.6,.085,,1.4,-1.4,0.0
7,0,24,198,23,44,.523,23,44,.523,0,0,,4,14,.286,13,24,37,7,5,11,11,36,50
7,1,24,8.3,1.0,1.8,.523,1.0,1.8,.523,0.0,0.0,,0.2,0.6,.286,1.5,0.3,0.2,0.5,0.5,1.5,2.1
7,2,24,198,4.6,8.9,.523,4.6,8.9,.523,0.0,0.0,,0.8,2.8,.286,7.5,1.4,1.0,2.2,2.2,7.3,10.1
7,3,24,198,6.8,12.9,.523,6.8,12.9,.523,0.0,0.0,,1.2,4.1,.286,10.9,2.1,1.5,3.2,3.2,10.6,14.7,,94.1,106.5
7,4,24,198,11.1,.494,.523,.000,.318,51,8.1,13.2,10.8,7.4,1.5,6.1,17.8,16.0,,0.1,0.2,0.2,.046,,-3.6,0.8,-2.9
8,0,7,17,1,7,.143,0,1,.000,1,6,.167,0,0,,0,0,0,1,0,1,0,0,3
8,1,7,2.4,0.1,1.0,.143,0.0,0.1,.000,0.1,0.9,.167,0.0,0.0,,0.0,0.1,0.0,0.1,0.0,0.0,0.4
8,2,7,17,2.4,16.5,.143,0.0,2.4,.000,2.4,14.1,.167,0.0,0.0,,0.0,2.4,0.0,2.4,0.0,0.0,7.1
8,3,7,17,3.4,23.9,.143,0.0,3.4,.000,3.4,20.5,.167,0.0,0.0,,0.0,3.4,0.0,3.4,0.0,0.0,10.3,,59.9,117.3
8,4,7,17,-0.5,.214,.214,.857,.000,3,0.0,0.0,0.0,11.0,0.0,6.5,0.0,21.1,,0.0,0.0,0.0,-.115,,-8.0,-6.8,-14.8
9,0,13,85,4,17,.235,2,8,.250,2,9,.222,3,7,.429,2,5,7,1,3,0,3,5,13
9,1,13,6.5,0.3,1.3,.235,0.2,0.6,.250,0.2,0.7,.222,0.2,0.5,.429,0.5,0.1,0.2,0.0,0.2,0.4,1.0
9,2,13,85,1.9,8.0,.235,0.9,3.8,.250,0.9,4.2,.222,1.4,3.3,.429,3.3,0.5,1.4,0.0,1.4,2.4,6.1
9,3,13,85,2.7,11.6,.235,1.4,5.5,.250,1.4,6.2,.222,2.1,4.8,.429,4.8,0.7,2.1,0.0,2.1,3.4,8.9,,68.5,112.0
9,4,13,85,2.2,.320,.294,.529,.412,13,2.9,6.4,4.8,2.1,2.1,0.0,12.9,14.1,,-0.1,0.0,-0.1,-.043,,-5.6,-3.5,-9.1
10,0,31,896,121,315,.384,56,144,.389,65,171,.380,64,74,.865,44,155,199,46,36,18,55,72,371
10,1,31,28.9,3.9,10.2,.384,1.8,4.6,.389,2.1,5.5,.380,2.1,2.4,.865,6.4,1.5,1.2,0.6,1.8,2.3,12.0
10,2,31,896,5.4,14.1,.384,2.5,6.4,.389,2.9,7.6,.380,2.9,3.3,.865,8.9,2.1,1.6,0.8,2.5,3.2,16.6
10,3,31,896,7.9,20.4,.384,3.6,9.3,.389,4.2,11.1,.380,4.2,4.8,.865,12.9,3.0,2.3,1.2,3.6,4.7,24.1,,105.0,104.1
10,4,31,896,18.2,.530,.487,.543,.235,353,6.1,18.8,12.8,11.2,2.3,2.2,13.6,23.2,,1.5,0.9,2.4,.108,,1.5,-1.0,0.5
11,0,16,95,11,26,.423,1,1,1.000,10,25,.400,0,0,,0,7,7,5,1,0,4,5,32
11,1,16,5.9,0.7,1.6,.423,0.1,0.1,1.000,0.6,1.6,.400,0.0,0.0,,0.4,0.3,0.1,0.0,0.3,0.3,2.0
11,2,16,95,4.6,10.9,.423,0.4,0.4,1.000,4.2,10.5,.400,0.0,0.0,,2.9,2.1,0.4,0.0,1.7,2.1,13.5
11,3,16,95,6.7,15.9,.423,0.6,0.6,1.000,6.1,15.3,.400,0.0,0.0,,4.3,3.1,0.6,0.0,2.4,3.1,19.6,,112.0,114.5
11,4,16,95,12.2,.615,.615,.962,.000,27,0.0,8.0,4.3,11.0,0.6,0.0,13.3,16.2,,0.2,0.0,0.2,.066,,1.8,-5.8,-4.0
12,0,32,976,119,212,.561,119,212,.561,0,0,,118,177,.667,70,140,210,19,19,27,65,104,356
12,1,32,30.5,3.7,6.6,.561,3.7,6.6,.561,0.0,0.0,,3.7,5.5,.667,6.6,0.6,0.6,0.8,2.0,3.3,11.1
12,2,32,976,4.9,8.7,.561,4.9,8.7,.561,0.0,0.0,,4.8,7.3,.667,8.6,0.8,0.8,1.1,2.7,4.3,14.6
12,3,32,976,7.1,12.6,.561,7.1,12.6,.561,0.0,0.0,,7.0,10.5,.667,12.5,1.1,1.1,1.6,3.9,6.2,21.2,,110.5,107.9
12,4,32,976,16.6,.601,.561,.000,.835,342,8.9,15.6,12.4,4.1,1.1,3.1,18.0,19.0,,1.9,0.6,2.5,.103,,-0.7,-1.4,-2.0
13,0,30,965,81,176,.460,50,110,.455,31,66,.470,49,73,.671,21,85,106,141,29,10,72,59,242
13,1,30,32.2,2.7,5.9,.460,1.7,3.7,.455,1.0,2.2,.470,1.6,2.4,.671,3.5,4.7,1.0,0.3,2.4,2.0,8.1
13,2,30,965,3.4,7.3,.460,2.1,4.6,.455,1.3,2.7,.470,2.0,3.0,.671,4.4,5.8,1.2,0.4,3.0,2.4,10.0
13,3,30,965,4.9,10.6,.460,3.0,6.6,.455,1.9,4.0,.470,3.0,4.4,.671,6.4,8.5,1.7,0.6,4.3,3.6,14.6,,108.2,110.6
13,4,30,965,13.7,.574,.548,.375,.415,293,2.7,9.6,6.4,28.6,1.7,1.1,25.5,15.0,,1.5,0.4,1.8,.076,,0.8,-2.1,-1.2
