0,0,25,166,17,45,.378,13,29,.448,4,16,.250,5,6,.833,9,11,20,3,2,4,13,15,43
0,1,25,6.6,0.7,1.8,.378,0.5,1.2,.448,0.2,0.6,.250,0.2,0.2,.833,0.8,0.1,0.1,0.2,0.5,0.6,1.7
0,2,25,166,4.1,10.8,.378,3.1,7.0,.448,1.0,3.9,.250,1.2,1.4,.833,4.8,0.7,0.5,1.0,3.1,3.6,10.4
0,3,25,166,6.2,16.5,.378,4.8,10.6,.448,1.5,5.9,.250,1.8,2.2,.833,7.3,1.1,0.7,1.5,4.8,5.5,15.7,,82.5,102.5
0,4,25,166,6.7,.449,.422,.356,.133,42,6.7,7.6,7.2,4.0,0.7,2.7,21.4,19.3,,-0.1,0.2,0.1,.022,,-5.1,-1.7,-6.8
1,0,5,8,2,3,.667,2,3,.667,0,0,,0,0,,1,1,2,0,0,0,0,1,4
1,1,5,1.6,0.4,0.6,.667,0.4,0.6,.667,0.0,0.0,,0.0,0.0,,0.4,0.0,0.0,0.0,0.0,0.2,0.8
1,2,5,8,10.0,15.0,.667,10.0,15.0,.667,0.0,0.0,,0.0,0.0,,10.0,0.0,0.0,0.0,0.0,5.0,20.0
1,3,5,8,15.2,22.8,.667,15.2,22.8,.667,0.0,0.0,,0.0,0.0,,15.2,0.0,0.0,0.0,0.0,7.6,30.4,,141.7,101.9
1,4,5,8,27.7,.667,.667,.000,.000,3,15.4,14.3,14.8,0.0,0.0,0.0,0.0,19.8,,0.0,0.0,0.0,.223,,2.4,-8.3,-5.9
2,0,32,498,61,117,.521,61,117,.521,0,0,,27,70,.386,47,64,111,8,12,18,37,80,149
2,1,32,15.6,1.9,3.7,.521,1.9,3.7,.521,0.0,0.0,,0.8,2.2,.386,3.5,0.3,0.4,0.6,1.2,2.5,4.7
2,2,32,498,4.9,9.4,.521,4.9,9.4,.521,0.0,0.0,,2.2,5.6,.386,8.9,0.6,1.0,1.4,3.0,6.4,12.0
2,3,32,498,7.4,14.3,.521,7.4,14.3,.521,0.0,0.0,,3.3,8.5,.386,13.5,1.0,1.5,2.2,4.5,9.8,18.2,,92.1,96.5
2,4,32,498,12.5,.496,.521,.000,.598,149,11.7,14.7,13.2,3.8,1.5,4.1,19.8,19.8,,0.2,0.8,1.0,.081,,-3.8,0.6,-3.2
3,0,32,738,94,215,.437,78,158,.494,16,57,.281,53,84,.631,11,80,91,52,41,6,102,88,257
3,1,32,23.1,2.9,6.7,.437,2.4,4.9,.494,0.5,1.8,.281,1.7,2.6,.631,2.8,1.6,1.3,0.2,3.2,2.8,8.0
3,2,32,738,5.1,11.7,.437,4.2,8.6,.494,0.9,3.1,.281,2.9,4.6,.631,4.9,2.8,2.2,0.3,5.5,4.8,13.9
3,3,32,738,7.7,17.7,.437,6.4,13.0,.494,1.3,4.7,.281,4.4,6.9,.631,7.5,4.3,3.4,0.5,8.4,7.2,21.2,,81.5,95.0
3,4,32,738,10.1,.504,.474,.265,.391,250,1.8,12.4,7.3,16.7,3.4,0.9,28.6,25.5,,-0.6,1.3,0.7,.038,,-4.3,1.0,-3.3
4,0,4,7,1,1,1.000,1,1,1.000,0,0,,0,0,,0,1,1,0,0,0,0,0,2
4,1,4,1.8,0.3,0.3,1.000,0.3,0.3,1.000,0.0,0.0,,0.0,0.0,,0.3,0.0,0.0,0.0,0.0,0.0,0.5
4,2,4,7,5.7,5.7,1.000,5.7,5.7,1.000,0.0,0.0,,0.0,0.0,,5.7,0.0,0.0,0.0,0.0,0.0,11.4
4,3,4,7,8.7,8.7,1.000,8.7,8.7,1.000,0.0,0.0,,0.0,0.0,,8.7,0.0,0.0,0.0,0.0,0.0,17.4,,200.0,101.6
4,4,4,7,18.5,1.000,1.000,.000,.000,1,0.0,16.3,8.5,0.0,0.0,0.0,0.0,7.5,,0.0,0.0,0.0,.168,,0.3,-4.4,-4.1
5,0,34,1043,132,352,.375,75,185,.405,57,167,.341,99,136,.728,32,125,157,54,28,18,83,78,420
5,1,34,30.7,3.9,10.4,.375,2.2,5.4,.405,1.7,4.9,.341,2.9,4.0,.728,4.6,1.6,0.8,0.5,2.4,2.3,12.4
5,2,34,1043,5.1,13.5,.375,2.9,7.1,.405,2.2,6.4,.341,3.8,5.2,.728,6.0,2.1,1.1,0.7,3.2,3.0,16.1
5,3,34,1043,7.7,20.5,.375,4.4,10.8,.405,3.3,9.7,.341,5.8,7.9,.728,9.1,3.1,1.6,1.0,4.8,4.5,24.5,,97.7,98.0
5,4,34,1043,14.8,.504,.456,.474,.386,400,3.8,13.7,8.9,12.2,1.6,1.9,16.6,25.3,,1.1,1.6,2.7,.105,,-0.2,-0.4,-0.6
6,0,32,407,33,71,.465,33,71,.465,0,0,,15,22,.682,18,38,56,12,9,34,30,59,81
6,1,32,12.7,1.0,2.2,.465,1.0,2.2,.465,0.0,0.0,,0.5,0.7,.682,1.8,0.4,0.3,1.1,0.9,1.8,2.5
6,2,32,407,3.2,7.0,.465,3.2,7.0,.465,0.0,0.0,,1.5,2.2,.682,5.5,1.2,0.9,3.3,2.9,5.8,8.0
6,3,32,407,4.9,10.6,.465,4.9,10.6,.465,0.0,0.0,,2.2,3.3,.682,8.4,1.8,1.3,5.1,4.5,8.8,12.1,,85.2,96.2
6,4,32,407,9.4,.497,.465,.000,.310,83,5.5,10.7,8.2,6.3,1.3,9.4,26.9,14.4,,-0.1,0.7,0.6,.059,,-5.2,4.9,-0.3
7,0,13,41,4,17,.235,3,9,.333,1,8,.125,2,2,1.000,3,3,6,1,1,0,0,3,11
7,1,13,3.2,0.3,1.3,.235,0.2,0.7,.333,0.1,0.6,.125,0.2,0.2,1.000,0.5,0.1,0.1,0.0,0.0,0.2,0.8
7,2,13,41,3.9,16.6,.235,2.9,8.8,.333,1.0,7.8,.125,2.0,2.0,1.000,5.9,1.0,1.0,0.0,0.0,2.9,10.7
7,3,13,41,5.9,25.2,.235,4.4,13.3,.333,1.5,11.9,.125,3.0,3.0,1.000,8.9,1.5,1.5,0.0,0.0,4.4,16.3,,84.1,101.8
7,4,13,41,7.0,.306,.265,.471,.118,12,9.0,8.4,8.7,5.4,1.5,0.0,0.0,23.1,,0.0,0.0,0.0,.029,,-4.0,-4.5,-8.5
8,0,34,473,45,118,.381,5,11,.455,40,107,.374,2,4,.500,10,27,37,18,18,1,14,33,132
8,1,34,13.9,1.3,3.5,.381,0.1,0.3,.455,1.2,3.1,.374,0.1,0.1,.500,1.1,0.5,0.5,0.0,0.4,1.0,3.9
8,2,34,473,3.8,10.0,.381,0.4,0.9,.455,3.4,9.0,.374,0.2,0.3,.500,3.1,1.5,1.5,0.1,1.2,2.8,11.2
8,3,34,473,5.8,15.2,.381,0.6,1.4,.455,5.1,13.7,.374,0.3,0.5,.500,4.8,2.3,2.3,0.1,1.8,4.2,17.0,,112.2,100.7
8,4,34,473,12.2,.550,.551,.907,.034,120,2.6,6.5,4.6,8.4,2.3,0.2,10.5,14.9,,0.8,0.6,1.4,.115,,2.1,-1.5,0.6
9,0,32,714,59,143,.413,35,80,.438,24,63,.381,22,38,.579,26,62,88,39,19,10,50,37,164
9,1,32,22.3,1.8,4.5,.413,1.1,2.5,.438,0.8,2.0,.381,0.7,1.2,.579,2.8,1.2,0.6,0.3,1.6,1.2,5.1
9,2,32,714,3.3,8.0,.413,2.0,4.5,.438,1.3,3.5,.381,1.2,2.1,.579,4.9,2.2,1.1,0.6,2.8,2.1,9.2
9,3,32,714,5.0,12.2,.413,3.0,6.8,.438,2.0,5.4,.381,1.9,3.2,.579,7.5,3.3,1.6,0.9,4.3,3.1,14.0,,92.4,100.1
9,4,32,714,9.9,.509,.497,.441,.266,170,4.5,9.9,7.3,11.7,1.6,1.6,23.7,15.6,,0.2,0.9,1.2,.065,,-1.7,0.5,-1.2
10,0,33,950,113,240,.471,112,235,.477,1,5,.200,110,157,.701,60,168,228,34,23,24,75,100,337
10,1,33,28.8,3.4,7.3,.471,3.4,7.1,.477,0.0,0.2,.200,3.3,4.8,.701,6.9,1.0,0.7,0.7,2.3,3.0,10.2
10,2,33,950,4.8,10.1,.471,4.7,9.9,.477,0.0,0.2,.200,4.6,6.6,.701,9.6,1.4,1.0,1.0,3.2,4.2,14.2
10,3,33,950,7.2,15.3,.471,7.2,15.0,.477,0.1,0.3,.200,7.0,10.0,.701,14.6,2.2,1.5,1.5,4.8,6.4,21.5,,100.8,94.7
10,4,33,950,16.4,.536,.473,.021,.654,335,7.8,20.2,14.3,8.3,1.5,2.8,19.3,21.6,,1.2,1.8,3.0,.126,,-2.1,1.4,-0.8
11,0,10,69,8,17,.471,8,17,.471,0,0,,10,10,1.000,9,16,25,1,2,2,4,11,26
11,1,10,6.9,0.8,1.7,.471,0.8,1.7,.471,0.0,0.0,,1.0,1.0,1.000,2.5,0.1,0.2,0.2,0.4,1.1,2.6
11,2,10,69,4.6,9.9,.471,4.6,9.9,.471,0.0,0.0,,5.8,5.8,1.000,14.5,0.6,1.2,1.2,2.3,6.4,15.1
11,3,10,69,7.0,15.0,.471,7.0,15.0,.471,0.0,0.0,,8.8,8.8,1.000,22.0,0.9,1.8,1.8,3.5,9.7,22.9,,120.8,90.5
11,4,10,69,22.9,.598,.471,.000,.588,27,16.1,26.5,21.5,3.3,1.8,3.3,15.5,19.7,,0.2,0.2,0.4,.216,,-0.8,-0.6,-1.5
12,0,34,1152,146,293,.498,97,173,.561,49,120,.408,103,135,.763,34,98,132,105,51,22,70,55,444
12,1,34,33.9,4.3,8.6,.498,2.9,5.1,.561,1.4,3.5,.408,3.0,4.0,.763,3.9,3.1,1.5,0.6,2.1,1.6,13.1
12,2,34,1152,5.1,10.2,.498,3.4,6.0,.561,1.7,4.2,.408,3.6,4.7,.763,4.6,3.6,1.8,0.8,2.4,1.9,15.4
12,3,34,1152,7.7,15.4,.498,5.1,9.1,.561,2.6,6.3,.408,5.4,7.1,.763,7.0,5.5,2.7,1.2,3.7,2.9,23.4,,120.3,97.6
12,4,34,1152,21.4,.622,.582,.410,.461,444,3.6,9.7,6.8,21.6,2.7,2.1,16.4,19.6,,3.5,1.8,5.3,.185,,5.0,1.2,6.2
13,0,34,543,33,101,.327,18,44,.409,15,57,.263,15,19,.789,34,58,92,17,20,9,39,59,96
13,1,34,16.0,1.0,3.0,.327,0.5,1.3,.409,0.4,1.7,.263,0.4,0.6,.789,2.7,0.5,0.6,0.3,1.1,1.7,2.8
13,2,34,543,2.4,7.4,.327,1.3,3.2,.409,1.1,4.2,.263,1.1,1.4,.789,6.8,1.3,1.5,0.7,2.9,4.3,7.1
13,3,34,543,3.7,11.3,.327,2.0,4.9,.409,1.7,6.4,.263,1.7,2.1,.789,10.3,1.9,2.2,1.0,4.4,6.6,10.7,,82.0,97.2
13,4,34,543,7.1,.436,.401,.564,.188,107,7.7,12.2,10.1,6.4,2.2,1.9,26.2,14.5,,-0.3,0.9,0.6,.046,,-3.1,1.2,-1.8
