0,0,33,924,163,347,.470,124,243,.510,39,104,.375,86,128,.672,43,148,191,56,27,31,79,97,451
0,1,33,28.0,4.9,10.5,.470,3.8,7.4,.510,1.2,3.2,.375,2.6,3.9,.672,5.8,1.7,0.8,0.9,2.4,2.9,13.7
0,2,33,924,7.1,15.0,.470,5.4,10.5,.510,1.7,4.5,.375,3.7,5.5,.672,8.3,2.4,1.2,1.3,3.4,4.2,19.5
0,3,33,924,10.3,21.9,.470,7.8,15.3,.510,2.5,6.6,.375,5.4,8.1,.672,12.1,3.5,1.7,2.0,5.0,6.1,28.5,,104.4,98.0
0,4,33,924,20.0,.553,.526,.300,.369,421,5.5,16.5,11.4,12.7,1.7,3.3,16.2,26.7,,1.7,1.5,3.2,.140,,0.7,0.6,1.3
1,0,31,246,19,51,.373,0,5,.000,19,46,.413,2,2,1.000,0,24,24,15,4,0,6,15,59
1,1,31,7.9,0.6,1.6,.373,0.0,0.2,.000,0.6,1.5,.413,0.1,0.1,1.000,0.8,0.5,0.1,0.0,0.2,0.5,1.9
1,2,31,246,3.1,8.3,.373,0.0,0.8,.000,3.1,7.5,.413,0.3,0.3,1.000,3.9,2.4,0.7,0.0,1.0,2.4,9.6
1,3,31,246,4.5,12.1,.373,0.0,1.2,.000,4.5,10.9,.413,0.5,0.5,1.000,5.7,3.6,0.9,0.0,1.4,3.6,14.0,,117.0,105.0
1,4,31,246,10.3,.568,.559,.902,.039,55,0.0,10.1,5.4,10.6,0.9,0.0,10.4,11.9,,0.4,0.2,0.6,.098,,0.7,-2.4,-1.8
2,0,34,689,71,180,.394,41,84,.488,30,96,.313,29,54,.537,10,66,76,26,17,27,43,72,201
2,1,34,20.3,2.1,5.3,.394,1.2,2.5,.488,0.9,2.8,.313,0.9,1.6,.537,2.2,0.8,0.5,0.8,1.3,2.1,5.9
2,2,34,689,4.1,10.4,.394,2.4,4.9,.488,1.7,5.6,.313,1.7,3.1,.537,4.4,1.5,1.0,1.6,2.5,4.2,11.7
2,3,34,689,6.0,15.2,.394,3.5,7.1,.488,2.5,8.1,.313,2.5,4.6,.537,6.4,2.2,1.4,2.3,3.6,6.1,17.0,,90.7,101.9
2,4,34,689,9.6,.489,.478,.533,.300,183,1.7,9.9,6.1,6.9,1.4,3.9,17.3,18.3,,0.1,0.9,0.9,.054,,-2.4,0.4,-2.0
3,0,21,88,13,21,.619,13,21,.619,0,0,,5,6,.833,8,9,17,1,2,3,1,16,31
3,1,21,4.2,0.6,1.0,.619,0.6,1.0,.619,0.0,0.0,,0.2,0.3,.833,0.8,0.0,0.1,0.1,0.0,0.8,1.5
3,2,21,88,5.9,9.5,.619,5.9,9.5,.619,0.0,0.0,,2.3,2.7,.833,7.7,0.5,0.9,1.4,0.5,7.3,14.1
3,3,21,88,8.6,13.9,.619,8.6,13.9,.619,0.0,0.0,,3.3,4.0,.833,11.3,0.7,1.3,2.0,0.7,10.6,20.5,,140.7,101.6
3,4,21,88,19.5,.650,.619,.000,.286,29,10.8,10.6,10.7,2.3,1.3,3.4,4.0,14.3,,0.3,0.1,0.4,.187,,1.6,-1.0,0.6
4,0,33,734,108,232,.466,53,101,.525,55,131,.420,39,53,.736,26,124,150,33,29,14,44,62,310
4,1,33,22.2,3.3,7.0,.466,1.6,3.1,.525,1.7,4.0,.420,1.2,1.6,.736,4.5,1.0,0.9,0.4,1.3,1.9,9.4
4,2,33,734,5.9,12.6,.466,2.9,5.5,.525,3.0,7.1,.420,2.1,2.9,.736,8.2,1.8,1.6,0.8,2.4,3.4,16.9
4,3,33,734,8.6,18.4,.466,4.2,8.0,.525,4.4,10.4,.420,3.1,4.2,.736,11.9,2.6,2.3,1.1,3.5,4.9,24.6,,112.6,96.9
4,4,33,734,19.6,.603,.584,.565,.228,275,4.2,17.4,11.3,8.9,2.3,1.9,14.6,20.8,,1.6,1.3,2.9,.157,,2.7,0.2,2.9
5,0,25,168,14,39,.359,1,1,1.000,13,38,.342,0,0,,7,6,13,6,3,1,6,4,41
5,1,25,6.7,0.6,1.6,.359,0.0,0.0,1.000,0.5,1.5,.342,0.0,0.0,,0.5,0.2,0.1,0.0,0.2,0.2,1.6
5,2,25,168,3.3,9.3,.359,0.2,0.2,1.000,3.1,9.0,.342,0.0,0.0,,3.1,1.4,0.7,0.2,1.4,1.0,9.8
5,3,25,168,4.9,13.5,.359,0.3,0.3,1.000,4.5,13.2,.342,0.0,0.0,,4.5,2.1,1.0,0.3,2.1,1.4,14.2,,106.4,108.2
5,4,25,168,9.6,.526,.526,.974,.000,40,4.9,3.7,4.3,6.3,1.0,0.6,13.3,13.6,,0.2,0.1,0.3,.069,,0.9,-2.8,-1.9
6,0,34,1051,179,353,.507,179,352,.509,0,1,.000,53,125,.424,90,94,184,85,32,21,94,96,411
6,1,34,30.9,5.3,10.4,.507,5.3,10.4,.509,0.0,0.0,.000,1.6,3.7,.424,5.4,2.5,0.9,0.6,2.8,2.8,12.1
6,2,34,1051,6.8,13.4,.507,6.8,13.4,.509,0.0,0.0,.000,2.0,4.8,.424,7.0,3.2,1.2,0.8,3.6,3.7,15.6
6,3,34,1051,9.9,19.6,.507,9.9,19.5,.509,0.0,0.1,.000,2.9,6.9,.424,10.2,4.7,1.8,1.2,5.2,5.3,22.8,,97.8,102.5
6,4,34,1051,16.0,.498,.507,.003,.354,437,10.2,9.2,9.7,16.8,1.8,2.0,18.6,24.4,,1.1,1.3,2.3,.088,,-1.0,0.7,-0.3
7,0,34,1141,164,386,.425,76,180,.422,88,206,.427,100,110,.909,13,84,97,130,35,4,89,69,516
7,1,34,33.6,4.8,11.4,.425,2.2,5.3,.422,2.6,6.1,.427,2.9,3.2,.909,2.9,3.8,1.0,0.1,2.6,2.0,15.2
7,2,34,1141,5.7,13.5,.425,2.7,6.3,.422,3.1,7.2,.427,3.5,3.9,.909,3.4,4.6,1.2,0.1,3.1,2.4,18.1
7,3,34,1141,8.4,19.7,.425,3.9,9.2,.422,4.5,10.5,.427,5.1,5.6,.909,5.0,6.6,1.8,0.2,4.5,3.5,26.4,,113.2,104.3
7,4,34,1141,18.6,.589,.539,.534,.285,506,1.4,7.6,4.7,22.4,1.8,0.3,16.9,23.4,,3.0,1.2,4.2,.147,,3.9,-2.1,1.9
8,0,34,874,94,162,.580,94,160,.588,0,2,.000,61,112,.545,87,153,240,15,19,37,41,105,249
8,1,34,25.7,2.8,4.8,.580,2.8,4.7,.588,0.0,0.1,.000,1.8,3.3,.545,7.1,0.4,0.6,1.1,1.2,3.1,7.3
8,2,34,874,4.3,7.4,.580,4.3,7.3,.588,0.0,0.1,.000,2.8,5.1,.545,11.0,0.7,0.9,1.7,1.9,4.8,11.4
8,3,34,874,6.3,10.8,.580,6.3,10.7,.588,0.0,0.1,.000,4.1,7.5,.545,16.0,1.0,1.3,2.5,2.7,7.0,16.6,,113.8,97.6
8,4,34,874,16.7,.579,.580,.012,.691,258,11.8,18.1,15.2,3.1,1.3,4.2,16.0,14.9,,1.6,1.5,3.0,.138,,-0.4,1.4,1.0
9,0,31,797,58,114,.509,42,73,.575,16,41,.390,56,76,.737,15,68,83,98,32,12,43,51,188
9,1,31,25.7,1.9,3.7,.509,1.4,2.4,.575,0.5,1.3,.390,1.8,2.5,.737,2.7,3.2,1.0,0.4,1.4,1.6,6.1
9,2,31,797,2.9,5.7,.509,2.1,3.7,.575,0.8,2.1,.390,2.8,3.8,.737,4.2,4.9,1.6,0.6,2.2,2.6,9.4
9,3,31,797,4.2,8.3,.509,3.1,5.3,.575,1.2,3.0,.390,4.1,5.6,.737,6.1,7.2,2.3,0.9,3.1,3.7,13.8,,120.4,101.9
9,4,31,797,15.1,.626,.579,.360,.667,220,2.2,8.8,5.7,21.2,2.3,1.5,22.3,12.3,,1.6,1.0,2.6,.131,,1.5,0.6,2.1
10,0,8,138,11,31,.355,8,24,.333,3,7,.429,4,4,1.000,7,20,27,16,5,1,12,10,29
10,1,8,17.3,1.4,3.9,.355,1.0,3.0,.333,0.4,0.9,.429,0.5,0.5,1.000,3.4,2.0,0.6,0.1,1.5,1.3,3.6
10,2,8,138,3.2,9.0,.355,2.3,7.0,.333,0.9,2.0,.429,1.2,1.2,1.000,7.8,4.6,1.4,0.3,3.5,2.9,8.4
10,3,8,138,4.6,13.1,.355,3.4,10.1,.333,1.3,3.0,.429,1.7,1.7,1.000,11.4,6.8,2.1,0.4,5.1,4.2,12.3,,90.0,99.3
10,4,8,138,10.5,.441,.403,.226,.129,38,6.0,15.0,10.8,20.2,2.1,0.7,26.7,16.5,,0.0,0.2,0.2,.062,,-3.1,0.7,-2.3
