0,0,36,1100,248,486,.510,129,229,.563,119,257,.463,95,113,.841,27,93,120,50,48,8,44,72,710
0,1,36,30.6,6.9,13.5,.510,3.6,6.4,.563,3.3,7.1,.463,2.6,3.1,.841,3.3,1.4,1.3,0.2,1.2,2.0,19.7
0,2,36,1100,9.0,17.7,.510,4.7,8.3,.563,4.3,9.3,.463,3.5,4.1,.841,4.4,1.8,1.7,0.3,1.6,2.6,25.8
0,3,36,1100,13.5,26.4,.510,7.0,12.4,.563,6.5,14.0,.463,5.2,6.1,.841,6.5,2.7,2.6,0.4,2.4,3.9,38.6,,131.3,108.7
0,4,36,1100,28.4,.658,.633,.529,.233,591,2.9,10.2,6.4,11.6,2.6,0.9,7.5,27.4,,5.0,1.0,6.0,.218,,9.0,-2.2,6.8
1,0,35,582,53,118,.449,49,92,.533,4,26,.154,36,50,.720,44,69,113,31,24,1,22,54,146
1,1,35,16.6,1.5,3.4,.449,1.4,2.6,.533,0.1,0.7,.154,1.0,1.4,.720,3.2,0.9,0.7,0.0,0.6,1.5,4.2
1,2,35,582,3.6,8.1,.449,3.4,6.3,.533,0.3,1.8,.154,2.5,3.4,.720,7.8,2.1,1.6,0.1,1.5,3.7,10.0
1,3,35,582,5.4,12.1,.449,5.0,9.4,.533,0.4,2.7,.154,3.7,5.1,.720,11.6,3.2,2.5,0.1,2.3,5.5,15.0,,112.8,107.6
1,4,35,582,14.0,.515,.466,.220,.424,164,8.8,14.3,11.5,10.1,2.5,0.2,13.4,14.5,,0.9,0.6,1.4,.099,,-0.6,0.3,-0.3
2,0,35,687,71,154,.461,71,154,.461,0,0,,19,29,.655,43,59,102,9,8,23,27,96,161
2,1,35,19.6,2.0,4.4,.461,2.0,4.4,.461,0.0,0.0,,0.5,0.8,.655,2.9,0.3,0.2,0.7,0.8,2.7,4.6
2,2,35,687,4.1,9.0,.461,4.1,9.0,.461,0.0,0.0,,1.1,1.7,.655,5.9,0.5,0.5,1.3,1.6,5.6,9.4
2,3,35,687,6.2,13.4,.461,6.2,13.4,.461,0.0,0.0,,1.7,2.5,.655,8.9,0.8,0.7,2.0,2.3,8.4,14.0,,98.2,111.0
2,4,35,687,8.7,.480,.461,.000,.188,160,7.3,10.3,8.8,2.6,0.7,4.0,13.9,14.6,,0.3,0.5,0.8,.044,,-4.5,0.1,-4.4
3,0,36,1069,152,388,.392,82,193,.425,70,195,.359,125,155,.806,59,187,246,57,45,16,76,105,499
3,1,36,29.7,4.2,10.8,.392,2.3,5.4,.425,1.9,5.4,.359,3.5,4.3,.806,6.8,1.6,1.3,0.4,2.1,2.9,13.9
3,2,36,1069,5.7,14.5,.392,3.1,7.2,.425,2.6,7.3,.359,4.7,5.8,.806,9.2,2.1,1.7,0.6,2.8,3.9,18.7
3,3,36,1069,8.5,21.7,.392,4.6,10.8,.425,3.9,10.9,.359,7.0,8.7,.806,13.8,3.2,2.5,0.9,4.2,5.9,27.9,,108.4,104.0
3,4,36,1069,19.6,.540,.482,.503,.399,479,6.4,21.0,13.6,11.3,2.5,1.8,14.1,26.0,,2.0,1.4,3.5,.130,,1.5,0.1,1.5
4,0,3,10,0,3,.000,0,3,.000,0,0,,0,2,.000,0,0,0,0,0,0,1,1,0
4,1,3,3.3,0.0,1.0,.000,0.0,1.0,.000,0.0,0.0,,0.0,0.7,.000,0.0,0.0,0.0,0.0,0.3,0.3,0.0
4,2,3,10,0.0,12.0,.000,0.0,12.0,.000,0.0,0.0,,0.0,8.0,.000,0.0,0.0,0.0,0.0,4.0,4.0,0.0
4,3,3,10,0.0,17.9,.000,0.0,17.9,.000,0.0,0.0,,0.0,12.0,.000,0.0,0.0,0.0,0.0,6.0,6.0,0.0,,0.0,118.9
4,4,3,10,-25.6,.000,.000,.000,.667,0,0.0,0.0,0.0,0.0,0.0,0.0,20.2,25.6,,-0.1,0.0,-0.1,-.399,,-25.0,-6.1,-31.1
5,0,16,340,48,110,.436,48,110,.436,0,0,,28,47,.596,20,41,61,12,8,8,25,62,124
5,1,16,21.3,3.0,6.9,.436,3.0,6.9,.436,0.0,0.0,,1.8,2.9,.596,3.8,0.8,0.5,0.5,1.6,3.9,7.8
5,2,16,340,5.6,12.9,.436,5.6,12.9,.436,0.0,0.0,,3.3,5.5,.596,7.2,1.4,0.9,0.9,2.9,7.3,14.6
5,3,16,340,8.4,19.3,.436,8.4,19.3,.436,0.0,0.0,,4.9,8.3,.596,10.7,2.1,1.4,1.4,4.4,10.9,21.8,,92.4,108.1
5,4,16,340,10.8,.469,.436,.000,.427,121,6.8,14.5,10.6,7.4,1.4,2.8,15.9,23.9,,0.0,0.3,0.3,.040,,-5.7,-0.7,-6.3
6,0,36,993,80,204,.392,59,138,.428,21,66,.318,69,92,.750,25,63,88,134,38,1,60,58,250
6,1,36,27.6,2.2,5.7,.392,1.6,3.8,.428,0.6,1.8,.318,1.9,2.6,.750,2.4,3.7,1.1,0.0,1.7,1.6,6.9
6,2,36,993,3.2,8.2,.392,2.4,5.6,.428,0.8,2.7,.318,2.8,3.7,.750,3.5,5.4,1.5,0.0,2.4,2.3,10.1
6,3,36,993,4.8,12.3,.392,3.6,8.3,.428,1.3,4.0,.318,4.2,5.5,.750,5.3,8.1,2.3,0.1,3.6,3.5,15.0,,107.0,110.8
6,4,36,993,12.7,.505,.444,.324,.451,301,2.9,7.6,5.2,25.2,2.3,0.1,19.5,16.0,,1.2,0.7,1.9,.076,,-0.7,-1.2,-1.9
7,0,12,165,17,41,.415,9,22,.409,8,19,.421,5,9,.556,11,18,29,15,6,2,7,22,47
7,1,12,13.8,1.4,3.4,.415,0.8,1.8,.409,0.7,1.6,.421,0.4,0.8,.556,2.4,1.3,0.5,0.2,0.6,1.8,3.9
7,2,12,165,4.1,9.9,.415,2.2,5.3,.409,1.9,4.6,.421,1.2,2.2,.556,7.0,3.6,1.5,0.5,1.7,5.3,11.4
7,3,12,165,6.2,14.9,.415,3.3,8.0,.409,2.9,6.9,.421,1.8,3.3,.556,10.5,5.4,2.2,0.7,2.5,8.0,17.0,,113.9,107.9
7,4,12,165,14.7,.519,.512,.463,.220,53,7.7,13.1,10.4,17.7,2.2,1.5,13.4,16.4,,0.3,0.2,0.4,.109,,0.8,0.1,0.9
8,0,36,542,74,188,.394,39,82,.476,35,106,.330,43,51,.843,9,44,53,12,12,1,24,47,226
8,1,36,15.1,2.1,5.2,.394,1.1,2.3,.476,1.0,2.9,.330,1.2,1.4,.843,1.5,0.3,0.3,0.0,0.7,1.3,6.3
8,2,36,542,5.5,13.9,.394,2.9,6.1,.476,2.6,7.8,.330,3.2,3.8,.843,3.9,0.9,0.9,0.1,1.8,3.5,16.7
8,3,36,542,8.2,20.7,.394,4.3,9.0,.476,3.9,11.7,.330,4.7,5.6,.843,5.8,1.3,1.3,0.1,2.6,5.2,24.9,,106.7,112.0
8,4,36,542,13.0,.532,.487,.564,.271,194,1.9,9.8,5.8,4.6,1.3,0.2,10.2,22.5,,0.8,0.3,1.1,.080,,-0.9,-4.1,-5.0
9,0,30,601,43,106,.406,41,99,.414,2,7,.286,59,98,.602,15,42,57,84,33,1,60,37,147
9,1,30,20.0,1.4,3.5,.406,1.4,3.3,.414,0.1,0.2,.286,2.0,3.3,.602,1.9,2.8,1.1,0.0,2.0,1.2,4.9
9,2,30,601,2.9,7.1,.406,2.7,6.6,.414,0.1,0.5,.286,3.9,6.5,.602,3.8,5.6,2.2,0.1,4.0,2.5,9.8
9,3,30,601,4.3,10.5,.406,4.1,9.8,.414,0.2,0.7,.286,5.9,9.7,.602,5.7,8.4,3.3,0.1,6.0,3.7,14.6,,91.8,108.3
9,4,30,601,11.1,.482,.415,.066,.925,182,2.9,8.4,5.6,25.7,3.3,0.2,28.2,18.3,,0.0,0.6,0.6,.037,,-4.0,-0.2,-4.2
10,0,36,669,47,101,.465,47,101,.465,0,0,,19,38,.500,54,104,158,20,24,3,30,54,113
10,1,36,18.6,1.3,2.8,.465,1.3,2.8,.465,0.0,0.0,,0.5,1.1,.500,4.4,0.6,0.7,0.1,0.8,1.5,3.1
10,2,36,669,2.8,6.0,.465,2.8,6.0,.465,0.0,0.0,,1.1,2.3,.500,9.4,1.2,1.4,0.2,1.8,3.2,6.8
10,3,36,669,4.2,9.0,.465,4.2,9.0,.465,0.0,0.0,,1.7,3.4,.500,14.1,1.8,2.1,0.3,2.7,4.8,10.1,,98.7,106.4
10,4,36,669,10.4,.475,.465,.000,.376,135,9.4,18.7,14.0,5.5,2.1,0.5,20.1,11.5,,0.3,0.7,1.0,.060,,-3.5,0.9,-2.6
11,0,19,466,57,134,.425,45,107,.421,12,27,.444,44,61,.721,24,53,77,21,9,1,27,48,170
11,1,19,24.5,3.0,7.1,.425,2.4,5.6,.421,0.6,1.4,.444,2.3,3.2,.721,4.1,1.1,0.5,0.1,1.4,2.5,8.9
11,2,19,466,4.9,11.5,.425,3.9,9.2,.421,1.0,2.3,.444,3.8,5.2,.721,6.6,1.8,0.8,0.1,2.3,4.1,14.6
11,3,19,466,7.3,17.2,.425,5.8,13.7,.421,1.5,3.5,.444,5.6,7.8,.721,9.9,2.7,1.2,0.1,3.5,6.2,21.8,,105.3,110.7
11,4,19,466,13.3,.522,.470,.201,.455,166,6.0,13.7,9.8,9.1,1.2,0.3,14.2,21.1,,0.6,0.3,0.9,.080,,-1.9,-1.9,-3.7
