0,0,33,825,143,301,.475,61,114,.535,82,187,.439,45,53,.849,21,65,86,35,26,5,38,56,413
0,1,33,25.0,4.3,9.1,.475,1.8,3.5,.535,2.5,5.7,.439,1.4,1.6,.849,2.6,1.1,0.8,0.2,1.2,1.7,12.5
0,2,33,825,6.9,14.6,.475,3.0,5.5,.535,4.0,9.1,.439,2.2,2.6,.849,4.2,1.7,1.3,0.2,1.8,2.7,20.0
0,3,33,825,10.5,22.0,.475,4.5,8.3,.535,6.0,13.7,.439,3.3,3.9,.849,6.3,2.6,1.9,0.4,2.8,4.1,30.2,,120.9,103.3
0,4,33,825,21.4,.633,.611,.621,.176,339,3.0,10.2,6.4,10.3,1.9,0.7,10.4,23.0,,2.7,0.8,3.5,.172,,4.9,-2.5,2.4
1,0,29,397,27,83,.325,19,48,.396,8,35,.229,19,29,.655,20,28,48,20,18,1,29,56,81
1,1,29,13.7,0.9,2.9,.325,0.7,1.7,.396,0.3,1.2,.229,0.7,1.0,.655,1.7,0.7,0.6,0.0,1.0,1.9,2.8
1,2,29,397,2.7,8.4,.325,1.9,4.8,.396,0.8,3.5,.229,1.9,2.9,.655,4.8,2.0,1.8,0.1,2.9,5.6,8.2
1,3,29,397,4.1,12.6,.325,2.9,7.3,.396,1.2,5.3,.229,2.9,4.4,.655,7.3,3.0,2.7,0.2,4.4,8.5,12.3,,83.1,101.6
1,4,29,397,5.8,.418,.373,.422,.349,90,6.0,9.1,7.5,9.7,2.7,0.3,23.1,16.5,,-0.2,0.5,0.3,.029,,-4.2,-0.3,-4.5
2,0,12,108,4,13,.308,4,13,.308,0,0,,3,6,.500,4,11,15,0,4,1,2,16,11
2,1,12,9.0,0.3,1.1,.308,0.3,1.1,.308,0.0,0.0,,0.3,0.5,.500,1.3,0.0,0.3,0.1,0.2,1.3,0.9
2,2,12,108,1.5,4.8,.308,1.5,4.8,.308,0.0,0.0,,1.1,2.2,.500,5.6,0.0,1.5,0.4,0.7,5.9,4.1
2,3,12,108,2.2,7.3,.308,2.2,7.3,.308,0.0,0.0,,1.7,3.4,.500,8.4,0.0,2.2,0.6,1.1,8.9,6.1,,79.9,100.8
2,4,12,108,3.6,.347,.308,.000,.462,12,4.4,13.2,8.6,0.0,2.2,1.1,11.2,8.6,,0.0,0.1,0.1,.037,,-6.9,-1.1,-8.0
3,0,35,417,32,70,.457,32,70,.457,0,0,,22,28,.786,34,44,78,7,6,25,23,64,86
3,1,35,11.9,0.9,2.0,.457,0.9,2.0,.457,0.0,0.0,,0.6,0.8,.786,2.2,0.2,0.2,0.7,0.7,1.8,2.5
3,2,35,417,3.1,6.7,.457,3.1,6.7,.457,0.0,0.0,,2.1,2.7,.786,7.5,0.7,0.6,2.4,2.2,6.1,8.2
3,3,35,417,4.6,10.1,.457,4.6,10.1,.457,0.0,0.0,,3.2,4.1,.786,11.3,1.0,0.9,3.6,3.3,9.3,12.4,,99.5,100.8
3,4,35,417,10.3,.516,.457,.000,.400,93,9.7,13.6,11.6,3.3,0.9,7.4,21.6,13.3,,0.3,0.5,0.8,.080,,-4.5,2.5,-2.0
4,0,31,838,109,261,.418,70,153,.458,39,108,.361,82,112,.732,37,144,181,61,61,17,63,86,339
4,1,31,27.0,3.5,8.4,.418,2.3,4.9,.458,1.3,3.5,.361,2.6,3.6,.732,5.8,2.0,2.0,0.5,2.0,2.8,10.9
4,2,31,838,5.2,12.5,.418,3.3,7.3,.458,1.9,5.2,.361,3.9,5.3,.732,8.6,2.9,2.9,0.8,3.0,4.1,16.2
4,3,31,838,7.8,18.8,.418,5.0,11.0,.458,2.8,7.8,.361,5.9,8.1,.732,13.0,4.4,4.4,1.2,4.5,6.2,24.4,,105.1,92.3
4,4,31,838,20.5,.539,.492,.414,.429,331,5.2,22.2,13.4,15.9,4.4,2.5,16.7,23.5,,1.6,1.8,3.3,.158,,0.9,3.1,4.1
5,0,34,955,113,246,.459,69,143,.483,44,103,.427,125,152,.822,60,143,203,52,43,4,57,81,395
5,1,34,28.1,3.3,7.2,.459,2.0,4.2,.483,1.3,3.0,.427,3.7,4.5,.822,6.0,1.5,1.3,0.1,1.7,2.4,11.6
5,2,34,955,4.7,10.3,.459,2.9,6.0,.483,1.8,4.3,.427,5.2,6.4,.822,8.5,2.2,1.8,0.2,2.4,3.4,16.5
5,3,34,955,7.1,15.5,.459,4.4,9.0,.483,2.8,6.5,.427,7.9,9.6,.822,12.8,3.3,2.7,0.3,3.6,5.1,25.0,,121.5,98.0
5,4,34,955,21.6,.621,.549,.419,.618,383,7.5,19.3,13.1,11.6,2.7,0.5,15.2,20.5,,3.1,1.5,4.6,.191,,3.4,0.2,3.6
6,0,31,781,98,267,.367,63,165,.382,35,102,.343,98,128,.766,14,39,53,158,51,2,76,78,329
6,1,31,25.2,3.2,8.6,.367,2.0,5.3,.382,1.1,3.3,.343,3.2,4.1,.766,1.7,5.1,1.6,0.1,2.5,2.5,10.6
6,2,31,781,5.0,13.7,.367,3.2,8.5,.382,1.8,5.2,.343,5.0,6.6,.766,2.7,8.1,2.6,0.1,3.9,4.0,16.9
6,3,31,781,7.6,20.6,.367,4.9,12.7,.382,2.7,7.9,.343,7.6,9.9,.766,4.1,12.2,3.9,0.2,5.9,6.0,25.4,,105.8,100.3
6,4,31,781,19.3,.502,.433,.382,.479,380,2.1,6.4,4.2,43.8,3.9,0.3,18.8,26.9,,1.8,1.0,2.9,.147,,1.8,-2.1,-0.3
7,0,6,17,0,14,.000,0,8,.000,0,6,.000,1,2,.500,1,1,2,1,1,0,3,2,1
7,1,6,2.8,0.0,2.3,.000,0.0,1.3,.000,0.0,1.0,.000,0.2,0.3,.500,0.3,0.2,0.2,0.0,0.5,0.3,0.2
7,2,6,17,0.0,32.9,.000,0.0,18.8,.000,0.0,14.1,.000,2.4,4.7,.500,4.7,2.4,2.4,0.0,7.1,4.7,2.4
7,3,6,17,0.0,49.7,.000,0.0,28.4,.000,0.0,21.3,.000,3.5,7.1,.500,7.1,3.5,3.5,0.0,10.6,7.1,3.5,,15.0,100.7
7,4,6,17,-37.6,.033,.000,.429,.143,2,7.0,7.6,7.3,10.0,3.5,0.0,16.7,55.0,,-0.3,0.0,-0.3,-.649,,-34.0,-7.8,-41.7
8,0,33,837,109,193,.565,108,192,.563,1,1,1.000,63,95,.663,47,69,116,25,35,13,53,69,282
8,1,33,25.4,3.3,5.8,.565,3.3,5.8,.563,0.0,0.0,1.000,1.9,2.9,.663,3.5,0.8,1.1,0.4,1.6,2.1,8.5
8,2,33,837,5.2,9.2,.565,5.2,9.2,.563,0.0,0.0,1.000,3.0,4.5,.663,5.5,1.2,1.7,0.6,2.5,3.3,13.5
8,3,33,837,7.9,13.9,.565,7.8,13.8,.563,0.1,0.1,1.000,4.5,6.8,.663,8.4,1.8,2.5,0.9,3.8,5.0,20.3,,107.5,101.2
8,4,33,837,15.8,.592,.567,.005,.492,261,6.7,10.6,8.6,6.5,2.5,1.9,18.2,18.1,,1.4,1.0,2.4,.115,,-1.1,0.7,-0.4
9,0,15,216,15,39,.385,15,39,.385,0,0,,4,15,.267,23,11,34,3,8,21,17,35,34
9,1,15,14.4,1.0,2.6,.385,1.0,2.6,.385,0.0,0.0,,0.3,1.0,.267,2.3,0.2,0.5,1.4,1.1,2.3,2.3
9,2,15,216,2.8,7.2,.385,2.8,7.2,.385,0.0,0.0,,0.7,2.8,.267,6.3,0.6,1.5,3.9,3.1,6.5,6.3
9,3,15,216,4.2,10.9,.385,4.2,10.9,.385,0.0,0.0,,1.1,4.2,.267,9.5,0.8,2.2,5.9,4.7,9.8,9.5,,74.2,98.4
9,4,15,216,7.2,.369,.385,.000,.385,43,12.6,6.6,9.7,2.7,2.2,12.0,26.9,15.2,,-0.2,0.3,0.1,.014,,-6.9,6.1,-0.8
10,0,32,752,65,164,.396,48,97,.495,17,67,.254,43,55,.782,28,43,71,88,29,0,49,52,190
10,1,32,23.5,2.0,5.1,.396,1.5,3.0,.495,0.5,2.1,.254,1.3,1.7,.782,2.2,2.8,0.9,0.0,1.5,1.6,5.9
10,2,32,752,3.5,8.7,.396,2.6,5.2,.495,0.9,3.6,.254,2.3,2.9,.782,3.8,4.7,1.5,0.0,2.6,2.8,10.1
10,3,32,752,5.2,13.2,.396,3.9,7.8,.495,1.4,5.4,.254,3.4,4.4,.782,5.7,7.1,2.3,0.0,3.9,4.2,15.2,,103.6,103.8
10,4,32,752,12.3,.500,.448,.409,.335,224,4.4,7.4,5.8,23.4,2.3,0.0,20.5,16.6,,1.0,0.7,1.7,.091,,-0.7,-1.3,-2.0
11,0,6,16,1,4,.250,1,3,.333,0,1,.000,0,0,,2,0,2,0,2,0,3,3,2
11,1,6,2.7,0.2,0.7,.250,0.2,0.5,.333,0.0,0.2,.000,0.0,0.0,,0.3,0.0,0.3,0.0,0.5,0.5,0.3
11,2,6,16,2.5,10.0,.250,2.5,7.5,.333,0.0,2.5,.000,0.0,0.0,,5.0,0.0,5.0,0.0,7.5,7.5,5.0
11,3,6,16,3.8,15.1,.250,3.8,11.3,.333,0.0,3.8,.000,0.0,0.0,,7.5,0.0,7.5,0.0,11.3,11.3,7.5,,44.5,94.4
11,4,6,16,-3.6,.250,.250,.250,.000,3,14.8,0.0,7.7,0.0,7.5,0.0,42.9,22.8,,-0.1,0.0,-0.1,-.133,,-12.3,0.9,-11.4
12,0,35,866,109,257,.424,35,79,.443,74,178,.416,25,33,.758,17,59,76,41,29,3,30,87,317
12,1,35,24.7,3.1,7.3,.424,1.0,2.3,.443,2.1,5.1,.416,0.7,0.9,.758,2.2,1.2,0.8,0.1,0.9,2.5,9.1
12,2,35,866,5.0,11.9,.424,1.6,3.6,.443,3.4,8.2,.416,1.2,1.5,.758,3.5,1.9,1.3,0.1,1.4,4.0,14.6
12,3,35,866,7.6,17.9,.424,2.4,5.5,.443,5.2,12.4,.416,1.7,2.3,.758,5.3,2.9,2.0,0.2,2.1,6.1,22.1,,115.6,103.5
12,4,35,866,14.9,.581,.568,.693,.128,273,2.3,8.8,5.4,10.3,2.0,0.4,9.9,18.2,,1.9,0.9,2.8,.128,,2.5,-1.9,0.6
