0,0,32,817,111,247,.449,104,227,.458,7,20,.350,81,128,.633,76,92,168,45,29,14,69,105,310
0,1,32,25.5,3.5,7.7,.449,3.3,7.1,.458,0.2,0.6,.350,2.5,4.0,.633,5.3,1.4,0.9,0.4,2.2,3.3,9.7
0,2,32,817,5.4,12.1,.449,5.1,11.1,.458,0.3,1.0,.350,4.0,6.3,.633,8.2,2.2,1.4,0.7,3.4,5.1,15.2
0,3,32,817,8.3,18.4,.449,7.7,16.9,.458,0.5,1.5,.350,6.0,9.5,.633,12.5,3.3,2.2,1.0,5.1,7.8,23.1,,99.7,100.0
0,4,32,817,16.2,.504,.464,.081,.518,312,10.8,13.6,12.2,12.1,2.2,2.1,18.3,23.4,,1.0,1.1,2.1,.104,,0.3,1.8,2.1
1,0,10,106,10,23,.435,4,8,.500,6,15,.400,2,4,.500,3,9,12,10,3,1,11,9,28
1,1,10,10.6,1.0,2.3,.435,0.4,0.8,.500,0.6,1.5,.400,0.2,0.4,.500,1.2,1.0,0.3,0.1,1.1,0.9,2.8
1,2,10,106,3.8,8.7,.435,1.5,3.0,.500,2.3,5.7,.400,0.8,1.5,.500,4.5,3.8,1.1,0.4,4.2,3.4,10.6
1,3,10,106,5.7,13.2,.435,2.3,4.6,.500,3.4,8.6,.400,1.1,2.3,.500,6.9,5.7,1.7,0.6,6.3,5.2,16.0,,91.9,103.3
1,4,10,106,10.0,.562,.565,.652,.174,29,3.3,10.2,6.7,19.0,1.7,1.2,30.6,17.2,,0.0,0.1,0.1,.053,,-0.9,-0.2,-1.1
2,0,32,952,153,374,.409,98,218,.450,55,156,.353,80,115,.696,16,82,98,68,42,3,88,81,441
2,1,32,29.8,4.8,11.7,.409,3.1,6.8,.450,1.7,4.9,.353,2.5,3.6,.696,3.1,2.1,1.3,0.1,2.8,2.5,13.8
2,2,32,952,6.4,15.7,.409,4.1,9.2,.450,2.3,6.6,.353,3.4,4.8,.696,4.1,2.9,1.8,0.1,3.7,3.4,18.5
2,3,32,952,9.8,23.9,.409,6.3,13.9,.450,3.5,10.0,.353,5.1,7.3,.696,6.3,4.3,2.7,0.2,5.6,5.2,28.1,,98.9,101.3
2,4,32,952,15.7,.514,.483,.417,.307,401,1.9,10.4,6.1,16.6,2.7,0.4,17.0,27.6,,1.2,1.2,2.4,.101,,1.7,-0.3,1.5
3,0,18,149,9,35,.257,9,35,.257,0,0,,3,8,.375,13,15,28,0,8,8,12,27,21
3,1,18,8.3,0.5,1.9,.257,0.5,1.9,.257,0.0,0.0,,0.2,0.4,.375,1.6,0.0,0.4,0.4,0.7,1.5,1.2
3,2,18,149,2.4,9.4,.257,2.4,9.4,.257,0.0,0.0,,0.8,2.1,.375,7.5,0.0,2.1,2.1,3.2,7.2,5.6
3,3,18,149,3.7,14.3,.257,3.7,14.3,.257,0.0,0.0,,1.2,3.3,.375,11.4,0.0,3.3,3.3,4.9,11.0,8.6,,57.5,96.2
3,4,18,149,2.4,.271,.257,.000,.229,24,10.1,12.1,11.1,0.0,3.3,6.7,23.6,17.3,,-0.4,0.3,-0.1,-.034,,-9.7,2.5,-7.2
4,0,31,495,48,98,.490,48,98,.490,0,0,,32,47,.681,22,44,66,12,12,5,40,89,128
4,1,31,16.0,1.5,3.2,.490,1.5,3.2,.490,0.0,0.0,,1.0,1.5,.681,2.1,0.4,0.4,0.2,1.3,2.9,4.1
4,2,31,495,3.9,7.9,.490,3.9,7.9,.490,0.0,0.0,,2.6,3.8,.681,5.3,1.0,1.0,0.4,3.2,7.2,10.3
4,3,31,495,5.9,12.0,.490,5.9,12.0,.490,0.0,0.0,,3.9,5.8,.681,8.1,1.5,1.5,0.6,4.9,10.9,15.7,,90.5,103.0
4,4,31,495,7.4,.532,.490,.000,.480,120,5.1,10.7,7.9,4.9,1.5,1.3,24.9,16.5,,0.1,0.5,0.6,.049,,-3.4,0.6,-2.8
5,0,16,155,21,44,.477,19,39,.487,2,5,.400,8,10,.800,11,19,30,6,4,3,3,17,52
5,1,16,9.7,1.3,2.8,.477,1.2,2.4,.487,0.1,0.3,.400,0.5,0.6,.800,1.9,0.4,0.3,0.2,0.2,1.1,3.3
5,2,16,155,5.4,11.4,.477,4.9,10.1,.487,0.5,1.3,.400,2.1,2.6,.800,7.7,1.5,1.0,0.8,0.8,4.4,13.4
5,3,16,155,8.2,17.2,.477,7.4,15.3,.487,0.8,2.0,.400,3.1,3.9,.800,11.8,2.4,1.6,1.2,1.2,6.7,20.4,,121.4,100.8
5,4,16,155,18.0,.533,.500,.114,.227,49,8.2,14.8,11.4,8.5,1.6,2.4,5.8,17.0,,0.4,0.2,0.6,.153,,1.2,0.7,1.8
6,0,11,20,1,8,.125,1,2,.500,0,6,.000,0,0,,0,1,1,2,1,0,1,1,2
6,1,11,1.8,0.1,0.7,.125,0.1,0.2,.500,0.0,0.5,.000,0.0,0.0,,0.1,0.2,0.1,0.0,0.1,0.1,0.2
6,2,11,20,2.0,16.0,.125,2.0,4.0,.500,0.0,12.0,.000,0.0,0.0,,2.0,4.0,2.0,0.0,2.0,2.0,4.0
6,3,11,20,3.0,24.3,.125,3.0,6.1,.500,0.0,18.2,.000,0.0,0.0,,3.0,6.1,3.0,0.0,3.0,3.0,6.1,,41.7,103.0
6,4,11,20,-5.8,.125,.125,.750,.000,3,0.0,6.0,3.0,18.5,3.0,0.0,11.1,22.9,,-0.1,0.0,-0.1,-.142,,-8.9,-2.5,-11.4
7,0,18,107,5,17,.294,5,17,.294,0,0,,0,2,.000,8,10,18,5,0,3,13,24,10
7,1,18,5.9,0.3,0.9,.294,0.3,0.9,.294,0.0,0.0,,0.0,0.1,.000,1.0,0.3,0.0,0.2,0.7,1.3,0.6
7,2,18,107,1.9,6.4,.294,1.9,6.4,.294,0.0,0.0,,0.0,0.7,.000,6.7,1.9,0.0,1.1,4.9,9.0,3.7
7,3,18,107,2.8,9.7,.294,2.8,9.7,.294,0.0,0.0,,0.0,1.1,.000,10.2,2.8,0.0,1.7,7.4,13.6,5.7,,51.3,104.9
7,4,18,107,-3.8,.279,.294,.000,.118,14,8.7,11.3,9.9,8.6,0.0,3.5,42.0,14.7,,-0.3,0.1,-0.2,-.081,,-9.2,1.6,-7.5
8,0,32,850,101,261,.387,53,119,.445,48,142,.338,63,80,.788,8,55,63,66,45,1,56,43,313
8,1,32,26.6,3.2,8.2,.387,1.7,3.7,.445,1.5,4.4,.338,2.0,2.5,.788,2.0,2.1,1.4,0.0,1.8,1.3,9.8
8,2,32,850,4.8,12.3,.387,2.5,5.6,.445,2.3,6.7,.338,3.0,3.8,.788,3.0,3.1,2.1,0.0,2.6,2.0,14.7
8,3,32,850,7.2,18.7,.387,3.8,8.5,.445,3.4,10.1,.338,4.5,5.7,.788,4.5,4.7,3.2,0.1,4.0,3.1,22.4,,104.7,101.7
8,4,32,850,15.2,.523,.479,.544,.307,293,1.1,7.8,4.4,16.5,3.2,0.1,15.8,21.2,,1.3,1.0,2.4,.111,,2.3,-0.1,2.3
9,0,32,922,97,194,.500,86,155,.555,11,39,.282,48,67,.716,69,143,212,69,40,51,64,71,253
9,1,32,28.8,3.0,6.1,.500,2.7,4.8,.555,0.3,1.2,.282,1.5,2.1,.716,6.6,2.2,1.3,1.6,2.0,2.2,7.9
9,2,32,922,4.2,8.4,.500,3.7,6.7,.555,0.5,1.7,.282,2.1,2.9,.716,9.2,3.0,1.7,2.2,2.8,3.1,11.0
9,3,32,922,6.4,12.8,.500,5.7,10.2,.555,0.7,2.6,.282,3.2,4.4,.716,14.0,4.5,2.6,3.4,4.2,4.7,16.7,,106.4,95.0
9,4,32,922,18.9,.560,.528,.201,.345,269,8.7,18.7,13.6,15.4,2.6,6.9,22.1,16.0,,1.3,1.7,3.0,.132,,1.5,6.6,8.1
10,0,32,707,85,212,.401,74,178,.416,11,34,.324,28,36,.778,34,71,105,38,40,18,41,77,209
10,1,32,22.1,2.7,6.6,.401,2.3,5.6,.416,0.3,1.1,.324,0.9,1.1,.778,3.3,1.2,1.3,0.6,1.3,2.4,6.5
10,2,32,707,4.8,12.0,.401,4.2,10.1,.416,0.6,1.9,.324,1.6,2.0,.778,5.9,2.1,2.3,1.0,2.3,4.4,11.8
10,3,32,707,7.3,18.2,.401,6.4,15.3,.416,0.9,2.9,.324,2.4,3.1,.778,9.0,3.3,3.4,1.5,3.5,6.6,18.0,,95.2,97.6
10,4,32,707,13.4,.456,.427,.160,.170,205,5.6,12.1,8.8,11.4,3.4,3.2,15.2,19.4,,0.4,1.1,1.5,.087,,-1.2,3.4,2.2
11,0,31,349,32,57,.561,32,57,.561,0,0,,14,23,.609,34,39,73,3,10,12,18,43,78
11,1,31,11.3,1.0,1.8,.561,1.0,1.8,.561,0.0,0.0,,0.5,0.7,.609,2.4,0.1,0.3,0.4,0.6,1.4,2.5
11,2,31,349,3.7,6.5,.561,3.7,6.5,.561,0.0,0.0,,1.6,2.6,.609,8.4,0.3,1.1,1.4,2.1,4.9,8.9
11,3,31,349,5.6,9.9,.561,5.6,9.9,.561,0.0,0.0,,2.4,4.0,.609,12.7,0.5,1.7,2.1,3.1,7.5,13.6,,105.5,100.2
11,4,31,349,13.1,.574,.561,.000,.404,78,11.3,13.5,12.4,1.7,1.7,4.3,20.9,12.5,,0.4,0.5,0.8,.096,,-1.5,2.0,0.5
12,0,11,22,2,5,.400,2,5,.400,0,0,,0,0,,1,4,5,4,2,0,0,1,4
12,1,11,2.0,0.2,0.5,.400,0.2,0.5,.400,0.0,0.0,,0.0,0.0,,0.5,0.4,0.2,0.0,0.0,0.1,0.4
12,2,11,22,3.6,9.1,.400,3.6,9.1,.400,0.0,0.0,,0.0,0.0,,9.1,7.3,3.6,0.0,0.0,1.8,7.3
12,3,11,22,5.5,13.8,.400,5.5,13.8,.400,0.0,0.0,,0.0,0.0,,13.8,11.0,5.5,0.0,0.0,2.8,11.0,,125.8,89.8
12,4,11,22,21.9,.400,.400,.000,.000,6,5.3,21.9,13.4,36.4,5.5,0.0,0.0,11.5,,0.1,0.1,0.1,.187,,2.0,4.1,6.1
13,0,32,824,89,227,.392,60,140,.429,29,87,.333,39,51,.765,47,48,95,79,25,3,50,79,246
13,1,32,25.8,2.8,7.1,.392,1.9,4.4,.429,0.9,2.7,.333,1.2,1.6,.765,3.0,2.5,0.8,0.1,1.6,2.5,7.7
13,2,32,824,4.3,11.0,.392,2.9,6.8,.429,1.4,4.2,.333,1.9,2.5,.765,4.6,3.8,1.2,0.1,2.4,3.8,11.9
13,3,32,824,6.6,16.7,.392,4.4,10.3,.429,2.1,6.4,.333,2.9,3.8,.765,7.0,5.8,1.8,0.2,3.7,5.8,18.1,,104.3,104.7
13,4,32,824,13.1,.490,.456,.383,.225,263,6.6,7.0,6.8,19.9,1.8,0.5,16.6,18.6,,1.1,0.8,1.9,.093,,1.9,0.0,1.8
