0,0,25,726,81,199,.407,57,130,.438,24,69,.348,53,72,.736,13,42,55,65,19,7,79,69,239
0,1,25,29.0,3.2,8.0,.407,2.3,5.2,.438,1.0,2.8,.348,2.1,2.9,.736,2.2,2.6,0.8,0.3,3.2,2.8,9.6
0,2,25,726,4.5,11.0,.407,3.1,7.2,.438,1.3,3.8,.348,2.9,4.0,.736,3.0,3.6,1.0,0.4,4.4,3.8,13.2
0,3,25,726,6.8,16.6,.407,4.8,10.9,.438,2.0,5.8,.348,4.4,6.0,.736,4.6,5.4,1.6,0.6,6.6,5.8,20.0,,89.7,111.6
0,4,25,726,9.7,.512,.467,.347,.362,232,1.9,6.6,4.2,20.1,1.6,1.0,25.3,21.7,,0.1,0.2,0.2,.014,,-3.1,-4.4,-7.6
1,0,7,25,0,2,.000,0,2,.000,0,0,,0,0,,1,0,1,2,0,0,4,5,0
1,1,7,3.6,0.0,0.3,.000,0.0,0.3,.000,0.0,0.0,,0.0,0.0,,0.1,0.3,0.0,0.0,0.6,0.7,0.0
1,2,7,25,0.0,3.2,.000,0.0,3.2,.000,0.0,0.0,,0.0,0.0,,1.6,3.2,0.0,0.0,6.4,8.0,0.0
1,3,7,25,0.0,4.9,.000,0.0,4.9,.000,0.0,0.0,,0.0,0.0,,2.4,4.9,0.0,0.0,9.7,12.1,0.0,,21.5,118.2
1,4,7,25,-12.2,.000,.000,.000,.000,1,4.3,0.0,2.2,14.3,0.0,0.0,66.7,12.1,,-0.1,0.0,-0.1,-.203,,-15.5,-5.2,-20.6
2,0,1,4,0,0,,0,0,,0,0,,0,0,,0,0,0,0,0,0,0,0,0
2,1,1,4.0,0.0,0.0,,0.0,0.0,,0.0,0.0,,0.0,0.0,,0.0,0.0,0.0,0.0,0.0,0.0,0.0
2,2,1,4,0.0,0.0,,0.0,0.0,,0.0,0.0,,0.0,0.0,,0.0,0.0,0.0,0.0,0.0,0.0,0.0
2,3,1,4,0.0,0.0,,0.0,0.0,,0.0,0.0,,0.0,0.0,,0.0,0.0,0.0,0.0,0.0,0.0,0.0,,,119.5
2,4,1,4,0.0,,,,,0,0.0,0.0,0.0,0.0,0.0,0.0,,0.0,,0.0,0.0,0.0,-.022,,-7.7,-3.0,-10.7
3,0,7,110,6,31,.194,3,15,.200,3,16,.188,4,8,.500,3,12,15,3,0,0,10,12,19
3,1,7,15.7,0.9,4.4,.194,0.4,2.1,.200,0.4,2.3,.188,0.6,1.1,.500,2.1,0.4,0.0,0.0,1.4,1.7,2.7
3,2,7,110,2.2,11.3,.194,1.1,5.5,.200,1.1,5.8,.188,1.5,2.9,.500,5.5,1.1,0.0,0.0,3.6,4.4,6.9
3,3,7,110,3.3,17.1,.194,1.7,8.3,.200,1.7,8.8,.188,2.2,4.4,.500,8.3,1.7,0.0,0.0,5.5,6.6,10.5,,54.7,112.5
3,4,7,110,-4.5,.273,.242,.516,.258,19,2.9,12.4,7.5,5.4,0.0,0.0,22.3,20.5,,-0.4,0.0,-0.3,-.122,,-11.0,-6.5,-17.5
4,0,16,122,14,49,.286,5,24,.208,9,25,.360,4,4,1.000,5,11,16,2,1,8,13,16,41
4,1,16,7.6,0.9,3.1,.286,0.3,1.5,.208,0.6,1.6,.360,0.3,0.3,1.000,1.0,0.1,0.1,0.5,0.8,1.0,2.6
4,2,16,122,4.6,16.1,.286,1.6,7.9,.208,3.0,8.2,.360,1.3,1.3,1.000,5.2,0.7,0.3,2.6,4.3,5.2,13.4
4,3,16,122,7.0,24.4,.286,2.5,11.9,.208,4.5,12.4,.360,2.0,2.0,1.000,8.0,1.0,0.5,4.0,6.5,8.0,20.4,,74.7,109.4
4,4,16,122,4.7,.403,.378,.510,.082,36,4.4,10.2,7.2,3.7,0.5,6.9,20.3,26.4,,-0.2,0.1,-0.1,-.048,,-8.4,-4.1,-12.4
5,0,15,101,7,27,.259,4,13,.308,3,14,.214,4,7,.571,8,9,17,2,4,2,2,5,21
5,1,15,6.7,0.5,1.8,.259,0.3,0.9,.308,0.2,0.9,.214,0.3,0.5,.571,1.1,0.1,0.3,0.1,0.1,0.3,1.4
5,2,15,101,2.8,10.7,.259,1.6,5.1,.308,1.2,5.5,.214,1.6,2.8,.571,6.7,0.8,1.6,0.8,0.8,2.0,8.3
5,3,15,101,4.2,16.2,.259,2.4,7.8,.308,1.8,8.4,.214,2.4,4.2,.571,10.2,1.2,2.4,1.2,1.2,3.0,12.6,,88.5,107.8
5,4,15,101,9.5,.346,.315,.519,.259,22,8.4,10.1,9.2,4.1,2.4,2.1,6.2,16.1,,0.0,0.1,0.1,.023,,-4.2,-3.6,-7.7
6,0,30,950,175,314,.557,175,313,.559,0,1,.000,38,56,.679,99,124,223,19,27,36,51,63,388
6,1,30,31.7,5.8,10.5,.557,5.8,10.4,.559,0.0,0.0,.000,1.3,1.9,.679,7.4,0.6,0.9,1.2,1.7,2.1,12.9
6,2,30,950,7.4,13.2,.557,7.4,13.2,.559,0.0,0.0,.000,1.6,2.4,.679,9.4,0.8,1.1,1.5,2.1,2.7,16.3
6,3,30,950,11.2,20.1,.557,11.2,20.0,.559,0.0,0.1,.000,2.4,3.6,.679,14.3,1.2,1.7,2.3,3.3,4.0,24.8,,111.2,106.0
6,4,30,950,22.0,.570,.557,.003,.178,345,11.1,14.8,12.9,5.4,1.7,4.0,13.0,20.8,,2.1,0.7,2.8,.119,,0.2,-1.8,-1.6
7,0,16,367,31,85,.365,28,64,.438,3,21,.143,12,26,.462,33,51,84,10,14,10,16,41,77
7,1,16,22.9,1.9,5.3,.365,1.8,4.0,.438,0.2,1.3,.143,0.8,1.6,.462,5.3,0.6,0.9,0.6,1.0,2.6,4.8
7,2,16,367,3.4,9.3,.365,3.1,7.0,.438,0.3,2.3,.143,1.3,2.8,.462,9.2,1.1,1.5,1.1,1.7,4.5,8.4
7,3,16,367,5.1,14.1,.365,4.6,10.6,.438,0.5,3.5,.143,2.0,4.3,.462,13.9,1.7,2.3,1.7,2.6,6.8,12.7,,87.8,104.4
7,4,16,367,10.7,.395,.382,.247,.306,81,9.6,15.8,12.6,5.8,2.3,2.9,14.1,15.6,,0.0,0.3,0.3,.034,,-4.4,-1.3,-5.6
8,0,10,42,1,10,.100,0,3,.000,1,7,.143,1,4,.250,0,1,1,1,2,0,5,2,4
8,1,10,4.2,0.1,1.0,.100,0.0,0.3,.000,0.1,0.7,.143,0.1,0.4,.250,0.1,0.1,0.2,0.0,0.5,0.2,0.4
8,2,10,42,1.0,9.5,.100,0.0,2.9,.000,1.0,6.7,.143,1.0,3.8,.250,1.0,1.0,1.9,0.0,4.8,1.9,3.8
8,3,10,42,1.4,14.5,.100,0.0,4.3,.000,1.4,10.1,.143,1.4,5.8,.250,1.4,1.4,2.9,0.0,7.2,2.9,5.8,,30.4,111.5
8,4,10,42,-9.6,.168,.150,.700,.400,4,0.0,2.7,1.3,4.5,2.9,0.0,29.6,20.3,,-0.2,0.0,-0.2,-.209,,-13.7,-4.9,-18.7
9,0,28,637,50,187,.267,35,126,.278,15,61,.246,39,71,.549,51,68,119,32,21,2,54,56,154
9,1,28,22.8,1.8,6.7,.267,1.3,4.5,.278,0.5,2.2,.246,1.4,2.5,.549,4.3,1.1,0.8,0.1,1.9,2.0,5.5
9,2,28,637,3.1,11.7,.267,2.2,7.9,.278,0.9,3.8,.246,2.4,4.5,.549,7.5,2.0,1.3,0.1,3.4,3.5,9.7
9,3,28,637,4.8,17.8,.267,3.3,12.0,.278,1.4,5.8,.246,3.7,6.8,.549,11.3,3.1,2.0,0.2,5.1,5.3,14.7,,74.7,108.2
9,4,28,637,5.8,.349,.307,.326,.380,166,8.5,12.1,10.3,10.5,2.0,0.3,19.7,21.7,,-0.9,0.3,-0.6,-.036,,-6.2,-3.5,-9.7
10,0,30,602,43,142,.303,32,93,.344,11,49,.224,19,31,.613,34,45,79,32,20,3,42,49,116
10,1,30,20.1,1.4,4.7,.303,1.1,3.1,.344,0.4,1.6,.224,0.6,1.0,.613,2.6,1.1,0.7,0.1,1.4,1.6,3.9
10,2,30,602,2.9,9.4,.303,2.1,6.2,.344,0.7,3.3,.224,1.3,2.1,.613,5.2,2.1,1.3,0.2,2.8,3.3,7.7
10,3,30,602,4.3,14.3,.303,3.2,9.4,.344,1.1,4.9,.224,1.9,3.1,.613,8.0,3.2,2.0,0.3,4.2,4.9,11.7,,77.0,110.0
10,4,30,602,5.5,.370,.342,.345,.218,125,6.0,8.5,7.2,10.9,2.0,0.5,21.1,16.6,,-0.6,0.2,-0.3,-.022,,-5.6,-3.1,-8.6
11,0,30,821,117,266,.440,99,202,.490,18,64,.281,34,56,.607,63,113,176,28,17,44,46,67,286
11,1,30,27.4,3.9,8.9,.440,3.3,6.7,.490,0.6,2.1,.281,1.1,1.9,.607,5.9,0.9,0.6,1.5,1.5,2.2,9.5
11,2,30,821,5.7,13.0,.440,4.8,9.8,.490,0.9,3.1,.281,1.7,2.7,.607,8.6,1.4,0.8,2.1,2.2,3.3,13.9
11,3,30,821,8.7,19.7,.440,7.3,14.9,.490,1.3,4.7,.281,2.5,4.1,.607,13.0,2.1,1.3,3.3,3.4,5.0,21.2,,99.4,105.8
11,4,30,821,16.6,.489,.474,.241,.211,265,8.2,15.6,11.8,8.2,1.3,5.6,13.6,20.8,,0.9,0.6,1.5,.073,,-2.0,-1.0,-3.1
12,0,30,454,39,96,.406,35,77,.455,4,19,.211,13,22,.591,39,54,93,7,7,7,25,47,95
12,1,30,15.1,1.3,3.2,.406,1.2,2.6,.455,0.1,0.6,.211,0.4,0.7,.591,3.1,0.2,0.2,0.2,0.8,1.6,3.2
12,2,30,454,3.4,8.5,.406,3.1,6.8,.455,0.4,1.7,.211,1.1,1.9,.591,8.2,0.6,0.6,0.6,2.2,4.1,8.4
12,3,30,454,5.2,12.8,.406,4.7,10.3,.455,0.5,2.5,.211,1.7,2.9,.591,12.4,0.9,0.9,0.9,3.3,6.3,12.7,,88.4,109.2
12,4,30,454,8.4,.446,.427,.198,.229,95,9.2,13.5,11.3,3.3,0.9,1.6,19.0,14.6,,0.0,0.2,0.2,.018,,-5.4,-3.8,-9.2
13,0,1,0,0,0,,0,0,,0,0,,0,0,,0,0,0,0,0,0,0,0,0
13,1,1,0.0,0.0,0.0,,0.0,0.0,,0.0,0.0,,0.0,0.0,,0.0,0.0,0.0,0.0,0.0,0.0,0.0
13,2,1,0,,,,,,,,,,,,,,,,,,,
13,3,1,0,,,,,,,,,,,,,,,,,,,,,,
13,4,1,0,,,,,,,,,,,,,,,,0.0,0.0,0.0,,,-7.7,-3.1,-10.8
14,0,30,1079,114,320,.356,68,181,.376,46,139,.331,94,130,.723,11,87,98,160,47,0,92,81,368
14,1,30,36.0,3.8,10.7,.356,2.3,6.0,.376,1.5,4.6,.331,3.1,4.3,.723,3.3,5.3,1.6,0.0,3.1,2.7,12.3
14,2,30,1079,4.2,11.9,.356,2.5,6.7,.376,1.7,5.2,.331,3.5,4.8,.723,3.6,5.9,1.7,0.0,3.4,3.0,13.6
14,3,30,1079,6.4,18.0,.356,3.8,10.2,.376,2.6,7.8,.331,5.3,7.3,.723,5.5,9.0,2.6,0.0,5.2,4.6,20.7,,98.6,108.6
14,4,30,1079,14.2,.482,.428,.434,.406,391,1.1,9.1,5.0,32.8,2.6,0.0,19.4,22.1,,1.2,0.6,1.7,.065,,0.2,-4.3,-4.1
15,0,12,35,0,3,.000,0,3,.000,0,0,,0,0,,2,2,4,0,2,0,3,5,0
15,1,12,2.9,0.0,0.3,.000,0.0,0.3,.000,0.0,0.0,,0.0,0.0,,0.3,0.0,0.2,0.0,0.3,0.4,0.0
15,2,12,35,0.0,3.4,.000,0.0,3.4,.000,0.0,0.0,,0.0,0.0,,4.6,0.0,2.3,0.0,3.4,5.7,0.0
15,3,12,35,0.0,5.2,.000,0.0,5.2,.000,0.0,0.0,,0.0,0.0,,6.9,0.0,3.5,0.0,5.2,8.7,0.0,,14.5,107.6
15,4,12,35,-4.6,.000,.000,.000,.000,1,6.1,6.5,6.3,0.0,3.5,0.0,50.0,8.6,,-0.1,0.0,-0.1,-.107,,-12.4,-1.8,-14.2
