0,0,29,634,63,170,.371,56,136,.412,7,34,.206,25,40,.625,25,52,77,26,14,7,47,56,158
0,1,29,21.9,2.2,5.9,.371,1.9,4.7,.412,0.2,1.2,.206,0.9,1.4,.625,2.7,0.9,0.5,0.2,1.6,1.9,5.4
0,2,29,634,4.0,10.7,.371,3.5,8.6,.412,0.4,2.1,.206,1.6,2.5,.625,4.9,1.6,0.9,0.4,3.0,3.5,10.0
0,3,29,634,5.7,15.4,.371,5.1,12.3,.412,0.6,3.1,.206,2.3,3.6,.625,7.0,2.4,1.3,0.6,4.3,5.1,14.3,,81.5,113.6
0,4,29,634,6.3,.418,.391,.200,.235,154,4.0,9.1,6.4,8.6,1.3,1.1,19.9,17.8,,-0.4,0.0,-0.4,-.022,,-5.9,-4.2,-10.1
1,0,27,587,61,128,.477,61,125,.488,0,3,.000,46,94,.489,38,76,114,16,20,19,42,58,168
1,1,27,21.7,2.3,4.7,.477,2.3,4.6,.488,0.0,0.1,.000,1.7,3.5,.489,4.2,0.6,0.7,0.7,1.6,2.1,6.2
1,2,27,587,4.2,8.7,.477,4.2,8.5,.488,0.0,0.2,.000,3.1,6.4,.489,7.8,1.1,1.4,1.3,2.9,4.0,11.4
1,3,27,587,6.0,12.5,.477,6.0,12.2,.488,0.0,0.3,.000,4.5,9.2,.489,11.2,1.6,2.0,1.9,4.1,5.7,16.5,,91.3,108.7
1,4,27,587,12.3,.487,.477,.023,.734,162,6.6,14.4,10.3,5.8,2.0,3.2,19.6,17.4,,0.1,0.3,0.4,.030,,-4.7,-2.0,-6.7
2,0,2,8,0,0,,0,0,,0,0,,0,0,,0,0,0,1,0,0,0,0,0
2,1,2,4.0,0.0,0.0,,0.0,0.0,,0.0,0.0,,0.0,0.0,,0.0,0.5,0.0,0.0,0.0,0.0,0.0
2,2,2,8,0.0,0.0,,0.0,0.0,,0.0,0.0,,0.0,0.0,,0.0,5.0,0.0,0.0,0.0,0.0,0.0
2,3,2,8,0.0,0.0,,0.0,0.0,,0.0,0.0,,0.0,0.0,,0.0,7.2,0.0,0.0,0.0,0.0,0.0,,219.7,121.6
2,4,2,8,5.0,,,,,0,0.0,0.0,0.0,21.7,0.0,0.0,,0.0,,0.0,0.0,0.0,.008,,-8.0,-9.5,-17.5
3,0,2,16,1,4,.250,1,2,.500,0,2,.000,0,0,,2,2,4,0,0,0,1,3,2
3,1,2,8.0,0.5,2.0,.250,0.5,1.0,.500,0.0,1.0,.000,0.0,0.0,,2.0,0.0,0.0,0.0,0.5,1.5,1.0
3,2,2,16,2.5,10.0,.250,2.5,5.0,.500,0.0,5.0,.000,0.0,0.0,,10.0,0.0,0.0,0.0,2.5,7.5,5.0
3,3,2,16,3.6,14.4,.250,3.6,7.2,.500,0.0,7.2,.000,0.0,0.0,,14.4,0.0,0.0,0.0,3.6,10.8,7.2,,61.4,114.0
3,4,2,16,-0.7,.250,.250,.500,.000,2,12.7,13.9,13.3,0.0,0.0,0.0,20.0,14.9,,0.0,0.0,0.0,-.078,,-9.7,-9.5,-19.2
4,0,28,500,62,135,.459,59,131,.450,3,4,.750,28,44,.636,29,43,72,15,11,9,37,70,155
4,1,28,17.9,2.2,4.8,.459,2.1,4.7,.450,0.1,0.1,.750,1.0,1.6,.636,2.6,0.5,0.4,0.3,1.3,2.5,5.5
4,2,28,500,5.0,10.8,.459,4.7,10.5,.450,0.2,0.3,.750,2.2,3.5,.636,5.8,1.2,0.9,0.7,3.0,5.6,12.4
4,3,28,500,7.1,15.5,.459,6.8,15.1,.450,0.3,0.5,.750,3.2,5.1,.636,8.3,1.7,1.3,1.0,4.3,8.1,17.8,,93.3,112.7
4,4,28,500,10.1,.497,.470,.030,.326,146,5.9,9.6,7.6,6.6,1.3,1.8,19.2,18.4,,0.2,0.1,0.3,.022,,-4.7,-4.1,-8.8
5,0,31,509,33,131,.252,15,67,.224,18,64,.281,17,30,.567,36,61,97,30,35,15,33,53,101
5,1,31,16.4,1.1,4.2,.252,0.5,2.2,.224,0.6,2.1,.281,0.5,1.0,.567,3.1,1.0,1.1,0.5,1.1,1.7,3.3
5,2,31,509,2.6,10.3,.252,1.2,5.3,.224,1.4,5.0,.281,1.3,2.4,.567,7.6,2.4,2.8,1.2,2.6,4.2,7.9
5,3,31,509,3.7,14.8,.252,1.7,7.6,.224,2.0,7.2,.281,1.9,3.4,.567,11.0,3.4,4.0,1.7,3.7,6.0,11.4,,78.9,104.9
5,4,31,509,9.4,.348,.321,.489,.229,114,7.2,13.3,10.1,11.5,4.0,2.9,18.5,16.7,,-0.4,0.5,0.1,.004,,-4.3,-0.4,-4.6
6,0,30,622,44,164,.268,17,59,.288,27,105,.257,55,78,.705,30,86,116,29,19,7,41,53,170
6,1,30,20.7,1.5,5.5,.268,0.6,2.0,.288,0.9,3.5,.257,1.8,2.6,.705,3.9,1.0,0.6,0.2,1.4,1.8,5.7
6,2,30,622,2.8,10.5,.268,1.1,3.8,.288,1.7,6.8,.257,3.5,5.0,.705,7.5,1.9,1.2,0.5,2.6,3.4,10.9
6,3,30,622,4.1,15.2,.268,1.6,5.5,.288,2.5,9.7,.257,5.1,7.2,.705,10.7,2.7,1.8,0.6,3.8,4.9,15.7,,89.5,109.9
6,4,30,622,9.4,.423,.351,.640,.476,171,4.9,15.4,9.9,9.2,1.8,1.1,16.9,18.6,,0.0,0.3,0.3,.019,,-3.2,-4.0,-7.2
7,0,3,5,0,0,,0,0,,0,0,,0,0,,0,0,0,0,1,0,0,1,0
7,1,3,1.7,0.0,0.0,,0.0,0.0,,0.0,0.0,,0.0,0.0,,0.0,0.0,0.3,0.0,0.0,0.3,0.0
7,2,3,5,0.0,0.0,,0.0,0.0,,0.0,0.0,,0.0,0.0,,0.0,0.0,8.0,0.0,0.0,8.0,0.0
7,3,3,5,0.0,0.0,,0.0,0.0,,0.0,0.0,,0.0,0.0,,0.0,0.0,11.5,0.0,0.0,11.5,0.0,,,94.8
7,4,3,5,8.7,,,,,0,0.0,0.0,0.0,0.0,11.5,0.0,,0.0,,0.0,0.0,0.0,.076,,-3.3,6.8,3.5
8,0,31,556,55,117,.470,53,109,.486,2,8,.250,26,36,.722,72,56,128,2,11,10,34,66,138
8,1,31,17.9,1.8,3.8,.470,1.7,3.5,.486,0.1,0.3,.250,0.8,1.2,.722,4.1,0.1,0.4,0.3,1.1,2.1,4.5
8,2,31,556,4.0,8.4,.470,3.8,7.8,.486,0.1,0.6,.250,1.9,2.6,.722,9.2,0.1,0.8,0.7,2.4,4.7,9.9
8,3,31,556,5.7,12.1,.470,5.5,11.3,.486,0.2,0.8,.250,2.7,3.7,.722,13.2,0.2,1.1,1.0,3.5,6.8,14.3,,99.6,112.4
8,4,31,556,11.8,.515,.479,.068,.308,142,13.2,11.2,12.2,0.8,1.1,1.8,20.2,14.4,,0.4,0.1,0.5,.038,,-3.9,-5.1,-9.0
9,0,28,915,176,437,.403,125,280,.446,51,157,.325,76,99,.768,26,79,105,48,28,3,91,60,479
9,1,28,32.7,6.3,15.6,.403,4.5,10.0,.446,1.8,5.6,.325,2.7,3.5,.768,3.8,1.7,1.0,0.1,3.3,2.1,17.1
9,2,28,915,7.7,19.1,.403,5.5,12.2,.446,2.2,6.9,.325,3.3,4.3,.768,4.6,2.1,1.2,0.1,4.0,2.6,20.9
9,3,28,915,11.1,27.5,.403,7.9,17.6,.446,3.2,9.9,.325,4.8,6.2,.768,6.6,3.0,1.8,0.2,5.7,3.8,30.1,,96.3,112.9
9,4,28,915,15.4,.495,.461,.359,.227,428,2.9,9.6,6.1,13.6,1.8,0.3,15.8,30.0,,0.9,0.1,1.0,.046,,-0.5,-5.9,-6.5
10,0,27,736,112,227,.493,106,199,.533,6,28,.214,55,100,.550,91,126,217,24,14,53,56,55,285
10,1,27,27.3,4.1,8.4,.493,3.9,7.4,.533,0.2,1.0,.214,2.0,3.7,.550,8.0,0.9,0.5,2.0,2.1,2.0,10.6
10,2,27,736,6.1,12.3,.493,5.8,10.8,.533,0.3,1.5,.214,3.0,5.4,.550,11.8,1.3,0.8,2.9,3.0,3.0,15.5
10,3,27,736,8.8,17.7,.493,8.3,15.5,.533,0.5,2.2,.214,4.3,7.8,.550,17.0,1.9,1.1,4.1,4.4,4.3,22.3,,101.9,106.9
10,4,27,736,20.6,.519,.507,.123,.441,279,12.6,19.0,15.6,7.7,1.1,7.0,16.9,21.4,,1.0,0.5,1.5,.083,,-1.6,-0.8,-2.4
11,0,31,1078,111,303,.366,83,210,.395,28,93,.301,87,115,.757,17,59,76,135,36,0,83,75,337
11,1,31,34.8,3.6,9.8,.366,2.7,6.8,.395,0.9,3.0,.301,2.8,3.7,.757,2.5,4.4,1.2,0.0,2.7,2.4,10.9
11,2,31,1078,4.1,11.2,.366,3.1,7.8,.395,1.0,3.5,.301,3.2,4.3,.757,2.8,5.0,1.3,0.0,3.1,2.8,12.5
11,3,31,1078,5.9,16.2,.366,4.4,11.2,.395,1.5,5.0,.301,4.6,6.1,.757,4.1,7.2,1.9,0.0,4.4,4.0,18.0,,97.6,114.2
11,4,31,1078,11.7,.471,.413,.307,.380,359,1.6,6.1,3.7,26.4,1.9,0.0,18.8,19.5,,0.9,0.0,0.9,.034,,-1.7,-5.6,-7.2
12,0,11,84,3,11,.273,3,11,.273,0,0,,2,5,.400,7,13,20,1,3,8,11,13,8
12,1,11,7.6,0.3,1.0,.273,0.3,1.0,.273,0.0,0.0,,0.2,0.5,.400,1.8,0.1,0.3,0.7,1.0,1.2,0.7
12,2,11,84,1.4,5.2,.273,1.4,5.2,.273,0.0,0.0,,1.0,2.4,.400,9.5,0.5,1.4,3.8,5.2,6.2,3.8
12,3,11,84,2.1,7.5,.273,2.1,7.5,.273,0.0,0.0,,1.4,3.4,.400,13.7,0.7,2.1,5.5,7.5,8.9,5.5,,46.4,103.8
12,4,11,84,2.7,.299,.273,.000,.455,10,8.5,17.2,12.6,2.2,2.1,9.3,45.1,13.8,,-0.3,0.1,-0.2,-.084,,-12.2,2.0,-10.3
