0,0,33,957,109,200,.545,78,125,.624,31,75,.413,75,90,.833,47,99,146,90,40,8,56,91,324
0,1,33,29.0,3.3,6.1,.545,2.4,3.8,.624,0.9,2.3,.413,2.3,2.7,.833,4.4,2.7,1.2,0.2,1.7,2.8,9.8
0,2,33,957,4.6,8.4,.545,3.3,5.2,.624,1.3,3.1,.413,3.1,3.8,.833,6.1,3.8,1.7,0.3,2.3,3.8,13.5
0,3,33,957,6.9,12.6,.545,4.9,7.9,.624,2.0,4.7,.413,4.7,5.7,.833,9.2,5.7,2.5,0.5,3.5,5.7,20.4,,126.6,96.4
0,4,33,957,19.9,.667,.623,.375,.450,346,6.0,11.4,8.9,18.9,2.5,0.9,18.7,16.5,,2.9,1.8,4.7,.196,,4.4,1.6,6.0
1,0,19,114,9,23,.391,5,14,.357,4,9,.444,22,33,.667,1,13,14,7,4,0,5,8,44
1,1,19,6.0,0.5,1.2,.391,0.3,0.7,.357,0.2,0.5,.444,1.2,1.7,.667,0.7,0.4,0.2,0.0,0.3,0.4,2.3
1,2,19,114,3.2,8.1,.391,1.8,4.9,.357,1.4,3.2,.444,7.7,11.6,.667,4.9,2.5,1.4,0.0,1.8,2.8,15.4
1,3,19,114,4.8,12.2,.391,2.6,7.4,.357,2.1,4.8,.444,11.6,17.5,.667,7.4,3.7,2.1,0.0,2.6,4.2,23.3,,117.8,97.5
1,4,19,114,17.3,.569,.478,.391,1.435,43,1.1,12.6,7.1,11.6,2.1,0.0,11.4,20.2,,0.3,0.2,0.5,.173,,0.3,-1.5,-1.2
2,0,25,246,18,30,.600,18,30,.600,0,0,,16,38,.421,27,27,54,3,4,28,13,45,52
2,1,25,9.8,0.7,1.2,.600,0.7,1.2,.600,0.0,0.0,,0.6,1.5,.421,2.2,0.1,0.2,1.1,0.5,1.8,2.1
2,2,25,246,2.9,4.9,.600,2.9,4.9,.600,0.0,0.0,,2.6,6.2,.421,8.8,0.5,0.7,4.6,2.1,7.3,8.5
2,3,25,246,4.4,7.4,.600,4.4,7.4,.600,0.0,0.0,,3.9,9.3,.421,13.2,0.7,1.0,6.9,3.2,11.0,12.7,,105.8,92.7
2,4,25,246,14.4,.541,.600,.000,1.267,61,13.4,12.1,12.7,2.3,1.0,12.3,21.3,13.1,,0.3,0.5,0.8,.132,,-2.8,5.8,3.0
3,0,8,29,3,6,.500,3,5,.600,0,1,.000,8,9,.889,3,10,13,2,0,2,1,3,14
3,1,8,3.6,0.4,0.8,.500,0.4,0.6,.600,0.0,0.1,.000,1.0,1.1,.889,1.6,0.3,0.0,0.3,0.1,0.4,1.8
3,2,8,29,4.1,8.3,.500,4.1,6.9,.600,0.0,1.4,.000,11.0,12.4,.889,17.9,2.8,0.0,2.8,1.4,4.1,19.3
3,3,8,29,6.2,12.5,.500,6.2,10.4,.600,0.0,2.1,.000,16.6,18.7,.889,27.0,4.2,0.0,4.2,2.1,6.2,29.1,,150.1,86.7
3,4,8,29,34.5,.681,.500,.167,1.500,15,12.7,38.1,26.0,13.6,0.0,7.5,8.9,20.5,,0.2,0.1,0.3,.358,,3.9,3.1,6.9
4,0,30,302,34,97,.351,19,45,.422,15,52,.288,15,22,.682,9,23,32,14,7,7,21,14,98
4,1,30,10.1,1.1,3.2,.351,0.6,1.5,.422,0.5,1.7,.288,0.5,0.7,.682,1.1,0.5,0.2,0.2,0.7,0.5,3.3
4,2,30,302,4.5,12.8,.351,2.5,6.0,.422,2.0,6.9,.288,2.0,2.9,.682,4.2,1.9,0.9,0.9,2.8,1.9,13.0
4,3,30,302,6.8,19.4,.351,3.8,9.0,.422,3.0,10.4,.288,3.0,4.4,.682,6.4,2.8,1.4,1.4,4.2,2.8,19.6,,89.4,99.6
4,4,30,302,10.2,.456,.428,.536,.227,95,3.7,8.4,6.2,9.3,1.4,2.5,16.3,22.5,,0.0,0.5,0.4,.059,,-3.4,-1.1,-4.5
5,0,31,488,49,105,.467,36,68,.529,13,37,.351,26,40,.650,31,46,77,16,8,5,18,55,137
5,1,31,15.7,1.6,3.4,.467,1.2,2.2,.529,0.4,1.2,.351,0.8,1.3,.650,2.5,0.5,0.3,0.2,0.6,1.8,4.4
5,2,31,488,4.0,8.6,.467,3.0,5.6,.529,1.1,3.0,.351,2.1,3.3,.650,6.3,1.3,0.7,0.4,1.5,4.5,11.2
5,3,31,488,6.1,13.0,.467,4.4,8.4,.529,1.6,4.6,.351,3.2,4.9,.650,9.5,2.0,1.0,0.6,2.2,6.8,16.9,,114.1,100.0
5,4,31,488,12.9,.552,.529,.352,.381,140,7.8,10.4,9.2,6.4,1.0,1.1,12.7,15.4,,0.9,0.7,1.6,.131,,0.1,-0.6,-0.5
6,0,12,41,5,10,.500,1,1,1.000,4,9,.444,1,1,1.000,0,3,3,2,0,0,1,6,15
6,1,12,3.4,0.4,0.8,.500,0.1,0.1,1.000,0.3,0.8,.444,0.1,0.1,1.000,0.3,0.2,0.0,0.0,0.1,0.5,1.3
6,2,12,41,4.9,9.8,.500,1.0,1.0,1.000,3.9,8.8,.444,1.0,1.0,1.000,2.9,2.0,0.0,0.0,1.0,5.9,14.6
6,3,12,41,7.4,14.7,.500,1.5,1.5,1.000,5.9,13.2,.444,1.5,1.5,1.000,4.4,2.9,0.0,0.0,1.5,8.8,22.1,,138.6,103.5
6,4,12,41,14.5,.716,.700,.900,.100,13,0.0,8.1,4.2,10.0,0.0,0.0,8.7,14.8,,0.1,0.0,0.2,.172,,3.6,-4.0,-0.4
7,0,33,939,165,328,.503,162,321,.505,3,7,.429,130,180,.722,63,170,233,61,22,35,65,94,463
7,1,33,28.5,5.0,9.9,.503,4.9,9.7,.505,0.1,0.2,.429,3.9,5.5,.722,7.1,1.8,0.7,1.1,2.0,2.8,14.0
7,2,33,939,7.0,14.0,.503,6.9,13.7,.505,0.1,0.3,.429,5.5,7.7,.722,9.9,2.6,0.9,1.5,2.8,4.0,19.7
7,3,33,939,10.6,21.1,.503,10.4,20.6,.505,0.2,0.4,.429,8.3,11.6,.722,15.0,3.9,1.4,2.2,4.2,6.0,29.7,,112.9,93.4
7,4,33,939,24.1,.560,.508,.021,.549,463,8.2,20.0,14.4,15.0,1.4,4.0,13.6,26.9,,2.8,2.0,4.8,.203,,0.5,2.3,2.7
8,0,24,825,102,260,.392,45,120,.375,57,140,.407,52,72,.722,4,87,91,49,16,2,50,48,313
8,1,24,34.4,4.3,10.8,.392,1.9,5.0,.375,2.4,5.8,.407,2.2,3.0,.722,3.8,2.0,0.7,0.1,2.1,2.0,13.0
8,2,24,825,4.9,12.6,.392,2.2,5.8,.375,2.8,6.8,.407,2.5,3.5,.722,4.4,2.4,0.8,0.1,2.4,2.3,15.2
8,3,24,825,7.5,19.0,.392,3.3,8.8,.375,4.2,10.2,.407,3.8,5.3,.722,6.6,3.6,1.2,0.1,3.7,3.5,22.9,,102.3,99.9
8,4,24,825,13.2,.532,.502,.538,.277,287,0.6,11.6,6.4,12.2,1.2,0.3,14.5,22.0,,1.0,1.2,2.3,.109,,0.1,-1.1,-1.0
9,0,27,422,28,65,.431,26,58,.448,2,7,.286,30,43,.698,20,48,68,38,22,4,21,39,88
9,1,27,15.6,1.0,2.4,.431,1.0,2.1,.448,0.1,0.3,.286,1.1,1.6,.698,2.5,1.4,0.8,0.1,0.8,1.4,3.3
9,2,27,422,2.7,6.2,.431,2.5,5.5,.448,0.2,0.7,.286,2.8,4.1,.698,6.4,3.6,2.1,0.4,2.0,3.7,8.3
9,3,27,422,4.0,9.3,.431,3.7,8.3,.448,0.3,1.0,.286,4.3,6.1,.698,9.7,5.4,3.1,0.6,3.0,5.6,12.6,,109.2,94.5
9,4,27,422,13.8,.515,.446,.108,.662,110,5.8,12.6,9.4,16.6,3.1,1.0,19.7,13.3,,0.6,0.9,1.4,.135,,-0.8,2.5,1.7
10,0,33,1043,157,359,.437,93,183,.508,64,176,.364,86,114,.754,13,116,129,62,22,3,60,79,464
10,1,33,31.6,4.8,10.9,.437,2.8,5.5,.508,1.9,5.3,.364,2.6,3.5,.754,3.9,1.9,0.7,0.1,1.8,2.4,14.1
10,2,33,1043,6.0,13.8,.437,3.6,7.0,.508,2.5,6.7,.364,3.3,4.4,.754,4.9,2.4,0.8,0.1,2.3,3.0,17.8
10,3,33,1043,9.1,20.7,.437,5.4,10.6,.508,3.7,10.2,.364,5.0,6.6,.754,7.5,3.6,1.3,0.2,3.5,4.6,26.8,,109.9,99.2
10,4,33,1043,17.1,.562,.526,.490,.318,424,1.5,12.3,7.2,12.9,1.3,0.3,12.7,24.0,,2.3,1.6,3.9,.149,,1.8,-1.3,0.5
11,0,24,184,10,37,.270,3,5,.600,7,32,.219,4,8,.500,10,32,42,13,10,3,9,19,31
11,1,24,7.7,0.4,1.5,.270,0.1,0.2,.600,0.3,1.3,.219,0.2,0.3,.500,1.8,0.5,0.4,0.1,0.4,0.8,1.3
11,2,24,184,2.2,8.0,.270,0.7,1.1,.600,1.5,7.0,.219,0.9,1.7,.500,9.1,2.8,2.2,0.7,2.0,4.1,6.7
11,3,24,184,3.3,12.1,.270,1.0,1.6,.600,2.3,10.5,.219,1.3,2.6,.500,13.8,4.3,3.3,1.0,2.9,6.2,10.2,,89.1,90.8
11,4,24,184,10.3,.380,.365,.865,.216,40,6.7,19.2,13.3,12.7,3.3,1.8,18.1,14.3,,0.0,0.4,0.4,.092,,-1.6,2.7,1.1
12,0,33,776,94,208,.452,41,80,.513,53,128,.414,35,53,.660,23,88,111,30,17,19,40,74,276
12,1,33,23.5,2.8,6.3,.452,1.2,2.4,.513,1.6,3.9,.414,1.1,1.6,.660,3.4,0.9,0.5,0.6,1.2,2.2,8.4
12,2,33,776,4.8,10.7,.452,2.1,4.1,.513,2.7,6.6,.414,1.8,2.7,.660,5.7,1.5,0.9,1.0,2.1,3.8,14.2
12,3,33,776,7.3,16.2,.452,3.2,6.2,.513,4.1,9.9,.414,2.7,4.1,.660,8.6,2.3,1.3,1.5,3.1,5.7,21.4,,111.2,97.6
12,4,33,776,15.4,.592,.579,.615,.255,251,3.6,12.5,8.3,7.9,1.3,2.7,14.6,18.6,,1.4,1.3,2.7,.141,,1.5,0.4,1.8
13,0,33,280,27,52,.519,23,44,.523,4,8,.500,25,37,.676,19,42,61,8,7,9,18,68,83
13,1,33,8.5,0.8,1.6,.519,0.7,1.3,.523,0.1,0.2,.500,0.8,1.1,.676,1.8,0.2,0.2,0.3,0.5,2.1,2.5
13,2,33,280,3.9,7.4,.519,3.3,6.3,.523,0.6,1.1,.500,3.6,5.3,.676,8.7,1.1,1.0,1.3,2.6,9.7,11.9
13,3,33,280,5.8,11.2,.519,5.0,9.5,.523,0.9,1.7,.500,5.4,8.0,.676,13.1,1.7,1.5,1.9,3.9,14.6,17.9,,109.6,94.0
13,4,33,280,13.2,.596,.558,.154,.712,85,8.3,16.6,12.7,5.6,1.5,3.5,20.6,16.5,,0.4,0.6,1.0,.147,,-1.8,1.3,-0.5
14,0,2,7,2,5,.400,1,4,.250,1,1,1.000,0,0,,1,2,3,1,1,1,1,1,5
14,1,2,3.5,1.0,2.5,.400,0.5,2.0,.250,0.5,0.5,1.000,0.0,0.0,,1.5,0.5,0.5,0.5,0.5,0.5,2.5
14,2,2,7,11.4,28.6,.400,5.7,22.9,.250,5.7,5.7,1.000,0.0,0.0,,17.1,5.7,5.7,5.7,5.7,5.7,28.6
14,3,2,7,17.2,43.1,.400,8.6,34.4,.250,8.6,8.6,1.000,0.0,0.0,,25.8,8.6,8.6,8.6,8.6,8.6,43.1,,100.4,66.0
14,4,2,7,42.0,.500,.500,.200,.000,5,17.5,31.5,24.9,44.0,8.6,15.5,16.7,45.3,,0.0,0.0,0.0,.281,,7.2,18.4,25.6
