0,0,23,696,72,167,.431,56,120,.467,16,47,.340,35,53,.660,37,69,106,52,42,10,40,74,195
0,1,23,30.3,3.1,7.3,.431,2.4,5.2,.467,0.7,2.0,.340,1.5,2.3,.660,4.6,2.3,1.8,0.4,1.7,3.2,8.5
0,2,23,696,4.1,9.6,.431,3.2,6.9,.467,0.9,2.7,.340,2.0,3.0,.660,6.1,3.0,2.4,0.6,2.3,4.3,11.2
0,3,23,696,6.2,14.3,.431,4.8,10.3,.467,1.4,4.0,.340,3.0,4.5,.660,9.1,4.5,3.6,0.9,3.4,6.3,16.7,,103.3,100.7
0,4,23,696,14.1,.507,.479,.281,.317,210,6.5,12.0,9.3,15.0,3.6,1.6,17.2,17.4,,0.6,1.1,1.8,.103,,-0.3,2.2,2.0
1,0,26,372,32,92,.348,17,43,.395,15,49,.306,23,29,.793,4,21,25,27,5,2,16,39,102
1,1,26,14.3,1.2,3.5,.348,0.7,1.7,.395,0.6,1.9,.306,0.9,1.1,.793,1.0,1.0,0.2,0.1,0.6,1.5,3.9
1,2,26,372,3.4,9.9,.348,1.8,4.6,.395,1.6,5.3,.306,2.5,3.1,.793,2.7,2.9,0.5,0.2,1.7,4.2,11.0
1,3,26,372,5.1,14.8,.348,2.7,6.9,.395,2.4,7.9,.306,3.7,4.7,.793,4.0,4.3,0.8,0.3,2.6,6.3,16.4,,101.5,109.1
1,4,26,372,8.1,.482,.429,.533,.315,102,1.3,6.8,4.1,14.1,0.8,0.6,13.1,17.1,,0.3,0.3,0.6,.063,,-2.4,-3.2,-5.6
2,0,32,1177,144,318,.453,92,174,.529,52,144,.361,136,174,.782,11,100,111,93,48,3,80,71,476
2,1,32,36.8,4.5,9.9,.453,2.9,5.4,.529,1.6,4.5,.361,4.3,5.4,.782,3.5,2.9,1.5,0.1,2.5,2.2,14.9
2,2,32,1177,4.9,10.8,.453,3.1,5.9,.529,1.8,4.9,.361,4.6,5.9,.782,3.8,3.2,1.6,0.1,2.7,2.4,16.2
2,3,32,1177,7.3,16.1,.453,4.7,8.8,.529,2.6,7.3,.361,6.9,8.8,.782,5.6,4.7,2.4,0.2,4.1,3.6,24.1,,112.4,104.9
2,4,32,1177,16.6,.594,.535,.453,.547,450,1.2,10.3,5.7,16.5,2.4,0.3,16.6,21.3,,2.3,1.5,3.8,.128,,2.0,-0.8,1.2
3,0,26,185,14,33,.424,14,33,.424,0,0,,13,22,.591,16,34,50,5,5,12,6,37,41
3,1,26,7.1,0.5,1.3,.424,0.5,1.3,.424,0.0,0.0,,0.5,0.8,.591,1.9,0.2,0.2,0.5,0.2,1.4,1.6
3,2,26,185,3.0,7.1,.424,3.0,7.1,.424,0.0,0.0,,2.8,4.8,.591,10.8,1.1,1.1,2.6,1.3,8.0,8.9
3,3,26,185,4.5,10.6,.424,4.5,10.6,.424,0.0,0.0,,4.2,7.1,.591,16.1,1.6,1.6,3.9,1.9,11.9,13.2,,106.9,98.0
3,4,26,185,13.1,.472,.424,.000,.667,47,10.6,22.2,16.5,5.1,1.6,7.1,12.1,13.9,,0.2,0.4,0.5,.116,,-4.2,2.9,-1.3
4,0,7,16,1,4,.250,1,3,.333,0,1,.000,0,0,,0,2,2,1,0,0,0,0,2
4,1,7,2.3,0.1,0.6,.250,0.1,0.4,.333,0.0,0.1,.000,0.0,0.0,,0.3,0.1,0.0,0.0,0.0,0.0,0.3
4,2,7,16,2.5,10.0,.250,2.5,7.5,.333,0.0,2.5,.000,0.0,0.0,,5.0,2.5,0.0,0.0,0.0,0.0,5.0
4,3,7,16,3.7,14.9,.250,3.7,11.2,.333,0.0,3.7,.000,0.0,0.0,,7.5,3.7,0.0,0.0,0.0,0.0,7.5,,72.2,109.4
4,4,7,16,2.9,.250,.250,.250,.000,2,0.0,15.1,7.6,11.6,0.0,0.0,0.0,13.0,,0.0,0.0,0.0,-.010,,-8.0,-2.9,-10.9
5,0,32,1021,156,344,.453,105,217,.484,51,127,.402,149,178,.837,56,186,242,60,20,6,55,82,512
5,1,32,31.9,4.9,10.8,.453,3.3,6.8,.484,1.6,4.0,.402,4.7,5.6,.837,7.6,1.9,0.6,0.2,1.7,2.6,16.0
5,2,32,1021,6.1,13.5,.453,4.1,8.5,.484,2.0,5.0,.402,5.8,7.0,.837,9.5,2.4,0.8,0.2,2.2,3.2,20.1
5,3,32,1021,9.1,20.1,.453,6.1,12.7,.484,3.0,7.4,.402,8.7,10.4,.837,14.1,3.5,1.2,0.4,3.2,4.8,29.9,,122.0,104.0
5,4,32,1021,22.5,.597,.528,.369,.517,486,6.8,22.0,14.4,13.1,1.2,0.6,11.4,24.7,,3.4,1.4,4.7,.186,,3.5,-1.2,2.3
6,0,32,532,62,122,.508,59,115,.513,3,7,.429,36,44,.818,48,56,104,32,9,14,34,65,163
6,1,32,16.6,1.9,3.8,.508,1.8,3.6,.513,0.1,0.2,.429,1.1,1.4,.818,3.3,1.0,0.3,0.4,1.1,2.0,5.1
6,2,32,532,4.7,9.2,.508,4.4,8.6,.513,0.2,0.5,.429,2.7,3.3,.818,7.8,2.4,0.7,1.1,2.6,4.9,12.3
6,3,32,532,7.0,13.7,.508,6.6,12.9,.513,0.3,0.8,.429,4.0,4.9,.818,11.7,3.6,1.0,1.6,3.8,7.3,18.3,,111.8,105.3
6,4,32,532,14.9,.570,.520,.057,.361,179,11.1,12.7,11.9,12.4,1.0,2.9,19.2,17.3,,0.9,0.7,1.5,.116,,-0.8,0.4,-0.5
7,0,29,344,32,77,.416,25,45,.556,7,32,.219,20,29,.690,12,41,53,13,3,2,13,28,91
7,1,29,11.9,1.1,2.7,.416,0.9,1.6,.556,0.2,1.1,.219,0.7,1.0,.690,1.8,0.4,0.1,0.1,0.4,1.0,3.1
7,2,29,344,3.7,9.0,.416,2.9,5.2,.556,0.8,3.7,.219,2.3,3.4,.690,6.2,1.5,0.3,0.2,1.5,3.3,10.6
7,3,29,344,5.6,13.4,.416,4.3,7.8,.556,1.2,5.6,.219,3.5,5.0,.690,9.2,2.3,0.5,0.3,2.3,4.9,15.8,,103.6,107.6
7,4,29,344,9.7,.501,.461,.416,.377,89,4.3,14.4,9.4,7.4,0.5,0.6,12.5,15.7,,0.3,0.3,0.6,.073,,-2.8,-2.3,-5.1
8,0,16,134,8,23,.348,3,5,.600,5,18,.278,1,6,.167,1,12,13,6,2,0,7,7,22
8,1,16,8.4,0.5,1.4,.348,0.2,0.3,.600,0.3,1.1,.278,0.1,0.4,.167,0.8,0.4,0.1,0.0,0.4,0.4,1.4
8,2,16,134,2.4,6.9,.348,0.9,1.5,.600,1.5,5.4,.278,0.3,1.8,.167,3.9,1.8,0.6,0.0,2.1,2.1,6.6
8,3,16,134,3.6,10.2,.348,1.3,2.2,.600,2.2,8.0,.278,0.4,2.7,.167,5.8,2.7,0.9,0.0,3.1,3.1,9.8,,78.3,108.4
8,4,16,134,3.5,.426,.457,.783,.261,22,0.9,10.8,5.9,8.3,0.9,0.0,21.3,12.8,,-0.1,0.1,0.0,.005,,-4.7,-2.2,-6.9
9,0,32,928,159,306,.520,159,303,.525,0,3,.000,101,146,.692,66,159,225,64,19,36,74,97,419
9,1,32,29.0,5.0,9.6,.520,5.0,9.5,.525,0.0,0.1,.000,3.2,4.6,.692,7.0,2.0,0.6,1.1,2.3,3.0,13.1
9,2,32,928,6.9,13.2,.520,6.9,13.1,.525,0.0,0.1,.000,4.4,6.3,.692,9.7,2.8,0.8,1.6,3.2,4.2,18.1
9,3,32,928,10.2,19.7,.520,10.2,19.5,.525,0.0,0.2,.000,6.5,9.4,.692,14.5,4.1,1.2,2.3,4.8,6.2,26.9,,108.4,101.7
9,4,32,928,20.4,.558,.520,.010,.477,417,8.8,20.7,14.8,16.1,1.2,4.2,16.5,25.2,,1.8,1.4,3.2,.139,,-0.8,1.7,0.9
10,0,30,970,89,226,.394,29,53,.547,60,173,.347,53,67,.791,21,86,107,66,19,17,47,59,291
10,1,30,32.3,3.0,7.5,.394,1.0,1.8,.547,2.0,5.8,.347,1.8,2.2,.791,3.6,2.2,0.6,0.6,1.6,2.0,9.7
10,2,30,970,3.7,9.3,.394,1.2,2.2,.547,2.5,7.1,.347,2.2,2.8,.791,4.4,2.7,0.8,0.7,1.9,2.4,12.0
10,3,30,970,5.5,13.9,.394,1.8,3.3,.547,3.7,10.6,.347,3.3,4.1,.791,6.6,4.1,1.2,1.0,2.9,3.6,17.9,,110.9,106.5
10,4,30,970,12.7,.564,.527,.765,.296,283,2.7,10.7,6.7,13.4,1.2,1.9,15.4,16.4,,1.4,1.1,2.4,.101,,1.4,-0.5,0.9
11,0,11,25,0,7,.000,0,3,.000,0,4,.000,1,3,.333,1,7,8,2,2,0,5,2,1
11,1,11,2.3,0.0,0.6,.000,0.0,0.3,.000,0.0,0.4,.000,0.1,0.3,.333,0.7,0.2,0.2,0.0,0.5,0.2,0.1
11,2,11,25,0.0,11.2,.000,0.0,4.8,.000,0.0,6.4,.000,1.6,4.8,.333,12.8,3.2,3.2,0.0,8.0,3.2,1.6
11,3,11,25,0.0,16.7,.000,0.0,7.2,.000,0.0,9.5,.000,2.4,7.2,.333,19.1,4.8,4.8,0.0,11.9,4.8,2.4,,22.3,92.9
11,4,11,25,-10.6,.059,.000,.571,.429,3,4.9,33.8,19.5,13.3,4.8,0.0,37.2,28.0,,-0.2,0.1,-0.2,-.272,,-20.0,2.2,-17.7
