0,0,26,456,49,150,.327,27,74,.365,22,76,.289,30,48,.625,11,29,40,38,26,1,41,30,150
0,1,26,17.5,1.9,5.8,.327,1.0,2.8,.365,0.8,2.9,.289,1.2,1.8,.625,1.5,1.5,1.0,0.0,1.6,1.2,5.8
0,2,26,456,4.3,13.2,.327,2.4,6.5,.365,1.9,6.7,.289,2.6,4.2,.625,3.5,3.3,2.3,0.1,3.6,2.6,13.2
0,3,26,456,6.5,19.9,.327,3.6,9.8,.365,2.9,10.1,.289,4.0,6.4,.625,5.3,5.0,3.5,0.1,5.4,4.0,19.9,,85.1,105.0
0,4,26,456,10.5,.434,.400,.507,.320,149,2.7,8.5,5.3,18.1,3.5,0.3,19.2,24.0,,-0.2,0.4,0.2,.018,,-1.4,-1.5,-2.9
1,0,25,646,67,173,.387,29,52,.558,38,121,.314,27,39,.692,14,40,54,61,24,3,40,54,199
1,1,25,25.8,2.7,6.9,.387,1.2,2.1,.558,1.5,4.8,.314,1.1,1.6,.692,2.2,2.4,1.0,0.1,1.6,2.2,8.0
1,2,25,646,4.1,10.7,.387,1.8,3.2,.558,2.4,7.5,.314,1.7,2.4,.692,3.3,3.8,1.5,0.2,2.5,3.3,12.3
1,3,25,646,6.3,16.2,.387,2.7,4.9,.558,3.6,11.3,.314,2.5,3.7,.692,5.1,5.7,2.3,0.3,3.8,5.1,18.7,,102.3,107.4
1,4,25,646,13.0,.520,.497,.699,.225,197,2.4,8.3,5.1,20.4,2.3,0.5,17.3,18.4,,0.8,0.4,1.2,.074,,2.3,-1.9,0.5
2,0,12,68,2,6,.333,2,5,.400,0,1,.000,2,2,1.000,2,8,10,0,1,2,3,15,6
2,1,12,5.7,0.2,0.5,.333,0.2,0.4,.400,0.0,0.1,.000,0.2,0.2,1.000,0.8,0.0,0.1,0.2,0.3,1.3,0.5
2,2,12,68,1.2,3.5,.333,1.2,2.9,.400,0.0,0.6,.000,1.2,1.2,1.000,5.9,0.0,0.6,1.2,1.8,8.8,3.5
2,3,12,68,1.8,5.3,.333,1.8,4.5,.400,0.0,0.9,.000,1.8,1.8,1.000,8.9,0.0,0.9,1.8,2.7,13.4,5.3,,72.0,105.7
2,4,12,68,1.4,.432,.333,.167,.333,6,3.3,15.7,8.9,0.0,0.9,3.4,30.2,7.5,,0.0,0.1,0.0,.009,,-7.1,-1.0,-8.1
3,0,28,675,85,150,.567,85,150,.567,0,0,,61,114,.535,59,78,137,14,17,46,28,82,231
3,1,28,24.1,3.0,5.4,.567,3.0,5.4,.567,0.0,0.0,,2.2,4.1,.535,4.9,0.5,0.6,1.6,1.0,2.9,8.3
3,2,28,675,5.0,8.9,.567,5.0,8.9,.567,0.0,0.0,,3.6,6.8,.535,8.1,0.8,1.0,2.7,1.7,4.9,13.7
3,3,28,675,7.6,13.5,.567,7.6,13.5,.567,0.0,0.0,,5.5,10.2,.535,12.3,1.3,1.5,4.1,2.5,7.4,20.7,,113.2,102.7
3,4,28,675,19.5,.566,.567,.000,.760,218,9.7,15.4,12.3,4.7,1.5,7.9,12.1,17.6,,1.4,0.8,2.2,.127,,0.4,2.7,3.1
4,0,15,205,23,52,.442,23,52,.442,0,0,,8,16,.500,11,17,28,3,1,10,12,34,54
4,1,15,13.7,1.5,3.5,.442,1.5,3.5,.442,0.0,0.0,,0.5,1.1,.500,1.9,0.2,0.1,0.7,0.8,2.3,3.6
4,2,15,205,4.5,10.1,.442,4.5,10.1,.442,0.0,0.0,,1.6,3.1,.500,5.5,0.6,0.2,2.0,2.3,6.6,10.5
4,3,15,205,6.8,15.4,.442,6.8,15.4,.442,0.0,0.0,,2.4,4.7,.500,8.3,0.9,0.3,3.0,3.5,10.0,16.0,,86.4,107.7
4,4,15,205,7.6,.453,.442,.000,.308,50,6.0,11.1,8.3,3.2,0.3,5.7,16.8,17.9,,0.0,0.1,0.1,.017,,-5.4,-0.4,-5.8
5,0,31,701,105,232,.453,99,198,.500,6,34,.176,51,83,.614,56,63,119,26,36,11,59,84,267
5,1,31,22.6,3.4,7.5,.453,3.2,6.4,.500,0.2,1.1,.176,1.6,2.7,.614,3.8,0.8,1.2,0.4,1.9,2.7,8.6
5,2,31,701,6.0,13.2,.453,5.6,11.3,.500,0.3,1.9,.176,2.9,4.7,.614,6.8,1.5,2.1,0.6,3.4,4.8,15.2
5,3,31,701,9.1,20.0,.453,8.6,17.1,.500,0.5,2.9,.176,4.4,7.2,.614,10.3,2.2,3.1,1.0,5.1,7.3,23.1,,93.5,103.4
5,4,31,701,15.2,.492,.466,.147,.358,255,8.9,12.0,10.3,8.9,3.1,1.8,17.9,24.2,,0.4,0.7,1.1,.063,,-0.8,0.0,-0.8
6,0,28,419,12,49,.245,9,29,.310,3,20,.150,14,21,.667,10,16,26,44,23,0,32,36,41
6,1,28,15.0,0.4,1.8,.245,0.3,1.0,.310,0.1,0.7,.150,0.5,0.8,.667,0.9,1.6,0.8,0.0,1.1,1.3,1.5
6,2,28,419,1.1,4.7,.245,0.9,2.8,.310,0.3,1.9,.150,1.3,2.0,.667,2.5,4.2,2.2,0.0,3.1,3.4,3.9
6,3,28,419,1.7,7.1,.245,1.3,4.2,.310,0.4,2.9,.150,2.0,3.0,.667,3.8,6.4,3.3,0.0,4.6,5.2,5.9,,71.2,106.4
6,4,28,419,4.6,.348,.276,.408,.429,61,2.6,5.1,3.8,19.5,3.3,0.0,35.2,11.1,,-0.5,0.3,-0.1,-.012,,-4.4,-0.5,-4.9
7,0,31,681,81,201,.403,43,94,.457,38,107,.355,20,36,.556,12,55,67,40,25,1,46,64,220
7,1,31,22.0,2.6,6.5,.403,1.4,3.0,.457,1.2,3.5,.355,0.6,1.2,.556,2.2,1.3,0.8,0.0,1.5,2.1,7.1
7,2,31,681,4.8,11.8,.403,2.5,5.5,.457,2.2,6.3,.355,1.2,2.1,.556,3.9,2.3,1.5,0.1,2.7,3.8,12.9
7,3,31,681,7.2,17.9,.403,3.8,8.4,.457,3.4,9.5,.355,1.8,3.2,.556,6.0,3.6,2.2,0.1,4.1,5.7,19.6,,94.4,106.8
7,4,31,681,11.0,.504,.498,.532,.179,200,2.0,10.8,6.0,13.1,2.2,0.2,17.4,19.9,,0.3,0.5,0.8,.050,,0.1,-1.8,-1.8
8,0,31,972,158,328,.482,158,326,.485,0,2,.000,97,121,.802,85,160,245,80,32,16,61,99,413
8,1,31,31.4,5.1,10.6,.482,5.1,10.5,.485,0.0,0.1,.000,3.1,3.9,.802,7.9,2.6,1.0,0.5,2.0,3.2,13.3
8,2,31,972,6.5,13.5,.482,6.5,13.4,.485,0.0,0.1,.000,4.0,5.0,.802,10.1,3.3,1.3,0.7,2.5,4.1,17.0
8,3,31,972,9.8,20.4,.482,9.8,20.3,.485,0.0,0.1,.000,6.0,7.5,.802,15.3,5.0,2.0,1.0,3.8,6.2,25.7,,111.1,102.6
8,4,31,972,22.6,.536,.482,.006,.369,420,9.7,22.0,15.3,20.3,2.0,1.9,13.7,23.5,,2.5,1.1,3.6,.148,,3.2,1.4,4.6
9,0,31,505,52,132,.394,47,97,.485,5,35,.143,26,37,.703,30,48,78,21,26,2,44,77,135
9,1,31,16.3,1.7,4.3,.394,1.5,3.1,.485,0.2,1.1,.143,0.8,1.2,.703,2.5,0.7,0.8,0.1,1.4,2.5,4.4
9,2,31,505,4.1,10.5,.394,3.7,7.7,.485,0.4,2.8,.143,2.1,2.9,.703,6.2,1.7,2.1,0.2,3.5,6.1,10.7
9,3,31,505,6.2,15.8,.394,5.6,11.6,.485,0.6,4.2,.143,3.1,4.4,.703,9.4,2.5,3.1,0.2,5.3,9.2,16.2,,83.4,103.7
9,4,31,505,8.7,.451,.413,.265,.280,135,6.6,12.7,9.4,9.0,3.1,0.5,22.7,19.7,,-0.3,0.5,0.2,.020,,-3.0,-0.2,-3.2
10,0,21,389,24,82,.293,20,61,.328,4,21,.190,24,47,.511,15,40,55,21,13,2,33,34,76
10,1,21,18.5,1.1,3.9,.293,1.0,2.9,.328,0.2,1.0,.190,1.1,2.2,.511,2.6,1.0,0.6,0.1,1.6,1.6,3.6
10,2,21,389,2.5,8.4,.293,2.1,6.3,.328,0.4,2.2,.190,2.5,4.8,.511,5.7,2.2,1.3,0.2,3.4,3.5,7.8
10,3,21,389,3.7,12.8,.293,3.1,9.5,.328,0.6,3.3,.190,3.7,7.3,.511,8.6,3.3,2.0,0.3,5.1,5.3,11.8,,70.9,106.0
10,4,21,389,4.3,.364,.317,.256,.573,82,4.3,13.7,8.6,10.7,2.0,0.6,24.0,18.1,,-0.6,0.3,-0.3,-.032,,-5.7,-0.5,-6.3
11,0,27,378,40,110,.364,24,59,.407,16,51,.314,21,33,.636,9,30,39,14,3,3,20,27,117
11,1,27,14.0,1.5,4.1,.364,0.9,2.2,.407,0.6,1.9,.314,0.8,1.2,.636,1.4,0.5,0.1,0.1,0.7,1.0,4.3
11,2,27,378,4.2,11.6,.364,2.5,6.2,.407,1.7,5.4,.314,2.2,3.5,.636,4.1,1.5,0.3,0.3,2.1,2.9,12.4
11,3,27,378,6.4,17.6,.364,3.8,9.5,.407,2.6,8.2,.314,3.4,5.3,.636,6.3,2.2,0.5,0.5,3.2,4.3,18.8,,93.2,110.4
11,4,27,378,8.8,.465,.436,.464,.300,107,2.6,10.6,6.3,8.0,0.5,0.9,13.7,19.8,,0.1,0.1,0.3,.031,,-2.1,-3.5,-5.6
12,0,23,155,11,46,.239,8,36,.222,3,10,.300,10,14,.714,9,15,24,1,3,6,8,26,35
12,1,23,6.7,0.5,2.0,.239,0.3,1.6,.222,0.1,0.4,.300,0.4,0.6,.714,1.0,0.0,0.1,0.3,0.3,1.1,1.5
12,2,23,155,2.8,11.9,.239,2.1,9.3,.222,0.8,2.6,.300,2.6,3.6,.714,6.2,0.3,0.8,1.5,2.1,6.7,9.0
12,3,23,155,4.3,18.0,.239,3.1,14.1,.222,1.2,3.9,.300,3.9,5.5,.714,9.4,0.4,1.2,2.3,3.1,10.2,13.7,,73.6,105.8
12,4,23,155,3.5,.332,.272,.217,.304,35,6.4,12.9,9.4,1.3,1.2,4.5,13.2,20.1,,-0.2,0.1,-0.1,-.023,,-7.8,-1.9,-9.8
