0,0,26,214,24,68,.353,7,11,.636,17,57,.298,13,15,.867,2,12,14,10,4,0,5,15,78
0,1,26,8.2,0.9,2.6,.353,0.3,0.4,.636,0.7,2.2,.298,0.5,0.6,.867,0.5,0.4,0.2,0.0,0.2,0.6,3.0
0,2,26,214,4.5,12.7,.353,1.3,2.1,.636,3.2,10.7,.298,2.4,2.8,.867,2.6,1.9,0.7,0.0,0.9,2.8,14.6
0,3,26,214,7.0,20.0,.353,2.1,3.2,.636,5.0,16.7,.298,3.8,4.4,.867,4.1,2.9,1.2,0.0,1.5,4.4,22.9,,116.8,111.6
0,4,26,214,13.2,.519,.478,.838,.221,71,1.1,7.0,4.0,9.8,1.2,0.0,6.2,20.1,,0.4,0.1,0.6,.109,,2.3,-4.7,-2.4
1,0,33,1126,176,374,.471,124,242,.512,52,132,.394,82,107,.766,24,83,107,51,38,4,59,71,486
1,1,33,34.1,5.3,11.3,.471,3.8,7.3,.512,1.6,4.0,.394,2.5,3.2,.766,3.2,1.5,1.2,0.1,1.8,2.2,14.7
1,2,33,1126,6.3,13.3,.471,4.4,8.6,.512,1.8,4.7,.394,2.9,3.8,.766,3.8,1.8,1.3,0.1,2.1,2.5,17.3
1,3,33,1126,9.8,20.9,.471,6.9,13.5,.512,2.9,7.4,.394,4.6,6.0,.766,6.0,2.8,2.1,0.2,3.3,4.0,27.1,,114.4,108.4
1,4,33,1126,18.0,.572,.540,.353,.286,438,2.6,9.2,5.9,10.5,2.1,0.5,12.2,23.0,,2.5,1.1,3.6,.128,,2.8,-1.5,1.3
2,0,1,0,0,0,,0,0,,0,0,,0,0,,0,0,0,0,0,0,0,0,0
2,1,1,0.0,0.0,0.0,,0.0,0.0,,0.0,0.0,,0.0,0.0,,0.0,0.0,0.0,0.0,0.0,0.0,0.0
2,2,1,0,,,,,,,,,,,,,,,,,,,
2,3,1,0,,,,,,,,,,,,,,,,,,,,,,
2,4,1,0,,,,,,,,,,,,,,,,0.0,0.0,0.0,,,-4.8,-0.4,-5.2
3,0,33,507,31,76,.408,31,76,.408,0,0,,15,27,.556,26,39,65,14,7,19,35,59,77
3,1,33,15.4,0.9,2.3,.408,0.9,2.3,.408,0.0,0.0,,0.5,0.8,.556,2.0,0.4,0.2,0.6,1.1,1.8,2.3
3,2,33,507,2.4,6.0,.408,2.4,6.0,.408,0.0,0.0,,1.2,2.1,.556,5.1,1.1,0.6,1.5,2.8,4.7,6.1
3,3,33,507,3.8,9.4,.408,3.8,9.4,.408,0.0,0.0,,1.9,3.3,.556,8.1,1.7,0.9,2.4,4.3,7.3,9.5,,79.0,108.7
3,4,33,507,4.9,.433,.408,.000,.355,86,6.3,9.6,7.9,5.2,0.9,4.9,28.3,13.1,,-0.4,0.5,0.0,.003,,-5.5,1.8,-3.7
4,0,21,470,28,64,.438,19,34,.559,9,30,.300,8,11,.727,8,31,39,48,24,2,29,40,73
4,1,21,22.4,1.3,3.0,.438,0.9,1.6,.559,0.4,1.4,.300,0.4,0.5,.727,1.9,2.3,1.1,0.1,1.4,1.9,3.5
4,2,21,470,2.4,5.4,.438,1.6,2.9,.559,0.8,2.6,.300,0.7,0.9,.727,3.3,4.1,2.0,0.2,2.5,3.4,6.2
4,3,21,470,3.7,8.6,.438,2.5,4.5,.559,1.2,4.0,.300,1.1,1.5,.727,5.2,6.4,3.2,0.3,3.9,5.3,9.8,,97.3,106.2
4,4,21,470,9.4,.527,.508,.469,.172,90,2.1,8.2,5.1,19.3,3.2,0.6,29.5,11.2,,0.1,0.5,0.7,.058,,-1.0,0.6,-0.5
5,0,1,0,0,0,,0,0,,0,0,,0,0,,0,0,0,0,0,0,0,0,0
5,1,1,0.0,0.0,0.0,,0.0,0.0,,0.0,0.0,,0.0,0.0,,0.0,0.0,0.0,0.0,0.0,0.0,0.0
5,2,1,0,,,,,,,,,,,,,,,,,,,
5,3,1,0,,,,,,,,,,,,,,,,,,,,,,
5,4,1,0,,,,,,,,,,,,,,,,0.0,0.0,0.0,,,-4.8,-0.4,-5.2
6,0,33,1087,212,455,.466,190,373,.509,22,82,.268,167,214,.780,50,133,183,68,80,14,98,92,613
6,1,33,32.9,6.4,13.8,.466,5.8,11.3,.509,0.7,2.5,.268,5.1,6.5,.780,5.5,2.1,2.4,0.4,3.0,2.8,18.6
6,2,33,1087,7.8,16.7,.466,7.0,13.7,.509,0.8,3.0,.268,6.1,7.9,.780,6.7,2.5,2.9,0.5,3.6,3.4,22.6
6,3,33,1087,12.3,26.3,.466,11.0,21.6,.509,1.3,4.7,.268,9.7,12.4,.780,10.6,3.9,4.6,0.8,5.7,5.3,35.4,,108.8,99.6
6,4,33,1087,25.7,.551,.490,.180,.470,579,5.6,15.2,10.4,15.9,4.6,1.7,15.0,32.3,,2.6,1.9,4.6,.168,,3.1,1.6,4.7
7,0,10,26,3,11,.273,0,2,.000,3,9,.333,0,0,,0,2,2,1,0,0,2,1,9
7,1,10,2.6,0.3,1.1,.273,0.0,0.2,.000,0.3,0.9,.333,0.0,0.0,,0.2,0.1,0.0,0.0,0.2,0.1,0.9
7,2,10,26,4.6,16.9,.273,0.0,3.1,.000,4.6,13.8,.333,0.0,0.0,,3.1,1.5,0.0,0.0,3.1,1.5,13.8
7,3,10,26,7.3,26.6,.273,0.0,4.8,.000,7.3,21.8,.333,0.0,0.0,,4.8,2.4,0.0,0.0,4.8,2.4,21.8,,81.2,113.3
7,4,10,26,3.3,.409,.409,.818,.000,8,0.0,9.6,4.8,8.1,0.0,0.0,15.4,26.8,,0.0,0.0,0.0,-.030,,-4.6,-6.7,-11.3
8,0,33,797,86,182,.473,75,146,.514,11,36,.306,39,74,.527,42,130,172,38,20,11,42,71,222
8,1,33,24.2,2.6,5.5,.473,2.3,4.4,.514,0.3,1.1,.306,1.2,2.2,.527,5.2,1.2,0.6,0.3,1.3,2.2,6.7
8,2,33,797,4.3,9.1,.473,3.8,7.3,.514,0.6,1.8,.306,2.0,3.7,.527,8.6,1.9,1.0,0.6,2.1,3.6,11.1
8,3,33,797,6.8,14.4,.473,5.9,11.5,.514,0.9,2.8,.306,3.1,5.8,.527,13.6,3.0,1.6,0.9,3.3,5.6,17.5,,102.9,104.2
8,4,33,797,13.9,.511,.503,.198,.407,226,6.5,20.3,13.3,9.9,1.6,1.8,16.2,17.4,,0.7,1.1,1.8,.088,,-1.2,0.7,-0.5
9,0,30,471,34,66,.515,34,66,.515,0,0,,34,56,.607,63,84,147,10,13,4,31,76,102
9,1,30,15.7,1.1,2.2,.515,1.1,2.2,.515,0.0,0.0,,1.1,1.9,.607,4.9,0.3,0.4,0.1,1.0,2.5,3.4
9,2,30,471,2.9,5.6,.515,2.9,5.6,.515,0.0,0.0,,2.9,4.8,.607,12.5,0.8,1.1,0.3,2.6,6.5,8.7
9,3,30,471,4.5,8.8,.515,4.5,8.8,.515,0.0,0.0,,4.5,7.5,.607,19.6,1.3,1.7,0.5,4.1,10.1,13.6,,105.9,103.0
9,4,30,471,13.4,.551,.515,.000,.848,125,16.4,22.2,19.3,4.1,1.7,1.1,25.1,14.1,,0.5,0.7,1.2,.099,,-1.4,-0.2,-1.7
10,0,33,685,108,236,.458,104,215,.484,4,21,.190,80,147,.544,46,69,115,40,25,2,44,73,300
10,1,33,20.8,3.3,7.2,.458,3.2,6.5,.484,0.1,0.6,.190,2.4,4.5,.544,3.5,1.2,0.8,0.1,1.3,2.2,9.1
10,2,33,685,6.3,13.8,.458,6.1,12.6,.484,0.2,1.2,.190,4.7,8.6,.544,6.7,2.3,1.5,0.1,2.6,4.3,17.5
10,3,33,685,9.9,21.7,.458,9.5,19.7,.484,0.4,1.9,.190,7.3,13.5,.544,10.6,3.7,2.3,0.2,4.0,6.7,27.5,,103.1,106.4
10,4,33,685,17.6,.490,.466,.089,.623,298,8.2,12.5,10.4,13.5,2.3,0.4,12.6,27.4,,0.9,0.8,1.7,.100,,-0.5,-1.5,-2.0
11,0,28,532,36,91,.396,10,27,.370,26,64,.406,37,54,.685,9,28,37,25,14,5,23,54,135
11,1,28,19.0,1.3,3.3,.396,0.4,1.0,.370,0.9,2.3,.406,1.3,1.9,.685,1.3,0.9,0.5,0.2,0.8,1.9,4.8
11,2,28,532,2.7,6.8,.396,0.8,2.0,.370,2.0,4.8,.406,2.8,4.1,.685,2.8,1.9,1.1,0.4,1.7,4.1,10.2
11,3,28,532,4.3,10.8,.396,1.2,3.2,.370,3.1,7.6,.406,4.4,6.4,.685,4.4,3.0,1.7,0.6,2.7,6.4,15.9,,113.3,110.0
11,4,28,532,10.4,.579,.538,.703,.593,130,2.1,6.6,4.3,9.0,1.7,1.2,16.5,14.1,,0.7,0.4,1.1,.086,,1.0,-1.2,-0.2
12,0,27,366,32,61,.525,32,61,.525,0,0,,9,16,.563,23,53,76,8,6,8,13,59,73
12,1,27,13.6,1.2,2.3,.525,1.2,2.3,.525,0.0,0.0,,0.3,0.6,.563,2.8,0.3,0.2,0.3,0.5,2.2,2.7
12,2,27,366,3.5,6.7,.525,3.5,6.7,.525,0.0,0.0,,1.0,1.7,.563,8.3,0.9,0.7,0.9,1.4,6.4,8.0
12,3,27,366,5.5,10.5,.525,5.5,10.5,.525,0.0,0.0,,1.5,2.7,.563,13.1,1.4,1.0,1.4,2.2,10.1,12.5,,107.4,105.5
12,4,27,366,10.5,.532,.525,.000,.262,76,7.7,18.0,12.8,4.4,1.0,2.9,15.9,11.9,,0.3,0.4,0.8,.083,,-2.6,0.5,-2.1
13,0,32,343,11,33,.333,7,15,.467,4,18,.222,14,20,.700,11,27,38,17,6,1,9,21,40
13,1,32,10.7,0.3,1.0,.333,0.2,0.5,.467,0.1,0.6,.222,0.4,0.6,.700,1.2,0.5,0.2,0.0,0.3,0.7,1.3
13,2,32,343,1.3,3.8,.333,0.8,1.7,.467,0.5,2.1,.222,1.6,2.3,.700,4.4,2.0,0.7,0.1,1.0,2.4,4.7
13,3,32,343,2.0,6.0,.333,1.3,2.7,.467,0.7,3.3,.222,2.6,3.7,.700,7.0,3.1,1.1,0.2,1.6,3.8,7.3,,106.1,110.4
13,4,32,343,6.8,.471,.394,.545,.606,49,3.9,9.8,6.8,8.9,1.1,0.4,17.5,8.0,,0.2,0.3,0.4,.052,,-1.7,-0.7,-2.4
