0,0,33,1148,187,442,.423,139,298,.466,48,144,.333,109,134,.813,18,69,87,36,41,10,59,72,531
0,1,33,34.8,5.7,13.4,.423,4.2,9.0,.466,1.5,4.4,.333,3.3,4.1,.813,2.6,1.1,1.2,0.3,1.8,2.2,16.1
0,2,33,1148,6.5,15.4,.423,4.8,10.4,.466,1.7,5.0,.333,3.8,4.7,.813,3.0,1.3,1.4,0.3,2.1,2.5,18.5
0,3,33,1148,10.6,25.0,.423,7.9,16.8,.466,2.7,8.1,.333,6.2,7.6,.813,4.9,2.0,2.3,0.6,3.3,4.1,30.0,,106.6,103.8
0,4,33,1148,18.5,.525,.477,.326,.303,474,2.0,8.4,5.0,8.9,2.3,1.2,10.4,27.5,,2.3,1.3,3.6,.126,,1.7,-1.8,-0.1
1,0,33,844,100,223,.448,98,220,.445,2,3,.667,101,153,.660,79,127,206,29,23,8,53,68,303
1,1,33,25.6,3.0,6.8,.448,3.0,6.7,.445,0.1,0.1,.667,3.1,4.6,.660,6.2,0.9,0.7,0.2,1.6,2.1,9.2
1,2,33,844,4.7,10.6,.448,4.6,10.4,.445,0.1,0.1,.667,4.8,7.3,.660,9.8,1.4,1.1,0.4,2.5,3.2,14.4
1,3,33,844,7.7,17.1,.448,7.5,16.9,.445,0.2,0.2,.667,7.8,11.8,.660,15.8,2.2,1.8,0.6,4.1,5.2,23.3,,104.7,100.9
1,4,33,844,18.8,.512,.453,.013,.686,314,11.8,20.9,16.1,8.6,1.8,1.3,15.2,23.1,,1.4,1.2,2.6,.122,,-0.8,0.0,-0.8
2,0,24,287,24,53,.453,24,53,.453,0,0,,9,15,.600,17,10,27,7,4,6,17,57,57
2,1,24,12.0,1.0,2.2,.453,1.0,2.2,.453,0.0,0.0,,0.4,0.6,.600,1.1,0.3,0.2,0.3,0.7,2.4,2.4
2,2,24,287,3.3,7.4,.453,3.3,7.4,.453,0.0,0.0,,1.3,2.1,.600,3.8,1.0,0.6,0.8,2.4,7.9,7.9
2,3,24,287,5.4,12.0,.453,5.4,12.0,.453,0.0,0.0,,2.0,3.4,.600,6.1,1.6,0.9,1.4,3.8,12.9,12.9,,88.9,106.7
2,4,24,287,5.4,.474,.453,.000,.283,60,7.4,4.8,6.2,5.6,0.9,2.8,22.0,15.0,,0.0,0.2,0.2,.031,,-4.2,-0.2,-4.4
3,0,1,0,0,0,,0,0,,0,0,,0,0,,0,0,0,0,0,0,0,0,0
3,1,1,0.0,0.0,0.0,,0.0,0.0,,0.0,0.0,,0.0,0.0,,0.0,0.0,0.0,0.0,0.0,0.0,0.0
3,2,1,0,,,,,,,,,,,,,,,,,,,
3,3,1,0,,,,,,,,,,,,,,,,,,,,,,
3,4,1,0,,,,,,,,,,,,,,,,0.0,0.0,0.0,,,-5.4,-0.2,-5.5
4,0,19,127,11,38,.289,3,8,.375,8,30,.267,11,13,.846,1,3,4,4,7,0,6,19,41
4,1,19,6.7,0.6,2.0,.289,0.2,0.4,.375,0.4,1.6,.267,0.6,0.7,.846,0.2,0.2,0.4,0.0,0.3,1.0,2.2
4,2,19,127,3.5,12.0,.289,0.9,2.5,.375,2.5,9.4,.267,3.5,4.1,.846,1.3,1.3,2.2,0.0,1.9,6.0,12.9
4,3,19,127,5.6,19.4,.289,1.5,4.1,.375,4.1,15.3,.267,5.6,6.6,.846,2.0,2.0,3.6,0.0,3.1,9.7,20.9,,96.3,102.9
4,4,19,127,9.4,.464,.395,.789,.342,38,1.0,3.3,2.1,7.3,3.6,0.0,12.0,22.0,,0.1,0.2,0.2,.073,,-0.2,-2.9,-3.2
5,0,23,418,16,63,.254,4,26,.154,12,37,.324,14,21,.667,5,33,38,21,14,0,33,46,58
5,1,23,18.2,0.7,2.7,.254,0.2,1.1,.154,0.5,1.6,.324,0.6,0.9,.667,1.7,0.9,0.6,0.0,1.4,2.0,2.5
5,2,23,418,1.5,6.0,.254,0.4,2.5,.154,1.1,3.5,.324,1.3,2.0,.667,3.6,2.0,1.3,0.0,3.2,4.4,5.6
5,3,23,418,2.5,9.8,.254,0.6,4.0,.154,1.9,5.7,.324,2.2,3.3,.667,5.9,3.3,2.2,0.0,5.1,7.1,9.0,,68.8,103.7
5,4,23,418,2.0,.397,.349,.587,.333,63,1.5,11.0,6.0,10.5,2.2,0.0,31.1,14.1,,-0.6,0.5,-0.1,-.013,,-5.2,0.0,-5.2
6,0,32,734,74,171,.433,50,95,.526,24,76,.316,38,46,.826,9,71,80,26,14,1,36,33,210
6,1,32,22.9,2.3,5.3,.433,1.6,3.0,.526,0.8,2.4,.316,1.2,1.4,.826,2.5,0.8,0.4,0.0,1.1,1.0,6.6
6,2,32,734,4.0,9.3,.433,2.7,5.2,.526,1.3,4.1,.316,2.1,2.5,.826,4.4,1.4,0.8,0.1,2.0,1.8,11.4
6,3,32,734,6.5,15.1,.433,4.4,8.4,.526,2.1,6.7,.316,3.4,4.1,.826,7.1,2.3,1.2,0.1,3.2,2.9,18.6,,103.5,105.2
6,4,32,734,12.1,.544,.503,.444,.269,192,1.5,13.4,7.2,8.5,1.2,0.2,15.7,17.4,,0.8,0.7,1.5,.083,,-0.8,-1.5,-2.3
7,0,12,57,4,5,.800,4,5,.800,0,0,,1,5,.200,0,6,6,2,0,8,1,8,9
7,1,12,4.8,0.3,0.4,.800,0.3,0.4,.800,0.0,0.0,,0.1,0.4,.200,0.5,0.2,0.0,0.7,0.1,0.7,0.8
7,2,12,57,2.8,3.5,.800,2.8,3.5,.800,0.0,0.0,,0.7,3.5,.200,4.2,1.4,0.0,5.6,0.7,5.6,6.3
7,3,12,57,4.6,5.7,.800,4.6,5.7,.800,0.0,0.0,,1.1,5.7,.200,6.8,2.3,0.0,9.1,1.1,9.1,10.2,,112.8,97.1
7,4,12,57,13.5,.610,.800,.000,1.000,8,0.0,14.6,6.9,7.9,0.0,18.6,11.9,8.2,,0.1,0.1,0.2,.106,,-4.2,9.0,4.9
8,0,33,908,91,206,.442,80,171,.468,11,35,.314,51,77,.662,38,124,162,54,31,23,63,80,244
8,1,33,27.5,2.8,6.2,.442,2.4,5.2,.468,0.3,1.1,.314,1.5,2.3,.662,4.9,1.6,0.9,0.7,1.9,2.4,7.4
8,2,33,908,4.0,9.1,.442,3.5,7.5,.468,0.5,1.5,.314,2.2,3.4,.662,7.1,2.4,1.4,1.0,2.8,3.5,10.7
8,3,33,908,6.5,14.7,.442,5.7,12.2,.468,0.8,2.5,.314,3.6,5.5,.662,11.6,3.9,2.2,1.6,4.5,5.7,17.4,,95.5,99.3
8,4,33,908,14.0,.503,.468,.170,.374,253,5.3,19.0,11.8,14.3,2.2,3.4,20.6,18.8,,0.5,1.4,1.9,.083,,-1.8,2.7,1.0
9,0,31,507,55,123,.447,55,123,.447,0,0,,32,53,.604,63,75,138,16,21,7,42,73,142
9,1,31,16.4,1.8,4.0,.447,1.8,4.0,.447,0.0,0.0,,1.0,1.7,.604,4.5,0.5,0.7,0.2,1.4,2.4,4.6
9,2,31,507,4.3,9.7,.447,4.3,9.7,.447,0.0,0.0,,2.5,4.2,.604,10.9,1.3,1.7,0.6,3.3,5.8,11.2
9,3,31,507,7.0,15.7,.447,7.0,15.7,.447,0.0,0.0,,4.1,6.8,.604,17.6,2.0,2.7,0.9,5.4,9.3,18.2,,93.5,98.3
9,4,31,507,14.9,.479,.447,.000,.431,160,15.6,20.6,18.0,7.7,2.7,1.8,22.1,20.9,,0.2,0.8,1.0,.081,,-2.7,1.1,-1.5
10,0,32,711,74,173,.428,70,156,.449,4,17,.235,60,90,.667,33,61,94,51,34,1,36,68,212
10,1,32,22.2,2.3,5.4,.428,2.2,4.9,.449,0.1,0.5,.235,1.9,2.8,.667,2.9,1.6,1.1,0.0,1.1,2.1,6.6
10,2,32,711,4.2,9.7,.428,3.9,8.8,.449,0.2,1.0,.235,3.4,5.1,.667,5.3,2.9,1.9,0.1,2.0,3.8,11.9
10,3,32,711,6.7,15.8,.428,6.4,14.2,.449,0.4,1.6,.235,5.5,8.2,.667,8.6,4.7,3.1,0.1,3.3,6.2,19.3,,103.5,101.3
10,4,32,711,15.6,.491,.439,.098,.520,224,5.8,11.9,8.7,17.4,3.1,0.2,14.3,19.8,,0.9,1.0,1.9,.107,,0.0,0.6,0.5
11,0,32,638,39,111,.351,14,43,.326,25,68,.368,36,51,.706,6,50,56,21,24,7,48,68,139
11,1,32,19.9,1.2,3.5,.351,0.4,1.3,.326,0.8,2.1,.368,1.1,1.6,.706,1.8,0.7,0.8,0.2,1.5,2.1,4.3
11,2,32,638,2.4,7.0,.351,0.9,2.7,.326,1.6,4.3,.368,2.3,3.2,.706,3.5,1.3,1.5,0.4,3.0,4.3,8.7
11,3,32,638,4.0,11.3,.351,1.4,4.4,.326,2.5,6.9,.368,3.7,5.2,.706,5.7,2.1,2.4,0.7,4.9,6.9,14.1,,85.7,102.4
11,4,32,638,6.9,.514,.464,.613,.459,131,1.2,10.9,5.8,7.2,2.4,1.5,26.2,16.0,,-0.2,0.8,0.6,.038,,-2.8,0.5,-2.4
12,0,31,223,6,18,.333,2,10,.200,4,8,.500,6,9,.667,6,14,20,7,8,1,13,13,22
12,1,31,7.2,0.2,0.6,.333,0.1,0.3,.200,0.1,0.3,.500,0.2,0.3,.667,0.6,0.2,0.3,0.0,0.4,0.4,0.7
12,2,31,223,1.1,3.2,.333,0.4,1.8,.200,0.7,1.4,.500,1.1,1.6,.667,3.6,1.3,1.4,0.2,2.3,2.3,3.9
12,3,31,223,1.7,5.2,.333,0.6,2.9,.200,1.2,2.3,.500,1.7,2.6,.667,5.8,2.0,2.3,0.3,3.8,3.8,6.4,,78.1,104.0
12,4,31,223,4.7,.494,.444,.444,.500,25,3.4,8.7,5.9,6.4,2.3,0.6,36.9,8.8,,-0.1,0.2,0.1,.023,,-4.1,0.7,-3.3
13,0,1,0,0,0,,0,0,,0,0,,0,0,,0,0,0,0,0,0,0,0,0
13,1,1,0.0,0.0,0.0,,0.0,0.0,,0.0,0.0,,0.0,0.0,,0.0,0.0,0.0,0.0,0.0,0.0,0.0
13,2,1,0,,,,,,,,,,,,,,,,,,,
13,3,1,0,,,,,,,,,,,,,,,,,,,,,,
13,4,1,0,,,,,,,,,,,,,,,,0.0,0.0,0.0,,,-5.4,-0.2,-5.5
