0,0,33,741,87,238,.366,58,156,.372,29,82,.354,45,59,.763,24,67,91,78,25,7,52,73,248
0,1,33,22.5,2.6,7.2,.366,1.8,4.7,.372,0.9,2.5,.354,1.4,1.8,.763,2.8,2.4,0.8,0.2,1.6,2.2,7.5
0,2,33,741,4.7,12.8,.366,3.1,8.4,.372,1.6,4.4,.354,2.4,3.2,.763,4.9,4.2,1.3,0.4,2.8,3.9,13.4
0,3,33,741,7.2,19.7,.366,4.8,12.9,.372,2.4,6.8,.354,3.7,4.9,.763,7.5,6.5,2.1,0.6,4.3,6.0,20.5,,96.4,94.8
0,4,33,741,12.7,.466,.426,.345,.248,249,3.4,11.1,7.0,25.1,2.1,1.1,16.4,21.9,,0.6,1.4,2.0,.107,,-1.5,0.1,-1.4
1,0,34,568,66,180,.367,15,46,.326,51,134,.381,22,35,.629,22,66,88,25,18,5,14,58,205
1,1,34,16.7,1.9,5.3,.367,0.4,1.4,.326,1.5,3.9,.381,0.6,1.0,.629,2.6,0.7,0.5,0.1,0.4,1.7,6.0
1,2,34,568,4.6,12.7,.367,1.1,3.2,.326,3.6,9.4,.381,1.5,2.5,.629,6.2,1.8,1.3,0.4,1.0,4.1,14.4
1,3,34,568,7.1,19.4,.367,1.6,5.0,.326,5.5,14.5,.381,2.4,3.8,.629,9.5,2.7,1.9,0.5,1.5,6.3,22.1,,112.8,93.9
1,4,34,568,15.5,.521,.508,.744,.194,178,4.1,14.3,8.8,10.5,1.9,1.1,6.6,18.9,,1.2,1.1,2.3,.159,,1.7,-0.6,1.1
2,0,23,527,59,142,.415,48,117,.410,11,25,.440,69,104,.663,39,53,92,43,28,7,44,47,198
2,1,23,22.9,2.6,6.2,.415,2.1,5.1,.410,0.5,1.1,.440,3.0,4.5,.663,4.0,1.9,1.2,0.3,1.9,2.0,8.6
2,2,23,527,4.5,10.8,.415,3.6,8.9,.410,0.8,1.9,.440,5.2,7.9,.663,7.0,3.3,2.1,0.5,3.3,3.6,15.0
2,3,23,527,6.9,16.5,.415,5.6,13.6,.410,1.3,2.9,.440,8.0,12.1,.663,10.7,5.0,3.3,0.8,5.1,5.5,23.0,,101.7,91.5
2,4,23,527,17.8,.517,.454,.176,.732,200,7.8,12.4,9.9,19.2,3.3,1.6,18.7,22.8,,0.8,1.1,1.9,.146,,-0.3,2.2,1.9
3,0,33,908,87,235,.370,44,103,.427,43,132,.326,68,92,.739,10,101,111,111,41,2,62,71,285
3,1,33,27.5,2.6,7.1,.370,1.3,3.1,.427,1.3,4.0,.326,2.1,2.8,.739,3.4,3.4,1.2,0.1,1.9,2.2,8.6
3,2,33,908,3.8,10.4,.370,1.9,4.5,.427,1.9,5.8,.326,3.0,4.1,.739,4.9,4.9,1.8,0.1,2.7,3.1,12.6
3,3,33,908,5.9,15.9,.370,3.0,7.0,.427,2.9,8.9,.326,4.6,6.2,.739,7.5,7.5,2.8,0.1,4.2,4.8,19.2,,102.6,92.8
3,4,33,908,14.5,.511,.462,.562,.391,290,1.2,13.7,6.9,27.8,2.8,0.3,18.2,19.2,,1.2,1.8,3.0,.134,,0.3,0.4,0.7
4,0,34,546,22,79,.278,18,61,.295,4,18,.222,23,36,.639,2,68,70,91,25,3,57,60,71
4,1,34,16.1,0.6,2.3,.278,0.5,1.8,.295,0.1,0.5,.222,0.7,1.1,.639,2.1,2.7,0.7,0.1,1.7,1.8,2.1
4,2,34,546,1.6,5.8,.278,1.3,4.5,.295,0.3,1.3,.222,1.7,2.6,.639,5.1,6.7,1.8,0.2,4.2,4.4,5.2
4,3,34,546,2.5,8.9,.278,2.0,6.8,.295,0.4,2.0,.222,2.6,4.0,.639,7.9,10.2,2.8,0.3,6.4,6.7,8.0,,73.3,91.8
4,4,34,546,6.1,.369,.304,.228,.456,105,0.4,15.3,7.3,33.6,2.8,0.7,37.2,14.3,,-0.7,1.2,0.5,.037,,-7.6,0.9,-6.7
5,0,34,514,40,84,.476,40,84,.476,0,0,,20,40,.500,58,93,151,6,11,28,41,95,100
5,1,34,15.1,1.2,2.5,.476,1.2,2.5,.476,0.0,0.0,,0.6,1.2,.500,4.4,0.2,0.3,0.8,1.2,2.8,2.9
5,2,34,514,3.1,6.5,.476,3.1,6.5,.476,0.0,0.0,,1.6,3.1,.500,11.8,0.5,0.9,2.2,3.2,7.4,7.8
5,3,34,514,4.8,10.0,.476,4.8,10.0,.476,0.0,0.0,,2.4,4.8,.500,18.0,0.7,1.3,3.3,4.9,11.3,11.9,,84.2,89.0
5,4,34,514,10.0,.485,.476,.000,.476,106,11.9,22.3,16.7,2.5,1.3,6.5,28.5,14.3,,-0.2,1.2,1.1,.083,,-7.1,3.3,-3.7
6,0,34,486,61,161,.379,46,111,.414,15,50,.300,64,84,.762,34,53,87,20,10,1,38,30,201
6,1,34,14.3,1.8,4.7,.379,1.4,3.3,.414,0.4,1.5,.300,1.9,2.5,.762,2.6,0.6,0.3,0.0,1.1,0.9,5.9
6,2,34,486,5.0,13.3,.379,3.8,9.1,.414,1.2,4.1,.300,5.3,6.9,.762,7.2,1.6,0.8,0.1,3.1,2.5,16.5
6,3,34,486,7.7,20.3,.379,5.8,14.0,.414,1.9,6.3,.300,8.1,10.6,.762,11.0,2.5,1.3,0.1,4.8,3.8,25.3,,99.1,96.3
6,4,34,486,14.8,.500,.425,.311,.522,188,7.4,13.4,10.2,10.0,1.3,0.2,15.9,25.1,,0.6,0.8,1.4,.118,,-2.2,-1.9,-4.1
7,0,7,23,2,6,.333,0,2,.000,2,4,.500,1,2,.500,0,1,1,1,0,0,1,1,7
7,1,7,3.3,0.3,0.9,.333,0.0,0.3,.000,0.3,0.6,.500,0.1,0.3,.500,0.1,0.1,0.0,0.0,0.1,0.1,1.0
7,2,7,23,3.5,10.4,.333,0.0,3.5,.000,3.5,7.0,.500,1.7,3.5,.500,1.7,1.7,0.0,0.0,1.7,1.7,12.2
7,3,7,23,5.3,16.0,.333,0.0,5.3,.000,5.3,10.7,.500,2.7,5.3,.500,2.7,2.7,0.0,0.0,2.7,2.7,18.7,,99.0,102.3
7,4,7,23,7.5,.504,.500,.667,.333,6,0.0,5.3,2.5,9.7,0.0,0.0,12.6,17.6,,0.0,0.0,0.0,.078,,-3.3,-4.5,-7.8
8,0,31,427,42,139,.302,16,43,.372,26,96,.271,10,16,.625,8,33,41,35,12,3,17,33,120
8,1,31,13.8,1.4,4.5,.302,0.5,1.4,.372,0.8,3.1,.271,0.3,0.5,.625,1.3,1.1,0.4,0.1,0.5,1.1,3.9
8,2,31,427,3.9,13.0,.302,1.5,4.0,.372,2.4,9.0,.271,0.9,1.5,.625,3.8,3.3,1.1,0.3,1.6,3.1,11.2
8,3,31,427,6.0,20.0,.302,2.3,6.2,.372,3.7,13.8,.271,1.4,2.3,.625,5.9,5.0,1.7,0.4,2.4,4.7,17.2,,92.4,96.4
8,4,31,427,9.1,.409,.396,.691,.115,117,2.0,9.5,5.4,18.7,1.7,0.8,10.4,19.6,,0.1,0.7,0.9,.081,,-2.1,-1.6,-3.7
9,0,32,685,61,170,.359,23,54,.426,38,116,.328,33,53,.623,45,47,92,25,23,0,33,75,193
9,1,32,21.4,1.9,5.3,.359,0.7,1.7,.426,1.2,3.6,.328,1.0,1.7,.623,2.9,0.8,0.7,0.0,1.0,2.3,6.0
9,2,32,685,3.6,9.9,.359,1.3,3.2,.426,2.2,6.8,.328,1.9,3.1,.623,5.4,1.5,1.3,0.0,1.9,4.4,11.3
9,3,32,685,5.5,15.2,.359,2.1,4.8,.426,3.4,10.4,.328,3.0,4.7,.623,8.2,2.2,2.1,0.0,3.0,6.7,17.3,,100.7,96.3
9,4,32,685,10.7,.494,.471,.682,.312,183,6.9,8.4,7.6,8.2,2.1,0.0,14.5,17.0,,0.7,1.2,1.8,.107,,-0.3,-0.5,-0.8
10,0,31,517,82,195,.421,82,195,.421,0,0,,42,71,.592,58,96,154,10,22,13,39,101,206
10,1,31,16.7,2.6,6.3,.421,2.6,6.3,.421,0.0,0.0,,1.4,2.3,.592,5.0,0.3,0.7,0.4,1.3,3.3,6.6
10,2,31,517,6.3,15.1,.421,6.3,15.1,.421,0.0,0.0,,3.2,5.5,.592,11.9,0.8,1.7,1.0,3.0,7.8,15.9
10,3,31,517,9.7,23.1,.421,9.7,23.1,.421,0.0,0.0,,5.0,8.4,.592,18.3,1.2,2.6,1.5,4.6,12.0,24.4,,90.6,87.7
10,4,31,517,15.0,.450,.421,.000,.364,192,11.8,22.8,16.9,5.1,2.6,3.0,14.6,26.4,,0.1,1.3,1.4,.112,,-5.9,0.6,-5.3
11,0,33,916,125,262,.477,125,262,.477,0,0,,67,115,.583,96,96,192,27,24,8,44,74,317
11,1,33,27.8,3.8,7.9,.477,3.8,7.9,.477,0.0,0.0,,2.0,3.5,.583,5.8,0.8,0.7,0.2,1.3,2.2,9.6
11,2,33,916,5.5,11.4,.477,5.5,11.4,.477,0.0,0.0,,2.9,5.0,.583,8.4,1.2,1.0,0.3,1.9,3.2,13.8
11,3,33,916,8.4,17.5,.477,8.4,17.5,.477,0.0,0.0,,4.5,7.7,.583,12.8,1.8,1.6,0.5,2.9,5.0,21.2,,104.2,95.2
11,4,33,916,16.1,.501,.477,.000,.439,304,11.0,12.9,11.9,7.4,1.6,1.0,12.2,20.1,,1.4,1.7,3.0,.132,,-1.7,0.3,-1.3
12,0,2,42,6,27,.222,1,6,.167,5,21,.238,0,0,,0,9,9,0,0,0,0,1,17
12,1,2,21.0,3.0,13.5,.222,0.5,3.0,.167,2.5,10.5,.238,0.0,0.0,,4.5,0.0,0.0,0.0,0.0,0.5,8.5
12,2,2,42,5.7,25.7,.222,1.0,5.7,.167,4.8,20.0,.238,0.0,0.0,,8.6,0.0,0.0,0.0,0.0,1.0,16.2
12,3,2,42,8.8,39.4,.222,1.5,8.8,.167,7.3,30.6,.238,0.0,0.0,,13.1,0.0,0.0,0.0,0.0,1.5,24.8,,74.4,94.5
12,4,2,42,3.9,.315,.315,.778,.000,13,0.0,26.4,12.2,0.0,0.0,0.0,0.0,32.8,,-0.1,0.1,0.0,.002,,-8.8,-11.1,-20.0
