0,0,35,988,113,227,.498,67,118,.568,46,109,.422,47,77,.610,11,75,86,129,47,18,55,114,319
0,1,35,28.2,3.2,6.5,.498,1.9,3.4,.568,1.3,3.1,.422,1.3,2.2,.610,2.5,3.7,1.3,0.5,1.6,3.3,9.1
0,2,35,988,4.6,9.2,.498,2.7,4.8,.568,1.9,4.4,.422,1.9,3.1,.610,3.5,5.2,1.9,0.7,2.2,4.6,12.9
0,3,35,988,6.8,13.7,.498,4.0,7.1,.568,2.8,6.6,.422,2.8,4.6,.610,5.2,7.8,2.8,1.1,3.3,6.9,19.3,,118.4,102.8
0,4,35,988,16.2,.605,.599,.480,.339,325,1.3,9.2,5.2,26.0,2.8,2.0,17.3,16.4,,2.0,1.4,3.5,.141,,1.7,-0.5,1.2
1,0,35,494,43,106,.406,9,16,.563,34,90,.378,17,17,1.000,5,36,41,26,7,4,13,51,137
1,1,35,14.1,1.2,3.0,.406,0.3,0.5,.563,1.0,2.6,.378,0.5,0.5,1.000,1.2,0.7,0.2,0.1,0.4,1.5,3.9
1,2,35,494,3.5,8.6,.406,0.7,1.3,.563,2.8,7.3,.378,1.4,1.4,1.000,3.3,2.1,0.6,0.3,1.1,4.1,11.1
1,3,35,494,5.2,12.8,.406,1.1,1.9,.563,4.1,10.9,.378,2.1,2.1,1.000,5.0,3.1,0.8,0.5,1.6,6.2,16.5,,123.5,108.0
1,4,35,494,10.6,.600,.566,.849,.160,121,1.2,8.8,5.0,9.9,0.8,0.9,10.2,13.0,,0.9,0.5,1.4,.109,,0.4,-2.9,-2.5
2,0,31,372,64,155,.413,23,54,.426,41,101,.406,24,38,.632,2,24,26,13,13,1,23,29,193
2,1,31,12.0,2.1,5.0,.413,0.7,1.7,.426,1.3,3.3,.406,0.8,1.2,.632,0.8,0.4,0.4,0.0,0.7,0.9,6.2
2,2,31,372,6.9,16.7,.413,2.5,5.8,.426,4.4,10.9,.406,2.6,4.1,.632,2.8,1.4,1.4,0.1,2.5,3.1,20.8
2,3,31,372,10.3,24.9,.413,3.7,8.7,.426,6.6,16.2,.406,3.8,6.1,.632,4.2,2.1,2.1,0.2,3.7,4.7,31.0,,105.1,106.1
2,4,31,372,15.3,.558,.545,.652,.245,151,0.6,7.8,4.2,7.9,2.1,0.3,11.7,26.7,,0.5,0.4,1.0,.103,,0.1,-4.9,-4.8
3,0,35,615,95,149,.638,95,149,.638,0,0,,39,72,.542,100,135,235,9,13,61,46,100,229
3,1,35,17.6,2.7,4.3,.638,2.7,4.3,.638,0.0,0.0,,1.1,2.1,.542,6.7,0.3,0.4,1.7,1.3,2.9,6.5
3,2,35,615,6.2,9.7,.638,6.2,9.7,.638,0.0,0.0,,2.5,4.7,.542,15.3,0.6,0.8,4.0,3.0,6.5,14.9
3,3,35,615,9.2,14.5,.638,9.2,14.5,.638,0.0,0.0,,3.8,7.0,.542,22.8,0.9,1.3,5.9,4.5,9.7,22.2,,114.1,94.7
3,4,35,615,23.4,.625,.638,.000,.483,229,19.2,26.6,22.9,3.2,1.3,11.0,20.1,18.9,,1.2,1.4,2.6,.170,,-1.7,3.2,1.5
4,0,1,0,0,0,,0,0,,0,0,,0,0,,0,0,0,1,0,0,0,0,0
4,1,1,0.0,0.0,0.0,,0.0,0.0,,0.0,0.0,,0.0,0.0,,0.0,1.0,0.0,0.0,0.0,0.0,0.0
4,2,1,0,,,,,,,,,,,,,,,,,,,
4,3,1,0,,,,,,,,,,,,,,,,,,,,,,
4,4,1,0,,,,,,,,,,,,,,,,0.0,0.0,0.0,,,-5.8,-0.9,-6.7
5,0,26,238,41,71,.577,39,65,.600,2,6,.333,38,52,.731,37,30,67,11,11,3,17,54,122
5,1,26,9.2,1.6,2.7,.577,1.5,2.5,.600,0.1,0.2,.333,1.5,2.0,.731,2.6,0.4,0.4,0.1,0.7,2.1,4.7
5,2,26,238,6.9,11.9,.577,6.6,10.9,.600,0.3,1.0,.333,6.4,8.7,.731,11.3,1.8,1.8,0.5,2.9,9.1,20.5
5,3,26,238,10.3,17.8,.577,9.8,16.3,.600,0.5,1.5,.333,9.5,13.0,.731,16.8,2.8,2.8,0.8,4.3,13.5,30.6,,125.9,100.3
5,4,26,238,25.1,.637,.592,.085,.732,121,18.4,15.3,16.8,10.4,2.8,1.4,15.1,24.0,,0.9,0.4,1.3,.222,,3.4,-1.0,2.4
6,0,34,420,52,112,.464,41,84,.488,11,28,.393,35,51,.686,18,47,65,18,10,2,25,43,150
6,1,34,12.4,1.5,3.3,.464,1.2,2.5,.488,0.3,0.8,.393,1.0,1.5,.686,1.9,0.5,0.3,0.1,0.7,1.3,4.4
6,2,34,420,5.0,10.7,.464,3.9,8.0,.488,1.0,2.7,.393,3.3,4.9,.686,6.2,1.7,1.0,0.2,2.4,4.1,14.3
6,3,34,420,7.4,15.9,.464,5.8,11.9,.488,1.6,4.0,.393,5.0,7.2,.686,9.2,2.6,1.4,0.3,3.6,6.1,21.3,,106.6,105.0
6,4,34,420,12.9,.551,.513,.250,.455,138,5.1,13.6,9.3,8.7,1.4,0.5,15.5,19.5,,0.5,0.5,1.1,.100,,-2.5,-2.4,-5.0
7,0,8,12,2,3,.667,1,1,1.000,1,2,.500,0,0,,0,0,0,1,0,0,0,1,5
7,1,8,1.5,0.3,0.4,.667,0.1,0.1,1.000,0.1,0.3,.500,0.0,0.0,,0.0,0.1,0.0,0.0,0.0,0.1,0.6
7,2,8,12,6.7,10.0,.667,3.3,3.3,1.000,3.3,6.7,.500,0.0,0.0,,0.0,3.3,0.0,0.0,0.0,3.3,16.7
7,3,8,12,9.9,14.9,.667,5.0,5.0,1.000,5.0,9.9,.500,0.0,0.0,,0.0,5.0,0.0,0.0,0.0,5.0,24.9,,175.2,113.9
7,4,8,12,19.6,.833,.833,.667,.000,4,0.0,0.0,0.0,18.5,0.0,0.0,0.0,12.7,,0.1,0.0,0.1,.187,,4.1,-9.8,-5.6
8,0,27,241,13,34,.382,8,18,.444,5,16,.313,15,24,.625,11,16,27,12,7,0,7,25,46
8,1,27,8.9,0.5,1.3,.382,0.3,0.7,.444,0.2,0.6,.313,0.6,0.9,.625,1.0,0.4,0.3,0.0,0.3,0.9,1.7
8,2,27,241,2.2,5.6,.382,1.3,3.0,.444,0.8,2.7,.313,2.5,4.0,.625,4.5,2.0,1.2,0.0,1.2,4.1,7.6
8,3,27,241,3.2,8.4,.382,2.0,4.5,.444,1.2,4.0,.313,3.7,5.9,.625,6.7,3.0,1.7,0.0,1.7,6.2,11.4,,112.8,106.8
8,4,27,241,8.6,.507,.456,.471,.706,51,5.4,8.1,6.7,8.9,1.7,0.0,13.4,11.0,,0.3,0.3,0.5,.087,,-1.8,-1.7,-3.5
9,0,11,24,0,1,.000,0,0,,0,1,.000,0,1,.000,1,2,3,7,0,0,3,0,0
9,1,11,2.2,0.0,0.1,.000,0.0,0.0,,0.0,0.1,.000,0.0,0.1,.000,0.3,0.6,0.0,0.0,0.3,0.0,0.0
9,2,11,24,0.0,1.7,.000,0.0,0.0,,0.0,1.7,.000,0.0,1.7,.000,5.0,11.7,0.0,0.0,5.0,0.0,0.0
9,3,11,24,0.0,2.5,.000,0.0,0.0,,0.0,2.5,.000,0.0,2.5,.000,7.5,17.4,0.0,0.0,7.5,0.0,0.0,,74.0,110.3
9,4,11,24,4.5,.000,.000,1.000,1.000,4,4.9,10.1,7.5,47.3,0.0,0.0,67.0,9.5,,0.0,0.0,0.0,-.021,,-9.1,-5.7,-14.8
10,0,35,564,120,229,.524,116,222,.523,4,7,.571,54,84,.643,56,94,150,15,21,13,40,101,298
10,1,35,16.1,3.4,6.5,.524,3.3,6.3,.523,0.1,0.2,.571,1.5,2.4,.643,4.3,0.4,0.6,0.4,1.1,2.9,8.5
10,2,35,564,8.5,16.2,.524,8.2,15.7,.523,0.3,0.5,.571,3.8,6.0,.643,10.6,1.1,1.5,0.9,2.8,7.2,21.1
10,3,35,564,12.7,24.2,.524,12.3,23.5,.523,0.4,0.7,.571,5.7,8.9,.643,15.9,1.6,2.2,1.4,4.2,10.7,31.5,,108.2,99.2
10,4,35,564,21.0,.554,.533,.031,.367,263,11.7,20.2,15.9,6.6,2.2,2.6,12.9,27.8,,1.1,1.0,2.1,.150,,-2.3,-1.7,-3.9
11,0,35,1113,115,300,.383,65,172,.378,50,128,.391,162,236,.686,29,130,159,147,44,13,81,59,442
11,1,35,31.8,3.3,8.6,.383,1.9,4.9,.378,1.4,3.7,.391,4.6,6.7,.686,4.5,4.2,1.3,0.4,2.3,1.7,12.6
11,2,35,1113,4.1,10.8,.383,2.3,6.2,.378,1.8,4.6,.391,5.8,8.5,.686,5.7,5.3,1.6,0.5,2.9,2.1,15.9
11,3,35,1113,6.2,16.1,.383,3.5,9.2,.378,2.7,6.9,.391,8.7,12.7,.686,8.5,7.9,2.4,0.7,4.3,3.2,23.7,,111.8,102.6
11,4,35,1113,18.0,.536,.467,.427,.787,469,3.1,14.2,8.5,25.8,2.4,1.3,16.4,22.5,,2.3,1.6,4.0,.143,,1.2,-0.3,0.9
12,0,35,1078,115,305,.377,59,156,.378,56,149,.376,120,164,.732,32,112,144,126,51,5,84,90,406
12,1,35,30.8,3.3,8.7,.377,1.7,4.5,.378,1.6,4.3,.376,3.4,4.7,.732,4.1,3.6,1.5,0.1,2.4,2.6,11.6
12,2,35,1078,4.3,11.3,.377,2.2,5.8,.378,2.1,5.5,.376,4.5,6.1,.732,5.3,4.7,1.9,0.2,3.1,3.3,15.1
12,3,35,1078,6.4,16.9,.377,3.3,8.6,.378,3.1,8.2,.376,6.6,9.1,.732,8.0,7.0,2.8,0.3,4.6,5.0,22.5,,107.5,102.4
12,4,35,1078,15.7,.530,.469,.489,.538,423,3.5,12.6,8.0,22.9,2.8,0.5,18.0,22.0,,1.7,1.6,3.3,.123,,0.6,-0.5,0.1
13,0,35,942,102,201,.507,102,200,.510,0,1,.000,96,153,.627,64,64,128,36,12,2,51,79,300
13,1,35,26.9,2.9,5.7,.507,2.9,5.7,.510,0.0,0.0,.000,2.7,4.4,.627,3.7,1.0,0.3,0.1,1.5,2.3,8.6
13,2,35,942,4.3,8.5,.507,4.3,8.5,.510,0.0,0.0,.000,4.1,6.5,.627,5.4,1.5,0.5,0.1,2.2,3.4,12.7
13,3,35,942,6.5,12.7,.507,6.5,12.7,.510,0.0,0.1,.000,6.1,9.7,.627,8.1,2.3,0.8,0.1,3.2,5.0,19.0,,109.5,108.8
13,4,35,942,11.9,.548,.507,.005,.761,298,8.0,8.2,8.1,7.5,0.8,0.2,15.7,17.5,,1.3,0.8,2.2,.093,,-2.0,-2.2,-4.2
