0,0,2,4,1,2,.500,1,2,.500,0,0,,0,0,,1,0,1,0,0,1,0,1,2
0,1,2,2.0,0.5,1.0,.500,0.5,1.0,.500,0.0,0.0,,0.0,0.0,,0.5,0.0,0.0,0.5,0.0,0.5,1.0
0,2,2,4,10.0,20.0,.500,10.0,20.0,.500,0.0,0.0,,0.0,0.0,,10.0,0.0,0.0,10.0,0.0,10.0,20.0
0,3,2,4,14.7,29.5,.500,14.7,29.5,.500,0.0,0.0,,0.0,0.0,,14.7,0.0,0.0,14.7,0.0,14.7,29.5,,120.4,108.8
0,4,2,4,31.6,.500,.500,.000,.000,2,30.9,0.0,15.0,0.0,0.0,26.7,0.0,26.1,,0.0,0.0,0.0,.171,,-0.8,2.1,1.4
1,0,6,20,0,1,.000,0,0,,0,1,.000,4,5,.800,0,2,2,0,0,0,0,0,4
1,1,6,3.3,0.0,0.2,.000,0.0,0.0,,0.0,0.2,.000,0.7,0.8,.800,0.3,0.0,0.0,0.0,0.0,0.0,0.7
1,2,6,20,0.0,2.0,.000,0.0,0.0,,0.0,2.0,.000,8.0,10.0,.800,4.0,0.0,0.0,0.0,0.0,0.0,8.0
1,3,6,20,0.0,2.9,.000,0.0,0.0,,0.0,2.9,.000,11.8,14.7,.800,5.9,0.0,0.0,0.0,0.0,0.0,11.8,,144.4,118.7
1,4,6,20,9.3,.593,.000,1.000,5.000,4,0.0,11.6,6.0,0.0,0.0,0.0,0.0,8.8,,0.0,0.0,0.0,.073,,-2.0,-7.5,-9.5
2,0,28,335,39,80,.488,39,79,.494,0,1,.000,20,27,.741,30,71,101,5,1,7,22,64,98
2,1,28,12.0,1.4,2.9,.488,1.4,2.8,.494,0.0,0.0,.000,0.7,1.0,.741,3.6,0.2,0.0,0.3,0.8,2.3,3.5
2,2,28,335,4.7,9.6,.488,4.7,9.4,.494,0.0,0.1,.000,2.4,3.2,.741,12.1,0.6,0.1,0.8,2.6,7.6,11.7
2,3,28,335,6.9,14.1,.488,6.9,13.9,.494,0.0,0.2,.000,3.5,4.7,.741,17.8,0.9,0.2,1.2,3.9,11.3,17.2,,99.5,110.7
2,4,28,335,11.2,.528,.488,.013,.338,101,11.1,24.6,18.0,2.8,0.2,2.2,19.2,17.9,,0.2,0.2,0.5,.054,,-5.8,-4.7,-10.5
3,0,33,516,65,124,.524,64,120,.533,1,4,.250,43,89,.483,51,65,116,26,9,12,30,70,174
3,1,33,15.6,2.0,3.8,.524,1.9,3.6,.533,0.0,0.1,.250,1.3,2.7,.483,3.5,0.8,0.3,0.4,0.9,2.1,5.3
3,2,33,516,5.0,9.6,.524,5.0,9.3,.533,0.1,0.3,.250,3.3,6.9,.483,9.0,2.0,0.7,0.9,2.3,5.4,13.5
3,3,33,516,7.4,14.2,.524,7.3,13.7,.533,0.1,0.5,.250,4.9,10.2,.483,13.2,3.0,1.0,1.4,3.4,8.0,19.9,,106.0,113.1
3,4,33,516,15.0,.523,.528,.032,.718,188,12.2,14.6,13.5,9.8,1.0,2.5,15.3,19.8,,0.7,0.3,0.9,.073,,-2.0,-2.8,-4.8
4,0,17,118,6,23,.261,3,12,.250,3,11,.273,9,15,.600,7,6,13,4,3,2,6,16,24
4,1,17,6.9,0.4,1.4,.261,0.2,0.7,.250,0.2,0.6,.273,0.5,0.9,.600,0.8,0.2,0.2,0.1,0.4,0.9,1.4
4,2,17,118,2.0,7.8,.261,1.0,4.1,.250,1.0,3.7,.273,3.1,5.1,.600,4.4,1.4,1.0,0.7,2.0,5.4,8.1
4,3,17,118,3.0,11.5,.261,1.5,6.0,.250,1.5,5.5,.273,4.5,7.5,.600,6.5,2.0,1.5,1.0,3.0,8.0,12.0,,86.6,116.0
4,4,17,118,5.0,.398,.326,.478,.652,27,7.3,5.9,6.6,5.7,1.5,1.8,16.6,16.0,,0.0,0.0,0.0,-.007,,-4.7,-3.8,-8.6
5,0,12,80,15,23,.652,15,22,.682,0,1,.000,2,7,.286,10,4,14,2,3,3,2,19,32
5,1,12,6.7,1.3,1.9,.652,1.3,1.8,.682,0.0,0.1,.000,0.2,0.6,.286,1.2,0.2,0.3,0.3,0.2,1.6,2.7
5,2,12,80,7.5,11.5,.652,7.5,11.0,.682,0.0,0.5,.000,1.0,3.5,.286,7.0,1.0,1.5,1.5,1.0,9.5,16.0
5,3,12,80,11.0,16.9,.652,11.0,16.2,.682,0.0,0.7,.000,1.5,5.2,.286,10.3,1.5,2.2,2.2,1.5,14.0,23.6,,125.0,112.8
5,4,12,80,20.0,.608,.652,.043,.304,31,15.5,5.8,10.5,5.5,2.2,4.0,7.1,18.5,,0.2,0.0,0.3,.133,,2.0,-2.7,-0.7
6,0,32,679,84,187,.449,57,109,.523,27,78,.346,56,72,.778,26,73,99,26,16,10,21,72,251
6,1,32,21.2,2.6,5.8,.449,1.8,3.4,.523,0.8,2.4,.346,1.8,2.3,.778,3.1,0.8,0.5,0.3,0.7,2.3,7.8
6,2,32,679,4.9,11.0,.449,3.4,6.4,.523,1.6,4.6,.346,3.3,4.2,.778,5.8,1.5,0.9,0.6,1.2,4.2,14.8
6,3,32,679,7.3,16.2,.449,4.9,9.5,.523,2.3,6.8,.346,4.9,6.2,.778,8.6,2.3,1.4,0.9,1.8,6.2,21.8,,117.2,113.9
6,4,32,679,15.6,.567,.521,.417,.385,234,4.7,12.5,8.7,7.4,1.4,1.6,8.7,18.6,,1.4,0.3,1.7,.099,,0.4,-3.7,-3.3
7,0,19,85,5,9,.556,5,9,.556,0,0,,3,8,.375,7,12,19,1,2,3,5,30,13
7,1,19,4.5,0.3,0.5,.556,0.3,0.5,.556,0.0,0.0,,0.2,0.4,.375,1.0,0.1,0.1,0.2,0.3,1.6,0.7
7,2,19,85,2.4,4.2,.556,2.4,4.2,.556,0.0,0.0,,1.4,3.8,.375,8.9,0.5,0.9,1.4,2.4,14.1,6.1
7,3,19,85,3.5,6.2,.556,3.5,6.2,.556,0.0,0.0,,2.1,5.5,.375,13.2,0.7,1.4,2.1,3.5,20.8,9.0,,90.5,109.6
7,4,19,85,4.4,.508,.556,.000,.889,15,10.2,16.4,13.4,2.0,1.4,3.8,28.1,10.9,,0.0,0.1,0.1,.030,,-5.7,-1.7,-7.4
8,0,33,769,126,269,.468,96,177,.542,30,92,.326,50,61,.820,9,75,84,84,27,3,55,75,332
8,1,33,23.3,3.8,8.2,.468,2.9,5.4,.542,0.9,2.8,.326,1.5,1.8,.820,2.5,2.5,0.8,0.1,1.7,2.3,10.1
8,2,33,769,6.6,14.0,.468,5.0,9.2,.542,1.6,4.8,.326,2.6,3.2,.820,4.4,4.4,1.4,0.2,2.9,3.9,17.3
8,3,33,769,9.7,20.6,.468,7.4,13.6,.542,2.3,7.0,.326,3.8,4.7,.820,6.4,6.4,2.1,0.2,4.2,5.7,25.4,,106.6,113.5
8,4,33,769,16.8,.557,.524,.342,.227,321,1.4,11.3,6.5,22.9,2.1,0.4,15.6,23.9,,1.2,0.4,1.6,.082,,0.4,-4.0,-3.7
9,0,13,164,21,51,.412,20,36,.556,1,15,.067,7,15,.467,2,18,20,13,7,1,8,12,50
9,1,13,12.6,1.6,3.9,.412,1.5,2.8,.556,0.1,1.2,.067,0.5,1.2,.467,1.5,1.0,0.5,0.1,0.6,0.9,3.8
9,2,13,164,5.1,12.4,.412,4.9,8.8,.556,0.2,3.7,.067,1.7,3.7,.467,4.9,3.2,1.7,0.2,2.0,2.9,12.2
9,3,13,164,7.5,18.3,.412,7.2,12.9,.556,0.4,5.4,.067,2.5,5.4,.467,7.2,4.7,2.5,0.4,2.9,4.3,18.0,,89.5,111.9
9,4,13,164,10.8,.430,.422,.294,.294,50,1.5,12.7,7.3,15.5,2.5,0.7,12.1,21.0,,0.0,0.1,0.1,.014,,-4.4,-3.5,-7.9
10,0,33,1037,71,187,.380,27,71,.380,44,116,.379,26,42,.619,26,104,130,68,24,7,44,89,212
10,1,33,31.4,2.2,5.7,.380,0.8,2.2,.380,1.3,3.5,.379,0.8,1.3,.619,3.9,2.1,0.7,0.2,1.3,2.7,6.4
10,2,33,1037,2.7,7.2,.380,1.0,2.7,.380,1.7,4.5,.379,1.0,1.6,.619,5.0,2.6,0.9,0.3,1.7,3.4,8.2
10,3,33,1037,4.0,10.6,.380,1.5,4.0,.380,2.5,6.6,.379,1.5,2.4,.619,7.4,3.9,1.4,0.4,2.5,5.1,12.0,,101.2,114.8
10,4,33,1037,8.7,.512,.497,.620,.225,225,3.1,11.6,7.5,11.5,1.4,0.7,17.5,12.6,,0.6,0.4,0.9,.035,,-1.2,-2.3,-3.5
11,0,29,345,44,114,.386,36,73,.493,8,41,.195,19,28,.679,3,24,27,18,4,0,29,26,115
11,1,29,11.9,1.5,3.9,.386,1.2,2.5,.493,0.3,1.4,.195,0.7,1.0,.679,0.9,0.6,0.1,0.0,1.0,0.9,4.0
11,2,29,345,5.1,13.2,.386,4.2,8.5,.493,0.9,4.8,.195,2.2,3.2,.679,3.1,2.1,0.5,0.0,3.4,3.0,13.3
11,3,29,345,7.5,19.5,.386,6.1,12.5,.493,1.4,7.0,.195,3.2,4.8,.679,4.6,3.1,0.7,0.0,5.0,4.4,19.6,,82.4,118.2
11,4,29,345,5.8,.452,.421,.360,.246,107,1.1,8.1,4.7,10.2,0.7,0.0,18.6,23.6,,-0.3,0.0,-0.3,-.040,,-6.7,-6.5,-13.2
12,0,7,5,0,1,.000,0,1,.000,0,0,,0,0,,2,0,2,0,0,0,1,0,0
12,1,7,0.7,0.0,0.1,.000,0.0,0.1,.000,0.0,0.0,,0.0,0.0,,0.3,0.0,0.0,0.0,0.1,0.0,0.0
12,2,7,5,0.0,8.0,.000,0.0,8.0,.000,0.0,0.0,,0.0,0.0,,16.0,0.0,0.0,0.0,8.0,0.0,0.0
12,3,7,5,0.0,11.8,.000,0.0,11.8,.000,0.0,0.0,,0.0,0.0,,23.6,0.0,0.0,0.0,11.8,0.0,0.0,,54.7,123.5
12,4,7,5,-3.6,.000,.000,.000,.000,1,49.5,0.0,23.9,0.0,0.0,0.0,50.0,20.9,,0.0,0.0,0.0,-.211,,-12.8,-10.2,-23.0
13,0,30,887,119,275,.433,73,157,.465,46,118,.390,73,95,.768,6,48,54,103,25,3,65,70,357
13,1,30,29.6,4.0,9.2,.433,2.4,5.2,.465,1.5,3.9,.390,2.4,3.2,.768,1.8,3.4,0.8,0.1,2.2,2.3,11.9
13,2,30,887,5.4,12.4,.433,3.3,7.1,.465,2.1,5.3,.390,3.3,4.3,.768,2.4,4.6,1.1,0.1,2.9,3.2,16.1
13,3,30,887,7.9,18.3,.433,4.8,10.4,.465,3.1,7.8,.390,4.8,6.3,.768,3.6,6.8,1.7,0.2,4.3,4.6,23.7,,106.6,116.6
13,4,30,887,14.7,.558,.516,.429,.345,354,0.8,6.3,3.6,22.9,1.7,0.4,16.9,22.6,,1.3,0.2,1.5,.067,,0.3,-5.3,-5.0
14,0,32,1057,217,361,.601,216,358,.603,1,3,.333,129,172,.750,64,171,235,24,43,45,59,75,564
14,1,32,33.0,6.8,11.3,.601,6.8,11.2,.603,0.0,0.1,.333,4.0,5.4,.750,7.3,0.8,1.3,1.4,1.8,2.3,17.6
14,2,32,1057,8.2,13.7,.601,8.2,13.5,.603,0.0,0.1,.333,4.9,6.5,.750,8.9,0.9,1.6,1.7,2.2,2.8,21.3
14,3,32,1057,12.1,20.1,.601,12.0,20.0,.603,0.1,0.2,.333,7.2,9.6,.750,13.1,1.3,2.4,2.5,3.3,4.2,31.4,,121.2,107.8
14,4,32,1057,26.6,.637,.602,.008,.476,498,7.5,18.8,13.3,5.2,2.4,4.6,11.8,24.7,,3.3,1.1,4.4,.166,,1.5,-1.2,0.3
15,0,33,525,36,85,.424,36,78,.462,0,7,.000,27,56,.482,10,35,45,76,21,2,70,75,99
15,1,33,15.9,1.1,2.6,.424,1.1,2.4,.462,0.0,0.2,.000,0.8,1.7,.482,1.4,2.3,0.6,0.1,2.1,2.3,3.0
15,2,33,525,2.7,6.5,.424,2.7,5.9,.462,0.0,0.5,.000,2.1,4.3,.482,3.4,5.8,1.6,0.2,5.3,5.7,7.5
15,3,33,525,4.0,9.5,.424,4.0,8.8,.462,0.0,0.8,.000,3.0,6.3,.482,5.1,8.5,2.4,0.2,7.9,8.4,11.1,,74.5,114.0
15,4,33,525,4.1,.444,.424,.082,.659,132,2.4,7.7,5.1,25.3,2.4,0.4,38.5,18.0,,-0.9,0.2,-0.7,-.050,,-7.7,-3.4,-11.1
