0,0,30,972,78,210,.371,48,116,.414,30,94,.319,46,76,.605,14,73,87,197,58,2,85,75,232
0,1,30,32.4,2.6,7.0,.371,1.6,3.9,.414,1.0,3.1,.319,1.5,2.5,.605,2.9,6.6,1.9,0.1,2.8,2.5,7.7
0,2,30,972,3.2,8.6,.371,2.0,4.8,.414,1.2,3.9,.319,1.9,3.1,.605,3.6,8.1,2.4,0.1,3.5,3.1,9.5
0,3,30,972,5.1,13.7,.371,3.1,7.5,.414,2.0,6.1,.319,3.0,4.9,.605,5.7,12.8,3.8,0.1,5.5,4.9,15.1,,97.3,98.5
0,4,30,972,14.4,.471,.443,.448,.362,307,1.7,9.3,5.4,43.0,3.8,0.2,25.7,18.5,,0.7,1.6,2.3,.095,,0.9,1.8,2.8
1,0,30,357,28,75,.373,22,56,.393,6,19,.316,8,19,.421,20,59,79,12,6,2,24,35,70
1,1,30,11.9,0.9,2.5,.373,0.7,1.9,.393,0.2,0.6,.316,0.3,0.6,.421,2.6,0.4,0.2,0.1,0.8,1.2,2.3
1,2,30,357,3.1,8.4,.373,2.5,6.3,.393,0.7,2.1,.316,0.9,2.1,.421,8.9,1.3,0.7,0.2,2.7,3.9,7.8
1,3,30,357,5.0,13.3,.373,3.9,9.9,.393,1.1,3.4,.316,1.4,3.4,.421,14.0,2.1,1.1,0.4,4.2,6.2,12.4,,79.5,99.4
1,4,30,357,6.6,.417,.413,.253,.253,74,6.6,20.4,13.4,7.1,1.1,0.6,22.2,16.4,,-0.3,0.6,0.3,.029,,-5.0,1.9,-3.1
2,0,6,32,4,8,.500,4,8,.500,0,0,,1,2,.500,0,2,2,0,1,1,1,1,9
2,1,6,5.3,0.7,1.3,.500,0.7,1.3,.500,0.0,0.0,,0.2,0.3,.500,0.3,0.0,0.2,0.2,0.2,0.2,1.5
2,2,6,32,5.0,10.0,.500,5.0,10.0,.500,0.0,0.0,,1.3,2.5,.500,2.5,0.0,1.3,1.3,1.3,1.3,11.3
2,3,6,32,7.9,15.8,.500,7.9,15.8,.500,0.0,0.0,,2.0,3.9,.500,3.9,0.0,2.0,2.0,2.0,2.0,17.8,,92.7,101.6
2,4,6,32,11.0,.503,.500,.000,.250,7,0.0,7.7,3.8,0.0,2.0,3.5,10.1,16.9,,0.0,0.0,0.0,.062,,-5.2,1.2,-4.0
3,0,31,965,167,390,.428,87,179,.486,80,211,.379,113,123,.919,11,96,107,40,36,2,32,45,527
3,1,31,31.1,5.4,12.6,.428,2.8,5.8,.486,2.6,6.8,.379,3.6,4.0,.919,3.5,1.3,1.2,0.1,1.0,1.5,17.0
3,2,31,965,6.9,16.2,.428,3.6,7.4,.486,3.3,8.7,.379,4.7,5.1,.919,4.4,1.7,1.5,0.1,1.3,1.9,21.8
3,3,31,965,10.9,25.5,.428,5.7,11.7,.486,5.2,13.8,.379,7.4,8.1,.919,7.0,2.6,2.4,0.1,2.1,2.9,34.5,,121.5,100.4
3,4,31,965,24.1,.588,.531,.541,.315,445,1.4,12.3,6.7,10.9,2.4,0.2,6.7,27.1,,3.6,1.4,5.0,.205,,7.3,0.2,7.6
4,0,31,269,24,40,.600,24,40,.600,0,0,,8,16,.500,26,33,59,2,3,9,6,54,56
4,1,31,8.7,0.8,1.3,.600,0.8,1.3,.600,0.0,0.0,,0.3,0.5,.500,1.9,0.1,0.1,0.3,0.2,1.7,1.8
4,2,31,269,3.6,5.9,.600,3.6,5.9,.600,0.0,0.0,,1.2,2.4,.500,8.8,0.3,0.4,1.3,0.9,8.0,8.3
4,3,31,269,5.6,9.4,.600,5.6,9.4,.600,0.0,0.0,,1.9,3.8,.500,13.9,0.5,0.7,2.1,1.4,12.7,13.2,,122.0,100.2
4,4,31,269,12.5,.588,.600,.000,.400,58,11.5,15.2,13.3,1.6,0.7,3.7,11.2,10.8,,0.5,0.4,0.9,.128,,-0.9,2.3,1.4
5,0,2,4,0,0,,0,0,,0,0,,0,0,,0,0,0,0,0,0,1,1,0
5,1,2,2.0,0.0,0.0,,0.0,0.0,,0.0,0.0,,0.0,0.0,,0.0,0.0,0.0,0.0,0.5,0.5,0.0
5,2,2,4,0.0,0.0,,0.0,0.0,,0.0,0.0,,0.0,0.0,,0.0,0.0,0.0,0.0,10.0,10.0,0.0
5,3,2,4,0.0,0.0,,0.0,0.0,,0.0,0.0,,0.0,0.0,,0.0,0.0,0.0,0.0,15.8,15.8,0.0,,0.0,109.7
5,4,2,4,-21.0,,,,,0,0.0,0.0,0.0,0.0,0.0,0.0,100.0,13.6,,0.0,0.0,0.0,-.254,,-17.4,2.7,-14.7
6,0,31,336,35,91,.385,16,36,.444,19,55,.345,15,24,.625,7,18,25,12,6,1,14,34,104
6,1,31,10.8,1.1,2.9,.385,0.5,1.2,.444,0.6,1.8,.345,0.5,0.8,.625,0.8,0.4,0.2,0.0,0.5,1.1,3.4
6,2,31,336,4.2,10.8,.385,1.9,4.3,.444,2.3,6.5,.345,1.8,2.9,.625,3.0,1.4,0.7,0.1,1.7,4.0,12.4
6,3,31,336,6.6,17.1,.385,3.0,6.8,.444,3.6,10.3,.345,2.8,4.5,.625,4.7,2.3,1.1,0.2,2.6,6.4,19.6,,100.4,105.1
6,4,31,336,9.6,.508,.489,.604,.264,92,2.5,6.6,4.5,8.0,1.1,0.3,12.0,18.8,,0.3,0.3,0.6,.075,,0.0,-0.7,-0.7
7,0,31,668,79,154,.513,77,139,.554,2,15,.133,47,63,.746,60,99,159,11,25,6,33,64,207
7,1,31,21.5,2.5,5.0,.513,2.5,4.5,.554,0.1,0.5,.133,1.5,2.0,.746,5.1,0.4,0.8,0.2,1.1,2.1,6.7
7,2,31,668,4.7,9.2,.513,4.6,8.3,.554,0.1,0.9,.133,2.8,3.8,.746,9.5,0.7,1.5,0.4,2.0,3.8,12.4
7,3,31,668,7.5,14.6,.513,7.3,13.1,.554,0.2,1.4,.133,4.4,6.0,.746,15.0,1.0,2.4,0.6,3.1,6.1,19.6,,110.1,97.3
7,4,31,668,17.2,.563,.519,.097,.409,203,10.7,18.3,14.4,3.8,2.4,1.0,15.2,17.6,,1.1,1.2,2.3,.138,,0.2,2.4,2.6
8,0,6,22,3,8,.375,0,2,.000,3,6,.500,0,0,,0,1,1,0,0,0,0,2,9
8,1,6,3.7,0.5,1.3,.375,0.0,0.3,.000,0.5,1.0,.500,0.0,0.0,,0.2,0.0,0.0,0.0,0.0,0.3,1.5
8,2,6,22,5.5,14.5,.375,0.0,3.6,.000,5.5,10.9,.500,0.0,0.0,,1.8,0.0,0.0,0.0,0.0,3.6,16.4
8,3,6,22,8.6,23.0,.375,0.0,5.7,.000,8.6,17.2,.500,0.0,0.0,,2.9,0.0,0.0,0.0,0.0,5.7,25.8,,117.4,108.2
8,4,6,22,12.5,.563,.563,.750,.000,6,0.0,5.6,2.8,0.0,0.0,0.0,0.0,19.8,,0.0,0.0,0.1,.113,,1.8,-4.9,-3.1
9,0,30,696,55,129,.426,55,129,.426,0,0,,44,72,.611,33,72,105,11,12,75,37,75,154
9,1,30,23.2,1.8,4.3,.426,1.8,4.3,.426,0.0,0.0,,1.5,2.4,.611,3.5,0.4,0.4,2.5,1.2,2.5,5.1
9,2,30,696,3.2,7.4,.426,3.2,7.4,.426,0.0,0.0,,2.5,4.1,.611,6.0,0.6,0.7,4.3,2.1,4.3,8.9
9,3,30,696,5.0,11.7,.426,5.0,11.7,.426,0.0,0.0,,4.0,6.5,.611,9.5,1.0,1.1,6.8,3.4,6.8,14.0,,89.9,96.6
9,4,30,696,12.1,.472,.426,.000,.558,151,5.6,12.8,9.1,3.3,1.1,11.9,18.5,15.6,,0.0,1.3,1.3,.073,,-4.6,8.3,3.8
10,0,17,152,13,31,.419,6,14,.429,7,17,.412,3,9,.333,5,11,16,2,3,2,3,11,36
10,1,17,8.9,0.8,1.8,.419,0.4,0.8,.429,0.4,1.0,.412,0.2,0.5,.333,0.9,0.1,0.2,0.1,0.2,0.6,2.1
10,2,17,152,3.4,8.2,.419,1.6,3.7,.429,1.8,4.5,.412,0.8,2.4,.333,4.2,0.5,0.8,0.5,0.8,2.9,9.5
10,3,17,152,5.4,12.9,.419,2.5,5.8,.429,2.9,7.1,.412,1.2,3.7,.333,6.7,0.8,1.2,0.8,1.2,4.6,15.0,,104.6,103.5
10,4,17,152,9.9,.510,.532,.548,.290,31,3.9,8.9,6.4,2.8,1.2,1.5,7.8,13.7,,0.1,0.2,0.3,.082,,-0.6,0.8,0.2
11,0,29,382,64,125,.512,64,125,.512,0,0,,51,93,.548,50,48,98,7,6,7,32,72,179
11,1,29,13.2,2.2,4.3,.512,2.2,4.3,.512,0.0,0.0,,1.8,3.2,.548,3.4,0.2,0.2,0.2,1.1,2.5,6.2
11,2,29,382,6.7,13.1,.512,6.7,13.1,.512,0.0,0.0,,5.3,9.7,.548,10.3,0.7,0.6,0.7,3.4,7.5,18.7
11,3,29,382,10.6,20.7,.512,10.6,20.7,.512,0.0,0.0,,8.4,15.4,.548,16.2,1.2,1.0,1.2,5.3,11.9,29.6,,101.9,100.4
11,4,29,382,18.5,.529,.512,.000,.744,173,15.5,15.5,15.5,4.8,1.0,2.0,15.9,28.6,,0.6,0.6,1.2,.124,,-1.3,-0.5,-1.8
12,0,31,470,47,122,.385,34,75,.453,13,47,.277,37,49,.755,14,51,65,42,15,3,27,55,144
12,1,31,15.2,1.5,3.9,.385,1.1,2.4,.453,0.4,1.5,.277,1.2,1.6,.755,2.1,1.4,0.5,0.1,0.9,1.8,4.6
12,2,31,470,4.0,10.4,.385,2.9,6.4,.453,1.1,4.0,.277,3.1,4.2,.755,5.5,3.6,1.3,0.3,2.3,4.7,12.3
12,3,31,470,6.3,16.4,.385,4.6,10.1,.453,1.7,6.3,.277,5.0,6.6,.755,8.7,5.6,2.0,0.4,3.6,7.4,19.4,,101.9,100.1
12,4,31,470,13.3,.496,.439,.385,.402,149,3.5,13.4,8.4,19.8,2.0,0.7,15.7,19.9,,0.5,0.7,1.2,.105,,0.3,1.9,2.1
13,0,29,511,63,181,.348,41,107,.383,22,74,.297,44,65,.677,18,53,71,24,14,7,37,49,192
13,1,29,17.6,2.2,6.2,.348,1.4,3.7,.383,0.8,2.6,.297,1.5,2.2,.677,2.4,0.8,0.5,0.2,1.3,1.7,6.6
13,2,29,511,4.9,14.2,.348,3.2,8.4,.383,1.7,5.8,.297,3.4,5.1,.677,5.6,1.9,1.1,0.5,2.9,3.8,15.0
13,3,29,511,7.8,22.4,.348,5.1,13.2,.383,2.7,9.2,.297,5.4,8.0,.677,8.8,3.0,1.7,0.9,4.6,6.1,23.7,,89.9,100.7
13,4,29,511,11.3,.453,.409,.409,.359,180,4.2,12.8,8.4,11.0,1.7,1.5,14.9,26.5,,0.0,0.7,0.7,.057,,-2.2,0.8,-1.4
14,0,27,413,30,72,.417,20,48,.417,10,24,.417,17,21,.810,10,43,53,28,14,2,21,43,87
14,1,27,15.3,1.1,2.7,.417,0.7,1.8,.417,0.4,0.9,.417,0.6,0.8,.810,2.0,1.0,0.5,0.1,0.8,1.6,3.2
14,2,27,413,2.9,7.0,.417,1.9,4.6,.417,1.0,2.3,.417,1.6,2.0,.810,5.1,2.7,1.4,0.2,2.0,4.2,8.4
14,3,27,413,4.6,11.0,.417,3.1,7.3,.417,1.5,3.7,.417,2.6,3.2,.810,8.1,4.3,2.1,0.3,3.2,6.6,13.3,,101.2,100.2
14,4,27,413,10.3,.531,.486,.333,.292,91,2.9,12.9,7.8,14.1,2.1,0.5,20.4,13.5,,0.3,0.6,0.9,.089,,-1.0,2.8,1.8
