0,0,35,1171,111,269,.413,68,172,.395,43,97,.443,95,144,.660,29,99,128,216,64,3,94,72,360
0,1,35,33.5,3.2,7.7,.413,1.9,4.9,.395,1.2,2.8,.443,2.7,4.1,.660,3.7,6.2,1.8,0.1,2.7,2.1,10.3
0,2,35,1171,3.8,9.2,.413,2.3,5.9,.395,1.5,3.3,.443,3.2,4.9,.660,4.4,7.4,2.2,0.1,3.2,2.5,12.3
0,3,35,1171,5.9,14.4,.413,3.6,9.2,.395,2.3,5.2,.443,5.1,7.7,.660,6.9,11.6,3.4,0.2,5.0,3.9,19.3,,109.2,102.6
0,4,35,1171,17.9,.533,.493,.361,.535,446,3.1,10.0,6.6,37.8,3.4,0.3,21.8,20.0,,2.1,1.7,3.8,.130,,2.7,1.1,3.7
1,0,35,463,43,105,.410,35,81,.432,8,24,.333,21,47,.447,20,51,71,12,9,5,16,44,115
1,1,35,13.2,1.2,3.0,.410,1.0,2.3,.432,0.2,0.7,.333,0.6,1.3,.447,2.0,0.3,0.3,0.1,0.5,1.3,3.3
1,2,35,463,3.7,9.1,.410,3.0,7.0,.432,0.7,2.1,.333,1.8,4.1,.447,6.1,1.0,0.8,0.4,1.4,3.8,9.9
1,3,35,463,5.8,14.2,.410,4.7,11.0,.432,1.1,3.2,.333,2.8,6.4,.447,9.6,1.6,1.2,0.7,2.2,6.0,15.6,,95.3,105.6
1,4,35,463,9.2,.452,.448,.229,.448,113,5.4,13.0,9.3,5.3,1.2,1.2,11.2,16.8,,0.1,0.6,0.7,.058,,-3.2,-0.2,-3.5
2,0,1,0,0,0,,0,0,,0,0,,0,0,,0,0,0,0,0,0,0,0,0
2,1,1,0.0,0.0,0.0,,0.0,0.0,,0.0,0.0,,0.0,0.0,,0.0,0.0,0.0,0.0,0.0,0.0,0.0
2,2,1,0,,,,,,,,,,,,,,,,,,,
2,3,1,0,,,,,,,,,,,,,,,,,,,,,,
2,4,1,0,,,,,,,,,,,,,,,,0.0,0.0,0.0,,,-4.7,0.9,-3.7
3,0,35,1136,184,425,.433,90,200,.450,94,225,.418,120,127,.945,9,88,97,49,38,0,47,57,582
3,1,35,32.5,5.3,12.1,.433,2.6,5.7,.450,2.7,6.4,.418,3.4,3.6,.945,2.8,1.4,1.1,0.0,1.3,1.6,16.6
3,2,35,1136,6.5,15.0,.433,3.2,7.0,.450,3.3,7.9,.418,4.2,4.5,.945,3.4,1.7,1.3,0.0,1.7,2.0,20.5
3,3,35,1136,10.2,23.4,.433,5.0,11.0,.450,5.2,12.4,.418,6.6,7.0,.945,5.4,2.7,2.1,0.0,2.6,3.1,32.1,,121.1,106.2
3,4,35,1136,21.1,.600,.544,.529,.299,503,1.0,9.2,5.2,10.2,2.1,0.0,8.8,25.5,,3.6,1.3,4.9,.171,,5.4,-1.6,3.9
4,0,35,394,29,59,.492,29,59,.492,0,0,,23,40,.575,35,45,80,4,9,16,28,80,81
4,1,35,11.3,0.8,1.7,.492,0.8,1.7,.492,0.0,0.0,,0.7,1.1,.575,2.3,0.1,0.3,0.5,0.8,2.3,2.3
4,2,35,394,2.9,6.0,.492,2.9,6.0,.492,0.0,0.0,,2.3,4.1,.575,8.1,0.4,0.9,1.6,2.8,8.1,8.2
4,3,35,394,4.6,9.4,.492,4.6,9.4,.492,0.0,0.0,,3.7,6.4,.575,12.7,0.6,1.4,2.5,4.5,12.7,12.9,,93.0,102.5
4,4,35,394,8.5,.519,.492,.000,.678,90,11.1,13.5,12.3,2.0,1.4,4.6,26.4,14.6,,0.0,0.6,0.6,.062,,-4.1,2.1,-2.1
5,0,3,6,2,2,1.000,2,2,1.000,0,0,,0,0,,0,1,1,0,0,0,0,1,4
5,1,3,2.0,0.7,0.7,1.000,0.7,0.7,1.000,0.0,0.0,,0.0,0.0,,0.3,0.0,0.0,0.0,0.0,0.3,1.3
5,2,3,6,13.3,13.3,1.000,13.3,13.3,1.000,0.0,0.0,,0.0,0.0,,6.7,0.0,0.0,0.0,0.0,6.7,26.7
5,3,3,6,20.9,20.9,1.000,20.9,20.9,1.000,0.0,0.0,,0.0,0.0,,10.4,0.0,0.0,0.0,0.0,10.4,41.8,,200.0,105.6
5,4,3,6,36.0,1.000,1.000,.000,.000,2,0.0,19.7,10.1,0.0,0.0,0.0,0.0,18.1,,0.0,0.0,0.0,.244,,7.1,-6.2,0.9
6,0,35,466,33,73,.452,32,72,.444,1,1,1.000,29,44,.659,41,67,108,11,17,9,15,65,96
6,1,35,13.3,0.9,2.1,.452,0.9,2.1,.444,0.0,0.0,1.000,0.8,1.3,.659,3.1,0.3,0.5,0.3,0.4,1.9,2.7
6,2,35,466,2.8,6.3,.452,2.7,6.2,.444,0.1,0.1,1.000,2.5,3.8,.659,9.3,0.9,1.5,0.8,1.3,5.6,8.2
6,3,35,466,4.4,9.8,.452,4.3,9.7,.444,0.1,0.1,1.000,3.9,5.9,.659,14.5,1.5,2.3,1.2,2.0,8.7,12.9,,112.1,100.7
6,4,35,466,13.1,.511,.459,.014,.603,111,11.0,17.0,14.1,4.6,2.3,2.2,13.8,12.7,,0.6,0.8,1.4,.116,,-1.3,2.4,1.0
7,0,21,88,10,26,.385,0,5,.000,10,21,.476,0,0,,0,2,2,3,1,0,6,5,30
7,1,21,4.2,0.5,1.2,.385,0.0,0.2,.000,0.5,1.0,.476,0.0,0.0,,0.1,0.1,0.0,0.0,0.3,0.2,1.4
7,2,21,88,4.5,11.8,.385,0.0,2.3,.000,4.5,9.5,.476,0.0,0.0,,0.9,1.4,0.5,0.0,2.7,2.3,13.6
7,3,21,88,7.1,18.5,.385,0.0,3.6,.000,7.1,15.0,.476,0.0,0.0,,1.4,2.1,0.7,0.0,4.3,3.6,21.4,,97.7,112.0
7,4,21,88,8.2,.577,.577,.808,.000,25,0.0,2.7,1.4,7.3,0.7,0.0,18.8,19.8,,0.0,0.1,0.1,.043,,-0.8,-4.2,-5.0
8,0,35,912,60,119,.504,60,118,.508,0,1,.000,43,90,.478,51,107,158,13,11,62,49,86,163
8,1,35,26.1,1.7,3.4,.504,1.7,3.4,.508,0.0,0.0,.000,1.2,2.6,.478,4.5,0.4,0.3,1.8,1.4,2.5,4.7
8,2,35,912,2.6,5.2,.504,2.6,5.2,.508,0.0,0.0,.000,1.9,3.9,.478,6.9,0.6,0.5,2.7,2.1,3.8,7.1
8,3,35,912,4.1,8.2,.504,4.1,8.1,.508,0.0,0.1,.000,3.0,6.2,.478,10.9,0.9,0.8,4.3,3.4,5.9,11.2,,91.6,102.8
8,4,35,912,9.7,.504,.504,.008,.756,171,7.0,13.9,10.5,2.8,0.8,7.7,23.3,12.6,,0.0,1.3,1.3,.057,,-3.8,4.8,1.0
9,0,35,932,164,307,.534,145,245,.592,19,62,.306,54,74,.730,57,174,231,29,18,30,53,99,401
9,1,35,26.6,4.7,8.8,.534,4.1,7.0,.592,0.5,1.8,.306,1.5,2.1,.730,6.6,0.8,0.5,0.9,1.5,2.8,11.5
9,2,35,932,7.0,13.2,.534,6.2,10.5,.592,0.8,2.7,.306,2.3,3.2,.730,9.9,1.2,0.8,1.3,2.3,4.2,17.2
9,3,35,932,11.0,20.6,.534,9.8,16.5,.592,1.3,4.2,.306,3.6,5.0,.730,15.5,2.0,1.2,2.0,3.6,6.7,27.0,,112.2,100.3
9,4,35,932,20.8,.586,.565,.202,.241,365,7.7,22.1,15.1,7.6,1.2,3.6,13.4,23.1,,1.9,1.6,3.5,.151,,0.9,1.4,2.3
10,0,4,12,1,3,.333,1,1,1.000,0,2,.000,0,0,,0,2,2,1,1,0,1,2,2
10,1,4,3.0,0.3,0.8,.333,0.3,0.3,1.000,0.0,0.5,.000,0.0,0.0,,0.5,0.3,0.3,0.0,0.3,0.5,0.5
10,2,4,12,3.3,10.0,.333,3.3,3.3,1.000,0.0,6.7,.000,0.0,0.0,,6.7,3.3,3.3,0.0,3.3,6.7,6.7
10,3,4,12,5.2,15.7,.333,5.2,5.2,1.000,0.0,10.4,.000,0.0,0.0,,10.4,5.2,5.2,0.0,5.2,10.4,10.4,,64.9,94.0
10,4,4,12,5.0,.333,.333,.667,.000,2,0.0,19.7,10.1,16.7,5.2,0.0,25.0,18.1,,0.0,0.0,0.0,-.002,,-5.6,3.2,-2.4
11,0,33,879,139,343,.405,92,187,.492,47,156,.301,102,126,.810,26,95,121,29,21,8,68,81,427
11,1,33,26.6,4.2,10.4,.405,2.8,5.7,.492,1.4,4.7,.301,3.1,3.8,.810,3.7,0.9,0.6,0.2,2.1,2.5,12.9
11,2,33,879,6.3,15.6,.405,4.2,8.5,.492,2.1,7.1,.301,4.6,5.7,.810,5.5,1.3,1.0,0.4,3.1,3.7,19.4
11,3,33,879,9.9,24.5,.405,6.6,13.3,.492,3.4,11.1,.301,7.3,9.0,.810,8.6,2.1,1.5,0.6,4.8,5.8,30.4,,101.4,105.2
11,4,33,879,15.9,.530,.474,.455,.367,382,3.7,12.8,8.4,7.8,1.5,1.0,14.4,29.1,,1.0,1.1,2.1,.097,,0.0,-1.8,-1.8
12,0,34,532,35,78,.449,35,71,.493,0,7,.000,18,34,.529,9,39,48,43,13,4,32,59,88
12,1,34,15.6,1.0,2.3,.449,1.0,2.1,.493,0.0,0.2,.000,0.5,1.0,.529,1.4,1.3,0.4,0.1,0.9,1.7,2.6
12,2,34,532,2.6,5.9,.449,2.6,5.3,.493,0.0,0.5,.000,1.4,2.6,.529,3.6,3.2,1.0,0.3,2.4,4.4,6.6
12,3,34,532,4.1,9.2,.449,4.1,8.4,.493,0.0,0.8,.000,2.1,4.0,.529,5.7,5.1,1.5,0.5,3.8,7.0,10.4,,89.0,106.9
12,4,34,532,6.2,.467,.449,.090,.436,103,2.1,8.7,5.5,15.6,1.5,0.8,25.4,12.9,,-0.1,0.6,0.5,.035,,-3.8,0.7,-3.1
13,0,5,8,5,6,.833,2,2,1.000,3,4,.750,0,0,,0,0,0,0,0,0,0,1,13
13,1,5,1.6,1.0,1.2,.833,0.4,0.4,1.000,0.6,0.8,.750,0.0,0.0,,0.0,0.0,0.0,0.0,0.0,0.2,2.6
13,2,5,8,25.0,30.0,.833,10.0,10.0,1.000,15.0,20.0,.750,0.0,0.0,,0.0,0.0,0.0,0.0,0.0,5.0,65.0
13,3,5,8,39.2,47.0,.833,15.7,15.7,1.000,23.5,31.3,.750,0.0,0.0,,0.0,0.0,0.0,0.0,0.0,7.8,101.8,,226.3,114.4
13,4,5,8,82.9,1.083,1.083,.667,.000,12,0.0,0.0,0.0,0.0,0.0,0.0,0.0,40.8,,0.2,0.0,0.2,1.061,,36.3,-12.3,24.0
