0,0,31,898,98,201,.488,88,172,.512,10,29,.345,72,118,.610,18,75,93,156,63,5,92,64,278
0,1,31,29.0,3.2,6.5,.488,2.8,5.5,.512,0.3,0.9,.345,2.3,3.8,.610,3.0,5.0,2.0,0.2,3.0,2.1,9.0
0,2,31,898,4.4,9.0,.488,3.9,7.7,.512,0.4,1.3,.345,3.2,5.3,.610,4.1,6.9,2.8,0.2,4.1,2.9,12.4
0,3,31,898,6.5,13.3,.488,5.8,11.4,.512,0.7,1.9,.345,4.8,7.8,.610,6.2,10.3,4.2,0.3,6.1,4.2,18.4,,100.0,102.3
0,4,31,898,17.1,.541,.512,.144,.587,333,2.5,10.2,6.3,35.6,4.2,0.6,26.4,20.5,,1.1,1.0,2.1,.094,,0.6,0.3,0.9
1,0,7,11,0,1,.000,0,1,.000,0,0,,1,2,.500,1,0,1,0,0,0,0,2,1
1,1,7,1.6,0.0,0.1,.000,0.0,0.1,.000,0.0,0.0,,0.1,0.3,.500,0.1,0.0,0.0,0.0,0.0,0.3,0.1
1,2,7,11,0.0,3.6,.000,0.0,3.6,.000,0.0,0.0,,3.6,7.3,.500,3.6,0.0,0.0,0.0,0.0,7.3,3.6
1,3,7,11,0.0,5.4,.000,0.0,5.4,.000,0.0,0.0,,5.4,10.8,.500,5.4,0.0,0.0,0.0,0.0,10.8,5.4,,87.1,115.4
1,4,7,11,-0.1,.256,.000,.000,2.000,2,11.2,0.0,5.6,0.0,0.0,0.0,0.0,9.4,,0.0,0.0,0.0,-.007,,-4.9,-4.8,-9.7
2,0,31,918,143,331,.432,64,144,.444,79,187,.422,61,71,.859,9,46,55,36,21,0,45,42,426
2,1,31,29.6,4.6,10.7,.432,2.1,4.6,.444,2.5,6.0,.422,2.0,2.3,.859,1.8,1.2,0.7,0.0,1.5,1.4,13.7
2,2,31,918,6.2,14.4,.432,2.8,6.3,.444,3.4,8.1,.422,2.7,3.1,.859,2.4,1.6,0.9,0.0,2.0,1.8,18.6
2,3,31,918,9.3,21.4,.432,4.1,9.3,.444,5.1,12.1,.422,4.0,4.6,.859,3.6,2.3,1.4,0.0,2.9,2.7,27.6,,110.4,110.6
2,4,31,918,16.8,.584,.551,.565,.215,360,1.2,6.1,3.7,8.9,1.4,0.0,11.0,23.6,,2.0,0.3,2.4,.103,,3.7,-4.0,-0.4
3,0,31,478,34,78,.436,34,77,.442,0,1,.000,44,70,.629,40,51,91,8,15,18,40,110,112
3,1,31,15.4,1.1,2.5,.436,1.1,2.5,.442,0.0,0.0,.000,1.4,2.3,.629,2.9,0.3,0.5,0.6,1.3,3.5,3.6
3,2,31,478,2.8,6.5,.436,2.8,6.4,.442,0.0,0.1,.000,3.7,5.9,.629,7.6,0.7,1.3,1.5,3.3,9.2,9.4
3,3,31,478,4.2,9.7,.436,4.2,9.6,.442,0.0,0.1,.000,5.5,8.7,.629,11.3,1.0,1.9,2.2,5.0,13.7,13.9,,89.4,103.8
3,4,31,478,8.1,.503,.436,.013,.897,123,10.3,13.1,11.7,3.2,1.9,4.0,26.4,16.7,,0.0,0.5,0.5,.042,,-4.1,0.8,-3.3
4,0,13,50,5,17,.294,3,5,.600,2,12,.167,3,5,.600,0,0,0,3,1,0,1,3,15
4,1,13,3.8,0.4,1.3,.294,0.2,0.4,.600,0.2,0.9,.167,0.2,0.4,.600,0.0,0.2,0.1,0.0,0.1,0.2,1.2
4,2,13,50,4.0,13.6,.294,2.4,4.0,.600,1.6,9.6,.167,2.4,4.0,.600,0.0,2.4,0.8,0.0,0.8,2.4,12.0
4,3,13,50,5.9,20.2,.294,3.6,5.9,.600,2.4,14.3,.167,3.6,5.9,.600,0.0,3.6,1.2,0.0,1.2,3.6,17.8,,88.0,113.3
4,4,13,50,6.4,.387,.353,.706,.294,14,0.0,0.0,0.0,12.1,1.2,0.0,4.9,21.5,,0.0,0.0,0.0,.000,,-2.9,-8.3,-11.2
5,0,31,711,101,196,.515,75,131,.573,26,65,.400,35,51,.686,34,101,135,18,11,36,44,100,263
5,1,31,22.9,3.3,6.3,.515,2.4,4.2,.573,0.8,2.1,.400,1.1,1.6,.686,4.4,0.6,0.4,1.2,1.4,3.2,8.5
5,2,31,711,5.7,11.0,.515,4.2,7.4,.573,1.5,3.7,.400,2.0,2.9,.686,7.6,1.0,0.6,2.0,2.5,5.6,14.8
5,3,31,711,8.4,16.4,.515,6.3,11.0,.573,2.2,5.4,.400,2.9,4.3,.686,11.3,1.5,0.9,3.0,3.7,8.4,22.0,,105.8,103.9
5,4,31,711,16.2,.597,.582,.332,.260,233,5.9,17.4,11.6,5.6,0.9,5.4,16.7,19.6,,1.1,0.7,1.8,.101,,0.1,0.4,0.5
6,0,30,702,106,201,.527,106,201,.527,0,0,,51,104,.490,45,132,177,24,14,15,29,64,263
6,1,30,23.4,3.5,6.7,.527,3.5,6.7,.527,0.0,0.0,,1.7,3.5,.490,5.9,0.8,0.5,0.5,1.0,2.1,8.8
6,2,30,702,6.0,11.5,.527,6.0,11.5,.527,0.0,0.0,,2.9,5.9,.490,10.1,1.4,0.8,0.9,1.7,3.6,15.0
6,3,30,702,9.0,17.0,.527,9.0,17.0,.527,0.0,0.0,,4.3,8.8,.490,15.0,2.0,1.2,1.3,2.5,5.4,22.3,,106.0,102.9
6,4,30,702,18.0,.525,.527,.000,.517,249,7.9,23.0,15.5,7.7,1.2,2.3,10.4,21.0,,1.2,0.8,1.9,.111,,-1.2,-0.6,-1.8
7,0,30,414,36,102,.353,26,69,.377,10,33,.303,20,27,.741,4,26,30,42,21,2,28,22,102
7,1,30,13.8,1.2,3.4,.353,0.9,2.3,.377,0.3,1.1,.303,0.7,0.9,.741,1.0,1.4,0.7,0.1,0.9,0.7,3.4
7,2,30,414,3.5,9.9,.353,2.5,6.7,.377,1.0,3.2,.303,1.9,2.6,.741,2.9,4.1,2.0,0.2,2.7,2.1,9.9
7,3,30,414,5.2,14.6,.353,3.7,9.9,.377,1.4,4.7,.303,2.9,3.9,.741,4.3,6.0,3.0,0.3,4.0,3.2,14.6,,88.5,106.0
7,4,30,414,10.0,.444,.402,.324,.265,112,1.2,7.7,4.4,19.9,3.0,0.5,19.6,18.2,,0.0,0.3,0.3,.031,,-2.8,-1.4,-4.3
8,0,31,814,86,215,.400,53,124,.427,33,91,.363,51,74,.689,10,63,73,83,33,1,53,45,256
8,1,31,26.3,2.8,6.9,.400,1.7,4.0,.427,1.1,2.9,.363,1.6,2.4,.689,2.4,2.7,1.1,0.0,1.7,1.5,8.3
8,2,31,814,4.2,10.6,.400,2.6,6.1,.427,1.6,4.5,.363,2.5,3.6,.689,3.6,4.1,1.6,0.0,2.6,2.2,12.6
8,3,31,814,6.3,15.7,.400,3.9,9.1,.427,2.4,6.6,.363,3.7,5.4,.689,5.3,6.1,2.4,0.1,3.9,3.3,18.7,,99.6,106.8
8,4,31,814,13.3,.512,.477,.423,.344,264,1.5,9.5,5.5,20.7,2.4,0.1,17.5,19.7,,0.8,0.6,1.4,.070,,0.4,-1.6,-1.3
9,0,31,744,86,197,.437,65,127,.512,21,70,.300,38,50,.760,38,74,112,34,18,13,50,50,231
9,1,31,24.0,2.8,6.4,.437,2.1,4.1,.512,0.7,2.3,.300,1.2,1.6,.760,3.6,1.1,0.6,0.4,1.6,1.6,7.5
9,2,31,744,4.6,10.6,.437,3.5,6.8,.512,1.1,3.8,.300,2.0,2.7,.760,6.0,1.8,1.0,0.7,2.7,2.7,12.4
9,3,31,744,6.9,15.7,.437,5.2,10.1,.512,1.7,5.6,.300,3.0,4.0,.760,8.9,2.7,1.4,1.0,4.0,4.0,18.5,,97.4,107.0
9,4,31,744,12.7,.523,.490,.355,.254,228,6.3,12.2,9.2,9.5,1.4,1.9,18.5,19.2,,0.6,0.5,1.1,.060,,-0.6,-0.8,-1.4
10,0,31,465,46,103,.447,29,46,.630,17,57,.298,16,26,.615,21,69,90,16,9,12,31,62,125
10,1,31,15.0,1.5,3.3,.447,0.9,1.5,.630,0.5,1.8,.298,0.5,0.8,.615,2.9,0.5,0.3,0.4,1.0,2.0,4.0
10,2,31,465,4.0,8.9,.447,2.5,4.0,.630,1.5,4.9,.298,1.4,2.2,.615,7.7,1.4,0.8,1.0,2.7,5.3,10.8
10,3,31,465,5.9,13.2,.447,3.7,5.9,.630,2.2,7.3,.298,2.0,3.3,.615,11.5,2.0,1.2,1.5,4.0,7.9,16.0,,94.9,104.5
10,4,31,465,10.7,.542,.529,.553,.252,120,5.5,18.2,11.9,6.9,1.2,2.8,21.2,16.6,,0.2,0.4,0.7,.057,,-1.5,-0.4,-1.8
11,0,1,10,1,1,1.000,1,1,1.000,0,0,,0,0,,0,2,2,0,1,0,0,1,2
11,1,1,10.0,1.0,1.0,1.000,1.0,1.0,1.000,0.0,0.0,,0.0,0.0,,2.0,0.0,1.0,0.0,0.0,1.0,2.0
11,2,1,10,4.0,4.0,1.000,4.0,4.0,1.000,0.0,0.0,,0.0,0.0,,8.0,0.0,4.0,0.0,0.0,4.0,8.0
11,3,1,10,5.9,5.9,1.000,5.9,5.9,1.000,0.0,0.0,,0.0,0.0,,11.9,0.0,5.9,0.0,0.0,5.9,11.9,,200.0,92.9
11,4,1,10,18.6,1.000,1.000,.000,.000,1,0.0,24.5,12.3,0.0,5.9,0.0,0.0,5.3,,0.0,0.0,0.0,.162,,0.4,0.4,0.8
12,0,3,10,2,5,.400,1,2,.500,1,3,.333,0,0,,0,1,1,1,0,0,0,0,5
12,1,3,3.3,0.7,1.7,.400,0.3,0.7,.500,0.3,1.0,.333,0.0,0.0,,0.3,0.3,0.0,0.0,0.0,0.0,1.7
12,2,3,10,8.0,20.0,.400,4.0,8.0,.500,4.0,12.0,.333,0.0,0.0,,4.0,4.0,0.0,0.0,0.0,0.0,20.0
12,3,3,10,11.9,29.7,.400,5.9,11.9,.500,5.9,17.8,.333,0.0,0.0,,5.9,5.9,0.0,0.0,0.0,0.0,29.7,,112.9,111.4
12,4,3,10,20.1,.500,.500,.600,.000,4,0.0,12.3,6.1,25.2,0.0,0.0,0.0,26.4,,0.0,0.0,0.0,.122,,4.6,-6.5,-1.9
