0,0,31,393,30,73,.411,28,63,.444,2,10,.200,23,34,.676,19,37,56,14,19,8,20,57,85
0,1,31,12.7,1.0,2.4,.411,0.9,2.0,.444,0.1,0.3,.200,0.7,1.1,.676,1.8,0.5,0.6,0.3,0.6,1.8,2.7
0,2,31,393,3.1,7.4,.411,2.8,6.4,.444,0.2,1.0,.200,2.3,3.5,.676,5.7,1.4,1.9,0.8,2.0,5.8,8.7
0,3,31,393,5.0,12.1,.411,4.7,10.5,.444,0.3,1.7,.200,3.8,5.7,.676,9.3,2.3,3.2,1.3,3.3,9.5,14.1,,96.0,87.3
0,4,31,393,10.8,.477,.425,.137,.466,87,5.7,11.5,8.5,7.5,3.2,2.3,18.3,15.1,,0.2,1.1,1.2,.125,,-2.0,5.3,3.3
1,0,31,451,62,111,.559,62,111,.559,0,0,,26,53,.491,42,59,101,5,8,18,35,63,150
1,1,31,14.5,2.0,3.6,.559,2.0,3.6,.559,0.0,0.0,,0.8,1.7,.491,3.3,0.2,0.3,0.6,1.1,2.0,4.8
1,2,31,451,5.5,9.8,.559,5.5,9.8,.559,0.0,0.0,,2.3,4.7,.491,9.0,0.4,0.7,1.6,3.1,5.6,13.3
1,3,31,451,9.0,16.1,.559,9.0,16.1,.559,0.0,0.0,,3.8,7.7,.491,14.6,0.7,1.2,2.6,5.1,9.1,21.7,,98.3,88.5
1,4,31,451,15.7,.551,.559,.000,.477,140,11.0,16.0,13.4,2.7,1.2,4.6,20.4,20.6,,0.4,1.2,1.5,.136,,-2.5,3.2,0.8
2,0,5,8,0,4,.000,0,0,,0,4,.000,0,0,,0,1,1,0,0,1,0,1,0
2,1,5,1.6,0.0,0.8,.000,0.0,0.0,,0.0,0.8,.000,0.0,0.0,,0.2,0.0,0.0,0.2,0.0,0.2,0.0
2,2,5,8,0.0,20.0,.000,0.0,0.0,,0.0,20.0,.000,0.0,0.0,,5.0,0.0,0.0,5.0,0.0,5.0,0.0
2,3,5,8,0.0,32.7,.000,0.0,0.0,,0.0,32.7,.000,0.0,0.0,,8.2,0.0,0.0,8.2,0.0,8.2,0.0,,0.0,86.6
2,4,5,8,-18.0,.000,.000,1.000,.000,0,0.0,15.2,7.5,0.0,0.0,14.4,0.0,27.2,,-0.1,0.0,0.0,-.243,,-17.6,1.6,-16.0
3,0,31,650,61,171,.357,46,107,.430,15,64,.234,52,79,.658,18,70,88,48,20,3,36,30,189
3,1,31,21.0,2.0,5.5,.357,1.5,3.5,.430,0.5,2.1,.234,1.7,2.5,.658,2.8,1.5,0.6,0.1,1.2,1.0,6.1
3,2,31,650,3.8,10.5,.357,2.8,6.6,.430,0.9,3.9,.234,3.2,4.9,.658,5.4,3.0,1.2,0.2,2.2,1.8,11.6
3,3,31,650,6.1,17.2,.357,4.6,10.8,.430,1.5,6.4,.234,5.2,7.9,.658,8.8,4.8,2.0,0.3,3.6,3.0,19.0,,97.3,90.5
3,4,31,650,12.8,.453,.401,.374,.462,192,3.3,13.1,8.1,16.0,2.0,0.5,14.7,20.4,,0.5,1.5,2.0,.124,,-0.5,2.7,2.2
4,0,32,1036,131,276,.475,120,243,.494,11,33,.333,50,82,.610,69,99,168,79,48,7,46,45,323
4,1,32,32.4,4.1,8.6,.475,3.8,7.6,.494,0.3,1.0,.333,1.6,2.6,.610,5.3,2.5,1.5,0.2,1.4,1.4,10.1
4,2,32,1036,5.1,10.7,.475,4.6,9.4,.494,0.4,1.3,.333,1.9,3.2,.610,6.5,3.1,1.9,0.3,1.8,1.7,12.5
4,3,32,1036,8.3,17.4,.475,7.6,15.3,.494,0.7,2.1,.333,3.2,5.2,.610,10.6,5.0,3.0,0.4,2.9,2.8,20.4,,111.0,88.9
4,4,32,1036,19.2,.513,.495,.120,.297,338,7.8,11.7,9.7,17.8,3.0,0.8,12.7,18.9,,2.0,2.6,4.7,.180,,2.9,4.9,7.9
5,0,16,337,38,116,.328,25,61,.410,13,55,.236,33,53,.623,10,28,38,15,24,6,15,21,122
5,1,16,21.1,2.4,7.3,.328,1.6,3.8,.410,0.8,3.4,.236,2.1,3.3,.623,2.4,0.9,1.5,0.4,0.9,1.3,7.6
5,2,16,337,4.5,13.8,.328,3.0,7.2,.410,1.5,6.5,.236,3.9,6.3,.623,4.5,1.8,2.8,0.7,1.8,2.5,14.5
5,3,16,337,7.4,22.5,.328,4.8,11.8,.410,2.5,10.7,.236,6.4,10.3,.623,7.4,2.9,4.7,1.2,2.9,4.1,23.7,,96.4,85.3
5,4,16,337,15.8,.432,.384,.474,.457,115,3.5,10.1,6.8,10.1,4.7,2.0,9.6,25.2,,0.2,1.0,1.2,.144,,0.6,4.2,4.7
6,0,27,385,47,107,.439,31,66,.470,16,41,.390,24,34,.706,22,50,72,17,8,22,23,29,134
6,1,27,14.3,1.7,4.0,.439,1.1,2.4,.470,0.6,1.5,.390,0.9,1.3,.706,2.7,0.6,0.3,0.8,0.9,1.1,5.0
6,2,27,385,4.9,11.1,.439,3.2,6.9,.470,1.7,4.3,.390,2.5,3.5,.706,7.5,1.8,0.8,2.3,2.4,3.0,13.9
6,3,27,385,8.0,18.2,.439,5.3,11.2,.470,2.7,7.0,.390,4.1,5.8,.706,12.2,2.9,1.4,3.7,3.9,4.9,22.7,,107.6,87.4
6,4,27,385,18.8,.544,.514,.383,.318,127,6.7,15.8,11.2,10.2,1.4,6.6,15.7,20.6,,0.7,1.0,1.7,.175,,0.8,5.4,6.2
7,0,29,767,116,270,.430,65,135,.481,51,135,.378,45,64,.703,19,65,84,44,31,0,38,54,328
7,1,29,26.4,4.0,9.3,.430,2.2,4.7,.481,1.8,4.7,.378,1.6,2.2,.703,2.9,1.5,1.1,0.0,1.3,1.9,11.3
7,2,29,767,6.0,14.1,.430,3.4,7.0,.481,2.7,7.0,.378,2.3,3.3,.703,4.4,2.3,1.6,0.0,2.0,2.8,17.1
7,3,29,767,9.9,23.0,.430,5.5,11.5,.481,4.3,11.5,.378,3.8,5.5,.703,7.2,3.7,2.6,0.0,3.2,4.6,27.9,,112.4,90.6
7,4,29,767,19.0,.546,.524,.500,.237,294,2.9,10.3,6.6,14.2,2.6,0.0,11.2,24.0,,1.9,1.8,3.7,.192,,4.5,1.8,6.4
8,0,32,841,122,298,.409,105,247,.425,17,51,.333,96,144,.667,57,111,168,62,20,9,78,47,357
8,1,32,26.3,3.8,9.3,.409,3.3,7.7,.425,0.5,1.6,.333,3.0,4.5,.667,5.3,1.9,0.6,0.3,2.4,1.5,11.2
8,2,32,841,5.8,14.2,.409,5.0,11.7,.425,0.8,2.4,.333,4.6,6.8,.667,8.0,2.9,1.0,0.4,3.7,2.2,17.0
8,3,32,841,9.5,23.1,.409,8.2,19.2,.425,1.3,4.0,.333,7.5,11.2,.667,13.1,4.8,1.6,0.7,6.1,3.7,27.7,,97.9,89.6
8,4,32,841,17.9,.487,.438,.171,.483,358,8.0,16.1,12.0,18.0,1.6,1.2,17.6,28.7,,0.9,2.1,3.0,.143,,0.3,3.0,3.3
9,0,26,541,43,132,.326,8,24,.333,35,108,.324,6,6,1.000,6,36,42,29,21,8,26,34,127
9,1,26,20.8,1.7,5.1,.326,0.3,0.9,.333,1.3,4.2,.324,0.2,0.2,1.000,1.6,1.1,0.8,0.3,1.0,1.3,4.9
9,2,26,541,3.2,9.8,.326,0.6,1.8,.333,2.6,8.0,.324,0.4,0.4,1.000,3.1,2.1,1.6,0.6,1.9,2.5,9.4
9,3,26,541,5.2,15.9,.326,1.0,2.9,.333,4.2,13.0,.324,0.7,0.7,1.000,5.1,3.5,2.5,1.0,3.1,4.1,15.3,,95.7,91.2
9,4,26,541,9.6,.471,.458,.818,.045,120,1.3,8.1,4.7,11.3,2.5,1.7,16.2,16.2,,0.2,1.3,1.5,.109,,0.3,3.3,3.6
10,0,32,730,43,81,.531,43,81,.531,0,0,,31,64,.484,62,98,160,11,15,80,25,57,117
10,1,32,22.8,1.3,2.5,.531,1.3,2.5,.531,0.0,0.0,,1.0,2.0,.484,5.0,0.3,0.5,2.5,0.8,1.8,3.7
10,2,32,730,2.4,4.4,.531,2.4,4.4,.531,0.0,0.0,,1.7,3.5,.484,8.8,0.6,0.8,4.4,1.4,3.1,6.4
10,3,32,730,3.8,7.2,.531,3.8,7.2,.531,0.0,0.0,,2.8,5.7,.484,14.3,1.0,1.3,7.2,2.2,5.1,10.5,,106.5,84.2
10,4,32,730,16.3,.525,.531,.000,.790,130,10.0,16.4,13.1,3.0,1.3,12.6,18.3,10.2,,0.6,2.2,2.8,.154,,-1.8,10.5,8.7
11,0,6,11,0,5,.000,0,3,.000,0,2,.000,0,0,,0,1,1,2,0,1,0,0,0
11,1,6,1.8,0.0,0.8,.000,0.0,0.5,.000,0.0,0.3,.000,0.0,0.0,,0.2,0.3,0.0,0.2,0.0,0.0,0.0
11,2,6,11,0.0,18.2,.000,0.0,10.9,.000,0.0,7.3,.000,0.0,0.0,,3.6,7.3,0.0,3.6,0.0,0.0,0.0
11,3,6,11,0.0,29.7,.000,0.0,17.8,.000,0.0,11.9,.000,0.0,0.0,,5.9,11.9,0.0,5.9,0.0,0.0,0.0,,27.3,91.3
11,4,6,11,-7.6,.000,.000,.400,.000,1,0.0,11.1,5.4,32.8,0.0,10.4,0.0,24.7,,-0.1,0.0,0.0,-.162,,-13.5,4.2,-9.3
12,0,2,8,1,7,.143,1,3,.333,0,4,.000,0,1,.000,3,3,6,0,0,0,1,1,2
12,1,2,4.0,0.5,3.5,.143,0.5,1.5,.333,0.0,2.0,.000,0.0,0.5,.000,3.0,0.0,0.0,0.0,0.5,0.5,1.0
12,2,2,8,5.0,35.0,.143,5.0,15.0,.333,0.0,20.0,.000,0.0,5.0,.000,30.0,0.0,0.0,0.0,5.0,5.0,10.0
12,3,2,8,8.2,57.2,.143,8.2,24.5,.333,0.0,32.7,.000,0.0,8.2,.000,49.0,0.0,0.0,0.0,8.2,8.2,16.3,,47.4,78.5
12,4,2,8,-10.1,.134,.143,.571,.143,3,44.2,45.7,44.9,0.0,0.0,0.0,11.8,57.6,,-0.1,0.0,-0.1,-.307,,-22.7,-18.6,-41.3
13,0,17,129,8,14,.571,6,11,.545,2,3,.667,1,2,.500,3,9,12,7,10,0,8,12,19
13,1,17,7.6,0.5,0.8,.571,0.4,0.6,.545,0.1,0.2,.667,0.1,0.1,.500,0.7,0.4,0.6,0.0,0.5,0.7,1.1
13,2,17,129,2.5,4.3,.571,1.9,3.4,.545,0.6,0.9,.667,0.3,0.6,.500,3.7,2.2,3.1,0.0,2.5,3.7,5.9
13,3,17,129,4.1,7.1,.571,3.0,5.6,.545,1.0,1.5,.667,0.5,1.0,.500,6.1,3.5,5.1,0.0,4.1,6.1,9.6,,94.5,86.0
13,4,17,129,10.6,.635,.643,.214,.143,20,2.7,8.5,5.6,11.0,5.1,0.0,34.9,9.7,,0.0,0.4,0.4,.122,,-1.1,5.9,4.8
14,0,6,14,2,3,.667,0,0,,2,3,.667,1,2,.500,1,1,2,0,1,0,3,0,7
14,1,6,2.3,0.3,0.5,.667,0.0,0.0,,0.3,0.5,.667,0.2,0.3,.500,0.3,0.0,0.2,0.0,0.5,0.0,1.2
14,2,6,14,5.7,8.6,.667,0.0,0.0,,5.7,8.6,.667,2.9,5.7,.500,5.7,0.0,2.9,0.0,8.6,0.0,20.0
14,3,6,14,9.3,14.0,.667,0.0,0.0,,9.3,14.0,.667,4.7,9.3,.500,9.3,0.0,4.7,0.0,14.0,0.0,32.7,,87.3,87.3
14,4,6,14,20.7,.886,1.000,1.000,.667,5,8.4,8.7,8.6,0.0,4.7,0.0,43.2,27.0,,0.0,0.0,0.0,.094,,2.0,0.0,2.0
15,0,16,175,14,39,.359,9,25,.360,5,14,.357,9,16,.563,3,13,16,9,5,0,15,12,42
15,1,16,10.9,0.9,2.4,.359,0.6,1.6,.360,0.3,0.9,.357,0.6,1.0,.563,1.0,0.6,0.3,0.0,0.9,0.8,2.6
15,2,16,175,3.2,8.9,.359,2.1,5.7,.360,1.1,3.2,.357,2.1,3.7,.563,3.7,2.1,1.1,0.0,3.4,2.7,9.6
15,3,16,175,5.2,14.6,.359,3.4,9.3,.360,1.9,5.2,.357,3.4,6.0,.563,6.0,3.4,1.9,0.0,5.6,4.5,15.7,,81.2,93.0
15,4,16,175,6.0,.451,.423,.359,.410,41,2.0,9.1,5.5,10.8,1.9,0.0,24.4,19.1,,-0.1,0.4,0.2,.054,,-4.2,1.7,-2.5
