0,0,14,82,8,21,.381,1,3,.333,7,18,.389,0,0,,0,4,4,4,3,0,2,7,23
0,1,14,5.9,0.6,1.5,.381,0.1,0.2,.333,0.5,1.3,.389,0.0,0.0,,0.3,0.3,0.2,0.0,0.1,0.5,1.6
0,2,14,82,3.9,10.2,.381,0.5,1.5,.333,3.4,8.8,.389,0.0,0.0,,2.0,2.0,1.5,0.0,1.0,3.4,11.2
0,3,14,82,5.6,14.7,.381,0.7,2.1,.333,4.9,12.6,.389,0.0,0.0,,2.8,2.8,2.1,0.0,1.4,4.9,16.1,,112.2,106.8
0,4,14,82,10.6,.548,.548,.857,.000,20,0.0,6.3,3.0,8.6,2.1,0.0,8.7,14.0,,0.1,0.1,0.2,.087,,1.4,-3.6,-2.1
1,0,34,868,172,299,.575,172,299,.575,0,0,,88,156,.564,99,108,207,30,15,11,66,99,432
1,1,34,25.5,5.1,8.8,.575,5.1,8.8,.575,0.0,0.0,,2.6,4.6,.564,6.1,0.9,0.4,0.3,1.9,2.9,12.7
1,2,34,868,7.9,13.8,.575,7.9,13.8,.575,0.0,0.0,,4.1,7.2,.564,9.5,1.4,0.7,0.5,3.0,4.6,19.9
1,3,34,868,11.4,19.8,.575,11.4,19.8,.575,0.0,0.0,,5.8,10.3,.564,13.7,2.0,1.0,0.7,4.4,6.6,28.7,,111.6,105.4
1,4,34,868,21.5,.579,.575,.000,.522,419,13.4,16.0,14.7,7.5,1.0,1.5,15.0,25.3,,2.4,0.8,3.2,.145,,1.6,-2.5,-0.9
2,0,34,1046,147,300,.490,91,157,.580,56,143,.392,134,169,.793,51,152,203,80,56,8,57,66,484
2,1,34,30.8,4.3,8.8,.490,2.7,4.6,.580,1.6,4.2,.392,3.9,5.0,.793,6.0,2.4,1.6,0.2,1.7,1.9,14.2
2,2,34,1046,5.6,11.5,.490,3.5,6.0,.580,2.1,5.5,.392,5.1,6.5,.793,7.8,3.1,2.1,0.3,2.2,2.5,18.5
2,3,34,1046,8.1,16.5,.490,5.0,8.6,.580,3.1,7.9,.392,7.4,9.3,.793,11.2,4.4,3.1,0.4,3.1,3.6,26.6,,126.9,100.3
2,4,34,1046,24.8,.636,.583,.477,.563,470,5.7,18.7,11.9,14.7,3.1,0.9,13.0,20.9,,4.0,1.4,5.4,.206,,6.8,0.2,7.0
3,0,34,612,99,171,.579,80,124,.645,19,47,.404,25,55,.455,53,82,135,22,20,28,35,68,242
3,1,34,18.0,2.9,5.0,.579,2.4,3.6,.645,0.6,1.4,.404,0.7,1.6,.455,4.0,0.6,0.6,0.8,1.0,2.0,7.1
3,2,34,612,6.5,11.2,.579,5.2,8.1,.645,1.2,3.1,.404,1.6,3.6,.455,8.8,1.4,1.3,1.8,2.3,4.4,15.8
3,3,34,612,9.3,16.1,.579,7.5,11.7,.645,1.8,4.4,.404,2.4,5.2,.455,12.7,2.1,1.9,2.6,3.3,6.4,22.8,,115.5,100.8
3,4,34,612,20.8,.614,.635,.275,.322,229,10.2,17.3,13.6,7.2,1.9,5.3,15.1,19.0,,1.5,0.8,2.3,.149,,2.5,1.0,3.5
4,0,34,1049,108,259,.417,65,127,.512,43,132,.326,56,74,.757,12,95,107,130,56,2,52,78,315
4,1,34,30.9,3.2,7.6,.417,1.9,3.7,.512,1.3,3.9,.326,1.6,2.2,.757,3.1,3.8,1.6,0.1,1.5,2.3,9.3
4,2,34,1049,4.1,9.9,.417,2.5,4.8,.512,1.6,5.0,.326,2.1,2.8,.757,4.1,5.0,2.1,0.1,2.0,3.0,12.0
4,3,34,1049,5.9,14.2,.417,3.6,7.0,.512,2.4,7.2,.326,3.1,4.1,.757,5.9,7.1,3.1,0.1,2.9,4.3,17.3,,112.3,102.8
4,4,34,1049,15.7,.535,.500,.510,.286,342,1.3,11.7,6.3,22.2,3.1,0.2,15.0,16.5,,2.0,1.2,3.2,.121,,2.7,-0.6,2.1
5,0,33,969,137,308,.445,103,207,.498,34,101,.337,82,109,.752,41,130,171,73,59,6,110,84,390
5,1,33,29.4,4.2,9.3,.445,3.1,6.3,.498,1.0,3.1,.337,2.5,3.3,.752,5.2,2.2,1.8,0.2,3.3,2.5,11.8
5,2,33,969,5.7,12.7,.445,4.3,8.5,.498,1.4,4.2,.337,3.4,4.5,.752,7.1,3.0,2.4,0.2,4.5,3.5,16.1
5,3,33,969,8.1,18.3,.445,6.1,12.3,.498,2.0,6.0,.337,4.9,6.5,.752,10.2,4.3,3.5,0.4,6.5,5.0,23.2,,95.7,99.8
5,4,33,969,16.1,.542,.500,.328,.354,387,5.0,17.3,10.9,14.5,3.5,0.7,23.4,24.2,,0.8,1.4,2.1,.088,,0.0,0.5,0.6
6,0,23,175,9,22,.409,1,4,.250,8,18,.444,0,2,.000,2,7,9,7,3,0,2,32,26
6,1,23,7.6,0.4,1.0,.409,0.0,0.2,.250,0.3,0.8,.444,0.0,0.1,.000,0.4,0.3,0.1,0.0,0.1,1.4,1.1
6,2,23,175,2.1,5.0,.409,0.2,0.9,.250,1.8,4.1,.444,0.0,0.5,.000,2.1,1.6,0.7,0.0,0.5,7.3,5.9
6,3,23,175,3.0,7.2,.409,0.3,1.3,.250,2.6,5.9,.444,0.0,0.7,.000,3.0,2.3,1.0,0.0,0.7,10.5,8.6,,121.4,109.4
6,4,23,175,4.7,.566,.591,.818,.091,25,1.3,5.2,3.2,6.6,1.0,0.0,8.0,7.1,,0.2,0.1,0.3,.063,,0.4,-2.8,-2.3
7,0,31,294,16,50,.320,10,28,.357,6,22,.273,10,14,.714,3,28,31,18,15,1,9,33,48
7,1,31,9.5,0.5,1.6,.320,0.3,0.9,.357,0.2,0.7,.273,0.3,0.5,.714,1.0,0.6,0.5,0.0,0.3,1.1,1.5
7,2,31,294,2.2,6.8,.320,1.4,3.8,.357,0.8,3.0,.273,1.4,1.9,.714,4.2,2.4,2.0,0.1,1.2,4.5,6.5
7,3,31,294,3.1,9.8,.320,2.0,5.5,.357,1.2,4.3,.273,2.0,2.7,.714,6.1,3.5,2.9,0.2,1.8,6.5,9.4,,94.4,102.7
7,4,31,294,7.6,.424,.380,.440,.280,52,1.2,12.3,6.5,10.1,2.9,0.4,13.7,11.2,,0.1,0.3,0.4,.056,,-2.0,-0.3,-2.2
8,0,16,76,11,22,.500,10,19,.526,1,3,.333,6,12,.500,9,6,15,3,2,1,2,12,29
8,1,16,4.8,0.7,1.4,.500,0.6,1.2,.526,0.1,0.2,.333,0.4,0.8,.500,0.9,0.2,0.1,0.1,0.1,0.8,1.8
8,2,16,76,5.8,11.6,.500,5.3,10.0,.526,0.5,1.6,.333,3.2,6.3,.500,7.9,1.6,1.1,0.5,1.1,6.3,15.3
8,3,16,76,8.3,16.7,.500,7.6,14.4,.526,0.8,2.3,.333,4.5,9.1,.500,11.4,2.3,1.5,0.8,1.5,9.1,22.0,,118.6,105.9
8,4,16,76,18.0,.523,.523,.136,.545,30,13.9,10.2,12.1,7.6,1.5,1.5,6.7,19.5,,0.2,0.1,0.3,.146,,2.0,-2.8,-0.8
9,0,24,481,50,117,.427,46,101,.455,4,16,.250,39,53,.736,3,24,27,50,28,1,46,33,143
9,1,24,20.0,2.1,4.9,.427,1.9,4.2,.455,0.2,0.7,.250,1.6,2.2,.736,1.1,2.1,1.2,0.0,1.9,1.4,6.0
9,2,24,481,4.2,9.7,.427,3.8,8.4,.455,0.3,1.3,.250,3.2,4.4,.736,2.2,4.2,2.3,0.1,3.8,2.7,11.9
9,3,24,481,6.0,14.0,.427,5.5,12.1,.455,0.5,1.9,.250,4.7,6.3,.736,3.2,6.0,3.4,0.1,5.5,4.0,17.1,,91.4,103.8
9,4,24,481,11.2,.503,.444,.137,.453,151,0.7,6.4,3.5,18.6,3.4,0.2,24.4,19.6,,0.1,0.5,0.6,.050,,-2.7,-1.5,-4.2
10,0,28,219,20,40,.500,20,40,.500,0,0,,19,28,.679,25,37,62,3,4,4,20,33,59
10,1,28,7.8,0.7,1.4,.500,0.7,1.4,.500,0.0,0.0,,0.7,1.0,.679,2.2,0.1,0.1,0.1,0.7,1.2,2.1
10,2,28,219,3.7,7.3,.500,3.7,7.3,.500,0.0,0.0,,3.5,5.1,.679,11.3,0.5,0.7,0.7,3.7,6.0,10.8
10,3,28,219,5.3,10.5,.500,5.3,10.5,.500,0.0,0.0,,5.0,7.4,.679,16.3,0.8,1.1,1.1,5.3,8.7,15.5,,97.7,103.0
10,4,28,219,11.6,.553,.500,.000,.700,66,13.4,21.8,17.4,2.4,1.1,2.1,27.3,16.7,,0.2,0.2,0.4,.074,,-3.6,-2.2,-5.7
11,0,12,66,9,23,.391,1,4,.250,8,19,.421,1,2,.500,0,6,6,6,3,0,3,4,27
11,1,12,5.5,0.8,1.9,.391,0.1,0.3,.250,0.7,1.6,.421,0.1,0.2,.500,0.5,0.5,0.3,0.0,0.3,0.3,2.3
11,2,12,66,5.5,13.9,.391,0.6,2.4,.250,4.8,11.5,.421,0.6,1.2,.500,3.6,3.6,1.8,0.0,1.8,2.4,16.4
11,3,12,66,7.9,20.1,.391,0.9,3.5,.250,7.0,16.6,.421,0.9,1.7,.500,5.2,5.2,2.6,0.0,2.6,3.5,23.6,,113.7,104.0
11,4,12,66,17.2,.564,.565,.826,.087,25,0.0,11.7,5.6,17.3,2.6,0.0,11.1,20.4,,0.2,0.1,0.2,.132,,3.6,-3.6,-0.1
12,0,31,910,120,310,.387,67,148,.453,53,162,.327,52,71,.732,10,61,71,44,21,1,37,56,345
12,1,31,29.4,3.9,10.0,.387,2.2,4.8,.453,1.7,5.2,.327,1.7,2.3,.732,2.3,1.4,0.7,0.0,1.2,1.8,11.1
12,2,31,910,5.3,13.6,.387,2.9,6.5,.453,2.3,7.1,.327,2.3,3.1,.732,3.1,1.9,0.9,0.0,1.6,2.5,15.2
12,3,31,910,7.6,19.6,.387,4.2,9.4,.453,3.4,10.2,.327,3.3,4.5,.732,4.5,2.8,1.3,0.1,2.3,3.5,21.8,,103.7,107.8
12,4,31,910,12.5,.502,.473,.523,.229,312,1.3,8.6,4.8,9.1,1.3,0.1,9.7,20.9,,1.2,0.6,1.8,.080,,0.7,-3.5,-2.8
