0,0,32,589,48,133,.361,10,19,.526,38,114,.333,4,4,1.000,1,44,45,28,7,1,16,41,138
0,1,32,18.4,1.5,4.2,.361,0.3,0.6,.526,1.2,3.6,.333,0.1,0.1,1.000,1.4,0.9,0.2,0.0,0.5,1.3,4.3
0,2,32,589,3.3,9.0,.361,0.7,1.3,.526,2.6,7.7,.333,0.3,0.3,1.000,3.1,1.9,0.5,0.1,1.1,2.8,9.4
0,3,32,589,5.0,13.8,.361,1.0,2.0,.526,3.9,11.8,.333,0.4,0.4,1.000,4.7,2.9,0.7,0.1,1.7,4.2,14.3,,103.9,108.7
0,4,32,589,7.9,.511,.504,.857,.030,123,0.2,8.7,4.5,9.0,0.7,0.2,10.6,13.5,,0.5,0.4,0.9,.060,,-0.1,-1.4,-1.5
1,0,31,552,58,107,.542,58,107,.542,0,0,,16,26,.615,31,74,105,25,7,11,30,77,132
1,1,31,17.8,1.9,3.5,.542,1.9,3.5,.542,0.0,0.0,,0.5,0.8,.615,3.4,0.8,0.2,0.4,1.0,2.5,4.3
1,2,31,552,4.2,7.8,.542,4.2,7.8,.542,0.0,0.0,,1.2,1.9,.615,7.6,1.8,0.5,0.8,2.2,5.6,9.6
1,3,31,552,6.4,11.8,.542,6.4,11.8,.542,0.0,0.0,,1.8,2.9,.615,11.6,2.8,0.8,1.2,3.3,8.5,14.6,,102.7,104.2
1,4,31,552,11.1,.553,.542,.000,.243,134,6.6,15.6,11.1,9.0,0.8,2.3,20.1,14.3,,0.5,0.6,1.1,.080,,-2.2,1.6,-0.6
2,0,15,83,7,19,.368,7,18,.389,0,1,.000,8,14,.571,8,14,22,3,3,2,5,18,22
2,1,15,5.5,0.5,1.3,.368,0.5,1.2,.389,0.0,0.1,.000,0.5,0.9,.571,1.5,0.2,0.2,0.1,0.3,1.2,1.5
2,2,15,83,3.4,9.2,.368,3.4,8.7,.389,0.0,0.5,.000,3.9,6.7,.571,10.6,1.4,1.4,1.0,2.4,8.7,10.6
2,3,15,83,5.1,14.0,.368,5.1,13.2,.389,0.0,0.7,.000,5.9,10.3,.571,16.2,2.2,2.2,1.5,3.7,13.2,16.2,,93.0,98.6
2,4,15,83,11.0,.429,.368,.053,.737,25,11.4,19.6,15.5,6.9,2.2,2.8,16.3,19.5,,0.0,0.1,0.2,.077,,-4.4,1.5,-2.9
3,0,32,935,133,281,.473,91,176,.517,42,105,.400,95,142,.669,36,108,144,74,32,3,45,66,403
3,1,32,29.2,4.2,8.8,.473,2.8,5.5,.517,1.3,3.3,.400,3.0,4.4,.669,4.5,2.3,1.0,0.1,1.4,2.1,12.6
3,2,32,935,5.7,12.0,.473,3.9,7.5,.517,1.8,4.5,.400,4.1,6.1,.669,6.2,3.2,1.4,0.1,1.9,2.8,17.2
3,3,32,935,8.7,18.3,.473,5.9,11.5,.517,2.7,6.9,.400,6.2,9.3,.669,9.4,4.8,2.1,0.2,2.9,4.3,26.3,,117.9,103.5
3,4,32,935,20.6,.578,.548,.374,.505,384,4.5,13.4,9.0,17.0,2.1,0.4,11.4,22.2,,2.7,1.1,3.8,.162,,4.3,0.4,4.7
4,0,16,143,8,28,.286,7,14,.500,1,14,.071,4,5,.800,0,19,19,11,2,0,11,21,21
4,1,16,8.9,0.5,1.8,.286,0.4,0.9,.500,0.1,0.9,.071,0.3,0.3,.800,1.2,0.7,0.1,0.0,0.7,1.3,1.3
4,2,16,143,2.2,7.8,.286,2.0,3.9,.500,0.3,3.9,.071,1.1,1.4,.800,5.3,3.1,0.6,0.0,3.1,5.9,5.9
4,3,16,143,3.4,11.9,.286,3.0,6.0,.500,0.4,6.0,.071,1.7,2.1,.800,8.1,4.7,0.9,0.0,4.7,9.0,9.0,,67.0,105.2
4,4,16,143,0.6,.346,.304,.500,.179,24,0.0,15.4,7.8,14.0,0.9,0.0,26.6,15.2,,-0.2,0.1,-0.1,-.028,,-6.9,-0.4,-7.3
5,0,9,38,3,14,.214,2,6,.333,1,8,.125,2,4,.500,2,6,8,1,0,0,3,5,9
5,1,9,4.2,0.3,1.6,.214,0.2,0.7,.333,0.1,0.9,.125,0.2,0.4,.500,0.9,0.1,0.0,0.0,0.3,0.6,1.0
5,2,9,38,3.2,14.7,.214,2.1,6.3,.333,1.1,8.4,.125,2.1,4.2,.500,8.4,1.1,0.0,0.0,3.2,5.3,9.5
5,3,9,38,4.8,22.5,.214,3.2,9.6,.333,1.6,12.8,.125,3.2,6.4,.500,12.8,1.6,0.0,0.0,4.8,8.0,14.5,,62.1,105.9
5,4,9,38,-2.2,.283,.250,.571,.286,9,6.2,18.3,12.3,5.0,0.0,0.0,15.9,26.2,,-0.1,0.0,-0.1,-.094,,-9.9,-4.5,-14.4
6,0,32,846,61,152,.401,42,93,.452,19,59,.322,45,96,.469,39,136,175,98,40,9,62,97,186
6,1,32,26.4,1.9,4.8,.401,1.3,2.9,.452,0.6,1.8,.322,1.4,3.0,.469,5.5,3.1,1.3,0.3,1.9,3.0,5.8
6,2,32,846,2.9,7.2,.401,2.0,4.4,.452,0.9,2.8,.322,2.1,4.5,.469,8.3,4.6,1.9,0.4,2.9,4.6,8.8
6,3,32,846,4.4,11.0,.401,3.0,6.7,.452,1.4,4.3,.322,3.2,6.9,.469,12.6,7.1,2.9,0.6,4.5,7.0,13.4,,95.1,98.8
6,4,32,846,12.6,.471,.464,.388,.632,230,5.4,18.7,12.1,21.7,2.9,1.2,23.9,16.2,,0.4,1.4,1.7,.082,,-0.7,3.5,2.8
7,0,25,300,27,78,.346,18,48,.375,9,30,.300,8,17,.471,5,17,22,20,10,1,13,28,71
7,1,25,12.0,1.1,3.1,.346,0.7,1.9,.375,0.4,1.2,.300,0.3,0.7,.471,0.9,0.8,0.4,0.0,0.5,1.1,2.8
7,2,25,300,3.6,10.4,.346,2.4,6.4,.375,1.2,4.0,.300,1.1,2.3,.471,2.9,2.7,1.3,0.1,1.7,3.7,9.5
7,3,25,300,5.5,15.9,.346,3.7,9.8,.375,1.8,6.1,.300,1.6,3.5,.471,4.5,4.1,2.0,0.2,2.6,5.7,14.4,,88.3,106.5
7,4,25,300,7.1,.412,.404,.385,.218,72,2.0,6.6,4.3,12.9,2.0,0.4,13.1,17.4,,0.0,0.3,0.2,.030,,-3.3,-0.8,-4.0
8,0,17,77,2,7,.286,2,6,.333,0,1,.000,5,8,.625,1,11,12,4,1,0,3,6,9
8,1,17,4.5,0.1,0.4,.286,0.1,0.4,.333,0.0,0.1,.000,0.3,0.5,.625,0.7,0.2,0.1,0.0,0.2,0.4,0.5
8,2,17,77,1.0,3.6,.286,1.0,3.1,.333,0.0,0.5,.000,2.6,4.2,.625,6.2,2.1,0.5,0.0,1.6,3.1,4.7
8,3,17,77,1.6,5.5,.286,1.6,4.8,.333,0.0,0.8,.000,4.0,6.3,.625,9.5,3.2,0.8,0.0,2.4,4.8,7.1,,87.1,105.2
8,4,17,77,5.0,.417,.286,.143,1.143,11,1.5,16.6,9.1,8.9,0.8,0.0,21.7,9.4,,0.0,0.1,0.1,.035,,-5.2,0.4,-4.8
9,0,4,6,1,1,1.000,0,0,,1,1,1.000,0,0,,0,0,0,0,0,0,0,0,3
9,1,4,1.5,0.3,0.3,1.000,0.0,0.0,,0.3,0.3,1.000,0.0,0.0,,0.0,0.0,0.0,0.0,0.0,0.0,0.8
9,2,4,6,6.7,6.7,1.000,0.0,0.0,,6.7,6.7,1.000,0.0,0.0,,0.0,0.0,0.0,0.0,0.0,0.0,20.0
9,3,4,6,10.2,10.2,1.000,0.0,0.0,,10.2,10.2,1.000,0.0,0.0,,0.0,0.0,0.0,0.0,0.0,0.0,30.5,,300.0,114.6
9,4,4,6,28.2,1.500,1.500,1.000,.000,1,0.0,0.0,0.0,0.0,0.0,0.0,0.0,8.8,,0.0,0.0,0.0,.161,,12.7,-4.8,8.0
10,0,6,11,0,2,.000,0,2,.000,0,0,,0,1,.000,2,2,4,0,0,0,1,5,0
10,1,6,1.8,0.0,0.3,.000,0.0,0.3,.000,0.0,0.0,,0.0,0.2,.000,0.7,0.0,0.0,0.0,0.2,0.8,0.0
10,2,6,11,0.0,7.3,.000,0.0,7.3,.000,0.0,0.0,,0.0,3.6,.000,14.5,0.0,0.0,0.0,3.6,18.2,0.0
10,3,6,11,0.0,11.1,.000,0.0,11.1,.000,0.0,0.0,,0.0,5.5,.000,22.2,0.0,0.0,0.0,5.5,27.7,0.0,,35.4,103.0
10,4,6,11,-12.5,.000,.000,.000,.500,1,21.4,21.1,21.3,0.0,0.0,0.0,28.8,16.6,,-0.1,0.0,0.0,-.144,,-15.4,-5.3,-20.7
11,0,14,88,9,20,.450,8,16,.500,1,4,.250,10,20,.500,6,13,19,4,3,1,5,14,29
11,1,14,6.3,0.6,1.4,.450,0.6,1.1,.500,0.1,0.3,.250,0.7,1.4,.500,1.4,0.3,0.2,0.1,0.4,1.0,2.1
11,2,14,88,4.1,9.1,.450,3.6,7.3,.500,0.5,1.8,.250,4.5,9.1,.500,8.6,1.8,1.4,0.5,2.3,6.4,13.2
11,3,14,88,6.2,13.9,.450,5.5,11.1,.500,0.7,2.8,.250,6.9,13.9,.500,13.2,2.8,2.1,0.7,3.5,9.7,20.1,,100.5,100.9
11,4,14,88,13.8,.492,.475,.200,1.000,30,8.0,17.2,12.6,9.0,2.1,1.3,14.5,20.7,,0.1,0.1,0.2,.098,,-2.0,0.3,-1.8
12,0,32,837,154,316,.487,122,234,.521,32,82,.390,106,163,.650,70,106,176,44,22,13,57,99,446
12,1,32,26.2,4.8,9.9,.487,3.8,7.3,.521,1.0,2.6,.390,3.3,5.1,.650,5.5,1.4,0.7,0.4,1.8,3.1,13.9
12,2,32,837,7.4,15.1,.487,5.8,11.2,.521,1.5,3.9,.390,5.1,7.8,.650,8.4,2.1,1.1,0.6,2.7,4.7,21.3
12,3,32,837,11.2,23.0,.487,8.9,17.1,.521,2.3,6.0,.390,7.7,11.9,.650,12.8,3.2,1.6,0.9,4.2,7.2,32.5,,112.7,103.1
12,4,32,837,23.1,.567,.538,.259,.516,418,9.9,14.7,12.3,12.4,1.6,1.8,12.7,28.4,,2.5,1.0,3.5,.168,,3.7,-0.1,3.6
13,0,24,205,13,31,.419,13,31,.419,0,0,,9,16,.563,16,18,34,4,1,11,20,53,35
13,1,24,8.5,0.5,1.3,.419,0.5,1.3,.419,0.0,0.0,,0.4,0.7,.563,1.4,0.2,0.0,0.5,0.8,2.2,1.5
13,2,24,205,2.5,6.0,.419,2.5,6.0,.419,0.0,0.0,,1.8,3.1,.563,6.6,0.8,0.2,2.1,3.9,10.3,6.8
13,3,24,205,3.9,9.2,.419,3.9,9.2,.419,0.0,0.0,,2.7,4.8,.563,10.1,1.2,0.3,3.3,6.0,15.8,10.4,,75.2,105.0
13,4,24,205,2.4,.453,.419,.000,.516,40,9.2,10.2,9.7,3.6,0.3,6.3,34.1,15.1,,-0.2,0.2,0.0,-.005,,-7.0,2.6,-4.3
14,0,32,1001,176,329,.535,134,218,.615,42,111,.378,53,82,.646,56,118,174,48,27,27,35,58,447
14,1,32,31.3,5.5,10.3,.535,4.2,6.8,.615,1.3,3.5,.378,1.7,2.6,.646,5.4,1.5,0.8,0.8,1.1,1.8,14.0
14,2,32,1001,7.0,13.1,.535,5.4,8.7,.615,1.7,4.4,.378,2.1,3.3,.646,7.0,1.9,1.1,1.1,1.4,2.3,17.9
14,3,32,1001,10.7,20.1,.535,8.2,13.3,.615,2.6,6.8,.378,3.2,5.0,.646,10.6,2.9,1.6,1.6,2.1,3.5,27.2,,123.0,103.1
14,4,32,1001,23.1,.607,.599,.337,.249,399,6.6,13.7,10.2,11.1,1.6,3.2,8.7,21.2,,3.2,1.2,4.4,.175,,4.9,1.6,6.5
15,0,31,732,82,214,.383,66,150,.440,16,64,.250,81,111,.730,13,39,52,78,31,0,59,58,261
15,1,31,23.6,2.6,6.9,.383,2.1,4.8,.440,0.5,2.1,.250,2.6,3.6,.730,1.7,2.5,1.0,0.0,1.9,1.9,8.4
15,2,31,732,4.5,11.7,.383,3.6,8.2,.440,0.9,3.5,.250,4.4,6.1,.730,2.8,4.3,1.7,0.0,3.2,3.2,14.3
15,3,31,732,6.8,17.8,.383,5.5,12.5,.440,1.3,5.3,.250,6.8,9.3,.730,4.3,6.5,2.6,0.0,4.9,4.8,21.8,,97.5,105.7
15,4,31,732,12.9,.489,.421,.299,.519,270,2.1,6.2,4.2,21.5,2.6,0.0,18.1,23.5,,0.6,0.7,1.3,.072,,-1.1,-0.9,-1.9
16,0,4,7,1,3,.333,0,1,.000,1,2,.500,0,0,,0,1,1,1,0,0,1,1,3
16,1,4,1.8,0.3,0.8,.333,0.0,0.3,.000,0.3,0.5,.500,0.0,0.0,,0.3,0.3,0.0,0.0,0.3,0.3,0.8
16,2,4,7,5.7,17.1,.333,0.0,5.7,.000,5.7,11.4,.500,0.0,0.0,,5.7,5.7,0.0,0.0,5.7,5.7,17.1
16,3,4,7,8.7,26.1,.333,0.0,8.7,.000,8.7,17.4,.500,0.0,0.0,,8.7,8.7,0.0,0.0,8.7,8.7,26.1,,87.6,106.6
16,4,4,7,8.3,.500,.500,.667,.000,3,0.0,16.6,8.4,30.8,0.0,0.0,25.0,30.1,,0.0,0.0,0.0,.021,,-2.3,-3.5,-5.9
