0,0,33,644,44,127,.346,6,25,.240,38,102,.373,0,0,,4,49,53,31,9,1,19,55,126
0,1,33,19.5,1.3,3.8,.346,0.2,0.8,.240,1.2,3.1,.373,0.0,0.0,,1.6,0.9,0.3,0.0,0.6,1.7,3.8
0,2,33,644,2.7,7.9,.346,0.4,1.6,.240,2.4,6.3,.373,0.0,0.0,,3.3,1.9,0.6,0.1,1.2,3.4,7.8
0,3,33,644,4.1,11.9,.346,0.6,2.3,.240,3.6,9.6,.373,0.0,0.0,,5.0,2.9,0.8,0.1,1.8,5.2,11.8,,101.9,111.6
0,4,33,644,6.1,.496,.496,.803,.000,118,0.7,8.9,4.9,8.4,0.8,0.2,13.0,11.8,,0.3,0.4,0.7,.046,,-0.3,-0.8,-1.1
1,0,24,141,6,18,.333,6,18,.333,0,0,,2,6,.333,10,8,18,4,1,0,8,26,14
1,1,24,5.9,0.3,0.8,.333,0.3,0.8,.333,0.0,0.0,,0.1,0.3,.333,0.8,0.2,0.0,0.0,0.3,1.1,0.6
1,2,24,141,1.7,5.1,.333,1.7,5.1,.333,0.0,0.0,,0.6,1.7,.333,5.1,1.1,0.3,0.0,2.3,7.4,4.0
1,3,24,141,2.6,7.7,.333,2.6,7.7,.333,0.0,0.0,,0.9,2.6,.333,7.7,1.7,0.4,0.0,3.4,11.1,6.0,,74.8,112.9
1,4,24,141,-0.3,.336,.333,.000,.333,20,8.5,6.6,7.6,4.7,0.4,0.0,27.7,10.6,,-0.1,0.1,-0.1,-.017,,-5.1,-0.5,-5.6
2,0,33,760,103,194,.531,78,123,.634,25,71,.352,64,97,.660,15,91,106,44,22,5,41,59,295
2,1,33,23.0,3.1,5.9,.531,2.4,3.7,.634,0.8,2.2,.352,1.9,2.9,.660,3.2,1.3,0.7,0.2,1.2,1.8,8.9
2,2,33,760,5.4,10.2,.531,4.1,6.5,.634,1.3,3.7,.352,3.4,5.1,.660,5.6,2.3,1.2,0.3,2.2,3.1,15.5
2,3,33,760,8.2,15.4,.531,6.2,9.8,.634,2.0,5.6,.352,5.1,7.7,.660,8.4,3.5,1.7,0.4,3.3,4.7,23.4,,116.4,107.2
2,4,33,760,16.9,.614,.595,.366,.500,264,2.4,14.0,8.3,11.4,1.7,0.7,14.6,19.2,,1.6,0.8,2.4,.125,,2.3,0.1,2.4
3,0,33,1004,196,382,.513,151,255,.592,45,127,.354,61,123,.496,65,188,253,57,25,13,65,94,498
3,1,33,30.4,5.9,11.6,.513,4.6,7.7,.592,1.4,3.8,.354,1.8,3.7,.496,7.7,1.7,0.8,0.4,2.0,2.8,15.1
3,2,33,1004,7.8,15.2,.513,6.0,10.2,.592,1.8,5.1,.354,2.4,4.9,.496,10.1,2.3,1.0,0.5,2.6,3.7,19.8
3,3,33,1004,11.8,23.0,.513,9.1,15.3,.592,2.7,7.6,.354,3.7,7.4,.496,15.2,3.4,1.5,0.8,3.9,5.7,29.9,,111.1,104.1
3,4,33,1004,21.4,.565,.572,.332,.322,456,7.8,21.9,14.9,12.7,1.5,1.5,12.9,26.1,,2.2,1.3,3.6,.142,,3.2,0.5,3.7
4,0,4,129,19,36,.528,13,22,.591,6,14,.429,8,10,.800,1,4,5,28,7,1,6,7,52
4,1,4,32.3,4.8,9.0,.528,3.3,5.5,.591,1.5,3.5,.429,2.0,2.5,.800,1.3,7.0,1.8,0.3,1.5,1.8,13.0
4,2,4,129,5.9,11.2,.528,4.0,6.8,.591,1.9,4.3,.429,2.5,3.1,.800,1.6,8.7,2.2,0.3,1.9,2.2,16.1
4,3,4,129,8.9,16.8,.528,6.1,10.3,.591,2.8,6.6,.429,3.7,4.7,.800,2.3,13.1,3.3,0.5,2.8,3.3,24.3,,137.1,108.1
4,4,4,129,24.6,.638,.611,.389,.278,59,0.9,3.6,2.3,43.9,3.3,0.9,12.8,18.8,,0.6,0.1,0.7,.211,,6.1,-3.2,2.9
5,0,33,930,83,219,.379,70,172,.407,13,47,.277,84,144,.583,58,132,190,108,41,6,66,104,263
5,1,33,28.2,2.5,6.6,.379,2.1,5.2,.407,0.4,1.4,.277,2.5,4.4,.583,5.8,3.3,1.2,0.2,2.0,3.2,8.0
5,2,33,930,3.6,9.4,.379,3.0,7.4,.407,0.6,2.0,.277,3.6,6.2,.583,8.2,4.6,1.8,0.3,2.8,4.5,11.3
5,3,33,930,5.4,14.2,.379,4.5,11.2,.407,0.8,3.1,.277,5.5,9.3,.583,12.3,7.0,2.7,0.4,4.3,6.7,17.1,,100.5,104.0
5,4,33,930,13.7,.458,.409,.215,.658,320,7.5,16.6,12.1,21.0,2.7,0.7,18.7,19.7,,0.8,1.3,2.0,.087,,-0.1,2.6,2.4
6,0,9,106,7,25,.280,4,16,.250,3,9,.333,12,13,.923,2,10,12,4,2,1,12,16,29
6,1,9,11.8,0.8,2.8,.280,0.4,1.8,.250,0.3,1.0,.333,1.3,1.4,.923,1.3,0.4,0.2,0.1,1.3,1.8,3.2
6,2,9,106,2.6,9.4,.280,1.5,6.0,.250,1.1,3.4,.333,4.5,4.9,.923,4.5,1.5,0.8,0.4,4.5,6.0,10.9
6,3,9,106,4.0,14.2,.280,2.3,9.1,.250,1.7,5.1,.333,6.8,7.4,.923,6.8,2.3,1.1,0.6,6.8,9.1,16.5,,79.5,109.2
6,4,9,106,2.9,.465,.340,.360,.520,28,2.3,11.1,6.7,6.5,1.1,1.1,27.8,21.1,,-0.1,0.1,0.0,-.014,,-6.2,-1.0,-7.3
7,0,22,108,7,12,.583,5,8,.625,2,4,.500,9,13,.692,3,9,12,8,4,0,7,15,25
7,1,22,4.9,0.3,0.5,.583,0.2,0.4,.625,0.1,0.2,.500,0.4,0.6,.692,0.5,0.4,0.2,0.0,0.3,0.7,1.1
7,2,22,108,2.6,4.4,.583,1.9,3.0,.625,0.7,1.5,.500,3.3,4.8,.692,4.4,3.0,1.5,0.0,2.6,5.6,9.3
7,3,22,108,3.9,6.7,.583,2.8,4.5,.625,1.1,2.2,.500,5.0,7.3,.692,6.7,4.5,2.2,0.0,3.9,8.4,14.0,,114.8,107.9
7,4,22,108,11.0,.688,.667,.333,1.083,26,3.3,9.8,6.6,12.8,2.2,0.0,27.8,12.1,,0.1,0.1,0.3,.095,,0.3,0.1,0.5
8,0,33,1046,126,288,.438,69,152,.454,57,136,.419,103,123,.837,5,70,75,102,34,2,65,67,412
8,1,33,31.7,3.8,8.7,.438,2.1,4.6,.454,1.7,4.1,.419,3.1,3.7,.837,2.3,3.1,1.0,0.1,2.0,2.0,12.5
8,2,33,1046,4.8,11.0,.438,2.6,5.8,.454,2.2,5.2,.419,3.9,4.7,.837,2.9,3.9,1.3,0.1,2.5,2.6,15.8
8,3,33,1046,7.3,16.6,.438,4.0,8.8,.454,3.3,7.8,.419,5.9,7.1,.837,4.3,5.9,2.0,0.1,3.8,3.9,23.8,,116.3,109.6
8,4,33,1046,16.2,.595,.536,.472,.427,395,0.6,7.8,4.3,18.7,2.0,0.2,15.8,20.4,,2.3,0.9,3.2,.123,,3.3,-0.8,2.5
9,0,2,3,0,0,,0,0,,0,0,,0,0,,0,0,0,0,0,0,0,1,0
9,1,2,1.5,0.0,0.0,,0.0,0.0,,0.0,0.0,,0.0,0.0,,0.0,0.0,0.0,0.0,0.0,0.5,0.0
9,2,2,3,0.0,0.0,,0.0,0.0,,0.0,0.0,,0.0,0.0,,0.0,0.0,0.0,0.0,0.0,13.3,0.0
9,3,2,3,0.0,0.0,,0.0,0.0,,0.0,0.0,,0.0,0.0,,0.0,0.0,0.0,0.0,0.0,20.1,0.0,,,115.7
9,4,2,3,-5.8,,,,,0,0.0,0.0,0.0,0.0,0.0,0.0,,0.0,,0.0,0.0,0.0,.010,,-3.9,0.8,-3.1
10,0,33,825,144,279,.516,143,267,.536,1,12,.083,114,187,.610,106,109,215,34,18,25,50,108,403
10,1,33,25.0,4.4,8.5,.516,4.3,8.1,.536,0.0,0.4,.083,3.5,5.7,.610,6.5,1.0,0.5,0.8,1.5,3.3,12.2
10,2,33,825,7.0,13.5,.516,6.9,12.9,.536,0.0,0.6,.083,5.5,9.1,.610,10.4,1.6,0.9,1.2,2.4,5.2,19.5
10,3,33,825,10.5,20.4,.516,10.5,19.5,.536,0.1,0.9,.083,8.3,13.7,.610,15.7,2.5,1.3,1.8,3.7,7.9,29.5,,115.2,105.9
10,4,33,825,22.6,.548,.518,.043,.670,408,15.4,15.5,15.5,8.8,1.3,3.4,12.0,26.3,,2.3,1.0,3.3,.160,,2.0,0.6,2.6
11,0,33,950,123,231,.532,89,135,.659,34,96,.354,66,91,.725,45,85,130,58,14,30,31,79,346
11,1,33,28.8,3.7,7.0,.532,2.7,4.1,.659,1.0,2.9,.354,2.0,2.8,.725,3.9,1.8,0.4,0.9,0.9,2.4,10.5
11,2,33,950,5.2,9.7,.532,3.7,5.7,.659,1.4,4.0,.354,2.8,3.8,.725,5.5,2.4,0.6,1.3,1.3,3.3,14.6
11,3,33,950,7.8,14.7,.532,5.7,8.6,.659,2.2,6.1,.354,4.2,5.8,.725,8.3,3.7,0.9,1.9,2.0,5.0,22.0,,130.2,109.1
11,4,33,950,18.6,.631,.606,.416,.394,329,5.7,10.5,8.1,11.9,0.9,3.6,10.2,16.7,,2.8,0.8,3.6,.151,,4.6,1.3,6.0
12,0,3,6,1,1,1.000,1,1,1.000,0,0,,0,0,,0,0,0,0,0,0,0,0,2
12,1,3,2.0,0.3,0.3,1.000,0.3,0.3,1.000,0.0,0.0,,0.0,0.0,,0.0,0.0,0.0,0.0,0.0,0.0,0.7
12,2,3,6,6.7,6.7,1.000,6.7,6.7,1.000,0.0,0.0,,0.0,0.0,,0.0,0.0,0.0,0.0,0.0,0.0,13.3
12,3,3,6,10.1,10.1,1.000,10.1,10.1,1.000,0.0,0.0,,0.0,0.0,,0.0,0.0,0.0,0.0,0.0,0.0,20.1,,200.0,117.6
12,4,3,6,16.9,1.000,1.000,.000,.000,1,0.0,0.0,0.0,0.0,0.0,0.0,0.0,8.6,,0.0,0.0,0.0,.120,,3.6,-3.3,0.3
13,0,9,51,2,7,.286,2,7,.286,0,0,,0,0,,1,4,5,1,0,1,9,12,4
13,1,9,5.7,0.2,0.8,.286,0.2,0.8,.286,0.0,0.0,,0.0,0.0,,0.6,0.1,0.0,0.1,1.0,1.3,0.4
13,2,9,51,1.6,5.5,.286,1.6,5.5,.286,0.0,0.0,,0.0,0.0,,3.9,0.8,0.0,0.8,7.1,9.4,3.1
13,3,9,51,2.4,8.3,.286,2.4,8.3,.286,0.0,0.0,,0.0,0.0,,5.9,1.2,0.0,1.2,10.7,14.2,4.7,,31.2,111.4
13,4,9,51,-11.5,.286,.286,.000,.000,5,2.4,9.2,5.8,3.3,0.0,2.2,56.3,16.3,,-0.3,0.0,-0.2,-.171,,-13.6,0.6,-13.0
