0,0,30,708,15,46,.326,15,46,.326,0,0,,18,29,.621,41,77,118,17,8,8,13,78,48
0,1,30,23.6,0.5,1.5,.326,0.5,1.5,.326,0.0,0.0,,0.6,1.0,.621,3.9,0.6,0.3,0.3,0.4,2.6,1.6
0,2,30,708,0.8,2.6,.326,0.8,2.6,.326,0.0,0.0,,1.0,1.6,.621,6.7,1.0,0.5,0.5,0.7,4.4,2.7
0,3,30,708,1.3,4.0,.326,1.3,4.0,.326,0.0,0.0,,1.5,2.5,.621,10.1,1.5,0.7,0.7,1.1,6.7,4.1,,101.2,111.5
0,4,30,708,5.2,.402,.326,.000,.630,71,6.4,13.0,9.6,4.4,0.7,1.3,17.9,5.4,,0.3,0.2,0.5,.026,,-4.5,0.9,-3.6
1,0,31,695,69,197,.350,31,81,.383,38,116,.328,63,82,.768,21,59,80,73,16,1,39,48,239
1,1,31,22.4,2.2,6.4,.350,1.0,2.6,.383,1.2,3.7,.328,2.0,2.6,.768,2.6,2.4,0.5,0.0,1.3,1.5,7.7
1,2,31,695,4.0,11.3,.350,1.8,4.7,.383,2.2,6.7,.328,3.6,4.7,.768,4.6,4.2,0.9,0.1,2.2,2.8,13.8
1,3,31,695,6.0,17.2,.350,2.7,7.1,.383,3.3,10.2,.328,5.5,7.2,.768,7.0,6.4,1.4,0.1,3.4,4.2,20.9,,106.1,111.9
1,4,31,695,14.6,.506,.447,.589,.416,246,3.4,10.1,6.6,22.7,1.4,0.2,14.2,20.7,,1.2,0.2,1.4,.078,,0.9,-2.7,-1.9
2,0,31,979,155,303,.512,154,300,.513,1,3,.333,98,131,.748,95,173,268,29,13,2,49,103,409
2,1,31,31.6,5.0,9.8,.512,5.0,9.7,.513,0.0,0.1,.333,3.2,4.2,.748,8.6,0.9,0.4,0.1,1.6,3.3,13.2
2,2,31,979,6.3,12.4,.512,6.3,12.3,.513,0.0,0.1,.333,4.0,5.4,.748,10.9,1.2,0.5,0.1,2.0,4.2,16.7
2,3,31,979,9.6,18.8,.512,9.6,18.6,.513,0.1,0.2,.333,6.1,8.1,.748,16.7,1.8,0.8,0.1,3.0,6.4,25.4,,113.7,108.1
2,4,31,979,19.9,.560,.513,.010,.432,391,10.8,21.1,15.7,7.3,0.8,0.2,11.8,22.1,,2.5,0.6,3.1,.128,,-0.3,-2.1,-2.4
3,0,30,612,56,181,.309,17,40,.425,39,141,.277,19,23,.826,9,27,36,23,6,1,13,31,170
3,1,30,20.4,1.9,6.0,.309,0.6,1.3,.425,1.3,4.7,.277,0.6,0.8,.826,1.2,0.8,0.2,0.0,0.4,1.0,5.7
3,2,30,612,3.7,11.8,.309,1.1,2.6,.425,2.5,9.2,.277,1.2,1.5,.826,2.4,1.5,0.4,0.1,0.8,2.0,11.1
3,3,30,612,5.6,18.0,.309,1.7,4.0,.425,3.9,14.0,.277,1.9,2.3,.826,3.6,2.3,0.6,0.1,1.3,3.1,16.9,,97.2,115.9
3,4,30,612,7.9,.443,.417,.779,.127,153,1.6,5.3,3.4,8.0,0.6,0.2,6.3,17.5,,0.4,-0.1,0.3,.019,,-1.6,-4.1,-5.8
4,0,5,18,4,10,.400,0,0,,4,10,.400,0,0,,0,3,3,1,0,0,0,1,12
4,1,5,3.6,0.8,2.0,.400,0.0,0.0,,0.8,2.0,.400,0.0,0.0,,0.6,0.2,0.0,0.0,0.0,0.2,2.4
4,2,5,18,8.9,22.2,.400,0.0,0.0,,8.9,22.2,.400,0.0,0.0,,6.7,2.2,0.0,0.0,0.0,2.2,26.7
4,3,5,18,13.5,33.8,.400,0.0,0.0,,13.5,33.8,.400,0.0,0.0,,10.1,3.4,0.0,0.0,0.0,3.4,40.6,,124.9,110.8
4,4,5,18,27.5,.600,.600,1.000,.000,9,0.0,19.9,9.6,16.3,0.0,0.0,0.0,29.0,,0.1,0.0,0.1,.183,,10.0,-7.0,3.0
5,0,4,46,0,2,.000,0,2,.000,0,0,,0,1,.000,2,9,11,0,2,6,2,12,0
5,1,4,11.5,0.0,0.5,.000,0.0,0.5,.000,0.0,0.0,,0.0,0.3,.000,2.8,0.0,0.5,1.5,0.5,3.0,0.0
5,2,4,46,0.0,1.7,.000,0.0,1.7,.000,0.0,0.0,,0.0,0.9,.000,9.6,0.0,1.7,5.2,1.7,10.4,0.0
5,3,4,46,0.0,2.6,.000,0.0,2.6,.000,0.0,0.0,,0.0,1.3,.000,14.6,0.0,2.6,7.9,2.6,15.9,0.0,,25.0,95.3
5,4,4,46,4.4,.000,.000,.000,.500,1,4.8,23.3,13.8,0.0,2.6,14.5,44.7,5.1,,-0.1,0.1,0.0,.003,,-11.9,8.3,-3.6
6,0,30,412,37,81,.457,37,80,.463,0,1,.000,16,29,.552,31,44,75,8,10,2,21,32,90
6,1,30,13.7,1.2,2.7,.457,1.2,2.7,.463,0.0,0.0,.000,0.5,1.0,.552,2.5,0.3,0.3,0.1,0.7,1.1,3.0
6,2,30,412,3.6,7.9,.457,3.6,7.8,.463,0.0,0.1,.000,1.6,2.8,.552,7.3,0.8,1.0,0.2,2.0,3.1,8.7
6,3,30,412,5.5,12.0,.457,5.5,11.8,.463,0.0,0.1,.000,2.4,4.3,.552,11.1,1.2,1.5,0.3,3.1,4.7,13.3,,93.0,110.3
6,4,30,412,9.6,.475,.457,.012,.358,93,8.4,12.7,10.5,4.1,1.5,0.5,18.1,14.7,,0.1,0.2,0.3,.027,,-5.1,-1.3,-6.3
7,0,31,963,170,420,.405,84,204,.412,86,216,.398,64,75,.853,24,88,112,85,40,5,92,60,490
7,1,31,31.1,5.5,13.5,.405,2.7,6.6,.412,2.8,7.0,.398,2.1,2.4,.853,3.6,2.7,1.3,0.2,3.0,1.9,15.8
7,2,31,963,7.1,17.4,.405,3.5,8.5,.412,3.6,9.0,.398,2.7,3.1,.853,4.7,3.5,1.7,0.2,3.8,2.5,20.4
7,3,31,963,10.7,26.5,.405,5.3,12.9,.412,5.4,13.6,.398,4.0,4.7,.853,7.1,5.4,2.5,0.3,5.8,3.8,31.0,,99.9,108.8
7,4,31,963,18.7,.538,.507,.514,.179,445,2.8,10.9,6.7,22.8,2.5,0.6,16.8,29.7,,1.4,0.5,2.0,.082,,2.7,-1.8,0.9
8,0,13,55,7,14,.500,4,9,.444,3,5,.600,0,0,,0,4,4,0,2,0,1,5,17
8,1,13,4.2,0.5,1.1,.500,0.3,0.7,.444,0.2,0.4,.600,0.0,0.0,,0.3,0.0,0.2,0.0,0.1,0.4,1.3
8,2,13,55,5.1,10.2,.500,2.9,6.5,.444,2.2,3.6,.600,0.0,0.0,,2.9,0.0,1.5,0.0,0.7,3.6,12.4
8,3,13,55,7.7,15.5,.500,4.4,10.0,.444,3.3,5.5,.600,0.0,0.0,,4.4,0.0,2.2,0.0,1.1,5.5,18.8,,112.2,110.6
8,4,13,55,12.2,.607,.607,.357,.000,12,0.0,8.7,4.2,0.0,2.2,0.0,6.7,14.3,,0.1,0.0,0.1,.069,,-2.9,-3.8,-6.7
9,0,17,183,22,79,.278,18,57,.316,4,22,.182,19,25,.760,10,28,38,8,6,1,15,12,67
9,1,17,10.8,1.3,4.6,.278,1.1,3.4,.316,0.2,1.3,.182,1.1,1.5,.760,2.2,0.5,0.4,0.1,0.9,0.7,3.9
9,2,17,183,4.8,17.3,.278,3.9,12.5,.316,0.9,4.8,.182,4.2,5.5,.760,8.3,1.7,1.3,0.2,3.3,2.6,14.6
9,3,17,183,7.3,26.3,.278,6.0,19.0,.316,1.3,7.3,.182,6.3,8.3,.760,12.6,2.7,2.0,0.3,5.0,4.0,22.3,,77.8,106.7
9,4,17,183,8.7,.369,.304,.278,.316,66,6.1,18.2,11.9,9.9,2.0,0.6,14.2,30.2,,-0.3,0.1,-0.1,-.033,,-8.0,-3.1,-11.1
10,0,1,4,0,1,.000,0,1,.000,0,0,,0,0,,0,0,0,1,0,0,0,1,0
10,1,1,4.0,0.0,1.0,.000,0.0,1.0,.000,0.0,0.0,,0.0,0.0,,0.0,1.0,0.0,0.0,0.0,1.0,0.0
10,2,1,4,0.0,10.0,.000,0.0,10.0,.000,0.0,0.0,,0.0,0.0,,0.0,10.0,0.0,0.0,0.0,10.0,0.0
10,3,1,4,0.0,15.2,.000,0.0,15.2,.000,0.0,0.0,,0.0,0.0,,0.0,15.2,0.0,0.0,0.0,15.2,0.0,,54.9,118.7
10,4,1,4,-4.9,.000,.000,.000,.000,0,0.0,0.0,0.0,44.4,0.0,0.0,0.0,13.1,,0.0,0.0,0.0,-.107,,-13.9,-12.5,-26.4
11,0,30,1056,114,337,.338,63,169,.373,51,168,.304,115,149,.772,18,68,86,155,40,1,63,74,394
11,1,30,35.2,3.8,11.2,.338,2.1,5.6,.373,1.7,5.6,.304,3.8,5.0,.772,2.9,5.2,1.3,0.0,2.1,2.5,13.1
11,2,30,1056,4.3,12.8,.338,2.4,6.4,.373,1.9,6.4,.304,4.4,5.6,.772,3.3,5.9,1.5,0.0,2.4,2.8,14.9
11,3,30,1056,6.6,19.4,.338,3.6,9.7,.373,2.9,9.7,.304,6.6,8.6,.772,5.0,8.9,2.3,0.1,3.6,4.3,22.7,,105.5,110.9
11,4,30,1056,16.3,.483,.414,.499,.442,424,1.9,7.7,4.7,32.3,2.3,0.1,13.4,23.3,,2.0,0.4,2.3,.089,,1.9,-2.5,-0.7
12,0,30,471,50,99,.505,50,99,.505,0,0,,17,32,.531,35,52,87,10,6,8,22,73,117
12,1,30,15.7,1.7,3.3,.505,1.7,3.3,.505,0.0,0.0,,0.6,1.1,.531,2.9,0.3,0.2,0.3,0.7,2.4,3.9
12,2,30,471,4.2,8.4,.505,4.2,8.4,.505,0.0,0.0,,1.4,2.7,.531,7.4,0.8,0.5,0.7,1.9,6.2,9.9
12,3,30,471,6.5,12.8,.505,6.5,12.8,.505,0.0,0.0,,2.2,4.1,.531,11.2,1.3,0.8,1.0,2.8,9.4,15.1,,99.5,110.6
12,4,30,471,10.1,.512,.505,.000,.323,115,8.3,13.2,10.6,4.6,0.8,1.9,16.2,15.1,,0.4,0.2,0.5,.045,,-4.3,-1.1,-5.4
13,0,18,58,4,9,.444,4,9,.444,0,0,,2,2,1.000,5,8,13,1,0,1,1,7,10
13,1,18,3.2,0.2,0.5,.444,0.2,0.5,.444,0.0,0.0,,0.1,0.1,1.000,0.7,0.1,0.0,0.1,0.1,0.4,0.6
13,2,18,58,2.8,6.2,.444,2.8,6.2,.444,0.0,0.0,,1.4,1.4,1.000,9.0,0.7,0.0,0.7,0.7,4.8,6.9
13,3,18,58,4.2,9.4,.444,4.2,9.4,.444,0.0,0.0,,2.1,2.1,1.000,13.6,1.0,0.0,1.0,1.0,7.3,10.5,,116.4,111.1
13,4,18,58,10.2,.503,.444,.000,.222,11,9.6,16.4,12.9,3.5,0.0,1.9,9.1,9.9,,0.1,0.0,0.1,.067,,-4.4,-1.8,-6.2
14,0,13,90,12,31,.387,6,12,.500,6,19,.316,6,8,.750,2,11,13,5,2,2,6,11,36
14,1,13,6.9,0.9,2.4,.387,0.5,0.9,.500,0.5,1.5,.316,0.5,0.6,.750,1.0,0.4,0.2,0.2,0.5,0.8,2.8
14,2,13,90,5.3,13.8,.387,2.7,5.3,.500,2.7,8.4,.316,2.7,3.6,.750,5.8,2.2,0.9,0.9,2.7,4.9,16.0
14,3,13,90,8.1,21.0,.387,4.1,8.1,.500,4.1,12.8,.316,4.1,5.4,.750,8.8,3.4,1.4,1.4,4.1,7.4,24.3,,98.5,108.6
14,4,13,90,14.0,.517,.484,.613,.258,32,2.5,14.6,8.3,12.9,1.4,2.5,14.7,23.7,,0.1,0.1,0.1,.064,,-1.4,-2.3,-3.7
