0,0,21,247,18,51,.353,18,51,.353,0,0,,12,25,.480,12,29,41,3,2,0,14,24,48
0,1,21,11.8,0.9,2.4,.353,0.9,2.4,.353,0.0,0.0,,0.6,1.2,.480,2.0,0.1,0.1,0.0,0.7,1.1,2.3
0,2,21,247,2.9,8.3,.353,2.9,8.3,.353,0.0,0.0,,1.9,4.0,.480,6.6,0.5,0.3,0.0,2.3,3.9,7.8
0,3,21,247,4.3,12.2,.353,4.3,12.2,.353,0.0,0.0,,2.9,6.0,.480,9.8,0.7,0.5,0.0,3.3,5.7,11.4,,75.3,106.4
0,4,21,247,3.6,.382,.353,.000,.490,47,5.0,13.6,9.1,2.6,0.5,0.0,18.2,15.4,,-0.2,0.2,-0.1,-.010,,-8.5,-2.3,-10.8
1,0,26,562,51,90,.567,51,90,.567,0,0,,18,59,.305,49,72,121,7,10,49,19,59,120
1,1,26,21.6,2.0,3.5,.567,2.0,3.5,.567,0.0,0.0,,0.7,2.3,.305,4.7,0.3,0.4,1.9,0.7,2.3,4.6
1,2,26,562,3.6,6.4,.567,3.6,6.4,.567,0.0,0.0,,1.3,4.2,.305,8.6,0.5,0.7,3.5,1.4,4.2,8.5
1,3,26,562,5.3,9.4,.567,5.3,9.4,.567,0.0,0.0,,1.9,6.2,.305,12.7,0.7,1.0,5.1,2.0,6.2,12.6,,101.2,100.0
1,4,26,562,14.3,.508,.567,.000,.656,118,9.0,14.8,11.8,2.8,1.0,9.0,13.9,12.0,,0.4,0.8,1.2,.084,,-3.9,4.2,0.3
2,0,29,952,71,234,.303,29,103,.282,42,131,.321,83,114,.728,19,78,97,107,30,1,66,55,267
2,1,29,32.8,2.4,8.1,.303,1.0,3.6,.282,1.4,4.5,.321,2.9,3.9,.728,3.3,3.7,1.0,0.0,2.3,1.9,9.2
2,2,29,952,3.0,9.8,.303,1.2,4.3,.282,1.8,5.5,.321,3.5,4.8,.728,4.1,4.5,1.3,0.0,2.8,2.3,11.2
2,3,29,952,4.4,14.5,.303,1.8,6.4,.282,2.6,8.1,.321,5.1,7.0,.728,6.0,6.6,1.9,0.1,4.1,3.4,16.5,,96.0,105.3
2,4,29,952,11.2,.463,.393,.560,.487,285,2.1,9.5,5.6,24.2,1.9,0.1,18.6,18.4,,0.6,0.8,1.4,.060,,-0.7,-1.2,-1.8
3,0,29,907,101,239,.423,101,239,.423,0,0,,107,134,.799,102,160,262,35,20,14,86,97,309
3,1,29,31.3,3.5,8.2,.423,3.5,8.2,.423,0.0,0.0,,3.7,4.6,.799,9.0,1.2,0.7,0.5,3.0,3.3,10.7
3,2,29,907,4.5,10.5,.423,4.5,10.5,.423,0.0,0.0,,4.7,5.9,.799,11.6,1.5,0.9,0.6,3.8,4.3,13.6
3,3,29,907,6.6,15.5,.423,6.6,15.5,.423,0.0,0.0,,6.9,8.7,.799,17.0,2.3,1.3,0.9,5.6,6.3,20.1,,96.2,100.8
3,4,29,907,15.2,.510,.423,.000,.561,319,11.7,20.4,15.8,9.0,1.3,1.6,22.1,21.2,,0.7,1.1,1.9,.083,,-2.8,0.7,-2.1
4,0,25,512,60,170,.353,38,94,.404,22,76,.289,30,42,.714,23,35,58,22,18,5,34,39,172
4,1,25,20.5,2.4,6.8,.353,1.5,3.8,.404,0.9,3.0,.289,1.2,1.7,.714,2.3,0.9,0.7,0.2,1.4,1.6,6.9
4,2,25,512,4.7,13.3,.353,3.0,7.3,.404,1.7,5.9,.289,2.3,3.3,.714,4.5,1.7,1.4,0.4,2.7,3.0,13.4
4,3,25,512,6.9,19.5,.353,4.4,10.8,.404,2.5,8.7,.289,3.4,4.8,.714,6.7,2.5,2.1,0.6,3.9,4.5,19.8,,91.1,104.9
4,4,25,512,10.7,.453,.418,.447,.247,161,4.7,7.9,6.2,10.2,2.1,1.0,15.2,21.6,,0.1,0.4,0.6,.045,,-2.2,-1.2,-3.5
5,0,13,76,12,36,.333,1,2,.500,11,34,.324,1,2,.500,1,7,8,3,2,0,4,3,36
5,1,13,5.8,0.9,2.8,.333,0.1,0.2,.500,0.8,2.6,.324,0.1,0.2,.500,0.6,0.2,0.2,0.0,0.3,0.2,2.8
5,2,13,76,6.3,18.9,.333,0.5,1.1,.500,5.8,17.9,.324,0.5,1.1,.500,4.2,1.6,1.1,0.0,2.1,1.6,18.9
5,3,13,76,9.3,27.9,.333,0.8,1.5,.500,8.5,26.3,.324,0.8,1.5,.500,6.2,2.3,1.5,0.0,3.1,2.3,27.9,,98.8,105.6
5,4,13,76,14.1,.487,.486,.944,.056,30,1.4,10.7,5.8,10.3,1.5,0.0,9.8,26.6,,0.1,0.1,0.2,.079,,1.9,-5.1,-3.2
6,0,24,292,31,74,.419,30,65,.462,1,9,.111,11,16,.688,19,28,47,20,8,4,10,26,74
6,1,24,12.2,1.3,3.1,.419,1.3,2.7,.462,0.0,0.4,.111,0.5,0.7,.688,2.0,0.8,0.3,0.2,0.4,1.1,3.1
6,2,24,292,4.2,10.1,.419,4.1,8.9,.462,0.1,1.2,.111,1.5,2.2,.688,6.4,2.7,1.1,0.5,1.4,3.6,10.1
6,3,24,292,6.2,14.9,.419,6.0,13.1,.462,0.2,1.8,.111,2.2,3.2,.688,9.5,4.0,1.6,0.8,2.0,5.2,14.9,,102.4,104.3
6,4,24,292,12.8,.453,.426,.122,.216,78,6.7,11.1,8.8,15.8,1.6,1.4,10.9,15.5,,0.3,0.3,0.6,.079,,-2.3,-0.1,-2.4
7,0,27,485,42,130,.323,40,117,.342,2,13,.154,37,62,.597,20,35,55,41,15,4,35,49,123
7,1,27,18.0,1.6,4.8,.323,1.5,4.3,.342,0.1,0.5,.154,1.4,2.3,.597,2.0,1.5,0.6,0.1,1.3,1.8,4.6
7,2,27,485,3.5,10.7,.323,3.3,9.6,.342,0.2,1.1,.154,3.1,5.1,.597,4.5,3.4,1.2,0.3,2.9,4.0,10.1
7,3,27,485,5.1,15.8,.323,4.9,14.2,.342,0.2,1.6,.154,4.5,7.5,.597,6.7,5.0,1.8,0.5,4.2,5.9,14.9,,82.1,105.3
7,4,27,485,7.4,.386,.331,.100,.477,133,4.3,8.4,6.2,18.6,1.8,0.8,18.0,19.8,,-0.3,0.4,0.1,.008,,-5.5,-0.8,-6.3
8,0,14,474,109,262,.416,75,158,.475,34,104,.327,37,56,.661,13,64,77,36,34,2,39,25,289
8,1,14,33.9,7.8,18.7,.416,5.4,11.3,.475,2.4,7.4,.327,2.6,4.0,.661,5.5,2.6,2.4,0.1,2.8,1.8,20.6
8,2,14,474,9.2,22.1,.416,6.3,13.3,.475,2.9,8.8,.327,3.1,4.7,.661,6.5,3.0,2.9,0.2,3.3,2.1,24.4
8,3,14,474,13.5,32.5,.416,9.3,19.6,.475,4.2,12.9,.327,4.6,7.0,.661,9.6,4.5,4.2,0.2,4.8,3.1,35.9,,99.9,97.2
8,4,14,474,23.7,.501,.481,.397,.214,252,2.8,15.6,8.9,24.5,4.2,0.4,11.9,34.2,,0.8,0.8,1.6,.134,,4.9,0.5,5.4
9,0,21,207,19,43,.442,12,24,.500,7,19,.368,0,0,,2,11,13,20,7,3,15,28,45
9,1,21,9.9,0.9,2.0,.442,0.6,1.1,.500,0.3,0.9,.368,0.0,0.0,,0.6,1.0,0.3,0.1,0.7,1.3,2.1
9,2,21,207,3.7,8.3,.442,2.3,4.6,.500,1.4,3.7,.368,0.0,0.0,,2.5,3.9,1.4,0.6,2.9,5.4,8.7
9,3,21,207,5.4,12.2,.442,3.4,6.8,.500,2.0,5.4,.368,0.0,0.0,,3.7,5.7,2.0,0.9,4.3,8.0,12.8,,91.9,105.4
9,4,21,207,8.0,.523,.523,.442,.000,46,1.0,6.2,3.4,21.6,2.0,1.5,25.9,13.8,,0.0,0.2,0.2,.042,,-3.9,-1.6,-5.4
10,0,26,503,71,201,.353,47,113,.416,24,88,.273,29,46,.630,24,41,65,11,14,1,39,38,195
10,1,26,19.3,2.7,7.7,.353,1.8,4.3,.416,0.9,3.4,.273,1.1,1.8,.630,2.5,0.4,0.5,0.0,1.5,1.5,7.5
10,2,26,503,5.6,16.0,.353,3.7,9.0,.416,1.9,7.0,.273,2.3,3.7,.630,5.2,0.9,1.1,0.1,3.1,3.0,15.5
10,3,26,503,8.3,23.5,.353,5.5,13.2,.416,2.8,10.3,.273,3.4,5.4,.630,7.6,1.3,1.6,0.1,4.6,4.4,22.8,,85.8,105.7
10,4,26,503,9.4,.438,.413,.438,.229,174,4.9,9.4,7.1,5.5,1.6,0.2,14.9,25.7,,-0.2,0.4,0.2,.019,,-3.8,-3.3,-7.1
11,0,28,435,28,96,.292,28,96,.292,0,0,,24,35,.686,32,47,79,9,10,8,28,50,80
11,1,28,15.5,1.0,3.4,.292,1.0,3.4,.292,0.0,0.0,,0.9,1.3,.686,2.8,0.3,0.4,0.3,1.0,1.8,2.9
11,2,28,435,2.6,8.8,.292,2.6,8.8,.292,0.0,0.0,,2.2,3.2,.686,7.3,0.8,0.9,0.7,2.6,4.6,7.4
11,3,28,435,3.8,13.0,.292,3.8,13.0,.292,0.0,0.0,,3.2,4.7,.686,10.7,1.2,1.4,1.1,3.8,6.8,10.8,,74.4,103.9
11,4,28,435,4.8,.355,.292,.000,.365,86,7.6,12.5,9.9,4.4,1.4,1.9,19.9,16.0,,-0.5,0.4,-0.1,-.005,,-7.9,0.1,-7.7
12,0,17,58,4,9,.444,4,9,.444,0,0,,4,7,.571,5,8,13,0,3,2,3,6,12
12,1,17,3.4,0.2,0.5,.444,0.2,0.5,.444,0.0,0.0,,0.2,0.4,.571,0.8,0.0,0.2,0.1,0.2,0.4,0.7
12,2,17,58,2.8,6.2,.444,2.8,6.2,.444,0.0,0.0,,2.8,4.8,.571,9.0,0.0,2.1,1.4,2.1,4.1,8.3
12,3,17,58,4.1,9.1,.444,4.1,9.1,.444,0.0,0.0,,4.1,7.1,.571,13.2,0.0,3.0,2.0,3.0,6.1,12.2,,93.3,97.8
12,4,17,58,12.2,.487,.444,.000,.778,12,8.9,16.0,12.3,0.0,3.0,3.6,19.6,13.1,,0.0,0.1,0.1,.074,,-6.7,-0.3,-7.1
13,0,18,115,12,34,.353,8,18,.444,4,16,.250,4,7,.571,8,17,25,3,2,3,9,15,32
13,1,18,6.4,0.7,1.9,.353,0.4,1.0,.444,0.2,0.9,.250,0.2,0.4,.571,1.4,0.2,0.1,0.2,0.5,0.8,1.8
13,2,18,115,4.2,11.8,.353,2.8,6.3,.444,1.4,5.6,.250,1.4,2.4,.571,8.7,1.0,0.7,1.0,3.1,5.2,11.1
13,3,18,115,6.1,17.4,.353,4.1,9.2,.444,2.0,8.2,.250,2.0,3.6,.571,12.8,1.5,1.0,1.5,4.6,7.7,16.4,,82.3,102.2
13,4,18,115,8.2,.429,.412,.471,.206,31,7.2,17.1,11.9,6.0,1.0,2.7,19.4,19.9,,-0.1,0.1,0.1,.021,,-5.6,-1.2,-6.7
