0,0,2,36,2,4,.500,2,4,.500,0,0,,1,2,.500,3,8,11,0,0,2,2,9,5
0,1,2,18.0,1.0,2.0,.500,1.0,2.0,.500,0.0,0.0,,0.5,1.0,.500,5.5,0.0,0.0,1.0,1.0,4.5,2.5
0,2,2,36,2.2,4.4,.500,2.2,4.4,.500,0.0,0.0,,1.1,2.2,.500,12.2,0.0,0.0,2.2,2.2,10.0,5.6
0,3,2,36,3.6,7.3,.500,3.6,7.3,.500,0.0,0.0,,1.8,3.6,.500,19.9,0.0,0.0,3.6,3.6,16.3,9.1,,89.1,103.4
0,4,2,36,7.4,.505,.500,.000,.500,6,10.3,28.6,19.2,0.0,0.0,6.7,28.8,11.0,,0.0,0.0,0.0,.045,,-7.8,-1.1,-8.9
1,0,32,1079,161,365,.441,68,150,.453,93,215,.433,94,109,.862,12,80,92,81,34,4,47,58,509
1,1,32,33.7,5.0,11.4,.441,2.1,4.7,.453,2.9,6.7,.433,2.9,3.4,.862,2.9,2.5,1.1,0.1,1.5,1.8,15.9
1,2,32,1079,6.0,13.5,.441,2.5,5.6,.453,3.4,8.0,.433,3.5,4.0,.862,3.4,3.0,1.3,0.1,1.7,2.2,18.9
1,3,32,1079,9.7,22.1,.441,4.1,9.1,.453,5.6,13.0,.433,5.7,6.6,.862,5.6,4.9,2.1,0.2,2.8,3.5,30.8,,122.0,111.3
1,4,32,1079,22.6,.611,.568,.589,.299,459,1.4,9.5,5.4,18.6,2.1,0.4,10.1,24.4,,3.8,0.4,4.3,.158,,7.4,-1.9,5.5
2,0,32,1045,163,434,.376,113,257,.440,50,177,.282,131,153,.856,12,106,118,124,28,0,68,84,507
2,1,32,32.7,5.1,13.6,.376,3.5,8.0,.440,1.6,5.5,.282,4.1,4.8,.856,3.7,3.9,0.9,0.0,2.1,2.6,15.8
2,2,32,1045,6.2,16.6,.376,4.3,9.8,.440,1.9,6.8,.282,5.0,5.9,.856,4.5,4.7,1.1,0.0,2.6,3.2,19.4
2,3,32,1045,10.2,27.1,.376,7.1,16.0,.440,3.1,11.1,.282,8.2,9.6,.856,7.4,7.7,1.7,0.0,4.2,5.2,31.7,,105.6,110.5
2,4,32,1045,19.6,.500,.433,.408,.353,507,1.4,13.0,7.1,29.9,1.7,0.0,11.8,31.3,,2.4,0.5,2.9,.111,,3.5,-2.0,1.5
3,0,20,130,9,26,.346,8,18,.444,1,8,.125,8,14,.571,0,10,10,5,1,0,18,3,27
3,1,20,6.5,0.5,1.3,.346,0.4,0.9,.444,0.1,0.4,.125,0.4,0.7,.571,0.5,0.3,0.1,0.0,0.9,0.2,1.4
3,2,20,130,2.8,8.0,.346,2.5,5.5,.444,0.3,2.5,.125,2.5,4.3,.571,3.1,1.5,0.3,0.0,5.5,0.9,8.3
3,3,20,130,4.5,13.1,.346,4.0,9.0,.444,0.5,4.0,.125,4.0,7.0,.571,5.0,2.5,0.5,0.0,9.0,1.5,13.6,,58.8,115.0
3,4,20,130,-1.3,.413,.365,.308,.538,26,0.0,9.9,4.8,7.9,0.5,0.0,35.5,22.1,,-0.4,0.0,-0.4,-.130,,-10.8,-3.0,-13.8
4,0,22,230,20,38,.526,12,20,.600,8,18,.444,9,11,.818,6,14,20,4,7,1,12,22,57
4,1,22,10.5,0.9,1.7,.526,0.5,0.9,.600,0.4,0.8,.444,0.4,0.5,.818,0.9,0.2,0.3,0.0,0.5,1.0,2.6
4,2,22,230,3.5,6.6,.526,2.1,3.5,.600,1.4,3.1,.444,1.6,1.9,.818,3.5,0.7,1.2,0.2,2.1,3.8,9.9
4,3,22,230,5.7,10.8,.526,3.4,5.7,.600,2.3,5.1,.444,2.6,3.1,.818,5.7,1.1,2.0,0.3,3.4,6.2,16.2,,107.8,111.9
4,4,22,230,10.9,.659,.632,.474,.289,49,3.2,7.8,5.5,3.7,2.0,0.5,21.7,13.6,,0.3,0.1,0.3,.059,,-0.4,-1.1,-1.5
5,0,32,729,80,195,.410,52,106,.491,28,89,.315,30,42,.714,41,86,127,18,7,10,40,65,218
5,1,32,22.8,2.5,6.1,.410,1.6,3.3,.491,0.9,2.8,.315,0.9,1.3,.714,4.0,0.6,0.2,0.3,1.3,2.0,6.8
5,2,32,729,4.4,10.7,.410,2.9,5.8,.491,1.5,4.9,.315,1.6,2.3,.714,7.0,1.0,0.4,0.5,2.2,3.6,12.0
5,3,32,729,7.2,17.5,.410,4.7,9.5,.491,2.5,8.0,.315,2.7,3.8,.714,11.4,1.6,0.6,0.9,3.6,5.8,19.5,,97.7,111.3
5,4,32,729,11.7,.507,.482,.456,.215,208,6.9,15.2,11.0,5.6,0.6,1.7,15.7,19.9,,0.5,0.3,0.8,.046,,-1.3,-1.7,-3.0
6,0,32,1017,102,263,.388,68,172,.395,34,91,.374,39,51,.765,20,71,91,59,37,3,38,62,277
6,1,32,31.8,3.2,8.2,.388,2.1,5.4,.395,1.1,2.8,.374,1.2,1.6,.765,2.8,1.8,1.2,0.1,1.2,1.9,8.7
6,2,32,1017,4.0,10.3,.388,2.7,6.8,.395,1.3,3.6,.374,1.5,2.0,.765,3.6,2.3,1.5,0.1,1.5,2.4,10.9
6,3,32,1017,6.5,16.9,.388,4.4,11.0,.395,2.2,5.8,.374,2.5,3.3,.765,5.8,3.8,2.4,0.2,2.4,4.0,17.8,,100.3,110.8
6,4,32,1017,12.1,.482,.452,.346,.194,271,2.4,9.0,5.6,12.8,2.4,0.4,11.7,18.2,,0.9,0.5,1.4,.053,,-0.3,-0.2,-0.5
7,0,32,673,64,121,.529,63,112,.563,1,9,.111,36,66,.545,71,75,146,11,16,21,31,112,165
7,1,32,21.0,2.0,3.8,.529,2.0,3.5,.563,0.0,0.3,.111,1.1,2.1,.545,4.6,0.3,0.5,0.7,1.0,3.5,5.2
7,2,32,673,3.8,7.2,.529,3.7,6.7,.563,0.1,0.5,.111,2.1,3.9,.545,8.7,0.7,1.0,1.2,1.8,6.7,9.8
7,3,32,673,6.2,11.7,.529,6.1,10.9,.563,0.1,0.9,.111,3.5,6.4,.545,14.2,1.1,1.6,2.0,3.0,10.9,16.0,,108.3,108.1
7,4,32,673,14.0,.542,.533,.074,.545,179,13.0,14.3,13.7,3.6,1.6,3.8,16.9,15.5,,1.0,0.5,1.4,.086,,-0.8,1.1,0.3
8,0,23,267,27,56,.482,27,56,.482,0,0,,10,25,.400,27,52,79,4,9,7,13,53,64
8,1,23,11.6,1.2,2.4,.482,1.2,2.4,.482,0.0,0.0,,0.4,1.1,.400,3.4,0.2,0.4,0.3,0.6,2.3,2.8
8,2,23,267,4.0,8.4,.482,4.0,8.4,.482,0.0,0.0,,1.5,3.7,.400,11.8,0.6,1.3,1.0,1.9,7.9,9.6
8,3,23,267,6.6,13.7,.482,6.6,13.7,.482,0.0,0.0,,2.4,6.1,.400,19.3,1.0,2.2,1.7,3.2,13.0,15.6,,96.4,102.1
8,4,23,267,13.2,.471,.482,.000,.446,69,12.5,25.1,18.6,3.3,2.2,3.2,16.1,17.2,,0.1,0.3,0.5,.074,,-4.1,0.6,-3.5
9,0,3,10,1,5,.200,0,1,.000,1,4,.250,2,2,1.000,1,2,3,1,4,0,0,1,5
9,1,3,3.3,0.3,1.7,.200,0.0,0.3,.000,0.3,1.3,.250,0.7,0.7,1.000,1.0,0.3,1.3,0.0,0.0,0.3,1.7
9,2,3,10,4.0,20.0,.200,0.0,4.0,.000,4.0,16.0,.250,8.0,8.0,1.000,12.0,4.0,16.0,0.0,0.0,4.0,20.0
9,3,3,10,6.5,32.6,.200,0.0,6.5,.000,6.5,26.1,.250,13.1,13.1,1.000,19.6,6.5,26.1,0.0,0.0,6.5,32.6,,113.3,50.5
9,4,3,10,50.0,.420,.300,.800,.400,5,12.3,25.7,18.9,22.1,26.1,0.0,0.0,33.8,,0.0,0.1,0.1,.393,,16.5,18.9,35.4
10,0,32,633,51,88,.580,50,85,.588,1,3,.333,4,13,.308,48,71,119,35,26,8,23,84,107
10,1,32,19.8,1.6,2.8,.580,1.6,2.7,.588,0.0,0.1,.333,0.1,0.4,.308,3.7,1.1,0.8,0.3,0.7,2.6,3.3
10,2,32,633,3.2,5.6,.580,3.2,5.4,.588,0.1,0.2,.333,0.3,0.8,.308,7.5,2.2,1.6,0.5,1.5,5.3,6.8
10,3,32,633,5.3,9.1,.580,5.2,8.8,.588,0.1,0.3,.333,0.4,1.3,.308,12.3,3.6,2.7,0.8,2.4,8.7,11.0,,114.1,106.8
10,4,32,633,13.4,.568,.585,.034,.148,129,9.4,14.4,11.8,11.7,2.7,1.5,19.6,10.5,,0.9,0.5,1.4,.089,,0.4,2.6,3.0
11,0,29,286,15,44,.341,11,25,.440,4,19,.211,10,18,.556,12,31,43,21,7,1,19,24,44
11,1,29,9.9,0.5,1.5,.341,0.4,0.9,.440,0.1,0.7,.211,0.3,0.6,.556,1.5,0.7,0.2,0.0,0.7,0.8,1.5
11,2,29,286,2.1,6.2,.341,1.5,3.5,.440,0.6,2.7,.211,1.4,2.5,.556,6.0,2.9,1.0,0.1,2.7,3.4,6.2
11,3,29,286,3.4,10.0,.341,2.5,5.7,.440,0.9,4.3,.211,2.3,4.1,.556,9.8,4.8,1.6,0.2,4.3,5.5,10.0,,83.6,110.2
11,4,29,286,6.7,.419,.386,.432,.409,55,5.2,13.9,9.5,14.7,1.6,0.4,26.6,14.2,,-0.1,0.1,0.0,.002,,-3.8,-0.2,-4.0
12,0,7,18,1,2,.500,1,2,.500,0,0,,4,8,.500,1,3,4,0,0,0,0,3,6
12,1,7,2.6,0.1,0.3,.500,0.1,0.3,.500,0.0,0.0,,0.6,1.1,.500,0.6,0.0,0.0,0.0,0.0,0.4,0.9
12,2,7,18,2.2,4.4,.500,2.2,4.4,.500,0.0,0.0,,8.9,17.8,.500,8.9,0.0,0.0,0.0,0.0,6.7,13.3
12,3,7,18,3.6,7.3,.500,3.6,7.3,.500,0.0,0.0,,14.5,29.0,.500,14.5,0.0,0.0,0.0,0.0,10.9,21.8,,122.6,110.2
12,4,7,18,14.7,.517,.500,.000,4.000,6,6.9,21.4,14.0,0.0,0.0,0.0,0.0,18.3,,0.0,0.0,0.1,.130,,-3.8,-7.4,-11.2
13,0,30,272,15,34,.441,14,31,.452,1,3,.333,5,6,.833,2,21,23,16,4,2,15,19,36
13,1,30,9.1,0.5,1.1,.441,0.5,1.0,.452,0.0,0.1,.333,0.2,0.2,.833,0.8,0.5,0.1,0.1,0.5,0.6,1.2
13,2,30,272,2.2,5.0,.441,2.1,4.6,.452,0.1,0.4,.333,0.7,0.9,.833,3.4,2.4,0.6,0.3,2.2,2.8,5.3
13,3,30,272,3.6,8.2,.441,3.4,7.4,.452,0.2,0.7,.333,1.2,1.4,.833,5.5,3.8,1.0,0.5,3.6,4.6,8.6,,84.0,113.3
13,4,30,272,5.1,.488,.456,.088,.176,39,0.9,9.9,5.3,11.8,1.0,0.9,28.9,10.8,,-0.1,0.1,0.0,-.004,,-5.0,-0.5,-5.6
