0,0,28,251,13,21,.619,13,21,.619,0,0,,5,6,.833,25,36,61,5,11,4,10,61,31
0,1,28,9.0,0.5,0.8,.619,0.5,0.8,.619,0.0,0.0,,0.2,0.2,.833,2.2,0.2,0.4,0.1,0.4,2.2,1.1
0,2,28,251,2.1,3.3,.619,2.1,3.3,.619,0.0,0.0,,0.8,1.0,.833,9.7,0.8,1.8,0.6,1.6,9.7,4.9
0,3,28,251,3.1,5.0,.619,3.1,5.0,.619,0.0,0.0,,1.2,1.4,.833,14.5,1.2,2.6,0.9,2.4,14.5,7.4,,116.5,107.2
0,4,28,251,9.7,.650,.619,.000,.286,40,10.7,17.9,14.0,3.7,2.6,1.7,29.5,6.9,,0.3,0.2,0.5,.072,,-1.1,0.6,-0.5
1,0,30,471,37,72,.514,37,72,.514,0,0,,20,35,.571,69,90,159,5,8,24,18,88,94
1,1,30,15.7,1.2,2.4,.514,1.2,2.4,.514,0.0,0.0,,0.7,1.2,.571,5.3,0.2,0.3,0.8,0.6,2.9,3.1
1,2,30,471,3.1,6.1,.514,3.1,6.1,.514,0.0,0.0,,1.7,3.0,.571,13.5,0.4,0.7,2.0,1.5,7.5,8.0
1,3,30,471,4.7,9.1,.514,4.7,9.1,.514,0.0,0.0,,2.5,4.4,.571,20.1,0.6,1.0,3.0,2.3,11.1,11.9,,114.1,106.8
1,4,30,471,14.8,.530,.514,.000,.486,115,15.8,23.8,19.5,2.1,1.0,5.4,16.9,11.5,,0.7,0.3,1.1,.092,,-1.8,0.0,-1.8
2,0,7,19,2,7,.286,1,2,.500,1,5,.200,0,1,.000,0,2,2,3,0,0,5,0,5
2,1,7,2.7,0.3,1.0,.286,0.1,0.3,.500,0.1,0.7,.200,0.0,0.1,.000,0.3,0.4,0.0,0.0,0.7,0.0,0.7
2,2,7,19,4.2,14.7,.286,2.1,4.2,.500,2.1,10.5,.200,0.0,2.1,.000,4.2,6.3,0.0,0.0,10.5,0.0,10.5
2,3,7,19,6.3,21.9,.286,3.1,6.3,.500,3.1,15.7,.200,0.0,3.1,.000,6.3,9.4,0.0,0.0,15.7,0.0,15.7,,52.2,116.8
2,4,7,19,-6.1,.334,.357,.714,.143,6,0.0,13.1,6.1,32.4,0.0,0.0,40.1,33.4,,-0.1,0.0,-0.1,-.261,,-12.6,-6.5,-19.1
3,0,30,630,72,186,.387,40,102,.392,32,84,.381,35,43,.814,10,43,53,68,14,2,53,62,211
3,1,30,21.0,2.4,6.2,.387,1.3,3.4,.392,1.1,2.8,.381,1.2,1.4,.814,1.8,2.3,0.5,0.1,1.8,2.1,7.0
3,2,30,630,4.6,11.8,.387,2.5,6.5,.392,2.0,5.3,.381,2.2,2.7,.814,3.4,4.3,0.9,0.1,3.4,3.9,13.4
3,3,30,630,6.8,17.6,.387,3.8,9.6,.392,3.0,7.9,.381,3.3,4.1,.814,5.0,6.4,1.3,0.2,5.0,5.9,19.9,,97.0,115.0
3,4,30,630,11.3,.511,.473,.452,.231,214,1.7,8.5,4.9,22.6,1.3,0.3,20.4,21.0,,0.5,0.0,0.5,.030,,-0.4,-4.0,-4.4
4,0,26,155,6,36,.167,2,6,.333,4,30,.133,4,9,.444,3,7,10,12,3,1,8,10,20
4,1,26,6.0,0.2,1.4,.167,0.1,0.2,.333,0.2,1.2,.133,0.2,0.3,.444,0.4,0.5,0.1,0.0,0.3,0.4,0.8
4,2,26,155,1.5,9.3,.167,0.5,1.5,.333,1.0,7.7,.133,1.0,2.3,.444,2.6,3.1,0.8,0.3,2.1,2.6,5.2
4,3,26,155,2.3,13.8,.167,0.8,2.3,.333,1.5,11.5,.133,1.5,3.5,.444,3.8,4.6,1.2,0.4,3.1,3.8,7.7,,63.0,116.5
4,4,26,155,0.1,.248,.222,.833,.250,25,2.1,5.6,3.7,14.0,1.2,0.7,16.6,15.9,,-0.3,0.0,-0.3,-.087,,-5.4,-4.2,-9.6
5,0,30,830,104,245,.424,42,101,.416,62,144,.431,32,43,.744,38,67,105,30,25,7,25,85,302
5,1,30,27.7,3.5,8.2,.424,1.4,3.4,.416,2.1,4.8,.431,1.1,1.4,.744,3.5,1.0,0.8,0.2,0.8,2.8,10.1
5,2,30,830,5.0,11.8,.424,2.0,4.9,.416,3.0,6.9,.431,1.5,2.1,.744,5.1,1.4,1.2,0.3,1.2,4.1,14.6
5,3,30,830,7.5,17.6,.424,3.0,7.2,.416,4.4,10.3,.431,2.3,3.1,.744,7.5,2.2,1.8,0.5,1.8,6.1,21.7,,117.5,113.1
5,4,30,830,16.0,.569,.551,.588,.176,271,4.9,10.1,7.3,7.7,1.8,0.9,8.6,17.8,,1.9,0.1,2.0,.098,,3.8,-2.5,1.3
6,0,18,569,102,272,.375,38,106,.358,64,166,.386,52,75,.693,12,44,56,58,26,4,41,35,320
6,1,18,31.6,5.7,15.1,.375,2.1,5.9,.358,3.6,9.2,.386,2.9,4.2,.693,3.1,3.2,1.4,0.2,2.3,1.9,17.8
6,2,18,569,7.2,19.1,.375,2.7,7.5,.358,4.5,11.7,.386,3.7,5.3,.693,3.9,4.1,1.8,0.3,2.9,2.5,22.5
6,3,18,569,10.7,28.5,.375,4.0,11.1,.358,6.7,17.4,.386,5.4,7.8,.693,5.9,6.1,2.7,0.4,4.3,3.7,33.5,,105.8,111.5
6,4,18,569,21.4,.520,.493,.610,.276,295,2.3,9.6,5.7,24.7,2.7,0.8,11.8,31.2,,1.4,0.2,1.5,.108,,6.3,-3.4,2.9
7,0,28,238,18,32,.563,18,32,.563,0,0,,5,19,.263,9,31,40,3,2,20,3,42,41
7,1,28,8.5,0.6,1.1,.563,0.6,1.1,.563,0.0,0.0,,0.2,0.7,.263,1.4,0.1,0.1,0.7,0.1,1.5,1.5
7,2,28,238,3.0,5.4,.563,3.0,5.4,.563,0.0,0.0,,0.8,3.2,.263,6.7,0.5,0.3,3.4,0.5,7.1,6.9
7,3,28,238,4.5,8.0,.563,4.5,8.0,.563,0.0,0.0,,1.3,4.8,.263,10.0,0.8,0.5,5.0,0.8,10.5,10.3,,105.7,109.1
7,4,28,238,10.2,.500,.563,.000,.594,38,4.1,16.2,9.7,2.4,0.5,9.0,6.8,9.4,,0.2,0.1,0.3,.050,,-3.8,2.1,-1.8
8,0,30,747,115,209,.550,115,209,.550,0,0,,90,138,.652,83,105,188,4,20,18,55,84,320
8,1,30,24.9,3.8,7.0,.550,3.8,7.0,.550,0.0,0.0,,3.0,4.6,.652,6.3,0.1,0.7,0.6,1.8,2.8,10.7
8,2,30,747,6.2,11.2,.550,6.2,11.2,.550,0.0,0.0,,4.8,7.4,.652,10.1,0.2,1.1,1.0,2.9,4.5,17.1
8,3,30,747,9.2,16.7,.550,9.2,16.7,.550,0.0,0.0,,7.2,11.0,.652,15.0,0.3,1.6,1.4,4.4,6.7,25.5,,109.1,109.8
8,4,30,747,20.0,.583,.550,.000,.660,301,12.0,17.5,14.5,1.2,1.6,2.6,16.7,22.5,,1.6,0.3,2.0,.105,,-0.8,-3.3,-4.0
9,0,27,479,70,179,.391,53,121,.438,17,58,.293,11,14,.786,9,29,38,27,8,1,13,23,168
9,1,27,17.7,2.6,6.6,.391,2.0,4.5,.438,0.6,2.1,.293,0.4,0.5,.786,1.4,1.0,0.3,0.0,0.5,0.9,6.2
9,2,27,479,5.8,14.9,.391,4.4,10.1,.438,1.4,4.8,.293,0.9,1.2,.786,3.2,2.3,0.7,0.1,1.1,1.9,14.0
9,3,27,479,8.7,22.3,.391,6.6,15.0,.438,2.1,7.2,.293,1.4,1.7,.786,4.7,3.4,1.0,0.1,1.6,2.9,20.9,,99.0,116.4
9,4,27,479,11.8,.452,.439,.324,.078,154,2.0,7.5,4.6,12.6,1.0,0.2,6.5,21.1,,0.5,-0.1,0.4,.030,,-1.1,-4.7,-5.8
10,0,4,7,1,3,.333,0,2,.000,1,1,1.000,1,2,.500,0,1,1,0,0,0,0,0,4
10,1,4,1.8,0.3,0.8,.333,0.0,0.5,.000,0.3,0.3,1.000,0.3,0.5,.500,0.3,0.0,0.0,0.0,0.0,0.0,1.0
10,2,4,7,5.7,17.1,.333,0.0,11.4,.000,5.7,5.7,1.000,5.7,11.4,.500,5.7,0.0,0.0,0.0,0.0,0.0,22.9
10,3,4,7,8.5,25.5,.333,0.0,17.0,.000,8.5,8.5,1.000,8.5,17.0,.500,8.5,0.0,0.0,0.0,0.0,0.0,34.0,,111.3,115.0
10,4,4,7,19.1,.506,.500,.333,.667,3,0.0,17.8,8.3,0.0,0.0,0.0,0.0,28.7,,0.0,0.0,0.0,.104,,-2.2,-11.4,-13.6
11,0,27,634,57,140,.407,57,139,.410,0,1,.000,37,46,.804,32,81,113,11,8,7,29,70,151
11,1,27,23.5,2.1,5.2,.407,2.1,5.1,.410,0.0,0.0,.000,1.4,1.7,.804,4.2,0.4,0.3,0.3,1.1,2.6,5.6
11,2,27,634,3.6,8.8,.407,3.6,8.8,.410,0.0,0.1,.000,2.3,2.9,.804,7.1,0.7,0.5,0.4,1.8,4.4,9.5
11,3,27,634,5.4,13.2,.407,5.4,13.1,.410,0.0,0.1,.000,3.5,4.3,.804,10.6,1.0,0.8,0.7,2.7,6.6,14.2,,94.0,112.9
11,4,27,634,8.6,.466,.407,.007,.329,148,5.4,15.9,10.3,3.5,0.8,1.2,15.2,15.3,,0.2,0.1,0.3,.020,,-4.1,-2.2,-6.2
12,0,7,13,1,3,.333,0,1,.000,1,2,.500,0,0,,1,2,3,0,0,0,0,1,3
12,1,7,1.9,0.1,0.4,.333,0.0,0.1,.000,0.1,0.3,.500,0.0,0.0,,0.4,0.0,0.0,0.0,0.0,0.1,0.4
12,2,7,13,3.1,9.2,.333,0.0,3.1,.000,3.1,6.2,.500,0.0,0.0,,9.2,0.0,0.0,0.0,0.0,3.1,9.2
12,3,7,13,4.6,13.7,.333,0.0,4.6,.000,4.6,9.2,.500,0.0,0.0,,13.7,0.0,0.0,0.0,0.0,4.6,13.7,,121.0,114.1
12,4,7,13,11.1,.500,.500,.667,.000,3,8.3,19.2,13.3,0.0,0.0,0.0,0.0,11.8,,0.0,0.0,0.0,.069,,-1.8,-7.8,-9.6
13,0,1,1,0,0,,0,0,,0,0,,0,0,,0,0,0,0,0,0,0,0,0
13,1,1,1.0,0.0,0.0,,0.0,0.0,,0.0,0.0,,0.0,0.0,,0.0,0.0,0.0,0.0,0.0,0.0,0.0
13,2,1,1,0.0,0.0,,0.0,0.0,,0.0,0.0,,0.0,0.0,,0.0,0.0,0.0,0.0,0.0,0.0,0.0
13,3,1,1,0.0,0.0,,0.0,0.0,,0.0,0.0,,0.0,0.0,,0.0,0.0,0.0,0.0,0.0,0.0,0.0,,,121.8
13,4,1,1,0.0,,,,,0,0.0,0.0,0.0,0.0,0.0,0.0,,0.0,,0.0,0.0,0.0,-.028,,-5.0,-1.5,-6.5
14,0,30,1006,119,346,.344,62,180,.344,57,166,.343,120,151,.795,16,78,94,158,26,10,84,64,415
14,1,30,33.5,4.0,11.5,.344,2.1,6.0,.344,1.9,5.5,.343,4.0,5.0,.795,3.1,5.3,0.9,0.3,2.8,2.1,13.8
14,2,30,1006,4.7,13.8,.344,2.5,7.2,.344,2.3,6.6,.343,4.8,6.0,.795,3.7,6.3,1.0,0.4,3.3,2.5,16.5
14,3,30,1006,7.0,20.5,.344,3.7,10.7,.344,3.4,9.8,.343,7.1,8.9,.795,5.6,9.4,1.5,0.6,5.0,3.8,24.6,,103.8,113.9
14,4,30,1006,16.7,.497,.426,.480,.436,448,1.7,9.7,5.4,33.1,1.5,1.1,16.7,25.4,,1.9,0.1,1.9,.076,,2.7,-3.4,-0.7
