0,0,33,553,38,84,.452,38,83,.458,0,1,.000,23,45,.511,62,104,166,5,16,30,20,94,99
0,1,33,16.8,1.2,2.5,.452,1.2,2.5,.458,0.0,0.0,.000,0.7,1.4,.511,5.0,0.2,0.5,0.9,0.6,2.8,3.0
0,2,33,553,2.7,6.1,.452,2.7,6.0,.458,0.0,0.1,.000,1.7,3.3,.511,12.0,0.4,1.2,2.2,1.4,6.8,7.2
0,3,33,553,4.2,9.3,.452,4.2,9.2,.458,0.0,0.1,.000,2.5,5.0,.511,18.3,0.6,1.8,3.3,2.2,10.4,10.9,,104.4,102.6
0,4,33,553,12.7,.470,.452,.012,.536,122,12.7,23.4,17.8,1.7,1.8,5.5,16.0,11.9,,0.4,0.8,1.2,.089,,-3.7,2.3,-1.4
1,0,33,692,91,157,.580,91,157,.580,0,0,,68,127,.535,69,113,182,14,24,28,35,65,250
1,1,33,21.0,2.8,4.8,.580,2.8,4.8,.580,0.0,0.0,,2.1,3.8,.535,5.5,0.4,0.7,0.8,1.1,2.0,7.6
1,2,33,692,5.3,9.1,.580,5.3,9.1,.580,0.0,0.0,,3.9,7.3,.535,10.5,0.8,1.4,1.6,2.0,3.8,14.5
1,3,33,692,8.0,13.8,.580,8.0,13.8,.580,0.0,0.0,,6.0,11.2,.535,16.0,1.2,2.1,2.5,3.1,5.7,22.0,,114.0,104.1
1,4,33,692,20.5,.575,.580,.000,.809,249,11.3,20.4,15.6,4.4,2.1,4.1,13.9,19.2,,1.4,0.9,2.3,.133,,-0.6,1.4,0.8
2,0,33,1107,183,403,.454,88,185,.476,95,218,.436,106,123,.862,11,74,85,76,24,4,48,64,567
2,1,33,33.5,5.5,12.2,.454,2.7,5.6,.476,2.9,6.6,.436,3.2,3.7,.862,2.6,2.3,0.7,0.1,1.5,1.9,17.2
2,2,33,1107,6.6,14.6,.454,3.2,6.7,.476,3.4,7.9,.436,3.8,4.4,.862,3.1,2.7,0.9,0.1,1.7,2.3,20.5
2,3,33,1107,10.1,22.2,.454,4.8,10.2,.476,5.2,12.0,.436,5.8,6.8,.862,4.7,4.2,1.3,0.2,2.6,3.5,31.2,,123.3,112.7
2,4,33,1107,20.9,.614,.572,.541,.305,501,1.1,8.3,4.6,16.0,1.3,0.4,9.4,24.2,,3.7,0.6,4.3,.154,,6.2,-2.7,3.5
3,0,33,1058,178,419,.425,122,259,.471,56,160,.350,145,167,.868,26,61,87,116,46,4,62,88,557
3,1,33,32.1,5.4,12.7,.425,3.7,7.8,.471,1.7,4.8,.350,4.4,5.1,.868,2.6,3.5,1.4,0.1,1.9,2.7,16.9
3,2,33,1058,6.7,15.8,.425,4.6,9.8,.471,2.1,6.0,.350,5.5,6.3,.868,3.3,4.4,1.7,0.2,2.3,3.3,21.1
3,3,33,1058,10.3,24.2,.425,7.0,14.9,.471,3.2,9.2,.350,8.4,9.6,.868,5.0,6.7,2.7,0.2,3.6,5.1,32.1,,116.6,110.1
3,4,33,1058,22.3,.559,.492,.382,.399,544,2.8,7.2,4.9,25.7,2.7,0.4,11.1,27.9,,3.3,0.8,4.1,.156,,5.6,-1.6,4.0
4,0,18,148,18,42,.429,7,18,.389,11,24,.458,11,16,.688,2,7,9,7,1,2,2,16,58
4,1,18,8.2,1.0,2.3,.429,0.4,1.0,.389,0.6,1.3,.458,0.6,0.9,.688,0.5,0.4,0.1,0.1,0.1,0.9,3.2
4,2,18,148,4.9,11.4,.429,1.9,4.9,.389,3.0,6.5,.458,3.0,4.3,.688,2.4,1.9,0.3,0.5,0.5,4.3,15.7
4,3,18,148,7.4,17.3,.429,2.9,7.4,.389,4.5,9.9,.458,4.5,6.6,.688,3.7,2.9,0.4,0.8,0.8,6.6,23.9,,126.6,114.9
4,4,18,148,15.1,.585,.560,.571,.381,51,1.5,5.9,3.6,10.0,0.4,1.4,3.9,18.4,,0.4,0.0,0.5,.122,,2.3,-3.8,-1.5
5,0,29,199,14,30,.467,14,30,.467,0,0,,10,17,.588,27,30,57,3,4,20,14,37,38
5,1,29,6.9,0.5,1.0,.467,0.5,1.0,.467,0.0,0.0,,0.3,0.6,.588,2.0,0.1,0.1,0.7,0.5,1.3,1.3
5,2,29,199,2.8,6.0,.467,2.8,6.0,.467,0.0,0.0,,2.0,3.4,.588,11.5,0.6,0.8,4.0,2.8,7.4,7.6
5,3,29,199,4.3,9.2,.467,4.3,9.2,.467,0.0,0.0,,3.1,5.2,.588,17.5,0.9,1.2,6.1,4.3,11.3,11.6,,97.8,102.9
5,4,29,199,13.3,.499,.467,.000,.567,49,15.4,18.8,17.0,2.9,1.2,10.1,26.9,13.8,,0.1,0.3,0.4,.074,,-4.5,4.4,-0.2
6,0,23,299,35,97,.361,31,77,.403,4,20,.200,23,34,.676,14,21,35,15,16,0,18,20,97
6,1,23,13.0,1.5,4.2,.361,1.3,3.3,.403,0.2,0.9,.200,1.0,1.5,.676,1.5,0.7,0.7,0.0,0.8,0.9,4.2
6,2,23,299,4.7,13.0,.361,4.1,10.3,.403,0.5,2.7,.200,3.1,4.5,.676,4.7,2.0,2.1,0.0,2.4,2.7,13.0
6,3,23,299,7.1,19.8,.361,6.3,15.7,.403,0.8,4.1,.200,4.7,6.9,.676,7.1,3.1,3.3,0.0,3.7,4.1,19.8,,89.9,108.5
6,4,23,299,11.1,.429,.381,.206,.351,98,5.3,8.8,6.9,10.5,3.3,0.0,13.7,23.1,,-0.1,0.3,0.2,.027,,-3.6,-0.9,-4.6
7,0,33,455,42,98,.429,22,41,.537,20,57,.351,15,23,.652,25,67,92,19,10,20,16,72,119
7,1,33,13.8,1.3,3.0,.429,0.7,1.2,.537,0.6,1.7,.351,0.5,0.7,.652,2.8,0.6,0.3,0.6,0.5,2.2,3.6
7,2,33,455,3.7,8.6,.429,1.9,3.6,.537,1.8,5.0,.351,1.3,2.0,.652,8.1,1.7,0.9,1.8,1.4,6.3,10.5
7,3,33,455,5.6,13.1,.429,2.9,5.5,.537,2.7,7.6,.351,2.0,3.1,.652,12.3,2.5,1.3,2.7,2.1,9.7,16.0,,112.3,106.1
7,4,33,455,13.5,.546,.531,.582,.235,120,6.2,18.4,12.0,8.3,1.3,4.4,12.8,14.5,,0.6,0.5,1.1,.101,,0.0,1.5,1.5
8,0,28,632,48,129,.372,43,106,.406,5,23,.217,10,12,.833,34,58,92,25,16,15,10,77,111
8,1,28,22.6,1.7,4.6,.372,1.5,3.8,.406,0.2,0.8,.217,0.4,0.4,.833,3.3,0.9,0.6,0.5,0.4,2.8,4.0
8,2,28,632,3.0,8.2,.372,2.7,6.7,.406,0.3,1.5,.217,0.6,0.8,.833,5.8,1.6,1.0,0.9,0.6,4.9,7.0
8,3,28,632,4.6,12.5,.372,4.2,10.2,.406,0.5,2.2,.217,1.0,1.2,.833,8.9,2.4,1.5,1.4,1.0,7.4,10.7,,101.1,109.6
8,4,28,632,8.7,.412,.391,.178,.093,126,6.1,11.4,8.6,7.6,1.5,2.4,6.9,12.1,,0.3,0.5,0.8,.053,,-2.4,1.4,-1.0
9,0,15,88,2,7,.286,1,3,.333,1,4,.250,0,0,,5,6,11,1,2,1,5,14,5
9,1,15,5.9,0.1,0.5,.286,0.1,0.2,.333,0.1,0.3,.250,0.0,0.0,,0.7,0.1,0.1,0.1,0.3,0.9,0.3
9,2,15,88,0.9,3.2,.286,0.5,1.4,.333,0.5,1.8,.250,0.0,0.0,,5.0,0.5,0.9,0.5,2.3,6.4,2.3
9,3,15,88,1.4,4.9,.286,0.7,2.1,.333,0.7,2.8,.250,0.0,0.0,,7.6,0.7,1.4,0.7,3.5,9.7,3.5,,65.9,111.6
9,4,15,88,0.3,.357,.357,.571,.000,8,6.4,8.5,7.4,2.0,1.4,1.1,41.7,7.2,,-0.1,0.1,0.0,-.015,,-5.3,0.5,-4.8
10,0,33,516,42,116,.362,28,66,.424,14,50,.280,30,44,.682,10,66,76,37,18,2,27,48,128
10,1,33,15.6,1.3,3.5,.362,0.8,2.0,.424,0.4,1.5,.280,0.9,1.3,.682,2.3,1.1,0.5,0.1,0.8,1.5,3.9
10,2,33,516,3.3,9.0,.362,2.2,5.1,.424,1.1,3.9,.280,2.3,3.4,.682,5.9,2.9,1.4,0.2,2.1,3.7,9.9
10,3,33,516,5.0,13.7,.362,3.3,7.8,.424,1.7,5.9,.280,3.5,5.2,.682,9.0,4.4,2.1,0.2,3.2,5.7,15.1,,95.3,107.8
10,4,33,516,10.0,.467,.422,.431,.379,133,2.2,15.9,8.7,14.0,2.1,0.4,16.5,16.7,,0.1,0.5,0.6,.050,,-2.4,-0.1,-2.5
11,0,29,879,97,271,.358,55,150,.367,42,121,.347,75,96,.781,16,74,90,85,23,11,71,68,311
11,1,29,30.3,3.3,9.3,.358,1.9,5.2,.367,1.4,4.2,.347,2.6,3.3,.781,3.1,2.9,0.8,0.4,2.4,2.3,10.7
11,2,29,879,4.4,12.3,.358,2.5,6.8,.367,1.9,5.5,.347,3.4,4.4,.781,4.1,3.9,1.0,0.5,3.2,3.1,14.2
11,3,29,879,6.7,18.8,.358,3.8,10.4,.367,2.9,8.4,.347,5.2,6.7,.781,6.2,5.9,1.6,0.8,4.9,4.7,21.6,,96.2,110.7
11,4,29,879,11.9,.491,.435,.446,.354,317,2.1,10.5,6.1,20.0,1.6,1.3,18.3,23.2,,0.4,0.6,1.0,.046,,-0.9,-0.9,-1.8
