0,0,5,38,5,10,.500,4,4,1.000,1,6,.167,4,8,.500,4,2,6,4,3,0,4,3,15
0,1,5,7.6,1.0,2.0,.500,0.8,0.8,1.000,0.2,1.2,.167,0.8,1.6,.500,1.2,0.8,0.6,0.0,0.8,0.6,3.0
0,2,5,38,5.3,10.5,.500,4.2,4.2,1.000,1.1,6.3,.167,4.2,8.4,.500,6.3,4.2,3.2,0.0,4.2,3.2,15.8
0,3,5,38,7.7,15.4,.500,6.2,6.2,1.000,1.5,9.3,.167,6.2,12.3,.500,9.3,6.2,4.6,0.0,6.2,4.6,23.1,,104.3,102.2
0,4,5,38,19.9,.543,.550,.600,.800,16,12.0,6.5,9.3,22.9,4.6,0.0,22.5,23.1,,0.1,0.0,0.1,.120,,4.3,0.0,4.4
1,0,3,5,0,3,.000,0,0,,0,3,.000,0,0,,0,0,0,0,0,0,0,0,0
1,1,3,1.7,0.0,1.0,.000,0.0,0.0,,0.0,1.0,.000,0.0,0.0,,0.0,0.0,0.0,0.0,0.0,0.0,0.0
1,2,3,5,0.0,24.0,.000,0.0,0.0,,0.0,24.0,.000,0.0,0.0,,0.0,0.0,0.0,0.0,0.0,0.0,0.0
1,3,3,5,0.0,35.2,.000,0.0,0.0,,0.0,35.2,.000,0.0,0.0,,0.0,0.0,0.0,0.0,0.0,0.0,0.0,,0.0,115.1
1,4,3,5,-25.6,.000,.000,1.000,.000,0,0.0,0.0,0.0,0.0,0.0,0.0,0.0,29.6,,0.0,0.0,0.0,-.371,,-17.6,-10.4,-28.0
2,0,37,564,60,164,.366,25,65,.385,35,99,.354,44,54,.815,27,40,67,23,9,7,26,51,199
2,1,37,15.2,1.6,4.4,.366,0.7,1.8,.385,0.9,2.7,.354,1.2,1.5,.815,1.8,0.6,0.2,0.2,0.7,1.4,5.4
2,2,37,564,4.3,11.6,.366,1.8,4.6,.385,2.5,7.0,.354,3.1,3.8,.815,4.8,1.6,0.6,0.5,1.8,3.6,14.1
2,3,37,564,6.2,17.0,.366,2.6,6.8,.385,3.6,10.3,.354,4.6,5.6,.815,7.0,2.4,0.9,0.7,2.7,5.3,20.7,,112.2,108.8
2,4,37,564,13.0,.525,.473,.604,.329,187,5.5,8.7,7.0,8.4,0.9,1.4,12.1,18.8,,1.1,0.3,1.4,.101,,1.2,-2.3,-1.1
3,0,15,189,26,42,.619,26,42,.619,0,0,,14,22,.636,19,23,42,4,5,2,18,39,66
3,1,15,12.6,1.7,2.8,.619,1.7,2.8,.619,0.0,0.0,,0.9,1.5,.636,2.8,0.3,0.3,0.1,1.2,2.6,4.4
3,2,15,189,5.5,8.9,.619,5.5,8.9,.619,0.0,0.0,,3.0,4.7,.636,8.9,0.8,1.1,0.4,3.8,8.3,14.0
3,3,15,189,8.1,13.0,.619,8.1,13.0,.619,0.0,0.0,,4.3,6.8,.636,13.0,1.2,1.6,0.6,5.6,12.1,20.5,,103.9,104.8
3,4,15,189,13.9,.629,.619,.000,.524,62,11.5,15.0,13.2,4.7,1.6,1.2,25.6,18.4,,0.2,0.2,0.4,.091,,-1.2,-0.9,-2.1
4,0,38,937,108,203,.532,108,200,.540,0,3,.000,96,150,.640,79,99,178,35,42,20,68,124,312
4,1,38,24.7,2.8,5.3,.532,2.8,5.3,.540,0.0,0.1,.000,2.5,3.9,.640,4.7,0.9,1.1,0.5,1.8,3.3,8.2
4,2,38,937,4.6,8.7,.532,4.6,8.5,.540,0.0,0.1,.000,4.1,6.4,.640,7.6,1.5,1.8,0.9,2.9,5.3,13.3
4,3,38,937,6.8,12.7,.532,6.8,12.5,.540,0.0,0.2,.000,6.0,9.4,.640,11.1,2.2,2.6,1.3,4.3,7.8,19.5,,107.7,102.8
4,4,38,937,16.0,.569,.532,.015,.739,312,9.6,13.0,11.2,7.8,2.6,2.4,19.9,18.0,,1.5,1.1,2.6,.111,,0.2,1.8,1.9
5,0,38,1221,229,594,.386,89,214,.416,140,380,.368,168,210,.800,14,90,104,141,61,5,117,90,766
5,1,38,32.1,6.0,15.6,.386,2.3,5.6,.416,3.7,10.0,.368,4.4,5.5,.800,2.7,3.7,1.6,0.1,3.1,2.4,20.2
5,2,38,1221,7.5,19.5,.386,2.9,7.0,.416,4.6,12.4,.368,5.5,6.9,.800,3.4,4.6,2.0,0.2,3.8,2.9,25.1
5,3,38,1221,11.0,28.5,.386,4.3,10.3,.416,6.7,18.2,.368,8.1,10.1,.800,5.0,6.8,2.9,0.2,5.6,4.3,36.8,,112.4,104.8
5,4,38,1221,23.2,.552,.503,.640,.354,712,1.3,9.1,5.0,28.5,2.9,0.5,14.4,32.7,,4.2,1.2,5.3,.175,,7.1,-2.1,5.0
6,0,4,13,2,5,.400,0,1,.000,2,4,.500,2,2,1.000,1,2,3,3,1,0,2,3,8
6,1,4,3.3,0.5,1.3,.400,0.0,0.3,.000,0.5,1.0,.500,0.5,0.5,1.000,0.8,0.8,0.3,0.0,0.5,0.8,2.0
6,2,4,13,6.2,15.4,.400,0.0,3.1,.000,6.2,12.3,.500,6.2,6.2,1.000,9.2,9.2,3.1,0.0,6.2,9.2,24.6
6,3,4,13,9.0,22.5,.400,0.0,4.5,.000,9.0,18.0,.500,9.0,9.0,1.000,13.5,13.5,4.5,0.0,9.0,13.5,36.1,,125.9,97.4
6,4,4,13,31.0,.672,.600,.800,.400,9,8.8,18.9,13.7,52.6,4.5,0.0,25.2,30.1,,0.1,0.0,0.1,.297,,12.4,0.9,13.2
7,0,38,548,52,123,.423,52,123,.423,0,0,,34,56,.607,39,76,115,7,14,12,39,86,138
7,1,38,14.4,1.4,3.2,.423,1.4,3.2,.423,0.0,0.0,,0.9,1.5,.607,3.0,0.2,0.4,0.3,1.0,2.3,3.6
7,2,38,548,3.8,9.0,.423,3.8,9.0,.423,0.0,0.0,,2.5,4.1,.607,8.4,0.5,1.0,0.9,2.8,6.3,10.1
7,3,38,548,5.6,13.2,.423,5.6,13.2,.423,0.0,0.0,,3.6,6.0,.607,12.3,0.7,1.5,1.3,4.2,9.2,14.8,,88.7,103.8
7,4,38,548,8.4,.461,.423,.000,.455,137,8.1,17.1,12.4,2.6,1.5,2.4,20.7,17.0,,0.0,0.6,0.6,.041,,-5.3,-0.3,-5.6
8,0,35,290,21,60,.350,20,55,.364,1,5,.200,12,22,.545,20,40,60,4,4,5,22,39,55
8,1,35,8.3,0.6,1.7,.350,0.6,1.6,.364,0.0,0.1,.200,0.3,0.6,.545,1.7,0.1,0.1,0.1,0.6,1.1,1.6
8,2,35,290,2.9,8.3,.350,2.8,7.6,.364,0.1,0.7,.200,1.7,3.0,.545,8.3,0.6,0.6,0.7,3.0,5.4,7.6
8,3,35,290,4.2,12.1,.350,4.0,11.1,.364,0.2,1.0,.200,2.4,4.4,.545,12.1,0.8,0.8,1.0,4.4,7.9,11.1,,76.2,105.7
8,4,35,290,4.2,.390,.358,.083,.367,58,7.9,17.0,12.2,2.7,0.8,1.9,23.8,15.7,,-0.3,0.3,0.0,-.004,,-7.0,-1.1,-8.1
9,0,8,22,3,15,.200,1,3,.333,2,12,.167,2,2,1.000,3,3,6,1,0,0,1,3,10
9,1,8,2.8,0.4,1.9,.200,0.1,0.4,.333,0.3,1.5,.167,0.3,0.3,1.000,0.8,0.1,0.0,0.0,0.1,0.4,1.3
9,2,8,22,5.5,27.3,.200,1.8,5.5,.333,3.6,21.8,.167,3.6,3.6,1.000,10.9,1.8,0.0,0.0,1.8,5.5,18.2
9,3,8,22,8.0,40.0,.200,2.7,8.0,.333,5.3,32.0,.167,5.3,5.3,1.000,16.0,2.7,0.0,0.0,2.7,8.0,26.6,,85.2,108.5
9,4,8,22,6.6,.313,.267,.800,.133,11,15.6,16.8,16.1,10.0,0.0,0.0,5.9,38.0,,0.0,0.0,0.0,-.003,,-2.2,-8.4,-10.5
10,0,38,932,75,152,.493,75,151,.497,0,1,.000,54,89,.607,93,132,225,43,59,13,43,83,204
10,1,38,24.5,2.0,4.0,.493,2.0,4.0,.497,0.0,0.0,.000,1.4,2.3,.607,5.9,1.1,1.6,0.3,1.1,2.2,5.4
10,2,38,932,3.2,6.5,.493,3.2,6.5,.497,0.0,0.0,.000,2.3,3.8,.607,9.7,1.8,2.5,0.6,1.8,3.6,8.8
10,3,38,932,4.7,9.6,.493,4.7,9.5,.497,0.0,0.1,.000,3.4,5.6,.607,14.2,2.7,3.7,0.8,2.7,5.2,12.8,,111.5,99.5
10,4,38,932,16.1,.525,.493,.007,.586,237,11.4,17.4,14.3,9.0,3.7,1.5,18.1,12.5,,1.3,1.4,2.7,.117,,0.8,3.5,4.4
11,0,4,13,3,4,.750,1,1,1.000,2,3,.667,0,0,,3,2,5,1,0,0,3,1,8
11,1,4,3.3,0.8,1.0,.750,0.3,0.3,1.000,0.5,0.8,.667,0.0,0.0,,1.3,0.3,0.0,0.0,0.8,0.3,2.0
11,2,4,13,9.2,12.3,.750,3.1,3.1,1.000,6.2,9.2,.667,0.0,0.0,,15.4,3.1,0.0,0.0,9.2,3.1,24.6
11,3,4,13,13.5,18.0,.750,4.5,4.5,1.000,9.0,13.5,.667,0.0,0.0,,22.5,4.5,0.0,0.0,13.5,4.5,36.1,,108.8,108.0
11,4,4,13,30.4,1.000,1.000,.750,.000,7,26.3,18.9,22.8,21.3,0.0,0.0,42.9,26.5,,0.0,0.0,0.0,.135,,10.1,-2.5,7.6
12,0,38,1193,115,311,.370,58,167,.347,57,144,.396,159,193,.824,23,114,137,139,36,12,88,89,446
12,1,38,31.4,3.0,8.2,.370,1.5,4.4,.347,1.5,3.8,.396,4.2,5.1,.824,3.6,3.7,0.9,0.3,2.3,2.3,11.7
12,2,38,1193,3.9,10.4,.370,1.9,5.6,.347,1.9,4.8,.396,5.3,6.5,.824,4.6,4.7,1.2,0.4,3.0,3.0,15.0
12,3,38,1193,5.7,15.3,.370,2.8,8.2,.347,2.8,7.1,.396,7.8,9.5,.824,6.7,6.8,1.8,0.6,4.3,4.4,21.9,,113.6,106.1
12,4,38,1193,16.5,.554,.461,.463,.621,463,2.2,11.8,6.8,23.5,1.8,1.1,17.9,20.3,,2.8,1.0,3.8,.129,,2.5,-0.5,2.0
13,0,37,497,19,37,.514,19,33,.576,0,4,.000,18,31,.581,31,53,84,28,13,5,19,45,56
13,1,37,13.4,0.5,1.0,.514,0.5,0.9,.576,0.0,0.1,.000,0.5,0.8,.581,2.3,0.8,0.4,0.1,0.5,1.2,1.5
13,2,37,497,1.5,3.0,.514,1.5,2.7,.576,0.0,0.3,.000,1.4,2.5,.581,6.8,2.3,1.0,0.4,1.5,3.6,4.5
13,3,37,497,2.2,4.4,.514,2.2,3.9,.576,0.0,0.5,.000,2.1,3.7,.581,9.9,3.3,1.5,0.6,2.2,5.3,6.6,,109.9,106.1
13,4,37,497,8.9,.541,.514,.108,.838,77,7.1,13.1,10.0,10.2,1.5,1.1,26.9,7.0,,0.4,0.4,0.8,.067,,-0.9,1.3,0.4
14,0,10,236,21,64,.328,15,38,.395,6,26,.231,7,10,.700,10,27,37,25,11,0,21,22,55
14,1,10,23.6,2.1,6.4,.328,1.5,3.8,.395,0.6,2.6,.231,0.7,1.0,.700,3.7,2.5,1.1,0.0,2.1,2.2,5.5
14,2,10,236,3.6,10.8,.328,2.5,6.4,.395,1.0,4.4,.231,1.2,1.7,.700,6.3,4.2,1.9,0.0,3.6,3.7,9.3
14,3,10,236,5.2,15.9,.328,3.7,9.4,.395,1.5,6.5,.231,1.7,2.5,.700,9.2,6.2,2.7,0.0,5.2,5.5,13.7,,84.8,103.6
14,4,10,236,8.4,.400,.375,.406,.156,65,4.8,14.1,9.3,21.1,2.7,0.0,23.4,18.7,,-0.1,0.3,0.2,.026,,-2.6,0.3,-2.3
15,0,37,977,170,325,.523,143,238,.601,27,87,.310,105,141,.745,83,143,226,29,17,35,55,107,472
15,1,37,26.4,4.6,8.8,.523,3.9,6.4,.601,0.7,2.4,.310,2.8,3.8,.745,6.1,0.8,0.5,0.9,1.5,2.9,12.8
15,2,37,977,7.0,13.3,.523,5.9,9.7,.601,1.1,3.6,.310,4.3,5.8,.745,9.3,1.2,0.7,1.4,2.3,4.4,19.3
15,3,37,977,10.2,19.5,.523,8.6,14.3,.601,1.6,5.2,.310,6.3,8.5,.745,13.6,1.7,1.0,2.1,3.3,6.4,28.3,,121.2,103.8
15,4,37,977,22.9,.602,.565,.268,.434,428,9.7,18.0,13.7,7.1,1.0,4.0,12.3,22.5,,3.2,1.0,4.3,.174,,3.1,0.0,3.0
