0,0,16,75,8,19,.421,4,11,.364,4,8,.500,3,4,.750,1,5,6,5,1,0,4,7,23
0,1,16,4.7,0.5,1.2,.421,0.3,0.7,.364,0.3,0.5,.500,0.2,0.3,.750,0.4,0.3,0.1,0.0,0.3,0.4,1.4
0,2,16,75,4.3,10.1,.421,2.1,5.9,.364,2.1,4.3,.500,1.6,2.1,.750,3.2,2.7,0.5,0.0,2.1,3.7,12.3
0,3,16,75,6.5,15.5,.421,3.3,9.0,.364,3.3,6.5,.500,2.5,3.3,.750,4.9,4.1,0.8,0.0,3.3,5.7,18.8,,106.4,104.5
0,4,16,75,10.4,.550,.526,.421,.211,22,1.6,7.8,4.7,15.6,0.8,0.0,16.1,17.4,,0.1,0.1,0.2,.097,,-2.5,-3.4,-5.9
1,0,29,265,27,58,.466,27,58,.466,0,0,,4,10,.400,28,28,56,5,6,13,23,40,58
1,1,29,9.1,0.9,2.0,.466,0.9,2.0,.466,0.0,0.0,,0.1,0.3,.400,1.9,0.2,0.2,0.4,0.8,1.4,2.0
1,2,29,265,4.1,8.8,.466,4.1,8.8,.466,0.0,0.0,,0.6,1.5,.400,8.5,0.8,0.9,2.0,3.5,6.0,8.8
1,3,29,265,6.2,13.4,.466,6.2,13.4,.466,0.0,0.0,,0.9,2.3,.400,13.0,1.2,1.4,3.0,5.3,9.3,13.4,,82.0,98.4
1,4,29,265,8.8,.462,.466,.000,.172,62,12.5,12.4,12.4,4.4,1.4,5.4,26.8,17.0,,-0.2,0.5,0.3,.041,,-6.7,1.8,-4.9
2,0,16,52,2,8,.250,2,7,.286,0,1,.000,11,12,.917,1,1,2,3,2,0,6,8,15
2,1,16,3.3,0.1,0.5,.250,0.1,0.4,.286,0.0,0.1,.000,0.7,0.8,.917,0.1,0.2,0.1,0.0,0.4,0.5,0.9
2,2,16,52,1.5,6.2,.250,1.5,5.4,.286,0.0,0.8,.000,8.5,9.2,.917,1.5,2.3,1.5,0.0,4.6,6.2,11.5
2,3,16,52,2.4,9.4,.250,2.4,8.3,.286,0.0,1.2,.000,13.0,14.1,.917,2.4,3.5,2.4,0.0,7.1,9.4,17.7,,91.3,103.5
2,4,16,52,6.4,.547,.250,.125,1.500,15,2.3,2.3,2.3,11.6,2.4,0.0,30.5,19.9,,0.0,0.1,0.1,.052,,-6.5,-2.3,-8.8
3,0,31,495,66,160,.413,51,113,.451,15,47,.319,47,62,.758,16,35,51,23,18,2,46,47,194
3,1,31,16.0,2.1,5.2,.413,1.6,3.6,.451,0.5,1.5,.319,1.5,2.0,.758,1.6,0.7,0.6,0.1,1.5,1.5,6.3
3,2,31,495,5.3,12.9,.413,4.1,9.1,.451,1.2,3.8,.319,3.8,5.0,.758,4.1,1.9,1.5,0.2,3.7,3.8,15.7
3,3,31,495,8.2,19.8,.413,6.3,14.0,.451,1.9,5.8,.319,5.8,7.7,.758,6.3,2.8,2.2,0.2,5.7,5.8,24.0,,93.7,101.0
3,4,31,495,11.7,.512,.459,.294,.388,180,3.8,8.3,6.1,11.6,2.2,0.4,19.5,25.0,,0.1,0.8,0.9,.072,,-3.3,-1.8,-5.1
4,0,32,709,50,125,.400,46,110,.418,4,15,.267,42,87,.483,15,65,80,91,41,6,65,60,146
4,1,32,22.2,1.6,3.9,.400,1.4,3.4,.418,0.1,0.5,.267,1.3,2.7,.483,2.5,2.8,1.3,0.2,2.0,1.9,4.6
4,2,32,709,2.8,7.1,.400,2.6,6.2,.418,0.2,0.8,.267,2.4,4.9,.483,4.5,5.1,2.3,0.3,3.7,3.4,8.2
4,3,32,709,4.3,10.8,.400,4.0,9.5,.418,0.3,1.3,.267,3.6,7.5,.483,6.9,7.9,3.5,0.5,5.6,5.2,12.6,,83.8,96.8
4,4,32,709,9.6,.439,.416,.120,.696,178,2.5,10.8,6.6,27.6,3.5,0.9,28.1,17.1,,-0.5,1.4,0.9,.052,,-4.9,1.3,-3.6
5,0,18,126,14,33,.424,11,25,.440,3,8,.375,3,6,.500,3,14,17,9,5,6,10,9,34
5,1,18,7.0,0.8,1.8,.424,0.6,1.4,.440,0.2,0.4,.375,0.2,0.3,.500,0.9,0.5,0.3,0.3,0.6,0.5,1.9
5,2,18,126,4.4,10.5,.424,3.5,7.9,.440,1.0,2.5,.375,1.0,1.9,.500,5.4,2.9,1.6,1.9,3.2,2.9,10.8
5,3,18,126,6.8,16.1,.424,5.4,12.2,.440,1.5,3.9,.375,1.5,2.9,.500,8.3,4.4,2.4,2.9,4.9,4.4,16.5,,87.3,96.3
5,4,18,126,11.7,.474,.470,.242,.182,34,2.8,13.1,7.9,16.8,2.4,5.3,21.8,19.1,,-0.1,0.3,0.2,.065,,-5.3,2.4,-2.9
6,0,32,583,68,205,.332,27,72,.375,41,133,.308,27,35,.771,15,32,47,31,19,3,34,39,204
6,1,32,18.2,2.1,6.4,.332,0.8,2.3,.375,1.3,4.2,.308,0.8,1.1,.771,1.5,1.0,0.6,0.1,1.1,1.2,6.4
6,2,32,583,4.7,14.1,.332,1.9,4.9,.375,2.8,9.1,.308,1.9,2.4,.771,3.2,2.1,1.3,0.2,2.3,2.7,14.0
6,3,32,583,7.1,21.6,.332,2.8,7.6,.375,4.3,14.0,.308,2.8,3.7,.771,4.9,3.3,2.0,0.3,3.6,4.1,21.4,,94.5,102.5
6,4,32,583,10.2,.460,.432,.649,.171,191,3.0,6.5,4.7,12.7,2.0,0.6,13.3,23.0,,0.1,0.9,1.0,.069,,-1.5,-2.4,-4.0
7,0,9,104,7,16,.438,6,11,.545,1,5,.200,1,4,.250,7,10,17,1,3,1,7,8,16
7,1,9,11.6,0.8,1.8,.438,0.7,1.2,.545,0.1,0.6,.200,0.1,0.4,.250,1.9,0.1,0.3,0.1,0.8,0.9,1.8
7,2,9,104,2.7,6.2,.438,2.3,4.2,.545,0.4,1.9,.200,0.4,1.5,.250,6.5,0.4,1.2,0.4,2.7,3.1,6.2
7,3,9,104,4.1,9.4,.438,3.5,6.5,.545,0.6,2.9,.200,0.6,2.4,.250,10.0,0.6,1.8,0.6,4.1,4.7,9.4,,76.5,100.4
7,4,9,104,5.6,.447,.469,.313,.250,17,7.9,11.3,9.6,2.1,1.8,1.1,28.1,12.6,,-0.1,0.2,0.1,.029,,-6.3,-0.2,-6.5
8,0,31,764,92,212,.434,74,141,.525,18,71,.254,68,96,.708,52,103,155,19,31,7,43,73,270
8,1,31,24.6,3.0,6.8,.434,2.4,4.5,.525,0.6,2.3,.254,2.2,3.1,.708,5.0,0.6,1.0,0.2,1.4,2.4,8.7
8,2,31,764,4.8,11.1,.434,3.9,7.4,.525,0.9,3.7,.254,3.6,5.0,.708,8.1,1.0,1.6,0.4,2.3,3.8,14.1
8,3,31,764,7.4,17.0,.434,5.9,11.3,.525,1.4,5.7,.254,5.5,7.7,.708,12.4,1.5,2.5,0.6,3.4,5.9,21.7,,104.4,96.5
8,4,31,764,15.7,.524,.476,.335,.453,257,8.0,15.9,11.9,6.0,2.5,1.0,14.3,20.7,,0.9,1.6,2.4,.128,,-1.1,-0.2,-1.3
9,0,32,504,35,70,.500,35,69,.507,0,1,.000,27,54,.500,30,62,92,2,12,17,23,73,97
9,1,32,15.8,1.1,2.2,.500,1.1,2.2,.507,0.0,0.0,.000,0.8,1.7,.500,2.9,0.1,0.4,0.5,0.7,2.3,3.0
9,2,32,504,2.8,5.6,.500,2.8,5.5,.507,0.0,0.1,.000,2.1,4.3,.500,7.3,0.2,1.0,1.3,1.8,5.8,7.7
9,3,32,504,4.3,8.5,.500,4.3,8.4,.507,0.0,0.1,.000,3.3,6.6,.500,11.2,0.2,1.5,2.1,2.8,8.9,11.8,,94.2,98.0
9,4,32,504,8.7,.507,.500,.014,.771,95,7.0,14.5,10.7,0.9,1.5,3.7,19.4,12.4,,0.1,1.0,1.0,.081,,-5.8,0.8,-5.0
10,0,32,737,50,148,.338,38,112,.339,12,36,.333,62,78,.795,17,51,68,46,27,3,58,72,174
10,1,32,23.0,1.6,4.6,.338,1.2,3.5,.339,0.4,1.1,.333,1.9,2.4,.795,2.1,1.4,0.8,0.1,1.8,2.3,5.4
10,2,32,737,2.7,8.0,.338,2.1,6.1,.339,0.7,2.0,.333,3.4,4.2,.795,3.7,2.5,1.5,0.2,3.1,3.9,9.4
10,3,32,737,4.2,12.3,.338,3.2,9.3,.339,1.0,3.0,.333,5.2,6.5,.795,5.7,3.8,2.2,0.2,4.8,6.0,14.5,,87.6,101.1
10,4,32,737,7.2,.470,.378,.243,.527,181,2.7,8.1,5.4,13.4,2.2,0.5,23.9,17.3,,-0.3,1.2,0.9,.050,,-4.8,-0.1,-4.9
11,0,32,881,104,192,.542,104,191,.545,0,1,.000,62,102,.608,79,183,262,23,29,98,69,108,270
11,1,32,27.5,3.3,6.0,.542,3.3,6.0,.545,0.0,0.0,.000,1.9,3.2,.608,8.2,0.7,0.9,3.1,2.2,3.4,8.4
11,2,32,881,4.7,8.7,.542,4.7,8.7,.545,0.0,0.0,.000,2.8,4.6,.608,11.9,1.0,1.3,4.4,3.1,4.9,12.3
11,3,32,881,7.2,13.4,.542,7.2,13.3,.545,0.0,0.1,.000,4.3,7.1,.608,18.2,1.6,2.0,6.8,4.8,7.5,18.8,,99.8,88.4
11,4,32,881,19.9,.561,.542,.005,.531,268,10.6,24.4,17.5,6.3,2.0,12.3,22.3,18.5,,0.6,2.5,3.1,.139,,-3.7,7.6,3.9
12,0,21,459,40,85,.471,35,67,.522,5,18,.278,23,41,.561,11,31,42,36,14,0,43,51,108
12,1,21,21.9,1.9,4.0,.471,1.7,3.2,.522,0.2,0.9,.278,1.1,2.0,.561,2.0,1.7,0.7,0.0,2.0,2.4,5.1
12,2,21,459,3.5,7.4,.471,3.1,5.8,.522,0.4,1.6,.278,2.0,3.6,.561,3.7,3.1,1.2,0.0,3.7,4.4,9.4
12,3,21,459,5.3,11.4,.471,4.7,8.9,.522,0.7,2.4,.278,3.1,5.5,.561,5.6,4.8,1.9,0.0,5.7,6.8,14.4,,86.4,102.1
12,4,21,459,7.0,.517,.500,.212,.482,113,2.8,7.9,5.4,17.5,1.9,0.0,29.2,16.9,,-0.2,0.7,0.5,.042,,-4.6,-0.8,-5.4
13,0,32,578,119,288,.413,68,146,.466,51,142,.359,37,48,.771,8,23,31,33,12,1,51,45,326
13,1,32,18.1,3.7,9.0,.413,2.1,4.6,.466,1.6,4.4,.359,1.2,1.5,.771,1.0,1.0,0.4,0.0,1.6,1.4,10.2
13,2,32,578,8.2,19.9,.413,4.7,10.1,.466,3.5,9.8,.359,2.6,3.3,.771,2.1,2.3,0.8,0.1,3.5,3.1,22.6
13,3,32,578,12.6,30.5,.413,7.2,15.5,.466,5.4,15.1,.359,3.9,5.1,.771,3.3,3.5,1.3,0.1,5.4,4.8,34.6,,99.5,105.1
13,4,32,578,15.4,.524,.502,.493,.167,281,1.6,4.7,3.2,17.3,1.3,0.2,14.1,32.9,,0.6,0.7,1.3,.092,,0.7,-5.2,-4.4
14,0,18,100,6,24,.250,3,12,.250,3,12,.250,5,9,.556,1,4,5,7,2,0,12,16,20
14,1,18,5.6,0.3,1.3,.250,0.2,0.7,.250,0.2,0.7,.250,0.3,0.5,.556,0.3,0.4,0.1,0.0,0.7,0.9,1.1
14,2,18,100,2.4,9.6,.250,1.2,4.8,.250,1.2,4.8,.250,2.0,3.6,.556,2.0,2.8,0.8,0.0,4.8,6.4,8.0
14,3,18,100,3.7,14.7,.250,1.8,7.4,.250,1.8,7.4,.250,3.1,5.5,.556,3.1,4.3,1.2,0.0,7.4,9.8,12.3,,62.5,104.8
14,4,18,100,-3.1,.354,.313,.500,.375,21,1.2,4.7,2.9,14.7,1.2,0.0,29.8,21.2,,-0.3,0.1,-0.2,-.066,,-9.9,-3.5,-13.4
