0,0,30,994,141,360,.392,104,229,.454,37,131,.282,55,66,.833,9,50,59,123,39,4,81,58,374
0,1,30,33.1,4.7,12.0,.392,3.5,7.6,.454,1.2,4.4,.282,1.8,2.2,.833,2.0,4.1,1.3,0.1,2.7,1.9,12.5
0,2,30,994,5.7,14.5,.392,4.2,9.2,.454,1.5,5.3,.282,2.2,2.7,.833,2.4,4.9,1.6,0.2,3.3,2.3,15.1
0,3,30,994,8.8,22.4,.392,6.5,14.2,.454,2.3,8.1,.282,3.4,4.1,.833,3.7,7.6,2.4,0.2,5.0,3.6,23.2,,96.3,96.5
0,4,30,994,14.3,.478,.443,.364,.183,385,1.1,6.0,3.5,32.1,2.4,0.4,17.1,25.4,,0.8,1.8,2.6,.104,,-1.4,-2.2,-3.6
1,0,14,96,5,15,.333,4,11,.364,1,4,.250,0,2,.000,7,12,19,4,0,0,10,13,11
1,1,14,6.9,0.4,1.1,.333,0.3,0.8,.364,0.1,0.3,.250,0.0,0.1,.000,1.4,0.3,0.0,0.0,0.7,0.9,0.8
1,2,14,96,2.1,6.3,.333,1.7,4.6,.364,0.4,1.7,.250,0.0,0.8,.000,7.9,1.7,0.0,0.0,4.2,5.4,4.6
1,3,14,96,3.2,9.6,.333,2.6,7.1,.364,0.6,2.6,.250,0.0,1.3,.000,12.2,2.6,0.0,0.0,6.4,8.4,7.1,,60.0,97.4
1,4,14,96,-0.4,.345,.367,.267,.133,14,8.7,15.0,11.8,8.8,0.0,0.0,38.5,14.4,,-0.2,0.2,-0.1,-.021,,-10.0,-1.3,-11.3
2,0,3,18,3,5,.600,3,5,.600,0,0,,6,8,.750,2,2,4,1,1,0,0,1,12
2,1,3,6.0,1.0,1.7,.600,1.0,1.7,.600,0.0,0.0,,2.0,2.7,.750,1.3,0.3,0.3,0.0,0.0,0.3,4.0
2,2,3,18,6.7,11.1,.600,6.7,11.1,.600,0.0,0.0,,13.3,17.8,.750,8.9,2.2,2.2,0.0,0.0,2.2,26.7
2,3,3,18,10.3,17.2,.600,10.3,17.2,.600,0.0,0.0,,20.6,27.4,.750,13.7,3.4,3.4,0.0,0.0,3.4,41.2,,159.1,91.3
2,4,3,18,42.7,.682,.600,.000,1.600,12,13.2,13.3,13.3,15.4,3.4,0.0,0.0,26.1,,0.2,0.0,0.2,.428,,9.7,-1.1,8.6
3,0,9,41,4,8,.500,4,8,.500,0,0,,2,7,.286,1,15,16,3,4,1,6,6,10
3,1,9,4.6,0.4,0.9,.500,0.4,0.9,.500,0.0,0.0,,0.2,0.8,.286,1.8,0.3,0.4,0.1,0.7,0.7,1.1
3,2,9,41,3.9,7.8,.500,3.9,7.8,.500,0.0,0.0,,2.0,6.8,.286,15.6,2.9,3.9,1.0,5.9,5.9,9.8
3,3,9,41,6.0,12.0,.500,6.0,12.0,.500,0.0,0.0,,3.0,10.5,.286,24.1,4.5,6.0,1.5,9.0,9.0,15.1,,66.4,70.0
3,4,9,41,13.2,.442,.500,.000,.875,10,2.9,43.9,23.3,17.0,6.0,2.6,34.6,22.6,,-0.1,0.2,0.1,.068,,-11.1,7.0,-4.1
4,0,28,266,9,33,.273,7,21,.333,2,12,.167,8,21,.381,2,18,20,20,13,1,27,34,28
4,1,28,9.5,0.3,1.2,.273,0.3,0.8,.333,0.1,0.4,.167,0.3,0.8,.381,0.7,0.7,0.5,0.0,1.0,1.2,1.0
4,2,28,266,1.4,5.0,.273,1.1,3.2,.333,0.3,1.8,.167,1.2,3.2,.381,3.0,3.0,2.0,0.2,4.1,5.1,4.2
4,3,28,266,2.1,7.7,.273,1.6,4.9,.333,0.5,2.8,.167,1.9,4.9,.381,4.6,4.6,3.0,0.2,6.3,7.9,6.5,,55.4,93.9
4,4,28,266,0.2,.326,.303,.364,.636,35,0.9,8.1,4.5,15.3,3.0,0.4,38.6,14.0,,-0.7,0.5,-0.1,-.017,,-9.9,0.6,-9.4
5,0,30,950,106,257,.412,69,140,.493,37,117,.316,60,82,.732,48,118,166,23,32,6,54,85,309
5,1,30,31.7,3.5,8.6,.412,2.3,4.7,.493,1.2,3.9,.316,2.0,2.7,.732,5.5,0.8,1.1,0.2,1.8,2.8,10.3
5,2,30,950,4.5,10.8,.412,2.9,5.9,.493,1.6,4.9,.316,2.5,3.5,.732,7.0,1.0,1.3,0.3,2.3,3.6,13.0
5,3,30,950,6.9,16.7,.412,4.5,9.1,.493,2.4,7.6,.316,3.9,5.3,.732,10.8,1.5,2.1,0.4,3.5,5.5,20.1,,100.7,92.9
5,4,30,950,13.8,.522,.484,.455,.319,288,6.0,14.9,10.4,5.8,2.1,0.7,15.4,19.7,,1.0,2.0,3.0,.126,,-1.8,-0.3,-2.1
6,0,5,27,1,3,.333,1,3,.333,0,0,,0,0,,3,8,11,0,1,0,1,5,2
6,1,5,5.4,0.2,0.6,.333,0.2,0.6,.333,0.0,0.0,,0.0,0.0,,2.2,0.0,0.2,0.0,0.2,1.0,0.4
6,2,5,27,1.5,4.4,.333,1.5,4.4,.333,0.0,0.0,,0.0,0.0,,16.3,0.0,1.5,0.0,1.5,7.4,3.0
6,3,5,27,2.3,6.9,.333,2.3,6.9,.333,0.0,0.0,,0.0,0.0,,25.2,0.0,2.3,0.0,2.3,11.4,4.6,,80.5,82.8
6,4,5,27,8.2,.333,.333,.000,.000,3,13.2,35.5,24.3,0.0,2.3,0.0,25.0,7.9,,0.0,0.1,0.1,.108,,-10.2,-2.7,-12.9
7,0,27,557,31,84,.369,27,70,.386,4,14,.286,22,34,.647,12,36,48,21,14,0,40,39,88
7,1,27,20.6,1.1,3.1,.369,1.0,2.6,.386,0.1,0.5,.286,0.8,1.3,.647,1.8,0.8,0.5,0.0,1.5,1.4,3.3
7,2,27,557,2.2,6.0,.369,1.9,5.0,.386,0.3,1.0,.286,1.6,2.4,.647,3.4,1.5,1.0,0.0,2.9,2.8,6.3
7,3,27,557,3.4,9.3,.369,3.0,7.8,.386,0.4,1.6,.286,2.4,3.8,.647,5.3,2.3,1.6,0.0,4.4,4.3,9.8,,75.0,97.8
7,4,27,557,3.7,.439,.393,.167,.405,91,2.6,7.8,5.1,8.0,1.6,0.0,28.5,13.4,,-0.5,0.9,0.4,.028,,-7.4,-0.1,-7.5
8,0,30,1041,173,433,.400,96,213,.451,77,220,.350,120,163,.736,38,117,155,59,40,11,80,74,543
8,1,30,34.7,5.8,14.4,.400,3.2,7.1,.451,2.6,7.3,.350,4.0,5.4,.736,5.2,2.0,1.3,0.4,2.7,2.5,18.1
8,2,30,1041,6.6,16.6,.400,3.7,8.2,.451,3.0,8.5,.350,4.6,6.3,.736,6.0,2.3,1.5,0.4,3.1,2.8,20.9
8,3,30,1041,10.3,25.7,.400,5.7,12.6,.451,4.6,13.0,.350,7.1,9.7,.736,9.2,3.5,2.4,0.7,4.7,4.4,32.2,,104.8,92.9
8,4,30,1041,20.8,.532,.488,.508,.376,499,4.3,13.5,8.9,15.7,2.4,1.1,13.5,30.3,,2.2,2.2,4.4,.170,,2.7,-0.8,1.9
9,0,30,630,62,135,.459,60,119,.504,2,16,.125,43,77,.558,30,45,75,31,34,0,36,54,169
9,1,30,21.0,2.1,4.5,.459,2.0,4.0,.504,0.1,0.5,.125,1.4,2.6,.558,2.5,1.0,1.1,0.0,1.2,1.8,5.6
9,2,30,630,3.9,8.6,.459,3.8,7.6,.504,0.1,1.0,.125,2.7,4.9,.558,4.8,2.0,2.2,0.0,2.3,3.4,10.7
9,3,30,630,6.1,13.2,.459,5.9,11.7,.504,0.2,1.6,.125,4.2,7.5,.558,7.4,3.0,3.3,0.0,3.5,5.3,16.6,,96.5,93.5
9,4,30,630,12.5,.492,.467,.119,.570,171,5.7,8.6,7.1,11.5,3.3,0.0,17.3,17.6,,0.4,1.3,1.7,.106,,-3.3,0.7,-2.7
10,0,30,770,54,110,.491,54,108,.500,0,2,.000,28,58,.483,64,153,217,18,22,73,47,110,136
10,1,30,25.7,1.8,3.7,.491,1.8,3.6,.500,0.0,0.1,.000,0.9,1.9,.483,7.2,0.6,0.7,2.4,1.6,3.7,4.5
10,2,30,770,2.8,5.7,.491,2.8,5.6,.500,0.0,0.1,.000,1.5,3.0,.483,11.3,0.9,1.1,3.8,2.4,5.7,7.1
10,3,30,770,4.3,8.8,.491,4.3,8.7,.500,0.0,0.2,.000,2.2,4.7,.483,17.4,1.4,1.8,5.9,3.8,8.8,10.9,,90.2,84.7
10,4,30,770,13.9,.494,.491,.018,.527,151,9.9,23.8,16.8,5.1,1.8,10.2,25.5,12.8,,0.0,2.2,2.3,.118,,-6.1,6.9,0.9
11,0,30,474,31,65,.477,30,64,.469,1,1,1.000,10,22,.455,37,40,77,2,7,9,31,71,73
11,1,30,15.8,1.0,2.2,.477,1.0,2.1,.469,0.0,0.0,1.000,0.3,0.7,.455,2.6,0.1,0.2,0.3,1.0,2.4,2.4
11,2,30,474,2.6,5.5,.477,2.5,5.4,.469,0.1,0.1,1.000,0.8,1.9,.455,6.5,0.2,0.6,0.8,2.6,6.0,6.2
11,3,30,474,4.0,8.5,.477,3.9,8.3,.469,0.1,0.1,1.000,1.3,2.9,.455,10.0,0.3,0.9,1.2,4.0,9.2,9.5,,81.5,96.6
11,4,30,474,5.0,.484,.485,.015,.338,78,9.3,10.1,9.7,0.9,0.9,2.0,29.1,12.0,,-0.2,0.8,0.6,.051,,-7.2,-0.4,-7.6
12,0,26,211,20,54,.370,15,37,.405,5,17,.294,18,23,.783,4,14,18,11,10,0,15,22,63
12,1,26,8.1,0.8,2.1,.370,0.6,1.4,.405,0.2,0.7,.294,0.7,0.9,.783,0.7,0.4,0.4,0.0,0.6,0.8,2.4
12,2,26,211,3.8,10.2,.370,2.8,7.0,.405,0.9,3.2,.294,3.4,4.4,.783,3.4,2.1,1.9,0.0,2.8,4.2,11.9
12,3,26,211,5.9,15.8,.370,4.4,10.8,.405,1.5,5.0,.294,5.3,6.7,.783,5.3,3.2,2.9,0.0,4.4,6.4,18.4,,92.2,94.5
12,4,26,211,10.2,.485,.417,.315,.426,61,2.3,8.0,5.1,12.1,2.9,0.0,18.8,20.2,,0.1,0.4,0.5,.089,,-4.9,-1.3,-6.2
