0,0,34,911,55,145,.379,19,34,.559,36,111,.324,4,6,.667,24,52,76,88,32,0,36,66,150
0,1,34,26.8,1.6,4.3,.379,0.6,1.0,.559,1.1,3.3,.324,0.1,0.2,.667,2.2,2.6,0.9,0.0,1.1,1.9,4.4
0,2,34,911,2.4,6.4,.379,0.8,1.5,.559,1.6,4.9,.324,0.2,0.3,.667,3.3,3.9,1.4,0.0,1.6,2.9,6.6
0,3,34,911,3.7,9.8,.379,1.3,2.3,.559,2.4,7.5,.324,0.3,0.4,.667,5.1,5.9,2.2,0.0,2.4,4.5,10.1,,109.8,99.6
0,4,34,911,9.5,.507,.503,.766,.041,178,2.9,6.3,4.6,16.2,2.2,0.0,19.6,10.3,,1.0,1.4,2.4,.104,,-1.4,-0.9,-2.2
1,0,9,80,11,33,.333,6,14,.429,5,19,.263,1,2,.500,6,13,19,6,1,0,7,3,28
1,1,9,8.9,1.2,3.7,.333,0.7,1.6,.429,0.6,2.1,.263,0.1,0.2,.500,2.1,0.7,0.1,0.0,0.8,0.3,3.1
1,2,9,80,5.5,16.5,.333,3.0,7.0,.429,2.5,9.5,.263,0.5,1.0,.500,9.5,3.0,0.5,0.0,3.5,1.5,14.0
1,3,9,80,8.5,25.4,.333,4.6,10.8,.429,3.8,14.6,.263,0.8,1.5,.500,14.6,4.6,0.8,0.0,5.4,2.3,21.5,,88.3,96.9
1,4,9,80,10.7,.412,.409,.576,.061,29,8.3,18.0,13.2,14.4,0.8,0.0,17.1,26.2,,0.0,0.1,0.1,.064,,-4.7,-3.6,-8.4
2,0,34,653,119,213,.559,118,212,.557,1,1,1.000,51,88,.580,89,114,203,22,18,32,45,79,290
2,1,34,19.2,3.5,6.3,.559,3.5,6.2,.557,0.0,0.0,1.000,1.5,2.6,.580,6.0,0.6,0.5,0.9,1.3,2.3,8.5
2,2,34,653,7.3,13.0,.559,7.2,13.0,.557,0.1,0.1,1.000,3.1,5.4,.580,12.4,1.3,1.1,2.0,2.8,4.8,17.8
2,3,34,653,11.2,20.1,.559,11.1,20.0,.557,0.1,0.1,1.000,4.8,8.3,.580,19.1,2.1,1.7,3.0,4.2,7.4,27.3,,113.1,91.0
2,4,34,653,24.5,.569,.561,.005,.413,280,15.1,19.4,17.2,7.1,1.7,5.9,15.0,23.5,,1.7,1.5,3.3,.200,,-1.4,1.2,-0.2
3,0,34,711,93,220,.423,59,113,.522,34,107,.318,22,37,.595,55,86,141,65,25,3,39,47,242
3,1,34,20.9,2.7,6.5,.423,1.7,3.3,.522,1.0,3.1,.318,0.6,1.1,.595,4.1,1.9,0.7,0.1,1.1,1.4,7.1
3,2,34,711,5.2,12.4,.423,3.3,6.4,.522,1.9,6.0,.318,1.2,2.1,.595,7.9,3.7,1.4,0.2,2.2,2.6,13.6
3,3,34,711,8.1,19.0,.423,5.1,9.8,.522,2.9,9.3,.318,1.9,3.2,.595,12.2,5.6,2.2,0.3,3.4,4.1,21.0,,110.9,95.8
3,4,34,711,17.6,.509,.500,.486,.168,255,8.6,13.4,11.0,17.3,2.2,0.5,14.1,19.9,,1.4,1.4,2.8,.157,,0.5,-0.7,-0.3
4,0,15,248,33,98,.337,24,60,.400,9,38,.237,24,43,.558,18,23,41,18,11,7,11,29,99
4,1,15,16.5,2.2,6.5,.337,1.6,4.0,.400,0.6,2.5,.237,1.6,2.9,.558,2.7,1.2,0.7,0.5,0.7,1.9,6.6
4,2,15,248,5.3,15.8,.337,3.9,9.7,.400,1.5,6.1,.237,3.9,6.9,.558,6.6,2.9,1.8,1.1,1.8,4.7,16.0
4,3,15,248,8.2,24.3,.337,6.0,14.9,.400,2.2,9.4,.237,6.0,10.7,.558,10.2,4.5,2.7,1.7,2.7,7.2,24.6,,100.0,94.5
4,4,15,248,15.7,.418,.383,.388,.439,101,8.1,10.3,9.2,13.8,2.7,3.4,8.5,26.7,,0.3,0.5,0.8,.130,,-2.4,-0.6,-3.1
5,0,33,1116,219,483,.453,123,258,.477,96,225,.427,132,178,.742,29,74,103,68,69,6,42,54,666
5,1,33,33.8,6.6,14.6,.453,3.7,7.8,.477,2.9,6.8,.427,4.0,5.4,.742,3.1,2.1,2.1,0.2,1.3,1.6,20.2
5,2,33,1116,7.8,17.3,.453,4.4,9.2,.477,3.4,8.1,.427,4.7,6.4,.742,3.7,2.4,2.5,0.2,1.5,1.9,23.9
5,3,33,1116,12.1,26.6,.453,6.8,14.2,.477,5.3,12.4,.427,7.3,9.8,.742,5.7,3.8,3.8,0.3,2.3,3.0,36.7,,126.4,95.3
5,4,33,1116,27.5,.587,.553,.466,.369,574,2.9,7.3,5.1,13.2,3.8,0.6,6.9,27.9,,5.0,2.2,7.1,.256,,5.9,-1.6,4.2
6,0,3,40,3,10,.300,2,4,.500,1,6,.167,2,5,.400,2,3,5,9,7,0,0,2,9
6,1,3,13.3,1.0,3.3,.300,0.7,1.3,.500,0.3,2.0,.167,0.7,1.7,.400,1.7,3.0,2.3,0.0,0.0,0.7,3.0
6,2,3,40,3.0,10.0,.300,2.0,4.0,.500,1.0,6.0,.167,2.0,5.0,.400,5.0,9.0,7.0,0.0,0.0,2.0,9.0
6,3,3,40,4.6,15.4,.300,3.1,6.2,.500,1.5,9.2,.167,3.1,7.7,.400,7.7,13.9,10.8,0.0,0.0,3.1,13.9,,121.9,79.4
6,4,3,40,26.4,.364,.350,.600,.500,14,5.6,8.3,6.9,38.6,10.8,0.0,0.0,15.8,,0.1,0.1,0.2,.246,,3.8,4.4,8.2
7,0,32,1016,139,340,.409,97,207,.469,42,133,.316,68,86,.791,15,143,158,137,61,7,89,72,388
7,1,32,31.8,4.3,10.6,.409,3.0,6.5,.469,1.3,4.2,.316,2.1,2.7,.791,4.9,4.3,1.9,0.2,2.8,2.3,12.1
7,2,32,1016,5.5,13.4,.409,3.8,8.1,.469,1.7,5.2,.316,2.7,3.4,.791,6.2,5.4,2.4,0.3,3.5,2.8,15.3
7,3,32,1016,8.4,20.6,.409,5.9,12.5,.469,2.5,8.1,.316,4.1,5.2,.791,9.6,8.3,3.7,0.4,5.4,4.4,23.5,,103.1,91.0
7,4,32,1016,18.0,.509,.471,.391,.253,401,1.6,15.6,8.6,25.9,3.7,0.8,18.9,23.7,,1.5,2.4,3.9,.155,,-0.9,1.0,0.1
8,0,34,597,65,102,.637,65,101,.644,0,1,.000,23,54,.426,57,56,113,12,10,31,20,64,153
8,1,34,17.6,1.9,3.0,.637,1.9,3.0,.644,0.0,0.0,.000,0.7,1.6,.426,3.3,0.4,0.3,0.9,0.6,1.9,4.5
8,2,34,597,4.4,6.8,.637,4.4,6.8,.644,0.0,0.1,.000,1.5,3.6,.426,7.6,0.8,0.7,2.1,1.3,4.3,10.3
8,3,34,597,6.7,10.5,.637,6.7,10.4,.644,0.0,0.1,.000,2.4,5.6,.426,11.7,1.2,1.0,3.2,2.1,6.6,15.8,,120.0,97.1
8,4,34,597,16.2,.599,.637,.010,.529,150,10.6,10.4,10.5,3.7,1.0,6.3,13.5,12.7,,1.1,1.1,2.2,.147,,-1.9,1.7,-0.3
9,0,33,418,38,81,.469,36,69,.522,2,12,.167,21,35,.600,31,47,78,19,4,7,17,32,99
9,1,33,12.7,1.2,2.5,.469,1.1,2.1,.522,0.1,0.4,.167,0.6,1.1,.600,2.4,0.6,0.1,0.2,0.5,1.0,3.0
9,2,33,418,3.6,7.8,.469,3.4,6.6,.522,0.2,1.1,.167,2.0,3.3,.600,7.5,1.8,0.4,0.7,1.6,3.1,9.5
9,3,33,418,5.6,11.9,.469,5.3,10.2,.522,0.3,1.8,.167,3.1,5.2,.600,11.5,2.8,0.6,1.0,2.5,4.7,14.6,,109.2,99.0
9,4,33,418,12.3,.507,.481,.148,.432,106,8.2,12.5,10.3,8.0,0.6,2.0,14.8,14.0,,0.6,0.7,1.2,.117,,-3.6,-1.0,-4.6
10,0,33,719,84,199,.422,63,126,.500,21,73,.288,40,54,.741,59,141,200,39,26,8,37,84,229
10,1,33,21.8,2.5,6.0,.422,1.9,3.8,.500,0.6,2.2,.288,1.2,1.6,.741,6.1,1.2,0.8,0.2,1.1,2.5,6.9
10,2,33,719,4.7,11.1,.422,3.5,7.0,.500,1.2,4.1,.288,2.2,3.0,.741,11.1,2.2,1.4,0.4,2.1,4.7,12.7
10,3,33,719,7.2,17.0,.422,5.4,10.8,.500,1.8,6.3,.288,3.4,4.6,.741,17.1,3.3,2.2,0.7,3.2,7.2,19.6,,109.6,90.6
10,4,33,719,17.0,.510,.475,.367,.271,235,9.1,21.7,15.4,10.0,2.2,1.3,14.1,18.6,,1.3,1.7,3.0,.166,,-1.6,0.2,-1.4
11,0,22,153,24,55,.436,1,3,.333,23,52,.442,2,4,.500,5,6,11,15,8,1,8,17,73
11,1,22,7.0,1.1,2.5,.436,0.0,0.1,.333,1.0,2.4,.442,0.1,0.2,.500,0.5,0.7,0.4,0.0,0.4,0.8,3.3
11,2,22,153,6.3,14.4,.436,0.3,0.8,.333,6.0,13.6,.442,0.5,1.0,.500,2.9,3.9,2.1,0.3,2.1,4.4,19.1
11,3,22,153,9.7,22.1,.436,0.4,1.2,.333,9.3,20.9,.442,0.8,1.6,.500,4.4,6.0,3.2,0.4,3.2,6.8,29.4,,128.3,97.7
11,4,22,153,22.3,.641,.645,.945,.073,65,3.6,4.3,4.0,19.6,3.2,0.8,12.3,21.7,,0.6,0.3,0.8,.221,,5.7,-3.3,2.4
12,0,16,138,12,34,.353,8,10,.800,4,24,.167,3,11,.273,10,26,36,10,1,3,1,8,31
12,1,16,8.6,0.8,2.1,.353,0.5,0.6,.800,0.3,1.5,.167,0.2,0.7,.273,2.3,0.6,0.1,0.2,0.1,0.5,1.9
12,2,16,138,3.5,9.9,.353,2.3,2.9,.800,1.2,7.0,.167,0.9,3.2,.273,10.4,2.9,0.3,0.9,0.3,2.3,9.0
12,3,16,138,5.4,15.2,.353,3.6,4.5,.800,1.8,10.7,.167,1.3,4.9,.273,16.1,4.5,0.4,1.3,0.4,3.6,13.8,,109.2,94.8
12,4,16,138,13.6,.395,.412,.706,.324,36,8.0,20.9,14.5,12.7,0.4,2.6,2.5,14.9,,0.2,0.3,0.5,.134,,-2.1,-1.1,-3.2
