0,0,17,161,21,50,.420,19,43,.442,2,7,.286,7,9,.778,11,19,30,3,1,7,11,24,51
0,1,17,9.5,1.2,2.9,.420,1.1,2.5,.442,0.1,0.4,.286,0.4,0.5,.778,1.8,0.2,0.1,0.4,0.6,1.4,3.0
0,2,17,161,5.2,12.4,.420,4.7,10.7,.442,0.5,1.7,.286,1.7,2.2,.778,7.5,0.7,0.2,1.7,2.7,6.0,12.7
0,3,17,161,7.7,18.4,.420,7.0,15.9,.442,0.7,2.6,.286,2.6,3.3,.778,11.1,1.1,0.4,2.6,4.1,8.8,18.8,,90.6,104.3
0,4,17,161,9.9,.470,.440,.140,.180,48,8.0,13.9,10.9,3.9,0.4,4.5,16.9,20.6,,0.0,0.2,0.2,.045,,-6.6,-2.2,-8.8
1,0,15,102,10,22,.455,9,17,.529,1,5,.200,8,11,.727,6,11,17,3,4,0,7,7,29
1,1,15,6.8,0.7,1.5,.455,0.6,1.1,.529,0.1,0.3,.200,0.5,0.7,.727,1.1,0.2,0.3,0.0,0.5,0.5,1.9
1,2,15,102,3.9,8.6,.455,3.5,6.7,.529,0.4,2.0,.200,3.1,4.3,.727,6.7,1.2,1.6,0.0,2.7,2.7,11.4
1,3,15,102,5.8,12.8,.455,5.2,9.9,.529,0.6,2.9,.200,4.7,6.4,.727,9.9,1.7,2.3,0.0,4.1,4.1,16.9,,98.4,103.2
1,4,15,102,12.1,.533,.477,.227,.500,28,6.9,12.7,9.7,5.8,2.3,0.0,20.5,17.0,,0.1,0.1,0.2,.074,,-3.9,-2.2,-6.1
2,0,4,11,2,3,.667,2,3,.667,0,0,,1,1,1.000,0,2,2,0,0,0,1,4,5
2,1,4,2.8,0.5,0.8,.667,0.5,0.8,.667,0.0,0.0,,0.3,0.3,1.000,0.5,0.0,0.0,0.0,0.3,1.0,1.3
2,2,4,11,7.3,10.9,.667,7.3,10.9,.667,0.0,0.0,,3.6,3.6,1.000,7.3,0.0,0.0,0.0,3.6,14.5,18.2
2,3,4,11,10.8,16.2,.667,10.8,16.2,.667,0.0,0.0,,5.4,5.4,1.000,10.8,0.0,0.0,0.0,5.4,21.6,27.0,,106.4,102.7
2,4,4,11,11.3,.719,.667,.000,.333,4,0.0,21.4,10.6,0.0,0.0,0.0,22.3,20.7,,0.0,0.0,0.0,.107,,-6.7,-7.6,-14.2
3,0,28,686,82,227,.361,43,100,.430,39,127,.307,45,60,.750,16,34,50,33,26,7,42,50,248
3,1,28,24.5,2.9,8.1,.361,1.5,3.6,.430,1.4,4.5,.307,1.6,2.1,.750,1.8,1.2,0.9,0.3,1.5,1.8,8.9
3,2,28,686,4.8,13.2,.361,2.5,5.8,.430,2.3,7.4,.307,2.6,3.5,.750,2.9,1.9,1.5,0.4,2.4,2.9,14.5
3,3,28,686,7.1,19.6,.361,3.7,8.7,.430,3.4,11.0,.307,3.9,5.2,.750,4.3,2.9,2.2,0.6,3.6,4.3,21.5,,96.5,105.8
3,4,28,686,11.5,.485,.447,.559,.264,226,2.7,5.8,4.3,9.9,2.2,1.1,14.1,22.0,,0.5,0.6,1.1,.063,,-1.9,-2.7,-4.6
4,0,28,835,106,250,.424,64,134,.478,42,116,.362,80,106,.755,20,72,92,118,26,8,67,64,334
4,1,28,29.8,3.8,8.9,.424,2.3,4.8,.478,1.5,4.1,.362,2.9,3.8,.755,3.3,4.2,0.9,0.3,2.4,2.3,11.9
4,2,28,835,5.1,12.0,.424,3.1,6.4,.478,2.0,5.6,.362,3.8,5.1,.755,4.4,5.7,1.2,0.4,3.2,3.1,16.0
4,3,28,835,7.5,17.8,.424,4.6,9.5,.478,3.0,8.2,.362,5.7,7.5,.755,6.5,8.4,1.8,0.6,4.8,4.6,23.7,,109.7,104.8
4,4,28,835,17.9,.556,.508,.464,.424,347,2.8,10.1,6.4,29.6,1.8,1.0,18.2,22.4,,1.9,0.8,2.7,.128,,1.8,-2.4,-0.6
5,0,25,220,14,42,.333,12,28,.429,2,14,.143,10,11,.909,4,13,17,28,7,0,22,26,40
5,1,25,8.8,0.6,1.7,.333,0.5,1.1,.429,0.1,0.6,.143,0.4,0.4,.909,0.7,1.1,0.3,0.0,0.9,1.0,1.6
5,2,25,220,2.5,7.6,.333,2.2,5.1,.429,0.4,2.5,.143,1.8,2.0,.909,3.1,5.1,1.3,0.0,4.0,4.7,7.3
5,3,25,220,3.8,11.3,.333,3.2,7.6,.429,0.5,3.8,.143,2.7,3.0,.909,4.6,7.6,1.9,0.0,5.9,7.0,10.8,,80.2,106.3
5,4,25,220,4.9,.424,.357,.333,.262,51,2.1,6.9,4.5,23.5,1.9,0.0,31.8,16.0,,-0.2,0.2,0.0,.003,,-6.6,-3.2,-9.8
6,0,29,850,142,325,.437,61,125,.488,81,200,.405,64,69,.928,9,31,40,27,13,2,49,33,429
6,1,29,29.3,4.9,11.2,.437,2.1,4.3,.488,2.8,6.9,.405,2.2,2.4,.928,1.4,0.9,0.4,0.1,1.7,1.1,14.8
6,2,29,850,6.7,15.3,.437,2.9,5.9,.488,3.8,9.4,.405,3.0,3.2,.928,1.9,1.3,0.6,0.1,2.3,1.6,20.2
6,3,29,850,9.9,22.7,.437,4.3,8.7,.488,5.7,14.0,.405,4.5,4.8,.928,2.8,1.9,0.9,0.1,3.4,2.3,30.0,,113.3,110.0
6,4,29,850,17.1,.600,.562,.615,.212,348,1.2,4.3,2.8,7.3,0.9,0.2,12.0,24.3,,2.1,0.4,2.5,.119,,2.4,-5.4,-3.0
7,0,29,381,60,139,.432,60,139,.432,0,0,,40,63,.635,48,68,116,14,16,12,36,82,160
7,1,29,13.1,2.1,4.8,.432,2.1,4.8,.432,0.0,0.0,,1.4,2.2,.635,4.0,0.5,0.6,0.4,1.2,2.8,5.5
7,2,29,381,6.3,14.6,.432,6.3,14.6,.432,0.0,0.0,,4.2,6.6,.635,12.2,1.5,1.7,1.3,3.8,8.6,16.8
7,3,29,381,9.3,21.7,.432,9.3,21.7,.432,0.0,0.0,,6.2,9.8,.635,18.1,2.2,2.5,1.9,5.6,12.8,24.9,,94.5,96.8
7,4,29,381,16.4,.474,.432,.000,.453,163,14.7,21.0,17.8,8.2,2.5,3.3,17.6,27.3,,0.3,0.7,0.9,.096,,-5.1,-0.6,-5.7
8,0,17,255,30,64,.469,24,42,.571,6,22,.273,14,19,.737,14,24,38,19,7,2,18,22,80
8,1,17,15.0,1.8,3.8,.469,1.4,2.5,.571,0.4,1.3,.273,0.8,1.1,.737,2.2,1.1,0.4,0.1,1.1,1.3,4.7
8,2,17,255,4.7,10.0,.469,3.8,6.6,.571,0.9,3.5,.273,2.2,3.0,.737,6.0,3.0,1.1,0.3,2.8,3.5,12.5
8,3,17,255,7.0,14.9,.469,5.6,9.8,.571,1.4,5.1,.273,3.3,4.4,.737,8.8,4.4,1.6,0.5,4.2,5.1,18.6,,103.8,104.9
8,4,17,255,13.8,.548,.516,.344,.297,81,6.4,11.1,8.7,15.3,1.6,0.8,19.8,18.1,,0.3,0.2,0.6,.090,,-1.4,-2.0,-3.4
9,0,9,57,6,13,.462,6,13,.462,0,0,,1,2,.500,4,12,16,2,3,4,3,12,13
9,1,9,6.3,0.7,1.4,.462,0.7,1.4,.462,0.0,0.0,,0.1,0.2,.500,1.8,0.2,0.3,0.4,0.3,1.3,1.4
9,2,9,57,4.2,9.1,.462,4.2,9.1,.462,0.0,0.0,,0.7,1.4,.500,11.2,1.4,2.1,2.8,2.1,8.4,9.1
9,3,9,57,6.2,13.5,.462,6.2,13.5,.462,0.0,0.0,,1.0,2.1,.500,16.7,2.1,3.1,4.2,3.1,12.5,13.5,,93.1,91.9
9,4,9,57,13.9,.466,.462,.000,.154,13,8.2,24.7,16.4,7.0,3.1,7.3,17.7,15.1,,0.0,0.1,0.1,.099,,-5.8,4.0,-1.9
10,0,28,639,56,102,.549,55,98,.561,1,4,.250,30,37,.811,39,87,126,39,19,8,40,97,143
10,1,28,22.8,2.0,3.6,.549,2.0,3.5,.561,0.0,0.1,.250,1.1,1.3,.811,4.5,1.4,0.7,0.3,1.4,3.5,5.1
10,2,28,639,3.5,6.4,.549,3.4,6.1,.561,0.1,0.3,.250,1.9,2.3,.811,7.9,2.4,1.2,0.5,2.5,6.1,9.0
10,3,28,639,5.2,9.5,.549,5.1,9.1,.561,0.1,0.4,.250,2.8,3.4,.811,11.7,3.6,1.8,0.7,3.7,9.0,13.3,,106.9,101.9
10,4,28,639,12.0,.598,.554,.039,.363,155,7.1,16.0,11.5,11.8,1.8,1.3,25.1,12.7,,0.7,0.8,1.5,.096,,-2.1,0.5,-1.6
11,0,29,834,116,209,.555,116,209,.555,0,0,,85,139,.612,74,149,223,25,15,51,46,61,317
11,1,29,28.8,4.0,7.2,.555,4.0,7.2,.555,0.0,0.0,,2.9,4.8,.612,7.7,0.9,0.5,1.8,1.6,2.1,10.9
11,2,29,834,5.6,10.0,.555,5.6,10.0,.555,0.0,0.0,,4.1,6.7,.612,10.7,1.2,0.7,2.4,2.2,2.9,15.2
11,3,29,834,8.3,14.9,.555,8.3,14.9,.555,0.0,0.0,,6.1,9.9,.612,15.9,1.8,1.1,3.6,3.3,4.3,22.6,,113.1,99.3
11,4,29,834,21.2,.576,.555,.000,.665,304,10.3,21.0,15.6,6.4,1.1,6.3,14.3,19.6,,1.8,1.3,3.1,.148,,-1.5,1.4,-0.1
12,0,29,794,60,168,.357,53,135,.393,7,33,.212,55,83,.663,25,88,113,104,44,11,44,88,182
12,1,29,27.4,2.1,5.8,.357,1.8,4.7,.393,0.2,1.1,.212,1.9,2.9,.663,3.9,3.6,1.5,0.4,1.5,3.0,6.3
12,2,29,794,3.0,8.5,.357,2.7,6.8,.393,0.4,1.7,.212,2.8,4.2,.663,5.7,5.2,2.2,0.6,2.2,4.4,9.2
12,3,29,794,4.5,12.6,.357,4.0,10.1,.393,0.5,2.5,.212,4.1,6.2,.663,8.4,7.8,3.3,0.8,3.3,6.6,13.6,,99.5,100.0
12,4,29,794,13.1,.439,.378,.196,.494,224,3.7,13.0,8.3,24.7,3.3,1.4,17.5,16.1,,0.7,1.1,1.8,.090,,-2.4,0.9,-1.5
