0,0,20,438,65,160,.406,65,159,.409,0,1,.000,47,83,.566,49,76,125,6,8,13,49,67,177
0,1,20,21.9,3.3,8.0,.406,3.3,8.0,.409,0.0,0.1,.000,2.4,4.2,.566,6.3,0.3,0.4,0.7,2.5,3.4,8.9
0,2,20,438,5.9,14.6,.406,5.9,14.5,.409,0.0,0.1,.000,4.3,7.6,.566,11.4,0.5,0.7,1.2,4.5,6.1,16.2
0,3,20,438,9.1,22.3,.406,9.1,22.2,.409,0.0,0.1,.000,6.6,11.6,.566,17.4,0.8,1.1,1.8,6.8,9.3,24.7,,83.3,91.3
0,4,20,438,12.4,.444,.406,.006,.519,171,13.0,19.9,16.4,3.6,1.1,3.1,19.7,29.6,,-0.3,1.0,0.6,.057,,-8.8,-1.9,-10.6
1,0,22,438,35,102,.343,27,66,.409,8,36,.222,21,33,.636,28,60,88,14,9,15,22,43,99
1,1,22,19.9,1.6,4.6,.343,1.2,3.0,.409,0.4,1.6,.222,1.0,1.5,.636,4.0,0.6,0.4,0.7,1.0,2.0,4.5
1,2,22,438,3.2,9.3,.343,2.5,6.0,.409,0.7,3.3,.222,1.9,3.0,.636,8.0,1.3,0.8,1.4,2.0,3.9,9.0
1,3,22,438,4.9,14.2,.343,3.8,9.2,.409,1.1,5.0,.222,2.9,4.6,.636,12.3,2.0,1.3,2.1,3.1,6.0,13.8,,88.3,93.0
1,4,22,438,10.0,.421,.382,.353,.324,102,7.4,15.7,11.6,7.1,1.3,3.6,15.8,16.7,,0.0,0.9,0.9,.081,,-5.3,1.3,-4.1
2,0,29,828,81,209,.388,74,174,.425,7,35,.200,53,91,.582,21,65,86,39,17,8,54,46,222
2,1,29,28.6,2.8,7.2,.388,2.6,6.0,.425,0.2,1.2,.200,1.8,3.1,.582,3.0,1.3,0.6,0.3,1.9,1.6,7.7
2,2,29,828,3.9,10.1,.388,3.6,8.4,.425,0.3,1.7,.200,2.6,4.4,.582,4.2,1.9,0.8,0.4,2.6,2.2,10.7
2,3,29,828,6.0,15.4,.388,5.5,12.8,.425,0.5,2.6,.200,3.9,6.7,.582,6.3,2.9,1.3,0.6,4.0,3.4,16.4,,85.7,97.7
2,4,29,828,8.2,.440,.404,.167,.435,215,2.9,9.0,6.0,10.8,1.3,1.0,17.6,19.3,,-0.2,1.3,1.1,.053,,-5.9,-0.4,-6.3
3,0,19,194,18,62,.290,10,30,.333,8,32,.250,11,15,.733,3,20,23,14,0,0,8,19,55
3,1,19,10.2,0.9,3.3,.290,0.5,1.6,.333,0.4,1.7,.250,0.6,0.8,.733,1.2,0.7,0.0,0.0,0.4,1.0,2.9
3,2,19,194,3.7,12.8,.290,2.1,6.2,.333,1.6,6.6,.250,2.3,3.1,.733,4.7,2.9,0.0,0.0,1.6,3.9,11.3
3,3,19,194,5.7,19.5,.290,3.2,9.5,.333,2.5,10.1,.250,3.5,4.7,.733,7.2,4.4,0.0,0.0,2.5,6.0,17.3,,89.9,99.3
3,4,19,194,6.9,.398,.355,.516,.242,55,1.8,11.8,6.8,16.4,0.0,0.0,10.4,20.8,,0.0,0.3,0.3,.062,,-4.9,-3.7,-8.6
4,0,1,8,1,3,.333,1,3,.333,0,0,,0,0,,0,3,3,2,0,0,1,1,2
4,1,1,8.0,1.0,3.0,.333,1.0,3.0,.333,0.0,0.0,,0.0,0.0,,3.0,2.0,0.0,0.0,1.0,1.0,2.0
4,2,1,8,5.0,15.0,.333,5.0,15.0,.333,0.0,0.0,,0.0,0.0,,15.0,10.0,0.0,0.0,5.0,5.0,10.0
4,3,1,8,7.6,22.9,.333,7.6,22.9,.333,0.0,0.0,,0.0,0.0,,22.9,15.3,0.0,0.0,7.6,7.6,15.3,,75.3,85.3
4,4,1,8,10.2,.333,.333,.000,.000,3,0.0,43.0,21.6,61.3,0.0,0.0,25.0,26.1,,0.0,0.0,0.0,.038,,-8.2,1.4,-6.7
5,0,7,232,41,89,.461,24,46,.522,17,43,.395,24,33,.727,5,21,26,19,9,2,10,8,123
5,1,7,33.1,5.9,12.7,.461,3.4,6.6,.522,2.4,6.1,.395,3.4,4.7,.727,3.7,2.7,1.3,0.3,1.4,1.1,17.6
5,2,7,232,7.1,15.3,.461,4.1,7.9,.522,2.9,7.4,.395,4.1,5.7,.727,4.5,3.3,1.6,0.3,1.7,1.4,21.2
5,3,7,232,10.8,23.4,.461,6.3,12.1,.522,4.5,11.3,.395,6.3,8.7,.727,6.9,5.0,2.4,0.5,2.6,2.1,32.4,,121.5,94.9
5,4,7,232,25.6,.588,.556,.483,.371,110,2.5,10.4,6.5,23.0,2.4,0.9,8.7,25.8,,0.9,0.4,1.3,.228,,5.5,-1.3,4.2
6,0,5,50,4,11,.364,4,9,.444,0,2,.000,2,4,.500,1,4,5,4,3,0,2,2,10
6,1,5,10.0,0.8,2.2,.364,0.8,1.8,.444,0.0,0.4,.000,0.4,0.8,.500,1.0,0.8,0.6,0.0,0.4,0.4,2.0
6,2,5,50,3.2,8.8,.364,3.2,7.2,.444,0.0,1.6,.000,1.6,3.2,.500,4.0,3.2,2.4,0.0,1.6,1.6,8.0
6,3,5,50,4.9,13.4,.364,4.9,11.0,.444,0.0,2.4,.000,2.4,4.9,.500,6.1,4.9,3.7,0.0,2.4,2.4,12.2,,87.0,93.0
6,4,5,50,10.3,.388,.364,.182,.364,11,2.3,9.2,5.8,17.7,3.7,0.0,13.4,15.6,,0.0,0.1,0.1,.077,,-5.5,0.3,-5.2
7,0,29,740,128,254,.504,128,249,.514,0,5,.000,77,121,.636,65,165,230,24,27,28,80,87,333
7,1,29,25.5,4.4,8.8,.504,4.4,8.6,.514,0.0,0.2,.000,2.7,4.2,.636,7.9,0.8,0.9,1.0,2.8,3.0,11.5
7,2,29,740,6.9,13.7,.504,6.9,13.5,.514,0.0,0.3,.000,4.2,6.5,.636,12.4,1.3,1.5,1.5,4.3,4.7,18.0
7,3,29,740,10.6,21.0,.504,10.6,20.6,.514,0.0,0.4,.000,6.4,10.0,.636,19.0,2.0,2.2,2.3,6.6,7.2,27.5,,95.2,86.2
7,4,29,740,20.6,.535,.504,.020,.476,310,10.2,25.5,17.9,9.0,2.2,4.0,20.4,27.6,,0.6,2.0,2.6,.142,,-4.0,2.0,-2.0
8,0,25,477,52,137,.380,17,30,.567,35,107,.327,24,38,.632,5,24,29,23,11,1,32,23,163
8,1,25,19.1,2.1,5.5,.380,0.7,1.2,.567,1.4,4.3,.327,1.0,1.5,.632,1.2,0.9,0.4,0.0,1.3,0.9,6.5
8,2,25,477,4.4,11.5,.380,1.4,2.5,.567,2.9,9.0,.327,2.0,3.2,.632,2.4,1.9,0.9,0.1,2.7,1.9,13.7
8,3,25,477,6.7,17.6,.380,2.2,3.8,.567,4.5,13.7,.327,3.1,4.9,.632,3.7,2.9,1.4,0.1,4.1,2.9,20.9,,97.3,99.2
8,4,25,477,10.8,.526,.507,.781,.277,145,1.2,5.8,3.5,11.4,1.4,0.2,17.1,20.5,,0.4,0.7,1.1,.090,,-1.4,-3.0,-4.4
9,0,23,188,28,70,.400,22,44,.500,6,26,.231,8,14,.571,13,15,28,4,4,7,12,34,70
9,1,23,8.2,1.2,3.0,.400,1.0,1.9,.500,0.3,1.1,.231,0.3,0.6,.571,1.2,0.2,0.2,0.3,0.5,1.5,3.0
9,2,23,188,6.0,14.9,.400,4.7,9.4,.500,1.3,5.5,.231,1.7,3.0,.571,6.0,0.9,0.9,1.5,2.6,7.2,14.9
9,3,23,188,9.1,22.8,.400,7.2,14.3,.500,2.0,8.5,.231,2.6,4.6,.571,9.1,1.3,1.3,2.3,3.9,11.1,22.8,,90.6,95.1
9,4,23,188,11.3,.457,.443,.371,.200,64,8.0,9.1,8.6,5.5,1.3,3.9,13.5,24.6,,0.0,0.4,0.4,.082,,-4.5,-1.5,-6.1
10,0,29,835,62,166,.373,58,134,.433,4,32,.125,38,77,.494,24,110,134,106,55,11,83,69,166
10,1,29,28.8,2.1,5.7,.373,2.0,4.6,.433,0.1,1.1,.125,1.3,2.7,.494,4.6,3.7,1.9,0.4,2.9,2.4,5.7
10,2,29,835,3.0,8.0,.373,2.8,6.4,.433,0.2,1.5,.125,1.8,3.7,.494,6.4,5.1,2.6,0.5,4.0,3.3,8.0
10,3,29,835,4.5,12.2,.373,4.2,9.8,.433,0.3,2.3,.125,2.8,5.6,.494,9.8,7.8,4.0,0.8,6.1,5.1,12.2,,78.5,88.6
10,4,29,835,10.7,.410,.386,.193,.464,204,3.3,15.1,9.2,27.7,4.0,1.4,29.1,17.9,,-0.8,2.1,1.3,.060,,-5.5,3.3,-2.2
11,0,27,459,25,67,.373,24,59,.407,1,8,.125,10,29,.345,56,66,122,21,19,10,31,59,61
11,1,27,17.0,0.9,2.5,.373,0.9,2.2,.407,0.0,0.3,.125,0.4,1.1,.345,4.5,0.8,0.7,0.4,1.1,2.2,2.3
11,2,27,459,2.2,5.8,.373,2.1,5.1,.407,0.1,0.7,.125,0.9,2.5,.345,10.6,1.8,1.7,0.9,2.7,5.1,5.3
11,3,27,459,3.3,8.9,.373,3.2,7.9,.407,0.1,1.1,.125,1.3,3.9,.345,16.2,2.8,2.5,1.3,4.1,7.9,8.1,,80.6,90.4
11,4,27,459,9.5,.378,.381,.119,.433,86,14.1,16.5,15.3,9.6,2.5,2.3,27.7,12.7,,-0.3,1.1,0.8,.069,,-5.3,3.2,-2.2
12,0,29,802,66,156,.423,24,58,.414,42,98,.429,35,47,.745,5,23,28,39,15,2,50,31,209
12,1,29,27.7,2.3,5.4,.423,0.8,2.0,.414,1.4,3.4,.429,1.2,1.6,.745,1.0,1.3,0.5,0.1,1.7,1.1,7.2
12,2,29,802,3.3,7.8,.423,1.2,2.9,.414,2.1,4.9,.429,1.7,2.3,.745,1.4,1.9,0.7,0.1,2.5,1.5,10.4
12,3,29,802,5.0,11.9,.423,1.8,4.4,.414,3.2,7.5,.429,2.7,3.6,.745,2.1,3.0,1.1,0.2,3.8,2.4,15.9,,100.7,100.9
12,4,29,802,9.1,.586,.558,.628,.301,188,0.7,3.3,2.0,10.8,1.1,0.3,21.9,14.9,,0.7,1.0,1.7,.085,,-2.3,-2.1,-4.4
13,0,19,211,23,44,.523,23,44,.523,0,0,,2,11,.182,13,17,30,6,3,5,7,22,48
13,1,19,11.1,1.2,2.3,.523,1.2,2.3,.523,0.0,0.0,,0.1,0.6,.182,1.6,0.3,0.2,0.3,0.4,1.2,2.5
13,2,19,211,4.4,8.3,.523,4.4,8.3,.523,0.0,0.0,,0.4,2.1,.182,5.7,1.1,0.6,0.9,1.3,4.2,9.1
13,3,19,211,6.7,12.7,.523,6.7,12.7,.523,0.0,0.0,,0.6,3.2,.182,8.7,1.7,0.9,1.4,2.0,6.4,13.9,,98.4,97.3
13,4,19,211,10.5,.488,.523,.000,.250,46,7.1,9.2,8.2,6.7,0.9,2.5,12.4,13.9,,0.1,0.4,0.5,.091,,-4.9,0.0,-4.8
