0,0,25,329,19,40,.475,8,19,.421,11,21,.524,22,27,.815,9,42,51,25,6,1,26,28,71
0,1,25,13.2,0.8,1.6,.475,0.3,0.8,.421,0.4,0.8,.524,0.9,1.1,.815,2.0,1.0,0.2,0.0,1.0,1.1,2.8
0,2,25,329,2.3,4.9,.475,1.0,2.3,.421,1.3,2.6,.524,2.7,3.3,.815,6.2,3.0,0.7,0.1,3.2,3.4,8.6
0,3,25,329,3.3,6.9,.475,1.4,3.3,.421,1.9,3.6,.524,3.8,4.7,.815,8.9,4.3,1.0,0.2,4.5,4.9,12.3,,104.5,100.8
0,4,25,329,9.9,.672,.613,.525,.675,74,3.0,13.8,8.4,13.9,1.0,0.3,33.0,11.5,,0.3,0.4,0.7,.089,,-1.5,-0.2,-1.7
1,0,8,149,20,63,.317,4,22,.182,16,41,.390,2,10,.200,8,13,21,15,14,2,16,14,58
1,1,8,18.6,2.5,7.9,.317,0.5,2.8,.182,2.0,5.1,.390,0.3,1.3,.200,2.6,1.9,1.8,0.3,2.0,1.8,7.3
1,2,8,149,5.4,16.9,.317,1.1,5.9,.182,4.3,11.0,.390,0.5,2.7,.200,5.6,4.0,3.8,0.5,4.3,3.8,15.6
1,3,8,149,7.7,24.1,.317,1.5,8.4,.182,6.1,15.7,.390,0.8,3.8,.200,8.0,5.7,5.4,0.8,6.1,5.4,22.2,,86.0,92.5
1,4,8,149,13.4,.428,.444,.651,.159,58,5.8,9.4,7.6,21.4,5.4,1.5,19.1,26.9,,0.0,0.3,0.3,.070,,0.5,2.0,2.5
2,0,27,278,26,72,.361,24,63,.381,2,9,.222,13,24,.542,19,39,58,2,7,2,27,42,67
2,1,27,10.3,1.0,2.7,.361,0.9,2.3,.381,0.1,0.3,.222,0.5,0.9,.542,2.1,0.1,0.3,0.1,1.0,1.6,2.5
2,2,27,278,3.7,10.4,.361,3.5,9.1,.381,0.3,1.3,.222,1.9,3.5,.542,8.3,0.3,1.0,0.3,3.9,6.0,9.6
2,3,27,278,5.3,14.8,.361,4.9,12.9,.381,0.4,1.8,.222,2.7,4.9,.542,11.9,0.4,1.4,0.4,5.5,8.6,13.8,,71.9,98.6
2,4,27,278,3.6,.402,.375,.125,.333,64,7.4,15.1,11.3,1.4,1.4,0.8,24.5,19.0,,-0.4,0.4,0.0,-.001,,-8.3,-1.7,-9.9
3,0,21,138,12,31,.387,12,29,.414,0,2,.000,7,10,.700,8,24,32,4,3,1,14,15,31
3,1,21,6.6,0.6,1.5,.387,0.6,1.4,.414,0.0,0.1,.000,0.3,0.5,.700,1.5,0.2,0.1,0.0,0.7,0.7,1.5
3,2,21,138,3.5,9.0,.387,3.5,8.4,.414,0.0,0.6,.000,2.0,2.9,.700,9.3,1.2,0.9,0.3,4.1,4.3,9.0
3,3,21,138,5.0,12.8,.387,5.0,12.0,.414,0.0,0.8,.000,2.9,4.1,.700,13.2,1.7,1.2,0.4,5.8,6.2,12.8,,74.9,97.7
3,4,21,138,5.6,.434,.387,.065,.323,31,6.3,18.8,12.6,5.6,1.2,0.8,28.1,17.3,,-0.2,0.2,0.1,.017,,-7.6,-0.2,-7.9
4,0,28,469,67,152,.441,41,78,.526,26,74,.351,5,12,.417,31,37,68,21,29,5,36,33,165
4,1,28,16.8,2.4,5.4,.441,1.5,2.8,.526,0.9,2.6,.351,0.2,0.4,.417,2.4,0.8,1.0,0.2,1.3,1.2,5.9
4,2,28,469,5.7,13.0,.441,3.5,6.7,.526,2.2,6.3,.351,0.4,1.0,.417,5.8,1.8,2.5,0.4,3.1,2.8,14.1
4,3,28,469,8.2,18.5,.441,5.0,9.5,.526,3.2,9.0,.351,0.6,1.5,.417,8.3,2.6,3.5,0.6,4.4,4.0,20.1,,97.1,97.3
4,4,28,469,14.6,.523,.526,.487,.079,149,7.2,8.5,7.9,9.7,3.5,1.2,18.6,19.8,,0.4,0.8,1.1,.096,,0.6,1.0,1.6
5,0,30,519,70,124,.565,70,124,.565,0,0,,27,44,.614,45,78,123,8,4,19,39,62,167
5,1,30,17.3,2.3,4.1,.565,2.3,4.1,.565,0.0,0.0,,0.9,1.5,.614,4.1,0.3,0.1,0.6,1.3,2.1,5.6
5,2,30,519,5.4,9.6,.565,5.4,9.6,.565,0.0,0.0,,2.1,3.4,.614,9.5,0.6,0.3,1.5,3.0,4.8,12.9
5,3,30,519,7.7,13.6,.565,7.7,13.6,.565,0.0,0.0,,3.0,4.8,.614,13.5,0.9,0.4,2.1,4.3,6.8,18.4,,100.2,99.0
5,4,30,519,13.6,.576,.565,.000,.355,150,9.4,16.2,12.8,3.3,0.4,4.1,21.2,17.0,,0.5,0.7,1.2,.095,,-3.0,0.5,-2.5
6,0,30,895,91,229,.397,70,155,.452,21,74,.284,45,80,.563,32,107,139,130,34,6,80,61,248
6,1,30,29.8,3.0,7.6,.397,2.3,5.2,.452,0.7,2.5,.284,1.5,2.7,.563,4.6,4.3,1.1,0.2,2.7,2.0,8.3
6,2,30,895,4.1,10.2,.397,3.1,6.9,.452,0.9,3.3,.284,2.0,3.6,.563,6.2,5.8,1.5,0.3,3.6,2.7,11.1
6,3,30,895,5.8,14.6,.397,4.5,9.9,.452,1.3,4.7,.284,2.9,5.1,.563,8.9,8.3,2.2,0.4,5.1,3.9,15.8,,94.3,98.6
6,4,30,895,12.5,.464,.443,.323,.349,286,3.9,12.9,8.4,28.9,2.2,0.7,23.1,18.6,,0.5,1.3,1.8,.081,,-0.9,0.9,0.1
7,0,30,761,83,188,.441,75,147,.510,8,41,.195,37,71,.521,22,79,101,99,43,6,72,70,211
7,1,30,25.4,2.8,6.3,.441,2.5,4.9,.510,0.3,1.4,.195,1.2,2.4,.521,3.4,3.3,1.4,0.2,2.4,2.3,7.0
7,2,30,761,4.4,9.9,.441,3.9,7.7,.510,0.4,2.2,.195,1.9,3.7,.521,5.3,5.2,2.3,0.3,3.8,3.7,11.1
7,3,30,761,6.2,14.1,.441,5.6,11.0,.510,0.6,3.1,.195,2.8,5.3,.521,7.6,7.4,3.2,0.5,5.4,5.3,15.8,,91.3,96.8
7,4,30,761,12.2,.476,.463,.218,.378,234,3.1,11.2,7.2,26.3,3.2,0.9,24.5,18.5,,0.2,1.3,1.5,.077,,-1.7,1.6,-0.1
8,0,30,767,96,261,.368,28,72,.389,68,189,.360,29,39,.744,25,58,83,36,24,4,46,54,289
8,1,30,25.6,3.2,8.7,.368,0.9,2.4,.389,2.3,6.3,.360,1.0,1.3,.744,2.8,1.2,0.8,0.1,1.5,1.8,9.6
8,2,30,767,5.0,13.6,.368,1.5,3.8,.389,3.5,9.9,.360,1.5,2.0,.744,4.3,1.9,1.3,0.2,2.4,2.8,15.1
8,3,30,767,7.1,19.4,.368,2.1,5.4,.389,5.1,14.1,.360,2.2,2.9,.744,6.2,2.7,1.8,0.3,3.4,4.0,21.5,,103.3,101.6
8,4,30,767,12.5,.517,.498,.724,.149,256,3.5,8.2,5.9,9.8,1.8,0.6,14.1,20.3,,1.0,0.9,1.9,.101,,1.6,-1.2,0.5
9,0,29,665,110,238,.462,103,215,.479,7,23,.304,47,63,.746,60,113,173,19,12,23,68,88,274
9,1,29,22.9,3.8,8.2,.462,3.6,7.4,.479,0.2,0.8,.304,1.6,2.2,.746,6.0,0.7,0.4,0.8,2.3,3.0,9.4
9,2,29,665,6.6,14.3,.462,6.2,12.9,.479,0.4,1.4,.304,2.8,3.8,.746,10.4,1.1,0.7,1.4,4.1,5.3,16.5
9,3,29,665,9.4,20.4,.462,8.8,18.5,.479,0.6,2.0,.304,4.0,5.4,.746,14.9,1.6,1.0,2.0,5.8,7.6,23.5,,93.4,96.8
9,4,29,665,14.5,.511,.477,.097,.265,251,9.8,18.3,14.1,6.5,1.0,3.9,20.2,24.2,,0.4,1.1,1.5,.088,,-3.3,0.7,-2.6
10,0,24,376,34,90,.378,33,79,.418,1,11,.091,15,23,.652,31,44,75,16,23,2,29,38,84
10,1,24,15.7,1.4,3.8,.378,1.4,3.3,.418,0.0,0.5,.091,0.6,1.0,.652,3.1,0.7,1.0,0.1,1.2,1.6,3.5
10,2,24,376,3.6,9.6,.378,3.5,8.4,.418,0.1,1.2,.091,1.6,2.4,.652,8.0,1.7,2.4,0.2,3.1,4.0,8.9
10,3,24,376,5.2,13.7,.378,5.0,12.0,.418,0.2,1.7,.091,2.3,3.5,.652,11.4,2.4,3.5,0.3,4.4,5.8,12.8,,83.0,95.6
10,4,24,376,9.5,.416,.383,.122,.256,90,9.0,12.6,10.8,8.3,3.5,0.6,22.3,16.5,,-0.2,0.7,0.5,.053,,-3.8,2.1,-1.7
11,0,30,650,104,254,.409,83,183,.454,21,71,.296,66,100,.660,59,115,174,36,31,18,80,71,295
11,1,30,21.7,3.5,8.5,.409,2.8,6.1,.454,0.7,2.4,.296,2.2,3.3,.660,5.8,1.2,1.0,0.6,2.7,2.4,9.8
11,2,30,650,6.4,15.6,.409,5.1,11.3,.454,1.3,4.4,.296,4.1,6.2,.660,10.7,2.2,1.9,1.1,4.9,4.4,18.2
11,3,30,650,9.1,22.3,.409,7.3,16.1,.454,1.8,6.2,.296,5.8,8.8,.660,15.3,3.2,2.7,1.6,7.0,6.2,25.9,,91.4,93.2
11,4,30,650,16.6,.489,.451,.280,.394,282,9.9,19.1,14.5,12.5,2.7,3.1,21.0,28.1,,0.2,1.3,1.5,.095,,-1.6,1.9,0.4
12,0,17,79,2,8,.250,2,7,.286,0,1,.000,2,4,.500,4,4,8,9,1,0,6,11,6
12,1,17,4.6,0.1,0.5,.250,0.1,0.4,.286,0.0,0.1,.000,0.1,0.2,.500,0.5,0.5,0.1,0.0,0.4,0.6,0.4
12,2,17,79,1.0,4.1,.250,1.0,3.5,.286,0.0,0.5,.000,1.0,2.0,.500,4.1,4.6,0.5,0.0,3.0,5.6,3.0
12,3,17,79,1.4,5.8,.250,1.4,5.1,.286,0.0,0.7,.000,1.4,2.9,.500,5.8,6.5,0.7,0.0,4.3,8.0,4.3,,72.4,105.0
12,4,17,79,1.6,.303,.250,.125,.500,11,5.5,5.5,5.5,19.7,0.7,0.0,37.7,9.6,,-0.1,0.1,0.0,-.002,,-6.2,-1.3,-7.5
