0,0,5,127,16,32,.500,15,26,.577,1,6,.167,5,8,.625,5,12,17,6,3,2,6,8,38
0,1,5,25.4,3.2,6.4,.500,3.0,5.2,.577,0.2,1.2,.167,1.0,1.6,.625,3.4,1.2,0.6,0.4,1.2,1.6,7.6
0,2,5,127,5.0,10.1,.500,4.7,8.2,.577,0.3,1.9,.167,1.6,2.5,.625,5.4,1.9,0.9,0.6,1.9,2.5,12.0
0,3,5,127,7.8,15.5,.500,7.3,12.6,.577,0.5,2.9,.167,2.4,3.9,.625,8.2,2.9,1.5,1.0,2.9,3.9,18.4,,103.3,103.2
0,4,5,127,13.6,.531,.516,.188,.250,35,4.9,10.9,8.0,10.9,1.5,1.7,14.4,17.5,,0.2,0.1,0.3,.089,,-0.1,1.0,0.8
1,0,31,967,123,289,.426,57,124,.460,66,165,.400,79,105,.752,14,64,78,92,13,1,87,48,391
1,1,31,31.2,4.0,9.3,.426,1.8,4.0,.460,2.1,5.3,.400,2.5,3.4,.752,2.5,3.0,0.4,0.0,2.8,1.5,12.6
1,2,31,967,5.1,12.0,.426,2.4,5.1,.460,2.7,6.8,.400,3.3,4.3,.752,3.2,3.8,0.5,0.0,3.6,2.0,16.2
1,3,31,967,7.8,18.4,.426,3.6,7.9,.460,4.2,10.5,.400,5.0,6.7,.752,5.0,5.9,0.8,0.1,5.5,3.1,24.9,,104.3,107.0
1,4,31,967,14.5,.577,.540,.571,.363,373,1.8,7.6,4.8,22.0,0.8,0.1,20.4,23.5,,1.7,0.6,2.3,.097,,3.2,-1.8,1.4
2,0,33,1067,190,431,.441,127,278,.457,63,153,.412,100,148,.676,46,145,191,63,79,17,84,101,543
2,1,33,32.3,5.8,13.1,.441,3.8,8.4,.457,1.9,4.6,.412,3.0,4.5,.676,5.8,1.9,2.4,0.5,2.5,3.1,16.5
2,2,33,1067,7.1,16.2,.441,4.8,10.4,.457,2.4,5.7,.412,3.7,5.5,.676,7.2,2.4,3.0,0.6,3.1,3.8,20.4
2,3,33,1067,11.0,24.9,.441,7.3,16.0,.457,3.6,8.8,.412,5.8,8.5,.676,11.0,3.6,4.6,1.0,4.8,5.8,31.3,,104.2,93.8
2,4,33,1067,22.7,.542,.514,.355,.343,492,5.4,15.7,10.7,15.5,4.6,1.7,14.4,29.2,,2.2,2.1,4.3,.162,,4.2,3.4,7.6
3,0,21,159,7,20,.350,7,20,.350,0,0,,5,10,.500,18,18,36,0,6,3,4,25,19
3,1,21,7.6,0.3,1.0,.350,0.3,1.0,.350,0.0,0.0,,0.2,0.5,.500,1.7,0.0,0.3,0.1,0.2,1.2,0.9
3,2,21,159,1.8,5.0,.350,1.8,5.0,.350,0.0,0.0,,1.3,2.5,.500,9.1,0.0,1.5,0.8,1.0,6.3,4.8
3,3,21,159,2.7,7.7,.350,2.7,7.7,.350,0.0,0.0,,1.9,3.9,.500,13.9,0.0,2.3,1.2,1.5,9.7,7.4,,95.9,99.5
3,4,21,159,8.1,.384,.350,.000,.500,25,14.1,13.1,13.6,0.0,2.3,2.1,13.9,9.6,,0.1,0.2,0.3,.070,,-3.3,0.1,-3.2
4,0,21,165,19,38,.500,19,38,.500,0,0,,14,31,.452,23,20,43,0,4,8,7,22,52
4,1,21,7.9,0.9,1.8,.500,0.9,1.8,.500,0.0,0.0,,0.7,1.5,.452,2.0,0.0,0.2,0.4,0.3,1.0,2.5
4,2,21,165,4.6,9.2,.500,4.6,9.2,.500,0.0,0.0,,3.4,7.5,.452,10.4,0.0,1.0,1.9,1.7,5.3,12.6
4,3,21,165,7.1,14.2,.500,7.1,14.2,.500,0.0,0.0,,5.2,11.6,.452,16.0,0.0,1.5,3.0,2.6,8.2,19.4,,104.1,99.5
4,4,21,165,16.7,.493,.500,.000,.816,53,17.3,14.0,15.6,0.0,1.5,5.3,11.7,19.3,,0.2,0.2,0.5,.114,,-2.6,-1.6,-4.2
5,0,31,539,29,88,.330,17,31,.548,12,57,.211,16,23,.696,18,51,69,32,11,7,21,47,86
5,1,31,17.4,0.9,2.8,.330,0.5,1.0,.548,0.4,1.8,.211,0.5,0.7,.696,2.2,1.0,0.4,0.2,0.7,1.5,2.8
5,2,31,539,2.2,6.5,.330,1.3,2.3,.548,0.9,4.2,.211,1.2,1.7,.696,5.1,2.4,0.8,0.5,1.6,3.5,6.4
5,3,31,539,3.3,10.1,.330,1.9,3.5,.548,1.4,6.5,.211,1.8,2.6,.696,7.9,3.7,1.3,0.8,2.4,5.4,9.8,,94.6,103.7
5,4,31,539,7.3,.435,.398,.648,.261,99,4.2,10.9,7.7,11.7,1.3,1.4,17.5,11.8,,0.2,0.5,0.7,.054,,-0.7,1.5,0.8
6,0,3,5,1,1,1.000,1,1,1.000,0,0,,0,0,,0,0,0,0,0,0,1,1,2
6,1,3,1.7,0.3,0.3,1.000,0.3,0.3,1.000,0.0,0.0,,0.0,0.0,,0.0,0.0,0.0,0.0,0.3,0.3,0.7
6,2,3,5,8.0,8.0,1.000,8.0,8.0,1.000,0.0,0.0,,0.0,0.0,,0.0,0.0,0.0,0.0,8.0,8.0,16.0
6,3,3,5,12.3,12.3,1.000,12.3,12.3,1.000,0.0,0.0,,0.0,0.0,,0.0,0.0,0.0,0.0,12.3,12.3,24.6,,64.6,111.8
6,4,3,5,4.6,1.000,1.000,.000,.000,1,0.0,0.0,0.0,0.0,0.0,0.0,50.0,21.3,,0.0,0.0,0.0,-.078,,-4.8,-3.2,-8.0
7,0,33,709,22,61,.361,14,33,.424,8,28,.286,6,17,.353,9,47,56,101,47,2,92,77,58
7,1,33,21.5,0.7,1.8,.361,0.4,1.0,.424,0.2,0.8,.286,0.2,0.5,.353,1.7,3.1,1.4,0.1,2.8,2.3,1.8
7,2,33,709,1.2,3.4,.361,0.8,1.9,.424,0.5,1.6,.286,0.3,1.0,.353,3.2,5.7,2.7,0.1,5.2,4.3,3.3
7,3,33,709,1.9,5.3,.361,1.2,2.9,.424,0.7,2.4,.286,0.5,1.5,.353,4.9,8.8,4.1,0.2,8.0,6.7,5.0,,64.9,99.4
7,4,33,709,3.7,.420,.426,.459,.279,110,1.6,7.6,4.7,27.0,4.1,0.3,57.1,12.1,,-1.2,1.0,-0.2,-.013,,-4.8,2.4,-2.4
8,0,22,471,68,137,.496,45,84,.536,23,53,.434,39,50,.780,35,87,122,15,7,21,36,50,198
8,1,22,21.4,3.1,6.2,.496,2.0,3.8,.536,1.0,2.4,.434,1.8,2.3,.780,5.5,0.7,0.3,1.0,1.6,2.3,9.0
8,2,22,471,5.8,11.6,.496,3.8,7.1,.536,2.0,4.5,.434,3.3,4.2,.780,10.4,1.3,0.6,1.8,3.1,4.2,16.8
8,3,22,471,8.9,17.9,.496,5.9,11.0,.536,3.0,6.9,.434,5.1,6.5,.780,16.0,2.0,0.9,2.7,4.7,6.5,25.9,,109.9,97.6
8,4,22,471,20.5,.616,.580,.387,.365,177,9.2,21.3,15.5,7.7,0.9,4.9,18.3,22.2,,1.0,0.7,1.8,.151,,2.3,2.0,4.2
9,0,26,621,70,200,.350,28,80,.350,42,120,.350,19,21,.905,23,73,96,26,15,7,47,71,201
9,1,26,23.9,2.7,7.7,.350,1.1,3.1,.350,1.6,4.6,.350,0.7,0.8,.905,3.7,1.0,0.6,0.3,1.8,2.7,7.7
9,2,26,621,4.5,12.9,.350,1.8,5.2,.350,2.7,7.7,.350,1.2,1.4,.905,6.2,1.7,1.0,0.5,3.0,4.6,12.9
9,3,26,621,6.9,19.8,.350,2.8,7.9,.350,4.2,11.9,.350,1.9,2.1,.905,9.5,2.6,1.5,0.7,4.7,7.0,19.9,,89.4,101.8
9,4,26,621,9.4,.479,.455,.600,.105,186,4.6,13.6,9.3,9.4,1.5,1.2,18.3,22.0,,0.1,0.7,0.8,.050,,-0.7,0.2,-0.5
10,0,33,840,53,146,.363,8,22,.364,45,124,.363,17,19,.895,16,56,72,70,30,3,22,67,168
10,1,33,25.5,1.6,4.4,.363,0.2,0.7,.364,1.4,3.8,.363,0.5,0.6,.895,2.2,2.1,0.9,0.1,0.7,2.0,5.1
10,2,33,840,2.5,7.0,.363,0.4,1.0,.364,2.1,5.9,.363,0.8,0.9,.895,3.4,3.3,1.4,0.1,1.0,3.2,8.0
10,3,33,840,3.9,10.7,.363,0.6,1.6,.364,3.3,9.1,.363,1.2,1.4,.895,5.3,5.1,2.2,0.2,1.6,4.9,12.3,,118.0,103.7
10,4,33,840,11.3,.542,.517,.849,.130,180,2.4,7.7,5.1,16.8,2.2,0.4,12.4,11.2,,1.4,0.8,2.2,.104,,3.1,0.9,4.0
11,0,33,937,141,251,.562,141,251,.562,0,0,,87,156,.558,90,146,236,50,9,15,89,103,369
11,1,33,28.4,4.3,7.6,.562,4.3,7.6,.562,0.0,0.0,,2.6,4.7,.558,7.2,1.5,0.3,0.5,2.7,3.1,11.2
11,2,33,937,6.0,10.7,.562,6.0,10.7,.562,0.0,0.0,,3.7,6.7,.558,10.1,2.1,0.4,0.6,3.8,4.4,15.8
11,3,33,937,9.3,16.5,.562,9.3,16.5,.562,0.0,0.0,,5.7,10.3,.558,15.5,3.3,0.6,1.0,5.8,6.8,24.3,,102.0,101.4
11,4,33,937,17.1,.568,.562,.000,.622,366,12.0,18.0,15.1,13.0,0.6,1.7,21.5,23.5,,1.5,1.1,2.6,.111,,0.8,1.3,2.1
12,0,8,43,5,10,.500,4,5,.800,1,5,.200,0,0,,0,3,3,6,1,0,4,3,11
12,1,8,5.4,0.6,1.3,.500,0.5,0.6,.800,0.1,0.6,.200,0.0,0.0,,0.4,0.8,0.1,0.0,0.5,0.4,1.4
12,2,8,43,4.7,9.3,.500,3.7,4.7,.800,0.9,4.7,.200,0.0,0.0,,2.8,5.6,0.9,0.0,3.7,2.8,10.2
12,3,8,43,7.2,14.3,.500,5.7,7.2,.800,1.4,7.2,.200,0.0,0.0,,4.3,8.6,1.4,0.0,5.7,4.3,15.8,,95.1,105.4
12,4,8,43,10.2,.550,.550,.500,.000,12,0.0,8.0,4.2,31.5,1.4,0.0,28.6,17.3,,0.0,0.0,0.1,.056,,-1.5,-2.8,-4.3
