0,0,35,364,36,85,.424,26,54,.481,10,31,.323,12,16,.750,14,19,33,35,9,1,23,34,94
0,1,35,10.4,1.0,2.4,.424,0.7,1.5,.481,0.3,0.9,.323,0.3,0.5,.750,0.9,1.0,0.3,0.0,0.7,1.0,2.7
0,2,35,364,4.0,9.3,.424,2.9,5.9,.481,1.1,3.4,.323,1.3,1.8,.750,3.6,3.8,1.0,0.1,2.5,3.7,10.3
0,3,35,364,6.0,14.3,.424,4.4,9.1,.481,1.7,5.2,.323,2.0,2.7,.750,5.5,5.9,1.5,0.2,3.9,5.7,15.8,,103.8,102.0
0,4,35,364,9.8,.508,.482,.365,.188,101,4.6,7.2,5.8,17.3,1.5,0.3,19.9,16.2,,0.3,0.6,0.9,.097,,-2.0,-1.5,-3.5
1,0,12,27,0,1,.000,0,1,.000,0,0,,0,0,,0,2,2,0,0,1,4,10,0
1,1,12,2.3,0.0,0.1,.000,0.0,0.1,.000,0.0,0.0,,0.0,0.0,,0.2,0.0,0.0,0.1,0.3,0.8,0.0
1,2,12,27,0.0,1.5,.000,0.0,1.5,.000,0.0,0.0,,0.0,0.0,,3.0,0.0,0.0,1.5,5.9,14.8,0.0
1,3,12,27,0.0,2.3,.000,0.0,2.3,.000,0.0,0.0,,0.0,0.0,,4.5,0.0,0.0,2.3,9.0,22.6,0.0,,0.0,100.5
1,4,12,27,-14.5,.000,.000,.000,.000,0,0.0,10.2,4.7,0.0,0.0,4.3,80.0,9.4,,-0.1,0.0,-0.1,-.115,,-14.8,1.9,-12.8
2,0,34,416,29,72,.403,24,45,.533,5,27,.185,18,26,.692,12,13,25,43,10,3,24,48,81
2,1,34,12.2,0.9,2.1,.403,0.7,1.3,.533,0.1,0.8,.185,0.5,0.8,.692,0.7,1.3,0.3,0.1,0.7,1.4,2.4
2,2,34,416,2.8,6.9,.403,2.3,4.3,.533,0.5,2.6,.185,1.7,2.5,.692,2.4,4.1,1.0,0.3,2.3,4.6,7.8
2,3,34,416,4.3,10.6,.403,3.5,6.6,.533,0.7,4.0,.185,2.6,3.8,.692,3.7,6.3,1.5,0.4,3.5,7.0,11.9,,101.2,102.6
2,4,34,416,7.3,.480,.438,.375,.361,96,3.5,4.3,3.8,17.7,1.5,0.8,22.2,13.3,,0.3,0.6,0.9,.083,,-2.8,-1.4,-4.2
3,0,35,494,43,80,.538,43,80,.538,0,0,,15,23,.652,52,66,118,15,11,46,19,65,101
3,1,35,14.1,1.2,2.3,.538,1.2,2.3,.538,0.0,0.0,,0.4,0.7,.652,3.4,0.4,0.3,1.3,0.5,1.9,2.9
3,2,35,494,3.5,6.5,.538,3.5,6.5,.538,0.0,0.0,,1.2,1.9,.652,9.6,1.2,0.9,3.7,1.5,5.3,8.2
3,3,35,494,5.3,9.9,.538,5.3,9.9,.538,0.0,0.0,,1.9,2.8,.652,14.6,1.9,1.4,5.7,2.3,8.0,12.5,,116.9,93.0
3,4,35,494,16.0,.555,.538,.000,.288,114,12.6,18.3,15.3,5.4,1.4,10.8,17.3,11.3,,0.7,1.2,1.9,.151,,-1.9,6.3,4.5
4,0,14,37,1,3,.333,1,3,.333,0,0,,1,1,1.000,2,9,11,1,2,1,7,7,3
4,1,14,2.6,0.1,0.2,.333,0.1,0.2,.333,0.0,0.0,,0.1,0.1,1.000,0.8,0.1,0.1,0.1,0.5,0.5,0.2
4,2,14,37,1.1,3.2,.333,1.1,3.2,.333,0.0,0.0,,1.1,1.1,1.000,11.9,1.1,2.2,1.1,7.6,7.6,3.2
4,3,14,37,1.7,5.0,.333,1.7,5.0,.333,0.0,0.0,,1.7,1.7,1.000,18.2,1.7,3.3,1.7,11.6,11.6,5.0,,41.5,87.9
4,4,14,37,-0.8,.432,.333,.000,.333,4,6.5,33.4,19.0,4.3,3.3,3.1,66.8,14.4,,-0.1,0.1,0.0,-.047,,-12.9,4.4,-8.5
5,0,21,99,10,42,.238,5,18,.278,5,24,.208,9,14,.643,10,13,23,4,3,0,9,17,34
5,1,21,4.7,0.5,2.0,.238,0.2,0.9,.278,0.2,1.1,.208,0.4,0.7,.643,1.1,0.2,0.1,0.0,0.4,0.8,1.6
5,2,21,99,4.0,17.0,.238,2.0,7.3,.278,2.0,9.7,.208,3.6,5.7,.643,9.3,1.6,1.2,0.0,3.6,6.9,13.7
5,3,21,99,6.2,25.9,.238,3.1,11.1,.278,3.1,14.8,.208,5.6,8.6,.643,14.2,2.5,1.9,0.0,5.6,10.5,21.0,,81.3,97.6
5,4,21,99,4.4,.349,.298,.571,.333,36,12.1,18.0,14.9,7.3,1.9,0.0,15.6,29.7,,-0.1,0.2,0.1,.021,,-6.6,-3.8,-10.4
6,0,35,809,116,241,.481,73,128,.570,43,113,.381,61,88,.693,63,111,174,63,49,18,49,97,336
6,1,35,23.1,3.3,6.9,.481,2.1,3.7,.570,1.2,3.2,.381,1.7,2.5,.693,5.0,1.8,1.4,0.5,1.4,2.8,9.6
6,2,35,809,5.7,11.9,.481,3.6,6.3,.570,2.1,5.6,.381,3.0,4.4,.693,8.6,3.1,2.4,0.9,2.4,4.8,16.6
6,3,35,809,8.8,18.2,.481,5.5,9.7,.570,3.2,8.5,.381,4.6,6.6,.693,13.1,4.8,3.7,1.4,3.7,7.3,25.4,,120.5,92.2
6,4,35,809,22.3,.594,.571,.469,.365,327,9.3,18.8,13.8,15.3,3.7,2.6,14.8,20.9,,2.2,2.0,4.2,.208,,4.0,3.0,7.0
7,0,35,1060,155,369,.420,94,202,.465,61,167,.365,136,204,.667,42,90,132,100,29,2,58,70,507
7,1,35,30.3,4.4,10.5,.420,2.7,5.8,.465,1.7,4.8,.365,3.9,5.8,.667,3.8,2.9,0.8,0.1,1.7,2.0,14.5
7,2,35,1060,5.8,13.9,.420,3.5,7.6,.465,2.3,6.3,.365,5.1,7.7,.667,5.0,3.8,1.1,0.1,2.2,2.6,19.1
7,3,35,1060,8.9,21.3,.420,5.4,11.6,.465,3.5,9.6,.365,7.8,11.8,.667,7.6,5.8,1.7,0.1,3.3,4.0,29.2,,117.7,100.4
7,4,35,1060,19.2,.544,.503,.453,.553,486,4.8,11.6,8.0,18.6,1.7,0.2,11.1,25.2,,3.1,1.8,4.8,.182,,3.1,-1.4,1.7
8,0,15,24,1,5,.200,0,1,.000,1,4,.250,2,2,1.000,1,1,2,1,0,0,2,1,5
8,1,15,1.6,0.1,0.3,.200,0.0,0.1,.000,0.1,0.3,.250,0.1,0.1,1.000,0.1,0.1,0.0,0.0,0.1,0.1,0.3
8,2,15,24,1.7,8.3,.200,0.0,1.7,.000,1.7,6.7,.250,3.3,3.3,1.000,3.3,1.7,0.0,0.0,3.3,1.7,8.3
8,3,15,24,2.5,12.7,.200,0.0,2.5,.000,2.5,10.2,.250,5.1,5.1,1.000,5.1,2.5,0.0,0.0,5.1,2.5,12.7,,84.1,106.2
8,4,15,24,2.2,.420,.300,.800,.400,5,5.0,5.7,5.3,6.8,0.0,0.0,25.2,16.9,,0.0,0.0,0.0,.021,,-5.1,-3.7,-8.9
9,0,35,1010,175,325,.538,152,276,.551,23,49,.469,123,154,.799,86,161,247,70,48,19,42,100,496
9,1,35,28.9,5.0,9.3,.538,4.3,7.9,.551,0.7,1.4,.469,3.5,4.4,.799,7.1,2.0,1.4,0.5,1.2,2.9,14.2
9,2,35,1010,6.9,12.9,.538,6.0,10.9,.551,0.9,1.9,.469,4.9,6.1,.799,9.8,2.8,1.9,0.8,1.7,4.0,19.6
9,3,35,1010,10.6,19.6,.538,9.2,16.7,.551,1.4,3.0,.469,7.4,9.3,.799,14.9,4.2,2.9,1.1,2.5,6.0,30.0,,133.4,93.4
9,4,35,1010,27.3,.623,.574,.151,.474,472,10.2,21.9,15.6,14.4,2.9,2.2,9.5,22.2,,4.2,2.4,6.6,.261,,5.0,2.4,7.4
10,0,35,845,27,72,.375,24,47,.511,3,25,.120,48,76,.632,12,56,68,121,33,1,60,103,105
10,1,35,24.1,0.8,2.1,.375,0.7,1.3,.511,0.1,0.7,.120,1.4,2.2,.632,1.9,3.5,0.9,0.0,1.7,2.9,3.0
10,2,35,845,1.3,3.4,.375,1.1,2.2,.511,0.1,1.2,.120,2.3,3.6,.632,3.2,5.7,1.6,0.0,2.8,4.9,5.0
10,3,35,845,2.0,5.2,.375,1.7,3.4,.511,0.2,1.8,.120,3.5,5.5,.632,4.9,8.7,2.4,0.1,4.3,7.4,7.6,,96.5,99.4
10,4,35,845,7.0,.486,.396,.347,1.056,163,1.7,9.1,5.1,23.0,2.4,0.1,35.7,10.1,,0.2,1.5,1.7,.081,,-3.0,0.3,-2.7
11,0,20,66,4,12,.333,4,12,.333,0,0,,6,13,.462,3,5,8,1,1,2,4,12,14
11,1,20,3.3,0.2,0.6,.333,0.2,0.6,.333,0.0,0.0,,0.3,0.7,.462,0.4,0.1,0.1,0.1,0.2,0.6,0.7
11,2,20,66,2.4,7.3,.333,2.4,7.3,.333,0.0,0.0,,3.6,7.9,.462,4.8,0.6,0.6,1.2,2.4,7.3,8.5
11,3,20,66,3.7,11.1,.333,3.7,11.1,.333,0.0,0.0,,5.6,12.0,.462,7.4,0.9,0.9,1.9,3.7,11.1,13.0,,79.2,100.0
11,4,20,66,2.5,.385,.333,.000,1.083,14,5.4,10.4,7.8,2.6,0.9,3.5,18.0,17.1,,-0.1,0.1,0.0,.028,,-8.5,-0.5,-9.0
12,0,35,761,146,360,.406,65,133,.489,81,227,.357,35,44,.795,17,43,60,42,22,1,28,50,408
12,1,35,21.7,4.2,10.3,.406,1.9,3.8,.489,2.3,6.5,.357,1.0,1.3,.795,1.7,1.2,0.6,0.0,0.8,1.4,11.7
12,2,35,761,7.7,18.9,.406,3.4,7.0,.489,4.3,11.9,.357,1.8,2.3,.795,3.2,2.2,1.2,0.1,1.5,2.6,21.4
12,3,35,761,11.7,28.9,.406,5.2,10.7,.489,6.5,18.2,.357,2.8,3.5,.795,4.8,3.4,1.8,0.1,2.2,4.0,32.7,,116.0,101.5
12,4,35,761,18.2,.536,.518,.631,.122,339,2.7,7.8,5.0,11.9,1.8,0.2,6.8,27.4,,2.0,1.2,3.2,.169,,3.1,-3.7,-0.6
13,0,35,994,175,308,.568,161,269,.599,14,39,.359,96,131,.733,81,105,186,75,38,9,55,111,460
13,1,35,28.4,5.0,8.8,.568,4.6,7.7,.599,0.4,1.1,.359,2.7,3.7,.733,5.3,2.1,1.1,0.3,1.6,3.2,13.1
13,2,35,994,7.0,12.4,.568,6.5,10.8,.599,0.6,1.6,.359,3.9,5.3,.733,7.5,3.0,1.5,0.4,2.2,4.5,18.5
13,3,35,994,10.8,18.9,.568,9.9,16.5,.599,0.9,2.4,.359,5.9,8.0,.733,11.4,4.6,2.3,0.6,3.4,6.8,28.3,,126.4,97.4
13,4,35,994,23.1,.621,.591,.127,.425,440,9.8,14.5,12.0,15.8,2.3,1.1,12.9,21.8,,3.5,1.9,5.4,.217,,4.1,1.0,5.1
14,0,16,44,4,17,.235,2,5,.400,2,12,.167,7,8,.875,2,4,6,3,2,0,2,5,17
14,1,16,2.8,0.3,1.1,.235,0.1,0.3,.400,0.1,0.8,.167,0.4,0.5,.875,0.4,0.2,0.1,0.0,0.1,0.3,1.1
14,2,16,44,3.6,15.5,.235,1.8,4.5,.400,1.8,10.9,.167,6.4,7.3,.875,5.5,2.7,1.8,0.0,1.8,4.5,15.5
14,3,16,44,5.6,23.6,.235,2.8,6.9,.400,2.8,16.7,.167,9.7,11.1,.875,8.3,4.2,2.8,0.0,2.8,6.9,23.6,,101.4,97.6
14,4,16,44,11.5,.409,.294,.706,.471,17,5.4,12.5,8.7,12.1,2.8,0.0,8.8,26.4,,0.0,0.1,0.1,.119,,-1.4,-2.8,-4.3
