0,0,28,267,21,48,.438,15,29,.517,6,19,.316,15,23,.652,11,17,28,20,16,2,20,24,63
0,1,28,9.5,0.8,1.7,.438,0.5,1.0,.517,0.2,0.7,.316,0.5,0.8,.652,1.0,0.7,0.6,0.1,0.7,0.9,2.3
0,2,28,267,3.1,7.2,.438,2.2,4.3,.517,0.9,2.8,.316,2.2,3.4,.652,4.2,3.0,2.4,0.3,3.0,3.6,9.4
0,3,28,267,4.6,10.6,.438,3.3,6.4,.517,1.3,4.2,.316,3.3,5.1,.652,6.2,4.4,3.5,0.4,4.4,5.3,13.9,,99.9,94.4
0,4,28,267,11.0,.535,.500,.396,.479,68,5.1,8.1,6.6,12.6,3.5,0.9,25.3,14.8,,0.2,0.5,0.7,.111,,-0.9,1.4,0.5
1,0,31,560,41,99,.414,22,51,.431,19,48,.396,40,58,.690,8,34,42,45,15,5,39,46,141
1,1,31,18.1,1.3,3.2,.414,0.7,1.6,.431,0.6,1.5,.396,1.3,1.9,.690,1.4,1.5,0.5,0.2,1.3,1.5,4.5
1,2,31,560,2.9,7.1,.414,1.6,3.6,.431,1.4,3.4,.396,2.9,4.1,.690,3.0,3.2,1.1,0.4,2.8,3.3,10.1
1,3,31,560,4.3,10.4,.414,2.3,5.4,.431,2.0,5.0,.396,4.2,6.1,.690,4.4,4.7,1.6,0.5,4.1,4.8,14.8,,103.4,98.6
1,4,31,560,9.3,.557,.510,.485,.586,144,1.8,7.7,4.7,13.4,1.6,1.0,23.6,14.8,,0.5,0.9,1.4,.104,,-1.0,-0.4,-1.4
2,0,31,667,86,180,.478,61,114,.535,25,66,.379,62,78,.795,55,99,154,54,28,5,39,71,259
2,1,31,21.5,2.8,5.8,.478,2.0,3.7,.535,0.8,2.1,.379,2.0,2.5,.795,5.0,1.7,0.9,0.2,1.3,2.3,8.4
2,2,31,667,5.2,10.8,.478,3.7,6.8,.535,1.5,4.0,.379,3.7,4.7,.795,9.2,3.2,1.7,0.3,2.3,4.3,15.5
2,3,31,667,7.6,15.9,.478,5.4,10.0,.535,2.2,5.8,.379,5.5,6.9,.795,13.6,4.8,2.5,0.4,3.4,6.3,22.8,,123.7,92.8
2,4,31,667,20.5,.597,.547,.367,.433,266,10.3,18.8,14.5,14.9,2.5,0.9,15.2,19.2,,2.1,1.5,3.5,.212,,3.7,1.4,5.1
3,0,29,461,47,99,.475,41,84,.488,6,15,.400,17,24,.708,43,57,100,21,12,46,13,61,117
3,1,29,15.9,1.6,3.4,.475,1.4,2.9,.488,0.2,0.5,.400,0.6,0.8,.708,3.4,0.7,0.4,1.6,0.4,2.1,4.0
3,2,29,461,4.1,8.6,.475,3.6,7.3,.488,0.5,1.3,.400,1.5,2.1,.708,8.7,1.8,1.0,4.0,1.1,5.3,10.2
3,3,29,461,6.0,12.6,.475,5.2,10.7,.488,0.8,1.9,.400,2.2,3.1,.708,12.7,2.7,1.5,5.9,1.7,7.8,14.9,,122.2,90.5
3,4,29,461,17.7,.530,.505,.152,.242,128,11.6,15.6,13.6,8.0,1.5,11.3,10.5,13.4,,1.0,1.1,2.1,.180,,0.2,6.6,6.8
4,0,19,102,13,33,.394,11,21,.524,2,12,.167,10,17,.588,2,17,19,8,10,3,12,12,38
4,1,19,5.4,0.7,1.7,.394,0.6,1.1,.524,0.1,0.6,.167,0.5,0.9,.588,1.0,0.4,0.5,0.2,0.6,0.6,2.0
4,2,19,102,5.1,12.9,.394,4.3,8.2,.524,0.8,4.7,.167,3.9,6.7,.588,7.5,3.1,3.9,1.2,4.7,4.7,14.9
4,3,19,102,7.5,19.0,.394,6.3,12.1,.524,1.2,6.9,.167,5.8,9.8,.588,10.9,4.6,5.8,1.7,6.9,6.9,21.9,,85.9,83.6
4,4,19,102,14.1,.463,.424,.364,.515,37,2.4,21.1,11.7,14.4,5.8,3.3,22.6,26.0,,0.0,0.3,0.3,.104,,-4.7,4.3,-0.4
5,0,31,454,80,178,.449,32,64,.500,48,114,.421,9,18,.500,2,32,34,40,7,0,29,31,217
5,1,31,14.6,2.6,5.7,.449,1.0,2.1,.500,1.5,3.7,.421,0.3,0.6,.500,1.1,1.3,0.2,0.0,0.9,1.0,7.0
5,2,31,454,7.0,15.7,.449,2.8,5.6,.500,4.2,10.0,.421,0.8,1.6,.500,3.0,3.5,0.6,0.0,2.6,2.7,19.1
5,3,31,454,10.4,23.0,.449,4.1,8.3,.500,6.2,14.8,.421,1.2,2.3,.500,4.4,5.2,0.9,0.0,3.8,4.0,28.1,,112.6,100.2
5,4,31,454,16.0,.582,.584,.640,.101,183,0.5,8.9,4.7,17.7,0.9,0.0,13.5,23.7,,1.1,0.7,1.7,.152,,2.2,-3.8,-1.6
6,0,31,496,95,186,.511,75,127,.591,20,59,.339,60,89,.674,37,55,92,26,18,16,51,61,270
6,1,31,16.0,3.1,6.0,.511,2.4,4.1,.591,0.6,1.9,.339,1.9,2.9,.674,3.0,0.8,0.6,0.5,1.6,2.0,8.7
6,2,31,496,7.7,15.0,.511,6.0,10.2,.591,1.6,4.8,.339,4.8,7.2,.674,7.4,2.1,1.5,1.3,4.1,4.9,21.8
6,3,31,496,11.3,22.0,.511,8.9,15.0,.591,2.4,7.0,.339,7.1,10.5,.674,10.9,3.1,2.1,1.9,6.0,7.2,32.0,,108.7,93.7
6,4,31,496,21.2,.591,.565,.317,.478,241,9.3,14.0,11.6,10.9,2.1,3.7,18.3,28.1,,1.2,1.0,2.2,.180,,1.1,0.4,1.4
7,0,17,67,4,14,.286,0,5,.000,4,9,.444,7,7,1.000,0,3,3,1,1,0,4,12,19
7,1,17,3.9,0.2,0.8,.286,0.0,0.3,.000,0.2,0.5,.444,0.4,0.4,1.000,0.2,0.1,0.1,0.0,0.2,0.7,1.1
7,2,17,67,2.4,8.4,.286,0.0,3.0,.000,2.4,5.4,.444,4.2,4.2,1.000,1.8,0.6,0.6,0.0,2.4,7.2,11.3
7,3,17,67,3.5,12.3,.286,0.0,4.4,.000,3.5,7.9,.444,6.1,6.1,1.000,2.6,0.9,0.9,0.0,3.5,10.5,16.7,,102.7,100.8
7,4,17,67,4.4,.548,.429,.643,.500,16,0.0,5.7,2.8,2.4,0.9,0.0,18.8,15.9,,0.1,0.1,0.2,.091,,-2.7,-3.1,-5.9
8,0,28,370,75,161,.466,35,64,.547,40,97,.412,35,43,.814,8,32,40,36,16,5,35,50,225
8,1,28,13.2,2.7,5.8,.466,1.3,2.3,.547,1.4,3.5,.412,1.3,1.5,.814,1.4,1.3,0.6,0.2,1.3,1.8,8.0
8,2,28,370,8.1,17.4,.466,3.8,6.9,.547,4.3,10.5,.412,3.8,4.6,.814,4.3,3.9,1.7,0.5,3.8,5.4,24.3
8,3,28,370,11.9,25.6,.466,5.6,10.2,.547,6.4,15.4,.412,5.6,6.8,.814,6.4,5.7,2.5,0.8,5.6,7.9,35.7,,116.0,94.9
8,4,28,370,22.7,.620,.590,.602,.267,193,2.7,10.9,6.8,20.7,2.5,1.5,16.2,29.2,,1.2,0.7,2.0,.214,,4.8,-1.5,3.3
9,0,18,31,2,3,.667,2,2,1.000,0,1,.000,1,2,.500,0,2,2,1,0,0,2,4,5
9,1,18,1.7,0.1,0.2,.667,0.1,0.1,1.000,0.0,0.1,.000,0.1,0.1,.500,0.1,0.1,0.0,0.0,0.1,0.2,0.3
9,2,18,31,2.6,3.9,.667,2.6,2.6,1.000,0.0,1.3,.000,1.3,2.6,.500,2.6,1.3,0.0,0.0,2.6,5.2,6.5
9,3,18,31,3.8,5.7,.667,3.8,3.8,1.000,0.0,1.9,.000,1.9,3.8,.500,3.8,1.9,0.0,0.0,3.8,7.6,9.5,,86.3,102.1
9,4,18,31,2.3,.633,.667,.333,.667,4,0.0,8.2,4.1,5.3,0.0,0.0,33.6,9.6,,0.0,0.0,0.0,.045,,-3.8,-2.0,-5.8
10,0,30,229,22,40,.550,22,40,.550,0,0,,14,27,.519,29,23,52,9,4,13,24,40,58
10,1,30,7.6,0.7,1.3,.550,0.7,1.3,.550,0.0,0.0,,0.5,0.9,.519,1.7,0.3,0.1,0.4,0.8,1.3,1.9
10,2,30,229,3.8,7.0,.550,3.8,7.0,.550,0.0,0.0,,2.4,4.7,.519,9.1,1.6,0.7,2.3,4.2,7.0,10.1
10,3,30,229,5.6,10.3,.550,5.6,10.3,.550,0.0,0.0,,3.6,6.9,.519,13.3,2.3,1.0,3.3,6.2,10.3,14.9,,94.8,94.9
10,4,30,229,11.2,.549,.550,.000,.675,67,15.8,12.7,14.3,6.8,1.0,6.4,31.2,16.7,,0.1,0.5,0.6,.097,,-2.7,2.8,0.1
11,0,13,26,3,6,.500,3,3,1.000,0,3,.000,0,0,,2,3,5,1,0,0,1,2,6
11,1,13,2.0,0.2,0.5,.500,0.2,0.2,1.000,0.0,0.2,.000,0.0,0.0,,0.4,0.1,0.0,0.0,0.1,0.2,0.5
11,2,13,26,4.6,9.2,.500,4.6,4.6,1.000,0.0,4.6,.000,0.0,0.0,,7.7,1.5,0.0,0.0,1.5,3.1,9.2
11,3,13,26,6.8,13.6,.500,6.8,6.8,1.000,0.0,6.8,.000,0.0,0.0,,11.3,2.3,0.0,0.0,2.3,4.5,13.6,,107.3,100.2
11,4,13,26,9.7,.500,.500,.500,.000,6,9.6,14.6,12.1,6.9,0.0,0.0,14.3,13.4,,0.0,0.0,0.1,.103,,-1.1,-2.4,-3.5
12,0,31,834,150,280,.536,97,169,.574,53,111,.477,87,105,.829,51,116,167,53,37,12,46,86,440
12,1,31,26.9,4.8,9.0,.536,3.1,5.5,.574,1.7,3.6,.477,2.8,3.4,.829,5.4,1.7,1.2,0.4,1.5,2.8,14.2
12,2,31,834,7.2,13.4,.536,4.7,8.1,.574,2.5,5.3,.477,4.2,5.0,.829,8.0,2.5,1.8,0.6,2.2,4.1,21.1
12,3,31,834,10.6,19.7,.536,6.8,11.9,.574,3.7,7.8,.477,6.1,7.4,.829,11.8,3.7,2.6,0.8,3.2,6.1,31.0,,132.2,92.5
12,4,31,834,26.0,.667,.630,.396,.375,389,7.6,17.6,12.6,12.9,2.6,1.6,12.2,22.5,,3.6,1.8,5.4,.259,,6.4,1.1,7.5
13,0,31,807,31,86,.360,24,53,.453,7,33,.212,41,60,.683,7,47,54,125,44,0,50,86,110
13,1,31,26.0,1.0,2.8,.360,0.8,1.7,.453,0.2,1.1,.212,1.3,1.9,.683,1.7,4.0,1.4,0.0,1.6,2.8,3.5
13,2,31,807,1.5,4.3,.360,1.2,2.6,.453,0.3,1.6,.212,2.0,3.0,.683,2.7,6.2,2.2,0.0,2.5,4.3,5.5
13,3,31,807,2.3,6.3,.360,1.7,3.9,.453,0.5,2.4,.212,3.0,4.4,.683,3.9,9.1,3.2,0.0,3.6,6.3,8.0,,104.6,95.6
13,4,31,807,9.1,.480,.401,.384,.698,172,1.1,7.4,4.2,24.4,3.2,0.0,30.4,10.2,,0.7,1.5,2.2,.111,,-1.1,0.6,-0.5
14,0,31,854,168,295,.569,157,256,.613,11,39,.282,133,180,.739,76,124,200,109,36,5,64,88,480
14,1,31,27.5,5.4,9.5,.569,5.1,8.3,.613,0.4,1.3,.282,4.3,5.8,.739,6.5,3.5,1.2,0.2,2.1,2.8,15.5
14,2,31,854,7.9,13.8,.569,7.4,12.0,.613,0.5,1.8,.282,6.2,8.4,.739,9.4,5.1,1.7,0.2,3.0,4.1,22.5
14,3,31,854,11.6,20.3,.569,10.8,17.6,.613,0.8,2.7,.282,9.2,12.4,.739,13.8,7.5,2.5,0.3,4.4,6.1,33.0,,129.2,93.0
14,4,31,854,29.1,.631,.588,.132,.610,488,11.1,18.4,14.7,26.8,2.5,0.7,14.4,26.0,,4.2,1.8,6.1,.285,,7.1,1.8,8.9
