0,0,32,1186,159,318,.500,158,316,.500,1,2,.500,106,195,.544,120,244,364,51,29,27,85,91,425
0,1,32,37.1,5.0,9.9,.500,4.9,9.9,.500,0.0,0.1,.500,3.3,6.1,.544,11.4,1.6,0.9,0.8,2.7,2.8,13.3
0,2,32,1186,5.4,10.7,.500,5.3,10.7,.500,0.0,0.1,.500,3.6,6.6,.544,12.3,1.7,1.0,0.9,2.9,3.1,14.3
0,3,32,1186,8.4,16.7,.500,8.3,16.6,.500,0.1,0.1,.500,5.6,10.3,.544,19.1,2.7,1.5,1.4,4.5,4.8,22.3,,102.1,102.1
0,4,32,1186,19.5,.518,.502,.006,.613,433,12.3,23.7,18.2,11.4,1.5,2.4,17.2,22.3,,1.8,1.3,3.1,.105,,-0.6,0.8,0.1
1,0,30,415,27,90,.300,11,41,.268,16,49,.327,14,15,.933,3,17,20,12,7,1,28,35,84
1,1,30,13.8,0.9,3.0,.300,0.4,1.4,.268,0.5,1.6,.327,0.5,0.5,.933,0.7,0.4,0.2,0.0,0.9,1.2,2.8
1,2,30,415,2.6,8.7,.300,1.1,4.0,.268,1.5,4.7,.327,1.3,1.4,.933,1.9,1.2,0.7,0.1,2.7,3.4,8.1
1,3,30,415,4.1,13.5,.300,1.7,6.2,.268,2.4,7.4,.327,2.1,2.3,.933,3.0,1.8,1.1,0.2,4.2,5.3,12.6,,78.0,113.8
1,4,30,415,2.5,.432,.389,.544,.167,78,0.9,4.7,2.9,6.5,1.1,0.3,22.4,16.1,,-0.3,0.0,-0.3,-.031,,-5.6,-3.4,-9.0
2,0,25,349,25,67,.373,15,40,.375,10,27,.370,20,24,.833,22,42,64,11,12,2,20,23,80
2,1,25,14.0,1.0,2.7,.373,0.6,1.6,.375,0.4,1.1,.370,0.8,1.0,.833,2.6,0.4,0.5,0.1,0.8,0.9,3.2
2,2,25,349,2.9,7.7,.373,1.7,4.6,.375,1.1,3.1,.370,2.3,2.8,.833,7.3,1.3,1.4,0.2,2.3,2.6,9.2
2,3,25,349,4.5,12.0,.373,2.7,7.1,.375,1.8,4.8,.370,3.6,4.3,.833,11.4,2.0,2.1,0.4,3.6,4.1,14.3,,98.8,106.6
2,4,25,349,11.7,.510,.448,.403,.358,82,7.7,13.9,10.9,7.2,2.1,0.6,20.3,15.1,,0.3,0.2,0.5,.058,,-2.2,-1.2,-3.4
3,0,20,661,70,215,.326,51,129,.395,19,86,.221,67,86,.779,11,29,40,46,39,1,62,46,226
3,1,20,33.1,3.5,10.8,.326,2.6,6.5,.395,1.0,4.3,.221,3.4,4.3,.779,2.0,2.3,2.0,0.1,3.1,2.3,11.3
3,2,20,661,4.2,13.0,.326,3.1,7.8,.395,1.1,5.2,.221,4.1,5.2,.779,2.4,2.8,2.4,0.1,3.8,2.8,13.7
3,3,20,661,6.6,20.3,.326,4.8,12.2,.395,1.8,8.1,.221,6.3,8.1,.779,3.8,4.3,3.7,0.1,5.8,4.3,21.3,,86.1,107.8
3,4,20,661,10.3,.442,.370,.400,.400,223,2.0,5.1,3.6,17.2,3.7,0.2,19.5,25.7,,-0.2,0.4,0.2,.012,,-2.8,-1.9,-4.7
4,0,23,656,66,137,.482,53,106,.500,13,31,.419,44,59,.746,26,65,91,20,18,9,29,58,189
4,1,23,28.5,2.9,6.0,.482,2.3,4.6,.500,0.6,1.3,.419,1.9,2.6,.746,4.0,0.9,0.8,0.4,1.3,2.5,8.2
4,2,23,656,4.0,8.4,.482,3.2,6.5,.500,0.8,1.9,.419,2.7,3.6,.746,5.5,1.2,1.1,0.5,1.8,3.5,11.5
4,3,23,656,6.3,13.0,.482,5.0,10.1,.500,1.2,2.9,.419,4.2,5.6,.746,8.6,1.9,1.7,0.9,2.8,5.5,18.0,,111.0,108.3
4,4,23,656,14.0,.573,.529,.226,.431,176,4.8,11.4,8.2,7.4,1.7,1.5,14.9,15.8,,1.1,0.3,1.4,.088,,-0.5,-0.7,-1.2
5,0,4,6,2,2,1.000,2,2,1.000,0,0,,0,1,.000,0,1,1,1,0,0,2,0,4
5,1,4,1.5,0.5,0.5,1.000,0.5,0.5,1.000,0.0,0.0,,0.0,0.3,.000,0.3,0.3,0.0,0.0,0.5,0.0,1.0
5,2,4,6,13.3,13.3,1.000,13.3,13.3,1.000,0.0,0.0,,0.0,6.7,.000,6.7,6.7,0.0,0.0,13.3,0.0,26.7
5,3,4,6,20.8,20.8,1.000,20.8,20.8,1.000,0.0,0.0,,0.0,10.4,.000,10.4,10.4,0.0,0.0,20.8,0.0,41.6,,81.0,109.4
5,4,4,6,22.1,.808,1.000,.000,.500,3,0.0,19.2,9.9,93.9,0.0,0.0,44.7,39.8,,0.0,0.0,0.0,-.044,,2.5,-5.9,-3.4
6,0,1,2,0,0,,0,0,,0,0,,0,0,,0,0,0,0,0,0,1,1,0
6,1,1,2.0,0.0,0.0,,0.0,0.0,,0.0,0.0,,0.0,0.0,,0.0,0.0,0.0,0.0,1.0,1.0,0.0
6,2,1,2,0.0,0.0,,0.0,0.0,,0.0,0.0,,0.0,0.0,,0.0,0.0,0.0,0.0,20.0,20.0,0.0
6,3,1,2,0.0,0.0,,0.0,0.0,,0.0,0.0,,0.0,0.0,,0.0,0.0,0.0,0.0,31.2,31.2,0.0,,0.0,116.9
6,4,1,2,-42.0,,,,,0,0.0,0.0,0.0,0.0,0.0,0.0,100.0,26.7,,0.0,0.0,0.0,-.556,,-31.3,-0.9,-32.2
7,0,6,13,1,6,.167,1,3,.333,0,3,.000,0,0,,0,1,1,0,0,0,1,1,2
7,1,6,2.2,0.2,1.0,.167,0.2,0.5,.333,0.0,0.5,.000,0.0,0.0,,0.2,0.0,0.0,0.0,0.2,0.2,0.3
7,2,6,13,3.1,18.5,.167,3.1,9.2,.333,0.0,9.2,.000,0.0,0.0,,3.1,0.0,0.0,0.0,3.1,3.1,6.2
7,3,6,13,4.8,28.8,.167,4.8,14.4,.333,0.0,14.4,.000,0.0,0.0,,4.8,0.0,0.0,0.0,4.8,4.8,9.6,,34.2,114.3
7,4,6,13,-13.9,.167,.167,.500,.000,2,0.0,8.9,4.6,0.0,0.0,0.0,14.3,28.7,,-0.1,0.0,-0.1,-.264,,-17.9,-9.4,-27.3
8,0,31,1045,101,303,.333,42,129,.326,59,174,.339,67,89,.753,15,37,52,114,27,0,122,74,328
8,1,31,33.7,3.3,9.8,.333,1.4,4.2,.326,1.9,5.6,.339,2.2,2.9,.753,1.7,3.7,0.9,0.0,3.9,2.4,10.6
8,2,31,1045,3.9,11.6,.333,1.6,4.9,.326,2.3,6.7,.339,2.6,3.4,.753,2.0,4.4,1.0,0.0,4.7,2.8,12.6
8,3,31,1045,6.0,18.1,.333,2.5,7.7,.326,3.5,10.4,.339,4.0,5.3,.753,3.1,6.8,1.6,0.0,7.3,4.4,19.6,,86.2,113.1
8,4,31,1045,7.9,.475,.431,.574,.294,344,1.7,4.1,2.9,26.3,1.6,0.0,26.1,23.9,,-0.3,0.1,-0.2,-.008,,-2.3,-4.4,-6.7
9,0,15,95,7,12,.583,6,11,.545,1,1,1.000,0,2,.000,1,6,7,12,2,1,10,3,15
9,1,15,6.3,0.5,0.8,.583,0.4,0.7,.545,0.1,0.1,1.000,0.0,0.1,.000,0.5,0.8,0.1,0.1,0.7,0.2,1.0
9,2,15,95,2.9,5.1,.583,2.5,4.6,.545,0.4,0.4,1.000,0.0,0.8,.000,2.9,5.1,0.8,0.4,4.2,1.3,6.3
9,3,15,95,4.6,7.9,.583,3.9,7.2,.545,0.7,0.7,1.000,0.0,1.3,.000,4.6,7.9,1.3,0.7,6.6,2.0,9.8,,82.6,111.7
9,4,15,95,7.7,.579,.625,.083,.167,19,1.3,7.3,4.4,28.9,1.3,1.1,43.6,12.9,,0.0,0.0,0.0,-.009,,-6.1,-3.6,-9.7
10,0,31,313,36,87,.414,35,81,.432,1,6,.167,21,34,.618,27,44,71,11,2,9,19,26,94
10,1,31,10.1,1.2,2.8,.414,1.1,2.6,.432,0.0,0.2,.167,0.7,1.1,.618,2.3,0.4,0.1,0.3,0.6,0.8,3.0
10,2,31,313,4.6,11.1,.414,4.5,10.4,.432,0.1,0.8,.167,2.7,4.3,.618,9.1,1.4,0.3,1.2,2.4,3.3,12.0
10,3,31,313,7.2,17.3,.414,7.0,16.1,.432,0.2,1.2,.167,4.2,6.8,.618,14.1,2.2,0.4,1.8,3.8,5.2,18.7,,94.3,108.1
10,4,31,313,13.1,.456,.420,.069,.391,96,10.5,16.2,13.4,8.9,0.4,3.1,15.6,20.8,,0.2,0.2,0.4,.045,,-4.4,-1.9,-6.2
11,0,17,222,14,41,.341,6,14,.429,8,27,.296,1,2,.500,3,17,20,8,6,2,9,23,37
11,1,17,13.1,0.8,2.4,.341,0.4,0.8,.429,0.5,1.6,.296,0.1,0.1,.500,1.2,0.5,0.4,0.1,0.5,1.4,2.2
11,2,17,222,2.5,7.4,.341,1.1,2.5,.429,1.4,4.9,.296,0.2,0.4,.500,3.6,1.4,1.1,0.4,1.6,4.1,6.7
11,3,17,222,3.9,11.5,.341,1.7,3.9,.429,2.2,7.6,.296,0.3,0.6,.500,5.6,2.2,1.7,0.6,2.5,6.5,10.4,,86.7,109.9
11,4,17,222,5.3,.441,.439,.659,.049,36,1.6,8.8,5.3,8.0,1.7,1.0,17.7,12.3,,0.0,0.1,0.1,.011,,-3.7,-1.6,-5.3
12,0,28,982,103,273,.377,46,130,.354,57,143,.399,66,89,.742,19,112,131,35,28,5,50,50,329
12,1,28,35.1,3.7,9.8,.377,1.6,4.6,.354,2.0,5.1,.399,2.4,3.2,.742,4.7,1.3,1.0,0.2,1.8,1.8,11.8
12,2,28,982,4.2,11.1,.377,1.9,5.3,.354,2.3,5.8,.399,2.7,3.6,.742,5.3,1.4,1.1,0.2,2.0,2.0,13.4
12,3,28,982,6.5,17.3,.377,2.9,8.3,.354,3.6,9.1,.399,4.2,5.7,.742,8.3,2.2,1.8,0.3,3.2,3.2,20.9,,103.5,107.9
12,4,28,982,13.6,.522,.482,.524,.326,297,2.4,13.1,7.9,8.8,1.8,0.5,13.7,19.9,,1.3,0.6,1.9,.077,,0.2,-1.8,-1.6
13,0,30,505,48,80,.600,48,80,.600,0,0,,12,26,.462,40,50,90,10,10,31,43,70,108
13,1,30,16.8,1.6,2.7,.600,1.6,2.7,.600,0.0,0.0,,0.4,0.9,.462,3.0,0.3,0.3,1.0,1.4,2.3,3.6
13,2,30,505,3.8,6.3,.600,3.8,6.3,.600,0.0,0.0,,1.0,2.1,.462,7.1,0.8,0.8,2.5,3.4,5.5,8.6
13,3,30,505,5.9,9.9,.600,5.9,9.9,.600,0.0,0.0,,1.5,3.2,.462,11.1,1.2,1.2,3.8,5.3,8.6,13.3,,88.8,106.7
13,4,30,505,10.8,.585,.600,.000,.325,107,9.6,11.4,10.6,4.8,1.2,6.6,31.8,14.3,,0.0,0.3,0.4,.028,,-4.2,2.0,-2.2
