0,0,31,1142,184,351,.524,184,351,.524,0,0,,97,172,.564,135,253,388,33,35,31,75,79,465
0,1,31,36.8,5.9,11.3,.524,5.9,11.3,.524,0.0,0.0,,3.1,5.5,.564,12.5,1.1,1.1,1.0,2.4,2.5,15.0
0,2,31,1142,6.4,12.3,.524,6.4,12.3,.524,0.0,0.0,,3.4,6.0,.564,13.6,1.2,1.2,1.1,2.6,2.8,16.3
0,3,31,1142,9.8,18.6,.524,9.8,18.6,.524,0.0,0.0,,5.2,9.1,.564,20.6,1.8,1.9,1.6,4.0,4.2,24.7,,106.5,95.6
0,4,31,1142,22.6,.537,.524,.000,.490,454,13.8,24.4,19.3,7.0,1.9,2.9,14.8,23.0,,2.2,2.1,4.3,.150,,-0.2,0.9,0.7
1,0,10,227,15,42,.357,11,25,.440,4,17,.235,18,25,.720,5,13,18,16,7,0,18,14,52
1,1,10,22.7,1.5,4.2,.357,1.1,2.5,.440,0.4,1.7,.235,1.8,2.5,.720,1.8,1.6,0.7,0.0,1.8,1.4,5.2
1,2,10,227,2.6,7.4,.357,1.9,4.4,.440,0.7,3.0,.235,3.2,4.4,.720,3.2,2.8,1.2,0.0,3.2,2.5,9.2
1,3,10,227,4.0,11.2,.357,2.9,6.7,.440,1.1,4.5,.235,4.8,6.7,.720,4.8,4.3,1.9,0.0,4.8,3.7,13.9,,88.4,106.5
1,4,10,227,7.7,.483,.405,.405,.595,54,2.6,6.3,4.5,13.8,1.9,0.0,25.0,16.4,,0.0,0.2,0.2,.028,,-3.7,-1.8,-5.5
2,0,6,5,0,1,.000,0,0,,0,1,.000,2,2,1.000,0,0,0,0,0,0,1,0,2
2,1,6,0.8,0.0,0.2,.000,0.0,0.0,,0.0,0.2,.000,0.3,0.3,1.000,0.0,0.0,0.0,0.0,0.2,0.0,0.3
2,2,6,5,0.0,8.0,.000,0.0,0.0,,0.0,8.0,.000,16.0,16.0,1.000,0.0,0.0,0.0,0.0,8.0,0.0,16.0
2,3,6,5,0.0,12.1,.000,0.0,0.0,,0.0,12.1,.000,24.3,24.3,1.000,0.0,0.0,0.0,0.0,12.1,0.0,24.3,,77.0,114.4
2,4,6,5,1.6,.513,.000,1.000,2.000,2,0.0,0.0,0.0,0.0,0.0,0.0,33.9,30.6,,0.0,0.0,0.0,-.068,,-7.9,-8.1,-16.1
3,0,31,1173,155,376,.412,128,279,.459,27,97,.278,74,88,.841,36,116,152,95,40,5,94,84,411
3,1,31,37.8,5.0,12.1,.412,4.1,9.0,.459,0.9,3.1,.278,2.4,2.8,.841,4.9,3.1,1.3,0.2,3.0,2.7,13.3
3,2,31,1173,5.3,12.8,.412,4.4,9.5,.459,0.9,3.3,.278,2.5,3.0,.841,5.2,3.2,1.4,0.2,3.2,2.9,14.0
3,3,31,1173,8.0,19.5,.412,6.6,14.4,.459,1.4,5.0,.278,3.8,4.6,.841,7.9,4.9,2.1,0.3,4.9,4.3,21.3,,95.7,103.4
3,4,31,1173,13.3,.492,.448,.258,.234,406,3.6,10.9,7.4,18.2,2.1,0.5,18.4,22.6,,0.9,1.2,2.1,.071,,-1.2,-0.5,-1.6
4,0,8,11,2,5,.400,1,1,1.000,1,4,.250,0,0,,0,0,0,0,0,0,1,0,5
4,1,8,1.4,0.3,0.6,.400,0.1,0.1,1.000,0.1,0.5,.250,0.0,0.0,,0.0,0.0,0.0,0.0,0.1,0.0,0.6
4,2,8,11,7.3,18.2,.400,3.6,3.6,1.000,3.6,14.5,.250,0.0,0.0,,0.0,0.0,0.0,0.0,3.6,0.0,18.2
4,3,8,11,11.0,27.6,.400,5.5,5.5,1.000,5.5,22.1,.250,0.0,0.0,,0.0,0.0,0.0,0.0,5.5,0.0,27.6,,83.4,114.4
4,4,8,11,7.4,.500,.500,.800,.000,4,0.0,0.0,0.0,0.0,0.0,0.0,16.7,28.3,,0.0,0.0,0.0,-.027,,-3.9,-8.9,-12.8
5,0,21,80,3,12,.250,3,9,.333,0,3,.000,2,3,.667,2,6,8,0,0,4,4,12,8
5,1,21,3.8,0.1,0.6,.250,0.1,0.4,.333,0.0,0.1,.000,0.1,0.1,.667,0.4,0.0,0.0,0.2,0.2,0.6,0.4
5,2,21,80,1.5,6.0,.250,1.5,4.5,.333,0.0,1.5,.000,1.0,1.5,.667,4.0,0.0,0.0,2.0,2.0,6.0,4.0
5,3,21,80,2.3,9.1,.250,2.3,6.8,.333,0.0,2.3,.000,1.5,2.3,.667,6.1,0.0,0.0,3.0,3.0,9.1,6.1,,56.6,106.7
5,4,21,80,-0.9,.298,.250,.250,.250,8,2.9,8.3,5.7,0.0,0.0,5.3,23.0,11.3,,-0.1,0.1,-0.1,-.038,,-10.1,-1.1,-11.2
6,0,31,1145,132,346,.382,71,177,.401,61,169,.361,90,115,.783,8,42,50,115,36,3,105,71,415
6,1,31,36.9,4.3,11.2,.382,2.3,5.7,.401,2.0,5.5,.361,2.9,3.7,.783,1.6,3.7,1.2,0.1,3.4,2.3,13.4
6,2,31,1145,4.6,12.1,.382,2.5,6.2,.401,2.1,5.9,.361,3.1,4.0,.783,1.7,4.0,1.3,0.1,3.7,2.5,14.5
6,3,31,1145,7.0,18.3,.382,3.8,9.4,.401,3.2,9.0,.361,4.8,6.1,.783,2.6,6.1,1.9,0.2,5.6,3.8,22.0,,96.6,107.5
6,4,31,1145,12.0,.518,.470,.488,.332,406,0.8,4.0,2.5,21.8,1.9,0.3,20.8,22.9,,1.0,0.8,1.7,.060,,-0.4,-3.1,-3.5
7,0,31,850,70,205,.341,38,88,.432,32,117,.274,45,64,.703,23,78,101,72,22,3,46,56,217
7,1,31,27.4,2.3,6.6,.341,1.2,2.8,.432,1.0,3.8,.274,1.5,2.1,.703,3.3,2.3,0.7,0.1,1.5,1.8,7.0
7,2,31,850,3.3,9.6,.341,1.8,4.1,.432,1.5,5.5,.274,2.1,3.0,.703,4.8,3.4,1.0,0.1,2.2,2.6,10.2
7,3,31,850,5.0,14.6,.341,2.7,6.3,.432,2.3,8.4,.274,3.2,4.6,.703,7.2,5.1,1.6,0.2,3.3,4.0,15.5,,96.8,105.0
7,4,31,850,10.5,.461,.420,.571,.312,227,3.2,10.1,6.7,17.1,1.6,0.4,16.3,17.2,,0.5,0.8,1.3,.062,,-1.1,-1.4,-2.5
8,0,31,794,81,179,.453,81,178,.455,0,1,.000,48,78,.615,73,114,187,14,8,40,41,68,210
8,1,31,25.6,2.6,5.8,.453,2.6,5.7,.455,0.0,0.0,.000,1.5,2.5,.615,6.0,0.5,0.3,1.3,1.3,2.2,6.8
8,2,31,794,4.1,9.0,.453,4.1,9.0,.455,0.0,0.1,.000,2.4,3.9,.615,9.4,0.7,0.4,2.0,2.1,3.4,10.6
8,3,31,794,6.2,13.7,.453,6.2,13.6,.455,0.0,0.1,.000,3.7,6.0,.615,14.3,1.1,0.6,3.1,3.1,5.2,16.0,,98.5,101.6
8,4,31,794,13.7,.486,.453,.006,.436,213,10.8,15.8,13.4,3.7,0.6,5.4,16.0,16.8,,0.6,1.0,1.6,.080,,-3.9,0.8,-3.1
9,0,26,798,76,175,.434,55,108,.509,21,67,.313,17,30,.567,23,91,114,46,32,20,42,47,190
9,1,26,30.7,2.9,6.7,.434,2.1,4.2,.509,0.8,2.6,.313,0.7,1.2,.567,4.4,1.8,1.2,0.8,1.6,1.8,7.3
9,2,26,798,3.8,8.8,.434,2.8,5.4,.509,1.1,3.4,.313,0.9,1.5,.567,5.7,2.3,1.6,1.0,2.1,2.4,9.5
9,3,26,798,5.8,13.3,.434,4.2,8.2,.509,1.6,5.1,.313,1.3,2.3,.567,8.7,3.5,2.4,1.5,3.2,3.6,14.4,,96.3,100.6
9,4,26,798,12.4,.502,.494,.383,.171,185,3.4,12.6,8.1,12.0,2.4,2.7,18.2,15.0,,0.4,1.1,1.5,.074,,-1.6,1.8,0.1
