0,0,31,348,34,80,.425,11,25,.440,23,55,.418,19,26,.731,3,28,31,8,5,0,21,27,110
0,1,31,11.2,1.1,2.6,.425,0.4,0.8,.440,0.7,1.8,.418,0.6,0.8,.731,1.0,0.3,0.2,0.0,0.7,0.9,3.5
0,2,31,348,3.9,9.2,.425,1.3,2.9,.440,2.6,6.3,.418,2.2,3.0,.731,3.6,0.9,0.6,0.0,2.4,3.1,12.6
0,3,31,348,6.1,14.4,.425,2.0,4.5,.440,4.1,9.9,.418,3.4,4.7,.731,5.6,1.4,0.9,0.0,3.8,4.9,19.8,,104.9,105.2
0,4,31,348,10.5,.596,.569,.688,.325,92,1.1,9.4,5.5,4.9,0.9,0.0,18.5,17.4,,0.4,0.3,0.7,.084,,-0.5,-4.3,-4.8
1,0,32,1032,116,229,.507,111,214,.519,5,15,.333,61,88,.693,61,138,199,50,35,59,76,105,298
1,1,32,32.3,3.6,7.2,.507,3.5,6.7,.519,0.2,0.5,.333,1.9,2.8,.693,6.2,1.6,1.1,1.8,2.4,3.3,9.3
1,2,32,1032,4.5,8.9,.507,4.3,8.3,.519,0.2,0.6,.333,2.4,3.4,.693,7.7,1.9,1.4,2.3,2.9,4.1,11.6
1,3,32,1032,7.0,13.9,.507,6.7,13.0,.519,0.3,0.9,.333,3.7,5.3,.693,12.1,3.0,2.1,3.6,4.6,6.4,18.1,,100.5,95.9
1,4,32,1032,16.3,.550,.517,.066,.384,298,7.8,15.6,11.9,10.7,2.1,7.7,21.9,18.0,,1.1,1.8,2.9,.112,,-1.0,4.2,3.2
2,0,26,92,4,11,.364,4,11,.364,0,0,,5,7,.714,7,16,23,3,0,9,5,13,13
2,1,26,3.5,0.2,0.4,.364,0.2,0.4,.364,0.0,0.0,,0.2,0.3,.714,0.9,0.1,0.0,0.3,0.2,0.5,0.5
2,2,26,92,1.7,4.8,.364,1.7,4.8,.364,0.0,0.0,,2.2,3.0,.714,10.0,1.3,0.0,3.9,2.2,5.7,5.7
2,3,26,92,2.7,7.5,.364,2.7,7.5,.364,0.0,0.0,,3.4,4.8,.714,15.7,2.0,0.0,6.1,3.4,8.9,8.9,,91.8,95.9
2,4,26,92,10.7,.454,.364,.000,.636,16,10.0,20.3,15.4,6.2,0.0,13.3,25.9,11.2,,0.0,0.2,0.2,.077,,-5.5,5.2,-0.3
3,0,5,9,0,1,.000,0,0,,0,1,.000,0,0,,0,0,0,0,1,0,0,2,0
3,1,5,1.8,0.0,0.2,.000,0.0,0.0,,0.0,0.2,.000,0.0,0.0,,0.0,0.0,0.2,0.0,0.0,0.4,0.0
3,2,5,9,0.0,4.4,.000,0.0,0.0,,0.0,4.4,.000,0.0,0.0,,0.0,0.0,4.4,0.0,0.0,8.9,0.0
3,3,5,9,0.0,7.0,.000,0.0,0.0,,0.0,7.0,.000,0.0,0.0,,0.0,0.0,7.0,0.0,0.0,13.9,0.0,,0.0,95.4
3,4,5,9,-2.0,.000,.000,1.000,.000,0,0.0,0.0,0.0,0.0,7.0,0.0,0.0,5.9,,0.0,0.0,0.0,-.005,,-4.7,2.8,-2.0
4,0,26,358,23,68,.338,10,26,.385,13,42,.310,13,18,.722,2,30,32,18,17,0,24,26,72
4,1,26,13.8,0.9,2.6,.338,0.4,1.0,.385,0.5,1.6,.310,0.5,0.7,.722,1.2,0.7,0.7,0.0,0.9,1.0,2.8
4,2,26,358,2.6,7.6,.338,1.1,2.9,.385,1.5,4.7,.310,1.5,2.0,.722,3.6,2.0,1.9,0.0,2.7,2.9,8.0
4,3,26,358,4.0,11.9,.338,1.8,4.6,.385,2.3,7.4,.310,2.3,3.2,.722,5.6,3.2,3.0,0.0,4.2,4.6,12.6,,84.8,100.3
4,4,26,358,7.1,.470,.434,.618,.265,70,0.7,9.8,5.5,10.0,3.0,0.0,23.9,15.0,,-0.1,0.5,0.4,.042,,-3.0,-1.2,-4.2
5,0,3,2,0,0,,0,0,,0,0,,0,0,,0,0,0,0,0,0,0,2,0
5,1,3,0.7,0.0,0.0,,0.0,0.0,,0.0,0.0,,0.0,0.0,,0.0,0.0,0.0,0.0,0.0,0.7,0.0
5,2,3,2,0.0,0.0,,0.0,0.0,,0.0,0.0,,0.0,0.0,,0.0,0.0,0.0,0.0,0.0,40.0,0.0
5,3,3,2,0.0,0.0,,0.0,0.0,,0.0,0.0,,0.0,0.0,,0.0,0.0,0.0,0.0,0.0,62.7,0.0,,,106.8
5,4,3,2,-18.9,,,,,0,0.0,0.0,0.0,0.0,0.0,0.0,,0.0,,0.0,0.0,0.0,.027,,-5.0,-1.3,-6.3
6,0,32,1036,165,326,.506,157,303,.518,8,23,.348,111,152,.730,107,140,247,32,39,23,71,111,449
6,1,32,32.4,5.2,10.2,.506,4.9,9.5,.518,0.3,0.7,.348,3.5,4.8,.730,7.7,1.0,1.2,0.7,2.2,3.5,14.0
6,2,32,1036,6.4,12.6,.506,6.1,11.7,.518,0.3,0.9,.348,4.3,5.9,.730,9.5,1.2,1.5,0.9,2.7,4.3,17.3
6,3,32,1036,10.0,19.7,.506,9.5,18.3,.518,0.5,1.4,.348,6.7,9.2,.730,14.9,1.9,2.4,1.4,4.3,6.7,27.2,,111.7,97.1
6,4,32,1036,22.4,.564,.518,.071,.466,435,13.6,15.7,14.7,7.6,2.4,3.0,15.1,24.2,,2.8,1.7,4.5,.172,,2.0,0.0,1.9
7,0,32,1090,108,237,.456,103,217,.475,5,20,.250,167,209,.799,25,110,135,73,39,5,77,86,388
7,1,32,34.1,3.4,7.4,.456,3.2,6.8,.475,0.2,0.6,.250,5.2,6.5,.799,4.2,2.3,1.2,0.2,2.4,2.7,12.1
7,2,32,1090,4.0,8.7,.456,3.8,8.0,.475,0.2,0.7,.250,6.1,7.7,.799,5.0,2.7,1.4,0.2,2.8,3.2,14.2
7,3,32,1090,6.2,13.6,.456,5.9,12.5,.475,0.3,1.1,.250,9.6,12.0,.799,7.8,4.2,2.2,0.3,4.4,4.9,22.3,,110.4,100.6
7,4,32,1090,16.6,.577,.466,.084,.882,381,3.0,11.8,7.6,14.3,2.2,0.6,18.6,20.3,,2.3,1.4,3.7,.137,,0.5,-0.7,-0.2
8,0,27,210,5,17,.294,5,17,.294,0,0,,6,7,.857,16,24,40,8,6,4,8,30,16
8,1,27,7.8,0.2,0.6,.294,0.2,0.6,.294,0.0,0.0,,0.2,0.3,.857,1.5,0.3,0.2,0.1,0.3,1.1,0.6
8,2,27,210,1.0,3.2,.294,1.0,3.2,.294,0.0,0.0,,1.1,1.3,.857,7.6,1.5,1.1,0.8,1.5,5.7,3.0
8,3,27,210,1.5,5.1,.294,1.5,5.1,.294,0.0,0.0,,1.8,2.1,.857,11.9,2.4,1.8,1.2,2.4,9.0,4.8,,92.6,99.7
8,4,27,210,6.6,.394,.294,.000,.412,26,10.0,13.3,11.8,7.0,1.8,2.6,28.2,7.2,,0.0,0.3,0.3,.061,,-3.1,1.4,-1.8
9,0,32,1159,178,436,.408,152,354,.429,26,82,.317,65,89,.730,13,102,115,138,48,8,121,60,447
9,1,32,36.2,5.6,13.6,.408,4.8,11.1,.429,0.8,2.6,.317,2.0,2.8,.730,3.6,4.3,1.5,0.3,3.8,1.9,14.0
9,2,32,1159,6.1,15.0,.408,5.2,12.2,.429,0.9,2.8,.317,2.2,3.1,.730,4.0,4.8,1.7,0.3,4.2,2.1,15.4
9,3,32,1159,9.6,23.6,.408,8.2,19.1,.429,1.4,4.4,.317,3.5,4.8,.730,6.2,7.5,2.6,0.4,6.5,3.2,24.2,,91.0,100.6
9,4,32,1159,14.0,.467,.438,.188,.204,455,1.5,10.3,6.1,28.8,2.6,0.9,20.2,27.7,,0.4,1.5,1.9,.064,,-2.2,-1.2,-3.5
10,0,32,1081,96,217,.442,63,128,.492,33,89,.371,46,66,.697,63,102,165,53,29,24,49,96,271
10,1,32,33.8,3.0,6.8,.442,2.0,4.0,.492,1.0,2.8,.371,1.4,2.1,.697,5.2,1.7,0.9,0.8,1.5,3.0,8.5
10,2,32,1081,3.6,8.0,.442,2.3,4.7,.492,1.2,3.3,.371,1.7,2.4,.697,6.1,2.0,1.1,0.9,1.8,3.6,10.0
10,3,32,1081,5.6,12.6,.442,3.7,7.4,.492,1.9,5.2,.371,2.7,3.8,.697,9.6,3.1,1.7,1.4,2.8,5.6,15.7,,109.9,101.3
10,4,32,1081,13.7,.546,.518,.410,.304,277,7.6,11.0,9.4,10.2,1.7,3.0,16.5,14.7,,1.7,1.3,3.0,.110,,1.5,0.7,2.2
11,0,7,8,0,2,.000,0,1,.000,0,1,.000,0,0,,0,2,2,0,1,0,1,1,0
11,1,7,1.1,0.0,0.3,.000,0.0,0.1,.000,0.0,0.1,.000,0.0,0.0,,0.3,0.0,0.1,0.0,0.1,0.1,0.0
11,2,7,8,0.0,10.0,.000,0.0,5.0,.000,0.0,5.0,.000,0.0,0.0,,10.0,0.0,5.0,0.0,5.0,5.0,0.0
11,3,7,8,0.0,15.7,.000,0.0,7.8,.000,0.0,7.8,.000,0.0,0.0,,15.7,0.0,7.8,0.0,7.8,7.8,0.0,,0.0,78.5
11,4,7,8,-8.9,.000,.000,.500,.000,0,0.0,29.1,15.4,0.0,7.8,0.0,33.3,20.1,,-0.1,0.0,0.0,-.172,,-19.1,0.3,-18.8
