0,0,27,853,130,305,.426,93,197,.472,37,108,.343,86,155,.555,38,68,106,65,45,9,81,46,383
0,1,27,31.6,4.8,11.3,.426,3.4,7.3,.472,1.4,4.0,.343,3.2,5.7,.555,3.9,2.4,1.7,0.3,3.0,1.7,14.2
0,2,27,853,6.1,14.3,.426,4.4,9.2,.472,1.7,5.1,.343,4.0,7.3,.555,5.0,3.0,2.1,0.4,3.8,2.2,18.0
0,3,27,853,8.8,20.7,.426,6.3,13.4,.472,2.5,7.3,.343,5.8,10.5,.555,7.2,4.4,3.1,0.6,5.5,3.1,26.0,,98.0,105.4
0,4,27,853,16.9,.506,.487,.354,.508,366,4.8,9.0,6.9,16.8,3.1,1.1,17.6,26.1,,0.9,0.8,1.7,.079,,0.6,-2.2,-1.6
1,0,28,458,53,128,.414,53,127,.417,0,1,.000,41,56,.732,52,55,107,10,11,29,27,61,147
1,1,28,16.4,1.9,4.6,.414,1.9,4.5,.417,0.0,0.0,.000,1.5,2.0,.732,3.8,0.4,0.4,1.0,1.0,2.2,5.3
1,2,28,458,4.6,11.2,.414,4.6,11.1,.417,0.0,0.1,.000,3.6,4.9,.732,9.3,0.9,1.0,2.5,2.4,5.3,12.8
1,3,28,458,6.7,16.2,.414,6.7,16.0,.417,0.0,0.1,.000,5.2,7.1,.732,13.5,1.3,1.4,3.7,3.4,7.7,18.6,,101.3,104.0
1,4,28,458,15.5,.475,.414,.008,.438,152,12.2,13.6,12.9,4.5,1.4,6.4,14.9,19.2,,0.5,0.5,1.0,.086,,-3.4,-0.6,-4.0
2,0,1,1,2,2,1.000,0,0,,2,2,1.000,0,0,,0,0,0,0,0,0,0,0,6
2,1,1,1.0,2.0,2.0,1.000,0.0,0.0,,2.0,2.0,1.000,0.0,0.0,,0.0,0.0,0.0,0.0,0.0,0.0,6.0
2,2,1,1,80.0,80.0,1.000,0.0,0.0,,80.0,80.0,1.000,0.0,0.0,,0.0,0.0,0.0,0.0,0.0,0.0,240.0
2,3,1,1,115.7,115.7,1.000,0.0,0.0,,115.7,115.7,1.000,0.0,0.0,,0.0,0.0,0.0,0.0,0.0,0.0,347.1,,300.0,117.0
2,4,1,1,327.4,1.500,1.500,1.000,.000,5,0.0,0.0,0.0,0.0,0.0,0.0,0.0,97.0,,0.1,0.0,0.1,4.314,,100.0,-31.1,100.0
3,0,28,832,84,205,.410,50,116,.431,34,89,.382,42,60,.700,5,59,64,88,33,4,46,63,244
3,1,28,29.7,3.0,7.3,.410,1.8,4.1,.431,1.2,3.2,.382,1.5,2.1,.700,2.3,3.1,1.2,0.1,1.6,2.3,8.7
3,2,28,832,4.0,9.9,.410,2.4,5.6,.431,1.6,4.3,.382,2.0,2.9,.700,3.1,4.2,1.6,0.2,2.2,3.0,11.7
3,3,28,832,5.8,14.3,.410,3.5,8.1,.431,2.4,6.2,.382,2.9,4.2,.700,4.5,6.1,2.3,0.3,3.2,4.4,17.0,,106.8,107.7
3,4,28,832,12.9,.522,.493,.434,.293,247,0.6,8.0,4.3,21.0,2.3,0.5,16.5,16.3,,1.1,0.6,1.7,.083,,0.1,-3.1,-3.1
4,0,6,7,1,2,.500,1,2,.500,0,0,,0,0,,0,1,1,0,0,0,0,1,2
4,1,6,1.2,0.2,0.3,.500,0.2,0.3,.500,0.0,0.0,,0.0,0.0,,0.2,0.0,0.0,0.0,0.0,0.2,0.3
4,2,6,7,5.7,11.4,.500,5.7,11.4,.500,0.0,0.0,,0.0,0.0,,5.7,0.0,0.0,0.0,0.0,5.7,11.4
4,3,6,7,8.3,16.5,.500,8.3,16.5,.500,0.0,0.0,,0.0,0.0,,8.3,0.0,0.0,0.0,0.0,8.3,16.5,,110.4,109.0
4,4,6,7,9.0,.500,.500,.000,.000,2,0.0,16.2,7.9,0.0,0.0,0.0,0.0,13.9,,0.0,0.0,0.0,.070,,-6.3,-7.8,-14.0
5,0,9,37,4,9,.444,4,9,.444,0,0,,2,3,.667,1,1,2,0,3,0,3,6,10
5,1,9,4.1,0.4,1.0,.444,0.4,1.0,.444,0.0,0.0,,0.2,0.3,.667,0.2,0.0,0.3,0.0,0.3,0.7,1.1
5,2,9,37,4.3,9.7,.444,4.3,9.7,.444,0.0,0.0,,2.2,3.2,.667,2.2,0.0,3.2,0.0,3.2,6.5,10.8
5,3,9,37,6.3,14.1,.444,6.3,14.1,.444,0.0,0.0,,3.1,4.7,.667,3.1,0.0,4.7,0.0,4.7,9.4,15.6,,81.3,104.2
5,4,9,37,6.8,.480,.444,.000,.333,9,2.9,3.1,3.0,0.0,4.7,0.0,22.3,17.6,,0.0,0.0,0.0,.015,,-6.5,-2.9,-9.4
6,0,26,279,25,52,.481,24,49,.490,1,3,.333,14,18,.778,26,30,56,11,6,23,15,33,65
6,1,26,10.7,1.0,2.0,.481,0.9,1.9,.490,0.0,0.1,.333,0.5,0.7,.778,2.2,0.4,0.2,0.9,0.6,1.3,2.5
6,2,26,279,3.6,7.5,.481,3.4,7.0,.490,0.1,0.4,.333,2.0,2.6,.778,8.0,1.6,0.9,3.3,2.2,4.7,9.3
6,3,26,279,5.2,10.8,.481,5.0,10.2,.490,0.2,0.6,.333,2.9,3.7,.778,11.6,2.3,1.2,4.8,3.1,6.8,13.5,,107.0,104.1
6,4,26,279,14.9,.537,.490,.058,.346,71,10.0,12.2,11.1,7.6,1.2,8.3,19.9,13.1,,0.3,0.3,0.6,.089,,-2.4,1.7,-0.7
7,0,8,113,11,30,.367,9,22,.409,2,8,.250,7,11,.636,5,16,21,0,3,2,9,12,31
7,1,8,14.1,1.4,3.8,.367,1.1,2.8,.409,0.3,1.0,.250,0.9,1.4,.636,2.6,0.0,0.4,0.3,1.1,1.5,3.9
7,2,8,113,3.9,10.6,.367,3.2,7.8,.409,0.7,2.8,.250,2.5,3.9,.636,7.4,0.0,1.1,0.7,3.2,4.2,11.0
7,3,8,113,5.6,15.4,.367,4.6,11.3,.409,1.0,4.1,.250,3.6,5.6,.636,10.8,0.0,1.5,1.0,4.6,6.1,15.9,,80.6,105.0
7,4,8,113,6.9,.440,.400,.267,.367,28,4.8,16.1,10.3,0.0,1.5,1.8,20.4,19.0,,-0.1,0.1,0.0,.008,,-8.0,-5.7,-13.7
8,0,21,134,5,21,.238,1,3,.333,4,18,.222,3,5,.600,1,6,7,10,3,1,7,17,17
8,1,21,6.4,0.2,1.0,.238,0.0,0.1,.333,0.2,0.9,.222,0.1,0.2,.600,0.3,0.5,0.1,0.0,0.3,0.8,0.8
8,2,21,134,1.5,6.3,.238,0.3,0.9,.333,1.2,5.4,.222,0.9,1.5,.600,2.1,3.0,0.9,0.3,2.1,5.1,5.1
8,3,21,134,2.2,9.1,.238,0.4,1.3,.333,1.7,7.8,.222,1.3,2.2,.600,3.0,4.3,1.3,0.4,3.0,7.3,7.3,,78.3,110.7
8,4,21,134,2.0,.364,.333,.857,.238,20,0.8,5.1,2.9,13.1,1.3,0.7,23.0,11.0,,-0.1,0.1,0.0,-.007,,-4.7,-4.3,-8.9
9,0,28,825,75,205,.366,48,123,.390,27,82,.329,58,71,.817,27,79,106,65,28,24,44,72,235
9,1,28,29.5,2.7,7.3,.366,1.7,4.4,.390,1.0,2.9,.329,2.1,2.5,.817,3.8,2.3,1.0,0.9,1.6,2.6,8.4
9,2,28,825,3.6,9.9,.366,2.3,6.0,.390,1.3,4.0,.329,2.8,3.4,.817,5.1,3.2,1.4,1.2,2.1,3.5,11.4
9,3,28,825,5.3,14.4,.366,3.4,8.6,.390,1.9,5.8,.329,4.1,5.0,.817,7.4,4.6,2.0,1.7,3.1,5.0,16.5,,104.4,105.9
9,4,28,825,13.2,.492,.432,.400,.346,242,3.5,10.9,7.1,15.3,2.0,2.9,15.6,16.6,,1.0,0.7,1.7,.082,,-0.6,-0.9,-1.5
10,0,10,81,10,28,.357,5,11,.455,5,17,.294,11,17,.647,5,12,17,6,1,2,7,6,36
10,1,10,8.1,1.0,2.8,.357,0.5,1.1,.455,0.5,1.7,.294,1.1,1.7,.647,1.7,0.6,0.1,0.2,0.7,0.6,3.6
10,2,10,81,4.9,13.8,.357,2.5,5.4,.455,2.5,8.4,.294,5.4,8.4,.647,8.4,3.0,0.5,1.0,3.5,3.0,17.8
10,3,10,81,7.1,20.0,.357,3.6,7.9,.455,3.6,12.1,.294,7.9,12.1,.647,12.1,4.3,0.7,1.4,5.0,4.3,25.7,,101.9,106.4
10,4,10,81,16.6,.499,.446,.607,.607,36,6.6,16.8,11.6,15.4,0.7,2.5,16.3,25.8,,0.1,0.1,0.2,.094,,0.1,-4.3,-4.2
11,0,28,850,137,245,.559,137,245,.559,0,0,,94,139,.676,125,183,308,25,16,31,67,81,368
11,1,28,30.4,4.9,8.8,.559,4.9,8.8,.559,0.0,0.0,,3.4,5.0,.676,11.0,0.9,0.6,1.1,2.4,2.9,13.1
11,2,28,850,6.4,11.5,.559,6.4,11.5,.559,0.0,0.0,,4.4,6.5,.676,14.5,1.2,0.8,1.5,3.2,3.8,17.3
11,3,28,850,9.3,16.7,.559,9.3,16.7,.559,0.0,0.0,,6.4,9.5,.676,21.0,1.7,1.1,2.1,4.6,5.5,25.0,,113.8,101.5
11,4,28,850,23.9,.592,.559,.000,.567,368,15.8,24.4,20.0,6.6,1.1,3.7,17.7,21.6,,2.2,1.1,3.3,.156,,0.8,-1.4,-0.6
12,0,21,240,22,76,.289,8,23,.348,14,53,.264,6,7,.857,1,10,11,13,13,2,9,20,64
12,1,21,11.4,1.0,3.6,.289,0.4,1.1,.348,0.7,2.5,.264,0.3,0.3,.857,0.5,0.6,0.6,0.1,0.4,1.0,3.0
12,2,21,240,3.7,12.7,.289,1.3,3.8,.348,2.3,8.8,.264,1.0,1.2,.857,1.8,2.2,2.2,0.3,1.5,3.3,10.7
12,3,21,240,5.3,18.3,.289,1.9,5.5,.348,3.4,12.8,.264,1.4,1.7,.857,2.7,3.1,3.1,0.5,2.2,4.8,15.4,,90.8,107.1
12,4,21,240,7.9,.403,.382,.697,.092,60,0.4,4.7,2.5,10.5,3.1,0.8,10.2,17.8,,0.0,0.2,0.2,.035,,-2.5,-3.9,-6.4
13,0,10,122,5,16,.313,3,10,.300,2,6,.333,4,7,.571,0,5,5,12,8,0,18,15,16
13,1,10,12.2,0.5,1.6,.313,0.3,1.0,.300,0.2,0.6,.333,0.4,0.7,.571,0.5,1.2,0.8,0.0,1.8,1.5,1.6
13,2,10,122,1.6,5.2,.313,1.0,3.3,.300,0.7,2.0,.333,1.3,2.3,.571,1.6,3.9,2.6,0.0,5.9,4.9,5.2
13,3,10,122,2.4,7.6,.313,1.4,4.7,.300,0.9,2.8,.333,1.9,3.3,.571,2.4,5.7,3.8,0.0,8.5,7.1,7.6,,57.1,105.8
13,4,10,122,0.4,.414,.375,.375,.438,20,0.0,4.6,2.3,17.4,3.8,0.0,48.2,14.8,,-0.3,0.1,-0.2,-.067,,-8.4,-2.5,-10.9
14,0,27,818,120,294,.408,90,206,.437,30,88,.341,75,117,.641,38,86,124,36,26,11,56,70,345
14,1,27,30.3,4.4,10.9,.408,3.3,7.6,.437,1.1,3.3,.341,2.8,4.3,.641,4.6,1.3,1.0,0.4,2.1,2.6,12.8
14,2,27,818,5.9,14.4,.408,4.4,10.1,.437,1.5,4.3,.341,3.7,5.7,.641,6.1,1.8,1.3,0.5,2.7,3.4,16.9
14,3,27,818,8.5,20.8,.408,6.4,14.6,.437,2.1,6.2,.341,5.3,8.3,.641,8.8,2.5,1.8,0.8,4.0,5.0,24.4,,100.3,106.5
14,4,27,818,14.9,.493,.459,.299,.398,320,5.0,11.9,8.4,9.6,1.8,1.3,13.8,24.0,,1.0,0.7,1.6,.080,,-1.0,-3.2,-4.2
