0,0,30,790,80,266,.301,38,118,.322,42,148,.284,70,99,.707,12,77,89,41,39,6,60,78,272
0,1,30,26.3,2.7,8.9,.301,1.3,3.9,.322,1.4,4.9,.284,2.3,3.3,.707,3.0,1.4,1.3,0.2,2.0,2.6,9.1
0,2,30,790,4.1,13.5,.301,1.9,6.0,.322,2.1,7.5,.284,3.5,5.0,.707,4.5,2.1,2.0,0.3,3.0,3.9,13.8
0,3,30,790,5.9,19.5,.301,2.8,8.7,.322,3.1,10.9,.284,5.1,7.3,.707,6.5,3.0,2.9,0.4,4.4,5.7,19.9,,89.3,98.5
0,4,30,790,9.6,.434,.380,.556,.372,257,1.7,10.8,6.2,11.3,2.9,0.8,16.1,23.0,,0.1,1.2,1.2,.063,,-2.2,-0.6,-2.8
1,0,30,852,116,260,.446,88,189,.466,28,71,.394,63,101,.624,77,111,188,33,28,27,62,86,323
1,1,30,28.4,3.9,8.7,.446,2.9,6.3,.466,0.9,2.4,.394,2.1,3.4,.624,6.3,1.1,0.9,0.9,2.1,2.9,10.8
1,2,30,852,5.4,12.2,.446,4.1,8.9,.466,1.3,3.3,.394,3.0,4.7,.624,8.8,1.5,1.3,1.3,2.9,4.0,15.2
1,3,30,852,7.9,17.7,.446,6.0,12.9,.466,1.9,4.8,.394,4.3,6.9,.624,12.8,2.2,1.9,1.8,4.2,5.8,22.0,,104.1,97.8
1,4,30,852,17.2,.524,.500,.273,.388,315,10.0,14.4,12.2,9.1,1.9,3.1,16.8,21.2,,1.3,1.3,2.7,.126,,0.6,1.0,1.6
2,0,20,342,24,76,.316,16,47,.340,8,29,.276,17,29,.586,11,27,38,24,13,1,25,38,73
2,1,20,17.1,1.2,3.8,.316,0.8,2.4,.340,0.4,1.5,.276,0.9,1.5,.586,1.9,1.2,0.7,0.1,1.3,1.9,3.7
2,2,20,342,2.8,8.9,.316,1.9,5.5,.340,0.9,3.4,.276,2.0,3.4,.586,4.4,2.8,1.5,0.1,2.9,4.4,8.5
2,3,20,342,4.1,12.9,.316,2.7,8.0,.340,1.4,4.9,.276,2.9,4.9,.586,6.4,4.1,2.2,0.2,4.2,6.4,12.4,,83.2,101.1
2,4,20,342,6.1,.407,.368,.382,.382,79,3.6,8.7,6.2,14.3,2.2,0.3,21.8,16.4,,-0.1,0.4,0.3,.032,,-3.6,-0.6,-4.2
3,0,29,706,84,149,.564,83,147,.565,1,2,.500,37,59,.627,72,121,193,17,27,72,40,57,206
3,1,29,24.3,2.9,5.1,.564,2.9,5.1,.565,0.0,0.1,.500,1.3,2.0,.627,6.7,0.6,0.9,2.5,1.4,2.0,7.1
3,2,29,706,4.8,8.4,.564,4.7,8.3,.565,0.1,0.1,.500,2.1,3.3,.627,10.9,1.0,1.5,4.1,2.3,3.2,11.7
3,3,29,706,6.9,12.2,.564,6.8,12.1,.565,0.1,0.2,.500,3.0,4.8,.627,15.8,1.4,2.2,5.9,3.3,4.7,16.9,,110.9,91.7
3,4,29,706,21.1,.582,.567,.013,.396,206,11.3,18.9,15.1,5.4,2.2,10.1,18.4,15.0,,1.2,1.5,2.7,.153,,-0.5,6.1,5.6
4,0,28,608,33,103,.320,21,58,.362,12,45,.267,64,88,.727,7,32,39,62,14,0,51,60,142
4,1,28,21.7,1.2,3.7,.320,0.8,2.1,.362,0.4,1.6,.267,2.3,3.1,.727,1.4,2.2,0.5,0.0,1.8,2.1,5.1
4,2,28,608,2.2,6.8,.320,1.4,3.8,.362,0.8,3.0,.267,4.2,5.8,.727,2.6,4.1,0.9,0.0,3.4,3.9,9.3
4,3,28,608,3.1,9.8,.320,2.0,5.5,.362,1.1,4.3,.267,6.1,8.4,.727,3.7,5.9,1.3,0.0,4.9,5.7,13.5,,93.3,104.5
4,4,28,608,7.2,.490,.379,.437,.854,157,1.3,5.8,3.6,20.1,1.3,0.0,26.0,15.7,,0.2,0.6,0.8,.051,,-2.5,-2.5,-5.0
5,0,19,547,52,165,.315,20,56,.357,32,109,.294,14,22,.636,4,40,44,45,23,1,70,47,150
5,1,19,28.8,2.7,8.7,.315,1.1,2.9,.357,1.7,5.7,.294,0.7,1.2,.636,2.3,2.4,1.2,0.1,3.7,2.5,7.9
5,2,19,547,3.8,12.1,.315,1.5,4.1,.357,2.3,8.0,.294,1.0,1.6,.636,3.2,3.3,1.7,0.1,5.1,3.4,11.0
5,3,19,547,5.5,17.5,.315,2.1,5.9,.357,3.4,11.5,.294,1.5,2.3,.636,4.7,4.8,2.4,0.1,7.4,5.0,15.9,,74.3,101.1
5,4,19,547,4.3,.427,.412,.661,.133,149,0.8,8.1,4.5,17.7,2.4,0.2,28.5,21.9,,-0.8,0.7,-0.1,-.010,,-4.1,-1.2,-5.4
6,0,23,105,6,16,.375,3,8,.375,3,8,.375,8,11,.727,8,12,20,1,0,1,5,15,23
6,1,23,4.6,0.3,0.7,.375,0.1,0.3,.375,0.1,0.3,.375,0.3,0.5,.727,0.9,0.0,0.0,0.0,0.2,0.7,1.0
6,2,23,105,2.3,6.1,.375,1.1,3.0,.375,1.1,3.0,.375,3.0,4.2,.727,7.6,0.4,0.0,0.4,1.9,5.7,8.8
6,3,23,105,3.3,8.8,.375,1.7,4.4,.375,1.7,4.4,.375,4.4,6.1,.727,11.0,0.6,0.0,0.6,2.8,8.3,12.7,,107.3,103.6
6,4,23,105,8.1,.542,.469,.500,.688,23,8.5,12.6,10.6,1.9,0.0,0.9,19.1,12.2,,0.1,0.1,0.2,.084,,-2.3,-3.1,-5.3
7,0,6,17,2,6,.333,2,6,.333,0,0,,2,2,1.000,1,5,6,0,0,0,7,3,6
7,1,6,2.8,0.3,1.0,.333,0.3,1.0,.333,0.0,0.0,,0.3,0.3,1.000,1.0,0.0,0.0,0.0,1.2,0.5,1.0
7,2,6,17,4.7,14.1,.333,4.7,14.1,.333,0.0,0.0,,4.7,4.7,1.000,14.1,0.0,0.0,0.0,16.5,7.1,14.1
7,3,6,17,6.8,20.4,.333,6.8,20.4,.333,0.0,0.0,,6.8,6.8,1.000,20.4,0.0,0.0,0.0,23.9,10.2,20.4,,46.3,94.8
7,4,6,17,-11.2,.432,.333,.000,.333,6,6.5,32.5,19.6,0.0,0.0,0.0,50.2,40.0,,-0.1,0.0,-0.1,-.268,,-26.6,-8.1,-34.7
8,0,11,294,48,108,.444,17,38,.447,31,70,.443,23,31,.742,11,27,38,17,13,1,20,36,150
8,1,11,26.7,4.4,9.8,.444,1.5,3.5,.447,2.8,6.4,.443,2.1,2.8,.742,3.5,1.5,1.2,0.1,1.8,3.3,13.6
8,2,11,294,6.5,14.7,.444,2.3,5.2,.447,4.2,9.5,.443,3.1,4.2,.742,5.2,2.3,1.8,0.1,2.7,4.9,20.4
8,3,11,294,9.5,21.3,.444,3.3,7.5,.447,6.1,13.8,.443,4.5,6.1,.742,7.5,3.3,2.6,0.2,3.9,7.1,29.6,,119.0,99.6
8,4,11,294,20.9,.611,.588,.648,.287,132,4.2,10.1,7.2,14.5,2.6,0.3,14.0,23.7,,1.0,0.4,1.4,.187,,5.8,-1.7,4.1
9,0,30,995,192,400,.480,192,395,.486,0,5,.000,198,249,.795,132,183,315,34,21,36,74,63,582
9,1,30,33.2,6.4,13.3,.480,6.4,13.2,.486,0.0,0.2,.000,6.6,8.3,.795,10.5,1.1,0.7,1.2,2.5,2.1,19.4
9,2,30,995,7.7,16.1,.480,7.7,15.9,.486,0.0,0.2,.000,8.0,10.0,.795,12.7,1.4,0.8,1.4,3.0,2.5,23.4
9,3,30,995,11.2,23.3,.480,11.2,23.0,.486,0.0,0.3,.000,11.5,14.5,.795,18.3,2.0,1.2,2.1,4.3,3.7,33.9,,117.5,96.5
9,4,30,995,29.0,.561,.480,.013,.623,565,14.7,20.3,17.5,9.3,1.2,3.6,12.5,29.0,,4.0,1.7,5.6,.227,,3.1,0.0,3.1
10,0,28,553,33,89,.371,19,48,.396,14,41,.341,24,34,.706,7,29,36,28,16,2,39,55,104
10,1,28,19.8,1.2,3.2,.371,0.7,1.7,.396,0.5,1.5,.341,0.9,1.2,.706,1.3,1.0,0.6,0.1,1.4,2.0,3.7
10,2,28,553,2.4,6.4,.371,1.4,3.5,.396,1.0,3.0,.341,1.7,2.5,.706,2.6,2.0,1.2,0.1,2.8,4.0,7.5
10,3,28,553,3.5,9.3,.371,2.0,5.0,.396,1.5,4.3,.341,2.5,3.6,.706,3.8,2.9,1.7,0.2,4.1,5.8,10.9,,86.5,103.6
10,4,28,553,5.0,.495,.449,.461,.382,104,1.4,5.8,3.6,10.1,1.7,0.4,27.1,12.7,,-0.1,0.6,0.5,.035,,-3.1,-0.8,-3.9
11,0,17,241,9,17,.529,9,17,.529,0,0,,11,16,.688,5,13,18,20,5,3,19,25,29
11,1,17,14.2,0.5,1.0,.529,0.5,1.0,.529,0.0,0.0,,0.6,0.9,.688,1.1,1.2,0.3,0.2,1.1,1.5,1.7
11,2,17,241,1.5,2.8,.529,1.5,2.8,.529,0.0,0.0,,1.8,2.7,.688,3.0,3.3,0.8,0.5,3.2,4.1,4.8
11,3,17,241,2.2,4.1,.529,2.2,4.1,.529,0.0,0.0,,2.6,3.8,.688,4.3,4.8,1.2,0.7,4.6,6.0,7.0,,86.2,104.1
11,4,17,241,5.0,.589,.529,.000,.941,37,2.3,6.0,4.1,15.8,1.2,1.2,43.6,8.8,,0.0,0.2,0.2,.033,,-4.1,-0.5,-4.6
