0,0,27,571,89,201,.443,82,181,.453,7,20,.350,83,112,.741,80,115,195,17,9,17,51,85,268
0,1,27,21.1,3.3,7.4,.443,3.0,6.7,.453,0.3,0.7,.350,3.1,4.1,.741,7.2,0.6,0.3,0.6,1.9,3.1,9.9
0,2,27,571,6.2,14.1,.443,5.7,12.7,.453,0.5,1.4,.350,5.8,7.8,.741,13.7,1.2,0.6,1.2,3.6,6.0,18.8
0,3,27,571,9.4,21.2,.443,8.7,19.1,.453,0.7,2.1,.350,8.8,11.8,.741,20.6,1.8,1.0,1.8,5.4,9.0,28.3,,106.3,99.1
0,4,27,571,21.3,.527,.460,.100,.557,262,16.0,25.0,20.3,7.2,1.0,3.4,16.7,26.8,,1.3,0.8,2.1,.148,,0.5,-0.6,-0.1
1,0,23,303,38,85,.447,35,75,.467,3,10,.300,22,36,.611,28,46,74,12,3,13,32,42,101
1,1,23,13.2,1.7,3.7,.447,1.5,3.3,.467,0.1,0.4,.300,1.0,1.6,.611,3.2,0.5,0.1,0.6,1.4,1.8,4.4
1,2,23,303,5.0,11.2,.447,4.6,9.9,.467,0.4,1.3,.300,2.9,4.8,.611,9.8,1.6,0.4,1.7,4.2,5.5,13.3
1,3,23,303,7.6,16.9,.447,7.0,14.9,.467,0.6,2.0,.300,4.4,7.2,.611,14.7,2.4,0.6,2.6,6.4,8.4,20.1,,90.0,101.7
1,4,23,303,12.3,.495,.465,.118,.424,100,10.6,18.9,14.5,8.9,0.6,4.8,23.9,22.2,,0.0,0.4,0.4,.054,,-3.2,0.8,-2.4
2,0,4,6,0,2,.000,0,1,.000,0,1,.000,0,0,,1,0,1,0,0,0,1,0,0
2,1,4,1.5,0.0,0.5,.000,0.0,0.3,.000,0.0,0.3,.000,0.0,0.0,,0.3,0.0,0.0,0.0,0.3,0.0,0.0
2,2,4,6,0.0,13.3,.000,0.0,6.7,.000,0.0,6.7,.000,0.0,0.0,,6.7,0.0,0.0,0.0,6.7,0.0,0.0
2,3,4,6,0.0,20.1,.000,0.0,10.0,.000,0.0,10.0,.000,0.0,0.0,,10.0,0.0,0.0,0.0,10.0,0.0,0.0,,17.5,113.7
2,4,4,6,-17.8,.000,.000,.500,.000,0,19.1,0.0,9.9,0.0,0.0,0.0,33.3,25.1,,-0.1,0.0,-0.1,-.333,,-16.8,-7.0,-23.8
3,0,23,741,78,233,.335,55,151,.364,23,82,.280,48,74,.649,16,43,59,62,29,5,66,64,227
3,1,23,32.2,3.4,10.1,.335,2.4,6.6,.364,1.0,3.6,.280,2.1,3.2,.649,2.6,2.7,1.3,0.2,2.9,2.8,9.9
3,2,23,741,4.2,12.6,.335,3.0,8.2,.364,1.2,4.4,.280,2.6,4.0,.649,3.2,3.3,1.6,0.3,3.6,3.5,12.3
3,3,23,741,6.3,19.0,.335,4.5,12.3,.364,1.9,6.7,.280,3.9,6.0,.649,4.8,5.0,2.4,0.4,5.4,5.2,18.5,,86.2,104.8
3,4,23,741,8.1,.423,.384,.352,.318,229,2.5,7.2,4.7,17.9,2.4,0.8,19.8,22.6,,-0.2,0.7,0.5,.025,,-1.9,-0.6,-2.5
4,0,32,917,109,196,.556,107,191,.560,2,5,.400,21,62,.339,74,114,188,58,24,22,60,74,241
4,1,32,28.7,3.4,6.1,.556,3.3,6.0,.560,0.1,0.2,.400,0.7,1.9,.339,5.9,1.8,0.8,0.7,1.9,2.3,7.5
4,2,32,917,4.8,8.5,.556,4.7,8.3,.560,0.1,0.2,.400,0.9,2.7,.339,8.2,2.5,1.0,1.0,2.6,3.2,10.5
4,3,32,917,7.2,12.9,.556,7.0,12.6,.560,0.1,0.3,.400,1.4,4.1,.339,12.4,3.8,1.6,1.4,3.9,4.9,15.8,,101.3,102.3
4,4,32,917,14.7,.534,.561,.026,.316,250,9.2,15.5,12.2,14.0,1.6,2.7,21.0,15.6,,0.9,1.0,2.0,.085,,0.7,2.4,3.1
5,0,31,606,57,110,.518,53,90,.589,4,20,.200,34,50,.680,50,66,116,21,10,15,46,67,152
5,1,31,19.5,1.8,3.5,.518,1.7,2.9,.589,0.1,0.6,.200,1.1,1.6,.680,3.7,0.7,0.3,0.5,1.5,2.2,4.9
5,2,31,606,3.8,7.3,.518,3.5,5.9,.589,0.3,1.3,.200,2.2,3.3,.680,7.7,1.4,0.7,1.0,3.0,4.4,10.0
5,3,31,606,5.7,10.9,.518,5.3,9.0,.589,0.4,2.0,.200,3.4,5.0,.680,11.5,2.1,1.0,1.5,4.6,6.7,15.1,,99.7,104.1
5,4,31,606,11.8,.568,.536,.182,.455,153,9.4,13.5,11.4,7.3,1.0,2.8,25.6,14.9,,0.5,0.6,1.1,.071,,-0.5,1.0,0.5
6,0,28,414,39,124,.315,17,49,.347,22,75,.293,13,17,.765,19,35,54,16,8,1,29,26,113
6,1,28,14.8,1.4,4.4,.315,0.6,1.8,.347,0.8,2.7,.293,0.5,0.6,.765,1.9,0.6,0.3,0.0,1.0,0.9,4.0
6,2,28,414,3.8,12.0,.315,1.6,4.7,.347,2.1,7.2,.293,1.3,1.6,.765,5.2,1.5,0.8,0.1,2.8,2.5,10.9
6,3,28,414,5.7,18.1,.315,2.5,7.1,.347,3.2,10.9,.293,1.9,2.5,.765,7.9,2.3,1.2,0.1,4.2,3.8,16.5,,87.5,106.5
6,4,28,414,7.0,.428,.403,.605,.137,109,5.2,10.5,7.8,8.1,1.2,0.3,18.0,19.5,,0.0,0.3,0.3,.025,,-1.8,-2.1,-3.9
7,0,9,220,32,93,.344,18,48,.375,14,45,.311,27,31,.871,4,26,30,8,3,1,14,16,105
7,1,9,24.4,3.6,10.3,.344,2.0,5.3,.375,1.6,5.0,.311,3.0,3.4,.871,3.3,0.9,0.3,0.1,1.6,1.8,11.7
7,2,9,220,5.8,16.9,.344,3.3,8.7,.375,2.5,8.2,.311,4.9,5.6,.871,5.5,1.5,0.5,0.2,2.5,2.9,19.1
7,3,9,220,8.8,25.5,.344,4.9,13.2,.375,3.8,12.3,.311,7.4,8.5,.871,8.2,2.2,0.8,0.3,3.8,4.4,28.8,,103.4,105.4
7,4,9,220,14.4,.487,.419,.484,.333,92,2.1,14.7,8.1,8.5,0.8,0.5,11.5,27.7,,0.4,0.2,0.6,.105,,0.3,-3.8,-3.5
8,0,11,31,2,5,.400,2,2,1.000,0,3,.000,0,0,,0,0,0,4,2,0,3,5,4
8,1,11,2.8,0.2,0.5,.400,0.2,0.2,1.000,0.0,0.3,.000,0.0,0.0,,0.0,0.4,0.2,0.0,0.3,0.5,0.4
8,2,11,31,2.6,6.5,.400,2.6,2.6,1.000,0.0,3.9,.000,0.0,0.0,,0.0,5.2,2.6,0.0,3.9,6.5,5.2
8,3,11,31,3.9,9.7,.400,3.9,3.9,1.000,0.0,5.8,.000,0.0,0.0,,0.0,7.8,3.9,0.0,5.8,9.7,7.8,,72.8,104.1
8,4,11,31,3.1,.400,.400,.600,.000,5,0.0,0.0,0.0,25.4,3.9,0.0,37.5,12.9,,0.0,0.0,0.0,-.006,,-5.8,-5.2,-11.0
9,0,31,565,81,203,.399,39,93,.419,42,110,.382,30,41,.732,21,46,67,30,15,12,32,49,234
9,1,31,18.2,2.6,6.5,.399,1.3,3.0,.419,1.4,3.5,.382,1.0,1.3,.732,2.2,1.0,0.5,0.4,1.0,1.6,7.5
9,2,31,565,5.7,14.4,.399,2.8,6.6,.419,3.0,7.8,.382,2.1,2.9,.732,4.7,2.1,1.1,0.8,2.3,3.5,16.6
9,3,31,565,8.6,21.7,.399,4.2,9.9,.419,4.5,11.7,.382,3.2,4.4,.732,7.1,3.2,1.6,1.3,3.4,5.2,25.0,,108.9,104.5
9,4,31,565,16.1,.526,.502,.542,.202,210,4.2,10.1,7.1,12.4,1.6,2.4,12.6,22.6,,1.2,0.5,1.7,.119,,2.8,-1.1,1.7
10,0,32,510,46,101,.455,43,85,.506,3,16,.188,38,56,.679,52,54,106,16,16,20,34,110,133
10,1,32,15.9,1.4,3.2,.455,1.3,2.7,.506,0.1,0.5,.188,1.2,1.8,.679,3.3,0.5,0.5,0.6,1.1,3.4,4.2
10,2,32,510,3.6,7.9,.455,3.4,6.7,.506,0.2,1.3,.188,3.0,4.4,.679,8.3,1.3,1.3,1.6,2.7,8.6,10.4
10,3,32,510,5.4,11.9,.455,5.1,10.0,.506,0.4,1.9,.188,4.5,6.6,.679,12.5,1.9,1.9,2.4,4.0,13.0,15.7,,101.8,100.8
10,4,32,510,12.2,.521,.470,.158,.554,139,11.7,13.2,12.4,6.5,1.9,4.4,21.0,15.9,,0.5,0.6,1.2,.093,,-0.2,2.2,1.9
11,0,32,885,62,192,.323,44,121,.364,18,71,.254,39,58,.672,11,46,57,98,20,1,69,46,181
11,1,32,27.7,1.9,6.0,.323,1.4,3.8,.364,0.6,2.2,.254,1.2,1.8,.672,1.8,3.1,0.6,0.0,2.2,1.4,5.7
11,2,32,885,2.8,8.7,.323,2.0,5.5,.364,0.8,3.2,.254,1.8,2.6,.672,2.6,4.4,0.9,0.0,3.1,2.1,8.2
11,3,32,885,4.2,13.1,.323,3.0,8.2,.364,1.2,4.8,.254,2.7,4.0,.672,3.9,6.7,1.4,0.1,4.7,3.1,12.3,,85.7,107.8
11,4,32,885,6.2,.412,.370,.370,.302,208,1.4,6.5,3.8,22.1,1.4,0.1,23.9,16.3,,-0.2,0.5,0.3,.014,,-2.6,-1.8,-4.4
12,0,7,79,5,19,.263,1,5,.200,4,14,.286,2,3,.667,4,11,15,8,3,0,5,12,16
12,1,7,11.3,0.7,2.7,.263,0.1,0.7,.200,0.6,2.0,.286,0.3,0.4,.667,2.1,1.1,0.4,0.0,0.7,1.7,2.3
12,2,7,79,2.5,9.6,.263,0.5,2.5,.200,2.0,7.1,.286,1.0,1.5,.667,7.6,4.1,1.5,0.0,2.5,6.1,8.1
12,3,7,79,3.8,14.5,.263,0.8,3.8,.200,3.1,10.7,.286,1.5,2.3,.667,11.4,6.1,2.3,0.0,3.8,9.2,12.2,,91.1,100.8
12,4,7,79,8.1,.392,.368,.737,.158,19,5.8,17.3,11.3,19.9,2.3,0.0,19.7,16.1,,0.0,0.1,0.1,.058,,-0.4,-0.1,-0.6
13,0,31,652,105,238,.441,55,112,.491,50,126,.397,80,95,.842,9,47,56,42,22,4,37,44,340
13,1,31,21.0,3.4,7.7,.441,1.8,3.6,.491,1.6,4.1,.397,2.6,3.1,.842,1.8,1.4,0.7,0.1,1.2,1.4,11.0
13,2,31,652,6.4,14.6,.441,3.4,6.9,.491,3.1,7.7,.397,4.9,5.8,.842,3.4,2.6,1.3,0.2,2.3,2.7,20.9
13,3,31,652,9.7,22.0,.441,5.1,10.4,.491,4.6,11.7,.397,7.4,8.8,.842,5.2,3.9,2.0,0.4,3.4,4.1,31.4,,123.0,104.9
13,4,31,652,22.0,.600,.546,.529,.399,298,1.6,9.0,5.1,15.7,2.0,0.7,11.6,24.6,,2.5,0.6,3.0,.187,,6.3,-2.4,4.0
