0,0,31,960,127,310,.410,98,223,.439,29,87,.333,97,121,.802,60,86,146,52,51,23,69,74,380
0,1,31,31.0,4.1,10.0,.410,3.2,7.2,.439,0.9,2.8,.333,3.1,3.9,.802,4.7,1.7,1.6,0.7,2.2,2.4,12.3
0,2,31,960,5.3,12.9,.410,4.1,9.3,.439,1.2,3.6,.333,4.0,5.0,.802,6.1,2.2,2.1,1.0,2.9,3.1,15.8
0,3,31,960,8.5,20.8,.410,6.6,14.9,.439,1.9,5.8,.333,6.5,8.1,.802,9.8,3.5,3.4,1.5,4.6,5.0,25.5,,105.6,103.3
0,4,31,960,19.9,.517,.456,.281,.390,373,7.3,11.9,9.5,12.9,3.4,2.9,15.8,24.4,,1.9,1.0,2.9,.120,,3.2,1.6,4.8
1,0,24,697,100,280,.357,61,162,.377,39,118,.331,26,34,.765,18,37,55,74,16,2,54,53,265
1,1,24,29.0,4.2,11.7,.357,2.5,6.8,.377,1.6,4.9,.331,1.1,1.4,.765,2.3,3.1,0.7,0.1,2.3,2.2,11.0
1,2,24,697,5.7,16.1,.357,3.5,9.3,.377,2.2,6.8,.331,1.5,2.0,.765,3.2,4.2,0.9,0.1,3.1,3.0,15.2
1,3,24,697,9.2,25.8,.357,5.6,15.0,.377,3.6,10.9,.331,2.4,3.1,.765,5.1,6.8,1.5,0.2,5.0,4.9,24.5,,95.8,111.0
1,4,24,697,12.6,.447,.427,.421,.121,269,3.0,7.0,4.9,25.9,1.5,0.3,15.4,26.9,,0.6,0.2,0.8,.048,,1.5,-3.2,-1.7
2,0,28,219,10,23,.435,10,23,.435,0,0,,8,12,.667,15,28,43,1,6,17,7,24,28
2,1,28,7.8,0.4,0.8,.435,0.4,0.8,.435,0.0,0.0,,0.3,0.4,.667,1.5,0.0,0.2,0.6,0.3,0.9,1.0
2,2,28,219,1.8,4.2,.435,1.8,4.2,.435,0.0,0.0,,1.5,2.2,.667,7.9,0.2,1.1,3.1,1.3,4.4,5.1
2,3,28,219,2.9,6.8,.435,2.9,6.8,.435,0.0,0.0,,2.3,3.5,.667,12.6,0.3,1.8,5.0,2.1,7.0,8.2,,99.6,101.8
2,4,28,219,11.7,.488,.435,.000,.522,31,8.0,16.9,12.2,0.9,1.8,9.4,19.6,8.7,,0.1,0.3,0.4,.067,,-3.4,4.1,0.8
3,0,31,784,86,190,.453,75,162,.463,11,28,.393,53,82,.646,60,86,146,35,17,10,50,79,236
3,1,31,25.3,2.8,6.1,.453,2.4,5.2,.463,0.4,0.9,.393,1.7,2.6,.646,4.7,1.1,0.5,0.3,1.6,2.5,7.6
3,2,31,784,4.4,9.7,.453,3.8,8.3,.463,0.6,1.4,.393,2.7,4.2,.646,7.4,1.8,0.9,0.5,2.6,4.0,12.0
3,3,31,784,7.1,15.6,.453,6.2,13.3,.463,0.9,2.3,.393,4.3,6.7,.646,12.0,2.9,1.4,0.8,4.1,6.5,19.4,,103.0,107.0
3,4,31,784,14.6,.515,.482,.147,.432,240,9.0,14.5,11.6,10.1,1.4,1.5,17.9,19.1,,1.0,0.6,1.6,.081,,0.8,-0.2,0.6
4,0,31,803,83,151,.550,83,151,.550,0,0,,45,56,.804,74,97,171,15,29,71,38,86,211
4,1,31,25.9,2.7,4.9,.550,2.7,4.9,.550,0.0,0.0,,1.5,1.8,.804,5.5,0.5,0.9,2.3,1.2,2.8,6.8
4,2,31,803,4.1,7.5,.550,4.1,7.5,.550,0.0,0.0,,2.2,2.8,.804,8.5,0.7,1.4,3.5,1.9,4.3,10.5
4,3,31,803,6.6,12.1,.550,6.6,12.1,.550,0.0,0.0,,3.6,4.5,.804,13.7,1.2,2.3,5.7,3.0,6.9,16.9,,115.2,100.5
4,4,31,803,20.3,.594,.550,.000,.371,211,10.8,16.0,13.2,4.2,2.3,10.7,17.6,14.4,,1.5,1.1,2.6,.129,,1.1,6.1,7.2
5,0,31,526,43,91,.473,43,89,.483,0,2,.000,12,32,.375,31,52,83,44,24,3,36,35,98
5,1,31,17.0,1.4,2.9,.473,1.4,2.9,.483,0.0,0.1,.000,0.4,1.0,.375,2.7,1.4,0.8,0.1,1.2,1.1,3.2
5,2,31,526,3.3,6.9,.473,3.3,6.8,.483,0.0,0.2,.000,0.9,2.4,.375,6.3,3.3,1.8,0.2,2.7,2.7,7.5
5,3,31,526,5.3,11.1,.473,5.3,10.9,.483,0.0,0.2,.000,1.5,3.9,.375,10.2,5.4,2.9,0.4,4.4,4.3,12.0,,91.1,104.8
5,4,31,526,11.8,.461,.473,.022,.352,117,6.9,13.1,9.8,17.7,2.9,0.7,25.3,14.5,,0.1,0.5,0.6,.043,,-1.2,1.3,0.1
6,0,31,652,71,230,.309,17,59,.288,54,171,.316,15,25,.600,11,31,42,14,14,2,36,45,211
6,1,31,21.0,2.3,7.4,.309,0.5,1.9,.288,1.7,5.5,.316,0.5,0.8,.600,1.4,0.5,0.5,0.1,1.2,1.5,6.8
6,2,31,652,4.4,14.1,.309,1.0,3.6,.288,3.3,10.5,.316,0.9,1.5,.600,2.6,0.9,0.9,0.1,2.2,2.8,12.9
6,3,31,652,7.0,22.7,.309,1.7,5.8,.288,5.3,16.9,.316,1.5,2.5,.600,4.1,1.4,1.4,0.2,3.6,4.4,20.8,,89.9,111.6
6,4,31,652,7.3,.436,.426,.743,.109,185,2.0,6.3,4.0,4.8,1.4,0.4,13.0,22.8,,0.1,0.2,0.2,.015,,-0.3,-4.0,-4.3
7,0,1,2,0,3,.000,0,1,.000,0,2,.000,1,2,.500,0,0,0,0,0,0,1,0,1
7,1,1,2.0,0.0,3.0,.000,0.0,1.0,.000,0.0,2.0,.000,1.0,2.0,.500,0.0,0.0,0.0,0.0,1.0,0.0,1.0
7,2,1,2,0.0,60.0,.000,0.0,20.0,.000,0.0,40.0,.000,20.0,40.0,.500,0.0,0.0,0.0,0.0,20.0,0.0,20.0
7,3,1,2,0.0,96.5,.000,0.0,32.2,.000,0.0,64.3,.000,32.2,64.3,.500,0.0,0.0,0.0,0.0,32.2,0.0,32.2,,25.5,118.2
7,4,1,2,-84.9,.127,.000,.667,.667,1,0.0,0.0,0.0,0.0,0.0,0.0,20.2,100.0,,-0.1,0.0,-0.1,-1.455,,-46.1,-25.5,-71.6
8,0,25,307,29,97,.299,15,37,.405,14,60,.233,7,11,.636,8,17,25,10,6,1,15,30,79
8,1,25,12.3,1.2,3.9,.299,0.6,1.5,.405,0.6,2.4,.233,0.3,0.4,.636,1.0,0.4,0.2,0.0,0.6,1.2,3.2
8,2,25,307,3.8,12.6,.299,2.0,4.8,.405,1.8,7.8,.233,0.9,1.4,.636,3.3,1.3,0.8,0.1,2.0,3.9,10.3
8,3,25,307,6.1,20.3,.299,3.1,7.8,.405,2.9,12.6,.233,1.5,2.3,.636,5.2,2.1,1.3,0.2,3.1,6.3,16.6,,84.2,111.2
8,4,25,307,5.0,.386,.371,.619,.113,75,3.1,7.3,5.1,7.1,1.3,0.4,12.8,20.5,,-0.1,0.1,0.0,-.005,,-2.1,-3.5,-5.6
9,0,31,553,52,119,.437,41,78,.526,11,41,.268,23,37,.622,50,73,123,18,23,20,31,81,138
9,1,31,17.8,1.7,3.8,.437,1.3,2.5,.526,0.4,1.3,.268,0.7,1.2,.622,4.0,0.6,0.7,0.6,1.0,2.6,4.5
9,2,31,553,3.8,8.6,.437,3.0,5.6,.526,0.8,3.0,.268,1.7,2.7,.622,8.9,1.3,1.7,1.4,2.2,5.9,10.0
9,3,31,553,6.0,13.8,.437,4.8,9.1,.526,1.3,4.8,.268,2.7,4.3,.622,14.3,2.1,2.7,2.3,3.6,9.4,16.1,,102.0,101.4
9,4,31,553,15.0,.505,.483,.345,.311,144,10.6,17.5,13.8,7.1,2.7,4.4,18.5,16.2,,0.6,0.7,1.3,.092,,0.8,2.4,3.2
10,0,28,399,42,102,.412,22,52,.423,20,50,.400,11,18,.611,3,23,26,33,11,0,36,27,115
10,1,28,14.3,1.5,3.6,.412,0.8,1.9,.423,0.7,1.8,.400,0.4,0.6,.611,0.9,1.2,0.4,0.0,1.3,1.0,4.1
10,2,28,399,4.2,10.2,.412,2.2,5.2,.423,2.0,5.0,.400,1.1,1.8,.611,2.6,3.3,1.1,0.0,3.6,2.7,11.5
10,3,28,399,6.8,16.4,.412,3.5,8.4,.423,3.2,8.1,.400,1.8,2.9,.611,4.2,5.3,1.8,0.0,5.8,4.4,18.5,,92.6,110.2
10,4,28,399,9.7,.520,.510,.490,.176,113,0.9,7.6,4.1,18.5,1.8,0.0,24.6,19.7,,0.1,0.2,0.3,.030,,-0.8,-2.9,-3.7
11,0,23,323,46,117,.393,20,51,.392,26,66,.394,23,28,.821,4,15,19,13,15,2,19,27,141
11,1,23,14.0,2.0,5.1,.393,0.9,2.2,.392,1.1,2.9,.394,1.0,1.2,.821,0.8,0.6,0.7,0.1,0.8,1.2,6.1
11,2,23,323,5.7,14.5,.393,2.5,6.3,.392,3.2,8.2,.394,2.8,3.5,.821,2.4,1.6,1.9,0.2,2.4,3.3,17.5
11,3,23,323,9.2,23.3,.393,4.0,10.2,.392,5.2,13.1,.394,4.6,5.6,.821,3.8,2.6,3.0,0.4,3.8,5.4,28.1,,108.9,107.8
11,4,23,323,17.1,.541,.504,.564,.239,123,1.5,6.2,3.7,9.8,3.0,0.7,12.7,24.8,,0.7,0.2,0.9,.113,,3.3,-2.9,0.5
