0,0,29,609,68,158,.430,57,123,.463,11,35,.314,60,84,.714,62,102,164,12,12,20,31,84,207
0,1,29,21.0,2.3,5.4,.430,2.0,4.2,.463,0.4,1.2,.314,2.1,2.9,.714,5.7,0.4,0.4,0.7,1.1,2.9,7.1
0,2,29,609,4.5,10.4,.430,3.7,8.1,.463,0.7,2.3,.314,3.9,5.5,.714,10.8,0.8,0.8,1.3,2.0,5.5,13.6
0,3,29,609,6.8,15.9,.430,5.7,12.3,.463,1.1,3.5,.314,6.0,8.4,.714,16.5,1.2,1.2,2.0,3.1,8.4,20.8,,108.6,93.7
0,4,29,609,16.5,.523,.465,.222,.532,202,11.7,19.5,15.5,4.4,1.2,4.0,13.5,19.3,,1.0,1.3,2.3,.151,,0.5,3.2,3.6
1,0,32,721,114,226,.504,106,201,.527,8,25,.320,38,52,.731,50,117,167,21,10,43,45,72,274
1,1,32,22.5,3.6,7.1,.504,3.3,6.3,.527,0.3,0.8,.320,1.2,1.6,.731,5.2,0.7,0.3,1.3,1.4,2.3,8.6
1,2,32,721,6.3,12.5,.504,5.9,11.2,.527,0.4,1.4,.320,2.1,2.9,.731,9.3,1.2,0.6,2.4,2.5,4.0,15.2
1,3,32,721,9.7,19.2,.504,9.0,17.0,.527,0.7,2.1,.320,3.2,4.4,.731,14.2,1.8,0.8,3.6,3.8,6.1,23.2,,104.1,93.6
1,4,32,721,18.0,.546,.522,.111,.230,243,7.9,18.9,13.4,7.3,0.8,7.3,15.2,21.1,,1.0,1.5,2.5,.138,,-0.2,5.4,5.2
2,0,21,410,52,102,.510,51,99,.515,1,3,.333,22,35,.629,27,49,76,6,7,19,34,69,127
2,1,21,19.5,2.5,4.9,.510,2.4,4.7,.515,0.0,0.1,.333,1.0,1.7,.629,3.6,0.3,0.3,0.9,1.6,3.3,6.0
2,2,21,410,5.1,10.0,.510,5.0,9.7,.515,0.1,0.3,.333,2.1,3.4,.629,7.4,0.6,0.7,1.9,3.3,6.7,12.4
2,3,21,410,7.7,15.2,.510,7.6,14.8,.515,0.1,0.4,.333,3.3,5.2,.629,11.3,0.9,1.0,2.8,5.1,10.3,18.9,,91.6,96.0
2,4,21,410,11.0,.535,.515,.029,.343,113,7.5,13.9,10.7,3.4,1.0,5.7,22.3,19.1,,0.1,0.8,0.8,.081,,-3.1,4.2,1.1
3,0,32,959,96,262,.366,69,169,.408,27,93,.290,93,112,.830,16,73,89,114,40,9,60,68,312
3,1,32,30.0,3.0,8.2,.366,2.2,5.3,.408,0.8,2.9,.290,2.9,3.5,.830,2.8,3.6,1.3,0.3,1.9,2.1,9.8
3,2,32,959,4.0,10.9,.366,2.9,7.0,.408,1.1,3.9,.290,3.9,4.7,.830,3.7,4.8,1.7,0.4,2.5,2.8,13.0
3,3,32,959,6.1,16.7,.366,4.4,10.8,.408,1.7,5.9,.290,5.9,7.1,.830,5.7,7.3,2.5,0.6,3.8,4.3,19.9,,104.7,97.6
3,4,32,959,14.5,.495,.418,.355,.427,325,1.9,8.9,5.4,25.9,2.5,1.1,16.0,20.1,,1.4,1.6,3.0,.125,,2.0,2.6,4.7
4,0,32,687,72,128,.563,63,100,.630,9,28,.321,43,59,.729,76,89,165,18,19,14,34,79,196
4,1,32,21.5,2.3,4.0,.563,2.0,3.1,.630,0.3,0.9,.321,1.3,1.8,.729,5.2,0.6,0.6,0.4,1.1,2.5,6.1
4,2,32,687,4.2,7.5,.563,3.7,5.8,.630,0.5,1.6,.321,2.5,3.4,.729,9.6,1.0,1.1,0.8,2.0,4.6,11.4
4,3,32,687,6.4,11.4,.563,5.6,8.9,.630,0.8,2.5,.321,3.8,5.2,.729,14.7,1.6,1.7,1.2,3.0,7.0,17.4,,119.3,95.6
4,4,32,687,17.2,.628,.598,.219,.461,194,12.7,15.1,13.9,5.8,1.7,2.5,17.9,14.2,,1.4,1.3,2.7,.159,,3.0,4.0,7.0
5,0,24,274,24,65,.369,14,30,.467,10,35,.286,17,21,.810,9,32,41,7,9,3,11,19,75
5,1,24,11.4,1.0,2.7,.369,0.6,1.3,.467,0.4,1.5,.286,0.7,0.9,.810,1.7,0.3,0.4,0.1,0.5,0.8,3.1
5,2,24,274,3.5,9.5,.369,2.0,4.4,.467,1.5,5.1,.286,2.5,3.1,.810,6.0,1.0,1.3,0.4,1.6,2.8,10.9
5,3,24,274,5.4,14.5,.369,3.1,6.7,.467,2.2,7.8,.286,3.8,4.7,.810,9.1,1.6,2.0,0.7,2.5,4.2,16.7,,102.7,96.3
5,4,24,274,11.5,.500,.446,.538,.323,68,3.8,13.6,8.6,5.4,2.0,1.3,12.8,16.1,,0.3,0.5,0.8,.110,,-0.2,2.2,2.0
6,0,32,953,121,324,.373,64,163,.393,57,161,.354,68,87,.782,20,66,86,89,29,4,59,61,367
6,1,32,29.8,3.8,10.1,.373,2.0,5.1,.393,1.8,5.0,.354,2.1,2.7,.782,2.7,2.8,0.9,0.1,1.8,1.9,11.5
6,2,32,953,5.1,13.6,.373,2.7,6.8,.393,2.4,6.8,.354,2.9,3.7,.782,3.6,3.7,1.2,0.2,2.5,2.6,15.4
6,3,32,953,7.8,20.8,.373,4.1,10.5,.393,3.7,10.3,.354,4.4,5.6,.782,5.5,5.7,1.9,0.3,3.8,3.9,23.5,,104.0,99.8
6,4,32,953,14.3,.502,.461,.497,.269,350,2.4,8.1,5.2,21.6,1.9,0.5,13.9,22.9,,1.4,1.4,2.8,.119,,3.2,1.2,4.4
7,0,7,48,5,18,.278,4,17,.235,1,1,1.000,0,2,.000,6,3,9,1,5,4,2,6,11
7,1,7,6.9,0.7,2.6,.278,0.6,2.4,.235,0.1,0.1,1.000,0.0,0.3,.000,1.3,0.1,0.7,0.6,0.3,0.9,1.6
7,2,7,48,4.2,15.0,.278,3.3,14.2,.235,0.8,0.8,1.000,0.0,1.7,.000,7.5,0.8,4.2,3.3,1.7,5.0,9.2
7,3,7,48,6.4,22.9,.278,5.1,21.6,.235,1.3,1.3,1.000,0.0,2.5,.000,11.5,1.3,6.4,5.1,2.5,7.6,14.0,,74.2,85.6
7,4,7,48,12.3,.290,.306,.056,.111,12,14.3,7.3,10.8,4.6,6.4,10.2,9.5,22.4,,-0.1,0.1,0.1,.050,,-4.6,10.0,5.4
8,0,21,179,11,47,.234,2,9,.222,9,38,.237,4,4,1.000,2,10,12,8,7,1,5,20,35
8,1,21,8.5,0.5,2.2,.234,0.1,0.4,.222,0.4,1.8,.237,0.2,0.2,1.000,0.6,0.4,0.3,0.0,0.2,1.0,1.7
8,2,21,179,2.5,10.5,.234,0.4,2.0,.222,2.0,8.5,.237,0.9,0.9,1.000,2.7,1.8,1.6,0.2,1.1,4.5,7.8
8,3,21,179,3.8,16.0,.234,0.7,3.1,.222,3.1,13.0,.237,1.4,1.4,1.000,4.1,2.7,2.4,0.3,1.7,6.8,11.9,,84.4,99.1
8,4,21,179,4.2,.358,.330,.809,.085,34,1.3,6.5,3.9,9.0,2.4,0.7,9.3,15.5,,-0.1,0.3,0.2,.048,,-1.6,1.5,-0.1
9,0,27,549,39,104,.375,37,86,.430,2,18,.111,39,61,.639,16,56,72,87,22,4,55,57,119
9,1,27,20.3,1.4,3.9,.375,1.4,3.2,.430,0.1,0.7,.111,1.4,2.3,.639,2.7,3.2,0.8,0.1,2.0,2.1,4.4
9,2,27,549,2.8,7.6,.375,2.7,6.3,.430,0.1,1.3,.111,2.8,4.4,.639,5.2,6.3,1.6,0.3,4.0,4.2,8.7
9,3,27,549,4.3,11.6,.375,4.1,9.6,.430,0.2,2.0,.111,4.3,6.8,.639,8.0,9.7,2.4,0.4,6.1,6.3,13.2,,87.6,96.2
9,4,27,549,10.0,.447,.385,.173,.587,151,3.3,11.9,7.6,32.5,2.4,0.9,29.3,17.6,,-0.1,1.0,0.9,.065,,-2.0,3.0,1.0
10,0,13,31,2,5,.400,2,3,.667,0,2,.000,0,0,,1,1,2,0,3,0,2,1,4
10,1,13,2.4,0.2,0.4,.400,0.2,0.2,.667,0.0,0.2,.000,0.0,0.0,,0.2,0.0,0.2,0.0,0.2,0.1,0.3
10,2,13,31,2.6,6.5,.400,2.6,3.9,.667,0.0,2.6,.000,0.0,0.0,,2.6,0.0,3.9,0.0,2.6,1.3,5.2
10,3,13,31,3.9,9.9,.400,3.9,5.9,.667,0.0,3.9,.000,0.0,0.0,,3.9,0.0,5.9,0.0,3.9,2.0,7.9,,63.9,93.2
10,4,13,31,5.9,.400,.400,.400,.000,4,3.7,3.8,3.7,0.0,5.9,0.0,28.6,11.6,,0.0,0.1,0.0,.029,,-4.1,4.6,0.5
11,0,32,980,111,326,.340,73,184,.397,38,142,.268,97,136,.713,48,108,156,67,43,11,69,79,357
11,1,32,30.6,3.5,10.2,.340,2.3,5.8,.397,1.2,4.4,.268,3.0,4.3,.713,4.9,2.1,1.3,0.3,2.2,2.5,11.2
11,2,32,980,4.5,13.3,.340,3.0,7.5,.397,1.6,5.8,.268,4.0,5.6,.713,6.4,2.7,1.8,0.4,2.8,3.2,14.6
11,3,32,980,6.9,20.3,.340,4.6,11.5,.397,2.4,8.9,.268,6.0,8.5,.713,9.7,4.2,2.7,0.7,4.3,4.9,22.3,,95.9,95.1
11,4,32,980,13.6,.457,.399,.436,.417,352,5.6,12.8,9.2,15.4,2.7,1.4,15.0,24.1,,0.7,1.9,2.6,.105,,1.3,3.5,4.8
