0,0,13,46,0,3,.000,0,3,.000,0,0,,2,4,.500,2,8,10,2,0,0,2,2,2
0,1,13,3.5,0.0,0.2,.000,0.0,0.2,.000,0.0,0.0,,0.2,0.3,.500,0.8,0.2,0.0,0.0,0.2,0.2,0.2
0,2,13,46,0.0,2.6,.000,0.0,2.6,.000,0.0,0.0,,1.7,3.5,.500,8.7,1.7,0.0,0.0,1.7,1.7,1.7
0,3,13,46,0.0,3.9,.000,0.0,3.9,.000,0.0,0.0,,2.6,5.2,.500,12.9,2.6,0.0,0.0,2.6,2.6,2.6,,62.9,113.8
0,4,13,46,2.1,.204,.000,.000,1.333,4,5.5,20.2,13.2,7.2,0.0,0.0,29.0,8.0,,-0.1,0.0,-0.1,-.044,,-7.8,-2.6,-10.4
1,0,30,513,38,103,.369,9,27,.333,29,76,.382,4,6,.667,8,17,25,37,14,1,30,15,109
1,1,30,17.1,1.3,3.4,.369,0.3,0.9,.333,1.0,2.5,.382,0.1,0.2,.667,0.8,1.2,0.5,0.0,1.0,0.5,3.6
1,2,30,513,3.0,8.0,.369,0.7,2.1,.333,2.3,5.9,.382,0.3,0.5,.667,1.9,2.9,1.1,0.1,2.3,1.2,8.5
1,3,30,513,4.4,12.0,.369,1.0,3.1,.333,3.4,8.8,.382,0.5,0.7,.667,2.9,4.3,1.6,0.1,3.5,1.7,12.7,,93.5,116.8
1,4,30,513,8.2,.515,.510,.738,.058,114,2.0,3.8,3.0,13.7,1.6,0.2,22.1,14.1,,0.2,-0.1,0.0,.002,,-1.4,-4.5,-5.9
2,0,29,809,102,224,.455,58,121,.479,44,103,.427,70,81,.864,24,88,112,55,16,0,34,42,318
2,1,29,27.9,3.5,7.7,.455,2.0,4.2,.479,1.5,3.6,.427,2.4,2.8,.864,3.9,1.9,0.6,0.0,1.2,1.4,11.0
2,2,29,809,5.0,11.1,.455,2.9,6.0,.479,2.2,5.1,.427,3.5,4.0,.864,5.5,2.7,0.8,0.0,1.7,2.1,15.7
2,3,29,809,7.5,16.5,.455,4.3,8.9,.479,3.2,7.6,.427,5.2,6.0,.864,8.2,4.0,1.2,0.0,2.5,3.1,23.4,,120.6,114.2
2,4,29,809,18.7,.606,.554,.460,.362,307,3.8,12.6,8.4,14.3,1.2,0.0,11.5,19.5,,2.4,0.0,2.4,.117,,3.3,-4.0,-0.6
3,0,29,568,58,136,.426,52,114,.456,6,22,.273,26,40,.650,34,80,114,19,13,40,38,70,148
3,1,29,19.6,2.0,4.7,.426,1.8,3.9,.456,0.2,0.8,.273,0.9,1.4,.650,3.9,0.7,0.4,1.4,1.3,2.4,5.1
3,2,29,568,4.1,9.6,.426,3.7,8.0,.456,0.4,1.5,.273,1.8,2.8,.650,8.0,1.3,0.9,2.8,2.7,4.9,10.4
3,3,29,568,6.1,14.3,.426,5.5,12.0,.456,0.6,2.3,.273,2.7,4.2,.650,12.0,2.0,1.4,4.2,4.0,7.3,15.5,,90.7,107.8
3,4,29,568,12.3,.477,.449,.162,.294,156,7.6,16.4,12.2,6.7,1.4,7.1,19.7,18.1,,0.1,0.3,0.4,.031,,-4.4,0.8,-3.5
4,0,3,5,0,0,,0,0,,0,0,,0,0,,0,0,0,0,1,0,1,1,0
4,1,3,1.7,0.0,0.0,,0.0,0.0,,0.0,0.0,,0.0,0.0,,0.0,0.0,0.3,0.0,0.3,0.3,0.0
4,2,3,5,0.0,0.0,,0.0,0.0,,0.0,0.0,,0.0,0.0,,0.0,0.0,8.0,0.0,8.0,8.0,0.0
4,3,3,5,0.0,0.0,,0.0,0.0,,0.0,0.0,,0.0,0.0,,0.0,0.0,11.9,0.0,11.9,11.9,0.0,,0.0,94.3
4,4,3,5,-3.6,,,,,0,0.0,0.0,0.0,0.0,11.9,0.0,100.0,10.7,,0.0,0.0,0.0,-.132,,-10.8,8.5,-2.2
5,0,30,933,139,245,.567,139,245,.567,0,0,,90,131,.687,49,134,183,56,21,28,81,96,368
5,1,30,31.1,4.6,8.2,.567,4.6,8.2,.567,0.0,0.0,,3.0,4.4,.687,6.1,1.9,0.7,0.9,2.7,3.2,12.3
5,2,30,933,6.0,10.5,.567,6.0,10.5,.567,0.0,0.0,,3.9,5.6,.687,7.8,2.4,0.9,1.2,3.5,4.1,15.8
5,3,30,933,8.9,15.6,.567,8.9,15.6,.567,0.0,0.0,,5.7,8.4,.687,11.7,3.6,1.3,1.8,5.2,6.1,23.5,,106.1,110.1
5,4,30,933,18.3,.599,.567,.000,.535,367,6.7,16.7,11.9,13.3,1.3,3.0,20.9,22.2,,1.8,0.3,2.1,.091,,-0.6,-1.0,-1.5
6,0,29,800,88,197,.447,26,49,.531,62,148,.419,16,18,.889,1,58,59,53,30,1,26,34,254
6,1,29,27.6,3.0,6.8,.447,0.9,1.7,.531,2.1,5.1,.419,0.6,0.6,.889,2.0,1.8,1.0,0.0,0.9,1.2,8.8
6,2,29,800,4.4,9.9,.447,1.3,2.5,.531,3.1,7.4,.419,0.8,0.9,.889,3.0,2.7,1.5,0.1,1.3,1.7,12.7
6,3,29,800,6.6,14.7,.447,1.9,3.6,.531,4.6,11.0,.419,1.2,1.3,.889,4.4,3.9,2.2,0.1,1.9,2.5,18.9,,118.1,113.5
6,4,29,800,15.5,.618,.604,.751,.091,230,0.2,8.4,4.5,13.5,2.2,0.1,11.2,15.4,,1.7,0.0,1.7,.086,,3.2,-3.6,-0.4
7,0,30,970,136,354,.384,86,201,.428,50,153,.327,141,159,.887,10,94,104,89,37,0,57,68,463
7,1,30,32.3,4.5,11.8,.384,2.9,6.7,.428,1.7,5.1,.327,4.7,5.3,.887,3.5,3.0,1.2,0.0,1.9,2.3,15.4
7,2,30,970,5.6,14.6,.384,3.5,8.3,.428,2.1,6.3,.327,5.8,6.6,.887,4.3,3.7,1.5,0.0,2.4,2.8,19.1
7,3,30,970,8.4,21.7,.384,5.3,12.3,.428,3.1,9.4,.327,8.7,9.8,.887,6.4,5.5,2.3,0.0,3.5,4.2,28.4,,109.7,112.2
7,4,30,970,19.8,.539,.455,.432,.449,454,1.3,11.3,6.5,19.9,2.3,0.0,11.7,26.7,,2.6,0.2,2.7,.112,,2.4,-4.0,-1.5
8,0,23,160,20,53,.377,10,22,.455,10,31,.323,9,16,.563,7,10,17,3,5,1,9,23,59
8,1,23,7.0,0.9,2.3,.377,0.4,1.0,.455,0.4,1.3,.323,0.4,0.7,.563,0.7,0.1,0.2,0.0,0.4,1.0,2.6
8,2,23,160,5.0,13.3,.377,2.5,5.5,.455,2.5,7.8,.323,2.3,4.0,.563,4.3,0.8,1.3,0.3,2.3,5.8,14.8
8,3,23,160,7.4,19.7,.377,3.7,8.2,.455,3.7,11.5,.323,3.4,6.0,.563,6.3,1.1,1.9,0.4,3.4,8.6,22.0,,93.6,114.0
8,4,23,160,10.4,.487,.472,.585,.302,54,5.5,7.3,6.4,3.9,1.9,0.6,12.9,23.2,,0.1,0.0,0.1,.021,,-1.9,-6.0,-8.0
9,0,30,613,77,175,.440,75,163,.460,2,12,.167,81,107,.757,32,85,117,22,25,12,46,46,237
9,1,30,20.4,2.6,5.8,.440,2.5,5.4,.460,0.1,0.4,.167,2.7,3.6,.757,3.9,0.7,0.8,0.4,1.5,1.5,7.9
9,2,30,613,5.0,11.4,.440,4.9,10.6,.460,0.1,0.8,.167,5.3,7.0,.757,7.6,1.4,1.6,0.8,3.0,3.0,15.5
9,3,30,613,7.5,17.0,.440,7.3,15.8,.460,0.2,1.2,.167,7.9,10.4,.757,11.4,2.1,2.4,1.2,4.5,4.5,23.0,,99.9,108.7
9,4,30,613,16.9,.525,.446,.069,.611,235,6.6,16.1,11.6,7.6,2.4,2.0,16.9,23.6,,0.8,0.3,1.1,.071,,-3.1,-2.2,-5.2
10,0,29,583,63,117,.538,58,102,.569,5,15,.333,24,31,.774,29,72,101,39,22,1,32,40,155
10,1,29,20.1,2.2,4.0,.538,2.0,3.5,.569,0.2,0.5,.333,0.8,1.1,.774,3.5,1.3,0.8,0.0,1.1,1.4,5.3
10,2,29,583,4.3,8.0,.538,4.0,7.0,.569,0.3,1.0,.333,1.6,2.1,.774,6.9,2.7,1.5,0.1,2.2,2.7,10.6
10,3,29,583,6.4,12.0,.538,5.9,10.4,.569,0.5,1.5,.333,2.5,3.2,.774,10.3,4.0,2.2,0.1,3.3,4.1,15.8,,110.3,110.9
10,4,29,583,15.1,.588,.560,.128,.265,167,6.3,14.3,10.5,13.6,2.2,0.2,19.5,15.0,,1.0,0.2,1.1,.078,,-0.1,-1.7,-1.8
