0,0,25,599,36,70,.514,36,70,.514,0,0,,21,34,.618,58,111,169,21,17,35,29,67,93
0,1,25,24.0,1.4,2.8,.514,1.4,2.8,.514,0.0,0.0,,0.8,1.4,.618,6.8,0.8,0.7,1.4,1.2,2.7,3.7
0,2,25,599,2.4,4.7,.514,2.4,4.7,.514,0.0,0.0,,1.4,2.3,.618,11.3,1.4,1.1,2.3,1.9,4.5,6.2
0,3,25,599,3.5,6.8,.514,3.5,6.8,.514,0.0,0.0,,2.0,3.3,.618,16.3,2.0,1.6,3.4,2.8,6.5,9.0,,106.3,104.1
0,4,25,599,13.4,.540,.514,.000,.486,124,11.4,21.2,16.4,6.2,1.6,5.7,25.2,9.9,,0.6,0.6,1.2,.078,,-3.2,2.5,-0.7
1,0,11,67,0,5,.000,0,3,.000,0,2,.000,2,8,.250,3,17,20,3,1,1,8,10,2
1,1,11,6.1,0.0,0.5,.000,0.0,0.3,.000,0.0,0.2,.000,0.2,0.7,.250,1.8,0.3,0.1,0.1,0.7,0.9,0.2
1,2,11,67,0.0,3.0,.000,0.0,1.8,.000,0.0,1.2,.000,1.2,4.8,.250,11.9,1.8,0.6,0.6,4.8,6.0,1.2
1,3,11,67,0.0,4.3,.000,0.0,2.6,.000,0.0,1.7,.000,1.7,6.9,.250,17.3,2.6,0.9,0.9,6.9,8.6,1.7,,32.7,105.3
1,4,11,67,-3.3,.114,.000,.400,1.600,5,5.3,29.0,17.4,7.1,0.9,1.5,47.6,12.9,,-0.3,0.1,-0.2,-.120,,-13.6,-0.4,-14.0
2,0,28,570,50,140,.357,22,42,.524,28,98,.286,12,15,.800,4,26,30,38,12,0,18,16,140
2,1,28,20.4,1.8,5.0,.357,0.8,1.5,.524,1.0,3.5,.286,0.4,0.5,.800,1.1,1.4,0.4,0.0,0.6,0.6,5.0
2,2,28,570,3.5,9.8,.357,1.5,2.9,.524,2.0,6.9,.286,0.8,1.1,.800,2.1,2.7,0.8,0.0,1.3,1.1,9.8
2,3,28,570,5.1,14.2,.357,2.2,4.3,.524,2.8,9.9,.286,1.2,1.5,.800,3.0,3.9,1.2,0.0,1.8,1.6,14.2,,98.2,114.9
2,4,28,570,9.0,.476,.457,.700,.107,137,0.8,5.2,3.1,12.3,1.2,0.0,10.9,14.9,,0.4,0.0,0.3,.024,,-2.1,-4.6,-6.7
3,0,21,220,20,58,.345,8,25,.320,12,33,.364,18,19,.947,3,19,22,21,3,0,19,14,70
3,1,21,10.5,1.0,2.8,.345,0.4,1.2,.320,0.6,1.6,.364,0.9,0.9,.947,1.0,1.0,0.1,0.0,0.9,0.7,3.3
3,2,21,220,3.6,10.5,.345,1.5,4.5,.320,2.2,6.0,.364,3.3,3.5,.947,4.0,3.8,0.5,0.0,3.5,2.5,12.7
3,3,21,220,5.3,15.2,.345,2.1,6.6,.320,3.2,8.7,.364,4.7,5.0,.947,5.8,5.5,0.8,0.0,5.0,3.7,18.4,,95.2,113.9
3,4,21,220,10.2,.522,.448,.569,.328,72,1.6,9.9,5.8,17.8,0.8,0.0,22.1,20.2,,0.1,0.0,0.1,.026,,-3.4,-5.2,-8.5
4,0,1,3,0,0,,0,0,,0,0,,0,0,,0,0,0,0,0,0,1,0,0
4,1,1,3.0,0.0,0.0,,0.0,0.0,,0.0,0.0,,0.0,0.0,,0.0,0.0,0.0,0.0,1.0,0.0,0.0
4,2,1,3,0.0,0.0,,0.0,0.0,,0.0,0.0,,0.0,0.0,,0.0,0.0,0.0,0.0,13.3,0.0,0.0
4,3,1,3,0.0,0.0,,0.0,0.0,,0.0,0.0,,0.0,0.0,,0.0,0.0,0.0,0.0,19.3,0.0,0.0,,0.0,119.7
4,4,1,3,-20.2,,,,,0,0.0,0.0,0.0,0.0,0.0,0.0,100.0,17.2,,0.0,0.0,0.0,-.357,,-22.4,-1.8,-24.2
5,0,28,862,122,231,.528,122,231,.528,0,0,,72,116,.621,57,131,188,40,23,21,66,87,316
5,1,28,30.8,4.4,8.3,.528,4.4,8.3,.528,0.0,0.0,,2.6,4.1,.621,6.7,1.4,0.8,0.8,2.4,3.1,11.3
5,2,28,862,5.7,10.7,.528,5.7,10.7,.528,0.0,0.0,,3.3,5.4,.621,8.7,1.9,1.1,1.0,3.1,4.0,14.7
5,3,28,862,8.2,15.5,.528,8.2,15.5,.528,0.0,0.0,,4.8,7.8,.621,12.6,2.7,1.5,1.4,4.4,5.8,21.2,,101.5,107.8
5,4,28,862,16.2,.552,.528,.000,.502,314,7.8,17.4,12.7,9.5,1.5,2.4,18.7,21.0,,1.1,0.5,1.6,.077,,-2.8,-0.8,-3.7
6,0,18,252,14,40,.350,11,30,.367,3,10,.300,16,20,.800,2,21,23,35,10,2,20,28,47
6,1,18,14.0,0.8,2.2,.350,0.6,1.7,.367,0.2,0.6,.300,0.9,1.1,.800,1.3,1.9,0.6,0.1,1.1,1.6,2.6
6,2,18,252,2.2,6.3,.350,1.7,4.8,.367,0.5,1.6,.300,2.5,3.2,.800,3.7,5.6,1.6,0.3,3.2,4.4,7.5
6,3,18,252,3.2,9.2,.350,2.5,6.9,.367,0.7,2.3,.300,3.7,4.6,.800,5.3,8.0,2.3,0.5,4.6,6.4,10.8,,91.1,110.0
6,4,18,252,8.7,.475,.388,.250,.500,61,0.9,9.5,5.3,24.2,2.3,0.8,28.8,14.2,,0.0,0.1,0.1,.023,,-5.2,-2.5,-7.7
7,0,1,3,0,1,.000,0,1,.000,0,0,,0,2,.000,0,1,1,0,1,1,0,0,0
7,1,1,3.0,0.0,1.0,.000,0.0,1.0,.000,0.0,0.0,,0.0,2.0,.000,1.0,0.0,1.0,1.0,0.0,0.0,0.0
7,2,1,3,0.0,13.3,.000,0.0,13.3,.000,0.0,0.0,,0.0,26.7,.000,13.3,0.0,13.3,13.3,0.0,0.0,0.0
7,3,1,3,0.0,19.3,.000,0.0,19.3,.000,0.0,0.0,,0.0,38.6,.000,19.3,0.0,19.3,19.3,0.0,0.0,0.0,,0.0,42.4
7,4,1,3,11.6,.000,.000,.000,2.000,0,0.0,38.2,19.4,0.0,19.3,32.4,0.0,33.5,,0.0,0.0,0.0,-.237,,-29.4,23.2,-6.2
8,0,28,1008,166,374,.444,86,165,.521,80,209,.383,59,85,.694,12,76,88,107,41,4,56,47,471
8,1,28,36.0,5.9,13.4,.444,3.1,5.9,.521,2.9,7.5,.383,2.1,3.0,.694,3.1,3.8,1.5,0.1,2.0,1.7,16.8
8,2,28,1008,6.6,14.8,.444,3.4,6.5,.521,3.2,8.3,.383,2.3,3.4,.694,3.5,4.2,1.6,0.2,2.2,1.9,18.7
8,3,28,1008,9.5,21.5,.444,4.9,9.5,.521,4.6,12.0,.383,3.4,4.9,.694,5.0,6.1,2.4,0.2,3.2,2.7,27.0,,111.6,110.7
8,4,28,1008,20.1,.568,.551,.559,.227,447,1.4,8.6,5.1,22.9,2.4,0.4,11.9,24.0,,2.6,0.4,2.9,.116,,3.8,-3.4,0.4
9,0,8,86,5,17,.294,1,3,.333,4,14,.286,0,4,.000,3,14,17,7,3,3,8,14,14
9,1,8,10.8,0.6,2.1,.294,0.1,0.4,.333,0.5,1.8,.286,0.0,0.5,.000,2.1,0.9,0.4,0.4,1.0,1.8,1.8
9,2,8,86,2.3,7.9,.294,0.5,1.4,.333,1.9,6.5,.286,0.0,1.9,.000,7.9,3.3,1.4,1.4,3.7,6.5,6.5
9,3,8,86,3.4,11.4,.294,0.7,2.0,.333,2.7,9.4,.286,0.0,2.7,.000,11.4,4.7,2.0,2.0,5.4,9.4,9.4,,69.0,105.4
9,4,8,86,4.7,.370,.412,.824,.235,17,4.1,18.6,11.5,14.3,2.0,3.4,29.7,16.1,,-0.1,0.1,-0.1,-.031,,-6.4,0.0,-6.5
10,0,27,478,53,116,.457,40,76,.526,13,40,.325,30,39,.769,8,48,56,19,9,7,36,60,149
10,1,27,17.7,2.0,4.3,.457,1.5,2.8,.526,0.5,1.5,.325,1.1,1.4,.769,2.1,0.7,0.3,0.3,1.3,2.2,5.5
10,2,27,478,4.4,9.7,.457,3.3,6.4,.526,1.1,3.3,.325,2.5,3.3,.769,4.7,1.6,0.8,0.6,3.0,5.0,12.5
10,3,27,478,6.4,14.0,.457,4.8,9.2,.526,1.6,4.8,.325,3.6,4.7,.769,6.8,2.3,1.1,0.8,4.4,7.3,18.0,,93.9,111.6
10,4,27,478,9.6,.554,.513,.345,.336,136,2.0,11.5,6.8,7.7,1.1,1.4,21.1,18.4,,0.2,0.1,0.3,.028,,-4.1,-3.0,-7.2
11,0,28,595,61,130,.469,47,97,.485,14,33,.424,20,30,.667,30,73,103,46,16,3,26,33,156
11,1,28,21.3,2.2,4.6,.469,1.7,3.5,.485,0.5,1.2,.424,0.7,1.1,.667,3.7,1.6,0.6,0.1,0.9,1.2,5.6
11,2,28,595,4.1,8.7,.469,3.2,6.5,.485,0.9,2.2,.424,1.3,2.0,.667,6.9,3.1,1.1,0.2,1.7,2.2,10.5
11,3,28,595,5.9,12.6,.469,4.6,9.4,.485,1.4,3.2,.424,1.9,2.9,.667,10.0,4.5,1.6,0.3,2.5,3.2,15.2,,109.2,110.4
11,4,28,595,14.2,.541,.523,.254,.231,170,6.0,14.0,10.1,14.7,1.6,0.5,15.3,14.7,,0.9,0.2,1.1,.076,,-1.2,-1.8,-2.9
12,0,28,907,183,394,.464,146,299,.488,37,95,.389,121,158,.766,23,89,112,62,48,24,71,62,524
12,1,28,32.4,6.5,14.1,.464,5.2,10.7,.488,1.3,3.4,.389,4.3,5.6,.766,4.0,2.2,1.7,0.9,2.5,2.2,18.7
12,2,28,907,8.1,17.4,.464,6.4,13.2,.488,1.6,4.2,.389,5.3,7.0,.766,4.9,2.7,2.1,1.1,3.1,2.7,23.1
12,3,28,907,11.7,25.1,.464,9.3,19.1,.488,2.4,6.1,.389,7.7,10.1,.766,7.1,4.0,3.1,1.5,4.5,4.0,33.4,,106.4,106.8
12,4,28,907,23.6,.559,.511,.241,.401,478,3.0,11.2,7.2,16.0,3.1,2.6,13.1,30.7,,2.2,0.7,2.9,.127,,1.2,-1.5,-0.3
