0,0,34,846,118,286,.413,94,221,.425,24,65,.369,70,107,.654,62,113,175,32,18,35,46,81,330
0,1,34,24.9,3.5,8.4,.413,2.8,6.5,.425,0.7,1.9,.369,2.1,3.1,.654,5.1,0.9,0.5,1.0,1.4,2.4,9.7
0,2,34,846,5.6,13.5,.413,4.4,10.4,.425,1.1,3.1,.369,3.3,5.1,.654,8.3,1.5,0.9,1.7,2.2,3.8,15.6
0,3,34,846,8.7,21.0,.413,6.9,16.2,.425,1.8,4.8,.369,5.1,7.8,.654,12.8,2.3,1.3,2.6,3.4,5.9,24.2,,105.4,98.0
0,4,34,846,18.1,.490,.455,.227,.374,318,8.1,17.4,12.3,8.5,1.3,4.8,12.0,23.2,,1.5,1.3,2.8,.134,,0.9,2.0,2.9
1,0,4,11,1,3,.333,1,2,.500,0,1,.000,0,0,,0,0,0,0,2,0,0,2,2
1,1,4,2.8,0.3,0.8,.333,0.3,0.5,.500,0.0,0.3,.000,0.0,0.0,,0.0,0.0,0.5,0.0,0.0,0.5,0.5
1,2,4,11,3.6,10.9,.333,3.6,7.3,.500,0.0,3.6,.000,0.0,0.0,,0.0,0.0,7.3,0.0,0.0,7.3,7.3
1,3,4,11,5.6,16.9,.333,5.6,11.3,.500,0.0,5.6,.000,0.0,0.0,,0.0,0.0,11.3,0.0,0.0,11.3,11.3,,81.1,84.3
1,4,4,11,10.5,.333,.333,.333,.000,2,0.0,0.0,0.0,0.0,11.3,0.0,0.0,14.0,,0.0,0.0,0.0,.098,,-0.3,6.5,6.2
2,0,2,27,0,2,.000,0,2,.000,0,0,,2,4,.500,0,2,2,1,1,0,5,3,2
2,1,2,13.5,0.0,1.0,.000,0.0,1.0,.000,0.0,0.0,,1.0,2.0,.500,1.0,0.5,0.5,0.0,2.5,1.5,1.0
2,2,2,27,0.0,3.0,.000,0.0,3.0,.000,0.0,0.0,,3.0,5.9,.500,3.0,1.5,1.5,0.0,7.4,4.4,3.0
2,3,2,27,0.0,4.6,.000,0.0,4.6,.000,0.0,0.0,,4.6,9.2,.500,4.6,2.3,2.3,0.0,11.5,6.9,4.6,,28.9,101.2
2,4,2,27,-9.2,.256,.000,.000,2.000,2,0.0,9.7,4.4,6.3,2.3,0.0,56.2,16.9,,-0.1,0.0,-0.1,-.163,,-12.5,1.6,-10.9
3,0,24,453,91,202,.450,68,140,.486,23,62,.371,64,81,.790,40,77,117,7,21,14,22,45,269
3,1,24,18.9,3.8,8.4,.450,2.8,5.8,.486,1.0,2.6,.371,2.7,3.4,.790,4.9,0.3,0.9,0.6,0.9,1.9,11.2
3,2,24,453,8.0,17.8,.450,6.0,12.4,.486,2.0,5.5,.371,5.7,7.2,.790,10.3,0.6,1.9,1.2,1.9,4.0,23.8
3,3,24,453,12.5,27.7,.450,9.3,19.2,.486,3.2,8.5,.371,8.8,11.1,.790,16.0,1.0,2.9,1.9,3.0,6.2,36.8,,119.8,93.7
3,4,24,453,29.9,.559,.507,.307,.401,238,9.7,22.2,15.4,4.0,2.9,3.6,8.4,29.7,,1.9,0.9,2.8,.244,,4.6,-0.4,4.2
4,0,3,9,0,3,.000,0,2,.000,0,1,.000,0,0,,0,0,0,0,0,1,1,2,0
4,1,3,3.0,0.0,1.0,.000,0.0,0.7,.000,0.0,0.3,.000,0.0,0.0,,0.0,0.0,0.0,0.3,0.3,0.7,0.0
4,2,3,9,0.0,13.3,.000,0.0,8.9,.000,0.0,4.4,.000,0.0,0.0,,0.0,0.0,0.0,4.4,4.4,8.9,0.0
4,3,3,9,0.0,20.7,.000,0.0,13.8,.000,0.0,6.9,.000,0.0,0.0,,0.0,0.0,0.0,6.9,6.9,13.8,0.0,,0.0,101.8
4,4,3,9,-21.3,.000,.000,.333,.000,0,0.0,0.0,0.0,0.0,0.0,12.8,25.0,22.8,,-0.1,0.0,-0.1,-.289,,-19.2,3.3,-15.8
5,0,31,308,32,74,.432,16,34,.471,16,40,.400,2,2,1.000,26,35,61,10,4,1,11,30,82
5,1,31,9.9,1.0,2.4,.432,0.5,1.1,.471,0.5,1.3,.400,0.1,0.1,1.000,2.0,0.3,0.1,0.0,0.4,1.0,2.6
5,2,31,308,4.2,9.6,.432,2.1,4.4,.471,2.1,5.2,.400,0.3,0.3,1.000,7.9,1.3,0.5,0.1,1.4,3.9,10.6
5,3,31,308,6.4,14.9,.432,3.2,6.8,.471,3.2,8.1,.400,0.4,0.4,1.000,12.3,2.0,0.8,0.2,2.2,6.0,16.5,,117.2,102.5
5,4,31,308,13.7,.547,.541,.541,.027,82,9.3,14.8,11.8,6.7,0.8,0.4,12.8,14.3,,0.6,0.4,1.0,.124,,2.6,-0.8,1.8
6,0,34,1174,117,321,.364,84,226,.372,33,95,.347,57,83,.687,11,90,101,100,33,5,60,90,324
6,1,34,34.5,3.4,9.4,.364,2.5,6.6,.372,1.0,2.8,.347,1.7,2.4,.687,3.0,2.9,1.0,0.1,1.8,2.6,9.5
6,2,34,1174,4.0,10.9,.364,2.9,7.7,.372,1.1,3.2,.347,1.9,2.8,.687,3.4,3.4,1.1,0.2,2.0,3.1,11.0
6,3,34,1174,6.2,17.0,.364,4.4,11.9,.372,1.7,5.0,.347,3.0,4.4,.687,5.3,5.3,1.7,0.3,3.2,4.8,17.1,,98.0,102.1
6,4,34,1174,10.5,.449,.416,.296,.259,328,1.0,10.0,5.1,17.5,1.7,0.5,14.3,18.4,,0.9,1.4,2.3,.079,,0.2,0.4,0.6
7,0,31,454,27,88,.307,26,79,.329,1,9,.111,27,39,.692,43,47,90,13,12,2,22,62,82
7,1,31,14.6,0.9,2.8,.307,0.8,2.5,.329,0.0,0.3,.111,0.9,1.3,.692,2.9,0.4,0.4,0.1,0.7,2.0,2.6
7,2,31,454,2.4,7.8,.307,2.3,7.0,.329,0.1,0.8,.111,2.4,3.4,.692,7.9,1.1,1.1,0.2,1.9,5.5,7.2
7,3,31,454,3.7,12.0,.307,3.6,10.8,.329,0.1,1.2,.111,3.7,5.3,.692,12.3,1.8,1.6,0.3,3.0,8.5,11.2,,90.8,100.9
7,4,31,454,7.6,.385,.313,.102,.443,98,10.4,13.5,11.8,5.4,1.6,0.5,17.1,14.5,,0.1,0.6,0.6,.057,,-2.0,0.7,-1.3
8,0,34,787,111,222,.500,111,222,.500,0,0,,100,153,.654,94,112,206,22,21,8,55,94,322
8,1,34,23.1,3.3,6.5,.500,3.3,6.5,.500,0.0,0.0,,2.9,4.5,.654,6.1,0.6,0.6,0.2,1.6,2.8,9.5
8,2,34,787,5.6,11.3,.500,5.6,11.3,.500,0.0,0.0,,5.1,7.8,.654,10.5,1.1,1.1,0.4,2.8,4.8,16.4
8,3,34,787,8.8,17.5,.500,8.8,17.5,.500,0.0,0.0,,7.9,12.1,.654,16.2,1.7,1.7,0.6,4.3,7.4,25.4,,110.8,98.8
8,4,34,787,20.5,.546,.500,.000,.689,323,13.2,18.6,15.6,6.3,1.7,1.2,15.7,22.8,,1.9,1.2,3.1,.158,,1.8,0.3,2.1
9,0,33,1213,127,334,.380,52,121,.430,75,213,.352,55,67,.821,20,91,111,25,18,2,36,63,384
9,1,33,36.8,3.8,10.1,.380,1.6,3.7,.430,2.3,6.5,.352,1.7,2.0,.821,3.4,0.8,0.5,0.1,1.1,1.9,11.6
9,2,33,1213,4.2,11.0,.380,1.7,4.0,.430,2.5,7.0,.352,1.8,2.2,.821,3.7,0.8,0.6,0.1,1.2,2.1,12.7
9,3,33,1213,6.5,17.1,.380,2.7,6.2,.430,3.8,10.9,.352,2.8,3.4,.821,5.7,1.3,0.9,0.1,1.8,3.2,19.6,,112.5,104.3
9,4,33,1213,11.9,.525,.493,.638,.201,333,1.8,9.8,5.5,4.3,0.9,0.2,9.0,17.0,,2.1,1.2,3.3,.109,,3.1,-0.9,2.2
10,0,33,641,82,128,.641,78,117,.667,4,11,.364,37,54,.685,96,64,160,13,36,25,34,89,205
10,1,33,19.4,2.5,3.9,.641,2.4,3.5,.667,0.1,0.3,.364,1.1,1.6,.685,4.8,0.4,1.1,0.8,1.0,2.7,6.2
10,2,33,641,5.1,8.0,.641,4.9,7.3,.667,0.2,0.7,.364,2.3,3.4,.685,10.0,0.8,2.2,1.6,2.1,5.6,12.8
10,3,33,641,7.9,12.4,.641,7.6,11.3,.667,0.4,1.1,.364,3.6,5.2,.685,15.5,1.3,3.5,2.4,3.3,8.6,19.8,,127.3,94.7
10,4,33,641,23.5,.667,.656,.086,.422,213,16.5,13.0,14.9,4.4,3.5,4.5,18.1,15.0,,2.0,1.2,3.2,.198,,5.4,4.3,9.7
11,0,4,25,2,5,.400,2,5,.400,0,0,,3,4,.750,4,3,7,0,0,2,3,7,7
11,1,4,6.3,0.5,1.3,.400,0.5,1.3,.400,0.0,0.0,,0.8,1.0,.750,1.8,0.0,0.0,0.5,0.8,1.8,1.8
11,2,4,25,3.2,8.0,.400,3.2,8.0,.400,0.0,0.0,,4.8,6.4,.750,11.2,0.0,0.0,3.2,4.8,11.2,11.2
11,3,4,25,5.0,12.4,.400,5.0,12.4,.400,0.0,0.0,,7.4,9.9,.750,17.4,0.0,0.0,5.0,7.4,17.4,17.4,,90.3,98.2
11,4,4,25,10.2,.507,.400,.000,.800,8,17.6,15.6,16.7,0.0,0.0,9.2,30.3,20.3,,0.0,0.0,0.0,.068,,-5.7,-0.4,-6.1
12,0,34,1027,111,307,.362,72,203,.355,39,104,.375,156,185,.843,16,87,103,151,39,3,72,81,417
12,1,34,30.2,3.3,9.0,.362,2.1,6.0,.355,1.1,3.1,.375,4.6,5.4,.843,3.0,4.4,1.1,0.1,2.1,2.4,12.3
12,2,34,1027,4.3,12.0,.362,2.8,7.9,.355,1.5,4.1,.375,6.1,7.2,.843,4.0,5.9,1.5,0.1,2.8,3.2,16.2
12,3,34,1027,6.7,18.5,.362,4.4,12.3,.355,2.4,6.3,.375,9.4,11.2,.843,6.2,9.1,2.4,0.2,4.4,4.9,25.2,,114.4,100.5
12,4,34,1027,19.8,.528,.425,.339,.603,443,1.7,11.0,6.0,30.7,2.4,0.3,15.4,23.3,,3.0,1.4,4.4,.170,,4.8,-0.1,4.8
