0,0,32,575,80,168,.476,79,158,.500,1,10,.100,77,102,.755,56,68,124,20,7,21,39,80,238
0,1,32,18.0,2.5,5.3,.476,2.5,4.9,.500,0.0,0.3,.100,2.4,3.2,.755,3.9,0.6,0.2,0.7,1.2,2.5,7.4
0,2,32,575,5.6,11.7,.476,5.5,11.0,.500,0.1,0.7,.100,5.4,7.1,.755,8.6,1.4,0.5,1.5,2.7,5.6,16.6
0,3,32,575,8.4,17.7,.476,8.3,16.7,.500,0.1,1.1,.100,8.1,10.8,.755,13.1,2.1,0.7,2.2,4.1,8.4,25.1,,113.6,100.5
0,4,32,575,19.1,.550,.479,.060,.607,236,11.3,13.6,12.5,6.9,0.7,4.3,15.3,22.3,,1.5,0.8,2.3,.159,,1.1,0.9,2.0
1,0,32,543,80,186,.430,67,143,.469,13,43,.302,46,62,.742,63,77,140,12,10,21,38,57,219
1,1,32,17.0,2.5,5.8,.430,2.1,4.5,.469,0.4,1.3,.302,1.4,1.9,.742,4.4,0.4,0.3,0.7,1.2,1.8,6.8
1,2,32,543,5.9,13.7,.430,4.9,10.5,.469,1.0,3.2,.302,3.4,4.6,.742,10.3,0.9,0.7,1.5,2.8,4.2,16.1
1,3,32,543,8.9,20.8,.430,7.5,16.0,.469,1.5,4.8,.302,5.1,6.9,.742,15.6,1.3,1.1,2.3,4.2,6.4,24.4,,107.2,98.5
1,4,32,543,18.7,.508,.465,.231,.333,217,13.4,16.3,14.9,4.5,1.1,4.6,15.0,23.5,,1.1,0.9,1.9,.142,,0.4,0.5,0.8
2,0,31,965,219,460,.476,169,337,.501,50,123,.407,94,130,.723,78,162,240,33,33,44,76,83,582
2,1,31,31.1,7.1,14.8,.476,5.5,10.9,.501,1.6,4.0,.407,3.0,4.2,.723,7.7,1.1,1.1,1.4,2.5,2.7,18.8
2,2,31,965,9.1,19.1,.476,7.0,14.0,.501,2.1,5.1,.407,3.9,5.4,.723,9.9,1.4,1.4,1.8,3.2,3.4,24.1
2,3,31,965,13.8,28.9,.476,10.6,21.2,.501,3.1,7.7,.407,5.9,8.2,.723,15.1,2.1,2.1,2.8,4.8,5.2,36.6,,113.9,94.8
2,4,31,965,27.9,.558,.530,.267,.283,522,9.4,19.3,14.4,8.2,2.1,5.4,12.7,31.1,,3.3,1.9,5.2,.215,,4.0,1.9,5.9
3,0,32,998,139,318,.437,105,227,.463,34,91,.374,85,117,.726,11,82,93,66,31,1,39,62,397
3,1,32,31.2,4.3,9.9,.437,3.3,7.1,.463,1.1,2.8,.374,2.7,3.7,.726,2.9,2.1,1.0,0.0,1.2,1.9,12.4
3,2,32,998,5.6,12.7,.437,4.2,9.1,.463,1.4,3.6,.374,3.4,4.7,.726,3.7,2.6,1.2,0.0,1.6,2.5,15.9
3,3,32,998,8.4,19.3,.437,6.4,13.8,.463,2.1,5.5,.374,5.2,7.1,.726,5.6,4.0,1.9,0.1,2.4,3.8,24.1,,117.0,102.3
3,4,32,998,17.1,.531,.491,.286,.368,367,1.3,9.5,5.4,13.2,1.9,0.1,9.5,20.8,,2.6,1.2,3.8,.151,,2.9,-0.3,2.6
4,0,4,23,2,9,.222,1,2,.500,1,7,.143,0,1,.000,0,5,5,3,2,0,0,7,5
4,1,4,5.8,0.5,2.3,.222,0.3,0.5,.500,0.3,1.8,.143,0.0,0.3,.000,1.3,0.8,0.5,0.0,0.0,1.8,1.3
4,2,4,23,3.5,15.7,.222,1.7,3.5,.500,1.7,12.2,.143,0.0,1.7,.000,8.7,5.2,3.5,0.0,0.0,12.2,8.7
4,3,4,23,5.3,23.7,.222,2.6,5.3,.500,2.6,18.4,.143,0.0,2.6,.000,13.2,7.9,5.3,0.0,0.0,18.4,13.2,,85.5,86.5
4,4,4,23,7.7,.264,.278,.778,.111,6,0.0,25.0,12.6,23.5,5.3,0.0,0.0,20.7,,0.0,0.1,0.1,.096,,0.1,2.8,3.0
5,0,32,1010,74,173,.428,44,99,.444,30,74,.405,63,83,.759,3,104,107,132,30,6,43,74,241
5,1,32,31.6,2.3,5.4,.428,1.4,3.1,.444,0.9,2.3,.405,2.0,2.6,.759,3.3,4.1,0.9,0.2,1.3,2.3,7.5
5,2,32,1010,2.9,6.9,.428,1.7,3.9,.444,1.2,2.9,.405,2.5,3.3,.759,4.2,5.2,1.2,0.2,1.7,2.9,9.5
5,3,32,1010,4.4,10.4,.428,2.6,5.9,.444,1.8,4.4,.405,3.8,5.0,.759,6.4,7.9,1.8,0.4,2.6,4.4,14.5,,122.2,101.1
5,4,32,1010,14.6,.567,.514,.428,.480,271,0.3,11.9,6.1,23.0,1.8,0.7,16.8,12.7,,2.1,1.4,3.5,.139,,3.1,1.0,4.1
6,0,32,977,100,187,.535,94,173,.543,6,14,.429,87,126,.690,97,102,199,52,24,3,60,89,293
6,1,32,30.5,3.1,5.8,.535,2.9,5.4,.543,0.2,0.4,.429,2.7,3.9,.690,6.2,1.6,0.8,0.1,1.9,2.8,9.2
6,2,32,977,4.1,7.7,.535,3.8,7.1,.543,0.2,0.6,.429,3.6,5.2,.690,8.1,2.1,1.0,0.1,2.5,3.6,12.0
6,3,32,977,6.2,11.6,.535,5.8,10.7,.543,0.4,0.9,.429,5.4,7.8,.690,12.3,3.2,1.5,0.2,3.7,5.5,18.2,,117.7,101.7
6,4,32,977,16.8,.593,.551,.075,.674,317,11.5,12.0,11.8,9.9,1.5,0.4,19.6,15.8,,2.3,1.2,3.5,.143,,3.7,1.5,5.2
7,0,27,490,57,163,.350,24,66,.364,33,97,.340,20,33,.606,3,53,56,18,10,3,23,36,167
7,1,27,18.1,2.1,6.0,.350,0.9,2.4,.364,1.2,3.6,.340,0.7,1.2,.606,2.1,0.7,0.4,0.1,0.9,1.3,6.2
7,2,27,490,4.7,13.3,.350,2.0,5.4,.364,2.7,7.9,.340,1.6,2.7,.606,4.6,1.5,0.8,0.2,1.9,2.9,13.6
7,3,27,490,7.1,20.2,.350,3.0,8.2,.364,4.1,12.0,.340,2.5,4.1,.606,6.9,2.2,1.2,0.4,2.8,4.5,20.7,,100.1,102.1
7,4,27,490,10.4,.467,.451,.595,.202,147,0.7,12.5,6.6,7.0,1.2,0.7,11.4,20.7,,0.5,0.6,1.1,.088,,-0.2,-1.4,-1.6
8,0,7,11,2,8,.250,2,3,.667,0,5,.000,0,0,,1,1,2,0,1,0,0,2,4
8,1,7,1.6,0.3,1.1,.250,0.3,0.4,.667,0.0,0.7,.000,0.0,0.0,,0.3,0.0,0.1,0.0,0.0,0.3,0.6
8,2,7,11,7.3,29.1,.250,7.3,10.9,.667,0.0,18.2,.000,0.0,0.0,,7.3,0.0,3.6,0.0,0.0,7.3,14.5
8,3,7,11,11.0,44.1,.250,11.0,16.5,.667,0.0,27.6,.000,0.0,0.0,,11.0,0.0,5.5,0.0,0.0,11.0,22.0,,71.9,93.0
8,4,7,11,4.2,.250,.250,.625,.000,4,10.5,10.5,10.5,0.0,5.5,0.0,0.0,36.6,,0.0,0.0,0.0,-.016,,-6.8,-7.2,-14.1
9,0,7,97,14,23,.609,13,22,.591,1,1,1.000,4,6,.667,10,8,18,1,3,3,2,13,33
9,1,7,13.9,2.0,3.3,.609,1.9,3.1,.591,0.1,0.1,1.000,0.6,0.9,.667,2.6,0.1,0.4,0.4,0.3,1.9,4.7
9,2,7,97,5.8,9.5,.609,5.4,9.1,.591,0.4,0.4,1.000,1.6,2.5,.667,7.4,0.4,1.2,1.2,0.8,5.4,13.6
9,3,7,97,8.7,14.4,.609,8.1,13.7,.591,0.6,0.6,1.000,2.5,3.7,.667,11.2,0.6,1.9,1.9,1.2,8.1,20.6,,137.6,100.0
9,4,7,97,20.5,.638,.630,.043,.261,31,11.9,9.5,10.7,2.1,1.9,3.7,7.2,14.4,,0.3,0.1,0.5,.189,,3.7,1.1,4.8
10,0,25,223,29,59,.492,27,57,.474,2,2,1.000,3,9,.333,27,36,63,8,3,8,20,47,63
10,1,25,8.9,1.2,2.4,.492,1.1,2.3,.474,0.1,0.1,1.000,0.1,0.4,.333,2.5,0.3,0.1,0.3,0.8,1.9,2.5
10,2,25,223,5.2,10.6,.492,4.8,10.2,.474,0.4,0.4,1.000,0.5,1.6,.333,11.3,1.4,0.5,1.4,3.6,8.4,11.3
10,3,25,223,7.9,16.0,.492,7.3,15.5,.474,0.5,0.5,1.000,0.8,2.4,.333,17.1,2.2,0.8,2.2,5.4,12.8,17.1,,94.6,97.7
10,4,25,223,12.0,.498,.508,.034,.153,68,14.0,18.6,16.3,7.0,0.8,4.3,24.0,18.8,,0.1,0.4,0.5,.086,,-1.9,1.8,-0.1
11,0,31,497,29,67,.433,28,66,.424,1,1,1.000,66,78,.846,33,34,67,31,23,4,32,60,125
11,1,31,16.0,0.9,2.2,.433,0.9,2.1,.424,0.0,0.0,1.000,2.1,2.5,.846,2.2,1.0,0.7,0.1,1.0,1.9,4.0
11,2,31,497,2.3,5.4,.433,2.3,5.3,.424,0.1,0.1,1.000,5.3,6.3,.846,5.4,2.5,1.9,0.3,2.6,4.8,10.1
11,3,31,497,3.5,8.2,.433,3.4,8.0,.424,0.1,0.1,1.000,8.0,9.5,.846,8.2,3.8,2.8,0.5,3.9,7.3,15.2,,116.4,100.1
11,4,31,497,14.3,.601,.440,.015,1.164,140,7.7,7.9,7.8,10.7,2.8,1.0,23.5,13.8,,1.0,0.7,1.7,.135,,1.9,2.3,4.2
12,0,4,16,0,0,,0,0,,0,0,,4,5,.800,0,2,2,4,1,0,1,3,4
12,1,4,4.0,0.0,0.0,,0.0,0.0,,0.0,0.0,,1.0,1.3,.800,0.5,1.0,0.3,0.0,0.3,0.8,1.0
12,2,4,16,0.0,0.0,,0.0,0.0,,0.0,0.0,,10.0,12.5,.800,5.0,10.0,2.5,0.0,2.5,7.5,10.0
12,3,4,16,0.0,0.0,,0.0,0.0,,0.0,0.0,,15.2,18.9,.800,7.6,15.2,3.8,0.0,3.8,11.4,15.2,,150.9,95.2
12,4,4,16,22.8,.842,,,,6,0.0,14.4,7.2,38.9,3.8,0.0,29.6,10.6,,0.1,0.0,0.1,.245,,4.3,-0.2,4.1
