0,0,4,10,0,2,.000,0,0,,0,2,.000,1,3,.333,1,2,3,1,0,0,4,2,1
0,1,4,2.5,0.0,0.5,.000,0.0,0.0,,0.0,0.5,.000,0.3,0.8,.333,0.8,0.3,0.0,0.0,1.0,0.5,0.3
0,2,4,10,0.0,8.0,.000,0.0,0.0,,0.0,8.0,.000,4.0,12.0,.333,12.0,4.0,0.0,0.0,16.0,8.0,4.0
0,3,4,10,0.0,12.1,.000,0.0,0.0,,0.0,12.1,.000,6.0,18.1,.333,18.1,6.0,0.0,0.0,24.2,12.1,6.0,,27.1,96.3
0,4,4,10,-24.2,.146,.000,1.000,1.500,2,11.3,22.1,16.8,17.6,0.0,0.0,53.9,38.4,,-0.1,0.0,-0.1,-.434,,-23.9,-2.6,-26.4
1,0,33,995,117,324,.361,86,220,.391,31,104,.298,72,115,.626,11,59,70,75,36,1,76,87,337
1,1,33,30.2,3.5,9.8,.361,2.6,6.7,.391,0.9,3.2,.298,2.2,3.5,.626,2.1,2.3,1.1,0.0,2.3,2.6,10.2
1,2,33,995,4.7,13.0,.361,3.5,8.8,.391,1.2,4.2,.298,2.9,4.6,.626,2.8,3.0,1.4,0.0,3.1,3.5,13.5
1,3,33,995,7.1,19.7,.361,5.2,13.4,.391,1.9,6.3,.298,4.4,7.0,.626,4.3,4.6,2.2,0.1,4.6,5.3,20.5,,88.8,100.2
1,4,33,995,9.4,.445,.409,.321,.355,328,1.3,6.6,3.9,16.7,2.2,0.1,16.7,23.6,,-0.1,1.5,1.3,.054,,-4.0,-1.7,-5.8
2,0,10,55,4,10,.400,4,10,.400,0,0,,1,2,.500,10,11,21,0,0,5,8,14,9
2,1,10,5.5,0.4,1.0,.400,0.4,1.0,.400,0.0,0.0,,0.1,0.2,.500,2.1,0.0,0.0,0.5,0.8,1.4,0.9
2,2,10,55,2.9,7.3,.400,2.9,7.3,.400,0.0,0.0,,0.7,1.5,.500,15.3,0.0,0.0,3.6,5.8,10.2,6.5
2,3,10,55,4.4,11.0,.400,4.4,11.0,.400,0.0,0.0,,1.1,2.2,.500,23.1,0.0,0.0,5.5,8.8,15.4,9.9,,67.7,91.5
2,4,10,55,6.0,.411,.400,.000,.200,12,20.6,22.1,21.4,0.0,0.0,10.0,42.2,17.8,,-0.1,0.1,0.0,.006,,-12.5,-0.4,-12.9
3,0,1,9,0,0,,0,0,,0,0,,0,0,,0,0,0,0,0,0,0,0,0
3,1,1,9.0,0.0,0.0,,0.0,0.0,,0.0,0.0,,0.0,0.0,,0.0,0.0,0.0,0.0,0.0,0.0,0.0
3,2,1,9,0.0,0.0,,0.0,0.0,,0.0,0.0,,0.0,0.0,,0.0,0.0,0.0,0.0,0.0,0.0,0.0
3,3,1,9,0.0,0.0,,0.0,0.0,,0.0,0.0,,0.0,0.0,,0.0,0.0,0.0,0.0,0.0,0.0,0.0,,,109.0
3,4,1,9,0.0,,,,,0,0.0,0.0,0.0,0.0,0.0,0.0,,0.0,,0.0,0.0,0.0,.025,,-7.0,0.0,-7.0
4,0,33,695,86,163,.528,86,163,.528,0,0,,37,73,.507,51,86,137,13,15,36,52,102,209
4,1,33,21.1,2.6,4.9,.528,2.6,4.9,.528,0.0,0.0,,1.1,2.2,.507,4.2,0.4,0.5,1.1,1.6,3.1,6.3
4,2,33,695,4.9,9.4,.528,4.9,9.4,.528,0.0,0.0,,2.1,4.2,.507,7.9,0.7,0.9,2.1,3.0,5.9,12.0
4,3,33,695,7.5,14.2,.528,7.5,14.2,.528,0.0,0.0,,3.2,6.3,.507,11.9,1.1,1.3,3.1,4.5,8.9,18.2,,94.7,95.6
4,4,33,695,13.2,.529,.528,.000,.448,200,8.3,13.7,11.0,4.2,1.3,5.7,20.8,18.6,,0.3,1.3,1.6,.094,,-5.0,1.9,-3.1
5,0,23,144,1,18,.056,1,18,.056,0,0,,2,4,.500,1,9,10,12,7,1,7,12,4
5,1,23,6.3,0.0,0.8,.056,0.0,0.8,.056,0.0,0.0,,0.1,0.2,.500,0.4,0.5,0.3,0.0,0.3,0.5,0.2
5,2,23,144,0.3,5.0,.056,0.3,5.0,.056,0.0,0.0,,0.6,1.1,.500,2.8,3.3,1.9,0.3,1.9,3.3,1.1
5,3,23,144,0.4,7.6,.056,0.4,7.6,.056,0.0,0.0,,0.8,1.7,.500,4.2,5.0,2.9,0.4,2.9,5.0,1.7,,41.8,98.2
5,4,23,144,-0.2,.101,.056,.000,.222,10,0.8,6.9,3.9,14.8,2.9,0.8,26.0,9.7,,-0.3,0.2,-0.1,-.024,,-10.4,1.1,-9.3
6,0,30,567,71,134,.530,71,131,.542,0,3,.000,55,87,.632,40,55,95,9,19,15,33,61,197
6,1,30,18.9,2.4,4.5,.530,2.4,4.4,.542,0.0,0.1,.000,1.8,2.9,.632,3.2,0.3,0.6,0.5,1.1,2.0,6.6
6,2,30,567,5.0,9.5,.530,5.0,9.2,.542,0.0,0.2,.000,3.9,6.1,.632,6.7,0.6,1.3,1.1,2.3,4.3,13.9
6,3,30,567,7.6,14.3,.530,7.6,14.0,.542,0.0,0.3,.000,5.9,9.3,.632,10.1,1.0,2.0,1.6,3.5,6.5,21.0,,107.2,97.1
6,4,30,567,16.4,.562,.530,.022,.649,185,8.0,10.7,9.4,3.6,2.0,2.9,15.8,19.0,,0.9,1.0,1.9,.133,,-2.7,0.2,-2.6
7,0,33,960,49,120,.408,47,107,.439,2,13,.154,52,73,.712,25,103,128,130,44,1,55,59,152
7,1,33,29.1,1.5,3.6,.408,1.4,3.2,.439,0.1,0.4,.154,1.6,2.2,.712,3.9,3.9,1.3,0.0,1.7,1.8,4.6
7,2,33,960,2.0,5.0,.408,2.0,4.5,.439,0.1,0.5,.154,2.2,3.0,.712,5.3,5.4,1.8,0.0,2.3,2.5,6.3
7,3,33,960,3.1,7.6,.408,3.0,6.7,.439,0.1,0.8,.154,3.3,4.6,.712,8.1,8.2,2.8,0.1,3.5,3.7,9.6,,101.3,96.4
7,4,33,960,12.1,.491,.417,.108,.608,206,2.9,11.9,7.5,26.1,2.8,0.1,26.2,11.3,,0.7,1.8,2.4,.102,,-2.7,1.2,-1.6
8,0,28,612,118,289,.408,70,146,.479,48,143,.336,62,73,.849,27,78,105,30,22,4,33,38,346
8,1,28,21.9,4.2,10.3,.408,2.5,5.2,.479,1.7,5.1,.336,2.2,2.6,.849,3.8,1.1,0.8,0.1,1.2,1.4,12.4
8,2,28,612,7.7,18.9,.408,4.6,9.5,.479,3.1,9.3,.336,4.1,4.8,.849,6.9,2.0,1.4,0.3,2.2,2.5,22.6
8,3,28,612,11.7,28.5,.408,6.9,14.4,.479,4.7,14.1,.336,6.1,7.2,.849,10.4,3.0,2.2,0.4,3.3,3.8,34.2,,111.7,96.3
8,4,28,612,23.3,.534,.491,.495,.253,309,5.0,14.1,9.6,13.0,2.2,0.7,9.3,30.1,,1.8,1.1,2.9,.190,,3.2,-2.3,0.9
9,0,30,313,27,73,.370,21,47,.447,6,26,.231,17,24,.708,10,30,40,12,17,5,31,44,77
9,1,30,10.4,0.9,2.4,.370,0.7,1.6,.447,0.2,0.9,.231,0.6,0.8,.708,1.3,0.4,0.6,0.2,1.0,1.5,2.6
9,2,30,313,3.5,9.3,.370,2.7,6.0,.447,0.8,3.3,.231,2.2,3.1,.708,5.1,1.5,2.2,0.6,4.0,5.6,9.8
9,3,30,313,5.2,14.1,.370,4.1,9.1,.447,1.2,5.0,.231,3.3,4.6,.708,7.7,2.3,3.3,1.0,6.0,8.5,14.9,,78.0,94.7
9,4,30,313,6.9,.456,.411,.356,.329,75,3.6,10.6,7.2,7.9,3.3,1.8,26.9,19.1,,-0.3,0.6,0.3,.037,,-6.5,1.1,-5.5
10,0,11,74,10,18,.556,10,18,.556,0,0,,3,12,.250,8,8,16,1,2,4,7,15,23
10,1,11,6.7,0.9,1.6,.556,0.9,1.6,.556,0.0,0.0,,0.3,1.1,.250,1.5,0.1,0.2,0.4,0.6,1.4,2.1
10,2,11,74,5.4,9.7,.556,5.4,9.7,.556,0.0,0.0,,1.6,6.5,.250,8.6,0.5,1.1,2.2,3.8,8.1,12.4
10,3,11,74,8.2,14.7,.556,8.2,14.7,.556,0.0,0.0,,2.4,9.8,.250,13.1,0.8,1.6,3.3,5.7,12.2,18.8,,84.7,95.3
10,4,11,74,11.5,.485,.556,.000,.667,23,12.2,12.0,12.1,3.1,1.6,5.9,22.8,21.4,,0.0,0.1,0.1,.056,,-6.8,0.7,-6.2
11,0,33,952,156,396,.394,107,239,.448,49,157,.312,76,93,.817,23,116,139,37,25,5,61,64,437
11,1,33,28.8,4.7,12.0,.394,3.2,7.2,.448,1.5,4.8,.312,2.3,2.8,.817,4.2,1.1,0.8,0.2,1.8,1.9,13.2
11,2,33,952,6.6,16.6,.394,4.5,10.0,.448,2.1,6.6,.312,3.2,3.9,.817,5.8,1.6,1.1,0.2,2.6,2.7,18.4
11,3,33,952,9.9,25.1,.394,6.8,15.2,.448,3.1,10.0,.312,4.8,5.9,.817,8.8,2.3,1.6,0.3,3.9,4.1,27.7,,100.1,97.9
11,4,33,952,15.6,.496,.456,.396,.235,390,2.7,13.5,8.2,9.6,1.6,0.6,12.2,27.2,,1.2,1.6,2.8,.117,,-1.6,-2.2,-3.8
12,0,31,646,54,100,.540,54,98,.551,0,2,.000,52,80,.650,59,103,162,11,32,19,27,73,160
12,1,31,20.8,1.7,3.2,.540,1.7,3.2,.551,0.0,0.1,.000,1.7,2.6,.650,5.2,0.4,1.0,0.6,0.9,2.4,5.2
12,2,31,646,3.3,6.2,.540,3.3,6.1,.551,0.0,0.1,.000,3.2,5.0,.650,10.0,0.7,2.0,1.2,1.7,4.5,9.9
12,3,31,646,5.1,9.4,.540,5.1,9.2,.551,0.0,0.2,.000,4.9,7.5,.650,15.2,1.0,3.0,1.8,2.5,6.8,15.0,,114.9,91.3
12,4,31,646,17.2,.580,.540,.020,.800,167,10.3,17.6,14.0,3.5,3.0,3.2,16.4,13.2,,1.1,1.5,2.6,.159,,-1.9,2.6,0.6
13,0,29,472,51,110,.464,51,110,.464,0,0,,46,80,.575,44,58,102,5,6,36,27,65,148
13,1,29,16.3,1.8,3.8,.464,1.8,3.8,.464,0.0,0.0,,1.6,2.8,.575,3.5,0.2,0.2,1.2,0.9,2.2,5.1
13,2,29,472,4.3,9.3,.464,4.3,9.3,.464,0.0,0.0,,3.9,6.8,.575,8.6,0.4,0.5,3.1,2.3,5.5,12.5
13,3,29,472,6.5,14.1,.464,6.5,14.1,.464,0.0,0.0,,5.9,10.2,.575,13.1,0.6,0.8,4.6,3.5,8.3,18.9,,100.3,95.7
13,4,29,472,15.3,.500,.464,.000,.727,147,10.6,13.6,12.1,2.3,0.8,8.4,15.4,19.2,,0.4,0.9,1.3,.114,,-5.2,1.8,-3.4
14,0,21,147,13,32,.406,10,21,.476,3,11,.273,4,13,.308,4,17,21,5,2,2,8,22,33
14,1,21,7.0,0.6,1.5,.406,0.5,1.0,.476,0.1,0.5,.273,0.2,0.6,.308,1.0,0.2,0.1,0.1,0.4,1.0,1.6
14,2,21,147,3.5,8.7,.406,2.7,5.7,.476,0.8,3.0,.273,1.1,3.5,.308,5.7,1.4,0.5,0.5,2.2,6.0,9.0
14,3,21,147,5.3,13.2,.406,4.1,8.6,.476,1.2,4.5,.273,1.6,5.3,.308,8.6,2.1,0.8,0.8,3.3,9.0,13.6,,83.3,99.0
14,4,21,147,5.5,.432,.453,.344,.406,32,3.1,12.8,8.0,7.1,0.8,1.5,17.3,16.2,,-0.1,0.2,0.2,.044,,-6.4,-1.4,-7.7
