0,0,32,851,93,267,.348,66,176,.375,27,91,.297,65,103,.631,12,69,81,107,28,6,84,69,278
0,1,32,26.6,2.9,8.3,.348,2.1,5.5,.375,0.8,2.8,.297,2.0,3.2,.631,2.5,3.3,0.9,0.2,2.6,2.2,8.7
0,2,32,851,4.4,12.5,.348,3.1,8.3,.375,1.3,4.3,.297,3.1,4.8,.631,3.8,5.0,1.3,0.3,3.9,3.2,13.1
0,3,32,851,6.4,18.4,.348,4.6,12.1,.375,1.9,6.3,.297,4.5,7.1,.631,5.6,7.4,1.9,0.4,5.8,4.8,19.2,,88.2,95.6
0,4,32,851,9.1,.440,.399,.341,.386,300,1.6,8.6,5.2,23.8,1.9,0.8,21.0,23.4,,-0.4,1.8,1.4,.067,,-4.7,-0.4,-5.1
1,0,25,218,28,73,.384,26,53,.491,2,20,.100,22,31,.710,18,40,58,9,3,2,11,22,80
1,1,25,8.7,1.1,2.9,.384,1.0,2.1,.491,0.1,0.8,.100,0.9,1.2,.710,2.3,0.4,0.1,0.1,0.4,0.9,3.2
1,2,25,218,5.1,13.4,.384,4.8,9.7,.491,0.4,3.7,.100,4.0,5.7,.710,10.6,1.7,0.6,0.4,2.0,4.0,14.7
1,3,25,218,7.5,19.7,.384,7.0,14.3,.491,0.5,5.4,.100,5.9,8.3,.710,15.6,2.4,0.8,0.5,3.0,5.9,21.5,,100.8,92.4
1,4,25,218,14.0,.456,.397,.274,.425,81,9.4,19.5,14.6,8.1,0.8,1.0,11.1,22.6,,0.2,0.5,0.7,.132,,-4.0,-1.6,-5.6
2,0,31,834,155,279,.556,155,279,.556,0,0,,96,147,.653,85,188,273,26,14,49,49,92,406
2,1,31,26.9,5.0,9.0,.556,5.0,9.0,.556,0.0,0.0,,3.1,4.7,.653,8.8,0.8,0.5,1.6,1.6,3.0,13.1
2,2,31,834,7.4,13.4,.556,7.4,13.4,.556,0.0,0.0,,4.6,7.1,.653,13.1,1.2,0.7,2.4,2.4,4.4,19.5
2,3,31,834,10.9,19.6,.556,10.9,19.6,.556,0.0,0.0,,6.8,10.3,.653,19.2,1.8,1.0,3.4,3.4,6.5,28.6,,116.5,87.2
2,4,31,834,24.9,.582,.556,.000,.527,383,11.5,24.0,18.0,6.9,1.0,6.5,12.3,23.8,,2.2,2.4,4.6,.223,,-0.8,2.7,2.0
3,0,29,476,46,102,.451,45,96,.469,1,6,.167,26,55,.473,25,68,93,26,15,13,34,72,119
3,1,29,16.4,1.6,3.5,.451,1.6,3.3,.469,0.0,0.2,.167,0.9,1.9,.473,3.2,0.9,0.5,0.4,1.2,2.5,4.1
3,2,29,476,3.9,8.6,.451,3.8,8.1,.469,0.1,0.5,.167,2.2,4.6,.473,7.8,2.2,1.3,1.1,2.9,6.1,10.0
3,3,29,476,5.7,12.6,.451,5.6,11.8,.469,0.1,0.7,.167,3.2,6.8,.473,11.5,3.2,1.9,1.6,4.2,8.9,14.7,,89.5,90.9
3,4,29,476,9.5,.464,.456,.059,.539,125,5.9,15.2,10.7,10.1,1.9,3.0,21.0,17.0,,-0.1,1.2,1.1,.093,,-5.6,2.6,-2.9
4,0,18,225,5,22,.227,5,21,.238,0,1,.000,3,9,.333,1,20,21,28,10,1,16,27,13
4,1,18,12.5,0.3,1.2,.227,0.3,1.2,.238,0.0,0.1,.000,0.2,0.5,.333,1.2,1.6,0.6,0.1,0.9,1.5,0.7
4,2,18,225,0.9,3.9,.227,0.9,3.7,.238,0.0,0.2,.000,0.5,1.6,.333,3.7,5.0,1.8,0.2,2.8,4.8,2.3
4,3,18,225,1.3,5.7,.227,1.3,5.5,.238,0.0,0.3,.000,0.8,2.3,.333,5.5,7.3,2.6,0.3,4.2,7.0,3.4,,63.7,93.5
4,4,18,225,2.3,.247,.227,.045,.409,26,0.5,9.5,5.1,20.2,2.6,0.5,37.8,9.4,,-0.3,0.5,0.2,.034,,-8.5,1.7,-6.7
5,0,16,411,16,35,.457,16,31,.516,0,4,.000,12,20,.600,9,37,46,85,23,0,20,29,44
5,1,16,25.7,1.0,2.2,.457,1.0,1.9,.516,0.0,0.3,.000,0.8,1.3,.600,2.9,5.3,1.4,0.0,1.3,1.8,2.8
5,2,16,411,1.6,3.4,.457,1.6,3.0,.516,0.0,0.4,.000,1.2,1.9,.600,4.5,8.3,2.2,0.0,1.9,2.8,4.3
5,3,16,411,2.3,5.0,.457,2.3,4.4,.516,0.0,0.6,.000,1.7,2.9,.600,6.6,12.1,3.3,0.0,2.9,4.1,6.3,,115.4,92.6
5,4,16,411,13.0,.494,.457,.114,.571,87,2.5,9.6,6.1,34.5,3.3,0.0,31.0,7.8,,0.5,1.0,1.5,.143,,-2.4,0.8,-1.6
6,0,31,798,121,245,.494,88,151,.583,33,94,.351,50,87,.575,19,70,89,35,22,6,38,62,325
6,1,31,25.7,3.9,7.9,.494,2.8,4.9,.583,1.1,3.0,.351,1.6,2.8,.575,2.9,1.1,0.7,0.2,1.2,2.0,10.5
6,2,31,798,6.1,12.3,.494,4.4,7.6,.583,1.7,4.7,.351,2.5,4.4,.575,4.5,1.8,1.1,0.3,1.9,3.1,16.3
6,3,31,798,8.9,18.0,.494,6.5,11.1,.583,2.4,6.9,.351,3.7,6.4,.575,6.5,2.6,1.6,0.4,2.8,4.6,23.9,,111.3,95.9
6,4,31,798,15.5,.568,.561,.384,.355,285,2.7,9.3,6.1,9.0,1.6,0.8,11.7,20.3,,1.4,1.7,3.0,.152,,0.0,-0.6,-0.6
7,0,32,598,101,233,.433,58,106,.547,43,127,.339,59,83,.711,17,56,73,26,27,2,33,57,304
7,1,32,18.7,3.2,7.3,.433,1.8,3.3,.547,1.3,4.0,.339,1.8,2.6,.711,2.3,0.8,0.8,0.1,1.0,1.8,9.5
7,2,32,598,6.8,15.6,.433,3.9,7.1,.547,2.9,8.5,.339,3.9,5.6,.711,4.9,1.7,1.8,0.1,2.2,3.8,20.3
7,3,32,598,9.9,22.9,.433,5.7,10.4,.547,4.2,12.5,.339,5.8,8.1,.711,7.2,2.6,2.7,0.2,3.2,5.6,29.8,,112.0,93.5
7,4,32,598,18.7,.558,.526,.545,.356,265,3.2,10.0,6.7,9.3,2.7,0.4,10.8,25.5,,1.3,1.4,2.7,.180,,1.6,-1.3,0.3
8,0,32,903,142,321,.442,62,116,.534,80,205,.390,43,57,.754,40,127,167,40,32,38,41,60,407
8,1,32,28.2,4.4,10.0,.442,1.9,3.6,.534,2.5,6.4,.390,1.3,1.8,.754,5.2,1.3,1.0,1.2,1.3,1.9,12.7
8,2,32,903,6.3,14.2,.442,2.7,5.1,.534,3.5,9.1,.390,1.9,2.5,.754,7.4,1.8,1.4,1.7,1.8,2.7,18.0
8,3,32,903,9.2,20.9,.442,4.0,7.5,.534,5.2,13.3,.390,2.8,3.7,.754,10.9,2.6,2.1,2.5,2.7,3.9,26.5,,117.9,90.5
8,4,32,903,21.0,.585,.567,.639,.178,361,5.0,15.0,10.1,9.2,2.1,4.7,10.5,21.5,,2.2,2.3,4.5,.201,,2.9,2.2,5.1
9,0,32,622,69,148,.466,69,148,.466,0,0,,41,72,.569,57,67,124,14,9,21,43,101,179
9,1,32,19.4,2.2,4.6,.466,2.2,4.6,.466,0.0,0.0,,1.3,2.3,.569,3.9,0.4,0.3,0.7,1.3,3.2,5.6
9,2,32,622,4.4,9.5,.466,4.4,9.5,.466,0.0,0.0,,2.6,4.6,.569,8.0,0.9,0.6,1.4,2.8,6.5,11.5
9,3,32,622,6.5,14.0,.466,6.5,14.0,.466,0.0,0.0,,3.9,6.8,.569,11.7,1.3,0.8,2.0,4.1,9.5,16.9,,95.6,94.5
9,4,32,622,10.3,.491,.466,.000,.486,184,10.4,11.5,10.9,4.3,0.8,3.8,19.1,18.0,,0.2,1.4,1.6,.100,,-5.1,1.1,-4.0
10,0,28,273,25,59,.424,23,53,.434,2,6,.333,14,30,.467,8,13,21,17,8,1,27,40,66
10,1,28,9.8,0.9,2.1,.424,0.8,1.9,.434,0.1,0.2,.333,0.5,1.1,.467,0.8,0.6,0.3,0.0,1.0,1.4,2.4
10,2,28,273,3.7,8.6,.424,3.4,7.8,.434,0.3,0.9,.333,2.1,4.4,.467,3.1,2.5,1.2,0.1,4.0,5.9,9.7
10,3,28,273,5.4,12.7,.424,4.9,11.4,.434,0.4,1.3,.333,3.0,6.5,.467,4.5,3.7,1.7,0.2,5.8,8.6,14.2,,78.7,97.5
10,4,28,273,3.7,.451,.441,.102,.508,68,3.3,5.1,4.2,11.4,1.7,0.4,26.9,18.3,,-0.3,0.5,0.2,.030,,-7.5,-0.7,-8.2
11,0,28,241,22,38,.579,22,38,.579,0,0,,13,24,.542,23,34,57,6,8,17,21,54,57
11,1,28,8.6,0.8,1.4,.579,0.8,1.4,.579,0.0,0.0,,0.5,0.9,.542,2.0,0.2,0.3,0.6,0.8,1.9,2.0
11,2,28,241,3.7,6.3,.579,3.7,6.3,.579,0.0,0.0,,2.2,4.0,.542,9.5,1.0,1.3,2.8,3.5,9.0,9.5
11,3,28,241,5.4,9.3,.579,5.4,9.3,.579,0.0,0.0,,3.2,5.8,.542,13.9,1.5,1.9,4.1,5.1,13.2,13.9,,94.8,88.0
11,4,28,241,11.8,.577,.579,.000,.632,61,10.8,15.0,13.0,4.6,1.9,7.8,29.8,14.6,,0.0,0.7,0.7,.120,,-5.0,4.9,-0.1
