0,0,31,967,131,332,.395,92,205,.449,39,127,.307,107,134,.799,21,86,107,49,27,12,68,75,408
0,1,31,31.2,4.2,10.7,.395,3.0,6.6,.449,1.3,4.1,.307,3.5,4.3,.799,3.5,1.6,0.9,0.4,2.2,2.4,13.2
0,2,31,967,5.4,13.7,.395,3.8,8.5,.449,1.6,5.3,.307,4.4,5.5,.799,4.4,2.0,1.1,0.5,2.8,3.1,16.9
0,3,31,967,8.2,20.8,.395,5.8,12.9,.449,2.4,8.0,.307,6.7,8.4,.799,6.7,3.1,1.7,0.8,4.3,4.7,25.6,,97.5,98.9
0,4,31,967,15.1,.516,.453,.383,.404,379,2.6,9.3,6.2,13.0,1.7,1.3,14.7,25.8,,1.0,1.4,2.4,.101,,-1.1,-3.1,-4.2
1,0,31,365,32,77,.416,24,58,.414,8,19,.421,23,31,.742,19,44,63,5,6,11,15,46,95
1,1,31,11.8,1.0,2.5,.416,0.8,1.9,.414,0.3,0.6,.421,0.7,1.0,.742,2.0,0.2,0.2,0.4,0.5,1.5,3.1
1,2,31,365,3.5,8.4,.416,2.6,6.4,.414,0.9,2.1,.421,2.5,3.4,.742,6.9,0.5,0.7,1.2,1.6,5.0,10.4
1,3,31,365,5.3,12.8,.416,4.0,9.6,.414,1.3,3.2,.421,3.8,5.1,.742,10.5,0.8,1.0,1.8,2.5,7.6,15.8,,100.3,97.3
1,4,31,365,11.3,.518,.468,.247,.403,91,6.2,12.6,9.6,3.1,1.0,3.1,14.1,15.8,,0.3,0.6,0.9,.100,,-4.5,-2.4,-6.9
2,0,31,716,92,240,.383,33,78,.423,59,162,.364,21,32,.656,13,55,68,36,21,4,40,65,264
2,1,31,23.1,3.0,7.7,.383,1.1,2.5,.423,1.9,5.2,.364,0.7,1.0,.656,2.2,1.2,0.7,0.1,1.3,2.1,8.5
2,2,31,716,5.1,13.4,.383,1.8,4.4,.423,3.3,9.1,.364,1.2,1.8,.656,3.8,2.0,1.2,0.2,2.2,3.6,14.7
2,3,31,716,7.8,20.3,.383,2.8,6.6,.423,5.0,13.7,.364,1.8,2.7,.656,5.8,3.0,1.8,0.3,3.4,5.5,22.4,,96.4,99.6
2,4,31,716,12.7,.517,.506,.675,.133,237,2.2,8.0,5.3,12.7,1.8,0.6,13.6,22.2,,0.5,1.0,1.6,.087,,-0.2,-3.9,-4.1
3,0,31,810,56,97,.577,56,96,.583,0,1,.000,19,58,.328,46,114,160,27,17,18,48,102,131
3,1,31,26.1,1.8,3.1,.577,1.8,3.1,.583,0.0,0.0,.000,0.6,1.9,.328,5.2,0.9,0.5,0.6,1.5,3.3,4.2
3,2,31,810,2.8,4.8,.577,2.8,4.7,.583,0.0,0.0,.000,0.9,2.9,.328,7.9,1.3,0.8,0.9,2.4,5.0,6.5
3,3,31,810,4.2,7.3,.577,4.2,7.2,.583,0.0,0.1,.000,1.4,4.3,.328,12.0,2.0,1.3,1.3,3.6,7.6,9.8,,88.3,95.8
3,4,31,810,8.4,.526,.577,.010,.598,143,6.8,14.7,11.0,7.3,1.3,2.3,27.8,11.5,,0.0,1.5,1.4,.070,,-4.9,0.3,-4.6
4,0,10,53,3,9,.333,3,8,.375,0,1,.000,3,4,.750,2,5,7,5,1,0,2,5,9
4,1,10,5.3,0.3,0.9,.333,0.3,0.8,.375,0.0,0.1,.000,0.3,0.4,.750,0.7,0.5,0.1,0.0,0.2,0.5,0.9
4,2,10,53,2.3,6.8,.333,2.3,6.0,.375,0.0,0.8,.000,2.3,3.0,.750,5.3,3.8,0.8,0.0,1.5,3.8,6.8
4,3,10,53,3.4,10.3,.333,3.4,9.2,.375,0.0,1.1,.000,3.4,4.6,.750,8.0,5.7,1.1,0.0,2.3,5.7,10.3,,94.4,100.1
4,4,10,53,8.6,.413,.333,.111,.444,11,4.5,9.9,7.4,20.1,1.1,0.0,15.5,13.1,,0.0,0.1,0.1,.070,,-5.2,-3.4,-8.6
5,0,31,1003,144,297,.485,144,295,.488,0,2,.000,94,132,.712,69,173,242,17,11,60,50,80,382
5,1,31,32.4,4.6,9.6,.485,4.6,9.5,.488,0.0,0.1,.000,3.0,4.3,.712,7.8,0.5,0.4,1.9,1.6,2.6,12.3
5,2,31,1003,5.7,11.8,.485,5.7,11.8,.488,0.0,0.1,.000,3.7,5.3,.712,9.7,0.7,0.4,2.4,2.0,3.2,15.2
5,3,31,1003,8.7,18.0,.485,8.7,17.8,.488,0.0,0.1,.000,5.7,8.0,.712,14.6,1.0,0.7,3.6,3.0,4.8,23.1,,104.0,93.9
5,4,31,1003,19.1,.531,.485,.007,.444,361,8.2,18.0,13.5,4.4,0.7,6.1,12.2,22.0,,1.5,2.0,3.5,.141,,-3.3,-0.5,-3.8
6,0,31,1009,94,257,.366,65,167,.389,29,90,.322,81,126,.643,11,124,135,129,58,1,96,58,298
6,1,31,32.5,3.0,8.3,.366,2.1,5.4,.389,0.9,2.9,.322,2.6,4.1,.643,4.4,4.2,1.9,0.0,3.1,1.9,9.6
6,2,31,1009,3.7,10.2,.366,2.6,6.6,.389,1.1,3.6,.322,3.2,5.0,.643,5.4,5.1,2.3,0.0,3.8,2.3,11.8
6,3,31,1009,5.6,15.4,.366,3.9,10.0,.389,1.7,5.4,.322,4.9,7.6,.643,8.1,7.8,3.5,0.1,5.8,3.5,17.9,,87.5,93.5
6,4,31,1009,13.3,.470,.422,.350,.490,327,1.3,12.8,7.5,29.6,3.5,0.1,23.3,22.0,,-0.2,2.0,1.9,.074,,-2.6,-0.8,-3.4
7,0,22,188,32,93,.344,29,64,.453,3,29,.103,11,14,.786,4,22,26,5,5,2,16,15,78
7,1,22,8.5,1.5,4.2,.344,1.3,2.9,.453,0.1,1.3,.103,0.5,0.6,.786,1.2,0.2,0.2,0.1,0.7,0.7,3.5
7,2,22,188,6.8,19.8,.344,6.2,13.6,.453,0.6,6.2,.103,2.3,3.0,.786,5.5,1.1,1.1,0.4,3.4,3.2,16.6
7,3,22,188,10.3,30.0,.344,9.4,20.6,.453,1.0,9.4,.103,3.5,4.5,.786,8.4,1.6,1.6,0.6,5.2,4.8,25.2,,73.4,97.4
7,4,22,188,7.7,.391,.360,.312,.151,69,2.5,12.2,7.7,7.5,1.6,1.1,13.8,33.1,,-0.4,0.3,-0.1,-.028,,-9.2,-5.9,-15.1
8,0,31,395,14,37,.378,14,35,.400,0,2,.000,20,27,.741,4,31,35,28,14,0,28,49,48
8,1,31,12.7,0.5,1.2,.378,0.5,1.1,.400,0.0,0.1,.000,0.6,0.9,.741,1.1,0.9,0.5,0.0,0.9,1.6,1.5
8,2,31,395,1.4,3.7,.378,1.4,3.5,.400,0.0,0.2,.000,2.0,2.7,.741,3.5,2.8,1.4,0.0,2.8,5.0,4.9
8,3,31,395,2.1,5.7,.378,2.1,5.4,.400,0.0,0.3,.000,3.1,4.1,.741,5.4,4.3,2.1,0.0,4.3,7.5,7.4,,78.0,98.7
8,4,31,395,4.3,.482,.378,.054,.730,58,1.2,8.2,4.9,14.5,2.1,0.0,36.0,10.6,,-0.2,0.6,0.4,.036,,-7.1,-1.7,-8.8
9,0,31,532,44,125,.352,43,116,.371,1,9,.111,28,38,.737,19,27,46,33,19,1,47,74,117
9,1,31,17.2,1.4,4.0,.352,1.4,3.7,.371,0.0,0.3,.111,0.9,1.2,.737,1.5,1.1,0.6,0.0,1.5,2.4,3.8
9,2,31,532,3.3,9.4,.352,3.2,8.7,.371,0.1,0.7,.111,2.1,2.9,.737,3.5,2.5,1.4,0.1,3.5,5.6,8.8
9,3,31,532,5.0,14.2,.352,4.9,13.2,.371,0.1,1.0,.111,3.2,4.3,.737,5.2,3.8,2.2,0.1,5.4,8.4,13.3,,74.8,100.2
9,4,31,532,4.4,.409,.356,.072,.304,127,4.3,5.3,4.8,14.0,2.2,0.2,24.7,19.2,,-0.7,0.7,0.0,.001,,-7.6,-2.6,-10.3
10,0,27,237,17,43,.395,11,23,.478,6,20,.300,9,11,.818,6,24,30,8,4,2,16,32,49
10,1,27,8.8,0.6,1.6,.395,0.4,0.9,.478,0.2,0.7,.300,0.3,0.4,.818,1.1,0.3,0.1,0.1,0.6,1.2,1.8
10,2,27,237,2.9,7.3,.395,1.9,3.9,.478,1.0,3.4,.300,1.5,1.9,.818,5.1,1.4,0.7,0.3,2.7,5.4,8.3
10,3,27,237,4.3,11.0,.395,2.8,5.9,.478,1.5,5.1,.300,2.3,2.8,.818,7.7,2.0,1.0,0.5,4.1,8.2,12.5,,84.8,99.3
10,4,27,237,5.8,.508,.465,.465,.256,48,3.0,10.6,7.1,7.4,1.0,0.9,24.9,14.6,,-0.1,0.3,0.3,.047,,-5.7,-2.9,-8.6
