0,0,23,220,18,42,.429,9,23,.391,9,19,.474,1,2,.500,11,16,27,11,5,1,10,18,46
0,1,23,9.6,0.8,1.8,.429,0.4,1.0,.391,0.4,0.8,.474,0.0,0.1,.500,1.2,0.5,0.2,0.0,0.4,0.8,2.0
0,2,23,220,3.3,7.6,.429,1.6,4.2,.391,1.6,3.5,.474,0.2,0.4,.500,4.9,2.0,0.9,0.2,1.8,3.3,8.4
0,3,23,220,5.0,11.7,.429,2.5,6.4,.391,2.5,5.3,.474,0.3,0.6,.500,7.5,3.1,1.4,0.3,2.8,5.0,12.9,,99.5,118.2
0,4,23,220,9.3,.536,.536,.452,.048,48,6.0,9.4,7.7,11.7,1.4,0.5,18.9,13.1,,0.1,0.0,0.1,.020,,-2.8,-2.8,-5.6
1,0,28,347,33,100,.330,33,100,.330,0,0,,26,43,.605,11,44,55,12,5,24,34,56,92
1,1,28,12.4,1.2,3.6,.330,1.2,3.6,.330,0.0,0.0,,0.9,1.5,.605,2.0,0.4,0.2,0.9,1.2,2.0,3.3
1,2,28,347,3.8,11.5,.330,3.8,11.5,.330,0.0,0.0,,3.0,5.0,.605,6.3,1.4,0.6,2.8,3.9,6.5,10.6
1,3,28,347,5.8,17.7,.330,5.8,17.7,.330,0.0,0.0,,4.6,7.6,.605,9.7,2.1,0.9,4.3,6.0,9.9,16.3,,68.6,112.7
1,4,28,347,4.5,.382,.330,.000,.430,91,3.8,16.4,9.9,8.4,0.9,7.6,22.0,24.2,,-0.9,0.2,-0.7,-.084,,-11.9,0.3,-11.6
2,0,28,401,38,97,.392,38,97,.392,0,0,,30,48,.625,16,55,71,7,3,16,34,86,106
2,1,28,14.3,1.4,3.5,.392,1.4,3.5,.392,0.0,0.0,,1.1,1.7,.625,2.5,0.3,0.1,0.6,1.2,3.1,3.8
2,2,28,401,3.8,9.7,.392,3.8,9.7,.392,0.0,0.0,,3.0,4.8,.625,7.1,0.7,0.3,1.6,3.4,8.6,10.6
2,3,28,401,5.8,14.9,.392,5.8,14.9,.392,0.0,0.0,,4.6,7.4,.625,10.9,1.1,0.5,2.5,5.2,13.2,16.2,,77.0,114.5
2,4,28,401,4.6,.442,.392,.000,.495,102,4.8,17.8,11.0,4.2,0.5,4.4,22.1,20.9,,-0.6,0.1,-0.4,-.044,,-10.0,-1.9,-12.0
3,0,29,783,87,221,.394,39,95,.411,48,126,.381,49,56,.875,13,103,116,34,9,4,33,65,271
3,1,29,27.0,3.0,7.6,.394,1.3,3.3,.411,1.7,4.3,.381,1.7,1.9,.875,4.0,1.2,0.3,0.1,1.1,2.2,9.3
3,2,29,783,4.4,11.3,.394,2.0,4.9,.411,2.5,6.4,.381,2.5,2.9,.875,5.9,1.7,0.5,0.2,1.7,3.3,13.8
3,3,29,783,6.8,17.3,.394,3.1,7.5,.411,3.8,9.9,.381,3.8,4.4,.875,9.1,2.7,0.7,0.3,2.6,5.1,21.3,,105.1,116.8
3,4,29,783,12.8,.547,.502,.570,.253,245,2.0,17.0,9.2,11.0,0.7,0.6,11.8,19.5,,0.9,0.1,1.0,.051,,-0.5,-3.6,-4.1
4,0,29,515,67,139,.482,58,111,.523,9,28,.321,40,70,.571,36,76,112,18,19,16,28,92,183
4,1,29,17.8,2.3,4.8,.482,2.0,3.8,.523,0.3,1.0,.321,1.4,2.4,.571,3.9,0.6,0.7,0.6,1.0,3.2,6.3
4,2,29,515,5.2,10.8,.482,4.5,8.6,.523,0.7,2.2,.321,3.1,5.4,.571,8.7,1.4,1.5,1.2,2.2,7.1,14.2
4,3,29,515,8.0,16.6,.482,6.9,13.2,.523,1.1,3.3,.321,4.8,8.4,.571,13.4,2.1,2.3,1.9,3.3,11.0,21.8,,102.2,110.6
4,4,29,515,15.9,.531,.514,.201,.504,177,8.4,19.1,13.6,9.3,2.3,3.4,14.0,21.2,,0.5,0.4,0.9,.068,,-1.9,-0.5,-2.5
5,0,10,26,3,10,.300,0,1,.000,3,9,.333,0,0,,0,3,3,1,0,1,1,2,9
5,1,10,2.6,0.3,1.0,.300,0.0,0.1,.000,0.3,0.9,.333,0.0,0.0,,0.3,0.1,0.0,0.1,0.1,0.2,0.9
5,2,10,26,4.6,15.4,.300,0.0,1.5,.000,4.6,13.8,.333,0.0,0.0,,4.6,1.5,0.0,1.5,1.5,3.1,13.8
5,3,10,26,7.1,23.6,.300,0.0,2.4,.000,7.1,21.3,.333,0.0,0.0,,7.1,2.4,0.0,2.4,2.4,4.7,21.3,,87.4,117.3
5,4,10,26,8.7,.450,.450,.900,.000,8,0.0,14.9,7.2,9.8,0.0,4.3,9.1,23.0,,0.0,0.0,0.0,-.015,,-3.1,-4.8,-7.9
6,0,29,779,85,215,.395,72,160,.450,13,55,.236,93,120,.775,6,42,48,65,14,5,75,50,276
6,1,29,26.9,2.9,7.4,.395,2.5,5.5,.450,0.4,1.9,.236,3.2,4.1,.775,1.7,2.2,0.5,0.2,2.6,1.7,9.5
6,2,29,779,4.4,11.0,.395,3.7,8.2,.450,0.7,2.8,.236,4.8,6.2,.775,2.5,3.3,0.7,0.3,3.9,2.6,14.2
6,3,29,779,6.7,17.0,.395,5.7,12.6,.450,1.0,4.3,.236,7.3,9.5,.775,3.8,5.1,1.1,0.4,5.9,3.9,21.8,,90.2,119.7
6,4,29,779,9.8,.507,.426,.256,.558,272,0.9,7.0,3.8,21.0,1.1,0.7,21.6,24.3,,-0.2,-0.1,-0.3,-.014,,-4.1,-4.5,-8.6
7,0,29,596,53,131,.405,50,120,.417,3,11,.273,31,44,.705,13,33,46,35,13,8,57,66,140
7,1,29,20.6,1.8,4.5,.405,1.7,4.1,.417,0.1,0.4,.273,1.1,1.5,.705,1.6,1.2,0.4,0.3,2.0,2.3,4.8
7,2,29,596,3.6,8.8,.405,3.4,8.1,.417,0.2,0.7,.273,2.1,3.0,.705,3.1,2.3,0.9,0.5,3.8,4.4,9.4
7,3,29,596,5.5,13.5,.405,5.2,12.4,.417,0.3,1.1,.273,3.2,4.5,.705,4.7,3.6,1.3,0.8,5.9,6.8,14.4,,76.6,118.5
7,4,29,596,4.5,.461,.416,.084,.336,142,2.6,7.2,4.8,14.0,1.3,1.5,27.3,19.1,,-0.8,0.0,-0.8,-.057,,-7.7,-2.5,-10.2
8,0,29,594,44,95,.463,43,93,.462,1,2,.500,64,92,.696,10,35,45,68,29,0,37,59,153
8,1,29,20.5,1.5,3.3,.463,1.5,3.2,.462,0.0,0.1,.500,2.2,3.2,.696,1.6,2.3,1.0,0.0,1.3,2.0,5.3
8,2,29,594,3.0,6.4,.463,2.9,6.3,.462,0.1,0.1,.500,4.3,6.2,.696,3.0,4.6,2.0,0.0,2.5,4.0,10.3
8,3,29,594,4.6,9.8,.463,4.4,9.6,.462,0.1,0.2,.500,6.6,9.5,.696,4.7,7.0,3.0,0.0,3.8,6.1,15.8,,105.0,115.5
8,4,29,594,12.9,.552,.468,.021,.968,171,2.0,7.6,4.7,26.4,3.0,0.0,21.1,16.1,,0.6,0.2,0.8,.052,,-2.6,-2.6,-5.2
9,0,24,282,18,72,.250,14,49,.286,4,23,.174,9,10,.900,4,11,15,13,6,2,18,27,49
9,1,24,11.8,0.8,3.0,.250,0.6,2.0,.286,0.2,1.0,.174,0.4,0.4,.900,0.6,0.5,0.3,0.1,0.8,1.1,2.0
9,2,24,282,2.6,10.2,.250,2.0,7.0,.286,0.6,3.3,.174,1.3,1.4,.900,2.1,1.8,0.9,0.3,2.6,3.8,7.0
9,3,24,282,3.9,15.7,.250,3.1,10.7,.286,0.9,5.0,.174,2.0,2.2,.900,3.3,2.8,1.3,0.4,3.9,5.9,10.7,,63.0,119.8
9,4,24,282,-0.2,.319,.278,.319,.139,51,1.7,5.1,3.3,10.4,1.3,0.8,19.0,18.3,,-0.7,0.0,-0.7,-.103,,-9.5,-4.0,-13.5
10,0,29,662,85,157,.541,84,156,.538,1,1,1.000,31,58,.534,61,94,155,20,14,16,35,79,202
10,1,29,22.8,2.9,5.4,.541,2.9,5.4,.538,0.0,0.0,1.000,1.1,2.0,.534,5.3,0.7,0.5,0.6,1.2,2.7,7.0
10,2,29,662,5.1,9.5,.541,5.1,9.4,.538,0.1,0.1,1.000,1.9,3.5,.534,9.4,1.2,0.8,1.0,2.1,4.8,12.2
10,3,29,662,7.9,14.6,.541,7.8,14.5,.538,0.1,0.1,1.000,2.9,5.4,.534,14.4,1.9,1.3,1.5,3.2,7.3,18.8,,104.0,113.7
10,4,29,662,15.3,.547,.545,.006,.369,204,11.1,18.4,14.6,8.0,1.3,2.7,15.9,18.1,,0.7,0.3,1.0,.058,,-2.5,-1.0,-3.5
11,0,28,351,34,115,.296,7,22,.318,27,93,.290,15,20,.750,9,23,32,14,5,0,15,39,110
11,1,28,12.5,1.2,4.1,.296,0.3,0.8,.318,1.0,3.3,.290,0.5,0.7,.750,1.1,0.5,0.2,0.0,0.5,1.4,3.9
11,2,28,351,3.9,13.1,.296,0.8,2.5,.318,3.1,10.6,.290,1.7,2.3,.750,3.6,1.6,0.6,0.0,1.7,4.4,12.5
11,3,28,351,6.0,20.1,.296,1.2,3.9,.318,4.7,16.3,.290,2.6,3.5,.750,5.6,2.5,0.9,0.0,2.6,6.8,19.3,,89.1,119.8
11,4,28,351,6.8,.442,.413,.809,.174,103,3.1,8.5,5.7,9.7,0.9,0.0,10.8,21.6,,-0.1,0.0,-0.1,-.016,,-2.3,-5.9,-8.2
12,0,21,174,22,50,.440,10,22,.455,12,28,.429,7,11,.636,6,12,18,5,5,1,12,24,63
12,1,21,8.3,1.0,2.4,.440,0.5,1.0,.455,0.6,1.3,.429,0.3,0.5,.636,0.9,0.2,0.2,0.0,0.6,1.1,3.0
12,2,21,174,5.1,11.5,.440,2.3,5.1,.455,2.8,6.4,.429,1.6,2.5,.636,4.1,1.1,1.1,0.2,2.8,5.5,14.5
12,3,21,174,7.8,17.7,.440,3.5,7.8,.455,4.2,9.9,.429,2.5,3.9,.636,6.4,1.8,1.8,0.4,4.2,8.5,22.3,,97.4,117.2
12,4,21,174,11.2,.570,.560,.560,.220,55,4.1,8.9,6.5,7.5,1.8,0.6,17.9,21.0,,0.1,0.0,0.1,.025,,-1.8,-4.3,-6.1
13,0,18,94,4,18,.222,3,12,.250,1,6,.167,1,2,.500,0,4,4,10,2,0,3,11,10
13,1,18,5.2,0.2,1.0,.222,0.2,0.7,.250,0.1,0.3,.167,0.1,0.1,.500,0.2,0.6,0.1,0.0,0.2,0.6,0.6
13,2,18,94,1.7,7.7,.222,1.3,5.1,.250,0.4,2.6,.167,0.4,0.9,.500,1.7,4.3,0.9,0.0,1.3,4.7,4.3
13,3,18,94,2.6,11.8,.222,2.0,7.8,.250,0.7,3.9,.167,0.7,1.3,.500,2.6,6.5,1.3,0.0,2.0,7.2,6.5,,68.4,119.9
13,4,18,94,1.2,.264,.250,.333,.111,14,0.0,5.5,2.7,22.9,1.3,0.0,13.7,12.7,,-0.1,0.0,-0.1,-.063,,-8.3,-5.3,-13.6
