0,0,31,654,80,198,.404,80,198,.404,0,0,,52,85,.612,52,133,185,28,6,60,49,76,212
0,1,31,21.1,2.6,6.4,.404,2.6,6.4,.404,0.0,0.0,,1.7,2.7,.612,6.0,0.9,0.2,1.9,1.6,2.5,6.8
0,2,31,654,4.9,12.1,.404,4.9,12.1,.404,0.0,0.0,,3.2,5.2,.612,11.3,1.7,0.4,3.7,3.0,4.6,13.0
0,3,31,654,7.1,17.5,.404,7.1,17.5,.404,0.0,0.0,,4.6,7.5,.612,16.3,2.5,0.5,5.3,4.3,6.7,18.7,,89.7,99.1
0,4,31,654,14.9,.445,.404,.000,.429,215,8.6,23.4,15.8,9.5,0.5,9.6,17.1,21.6,,0.1,0.9,1.0,.062,,-6.5,2.9,-3.6
1,0,23,514,58,137,.423,38,86,.442,20,51,.392,25,39,.641,14,68,82,35,18,4,48,52,161
1,1,23,22.3,2.5,6.0,.423,1.7,3.7,.442,0.9,2.2,.392,1.1,1.7,.641,3.6,1.5,0.8,0.2,2.1,2.3,7.0
1,2,23,514,4.5,10.7,.423,3.0,6.7,.442,1.6,4.0,.392,1.9,3.0,.641,6.4,2.7,1.4,0.3,3.7,4.0,12.5
1,3,23,514,6.5,15.4,.423,4.3,9.7,.442,2.2,5.7,.392,2.8,4.4,.641,9.2,3.9,2.0,0.4,5.4,5.8,18.1,,90.2,103.9
1,4,23,514,10.9,.518,.496,.372,.285,154,3.0,15.2,8.9,14.8,2.0,0.8,23.6,19.4,,0.1,0.5,0.6,.044,,-3.2,-1.1,-4.4
2,0,3,3,0,0,,0,0,,0,0,,1,2,.500,0,0,0,1,0,0,2,1,1
2,1,3,1.0,0.0,0.0,,0.0,0.0,,0.0,0.0,,0.3,0.7,.500,0.0,0.3,0.0,0.0,0.7,0.3,0.3
2,2,3,3,0.0,0.0,,0.0,0.0,,0.0,0.0,,13.3,26.7,.500,0.0,13.3,0.0,0.0,26.7,13.3,13.3
2,3,3,3,0.0,0.0,,0.0,0.0,,0.0,0.0,,19.3,38.5,.500,0.0,19.3,0.0,0.0,38.5,19.3,19.3,,46.5,113.0
2,4,3,3,-21.4,.526,,,,1,0.0,0.0,0.0,58.0,0.0,0.0,67.8,48.3,,0.0,0.0,0.0,-.469,,-31.3,-15.9,-47.2
3,0,9,21,2,11,.182,1,3,.333,1,8,.125,2,2,1.000,1,2,3,0,0,0,1,5,7
3,1,9,2.3,0.2,1.2,.182,0.1,0.3,.333,0.1,0.9,.125,0.2,0.2,1.000,0.3,0.0,0.0,0.0,0.1,0.6,0.8
3,2,9,21,3.8,21.0,.182,1.9,5.7,.333,1.9,15.2,.125,3.8,3.8,1.000,5.7,0.0,0.0,0.0,1.9,9.5,13.3
3,3,9,21,5.5,30.3,.182,2.8,8.3,.333,2.8,22.0,.125,5.5,5.5,1.000,8.3,0.0,0.0,0.0,2.8,13.8,19.3,,68.8,109.6
3,4,9,21,-3.4,.293,.227,.727,.182,7,5.2,11.0,8.0,0.0,0.0,0.0,7.7,30.3,,-0.1,0.0,0.0,-.086,,-9.9,-11.6,-21.5
4,0,31,419,40,92,.435,40,92,.435,0,0,,33,50,.660,32,60,92,9,7,36,30,76,113
4,1,31,13.5,1.3,3.0,.435,1.3,3.0,.435,0.0,0.0,,1.1,1.6,.660,3.0,0.3,0.2,1.2,1.0,2.5,3.6
4,2,31,419,3.8,8.8,.435,3.8,8.8,.435,0.0,0.0,,3.2,4.8,.660,8.8,0.9,0.7,3.4,2.9,7.3,10.8
4,3,31,419,5.5,12.7,.435,5.5,12.7,.435,0.0,0.0,,4.6,6.9,.660,12.7,1.2,1.0,5.0,4.1,10.5,15.6,,91.9,100.6
4,4,31,419,11.9,.488,.435,.000,.543,113,8.3,16.5,12.3,4.5,1.0,9.0,20.6,17.1,,0.1,0.5,0.7,.062,,-6.2,2.3,-3.9
5,0,31,642,57,155,.368,20,44,.455,37,111,.333,30,35,.857,12,70,82,30,16,6,28,65,181
5,1,31,20.7,1.8,5.0,.368,0.6,1.4,.455,1.2,3.6,.333,1.0,1.1,.857,2.6,1.0,0.5,0.2,0.9,2.1,5.8
5,2,31,642,3.6,9.7,.368,1.2,2.7,.455,2.3,6.9,.333,1.9,2.2,.857,5.1,1.9,1.0,0.4,1.7,4.0,11.3
5,3,31,642,5.1,14.0,.368,1.8,4.0,.455,3.3,10.0,.333,2.7,3.2,.857,7.4,2.7,1.4,0.5,2.5,5.9,16.3,,104.9,106.1
5,4,31,642,10.8,.527,.487,.716,.226,167,2.0,12.5,7.1,9.6,1.4,1.0,14.0,15.3,,0.7,0.5,1.2,.076,,-1.0,-2.1,-3.1
6,0,30,932,147,397,.370,90,223,.404,57,174,.328,115,150,.767,36,84,120,96,24,6,100,74,466
6,1,30,31.1,4.9,13.2,.370,3.0,7.4,.404,1.9,5.8,.328,3.8,5.0,.767,4.0,3.2,0.8,0.2,3.3,2.5,15.5
6,2,30,932,6.3,17.0,.370,3.9,9.6,.404,2.4,7.5,.328,4.9,6.4,.767,5.2,4.1,1.0,0.3,4.3,3.2,20.0
6,3,30,932,9.1,24.6,.370,5.6,13.8,.404,3.5,10.8,.328,7.1,9.3,.767,7.4,6.0,1.5,0.4,6.2,4.6,28.9,,97.4,107.0
6,4,30,932,16.0,.498,.442,.438,.378,455,4.2,10.4,7.2,24.7,1.5,0.7,17.6,29.9,,1.2,0.6,1.8,.077,,0.8,-3.1,-2.2
7,0,30,489,43,89,.483,43,88,.489,0,1,.000,19,43,.442,38,62,100,16,16,7,35,98,105
7,1,30,16.3,1.4,3.0,.483,1.4,2.9,.489,0.0,0.0,.000,0.6,1.4,.442,3.3,0.5,0.5,0.2,1.2,3.3,3.5
7,2,30,489,3.5,7.3,.483,3.5,7.2,.489,0.0,0.1,.000,1.6,3.5,.442,8.2,1.3,1.3,0.6,2.9,8.0,8.6
7,3,30,489,5.1,10.5,.483,5.1,10.4,.489,0.0,0.1,.000,2.2,5.1,.442,11.8,1.9,1.9,0.8,4.1,11.6,12.4,,87.2,103.5
7,4,30,489,7.8,.480,.483,.011,.483,111,8.4,14.6,11.4,6.7,1.9,1.5,24.2,14.5,,0.0,0.5,0.4,.036,,-5.0,-0.2,-5.2
8,0,31,635,38,88,.432,32,69,.464,6,19,.316,29,41,.707,30,72,102,45,32,8,46,98,111
8,1,31,20.5,1.2,2.8,.432,1.0,2.2,.464,0.2,0.6,.316,0.9,1.3,.707,3.3,1.5,1.0,0.3,1.5,3.2,3.6
8,2,31,635,2.4,5.5,.432,2.0,4.3,.464,0.4,1.2,.316,1.8,2.6,.707,6.4,2.8,2.0,0.5,2.9,6.2,7.0
8,3,31,635,3.5,8.0,.432,2.9,6.3,.464,0.5,1.7,.316,2.6,3.7,.707,9.3,4.1,2.9,0.7,4.2,8.9,10.1,,91.0,102.2
8,4,31,635,8.9,.516,.466,.216,.466,128,5.1,13.0,9.0,13.8,2.9,1.3,30.0,11.9,,0.1,0.7,0.8,.051,,-3.5,1.2,-2.3
9,0,27,244,15,51,.294,15,49,.306,0,2,.000,5,8,.625,19,26,45,11,2,1,14,23,35
9,1,27,9.0,0.6,1.9,.294,0.6,1.8,.306,0.0,0.1,.000,0.2,0.3,.625,1.7,0.4,0.1,0.0,0.5,0.9,1.3
9,2,27,244,2.5,8.4,.294,2.5,8.0,.306,0.0,0.3,.000,0.8,1.3,.625,7.4,1.8,0.3,0.2,2.3,3.8,5.7
9,3,27,244,3.6,12.1,.294,3.6,11.6,.306,0.0,0.5,.000,1.2,1.9,.625,10.7,2.6,0.5,0.2,3.3,5.4,8.3,,73.8,108.6
9,4,27,244,3.6,.319,.294,.039,.157,44,8.4,12.3,10.3,8.8,0.5,0.4,20.3,13.8,,-0.3,0.1,-0.1,-.021,,-7.5,-2.2,-9.8
10,0,31,402,25,76,.329,7,17,.412,18,59,.305,3,4,.750,5,8,13,36,5,1,23,33,71
10,1,31,13.0,0.8,2.5,.329,0.2,0.5,.412,0.6,1.9,.305,0.1,0.1,.750,0.4,1.2,0.2,0.0,0.7,1.1,2.3
10,2,31,402,2.5,7.6,.329,0.7,1.7,.412,1.8,5.9,.305,0.3,0.4,.750,1.3,3.6,0.5,0.1,2.3,3.3,7.1
10,3,31,402,3.6,10.9,.329,1.0,2.4,.412,2.6,8.5,.305,0.4,0.6,.750,1.9,5.2,0.7,0.1,3.3,4.7,10.2,,89.2,111.9
10,4,31,402,4.6,.456,.447,.776,.053,77,1.3,2.3,1.8,17.5,0.7,0.3,22.8,12.3,,0.0,0.1,0.1,.009,,-4.0,-5.0,-9.1
11,0,6,9,1,2,.500,1,1,1.000,0,1,.000,2,3,.667,1,1,2,0,1,0,0,1,4
11,1,6,1.5,0.2,0.3,.500,0.2,0.2,1.000,0.0,0.2,.000,0.3,0.5,.667,0.3,0.0,0.2,0.0,0.0,0.2,0.7
11,2,6,9,4.4,8.9,.500,4.4,4.4,1.000,0.0,4.4,.000,8.9,13.3,.667,8.9,0.0,4.4,0.0,0.0,4.4,17.8
11,3,6,9,6.4,12.8,.500,6.4,6.4,1.000,0.0,6.4,.000,12.8,19.3,.667,12.8,0.0,6.4,0.0,0.0,6.4,25.7,,139.6,95.6
11,4,6,9,28.1,.584,.500,.500,1.500,4,12.0,12.8,12.4,0.0,6.4,0.0,0.0,18.7,,0.0,0.0,0.1,.247,,3.6,-3.8,-0.1
12,0,10,169,27,55,.491,27,55,.491,0,0,,15,22,.682,10,16,26,6,4,4,18,22,69
12,1,10,16.9,2.7,5.5,.491,2.7,5.5,.491,0.0,0.0,,1.5,2.2,.682,2.6,0.6,0.4,0.4,1.8,2.2,6.9
12,2,10,169,6.4,13.0,.491,6.4,13.0,.491,0.0,0.0,,3.6,5.2,.682,6.2,1.4,0.9,0.9,4.3,5.2,16.3
12,3,10,169,9.2,18.8,.491,9.2,18.8,.491,0.0,0.0,,5.1,7.5,.682,8.9,2.1,1.4,1.4,6.2,7.5,23.6,,91.6,105.8
12,4,10,169,12.8,.527,.491,.000,.400,63,6.4,10.9,8.6,8.6,1.4,2.5,21.6,24.2,,0.1,0.1,0.2,.045,,-5.2,-2.0,-7.2
13,0,30,1014,184,410,.449,161,333,.483,23,77,.299,137,158,.867,62,122,184,53,23,21,62,83,528
13,1,30,33.8,6.1,13.7,.449,5.4,11.1,.483,0.8,2.6,.299,4.6,5.3,.867,6.1,1.8,0.8,0.7,2.1,2.8,17.6
13,2,30,1014,7.3,16.2,.449,6.4,13.1,.483,0.9,3.0,.299,5.4,6.2,.867,7.3,2.1,0.9,0.8,2.4,3.3,20.8
13,3,30,1014,10.5,23.4,.449,9.2,19.0,.483,1.3,4.4,.299,7.8,9.0,.867,10.5,3.0,1.3,1.2,3.5,4.7,30.1,,112.0,105.3
13,4,30,1014,21.7,.544,.477,.188,.385,491,6.6,13.8,10.1,13.3,1.3,2.2,11.3,26.5,,2.9,0.8,3.8,.148,,1.8,-1.7,0.1
14,0,19,104,1,7,.143,1,7,.143,0,0,,0,4,.000,2,5,7,12,0,0,11,17,2
14,1,19,5.5,0.1,0.4,.143,0.1,0.4,.143,0.0,0.0,,0.0,0.2,.000,0.4,0.6,0.0,0.0,0.6,0.9,0.1
14,2,19,104,0.4,2.7,.143,0.4,2.7,.143,0.0,0.0,,0.0,1.5,.000,2.7,4.6,0.0,0.0,4.2,6.5,0.8
14,3,19,104,0.6,3.9,.143,0.6,3.9,.143,0.0,0.0,,0.0,2.2,.000,3.9,6.7,0.0,0.0,6.1,9.4,1.1,,40.6,112.0
14,4,19,104,-5.2,.112,.143,.000,.571,8,2.1,5.5,3.8,20.4,0.0,0.0,55.3,9.4,,-0.3,0.0,-0.3,-.099,,-11.6,-3.6,-15.2
