0,0,5,28,2,6,.333,1,2,.500,1,4,.250,1,2,.500,0,2,2,2,1,1,1,3,6
0,1,5,5.6,0.4,1.2,.333,0.2,0.4,.500,0.2,0.8,.250,0.2,0.4,.500,0.4,0.4,0.2,0.2,0.2,0.6,1.2
0,2,5,28,2.9,8.6,.333,1.4,2.9,.500,1.4,5.7,.250,1.4,2.9,.500,2.9,2.9,1.4,1.4,1.4,4.3,8.6
0,3,5,28,4.4,13.3,.333,2.2,4.4,.500,2.2,8.9,.250,2.2,4.4,.500,4.4,4.4,2.2,2.2,2.2,6.6,13.3,,92.3,104.0
0,4,5,28,9.0,.432,.417,.667,.333,6,0.0,9.2,4.7,13.5,2.2,4.2,12.6,15.4,,0.0,0.0,0.0,.050,,-3.1,-0.4,-3.6
1,0,30,503,48,112,.429,39,79,.494,9,33,.273,23,33,.697,20,67,87,38,20,1,28,46,128
1,1,30,16.8,1.6,3.7,.429,1.3,2.6,.494,0.3,1.1,.273,0.8,1.1,.697,2.9,1.3,0.7,0.0,0.9,1.5,4.3
1,2,30,503,3.8,8.9,.429,3.1,6.3,.494,0.7,2.6,.273,1.8,2.6,.697,6.9,3.0,1.6,0.1,2.2,3.7,10.2
1,3,30,503,5.9,13.8,.429,4.8,9.7,.494,1.1,4.1,.273,2.8,4.1,.697,10.7,4.7,2.5,0.1,3.4,5.7,15.8,,99.7,103.0
1,4,30,503,13.0,.501,.469,.295,.295,134,5.3,17.2,11.4,14.9,2.5,0.2,18.0,16.7,,0.4,0.6,1.0,.079,,-1.6,-0.2,-1.7
2,0,2,16,3,6,.500,3,4,.750,0,2,.000,0,0,,2,0,2,0,1,0,1,0,6
2,1,2,8.0,1.5,3.0,.500,1.5,2.0,.750,0.0,1.0,.000,0.0,0.0,,1.0,0.0,0.5,0.0,0.5,0.0,3.0
2,2,2,16,7.5,15.0,.500,7.5,10.0,.750,0.0,5.0,.000,0.0,0.0,,5.0,0.0,2.5,0.0,2.5,0.0,15.0
2,3,2,16,11.6,23.2,.500,11.6,15.5,.750,0.0,7.7,.000,0.0,0.0,,7.7,0.0,3.9,0.0,3.9,0.0,23.2,,96.0,106.4
2,4,2,16,17.3,.500,.500,.333,.000,5,16.7,0.0,8.2,0.0,3.9,0.0,14.3,23.7,,0.0,0.0,0.0,.061,,-1.2,-5.5,-6.7
3,0,5,19,3,7,.429,3,7,.429,0,0,,9,12,.750,3,1,4,0,0,1,3,4,15
3,1,5,3.8,0.6,1.4,.429,0.6,1.4,.429,0.0,0.0,,1.8,2.4,.750,0.8,0.0,0.0,0.2,0.6,0.8,3.0
3,2,5,19,6.3,14.7,.429,6.3,14.7,.429,0.0,0.0,,18.9,25.3,.750,8.4,0.0,0.0,2.1,6.3,8.4,31.6
3,3,5,19,9.8,22.8,.429,9.8,22.8,.429,0.0,0.0,,29.3,39.1,.750,13.0,0.0,0.0,3.3,9.8,13.0,48.9,,110.3,108.0
3,4,5,19,28.0,.591,.429,.000,1.714,14,21.1,6.8,13.8,0.0,0.0,6.2,19.1,44.7,,0.1,0.0,0.1,.204,,-4.0,-9.9,-13.9
4,0,30,939,107,265,.404,74,160,.463,33,105,.314,76,98,.776,12,82,94,92,20,5,46,79,323
4,1,30,31.3,3.6,8.8,.404,2.5,5.3,.463,1.1,3.5,.314,2.5,3.3,.776,3.1,3.1,0.7,0.2,1.5,2.6,10.8
4,2,30,939,4.6,11.3,.404,3.2,6.8,.463,1.4,4.5,.314,3.2,4.2,.776,4.0,3.9,0.9,0.2,2.0,3.4,13.8
4,3,30,939,7.1,17.5,.404,4.9,10.6,.463,2.2,6.9,.314,5.0,6.5,.776,6.2,6.1,1.3,0.3,3.0,5.2,21.3,,107.8,107.3
4,4,30,939,14.6,.518,.466,.396,.370,320,1.7,11.3,6.6,20.1,1.3,0.6,12.9,20.6,,1.7,0.6,2.3,.100,,0.5,-2.1,-1.6
5,0,23,155,11,23,.478,11,22,.500,0,1,.000,5,10,.500,6,12,18,10,5,2,3,31,27
5,1,23,6.7,0.5,1.0,.478,0.5,1.0,.500,0.0,0.0,.000,0.2,0.4,.500,0.8,0.4,0.2,0.1,0.1,1.3,1.2
5,2,23,155,2.8,5.9,.478,2.8,5.7,.500,0.0,0.3,.000,1.3,2.6,.500,4.6,2.6,1.3,0.5,0.8,8.0,7.0
5,3,23,155,4.4,9.2,.478,4.4,8.8,.500,0.0,0.4,.000,2.0,4.0,.500,7.2,4.0,2.0,0.8,1.2,12.4,10.8,,111.0,105.1
5,4,23,155,9.1,.486,.478,.043,.435,30,5.2,10.0,7.6,12.2,2.0,1.5,9.8,10.7,,0.2,0.1,0.3,.083,,-2.1,-0.2,-2.4
6,0,31,419,26,52,.500,25,47,.532,1,5,.200,18,34,.529,26,39,65,25,28,3,17,75,71
6,1,31,13.5,0.8,1.7,.500,0.8,1.5,.532,0.0,0.2,.200,0.6,1.1,.529,2.1,0.8,0.9,0.1,0.5,2.4,2.3
6,2,31,419,2.5,5.0,.500,2.4,4.5,.532,0.1,0.5,.200,1.7,3.2,.529,6.2,2.4,2.7,0.3,1.6,7.2,6.8
6,3,31,419,3.8,7.7,.500,3.7,7.0,.532,0.1,0.7,.200,2.7,5.0,.529,9.6,3.7,4.1,0.4,2.5,11.1,10.5,,105.9,100.2
6,4,31,419,11.6,.521,.510,.096,.654,85,8.3,12.0,10.2,11.1,4.1,0.8,20.0,11.0,,0.4,0.6,1.0,.094,,-0.7,2.0,1.3
7,0,31,1016,104,205,.507,81,139,.583,23,66,.348,77,103,.748,17,107,124,140,38,9,76,108,308
7,1,31,32.8,3.4,6.6,.507,2.6,4.5,.583,0.7,2.1,.348,2.5,3.3,.748,4.0,4.5,1.2,0.3,2.5,3.5,9.9
7,2,31,1016,4.1,8.1,.507,3.2,5.5,.583,0.9,2.6,.348,3.0,4.1,.748,4.9,5.5,1.5,0.4,3.0,4.3,12.1
7,3,31,1016,6.3,12.5,.507,4.9,8.5,.583,1.4,4.0,.348,4.7,6.3,.748,7.6,8.5,2.3,0.5,4.6,6.6,18.8,,110.5,104.0
7,4,31,1016,16.7,.606,.563,.322,.502,331,2.2,13.6,8.0,27.6,2.3,1.0,23.0,17.6,,2.0,1.0,3.0,.117,,1.6,-0.2,1.4
8,0,22,188,22,36,.611,22,36,.611,0,0,,8,11,.727,13,13,26,9,3,1,12,14,52
8,1,22,8.5,1.0,1.6,.611,1.0,1.6,.611,0.0,0.0,,0.4,0.5,.727,1.2,0.4,0.1,0.0,0.5,0.6,2.4
8,2,22,188,4.7,7.7,.611,4.7,7.7,.611,0.0,0.0,,1.7,2.3,.727,5.5,1.9,0.6,0.2,2.6,3.0,11.1
8,3,22,188,7.3,11.9,.611,7.3,11.9,.611,0.0,0.0,,2.6,3.6,.727,8.6,3.0,1.0,0.3,4.0,4.6,17.1,,109.3,108.9
8,4,22,188,13.7,.631,.611,.000,.306,51,9.3,8.9,9.1,9.9,1.0,0.6,22.5,15.3,,0.3,0.1,0.4,.083,,-1.0,-2.1,-3.1
9,0,31,843,106,206,.515,104,195,.533,2,11,.182,57,73,.781,35,88,123,39,10,7,53,92,271
9,1,31,27.2,3.4,6.6,.515,3.4,6.3,.533,0.1,0.4,.182,1.8,2.4,.781,4.0,1.3,0.3,0.2,1.7,3.0,8.7
9,2,31,843,5.0,9.8,.515,4.9,9.3,.533,0.1,0.5,.182,2.7,3.5,.781,5.8,1.9,0.5,0.3,2.5,4.4,12.9
9,3,31,843,7.8,15.1,.515,7.6,14.3,.533,0.1,0.8,.182,4.2,5.4,.781,9.0,2.9,0.7,0.5,3.9,6.8,19.9,,104.1,107.5
9,4,31,843,12.9,.563,.519,.053,.354,255,5.6,13.5,9.6,9.7,0.7,1.0,18.0,18.9,,1.1,0.6,1.7,.080,,-1.8,-1.6,-3.4
10,0,23,115,3,16,.188,3,9,.333,0,7,.000,0,1,.000,0,7,7,7,1,1,10,4,6
10,1,23,5.0,0.1,0.7,.188,0.1,0.4,.333,0.0,0.3,.000,0.0,0.0,.000,0.3,0.3,0.0,0.0,0.4,0.2,0.3
10,2,23,115,1.0,5.6,.188,1.0,3.1,.333,0.0,2.4,.000,0.0,0.3,.000,2.4,2.4,0.3,0.3,3.5,1.4,2.1
10,3,23,115,1.6,8.6,.188,1.6,4.8,.333,0.0,3.8,.000,0.0,0.5,.000,3.8,3.8,0.5,0.5,5.4,2.2,3.2,,37.3,110.3
10,4,23,115,-4.0,.182,.188,.438,.063,9,0.0,7.9,4.0,10.6,0.5,1.0,37.8,12.5,,-0.4,0.0,-0.3,-.111,,-10.9,-2.0,-12.8
11,0,15,118,15,34,.441,15,34,.441,0,0,,7,15,.467,6,13,19,4,3,3,17,13,37
11,1,15,7.9,1.0,2.3,.441,1.0,2.3,.441,0.0,0.0,,0.5,1.0,.467,1.3,0.3,0.2,0.2,1.1,0.9,2.5
11,2,15,118,5.1,11.5,.441,5.1,11.5,.441,0.0,0.0,,2.4,5.1,.467,6.4,1.4,1.0,1.0,5.8,4.4,12.5
11,3,15,118,7.9,17.9,.441,7.9,17.9,.441,0.0,0.0,,3.7,7.9,.467,10.0,2.1,1.6,1.6,8.9,6.8,19.4,,71.2,104.3
11,4,15,118,5.7,.450,.441,.000,.441,35,6.8,14.2,10.6,7.1,1.6,3.0,29.2,26.7,,-0.3,0.1,-0.2,-.051,,-10.2,-1.3,-11.5
12,0,31,1008,166,324,.512,157,297,.529,9,27,.333,97,128,.758,60,116,176,47,21,22,64,86,438
12,1,31,32.5,5.4,10.5,.512,5.1,9.6,.529,0.3,0.9,.333,3.1,4.1,.758,5.7,1.5,0.7,0.7,2.1,2.8,14.1
12,2,31,1008,6.6,12.9,.512,6.2,11.8,.529,0.4,1.1,.333,3.8,5.1,.758,7.0,1.9,0.8,0.9,2.5,3.4,17.4
12,3,31,1008,10.2,19.9,.512,9.7,18.3,.529,0.6,1.7,.333,6.0,7.9,.758,10.8,2.9,1.3,1.4,3.9,5.3,26.9,,110.3,105.1
12,4,31,1008,19.8,.569,.526,.083,.395,407,8.0,14.9,11.5,10.7,1.3,2.6,14.3,24.1,,2.4,0.9,3.3,.131,,0.6,-0.6,0.0
13,0,31,908,139,302,.460,135,287,.470,4,15,.267,68,97,.701,52,89,141,30,18,15,98,78,350
13,1,31,29.3,4.5,9.7,.460,4.4,9.3,.470,0.1,0.5,.267,2.2,3.1,.701,4.5,1.0,0.6,0.5,3.2,2.5,11.3
13,2,31,908,6.1,13.3,.460,5.9,12.6,.470,0.2,0.7,.267,3.0,4.3,.701,6.2,1.3,0.8,0.7,4.3,3.4,15.4
13,3,31,908,9.5,20.6,.460,9.2,19.6,.470,0.3,1.0,.267,4.6,6.6,.701,9.6,2.0,1.2,1.0,6.7,5.3,23.9,,88.1,106.3
13,4,31,908,11.7,.503,.467,.050,.321,326,7.7,12.7,10.2,7.4,1.2,2.0,22.0,26.6,,-0.1,0.7,0.6,.027,,-5.2,-1.7,-6.9
