0,0,31,710,91,212,.429,69,142,.486,22,70,.314,49,77,.636,42,82,124,46,32,6,47,67,253
0,1,31,22.9,2.9,6.8,.429,2.2,4.6,.486,0.7,2.3,.314,1.6,2.5,.636,4.0,1.5,1.0,0.2,1.5,2.2,8.2
0,2,31,710,5.1,11.9,.429,3.9,8.0,.486,1.2,3.9,.314,2.8,4.3,.636,7.0,2.6,1.8,0.3,2.6,3.8,14.3
0,3,31,710,7.5,17.5,.429,5.7,11.7,.486,1.8,5.8,.314,4.0,6.4,.636,10.2,3.8,2.6,0.5,3.9,5.5,20.9,,103.7,103.0
0,4,31,710,14.8,.509,.481,.330,.363,251,6.8,14.0,10.3,12.5,2.6,1.0,15.9,20.6,,0.8,1.0,1.8,.102,,1.1,1.3,2.4
1,0,32,272,25,56,.446,25,55,.455,0,1,.000,2,7,.286,27,36,63,4,6,6,12,51,52
1,1,32,8.5,0.8,1.8,.446,0.8,1.7,.455,0.0,0.0,.000,0.1,0.2,.286,2.0,0.1,0.2,0.2,0.4,1.6,1.6
1,2,32,272,3.7,8.2,.446,3.7,8.1,.455,0.0,0.1,.000,0.3,1.0,.286,9.3,0.6,0.9,0.9,1.8,7.5,7.6
1,3,32,272,5.4,12.1,.446,5.4,11.9,.455,0.0,0.2,.000,0.4,1.5,.286,13.6,0.9,1.3,1.3,2.6,11.0,11.2,,94.6,104.0
1,4,32,272,7.9,.438,.446,.018,.125,58,11.4,16.0,13.7,2.6,1.3,2.5,16.8,13.0,,0.0,0.4,0.4,.060,,-3.2,0.7,-2.5
2,0,4,4,0,4,.000,0,2,.000,0,2,.000,0,0,,0,1,1,0,0,0,1,0,0
2,1,4,1.0,0.0,1.0,.000,0.0,0.5,.000,0.0,0.5,.000,0.0,0.0,,0.3,0.0,0.0,0.0,0.3,0.0,0.0
2,2,4,4,0.0,40.0,.000,0.0,20.0,.000,0.0,20.0,.000,0.0,0.0,,10.0,0.0,0.0,0.0,10.0,0.0,0.0
2,3,4,4,0.0,58.6,.000,0.0,29.3,.000,0.0,29.3,.000,0.0,0.0,,14.7,0.0,0.0,0.0,14.7,0.0,0.0,,0.0,103.5
2,4,4,4,-53.6,.000,.000,.500,.000,0,0.0,30.2,14.7,0.0,0.0,0.0,20.0,61.8,,-0.1,0.0,-0.1,-.825,,-47.2,-16.0,-63.2
3,0,31,809,84,215,.391,48,115,.417,36,100,.360,51,64,.797,13,54,67,64,40,3,52,88,255
3,1,31,26.1,2.7,6.9,.391,1.5,3.7,.417,1.2,3.2,.360,1.6,2.1,.797,2.2,2.1,1.3,0.1,1.7,2.8,8.2
3,2,31,809,4.2,10.6,.391,2.4,5.7,.417,1.8,4.9,.360,2.5,3.2,.797,3.3,3.2,2.0,0.1,2.6,4.4,12.6
3,3,31,809,6.1,15.6,.391,3.5,8.3,.417,2.6,7.2,.360,3.7,4.6,.797,4.9,4.6,2.9,0.2,3.8,6.4,18.5,,103.2,104.9
3,4,31,809,11.5,.520,.474,.465,.298,248,1.9,8.1,4.9,14.5,2.9,0.4,17.5,18.2,,0.7,1.0,1.8,.087,,1.0,0.6,1.6
4,0,26,209,19,43,.442,19,40,.475,0,3,.000,14,23,.609,15,34,49,10,7,16,13,25,52
4,1,26,8.0,0.7,1.7,.442,0.7,1.5,.475,0.0,0.1,.000,0.5,0.9,.609,1.9,0.4,0.3,0.6,0.5,1.0,2.0
4,2,26,209,3.6,8.2,.442,3.6,7.7,.475,0.0,0.6,.000,2.7,4.4,.609,9.4,1.9,1.3,3.1,2.5,4.8,10.0
4,3,26,209,5.3,12.1,.442,5.3,11.2,.475,0.0,0.8,.000,3.9,6.5,.609,13.7,2.8,2.0,4.5,3.6,7.0,14.6,,97.8,98.4
4,4,26,209,14.2,.482,.442,.070,.535,56,8.3,19.7,13.8,8.6,2.0,8.8,19.4,15.8,,0.1,0.4,0.5,.092,,-2.8,5.8,3.0
5,0,33,1103,122,284,.430,94,186,.505,28,98,.286,119,155,.768,16,104,120,164,40,14,75,112,391
5,1,33,33.4,3.7,8.6,.430,2.8,5.6,.505,0.8,3.0,.286,3.6,4.7,.768,3.6,5.0,1.2,0.4,2.3,3.4,11.8
5,2,33,1103,4.4,10.3,.430,3.4,6.7,.505,1.0,3.6,.286,4.3,5.6,.768,4.4,5.9,1.5,0.5,2.7,4.1,14.2
5,3,33,1103,6.5,15.1,.430,5.0,9.9,.505,1.5,5.2,.286,6.3,8.2,.768,6.4,8.7,2.1,0.7,4.0,6.0,20.8,,113.4,104.9
5,4,33,1103,16.4,.547,.479,.345,.546,423,1.7,11.4,6.4,27.7,2.1,1.5,17.3,19.4,,2.2,1.4,3.6,.130,,2.9,0.9,3.8
6,0,33,866,118,227,.520,118,227,.520,0,0,,101,153,.660,59,129,188,13,26,73,64,101,337
6,1,33,26.2,3.6,6.9,.520,3.6,6.9,.520,0.0,0.0,,3.1,4.6,.660,5.7,0.4,0.8,2.2,1.9,3.1,10.2
6,2,33,866,5.5,10.5,.520,5.5,10.5,.520,0.0,0.0,,4.7,7.1,.660,8.7,0.6,1.2,3.4,3.0,4.7,15.6
6,3,33,866,8.0,15.4,.520,8.0,15.4,.520,0.0,0.0,,6.8,10.4,.660,12.7,0.9,1.8,4.9,4.3,6.8,22.8,,105.4,99.1
6,4,33,866,18.3,.562,.520,.000,.674,311,7.8,18.0,12.8,2.9,1.8,9.6,17.6,20.8,,1.1,1.6,2.6,.122,,-1.7,4.8,3.0
7,0,3,5,0,1,.000,0,1,.000,0,0,,0,0,,1,0,1,1,0,0,0,1,0
7,1,3,1.7,0.0,0.3,.000,0.0,0.3,.000,0.0,0.0,,0.0,0.0,,0.3,0.3,0.0,0.0,0.0,0.3,0.0
7,2,3,5,0.0,8.0,.000,0.0,8.0,.000,0.0,0.0,,0.0,0.0,,8.0,8.0,0.0,0.0,0.0,8.0,0.0
7,3,3,5,0.0,11.7,.000,0.0,11.7,.000,0.0,0.0,,0.0,0.0,,11.7,11.7,0.0,0.0,0.0,11.7,0.0,,94.3,114.2
7,4,3,5,4.5,.000,.000,.000,.000,1,23.0,0.0,11.8,30.9,0.0,0.0,0.0,9.9,,0.0,0.0,0.0,.021,,-0.8,-1.3,-2.1
8,0,33,738,110,185,.595,110,185,.595,0,0,,44,80,.550,73,99,172,20,19,3,37,69,264
8,1,33,22.4,3.3,5.6,.595,3.3,5.6,.595,0.0,0.0,,1.3,2.4,.550,5.2,0.6,0.6,0.1,1.1,2.1,8.0
8,2,33,738,6.0,10.0,.595,6.0,10.0,.595,0.0,0.0,,2.4,4.3,.550,9.3,1.1,1.0,0.2,2.0,3.7,14.3
8,3,33,738,8.7,14.7,.595,8.7,14.7,.595,0.0,0.0,,3.5,6.4,.550,13.7,1.6,1.5,0.2,2.9,5.5,21.0,,116.5,104.9
8,4,33,738,17.5,.592,.595,.000,.432,253,11.4,16.2,13.7,5.4,1.5,0.5,14.2,17.4,,1.5,0.9,2.4,.130,,1.6,0.0,1.6
9,0,10,35,2,7,.286,2,6,.333,0,1,.000,1,4,.250,3,3,6,0,1,3,1,4,5
9,1,10,3.5,0.2,0.7,.286,0.2,0.6,.333,0.0,0.1,.000,0.1,0.4,.250,0.6,0.0,0.1,0.3,0.1,0.4,0.5
9,2,10,35,2.3,8.0,.286,2.3,6.9,.333,0.0,1.1,.000,1.1,4.6,.250,6.9,0.0,1.1,3.4,1.1,4.6,5.7
9,3,10,35,3.3,11.7,.286,3.3,10.0,.333,0.0,1.7,.000,1.7,6.7,.250,10.0,0.0,1.7,5.0,1.7,6.7,8.4,,73.0,102.3
9,4,10,35,6.2,.281,.286,.143,.571,6,9.9,10.4,10.1,0.0,1.7,9.8,10.1,14.0,,0.0,0.1,0.0,.012,,-6.9,2.6,-4.3
10,0,6,12,1,6,.167,1,1,1.000,0,5,.000,2,4,.500,0,1,1,0,1,0,0,1,4
10,1,6,2.0,0.2,1.0,.167,0.2,0.2,1.000,0.0,0.8,.000,0.3,0.7,.500,0.2,0.0,0.2,0.0,0.0,0.2,0.7
10,2,6,12,3.3,20.0,.167,3.3,3.3,1.000,0.0,16.7,.000,6.7,13.3,.500,3.3,0.0,3.3,0.0,0.0,3.3,13.3
10,3,6,12,4.9,29.3,.167,4.9,4.9,1.000,0.0,24.4,.000,9.8,19.5,.500,4.9,0.0,4.9,0.0,0.0,4.9,19.5,,65.6,100.1
10,4,6,12,0.9,.253,.167,.833,.667,4,0.0,10.1,4.9,0.0,4.9,0.0,0.0,32.5,,0.0,0.0,0.0,-.064,,-7.0,-6.2,-13.2
11,0,33,722,120,240,.500,119,233,.511,1,7,.143,47,63,.746,74,85,159,20,23,13,22,83,288
11,1,33,21.9,3.6,7.3,.500,3.6,7.1,.511,0.0,0.2,.143,1.4,1.9,.746,4.8,0.6,0.7,0.4,0.7,2.5,8.7
11,2,33,722,6.6,13.3,.500,6.6,12.9,.511,0.1,0.4,.143,2.6,3.5,.746,8.8,1.1,1.3,0.7,1.2,4.6,16.0
11,3,33,722,9.7,19.5,.500,9.7,18.9,.511,0.1,0.6,.143,3.8,5.1,.746,12.9,1.6,1.9,1.1,1.8,6.7,23.4,,118.9,104.0
11,4,33,722,19.1,.533,.502,.029,.263,278,11.8,14.2,13.0,5.7,1.9,2.1,7.5,20.0,,1.7,1.0,2.7,.150,,1.7,0.5,2.2
12,0,32,1117,164,401,.409,96,213,.451,68,188,.362,124,144,.861,28,72,100,101,35,2,90,66,520
12,1,32,34.9,5.1,12.5,.409,3.0,6.7,.451,2.1,5.9,.362,3.9,4.5,.861,3.1,3.2,1.1,0.1,2.8,2.1,16.3
12,2,32,1117,5.9,14.4,.409,3.4,7.6,.451,2.4,6.7,.362,4.4,5.2,.861,3.6,3.6,1.3,0.1,3.2,2.4,18.6
12,3,32,1117,8.6,21.0,.409,5.0,11.2,.451,3.6,9.9,.362,6.5,7.6,.861,5.2,5.3,1.8,0.1,4.7,3.5,27.3,,110.2,107.8
12,4,32,1117,16.6,.554,.494,.469,.359,495,2.9,7.8,5.3,18.0,1.8,0.2,16.1,24.8,,2.3,1.1,3.4,.121,,3.7,-1.1,2.6
