0,0,29,1057,128,277,.462,90,171,.526,38,106,.358,120,138,.870,64,142,206,92,25,18,69,70,414
0,1,29,36.4,4.4,9.6,.462,3.1,5.9,.526,1.3,3.7,.358,4.1,4.8,.870,7.1,3.2,0.9,0.6,2.4,2.4,14.3
0,2,29,1057,4.8,10.5,.462,3.4,6.5,.526,1.4,4.0,.358,4.5,5.2,.870,7.8,3.5,0.9,0.7,2.6,2.6,15.7
0,3,29,1057,7.2,15.6,.462,5.1,9.6,.526,2.1,6.0,.358,6.8,7.8,.870,11.6,5.2,1.4,1.0,3.9,3.9,23.3,,120.3,107.2
0,4,29,1057,20.4,.604,.531,.383,.498,428,7.5,16.3,11.9,18.0,1.4,2.0,16.8,20.1,,3.3,0.7,4.0,.151,,5.1,1.2,6.3
1,0,28,312,26,73,.356,18,43,.419,8,30,.267,11,13,.846,7,27,34,26,13,0,21,27,71
1,1,28,11.1,0.9,2.6,.356,0.6,1.5,.419,0.3,1.1,.267,0.4,0.5,.846,1.2,0.9,0.5,0.0,0.8,1.0,2.5
1,2,28,312,3.3,9.4,.356,2.3,5.5,.419,1.0,3.8,.267,1.4,1.7,.846,4.4,3.3,1.7,0.0,2.7,3.5,9.1
1,3,28,312,5.0,13.9,.356,3.4,8.2,.419,1.5,5.7,.267,2.1,2.5,.846,6.5,5.0,2.5,0.0,4.0,5.1,13.5,,90.1,108.1
1,4,28,312,8.5,.448,.411,.411,.178,77,2.8,10.5,6.7,16.0,2.5,0.0,21.0,16.5,,0.0,0.2,0.2,.027,,-2.0,-0.5,-2.5
2,0,2,3,0,1,.000,0,0,,0,1,.000,0,0,,0,0,0,0,0,0,1,0,0
2,1,2,1.5,0.0,0.5,.000,0.0,0.0,,0.0,0.5,.000,0.0,0.0,,0.0,0.0,0.0,0.0,0.5,0.0,0.0
2,2,2,3,0.0,13.3,.000,0.0,0.0,,0.0,13.3,.000,0.0,0.0,,0.0,0.0,0.0,0.0,13.3,0.0,0.0
2,3,2,3,0.0,19.8,.000,0.0,0.0,,0.0,19.8,.000,0.0,0.0,,0.0,0.0,0.0,0.0,19.8,0.0,0.0,,0.0,118.6
2,4,2,3,-35.2,.000,.000,1.000,.000,0,0.0,0.0,0.0,0.0,0.0,0.0,50.0,34.3,,0.0,0.0,0.0,-.591,,-27.4,-5.9,-33.3
3,0,29,450,36,85,.424,24,53,.453,12,32,.375,18,23,.783,14,22,36,53,19,2,25,43,102
3,1,29,15.5,1.2,2.9,.424,0.8,1.8,.453,0.4,1.1,.375,0.6,0.8,.783,1.2,1.8,0.7,0.1,0.9,1.5,3.5
3,2,29,450,3.2,7.6,.424,2.1,4.7,.453,1.1,2.8,.375,1.6,2.0,.783,3.2,4.7,1.7,0.2,2.2,3.8,9.1
3,3,29,450,4.8,11.2,.424,3.2,7.0,.453,1.6,4.2,.375,2.4,3.0,.783,4.8,7.0,2.5,0.3,3.3,5.7,13.5,,109.3,109.7
3,4,29,450,12.1,.532,.494,.376,.271,121,3.8,5.9,4.9,22.4,2.5,0.5,20.7,13.8,,0.7,0.2,0.9,.076,,1.0,-0.8,0.2
4,0,29,839,119,280,.425,84,188,.447,35,92,.380,92,117,.786,33,65,98,48,25,2,46,82,365
4,1,29,28.9,4.1,9.7,.425,2.9,6.5,.447,1.2,3.2,.380,3.2,4.0,.786,3.4,1.7,0.9,0.1,1.6,2.8,12.6
4,2,29,839,5.7,13.3,.425,4.0,9.0,.447,1.7,4.4,.380,4.4,5.6,.786,4.7,2.3,1.2,0.1,2.2,3.9,17.4
4,3,29,839,8.4,19.8,.425,6.0,13.3,.447,2.5,6.5,.380,6.5,8.3,.786,6.9,3.4,1.8,0.1,3.3,5.8,25.9,,111.6,110.0
4,4,29,839,16.8,.544,.488,.329,.418,343,4.8,9.4,7.1,12.3,1.8,0.3,12.1,23.4,,2.1,0.3,2.4,.114,,2.5,-1.5,0.9
5,0,29,601,48,116,.414,36,80,.450,12,36,.333,46,69,.667,11,38,49,59,23,8,49,74,154
5,1,29,20.7,1.7,4.0,.414,1.2,2.8,.450,0.4,1.2,.333,1.6,2.4,.667,1.7,2.0,0.8,0.3,1.7,2.6,5.3
5,2,29,601,3.2,7.7,.414,2.4,5.3,.450,0.8,2.4,.333,3.1,4.6,.667,3.3,3.9,1.5,0.5,3.3,4.9,10.2
5,3,29,601,4.8,11.5,.414,3.6,7.9,.450,1.2,3.6,.333,4.6,6.8,.667,4.8,5.8,2.3,0.8,4.8,7.3,15.2,,96.1,108.9
5,4,29,601,9.8,.518,.466,.310,.595,167,2.3,7.7,5.0,18.7,2.3,1.6,24.8,16.9,,0.4,0.3,0.7,.045,,-1.0,0.1,-0.9
6,0,29,661,122,280,.436,41,95,.432,81,185,.438,58,70,.829,6,48,54,61,37,3,43,57,383
6,1,29,22.8,4.2,9.7,.436,1.4,3.3,.432,2.8,6.4,.438,2.0,2.4,.829,1.9,2.1,1.3,0.1,1.5,2.0,13.2
6,2,29,661,7.4,16.9,.436,2.5,5.7,.432,4.9,11.2,.438,3.5,4.2,.829,3.3,3.7,2.2,0.2,2.6,3.4,23.2
6,3,29,661,11.0,25.2,.436,3.7,8.5,.432,7.3,16.6,.438,5.2,6.3,.829,4.9,5.5,3.3,0.3,3.9,5.1,34.5,,119.4,106.7
6,4,29,661,24.6,.611,.580,.661,.250,334,1.1,8.8,5.0,21.9,3.3,0.5,12.1,27.8,,2.5,0.5,3.0,.181,,8.3,-1.8,6.5
7,0,29,621,75,145,.517,75,145,.517,0,0,,49,76,.645,38,104,142,16,11,41,60,92,199
7,1,29,21.4,2.6,5.0,.517,2.6,5.0,.517,0.0,0.0,,1.7,2.6,.645,4.9,0.6,0.4,1.4,2.1,3.2,6.9
7,2,29,621,4.8,9.3,.517,4.8,9.3,.517,0.0,0.0,,3.2,4.9,.645,9.1,1.0,0.7,2.6,3.9,5.9,12.8
7,3,29,621,7.2,13.9,.517,7.2,13.9,.517,0.0,0.0,,4.7,7.3,.645,13.6,1.5,1.1,3.9,5.7,8.8,19.1,,92.7,103.4
7,4,29,621,13.2,.549,.517,.000,.524,190,7.5,20.4,14.0,5.3,1.1,7.7,24.9,20.0,,0.2,0.6,0.9,.057,,-3.8,3.3,-0.4
8,0,29,573,69,129,.535,69,129,.535,0,0,,42,63,.667,48,93,141,7,10,6,25,73,180
8,1,29,19.8,2.4,4.4,.535,2.4,4.4,.535,0.0,0.0,,1.4,2.2,.667,4.9,0.2,0.3,0.2,0.9,2.5,6.2
8,2,29,573,4.8,9.0,.535,4.8,9.0,.535,0.0,0.0,,2.9,4.4,.667,9.8,0.5,0.7,0.4,1.7,5.1,12.6
8,3,29,573,7.2,13.4,.535,7.2,13.4,.535,0.0,0.0,,4.4,6.5,.667,14.6,0.7,1.0,0.6,2.6,7.6,18.7,,113.1,106.7
8,4,29,573,14.9,.566,.535,.000,.488,173,10.3,19.7,15.1,2.5,1.0,1.2,13.6,16.5,,1.1,0.4,1.5,.105,,-0.7,-1.4,-2.2
9,0,7,30,5,11,.455,2,3,.667,3,8,.375,1,2,.500,1,3,4,1,1,0,1,1,14
9,1,7,4.3,0.7,1.6,.455,0.3,0.4,.667,0.4,1.1,.375,0.1,0.3,.500,0.6,0.1,0.1,0.0,0.1,0.1,2.0
9,2,7,30,6.7,14.7,.455,2.7,4.0,.667,4.0,10.7,.375,1.3,2.7,.500,5.3,1.3,1.3,0.0,1.3,1.3,18.7
9,3,7,30,9.9,21.8,.455,4.0,5.9,.667,5.9,15.9,.375,2.0,4.0,.500,7.9,2.0,2.0,0.0,2.0,2.0,27.8,,116.6,108.8
9,4,7,30,20.1,.586,.591,.727,.182,11,4.1,12.2,8.2,7.6,2.0,0.0,7.7,22.2,,0.1,0.0,0.1,.127,,4.5,-3.5,1.0
10,0,13,83,15,31,.484,14,27,.519,1,4,.250,5,11,.455,15,10,25,1,2,1,4,10,36
10,1,13,6.4,1.2,2.4,.484,1.1,2.1,.519,0.1,0.3,.250,0.4,0.8,.455,1.9,0.1,0.2,0.1,0.3,0.8,2.8
10,2,13,83,7.2,14.9,.484,6.7,13.0,.519,0.5,1.9,.250,2.4,5.3,.455,12.0,0.5,1.0,0.5,1.9,4.8,17.3
10,3,13,83,10.7,22.2,.484,10.0,19.3,.519,0.7,2.9,.250,3.6,7.9,.455,17.9,0.7,1.4,0.7,2.9,7.2,25.8,,108.3,107.9
10,4,13,83,20.3,.497,.500,.129,.355,36,22.3,14.7,18.4,2.8,1.4,1.4,9.9,25.0,,0.2,0.0,0.2,.117,,0.6,-4.2,-3.6
11,0,26,619,65,151,.430,43,79,.544,22,72,.306,39,48,.813,14,29,43,51,22,3,46,41,191
11,1,26,23.8,2.5,5.8,.430,1.7,3.0,.544,0.8,2.8,.306,1.5,1.8,.813,1.7,2.0,0.8,0.1,1.8,1.6,7.3
11,2,26,619,4.2,9.8,.430,2.8,5.1,.544,1.4,4.7,.306,2.5,3.1,.813,2.8,3.3,1.4,0.2,3.0,2.6,12.3
11,3,26,619,6.2,14.5,.430,4.1,7.6,.544,2.1,6.9,.306,3.7,4.6,.813,4.1,4.9,2.1,0.3,4.4,3.9,18.4,,102.3,110.8
11,4,26,619,12.2,.549,.503,.477,.318,191,2.8,5.7,4.3,16.5,2.1,0.6,20.9,18.3,,0.8,0.2,0.9,.060,,1.0,-1.2,-0.1
