0,0,31,1209,108,277,.390,51,121,.421,57,156,.365,82,125,.656,12,85,97,123,24,7,84,79,355
0,1,31,39.0,3.5,8.9,.390,1.6,3.9,.421,1.8,5.0,.365,2.6,4.0,.656,3.1,4.0,0.8,0.2,2.7,2.5,11.5
0,2,31,1209,3.6,9.2,.390,1.7,4.0,.421,1.9,5.2,.365,2.7,4.1,.656,3.2,4.1,0.8,0.2,2.8,2.6,11.7
0,3,31,1209,5.5,14.1,.390,2.6,6.2,.421,2.9,7.9,.365,4.2,6.4,.656,4.9,6.3,1.2,0.4,4.3,4.0,18.1,,102.6,108.5
0,4,31,1209,11.7,.528,.493,.563,.451,368,1.3,8.1,4.9,20.9,1.2,0.6,20.0,18.5,,1.4,0.7,2.2,.072,,1.5,-1.3,0.2
1,0,31,1088,104,215,.484,68,126,.540,36,89,.404,66,99,.667,71,99,170,65,21,15,82,73,310
1,1,31,35.1,3.4,6.9,.484,2.2,4.1,.540,1.2,2.9,.404,2.1,3.2,.667,5.5,2.1,0.7,0.5,2.6,2.4,10.0
1,2,31,1088,3.8,7.9,.484,2.5,4.6,.540,1.3,3.3,.404,2.4,3.6,.667,6.3,2.4,0.8,0.6,3.0,2.7,11.4
1,3,31,1088,5.9,12.2,.484,3.8,7.1,.540,2.0,5.0,.404,3.7,5.6,.667,9.6,3.7,1.2,0.8,4.6,4.1,17.5,,106.2,107.1
1,4,31,1088,13.8,.592,.567,.414,.460,322,8.4,10.5,9.5,12.4,1.2,1.5,23.8,16.8,,1.5,0.8,2.3,.086,,2.4,0.6,3.0
2,0,31,791,65,130,.500,65,130,.500,0,0,,79,115,.687,50,80,130,31,19,7,48,82,209
2,1,31,25.5,2.1,4.2,.500,2.1,4.2,.500,0.0,0.0,,2.5,3.7,.687,4.2,1.0,0.6,0.2,1.5,2.6,6.7
2,2,31,791,3.3,6.6,.500,3.3,6.6,.500,0.0,0.0,,4.0,5.8,.687,6.6,1.6,1.0,0.4,2.4,4.1,10.6
2,3,31,791,5.1,10.1,.500,5.1,10.1,.500,0.0,0.0,,6.2,9.0,.687,10.1,2.4,1.5,0.5,3.7,6.4,16.3,,107.3,106.0
2,4,31,791,12.7,.566,.500,.000,.885,218,8.1,11.6,10.0,7.9,1.5,0.9,20.6,15.6,,1.1,0.7,1.8,.090,,-0.1,0.4,0.2
3,0,31,982,125,310,.403,86,205,.420,39,105,.371,56,74,.757,40,113,153,68,34,12,72,95,345
3,1,31,31.7,4.0,10.0,.403,2.8,6.6,.420,1.3,3.4,.371,1.8,2.4,.757,4.9,2.2,1.1,0.4,2.3,3.1,11.1
3,2,31,982,5.1,12.6,.403,3.5,8.4,.420,1.6,4.3,.371,2.3,3.0,.757,6.2,2.8,1.4,0.5,2.9,3.9,14.1
3,3,31,982,7.8,19.4,.403,5.4,12.9,.420,2.4,6.6,.371,3.5,4.6,.757,9.6,4.3,2.1,0.8,4.5,6.0,21.6,,99.1,103.7
3,4,31,982,14.2,.500,.466,.339,.239,341,5.2,13.2,9.4,15.4,2.1,1.3,17.3,22.5,,1.0,1.1,2.1,.084,,0.3,0.5,0.8
4,0,22,129,8,31,.258,4,7,.571,4,24,.167,0,2,.000,4,5,9,10,0,1,7,18,20
4,1,22,5.9,0.4,1.4,.258,0.2,0.3,.571,0.2,1.1,.167,0.0,0.1,.000,0.4,0.5,0.0,0.0,0.3,0.8,0.9
4,2,22,129,2.5,9.6,.258,1.2,2.2,.571,1.2,7.4,.167,0.0,0.6,.000,2.8,3.1,0.0,0.3,2.2,5.6,6.2
4,3,22,129,3.8,14.8,.258,1.9,3.3,.571,1.9,11.5,.167,0.0,1.0,.000,4.3,4.8,0.0,0.5,3.3,8.6,9.5,,74.5,112.4
4,4,22,129,0.2,.313,.323,.774,.065,24,4.0,4.5,4.2,15.1,0.0,0.8,18.0,16.0,,-0.1,0.0,-0.1,-.035,,-4.0,-3.7,-7.7
5,0,21,97,3,12,.250,3,12,.250,0,0,,0,0,,4,17,21,3,0,6,3,10,6
5,1,21,4.6,0.1,0.6,.250,0.1,0.6,.250,0.0,0.0,,0.0,0.0,,1.0,0.1,0.0,0.3,0.1,0.5,0.3
5,2,21,97,1.2,4.9,.250,1.2,4.9,.250,0.0,0.0,,0.0,0.0,,8.7,1.2,0.0,2.5,1.2,4.1,2.5
5,3,21,97,1.9,7.6,.250,1.9,7.6,.250,0.0,0.0,,0.0,0.0,,13.3,1.9,0.0,3.8,1.9,6.3,3.8,,67.9,102.5
5,4,21,97,4.7,.250,.250,.000,.000,9,5.3,20.1,13.1,5.7,0.0,6.6,20.0,8.2,,-0.1,0.1,0.0,.013,,-6.6,3.2,-3.4
6,0,31,1049,237,415,.571,231,392,.589,6,23,.261,165,232,.711,52,173,225,32,17,45,99,92,645
6,1,31,33.8,7.6,13.4,.571,7.5,12.6,.589,0.2,0.7,.261,5.3,7.5,.711,7.3,1.0,0.5,1.5,3.2,3.0,20.8
6,2,31,1049,9.0,15.8,.571,8.8,14.9,.589,0.2,0.9,.261,6.3,8.8,.711,8.6,1.2,0.6,1.7,3.8,3.5,24.6
6,3,31,1049,13.9,24.4,.571,13.6,23.0,.589,0.4,1.4,.261,9.7,13.6,.711,13.2,1.9,1.0,2.6,5.8,5.4,37.9,,112.2,102.0
6,4,31,1049,27.1,.614,.578,.055,.559,558,6.4,19.0,13.0,8.7,1.0,4.5,15.9,31.6,,3.4,1.3,4.7,.180,,2.4,0.0,2.3
7,0,29,247,12,43,.279,12,42,.286,0,1,.000,10,18,.556,14,39,53,3,7,6,15,31,34
7,1,29,8.5,0.4,1.5,.279,0.4,1.4,.286,0.0,0.0,.000,0.3,0.6,.556,1.8,0.1,0.2,0.2,0.5,1.1,1.2
7,2,29,247,1.9,7.0,.279,1.9,6.8,.286,0.0,0.2,.000,1.6,2.9,.556,8.6,0.5,1.1,1.0,2.4,5.0,5.5
7,3,29,247,3.0,10.7,.279,3.0,10.5,.286,0.0,0.2,.000,2.5,4.5,.556,13.2,0.7,1.7,1.5,3.7,7.7,8.5,,68.9,101.5
7,4,29,247,4.2,.330,.279,.023,.419,38,7.3,18.2,13.0,2.3,1.7,2.6,22.5,14.3,,-0.3,0.3,0.0,-.004,,-7.4,0.5,-6.9
8,0,22,356,33,72,.458,32,71,.451,1,1,1.000,19,23,.826,25,54,79,14,9,4,18,36,86
8,1,22,16.2,1.5,3.3,.458,1.5,3.2,.451,0.0,0.0,1.000,0.9,1.0,.826,3.6,0.6,0.4,0.2,0.8,1.6,3.9
8,2,22,356,3.7,8.1,.458,3.6,8.0,.451,0.1,0.1,1.000,2.1,2.6,.826,8.9,1.6,1.0,0.4,2.0,4.0,9.7
8,3,22,356,5.7,12.5,.458,5.5,12.3,.451,0.2,0.2,1.000,3.3,4.0,.826,13.7,2.4,1.6,0.7,3.1,6.2,14.9,,104.9,103.1
8,4,22,356,13.1,.519,.465,.014,.319,91,9.0,17.4,13.5,8.1,1.6,1.2,17.8,15.0,,0.4,0.4,0.8,.091,,-1.3,0.6,-0.7
9,0,31,502,49,127,.386,23,45,.511,26,82,.317,22,26,.846,12,46,58,49,25,3,26,46,146
9,1,31,16.2,1.6,4.1,.386,0.7,1.5,.511,0.8,2.6,.317,0.7,0.8,.846,1.9,1.6,0.8,0.1,0.8,1.5,4.7
9,2,31,502,3.9,10.1,.386,1.8,3.6,.511,2.1,6.5,.317,1.8,2.1,.846,4.6,3.9,2.0,0.2,2.1,3.7,11.6
9,3,31,502,6.0,15.6,.386,2.8,5.5,.511,3.2,10.1,.317,2.7,3.2,.846,7.1,6.0,3.1,0.4,3.2,5.6,17.9,,109.1,103.2
9,4,31,502,14.9,.524,.488,.646,.205,152,3.1,10.5,7.0,20.4,3.1,0.6,15.7,17.5,,0.8,0.6,1.4,.111,,2.4,-0.1,2.3
