0,0,34,1152,206,395,.522,179,314,.570,27,81,.333,117,167,.701,135,220,355,34,24,27,57,56,556
0,1,34,33.9,6.1,11.6,.522,5.3,9.2,.570,0.8,2.4,.333,3.4,4.9,.701,10.4,1.0,0.7,0.8,1.7,1.6,16.4
0,2,34,1152,7.2,13.7,.522,6.2,10.9,.570,0.9,2.8,.333,4.1,5.8,.701,12.3,1.2,0.8,0.9,2.0,1.9,19.3
0,3,34,1152,10.9,20.9,.522,9.5,16.6,.570,1.4,4.3,.333,6.2,8.8,.701,18.8,1.8,1.3,1.4,3.0,3.0,29.4,,123.4,96.1
0,4,34,1152,26.6,.586,.556,.205,.423,516,12.7,22.8,17.5,7.2,1.3,2.5,10.7,23.0,,4.2,2.1,6.3,.219,,3.6,-0.4,3.2
1,0,25,395,46,109,.422,32,63,.508,14,46,.304,26,39,.667,30,57,87,13,11,11,25,53,132
1,1,25,15.8,1.8,4.4,.422,1.3,2.5,.508,0.6,1.8,.304,1.0,1.6,.667,3.5,0.5,0.4,0.4,1.0,2.1,5.3
1,2,25,395,4.7,11.0,.422,3.2,6.4,.508,1.4,4.7,.304,2.6,3.9,.667,8.8,1.3,1.1,1.1,2.5,5.4,13.4
1,3,25,395,7.1,16.8,.422,4.9,9.7,.508,2.2,7.1,.304,4.0,6.0,.667,13.4,2.0,1.7,1.7,3.9,8.2,20.4,,104.4,96.6
1,4,25,395,14.8,.518,.486,.422,.358,125,8.2,17.3,12.5,7.0,1.7,2.9,16.4,19.2,,0.5,0.7,1.2,.125,,-1.3,-0.2,-1.4
2,0,28,660,55,113,.487,55,113,.487,0,0,,75,106,.708,55,88,143,18,22,79,38,80,185
2,1,28,23.6,2.0,4.0,.487,2.0,4.0,.487,0.0,0.0,,2.7,3.8,.708,5.1,0.6,0.8,2.8,1.4,2.9,6.6
2,2,28,660,3.3,6.8,.487,3.3,6.8,.487,0.0,0.0,,4.5,6.4,.708,8.7,1.1,1.3,4.8,2.3,4.8,11.2
2,3,28,660,5.1,10.4,.487,5.1,10.4,.487,0.0,0.0,,6.9,9.8,.708,13.2,1.7,2.0,7.3,3.5,7.4,17.1,,111.1,91.0
2,4,28,660,19.6,.566,.487,.000,.938,187,9.0,15.9,12.3,5.4,2.0,12.5,18.9,15.2,,1.1,1.5,2.6,.158,,-2.1,7.0,5.0
3,0,34,475,70,138,.507,70,138,.507,0,0,,42,73,.575,61,75,136,25,17,16,38,78,182
3,1,34,14.0,2.1,4.1,.507,2.1,4.1,.507,0.0,0.0,,1.2,2.1,.575,4.0,0.7,0.5,0.5,1.1,2.3,5.4
3,2,34,475,5.9,11.6,.507,5.9,11.6,.507,0.0,0.0,,3.5,6.1,.575,11.5,2.1,1.4,1.3,3.2,6.6,15.3
3,3,34,475,9.0,17.7,.507,9.0,17.7,.507,0.0,0.0,,5.4,9.4,.575,17.5,3.2,2.2,2.1,4.9,10.0,23.4,,105.3,94.4
3,4,34,475,19.8,.527,.507,.000,.529,185,13.9,18.9,16.3,12.0,2.2,3.5,18.0,22.1,,0.8,1.0,1.8,.148,,-0.9,1.5,0.6
4,0,26,277,21,84,.250,12,32,.375,9,52,.173,18,21,.857,2,14,16,17,10,0,17,34,69
4,1,26,10.7,0.8,3.2,.250,0.5,1.2,.375,0.3,2.0,.173,0.7,0.8,.857,0.6,0.7,0.4,0.0,0.7,1.3,2.7
4,2,26,277,3.0,12.1,.250,1.7,4.6,.375,1.3,7.5,.173,2.6,3.0,.857,2.3,2.5,1.4,0.0,2.5,4.9,10.0
4,3,26,277,4.6,18.5,.250,2.6,7.0,.375,2.0,11.5,.173,4.0,4.6,.857,3.5,3.7,2.2,0.0,3.7,7.5,15.2,,82.6,101.7
4,4,26,277,3.5,.367,.304,.619,.250,68,0.8,6.0,3.3,12.0,2.2,0.0,15.3,19.9,,-0.2,0.4,0.2,.027,,-4.8,-3.0,-7.8
5,0,31,321,44,127,.346,28,80,.350,16,47,.340,14,28,.500,36,53,89,8,7,11,21,40,118
5,1,31,10.4,1.4,4.1,.346,0.9,2.6,.350,0.5,1.5,.340,0.5,0.9,.500,2.9,0.3,0.2,0.4,0.7,1.3,3.8
5,2,31,321,5.5,15.8,.346,3.5,10.0,.350,2.0,5.9,.340,1.7,3.5,.500,11.1,1.0,0.9,1.4,2.6,5.0,14.7
5,3,31,321,8.4,24.1,.346,5.3,15.2,.350,3.0,8.9,.340,2.7,5.3,.500,16.9,1.5,1.3,2.1,4.0,7.6,22.4,,93.3,96.1
5,4,31,321,13.5,.421,.409,.370,.220,115,12.1,19.7,15.8,5.5,1.3,3.6,13.0,25.0,,0.1,0.6,0.7,.090,,-3.9,-1.8,-5.8
6,0,34,1002,117,342,.342,89,202,.441,28,140,.200,51,82,.622,43,83,126,39,25,7,46,56,313
6,1,34,29.5,3.4,10.1,.342,2.6,5.9,.441,0.8,4.1,.200,1.5,2.4,.622,3.7,1.1,0.7,0.2,1.4,1.6,9.2
6,2,34,1002,4.7,13.7,.342,3.6,8.1,.441,1.1,5.6,.200,2.0,3.3,.622,5.0,1.6,1.0,0.3,1.8,2.2,12.5
6,3,34,1002,7.1,20.8,.342,5.4,12.3,.441,1.7,8.5,.200,3.1,5.0,.622,7.7,2.4,1.5,0.4,2.8,3.4,19.1,,93.5,101.6
6,4,34,1002,9.5,.411,.383,.409,.240,297,4.6,9.9,7.1,8.3,1.5,0.7,10.8,21.2,,0.3,1.3,1.7,.067,,-3.0,-1.7,-4.7
7,0,34,1155,151,380,.397,104,236,.441,47,144,.326,125,162,.772,27,88,115,179,66,3,116,65,474
7,1,34,34.0,4.4,11.2,.397,3.1,6.9,.441,1.4,4.2,.326,3.7,4.8,.772,3.4,5.3,1.9,0.1,3.4,1.9,13.9
7,2,34,1155,5.2,13.2,.397,3.6,8.2,.441,1.6,5.0,.326,4.3,5.6,.772,4.0,6.2,2.3,0.1,4.0,2.3,16.4
7,3,34,1155,8.0,20.1,.397,5.5,12.5,.441,2.5,7.6,.326,6.6,8.6,.772,6.1,9.5,3.5,0.2,6.1,3.4,25.0,,105.2,97.9
7,4,34,1155,18.6,.519,.459,.379,.426,501,2.5,9.1,5.7,33.9,3.5,0.3,20.2,24.7,,2.2,1.9,4.1,.142,,2.2,-0.5,1.7
8,0,6,7,1,5,.200,0,0,,1,5,.200,0,0,,0,0,0,0,0,0,1,2,3
8,1,6,1.2,0.2,0.8,.200,0.0,0.0,,0.2,0.8,.200,0.0,0.0,,0.0,0.0,0.0,0.0,0.2,0.3,0.5
8,2,6,7,5.7,28.6,.200,0.0,0.0,,5.7,28.6,.200,0.0,0.0,,0.0,0.0,0.0,0.0,5.7,11.4,17.1
8,3,6,7,8.7,43.6,.200,0.0,0.0,,8.7,43.6,.200,0.0,0.0,,0.0,0.0,0.0,0.0,8.7,17.4,26.1,,59.4,108.0
8,4,6,7,-15.5,.300,.300,1.000,.000,2,0.0,0.0,0.0,0.0,0.0,0.0,16.7,42.7,,0.0,0.0,0.0,-.183,,-11.5,-12.5,-24.0
9,0,27,307,15,48,.313,4,6,.667,11,42,.262,4,6,.667,10,23,33,4,5,3,16,27,45
9,1,27,11.4,0.6,1.8,.313,0.1,0.2,.667,0.4,1.6,.262,0.1,0.2,.667,1.2,0.1,0.2,0.1,0.6,1.0,1.7
9,2,27,307,2.0,6.3,.313,0.5,0.8,.667,1.4,5.5,.262,0.5,0.8,.667,4.3,0.5,0.7,0.4,2.1,3.5,5.9
9,3,27,307,3.0,9.5,.313,0.8,1.2,.667,2.2,8.3,.262,0.8,1.2,.667,6.6,0.8,1.0,0.6,3.2,5.4,8.9,,82.0,102.8
9,4,27,307,3.3,.442,.427,.875,.125,43,3.5,9.0,6.1,2.4,1.0,1.0,23.9,10.8,,-0.1,0.4,0.3,.033,,-4.1,-1.4,-5.5
10,0,27,605,46,111,.414,16,45,.356,30,66,.455,40,60,.667,23,30,53,54,19,4,30,47,162
10,1,27,22.4,1.7,4.1,.414,0.6,1.7,.356,1.1,2.4,.455,1.5,2.2,.667,2.0,2.0,0.7,0.1,1.1,1.7,6.0
10,2,27,605,3.0,7.3,.414,1.1,3.0,.356,2.0,4.4,.455,2.6,4.0,.667,3.5,3.6,1.3,0.3,2.0,3.1,10.7
10,3,27,605,4.6,11.2,.414,1.6,4.5,.356,3.0,6.7,.455,4.0,6.0,.667,5.3,5.4,1.9,0.4,3.0,4.7,16.3,,118.4,102.3
10,4,27,605,13.7,.581,.550,.595,.541,168,4.1,5.9,5.0,17.4,1.9,0.7,17.7,13.9,,1.2,0.8,2.0,.130,,1.5,-1.3,0.2
11,0,34,520,36,88,.409,29,66,.439,7,22,.318,26,47,.553,35,39,74,27,21,10,27,81,105
11,1,34,15.3,1.1,2.6,.409,0.9,1.9,.439,0.2,0.6,.318,0.8,1.4,.553,2.2,0.8,0.6,0.3,0.8,2.4,3.1
11,2,34,520,2.8,6.8,.409,2.2,5.1,.439,0.5,1.7,.318,2.0,3.6,.553,5.7,2.1,1.6,0.8,2.1,6.2,8.1
11,3,34,520,4.2,10.3,.409,3.4,7.7,.439,0.8,2.6,.318,3.1,5.5,.553,8.7,3.2,2.5,1.2,3.2,9.5,12.3,,99.2,98.7
11,4,34,520,9.8,.476,.449,.250,.534,115,7.3,9.0,8.1,10.0,2.5,2.0,19.7,13.1,,0.3,0.8,1.2,.089,,-2.0,1.2,-0.8
