0,0,29,950,130,330,.394,91,200,.455,39,130,.300,106,154,.688,53,115,168,80,76,18,105,97,405
0,1,29,32.8,4.5,11.4,.394,3.1,6.9,.455,1.3,4.5,.300,3.7,5.3,.688,5.8,2.8,2.6,0.6,3.6,3.3,14.0
0,2,29,950,5.5,13.9,.394,3.8,8.4,.455,1.6,5.5,.300,4.5,6.5,.688,7.1,3.4,3.2,0.8,4.4,4.1,17.1
0,3,29,950,8.1,20.5,.394,5.7,12.4,.455,2.4,8.1,.300,6.6,9.6,.688,10.5,5.0,4.7,1.1,6.5,6.0,25.2,,94.9,92.4
0,4,29,950,18.3,.502,.453,.394,.467,406,5.9,14.9,10.1,19.9,4.7,2.0,20.7,26.7,,0.7,2.1,2.7,.115,,0.3,3.8,4.1
1,0,30,939,154,398,.387,89,197,.452,65,201,.323,112,143,.783,23,88,111,54,33,0,74,69,485
1,1,30,31.3,5.1,13.3,.387,3.0,6.6,.452,2.2,6.7,.323,3.7,4.8,.783,3.7,1.8,1.1,0.0,2.5,2.3,16.2
1,2,30,939,6.6,17.0,.387,3.8,8.4,.452,2.8,8.6,.323,4.8,6.1,.783,4.7,2.3,1.4,0.0,3.2,2.9,20.7
1,3,30,939,9.7,25.1,.387,5.6,12.4,.452,4.1,12.7,.323,7.0,9.0,.783,7.0,3.4,2.1,0.0,4.7,4.3,30.5,,102.7,100.6
1,4,30,939,17.5,.520,.469,.505,.359,438,2.6,11.5,6.7,14.5,2.1,0.0,13.7,28.7,,1.6,1.3,2.9,.125,,1.5,-1.7,-0.2
2,0,28,744,67,175,.383,65,151,.430,2,24,.083,46,96,.479,24,44,68,102,28,1,55,91,182
2,1,28,26.6,2.4,6.3,.383,2.3,5.4,.430,0.1,0.9,.083,1.6,3.4,.479,2.4,3.6,1.0,0.0,2.0,3.3,6.5
2,2,28,744,3.6,9.4,.383,3.5,8.1,.430,0.1,1.3,.083,2.5,5.2,.479,3.7,5.5,1.5,0.1,3.0,4.9,9.8
2,3,28,744,5.3,13.9,.383,5.2,12.0,.430,0.2,1.9,.083,3.7,7.6,.479,5.4,8.1,2.2,0.1,4.4,7.2,14.5,,89.4,101.7
2,4,28,744,9.2,.413,.389,.137,.549,220,3.4,7.3,5.2,29.1,2.2,0.1,20.0,18.5,,0.0,0.9,0.9,.051,,-3.8,-0.6,-4.4
3,0,28,356,14,59,.237,6,31,.194,8,28,.286,25,30,.833,11,20,31,32,11,0,24,26,61
3,1,28,12.7,0.5,2.1,.237,0.2,1.1,.194,0.3,1.0,.286,0.9,1.1,.833,1.1,1.1,0.4,0.0,0.9,0.9,2.2
3,2,28,356,1.6,6.6,.237,0.7,3.5,.194,0.9,3.1,.286,2.8,3.4,.833,3.5,3.6,1.2,0.0,2.7,2.9,6.9
3,3,28,356,2.3,9.8,.237,1.0,5.1,.194,1.3,4.6,.286,4.2,5.0,.833,5.1,5.3,1.8,0.0,4.0,4.3,10.1,,87.0,103.1
3,4,28,356,6.3,.416,.305,.475,.508,75,3.3,6.9,5.0,17.2,1.8,0.0,24.7,13.6,,-0.1,0.4,0.3,.039,,-4.7,-0.7,-5.4
4,0,8,26,2,5,.400,0,1,.000,2,4,.500,0,0,,0,4,4,1,0,2,2,4,6
4,1,8,3.3,0.3,0.6,.400,0.0,0.1,.000,0.3,0.5,.500,0.0,0.0,,0.5,0.1,0.0,0.3,0.3,0.5,0.8
4,2,8,26,3.1,7.7,.400,0.0,1.5,.000,3.1,6.2,.500,0.0,0.0,,6.2,1.5,0.0,3.1,3.1,6.2,9.2
4,3,8,26,4.5,11.4,.400,0.0,2.3,.000,4.5,9.1,.500,0.0,0.0,,9.1,2.3,0.0,4.5,4.5,9.1,13.6,,89.2,97.9
4,4,8,26,8.2,.600,.600,.800,.000,5,0.0,18.9,8.8,7.9,0.0,8.3,28.6,13.4,,0.0,0.0,0.0,.065,,-5.6,2.8,-2.7
5,0,21,134,12,38,.316,12,38,.316,0,0,,5,12,.417,17,12,29,2,4,3,7,23,29
5,1,21,6.4,0.6,1.8,.316,0.6,1.8,.316,0.0,0.0,,0.2,0.6,.417,1.4,0.1,0.2,0.1,0.3,1.1,1.4
5,2,21,134,3.6,11.3,.316,3.6,11.3,.316,0.0,0.0,,1.5,3.6,.417,8.7,0.6,1.2,0.9,2.1,6.9,8.7
5,3,21,134,5.3,16.8,.316,5.3,16.8,.316,0.0,0.0,,2.2,5.3,.417,12.8,0.9,1.8,1.3,3.1,10.1,12.8,,78.9,99.9
5,4,21,134,6.3,.332,.316,.000,.316,34,13.5,11.0,12.3,3.2,1.8,2.4,13.8,18.9,,-0.1,0.2,0.1,.019,,-7.7,-0.3,-8.0
6,0,28,649,88,172,.512,88,172,.512,0,0,,72,122,.590,68,72,140,4,14,15,21,55,248
6,1,28,23.2,3.1,6.1,.512,3.1,6.1,.512,0.0,0.0,,2.6,4.4,.590,5.0,0.1,0.5,0.5,0.8,2.0,8.9
6,2,28,649,5.4,10.6,.512,5.4,10.6,.512,0.0,0.0,,4.4,7.5,.590,8.6,0.2,0.9,0.9,1.3,3.4,15.3
6,3,28,649,8.0,15.7,.512,8.0,15.7,.512,0.0,0.0,,6.6,11.1,.590,12.7,0.4,1.3,1.4,1.9,5.0,22.6,,115.1,100.3
6,4,28,649,18.9,.539,.512,.000,.709,236,11.1,13.7,12.3,1.4,1.3,2.5,8.4,19.3,,1.5,0.9,2.4,.150,,-1.8,-1.1,-2.9
7,0,30,367,36,69,.522,36,69,.522,0,0,,15,24,.625,32,30,62,2,8,18,13,57,87
7,1,30,12.2,1.2,2.3,.522,1.2,2.3,.522,0.0,0.0,,0.5,0.8,.625,2.1,0.1,0.3,0.6,0.4,1.9,2.9
7,2,30,367,3.9,7.5,.522,3.9,7.5,.522,0.0,0.0,,1.6,2.6,.625,6.8,0.2,0.9,2.0,1.4,6.2,9.5
7,3,30,367,5.8,11.1,.522,5.8,11.1,.522,0.0,0.0,,2.4,3.9,.625,10.0,0.3,1.3,2.9,2.1,9.2,14.0,,108.7,100.2
7,4,30,367,12.3,.541,.522,.000,.348,85,9.3,10.1,9.6,1.2,1.3,5.3,13.9,12.7,,0.4,0.5,1.0,.104,,-3.8,1.7,-2.1
8,0,28,538,13,50,.260,7,16,.438,6,34,.176,4,8,.500,22,51,73,44,26,2,32,66,36
8,1,28,19.2,0.5,1.8,.260,0.3,0.6,.438,0.2,1.2,.176,0.1,0.3,.500,2.6,1.6,0.9,0.1,1.1,2.4,1.3
8,2,28,538,1.0,3.7,.260,0.5,1.2,.438,0.4,2.5,.176,0.3,0.6,.500,5.4,3.3,1.9,0.1,2.4,4.9,2.7
8,3,28,538,1.4,5.5,.260,0.8,1.8,.438,0.7,3.7,.176,0.4,0.9,.500,8.0,4.8,2.9,0.2,3.5,7.3,4.0,,74.6,98.4
8,4,28,538,4.8,.335,.320,.680,.160,63,4.4,11.7,7.7,15.2,2.9,0.4,37.3,8.0,,-0.4,0.9,0.5,.037,,-4.7,2.7,-1.9
9,0,24,337,64,130,.492,40,65,.615,24,65,.369,23,29,.793,28,57,85,0,9,0,12,47,175
9,1,24,14.0,2.7,5.4,.492,1.7,2.7,.615,1.0,2.7,.369,1.0,1.2,.793,3.5,0.0,0.4,0.0,0.5,2.0,7.3
9,2,24,337,7.6,15.4,.492,4.7,7.7,.615,2.8,7.7,.369,2.7,3.4,.793,10.1,0.0,1.1,0.0,1.4,5.6,20.8
9,3,24,337,11.2,22.8,.492,7.0,11.4,.615,4.2,11.4,.369,4.0,5.1,.793,14.9,0.0,1.6,0.0,2.1,8.2,30.7,,121.7,97.4
9,4,24,337,23.1,.609,.585,.500,.223,144,8.8,20.8,14.4,0.0,1.6,0.0,7.7,23.1,,1.1,0.6,1.7,.198,,0.8,-6.4,-5.5
10,0,30,826,83,234,.355,23,54,.426,60,180,.333,33,41,.805,18,57,75,24,18,12,33,84,259
10,1,30,27.5,2.8,7.8,.355,0.8,1.8,.426,2.0,6.0,.333,1.1,1.4,.805,2.5,0.8,0.6,0.4,1.1,2.8,8.6
10,2,30,826,4.0,11.3,.355,1.1,2.6,.426,2.9,8.7,.333,1.6,2.0,.805,3.6,1.2,0.9,0.6,1.6,4.1,12.5
10,3,30,826,5.9,16.7,.355,1.6,3.9,.426,4.3,12.9,.333,2.4,2.9,.805,5.4,1.7,1.3,0.9,2.4,6.0,18.5,,103.2,102.7
10,4,30,826,10.4,.511,.483,.769,.175,229,2.3,8.5,5.2,6.3,1.3,1.6,11.5,17.3,,0.9,1.0,1.8,.089,,-0.4,-0.6,-1.0
11,0,25,134,10,25,.400,7,18,.389,3,7,.429,6,16,.375,12,16,28,4,7,1,12,22,29
11,1,25,5.4,0.4,1.0,.400,0.3,0.7,.389,0.1,0.3,.429,0.2,0.6,.375,1.1,0.2,0.3,0.0,0.5,0.9,1.2
11,2,25,134,3.0,7.5,.400,2.1,5.4,.389,0.9,2.1,.429,1.8,4.8,.375,8.4,1.2,2.1,0.3,3.6,6.6,8.7
11,3,25,134,4.4,11.0,.400,3.1,7.9,.389,1.3,3.1,.429,2.6,7.1,.375,12.4,1.8,3.1,0.4,5.3,9.7,12.8,,80.3,96.2
11,4,25,134,7.7,.445,.460,.280,.640,32,9.5,14.7,11.9,6.1,3.1,0.8,26.9,16.6,,-0.1,0.2,0.1,.041,,-5.6,1.3,-4.3
