0,0,32,959,164,335,.490,151,287,.526,13,48,.271,135,189,.714,94,169,263,39,20,17,37,57,476
0,1,32,30.0,5.1,10.5,.490,4.7,9.0,.526,0.4,1.5,.271,4.2,5.9,.714,8.2,1.2,0.6,0.5,1.2,1.8,14.9
0,2,32,959,6.8,14.0,.490,6.3,12.0,.526,0.5,2.0,.271,5.6,7.9,.714,11.0,1.6,0.8,0.7,1.5,2.4,19.9
0,3,32,959,10.2,20.9,.490,9.4,17.9,.526,0.8,3.0,.271,8.4,11.8,.714,16.4,2.4,1.2,1.1,2.3,3.6,29.6,,122.1,99.0
0,4,32,959,24.7,.560,.509,.143,.564,458,11.1,20.1,15.6,9.4,1.2,1.8,8.0,24.5,,3.2,1.7,4.9,.205,,2.1,0.2,2.4
1,0,31,453,45,109,.413,31,61,.508,14,48,.292,20,30,.667,27,53,80,11,12,6,34,66,124
1,1,31,14.6,1.5,3.5,.413,1.0,2.0,.508,0.5,1.5,.292,0.6,1.0,.667,2.6,0.4,0.4,0.2,1.1,2.1,4.0
1,2,31,453,4.0,9.6,.413,2.7,5.4,.508,1.2,4.2,.292,1.8,2.6,.667,7.1,1.0,1.1,0.5,3.0,5.8,10.9
1,3,31,453,5.9,14.4,.413,4.1,8.0,.508,1.8,6.3,.292,2.6,4.0,.667,10.5,1.5,1.6,0.8,4.5,8.7,16.3,,91.7,101.0
1,4,31,453,8.5,.503,.477,.440,.275,119,6.8,13.3,10.0,4.8,1.6,1.3,21.6,17.6,,0.0,0.7,0.7,.063,,-4.1,0.1,-4.0
2,0,32,539,57,125,.456,57,125,.456,0,0,,52,79,.658,46,79,125,6,10,55,35,73,166
2,1,32,16.8,1.8,3.9,.456,1.8,3.9,.456,0.0,0.0,,1.6,2.5,.658,3.9,0.2,0.3,1.7,1.1,2.3,5.2
2,2,32,539,4.2,9.3,.456,4.2,9.3,.456,0.0,0.0,,3.9,5.9,.658,9.3,0.4,0.7,4.1,2.6,5.4,12.3
2,3,32,539,6.3,13.9,.456,6.3,13.9,.456,0.0,0.0,,5.8,8.8,.658,13.9,0.7,1.1,6.1,3.9,8.1,18.4,,99.4,95.6
2,4,32,539,15.6,.511,.456,.000,.632,164,9.7,16.7,13.2,2.2,1.1,10.3,17.7,18.6,,0.3,1.1,1.5,.110,,-5.7,4.4,-1.4
3,0,23,465,67,171,.392,45,98,.459,22,73,.301,43,57,.754,16,37,53,25,20,3,44,54,199
3,1,23,20.2,2.9,7.4,.392,2.0,4.3,.459,1.0,3.2,.301,1.9,2.5,.754,2.3,1.1,0.9,0.1,1.9,2.3,8.7
3,2,23,465,5.8,14.7,.392,3.9,8.4,.459,1.9,6.3,.301,3.7,4.9,.754,4.6,2.2,1.7,0.3,3.8,4.6,17.1
3,3,23,465,8.6,22.0,.392,5.8,12.6,.459,2.8,9.4,.301,5.5,7.3,.754,6.8,3.2,2.6,0.4,5.7,6.9,25.6,,94.8,101.2
3,4,23,465,12.4,.502,.456,.427,.333,184,3.9,9.1,6.5,11.7,2.6,0.7,18.2,26.5,,0.1,0.7,0.9,.077,,-2.4,-0.6,-3.0
4,0,19,184,17,52,.327,12,30,.400,5,22,.227,9,14,.643,3,13,16,19,7,0,18,16,48
4,1,19,9.7,0.9,2.7,.327,0.6,1.6,.400,0.3,1.2,.227,0.5,0.7,.643,0.8,1.0,0.4,0.0,0.9,0.8,2.5
4,2,19,184,3.7,11.3,.327,2.6,6.5,.400,1.1,4.8,.227,2.0,3.0,.643,3.5,4.1,1.5,0.0,3.9,3.5,10.4
4,3,19,184,5.5,16.9,.327,3.9,9.7,.400,1.6,7.1,.227,2.9,4.5,.643,5.2,6.2,2.3,0.0,5.8,5.2,15.6,,80.2,102.8
4,4,19,184,5.8,.409,.375,.423,.269,52,1.9,8.0,4.9,20.2,2.3,0.0,23.5,21.2,,-0.2,0.3,0.1,.011,,-6.1,-1.2,-7.3
5,0,25,357,28,90,.311,11,24,.458,17,66,.258,7,10,.700,11,32,43,7,17,6,15,31,80
5,1,25,14.3,1.1,3.6,.311,0.4,1.0,.458,0.7,2.6,.258,0.3,0.4,.700,1.7,0.3,0.7,0.2,0.6,1.2,3.2
5,2,25,357,3.1,10.1,.311,1.2,2.7,.458,1.9,7.4,.258,0.8,1.1,.700,4.8,0.8,1.9,0.7,1.7,3.5,9.0
5,3,25,357,4.7,15.1,.311,1.8,4.0,.458,2.8,11.0,.258,1.2,1.7,.700,7.2,1.2,2.8,1.0,2.5,5.2,13.4,,87.5,99.6
5,4,25,357,7.5,.422,.406,.733,.111,75,3.5,10.2,6.9,3.7,2.8,1.7,13.7,15.6,,-0.1,0.6,0.5,.057,,-3.7,1.0,-2.7
6,0,31,825,76,178,.427,56,119,.471,20,59,.339,61,84,.726,15,77,92,187,33,3,70,74,233
6,1,31,26.6,2.5,5.7,.427,1.8,3.8,.471,0.6,1.9,.339,2.0,2.7,.726,3.0,6.0,1.1,0.1,2.3,2.4,7.5
6,2,31,825,3.7,8.6,.427,2.7,5.8,.471,1.0,2.9,.339,3.0,4.1,.726,4.5,9.1,1.6,0.1,3.4,3.6,11.3
6,3,31,825,5.5,12.9,.427,4.1,8.6,.471,1.4,4.3,.339,4.4,6.1,.726,6.7,13.5,2.4,0.2,5.1,5.4,16.9,,109.9,101.2
6,4,31,825,16.3,.535,.483,.331,.472,303,2.1,10.6,6.3,44.4,2.4,0.4,24.3,17.7,,1.4,1.3,2.7,.131,,0.0,-0.9,-0.9
7,0,31,525,87,180,.483,86,174,.494,1,6,.167,43,80,.538,52,101,153,12,17,42,59,70,218
7,1,31,16.9,2.8,5.8,.483,2.8,5.6,.494,0.0,0.2,.167,1.4,2.6,.538,4.9,0.4,0.5,1.4,1.9,2.3,7.0
7,2,31,525,6.6,13.7,.483,6.6,13.3,.494,0.1,0.5,.167,3.3,6.1,.538,11.7,0.9,1.3,3.2,4.5,5.3,16.6
7,3,31,525,9.9,20.5,.483,9.8,19.8,.494,0.1,0.7,.167,4.9,9.1,.538,17.4,1.4,1.9,4.8,6.7,8.0,24.8,,89.9,92.8
7,4,31,525,17.2,.500,.486,.033,.444,207,11.3,21.9,16.6,5.2,1.9,8.1,21.3,26.8,,-0.1,1.2,1.1,.084,,-6.6,3.5,-3.1
8,0,29,283,23,42,.548,23,42,.548,0,0,,3,5,.600,21,23,44,10,5,15,13,43,49
8,1,29,9.8,0.8,1.4,.548,0.8,1.4,.548,0.0,0.0,,0.1,0.2,.600,1.5,0.3,0.2,0.5,0.4,1.5,1.7
8,2,29,283,3.3,5.9,.548,3.3,5.9,.548,0.0,0.0,,0.4,0.7,.600,6.2,1.4,0.7,2.1,1.8,6.1,6.9
8,3,29,283,4.9,8.9,.548,4.9,8.9,.548,0.0,0.0,,0.6,1.1,.600,9.3,2.1,1.1,3.2,2.7,9.1,10.3,,104.1,101.6
8,4,29,283,9.9,.552,.548,.000,.119,54,8.4,9.3,8.8,6.8,1.1,5.3,22.7,10.3,,0.2,0.4,0.6,.088,,-3.7,3.4,-0.3
9,0,30,884,121,286,.423,34,72,.472,87,214,.407,30,38,.789,6,42,48,27,7,1,24,29,359
9,1,30,29.5,4.0,9.5,.423,1.1,2.4,.472,2.9,7.1,.407,1.0,1.3,.789,1.6,0.9,0.2,0.0,0.8,1.0,12.0
9,2,30,884,5.5,12.9,.423,1.5,3.3,.472,3.9,9.7,.407,1.4,1.7,.789,2.2,1.2,0.3,0.0,1.1,1.3,16.2
9,3,30,884,8.2,19.3,.423,2.3,4.9,.472,5.9,14.5,.407,2.0,2.6,.789,3.2,1.8,0.5,0.1,1.6,2.0,24.3,,121.1,108.0
9,4,30,884,14.1,.590,.575,.748,.133,295,0.8,5.4,3.1,6.6,0.5,0.1,7.3,18.9,,2.0,0.9,2.9,.129,,2.5,-2.8,-0.4
10,0,2,2,1,3,.333,1,1,1.000,0,2,.000,0,0,,0,0,0,0,0,0,0,0,2
10,1,2,1.0,0.5,1.5,.333,0.5,0.5,1.000,0.0,1.0,.000,0.0,0.0,,0.0,0.0,0.0,0.0,0.0,0.0,1.0
10,2,2,2,20.0,60.0,.333,20.0,20.0,1.000,0.0,40.0,.000,0.0,0.0,,0.0,0.0,0.0,0.0,0.0,0.0,40.0
10,3,2,2,29.9,89.6,.333,29.9,29.9,1.000,0.0,59.7,.000,0.0,0.0,,0.0,0.0,0.0,0.0,0.0,0.0,59.7,,74.5,111.5
10,4,2,2,7.4,.333,.333,.667,.000,2,0.0,0.0,0.0,0.0,0.0,0.0,0.0,76.3,,0.0,0.0,0.0,-.178,,-9.7,-23.0,-32.7
11,0,15,104,10,32,.313,5,8,.625,5,24,.208,3,6,.500,4,11,15,1,4,1,2,16,28
11,1,15,6.9,0.7,2.1,.313,0.3,0.5,.625,0.3,1.6,.208,0.2,0.4,.500,1.0,0.1,0.3,0.1,0.1,1.1,1.9
11,2,15,104,3.8,12.3,.313,1.9,3.1,.625,1.9,9.2,.208,1.2,2.3,.500,5.8,0.4,1.5,0.4,0.8,6.2,10.8
11,3,15,104,5.7,18.4,.313,2.9,4.6,.625,2.9,13.8,.208,1.7,3.4,.500,8.6,0.6,2.3,0.6,1.1,9.2,16.1,,92.3,100.1
11,4,15,104,7.4,.402,.391,.750,.188,25,4.4,12.0,8.2,1.9,2.3,1.0,5.4,18.0,,0.0,0.2,0.2,.069,,-3.6,-1.7,-5.3
12,0,26,364,34,81,.420,31,62,.500,3,19,.158,20,39,.513,22,42,64,14,15,9,21,55,91
12,1,26,14.0,1.3,3.1,.420,1.2,2.4,.500,0.1,0.7,.158,0.8,1.5,.513,2.5,0.5,0.6,0.3,0.8,2.1,3.5
12,2,26,364,3.7,8.9,.420,3.4,6.8,.500,0.3,2.1,.158,2.2,4.3,.513,7.0,1.5,1.6,1.0,2.3,6.0,10.0
12,3,26,364,5.6,13.3,.420,5.1,10.2,.500,0.5,3.1,.158,3.3,6.4,.513,10.5,2.3,2.5,1.5,3.4,9.0,14.9,,92.4,98.5
12,4,26,364,10.0,.457,.438,.235,.481,94,6.9,13.1,10.0,7.5,2.5,2.5,17.4,16.8,,0.0,0.7,0.7,.075,,-4.3,2.2,-2.1
13,0,23,530,51,129,.395,43,91,.473,8,38,.211,24,28,.857,16,70,86,41,14,12,31,55,134
13,1,23,23.0,2.2,5.6,.395,1.9,4.0,.473,0.3,1.7,.211,1.0,1.2,.857,3.7,1.8,0.6,0.5,1.3,2.4,5.8
13,2,23,530,3.8,9.7,.395,3.2,6.9,.473,0.6,2.9,.211,1.8,2.1,.857,6.5,3.1,1.1,0.9,2.3,4.2,10.1
13,3,23,530,5.7,14.5,.395,4.8,10.3,.473,0.9,4.3,.211,2.7,3.2,.857,9.7,4.6,1.6,1.4,3.5,6.2,15.1,,96.5,99.9
13,4,23,530,10.7,.471,.426,.295,.217,141,3.4,15.0,9.2,15.3,1.6,2.3,17.9,16.6,,0.2,0.9,1.1,.082,,-3.6,2.0,-1.5
