0,0,28,270,42,72,.583,38,59,.644,4,13,.308,20,29,.690,25,35,60,6,3,15,14,54,108
0,1,28,9.6,1.5,2.6,.583,1.4,2.1,.644,0.1,0.5,.308,0.7,1.0,.690,2.1,0.2,0.1,0.5,0.5,1.9,3.9
0,2,28,270,6.2,10.7,.583,5.6,8.7,.644,0.6,1.9,.308,3.0,4.3,.690,8.9,0.9,0.4,2.2,2.1,8.0,16.0
0,3,28,270,9.2,15.9,.583,8.4,13.0,.644,0.9,2.9,.308,4.4,6.4,.690,13.2,1.3,0.7,3.3,3.1,11.9,23.8,,117.9,107.0
0,4,28,270,19.3,.630,.611,.181,.403,97,11.4,15.6,13.5,5.4,0.7,6.0,14.0,19.2,,0.7,0.2,0.9,.132,,0.6,-1.3,-0.7
1,0,29,733,77,215,.358,56,130,.431,21,85,.247,35,44,.795,19,55,74,50,28,2,37,57,210
1,1,29,25.3,2.7,7.4,.358,1.9,4.5,.431,0.7,2.9,.247,1.2,1.5,.795,2.6,1.7,1.0,0.1,1.3,2.0,7.2
1,2,29,733,4.2,11.7,.358,3.1,7.1,.431,1.1,4.6,.247,1.9,2.4,.795,4.0,2.7,1.5,0.1,2.0,3.1,11.5
1,3,29,733,6.2,17.4,.358,4.5,10.5,.431,1.7,6.9,.247,2.8,3.6,.795,6.0,4.1,2.3,0.2,3.0,4.6,17.0,,92.9,109.7
1,4,29,733,10.2,.445,.407,.395,.205,210,3.2,9.0,6.1,14.8,2.3,0.3,13.6,19.3,,0.2,0.4,0.6,.033,,-1.9,-2.4,-4.3
2,0,30,804,124,281,.441,93,184,.505,31,97,.320,54,71,.761,62,139,201,38,19,38,71,68,333
2,1,30,26.8,4.1,9.4,.441,3.1,6.1,.505,1.0,3.2,.320,1.8,2.4,.761,6.7,1.3,0.6,1.3,2.4,2.3,11.1
2,2,30,804,6.2,14.0,.441,4.6,9.2,.505,1.5,4.8,.320,2.7,3.5,.761,10.0,1.9,0.9,1.9,3.5,3.4,16.6
2,3,30,804,9.2,20.8,.441,6.9,13.6,.505,2.3,7.2,.320,4.0,5.2,.761,14.9,2.8,1.4,2.8,5.2,5.0,24.6,,98.1,104.5
2,4,30,804,18.2,.529,.496,.345,.253,318,9.5,20.7,15.2,11.4,1.4,5.1,18.4,24.9,,0.8,0.8,1.6,.080,,-0.5,0.1,-0.4
3,0,30,889,83,178,.466,62,128,.484,21,50,.420,61,82,.744,10,64,74,132,45,2,93,80,248
3,1,30,29.6,2.8,5.9,.466,2.1,4.3,.484,0.7,1.7,.420,2.0,2.7,.744,2.5,4.4,1.5,0.1,3.1,2.7,8.3
3,2,30,889,3.7,8.0,.466,2.8,5.8,.484,0.9,2.2,.420,2.7,3.7,.744,3.3,5.9,2.0,0.1,4.2,3.6,11.2
3,3,30,889,5.6,11.9,.466,4.1,8.6,.484,1.4,3.3,.420,4.1,5.5,.744,4.9,8.8,3.0,0.1,6.2,5.3,16.6,,97.3,108.2
3,4,30,889,12.9,.572,.525,.281,.461,280,1.4,8.6,5.0,31.3,3.0,0.2,30.0,18.1,,0.7,0.6,1.2,.056,,-0.9,-2.4,-3.3
4,0,30,556,71,151,.470,68,143,.476,3,8,.375,56,73,.767,28,63,91,45,6,9,57,85,201
4,1,30,18.5,2.4,5.0,.470,2.3,4.8,.476,0.1,0.3,.375,1.9,2.4,.767,3.0,1.5,0.2,0.3,1.9,2.8,6.7
4,2,30,556,5.1,10.9,.470,4.9,10.3,.476,0.2,0.6,.375,4.0,5.3,.767,6.5,3.2,0.4,0.6,4.1,6.1,14.5
4,3,30,556,7.6,16.1,.470,7.3,15.3,.476,0.3,0.9,.375,6.0,7.8,.767,9.7,4.8,0.6,1.0,6.1,9.1,21.5,,96.4,110.2
4,4,30,556,12.2,.541,.480,.053,.483,204,6.2,13.6,9.9,18.4,0.6,1.7,23.5,22.6,,0.4,0.3,0.7,.049,,-2.8,-2.4,-5.2
5,0,27,332,19,71,.268,10,27,.370,9,44,.205,10,12,.833,14,33,47,19,9,0,31,46,57
5,1,27,12.3,0.7,2.6,.268,0.4,1.0,.370,0.3,1.6,.205,0.4,0.4,.833,1.7,0.7,0.3,0.0,1.1,1.7,2.1
5,2,27,332,2.3,8.6,.268,1.2,3.3,.370,1.1,5.3,.205,1.2,1.4,.833,5.7,2.3,1.1,0.0,3.7,5.5,6.9
5,3,27,332,3.4,12.7,.268,1.8,4.8,.370,1.6,7.9,.205,1.8,2.1,.833,8.4,3.4,1.6,0.0,5.6,8.2,10.2,,69.3,109.7
5,4,27,332,1.9,.372,.331,.620,.169,65,5.2,11.9,8.6,11.2,1.6,0.0,28.8,16.8,,-0.6,0.2,-0.4,-.046,,-5.8,-2.6,-8.4
6,0,29,392,38,85,.447,38,83,.458,0,2,.000,15,34,.441,18,47,65,14,8,5,30,55,91
6,1,29,13.5,1.3,2.9,.447,1.3,2.9,.458,0.0,0.1,.000,0.5,1.2,.441,2.2,0.5,0.3,0.2,1.0,1.9,3.1
6,2,29,392,3.9,8.7,.447,3.9,8.5,.458,0.0,0.2,.000,1.5,3.5,.441,6.6,1.4,0.8,0.5,3.1,5.6,9.3
6,3,29,392,5.8,12.9,.447,5.8,12.6,.458,0.0,0.3,.000,2.3,5.2,.441,9.9,2.1,1.2,0.8,4.5,8.3,13.8,,80.4,108.9
6,4,29,392,6.2,.450,.447,.024,.400,90,5.6,14.4,10.1,7.6,1.2,1.4,22.9,17.4,,-0.3,0.2,-0.1,-.007,,-6.2,-1.9,-8.1
7,0,28,533,33,65,.508,21,35,.600,12,30,.400,13,26,.500,12,35,47,26,23,6,21,46,91
7,1,28,19.0,1.2,2.3,.508,0.8,1.3,.600,0.4,1.1,.400,0.5,0.9,.500,1.7,0.9,0.8,0.2,0.8,1.6,3.3
7,2,28,533,2.5,4.9,.508,1.6,2.6,.600,0.9,2.3,.400,1.0,2.0,.500,3.5,2.0,1.7,0.5,1.6,3.5,6.8
7,3,28,533,3.7,7.2,.508,2.3,3.9,.600,1.3,3.3,.400,1.4,2.9,.500,5.2,2.9,2.6,0.7,2.3,5.1,10.1,,104.6,109.0
7,4,28,533,9.4,.588,.600,.462,.400,90,2.8,7.9,5.3,9.7,2.6,1.2,21.4,9.6,,0.4,0.3,0.7,.051,,-0.9,-0.5,-1.4
8,0,30,959,146,356,.410,78,177,.441,68,179,.380,114,142,.803,26,64,90,59,14,0,66,57,474
8,1,30,32.0,4.9,11.9,.410,2.6,5.9,.441,2.3,6.0,.380,3.8,4.7,.803,3.0,2.0,0.5,0.0,2.2,1.9,15.8
8,2,30,959,6.1,14.8,.410,3.3,7.4,.441,2.8,7.5,.380,4.8,5.9,.803,3.8,2.5,0.6,0.0,2.8,2.4,19.8
8,3,30,959,9.1,22.1,.410,4.8,11.0,.441,4.2,11.1,.380,7.1,8.8,.803,5.6,3.7,0.9,0.0,4.1,3.5,29.4,,108.6,113.5
8,4,30,959,17.2,.560,.506,.503,.399,430,3.3,8.0,5.7,14.8,0.9,0.0,13.5,26.5,,2.2,0.1,2.3,.098,,3.1,-5.1,-1.9
9,0,21,115,5,14,.357,5,14,.357,0,0,,6,7,.857,5,9,14,2,0,2,6,22,16
9,1,21,5.5,0.2,0.7,.357,0.2,0.7,.357,0.0,0.0,,0.3,0.3,.857,0.7,0.1,0.0,0.1,0.3,1.0,0.8
9,2,21,115,1.7,4.9,.357,1.7,4.9,.357,0.0,0.0,,2.1,2.4,.857,4.9,0.7,0.0,0.7,2.1,7.7,5.6
9,3,21,115,2.6,7.2,.357,2.6,7.2,.357,0.0,0.0,,3.1,3.6,.857,7.2,1.0,0.0,1.0,3.1,11.4,8.3,,84.8,113.0
9,4,21,115,2.1,.462,.357,.000,.500,17,5.3,9.4,7.4,3.3,0.0,1.9,25.7,10.5,,0.0,0.0,0.0,-.002,,-6.1,-2.6,-8.7
10,0,30,420,45,97,.464,45,97,.464,0,0,,32,52,.615,29,59,88,8,13,13,24,73,122
10,1,30,14.0,1.5,3.2,.464,1.5,3.2,.464,0.0,0.0,,1.1,1.7,.615,2.9,0.3,0.4,0.4,0.8,2.4,4.1
10,2,30,420,4.3,9.2,.464,4.3,9.2,.464,0.0,0.0,,3.0,5.0,.615,8.4,0.8,1.2,1.2,2.3,7.0,11.6
10,3,30,420,6.4,13.7,.464,6.4,13.7,.464,0.0,0.0,,4.5,7.4,.615,12.5,1.1,1.8,1.8,3.4,10.3,17.3,,96.8,105.4
10,4,30,420,12.0,.501,.464,.000,.536,119,8.5,16.9,12.7,4.1,1.8,3.3,16.5,18.0,,0.3,0.4,0.6,.062,,-4.2,-1.2,-5.4
11,0,9,12,1,3,.333,0,0,,1,3,.333,0,0,,0,0,0,0,0,0,1,1,3
11,1,9,1.3,0.1,0.3,.333,0.0,0.0,,0.1,0.3,.333,0.0,0.0,,0.0,0.0,0.0,0.0,0.1,0.1,0.3
11,2,9,12,3.3,10.0,.333,0.0,0.0,,3.3,10.0,.333,0.0,0.0,,0.0,0.0,0.0,0.0,3.3,3.3,10.0
11,3,9,12,5.0,14.9,.333,0.0,0.0,,5.0,14.9,.333,0.0,0.0,,0.0,0.0,0.0,0.0,5.0,5.0,14.9,,73.2,118.4
11,4,9,12,-0.1,.500,.500,1.000,.000,2,0.0,0.0,0.0,0.0,0.0,0.0,25.0,17.3,,0.0,0.0,0.0,-.062,,-5.0,-7.1,-12.1
12,0,11,14,0,0,,0,0,,0,0,,3,4,.750,0,0,0,3,0,0,3,1,3
12,1,11,1.3,0.0,0.0,,0.0,0.0,,0.0,0.0,,0.3,0.4,.750,0.0,0.3,0.0,0.0,0.3,0.1,0.3
12,2,11,14,0.0,0.0,,0.0,0.0,,0.0,0.0,,8.6,11.4,.750,0.0,8.6,0.0,0.0,8.6,2.9,8.6
12,3,11,14,0.0,0.0,,0.0,0.0,,0.0,0.0,,12.7,17.0,.750,0.0,12.7,0.0,0.0,12.7,4.2,12.7,,82.9,118.5
12,4,11,14,4.7,.789,,,,4,0.0,0.0,0.0,37.8,0.0,0.0,61.2,18.2,,0.0,0.0,0.0,-.041,,-10.7,-13.6,-24.3
