0,0,32,957,110,206,.534,109,199,.548,1,7,.143,79,118,.669,91,95,186,9,11,26,56,73,300
0,1,32,29.9,3.4,6.4,.534,3.4,6.2,.548,0.0,0.2,.143,2.5,3.7,.669,5.8,0.3,0.3,0.8,1.8,2.3,9.4
0,2,32,957,4.6,8.6,.534,4.6,8.3,.548,0.0,0.3,.143,3.3,4.9,.669,7.8,0.4,0.5,1.1,2.3,3.1,12.5
0,3,32,957,6.8,12.8,.534,6.8,12.4,.548,0.1,0.4,.143,4.9,7.3,.669,11.6,0.6,0.7,1.6,3.5,4.5,18.7,,108.9,110.1
0,4,32,957,15.3,.572,.536,.034,.573,293,10.5,11.1,10.8,2.0,0.7,2.9,17.6,16.7,,1.6,0.4,2.0,.082,,0.3,-0.9,-0.7
1,0,1,2,0,0,,0,0,,0,0,,0,0,,0,0,0,0,0,0,1,1,0
1,1,1,2.0,0.0,0.0,,0.0,0.0,,0.0,0.0,,0.0,0.0,,0.0,0.0,0.0,0.0,1.0,1.0,0.0
1,2,1,2,0.0,0.0,,0.0,0.0,,0.0,0.0,,0.0,0.0,,0.0,0.0,0.0,0.0,20.0,20.0,0.0
1,3,1,2,0.0,0.0,,0.0,0.0,,0.0,0.0,,0.0,0.0,,0.0,0.0,0.0,0.0,29.8,29.8,0.0,,0.0,116.6
1,4,1,2,-39.9,,,,,0,0.0,0.0,0.0,0.0,0.0,0.0,100.0,25.1,,0.0,0.0,0.0,-.528,,-28.0,-0.2,-28.2
2,0,1,2,0,1,.000,0,0,,0,1,.000,0,0,,0,0,0,0,0,0,0,0,0
2,1,1,2.0,0.0,1.0,.000,0.0,0.0,,0.0,1.0,.000,0.0,0.0,,0.0,0.0,0.0,0.0,0.0,0.0,0.0
2,2,1,2,0.0,20.0,.000,0.0,0.0,,0.0,20.0,.000,0.0,0.0,,0.0,0.0,0.0,0.0,0.0,0.0,0.0
2,3,1,2,0.0,29.8,.000,0.0,0.0,,0.0,29.8,.000,0.0,0.0,,0.0,0.0,0.0,0.0,0.0,0.0,0.0,,0.0,119.2
2,4,1,2,-21.7,.000,.000,1.000,.000,0,0.0,0.0,0.0,0.0,0.0,0.0,0.0,25.1,,0.0,0.0,0.0,-.347,,-14.1,-9.2,-23.3
3,0,22,592,53,122,.434,49,103,.476,4,19,.211,52,89,.584,37,52,89,29,29,5,36,62,162
3,1,22,26.9,2.4,5.5,.434,2.2,4.7,.476,0.2,0.9,.211,2.4,4.0,.584,4.0,1.3,1.3,0.2,1.6,2.8,7.4
3,2,22,592,3.6,8.2,.434,3.3,7.0,.476,0.3,1.3,.211,3.5,6.0,.584,6.0,2.0,2.0,0.3,2.4,4.2,10.9
3,3,22,592,5.3,12.3,.434,4.9,10.4,.476,0.4,1.9,.211,5.2,9.0,.584,9.0,2.9,2.9,0.5,3.6,6.2,16.3,,98.6,106.4
3,4,22,592,12.9,.493,.451,.156,.730,168,6.9,9.8,8.4,9.8,2.9,0.9,18.0,17.0,,0.5,0.5,0.9,.063,,0.1,0.8,0.9
4,0,32,1006,98,276,.355,78,199,.392,20,77,.260,26,36,.722,26,58,84,95,40,5,57,63,242
4,1,32,31.4,3.1,8.6,.355,2.4,6.2,.392,0.6,2.4,.260,0.8,1.1,.722,2.6,3.0,1.3,0.2,1.8,2.0,7.6
4,2,32,1006,3.9,11.0,.355,3.1,7.9,.392,0.8,3.1,.260,1.0,1.4,.722,3.3,3.8,1.6,0.2,2.3,2.5,9.6
4,3,32,1006,5.8,16.3,.355,4.6,11.8,.392,1.2,4.6,.260,1.5,2.1,.722,5.0,5.6,2.4,0.3,3.4,3.7,14.3,,89.9,109.8
4,4,32,1006,9.6,.413,.391,.279,.130,262,2.9,6.4,4.6,19.2,2.4,0.5,16.3,17.4,,0.1,0.4,0.5,.021,,-1.1,-0.7,-1.8
5,0,32,1155,193,427,.452,176,348,.506,17,79,.215,94,139,.676,88,188,276,47,51,45,80,74,497
5,1,32,36.1,6.0,13.3,.452,5.5,10.9,.506,0.5,2.5,.215,2.9,4.3,.676,8.6,1.5,1.6,1.4,2.5,2.3,15.5
5,2,32,1155,6.7,14.8,.452,6.1,12.1,.506,0.6,2.7,.215,3.3,4.8,.676,9.6,1.6,1.8,1.6,2.8,2.6,17.2
5,3,32,1155,9.9,22.0,.452,9.1,17.9,.506,0.9,4.1,.215,4.8,7.2,.676,14.2,2.4,2.6,2.3,4.1,3.8,25.6,,102.3,101.4
5,4,32,1155,21.1,.504,.472,.185,.326,476,8.4,18.2,13.3,9.6,2.6,4.2,14.0,24.9,,1.8,1.5,3.3,.113,,1.4,2.0,3.4
6,0,32,1130,158,421,.375,82,214,.383,76,207,.367,152,189,.804,41,83,124,66,52,8,69,94,544
6,1,32,35.3,4.9,13.2,.375,2.6,6.7,.383,2.4,6.5,.367,4.8,5.9,.804,3.9,2.1,1.6,0.3,2.2,2.9,17.0
6,2,32,1130,5.6,14.9,.375,2.9,7.6,.383,2.7,7.3,.367,5.4,6.7,.804,4.4,2.3,1.8,0.3,2.4,3.3,19.3
6,3,32,1130,8.3,22.2,.375,4.3,11.3,.383,4.0,10.9,.367,8.0,10.0,.804,6.5,3.5,2.7,0.4,3.6,5.0,28.7,,111.2,107.8
6,4,32,1130,19.6,.533,.466,.492,.449,508,4.0,8.2,6.1,13.0,2.7,0.8,11.9,25.7,,3.0,0.7,3.7,.130,,5.3,-1.4,3.9
7,0,9,266,36,78,.462,36,63,.571,0,15,.000,34,60,.567,6,38,44,26,14,0,37,29,106
7,1,9,29.6,4.0,8.7,.462,4.0,7.0,.571,0.0,1.7,.000,3.8,6.7,.567,4.9,2.9,1.6,0.0,4.1,3.2,11.8
7,2,9,266,5.4,11.7,.462,5.4,9.5,.571,0.0,2.3,.000,5.1,9.0,.567,6.6,3.9,2.1,0.0,5.6,4.4,15.9
7,3,9,266,8.1,17.5,.462,8.1,14.1,.571,0.0,3.4,.000,7.6,13.4,.567,9.8,5.8,3.1,0.0,8.3,6.5,23.7,,85.9,102.9
7,4,9,266,13.4,.498,.462,.192,.769,105,2.5,16.0,9.2,21.5,3.1,0.0,25.8,27.0,,-0.1,0.3,0.2,.028,,-1.9,0.0,-1.9
8,0,32,959,84,208,.404,77,171,.450,7,37,.189,36,65,.554,41,107,148,49,51,29,55,102,211
8,1,32,30.0,2.6,6.5,.404,2.4,5.3,.450,0.2,1.2,.189,1.1,2.0,.554,4.6,1.5,1.6,0.9,1.7,3.2,6.6
8,2,32,959,3.5,8.7,.404,3.2,7.1,.450,0.3,1.5,.189,1.5,2.7,.554,6.2,2.0,2.1,1.2,2.3,4.3,8.8
8,3,32,959,5.2,12.9,.404,4.8,10.6,.450,0.4,2.3,.189,2.2,4.0,.554,9.2,3.0,3.2,1.8,3.4,6.3,13.1,,89.0,103.4
8,4,32,959,11.1,.442,.421,.178,.313,219,4.7,12.5,8.6,10.2,3.2,3.3,18.7,15.4,,0.0,1.0,1.0,.042,,-1.5,3.2,1.7
9,0,1,1,0,0,,0,0,,0,0,,0,0,,0,0,0,0,0,0,0,0,0
9,1,1,1.0,0.0,0.0,,0.0,0.0,,0.0,0.0,,0.0,0.0,,0.0,0.0,0.0,0.0,0.0,0.0,0.0
9,2,1,1,0.0,0.0,,0.0,0.0,,0.0,0.0,,0.0,0.0,,0.0,0.0,0.0,0.0,0.0,0.0,0.0
9,3,1,1,0.0,0.0,,0.0,0.0,,0.0,0.0,,0.0,0.0,,0.0,0.0,0.0,0.0,0.0,0.0,0.0,,,119.2
9,4,1,1,0.0,,,,,0,0.0,0.0,0.0,0.0,0.0,0.0,,0.0,,0.0,0.0,0.0,-.018,,-4.6,-0.5,-5.1
10,0,4,6,0,0,,0,0,,0,0,,0,2,.000,0,1,1,0,0,0,0,0,0
10,1,4,1.5,0.0,0.0,,0.0,0.0,,0.0,0.0,,0.0,0.5,.000,0.3,0.0,0.0,0.0,0.0,0.0,0.0
10,2,4,6,0.0,0.0,,0.0,0.0,,0.0,0.0,,0.0,13.3,.000,6.7,0.0,0.0,0.0,0.0,0.0,0.0
10,3,4,6,0.0,0.0,,0.0,0.0,,0.0,0.0,,0.0,19.8,.000,9.9,0.0,0.0,0.0,0.0,0.0,0.0,,0.0,109.1
10,4,4,6,-4.4,.000,,,,0,0.0,18.6,9.3,0.0,0.0,0.0,0.0,7.9,,0.0,0.0,0.0,-.118,,-11.7,-3.6,-15.3
11,0,23,335,22,57,.386,19,44,.432,3,13,.231,12,15,.800,8,15,23,23,6,1,18,33,59
11,1,23,14.6,1.0,2.5,.386,0.8,1.9,.432,0.1,0.6,.231,0.5,0.7,.800,1.0,1.0,0.3,0.0,0.8,1.4,2.6
11,2,23,335,2.6,6.8,.386,2.3,5.3,.432,0.4,1.6,.231,1.4,1.8,.800,2.7,2.7,0.7,0.1,2.1,3.9,7.0
11,3,23,335,3.9,10.1,.386,3.4,7.8,.432,0.5,2.3,.231,2.1,2.7,.800,4.1,4.1,1.1,0.2,3.2,5.9,10.5,,91.2,113.4
11,4,23,335,5.9,.460,.412,.228,.263,64,2.6,5.0,3.8,13.1,1.1,0.3,21.9,12.3,,0.0,0.0,0.1,.009,,-2.6,-2.0,-4.6
12,0,5,14,3,7,.429,1,1,1.000,2,6,.333,0,0,,0,2,2,1,1,0,0,2,8
12,1,5,2.8,0.6,1.4,.429,0.2,0.2,1.000,0.4,1.2,.333,0.0,0.0,,0.4,0.2,0.2,0.0,0.0,0.4,1.6
12,2,5,14,8.6,20.0,.429,2.9,2.9,1.000,5.7,17.1,.333,0.0,0.0,,5.7,2.9,2.9,0.0,0.0,5.7,22.9
12,3,5,14,12.8,29.8,.429,4.3,4.3,1.000,8.5,25.5,.333,0.0,0.0,,8.5,4.3,4.3,0.0,0.0,8.5,34.0,,131.3,100.2
12,4,5,14,27.3,.571,.571,.857,.000,7,0.0,16.0,7.9,19.1,4.3,0.0,0.0,25.1,,0.1,0.0,0.1,.233,,10.6,-2.2,8.3
