0,0,32,596,41,98,.418,34,75,.453,7,23,.304,42,59,.712,8,40,48,93,26,0,50,84,131
0,1,32,18.6,1.3,3.1,.418,1.1,2.3,.453,0.2,0.7,.304,1.3,1.8,.712,1.5,2.9,0.8,0.0,1.6,2.6,4.1
0,2,32,596,2.8,6.6,.418,2.3,5.0,.453,0.5,1.5,.304,2.8,4.0,.712,3.2,6.2,1.7,0.0,3.4,5.6,8.8
0,3,32,596,4.1,9.9,.418,3.4,7.6,.453,0.7,2.3,.304,4.2,6.0,.712,4.8,9.4,2.6,0.0,5.0,8.5,13.2,,98.1,103.7
0,4,32,596,10.7,.520,.454,.235,.602,163,1.6,8.3,4.9,28.9,2.6,0.0,28.4,15.3,,0.4,0.6,1.1,.072,,0.2,0.7,0.9
1,0,33,997,162,328,.494,144,275,.524,18,53,.340,63,93,.677,50,122,172,64,37,28,67,76,405
1,1,33,30.2,4.9,9.9,.494,4.4,8.3,.524,0.5,1.6,.340,1.9,2.8,.677,5.2,1.9,1.1,0.8,2.0,2.3,12.3
1,2,33,997,6.5,13.2,.494,5.8,11.0,.524,0.7,2.1,.340,2.5,3.7,.677,6.9,2.6,1.5,1.1,2.7,3.0,16.2
1,3,33,997,9.8,19.8,.494,8.7,16.6,.524,1.1,3.2,.340,3.8,5.6,.677,10.4,3.9,2.2,1.7,4.0,4.6,24.4,,106.1,100.5
1,4,33,997,19.4,.544,.521,.162,.284,388,6.1,15.2,10.6,14.4,2.2,3.6,15.3,22.9,,1.8,1.4,3.2,.127,,2.8,4.0,6.8
2,0,33,689,75,149,.503,75,148,.507,0,1,.000,58,95,.611,58,104,162,26,19,15,48,90,208
2,1,33,20.9,2.3,4.5,.503,2.3,4.5,.507,0.0,0.0,.000,1.8,2.9,.611,4.9,0.8,0.6,0.5,1.5,2.7,6.3
2,2,33,689,4.4,8.7,.503,4.4,8.6,.507,0.0,0.1,.000,3.4,5.5,.611,9.4,1.5,1.1,0.9,2.8,5.2,12.1
2,3,33,689,6.6,13.0,.503,6.6,12.9,.507,0.0,0.1,.000,5.1,8.3,.611,14.2,2.3,1.7,1.3,4.2,7.9,18.2,,102.3,100.3
2,4,33,689,14.7,.536,.503,.007,.638,217,10.2,18.7,14.4,7.5,1.7,2.8,19.8,18.2,,0.8,1.0,1.8,.103,,0.3,3.3,3.6
3,0,6,10,0,7,.000,0,2,.000,0,5,.000,0,2,.000,1,1,2,1,0,0,1,0,0
3,1,6,1.7,0.0,1.2,.000,0.0,0.3,.000,0.0,0.8,.000,0.0,0.3,.000,0.3,0.2,0.0,0.0,0.2,0.0,0.0
3,2,6,10,0.0,28.0,.000,0.0,8.0,.000,0.0,20.0,.000,0.0,8.0,.000,8.0,4.0,0.0,0.0,4.0,0.0,0.0
3,3,6,10,0.0,42.1,.000,0.0,12.0,.000,0.0,30.1,.000,0.0,12.0,.000,12.0,6.0,0.0,0.0,6.0,0.0,0.0,,15.6,108.7
3,4,6,10,-31.0,.000,.000,.714,.286,1,12.2,12.4,12.3,16.4,0.0,0.0,11.2,46.5,,-0.1,0.0,-0.1,-.571,,-21.3,-6.2,-27.5
4,0,22,136,8,27,.296,8,27,.296,0,0,,3,9,.333,12,14,26,3,1,6,12,24,19
4,1,22,6.2,0.4,1.2,.296,0.4,1.2,.296,0.0,0.0,,0.1,0.4,.333,1.2,0.1,0.0,0.3,0.5,1.1,0.9
4,2,22,136,2.4,7.9,.296,2.4,7.9,.296,0.0,0.0,,0.9,2.6,.333,7.6,0.9,0.3,1.8,3.5,7.1,5.6
4,3,22,136,3.5,11.9,.296,3.5,11.9,.296,0.0,0.0,,1.3,4.0,.333,11.5,1.3,0.4,2.7,5.3,10.6,8.4,,63.8,104.2
4,4,22,136,0.9,.304,.296,.000,.333,25,10.7,12.8,11.7,4.0,0.4,5.7,27.7,16.5,,-0.3,0.1,-0.1,-.044,,-7.0,3.1,-3.9
5,0,5,9,2,5,.400,2,5,.400,0,0,,2,4,.500,1,1,2,0,0,0,2,1,6
5,1,5,1.8,0.4,1.0,.400,0.4,1.0,.400,0.0,0.0,,0.4,0.8,.500,0.4,0.0,0.0,0.0,0.4,0.2,1.2
5,2,5,9,8.9,22.2,.400,8.9,22.2,.400,0.0,0.0,,8.9,17.8,.500,8.9,0.0,0.0,0.0,8.9,4.4,26.7
5,3,5,9,13.4,33.4,.400,13.4,33.4,.400,0.0,0.0,,13.4,26.8,.500,13.4,0.0,0.0,0.0,13.4,6.7,40.1,,75.2,107.5
5,4,5,9,7.8,.435,.400,.000,.800,5,13.5,13.8,13.7,0.0,0.0,0.0,22.5,51.3,,0.0,0.0,0.0,-.106,,-15.2,-11.2,-26.4
6,0,31,375,38,77,.494,38,77,.494,0,0,,35,59,.593,33,52,85,5,19,4,16,48,111
6,1,31,12.1,1.2,2.5,.494,1.2,2.5,.494,0.0,0.0,,1.1,1.9,.593,2.7,0.2,0.6,0.1,0.5,1.5,3.6
6,2,31,375,4.1,8.2,.494,4.1,8.2,.494,0.0,0.0,,3.7,6.3,.593,9.1,0.5,2.0,0.4,1.7,5.1,11.8
6,3,31,375,6.1,12.4,.494,6.1,12.4,.494,0.0,0.0,,5.6,9.5,.593,13.6,0.8,3.0,0.6,2.6,7.7,17.8,,109.3,98.4
6,4,31,375,15.9,.528,.494,.000,.766,113,10.7,17.2,13.9,2.6,3.0,1.4,13.2,16.8,,0.6,0.6,1.2,.128,,0.4,2.0,2.4
7,0,33,1129,194,433,.448,132,258,.512,62,175,.354,153,181,.845,26,71,97,62,42,3,73,59,603
7,1,33,34.2,5.9,13.1,.448,4.0,7.8,.512,1.9,5.3,.354,4.6,5.5,.845,2.9,1.9,1.3,0.1,2.2,1.8,18.3
7,2,33,1129,6.9,15.3,.448,4.7,9.1,.512,2.2,6.2,.354,5.4,6.4,.845,3.4,2.2,1.5,0.1,2.6,2.1,21.4
7,3,33,1129,10.3,23.1,.448,7.0,13.8,.512,3.3,9.3,.354,8.2,9.6,.845,5.2,3.3,2.2,0.2,3.9,3.1,32.1,,115.0,105.2
7,4,33,1129,21.7,.581,.520,.404,.418,539,2.8,7.8,5.3,12.6,2.2,0.3,12.3,27.2,,3.5,1.1,4.6,.162,,6.4,-0.1,6.4
8,0,33,925,92,203,.453,66,134,.493,26,69,.377,52,84,.619,46,51,97,54,32,7,46,89,262
8,1,33,28.0,2.8,6.2,.453,2.0,4.1,.493,0.8,2.1,.377,1.6,2.5,.619,2.9,1.6,1.0,0.2,1.4,2.7,7.9
8,2,33,925,4.0,8.8,.453,2.9,5.8,.493,1.1,3.0,.377,2.2,3.6,.619,4.2,2.3,1.4,0.3,2.0,3.8,11.3
8,3,33,925,6.0,13.2,.453,4.3,8.7,.493,1.7,4.5,.377,3.4,5.5,.619,6.3,3.5,2.1,0.5,3.0,5.8,17.0,,107.9,105.5
8,4,33,925,12.9,.539,.517,.340,.414,266,6.1,6.8,6.4,11.5,2.1,1.0,15.9,16.2,,1.3,0.8,2.2,.094,,3.2,2.2,5.4
9,0,32,919,104,228,.456,84,173,.486,20,55,.364,105,135,.778,44,136,180,65,56,15,55,68,333
9,1,32,28.7,3.3,7.1,.456,2.6,5.4,.486,0.6,1.7,.364,3.3,4.2,.778,5.6,2.0,1.8,0.5,1.7,2.1,10.4
9,2,32,919,4.5,9.9,.456,3.7,7.5,.486,0.9,2.4,.364,4.6,5.9,.778,7.8,2.8,2.4,0.7,2.4,3.0,14.5
9,3,32,919,6.8,14.9,.456,5.5,11.3,.486,1.3,3.6,.364,6.9,8.8,.778,11.8,4.3,3.7,1.0,3.6,4.5,21.8,,113.6,96.5
9,4,32,919,20.7,.570,.500,.241,.592,335,5.8,18.4,12.0,14.3,3.7,2.1,15.8,19.6,,2.1,1.6,3.7,.162,,4.3,5.0,9.3
10,0,33,490,62,136,.456,57,114,.500,5,22,.227,17,27,.630,26,55,81,19,17,15,20,51,146
10,1,33,14.8,1.9,4.1,.456,1.7,3.5,.500,0.2,0.7,.227,0.5,0.8,.630,2.5,0.6,0.5,0.5,0.6,1.5,4.4
10,2,33,490,5.1,11.1,.456,4.7,9.3,.500,0.4,1.8,.227,1.4,2.2,.630,6.6,1.6,1.4,1.2,1.6,4.2,11.9
10,3,33,490,7.6,16.7,.456,7.0,14.0,.500,0.6,2.7,.227,2.1,3.3,.630,9.9,2.3,2.1,1.8,2.5,6.3,17.9,,102.2,101.1
10,4,33,490,14.3,.491,.474,.162,.199,142,6.5,13.9,10.2,8.0,2.1,4.0,11.8,17.9,,0.5,0.7,1.2,.096,,0.3,3.5,3.8
11,0,4,31,2,7,.286,2,5,.400,0,2,.000,0,0,,0,0,0,2,0,0,0,0,4
11,1,4,7.8,0.5,1.8,.286,0.5,1.3,.400,0.0,0.5,.000,0.0,0.0,,0.0,0.5,0.0,0.0,0.0,0.0,1.0
11,2,4,31,2.6,9.0,.286,2.6,6.5,.400,0.0,2.6,.000,0.0,0.0,,0.0,2.6,0.0,0.0,0.0,0.0,5.2
11,3,4,31,3.9,13.6,.286,3.9,9.7,.400,0.0,3.9,.000,0.0,0.0,,0.0,3.9,0.0,0.0,0.0,0.0,7.8,,81.1,114.1
11,4,4,31,2.5,.286,.286,.286,.000,4,0.0,0.0,0.0,11.8,0.0,0.0,0.0,11.7,,0.0,0.0,0.0,-.014,,-4.3,-4.2,-8.5
12,0,26,317,27,75,.360,22,53,.415,5,22,.227,26,35,.743,9,14,23,23,17,1,12,33,85
12,1,26,12.2,1.0,2.9,.360,0.8,2.0,.415,0.2,0.8,.227,1.0,1.3,.743,0.9,0.9,0.7,0.0,0.5,1.3,3.3
12,2,26,317,3.4,9.5,.360,2.8,6.7,.415,0.6,2.8,.227,3.3,4.4,.743,2.9,2.9,2.1,0.1,1.5,4.2,10.7
12,3,26,317,5.1,14.2,.360,4.2,10.1,.415,0.9,4.2,.227,4.9,6.6,.743,4.4,4.4,3.2,0.2,2.3,6.3,16.1,,103.3,103.6
12,4,26,317,11.9,.464,.393,.293,.467,89,3.5,5.5,4.5,13.8,3.2,0.4,11.6,17.0,,0.4,0.3,0.7,.088,,1.1,1.4,2.5
13,0,2,2,0,0,,0,0,,0,0,,0,0,,0,0,0,0,0,0,0,0,0
13,1,2,1.0,0.0,0.0,,0.0,0.0,,0.0,0.0,,0.0,0.0,,0.0,0.0,0.0,0.0,0.0,0.0,0.0
13,2,2,2,0.0,0.0,,0.0,0.0,,0.0,0.0,,0.0,0.0,,0.0,0.0,0.0,0.0,0.0,0.0,0.0
13,3,2,2,0.0,0.0,,0.0,0.0,,0.0,0.0,,0.0,0.0,,0.0,0.0,0.0,0.0,0.0,0.0,0.0,,,114.1
13,4,2,2,0.0,,,,,0,0.0,0.0,0.0,0.0,0.0,0.0,,0.0,,0.0,0.0,0.0,.004,,-2.7,1.9,-0.7
