0,0,32,289,28,49,.571,28,49,.571,0,0,,23,49,.469,28,40,68,1,8,26,11,27,79
0,1,32,9.0,0.9,1.5,.571,0.9,1.5,.571,0.0,0.0,,0.7,1.5,.469,2.1,0.0,0.3,0.8,0.3,0.8,2.5
0,2,32,289,3.9,6.8,.571,3.9,6.8,.571,0.0,0.0,,3.2,6.8,.469,9.4,0.1,1.1,3.6,1.5,3.7,10.9
0,3,32,289,5.8,10.1,.571,5.8,10.1,.571,0.0,0.0,,4.7,10.1,.469,14.0,0.2,1.6,5.3,2.3,5.5,16.2,,110.7,96.9
0,4,32,289,17.6,.547,.571,.000,1.000,80,10.9,15.3,13.1,0.6,1.6,9.7,13.2,14.7,,0.4,0.6,1.0,.132,,-1.6,4.4,2.8
1,0,4,35,1,7,.143,1,7,.143,0,0,,2,2,1.000,2,1,3,2,1,0,1,2,4
1,1,4,8.8,0.3,1.8,.143,0.3,1.8,.143,0.0,0.0,,0.5,0.5,1.000,0.8,0.5,0.3,0.0,0.3,0.5,1.0
1,2,4,35,1.1,8.0,.143,1.1,8.0,.143,0.0,0.0,,2.3,2.3,1.000,3.4,2.3,1.1,0.0,1.1,2.3,4.6
1,3,4,35,1.7,11.9,.143,1.7,11.9,.143,0.0,0.0,,3.4,3.4,1.000,5.1,3.4,1.7,0.0,1.7,3.4,6.8,,75.2,107.6
1,4,4,35,2.9,.252,.143,.000,.286,6,6.4,3.2,4.8,9.3,1.7,0.0,11.2,13.0,,0.0,0.0,0.0,-.001,,-4.9,0.5,-4.4
2,0,14,49,7,12,.583,0,0,,7,12,.583,2,2,1.000,0,4,4,1,1,0,1,5,23
2,1,14,3.5,0.5,0.9,.583,0.0,0.0,,0.5,0.9,.583,0.1,0.1,1.000,0.3,0.1,0.1,0.0,0.1,0.4,1.6
2,2,14,49,5.7,9.8,.583,0.0,0.0,,5.7,9.8,.583,1.6,1.6,1.000,3.3,0.8,0.8,0.0,0.8,4.1,18.8
2,3,14,49,8.5,14.5,.583,0.0,0.0,,8.5,14.5,.583,2.4,2.4,1.000,4.8,1.2,1.2,0.0,1.2,6.1,27.9,,164.1,105.7
2,4,14,49,21.4,.888,.875,1.000,.167,16,0.0,9.0,4.5,4.1,1.2,0.0,7.2,14.5,,0.2,0.1,0.3,.212,,8.9,-2.2,6.7
3,0,31,449,50,107,.467,44,89,.494,6,18,.333,35,46,.761,7,34,41,53,21,5,37,42,141
3,1,31,14.5,1.6,3.5,.467,1.4,2.9,.494,0.2,0.6,.333,1.1,1.5,.761,1.3,1.7,0.7,0.2,1.2,1.4,4.5
3,2,31,449,4.5,9.5,.467,3.9,7.9,.494,0.5,1.6,.333,3.1,4.1,.761,3.7,4.7,1.9,0.4,3.3,3.7,12.6
3,3,31,449,6.6,14.2,.467,5.8,11.8,.494,0.8,2.4,.333,4.6,6.1,.761,5.4,7.0,2.8,0.7,4.9,5.6,18.7,,101.2,101.9
3,4,31,449,13.8,.547,.495,.168,.430,148,1.8,8.4,5.1,22.1,2.8,1.2,22.3,18.8,,0.4,0.7,1.1,.095,,-0.1,1.4,1.3
4,0,32,797,90,226,.398,60,151,.397,30,75,.400,28,43,.651,16,65,81,49,22,3,18,40,238
4,1,32,24.9,2.8,7.1,.398,1.9,4.7,.397,0.9,2.3,.400,0.9,1.3,.651,2.5,1.5,0.7,0.1,0.6,1.3,7.4
4,2,32,797,4.5,11.3,.398,3.0,7.6,.397,1.5,3.8,.400,1.4,2.2,.651,4.1,2.5,1.1,0.2,0.9,2.0,11.9
4,3,32,797,6.7,16.8,.398,4.5,11.3,.397,2.2,5.6,.400,2.1,3.2,.651,6.0,3.7,1.6,0.2,1.3,3.0,17.7,,107.1,104.8
4,4,32,797,12.3,.483,.465,.332,.190,227,2.3,9.0,5.7,11.6,1.6,0.4,6.8,16.9,,0.9,1.0,1.9,.096,,1.1,0.6,1.7
5,0,33,1086,169,443,.381,105,270,.389,64,173,.370,174,202,.861,29,132,161,62,32,16,48,83,576
5,1,33,32.9,5.1,13.4,.381,3.2,8.2,.389,1.9,5.2,.370,5.3,6.1,.861,4.9,1.9,1.0,0.5,1.5,2.5,17.5
5,2,33,1086,6.2,16.3,.381,3.9,9.9,.389,2.4,6.4,.370,6.4,7.4,.861,5.9,2.3,1.2,0.6,1.8,3.1,21.2
5,3,33,1086,9.2,24.2,.381,5.7,14.8,.389,3.5,9.5,.370,9.5,11.0,.861,8.8,3.4,1.8,0.9,2.6,4.5,31.5,,114.4,101.7
5,4,33,1086,20.7,.534,.454,.391,.456,529,3.0,13.4,8.3,11.7,1.8,1.6,8.2,27.5,,2.9,1.7,4.6,.169,,4.6,0.4,5.0
6,0,25,225,27,65,.415,2,3,.667,25,62,.403,2,4,.500,1,13,14,8,3,0,2,15,81
6,1,25,9.0,1.1,2.6,.415,0.1,0.1,.667,1.0,2.5,.403,0.1,0.2,.500,0.6,0.3,0.1,0.0,0.1,0.6,3.2
6,2,25,225,4.8,11.6,.415,0.4,0.5,.667,4.4,11.0,.403,0.4,0.7,.500,2.5,1.4,0.5,0.0,0.4,2.7,14.4
6,3,25,225,7.1,17.2,.415,0.5,0.8,.667,6.6,16.4,.403,0.5,1.1,.500,3.7,2.1,0.8,0.0,0.5,4.0,21.4,,128.7,108.0
6,4,25,225,13.6,.605,.608,.954,.062,66,0.5,6.4,3.5,6.8,0.8,0.0,2.9,15.6,,0.5,0.2,0.7,.133,,5.0,-2.4,2.6
7,0,1,0,0,0,,0,0,,0,0,,0,0,,0,1,1,0,0,1,0,0,0
7,1,1,0.0,0.0,0.0,,0.0,0.0,,0.0,0.0,,0.0,0.0,,1.0,0.0,0.0,1.0,0.0,0.0,0.0
7,2,1,0,,,,,,,,,,,,,,,,,,,
7,3,1,0,,,,,,,,,,,,,,,,,,,,,,
7,4,1,0,,,,,,,,,,,,,,,,0.0,0.0,0.0,,,-3.8,1.6,-2.2
8,0,29,761,100,240,.417,83,179,.464,17,61,.279,63,95,.663,31,60,91,88,36,1,65,86,280
8,1,29,26.2,3.4,8.3,.417,2.9,6.2,.464,0.6,2.1,.279,2.2,3.3,.663,3.1,3.0,1.2,0.0,2.2,3.0,9.7
8,2,29,761,5.3,12.6,.417,4.4,9.4,.464,0.9,3.2,.279,3.3,5.0,.663,4.8,4.6,1.9,0.1,3.4,4.5,14.7
8,3,29,761,7.8,18.7,.417,6.5,14.0,.464,1.3,4.8,.279,4.9,7.4,.663,7.1,6.9,2.8,0.1,5.1,6.7,21.9,,97.7,102.1
8,4,29,761,13.9,.491,.452,.254,.396,297,4.6,8.7,6.7,22.5,2.8,0.1,18.6,23.4,,0.5,1.2,1.6,.086,,1.2,1.2,2.4
9,0,6,15,1,4,.250,1,4,.250,0,0,,0,0,,1,0,1,0,0,0,0,1,2
9,1,6,2.5,0.2,0.7,.250,0.2,0.7,.250,0.0,0.0,,0.0,0.0,,0.2,0.0,0.0,0.0,0.0,0.2,0.3
9,2,6,15,2.7,10.7,.250,2.7,10.7,.250,0.0,0.0,,0.0,0.0,,2.7,0.0,0.0,0.0,0.0,2.7,5.3
9,3,6,15,4.0,15.8,.250,4.0,15.8,.250,0.0,0.0,,0.0,0.0,,4.0,0.0,0.0,0.0,0.0,4.0,7.9,,72.9,112.8
9,4,6,15,-0.1,.250,.250,.000,.000,2,7.5,0.0,3.7,0.0,0.0,0.0,0.0,13.6,,0.0,0.0,0.0,-.024,,-6.3,-3.2,-9.5
10,0,32,642,54,96,.563,54,96,.563,0,0,,15,37,.405,58,96,154,26,14,94,34,76,123
10,1,32,20.1,1.7,3.0,.563,1.7,3.0,.563,0.0,0.0,,0.5,1.2,.405,4.8,0.8,0.4,2.9,1.1,2.4,3.8
10,2,32,642,3.4,6.0,.563,3.4,6.0,.563,0.0,0.0,,0.9,2.3,.405,9.6,1.6,0.9,5.9,2.1,4.7,7.7
10,3,32,642,5.0,8.9,.563,5.0,8.9,.563,0.0,0.0,,1.4,3.4,.405,14.2,2.4,1.3,8.7,3.1,7.0,11.4,,103.2,93.9
10,4,32,642,16.9,.541,.563,.000,.385,144,10.2,16.5,13.4,7.2,1.3,15.7,23.0,11.7,,0.4,1.5,1.9,.118,,-1.0,11.2,10.2
11,0,33,698,67,153,.438,64,133,.481,3,20,.150,57,78,.731,18,86,104,61,40,35,40,71,194
11,1,33,21.2,2.0,4.6,.438,1.9,4.0,.481,0.1,0.6,.150,1.7,2.4,.731,3.2,1.8,1.2,1.1,1.2,2.2,5.9
11,2,33,698,3.8,8.8,.438,3.7,7.6,.481,0.2,1.1,.150,3.3,4.5,.731,6.0,3.5,2.3,2.0,2.3,4.1,11.1
11,3,33,698,5.7,13.0,.438,5.4,11.3,.481,0.3,1.7,.150,4.9,6.6,.731,8.9,5.2,3.4,3.0,3.4,6.0,16.5,,102.4,95.9
11,4,33,698,15.8,.510,.448,.131,.510,204,2.9,13.6,8.3,15.9,3.4,5.4,17.4,16.8,,0.6,1.5,2.0,.117,,0.0,6.1,6.1
12,0,33,957,181,366,.495,180,361,.499,1,5,.200,61,108,.565,68,134,202,39,21,32,52,92,424
12,1,33,29.0,5.5,11.1,.495,5.5,10.9,.499,0.0,0.2,.200,1.8,3.3,.565,6.1,1.2,0.6,1.0,1.6,2.8,12.8
12,2,33,957,7.6,15.3,.495,7.5,15.1,.499,0.0,0.2,.200,2.5,4.5,.565,8.4,1.6,0.9,1.3,2.2,3.8,17.7
12,3,33,957,11.2,22.7,.495,11.2,22.4,.499,0.1,0.3,.200,3.8,6.7,.565,12.5,2.4,1.3,2.0,3.2,5.7,26.3,,103.8,100.7
12,4,33,957,18.4,.508,.496,.014,.295,400,8.0,15.4,11.8,8.9,1.3,3.6,11.1,24.9,,1.3,1.6,2.8,.119,,0.1,2.1,2.2
13,0,32,714,92,180,.511,81,136,.596,11,44,.250,43,56,.768,48,130,178,44,25,36,43,82,238
13,1,32,22.3,2.9,5.6,.511,2.5,4.3,.596,0.3,1.4,.250,1.3,1.8,.768,5.6,1.4,0.8,1.1,1.3,2.6,7.4
13,2,32,714,5.2,10.1,.511,4.5,7.6,.596,0.6,2.5,.250,2.4,3.1,.768,10.0,2.5,1.4,2.0,2.4,4.6,13.3
13,3,32,714,7.7,15.0,.511,6.7,11.3,.596,0.9,3.7,.250,3.6,4.7,.768,14.8,3.7,2.1,3.0,3.6,6.8,19.8,,111.1,95.7
13,4,32,714,18.9,.576,.542,.244,.311,241,7.6,20.1,13.9,11.9,2.1,5.4,17.2,17.8,,1.2,1.5,2.7,.149,,2.1,5.3,7.3
14,0,5,8,0,0,,0,0,,0,0,,0,0,,0,1,1,0,0,0,0,1,0
14,1,5,1.6,0.0,0.0,,0.0,0.0,,0.0,0.0,,0.0,0.0,,0.2,0.0,0.0,0.0,0.0,0.2,0.0
14,2,5,8,0.0,0.0,,0.0,0.0,,0.0,0.0,,0.0,0.0,,5.0,0.0,0.0,0.0,0.0,5.0,0.0
14,3,5,8,0.0,0.0,,0.0,0.0,,0.0,0.0,,0.0,0.0,,7.4,0.0,0.0,0.0,0.0,7.4,0.0,,,106.0
14,4,5,8,0.1,,,,,0,0.0,13.8,7.0,0.0,0.0,0.0,,0.0,,0.0,0.0,0.0,.046,,-5.3,1.1,-4.2
