0,0,34,1068,142,265,.536,113,170,.665,29,95,.305,59,82,.720,32,141,173,40,15,120,37,48,372
0,1,34,31.4,4.2,7.8,.536,3.3,5.0,.665,0.9,2.8,.305,1.7,2.4,.720,5.1,1.2,0.4,3.5,1.1,1.4,10.9
0,2,34,1068,5.3,9.9,.536,4.2,6.4,.665,1.1,3.6,.305,2.2,3.1,.720,6.5,1.5,0.6,4.5,1.4,1.8,13.9
0,3,34,1068,8.0,15.0,.536,6.4,9.6,.665,1.6,5.4,.305,3.3,4.6,.720,9.8,2.3,0.8,6.8,2.1,2.7,21.1,,119.9,99.4
0,4,34,1068,21.7,.612,.591,.358,.309,332,3.8,13.7,9.3,7.5,0.8,10.9,10.9,16.9,,2.5,1.5,4.1,.153,,2.7,5.1,7.8
1,0,3,4,0,1,.000,0,1,.000,0,0,,0,0,,0,0,0,0,0,0,0,0,0
1,1,3,1.3,0.0,0.3,.000,0.0,0.3,.000,0.0,0.0,,0.0,0.0,,0.0,0.0,0.0,0.0,0.0,0.0,0.0
1,2,3,4,0.0,10.0,.000,0.0,10.0,.000,0.0,0.0,,0.0,0.0,,0.0,0.0,0.0,0.0,0.0,0.0,0.0
1,3,3,4,0.0,15.1,.000,0.0,15.1,.000,0.0,0.0,,0.0,0.0,,0.0,0.0,0.0,0.0,0.0,0.0,0.0,,0.0,114.9
1,4,3,4,-11.0,.000,.000,.000,.000,0,0.0,0.0,0.0,0.0,0.0,0.0,0.0,13.3,,0.0,0.0,0.0,-.182,,-13.2,-3.8,-17.0
2,0,34,1215,182,373,.488,92,180,.511,90,193,.466,73,93,.785,34,119,153,76,35,20,41,91,527
2,1,34,35.7,5.4,11.0,.488,2.7,5.3,.511,2.6,5.7,.466,2.1,2.7,.785,4.5,2.2,1.0,0.6,1.2,2.7,15.5
2,2,34,1215,6.0,12.3,.488,3.0,5.9,.511,3.0,6.4,.466,2.4,3.1,.785,5.0,2.5,1.2,0.7,1.3,3.0,17.3
2,3,34,1215,9.1,18.6,.488,4.6,9.0,.511,4.5,9.6,.466,3.6,4.6,.785,7.6,3.8,1.7,1.0,2.0,4.5,26.2,,127.5,104.3
2,4,34,1215,21.5,.632,.609,.517,.249,474,3.6,10.2,7.2,13.0,1.7,1.6,8.9,20.0,,4.2,1.2,5.4,.179,,7.2,-0.3,6.9
3,0,5,7,1,1,1.000,1,1,1.000,0,0,,0,0,,0,1,1,1,0,0,1,1,2
3,1,5,1.4,0.2,0.2,1.000,0.2,0.2,1.000,0.0,0.0,,0.0,0.0,,0.2,0.2,0.0,0.0,0.2,0.2,0.4
3,2,5,7,5.7,5.7,1.000,5.7,5.7,1.000,0.0,0.0,,0.0,0.0,,5.7,5.7,0.0,0.0,5.7,5.7,11.4
3,3,5,7,8.6,8.6,1.000,8.6,8.6,1.000,0.0,0.0,,0.0,0.0,,8.6,8.6,0.0,0.0,8.6,8.6,17.3,,101.3,106.2
3,4,5,7,12.3,1.000,1.000,.000,.000,2,0.0,14.8,8.2,29.2,0.0,0.0,50.0,15.1,,0.0,0.0,0.0,.072,,-1.2,-3.3,-4.5
4,0,33,1204,176,423,.416,114,245,.465,62,178,.348,147,186,.790,10,100,110,108,40,1,92,56,561
4,1,33,36.5,5.3,12.8,.416,3.5,7.4,.465,1.9,5.4,.348,4.5,5.6,.790,3.3,3.3,1.2,0.0,2.8,1.7,17.0
4,2,33,1204,5.8,14.1,.416,3.8,8.1,.465,2.1,5.9,.348,4.9,6.2,.790,3.7,3.6,1.3,0.0,3.1,1.9,18.6
4,3,33,1204,8.8,21.2,.416,5.7,12.3,.465,3.1,8.9,.348,7.4,9.3,.790,5.5,5.4,2.0,0.1,4.6,2.8,28.2,,106.8,105.5
4,4,33,1204,18.2,.549,.489,.421,.440,534,1.1,8.6,5.2,18.4,2.0,0.1,15.2,26.6,,2.6,1.0,3.7,.122,,3.1,-1.7,1.4
5,0,34,949,114,253,.451,104,212,.491,10,41,.244,45,82,.549,89,194,283,125,25,58,100,125,283
5,1,34,27.9,3.4,7.4,.451,3.1,6.2,.491,0.3,1.2,.244,1.3,2.4,.549,8.3,3.7,0.7,1.7,2.9,3.7,8.3
5,2,34,949,4.8,10.7,.451,4.4,8.9,.491,0.4,1.7,.244,1.9,3.5,.549,11.9,5.3,1.1,2.4,4.2,5.3,11.9
5,3,34,949,7.3,16.1,.451,6.6,13.5,.491,0.6,2.6,.244,2.9,5.2,.549,18.0,8.0,1.6,3.7,6.4,8.0,18.0,,96.5,96.0
5,4,34,949,17.7,.485,.470,.162,.324,362,11.9,21.2,17.1,25.7,1.6,5.9,25.5,21.9,,0.8,1.7,2.5,.106,,0.3,5.0,5.3
6,0,1,1,0,0,,0,0,,0,0,,0,0,,0,0,0,0,0,0,0,0,0
6,1,1,1.0,0.0,0.0,,0.0,0.0,,0.0,0.0,,0.0,0.0,,0.0,0.0,0.0,0.0,0.0,0.0,0.0
6,2,1,1,0.0,0.0,,0.0,0.0,,0.0,0.0,,0.0,0.0,,0.0,0.0,0.0,0.0,0.0,0.0,0.0
6,3,1,1,0.0,0.0,,0.0,0.0,,0.0,0.0,,0.0,0.0,,0.0,0.0,0.0,0.0,0.0,0.0,0.0,,,114.9
6,4,1,1,0.0,,,,,0,0.0,0.0,0.0,0.0,0.0,0.0,,0.0,,0.0,0.0,0.0,-.002,,-3.4,0.0,-3.3
7,0,19,73,6,13,.462,5,9,.556,1,4,.250,8,11,.727,1,4,5,6,3,0,5,8,21
7,1,19,3.8,0.3,0.7,.462,0.3,0.5,.556,0.1,0.2,.250,0.4,0.6,.727,0.3,0.3,0.2,0.0,0.3,0.4,1.1
7,2,19,73,3.3,7.1,.462,2.7,4.9,.556,0.5,2.2,.250,4.4,6.0,.727,2.7,3.3,1.6,0.0,2.7,4.4,11.5
7,3,19,73,5.0,10.8,.462,4.1,7.5,.556,0.8,3.3,.250,6.6,9.1,.727,4.1,5.0,2.5,0.0,4.1,6.6,17.4,,106.4,105.7
7,4,19,73,12.1,.576,.500,.308,.846,22,1.7,5.7,3.9,14.9,2.5,0.0,21.5,16.9,,0.1,0.1,0.2,.091,,-0.3,-1.9,-2.1
8,0,29,253,17,46,.370,9,16,.563,8,30,.267,5,6,.833,7,31,38,13,8,12,23,27,47
8,1,29,8.7,0.6,1.6,.370,0.3,0.6,.563,0.3,1.0,.267,0.2,0.2,.833,1.3,0.4,0.3,0.4,0.8,0.9,1.6
8,2,29,253,2.7,7.3,.370,1.4,2.5,.563,1.3,4.7,.267,0.8,0.9,.833,6.0,2.1,1.3,1.9,3.6,4.3,7.4
8,3,29,253,4.1,11.0,.370,2.2,3.8,.563,1.9,7.2,.267,1.2,1.4,.833,9.1,3.1,1.9,2.9,5.5,6.5,11.2,,78.0,100.7
8,4,29,253,7.3,.481,.457,.652,.130,50,3.5,12.7,8.6,9.1,1.9,4.6,32.0,15.1,,-0.2,0.3,0.1,.020,,-3.1,2.3,-0.9
9,0,31,608,55,145,.379,38,94,.404,17,51,.333,19,28,.679,17,53,70,22,6,6,20,43,146
9,1,31,19.6,1.8,4.7,.379,1.2,3.0,.404,0.5,1.6,.333,0.6,0.9,.679,2.3,0.7,0.2,0.2,0.6,1.4,4.7
9,2,31,608,3.6,9.5,.379,2.5,6.2,.404,1.1,3.4,.333,1.3,1.8,.679,4.6,1.4,0.4,0.4,1.3,2.8,9.6
9,3,31,608,5.5,14.4,.379,3.8,9.3,.404,1.7,5.1,.333,1.9,2.8,.679,7.0,2.2,0.6,0.6,2.0,4.3,14.5,,97.0,107.8
9,4,31,608,8.4,.461,.438,.352,.193,142,3.6,9.1,6.6,6.7,0.6,1.0,11.2,15.5,,0.3,0.4,0.7,.048,,-1.3,-1.5,-2.8
10,0,34,851,148,248,.597,148,248,.597,0,0,,73,132,.553,78,124,202,13,16,24,46,66,369
10,1,34,25.0,4.4,7.3,.597,4.4,7.3,.597,0.0,0.0,,2.1,3.9,.553,5.9,0.4,0.5,0.7,1.4,1.9,10.9
10,2,34,851,7.0,11.7,.597,7.0,11.7,.597,0.0,0.0,,3.4,6.2,.553,9.5,0.6,0.8,1.1,2.2,3.1,17.3
10,3,34,851,10.5,17.6,.597,10.5,17.6,.597,0.0,0.0,,5.2,9.4,.553,14.3,0.9,1.1,1.7,3.3,4.7,26.2,,114.3,102.3
10,4,34,851,21.7,.594,.597,.000,.532,340,11.7,15.1,13.6,3.3,1.1,2.7,12.9,22.2,,2.2,1.0,3.2,.151,,1.4,-1.2,0.2
11,0,10,14,3,6,.500,3,5,.600,0,1,.000,2,2,1.000,0,0,0,0,0,0,3,2,8
11,1,10,1.4,0.3,0.6,.500,0.3,0.5,.600,0.0,0.1,.000,0.2,0.2,1.000,0.0,0.0,0.0,0.0,0.3,0.2,0.8
11,2,10,14,8.6,17.1,.500,8.6,14.3,.600,0.0,2.9,.000,5.7,5.7,1.000,0.0,0.0,0.0,0.0,8.6,5.7,22.9
11,3,10,14,13.0,25.9,.500,13.0,21.6,.600,0.0,4.3,.000,8.6,8.6,1.000,0.0,0.0,0.0,0.0,13.0,8.6,34.5,,77.7,114.2
11,4,10,14,5.4,.576,.500,.167,.333,6,0.0,0.0,0.0,0.0,0.0,0.0,30.2,37.7,,0.0,0.0,0.0,-.075,,-10.0,-8.1,-18.1
12,0,33,678,32,88,.364,23,59,.390,9,29,.310,37,54,.685,16,74,90,89,15,3,48,50,110
12,1,33,20.5,1.0,2.7,.364,0.7,1.8,.390,0.3,0.9,.310,1.1,1.6,.685,2.7,2.7,0.5,0.1,1.5,1.5,3.3
12,2,33,678,1.9,5.2,.364,1.4,3.5,.390,0.5,1.7,.310,2.2,3.2,.685,5.3,5.3,0.9,0.2,2.8,2.9,6.5
12,3,33,678,2.9,7.8,.364,2.1,5.3,.390,0.8,2.6,.310,3.3,4.8,.685,8.0,7.9,1.3,0.3,4.3,4.5,9.8,,96.8,105.2
12,4,33,678,9.2,.484,.415,.330,.614,154,3.0,11.3,7.6,22.4,1.3,0.4,29.7,12.6,,0.4,0.6,1.0,.057,,-1.1,-0.2,-1.4
