0,0,15,88,10,17,.588,10,17,.588,0,0,,3,12,.250,11,16,27,3,1,2,7,9,23
0,1,15,5.9,0.7,1.1,.588,0.7,1.1,.588,0.0,0.0,,0.2,0.8,.250,1.8,0.2,0.1,0.1,0.5,0.6,1.5
0,2,15,88,4.5,7.7,.588,4.5,7.7,.588,0.0,0.0,,1.4,5.5,.250,12.3,1.4,0.5,0.9,3.2,4.1,10.5
0,3,15,88,6.9,11.7,.588,6.9,11.7,.588,0.0,0.0,,2.1,8.3,.250,18.6,2.1,0.7,1.4,4.8,6.2,15.8,,94.7,102.0
0,4,15,88,12.8,.507,.588,.000,.706,26,15.4,20.1,17.9,6.8,0.7,2.4,23.6,17.9,,0.0,0.1,0.2,.071,,-2.7,0.5,-2.2
1,0,34,1107,143,312,.458,107,208,.514,36,104,.346,91,156,.583,37,116,153,92,32,19,86,88,413
1,1,34,32.6,4.2,9.2,.458,3.1,6.1,.514,1.1,3.1,.346,2.7,4.6,.583,4.5,2.7,0.9,0.6,2.5,2.6,12.1
1,2,34,1107,5.2,11.3,.458,3.9,7.5,.514,1.3,3.8,.346,3.3,5.6,.583,5.5,3.3,1.2,0.7,3.1,3.2,14.9
1,3,34,1107,7.8,17.1,.458,5.9,11.4,.514,2.0,5.7,.346,5.0,8.5,.583,8.4,5.0,1.8,1.0,4.7,4.8,22.6,,101.9,103.7
1,4,34,1107,14.6,.535,.516,.333,.500,414,4.1,11.6,8.1,17.1,1.8,1.8,18.2,22.6,,1.1,1.5,2.7,.096,,1.0,1.4,2.4
2,0,8,15,2,7,.286,2,7,.286,0,0,,3,4,.750,2,0,2,1,1,0,0,3,7
2,1,8,1.9,0.3,0.9,.286,0.3,0.9,.286,0.0,0.0,,0.4,0.5,.750,0.3,0.1,0.1,0.0,0.0,0.4,0.9
2,2,8,15,5.3,18.7,.286,5.3,18.7,.286,0.0,0.0,,8.0,10.7,.750,5.3,2.7,2.7,0.0,0.0,8.0,18.7
2,3,8,15,8.1,28.3,.286,8.1,28.3,.286,0.0,0.0,,12.1,16.2,.750,8.1,4.0,4.0,0.0,0.0,12.1,28.3,,107.2,103.9
2,4,8,15,17.6,.393,.286,.000,.571,8,16.5,0.0,7.8,13.8,4.0,0.0,0.0,31.4,,0.0,0.0,0.1,.140,,0.2,-1.9,-1.7
3,0,34,1231,190,428,.444,82,184,.446,108,244,.443,114,138,.826,28,117,145,53,36,17,28,81,602
3,1,34,36.2,5.6,12.6,.444,2.4,5.4,.446,3.2,7.2,.443,3.4,4.1,.826,4.3,1.6,1.1,0.5,0.8,2.4,17.7
3,2,34,1231,6.2,13.9,.444,2.7,6.0,.446,3.5,7.9,.443,3.7,4.5,.826,4.7,1.7,1.2,0.6,0.9,2.6,19.6
3,3,34,1231,9.3,21.1,.444,4.0,9.1,.446,5.3,12.0,.443,5.6,6.8,.826,7.1,2.6,1.8,0.8,1.4,4.0,29.6,,128.3,104.4
3,4,34,1231,21.5,.610,.570,.570,.322,523,2.8,10.5,6.9,9.3,1.8,1.5,5.4,22.4,,4.2,1.6,5.8,.190,,7.0,-0.1,6.9
4,0,34,1091,138,258,.535,120,208,.577,18,50,.360,72,124,.581,67,231,298,149,23,52,97,126,366
4,1,34,32.1,4.1,7.6,.535,3.5,6.1,.577,0.5,1.5,.360,2.1,3.6,.581,8.8,4.4,0.7,1.5,2.9,3.7,10.8
4,2,34,1091,5.1,9.5,.535,4.4,7.6,.577,0.7,1.8,.360,2.6,4.5,.581,10.9,5.5,0.8,1.9,3.6,4.6,13.4
4,3,34,1091,7.7,14.3,.535,6.7,11.5,.577,1.0,2.8,.360,4.0,6.9,.581,16.5,8.3,1.3,2.9,5.4,7.0,20.3,,109.4,97.6
4,4,34,1091,19.5,.577,.570,.194,.481,428,7.6,23.4,15.9,27.9,1.3,5.0,23.4,20.1,,1.9,2.1,4.1,.149,,2.4,5.2,7.6
5,0,11,19,1,3,.333,1,2,.500,0,1,.000,1,2,.500,2,1,3,0,0,1,1,3,3
5,1,11,1.7,0.1,0.3,.333,0.1,0.2,.500,0.0,0.1,.000,0.1,0.2,.500,0.3,0.0,0.0,0.1,0.1,0.3,0.3
5,2,11,19,2.1,6.3,.333,2.1,4.2,.500,0.0,2.1,.000,2.1,4.2,.500,6.3,0.0,0.0,2.1,2.1,6.3,6.3
5,3,11,19,3.2,9.6,.333,3.2,6.4,.500,0.0,3.2,.000,3.2,6.4,.500,9.6,0.0,0.0,3.2,3.2,9.6,9.6,,84.6,107.4
5,4,11,19,4.3,.380,.333,.333,.667,4,13.0,5.8,9.2,0.0,0.0,5.6,20.2,13.8,,0.0,0.0,0.0,.020,,-5.0,-1.1,-6.1
6,0,6,11,0,2,.000,0,1,.000,0,1,.000,0,1,.000,1,3,4,1,0,0,3,0,0
6,1,6,1.8,0.0,0.3,.000,0.0,0.2,.000,0.0,0.2,.000,0.0,0.2,.000,0.7,0.2,0.0,0.0,0.5,0.0,0.0
6,2,6,11,0.0,7.3,.000,0.0,3.6,.000,0.0,3.6,.000,0.0,3.6,.000,14.5,3.6,0.0,0.0,10.9,0.0,0.0
6,3,6,11,0.0,11.0,.000,0.0,5.5,.000,0.0,5.5,.000,0.0,5.5,.000,22.0,5.5,0.0,0.0,16.5,0.0,0.0,,22.6,101.2
6,4,6,11,-14.5,.000,.000,.500,.500,1,11.2,30.1,21.2,14.8,0.0,0.0,54.8,26.3,,-0.1,0.0,-0.1,-.321,,-20.5,0.7,-19.7
7,0,23,122,7,26,.269,4,16,.250,3,10,.300,8,11,.727,4,7,11,8,1,0,13,11,25
7,1,23,5.3,0.3,1.1,.269,0.2,0.7,.250,0.1,0.4,.300,0.3,0.5,.727,0.5,0.3,0.0,0.0,0.6,0.5,1.1
7,2,23,122,2.3,8.5,.269,1.3,5.2,.250,1.0,3.3,.300,2.6,3.6,.727,3.6,2.6,0.3,0.0,4.3,3.6,8.2
7,3,23,122,3.5,12.9,.269,2.0,7.9,.250,1.5,5.0,.300,4.0,5.5,.727,5.5,4.0,0.5,0.0,6.5,5.5,12.4,,73.3,109.8
7,4,23,122,0.9,.400,.327,.385,.423,29,4.0,6.3,5.3,11.8,0.5,0.0,29.4,19.2,,-0.2,0.1,-0.1,-.037,,-6.3,-2.0,-8.3
8,0,28,260,27,69,.391,13,25,.520,14,44,.318,16,19,.842,20,27,47,8,4,9,19,33,84
8,1,28,9.3,1.0,2.5,.391,0.5,0.9,.520,0.5,1.6,.318,0.6,0.7,.842,1.7,0.3,0.1,0.3,0.7,1.2,3.0
8,2,28,260,4.2,10.6,.391,2.0,3.8,.520,2.2,6.8,.318,2.5,2.9,.842,7.2,1.2,0.6,1.4,2.9,5.1,12.9
8,3,28,260,6.3,16.1,.391,3.0,5.8,.520,3.3,10.2,.318,3.7,4.4,.842,10.9,1.9,0.9,2.1,4.4,7.7,19.6,,101.3,104.2
8,4,28,260,12.1,.538,.493,.638,.275,84,9.5,11.5,10.5,6.0,0.9,3.7,19.6,19.7,,0.2,0.3,0.6,.087,,0.2,0.0,0.2
9,0,8,28,0,1,.000,0,1,.000,0,0,,2,3,.667,0,0,0,1,0,0,6,2,2
9,1,8,3.5,0.0,0.1,.000,0.0,0.1,.000,0.0,0.0,,0.3,0.4,.667,0.0,0.1,0.0,0.0,0.8,0.3,0.3
9,2,8,28,0.0,1.4,.000,0.0,1.4,.000,0.0,0.0,,2.9,4.3,.667,0.0,1.4,0.0,0.0,8.6,2.9,2.9
9,3,8,28,0.0,2.2,.000,0.0,2.2,.000,0.0,0.0,,4.3,6.5,.667,0.0,2.2,0.0,0.0,13.0,4.3,4.3,,29.8,113.7
9,4,8,28,-11.7,.412,.000,.000,3.000,2,0.0,0.0,0.0,5.8,0.0,0.0,71.2,15.9,,-0.1,0.0,-0.1,-.188,,-14.1,-2.2,-16.3
10,0,31,361,25,58,.431,8,16,.500,17,42,.405,12,13,.923,9,31,40,19,9,4,17,43,79
10,1,31,11.6,0.8,1.9,.431,0.3,0.5,.500,0.5,1.4,.405,0.4,0.4,.923,1.3,0.6,0.3,0.1,0.5,1.4,2.5
10,2,31,361,2.8,6.4,.431,0.9,1.8,.500,1.9,4.7,.405,1.3,1.4,.923,4.4,2.1,1.0,0.4,1.9,4.8,8.8
10,3,31,361,4.2,9.7,.431,1.3,2.7,.500,2.9,7.0,.405,2.0,2.2,.923,6.7,3.2,1.5,0.7,2.9,7.2,13.3,,111.2,105.3
10,4,31,361,9.5,.616,.578,.724,.224,79,3.1,9.5,6.5,9.6,1.5,1.2,20.9,11.9,,0.4,0.4,0.8,.092,,1.0,0.6,1.6
11,0,24,275,20,58,.345,14,30,.467,6,28,.214,12,21,.571,7,19,26,8,8,1,12,23,58
11,1,24,11.5,0.8,2.4,.345,0.6,1.3,.467,0.3,1.2,.214,0.5,0.9,.571,1.1,0.3,0.3,0.0,0.5,1.0,2.4
11,2,24,275,2.9,8.4,.345,2.0,4.4,.467,0.9,4.1,.214,1.7,3.1,.571,3.8,1.2,1.2,0.1,1.7,3.3,8.4
11,3,24,275,4.4,12.8,.345,3.1,6.6,.467,1.3,6.2,.214,2.6,4.6,.571,5.7,1.8,1.8,0.2,2.6,5.1,12.8,,86.5,106.2
11,4,24,275,5.6,.427,.397,.483,.362,57,3.1,7.6,5.5,5.4,1.8,0.4,15.0,15.4,,-0.1,0.3,0.2,.030,,-2.8,-0.3,-3.1
12,0,32,1065,174,290,.600,174,290,.600,0,0,,113,190,.595,92,146,238,41,11,43,63,78,461
12,1,32,33.3,5.4,9.1,.600,5.4,9.1,.600,0.0,0.0,,3.5,5.9,.595,7.4,1.3,0.3,1.3,2.0,2.4,14.4
12,2,32,1065,6.5,10.9,.600,6.5,10.9,.600,0.0,0.0,,4.2,7.1,.595,8.9,1.5,0.4,1.6,2.4,2.9,17.3
12,3,32,1065,9.9,16.5,.600,9.9,16.5,.600,0.0,0.0,,6.4,10.8,.595,13.5,2.3,0.6,2.4,3.6,4.4,26.2,,117.3,103.3
12,4,32,1065,21.3,.606,.600,.000,.655,445,10.7,15.2,13.0,8.5,0.6,4.3,14.2,22.0,,2.7,1.5,4.2,.159,,2.4,1.9,4.3
13,0,34,1152,103,260,.396,55,124,.444,48,136,.353,56,86,.651,14,110,124,92,25,6,63,44,310
13,1,34,33.9,3.0,7.6,.396,1.6,3.6,.444,1.4,4.0,.353,1.6,2.5,.651,3.6,2.7,0.7,0.2,1.9,1.3,9.1
13,2,34,1152,3.6,9.0,.396,1.9,4.3,.444,1.7,4.7,.353,1.9,3.0,.651,4.3,3.2,0.9,0.2,2.2,1.5,10.8
13,3,34,1152,5.4,13.7,.396,2.9,6.5,.444,2.5,7.2,.353,2.9,4.5,.651,6.5,4.8,1.3,0.3,3.3,2.3,16.3,,101.2,106.1
13,4,34,1152,10.7,.515,.488,.523,.331,316,1.5,10.6,6.3,15.2,1.3,0.6,17.3,16.7,,0.8,1.3,2.1,.074,,0.6,0.6,1.1
