0,0,31,610,48,74,.649,48,74,.649,0,0,,15,40,.375,45,70,115,18,12,39,30,87,111
0,1,31,19.7,1.5,2.4,.649,1.5,2.4,.649,0.0,0.0,,0.5,1.3,.375,3.7,0.6,0.4,1.3,1.0,2.8,3.6
0,2,31,610,3.1,4.9,.649,3.1,4.9,.649,0.0,0.0,,1.0,2.6,.375,7.5,1.2,0.8,2.6,2.0,5.7,7.3
0,3,31,610,4.9,7.6,.649,4.9,7.6,.649,0.0,0.0,,1.5,4.1,.375,11.8,1.8,1.2,4.0,3.1,8.9,11.4,,102.1,99.2
0,4,31,610,12.3,.597,.649,.000,.541,113,8.3,13.5,10.8,6.3,1.2,7.1,24.4,10.7,,0.4,1.0,1.4,.089,,-2.5,4.6,2.1
1,0,31,1197,199,461,.432,149,308,.484,50,153,.327,102,160,.638,49,191,240,111,60,29,89,73,550
1,1,31,38.6,6.4,14.9,.432,4.8,9.9,.484,1.6,4.9,.327,3.3,5.2,.638,7.7,3.6,1.9,0.9,2.9,2.4,17.7
1,2,31,1197,6.6,15.4,.432,5.0,10.3,.484,1.7,5.1,.327,3.4,5.3,.638,8.0,3.7,2.0,1.0,3.0,2.4,18.4
1,3,31,1197,10.4,24.1,.432,7.8,16.1,.484,2.6,8.0,.327,5.3,8.3,.638,12.5,5.8,3.1,1.5,4.6,3.8,28.7,,102.4,95.5
1,4,31,1197,21.7,.512,.486,.332,.347,528,4.6,18.7,11.5,24.4,3.1,2.7,14.2,27.7,,2.0,2.3,4.2,.142,,3.8,3.1,7.0
2,0,4,8,0,1,.000,0,1,.000,0,0,,0,2,.000,1,1,2,0,0,0,0,0,0
2,1,4,2.0,0.0,0.3,.000,0.0,0.3,.000,0.0,0.0,,0.0,0.5,.000,0.5,0.0,0.0,0.0,0.0,0.0,0.0
2,2,4,8,0.0,5.0,.000,0.0,5.0,.000,0.0,0.0,,0.0,10.0,.000,10.0,0.0,0.0,0.0,0.0,0.0,0.0
2,3,4,8,0.0,7.8,.000,0.0,7.8,.000,0.0,0.0,,0.0,15.6,.000,15.6,0.0,0.0,0.0,0.0,0.0,0.0,,28.0,106.1
2,4,4,8,-3.6,.000,.000,.000,2.000,0,14.1,14.7,14.4,0.0,0.0,0.0,0.0,12.9,,0.0,0.0,0.0,-.122,,-13.2,-5.3,-18.4
3,0,31,758,96,226,.425,88,198,.444,8,28,.286,88,126,.698,34,86,120,37,19,5,50,65,288
3,1,31,24.5,3.1,7.3,.425,2.8,6.4,.444,0.3,0.9,.286,2.8,4.1,.698,3.9,1.2,0.6,0.2,1.6,2.1,9.3
3,2,31,758,5.1,11.9,.425,4.6,10.4,.444,0.4,1.5,.286,4.6,6.6,.698,6.3,2.0,1.0,0.3,2.6,3.4,15.2
3,3,31,758,7.9,18.6,.425,7.3,16.3,.444,0.7,2.3,.286,7.3,10.4,.698,9.9,3.0,1.6,0.4,4.1,5.4,23.7,,99.3,102.3
3,4,31,758,14.5,.504,.442,.124,.558,272,5.0,13.3,9.1,11.6,1.6,0.7,14.9,23.5,,0.8,1.0,1.7,.092,,-1.6,-0.6,-2.2
4,0,23,108,13,34,.382,12,25,.480,1,9,.111,4,11,.364,12,21,33,5,6,2,11,22,31
4,1,23,4.7,0.6,1.5,.382,0.5,1.1,.480,0.0,0.4,.111,0.2,0.5,.364,1.4,0.2,0.3,0.1,0.5,1.0,1.3
4,2,23,108,4.8,12.6,.382,4.4,9.3,.480,0.4,3.3,.111,1.5,4.1,.364,12.2,1.9,2.2,0.7,4.1,8.1,11.5
4,3,23,108,7.5,19.7,.382,6.9,14.5,.480,0.6,5.2,.111,2.3,6.4,.364,19.1,2.9,3.5,1.2,6.4,12.7,17.9,,76.9,92.3
4,4,23,108,10.2,.395,.397,.265,.324,33,12.5,22.8,17.5,10.9,3.5,2.1,21.9,24.7,,-0.2,0.2,0.1,.026,,-5.3,1.7,-3.6
5,0,31,752,78,213,.366,71,173,.410,7,40,.175,44,78,.564,53,57,110,32,23,13,44,56,207
5,1,31,24.3,2.5,6.9,.366,2.3,5.6,.410,0.2,1.3,.175,1.4,2.5,.564,3.5,1.0,0.7,0.4,1.4,1.8,6.7
5,2,31,752,4.1,11.3,.366,3.8,9.2,.410,0.4,2.1,.175,2.3,4.1,.564,5.9,1.7,1.2,0.7,2.3,3.0,11.0
5,3,31,752,6.5,17.7,.366,5.9,14.4,.410,0.6,3.3,.175,3.7,6.5,.564,9.1,2.7,1.9,1.1,3.7,4.7,17.2,,86.9,102.9
5,4,31,752,10.0,.414,.383,.188,.366,212,7.9,8.9,8.4,9.6,1.9,1.9,15.0,20.7,,-0.2,0.9,0.7,.037,,-3.4,0.5,-3.0
6,0,22,121,7,25,.280,6,14,.429,1,11,.091,1,2,.500,1,5,6,7,3,1,9,9,16
6,1,22,5.5,0.3,1.1,.280,0.3,0.6,.429,0.0,0.5,.091,0.0,0.1,.500,0.3,0.3,0.1,0.0,0.4,0.4,0.7
6,2,22,121,2.3,8.3,.280,2.0,4.6,.429,0.3,3.6,.091,0.3,0.7,.500,2.0,2.3,1.0,0.3,3.0,3.0,5.3
6,3,22,121,3.6,12.9,.280,3.1,7.2,.429,0.5,5.7,.091,0.5,1.0,.500,3.1,3.6,1.5,0.5,4.6,4.6,8.3,,59.0,106.0
6,4,22,121,-0.3,.308,.300,.440,.080,17,0.9,4.8,2.8,11.9,1.5,0.9,25.8,15.3,,-0.3,0.1,-0.2,-.054,,-8.3,-1.4,-9.7
7,0,31,969,115,296,.389,62,146,.425,53,150,.353,50,67,.746,65,94,159,26,20,29,52,107,333
7,1,31,31.3,3.7,9.5,.389,2.0,4.7,.425,1.7,4.8,.353,1.6,2.2,.746,5.1,0.8,0.6,0.9,1.7,3.5,10.7
7,2,31,969,4.7,12.2,.389,2.6,6.0,.425,2.2,6.2,.353,2.1,2.8,.746,6.6,1.1,0.8,1.2,2.1,4.4,13.7
7,3,31,969,7.4,19.1,.389,4.0,9.4,.425,3.4,9.7,.353,3.2,4.3,.746,10.2,1.7,1.3,1.9,3.4,6.9,21.5,,100.7,102.2
7,4,31,969,13.7,.508,.478,.507,.226,308,7.5,11.4,9.4,6.3,1.3,3.3,13.7,20.8,,1.0,1.2,2.2,.092,,0.5,0.3,0.9
8,0,31,622,34,121,.281,28,89,.315,6,32,.188,29,51,.569,9,43,52,71,22,5,44,37,103
8,1,31,20.1,1.1,3.9,.281,0.9,2.9,.315,0.2,1.0,.188,0.9,1.6,.569,1.7,2.3,0.7,0.2,1.4,1.2,3.3
8,2,31,622,2.2,7.8,.281,1.8,5.7,.315,0.4,2.1,.188,1.9,3.3,.569,3.3,4.6,1.4,0.3,2.8,2.4,6.6
8,3,31,622,3.4,12.1,.281,2.8,8.9,.315,0.6,3.2,.188,2.9,5.1,.569,5.2,7.1,2.2,0.5,4.4,3.7,10.3,,76.4,103.2
8,4,31,622,5.9,.355,.306,.264,.421,127,1.6,8.1,4.8,23.2,2.2,0.9,23.3,16.1,,-0.7,0.7,0.1,.003,,-5.6,-0.2,-5.7
9,0,4,26,1,1,1.000,1,1,1.000,0,0,,2,3,.667,3,5,8,1,1,5,0,1,4
9,1,4,6.5,0.3,0.3,1.000,0.3,0.3,1.000,0.0,0.0,,0.5,0.8,.667,2.0,0.3,0.3,1.3,0.0,0.3,1.0
9,2,4,26,1.5,1.5,1.000,1.5,1.5,1.000,0.0,0.0,,3.1,4.6,.667,12.3,1.5,1.5,7.7,0.0,1.5,6.2
9,3,4,26,2.4,2.4,1.000,2.4,2.4,1.000,0.0,0.0,,4.8,7.2,.667,19.2,2.4,2.4,12.0,0.0,2.4,9.6,,190.8,85.6
9,4,4,26,29.1,.825,1.000,.000,3.000,5,13.0,22.6,17.7,7.6,2.4,21.4,0.0,4.9,,0.1,0.1,0.2,.239,,0.9,13.9,14.8
10,0,4,8,1,2,.500,1,2,.500,0,0,,1,2,.500,1,1,2,1,0,0,0,0,3
10,1,4,2.0,0.3,0.5,.500,0.3,0.5,.500,0.0,0.0,,0.3,0.5,.500,0.5,0.3,0.0,0.0,0.0,0.0,0.8
10,2,4,8,5.0,10.0,.500,5.0,10.0,.500,0.0,0.0,,5.0,10.0,.500,10.0,5.0,0.0,0.0,0.0,0.0,15.0
10,3,4,8,7.8,15.6,.500,7.8,15.6,.500,0.0,0.0,,7.8,15.6,.500,15.6,7.8,0.0,0.0,0.0,0.0,23.4,,131.0,106.1
10,4,4,8,25.6,.508,.500,.000,1.000,3,14.1,14.7,14.4,29.7,0.0,0.0,0.0,19.6,,0.0,0.0,0.0,.202,,4.8,-1.9,2.9
11,0,14,98,8,13,.615,8,13,.615,0,0,,2,4,.500,6,10,16,1,4,4,5,22,18
11,1,14,7.0,0.6,0.9,.615,0.6,0.9,.615,0.0,0.0,,0.1,0.3,.500,1.1,0.1,0.3,0.3,0.4,1.6,1.3
11,2,14,98,3.3,5.3,.615,3.3,5.3,.615,0.0,0.0,,0.8,1.6,.500,6.5,0.4,1.6,1.6,2.0,9.0,7.3
11,3,14,98,5.1,8.3,.615,5.1,8.3,.615,0.0,0.0,,1.3,2.5,.500,10.2,0.6,2.5,2.5,3.2,14.0,11.5,,97.8,97.8
11,4,14,98,9.6,.604,.615,.000,.308,17,6.9,12.0,9.4,2.2,2.5,4.6,25.1,10.8,,0.0,0.2,0.2,.085,,-3.8,2.9,-1.0
12,0,31,1023,88,237,.371,47,101,.465,41,136,.301,31,54,.574,20,113,133,84,35,3,49,43,248
12,1,31,33.0,2.8,7.6,.371,1.5,3.3,.465,1.3,4.4,.301,1.0,1.7,.574,4.3,2.7,1.1,0.1,1.6,1.4,8.0
12,2,31,1023,3.4,9.3,.371,1.8,3.9,.465,1.6,5.3,.301,1.2,2.1,.574,5.2,3.3,1.4,0.1,1.9,1.7,9.7
12,3,31,1023,5.4,14.5,.371,2.9,6.2,.465,2.5,8.3,.301,1.9,3.3,.574,8.1,5.1,2.1,0.2,3.0,2.6,15.1,,96.3,101.6
12,4,31,1023,11.4,.472,.458,.574,.228,251,2.2,13.0,7.5,17.8,2.1,0.3,15.7,16.2,,0.5,1.4,1.9,.073,,-0.2,0.6,0.4
