0,0,35,533,40,106,.377,16,34,.471,24,72,.333,21,31,.677,24,70,94,29,17,3,28,30,125
0,1,35,15.2,1.1,3.0,.377,0.5,1.0,.471,0.7,2.1,.333,0.6,0.9,.677,2.7,0.8,0.5,0.1,0.8,0.9,3.6
0,2,35,533,3.0,8.0,.377,1.2,2.6,.471,1.8,5.4,.333,1.6,2.3,.677,7.1,2.2,1.3,0.2,2.1,2.3,9.4
0,3,35,533,4.6,12.3,.377,1.9,3.9,.471,2.8,8.4,.333,2.4,3.6,.677,10.9,3.4,2.0,0.3,3.3,3.5,14.5,,100.5,91.0
0,4,35,533,12.2,.518,.491,.679,.292,132,5.6,15.8,10.8,10.9,2.0,0.6,18.8,15.2,,0.5,1.2,1.7,.125,,1.2,3.4,4.6
1,0,3,39,3,4,.750,1,2,.500,2,2,1.000,1,3,.333,0,3,3,3,1,0,1,3,9
1,1,3,13.0,1.0,1.3,.750,0.3,0.7,.500,0.7,0.7,1.000,0.3,1.0,.333,1.0,1.0,0.3,0.0,0.3,1.0,3.0
1,2,3,39,3.1,4.1,.750,1.0,2.1,.500,2.1,2.1,1.000,1.0,3.1,.333,3.1,3.1,1.0,0.0,1.0,3.1,9.2
1,3,3,39,4.8,6.3,.750,1.6,3.2,.500,3.2,3.2,1.000,1.6,4.8,.333,4.8,4.8,1.6,0.0,1.6,4.8,14.3,,142.6,94.7
1,4,3,39,14.2,.829,1.000,.500,.750,8,0.0,9.3,4.7,15.5,1.6,0.0,15.6,9.0,,0.1,0.1,0.2,.169,,3.4,1.5,4.9
2,0,9,11,1,3,.333,1,2,.500,0,1,.000,2,4,.500,0,1,1,0,0,0,2,0,4
2,1,9,1.2,0.1,0.3,.333,0.1,0.2,.500,0.0,0.1,.000,0.2,0.4,.500,0.1,0.0,0.0,0.0,0.2,0.0,0.4
2,2,9,11,3.6,10.9,.333,3.6,7.3,.500,0.0,3.6,.000,7.3,14.5,.500,3.6,0.0,0.0,0.0,7.3,0.0,14.5
2,3,9,11,5.6,16.9,.333,5.6,11.2,.500,0.0,5.6,.000,11.2,22.5,.500,5.6,0.0,0.0,0.0,11.2,0.0,22.5,,60.6,98.0
2,4,9,11,-1.9,.408,.333,.333,1.333,3,0.0,11.0,5.6,0.0,0.0,0.0,29.0,34.1,,0.0,0.0,0.0,-.116,,-14.3,-4.8,-19.1
3,0,35,913,97,292,.332,35,106,.330,62,186,.333,97,117,.829,10,114,124,32,37,11,33,63,353
3,1,35,26.1,2.8,8.3,.332,1.0,3.0,.330,1.8,5.3,.333,2.8,3.3,.829,3.5,0.9,1.1,0.3,0.9,1.8,10.1
3,2,35,913,4.2,12.8,.332,1.5,4.6,.330,2.7,8.1,.333,4.2,5.1,.829,5.4,1.4,1.6,0.5,1.4,2.8,15.5
3,3,35,913,6.6,19.8,.332,2.4,7.2,.330,4.2,12.6,.333,6.6,7.9,.829,8.4,2.2,2.5,0.7,2.2,4.3,23.9,,105.1,89.7
3,4,35,913,16.0,.508,.438,.637,.401,316,1.4,15.0,8.3,7.5,2.5,1.3,8.7,22.7,,1.5,2.1,3.7,.160,,2.2,2.5,4.7
4,0,35,1036,170,311,.547,165,292,.565,5,19,.263,146,190,.768,84,186,270,37,44,25,62,92,491
4,1,35,29.6,4.9,8.9,.547,4.7,8.3,.565,0.1,0.5,.263,4.2,5.4,.768,7.7,1.1,1.3,0.7,1.8,2.6,14.0
4,2,35,1036,6.6,12.0,.547,6.4,11.3,.565,0.2,0.7,.263,5.6,7.3,.768,10.4,1.4,1.7,1.0,2.4,3.6,19.0
4,3,35,1036,10.2,18.6,.547,9.9,17.4,.565,0.3,1.1,.263,8.7,11.3,.768,16.1,2.2,2.6,1.5,3.7,5.5,29.3,,119.2,85.9
4,4,35,1036,26.3,.612,.555,.061,.611,469,10.2,21.6,16.0,8.7,2.6,2.6,13.4,24.3,,3.7,2.8,6.5,.251,,4.2,4.7,8.9
5,0,25,299,37,73,.507,37,73,.507,0,0,,3,12,.250,21,44,65,13,13,3,13,28,77
5,1,25,12.0,1.5,2.9,.507,1.5,2.9,.507,0.0,0.0,,0.1,0.5,.250,2.6,0.5,0.5,0.1,0.5,1.1,3.1
5,2,25,299,4.9,9.8,.507,4.9,9.8,.507,0.0,0.0,,0.4,1.6,.250,8.7,1.7,1.7,0.4,1.7,3.7,10.3
5,3,25,299,7.7,15.1,.507,7.7,15.1,.507,0.0,0.0,,0.6,2.5,.250,13.5,2.7,2.7,0.6,2.7,5.8,15.9,,99.3,88.2
5,4,25,299,14.5,.489,.507,.000,.164,80,8.8,17.7,13.4,9.7,2.7,1.1,14.2,16.7,,0.3,0.7,1.0,.135,,-0.8,4.5,3.7
6,0,35,922,113,221,.511,101,185,.546,12,36,.333,76,122,.623,15,86,101,112,40,6,75,70,314
6,1,35,26.3,3.2,6.3,.511,2.9,5.3,.546,0.3,1.0,.333,2.2,3.5,.623,2.9,3.2,1.1,0.2,2.1,2.0,9.0
6,2,35,922,4.9,9.6,.511,4.4,8.0,.546,0.5,1.6,.333,3.3,5.3,.623,4.4,4.9,1.7,0.3,3.3,3.0,13.6
6,3,35,922,7.6,14.8,.511,6.8,12.4,.546,0.8,2.4,.333,5.1,8.2,.623,6.8,7.5,2.7,0.4,5.0,4.7,21.1,,103.8,91.2
6,4,35,922,16.8,.563,.538,.163,.552,329,2.0,11.2,6.7,27.0,2.7,0.7,21.2,20.9,,1.5,2.0,3.5,.152,,1.7,3.5,5.2
7,0,11,12,0,0,,0,0,,0,0,,2,2,1.000,0,1,1,0,0,0,0,0,2
7,1,11,1.1,0.0,0.0,,0.0,0.0,,0.0,0.0,,0.2,0.2,1.000,0.1,0.0,0.0,0.0,0.0,0.0,0.2
7,2,11,12,0.0,0.0,,0.0,0.0,,0.0,0.0,,6.7,6.7,1.000,3.3,0.0,0.0,0.0,0.0,0.0,6.7
7,3,11,12,0.0,0.0,,0.0,0.0,,0.0,0.0,,10.3,10.3,1.000,5.2,0.0,0.0,0.0,0.0,0.0,10.3,,250.0,98.4
7,4,11,12,11.5,1.053,,,,2,0.0,10.0,5.1,0.0,0.0,0.0,0.0,4.3,,0.0,0.0,0.1,.181,,1.3,-0.4,0.9
8,0,35,803,83,198,.419,54,106,.509,29,92,.315,49,71,.690,37,83,120,42,15,10,45,97,244
8,1,35,22.9,2.4,5.7,.419,1.5,3.0,.509,0.8,2.6,.315,1.4,2.0,.690,3.4,1.2,0.4,0.3,1.3,2.8,7.0
8,2,35,803,4.1,9.9,.419,2.7,5.3,.509,1.4,4.6,.315,2.4,3.5,.690,6.0,2.1,0.7,0.5,2.2,4.8,12.2
8,3,35,803,6.4,15.3,.419,4.2,8.2,.509,2.2,7.1,.315,3.8,5.5,.690,9.2,3.2,1.2,0.8,3.5,7.5,18.8,,102.5,93.3
8,4,35,803,12.3,.526,.492,.465,.359,244,5.8,12.5,9.2,11.1,1.2,1.3,16.3,18.8,,1.0,1.6,2.6,.130,,1.4,2.7,4.1
9,0,25,142,16,35,.457,16,35,.457,0,0,,11,19,.579,3,12,15,4,2,10,8,21,43
9,1,25,5.7,0.6,1.4,.457,0.6,1.4,.457,0.0,0.0,,0.4,0.8,.579,0.6,0.2,0.1,0.4,0.3,0.8,1.7
9,2,25,142,4.5,9.9,.457,4.5,9.9,.457,0.0,0.0,,3.1,5.4,.579,4.2,1.1,0.6,2.8,2.3,5.9,12.1
9,3,25,142,7.0,15.2,.457,7.0,15.2,.457,0.0,0.0,,4.8,8.3,.579,6.5,1.7,0.9,4.4,3.5,9.1,18.7,,91.6,91.3
9,4,25,142,10.9,.488,.457,.000,.543,39,2.6,10.2,6.5,6.1,0.9,7.6,15.4,19.9,,0.0,0.3,0.4,.099,,-4.6,4.9,0.3
10,0,35,1017,105,259,.405,58,142,.408,47,117,.402,67,82,.817,23,65,88,94,46,2,49,64,324
10,1,35,29.1,3.0,7.4,.405,1.7,4.1,.408,1.3,3.3,.402,1.9,2.3,.817,2.5,2.7,1.3,0.1,1.4,1.8,9.3
10,2,35,1017,4.1,10.2,.405,2.3,5.6,.408,1.8,4.6,.402,2.6,3.2,.817,3.5,3.7,1.8,0.1,1.9,2.5,12.7
10,3,35,1017,6.4,15.8,.405,3.5,8.6,.408,2.9,7.1,.402,4.1,5.0,.817,5.4,5.7,2.8,0.1,3.0,3.9,19.7,,110.3,92.7
10,4,35,1017,15.9,.544,.496,.452,.317,331,2.8,7.7,5.3,19.7,2.8,0.2,14.1,18.6,,2.0,2.1,4.1,.161,,3.6,2.9,6.4
11,0,24,725,84,209,.402,55,117,.470,29,92,.315,57,82,.695,7,48,55,75,40,1,48,62,254
11,1,24,30.2,3.5,8.7,.402,2.3,4.9,.470,1.2,3.8,.315,2.4,3.4,.695,2.3,3.1,1.7,0.0,2.0,2.6,10.6
11,2,24,725,4.6,11.5,.402,3.0,6.5,.470,1.6,5.1,.315,3.1,4.5,.695,3.0,4.1,2.2,0.1,2.6,3.4,14.0
11,3,24,725,7.2,17.8,.402,4.7,10.0,.470,2.5,7.9,.315,4.9,7.0,.695,4.7,6.4,3.4,0.1,4.1,5.3,21.7,,100.7,91.2
11,4,24,725,15.2,.512,.471,.440,.392,255,1.2,8.0,4.7,22.6,3.4,0.1,16.2,22.2,,0.9,1.6,2.5,.140,,2.4,2.8,5.1
12,0,33,598,59,101,.584,59,101,.584,0,0,,30,63,.476,38,57,95,12,12,38,28,73,148
12,1,33,18.1,1.8,3.1,.584,1.8,3.1,.584,0.0,0.0,,0.9,1.9,.476,2.9,0.4,0.4,1.2,0.8,2.2,4.5
12,2,33,598,3.9,6.8,.584,3.9,6.8,.584,0.0,0.0,,2.0,4.2,.476,6.4,0.8,0.8,2.5,1.9,4.9,9.9
12,3,33,598,6.1,10.4,.584,6.1,10.4,.584,0.0,0.0,,3.1,6.5,.476,9.8,1.2,1.2,3.9,2.9,7.6,15.3,,105.0,90.6
12,4,33,598,13.7,.565,.584,.000,.624,146,8.0,11.5,9.8,4.2,1.2,6.8,17.6,14.5,,0.7,1.4,2.1,.137,,-0.7,6.2,5.5
