0,0,17,90,4,18,.222,0,4,.000,4,14,.286,8,8,1.000,0,9,9,3,3,1,5,4,20
0,1,17,5.3,0.2,1.1,.222,0.0,0.2,.000,0.2,0.8,.286,0.5,0.5,1.000,0.5,0.2,0.2,0.1,0.3,0.2,1.2
0,2,17,90,1.8,8.0,.222,0.0,1.8,.000,1.8,6.2,.286,3.6,3.6,1.000,4.0,1.3,1.3,0.4,2.2,1.8,8.9
0,3,17,90,2.8,12.7,.222,0.0,2.8,.000,2.8,9.9,.286,5.6,5.6,1.000,6.3,2.1,2.1,0.7,3.5,2.8,14.1,,88.9,93.1
0,4,17,90,7.8,.459,.333,.778,.444,19,0.0,12.7,6.3,6.0,2.1,1.2,18.7,16.2,,0.0,0.2,0.2,.082,,-1.9,2.5,0.6
1,0,34,609,41,103,.398,20,39,.513,21,64,.328,8,10,.800,1,47,48,65,23,3,18,33,111
1,1,34,17.9,1.2,3.0,.398,0.6,1.1,.513,0.6,1.9,.328,0.2,0.3,.800,1.4,1.9,0.7,0.1,0.5,1.0,3.3
1,2,34,609,2.7,6.8,.398,1.3,2.6,.513,1.4,4.2,.328,0.5,0.7,.800,3.2,4.3,1.5,0.2,1.2,2.2,7.3
1,3,34,609,4.3,10.7,.398,2.1,4.1,.513,2.2,6.7,.328,0.8,1.0,.800,5.0,6.8,2.4,0.3,1.9,3.4,11.5,,112.8,94.0
1,4,34,609,11.9,.515,.500,.621,.097,125,0.2,9.8,5.0,20.2,2.4,0.5,14.3,11.3,,0.8,1.2,2.0,.133,,1.7,3.0,4.7
2,0,34,1001,158,303,.521,157,301,.522,1,2,.500,156,195,.800,67,89,156,42,24,11,71,90,473
2,1,34,29.4,4.6,8.9,.521,4.6,8.9,.522,0.0,0.1,.500,4.6,5.7,.800,4.6,1.2,0.7,0.3,2.1,2.6,13.9
2,2,34,1001,6.3,12.1,.521,6.3,12.0,.522,0.0,0.1,.500,6.2,7.8,.800,6.2,1.7,1.0,0.4,2.8,3.6,18.9
2,3,34,1001,10.0,19.2,.521,9.9,19.0,.522,0.1,0.1,.500,9.9,12.3,.800,9.9,2.7,1.5,0.7,4.5,5.7,29.9,,115.8,94.8
2,4,34,1001,21.8,.598,.523,.007,.644,448,8.3,11.3,9.8,9.6,1.5,1.2,15.2,25.4,,3.2,1.9,5.1,.204,,3.2,2.5,5.7
3,0,7,19,0,1,.000,0,1,.000,0,0,,0,0,,0,1,1,2,2,0,4,5,0
3,1,7,2.7,0.0,0.1,.000,0.0,0.1,.000,0.0,0.0,,0.0,0.0,,0.1,0.3,0.3,0.0,0.6,0.7,0.0
3,2,7,19,0.0,2.1,.000,0.0,2.1,.000,0.0,0.0,,0.0,0.0,,2.1,4.2,4.2,0.0,8.4,10.5,0.0
3,3,7,19,0.0,3.3,.000,0.0,3.3,.000,0.0,0.0,,0.0,0.0,,3.3,6.7,6.7,0.0,13.3,16.7,0.0,,21.0,85.2
3,4,7,19,-8.6,.000,.000,.000,.000,1,0.0,6.7,3.3,17.7,6.7,0.0,80.0,14.3,,-0.1,0.1,-0.1,-.116,,-12.6,7.9,-4.7
4,0,34,721,108,262,.412,39,81,.481,69,181,.381,57,73,.781,25,89,114,23,15,14,30,72,342
4,1,34,21.2,3.2,7.7,.412,1.1,2.4,.481,2.0,5.3,.381,1.7,2.1,.781,3.4,0.7,0.4,0.4,0.9,2.1,10.1
4,2,34,721,6.0,14.5,.412,2.2,4.5,.481,3.8,10.0,.381,3.2,4.0,.781,6.3,1.3,0.8,0.8,1.7,4.0,19.0
4,3,34,721,9.5,23.0,.412,3.4,7.1,.481,6.1,15.9,.381,5.0,6.4,.781,10.0,2.0,1.3,1.2,2.6,6.3,30.0,,116.4,92.9
4,4,34,721,20.5,.576,.544,.691,.279,293,4.3,15.7,9.9,7.1,1.3,2.1,9.2,24.7,,2.1,1.5,3.6,.202,,5.5,1.1,6.6
5,0,34,852,103,224,.460,94,198,.475,9,26,.346,53,79,.671,82,167,249,24,22,18,48,63,268
5,1,34,25.1,3.0,6.6,.460,2.8,5.8,.475,0.3,0.8,.346,1.6,2.3,.671,7.3,0.7,0.6,0.5,1.4,1.9,7.9
5,2,34,852,4.8,10.5,.460,4.4,9.3,.475,0.4,1.2,.346,2.5,3.7,.671,11.7,1.1,1.0,0.8,2.3,3.0,12.6
5,3,34,852,7.7,16.7,.460,7.0,14.7,.475,0.7,1.9,.346,3.9,5.9,.671,18.5,1.8,1.6,1.3,3.6,4.7,19.9,,104.6,88.6
5,4,34,852,17.8,.512,.480,.116,.353,277,12.0,24.9,18.4,5.9,1.6,2.3,15.5,19.8,,1.3,2.1,3.4,.160,,-0.1,3.9,3.8
6,0,4,9,0,0,,0,0,,0,0,,0,0,,0,1,1,0,0,0,2,2,0
6,1,4,2.3,0.0,0.0,,0.0,0.0,,0.0,0.0,,0.0,0.0,,0.3,0.0,0.0,0.0,0.5,0.5,0.0
6,2,4,9,0.0,0.0,,0.0,0.0,,0.0,0.0,,0.0,0.0,,4.4,0.0,0.0,0.0,8.9,8.9,0.0
6,3,4,9,0.0,0.0,,0.0,0.0,,0.0,0.0,,0.0,0.0,,7.0,0.0,0.0,0.0,14.1,14.1,0.0,,0.0,97.0
6,4,4,9,-16.6,,,,,0,0.0,14.1,7.0,0.0,0.0,0.0,100.0,12.1,,-0.1,0.0,0.0,-.179,,-15.8,3.0,-12.8
7,0,9,29,1,6,.167,1,6,.167,0,0,,0,2,.000,1,4,5,2,1,0,2,2,2
7,1,9,3.2,0.1,0.7,.167,0.1,0.7,.167,0.0,0.0,,0.0,0.2,.000,0.6,0.2,0.1,0.0,0.2,0.2,0.2
7,2,9,29,1.4,8.3,.167,1.4,8.3,.167,0.0,0.0,,0.0,2.8,.000,6.9,2.8,1.4,0.0,2.8,2.8,2.8
7,3,9,29,2.2,13.1,.167,2.2,13.1,.167,0.0,0.0,,0.0,4.4,.000,10.9,4.4,2.2,0.0,4.4,4.4,4.4,,44.3,91.6
7,4,9,29,-1.9,.144,.167,.000,.333,3,4.3,17.5,10.8,12.3,2.2,0.0,22.3,16.8,,-0.1,0.1,0.0,-.060,,-10.0,3.8,-6.2
8,0,34,754,78,167,.467,74,155,.477,4,12,.333,60,96,.625,24,71,95,71,39,8,46,47,220
8,1,34,22.2,2.3,4.9,.467,2.2,4.6,.477,0.1,0.4,.333,1.8,2.8,.625,2.8,2.1,1.1,0.2,1.4,1.4,6.5
8,2,34,754,4.1,8.9,.467,3.9,8.2,.477,0.2,0.6,.333,3.2,5.1,.625,5.0,3.8,2.1,0.4,2.4,2.5,11.7
8,3,34,754,6.6,14.0,.467,6.2,13.0,.477,0.3,1.0,.333,5.0,8.1,.625,8.0,6.0,3.3,0.7,3.9,3.9,18.5,,104.3,90.8
8,4,34,754,16.2,.517,.479,.072,.575,236,4.0,12.0,7.9,19.1,3.3,1.2,17.8,18.7,,1.1,1.7,2.8,.148,,0.9,5.0,5.9
9,0,34,554,63,151,.417,29,54,.537,34,97,.351,17,27,.630,27,73,100,21,15,17,28,59,177
9,1,34,16.3,1.9,4.4,.417,0.9,1.6,.537,1.0,2.9,.351,0.5,0.8,.630,2.9,0.6,0.4,0.5,0.8,1.7,5.2
9,2,34,554,4.5,10.9,.417,2.1,3.9,.537,2.5,7.0,.351,1.2,1.9,.630,7.2,1.5,1.1,1.2,2.0,4.3,12.8
9,3,34,554,7.2,17.3,.417,3.3,6.2,.537,3.9,11.1,.351,1.9,3.1,.630,11.4,2.4,1.7,1.9,3.2,6.7,20.2,,105.3,90.9
9,4,34,554,15.2,.540,.530,.642,.179,165,6.1,16.7,11.3,7.9,1.7,3.4,14.6,18.9,,0.8,1.3,2.0,.148,,2.2,3.8,6.0
10,0,12,47,2,3,.667,2,3,.667,0,0,,2,6,.333,3,9,12,0,0,5,5,9,6
10,1,12,3.9,0.2,0.3,.667,0.2,0.3,.667,0.0,0.0,,0.2,0.5,.333,1.0,0.0,0.0,0.4,0.4,0.8,0.5
10,2,12,47,1.7,2.6,.667,1.7,2.6,.667,0.0,0.0,,1.7,5.1,.333,10.2,0.0,0.0,4.3,4.3,7.7,5.1
10,3,12,47,2.7,4.0,.667,2.7,4.0,.667,0.0,0.0,,2.7,8.1,.333,16.2,0.0,0.0,6.7,6.7,12.1,8.1,,63.8,86.7
10,4,12,47,5.3,.513,.667,.000,2.000,7,7.9,24.3,16.0,0.0,0.0,11.7,46.1,12.6,,-0.1,0.1,0.0,.039,,-8.8,5.9,-2.9
11,0,33,756,80,189,.423,49,100,.490,31,89,.348,40,53,.755,15,46,61,72,41,2,39,59,231
11,1,33,22.9,2.4,5.7,.423,1.5,3.0,.490,0.9,2.7,.348,1.2,1.6,.755,1.8,2.2,1.2,0.1,1.2,1.8,7.0
11,2,33,756,4.2,10.0,.423,2.6,5.3,.490,1.6,4.7,.348,2.1,2.8,.755,3.2,3.8,2.2,0.1,2.1,3.1,12.2
11,3,33,756,6.7,15.8,.423,4.1,8.4,.490,2.6,7.5,.348,3.4,4.4,.755,5.1,6.0,3.4,0.2,3.3,4.9,19.4,,109.5,92.6
11,4,33,756,15.8,.539,.505,.471,.280,235,2.5,7.7,5.1,19.4,3.4,0.3,15.4,18.2,,1.4,1.6,3.0,.157,,3.3,3.3,6.6
12,0,34,1069,150,338,.444,85,160,.531,65,178,.365,57,84,.679,18,72,90,126,44,1,61,80,422
12,1,34,31.4,4.4,9.9,.444,2.5,4.7,.531,1.9,5.2,.365,1.7,2.5,.679,2.6,3.7,1.3,0.0,1.8,2.4,12.4
12,2,34,1069,5.6,12.6,.444,3.2,6.0,.531,2.4,6.7,.365,2.1,3.1,.679,3.4,4.7,1.6,0.0,2.3,3.0,15.8
12,3,34,1069,8.9,20.0,.444,5.0,9.5,.531,3.9,10.5,.365,3.4,5.0,.679,5.3,7.5,2.6,0.1,3.6,4.7,25.0,,113.4,94.2
12,4,34,1069,19.0,.558,.540,.527,.249,420,2.1,8.6,5.3,25.8,2.6,0.1,13.9,22.4,,2.8,2.1,4.9,.183,,5.8,2.1,7.9
13,0,33,315,26,48,.542,26,48,.542,0,0,,12,20,.600,22,31,53,8,7,19,18,44,64
13,1,33,9.5,0.8,1.5,.542,0.8,1.5,.542,0.0,0.0,,0.4,0.6,.600,1.6,0.2,0.2,0.6,0.5,1.3,1.9
13,2,33,315,3.3,6.1,.542,3.3,6.1,.542,0.0,0.0,,1.5,2.5,.600,6.7,1.0,0.9,2.4,2.3,5.6,8.1
13,3,33,315,5.2,9.7,.542,5.2,9.7,.542,0.0,0.0,,2.4,4.0,.600,10.7,1.6,1.4,3.8,3.6,8.8,12.9,,100.5,91.3
13,4,33,315,11.8,.557,.542,.000,.417,68,8.7,12.5,10.6,4.9,1.4,6.6,23.8,13.1,,0.2,0.7,0.9,.120,,-1.3,6.5,5.2
