0,0,35,1273,170,421,.404,84,196,.429,86,225,.382,127,149,.852,23,95,118,223,40,4,99,61,553
0,1,35,36.4,4.9,12.0,.404,2.4,5.6,.429,2.5,6.4,.382,3.6,4.3,.852,3.4,6.4,1.1,0.1,2.8,1.7,15.8
0,2,35,1273,5.3,13.2,.404,2.6,6.2,.429,2.7,7.1,.382,4.0,4.7,.852,3.7,7.0,1.3,0.1,3.1,1.9,17.4
0,3,35,1273,8.3,20.5,.404,4.1,9.5,.429,4.2,11.0,.382,6.2,7.3,.852,5.7,10.9,1.9,0.2,4.8,3.0,26.9,,119.7,101.5
0,4,35,1273,21.7,.562,.506,.534,.354,606,2.2,9.0,5.7,34.1,1.9,0.3,16.8,24.2,,4.8,1.5,6.3,.199,,7.0,0.2,7.2
1,0,35,576,34,91,.374,22,52,.423,12,39,.308,18,27,.667,21,40,61,43,27,8,20,70,98
1,1,35,16.5,1.0,2.6,.374,0.6,1.5,.423,0.3,1.1,.308,0.5,0.8,.667,1.7,1.2,0.8,0.2,0.6,2.0,2.8
1,2,35,576,2.4,6.3,.374,1.5,3.6,.423,0.8,2.7,.308,1.3,1.9,.667,4.2,3.0,1.9,0.6,1.4,4.9,6.8
1,3,35,576,3.7,9.8,.374,2.4,5.6,.423,1.3,4.2,.308,1.9,2.9,.667,6.6,4.6,2.9,0.9,2.2,7.5,10.5,,108.8,98.5
1,4,35,576,10.2,.472,.440,.429,.297,117,4.5,8.4,6.5,12.7,2.9,1.5,16.2,11.2,,0.7,0.9,1.5,.106,,1.9,3.5,5.4
2,0,32,318,36,70,.514,33,59,.559,3,11,.273,16,19,.842,17,48,65,6,2,26,22,52,91
2,1,32,9.9,1.1,2.2,.514,1.0,1.8,.559,0.1,0.3,.273,0.5,0.6,.842,2.0,0.2,0.1,0.8,0.7,1.6,2.8
2,2,32,318,4.5,8.8,.514,4.2,7.4,.559,0.4,1.4,.273,2.0,2.4,.842,8.2,0.8,0.3,3.3,2.8,6.5,11.4
2,3,32,318,7.0,13.6,.514,6.4,11.5,.559,0.6,2.1,.273,3.1,3.7,.842,12.7,1.2,0.4,5.1,4.3,10.1,17.7,,102.2,95.6
2,4,32,318,13.6,.576,.536,.157,.271,84,6.6,18.3,12.5,3.5,0.4,8.9,21.8,16.6,,0.3,0.6,0.9,.114,,-1.6,4.5,2.9
3,0,31,1004,109,270,.404,68,150,.453,41,120,.342,102,128,.797,50,117,167,47,37,1,42,46,361
3,1,31,32.4,3.5,8.7,.404,2.2,4.8,.453,1.3,3.9,.342,3.3,4.1,.797,5.4,1.5,1.2,0.0,1.4,1.5,11.6
3,2,31,1004,4.3,10.8,.404,2.7,6.0,.453,1.6,4.8,.342,4.1,5.1,.797,6.7,1.9,1.5,0.0,1.7,1.8,14.4
3,3,31,1004,6.7,16.7,.404,4.2,9.3,.453,2.5,7.4,.342,6.3,7.9,.797,10.3,2.9,2.3,0.1,2.6,2.8,22.3,,118.7,99.1
3,4,31,1004,18.1,.546,.480,.444,.474,351,6.2,14.1,10.2,8.7,2.3,0.1,11.3,19.4,,2.7,1.4,4.2,.166,,4.5,1.7,6.2
4,0,35,804,124,249,.498,78,146,.534,46,103,.447,78,102,.765,53,100,153,47,20,7,40,96,372
4,1,35,23.0,3.5,7.1,.498,2.2,4.2,.534,1.3,2.9,.447,2.2,2.9,.765,4.4,1.3,0.6,0.2,1.1,2.7,10.6
4,2,35,804,6.2,12.4,.498,3.9,7.3,.534,2.3,5.1,.447,3.9,5.1,.765,7.6,2.3,1.0,0.3,2.0,4.8,18.5
4,3,35,804,9.6,19.2,.498,6.0,11.3,.534,3.5,7.9,.447,6.0,7.9,.765,11.8,3.6,1.5,0.5,3.1,7.4,28.7,,128.5,99.5
4,4,35,804,23.1,.625,.590,.414,.410,348,8.2,15.1,11.7,11.8,1.5,0.9,11.9,21.9,,3.3,1.1,4.4,.220,,7.1,0.9,8.0
5,0,14,67,5,8,.625,5,7,.714,0,1,.000,2,3,.667,5,13,18,7,3,0,4,7,12
5,1,14,4.8,0.4,0.6,.625,0.4,0.5,.714,0.0,0.1,.000,0.1,0.2,.667,1.3,0.5,0.2,0.0,0.3,0.5,0.9
5,2,14,67,3.0,4.8,.625,3.0,4.2,.714,0.0,0.6,.000,1.2,1.8,.667,10.7,4.2,1.8,0.0,2.4,4.2,7.2
5,3,14,67,4.6,7.4,.625,4.6,6.5,.714,0.0,0.9,.000,1.9,2.8,.667,16.7,6.5,2.8,0.0,3.7,6.5,11.1,,118.9,94.4
5,4,14,67,16.3,.637,.625,.125,.375,16,9.2,23.5,16.4,18.2,2.8,0.0,29.8,10.5,,0.1,0.1,0.3,.151,,2.6,3.9,6.5
6,0,33,630,78,173,.451,42,71,.592,36,102,.353,19,28,.679,5,42,47,58,24,3,45,30,211
6,1,33,19.1,2.4,5.2,.451,1.3,2.2,.592,1.1,3.1,.353,0.6,0.8,.679,1.4,1.8,0.7,0.1,1.4,0.9,6.4
6,2,33,630,5.0,11.0,.451,2.7,4.5,.592,2.3,6.5,.353,1.2,1.8,.679,3.0,3.7,1.5,0.2,2.9,1.9,13.4
6,3,33,630,7.7,17.0,.451,4.1,7.0,.592,3.5,10.0,.353,1.9,2.8,.679,4.6,5.7,2.4,0.3,4.4,3.0,20.8,,106.8,100.8
6,4,33,630,14.7,.566,.555,.590,.162,201,1.0,8.1,4.6,17.6,2.4,0.5,19.5,19.2,,1.1,0.8,1.8,.117,,3.0,0.6,3.6
7,0,20,64,10,25,.400,3,5,.600,7,20,.350,4,7,.571,2,8,10,3,0,0,5,2,31
7,1,20,3.2,0.5,1.3,.400,0.2,0.3,.600,0.4,1.0,.350,0.2,0.4,.571,0.5,0.2,0.0,0.0,0.3,0.1,1.6
7,2,20,64,6.3,15.6,.400,1.9,3.1,.600,4.4,12.5,.350,2.5,4.4,.571,6.3,1.9,0.0,0.0,3.1,1.3,19.4
7,3,20,64,9.7,24.2,.400,2.9,4.8,.600,6.8,19.4,.350,3.9,6.8,.571,9.7,2.9,0.0,0.0,4.8,1.9,30.0,,105.5,103.9
7,4,20,64,16.4,.547,.540,.800,.280,27,3.9,15.2,9.6,9.5,0.0,0.0,15.0,27.2,,0.1,0.1,0.2,.120,,3.0,-3.7,-0.7
8,0,29,167,26,41,.634,26,41,.634,0,0,,7,19,.368,19,35,54,1,1,6,14,38,59
8,1,29,5.8,0.9,1.4,.634,0.9,1.4,.634,0.0,0.0,,0.2,0.7,.368,1.9,0.0,0.0,0.2,0.5,1.3,2.0
8,2,29,167,6.2,9.8,.634,6.2,9.8,.634,0.0,0.0,,1.7,4.6,.368,12.9,0.2,0.2,1.4,3.4,9.1,14.1
8,3,29,167,9.7,15.2,.634,9.7,15.2,.634,0.0,0.0,,2.6,7.1,.368,20.0,0.4,0.4,2.2,5.2,14.1,21.9,,101.4,96.0
8,4,29,167,15.5,.590,.634,.000,.463,54,14.1,25.4,19.8,1.2,0.4,3.9,21.9,20.0,,0.2,0.3,0.5,.119,,-2.0,-0.6,-2.6
9,0,10,12,0,2,.000,0,0,,0,2,.000,0,0,,0,3,3,0,0,0,1,0,0
9,1,10,1.2,0.0,0.2,.000,0.0,0.0,,0.0,0.2,.000,0.0,0.0,,0.3,0.0,0.0,0.0,0.1,0.0,0.0
9,2,10,12,0.0,6.7,.000,0.0,0.0,,0.0,6.7,.000,0.0,0.0,,10.0,0.0,0.0,0.0,3.3,0.0,0.0
9,3,10,12,0.0,10.3,.000,0.0,0.0,,0.0,10.3,.000,0.0,0.0,,15.5,0.0,0.0,0.0,5.2,0.0,0.0,,0.0,98.7
9,4,10,12,-8.1,.000,.000,1.000,.000,0,0.0,30.3,15.3,0.0,0.0,0.0,33.3,13.0,,-0.1,0.0,0.0,-.140,,-13.1,-2.6,-15.7
10,0,35,793,149,241,.618,149,241,.618,0,0,,60,112,.536,100,110,210,10,8,30,38,90,358
10,1,35,22.7,4.3,6.9,.618,4.3,6.9,.618,0.0,0.0,,1.7,3.2,.536,6.0,0.3,0.2,0.9,1.1,2.6,10.2
10,2,35,793,7.5,12.2,.618,7.5,12.2,.618,0.0,0.0,,3.0,5.6,.536,10.6,0.5,0.4,1.5,1.9,4.5,18.1
10,3,35,793,11.7,18.8,.618,11.7,18.8,.618,0.0,0.0,,4.7,8.8,.536,16.4,0.8,0.6,2.3,3.0,7.0,28.0,,122.6,98.9
10,4,35,793,24.3,.608,.618,.000,.465,331,15.6,16.8,16.2,2.7,0.6,4.1,11.4,21.9,,2.8,1.1,4.0,.200,,3.5,0.5,4.0
11,0,28,605,66,146,.452,31,61,.508,35,85,.412,26,40,.650,27,71,98,27,29,4,32,44,193
11,1,28,21.6,2.4,5.2,.452,1.1,2.2,.508,1.3,3.0,.412,0.9,1.4,.650,3.5,1.0,1.0,0.1,1.1,1.6,6.9
11,2,28,605,4.4,9.7,.452,2.0,4.0,.508,2.3,5.6,.412,1.7,2.6,.650,6.5,1.8,1.9,0.3,2.1,2.9,12.8
11,3,28,605,6.8,15.0,.452,3.2,6.3,.508,3.6,8.7,.412,2.7,4.1,.650,10.0,2.8,3.0,0.4,3.3,4.5,19.8,,113.8,97.0
11,4,28,605,16.6,.585,.572,.582,.274,180,5.5,14.2,9.9,8.3,3.0,0.7,16.2,17.0,,1.2,1.0,2.2,.146,,4.3,2.5,6.8
12,0,1,0,1,2,.500,0,0,,1,2,.500,0,0,,0,0,0,0,0,0,0,0,3
12,1,1,0.0,1.0,2.0,.500,0.0,0.0,,1.0,2.0,.500,0.0,0.0,,0.0,0.0,0.0,0.0,0.0,0.0,3.0
12,2,1,0,,,.500,,,,,,.500,,,,,,,,,,
12,3,1,0,,,.500,,,,,,.500,,,,,,,,,,,,,
12,4,1,0,,.750,.750,1.000,.000,,,,,0.0,,,0.0,,,0.0,0.0,0.0,,,0.0,0.1,0.0
13,0,35,713,102,200,.510,96,182,.527,6,18,.333,58,79,.734,51,144,195,30,23,9,42,76,268
13,1,35,20.4,2.9,5.7,.510,2.7,5.2,.527,0.2,0.5,.333,1.7,2.3,.734,5.6,0.9,0.7,0.3,1.2,2.2,7.7
13,2,35,713,5.7,11.2,.510,5.4,10.2,.527,0.3,1.0,.333,3.3,4.4,.734,10.9,1.7,1.3,0.5,2.4,4.3,15.0
13,3,35,713,8.9,17.4,.510,8.3,15.8,.527,0.5,1.6,.333,5.0,6.9,.734,17.0,2.6,2.0,0.8,3.7,6.6,23.3,,113.5,94.9
13,4,35,713,19.9,.564,.525,.090,.395,259,8.8,24.5,16.7,8.3,2.0,1.4,15.0,20.5,,1.7,1.3,3.0,.171,,1.6,2.4,4.1
