0,0,9,12,0,0,,0,0,,0,0,,0,0,,0,1,1,0,0,0,0,0,0
0,1,9,1.3,0.0,0.0,,0.0,0.0,,0.0,0.0,,0.0,0.0,,0.1,0.0,0.0,0.0,0.0,0.0,0.0
0,2,9,12,0.0,0.0,,0.0,0.0,,0.0,0.0,,0.0,0.0,,3.3,0.0,0.0,0.0,0.0,0.0,0.0
0,3,9,12,0.0,0.0,,0.0,0.0,,0.0,0.0,,0.0,0.0,,5.3,0.0,0.0,0.0,0.0,0.0,0.0,,,108.2
0,4,9,12,1.6,,,,,0,0.0,10.1,5.2,0.0,0.0,0.0,,0.0,,0.0,0.0,0.0,.028,,-4.7,1.1,-3.6
1,0,29,916,95,269,.353,52,129,.403,43,140,.307,78,89,.876,8,52,60,110,15,0,65,80,311
1,1,29,31.6,3.3,9.3,.353,1.8,4.4,.403,1.5,4.8,.307,2.7,3.1,.876,2.1,3.8,0.5,0.0,2.2,2.8,10.7
1,2,29,916,4.1,11.7,.353,2.3,5.6,.403,1.9,6.1,.307,3.4,3.9,.876,2.6,4.8,0.7,0.0,2.8,3.5,13.6
1,3,29,916,6.7,18.8,.353,3.6,9.0,.403,3.0,9.8,.307,5.5,6.2,.876,4.2,7.7,1.1,0.0,4.6,5.6,21.8,,103.5,106.6
1,4,29,916,11.7,.500,.433,.520,.331,327,1.1,6.9,4.1,24.4,1.1,0.0,17.3,22.7,,1.3,0.8,2.1,.093,,0.9,-1.5,-0.7
2,0,30,1023,120,287,.418,46,105,.438,74,182,.407,57,88,.648,29,123,152,45,44,6,54,91,371
2,1,30,34.1,4.0,9.6,.418,1.5,3.5,.438,2.5,6.1,.407,1.9,2.9,.648,5.1,1.5,1.5,0.2,1.8,3.0,12.4
2,2,30,1023,4.7,11.2,.418,1.8,4.1,.438,2.9,7.1,.407,2.2,3.4,.648,5.9,1.8,1.7,0.2,2.1,3.6,14.5
2,3,30,1023,7.5,18.0,.418,2.9,6.6,.438,4.6,11.4,.407,3.6,5.5,.648,9.5,2.8,2.8,0.4,3.4,5.7,23.3,,108.7,99.6
2,4,30,1023,16.0,.564,.547,.634,.307,329,3.7,14.6,9.3,9.2,2.8,0.7,14.1,20.6,,1.8,1.6,3.3,.130,,3.5,1.9,5.4
3,0,1,14,1,3,.333,0,0,,1,3,.333,0,0,,0,1,1,0,0,0,2,1,3
3,1,1,14.0,1.0,3.0,.333,0.0,0.0,,1.0,3.0,.333,0.0,0.0,,1.0,0.0,0.0,0.0,2.0,1.0,3.0
3,2,1,14,2.9,8.6,.333,0.0,0.0,,2.9,8.6,.333,0.0,0.0,,2.9,0.0,0.0,0.0,5.7,2.9,8.6
3,3,1,14,4.6,13.7,.333,0.0,0.0,,4.6,13.7,.333,0.0,0.0,,4.6,0.0,0.0,0.0,9.2,4.6,13.7,,55.7,108.3
3,4,1,14,-3.8,.500,.500,1.000,.000,2,0.0,8.6,4.5,0.0,0.0,0.0,40.0,19.7,,0.0,0.0,0.0,-.095,,-8.0,-3.7,-11.6
4,0,21,65,4,14,.286,4,11,.364,0,3,.000,1,4,.250,5,6,11,3,3,0,9,9,9
4,1,21,3.1,0.2,0.7,.286,0.2,0.5,.364,0.0,0.1,.000,0.0,0.2,.250,0.5,0.1,0.1,0.0,0.4,0.4,0.4
4,2,21,65,2.5,8.6,.286,2.5,6.8,.364,0.0,1.8,.000,0.6,2.5,.250,6.8,1.8,1.8,0.0,5.5,5.5,5.5
4,3,21,65,3.9,13.8,.286,3.9,10.9,.364,0.0,3.0,.000,1.0,3.9,.250,10.9,3.0,3.0,0.0,8.9,8.9,8.9,,54.4,100.5
4,4,21,65,-2.1,.283,.286,.214,.286,12,10.0,11.2,10.6,8.6,3.0,0.0,36.1,21.1,,-0.2,0.1,-0.2,-.095,,-9.4,1.7,-7.7
5,0,25,207,21,42,.500,6,9,.667,15,33,.455,9,13,.692,5,17,22,4,7,0,4,33,66
5,1,25,8.3,0.8,1.7,.500,0.2,0.4,.667,0.6,1.3,.455,0.4,0.5,.692,0.9,0.2,0.3,0.0,0.2,1.3,2.6
5,2,25,207,4.1,8.1,.500,1.2,1.7,.667,2.9,6.4,.455,1.7,2.5,.692,4.3,0.8,1.4,0.0,0.8,6.4,12.8
5,3,25,207,6.5,13.0,.500,1.9,2.8,.667,4.6,10.2,.455,2.8,4.0,.692,6.8,1.2,2.2,0.0,1.2,10.2,20.4,,134.8,102.6
5,4,25,207,14.8,.685,.679,.786,.310,53,3.1,9.9,6.7,3.9,2.2,0.0,7.7,13.9,,0.5,0.3,0.8,.155,,4.5,-0.4,4.1
6,0,30,642,89,170,.524,70,127,.551,19,43,.442,43,59,.729,53,73,126,39,16,11,34,64,240
6,1,30,21.4,3.0,5.7,.524,2.3,4.2,.551,0.6,1.4,.442,1.4,2.0,.729,4.2,1.3,0.5,0.4,1.1,2.1,8.0
6,2,30,642,5.5,10.6,.524,4.4,7.9,.551,1.2,2.7,.442,2.7,3.7,.729,7.9,2.4,1.0,0.7,2.1,4.0,15.0
6,3,30,642,8.9,17.0,.524,7.0,12.7,.551,1.9,4.3,.442,4.3,5.9,.729,12.6,3.9,1.6,1.1,3.4,6.4,24.0,,120.4,101.6
6,4,30,642,20.4,.606,.579,.253,.347,237,10.8,13.8,12.3,13.3,1.6,1.9,14.7,19.9,,1.9,0.9,2.7,.170,,4.2,1.8,6.0
7,0,20,101,19,31,.613,19,31,.613,0,0,,7,13,.538,3,16,19,2,0,5,13,16,45
7,1,20,5.1,1.0,1.6,.613,1.0,1.6,.613,0.0,0.0,,0.4,0.7,.538,1.0,0.1,0.0,0.3,0.7,0.8,2.3
7,2,20,101,7.5,12.3,.613,7.5,12.3,.613,0.0,0.0,,2.8,5.1,.538,7.5,0.8,0.0,2.0,5.1,6.3,17.8
7,3,20,101,12.1,19.7,.613,12.1,19.7,.613,0.0,0.0,,4.4,8.3,.538,12.1,1.3,0.0,3.2,8.3,10.2,28.6,,87.9,100.5
7,4,20,101,13.7,.605,.613,.000,.419,35,3.9,19.2,11.8,4.8,0.0,5.5,25.9,27.4,,0.0,0.1,0.1,.048,,-6.1,0.4,-5.7
8,0,29,819,52,133,.391,17,57,.298,35,76,.461,47,59,.797,8,49,57,117,13,2,58,42,186
8,1,29,28.2,1.8,4.6,.391,0.6,2.0,.298,1.2,2.6,.461,1.6,2.0,.797,2.0,4.0,0.4,0.1,2.0,1.4,6.4
8,2,29,819,2.5,6.5,.391,0.8,2.8,.298,1.7,3.7,.461,2.3,2.9,.797,2.8,5.7,0.6,0.1,2.8,2.1,9.1
8,3,29,819,4.1,10.4,.391,1.3,4.5,.298,2.7,6.0,.461,3.7,4.6,.797,4.5,9.2,1.0,0.2,4.5,3.3,14.6,,109.3,106.5
8,4,29,819,11.6,.578,.523,.571,.444,223,1.3,7.2,4.4,26.8,1.0,0.3,26.5,14.8,,1.2,0.7,1.9,.095,,1.1,-0.9,0.2
9,0,30,431,48,88,.545,42,63,.667,6,25,.240,12,19,.632,33,81,114,26,10,15,23,39,114
9,1,30,14.4,1.6,2.9,.545,1.4,2.1,.667,0.2,0.8,.240,0.4,0.6,.632,3.8,0.9,0.3,0.5,0.8,1.3,3.8
9,2,30,431,4.5,8.2,.545,3.9,5.8,.667,0.6,2.3,.240,1.1,1.8,.632,10.6,2.4,0.9,1.4,2.1,3.6,10.6
9,3,30,431,7.1,13.1,.545,6.3,9.4,.667,0.9,3.7,.240,1.8,2.8,.632,17.0,3.9,1.5,2.2,3.4,5.8,17.0,,113.0,97.4
9,4,30,431,17.8,.587,.580,.284,.216,120,10.0,22.7,16.6,12.4,1.5,3.9,19.2,15.4,,0.8,0.8,1.5,.141,,1.4,4.0,5.3
10,0,30,832,48,135,.356,19,55,.345,29,80,.363,29,39,.744,62,131,193,42,27,7,32,80,154
10,1,30,27.7,1.6,4.5,.356,0.6,1.8,.345,1.0,2.7,.363,1.0,1.3,.744,6.4,1.4,0.9,0.2,1.1,2.7,5.1
10,2,30,832,2.3,6.5,.356,0.9,2.6,.345,1.4,3.8,.363,1.4,1.9,.744,9.3,2.0,1.3,0.3,1.5,3.8,7.4
10,3,30,832,3.7,10.4,.356,1.5,4.2,.345,2.2,6.2,.363,2.2,3.0,.744,14.9,3.2,2.1,0.5,2.5,6.2,11.9,,110.2,99.3
10,4,30,832,12.5,.502,.463,.593,.289,183,9.7,19.1,14.6,9.4,2.1,0.9,17.2,12.3,,1.1,1.3,2.4,.113,,1.9,3.3,5.1
11,0,30,1038,231,410,.563,231,410,.563,0,0,,116,178,.652,85,185,270,69,16,22,64,70,578
11,1,30,34.6,7.7,13.7,.563,7.7,13.7,.563,0.0,0.0,,3.9,5.9,.652,9.0,2.3,0.5,0.7,2.1,2.3,19.3
11,2,30,1038,8.9,15.8,.563,8.9,15.8,.563,0.0,0.0,,4.5,6.9,.652,10.4,2.7,0.6,0.8,2.5,2.7,22.3
11,3,30,1038,14.3,25.3,.563,14.3,25.3,.563,0.0,0.0,,7.2,11.0,.652,16.7,4.3,1.0,1.4,4.0,4.3,35.7,,118.5,100.0
11,4,30,1038,28.2,.584,.563,.000,.434,541,10.7,21.6,16.3,17.8,1.0,2.4,11.5,29.7,,4.1,1.5,5.6,.217,,4.7,2.3,6.9
