0,0,22,216,27,66,.409,24,59,.407,3,7,.429,5,22,.227,16,21,37,4,5,5,14,14,62
0,1,22,9.8,1.2,3.0,.409,1.1,2.7,.407,0.1,0.3,.429,0.2,1.0,.227,1.7,0.2,0.2,0.2,0.6,0.6,2.8
0,2,22,216,5.0,12.2,.409,4.4,10.9,.407,0.6,1.3,.429,0.9,4.1,.227,6.9,0.7,0.9,0.9,2.6,2.6,11.5
0,3,22,216,8.2,19.9,.409,7.2,17.8,.407,0.9,2.1,.429,1.5,6.6,.227,11.2,1.2,1.5,1.5,4.2,4.2,18.7,,80.6,99.6
0,4,22,216,9.6,.405,.432,.106,.333,60,9.1,12.3,10.7,4.9,1.5,3.0,15.5,23.5,,-0.2,0.3,0.1,.020,,-6.5,-0.7,-7.1
1,0,6,20,1,4,.250,0,0,,1,4,.250,0,0,,0,1,1,0,1,1,1,2,3
1,1,6,3.3,0.2,0.7,.250,0.0,0.0,,0.2,0.7,.250,0.0,0.0,,0.2,0.0,0.2,0.2,0.2,0.3,0.5
1,2,6,20,2.0,8.0,.250,0.0,0.0,,2.0,8.0,.250,0.0,0.0,,2.0,0.0,2.0,2.0,2.0,4.0,6.0
1,3,6,20,3.3,13.0,.250,0.0,0.0,,3.3,13.0,.250,0.0,0.0,,3.3,0.0,3.3,3.3,3.3,6.5,9.8,,64.5,96.7
1,4,6,20,3.5,.375,.375,1.000,.000,2,0.0,6.3,3.1,0.0,3.3,6.5,20.0,14.0,,0.0,0.0,0.0,.011,,-5.9,2.5,-3.4
2,0,34,498,27,71,.380,27,70,.386,0,1,.000,21,31,.677,30,44,74,13,11,19,31,78,75
2,1,34,14.6,0.8,2.1,.380,0.8,2.1,.386,0.0,0.0,.000,0.6,0.9,.677,2.2,0.4,0.3,0.6,0.9,2.3,2.2
2,2,34,498,2.2,5.7,.380,2.2,5.6,.386,0.0,0.1,.000,1.7,2.5,.677,5.9,1.0,0.9,1.5,2.5,6.3,6.0
2,3,34,498,3.5,9.3,.380,3.5,9.2,.386,0.0,0.1,.000,2.7,4.1,.677,9.7,1.7,1.4,2.5,4.1,10.2,9.8,,82.3,98.9
2,4,34,498,6.2,.437,.380,.014,.437,85,7.4,11.2,9.3,5.8,1.4,5.0,26.6,13.1,,-0.2,0.8,0.5,.043,,-5.5,3.2,-2.3
3,0,34,1096,167,362,.461,130,260,.500,37,102,.363,101,135,.748,84,162,246,17,30,22,51,89,472
3,1,34,32.2,4.9,10.6,.461,3.8,7.6,.500,1.1,3.0,.363,3.0,4.0,.748,7.2,0.5,0.9,0.6,1.5,2.6,13.9
3,2,34,1096,6.1,13.2,.461,4.7,9.5,.500,1.4,3.7,.363,3.7,4.9,.748,9.0,0.6,1.1,0.8,1.9,3.2,17.2
3,3,34,1096,9.9,21.5,.461,7.7,15.5,.500,2.2,6.1,.363,6.0,8.0,.748,14.6,1.0,1.8,1.3,3.0,5.3,28.1,,112.9,96.1
3,4,34,1096,21.8,.554,.512,.282,.373,434,9.4,18.8,14.0,4.4,1.8,2.6,10.7,24.4,,2.8,2.0,4.8,.176,,1.7,-0.2,1.4
4,0,6,10,2,3,.667,2,3,.667,0,0,,1,2,.500,0,1,1,0,0,0,3,2,5
4,1,6,1.7,0.3,0.5,.667,0.3,0.5,.667,0.0,0.0,,0.2,0.3,.500,0.2,0.0,0.0,0.0,0.5,0.3,0.8
4,2,6,10,8.0,12.0,.667,8.0,12.0,.667,0.0,0.0,,4.0,8.0,.500,4.0,0.0,0.0,0.0,12.0,8.0,20.0
4,3,6,10,13.0,19.6,.667,13.0,19.6,.667,0.0,0.0,,6.5,13.0,.500,6.5,0.0,0.0,0.0,19.6,13.0,32.6,,62.3,103.5
4,4,6,10,-0.2,.633,.667,.000,.667,4,0.0,12.7,6.2,0.0,0.0,0.0,43.2,39.0,,-0.1,0.0,0.0,-.155,,-16.8,-6.8,-23.5
5,0,34,543,26,73,.356,14,38,.368,12,35,.343,42,67,.627,4,48,52,45,20,9,37,54,106
5,1,34,16.0,0.8,2.1,.356,0.4,1.1,.368,0.4,1.0,.343,1.2,2.0,.627,1.5,1.3,0.6,0.3,1.1,1.6,3.1
5,2,34,543,1.9,5.4,.356,1.0,2.8,.368,0.9,2.6,.343,3.1,4.9,.627,3.8,3.3,1.5,0.7,2.7,4.0,7.8
5,3,34,543,3.1,8.8,.356,1.7,4.6,.368,1.4,4.2,.343,5.0,8.0,.627,6.2,5.4,2.4,1.1,4.4,6.5,12.7,,92.2,98.3
5,4,34,543,9.2,.506,.438,.479,.918,115,0.9,11.2,6.0,18.1,2.4,2.2,26.1,14.6,,0.1,0.9,1.0,.072,,-2.8,1.4,-1.4
6,0,34,937,115,280,.411,67,153,.438,48,127,.378,34,61,.557,24,57,81,58,28,4,63,69,312
6,1,34,27.6,3.4,8.2,.411,2.0,4.5,.438,1.4,3.7,.378,1.0,1.8,.557,2.4,1.7,0.8,0.1,1.9,2.0,9.2
6,2,34,937,4.9,12.0,.411,2.9,6.5,.438,2.0,5.4,.378,1.5,2.6,.557,3.5,2.5,1.2,0.2,2.7,2.9,13.3
6,3,34,937,8.0,19.5,.411,4.7,10.6,.438,3.3,8.8,.378,2.4,4.2,.557,5.6,4.0,1.9,0.3,4.4,4.8,21.7,,96.4,101.8
6,4,34,937,12.2,.505,.496,.454,.218,295,3.1,7.7,5.4,16.2,1.9,0.6,16.9,22.3,,0.6,1.2,1.9,.079,,-0.1,-0.9,-1.0
7,0,22,223,29,72,.403,26,63,.413,3,9,.333,18,31,.581,15,24,39,2,2,9,5,42,79
7,1,22,10.1,1.3,3.3,.403,1.2,2.9,.413,0.1,0.4,.333,0.8,1.4,.581,1.8,0.1,0.1,0.4,0.2,1.9,3.6
7,2,22,223,5.2,12.9,.403,4.7,11.3,.413,0.5,1.6,.333,3.2,5.6,.581,7.0,0.4,0.4,1.6,0.9,7.5,14.2
7,3,22,223,8.5,21.1,.403,7.6,18.4,.413,0.9,2.6,.333,5.3,9.1,.581,11.4,0.6,0.6,2.6,1.5,12.3,23.1,,101.9,99.4
7,4,22,223,13.5,.455,.424,.125,.431,73,8.3,13.7,10.9,2.4,0.6,5.3,5.5,23.1,,0.3,0.3,0.6,.111,,-4.0,-1.4,-5.4
8,0,20,165,21,54,.389,0,3,.000,21,51,.412,8,8,1.000,3,13,16,11,1,1,13,9,71
8,1,20,8.3,1.1,2.7,.389,0.0,0.2,.000,1.1,2.6,.412,0.4,0.4,1.000,0.8,0.6,0.1,0.1,0.7,0.5,3.6
8,2,20,165,5.1,13.1,.389,0.0,0.7,.000,5.1,12.4,.412,1.9,1.9,1.000,3.9,2.7,0.2,0.2,3.2,2.2,17.2
8,3,20,165,8.3,21.3,.389,0.0,1.2,.000,8.3,20.2,.412,3.2,3.2,1.000,6.3,4.3,0.4,0.4,5.1,3.6,28.1,,110.6,104.2
8,4,20,165,16.5,.614,.583,.944,.148,63,2.2,10.0,6.1,17.6,0.4,0.8,18.4,24.1,,0.4,0.2,0.6,.135,,3.7,-3.8,-0.1
9,0,33,556,25,80,.313,8,25,.320,17,55,.309,28,38,.737,7,55,62,24,22,3,27,53,95
9,1,33,16.8,0.8,2.4,.313,0.2,0.8,.320,0.5,1.7,.309,0.8,1.2,.737,1.9,0.7,0.7,0.1,0.8,1.6,2.9
9,2,33,556,1.8,5.8,.313,0.6,1.8,.320,1.2,4.0,.309,2.0,2.7,.737,4.5,1.7,1.6,0.2,1.9,3.8,6.8
9,3,33,556,2.9,9.4,.313,0.9,2.9,.320,2.0,6.5,.309,3.3,4.5,.737,7.3,2.8,2.6,0.4,3.2,6.2,11.1,,91.4,98.0
9,4,33,556,7.6,.484,.419,.688,.475,96,1.5,12.6,7.0,9.4,2.6,0.7,21.6,12.6,,0.1,0.9,1.0,.071,,-2.4,1.3,-1.1
10,0,19,77,4,10,.400,4,10,.400,0,0,,2,10,.200,8,12,20,1,2,0,1,12,10
10,1,19,4.1,0.2,0.5,.400,0.2,0.5,.400,0.0,0.0,,0.1,0.5,.200,1.1,0.1,0.1,0.0,0.1,0.6,0.5
10,2,19,77,2.1,5.2,.400,2.1,5.2,.400,0.0,0.0,,1.0,5.2,.200,10.4,0.5,1.0,0.0,0.5,6.2,5.2
10,3,19,77,3.4,8.5,.400,3.4,8.5,.400,0.0,0.0,,1.7,8.5,.200,16.9,0.8,1.7,0.0,0.8,10.2,8.5,,91.0,96.7
10,4,19,77,7.9,.339,.400,.000,1.000,13,12.8,19.8,16.2,2.9,1.7,0.0,6.3,11.5,,0.0,0.1,0.1,.075,,-4.8,-0.7,-5.5
11,0,25,827,98,261,.375,65,148,.439,33,113,.292,115,136,.846,11,85,96,34,31,1,42,41,344
11,1,25,33.1,3.9,10.4,.375,2.6,5.9,.439,1.3,4.5,.292,4.6,5.4,.846,3.8,1.4,1.2,0.0,1.7,1.6,13.8
11,2,25,827,4.7,12.6,.375,3.1,7.2,.439,1.6,5.5,.292,5.6,6.6,.846,4.6,1.6,1.5,0.0,2.0,2.0,16.6
11,3,25,827,7.7,20.6,.375,5.1,11.7,.439,2.6,8.9,.292,9.1,10.7,.846,7.6,2.7,2.4,0.1,3.3,3.2,27.1,,108.1,98.6
11,4,25,827,17.7,.528,.439,.433,.521,313,1.6,13.0,7.2,10.6,2.4,0.2,11.4,24.9,,1.7,1.3,3.0,.145,,1.4,-0.7,0.7
12,0,34,807,95,200,.475,95,200,.475,0,0,,52,110,.473,91,93,184,21,19,27,58,110,242
12,1,34,23.7,2.8,5.9,.475,2.8,5.9,.475,0.0,0.0,,1.5,3.2,.473,5.4,0.6,0.6,0.8,1.7,3.2,7.1
12,2,34,807,4.7,9.9,.475,4.7,9.9,.475,0.0,0.0,,2.6,5.5,.473,9.1,1.0,0.9,1.3,2.9,5.5,12.0
12,3,34,807,7.7,16.2,.475,7.7,16.2,.475,0.0,0.0,,4.2,8.9,.473,14.9,1.7,1.5,2.2,4.7,8.9,19.6,,94.5,97.5
12,4,34,807,14.3,.480,.475,.000,.550,255,13.8,14.6,14.2,6.7,1.5,4.4,18.7,21.6,,0.4,1.4,1.8,.088,,-3.0,1.9,-1.1
13,0,34,927,61,159,.384,43,100,.430,18,59,.305,65,94,.691,19,82,101,114,41,0,56,79,205
13,1,34,27.3,1.8,4.7,.384,1.3,2.9,.430,0.5,1.7,.305,1.9,2.8,.691,3.0,3.4,1.2,0.0,1.6,2.3,6.0
13,2,34,927,2.6,6.9,.384,1.9,4.3,.430,0.8,2.5,.305,2.8,4.1,.691,4.4,4.9,1.8,0.0,2.4,3.4,8.8
13,3,34,927,4.3,11.2,.384,3.0,7.0,.430,1.3,4.2,.305,4.6,6.6,.691,7.1,8.0,2.9,0.0,3.9,5.6,14.4,,102.9,98.3
13,4,34,927,13.0,.503,.440,.371,.591,243,2.5,11.2,6.8,28.0,2.9,0.0,21.6,15.7,,1.0,1.5,2.5,.108,,-0.1,0.6,0.6
