0,0,29,731,71,175,.406,58,125,.464,13,50,.260,25,37,.676,43,74,117,42,30,25,45,50,180
0,1,29,25.2,2.4,6.0,.406,2.0,4.3,.464,0.4,1.7,.260,0.9,1.3,.676,4.0,1.4,1.0,0.9,1.6,1.7,6.2
0,2,29,731,3.9,9.6,.406,3.2,6.8,.464,0.7,2.7,.260,1.4,2.0,.676,6.4,2.3,1.6,1.4,2.5,2.7,9.8
0,3,29,731,5.9,14.6,.406,4.8,10.4,.464,1.1,4.2,.260,2.1,3.1,.676,9.7,3.5,2.5,2.1,3.7,4.2,15.0,,91.2,105.0
0,4,29,731,12.7,.467,.443,.286,.211,186,6.8,12.7,9.7,13.0,2.5,4.0,18.9,17.1,,0.1,0.7,0.8,.044,,-2.8,1.2,-1.6
1,0,28,810,125,270,.463,125,270,.463,0,0,,74,105,.705,79,127,206,17,16,34,69,79,324
1,1,28,28.9,4.5,9.6,.463,4.5,9.6,.463,0.0,0.0,,2.6,3.8,.705,7.4,0.6,0.6,1.2,2.5,2.8,11.6
1,2,28,810,6.2,13.3,.463,6.2,13.3,.463,0.0,0.0,,3.7,5.2,.705,10.2,0.8,0.8,1.7,3.4,3.9,16.0
1,3,28,810,9.4,20.3,.463,9.4,20.3,.463,0.0,0.0,,5.6,7.9,.705,15.5,1.3,1.2,2.6,5.2,5.9,24.3,,94.5,104.1
1,4,28,810,17.0,.506,.463,.000,.389,305,11.3,19.7,15.4,5.5,1.2,4.9,17.7,25.3,,0.5,0.8,1.3,.066,,-4.1,-0.9,-5.0
2,0,5,13,0,4,.000,0,4,.000,0,0,,1,2,.500,0,2,2,0,0,0,1,0,1
2,1,5,2.6,0.0,0.8,.000,0.0,0.8,.000,0.0,0.0,,0.2,0.4,.500,0.4,0.0,0.0,0.0,0.2,0.0,0.2
2,2,5,13,0.0,12.3,.000,0.0,12.3,.000,0.0,0.0,,3.1,6.2,.500,6.2,0.0,0.0,0.0,3.1,0.0,3.1
2,3,5,13,0.0,18.7,.000,0.0,18.7,.000,0.0,0.0,,4.7,9.4,.500,9.4,0.0,0.0,0.0,4.7,0.0,4.7,,20.6,109.4
2,4,5,13,-12.9,.101,.000,.000,.500,1,0.0,19.3,9.3,0.0,0.0,0.0,16.8,24.1,,-0.1,0.0,-0.1,-.261,,-22.8,-8.3,-31.1
3,0,4,8,2,3,.667,2,3,.667,0,0,,3,4,.750,1,0,1,0,0,0,3,2,7
3,1,4,2.0,0.5,0.8,.667,0.5,0.8,.667,0.0,0.0,,0.8,1.0,.750,0.3,0.0,0.0,0.0,0.8,0.5,1.8
3,2,4,8,10.0,15.0,.667,10.0,15.0,.667,0.0,0.0,,15.0,20.0,.750,5.0,0.0,0.0,0.0,15.0,10.0,35.0
3,3,4,8,15.2,22.8,.667,15.2,22.8,.667,0.0,0.0,,22.8,30.4,.750,7.6,0.0,0.0,0.0,22.8,15.2,53.3,,85.9,117.0
3,4,4,8,16.8,.714,.667,.000,1.333,6,14.5,0.0,7.5,0.0,0.0,0.0,38.0,52.0,,0.0,0.0,0.0,-.041,,-8.9,-12.4,-21.2
4,0,16,264,27,77,.351,22,61,.361,5,16,.313,6,15,.400,22,30,52,6,5,16,23,33,65
4,1,16,16.5,1.7,4.8,.351,1.4,3.8,.361,0.3,1.0,.313,0.4,0.9,.400,3.3,0.4,0.3,1.0,1.4,2.1,4.1
4,2,16,264,4.1,11.7,.351,3.3,9.2,.361,0.8,2.4,.313,0.9,2.3,.400,7.9,0.9,0.8,2.4,3.5,5.0,9.8
4,3,16,264,6.2,17.8,.351,5.1,14.1,.361,1.2,3.7,.313,1.4,3.5,.400,12.0,1.4,1.2,3.7,5.3,7.6,15.0,,72.7,105.7
4,4,16,264,7.1,.386,.383,.208,.195,65,9.7,14.3,11.9,5.2,1.2,7.1,21.5,21.4,,-0.4,0.2,-0.2,-.033,,-8.1,0.3,-7.8
5,0,29,641,45,124,.363,45,118,.381,0,6,.000,38,60,.633,14,59,73,85,36,7,67,58,128
5,1,29,22.1,1.6,4.3,.363,1.6,4.1,.381,0.0,0.2,.000,1.3,2.1,.633,2.5,2.9,1.2,0.2,2.3,2.0,4.4
5,2,29,641,2.8,7.7,.363,2.8,7.4,.381,0.0,0.4,.000,2.4,3.7,.633,4.6,5.3,2.2,0.4,4.2,3.6,8.0
5,3,29,641,4.3,11.8,.363,4.3,11.2,.381,0.0,0.6,.000,3.6,5.7,.633,6.9,8.1,3.4,0.7,6.4,5.5,12.2,,78.2,104.4
5,4,29,641,8.8,.420,.363,.048,.484,158,2.5,11.6,6.9,28.3,3.4,1.3,30.5,18.0,,-0.7,0.6,0.0,-.002,,-6.2,-0.2,-6.5
6,0,31,917,98,270,.363,39,99,.394,59,171,.345,21,33,.636,8,48,56,48,35,1,58,64,276
6,1,31,29.6,3.2,8.7,.363,1.3,3.2,.394,1.9,5.5,.345,0.7,1.1,.636,1.8,1.5,1.1,0.0,1.9,2.1,8.9
6,2,31,917,4.3,11.8,.363,1.7,4.3,.394,2.6,7.5,.345,0.9,1.4,.636,2.4,2.1,1.5,0.0,2.5,2.8,12.0
6,3,31,917,6.5,17.9,.363,2.6,6.6,.394,3.9,11.4,.345,1.4,2.2,.636,3.7,3.2,2.3,0.1,3.8,4.2,18.3,,89.3,109.7
6,4,31,917,8.9,.483,.472,.633,.122,247,1.0,6.6,3.7,12.1,2.3,0.1,16.9,19.7,,0.0,0.4,0.4,.019,,-1.8,-3.1,-4.9
7,0,31,704,39,112,.348,26,70,.371,13,42,.310,21,32,.656,6,53,59,78,57,3,52,67,112
7,1,31,22.7,1.3,3.6,.348,0.8,2.3,.371,0.4,1.4,.310,0.7,1.0,.656,1.9,2.5,1.8,0.1,1.7,2.2,3.6
7,2,31,704,2.2,6.4,.348,1.5,4.0,.371,0.7,2.4,.310,1.2,1.8,.656,3.4,4.4,3.2,0.2,3.0,3.8,6.4
7,3,31,704,3.4,9.7,.348,2.2,6.1,.371,1.1,3.6,.310,1.8,2.8,.656,5.1,6.7,4.9,0.3,4.5,5.8,9.7,,82.0,102.3
7,4,31,704,9.3,.440,.406,.375,.286,134,1.0,9.5,5.1,22.9,4.9,0.5,29.0,13.4,,-0.3,0.8,0.5,.027,,-4.2,0.4,-3.7
8,0,9,156,19,31,.613,19,31,.613,0,0,,4,5,.800,13,12,25,9,1,2,12,27,42
8,1,9,17.3,2.1,3.4,.613,2.1,3.4,.613,0.0,0.0,,0.4,0.6,.800,2.8,1.0,0.1,0.2,1.3,3.0,4.7
8,2,9,156,4.9,7.9,.613,4.9,7.9,.613,0.0,0.0,,1.0,1.3,.800,6.4,2.3,0.3,0.5,3.1,6.9,10.8
8,3,9,156,7.4,12.1,.613,7.4,12.1,.613,0.0,0.0,,1.6,2.0,.800,9.8,3.5,0.4,0.8,4.7,10.5,16.4,,103.1,111.5
8,4,9,156,11.4,.629,.613,.000,.161,42,9.7,9.7,9.7,13.8,0.4,1.5,26.4,15.3,,0.2,0.0,0.2,.055,,-2.2,-2.4,-4.6
9,0,31,863,102,301,.339,40,113,.354,62,188,.330,46,59,.780,5,61,66,44,14,3,67,66,312
9,1,31,27.8,3.3,9.7,.339,1.3,3.6,.354,2.0,6.1,.330,1.5,1.9,.780,2.1,1.4,0.5,0.1,2.2,2.1,10.1
9,2,31,863,4.7,14.0,.339,1.9,5.2,.354,2.9,8.7,.330,2.1,2.7,.780,3.1,2.0,0.6,0.1,3.1,3.1,14.5
9,3,31,863,7.2,21.2,.339,2.8,8.0,.354,4.4,13.3,.330,3.2,4.2,.780,4.7,3.1,1.0,0.2,4.7,4.7,22.0,,87.8,111.5
9,4,31,863,8.3,.474,.442,.625,.196,277,0.7,8.9,4.6,12.1,1.0,0.4,16.9,24.1,,-0.1,0.2,0.1,.006,,-2.5,-4.7,-7.2
10,0,31,707,89,188,.473,87,172,.506,2,16,.125,54,96,.563,56,65,121,54,37,14,63,108,234
10,1,31,22.8,2.9,6.1,.473,2.8,5.5,.506,0.1,0.5,.125,1.7,3.1,.563,3.9,1.7,1.2,0.5,2.0,3.5,7.5
10,2,31,707,5.0,10.6,.473,4.9,9.7,.506,0.1,0.9,.125,3.1,5.4,.563,6.8,3.1,2.1,0.8,3.6,6.1,13.2
10,3,31,707,7.7,16.2,.473,7.5,14.8,.506,0.2,1.4,.125,4.6,8.3,.563,10.4,4.6,3.2,1.2,5.4,9.3,20.1,,93.6,104.2
10,4,31,707,14.6,.501,.479,.085,.511,243,9.2,11.6,10.3,18.5,3.2,2.3,21.2,22.1,,0.4,0.7,1.1,.059,,-1.6,0.5,-1.1
11,0,6,68,1,8,.125,1,8,.125,0,0,,3,6,.500,5,4,9,0,0,0,1,7,5
11,1,6,11.3,0.2,1.3,.125,0.2,1.3,.125,0.0,0.0,,0.5,1.0,.500,1.5,0.0,0.0,0.0,0.2,1.2,0.8
11,2,6,68,0.6,4.7,.125,0.6,4.7,.125,0.0,0.0,,1.8,3.5,.500,5.3,0.0,0.0,0.0,0.6,4.1,2.9
11,3,6,68,0.9,7.2,.125,0.9,7.2,.125,0.0,0.0,,2.7,5.4,.500,8.1,0.0,0.0,0.0,0.9,6.3,4.5,,67.9,114.4
11,4,6,68,0.1,.230,.125,.000,.750,7,8.6,7.4,8.0,0.0,0.0,0.0,8.4,9.2,,-0.1,0.0,-0.1,-.037,,-8.8,-5.3,-14.1
12,0,21,318,50,83,.602,50,83,.602,0,0,,13,23,.565,23,41,64,7,5,5,16,35,113
12,1,21,15.1,2.4,4.0,.602,2.4,4.0,.602,0.0,0.0,,0.6,1.1,.565,3.0,0.3,0.2,0.2,0.8,1.7,5.4
12,2,21,318,6.3,10.4,.602,6.3,10.4,.602,0.0,0.0,,1.6,2.9,.565,8.1,0.9,0.6,0.6,2.0,4.4,14.2
12,3,21,318,9.6,15.9,.602,9.6,15.9,.602,0.0,0.0,,2.5,4.4,.565,12.3,1.3,1.0,1.0,3.1,6.7,21.6,,109.0,107.4
12,4,21,318,16.8,.602,.602,.000,.277,97,8.4,16.2,12.2,5.8,1.0,1.8,14.6,18.2,,0.5,0.2,0.7,.094,,-1.9,-2.6,-4.6
