0,0,5,67,9,25,.360,5,10,.500,4,15,.267,6,7,.857,2,4,6,5,5,0,9,5,28
0,1,5,13.4,1.8,5.0,.360,1.0,2.0,.500,0.8,3.0,.267,1.2,1.4,.857,1.2,1.0,1.0,0.0,1.8,1.0,5.6
0,2,5,67,5.4,14.9,.360,3.0,6.0,.500,2.4,9.0,.267,3.6,4.2,.857,3.6,3.0,3.0,0.0,5.4,3.0,16.7
0,3,5,67,8.4,23.4,.360,4.7,9.4,.500,3.7,14.1,.267,5.6,6.6,.857,5.6,4.7,4.7,0.0,8.4,4.7,26.2,,86.6,102.2
0,4,5,67,12.8,.494,.440,.600,.280,27,3.5,7.0,5.3,19.0,4.7,0.0,24.1,30.1,,-0.1,0.1,0.0,.030,,-2.0,-1.4,-3.4
1,0,31,861,80,200,.400,45,106,.425,35,94,.372,33,47,.702,28,97,125,43,27,29,42,51,228
1,1,31,27.8,2.6,6.5,.400,1.5,3.4,.425,1.1,3.0,.372,1.1,1.5,.702,4.0,1.4,0.9,0.9,1.4,1.6,7.4
1,2,31,861,3.7,9.3,.400,2.1,4.9,.425,1.6,4.4,.372,1.5,2.2,.702,5.8,2.0,1.3,1.3,2.0,2.4,10.6
1,3,31,861,5.8,14.6,.400,3.3,7.7,.425,2.6,6.9,.372,2.4,3.4,.702,9.1,3.1,2.0,2.1,3.1,3.7,16.6,,101.2,103.6
1,4,31,861,13.3,.513,.488,.470,.235,223,3.8,13.3,8.5,11.5,2.0,3.9,15.9,16.6,,0.6,1.2,1.8,.083,,-1.3,1.9,0.6
2,0,30,398,25,52,.481,25,52,.481,0,0,,20,29,.690,24,42,66,12,7,12,20,68,70
2,1,30,13.3,0.8,1.7,.481,0.8,1.7,.481,0.0,0.0,,0.7,1.0,.690,2.2,0.4,0.2,0.4,0.7,2.3,2.3
2,2,30,398,2.5,5.2,.481,2.5,5.2,.481,0.0,0.0,,2.0,2.9,.690,6.6,1.2,0.7,1.2,2.0,6.8,7.0
2,3,30,398,3.9,8.2,.481,3.9,8.2,.481,0.0,0.0,,3.2,4.6,.690,10.4,1.9,1.1,1.9,3.2,10.7,11.0,,99.4,105.4
2,4,30,398,8.4,.532,.481,.000,.558,77,7.1,12.5,9.8,6.5,1.1,3.5,23.3,11.6,,0.2,0.5,0.7,.065,,-4.3,1.4,-2.9
3,0,31,1040,190,400,.475,156,301,.518,34,99,.343,100,133,.752,92,183,275,20,29,27,72,81,514
3,1,31,33.5,6.1,12.9,.475,5.0,9.7,.518,1.1,3.2,.343,3.2,4.3,.752,8.9,0.6,0.9,0.9,2.3,2.6,16.6
3,2,31,1040,7.3,15.4,.475,6.0,11.6,.518,1.3,3.8,.343,3.8,5.1,.752,10.6,0.8,1.1,1.0,2.8,3.1,19.8
3,3,31,1040,11.5,24.2,.475,9.4,18.2,.518,2.1,6.0,.343,6.0,8.0,.752,16.6,1.2,1.8,1.6,4.3,4.9,31.0,,108.6,100.9
3,4,31,1040,23.0,.555,.518,.248,.333,476,10.4,20.8,15.6,5.6,1.8,3.0,13.5,27.8,,2.2,1.7,3.8,.148,,0.8,-0.8,0.0
4,0,1,1,0,0,,0,0,,0,0,,0,0,,0,0,0,0,0,0,0,0,0
4,1,1,1.0,0.0,0.0,,0.0,0.0,,0.0,0.0,,0.0,0.0,,0.0,0.0,0.0,0.0,0.0,0.0,0.0
4,2,1,1,0.0,0.0,,0.0,0.0,,0.0,0.0,,0.0,0.0,,0.0,0.0,0.0,0.0,0.0,0.0,0.0
4,3,1,1,0.0,0.0,,0.0,0.0,,0.0,0.0,,0.0,0.0,,0.0,0.0,0.0,0.0,0.0,0.0,0.0,,,116.3
4,4,1,1,0.0,,,,,0,0.0,0.0,0.0,0.0,0.0,0.0,,0.0,,0.0,0.0,0.0,.008,,-6.7,-0.3,-7.0
5,0,29,431,35,90,.389,27,63,.429,8,27,.296,50,82,.610,10,23,33,24,23,6,33,49,128
5,1,29,14.9,1.2,3.1,.389,0.9,2.2,.429,0.3,0.9,.296,1.7,2.8,.610,1.1,0.8,0.8,0.2,1.1,1.7,4.4
5,2,29,431,3.2,8.4,.389,2.5,5.8,.429,0.7,2.5,.296,4.6,7.6,.610,3.1,2.2,2.1,0.6,3.1,4.5,11.9
5,3,29,431,5.1,13.1,.389,3.9,9.2,.429,1.2,3.9,.296,7.3,11.9,.610,4.8,3.5,3.4,0.9,4.8,7.1,18.7,,92.7,104.5
5,4,29,431,10.7,.496,.433,.300,.911,127,2.7,6.3,4.5,12.5,3.4,1.6,20.4,20.3,,0.0,0.6,0.6,.054,,-3.3,0.0,-3.3
6,0,28,387,38,108,.352,28,64,.438,10,44,.227,9,15,.600,8,36,44,19,15,3,25,33,95
6,1,28,13.8,1.4,3.9,.352,1.0,2.3,.438,0.4,1.6,.227,0.3,0.5,.600,1.6,0.7,0.5,0.1,0.9,1.2,3.4
6,2,28,387,3.9,11.2,.352,2.9,6.6,.438,1.0,4.5,.227,0.9,1.6,.600,4.5,2.0,1.6,0.3,2.6,3.4,9.8
6,3,28,387,6.2,17.5,.352,4.5,10.4,.438,1.6,7.1,.227,1.5,2.4,.600,7.1,3.1,2.4,0.5,4.1,5.4,15.4,,80.7,104.9
6,4,28,387,7.0,.413,.398,.407,.139,93,2.4,11.0,6.7,11.4,2.4,0.9,17.8,19.6,,-0.4,0.5,0.1,.010,,-5.4,-0.7,-6.1
7,0,26,244,13,23,.565,13,23,.565,0,0,,12,23,.522,23,36,59,5,3,11,9,43,38
7,1,26,9.4,0.5,0.9,.565,0.5,0.9,.565,0.0,0.0,,0.5,0.9,.522,2.3,0.2,0.1,0.4,0.3,1.7,1.5
7,2,26,244,2.1,3.8,.565,2.1,3.8,.565,0.0,0.0,,2.0,3.8,.522,9.7,0.8,0.5,1.8,1.5,7.0,6.2
7,3,26,244,3.3,5.9,.565,3.3,5.9,.565,0.0,0.0,,3.1,5.9,.522,15.2,1.3,0.8,2.8,2.3,11.1,9.8,,111.3,103.0
7,4,26,244,11.0,.560,.565,.000,1.000,46,11.1,17.4,14.2,4.3,0.8,5.2,21.0,9.5,,0.2,0.4,0.6,.096,,-3.6,2.0,-1.6
8,0,20,145,10,35,.286,9,24,.375,1,11,.091,5,7,.714,2,15,17,5,2,0,5,13,26
8,1,20,7.3,0.5,1.8,.286,0.5,1.2,.375,0.1,0.6,.091,0.3,0.4,.714,0.9,0.3,0.1,0.0,0.3,0.7,1.3
8,2,20,145,2.8,9.7,.286,2.5,6.6,.375,0.3,3.0,.091,1.4,1.9,.714,4.7,1.4,0.6,0.0,1.4,3.6,7.2
8,3,20,145,4.3,15.2,.286,3.9,10.4,.375,0.4,4.8,.091,2.2,3.0,.714,7.4,2.2,0.9,0.0,2.2,5.6,11.3,,75.2,108.2
8,4,20,145,2.8,.339,.300,.314,.200,26,1.6,12.2,6.9,7.5,0.9,0.0,11.5,16.1,,-0.2,0.1,0.0,-.010,,-7.5,-2.5,-10.0
9,0,10,51,6,21,.286,6,21,.286,0,0,,0,0,,1,2,3,1,1,1,1,8,12
9,1,10,5.1,0.6,2.1,.286,0.6,2.1,.286,0.0,0.0,,0.0,0.0,,0.3,0.1,0.1,0.1,0.1,0.8,1.2
9,2,10,51,4.7,16.5,.286,4.7,16.5,.286,0.0,0.0,,0.0,0.0,,2.4,0.8,0.8,0.8,0.8,6.3,9.4
9,3,10,51,7.4,25.9,.286,7.4,25.9,.286,0.0,0.0,,0.0,0.0,,3.7,1.2,1.2,1.2,1.2,9.9,14.8,,67.1,109.4
9,4,10,51,-0.1,.286,.286,.000,.000,11,2.3,4.6,3.5,4.8,1.2,2.3,4.5,23.3,,-0.1,0.0,-0.1,-.063,,-11.3,-3.3,-14.6
10,0,31,1019,130,345,.377,71,168,.423,59,177,.333,100,118,.847,6,90,96,31,36,2,56,58,419
10,1,31,32.9,4.2,11.1,.377,2.3,5.4,.423,1.9,5.7,.333,3.2,3.8,.847,3.1,1.0,1.2,0.1,1.8,1.9,13.5
10,2,31,1019,5.1,13.5,.377,2.8,6.6,.423,2.3,6.9,.333,3.9,4.6,.847,3.8,1.2,1.4,0.1,2.2,2.3,16.4
10,3,31,1019,8.0,21.3,.377,4.4,10.4,.423,3.6,10.9,.333,6.2,7.3,.847,5.9,1.9,2.2,0.1,3.5,3.6,25.8,,103.1,106.1
10,4,31,1019,14.2,.522,.462,.513,.342,367,0.7,10.4,5.5,7.6,2.2,0.2,12.3,24.2,,1.2,1.2,2.3,.091,,-0.1,-2.1,-2.2
11,0,31,694,52,115,.452,52,115,.452,0,0,,42,71,.592,68,87,155,18,13,41,29,88,146
11,1,31,22.4,1.7,3.7,.452,1.7,3.7,.452,0.0,0.0,,1.4,2.3,.592,5.0,0.6,0.4,1.3,0.9,2.8,4.7
11,2,31,694,3.0,6.6,.452,3.0,6.6,.452,0.0,0.0,,2.4,4.1,.592,8.9,1.0,0.7,2.4,1.7,5.1,8.4
11,3,31,694,4.7,10.4,.452,4.7,10.4,.452,0.0,0.0,,3.8,6.4,.592,14.0,1.6,1.2,3.7,2.6,8.0,13.2,,104.3,102.8
11,4,31,694,13.5,.491,.452,.000,.617,167,11.5,14.8,13.1,5.7,1.2,6.8,16.3,13.8,,0.6,1.0,1.6,.092,,-3.2,3.3,0.2
12,0,31,913,71,204,.348,59,155,.381,12,49,.245,103,150,.687,15,63,78,120,38,3,65,71,257
12,1,31,29.5,2.3,6.6,.348,1.9,5.0,.381,0.4,1.6,.245,3.3,4.8,.687,2.5,3.9,1.2,0.1,2.1,2.3,8.3
12,2,31,913,3.1,8.9,.348,2.6,6.8,.381,0.5,2.1,.245,4.5,6.6,.687,3.4,5.3,1.7,0.1,2.8,3.1,11.3
12,3,31,913,4.9,14.0,.348,4.1,10.7,.381,0.8,3.4,.245,7.1,10.3,.687,5.4,8.3,2.6,0.2,4.5,4.9,17.7,,97.6,106.1
12,4,31,913,12.4,.467,.377,.240,.735,292,1.9,8.1,5.0,29.2,2.6,0.4,19.1,20.1,,0.5,1.0,1.5,.067,,-1.9,-1.1,-3.0
