0,0,31,646,67,134,.500,57,105,.543,10,29,.345,28,54,.519,35,63,98,36,23,3,33,79,172
0,1,31,20.8,2.2,4.3,.500,1.8,3.4,.543,0.3,0.9,.345,0.9,1.7,.519,3.2,1.2,0.7,0.1,1.1,2.5,5.5
0,2,31,646,4.1,8.3,.500,3.5,6.5,.543,0.6,1.8,.345,1.7,3.3,.519,6.1,2.2,1.4,0.2,2.0,4.9,10.7
0,3,31,646,6.3,12.7,.500,5.4,9.9,.543,0.9,2.7,.345,2.6,5.1,.519,9.3,3.4,2.2,0.3,3.1,7.5,16.3,,106.8,103.4
0,4,31,646,12.8,.539,.537,.216,.403,177,6.3,11.5,8.9,11.1,2.2,0.5,17.1,15.5,,0.8,0.8,1.6,.098,,1.8,2.4,4.2
1,0,28,762,77,189,.407,42,98,.429,35,91,.385,32,49,.653,30,97,127,34,17,9,34,64,221
1,1,28,27.2,2.8,6.8,.407,1.5,3.5,.429,1.3,3.3,.385,1.1,1.8,.653,4.5,1.2,0.6,0.3,1.2,2.3,7.9
1,2,28,762,4.0,9.9,.407,2.2,5.1,.429,1.8,4.8,.385,1.7,2.6,.653,6.7,1.8,0.9,0.5,1.8,3.4,11.6
1,3,28,762,6.2,15.1,.407,3.4,7.9,.429,2.8,7.3,.385,2.6,3.9,.653,10.2,2.7,1.4,0.7,2.7,5.1,17.7,,106.5,103.6
1,4,28,762,12.8,.521,.500,.481,.259,213,4.6,15.0,9.8,8.8,1.4,1.3,13.8,16.8,,1.0,0.9,1.9,.097,,1.9,2.0,3.9
2,0,32,1136,153,356,.430,83,199,.417,70,157,.446,95,123,.772,38,187,225,86,23,7,60,67,471
2,1,32,35.5,4.8,11.1,.430,2.6,6.2,.417,2.2,4.9,.446,3.0,3.8,.772,7.0,2.7,0.7,0.2,1.9,2.1,14.7
2,2,32,1136,5.4,12.5,.430,2.9,7.0,.417,2.5,5.5,.446,3.3,4.3,.772,7.9,3.0,0.8,0.2,2.1,2.4,16.6
2,3,32,1136,8.2,19.1,.430,4.5,10.7,.417,3.8,8.4,.446,5.1,6.6,.772,12.1,4.6,1.2,0.4,3.2,3.6,25.3,,117.0,102.7
2,4,32,1136,19.7,.568,.528,.441,.346,452,3.9,19.4,11.6,16.0,1.2,0.7,12.6,21.7,,3.1,1.4,4.5,.159,,5.2,1.8,7.0
3,0,9,34,2,4,.500,1,3,.333,1,1,1.000,0,0,,1,1,2,0,0,0,0,5,5
3,1,9,3.8,0.2,0.4,.500,0.1,0.3,.333,0.1,0.1,1.000,0.0,0.0,,0.2,0.0,0.0,0.0,0.0,0.6,0.6
3,2,9,34,2.4,4.7,.500,1.2,3.5,.333,1.2,1.2,1.000,0.0,0.0,,2.4,0.0,0.0,0.0,0.0,5.9,5.9
3,3,9,34,3.6,7.2,.500,1.8,5.4,.333,1.8,1.8,1.000,0.0,0.0,,3.6,0.0,0.0,0.0,0.0,9.0,9.0,,142.3,111.5
3,4,9,34,4.9,.625,.625,.250,.000,4,3.4,3.5,3.5,0.0,0.0,0.0,0.0,6.1,,0.0,0.0,0.1,.071,,0.2,-1.3,-1.2
4,0,31,363,21,58,.362,9,24,.375,12,34,.353,11,17,.647,6,25,31,23,7,1,12,34,65
4,1,31,11.7,0.7,1.9,.362,0.3,0.8,.375,0.4,1.1,.353,0.4,0.5,.647,1.0,0.7,0.2,0.0,0.4,1.1,2.1
4,2,31,363,2.3,6.4,.362,1.0,2.6,.375,1.3,3.7,.353,1.2,1.9,.647,3.4,2.5,0.8,0.1,1.3,3.7,7.2
4,3,31,363,3.5,9.8,.362,1.5,4.0,.375,2.0,5.7,.353,1.9,2.9,.647,5.2,3.9,1.2,0.2,2.0,5.7,10.9,,105.0,107.2
4,4,31,363,7.5,.492,.466,.586,.293,69,1.9,8.1,5.0,11.5,1.2,0.3,15.4,11.2,,0.3,0.3,0.6,.064,,0.4,0.7,1.0
5,0,28,323,40,72,.556,40,70,.571,0,2,.000,11,22,.500,33,46,79,13,11,23,14,72,91
5,1,28,11.5,1.4,2.6,.556,1.4,2.5,.571,0.0,0.1,.000,0.4,0.8,.500,2.8,0.5,0.4,0.8,0.5,2.6,3.3
5,2,28,323,5.0,8.9,.556,5.0,8.7,.571,0.0,0.2,.000,1.4,2.7,.500,9.8,1.6,1.4,2.8,1.7,8.9,11.3
5,3,28,323,7.6,13.6,.556,7.6,13.2,.571,0.0,0.4,.000,2.1,4.2,.500,14.9,2.5,2.1,4.3,2.6,13.6,17.2,,114.3,96.8
5,4,28,323,17.9,.552,.556,.028,.306,97,12.0,16.8,14.4,8.3,2.1,7.8,14.5,15.5,,0.6,0.6,1.2,.148,,1.5,6.4,8.0
6,0,7,14,1,5,.200,1,3,.333,0,2,.000,0,0,,1,4,5,2,1,0,1,1,2
6,1,7,2.0,0.1,0.7,.200,0.1,0.4,.333,0.0,0.3,.000,0.0,0.0,,0.7,0.3,0.1,0.0,0.1,0.1,0.3
6,2,7,14,2.9,14.3,.200,2.9,8.6,.333,0.0,5.7,.000,0.0,0.0,,14.3,5.7,2.9,0.0,2.9,2.9,5.7
6,3,7,14,4.4,21.8,.200,4.4,13.1,.333,0.0,8.7,.000,0.0,0.0,,21.8,8.7,4.4,0.0,4.4,4.4,8.7,,65.1,90.5
6,4,7,14,8.2,.200,.200,.400,.000,3,8.4,33.6,21.0,26.6,4.4,0.0,16.7,22.3,,0.0,0.0,0.0,-.013,,-4.8,5.3,0.5
7,0,32,943,162,338,.479,162,338,.479,0,0,,119,158,.753,83,121,204,46,11,30,65,118,443
7,1,32,29.5,5.1,10.6,.479,5.1,10.6,.479,0.0,0.0,,3.7,4.9,.753,6.4,1.4,0.3,0.9,2.0,3.7,13.8
7,2,32,943,6.9,14.3,.479,6.9,14.3,.479,0.0,0.0,,5.0,6.7,.753,8.7,2.0,0.5,1.3,2.8,5.0,18.8
7,3,32,943,10.5,21.9,.479,10.5,21.9,.479,0.0,0.0,,7.7,10.2,.753,13.2,3.0,0.7,1.9,4.2,7.6,28.7,,110.4,103.5
7,4,32,943,20.6,.536,.479,.000,.467,438,10.3,15.1,12.7,11.2,0.7,3.5,13.6,26.3,,2.4,1.1,3.5,.148,,1.8,2.1,3.9
8,0,28,254,17,48,.354,8,23,.348,9,25,.360,18,26,.692,17,12,29,16,6,1,12,18,61
8,1,28,9.1,0.6,1.7,.354,0.3,0.8,.348,0.3,0.9,.360,0.6,0.9,.692,1.0,0.6,0.2,0.0,0.4,0.6,2.2
8,2,28,254,2.7,7.6,.354,1.3,3.6,.348,1.4,3.9,.360,2.8,4.1,.692,4.6,2.5,0.9,0.2,1.9,2.8,9.6
8,3,28,254,4.1,11.5,.354,1.9,5.5,.348,2.2,6.0,.360,4.3,6.3,.692,7.0,3.8,1.4,0.2,2.9,4.3,14.7,,109.5,107.7
8,4,28,254,11.4,.505,.448,.521,.542,69,7.8,5.6,6.7,11.6,1.4,0.4,16.6,14.8,,0.4,0.2,0.6,.088,,2.1,0.3,2.4
9,0,32,1153,183,467,.392,106,252,.421,77,215,.358,163,182,.896,8,97,105,99,44,5,67,70,606
9,1,32,36.0,5.7,14.6,.392,3.3,7.9,.421,2.4,6.7,.358,5.1,5.7,.896,3.3,3.1,1.4,0.2,2.1,2.2,18.9
9,2,32,1153,6.3,16.2,.392,3.7,8.7,.421,2.7,7.5,.358,5.7,6.3,.896,3.6,3.4,1.5,0.2,2.3,2.4,21.0
9,3,32,1153,9.7,24.7,.392,5.6,13.3,.421,4.1,11.4,.358,8.6,9.6,.896,5.6,5.2,2.3,0.3,3.5,3.7,32.1,,115.5,104.1
9,4,32,1153,21.5,.547,.474,.460,.390,565,0.8,9.9,5.3,19.1,2.3,0.5,10.8,28.0,,3.7,1.3,5.0,.173,,6.2,0.3,6.5
10,0,2,6,0,0,,0,0,,0,0,,1,2,.500,1,1,2,0,0,0,0,0,1
10,1,2,3.0,0.0,0.0,,0.0,0.0,,0.0,0.0,,0.5,1.0,.500,1.0,0.0,0.0,0.0,0.0,0.0,0.5
10,2,2,6,0.0,0.0,,0.0,0.0,,0.0,0.0,,6.7,13.3,.500,13.3,0.0,0.0,0.0,0.0,0.0,6.7
10,3,2,6,0.0,0.0,,0.0,0.0,,0.0,0.0,,10.2,20.4,.500,20.4,0.0,0.0,0.0,0.0,0.0,10.2,,147.1,106.1
10,4,2,6,16.4,.526,,,,1,19.5,19.6,19.6,0.0,0.0,0.0,0.0,8.2,,0.0,0.0,0.0,.150,,0.8,-3.9,-3.1
11,0,30,250,9,29,.310,5,16,.313,4,13,.308,1,5,.200,4,11,15,18,9,0,14,27,23
11,1,30,8.3,0.3,1.0,.310,0.2,0.5,.313,0.1,0.4,.308,0.0,0.2,.200,0.5,0.6,0.3,0.0,0.5,0.9,0.8
11,2,30,250,1.4,4.6,.310,0.8,2.6,.313,0.6,2.1,.308,0.2,0.8,.200,2.4,2.9,1.4,0.0,2.2,4.3,3.7
11,3,30,250,2.2,7.1,.310,1.2,3.9,.313,1.0,3.2,.308,0.2,1.2,.200,3.7,4.4,2.2,0.0,3.4,6.6,5.6,,74.4,106.2
11,4,30,250,2.6,.367,.379,.448,.172,31,1.9,5.2,3.5,12.6,2.2,0.0,30.9,9.4,,-0.2,0.2,0.0,.005,,-2.7,1.6,-1.1
12,0,23,524,53,109,.486,53,109,.486,0,0,,35,69,.507,48,75,123,11,20,3,20,44,141
12,1,23,22.8,2.3,4.7,.486,2.3,4.7,.486,0.0,0.0,,1.5,3.0,.507,5.3,0.5,0.9,0.1,0.9,1.9,6.1
12,2,23,524,4.0,8.3,.486,4.0,8.3,.486,0.0,0.0,,2.7,5.3,.507,9.4,0.8,1.5,0.2,1.5,3.4,10.8
12,3,23,524,6.2,12.7,.486,6.2,12.7,.486,0.0,0.0,,4.1,8.0,.507,14.3,1.3,2.3,0.3,2.3,5.1,16.4,,107.3,101.1
12,4,23,524,15.0,.497,.486,.000,.633,148,10.7,16.8,13.8,4.1,2.3,0.6,12.4,16.0,,0.7,0.7,1.4,.110,,0.4,2.1,2.5
13,0,8,92,5,12,.417,5,12,.417,0,0,,2,4,.500,10,8,18,4,3,4,3,16,12
13,1,8,11.5,0.6,1.5,.417,0.6,1.5,.417,0.0,0.0,,0.3,0.5,.500,2.3,0.5,0.4,0.5,0.4,2.0,1.5
13,2,8,92,2.2,5.2,.417,2.2,5.2,.417,0.0,0.0,,0.9,1.7,.500,7.8,1.7,1.3,1.7,1.3,7.0,5.2
13,3,8,92,3.3,8.0,.417,3.3,8.0,.417,0.0,0.0,,1.3,2.7,.500,11.9,2.7,2.0,2.7,2.0,10.6,8.0,,107.1,101.5
13,4,8,92,10.5,.432,.417,.000,.333,18,12.7,10.2,11.5,7.9,2.0,4.7,17.8,9.5,,0.1,0.1,0.2,.090,,0.3,5.3,5.7
