0,0,37,1049,136,315,.432,65,152,.428,71,163,.436,91,115,.791,13,46,59,135,24,0,84,70,434
0,1,37,28.4,3.7,8.5,.432,1.8,4.1,.428,1.9,4.4,.436,2.5,3.1,.791,1.6,3.6,0.6,0.0,2.3,1.9,11.7
0,2,37,1049,5.2,12.0,.432,2.5,5.8,.428,2.7,6.2,.436,3.5,4.4,.791,2.2,5.1,0.9,0.0,3.2,2.7,16.5
0,3,37,1049,7.7,17.8,.432,3.7,8.6,.428,4.0,9.2,.436,5.1,6.5,.791,3.3,7.6,1.4,0.0,4.7,4.0,24.5,,114.2,99.0
0,4,37,1049,16.9,.587,.544,.517,.365,437,1.4,5.1,3.3,26.1,1.4,0.0,18.5,21.7,,2.8,1.6,4.4,.166,,4.7,-0.5,4.2
1,0,9,35,4,7,.571,4,7,.571,0,0,,2,7,.286,3,7,10,1,2,2,4,4,10
1,1,9,3.9,0.4,0.8,.571,0.4,0.8,.571,0.0,0.0,,0.2,0.8,.286,1.1,0.1,0.2,0.2,0.4,0.4,1.1
1,2,9,35,4.6,8.0,.571,4.6,8.0,.571,0.0,0.0,,2.3,8.0,.286,11.4,1.1,2.3,2.3,4.6,4.6,11.4
1,3,9,35,6.8,11.8,.571,6.8,11.8,.571,0.0,0.0,,3.4,11.8,.286,16.9,1.7,3.4,3.4,6.8,6.8,16.9,,79.8,83.7
1,4,9,35,14.0,.484,.571,.000,1.000,10,10.0,23.4,16.7,5.6,3.4,6.3,27.9,20.6,,0.0,0.1,0.1,.080,,-4.8,6.8,2.0
2,0,37,886,106,268,.396,64,148,.432,42,120,.350,45,72,.625,32,117,149,38,23,4,49,65,299
2,1,37,23.9,2.9,7.2,.396,1.7,4.0,.432,1.1,3.2,.350,1.2,1.9,.625,4.0,1.0,0.6,0.1,1.3,1.8,8.1
2,2,37,886,4.8,12.1,.396,2.9,6.7,.432,1.9,5.4,.350,2.0,3.3,.625,6.7,1.7,1.0,0.2,2.2,2.9,13.5
2,3,37,886,7.1,17.9,.396,4.3,9.9,.432,2.8,8.0,.350,3.0,4.8,.625,10.0,2.5,1.5,0.3,3.3,4.3,20.0,,100.7,94.2
2,4,37,886,12.8,.495,.474,.448,.269,280,4.2,15.5,9.8,8.5,1.5,0.5,14.0,19.9,,0.9,1.7,2.7,.120,,0.6,1.9,2.5
3,0,33,302,46,107,.430,19,34,.559,27,73,.370,10,14,.714,12,29,41,7,9,5,15,34,129
3,1,33,9.2,1.4,3.2,.430,0.6,1.0,.559,0.8,2.2,.370,0.3,0.4,.714,1.2,0.2,0.3,0.2,0.5,1.0,3.9
3,2,33,302,6.1,14.2,.430,2.5,4.5,.559,3.6,9.7,.370,1.3,1.9,.714,5.4,0.9,1.2,0.7,2.0,4.5,17.1
3,3,33,302,9.0,21.0,.430,3.7,6.7,.559,5.3,14.3,.370,2.0,2.7,.714,8.0,1.4,1.8,1.0,2.9,6.7,25.3,,111.7,94.4
3,4,33,302,16.5,.568,.556,.682,.131,109,4.6,11.2,7.9,4.9,1.8,1.8,11.7,21.4,,0.6,0.6,1.2,.162,,3.3,0.6,3.9
4,0,12,162,11,41,.268,8,30,.267,3,11,.273,18,25,.720,11,13,24,13,5,0,9,14,43
4,1,12,13.5,0.9,3.4,.268,0.7,2.5,.267,0.3,0.9,.273,1.5,2.1,.720,2.0,1.1,0.4,0.0,0.8,1.2,3.6
4,2,12,162,2.7,10.1,.268,2.0,7.4,.267,0.7,2.7,.273,4.4,6.2,.720,5.9,3.2,1.2,0.0,2.2,3.5,10.6
4,3,12,162,4.0,15.0,.268,2.9,11.0,.267,1.1,4.0,.273,6.6,9.1,.720,8.8,4.8,1.8,0.0,3.3,5.1,15.7,,96.7,96.2
4,4,12,162,10.4,.407,.305,.268,.610,50,7.9,9.4,8.7,14.4,1.8,0.0,14.5,19.2,,0.1,0.3,0.4,.099,,-0.7,1.6,0.9
5,0,37,742,73,167,.437,61,124,.492,12,43,.279,38,74,.514,63,113,176,33,17,43,27,60,196
5,1,37,20.1,2.0,4.5,.437,1.6,3.4,.492,0.3,1.2,.279,1.0,2.0,.514,4.8,0.9,0.5,1.2,0.7,1.6,5.3
5,2,37,742,3.9,9.0,.437,3.3,6.7,.492,0.6,2.3,.279,2.0,4.0,.514,9.5,1.8,0.9,2.3,1.5,3.2,10.6
5,3,37,742,5.8,13.3,.437,4.9,9.9,.492,1.0,3.4,.279,3.0,5.9,.514,14.0,2.6,1.4,3.4,2.2,4.8,15.6,,108.5,90.5
5,4,37,742,16.4,.485,.473,.257,.443,211,9.9,17.8,13.9,8.5,1.4,6.4,11.8,15.5,,1.1,1.7,2.8,.151,,1.0,6.2,7.2
6,0,13,39,2,8,.250,1,3,.333,1,5,.200,0,0,,2,2,4,2,0,0,4,3,5
6,1,13,3.0,0.2,0.6,.250,0.1,0.2,.333,0.1,0.4,.200,0.0,0.0,,0.3,0.2,0.0,0.0,0.3,0.2,0.4
6,2,13,39,2.1,8.2,.250,1.0,3.1,.333,1.0,5.1,.200,0.0,0.0,,4.1,2.1,0.0,0.0,4.1,3.1,5.1
6,3,13,39,3.0,12.1,.250,1.5,4.6,.333,1.5,7.6,.200,0.0,0.0,,6.1,3.0,0.0,0.0,6.1,4.6,7.6,,60.8,101.6
6,4,13,39,-2.0,.313,.313,.625,.000,6,6.0,6.0,6.0,9.0,0.0,0.0,33.3,15.5,,-0.1,0.0,0.0,-.038,,-5.7,0.1,-5.6
7,0,36,700,42,114,.368,41,104,.394,1,10,.100,49,80,.613,36,68,104,72,25,1,54,60,134
7,1,36,19.4,1.2,3.2,.368,1.1,2.9,.394,0.0,0.3,.100,1.4,2.2,.613,2.9,2.0,0.7,0.0,1.5,1.7,3.7
7,2,36,700,2.4,6.5,.368,2.3,5.9,.394,0.1,0.6,.100,2.8,4.6,.613,5.9,4.1,1.4,0.1,3.1,3.4,7.7
7,3,36,700,3.6,9.6,.368,3.5,8.8,.394,0.1,0.8,.100,4.1,6.8,.613,8.8,6.1,2.1,0.1,4.6,5.1,11.3,,91.4,94.7
7,4,36,700,9.3,.441,.373,.088,.702,173,6.0,11.4,8.7,18.3,2.1,0.2,26.2,14.8,,0.1,1.3,1.5,.084,,-1.4,3.6,2.2
8,0,10,23,0,6,.000,0,6,.000,0,0,,0,2,.000,1,0,1,4,0,0,6,5,0
8,1,10,2.3,0.0,0.6,.000,0.0,0.6,.000,0.0,0.0,,0.0,0.2,.000,0.1,0.4,0.0,0.0,0.6,0.5,0.0
8,2,10,23,0.0,10.4,.000,0.0,10.4,.000,0.0,0.0,,0.0,3.5,.000,1.7,7.0,0.0,0.0,10.4,8.7,0.0
8,3,10,23,0.0,15.4,.000,0.0,15.4,.000,0.0,0.0,,0.0,5.1,.000,2.6,10.3,0.0,0.0,15.4,12.9,0.0,,22.3,103.0
8,4,10,23,-24.1,.000,.000,.000,.333,3,5.1,0.0,2.5,27.9,0.0,0.0,46.3,28.3,,-0.2,0.0,-0.2,-.351,,-21.7,-2.4,-24.1
9,0,25,155,13,37,.351,11,33,.333,2,4,.500,22,32,.688,10,18,28,6,2,5,21,24,50
9,1,25,6.2,0.5,1.5,.351,0.4,1.3,.333,0.1,0.2,.500,0.9,1.3,.688,1.1,0.2,0.1,0.2,0.8,1.0,2.0
9,2,25,155,3.4,9.5,.351,2.8,8.5,.333,0.5,1.0,.500,5.7,8.3,.688,7.2,1.5,0.5,1.3,5.4,6.2,12.9
9,3,25,155,5.0,14.1,.351,4.2,12.6,.333,0.8,1.5,.500,8.4,12.2,.688,10.7,2.3,0.8,1.9,8.0,9.2,19.1,,82.6,94.5
9,4,25,155,7.3,.479,.378,.108,.865,51,7.5,13.6,10.5,7.2,0.8,3.5,28.7,23.7,,-0.1,0.3,0.2,.047,,-5.6,2.3,-3.3
10,0,37,1001,177,310,.571,177,310,.571,0,0,,77,124,.621,82,134,216,32,45,26,59,87,431
10,1,37,27.1,4.8,8.4,.571,4.8,8.4,.571,0.0,0.0,,2.1,3.4,.621,5.8,0.9,1.2,0.7,1.6,2.4,11.6
10,2,37,1001,7.1,12.4,.571,7.1,12.4,.571,0.0,0.0,,3.1,5.0,.621,8.6,1.3,1.8,1.0,2.4,3.5,17.2
10,3,37,1001,10.5,18.3,.571,10.5,18.3,.571,0.0,0.0,,4.6,7.3,.621,12.8,1.9,2.7,1.5,3.5,5.1,25.5,,114.2,90.3
10,4,37,1001,22.4,.584,.571,.000,.400,400,9.5,15.7,12.6,7.2,2.7,2.9,13.8,21.5,,2.6,2.3,4.9,.195,,2.8,4.5,7.4
11,0,35,614,73,161,.453,72,144,.500,1,17,.059,55,78,.705,40,121,161,26,28,21,52,80,202
11,1,35,17.5,2.1,4.6,.453,2.1,4.1,.500,0.0,0.5,.059,1.6,2.2,.705,4.6,0.7,0.8,0.6,1.5,2.3,5.8
11,2,35,614,4.8,10.5,.453,4.7,9.4,.500,0.1,1.1,.059,3.6,5.1,.705,10.5,1.7,1.8,1.4,3.4,5.2,13.2
11,3,35,614,7.0,15.5,.453,6.9,13.9,.500,0.1,1.6,.059,5.3,7.5,.705,15.5,2.5,2.7,2.0,5.0,7.7,19.5,,96.4,86.5
11,4,35,614,15.8,.510,.457,.106,.484,202,7.6,23.1,15.3,8.4,2.7,3.8,20.8,20.5,,0.5,1.6,2.1,.137,,-1.6,5.6,3.9
12,0,37,1127,169,385,.439,84,191,.440,85,194,.438,89,117,.761,21,98,119,76,42,2,83,111,512
12,1,37,30.5,4.6,10.4,.439,2.3,5.2,.440,2.3,5.2,.438,2.4,3.2,.761,3.2,2.1,1.1,0.1,2.2,3.0,13.8
12,2,37,1127,6.0,13.7,.439,3.0,6.8,.440,3.0,6.9,.438,3.2,4.2,.761,4.2,2.7,1.5,0.1,2.9,3.9,18.2
12,3,37,1127,8.9,20.2,.439,4.4,10.0,.440,4.5,10.2,.438,4.7,6.1,.761,6.3,4.0,2.2,0.1,4.4,5.8,26.9,,111.3,94.8
12,4,37,1127,17.5,.581,.549,.504,.304,464,2.2,10.2,6.2,14.2,2.2,0.2,15.9,23.3,,2.7,2.1,4.8,.171,,4.6,1.7,6.3
13,0,12,27,4,5,.800,4,5,.800,0,0,,3,4,.750,2,4,6,0,3,0,0,2,11
13,1,12,2.3,0.3,0.4,.800,0.3,0.4,.800,0.0,0.0,,0.3,0.3,.750,0.5,0.0,0.3,0.0,0.0,0.2,0.9
13,2,12,27,5.9,7.4,.800,5.9,7.4,.800,0.0,0.0,,4.4,5.9,.750,8.9,0.0,4.4,0.0,0.0,3.0,16.3
13,3,12,27,8.8,11.0,.800,8.8,11.0,.800,0.0,0.0,,6.6,8.8,.750,13.2,0.0,6.6,0.0,0.0,4.4,24.1,,174.0,82.7
13,4,12,27,31.1,.797,.800,.000,.800,9,8.6,17.4,13.0,0.0,6.6,0.0,0.0,12.8,,0.1,0.1,0.2,.314,,6.0,2.7,8.7
14,0,27,218,27,57,.474,25,48,.521,2,9,.222,12,15,.800,20,26,46,6,3,6,10,30,68
14,1,27,8.1,1.0,2.1,.474,0.9,1.8,.521,0.1,0.3,.222,0.4,0.6,.800,1.7,0.2,0.1,0.2,0.4,1.1,2.5
14,2,27,218,5.0,10.5,.474,4.6,8.8,.521,0.4,1.7,.222,2.2,2.8,.800,8.4,1.1,0.6,1.1,1.8,5.5,12.5
14,3,27,218,7.3,15.5,.474,6.8,13.0,.521,0.5,2.4,.222,3.3,4.1,.800,12.5,1.6,0.8,1.6,2.7,8.1,18.5,,110.9,94.6
14,4,27,218,14.7,.530,.491,.158,.263,68,10.7,14.0,12.3,5.5,0.8,3.0,13.5,17.1,,0.4,0.4,0.8,.148,,0.3,2.2,2.5
15,0,33,445,55,119,.462,50,103,.485,5,16,.313,18,35,.514,29,54,83,24,18,11,26,67,133
15,1,33,13.5,1.7,3.6,.462,1.5,3.1,.485,0.2,0.5,.313,0.5,1.1,.514,2.5,0.7,0.5,0.3,0.8,2.0,4.0
15,2,33,445,4.9,10.7,.462,4.5,9.3,.485,0.4,1.4,.313,1.6,3.1,.514,7.5,2.2,1.6,1.0,2.3,6.0,12.0
15,3,33,445,7.3,15.8,.462,6.7,13.7,.485,0.7,2.1,.313,2.4,4.7,.514,11.0,3.2,2.4,1.5,3.5,8.9,17.7,,100.2,91.1
15,4,33,445,13.7,.490,.483,.134,.294,135,7.6,14.2,10.9,10.8,2.4,2.7,16.1,18.3,,0.4,1.0,1.4,.129,,-0.2,4.4,4.2
