0,0,16,74,5,9,.556,5,8,.625,0,1,.000,3,5,.600,1,2,3,1,1,0,1,5,13
0,1,16,4.6,0.3,0.6,.556,0.3,0.5,.625,0.0,0.1,.000,0.2,0.3,.600,0.2,0.1,0.1,0.0,0.1,0.3,0.8
0,2,16,74,2.7,4.9,.556,2.7,4.3,.625,0.0,0.5,.000,1.6,2.7,.600,1.6,0.5,0.5,0.0,0.5,2.7,7.0
0,3,16,74,4.0,7.3,.556,4.0,6.4,.625,0.0,0.8,.000,2.4,4.0,.600,2.4,0.8,0.8,0.0,0.8,4.0,10.5,,117.0,110.7
0,4,16,74,6.7,.571,.556,.111,.556,12,1.6,3.1,2.4,2.4,0.8,0.0,8.1,8.7,,0.1,0.1,0.1,.067,,-0.6,0.0,-0.6
1,0,33,286,23,63,.365,20,46,.435,3,17,.176,6,16,.375,18,18,36,17,12,2,10,24,55
1,1,33,8.7,0.7,1.9,.365,0.6,1.4,.435,0.1,0.5,.176,0.2,0.5,.375,1.1,0.5,0.4,0.1,0.3,0.7,1.7
1,2,33,286,3.2,8.8,.365,2.8,6.4,.435,0.4,2.4,.176,0.8,2.2,.375,5.0,2.4,1.7,0.3,1.4,3.4,7.7
1,3,33,286,4.8,13.1,.365,4.2,9.6,.435,0.6,3.5,.176,1.3,3.3,.375,7.5,3.5,2.5,0.4,2.1,5.0,11.5,,92.9,104.7
1,4,33,286,8.8,.390,.389,.270,.254,67,7.7,7.2,7.4,11.0,2.5,0.8,12.4,14.7,,0.0,0.4,0.4,.053,,-0.8,2.1,1.3
2,0,1,7,0,1,.000,0,1,.000,0,0,,0,0,,0,0,0,0,1,0,0,0,0
2,1,1,7.0,0.0,1.0,.000,0.0,1.0,.000,0.0,0.0,,0.0,0.0,,0.0,0.0,1.0,0.0,0.0,0.0,0.0
2,2,1,7,0.0,5.7,.000,0.0,5.7,.000,0.0,0.0,,0.0,0.0,,0.0,0.0,5.7,0.0,0.0,0.0,0.0
2,3,1,7,0.0,8.5,.000,0.0,8.5,.000,0.0,0.0,,0.0,0.0,,0.0,0.0,8.5,0.0,0.0,0.0,0.0,,0.0,95.0
2,4,1,7,2.6,.000,.000,.000,.000,0,0.0,0.0,0.0,0.0,8.5,0.0,0.0,7.4,,0.0,0.0,0.0,-.015,,-5.4,7.7,2.3
3,0,7,135,10,28,.357,3,10,.300,7,18,.389,14,19,.737,0,8,8,16,2,0,7,11,41
3,1,7,19.3,1.4,4.0,.357,0.4,1.4,.300,1.0,2.6,.389,2.0,2.7,.737,1.1,2.3,0.3,0.0,1.0,1.6,5.9
3,2,7,135,3.0,8.3,.357,0.9,3.0,.300,2.1,5.3,.389,4.1,5.6,.737,2.4,4.7,0.6,0.0,2.1,3.3,12.1
3,3,7,135,4.4,12.4,.357,1.3,4.4,.300,3.1,8.0,.389,6.2,8.4,.737,3.5,7.1,0.9,0.0,3.1,4.9,18.1,,114.0,109.0
3,4,7,135,12.0,.554,.482,.643,.679,44,0.0,6.8,3.5,21.7,0.9,0.0,15.9,17.0,,0.2,0.1,0.4,.106,,2.2,-1.8,0.4
4,0,36,1206,142,299,.475,89,182,.489,53,117,.453,106,135,.785,33,147,180,75,31,4,70,67,443
4,1,36,33.5,3.9,8.3,.475,2.5,5.1,.489,1.5,3.3,.453,2.9,3.8,.785,5.0,2.1,0.9,0.1,1.9,1.9,12.3
4,2,36,1206,4.7,9.9,.475,3.0,6.0,.489,1.8,3.9,.453,3.5,4.5,.785,6.0,2.5,1.0,0.1,2.3,2.2,14.7
4,3,36,1206,7.0,14.8,.475,4.4,9.0,.489,2.6,5.8,.453,5.2,6.7,.785,8.9,3.7,1.5,0.2,3.5,3.3,21.9,,115.8,104.5
4,4,36,1206,16.6,.610,.564,.391,.452,427,3.3,13.9,8.8,12.4,1.5,0.4,16.2,18.7,,2.5,1.6,4.0,.134,,4.0,1.8,5.8
5,0,34,390,35,98,.357,9,21,.429,26,77,.338,16,17,.941,14,39,53,11,12,11,15,54,112
5,1,34,11.5,1.0,2.9,.357,0.3,0.6,.429,0.8,2.3,.338,0.5,0.5,.941,1.6,0.3,0.4,0.3,0.4,1.6,3.3
5,2,34,390,3.6,10.1,.357,0.9,2.2,.429,2.7,7.9,.338,1.6,1.7,.941,5.4,1.1,1.2,1.1,1.5,5.5,11.5
5,3,34,390,5.4,15.0,.357,1.4,3.2,.429,4.0,11.8,.338,2.4,2.6,.941,8.1,1.7,1.8,1.7,2.3,8.3,17.1,,107.2,102.9
5,4,34,390,11.4,.528,.490,.786,.173,107,4.4,11.4,8.0,5.3,1.8,3.1,12.4,16.2,,0.4,0.6,1.0,.101,,1.9,1.8,3.8
6,0,36,1266,156,346,.451,130,269,.483,26,77,.338,64,102,.627,91,204,295,43,21,69,43,76,402
6,1,36,35.2,4.3,9.6,.451,3.6,7.5,.483,0.7,2.1,.338,1.8,2.8,.627,8.2,1.2,0.6,1.9,1.2,2.1,11.2
6,2,36,1266,4.9,10.9,.451,4.1,8.5,.483,0.8,2.4,.338,2.0,3.2,.627,9.3,1.4,0.7,2.2,1.4,2.4,12.7
6,3,36,1266,7.4,16.3,.451,6.1,12.7,.483,1.2,3.6,.338,3.0,4.8,.627,13.9,2.0,1.0,3.3,2.0,3.6,18.9,,110.2,100.7
6,4,36,1266,17.3,.510,.488,.223,.295,413,8.8,18.4,13.7,6.8,1.0,5.9,9.8,18.0,,1.9,2.1,4.0,.126,,1.4,4.7,6.1
7,0,35,440,24,69,.348,10,24,.417,14,45,.311,9,14,.643,11,26,37,12,14,1,8,36,71
7,1,35,12.6,0.7,2.0,.348,0.3,0.7,.417,0.4,1.3,.311,0.3,0.4,.643,1.1,0.3,0.4,0.0,0.2,1.0,2.0
7,2,35,440,2.2,6.3,.348,0.9,2.2,.417,1.3,4.1,.311,0.8,1.3,.643,3.4,1.1,1.3,0.1,0.7,3.3,6.5
7,3,35,440,3.3,9.4,.348,1.4,3.3,.417,1.9,6.1,.311,1.2,1.9,.643,5.0,1.6,1.9,0.1,1.1,4.9,9.6,,103.5,106.6
7,4,35,440,6.8,.469,.449,.652,.203,72,3.0,6.8,5.0,4.8,1.9,0.2,9.6,9.9,,0.2,0.5,0.7,.064,,0.5,1.5,2.1
8,0,8,13,0,2,.000,0,0,,0,2,.000,1,4,.250,0,3,3,1,2,0,0,0,1
8,1,8,1.6,0.0,0.3,.000,0.0,0.0,,0.0,0.3,.000,0.1,0.5,.250,0.4,0.1,0.3,0.0,0.0,0.0,0.1
8,2,8,13,0.0,6.2,.000,0.0,0.0,,0.0,6.2,.000,3.1,12.3,.250,9.2,3.1,6.2,0.0,0.0,0.0,3.1
8,3,8,13,0.0,9.2,.000,0.0,0.0,,0.0,9.2,.000,4.6,18.4,.250,13.8,4.6,9.2,0.0,0.0,0.0,4.6,,45.7,82.7
8,4,8,13,9.1,.128,.000,1.000,2.000,1,0.0,26.4,13.6,12.4,9.2,0.0,0.0,15.6,,0.0,0.0,0.0,.005,,-2.8,7.8,5.0
9,0,36,709,98,169,.580,98,168,.583,0,1,.000,71,111,.640,32,70,102,41,7,33,45,119,267
9,1,36,19.7,2.7,4.7,.580,2.7,4.7,.583,0.0,0.0,.000,2.0,3.1,.640,2.8,1.1,0.2,0.9,1.3,3.3,7.4
9,2,36,709,5.5,9.5,.580,5.5,9.5,.583,0.0,0.1,.000,4.0,6.3,.640,5.8,2.3,0.4,1.9,2.5,6.7,15.1
9,3,36,709,8.2,14.2,.580,8.2,14.1,.583,0.0,0.1,.000,6.0,9.3,.640,8.6,3.4,0.6,2.8,3.8,10.0,22.5,,113.1,104.5
9,4,36,709,16.1,.602,.580,.006,.657,262,5.5,11.3,8.5,12.0,0.6,5.1,16.9,19.6,,1.4,0.9,2.3,.129,,1.2,3.1,4.4
10,0,36,1167,175,379,.462,165,340,.485,10,39,.256,145,211,.687,70,177,247,112,47,30,104,113,505
10,1,36,32.4,4.9,10.5,.462,4.6,9.4,.485,0.3,1.1,.256,4.0,5.9,.687,6.9,3.1,1.3,0.8,2.9,3.1,14.0
10,2,36,1167,6.0,13.0,.462,5.7,11.7,.485,0.3,1.3,.256,5.0,7.2,.687,8.5,3.8,1.6,1.0,3.6,3.9,17.3
10,3,36,1167,8.9,19.4,.462,8.4,17.4,.485,0.5,2.0,.256,7.4,10.8,.687,12.6,5.7,2.4,1.5,5.3,5.8,25.8,,104.3,99.6
10,4,36,1167,19.7,.527,.475,.103,.557,537,7.3,17.3,12.5,20.4,2.4,2.8,17.8,26.0,,1.8,2.0,3.8,.131,,2.0,4.5,6.5
11,0,36,1263,218,460,.474,150,285,.526,68,175,.389,171,223,.767,20,109,129,77,37,2,88,93,675
11,1,36,35.1,6.1,12.8,.474,4.2,7.9,.526,1.9,4.9,.389,4.8,6.2,.767,3.6,2.1,1.0,0.1,2.4,2.6,18.8
11,2,36,1263,6.9,14.6,.474,4.8,9.0,.526,2.2,5.5,.389,5.4,7.1,.767,4.1,2.4,1.2,0.1,2.8,2.9,21.4
11,3,36,1263,10.3,21.7,.474,7.1,13.5,.526,3.2,8.3,.389,8.1,10.5,.767,6.1,3.6,1.7,0.1,4.2,4.4,31.9,,114.7,105.7
11,4,36,1263,20.3,.596,.548,.380,.485,614,1.9,9.9,6.0,13.6,1.7,0.2,13.5,27.0,,3.4,1.5,4.9,.155,,5.4,0.0,5.4
12,0,14,69,3,9,.333,3,9,.333,0,0,,1,7,.143,1,8,9,0,0,1,5,11,7
12,1,14,4.9,0.2,0.6,.333,0.2,0.6,.333,0.0,0.0,,0.1,0.5,.143,0.6,0.0,0.0,0.1,0.4,0.8,0.5
12,2,14,69,1.7,5.2,.333,1.7,5.2,.333,0.0,0.0,,0.6,4.1,.143,5.2,0.0,0.0,0.6,2.9,6.4,4.1
12,3,14,69,2.6,7.8,.333,2.6,7.8,.333,0.0,0.0,,0.9,6.1,.143,7.8,0.0,0.0,0.9,4.3,9.5,6.1,,44.9,107.0
12,4,14,69,-4.3,.284,.333,.000,.778,7,1.8,13.2,7.7,0.0,0.0,1.6,28.9,13.1,,-0.2,0.1,-0.1,-.071,,-10.0,-0.6,-10.6
13,0,6,19,1,2,.500,0,0,,1,2,.500,0,0,,0,4,4,2,1,0,2,3,3
13,1,6,3.2,0.2,0.3,.500,0.0,0.0,,0.2,0.3,.500,0.0,0.0,,0.7,0.3,0.2,0.0,0.3,0.5,0.5
13,2,6,19,2.1,4.2,.500,0.0,0.0,,2.1,4.2,.500,0.0,0.0,,8.4,4.2,2.1,0.0,4.2,6.3,6.3
13,3,6,19,3.1,6.3,.500,0.0,0.0,,3.1,6.3,.500,0.0,0.0,,12.6,6.3,3.1,0.0,6.3,9.4,9.4,,87.4,96.4
13,4,6,19,8.4,.750,.750,1.000,.000,3,0.0,24.1,12.4,18.6,3.1,0.0,50.0,11.0,,0.0,0.0,0.0,.070,,-1.0,3.5,2.4
14,0,32,182,6,16,.375,6,16,.375,0,0,,9,13,.692,11,23,34,7,3,1,7,42,21
14,1,32,5.7,0.2,0.5,.375,0.2,0.5,.375,0.0,0.0,,0.3,0.4,.692,1.1,0.2,0.1,0.0,0.2,1.3,0.7
14,2,32,182,1.3,3.5,.375,1.3,3.5,.375,0.0,0.0,,2.0,2.9,.692,7.5,1.5,0.7,0.2,1.5,9.2,4.6
14,3,32,182,2.0,5.2,.375,2.0,5.2,.375,0.0,0.0,,2.9,4.3,.692,11.1,2.3,1.0,0.3,2.3,13.8,6.9,,101.4,104.5
14,4,32,182,4.6,.474,.375,.000,.813,29,7.4,14.4,11.0,6.6,1.0,0.6,24.0,8.3,,0.1,0.2,0.3,.068,,-1.6,2.3,0.7
