0,0,1,2,0,0,,0,0,,0,0,,0,0,,1,0,1,0,1,0,0,0,0
0,1,1,2.0,0.0,0.0,,0.0,0.0,,0.0,0.0,,0.0,0.0,,1.0,0.0,1.0,0.0,0.0,0.0,0.0
0,2,1,2,0.0,0.0,,0.0,0.0,,0.0,0.0,,0.0,0.0,,20.0,0.0,20.0,0.0,0.0,0.0,0.0
0,3,1,2,0.0,0.0,,0.0,0.0,,0.0,0.0,,0.0,0.0,,30.4,0.0,30.4,0.0,0.0,0.0,0.0,,217.7,42.2
0,4,1,2,53.9,,,,,1,59.6,0.0,30.2,0.0,30.4,0.0,,0.0,,0.0,0.0,0.0,.457,,19.4,24.5,43.9
1,0,31,585,48,139,.345,17,49,.347,31,90,.344,32,36,.889,3,26,29,61,13,0,39,51,159
1,1,31,18.9,1.5,4.5,.345,0.5,1.6,.347,1.0,2.9,.344,1.0,1.2,.889,0.9,2.0,0.4,0.0,1.3,1.6,5.1
1,2,31,585,3.3,9.5,.345,1.2,3.4,.347,2.1,6.2,.344,2.2,2.5,.889,2.0,4.2,0.9,0.0,2.7,3.5,10.9
1,3,31,585,5.0,14.4,.345,1.8,5.1,.347,3.2,9.3,.344,3.3,3.7,.889,3.0,6.3,1.3,0.0,4.0,5.3,16.5,,100.8,104.5
1,4,31,585,9.5,.509,.457,.647,.259,167,0.6,5.4,3.0,20.9,1.3,0.0,20.0,17.4,,0.6,0.6,1.1,.078,,0.7,-1.0,-0.3
2,0,30,718,90,216,.417,48,97,.495,42,119,.353,39,55,.709,31,66,97,23,16,7,32,40,261
2,1,30,23.9,3.0,7.2,.417,1.6,3.2,.495,1.4,4.0,.353,1.3,1.8,.709,3.2,0.8,0.5,0.2,1.1,1.3,8.7
2,2,30,718,5.0,12.0,.417,2.7,5.4,.495,2.3,6.6,.353,2.2,3.1,.709,5.4,1.3,0.9,0.4,1.8,2.2,14.5
2,3,30,718,7.6,18.3,.417,4.1,8.2,.495,3.6,10.1,.353,3.3,4.7,.709,8.2,1.9,1.4,0.6,2.7,3.4,22.1,,109.3,101.8
2,4,30,718,15.3,.539,.514,.551,.255,238,5.1,11.3,8.2,7.0,1.4,1.1,11.7,19.9,,1.3,0.9,2.2,.122,,2.9,0.8,3.7
3,0,20,166,25,63,.397,8,17,.471,17,46,.370,8,10,.800,11,14,25,3,0,6,8,16,75
3,1,20,8.3,1.3,3.2,.397,0.4,0.9,.471,0.9,2.3,.370,0.4,0.5,.800,1.3,0.2,0.0,0.3,0.4,0.8,3.8
3,2,20,166,6.0,15.2,.397,1.9,4.1,.471,4.1,11.1,.370,1.9,2.4,.800,6.0,0.7,0.0,1.4,1.9,3.9,18.1
3,3,20,166,9.1,23.1,.397,2.9,6.2,.471,6.2,16.8,.370,2.9,3.7,.800,9.1,1.1,0.0,2.2,2.9,5.9,27.4,,111.7,103.4
3,4,20,166,17.4,.554,.532,.730,.159,66,7.9,10.3,9.1,4.2,0.0,4.1,10.6,23.8,,0.4,0.2,0.6,.138,,3.7,-1.2,2.4
4,0,31,1011,173,409,.423,85,204,.417,88,205,.429,85,107,.794,18,87,105,30,16,4,66,73,519
4,1,31,32.6,5.6,13.2,.423,2.7,6.6,.417,2.8,6.6,.429,2.7,3.5,.794,3.4,1.0,0.5,0.1,2.1,2.4,16.7
4,2,31,1011,6.8,16.2,.423,3.4,8.1,.417,3.5,8.1,.429,3.4,4.2,.794,4.2,1.2,0.6,0.2,2.6,2.9,20.5
4,3,31,1011,10.4,24.6,.423,5.1,12.3,.417,5.3,12.3,.429,5.1,6.4,.794,6.3,1.8,1.0,0.2,4.0,4.4,31.2,,109.0,103.2
4,4,31,1011,17.6,.564,.531,.501,.262,441,2.1,10.5,6.3,7.3,1.0,0.4,12.6,27.1,,2.3,1.1,3.5,.138,,4.0,-1.1,3.0
5,0,26,197,11,40,.275,7,26,.269,4,14,.286,11,15,.733,0,15,15,15,8,1,23,18,37
5,1,26,7.6,0.4,1.5,.275,0.3,1.0,.269,0.2,0.5,.286,0.4,0.6,.733,0.6,0.6,0.3,0.0,0.9,0.7,1.4
5,2,26,197,2.2,8.1,.275,1.4,5.3,.269,0.8,2.8,.286,2.2,3.0,.733,3.0,3.0,1.6,0.2,4.7,3.7,7.5
5,3,26,197,3.4,12.3,.275,2.2,8.0,.269,1.2,4.3,.286,3.4,4.6,.733,4.6,4.6,2.5,0.3,7.1,5.6,11.4,,66.4,100.2
5,4,26,197,2.1,.393,.325,.350,.375,40,0.0,9.3,4.6,14.5,2.5,0.6,32.8,18.5,,-0.4,0.3,-0.1,-.027,,-6.4,1.7,-4.7
6,0,28,276,24,55,.436,22,45,.489,2,10,.200,13,20,.650,27,29,56,7,3,7,7,17,63
6,1,28,9.9,0.9,2.0,.436,0.8,1.6,.489,0.1,0.4,.200,0.5,0.7,.650,2.0,0.3,0.1,0.3,0.3,0.6,2.3
6,2,28,276,3.5,8.0,.436,3.2,6.5,.489,0.3,1.4,.200,1.9,2.9,.650,8.1,1.0,0.4,1.0,1.0,2.5,9.1
6,3,28,276,5.3,12.1,.436,4.8,9.9,.489,0.4,2.2,.200,2.9,4.4,.650,12.3,1.5,0.7,1.5,1.5,3.7,13.9,,112.4,101.7
6,4,28,276,13.6,.488,.455,.182,.364,69,11.7,12.9,12.3,5.1,0.7,2.9,9.8,13.5,,0.4,0.4,0.8,.112,,0.3,2.0,2.4
7,0,10,37,2,7,.286,1,4,.250,1,3,.333,1,3,.333,1,2,3,1,0,0,2,3,6
7,1,10,3.7,0.2,0.7,.286,0.1,0.4,.250,0.1,0.3,.333,0.1,0.3,.333,0.3,0.1,0.0,0.0,0.2,0.3,0.6
7,2,10,37,2.2,7.6,.286,1.1,4.3,.250,1.1,3.2,.333,1.1,3.2,.333,3.2,1.1,0.0,0.0,2.2,3.2,6.5
7,3,10,37,3.3,11.5,.286,1.6,6.6,.250,1.6,4.9,.333,1.6,4.9,.333,4.9,1.6,0.0,0.0,3.3,4.9,9.9,,71.6,107.1
7,4,10,37,0.4,.356,.357,.429,.429,6,3.2,6.6,4.9,5.1,0.0,0.0,19.2,14.7,,0.0,0.0,0.0,-.018,,-5.0,-1.0,-5.9
8,0,31,887,45,148,.304,44,131,.336,1,17,.059,60,122,.492,23,75,98,130,30,6,80,72,151
8,1,31,28.6,1.5,4.8,.304,1.4,4.2,.336,0.0,0.5,.059,1.9,3.9,.492,3.2,4.2,1.0,0.2,2.6,2.3,4.9
8,2,31,887,2.0,6.7,.304,2.0,5.9,.336,0.0,0.8,.059,2.7,5.5,.492,4.4,5.9,1.4,0.3,3.6,3.2,6.8
8,3,31,887,3.1,10.1,.304,3.0,9.0,.336,0.1,1.2,.059,4.1,8.4,.492,6.7,8.9,2.1,0.4,5.5,4.9,10.3,,80.3,100.6
8,4,31,887,7.0,.367,.307,.115,.824,215,3.1,10.4,6.7,27.7,2.1,0.8,28.0,16.8,,-0.7,1.2,0.5,.023,,-3.4,2.7,-0.7
9,0,1,2,0,0,,0,0,,0,0,,0,0,,0,0,0,0,0,0,0,0,0
9,1,1,2.0,0.0,0.0,,0.0,0.0,,0.0,0.0,,0.0,0.0,,0.0,0.0,0.0,0.0,0.0,0.0,0.0
9,2,1,2,0.0,0.0,,0.0,0.0,,0.0,0.0,,0.0,0.0,,0.0,0.0,0.0,0.0,0.0,0.0,0.0
9,3,1,2,0.0,0.0,,0.0,0.0,,0.0,0.0,,0.0,0.0,,0.0,0.0,0.0,0.0,0.0,0.0,0.0,,,110.1
9,4,1,2,0.0,,,,,0,0.0,0.0,0.0,0.0,0.0,0.0,,0.0,,0.0,0.0,0.0,.019,,-3.7,2.3,-1.4
10,0,5,55,5,12,.417,5,10,.500,0,2,.000,5,8,.625,5,13,18,2,0,1,5,7,15
10,1,5,11.0,1.0,2.4,.417,1.0,2.0,.500,0.0,0.4,.000,1.0,1.6,.625,3.6,0.4,0.0,0.2,1.0,1.4,3.0
10,2,5,55,3.6,8.7,.417,3.6,7.3,.500,0.0,1.5,.000,3.6,5.8,.625,13.1,1.5,0.0,0.7,3.6,5.1,10.9
10,3,5,55,5.5,13.3,.417,5.5,11.0,.500,0.0,2.2,.000,5.5,8.8,.625,19.9,2.2,0.0,1.1,5.5,7.7,16.6,,89.5,96.9
10,4,5,55,11.2,.475,.417,.167,.667,16,10.8,28.9,19.8,7.4,0.0,2.1,24.0,19.7,,0.0,0.1,0.1,.070,,-4.1,1.2,-2.9
11,0,31,855,149,257,.580,149,257,.580,0,0,,61,99,.616,78,123,201,36,25,29,61,85,359
11,1,31,27.6,4.8,8.3,.580,4.8,8.3,.580,0.0,0.0,,2.0,3.2,.616,6.5,1.2,0.8,0.9,2.0,2.7,11.6
11,2,31,855,7.0,12.0,.580,7.0,12.0,.580,0.0,0.0,,2.9,4.6,.616,9.4,1.7,1.2,1.4,2.9,4.0,16.8
11,3,31,855,10.6,18.3,.580,10.6,18.3,.580,0.0,0.0,,4.3,7.0,.616,14.3,2.6,1.8,2.1,4.3,6.0,25.5,,111.3,96.6
11,4,31,855,22.1,.590,.580,.000,.385,344,10.9,17.6,14.2,10.4,1.8,3.9,16.7,22.2,,2.0,1.5,3.5,.164,,2.9,4.3,7.2
12,0,31,756,88,187,.471,81,162,.500,7,25,.280,69,101,.683,43,117,160,30,24,28,44,93,252
12,1,31,24.4,2.8,6.0,.471,2.6,5.2,.500,0.2,0.8,.280,2.2,3.3,.683,5.2,1.0,0.8,0.9,1.4,3.0,8.1
12,2,31,756,4.7,9.9,.471,4.3,8.6,.500,0.4,1.3,.280,3.7,5.3,.683,8.5,1.6,1.3,1.5,2.3,4.9,13.3
12,3,31,756,7.1,15.0,.471,6.5,13.0,.500,0.6,2.0,.280,5.5,8.1,.683,12.9,2.4,1.9,2.2,3.5,7.5,20.2,,105.9,95.5
12,4,31,756,16.7,.536,.489,.134,.540,246,6.8,18.9,12.8,8.6,1.9,4.2,15.8,19.2,,1.1,1.4,2.5,.135,,0.4,4.5,5.0
13,0,28,383,35,76,.461,32,62,.516,3,14,.214,17,29,.586,30,65,95,8,3,6,17,45,90
13,1,28,13.7,1.3,2.7,.461,1.1,2.2,.516,0.1,0.5,.214,0.6,1.0,.586,3.4,0.3,0.1,0.2,0.6,1.6,3.2
13,2,28,383,3.7,7.9,.461,3.3,6.5,.516,0.3,1.5,.214,1.8,3.0,.586,9.9,0.8,0.3,0.6,1.8,4.7,9.4
13,3,28,383,5.6,12.1,.461,5.1,9.8,.516,0.5,2.2,.214,2.7,4.6,.586,15.1,1.3,0.5,1.0,2.7,7.1,14.3,,102.1,99.3
13,4,28,383,11.4,.501,.480,.184,.382,93,9.3,20.8,15.0,4.3,0.5,1.8,15.9,14.5,,0.3,0.6,0.9,.096,,-1.5,1.5,0.0
14,0,25,295,27,67,.403,25,56,.446,2,11,.182,15,27,.556,26,33,59,14,10,11,26,51,71
14,1,25,11.8,1.1,2.7,.403,1.0,2.2,.446,0.1,0.4,.182,0.6,1.1,.556,2.4,0.6,0.4,0.4,1.0,2.0,2.8
14,2,25,295,3.7,9.1,.403,3.4,7.6,.446,0.3,1.5,.182,2.0,3.7,.556,8.0,1.9,1.4,1.5,3.5,6.9,9.6
14,3,25,295,5.6,13.8,.403,5.1,11.5,.446,0.4,2.3,.182,3.1,5.6,.556,12.1,2.9,2.1,2.3,5.4,10.5,14.6,,85.7,97.0
14,4,25,295,9.6,.445,.418,.164,.403,80,10.5,13.7,12.1,9.7,2.1,4.2,24.6,18.7,,-0.1,0.5,0.4,.055,,-2.6,4.5,1.9
