0,0,32,795,63,158,.399,39,86,.453,24,72,.333,28,45,.622,37,90,127,21,16,11,40,60,178
0,1,32,24.8,2.0,4.9,.399,1.2,2.7,.453,0.8,2.3,.333,0.9,1.4,.622,4.0,0.7,0.5,0.3,1.3,1.9,5.6
0,2,32,795,3.2,7.9,.399,2.0,4.3,.453,1.2,3.6,.333,1.4,2.3,.622,6.4,1.1,0.8,0.6,2.0,3.0,9.0
0,3,32,795,5.0,12.6,.399,3.1,6.9,.453,1.9,5.8,.333,2.2,3.6,.622,10.2,1.7,1.3,0.9,3.2,4.8,14.2,,95.0,96.0
0,4,32,795,10.1,.496,.475,.456,.285,174,5.1,13.0,8.9,6.0,1.3,1.7,18.2,14.8,,0.3,1.4,1.8,.089,,-3.1,1.3,-1.9
1,0,29,560,64,202,.317,48,154,.312,16,48,.333,44,64,.688,20,74,94,22,25,1,54,47,188
1,1,29,19.3,2.2,7.0,.317,1.7,5.3,.312,0.6,1.7,.333,1.5,2.2,.688,3.2,0.8,0.9,0.0,1.9,1.6,6.5
1,2,29,560,4.6,14.4,.317,3.4,11.0,.312,1.1,3.4,.333,3.1,4.6,.688,6.7,1.6,1.8,0.1,3.9,3.4,13.4
1,3,29,560,7.3,22.9,.317,5.5,17.5,.312,1.8,5.5,.333,5.0,7.3,.688,10.7,2.5,2.8,0.1,6.1,5.3,21.4,,77.8,92.0
1,4,29,560,8.8,.404,.356,.238,.317,180,3.9,15.1,9.4,9.7,2.8,0.2,18.9,27.5,,-0.8,1.2,0.4,.028,,-7.3,0.1,-7.2
2,0,32,1044,128,375,.341,41,127,.323,87,248,.351,67,77,.870,13,77,90,67,34,5,71,64,410
2,1,32,32.6,4.0,11.7,.341,1.3,4.0,.323,2.7,7.8,.351,2.1,2.4,.870,2.8,2.1,1.1,0.2,2.2,2.0,12.8
2,2,32,1044,4.9,14.4,.341,1.6,4.9,.323,3.3,9.5,.351,2.6,3.0,.870,3.4,2.6,1.3,0.2,2.7,2.5,15.7
2,3,32,1044,7.8,22.8,.341,2.5,7.7,.323,5.3,15.1,.351,4.1,4.7,.870,5.5,4.1,2.1,0.3,4.3,3.9,25.0,,98.8,97.2
2,4,32,1044,14.1,.498,.457,.661,.205,381,1.4,8.4,4.8,16.2,2.1,0.6,14.7,24.8,,1.1,1.8,2.9,.111,,1.0,-0.8,0.2
3,0,26,517,65,144,.451,27,60,.450,38,84,.452,12,16,.750,19,49,68,13,9,4,16,40,180
3,1,26,19.9,2.5,5.5,.451,1.0,2.3,.450,1.5,3.2,.452,0.5,0.6,.750,2.6,0.5,0.3,0.2,0.6,1.5,6.9
3,2,26,517,5.0,11.1,.451,2.1,4.6,.450,2.9,6.5,.452,0.9,1.2,.750,5.3,1.0,0.7,0.3,1.2,3.1,13.9
3,3,26,517,8.0,17.7,.451,3.3,7.4,.450,4.7,10.3,.452,1.5,2.0,.750,8.4,1.6,1.1,0.5,2.0,4.9,22.1,,118.6,97.8
3,4,26,517,16.3,.594,.583,.583,.111,156,4.0,10.8,7.3,6.4,1.1,1.0,9.5,17.4,,1.2,0.8,2.0,.158,,1.2,-0.9,0.3
4,0,32,423,53,142,.373,30,73,.411,23,69,.333,19,20,.950,13,38,51,34,10,0,35,30,148
4,1,32,13.2,1.7,4.4,.373,0.9,2.3,.411,0.7,2.2,.333,0.6,0.6,.950,1.6,1.1,0.3,0.0,1.1,0.9,4.6
4,2,32,423,5.0,13.4,.373,2.8,6.9,.411,2.2,6.5,.333,1.8,1.9,.950,4.8,3.2,0.9,0.0,3.3,2.8,14.0
4,3,32,423,8.0,21.4,.373,4.5,11.0,.411,3.5,10.4,.333,2.9,3.0,.950,7.7,5.1,1.5,0.0,5.3,4.5,22.3,,94.2,97.7
4,4,32,423,12.6,.488,.454,.486,.141,146,3.4,10.3,6.7,20.5,1.5,0.0,18.8,23.7,,0.2,0.7,0.9,.088,,-1.8,-1.6,-3.4
5,0,30,755,58,143,.406,58,143,.406,0,0,,52,118,.441,98,106,204,28,12,22,40,56,168
5,1,30,25.2,1.9,4.8,.406,1.9,4.8,.406,0.0,0.0,,1.7,3.9,.441,6.8,0.9,0.4,0.7,1.3,1.9,5.6
5,2,30,755,3.1,7.6,.406,3.1,7.6,.406,0.0,0.0,,2.8,6.3,.441,10.8,1.5,0.6,1.2,2.1,3.0,8.9
5,3,30,755,4.9,12.0,.406,4.9,12.0,.406,0.0,0.0,,4.4,9.9,.441,17.2,2.4,1.0,1.9,3.4,4.7,14.2,,93.9,94.2
5,4,30,755,13.8,.422,.406,.000,.825,202,14.2,16.1,15.1,8.4,1.0,3.6,16.7,17.0,,0.3,1.5,1.8,.095,,-3.8,2.7,-1.1
6,0,18,366,38,110,.345,38,103,.369,0,7,.000,55,67,.821,20,53,73,37,10,0,20,41,131
6,1,18,20.3,2.1,6.1,.345,2.1,5.7,.369,0.0,0.4,.000,3.1,3.7,.821,4.1,2.1,0.6,0.0,1.1,2.3,7.3
6,2,18,366,4.2,12.0,.345,4.2,11.3,.369,0.0,0.8,.000,6.0,7.3,.821,8.0,4.0,1.1,0.0,2.2,4.5,14.3
6,3,18,366,6.6,19.1,.345,6.6,17.9,.369,0.0,1.2,.000,9.6,11.6,.821,12.7,6.4,1.7,0.0,3.5,7.1,22.8,,104.0,93.7
6,4,18,366,17.4,.462,.345,.064,.609,142,6.0,16.6,11.1,24.4,1.7,0.0,12.4,23.7,,0.6,0.7,1.4,.149,,-1.4,0.5,-0.9
7,0,31,370,38,96,.396,38,96,.396,0,0,,19,31,.613,19,52,71,2,1,26,10,42,95
7,1,31,11.9,1.2,3.1,.396,1.2,3.1,.396,0.0,0.0,,0.6,1.0,.613,2.3,0.1,0.0,0.8,0.3,1.4,3.1
7,2,31,370,4.1,10.4,.396,4.1,10.4,.396,0.0,0.0,,2.1,3.4,.613,7.7,0.2,0.1,2.8,1.1,4.5,10.3
7,3,31,370,6.5,16.5,.396,6.5,16.5,.396,0.0,0.0,,3.3,5.3,.613,12.2,0.3,0.2,4.5,1.7,7.2,16.3,,93.2,93.5
7,4,31,370,12.0,.429,.396,.000,.323,89,5.6,16.1,10.7,1.3,0.2,8.8,8.3,17.5,,0.1,0.8,0.9,.094,,-7.7,2.2,-5.5
8,0,30,263,22,55,.400,18,43,.419,4,12,.333,11,18,.611,12,19,31,3,6,10,7,45,59
8,1,30,8.8,0.7,1.8,.400,0.6,1.4,.419,0.1,0.4,.333,0.4,0.6,.611,1.0,0.1,0.2,0.3,0.2,1.5,2.0
8,2,30,263,3.3,8.4,.400,2.7,6.5,.419,0.6,1.8,.333,1.7,2.7,.611,4.7,0.5,0.9,1.5,1.1,6.8,9.0
8,3,30,263,5.3,13.3,.400,4.4,10.4,.419,1.0,2.9,.333,2.7,4.4,.611,7.5,0.7,1.5,2.4,1.7,10.9,14.3,,98.8,96.2
8,4,30,263,9.2,.464,.436,.218,.327,56,5.0,8.3,6.6,2.6,1.5,4.8,9.9,14.4,,0.2,0.5,0.6,.097,,-4.7,1.8,-3.0
9,0,23,272,24,61,.393,24,56,.429,0,5,.000,18,25,.720,19,45,64,11,10,4,26,34,66
9,1,23,11.8,1.0,2.7,.393,1.0,2.4,.429,0.0,0.2,.000,0.8,1.1,.720,2.8,0.5,0.4,0.2,1.1,1.5,2.9
9,2,23,272,3.5,9.0,.393,3.5,8.2,.429,0.0,0.7,.000,2.6,3.7,.720,9.4,1.6,1.5,0.6,3.8,5.0,9.7
9,3,23,272,5.6,14.3,.393,5.6,13.1,.429,0.0,1.2,.000,4.2,5.8,.720,15.0,2.6,2.3,0.9,6.1,8.0,15.4,,81.7,90.3
9,4,23,272,10.2,.453,.393,.082,.410,70,7.6,18.9,13.1,9.4,2.3,1.8,26.3,19.5,,-0.2,0.6,0.4,.064,,-6.9,2.2,-4.7
10,0,32,565,56,105,.533,56,104,.538,0,1,.000,27,59,.458,42,93,135,38,17,4,45,61,139
10,1,32,17.7,1.8,3.3,.533,1.8,3.3,.538,0.0,0.0,.000,0.8,1.8,.458,4.2,1.2,0.5,0.1,1.4,1.9,4.3
10,2,32,565,4.0,7.4,.533,4.0,7.4,.538,0.0,0.1,.000,1.9,4.2,.458,9.6,2.7,1.2,0.3,3.2,4.3,9.8
10,3,32,565,6.3,11.8,.533,6.3,11.7,.538,0.0,0.1,.000,3.0,6.6,.458,15.2,4.3,1.9,0.5,5.1,6.9,15.6,,94.5,91.8
10,4,32,565,13.8,.522,.533,.010,.562,152,8.1,18.8,13.3,16.0,1.9,0.9,25.3,16.9,,0.3,1.3,1.5,.107,,-3.5,2.4,-1.2
11,0,4,6,0,3,.000,0,3,.000,0,0,,1,2,.500,1,1,2,1,0,0,0,1,1
11,1,4,1.5,0.0,0.8,.000,0.0,0.8,.000,0.0,0.0,,0.3,0.5,.500,0.5,0.3,0.0,0.0,0.0,0.3,0.3
11,2,4,6,0.0,20.0,.000,0.0,20.0,.000,0.0,0.0,,6.7,13.3,.500,13.3,6.7,0.0,0.0,0.0,6.7,6.7
11,3,4,6,0.0,31.8,.000,0.0,31.8,.000,0.0,0.0,,10.6,21.2,.500,21.2,10.6,0.0,0.0,0.0,10.6,10.6,,58.4,96.1
11,4,4,6,-1.6,.127,.000,.000,.667,2,18.2,19.1,18.6,32.2,0.0,0.0,0.0,35.4,,0.0,0.0,0.0,-.130,,-10.1,-0.9,-11.0
12,0,27,614,70,183,.383,41,89,.461,29,94,.309,19,23,.826,14,41,55,28,22,2,25,47,188
12,1,27,22.7,2.6,6.8,.383,1.5,3.3,.461,1.1,3.5,.309,0.7,0.9,.826,2.0,1.0,0.8,0.1,0.9,1.7,7.0
12,2,27,614,4.6,11.9,.383,2.7,5.8,.461,1.9,6.1,.309,1.2,1.5,.826,3.6,1.8,1.4,0.1,1.6,3.1,12.2
12,3,27,614,7.3,19.0,.383,4.2,9.2,.461,3.0,9.7,.309,2.0,2.4,.826,5.7,2.9,2.3,0.2,2.6,4.9,19.5,,100.1,97.1
12,4,27,614,12.4,.485,.462,.514,.126,174,2.5,7.6,5.0,11.3,2.3,0.4,11.4,19.1,,0.6,1.1,1.6,.106,,-1.0,-0.2,-1.2
