0,0,26,269,25,58,.431,18,40,.450,7,18,.389,13,23,.565,9,29,38,54,20,7,16,25,70
0,1,26,10.3,1.0,2.2,.431,0.7,1.5,.450,0.3,0.7,.389,0.5,0.9,.565,1.5,2.1,0.8,0.3,0.6,1.0,2.7
0,2,26,269,3.7,8.6,.431,2.7,5.9,.450,1.0,2.7,.389,1.9,3.4,.565,5.7,8.0,3.0,1.0,2.4,3.7,10.4
0,3,26,269,5.7,13.2,.431,4.1,9.1,.450,1.6,4.1,.389,3.0,5.2,.565,8.7,12.3,4.6,1.6,3.7,5.7,16.0,,114.8,90.6
0,4,26,269,20.8,.508,.491,.310,.397,92,3.9,11.7,8.0,34.3,4.6,2.9,18.8,16.3,,0.6,0.6,1.2,.185,,4.0,4.2,8.2
1,0,37,425,43,75,.573,43,75,.573,0,0,,16,28,.571,40,68,108,7,11,30,23,63,102
1,1,37,11.5,1.2,2.0,.573,1.2,2.0,.573,0.0,0.0,,0.4,0.8,.571,2.9,0.2,0.3,0.8,0.6,1.7,2.8
1,2,37,425,4.0,7.1,.573,4.0,7.1,.573,0.0,0.0,,1.5,2.6,.571,10.2,0.7,1.0,2.8,2.2,5.9,9.6
1,3,37,425,6.2,10.8,.573,6.2,10.8,.573,0.0,0.0,,2.3,4.0,.571,15.6,1.0,1.6,4.3,3.3,9.1,14.7,,108.0,91.5
1,4,37,425,15.7,.578,.573,.000,.373,105,11.0,17.4,14.3,2.9,1.6,8.0,20.7,13.5,,0.6,0.9,1.5,.140,,0.3,5.3,5.6
2,0,3,3,0,1,.000,0,1,.000,0,0,,0,0,,0,0,0,0,0,0,0,1,0
2,1,3,1.0,0.0,0.3,.000,0.0,0.3,.000,0.0,0.0,,0.0,0.0,,0.0,0.0,0.0,0.0,0.0,0.3,0.0
2,2,3,3,0.0,13.3,.000,0.0,13.3,.000,0.0,0.0,,0.0,0.0,,0.0,0.0,0.0,0.0,0.0,13.3,0.0
2,3,3,3,0.0,20.5,.000,0.0,20.5,.000,0.0,0.0,,0.0,0.0,,0.0,0.0,0.0,0.0,0.0,20.5,0.0,,0.0,107.9
2,4,3,3,-20.9,.000,.000,.000,.000,0,0.0,0.0,0.0,0.0,0.0,0.0,0.0,17.2,,0.0,0.0,0.0,-.194,,-14.4,-3.2,-17.6
3,0,37,977,115,248,.464,109,224,.487,6,24,.250,78,105,.743,74,125,199,34,40,18,29,54,314
3,1,37,26.4,3.1,6.7,.464,2.9,6.1,.487,0.2,0.6,.250,2.1,2.8,.743,5.4,0.9,1.1,0.5,0.8,1.5,8.5
3,2,37,977,4.7,10.2,.464,4.5,9.2,.487,0.2,1.0,.250,3.2,4.3,.743,8.1,1.4,1.6,0.7,1.2,2.2,12.9
3,3,37,977,7.2,15.6,.464,6.8,14.1,.487,0.4,1.5,.250,4.9,6.6,.743,12.5,2.1,2.5,1.1,1.8,3.4,19.7,,118.3,94.3
3,4,37,977,18.9,.527,.476,.097,.423,314,8.9,13.9,11.5,6.2,2.5,2.1,8.9,17.2,,2.3,1.9,4.2,.173,,3.2,3.0,6.2
4,0,2,2,0,2,.000,0,1,.000,0,1,.000,0,0,,1,0,1,1,0,0,0,0,0
4,1,2,1.0,0.0,1.0,.000,0.0,0.5,.000,0.0,0.5,.000,0.0,0.0,,0.5,0.5,0.0,0.0,0.0,0.0,0.0
4,2,2,2,0.0,40.0,.000,0.0,20.0,.000,0.0,20.0,.000,0.0,0.0,,20.0,20.0,0.0,0.0,0.0,0.0,0.0
4,3,2,2,0.0,61.4,.000,0.0,30.7,.000,0.0,30.7,.000,0.0,0.0,,30.7,30.7,0.0,0.0,0.0,0.0,0.0,,63.6,110.1
4,4,2,2,-0.9,.000,.000,.500,.000,1,58.6,0.0,28.2,73.8,0.0,0.0,0.0,51.5,,0.0,0.0,0.0,-.247,,9.2,7.5,16.7
5,0,9,8,1,3,.333,0,0,,1,3,.333,0,0,,0,0,0,0,0,0,1,2,3
5,1,9,0.9,0.1,0.3,.333,0.0,0.0,,0.1,0.3,.333,0.0,0.0,,0.0,0.0,0.0,0.0,0.1,0.2,0.3
5,2,9,8,5.0,15.0,.333,0.0,0.0,,5.0,15.0,.333,0.0,0.0,,0.0,0.0,0.0,0.0,5.0,10.0,15.0
5,3,9,8,7.7,23.0,.333,0.0,0.0,,7.7,23.0,.333,0.0,0.0,,0.0,0.0,0.0,0.0,7.7,15.3,23.0,,75.6,108.4
5,4,9,8,-2.2,.500,.500,1.000,.000,2,0.0,0.0,0.0,0.0,0.0,0.0,25.0,25.8,,0.0,0.0,0.0,-.037,,-2.3,-5.6,-7.8
6,0,37,934,126,266,.474,87,163,.534,39,103,.379,38,69,.551,15,72,87,181,50,4,85,39,329
6,1,37,25.2,3.4,7.2,.474,2.4,4.4,.534,1.1,2.8,.379,1.0,1.9,.551,2.4,4.9,1.4,0.1,2.3,1.1,8.9
6,2,37,934,5.4,11.4,.474,3.7,7.0,.534,1.7,4.4,.379,1.6,3.0,.551,3.7,7.8,2.1,0.2,3.6,1.7,14.1
6,3,37,934,8.3,17.5,.474,5.7,10.7,.534,2.6,6.8,.379,2.5,4.5,.551,5.7,11.9,3.3,0.3,5.6,2.6,21.6,,108.0,96.8
6,4,37,934,19.7,.551,.547,.387,.259,371,1.9,8.4,5.3,35.7,3.3,0.5,22.1,21.2,,2.0,1.6,3.6,.152,,4.6,0.9,5.5
7,0,7,38,6,22,.273,1,5,.200,5,17,.294,3,5,.600,1,3,4,2,5,0,1,1,20
7,1,7,5.4,0.9,3.1,.273,0.1,0.7,.200,0.7,2.4,.294,0.4,0.7,.600,0.6,0.3,0.7,0.0,0.1,0.1,2.9
7,2,7,38,6.3,23.2,.273,1.1,5.3,.200,5.3,17.9,.294,3.2,5.3,.600,4.2,2.1,5.3,0.0,1.1,1.1,21.1
7,3,7,38,9.7,35.5,.273,1.6,8.1,.200,8.1,27.5,.294,4.8,8.1,.600,6.5,3.2,8.1,0.0,1.6,1.6,32.3,,98.4,86.2
7,4,7,38,21.3,.410,.386,.773,.227,18,3.1,8.6,5.9,10.1,8.1,0.0,3.9,34.4,,0.1,0.1,0.2,.163,,5.4,0.7,6.1
8,0,37,1192,164,390,.421,113,242,.467,51,148,.345,117,157,.745,56,118,174,56,50,23,55,62,496
8,1,37,32.2,4.4,10.5,.421,3.1,6.5,.467,1.4,4.0,.345,3.2,4.2,.745,4.7,1.5,1.4,0.6,1.5,1.7,13.4
8,2,37,1192,5.5,13.1,.421,3.8,8.1,.467,1.7,5.0,.345,3.9,5.3,.745,5.8,1.9,1.7,0.8,1.8,2.1,16.6
8,3,37,1192,8.4,20.1,.421,5.8,12.5,.467,2.6,7.6,.345,6.0,8.1,.745,9.0,2.9,2.6,1.2,2.8,3.2,25.5,,113.7,96.2
8,4,37,1192,19.7,.534,.486,.379,.403,462,5.5,10.8,8.2,8.7,2.6,2.2,10.6,22.5,,3.0,2.1,5.1,.172,,4.6,2.2,6.8
9,0,35,431,32,45,.711,32,45,.711,0,0,,16,24,.667,35,52,87,2,7,35,11,66,80
9,1,35,12.3,0.9,1.3,.711,0.9,1.3,.711,0.0,0.0,,0.5,0.7,.667,2.5,0.1,0.2,1.0,0.3,1.9,2.3
9,2,35,431,3.0,4.2,.711,3.0,4.2,.711,0.0,0.0,,1.5,2.2,.667,8.1,0.2,0.6,3.2,1.0,6.1,7.4
9,3,35,431,4.6,6.4,.711,4.6,6.4,.711,0.0,0.0,,2.3,3.4,.667,12.4,0.3,1.0,5.0,1.6,9.4,11.4,,134.3,95.2
9,4,35,431,14.8,.709,.711,.000,.533,80,9.5,13.1,11.4,0.8,1.0,9.2,16.3,8.1,,0.8,0.8,1.6,.150,,2.0,5.3,7.3
10,0,9,10,1,1,1.000,1,1,1.000,0,0,,0,0,,2,2,4,1,0,0,1,2,2
10,1,9,1.1,0.1,0.1,1.000,0.1,0.1,1.000,0.0,0.0,,0.0,0.0,,0.4,0.1,0.0,0.0,0.1,0.2,0.2
10,2,9,10,4.0,4.0,1.000,4.0,4.0,1.000,0.0,0.0,,0.0,0.0,,16.0,4.0,0.0,0.0,4.0,8.0,8.0
10,3,9,10,6.1,6.1,1.000,6.1,6.1,1.000,0.0,0.0,,0.0,0.0,,24.5,6.1,0.0,0.0,6.1,12.3,12.3,,124.1,94.6
10,4,9,10,17.8,1.000,1.000,.000,.000,3,23.5,21.8,22.6,17.3,0.0,0.0,50.0,10.3,,0.0,0.0,0.0,.180,,5.9,1.0,6.9
11,0,30,763,98,173,.566,98,173,.566,0,0,,38,60,.633,80,95,175,21,15,88,43,85,234
11,1,30,25.4,3.3,5.8,.566,3.3,5.8,.566,0.0,0.0,,1.3,2.0,.633,5.8,0.7,0.5,2.9,1.4,2.8,7.8
11,2,30,763,5.1,9.1,.566,5.1,9.1,.566,0.0,0.0,,2.0,3.1,.633,9.2,1.1,0.8,4.6,2.3,4.5,12.3
11,3,30,763,7.9,13.9,.566,7.9,13.9,.566,0.0,0.0,,3.1,4.8,.633,14.1,1.7,1.2,7.1,3.5,6.8,18.8,,112.9,93.4
11,4,30,763,20.7,.581,.566,.000,.347,237,12.3,13.5,12.9,5.0,1.2,13.0,17.6,16.5,,1.5,1.5,3.1,.160,,2.1,8.3,10.5
12,0,2,2,1,1,1.000,1,1,1.000,0,0,,0,0,,0,0,0,0,0,0,0,0,2
12,1,2,1.0,0.5,0.5,1.000,0.5,0.5,1.000,0.0,0.0,,0.0,0.0,,0.0,0.0,0.0,0.0,0.0,0.0,1.0
12,2,2,2,20.0,20.0,1.000,20.0,20.0,1.000,0.0,0.0,,0.0,0.0,,0.0,0.0,0.0,0.0,0.0,0.0,40.0
12,3,2,2,30.7,30.7,1.000,30.7,30.7,1.000,0.0,0.0,,0.0,0.0,,0.0,0.0,0.0,0.0,0.0,0.0,61.4,,200.0,110.1
12,4,2,2,53.7,1.000,1.000,.000,.000,1,0.0,0.0,0.0,0.0,0.0,0.0,0.0,25.8,,0.0,0.0,0.0,.319,,16.9,-6.5,10.4
13,0,13,19,1,8,.125,1,6,.167,0,2,.000,5,7,.714,1,3,4,2,3,0,3,1,7
13,1,13,1.5,0.1,0.6,.125,0.1,0.5,.167,0.0,0.2,.000,0.4,0.5,.714,0.3,0.2,0.2,0.0,0.2,0.1,0.5
13,2,13,19,2.1,16.8,.125,2.1,12.6,.167,0.0,4.2,.000,10.5,14.7,.714,8.4,4.2,6.3,0.0,6.3,2.1,14.7
13,3,13,19,3.2,25.8,.125,3.2,19.4,.167,0.0,6.5,.000,16.2,22.6,.714,12.9,6.5,9.7,0.0,9.7,3.2,22.6,,69.0,76.8
13,4,13,19,11.1,.309,.125,.250,.875,8,6.2,17.2,11.9,16.8,9.7,0.0,20.9,38.9,,-0.1,0.1,0.0,.000,,-7.2,5.6,-1.6
14,0,11,15,1,4,.250,1,2,.500,0,2,.000,0,0,,2,2,4,2,1,0,2,0,2
14,1,11,1.4,0.1,0.4,.250,0.1,0.2,.500,0.0,0.2,.000,0.0,0.0,,0.4,0.2,0.1,0.0,0.2,0.0,0.2
14,2,11,15,2.7,10.7,.250,2.7,5.3,.500,0.0,5.3,.000,0.0,0.0,,10.7,5.3,2.7,0.0,5.3,0.0,5.3
14,3,11,15,4.1,16.4,.250,4.1,8.2,.500,0.0,8.2,.000,0.0,0.0,,16.4,8.2,4.1,0.0,8.2,0.0,8.2,,68.7,91.4
14,4,11,15,8.2,.250,.250,.500,.000,4,15.6,14.5,15.1,21.8,4.1,0.0,33.3,20.6,,0.0,0.0,0.0,-.004,,-2.7,3.6,0.9
15,0,37,593,96,206,.466,59,96,.615,37,110,.336,23,33,.697,33,82,115,14,31,34,13,49,252
15,1,37,16.0,2.6,5.6,.466,1.6,2.6,.615,1.0,3.0,.336,0.6,0.9,.697,3.1,0.4,0.8,0.9,0.4,1.3,6.8
15,2,37,593,6.5,13.9,.466,4.0,6.5,.615,2.5,7.4,.336,1.6,2.2,.697,7.8,0.9,2.1,2.3,0.9,3.3,17.0
15,3,37,593,9.9,21.3,.466,6.1,9.9,.615,3.8,11.4,.336,2.4,3.4,.697,11.9,1.4,3.2,3.5,1.3,5.1,26.1,,123.2,90.3
15,4,37,593,24.2,.568,.556,.534,.160,216,6.5,15.0,10.9,4.6,3.2,6.5,5.5,20.4,,1.8,1.4,3.2,.215,,5.7,4.0,9.7
16,0,10,19,5,9,.556,1,2,.500,4,7,.571,0,0,,2,3,5,0,1,0,0,3,14
16,1,10,1.9,0.5,0.9,.556,0.1,0.2,.500,0.4,0.7,.571,0.0,0.0,,0.5,0.0,0.1,0.0,0.0,0.3,1.4
16,2,10,19,10.5,18.9,.556,2.1,4.2,.500,8.4,14.7,.571,0.0,0.0,,10.5,0.0,2.1,0.0,0.0,6.3,29.5
16,3,10,19,16.2,29.1,.556,3.2,6.5,.500,12.9,22.6,.571,0.0,0.0,,16.2,0.0,3.2,0.0,0.0,9.7,45.2,,158.0,90.6
16,4,10,19,40.7,.778,.778,.778,.000,9,12.3,17.2,14.9,0.0,3.2,0.0,0.0,24.4,,0.1,0.0,0.2,.349,,15.2,-6.0,9.2
17,0,37,834,121,287,.422,79,167,.473,42,120,.350,62,80,.775,35,56,91,95,37,4,51,51,346
17,1,37,22.5,3.3,7.8,.422,2.1,4.5,.473,1.1,3.2,.350,1.7,2.2,.775,2.5,2.6,1.0,0.1,1.4,1.4,9.4
17,2,37,834,5.8,13.8,.422,3.8,8.0,.473,2.0,5.8,.350,3.0,3.8,.775,4.4,4.6,1.8,0.2,2.4,2.4,16.6
17,3,37,834,8.9,21.1,.422,5.8,12.3,.473,3.1,8.8,.350,4.6,5.9,.775,6.7,7.0,2.7,0.3,3.8,3.8,25.5,,113.3,98.6
17,4,37,834,19.9,.532,.495,.418,.279,350,4.9,7.3,6.2,21.4,2.7,0.5,13.6,23.2,,2.3,1.3,3.5,.169,,5.6,0.7,6.2
18,0,37,891,170,357,.476,129,244,.529,41,113,.363,86,118,.729,18,67,85,92,67,12,48,69,467
18,1,37,24.1,4.6,9.6,.476,3.5,6.6,.529,1.1,3.1,.363,2.3,3.2,.729,2.3,2.5,1.8,0.3,1.3,1.9,12.6
18,2,37,891,7.6,16.0,.476,5.8,11.0,.529,1.8,5.1,.363,3.9,5.3,.729,3.8,4.1,3.0,0.5,2.2,3.1,21.0
18,3,37,891,11.7,24.6,.476,8.9,16.8,.529,2.8,7.8,.363,5.9,8.1,.729,5.9,6.3,4.6,0.8,3.3,4.8,32.2,,118.6,93.3
18,4,37,891,26.3,.565,.534,.317,.331,430,2.4,8.2,5.4,21.2,4.6,1.5,10.4,26.7,,3.2,1.8,5.0,.226,,7.4,2.4,9.8
