0,0,34,872,96,233,.412,65,152,.428,31,81,.383,50,68,.735,11,57,68,82,39,9,35,75,273
0,1,34,25.6,2.8,6.9,.412,1.9,4.5,.428,0.9,2.4,.383,1.5,2.0,.735,2.0,2.4,1.1,0.3,1.0,2.2,8.0
0,2,34,872,4.4,10.7,.412,3.0,7.0,.428,1.4,3.7,.383,2.3,3.1,.735,3.1,3.8,1.8,0.4,1.6,3.4,12.5
0,3,34,872,6.9,16.7,.412,4.7,10.9,.428,2.2,5.8,.383,3.6,4.9,.735,4.9,5.9,2.8,0.6,2.5,5.4,19.6,,111.7,107.9
0,4,34,872,14.7,.515,.479,.348,.292,274,1.6,8.0,4.9,18.7,2.8,1.2,11.7,18.4,,1.4,0.9,2.3,.105,,0.3,-1.2,-0.9
1,0,34,667,100,225,.444,81,179,.453,19,46,.413,59,81,.728,48,54,102,13,11,7,58,83,278
1,1,34,19.6,2.9,6.6,.444,2.4,5.3,.453,0.6,1.4,.413,1.7,2.4,.728,3.0,0.4,0.3,0.2,1.7,2.4,8.2
1,2,34,667,6.0,13.5,.444,4.9,10.7,.453,1.1,2.8,.413,3.5,4.9,.728,6.1,0.8,0.7,0.4,3.5,5.0,16.7
1,3,34,667,9.4,21.1,.444,7.6,16.8,.453,1.8,4.3,.413,5.5,7.6,.728,9.6,1.2,1.0,0.7,5.4,7.8,26.1,,99.3,110.7
1,4,34,667,12.9,.528,.487,.204,.360,258,9.2,9.9,9.5,4.2,1.0,1.2,18.0,25.7,,0.6,0.5,1.0,.062,,-3.1,-4.2,-7.2
2,0,26,219,16,39,.410,11,27,.407,5,12,.417,17,28,.607,10,16,26,9,5,1,8,29,54
2,1,26,8.4,0.6,1.5,.410,0.4,1.0,.407,0.2,0.5,.417,0.7,1.1,.607,1.0,0.3,0.2,0.0,0.3,1.1,2.1
2,2,26,219,2.9,7.1,.410,2.0,4.9,.407,0.9,2.2,.417,3.1,5.1,.607,4.7,1.6,0.9,0.2,1.5,5.3,9.9
2,3,26,219,4.6,11.1,.410,3.1,7.7,.407,1.4,3.4,.417,4.9,8.0,.607,7.4,2.6,1.4,0.3,2.3,8.3,15.4,,109.9,110.5
2,4,26,219,9.9,.516,.474,.308,.718,55,5.8,8.9,7.4,7.6,1.4,0.5,13.3,14.7,,0.3,0.2,0.4,.078,,-1.6,-2.6,-4.2
3,0,1,3,0,0,,0,0,,0,0,,0,0,,0,0,0,0,0,0,0,1,0
3,1,1,3.0,0.0,0.0,,0.0,0.0,,0.0,0.0,,0.0,0.0,,0.0,0.0,0.0,0.0,0.0,1.0,0.0
3,2,1,3,0.0,0.0,,0.0,0.0,,0.0,0.0,,0.0,0.0,,0.0,0.0,0.0,0.0,0.0,13.3,0.0
3,3,1,3,0.0,0.0,,0.0,0.0,,0.0,0.0,,0.0,0.0,,0.0,0.0,0.0,0.0,0.0,20.9,0.0,,,116.5
3,4,1,3,-6.0,,,,,0,0.0,0.0,0.0,0.0,0.0,0.0,,0.0,,0.0,0.0,0.0,.007,,-5.2,-1.2,-6.4
4,0,26,126,8,16,.500,5,12,.417,3,4,.750,0,2,.000,3,10,13,1,0,2,10,32,19
4,1,26,4.8,0.3,0.6,.500,0.2,0.5,.417,0.1,0.2,.750,0.0,0.1,.000,0.5,0.0,0.0,0.1,0.4,1.2,0.7
4,2,26,126,2.5,5.1,.500,1.6,3.8,.417,1.0,1.3,.750,0.0,0.6,.000,4.1,0.3,0.0,0.6,3.2,10.2,6.0
4,3,26,126,4.0,7.9,.500,2.5,6.0,.417,1.5,2.0,.750,0.0,1.0,.000,6.5,0.5,0.0,1.0,5.0,15.9,9.4,,72.6,112.0
4,4,26,126,-1.1,.560,.594,.250,.125,17,3.0,9.7,6.4,1.4,0.0,1.9,37.1,11.4,,-0.1,0.1,-0.1,-.018,,-6.7,-2.5,-9.2
5,0,33,1119,141,323,.437,133,288,.462,8,35,.229,187,271,.690,33,115,148,177,49,4,88,80,477
5,1,33,33.9,4.3,9.8,.437,4.0,8.7,.462,0.2,1.1,.229,5.7,8.2,.690,4.5,5.4,1.5,0.1,2.7,2.4,14.5
5,2,33,1119,5.0,11.5,.437,4.8,10.3,.462,0.3,1.3,.229,6.7,9.7,.690,5.3,6.3,1.8,0.1,3.1,2.9,17.1
5,3,33,1119,7.9,18.1,.437,7.4,16.1,.462,0.4,2.0,.229,10.5,15.2,.690,8.3,9.9,2.7,0.2,4.9,4.5,26.7,,111.8,106.6
5,4,33,1119,20.9,.528,.449,.108,.839,527,3.8,12.5,8.2,32.5,2.7,0.4,16.3,25.8,,2.7,1.2,4.0,.143,,1.8,-0.7,1.0
6,0,21,105,3,21,.143,2,9,.222,1,12,.083,0,0,,2,6,8,5,1,0,3,21,7
6,1,21,5.0,0.1,1.0,.143,0.1,0.4,.222,0.0,0.6,.083,0.0,0.0,,0.4,0.2,0.0,0.0,0.1,1.0,0.3
6,2,21,105,1.1,8.0,.143,0.8,3.4,.222,0.4,4.6,.083,0.0,0.0,,3.0,1.9,0.4,0.0,1.1,8.0,2.7
6,3,21,105,1.8,12.5,.143,1.2,5.4,.222,0.6,7.2,.083,0.0,0.0,,4.8,3.0,0.6,0.0,1.8,12.5,4.2,,52.9,113.0
6,4,21,105,-5.1,.167,.167,.571,.000,10,2.4,7.0,4.7,8.1,0.6,0.0,12.5,12.2,,-0.2,0.1,-0.2,-.062,,-8.0,-3.4,-11.4
7,0,34,823,102,174,.586,102,174,.586,0,0,,33,78,.423,81,176,257,17,9,34,53,102,237
7,1,34,24.2,3.0,5.1,.586,3.0,5.1,.586,0.0,0.0,,1.0,2.3,.423,7.6,0.5,0.3,1.0,1.6,3.0,7.0
7,2,34,823,5.0,8.5,.586,5.0,8.5,.586,0.0,0.0,,1.6,3.8,.423,12.5,0.8,0.4,1.7,2.6,5.0,11.5
7,3,34,823,7.8,13.2,.586,7.8,13.2,.586,0.0,0.0,,2.5,5.9,.423,19.5,1.3,0.7,2.6,4.0,7.8,18.0,,103.8,102.9
7,4,34,823,15.9,.561,.586,.000,.448,239,12.5,26.0,19.4,4.2,0.7,4.9,20.1,17.1,,0.8,1.2,2.0,.097,,-2.9,0.2,-2.7
8,0,32,549,69,146,.473,54,99,.545,15,47,.319,29,40,.725,27,53,80,25,46,3,27,42,182
8,1,32,17.2,2.2,4.6,.473,1.7,3.1,.545,0.5,1.5,.319,0.9,1.3,.725,2.5,0.8,1.4,0.1,0.8,1.3,5.7
8,2,32,549,5.0,10.6,.473,3.9,7.2,.545,1.1,3.4,.319,2.1,2.9,.725,5.8,1.8,3.4,0.2,2.0,3.1,13.3
8,3,32,549,7.9,16.6,.473,6.2,11.3,.545,1.7,5.4,.319,3.3,4.6,.725,9.1,2.9,5.2,0.3,3.1,4.8,20.8,,110.9,101.2
8,4,32,549,18.5,.552,.524,.322,.274,174,6.3,11.8,9.1,9.3,5.2,0.6,14.1,18.7,,0.9,0.9,1.8,.128,,1.0,1.0,2.0
9,0,11,51,2,6,.333,2,6,.333,0,0,,0,1,.000,4,5,9,0,1,1,3,11,4
9,1,11,4.6,0.2,0.5,.333,0.2,0.5,.333,0.0,0.0,,0.0,0.1,.000,0.8,0.0,0.1,0.1,0.3,1.0,0.4
9,2,11,51,1.6,4.7,.333,1.6,4.7,.333,0.0,0.0,,0.0,0.8,.000,7.1,0.0,0.8,0.8,2.4,8.6,3.1
9,3,11,51,2.5,7.4,.333,2.5,7.4,.333,0.0,0.0,,0.0,1.2,.000,11.0,0.0,1.2,1.2,3.7,13.5,4.9,,64.6,108.3
9,4,11,51,0.1,.309,.333,.000,.167,6,10.0,11.9,11.0,0.0,1.2,2.3,31.7,9.9,,-0.1,0.0,0.0,-.018,,-8.2,-2.5,-10.7
10,0,32,279,31,79,.392,12,25,.480,19,54,.352,18,22,.818,6,18,24,20,7,2,5,37,99
10,1,32,8.7,1.0,2.5,.392,0.4,0.8,.480,0.6,1.7,.352,0.6,0.7,.818,0.8,0.6,0.2,0.1,0.2,1.2,3.1
10,2,32,279,4.4,11.3,.392,1.7,3.6,.480,2.7,7.7,.352,2.6,3.2,.818,3.4,2.9,1.0,0.3,0.7,5.3,14.2
10,3,32,279,7.0,17.7,.392,2.7,5.6,.480,4.3,12.1,.352,4.0,4.9,.818,5.4,4.5,1.6,0.4,1.1,8.3,22.2,,127.5,110.5
10,4,32,279,15.3,.553,.513,.684,.278,94,2.7,7.9,5.4,14.3,1.6,0.9,5.3,18.1,,0.8,0.2,1.0,.141,,2.7,-3.7,-1.1
11,0,33,625,72,157,.459,36,85,.424,36,72,.500,9,16,.563,5,23,28,29,12,0,20,44,189
11,1,33,18.9,2.2,4.8,.459,1.1,2.6,.424,1.1,2.2,.500,0.3,0.5,.563,0.8,0.9,0.4,0.0,0.6,1.3,5.7
11,2,33,625,4.6,10.0,.459,2.3,5.4,.424,2.3,4.6,.500,0.6,1.0,.563,1.8,1.9,0.8,0.0,1.3,2.8,12.1
11,3,33,625,7.2,15.7,.459,3.6,8.5,.424,3.6,7.2,.500,0.9,1.6,.563,2.8,2.9,1.2,0.0,2.0,4.4,18.9,,115.1,113.6
11,4,33,625,11.2,.574,.573,.459,.102,164,1.0,4.5,2.8,9.3,1.2,0.0,10.8,15.8,,1.0,0.3,1.3,.080,,0.0,-3.9,-3.9
12,0,25,547,109,183,.596,106,172,.616,3,11,.273,48,87,.552,40,89,129,12,16,33,49,66,269
12,1,25,21.9,4.4,7.3,.596,4.2,6.9,.616,0.1,0.4,.273,1.9,3.5,.552,5.2,0.5,0.6,1.3,2.0,2.6,10.8
12,2,25,547,8.0,13.4,.596,7.8,12.6,.616,0.2,0.8,.273,3.5,6.4,.552,9.4,0.9,1.2,2.4,3.6,4.8,19.7
12,3,25,547,12.5,20.9,.596,12.1,19.7,.616,0.3,1.3,.273,5.5,10.0,.552,14.8,1.4,1.8,3.8,5.6,7.6,30.8,,106.1,102.0
12,4,25,547,22.9,.600,.604,.060,.475,234,9.3,19.8,14.7,5.3,1.8,7.2,17.9,26.7,,0.9,0.8,1.8,.128,,-1.6,0.7,-0.9
13,0,2,5,0,2,.000,0,2,.000,0,0,,0,0,,0,1,1,0,0,0,0,2,0
13,1,2,2.5,0.0,1.0,.000,0.0,1.0,.000,0.0,0.0,,0.0,0.0,,0.5,0.0,0.0,0.0,0.0,1.0,0.0
13,2,2,5,0.0,16.0,.000,0.0,16.0,.000,0.0,0.0,,0.0,0.0,,8.0,0.0,0.0,0.0,0.0,16.0,0.0
13,3,2,5,0.0,25.0,.000,0.0,25.0,.000,0.0,0.0,,0.0,0.0,,12.5,0.0,0.0,0.0,0.0,25.0,0.0,,0.0,105.7
13,4,2,5,-21.7,.000,.000,.000,.000,0,0.0,24.3,12.4,0.0,0.0,0.0,0.0,21.4,,0.0,0.0,0.0,-.225,,-23.3,-8.4,-31.7
14,0,33,834,88,160,.550,80,129,.620,8,31,.258,78,102,.765,39,90,129,35,28,2,46,60,262
14,1,33,25.3,2.7,4.8,.550,2.4,3.9,.620,0.2,0.9,.258,2.4,3.1,.765,3.9,1.1,0.8,0.1,1.4,1.8,7.9
14,2,33,834,4.2,7.7,.550,3.8,6.2,.620,0.4,1.5,.258,3.7,4.9,.765,6.2,1.7,1.3,0.1,2.2,2.9,12.6
14,3,33,834,6.6,12.0,.550,6.0,9.7,.620,0.6,2.3,.258,5.9,7.7,.765,9.7,2.6,2.1,0.2,3.5,4.5,19.7,,117.6,107.8
14,4,33,834,16.0,.628,.575,.194,.638,253,5.9,13.1,9.6,8.3,2.1,0.3,18.1,16.3,,1.6,0.8,2.5,.118,,0.7,-1.0,-0.3
