0,0,30,604,48,166,.289,27,101,.267,21,65,.323,12,18,.667,7,44,51,47,23,5,43,53,129
0,1,30,20.1,1.6,5.5,.289,0.9,3.4,.267,0.7,2.2,.323,0.4,0.6,.667,1.7,1.6,0.8,0.2,1.4,1.8,4.3
0,2,30,604,3.2,11.0,.289,1.8,6.7,.267,1.4,4.3,.323,0.8,1.2,.667,3.4,3.1,1.5,0.3,2.8,3.5,8.5
0,3,30,604,4.8,16.7,.289,2.7,10.1,.267,2.1,6.5,.323,1.2,1.8,.667,5.1,4.7,2.3,0.5,4.3,5.3,12.9,,73.4,103.7
0,4,30,604,4.9,.370,.352,.392,.108,133,1.3,8.6,4.8,17.7,2.3,0.9,19.8,18.7,,-0.8,0.6,-0.2,-.014,,-5.7,-1.2,-6.9
1,0,28,775,104,217,.479,104,217,.479,0,0,,33,81,.407,85,116,201,25,33,22,41,81,241
1,1,28,27.7,3.7,7.8,.479,3.7,7.8,.479,0.0,0.0,,1.2,2.9,.407,7.2,0.9,1.2,0.8,1.5,2.9,8.6
1,2,28,775,5.4,11.2,.479,5.4,11.2,.479,0.0,0.0,,1.7,4.2,.407,10.4,1.3,1.7,1.1,2.1,4.2,12.4
1,3,28,775,8.1,17.0,.479,8.1,17.0,.479,0.0,0.0,,2.6,6.3,.407,15.7,2.0,2.6,1.7,3.2,6.3,18.8,,95.7,97.9
1,4,28,775,16.7,.472,.479,.000,.373,242,12.1,17.6,14.8,8.4,2.6,3.1,13.8,19.9,,0.5,1.2,1.7,.090,,-1.9,1.7,-0.2
2,0,14,148,8,25,.320,1,5,.200,7,20,.350,7,15,.467,3,10,13,9,4,0,5,7,30
2,1,14,10.6,0.6,1.8,.320,0.1,0.4,.200,0.5,1.4,.350,0.5,1.1,.467,0.9,0.6,0.3,0.0,0.4,0.5,2.1
2,2,14,148,2.2,6.8,.320,0.3,1.4,.200,1.9,5.4,.350,1.9,4.1,.467,3.5,2.4,1.1,0.0,1.4,1.9,8.1
2,3,14,148,3.3,10.2,.320,0.4,2.0,.200,2.9,8.2,.350,2.9,6.1,.467,5.3,3.7,1.6,0.0,2.0,2.9,12.3,,97.6,106.2
2,4,14,148,8.7,.467,.460,.800,.600,30,2.2,7.9,5.0,13.1,1.6,0.0,13.5,13.1,,0.1,0.1,0.2,.054,,-1.8,-2.6,-4.4
3,0,30,927,129,352,.366,61,163,.374,68,189,.360,85,117,.726,8,81,89,55,22,6,86,67,411
3,1,30,30.9,4.3,11.7,.366,2.0,5.4,.374,2.3,6.3,.360,2.8,3.9,.726,3.0,1.8,0.7,0.2,2.9,2.2,13.7
3,2,30,927,5.6,15.2,.366,2.6,7.0,.374,2.9,8.2,.360,3.7,5.0,.726,3.8,2.4,0.9,0.3,3.7,2.9,17.7
3,3,30,927,8.4,23.0,.366,4.0,10.7,.374,4.4,12.4,.360,5.6,7.7,.726,5.8,3.6,1.4,0.4,5.6,4.4,26.9,,92.2,105.1
3,4,30,927,12.5,.504,.463,.537,.332,366,1.0,10.3,5.5,15.7,1.4,0.7,17.4,27.7,,0.4,0.8,1.2,.052,,0.0,-3.1,-3.0
4,0,30,943,63,149,.423,59,126,.468,4,23,.174,65,104,.625,29,70,99,138,31,6,77,87,195
4,1,30,31.4,2.1,5.0,.423,2.0,4.2,.468,0.1,0.8,.174,2.2,3.5,.625,3.3,4.6,1.0,0.2,2.6,2.9,6.5
4,2,30,943,2.7,6.3,.423,2.5,5.3,.468,0.2,1.0,.174,2.8,4.4,.625,4.2,5.9,1.3,0.3,3.3,3.7,8.3
4,3,30,943,4.0,9.6,.423,3.8,8.1,.468,0.3,1.5,.174,4.2,6.7,.625,6.4,8.9,2.0,0.4,4.9,5.6,12.5,,93.6,104.4
4,4,30,943,10.9,.491,.436,.154,.698,245,3.4,8.7,6.0,32.4,2.0,0.7,28.0,15.2,,0.4,0.9,1.3,.054,,-2.3,-1.2,-3.5
5,0,12,60,5,16,.313,2,4,.500,3,12,.250,0,1,.000,1,2,3,1,0,0,4,5,13
5,1,12,5.0,0.4,1.3,.313,0.2,0.3,.500,0.3,1.0,.250,0.0,0.1,.000,0.3,0.1,0.0,0.0,0.3,0.4,1.1
5,2,12,60,3.3,10.7,.313,1.3,2.7,.500,2.0,8.0,.250,0.0,0.7,.000,2.0,0.7,0.0,0.0,2.7,3.3,8.7
5,3,12,60,5.1,16.2,.313,2.0,4.0,.500,3.0,12.1,.250,0.0,1.0,.000,3.0,1.0,0.0,0.0,4.0,5.1,13.1,,69.3,111.3
5,4,12,60,-0.1,.395,.406,.750,.063,11,1.8,3.9,2.8,3.8,0.0,0.0,19.5,17.8,,-0.1,0.0,-0.1,-.052,,-6.4,-5.3,-11.7
6,0,29,366,31,87,.356,13,30,.433,18,57,.316,12,18,.667,10,43,53,18,15,0,19,25,92
6,1,29,12.6,1.1,3.0,.356,0.4,1.0,.433,0.6,2.0,.316,0.4,0.6,.667,1.8,0.6,0.5,0.0,0.7,0.9,3.2
6,2,29,366,3.4,9.5,.356,1.4,3.3,.433,2.0,6.2,.316,1.3,2.0,.667,5.8,2.0,1.6,0.0,2.1,2.7,10.1
6,3,29,366,5.1,14.4,.356,2.2,5.0,.433,3.0,9.4,.316,2.0,3.0,.667,8.8,3.0,2.5,0.0,3.1,4.1,15.2,,92.6,101.6
6,4,29,366,10.5,.481,.460,.655,.207,87,3.0,13.8,8.2,11.3,2.5,0.0,16.6,16.3,,0.1,0.5,0.6,.061,,-1.9,-1.2,-3.1
7,0,4,24,0,1,.000,0,1,.000,0,0,,0,0,,2,3,5,0,1,0,0,7,0
7,1,4,6.0,0.0,0.3,.000,0.0,0.3,.000,0.0,0.0,,0.0,0.0,,1.3,0.0,0.3,0.0,0.0,1.8,0.0
7,2,4,24,0.0,1.7,.000,0.0,1.7,.000,0.0,0.0,,0.0,0.0,,8.3,0.0,1.7,0.0,0.0,11.7,0.0
7,3,4,24,0.0,2.5,.000,0.0,2.5,.000,0.0,0.0,,0.0,0.0,,12.6,0.0,2.5,0.0,0.0,17.7,0.0,,80.4,99.5
7,4,4,24,1.7,.000,.000,.000,.000,1,9.2,14.7,11.9,0.0,2.5,0.0,0.0,2.2,,0.0,0.0,0.0,.053,,-7.1,-0.4,-7.5
8,0,30,950,136,333,.408,122,265,.460,14,68,.206,94,146,.644,65,118,183,25,18,6,90,87,380
8,1,30,31.7,4.5,11.1,.408,4.1,8.8,.460,0.5,2.3,.206,3.1,4.9,.644,6.1,0.8,0.6,0.2,3.0,2.9,12.7
8,2,30,950,5.7,14.0,.408,5.1,11.2,.460,0.6,2.9,.206,4.0,6.1,.644,7.7,1.1,0.8,0.3,3.8,3.7,16.0
8,3,30,950,8.7,21.2,.408,7.8,16.9,.460,0.9,4.3,.206,6.0,9.3,.644,11.7,1.6,1.1,0.4,5.7,5.6,24.2,,87.4,103.6
8,4,30,950,11.8,.472,.429,.204,.438,355,7.6,14.6,11.0,7.0,1.1,0.7,18.3,27.0,,-0.2,1.0,0.8,.033,,-3.7,-2.6,-6.2
9,0,29,457,43,72,.597,43,72,.597,0,0,,16,39,.410,29,57,86,6,9,48,25,74,102
9,1,29,15.8,1.5,2.5,.597,1.5,2.5,.597,0.0,0.0,,0.6,1.3,.410,3.0,0.2,0.3,1.7,0.9,2.6,3.5
9,2,29,457,3.8,6.3,.597,3.8,6.3,.597,0.0,0.0,,1.4,3.4,.410,7.5,0.5,0.8,4.2,2.2,6.5,8.9
9,3,29,457,5.7,9.5,.597,5.7,9.5,.597,0.0,0.0,,2.1,5.2,.410,11.4,0.8,1.2,6.4,3.3,9.8,13.5,,95.3,97.9
9,4,29,457,13.4,.563,.597,.000,.542,94,7.0,14.6,10.7,3.1,1.2,11.6,21.6,13.2,,0.2,0.7,0.9,.080,,-4.7,5.1,0.3
10,0,28,296,20,48,.417,20,44,.455,0,4,.000,2,7,.286,18,30,48,3,7,5,18,56,42
10,1,28,10.6,0.7,1.7,.417,0.7,1.6,.455,0.0,0.1,.000,0.1,0.3,.286,1.7,0.1,0.3,0.2,0.6,2.0,1.5
10,2,28,296,2.7,6.5,.417,2.7,5.9,.455,0.0,0.5,.000,0.3,0.9,.286,6.5,0.4,0.9,0.7,2.4,7.6,5.7
10,3,28,296,4.1,9.8,.417,4.1,9.0,.455,0.0,0.8,.000,0.4,1.4,.286,9.8,0.6,1.4,1.0,3.7,11.5,8.6,,71.7,103.0
10,4,28,296,3.1,.409,.417,.083,.146,43,6.7,11.9,9.2,2.2,1.4,1.9,26.0,12.2,,-0.3,0.3,0.0,.002,,-7.3,-0.5,-7.8
11,0,28,275,29,86,.337,23,64,.359,6,22,.273,27,39,.692,5,48,53,18,8,2,33,16,91
11,1,28,9.8,1.0,3.1,.337,0.8,2.3,.359,0.2,0.8,.273,1.0,1.4,.692,1.9,0.6,0.3,0.1,1.2,0.6,3.3
11,2,28,275,4.2,12.5,.337,3.3,9.3,.359,0.9,3.2,.273,3.9,5.7,.692,7.7,2.6,1.2,0.3,4.8,2.3,13.2
11,3,28,275,6.4,19.0,.337,5.1,14.1,.359,1.3,4.8,.273,6.0,8.6,.692,11.7,4.0,1.8,0.4,7.3,3.5,20.1,,76.5,99.9
11,4,28,275,8.6,.435,.372,.256,.453,88,2.0,20.5,11.0,15.9,1.8,0.8,24.0,26.0,,-0.4,0.4,0.0,-.006,,-7.2,-1.4,-8.5
12,0,24,226,11,32,.344,11,31,.355,0,1,.000,7,15,.467,9,22,31,2,0,11,11,27,29
12,1,24,9.4,0.5,1.3,.344,0.5,1.3,.355,0.0,0.0,.000,0.3,0.6,.467,1.3,0.1,0.0,0.5,0.5,1.1,1.2
12,2,24,226,1.9,5.7,.344,1.9,5.5,.355,0.0,0.2,.000,1.2,2.7,.467,5.5,0.4,0.0,1.9,1.9,4.8,5.1
12,3,24,226,3.0,8.6,.344,3.0,8.3,.355,0.0,0.3,.000,1.9,4.0,.467,8.3,0.5,0.0,3.0,3.0,7.2,7.8,,69.5,105.1
12,4,24,226,3.0,.371,.344,.031,.469,29,4.4,11.4,7.8,1.9,0.0,5.4,21.9,11.5,,-0.2,0.2,0.0,-.008,,-8.7,0.3,-8.4
