0,0,29,822,81,220,.368,58,142,.408,23,78,.295,33,43,.767,10,42,52,56,42,5,35,70,218
0,1,29,28.3,2.8,7.6,.368,2.0,4.9,.408,0.8,2.7,.295,1.1,1.5,.767,1.8,1.9,1.4,0.2,1.2,2.4,7.5
0,2,29,822,3.9,10.7,.368,2.8,6.9,.408,1.1,3.8,.295,1.6,2.1,.767,2.5,2.7,2.0,0.2,1.7,3.4,10.6
0,3,29,822,6.2,16.9,.368,4.5,10.9,.408,1.8,6.0,.295,2.5,3.3,.767,4.0,4.3,3.2,0.4,2.7,5.4,16.8,,94.6,108.8
0,4,29,822,11.2,.453,.420,.355,.195,213,1.4,6.4,3.8,15.2,3.2,0.7,12.7,18.1,,0.4,0.4,0.8,.040,,-1.4,-2.1,-3.5
1,0,18,186,12,31,.387,9,22,.409,3,9,.333,5,13,.385,5,9,14,7,0,2,14,10,32
1,1,18,10.3,0.7,1.7,.387,0.5,1.2,.409,0.2,0.5,.333,0.3,0.7,.385,0.8,0.4,0.0,0.1,0.8,0.6,1.8
1,2,18,186,2.6,6.7,.387,1.9,4.7,.409,0.6,1.9,.333,1.1,2.8,.385,3.0,1.5,0.0,0.4,3.0,2.2,6.9
1,3,18,186,4.1,10.5,.387,3.1,7.5,.409,1.0,3.1,.333,1.7,4.4,.385,4.8,2.4,0.0,0.7,4.8,3.4,10.9,,73.0,116.1
1,4,18,186,2.6,.430,.435,.290,.419,32,3.1,6.0,4.5,7.8,0.0,1.3,27.4,14.9,,-0.2,0.0,-0.3,-.055,,-6.8,-4.1,-10.9
2,0,13,90,5,13,.385,3,5,.600,2,8,.250,2,3,.667,6,7,13,2,2,0,6,14,14
2,1,13,6.9,0.4,1.0,.385,0.2,0.4,.600,0.2,0.6,.250,0.2,0.2,.667,1.0,0.2,0.2,0.0,0.5,1.1,1.1
2,2,13,90,2.2,5.8,.385,1.3,2.2,.600,0.9,3.6,.250,0.9,1.3,.667,5.8,0.9,0.9,0.0,2.7,6.2,6.2
2,3,13,90,3.5,9.1,.385,2.1,3.5,.600,1.4,5.6,.250,1.4,2.1,.667,9.1,1.4,1.4,0.0,4.2,9.8,9.8,,83.7,111.3
2,4,13,90,4.5,.485,.462,.615,.231,15,7.6,9.7,8.6,4.5,1.4,0.0,29.4,12.3,,0.0,0.0,0.0,-.002,,-4.0,-3.4,-7.3
3,0,29,441,29,62,.468,29,62,.468,0,0,,0,2,.000,26,33,59,3,8,7,21,75,58
3,1,29,15.2,1.0,2.1,.468,1.0,2.1,.468,0.0,0.0,,0.0,0.1,.000,2.0,0.1,0.3,0.2,0.7,2.6,2.0
3,2,29,441,2.6,5.6,.468,2.6,5.6,.468,0.0,0.0,,0.0,0.2,.000,5.4,0.3,0.7,0.6,1.9,6.8,5.3
3,3,29,441,4.2,8.9,.468,4.2,8.9,.468,0.0,0.0,,0.0,0.3,.000,8.5,0.4,1.1,1.0,3.0,10.7,8.3,,81.6,111.1
3,4,29,441,3.9,.461,.468,.000,.032,60,6.7,9.3,8.0,1.4,1.1,1.9,25.0,10.3,,-0.2,0.1,0.0,-.004,,-5.6,-1.9,-7.5
4,0,29,1060,121,300,.403,112,262,.427,9,38,.237,121,169,.716,48,92,140,159,39,5,82,69,372
4,1,29,36.6,4.2,10.3,.403,3.9,9.0,.427,0.3,1.3,.237,4.2,5.8,.716,4.8,5.5,1.3,0.2,2.8,2.4,12.8
4,2,29,1060,4.6,11.3,.403,4.2,9.9,.427,0.3,1.4,.237,4.6,6.4,.716,5.3,6.0,1.5,0.2,3.1,2.6,14.0
4,3,29,1060,7.2,17.9,.403,6.7,15.6,.427,0.5,2.3,.237,7.2,10.1,.716,8.3,9.5,2.3,0.3,4.9,4.1,22.2,,102.7,109.1
4,4,29,1060,18.3,.489,.418,.127,.563,425,5.2,10.8,7.9,34.7,2.3,0.6,17.7,23.6,,1.8,0.5,2.3,.087,,1.6,-1.9,-0.3
5,0,21,179,11,38,.289,2,13,.154,9,25,.360,7,10,.700,4,8,12,8,5,2,8,19,38
5,1,21,8.5,0.5,1.8,.289,0.1,0.6,.154,0.4,1.2,.360,0.3,0.5,.700,0.6,0.4,0.2,0.1,0.4,0.9,1.8
5,2,21,179,2.5,8.5,.289,0.4,2.9,.154,2.0,5.6,.360,1.6,2.2,.700,2.7,1.8,1.1,0.4,1.8,4.2,8.5
5,3,21,179,3.9,13.4,.289,0.7,4.6,.154,3.2,8.8,.360,2.5,3.5,.700,4.2,2.8,1.8,0.7,2.8,6.7,13.4,,90.3,112.0
5,4,21,179,6.6,.444,.408,.658,.263,38,2.5,5.6,4.0,9.2,1.8,1.4,15.8,15.3,,0.0,0.0,0.1,.012,,-2.9,-3.5,-6.4
6,0,24,367,55,106,.519,55,106,.519,0,0,,18,31,.581,35,60,95,2,6,20,19,60,128
6,1,24,15.3,2.3,4.4,.519,2.3,4.4,.519,0.0,0.0,,0.8,1.3,.581,4.0,0.1,0.3,0.8,0.8,2.5,5.3
6,2,24,367,6.0,11.6,.519,6.0,11.6,.519,0.0,0.0,,2.0,3.4,.581,10.4,0.2,0.7,2.2,2.1,6.5,14.0
6,3,24,367,9.5,18.2,.519,9.5,18.2,.519,0.0,0.0,,3.1,5.3,.581,16.4,0.3,1.0,3.4,3.3,10.3,22.0,,102.6,104.4
6,4,24,367,17.7,.530,.519,.000,.292,118,10.9,20.4,15.4,1.4,1.0,6.6,13.6,20.6,,0.5,0.3,0.8,.092,,-4.0,-2.2,-6.1
7,0,22,176,12,43,.279,3,6,.500,9,37,.243,9,11,.818,1,9,10,5,7,0,7,10,42
7,1,22,8.0,0.5,2.0,.279,0.1,0.3,.500,0.4,1.7,.243,0.4,0.5,.818,0.5,0.2,0.3,0.0,0.3,0.5,1.9
7,2,22,176,2.7,9.8,.279,0.7,1.4,.500,2.0,8.4,.243,2.0,2.5,.818,2.3,1.1,1.6,0.0,1.6,2.3,9.5
7,3,22,176,4.3,15.4,.279,1.1,2.2,.500,3.2,13.3,.243,3.2,3.9,.818,3.6,1.8,2.5,0.0,2.5,3.6,15.1,,88.4,110.9
7,4,22,176,7.3,.435,.384,.860,.256,38,0.6,6.4,3.4,5.9,2.5,0.0,12.7,16.9,,0.0,0.0,0.0,.011,,-2.4,-4.4,-6.7
8,0,28,427,59,84,.702,59,84,.702,0,0,,8,17,.471,19,62,81,2,7,57,17,71,126
8,1,28,15.3,2.1,3.0,.702,2.1,3.0,.702,0.0,0.0,,0.3,0.6,.471,2.9,0.1,0.3,2.0,0.6,2.5,4.5
8,2,28,427,5.5,7.9,.702,5.5,7.9,.702,0.0,0.0,,0.7,1.6,.471,7.6,0.2,0.7,5.3,1.6,6.7,11.8
8,3,28,427,8.7,12.4,.702,8.7,12.4,.702,0.0,0.0,,1.2,2.5,.471,12.0,0.3,1.0,8.4,2.5,10.5,18.6,,116.8,101.1
8,4,28,427,20.2,.684,.702,.000,.202,102,5.1,18.1,11.3,1.1,1.0,16.1,15.6,13.8,,0.8,0.5,1.3,.121,,-2.9,4.8,2.0
9,0,28,827,131,349,.375,95,219,.434,36,130,.277,82,121,.678,67,144,211,27,18,4,80,81,380
9,1,28,29.5,4.7,12.5,.375,3.4,7.8,.434,1.3,4.6,.277,2.9,4.3,.678,7.5,1.0,0.6,0.1,2.9,2.9,13.6
9,2,28,827,6.3,16.9,.375,4.6,10.6,.434,1.7,6.3,.277,4.0,5.9,.678,10.2,1.3,0.9,0.2,3.9,3.9,18.4
9,3,28,827,10.0,26.7,.375,7.3,16.7,.434,2.7,9.9,.277,6.3,9.2,.678,16.1,2.1,1.4,0.3,6.1,6.2,29.0,,90.4,106.1
9,4,28,827,15.6,.467,.427,.372,.347,361,9.2,21.7,15.2,8.4,1.4,0.6,16.4,31.8,,0.2,0.6,0.8,.041,,-2.1,-4.6,-6.7
10,0,29,457,43,115,.374,20,46,.435,23,69,.333,10,13,.769,8,25,33,13,16,0,8,27,119
10,1,29,15.8,1.5,4.0,.374,0.7,1.6,.435,0.8,2.4,.333,0.3,0.4,.769,1.1,0.4,0.6,0.0,0.3,0.9,4.1
10,2,29,457,3.8,10.1,.374,1.8,4.0,.435,2.0,6.0,.333,0.9,1.1,.769,2.9,1.1,1.4,0.0,0.7,2.4,10.4
10,3,29,457,5.9,15.9,.374,2.8,6.4,.435,3.2,9.5,.333,1.4,1.8,.769,4.6,1.8,2.2,0.0,1.1,3.7,16.4,,105.5,111.4
10,4,29,457,11.1,.491,.474,.600,.113,106,2.0,6.8,4.3,6.3,2.2,0.0,6.2,15.3,,0.5,0.1,0.6,.056,,-0.4,-3.8,-4.2
11,0,4,10,1,1,1.000,1,1,1.000,0,0,,0,0,,0,0,0,0,0,1,1,1,2
11,1,4,2.5,0.3,0.3,1.000,0.3,0.3,1.000,0.0,0.0,,0.0,0.0,,0.0,0.0,0.0,0.3,0.3,0.3,0.5
11,2,4,10,4.0,4.0,1.000,4.0,4.0,1.000,0.0,0.0,,0.0,0.0,,0.0,0.0,0.0,4.0,4.0,4.0,8.0
11,3,4,10,6.3,6.3,1.000,6.3,6.3,1.000,0.0,0.0,,0.0,0.0,,0.0,0.0,0.0,6.3,6.3,6.3,12.6,,77.7,113.6
11,4,4,10,7.5,1.000,1.000,.000,.000,1,0.0,0.0,0.0,0.0,0.0,12.1,50.0,10.8,,0.0,0.0,0.0,-.021,,-6.0,1.7,-4.3
12,0,26,759,74,198,.374,50,129,.388,24,69,.348,45,67,.672,32,72,104,32,34,4,49,61,217
12,1,26,29.2,2.8,7.6,.374,1.9,5.0,.388,0.9,2.7,.348,1.7,2.6,.672,4.0,1.2,1.3,0.2,1.9,2.3,8.3
12,2,26,759,3.9,10.4,.374,2.6,6.8,.388,1.3,3.6,.348,2.4,3.5,.672,5.5,1.7,1.8,0.2,2.6,3.2,11.4
12,3,26,759,6.2,16.5,.374,4.2,10.7,.388,2.0,5.7,.348,3.7,5.6,.672,8.7,2.7,2.8,0.3,4.1,5.1,18.1,,91.1,107.4
12,4,26,759,11.6,.472,.434,.348,.338,211,4.8,11.8,8.2,9.4,2.8,0.6,17.6,19.8,,0.2,0.5,0.7,.035,,-1.9,-1.6,-3.5
