0,0,5,20,2,6,.333,2,4,.500,0,2,.000,0,0,,1,0,1,4,1,0,1,1,4
0,1,5,4.0,0.4,1.2,.333,0.4,0.8,.500,0.0,0.4,.000,0.0,0.0,,0.2,0.8,0.2,0.0,0.2,0.2,0.8
0,2,5,20,4.0,12.0,.333,4.0,8.0,.500,0.0,4.0,.000,0.0,0.0,,2.0,8.0,2.0,0.0,2.0,2.0,8.0
0,3,5,20,6.2,18.6,.333,6.2,12.4,.500,0.0,6.2,.000,0.0,0.0,,3.1,12.4,3.1,0.0,3.1,3.1,12.4,,92.7,105.0
0,4,5,20,11.9,.333,.333,.333,.000,6,6.3,0.0,3.1,45.0,3.1,0.0,14.3,18.9,,0.0,0.0,0.0,.052,,-2.9,-5.2,-8.1
1,0,30,455,51,121,.421,41,71,.577,10,50,.200,44,65,.677,10,62,72,25,33,5,39,66,156
1,1,30,15.2,1.7,4.0,.421,1.4,2.4,.577,0.3,1.7,.200,1.5,2.2,.677,2.4,0.8,1.1,0.2,1.3,2.2,5.2
1,2,30,455,4.5,10.6,.421,3.6,6.2,.577,0.9,4.4,.200,3.9,5.7,.677,6.3,2.2,2.9,0.4,3.4,5.8,13.7
1,3,30,455,7.0,16.5,.421,5.6,9.7,.577,1.4,6.8,.200,6.0,8.9,.677,9.8,3.4,4.5,0.7,5.3,9.0,21.3,,93.7,93.3
1,4,30,455,14.5,.514,.463,.413,.537,150,2.8,16.3,9.7,12.7,4.5,1.3,20.4,22.6,,0.2,1.0,1.2,.101,,-2.8,1.4,-1.4
2,0,4,6,0,3,.000,0,3,.000,0,0,,2,6,.333,2,1,3,0,0,0,0,0,2
2,1,4,1.5,0.0,0.8,.000,0.0,0.8,.000,0.0,0.0,,0.5,1.5,.333,0.8,0.0,0.0,0.0,0.0,0.0,0.5
2,2,4,6,0.0,20.0,.000,0.0,20.0,.000,0.0,0.0,,13.3,40.0,.333,20.0,0.0,0.0,0.0,0.0,0.0,13.3
2,3,4,6,0.0,31.1,.000,0.0,31.1,.000,0.0,0.0,,20.7,62.2,.333,31.1,0.0,0.0,0.0,0.0,0.0,20.7,,61.7,103.0
2,4,4,6,-0.7,.171,.000,.000,2.000,3,42.2,19.9,30.7,0.0,0.0,0.0,0.0,52.6,,0.0,0.0,0.0,-.227,,-23.9,-20.2,-44.2
3,0,30,591,55,118,.466,42,85,.494,13,33,.394,45,63,.714,27,57,84,25,19,12,29,50,168
3,1,30,19.7,1.8,3.9,.466,1.4,2.8,.494,0.4,1.1,.394,1.5,2.1,.714,2.8,0.8,0.6,0.4,1.0,1.7,5.6
3,2,30,591,3.7,8.0,.466,2.8,5.8,.494,0.9,2.2,.394,3.0,4.3,.714,5.7,1.7,1.3,0.8,2.0,3.4,11.4
3,3,30,591,5.8,12.4,.466,4.4,8.9,.494,1.4,3.5,.394,4.7,6.6,.714,8.8,2.6,2.0,1.3,3.1,5.3,17.7,,110.7,100.9
3,4,30,591,14.7,.568,.521,.280,.534,167,5.8,11.5,8.7,9.4,2.0,2.5,16.4,16.1,,0.9,0.8,1.8,.120,,-1.2,0.5,-0.7
4,0,31,762,86,194,.443,57,124,.460,29,70,.414,60,71,.845,41,131,172,17,13,12,49,101,261
4,1,31,24.6,2.8,6.3,.443,1.8,4.0,.460,0.9,2.3,.414,1.9,2.3,.845,5.5,0.5,0.4,0.4,1.6,3.3,8.4
4,2,31,762,4.5,10.2,.443,3.0,6.5,.460,1.5,3.7,.414,3.1,3.7,.845,9.0,0.9,0.7,0.6,2.6,5.3,13.7
4,3,31,762,7.0,15.8,.443,4.7,10.1,.460,2.4,5.7,.414,4.9,5.8,.845,14.0,1.4,1.1,1.0,4.0,8.2,21.3,,106.8,98.8
4,4,31,762,14.8,.573,.518,.361,.366,246,6.8,20.5,13.9,5.2,1.1,1.9,17.7,19.6,,1.2,1.2,2.4,.126,,-2.0,-1.1,-3.1
5,0,3,3,0,1,.000,0,1,.000,0,0,,1,2,.500,0,1,1,0,0,0,1,1,1
5,1,3,1.0,0.0,0.3,.000,0.0,0.3,.000,0.0,0.0,,0.3,0.7,.500,0.3,0.0,0.0,0.0,0.3,0.3,0.3
5,2,3,3,0.0,13.3,.000,0.0,13.3,.000,0.0,0.0,,13.3,26.7,.500,13.3,0.0,0.0,0.0,13.3,13.3,13.3
5,3,3,3,0.0,20.7,.000,0.0,20.7,.000,0.0,0.0,,20.7,41.4,.500,20.7,0.0,0.0,0.0,20.7,20.7,20.7,,37.8,91.9
5,4,3,3,-24.8,.256,.000,.000,2.000,1,0.0,39.8,20.5,0.0,0.0,0.0,33.9,53.0,,0.0,0.0,0.0,-.417,,-39.0,-12.2,-51.2
6,0,28,316,16,56,.286,0,6,.000,16,50,.320,3,4,.750,11,16,27,3,4,4,5,57,51
6,1,28,11.3,0.6,2.0,.286,0.0,0.2,.000,0.6,1.8,.320,0.1,0.1,.750,1.0,0.1,0.1,0.1,0.2,2.0,1.8
6,2,28,316,2.0,7.1,.286,0.0,0.8,.000,2.0,6.3,.320,0.4,0.5,.750,3.4,0.4,0.5,0.5,0.6,7.2,6.5
6,3,28,316,3.1,11.0,.286,0.0,1.2,.000,3.1,9.8,.320,0.6,0.8,.750,5.3,0.6,0.8,0.8,1.0,11.2,10.0,,99.5,105.9
6,4,28,316,3.7,.440,.429,.893,.071,50,4.4,6.0,5.2,1.9,0.8,1.5,7.9,10.7,,0.1,0.3,0.4,.055,,-2.8,-2.1,-4.9
7,0,31,1106,149,328,.454,138,290,.476,11,38,.289,169,263,.643,25,94,119,160,56,3,81,64,478
7,1,31,35.7,4.8,10.6,.454,4.5,9.4,.476,0.4,1.2,.289,5.5,8.5,.643,3.8,5.2,1.8,0.1,2.6,2.1,15.4
7,2,31,1106,5.4,11.9,.454,5.0,10.5,.476,0.4,1.4,.289,6.1,9.5,.643,4.3,5.8,2.0,0.1,2.9,2.3,17.3
7,3,31,1106,8.4,18.4,.454,7.8,16.3,.476,0.6,2.1,.289,9.5,14.8,.643,6.7,9.0,3.1,0.2,4.6,3.6,26.9,,110.0,100.1
7,4,31,1106,21.7,.528,.471,.116,.802,516,2.9,10.1,6.6,35.3,3.1,0.3,15.2,26.0,,2.9,1.6,4.5,.162,,1.7,-0.4,1.3
8,0,26,185,14,46,.304,9,26,.346,5,20,.250,18,24,.750,14,10,24,5,3,2,20,38,51
8,1,26,7.1,0.5,1.8,.304,0.3,1.0,.346,0.2,0.8,.250,0.7,0.9,.750,0.9,0.2,0.1,0.1,0.8,1.5,2.0
8,2,26,185,3.0,9.9,.304,1.9,5.6,.346,1.1,4.3,.250,3.9,5.2,.750,5.2,1.1,0.6,0.4,4.3,8.2,11.0
8,3,26,185,4.7,15.5,.304,3.0,8.7,.346,1.7,6.7,.250,6.0,8.1,.750,8.1,1.7,1.0,0.7,6.7,12.8,17.1,,81.6,105.2
8,4,26,185,3.7,.444,.359,.435,.522,55,9.6,6.4,8.0,5.8,1.0,1.3,25.8,22.6,,-0.2,0.2,0.0,.003,,-6.4,-3.1,-9.5
9,0,22,175,15,42,.357,13,29,.448,2,13,.154,7,12,.583,5,11,16,4,5,3,7,20,39
9,1,22,8.0,0.7,1.9,.357,0.6,1.3,.448,0.1,0.6,.154,0.3,0.5,.583,0.7,0.2,0.2,0.1,0.3,0.9,1.8
9,2,22,175,3.4,9.6,.357,3.0,6.6,.448,0.5,3.0,.154,1.6,2.7,.583,3.7,0.9,1.1,0.7,1.6,4.6,8.9
9,3,22,175,5.3,14.9,.357,4.6,10.3,.448,0.7,4.6,.154,2.5,4.3,.583,5.7,1.4,1.8,1.1,2.5,7.1,13.9,,85.4,103.2
9,4,22,175,6.4,.409,.381,.310,.286,38,3.6,7.5,5.6,5.0,1.8,2.1,12.8,16.9,,-0.1,0.2,0.1,.033,,-6.0,-1.3,-7.3
10,0,28,177,17,51,.333,4,9,.444,13,42,.310,13,13,1.000,4,11,15,1,7,1,12,20,60
10,1,28,6.3,0.6,1.8,.333,0.1,0.3,.444,0.5,1.5,.310,0.5,0.5,1.000,0.5,0.0,0.3,0.0,0.4,0.7,2.1
10,2,28,177,3.8,11.5,.333,0.9,2.0,.444,2.9,9.5,.310,2.9,2.9,1.000,3.4,0.2,1.6,0.2,2.7,4.5,13.6
10,3,28,177,6.0,17.9,.333,1.4,3.2,.444,4.6,14.8,.310,4.6,4.6,1.000,5.3,0.4,2.5,0.4,4.2,7.0,21.1,,96.0,102.4
10,4,28,177,9.8,.525,.461,.824,.255,52,2.9,7.4,5.2,1.3,2.5,0.7,17.3,21.1,,0.1,0.2,0.3,.073,,-2.7,-3.6,-6.3
11,0,2,3,0,1,.000,0,0,,0,1,.000,0,0,,0,0,0,0,0,0,0,1,0
11,1,2,1.5,0.0,0.5,.000,0.0,0.0,,0.0,0.5,.000,0.0,0.0,,0.0,0.0,0.0,0.0,0.0,0.5,0.0
11,2,2,3,0.0,13.3,.000,0.0,0.0,,0.0,13.3,.000,0.0,0.0,,0.0,0.0,0.0,0.0,0.0,13.3,0.0
11,3,2,3,0.0,20.7,.000,0.0,0.0,,0.0,20.7,.000,0.0,0.0,,0.0,0.0,0.0,0.0,0.0,20.7,0.0,,0.0,110.3
11,4,2,3,-21.3,.000,.000,1.000,.000,0,0.0,0.0,0.0,0.0,0.0,0.0,0.0,18.0,,0.0,0.0,0.0,-.222,,-14.1,-6.9,-21.0
12,0,28,865,93,214,.435,51,108,.472,42,106,.396,35,42,.833,5,35,40,19,25,0,26,37,263
12,1,28,30.9,3.3,7.6,.435,1.8,3.9,.472,1.5,3.8,.396,1.3,1.5,.833,1.4,0.7,0.9,0.0,0.9,1.3,9.4
12,2,28,865,4.3,9.9,.435,2.4,5.0,.472,1.9,4.9,.396,1.6,1.9,.833,1.8,0.9,1.2,0.0,1.2,1.7,12.2
12,3,28,865,6.7,15.4,.435,3.7,7.8,.472,3.0,7.6,.396,2.5,3.0,.833,2.9,1.4,1.8,0.0,1.9,2.7,18.9,,111.3,105.7
12,4,28,865,12.0,.562,.533,.495,.196,224,0.7,4.8,2.8,5.0,1.8,0.0,10.0,16.2,,1.3,0.8,2.1,.098,,-0.5,-2.1,-2.6
13,0,30,847,147,264,.557,147,258,.570,0,6,.000,133,210,.633,89,161,250,29,17,40,96,108,427
13,1,30,28.2,4.9,8.8,.557,4.9,8.6,.570,0.0,0.2,.000,4.4,7.0,.633,8.3,1.0,0.6,1.3,3.2,3.6,14.2
13,2,30,847,6.9,12.5,.557,6.9,12.2,.570,0.0,0.3,.000,6.3,9.9,.633,11.8,1.4,0.8,1.9,4.5,5.1,20.2
13,3,30,847,10.8,19.4,.557,10.8,18.9,.570,0.0,0.4,.000,9.8,15.4,.633,18.3,2.1,1.2,2.9,7.0,7.9,31.3,,104.9,95.7
13,4,30,847,23.9,.587,.557,.023,.795,417,13.3,22.7,18.1,9.2,1.2,5.7,20.9,29.3,,1.8,1.6,3.4,.161,,-1.6,1.2,-0.5
14,0,31,616,30,68,.441,26,50,.520,4,18,.222,23,30,.767,29,37,66,26,32,2,23,55,87
14,1,31,19.9,1.0,2.2,.441,0.8,1.6,.520,0.1,0.6,.222,0.7,1.0,.767,2.1,0.8,1.0,0.1,0.7,1.8,2.8
14,2,31,616,1.9,4.4,.441,1.7,3.2,.520,0.3,1.2,.222,1.5,1.9,.767,4.3,1.7,2.1,0.1,1.5,3.6,5.6
14,3,31,616,3.0,6.9,.441,2.6,5.0,.520,0.4,1.8,.222,2.3,3.0,.767,6.7,2.6,3.2,0.2,2.3,5.6,8.8,,105.4,101.1
14,4,31,616,9.6,.529,.471,.265,.441,103,6.0,7.2,6.6,8.5,3.2,0.4,21.9,9.2,,0.5,0.9,1.3,.085,,-1.8,1.4,-0.4
15,0,14,99,3,11,.273,3,11,.273,0,0,,5,13,.385,6,14,20,3,1,5,1,17,11
15,1,14,7.1,0.2,0.8,.273,0.2,0.8,.273,0.0,0.0,,0.4,0.9,.385,1.4,0.2,0.1,0.4,0.1,1.2,0.8
15,2,14,99,1.2,4.4,.273,1.2,4.4,.273,0.0,0.0,,2.0,5.3,.385,8.1,1.2,0.4,2.0,0.4,6.9,4.4
15,3,14,99,1.9,6.9,.273,1.9,6.9,.273,0.0,0.0,,3.1,8.2,.385,12.6,1.9,0.6,3.1,0.6,10.7,6.9,,90.9,99.3
15,4,14,99,6.8,.320,.273,.000,1.182,15,7.7,16.9,12.4,5.9,0.6,6.1,5.5,9.9,,0.0,0.2,0.2,.064,,-6.4,2.2,-4.2
