0,0,32,681,80,151,.530,80,151,.530,0,0,,77,129,.597,76,113,189,16,16,22,41,95,237
0,1,32,21.3,2.5,4.7,.530,2.5,4.7,.530,0.0,0.0,,2.4,4.0,.597,5.9,0.5,0.5,0.7,1.3,3.0,7.4
0,2,32,681,4.7,8.9,.530,4.7,8.9,.530,0.0,0.0,,4.5,7.6,.597,11.1,0.9,0.9,1.3,2.4,5.6,13.9
0,3,32,681,7.6,14.4,.530,7.6,14.4,.530,0.0,0.0,,7.3,12.3,.597,18.0,1.5,1.5,2.1,3.9,9.0,22.6,,108.3,98.1
0,4,32,681,19.9,.558,.530,.000,.854,234,13.3,21.2,17.1,6.3,1.5,3.5,16.2,20.6,,1.4,1.0,2.4,.141,,0.3,1.5,1.8
1,0,32,1084,134,331,.405,79,172,.459,55,159,.346,60,83,.723,9,50,59,109,45,0,87,51,383
1,1,32,33.9,4.2,10.3,.405,2.5,5.4,.459,1.7,5.0,.346,1.9,2.6,.723,1.8,3.4,1.4,0.0,2.7,1.6,12.0
1,2,32,1084,4.9,12.2,.405,2.9,6.3,.459,2.0,5.9,.346,2.2,3.1,.723,2.2,4.0,1.7,0.0,3.2,1.9,14.1
1,3,32,1084,8.0,19.8,.405,4.7,10.3,.459,3.3,9.5,.346,3.6,5.0,.723,3.5,6.5,2.7,0.0,5.2,3.1,22.9,,97.5,104.3
1,4,32,1084,14.5,.517,.488,.480,.251,371,1.0,5.9,3.4,27.2,2.7,0.0,19.0,23.4,,1.1,1.0,2.1,.077,,2.4,-1.3,1.1
2,0,31,839,54,148,.365,41,111,.369,13,37,.351,32,56,.571,14,67,81,49,32,18,46,64,153
2,1,31,27.1,1.7,4.8,.365,1.3,3.6,.369,0.4,1.2,.351,1.0,1.8,.571,2.6,1.6,1.0,0.6,1.5,2.1,4.9
2,2,31,839,2.6,7.1,.365,2.0,5.3,.369,0.6,1.8,.351,1.5,2.7,.571,3.9,2.3,1.5,0.9,2.2,3.1,7.3
2,3,31,839,4.2,11.4,.365,3.2,8.6,.369,1.0,2.9,.351,2.5,4.3,.571,6.3,3.8,2.5,1.4,3.6,4.9,11.8,,84.4,101.6
2,4,31,839,8.3,.438,.409,.250,.378,157,2.0,10.2,6.0,13.6,2.5,2.3,20.9,14.6,,-0.2,1.0,0.8,.036,,-3.0,2.6,-0.4
3,0,32,745,78,161,.484,78,160,.488,0,1,.000,45,88,.511,68,105,173,19,15,14,43,67,201
3,1,32,23.3,2.4,5.0,.484,2.4,5.0,.488,0.0,0.0,.000,1.4,2.8,.511,5.4,0.6,0.5,0.4,1.3,2.1,6.3
3,2,32,745,4.2,8.6,.484,4.2,8.6,.488,0.0,0.1,.000,2.4,4.7,.511,9.3,1.0,0.8,0.8,2.3,3.6,10.8
3,3,32,745,6.8,14.0,.484,6.8,13.9,.488,0.0,0.1,.000,3.9,7.7,.511,15.1,1.7,1.3,1.2,3.7,5.8,17.5,,96.4,101.0
3,4,32,745,14.1,.496,.484,.006,.547,202,10.9,18.0,14.3,6.6,1.3,2.0,17.5,18.3,,0.5,0.9,1.5,.078,,-2.0,1.1,-0.9
4,0,7,16,1,5,.200,1,2,.500,0,3,.000,0,0,,0,1,1,1,2,0,0,1,2
4,1,7,2.3,0.1,0.7,.200,0.1,0.3,.500,0.0,0.4,.000,0.0,0.0,,0.1,0.1,0.3,0.0,0.0,0.1,0.3
4,2,7,16,2.5,12.5,.200,2.5,5.0,.500,0.0,7.5,.000,0.0,0.0,,2.5,2.5,5.0,0.0,0.0,2.5,5.0
4,3,7,16,4.1,20.3,.200,4.1,8.1,.500,0.0,12.2,.000,0.0,0.0,,4.1,4.1,8.1,0.0,0.0,4.1,8.1,,59.2,91.6
4,4,7,16,6.8,.200,.200,.600,.000,2,0.0,8.0,3.9,14.5,8.1,0.0,0.0,17.3,,0.0,0.0,0.0,.000,,-3.8,3.2,-0.6
5,0,3,51,9,14,.643,9,11,.818,0,3,.000,4,9,.444,1,7,8,3,1,1,5,1,22
5,1,3,17.0,3.0,4.7,.643,3.0,3.7,.818,0.0,1.0,.000,1.3,3.0,.444,2.7,1.0,0.3,0.3,1.7,0.3,7.3
5,2,3,51,7.1,11.0,.643,7.1,8.6,.818,0.0,2.4,.000,3.1,7.1,.444,6.3,2.4,0.8,0.8,3.9,0.8,17.3
5,3,3,51,11.4,17.8,.643,11.4,14.0,.818,0.0,3.8,.000,5.1,11.4,.444,10.2,3.8,1.3,1.3,6.4,1.3,28.0,,97.7,101.6
5,4,3,51,19.9,.602,.643,.214,.643,19,2.3,17.6,9.7,18.6,1.3,2.1,21.5,25.3,,0.1,0.1,0.1,.091,,-0.1,-0.1,-0.2
6,0,32,965,112,308,.364,85,228,.373,27,80,.338,58,75,.773,29,82,111,34,16,11,66,79,309
6,1,32,30.2,3.5,9.6,.364,2.7,7.1,.373,0.8,2.5,.338,1.8,2.3,.773,3.5,1.1,0.5,0.3,2.1,2.5,9.7
6,2,32,965,4.6,12.8,.364,3.5,9.5,.373,1.1,3.3,.338,2.4,3.1,.773,4.6,1.4,0.7,0.5,2.7,3.3,12.8
6,3,32,965,7.5,20.7,.364,5.7,15.3,.373,1.8,5.4,.338,3.9,5.0,.773,7.5,2.3,1.1,0.7,4.4,5.3,20.8,,87.4,104.9
6,4,32,965,9.2,.450,.407,.260,.244,285,3.6,10.9,7.1,9.4,1.1,1.2,16.1,23.6,,-0.1,0.8,0.7,.030,,-2.9,-0.6,-3.5
7,0,24,490,42,131,.321,27,78,.346,15,53,.283,11,17,.647,10,36,46,19,8,6,26,29,110
7,1,24,20.4,1.8,5.5,.321,1.1,3.3,.346,0.6,2.2,.283,0.5,0.7,.647,1.9,0.8,0.3,0.3,1.1,1.2,4.6
7,2,24,490,3.4,10.7,.321,2.2,6.4,.346,1.2,4.3,.283,0.9,1.4,.647,3.8,1.6,0.7,0.5,2.1,2.4,9.0
7,3,24,490,5.6,17.3,.321,3.6,10.3,.346,2.0,7.0,.283,1.5,2.2,.647,6.1,2.5,1.1,0.8,3.4,3.8,14.6,,79.5,105.7
7,4,24,490,5.7,.395,.378,.405,.130,104,2.4,9.4,5.8,9.5,1.1,1.3,15.8,18.7,,-0.4,0.4,0.0,.001,,-4.1,-0.6,-4.7
8,0,32,766,84,188,.447,84,188,.447,0,0,,72,139,.518,77,128,205,27,18,14,52,75,240
8,1,32,23.9,2.6,5.9,.447,2.6,5.9,.447,0.0,0.0,,2.3,4.3,.518,6.4,0.8,0.6,0.4,1.6,2.3,7.5
8,2,32,766,4.4,9.8,.447,4.4,9.8,.447,0.0,0.0,,3.8,7.3,.518,10.7,1.4,0.9,0.7,2.7,3.9,12.5
8,3,32,766,7.1,15.9,.447,7.1,15.9,.447,0.0,0.0,,6.1,11.8,.518,17.4,2.3,1.5,1.2,4.4,6.3,20.3,,94.3,99.1
8,4,32,766,15.7,.472,.447,.000,.739,246,12.0,21.4,16.5,9.2,1.5,2.0,17.0,22.2,,0.5,1.1,1.6,.083,,-2.0,1.2,-0.8
9,0,17,99,2,13,.154,1,3,.333,1,10,.100,0,0,,2,6,8,3,1,0,3,8,5
9,1,17,5.8,0.1,0.8,.154,0.1,0.2,.333,0.1,0.6,.100,0.0,0.0,,0.5,0.2,0.1,0.0,0.2,0.5,0.3
9,2,17,99,0.8,5.3,.154,0.4,1.2,.333,0.4,4.0,.100,0.0,0.0,,3.2,1.2,0.4,0.0,1.2,3.2,2.0
9,3,17,99,1.3,8.5,.154,0.7,2.0,.333,0.7,6.5,.100,0.0,0.0,,5.2,2.0,0.7,0.0,2.0,5.2,3.3,,50.5,107.8
9,4,17,99,-1.6,.192,.192,.769,.000,7,2.4,7.8,5.0,6.4,0.7,0.0,18.8,9.0,,-0.2,0.1,-0.1,-.040,,-6.4,-0.6,-7.0
10,0,10,257,23,71,.324,21,61,.344,2,10,.200,14,25,.560,5,14,19,11,9,3,17,22,62
10,1,10,25.7,2.3,7.1,.324,2.1,6.1,.344,0.2,1.0,.200,1.4,2.5,.560,1.9,1.1,0.9,0.3,1.7,2.2,6.2
10,2,10,257,3.6,11.1,.324,3.3,9.5,.344,0.3,1.6,.200,2.2,3.9,.560,3.0,1.7,1.4,0.5,2.6,3.4,9.6
10,3,10,257,5.8,17.9,.324,5.3,15.4,.344,0.5,2.5,.200,3.5,6.3,.560,4.8,2.8,2.3,0.8,4.3,5.6,15.6,,74.6,103.9
10,4,10,257,5.1,.374,.338,.141,.352,60,2.3,7.0,4.6,10.6,2.3,1.3,17.0,21.6,,-0.4,0.2,-0.1,-.017,,-5.7,0.2,-5.6
11,0,23,238,8,38,.211,6,27,.222,2,11,.182,5,11,.455,2,19,21,17,6,1,18,16,23
11,1,23,10.3,0.3,1.7,.211,0.3,1.2,.222,0.1,0.5,.182,0.2,0.5,.455,0.9,0.7,0.3,0.0,0.8,0.7,1.0
11,2,23,238,1.3,6.4,.211,1.0,4.5,.222,0.3,1.8,.182,0.8,1.8,.455,3.5,2.9,1.0,0.2,3.0,2.7,3.9
11,3,23,238,2.2,10.4,.211,1.6,7.4,.222,0.5,3.0,.182,1.4,3.0,.455,5.7,4.6,1.6,0.3,4.9,4.4,6.3,,54.4,104.5
11,4,23,238,-0.1,.266,.237,.289,.289,29,1.0,10.2,5.5,15.6,1.6,0.5,29.4,14.3,,-0.6,0.2,-0.4,-.060,,-8.3,0.2,-8.1
12,0,28,172,4,14,.286,2,5,.400,2,9,.222,4,4,1.000,1,6,7,14,3,0,10,19,14
12,1,28,6.1,0.1,0.5,.286,0.1,0.2,.400,0.1,0.3,.222,0.1,0.1,1.000,0.3,0.5,0.1,0.0,0.4,0.7,0.5
12,2,28,172,0.9,3.3,.286,0.5,1.2,.400,0.5,2.1,.222,0.9,0.9,1.000,1.6,3.3,0.7,0.0,2.3,4.4,3.3
12,3,28,172,1.5,5.3,.286,0.8,1.9,.400,0.8,3.4,.222,1.5,1.5,1.000,2.6,5.3,1.1,0.0,3.8,7.2,5.3,,76.7,108.0
12,4,28,172,2.0,.440,.357,.643,.286,19,0.7,4.5,2.5,17.3,1.1,0.0,38.6,8.4,,-0.1,0.1,0.0,.001,,-5.2,-1.8,-7.0
