0,0,33,915,93,227,.410,61,138,.442,32,89,.360,55,71,.775,14,35,49,91,39,1,67,48,273
0,1,33,27.7,2.8,6.9,.410,1.8,4.2,.442,1.0,2.7,.360,1.7,2.2,.775,1.5,2.8,1.2,0.0,2.0,1.5,8.3
0,2,33,915,4.1,9.9,.410,2.7,6.0,.442,1.4,3.9,.360,2.4,3.1,.775,2.1,4.0,1.7,0.0,2.9,2.1,11.9
0,3,33,915,5.9,14.4,.410,3.9,8.8,.442,2.0,5.6,.360,3.5,4.5,.775,3.1,5.8,2.5,0.1,4.2,3.0,17.3,,99.8,106.5
0,4,33,915,12.0,.524,.480,.392,.313,283,1.8,4.9,3.3,19.6,2.5,0.1,20.4,17.9,,0.9,0.7,1.6,.068,,0.7,-1.5,-0.7
1,0,33,542,30,99,.303,19,68,.279,11,31,.355,16,27,.593,22,55,77,30,24,7,34,63,87
1,1,33,16.4,0.9,3.0,.303,0.6,2.1,.279,0.3,0.9,.355,0.5,0.8,.593,2.3,0.9,0.7,0.2,1.0,1.9,2.6
1,2,33,542,2.2,7.3,.303,1.4,5.0,.279,0.8,2.3,.355,1.2,2.0,.593,5.7,2.2,1.8,0.5,2.5,4.6,6.4
1,3,33,542,3.2,10.6,.303,2.0,7.3,.279,1.2,3.3,.355,1.7,2.9,.593,8.2,3.2,2.6,0.7,3.6,6.7,9.3,,79.5,102.7
1,4,33,542,6.0,.389,.359,.313,.273,102,4.7,13.1,8.6,10.0,2.6,1.4,23.3,13.5,,-0.3,0.6,0.3,.020,,-3.1,1.6,-1.6
2,0,33,998,123,244,.504,105,187,.561,18,57,.316,111,162,.685,96,135,231,45,49,16,50,70,375
2,1,33,30.2,3.7,7.4,.504,3.2,5.7,.561,0.5,1.7,.316,3.4,4.9,.685,7.0,1.4,1.5,0.5,1.5,2.1,11.4
2,2,33,998,4.9,9.8,.504,4.2,7.5,.561,0.7,2.3,.316,4.4,6.5,.685,9.3,1.8,2.0,0.6,2.0,2.8,15.0
2,3,33,998,7.2,14.2,.504,6.1,10.9,.561,1.0,3.3,.316,6.5,9.4,.685,13.4,2.6,2.8,0.9,2.9,4.1,21.8,,119.4,100.8
2,4,33,998,21.4,.584,.541,.234,.664,384,11.1,17.5,14.1,9.3,2.8,1.7,13.5,18.6,,2.8,1.3,4.1,.164,,4.4,1.6,6.0
3,0,32,364,30,59,.508,23,41,.561,7,18,.389,10,17,.588,30,73,103,25,5,6,20,39,77
3,1,32,11.4,0.9,1.8,.508,0.7,1.3,.561,0.2,0.6,.389,0.3,0.5,.588,3.2,0.8,0.2,0.2,0.6,1.2,2.4
3,2,32,364,3.3,6.5,.508,2.5,4.5,.561,0.8,2.0,.389,1.1,1.9,.588,11.3,2.7,0.5,0.7,2.2,4.3,8.5
3,3,32,364,4.8,9.4,.508,3.7,6.5,.561,1.1,2.9,.389,1.6,2.7,.588,16.4,4.0,0.8,1.0,3.2,6.2,12.3,,110.5,102.4
3,4,32,364,13.7,.574,.568,.305,.288,91,9.5,25.9,17.2,13.0,0.8,1.8,23.0,12.0,,0.5,0.4,0.9,.102,,0.2,1.0,1.2
4,0,33,699,116,227,.511,85,137,.620,31,90,.344,55,75,.733,29,52,81,28,20,19,38,70,318
4,1,33,21.2,3.5,6.9,.511,2.6,4.2,.620,0.9,2.7,.344,1.7,2.3,.733,2.5,0.8,0.6,0.6,1.2,2.1,9.6
4,2,33,699,6.6,13.0,.511,4.9,7.8,.620,1.8,5.2,.344,3.1,4.3,.733,4.6,1.6,1.1,1.1,2.2,4.0,18.2
4,3,33,699,9.6,18.8,.511,7.1,11.4,.620,2.6,7.5,.344,4.6,6.2,.733,6.7,2.3,1.7,1.6,3.2,5.8,26.4,,115.6,105.0
4,4,33,699,19.3,.605,.579,.396,.330,279,4.8,9.6,7.0,9.0,1.7,2.9,12.6,21.5,,1.8,0.6,2.5,.141,,3.9,-0.7,3.2
5,0,33,806,109,258,.422,70,140,.500,39,118,.331,71,89,.798,20,93,113,25,15,13,40,81,328
5,1,33,24.4,3.3,7.8,.422,2.1,4.2,.500,1.2,3.6,.331,2.2,2.7,.798,3.4,0.8,0.5,0.4,1.2,2.5,9.9
5,2,33,806,5.4,12.8,.422,3.5,6.9,.500,1.9,5.9,.331,3.5,4.4,.798,5.6,1.2,0.7,0.6,2.0,4.0,16.3
5,3,33,806,7.8,18.6,.422,5.0,10.1,.500,2.8,8.5,.331,5.1,6.4,.798,8.1,1.8,1.1,0.9,2.9,5.8,23.6,,107.7,105.3
5,4,33,806,14.9,.546,.498,.457,.345,289,2.9,14.9,8.5,6.5,1.1,1.7,11.8,21.1,,1.4,0.7,2.1,.106,,1.2,-1.6,-0.4
6,0,8,20,2,8,.250,2,8,.250,0,0,,2,3,.667,0,4,4,2,2,0,2,2,6
6,1,8,2.5,0.3,1.0,.250,0.3,1.0,.250,0.0,0.0,,0.3,0.4,.667,0.5,0.3,0.3,0.0,0.3,0.3,0.8
6,2,8,20,4.0,16.0,.250,4.0,16.0,.250,0.0,0.0,,4.0,6.0,.667,8.0,4.0,4.0,0.0,4.0,4.0,12.0
6,3,8,20,5.8,23.2,.250,5.8,23.2,.250,0.0,0.0,,5.8,8.7,.667,11.6,5.8,5.8,0.0,5.8,5.8,17.4,,67.9,92.4
6,4,8,20,8.0,.318,.250,.000,.375,6,0.0,25.8,12.2,19.6,5.8,0.0,17.5,28.6,,-0.1,0.0,0.0,-.028,,-9.2,2.3,-6.9
7,0,32,580,69,164,.421,69,163,.423,0,1,.000,37,83,.446,46,77,123,24,22,9,51,67,175
7,1,32,18.1,2.2,5.1,.421,2.2,5.1,.423,0.0,0.0,.000,1.2,2.6,.446,3.8,0.8,0.7,0.3,1.6,2.1,5.5
7,2,32,580,4.8,11.3,.421,4.8,11.2,.423,0.0,0.1,.000,2.6,5.7,.446,8.5,1.7,1.5,0.6,3.5,4.6,12.1
7,3,32,580,6.9,16.4,.421,6.9,16.3,.423,0.0,0.1,.000,3.7,8.3,.446,12.3,2.4,2.2,0.9,5.1,6.7,17.5,,83.7,102.1
7,4,32,580,10.1,.430,.421,.006,.506,183,9.1,17.1,12.9,8.4,2.2,1.7,20.0,22.0,,-0.3,0.7,0.4,.025,,-4.4,0.5,-3.9
8,0,5,15,3,4,.750,1,1,1.000,2,3,.667,1,2,.500,0,3,3,2,0,0,0,1,9
8,1,5,3.0,0.6,0.8,.750,0.2,0.2,1.000,0.4,0.6,.667,0.2,0.4,.500,0.6,0.4,0.0,0.0,0.0,0.2,1.8
8,2,5,15,8.0,10.7,.750,2.7,2.7,1.000,5.3,8.0,.667,2.7,5.3,.500,8.0,5.3,0.0,0.0,0.0,2.7,24.0
8,3,5,15,11.6,15.5,.750,3.9,3.9,1.000,7.7,11.6,.667,3.9,7.7,.500,11.6,7.7,0.0,0.0,0.0,3.9,34.8,,189.7,105.4
8,4,5,15,35.9,.909,1.000,.750,.500,8,0.0,25.8,12.2,32.6,0.0,0.0,0.0,16.5,,0.1,0.0,0.1,.338,,14.7,-3.5,11.2
9,0,12,89,9,16,.563,8,10,.800,1,6,.167,4,7,.571,1,5,6,6,3,2,8,10,23
9,1,12,7.4,0.8,1.3,.563,0.7,0.8,.800,0.1,0.5,.167,0.3,0.6,.571,0.5,0.5,0.3,0.2,0.7,0.8,1.9
9,2,12,89,4.0,7.2,.563,3.6,4.5,.800,0.4,2.7,.167,1.8,3.1,.571,2.7,2.7,1.3,0.9,3.6,4.5,10.3
9,3,12,89,5.9,10.4,.563,5.2,6.5,.800,0.7,3.9,.167,2.6,4.6,.571,3.9,3.9,2.0,1.3,5.2,6.5,15.0,,92.3,105.3
9,4,12,89,9.3,.595,.594,.375,.438,22,1.3,7.3,4.1,13.3,2.0,2.4,29.3,15.4,,0.0,0.1,0.1,.045,,-1.8,-0.4,-2.2
10,0,33,1121,140,370,.378,66,181,.365,74,189,.392,90,120,.750,18,75,93,152,44,1,104,83,444
10,1,33,34.0,4.2,11.2,.378,2.0,5.5,.365,2.2,5.7,.392,2.7,3.6,.750,2.8,4.6,1.3,0.0,3.2,2.5,13.5
10,2,33,1121,5.0,13.2,.378,2.4,6.5,.365,2.6,6.7,.392,3.2,4.3,.750,3.3,5.4,1.6,0.0,3.7,3.0,15.8
10,3,33,1121,7.2,19.2,.378,3.4,9.4,.365,3.8,9.8,.392,4.7,6.2,.750,4.8,7.9,2.3,0.1,5.4,4.3,23.0,,101.2,105.7
10,4,33,1121,14.9,.520,.478,.511,.324,464,1.8,8.6,5.0,28.0,2.3,0.1,19.6,23.7,,1.6,0.9,2.5,.090,,2.8,-1.7,1.0
11,0,32,558,90,200,.450,68,137,.496,22,63,.349,53,75,.707,38,84,122,15,3,6,32,91,255
11,1,32,17.4,2.8,6.3,.450,2.1,4.3,.496,0.7,2.0,.349,1.7,2.3,.707,3.8,0.5,0.1,0.2,1.0,2.8,8.0
11,2,32,558,6.5,14.3,.450,4.9,9.8,.496,1.6,4.5,.349,3.8,5.4,.707,8.7,1.1,0.2,0.4,2.3,6.5,18.3
11,3,32,558,9.4,20.8,.450,7.1,14.2,.496,2.3,6.6,.349,5.5,7.8,.707,12.7,1.6,0.3,0.6,3.3,9.5,26.5,,107.7,105.5
11,4,32,558,16.2,.541,.505,.315,.375,233,7.8,19.4,13.3,6.0,0.3,1.2,12.0,24.0,,1.2,0.5,1.6,.117,,0.6,-3.3,-2.7
12,0,9,18,5,8,.625,3,5,.600,2,3,.667,0,0,,0,1,1,0,2,0,1,3,12
12,1,9,2.0,0.6,0.9,.625,0.3,0.6,.600,0.2,0.3,.667,0.0,0.0,,0.1,0.0,0.2,0.0,0.1,0.3,1.3
12,2,9,18,11.1,17.8,.625,6.7,11.1,.600,4.4,6.7,.667,0.0,0.0,,2.2,0.0,4.4,0.0,2.2,6.7,26.7
12,3,9,18,16.1,25.8,.625,9.7,16.1,.600,6.4,9.7,.667,0.0,0.0,,3.2,0.0,6.4,0.0,3.2,9.7,38.7,,117.0,96.5
12,4,9,18,29.7,.750,.750,.375,.000,7,0.0,7.2,3.4,0.0,6.4,0.0,11.1,25.0,,0.0,0.0,0.1,.173,,6.1,-2.2,4.0
