0,0,31,1072,161,342,.471,115,229,.502,46,113,.407,159,187,.850,9,66,75,139,43,1,90,54,527
0,1,31,34.6,5.2,11.0,.471,3.7,7.4,.502,1.5,3.6,.407,5.1,6.0,.850,2.4,4.5,1.4,0.0,2.9,1.7,17.0
0,2,31,1072,6.0,12.8,.471,4.3,8.5,.502,1.7,4.2,.407,5.9,7.0,.850,2.8,5.2,1.6,0.0,3.4,2.0,19.7
0,3,31,1072,9.0,19.2,.471,6.4,12.8,.502,2.6,6.3,.407,8.9,10.5,.850,4.2,7.8,2.4,0.1,5.0,3.0,29.5,,113.3,112.6
0,4,31,1072,21.2,.612,.538,.330,.547,517,1.0,7.0,4.0,34.4,2.4,0.1,17.3,26.0,,2.8,0.6,3.3,.125,,6.2,-1.8,4.4
1,0,8,12,1,6,.167,1,4,.250,0,2,.000,1,2,.500,2,2,4,0,0,0,1,3,3
1,1,8,1.5,0.1,0.8,.167,0.1,0.5,.250,0.0,0.3,.000,0.1,0.3,.500,0.5,0.0,0.0,0.0,0.1,0.4,0.4
1,2,8,12,3.3,20.0,.167,3.3,13.3,.250,0.0,6.7,.000,3.3,6.7,.500,13.3,0.0,0.0,0.0,3.3,10.0,10.0
1,3,8,12,5.0,30.0,.167,5.0,20.0,.250,0.0,10.0,.000,5.0,10.0,.500,20.0,0.0,0.0,0.0,5.0,15.0,15.0,,56.0,110.8
1,4,8,12,-6.3,.216,.167,.333,.333,4,19.5,19.1,19.3,0.0,0.0,0.0,12.6,35.4,,-0.1,0.0,-0.1,-.207,,-16.0,-11.6,-27.5
2,0,18,564,85,196,.434,65,137,.474,20,59,.339,46,72,.639,26,83,109,22,8,16,32,36,236
2,1,18,31.3,4.7,10.9,.434,3.6,7.6,.474,1.1,3.3,.339,2.6,4.0,.639,6.1,1.2,0.4,0.9,1.8,2.0,13.1
2,2,18,564,6.0,13.9,.434,4.6,9.7,.474,1.4,4.2,.339,3.3,5.1,.639,7.7,1.6,0.6,1.1,2.3,2.6,16.7
2,3,18,564,9.1,20.9,.434,6.9,14.6,.474,2.1,6.3,.339,4.9,7.7,.639,11.6,2.3,0.9,1.7,3.4,3.8,25.1,,98.9,109.8
2,4,18,564,16.0,.513,.485,.301,.367,217,5.4,16.8,11.2,10.4,0.9,2.9,12.2,24.8,,0.4,0.5,0.9,.062,,-0.1,0.1,0.0
3,0,31,552,33,96,.344,20,55,.364,13,41,.317,49,65,.754,16,61,77,39,16,2,29,51,128
3,1,31,17.8,1.1,3.1,.344,0.6,1.8,.364,0.4,1.3,.317,1.6,2.1,.754,2.5,1.3,0.5,0.1,0.9,1.6,4.1
3,2,31,552,2.4,7.0,.344,1.4,4.0,.364,0.9,3.0,.317,3.6,4.7,.754,5.6,2.8,1.2,0.1,2.1,3.7,9.3
3,3,31,552,3.6,10.4,.344,2.2,6.0,.364,1.4,4.5,.317,5.3,7.1,.754,8.4,4.2,1.7,0.2,3.2,5.6,13.9,,98.9,110.9
3,4,31,552,9.9,.504,.411,.427,.677,138,3.4,12.6,8.1,15.1,1.7,0.4,18.6,15.1,,0.3,0.4,0.7,.048,,-1.3,0.3,-1.1
4,0,14,234,25,70,.357,18,47,.383,7,23,.304,15,24,.625,11,23,34,20,10,2,15,31,72
4,1,14,16.7,1.8,5.0,.357,1.3,3.4,.383,0.5,1.6,.304,1.1,1.7,.625,2.4,1.4,0.7,0.1,1.1,2.2,5.1
4,2,14,234,4.3,12.0,.357,3.1,8.0,.383,1.2,3.9,.304,2.6,4.1,.625,5.8,3.4,1.7,0.3,2.6,5.3,12.3
4,3,14,234,6.4,18.0,.357,4.6,12.1,.383,1.8,5.9,.304,3.9,6.2,.625,8.7,5.1,2.6,0.5,3.9,8.0,18.5,,90.3,109.3
4,4,14,234,10.9,.442,.407,.329,.343,77,5.5,11.2,8.4,20.3,2.6,0.9,15.6,22.0,,0.0,0.2,0.2,.026,,-1.3,0.3,-1.0
5,0,26,194,5,20,.250,5,14,.357,0,6,.000,12,14,.857,13,13,26,2,7,0,4,22,22
5,1,26,7.5,0.2,0.8,.250,0.2,0.5,.357,0.0,0.2,.000,0.5,0.5,.857,1.0,0.1,0.3,0.0,0.2,0.8,0.8
5,2,26,194,1.0,4.1,.250,1.0,2.9,.357,0.0,1.2,.000,2.5,2.9,.857,5.4,0.4,1.4,0.0,0.8,4.5,4.5
5,3,26,194,1.5,6.2,.250,1.5,4.3,.357,0.0,1.9,.000,3.7,4.3,.857,8.1,0.6,2.2,0.0,1.2,6.8,6.8,,99.0,112.5
5,4,26,194,6.0,.413,.250,.300,.700,28,7.8,7.7,7.7,2.1,2.2,0.0,13.1,8.4,,0.1,0.1,0.2,.034,,-3.1,0.3,-2.7
6,0,31,916,88,241,.365,54,136,.397,34,105,.324,37,59,.627,31,64,95,26,16,7,35,63,247
6,1,31,29.5,2.8,7.8,.365,1.7,4.4,.397,1.1,3.4,.324,1.2,1.9,.627,3.1,0.8,0.5,0.2,1.1,2.0,8.0
6,2,31,916,3.8,10.5,.365,2.4,5.9,.397,1.5,4.6,.324,1.6,2.6,.627,4.1,1.1,0.7,0.3,1.5,2.8,10.8
6,3,31,916,5.8,15.8,.365,3.5,8.9,.397,2.2,6.9,.324,2.4,3.9,.627,6.2,1.7,1.0,0.5,2.3,4.1,16.2,,91.6,114.7
6,4,31,916,8.1,.459,.436,.436,.245,234,4.0,8.0,6.0,6.6,1.0,0.8,11.5,17.7,,0.0,0.3,0.3,.012,,-1.7,-0.8,-2.6
7,0,25,386,15,62,.242,8,34,.235,7,28,.250,24,31,.774,10,41,51,13,11,8,18,47,61
7,1,25,15.4,0.6,2.5,.242,0.3,1.4,.235,0.3,1.1,.250,1.0,1.2,.774,2.0,0.5,0.4,0.3,0.7,1.9,2.4
7,2,25,386,1.6,6.4,.242,0.8,3.5,.235,0.7,2.9,.250,2.5,3.2,.774,5.3,1.3,1.1,0.8,1.9,4.9,6.3
7,3,25,386,2.3,9.6,.242,1.2,5.3,.235,1.1,4.4,.250,3.7,4.8,.774,7.9,2.0,1.7,1.2,2.8,7.3,9.5,,79.4,110.3
7,4,25,386,4.8,.398,.298,.452,.500,65,3.0,12.2,7.6,6.9,1.7,2.1,19.0,13.1,,-0.3,0.3,0.0,.000,,-4.7,1.4,-3.3
8,0,31,842,116,261,.444,111,228,.487,5,33,.152,52,77,.675,43,91,134,40,40,13,55,94,289
8,1,31,27.2,3.7,8.4,.444,3.6,7.4,.487,0.2,1.1,.152,1.7,2.5,.675,4.3,1.3,1.3,0.4,1.8,3.0,9.3
8,2,31,842,5.5,12.4,.444,5.3,10.8,.487,0.2,1.6,.152,2.5,3.7,.675,6.4,1.9,1.9,0.6,2.6,4.5,13.7
8,3,31,842,8.3,18.6,.444,7.9,16.3,.487,0.4,2.4,.152,3.7,5.5,.675,9.6,2.9,2.9,0.9,3.9,6.7,20.6,,92.9,107.9
8,4,31,842,13.3,.486,.454,.126,.295,282,6.0,12.4,9.2,12.2,2.9,1.6,15.6,22.4,,0.1,0.8,0.9,.042,,-1.6,1.7,0.1
9,0,30,925,91,222,.410,90,220,.409,1,2,.500,91,128,.711,54,150,204,24,20,49,41,103,274
9,1,30,30.8,3.0,7.4,.410,3.0,7.3,.409,0.0,0.1,.500,3.0,4.3,.711,6.8,0.8,0.7,1.6,1.4,3.4,9.1
9,2,30,925,3.9,9.6,.410,3.9,9.5,.409,0.0,0.1,.500,3.9,5.5,.711,8.8,1.0,0.9,2.1,1.8,4.5,11.8
9,3,30,925,5.9,14.4,.410,5.8,14.3,.409,0.1,0.1,.500,5.9,8.3,.711,13.2,1.6,1.3,3.2,2.7,6.7,17.8,,98.8,106.5
9,4,30,925,13.9,.484,.412,.009,.577,276,6.8,18.6,12.7,6.0,1.3,5.5,12.7,18.7,,0.5,1.0,1.6,.067,,-3.2,3.1,-0.1
10,0,16,44,3,6,.500,2,4,.500,1,2,.500,1,2,.500,1,3,4,4,1,1,4,5,8
10,1,16,2.8,0.2,0.4,.500,0.1,0.3,.500,0.1,0.1,.500,0.1,0.1,.500,0.3,0.3,0.1,0.1,0.3,0.3,0.5
10,2,16,44,2.7,5.5,.500,1.8,3.6,.500,0.9,1.8,.500,0.9,1.8,.500,3.6,3.6,0.9,0.9,3.6,4.5,7.3
10,3,16,44,4.1,8.2,.500,2.7,5.5,.500,1.4,2.7,.500,1.4,2.7,.500,5.5,5.5,1.4,1.4,5.5,6.8,10.9,,85.7,113.2
10,4,16,44,6.7,.576,.583,.333,.333,9,2.7,7.8,5.3,19.8,1.4,2.4,36.5,13.3,,0.0,0.0,0.0,.002,,-4.3,-0.1,-4.4
11,0,30,460,31,101,.307,19,61,.311,12,40,.300,32,48,.667,6,30,36,25,13,1,26,25,106
11,1,30,15.3,1.0,3.4,.307,0.6,2.0,.311,0.4,1.3,.300,1.1,1.6,.667,1.2,0.8,0.4,0.0,0.9,0.8,3.5
11,2,30,460,2.7,8.8,.307,1.7,5.3,.311,1.0,3.5,.300,2.8,4.2,.667,3.1,2.2,1.1,0.1,2.3,2.2,9.2
11,3,30,460,4.0,13.2,.307,2.5,8.0,.311,1.6,5.2,.300,4.2,6.3,.667,4.7,3.3,1.7,0.1,3.4,3.3,13.8,,82.8,113.9
11,4,30,460,6.1,.428,.366,.396,.475,106,1.5,7.5,4.5,11.8,1.7,0.2,17.4,17.4,,-0.3,0.2,-0.1,-.013,,-4.1,-1.1,-5.1
