0,0,23,410,27,70,.386,17,34,.500,10,36,.278,10,12,.833,16,25,41,15,13,0,8,32,74
0,1,23,17.8,1.2,3.0,.386,0.7,1.5,.500,0.4,1.6,.278,0.4,0.5,.833,1.8,0.7,0.6,0.0,0.3,1.4,3.2
0,2,23,410,2.6,6.8,.386,1.7,3.3,.500,1.0,3.5,.278,1.0,1.2,.833,4.0,1.5,1.3,0.0,0.8,3.1,7.2
0,3,23,410,3.9,10.2,.386,2.5,4.9,.500,1.5,5.2,.278,1.5,1.7,.833,6.0,2.2,1.9,0.0,1.2,4.7,10.8,,112.7,105.7
0,4,23,410,8.9,.489,.457,.514,.171,75,4.4,6.9,5.6,6.7,1.9,0.0,9.6,10.1,,0.4,0.4,0.8,.079,,1.4,1.7,3.1
1,0,34,394,37,63,.587,37,63,.587,0,0,,13,28,.464,52,49,101,6,10,41,18,71,87
1,1,34,11.6,1.1,1.9,.587,1.1,1.9,.587,0.0,0.0,,0.4,0.8,.464,3.0,0.2,0.3,1.2,0.5,2.1,2.6
1,2,34,394,3.8,6.4,.587,3.8,6.4,.587,0.0,0.0,,1.3,2.8,.464,10.3,0.6,1.0,4.2,1.8,7.2,8.8
1,3,34,394,5.6,9.5,.587,5.6,9.5,.587,0.0,0.0,,2.0,4.2,.464,15.3,0.9,1.5,6.2,2.7,10.7,13.2,,112.0,97.2
1,4,34,394,16.8,.570,.587,.000,.444,95,14.7,14.2,14.4,2.9,1.5,12.0,19.1,11.9,,0.6,0.7,1.2,.124,,0.4,7.9,8.4
2,0,33,899,82,218,.376,58,138,.420,24,80,.300,74,95,.779,34,68,102,93,57,2,61,60,262
2,1,33,27.2,2.5,6.6,.376,1.8,4.2,.420,0.7,2.4,.300,2.2,2.9,.779,3.1,2.8,1.7,0.1,1.8,1.8,7.9
2,2,33,899,3.6,9.7,.376,2.6,6.1,.420,1.1,3.6,.300,3.3,4.2,.779,4.5,4.1,2.5,0.1,2.7,2.7,11.7
2,3,33,899,5.4,14.5,.376,3.8,9.1,.420,1.6,5.3,.300,4.9,6.3,.779,6.8,6.2,3.8,0.1,4.0,4.0,17.4,,103.7,100.6
2,4,33,899,14.9,.498,.431,.367,.436,282,4.2,8.6,6.4,19.9,3.8,0.3,18.8,17.9,,1.1,1.2,2.4,.105,,2.5,3.1,5.6
3,0,31,411,27,92,.293,21,59,.356,6,33,.182,33,40,.825,6,29,35,69,23,0,32,25,93
3,1,31,13.3,0.9,3.0,.293,0.7,1.9,.356,0.2,1.1,.182,1.1,1.3,.825,1.1,2.2,0.7,0.0,1.0,0.8,3.0
3,2,31,411,2.6,9.0,.293,2.0,5.7,.356,0.6,3.2,.182,3.2,3.9,.825,3.4,6.7,2.2,0.0,3.1,2.4,9.1
3,3,31,411,3.9,13.3,.293,3.0,8.6,.356,0.9,4.8,.182,4.8,5.8,.825,5.1,10.0,3.3,0.0,4.6,3.6,13.5,,94.2,102.0
3,4,31,411,11.7,.419,.326,.359,.435,118,1.6,8.0,4.8,30.8,3.3,0.0,22.4,17.3,,0.2,0.5,0.7,.066,,-0.7,0.7,0.0
4,0,25,176,19,36,.528,19,35,.543,0,1,.000,12,21,.571,17,29,46,3,1,4,15,36,50
4,1,25,7.0,0.8,1.4,.528,0.8,1.4,.543,0.0,0.0,.000,0.5,0.8,.571,1.8,0.1,0.0,0.2,0.6,1.4,2.0
4,2,25,176,4.3,8.2,.528,4.3,8.0,.543,0.0,0.2,.000,2.7,4.8,.571,10.5,0.7,0.2,0.9,3.4,8.2,11.4
4,3,25,176,6.4,12.2,.528,6.4,11.9,.543,0.0,0.3,.000,4.1,7.1,.571,15.6,1.0,0.3,1.4,5.1,12.2,16.9,,95.2,101.8
4,4,25,176,10.4,.544,.528,.028,.583,49,10.8,18.8,14.7,3.4,0.3,2.6,24.6,17.2,,0.1,0.2,0.3,.070,,-2.7,0.7,-2.0
5,0,34,993,185,402,.460,162,326,.497,23,76,.303,128,170,.753,67,180,247,44,24,29,62,70,521
5,1,34,29.2,5.4,11.8,.460,4.8,9.6,.497,0.7,2.2,.303,3.8,5.0,.753,7.3,1.3,0.7,0.9,1.8,2.1,15.3
5,2,34,993,7.5,16.2,.460,6.5,13.1,.497,0.9,3.1,.303,5.2,6.8,.753,9.9,1.8,1.0,1.2,2.5,2.8,21.0
5,3,34,993,11.1,24.1,.460,9.7,19.6,.497,1.4,4.6,.303,7.7,10.2,.753,14.8,2.6,1.4,1.7,3.7,4.2,31.3,,112.7,98.8
5,4,34,993,23.8,.540,.489,.189,.423,476,7.5,20.6,14.0,10.4,1.4,3.4,11.4,27.2,,2.9,1.5,4.4,.177,,3.3,2.3,5.5
6,0,32,937,188,416,.452,135,275,.491,53,141,.376,114,155,.735,28,79,107,41,26,5,89,63,543
6,1,32,29.3,5.9,13.0,.452,4.2,8.6,.491,1.7,4.4,.376,3.6,4.8,.735,3.3,1.3,0.8,0.2,2.8,2.0,17.0
6,2,32,937,8.0,17.8,.452,5.8,11.7,.491,2.3,6.0,.376,4.9,6.6,.735,4.6,1.8,1.1,0.2,3.8,2.7,23.2
6,3,32,937,12.0,26.5,.452,8.6,17.5,.491,3.4,9.0,.376,7.3,9.9,.735,6.8,2.6,1.7,0.3,5.7,4.0,34.5,,105.6,104.8
6,4,32,937,19.6,.555,.516,.339,.373,466,3.3,9.6,6.4,10.7,1.7,0.6,15.4,30.6,,2.1,0.9,3.0,.128,,3.5,-0.7,2.8
7,0,4,6,0,2,.000,0,0,,0,2,.000,1,2,.500,0,0,0,0,0,0,0,0,1
7,1,4,1.5,0.0,0.5,.000,0.0,0.0,,0.0,0.5,.000,0.3,0.5,.500,0.0,0.0,0.0,0.0,0.0,0.0,0.3
7,2,4,6,0.0,13.3,.000,0.0,0.0,,0.0,13.3,.000,6.7,13.3,.500,0.0,0.0,0.0,0.0,0.0,0.0,6.7
7,3,4,6,0.0,19.9,.000,0.0,0.0,,0.0,19.9,.000,9.9,19.9,.500,0.0,0.0,0.0,0.0,0.0,0.0,9.9,,46.9,113.6
7,4,4,6,-8.8,.169,.000,1.000,1.000,1,0.0,0.0,0.0,0.0,0.0,0.0,0.0,24.4,,0.0,0.0,0.0,-.154,,-7.1,-6.6,-13.7
8,0,14,127,16,34,.471,16,32,.500,0,2,.000,5,20,.250,20,19,39,3,2,0,14,18,37
8,1,14,9.1,1.1,2.4,.471,1.1,2.3,.500,0.0,0.1,.000,0.4,1.4,.250,2.8,0.2,0.1,0.0,1.0,1.3,2.6
8,2,14,127,5.0,10.7,.471,5.0,10.1,.500,0.0,0.6,.000,1.6,6.3,.250,12.3,0.9,0.6,0.0,4.4,5.7,11.7
8,3,14,127,7.5,16.0,.471,7.5,15.0,.500,0.0,0.9,.000,2.3,9.4,.250,18.3,1.4,0.9,0.0,6.6,8.4,17.4,,80.7,102.8
8,4,14,127,8.9,.425,.471,.059,.588,40,17.6,17.0,17.3,4.9,0.9,0.0,24.3,22.5,,-0.1,0.1,0.0,.007,,-3.7,-0.8,-4.6
9,0,31,392,28,84,.333,6,16,.375,22,68,.324,15,17,.882,11,20,31,18,23,1,15,43,93
9,1,31,12.6,0.9,2.7,.333,0.2,0.5,.375,0.7,2.2,.324,0.5,0.5,.882,1.0,0.6,0.7,0.0,0.5,1.4,3.0
9,2,31,392,2.9,8.6,.333,0.6,1.6,.375,2.2,6.9,.324,1.5,1.7,.882,3.2,1.8,2.3,0.1,1.5,4.4,9.5
9,3,31,392,4.3,12.8,.333,0.9,2.4,.375,3.3,10.3,.324,2.3,2.6,.882,4.7,2.7,3.5,0.2,2.3,6.5,14.1,,107.5,102.3
9,4,31,392,10.4,.505,.464,.810,.202,89,3.1,5.8,4.5,8.5,3.5,0.3,14.0,13.6,,0.4,0.5,0.9,.093,,2.4,2.0,4.5
10,0,10,53,6,19,.316,5,10,.500,1,9,.111,5,11,.455,2,6,8,0,2,4,5,5,18
10,1,10,5.3,0.6,1.9,.316,0.5,1.0,.500,0.1,0.9,.111,0.5,1.1,.455,0.8,0.0,0.2,0.4,0.5,0.5,1.8
10,2,10,53,4.5,14.3,.316,3.8,7.5,.500,0.8,6.8,.111,3.8,8.3,.455,6.0,0.0,1.5,3.0,3.8,3.8,13.6
10,3,10,53,6.7,21.4,.316,5.6,11.2,.500,1.1,10.1,.111,5.6,12.4,.455,9.0,0.0,2.2,4.5,5.6,5.6,20.2,,72.1,98.1
10,4,10,53,7.1,.372,.342,.474,.579,16,4.2,12.9,8.5,0.0,2.2,8.7,17.1,27.4,,-0.1,0.1,0.0,-.019,,-7.7,0.9,-6.9
11,0,34,381,29,53,.547,29,53,.547,0,0,,6,14,.429,19,34,53,23,21,4,23,62,64
11,1,34,11.2,0.9,1.6,.547,0.9,1.6,.547,0.0,0.0,,0.2,0.4,.429,1.6,0.7,0.6,0.1,0.7,1.8,1.9
11,2,34,381,3.0,5.6,.547,3.0,5.6,.547,0.0,0.0,,0.6,1.5,.429,5.6,2.4,2.2,0.4,2.4,6.5,6.7
11,3,34,381,4.5,8.3,.547,4.5,8.3,.547,0.0,0.0,,0.9,2.2,.429,8.3,3.6,3.3,0.6,3.6,9.7,10.0,,95.0,100.1
11,4,34,381,9.3,.536,.547,.000,.264,71,5.6,10.2,7.8,11.3,3.3,1.2,27.8,10.8,,0.1,0.5,0.7,.070,,-0.5,4.3,3.8
12,0,4,7,1,1,1.000,0,0,,1,1,1.000,0,0,,0,1,1,0,0,0,1,0,3
12,1,4,1.8,0.3,0.3,1.000,0.0,0.0,,0.3,0.3,1.000,0.0,0.0,,0.3,0.0,0.0,0.0,0.3,0.0,0.8
12,2,4,7,5.7,5.7,1.000,0.0,0.0,,5.7,5.7,1.000,0.0,0.0,,5.7,0.0,0.0,0.0,5.7,0.0,17.1
12,3,4,7,8.5,8.5,1.000,0.0,0.0,,8.5,8.5,1.000,0.0,0.0,,8.5,0.0,0.0,0.0,8.5,0.0,25.5,,91.4,106.0
12,4,4,7,17.7,1.500,1.500,1.000,.000,1,0.0,16.3,8.0,0.0,0.0,0.0,50.0,14.2,,0.0,0.0,0.0,.039,,3.2,-3.8,-0.6
13,0,34,857,97,259,.375,63,134,.470,34,125,.272,70,105,.667,27,78,105,78,30,12,57,63,298
13,1,34,25.2,2.9,7.6,.375,1.9,3.9,.470,1.0,3.7,.272,2.1,3.1,.667,3.1,2.3,0.9,0.4,1.7,1.9,8.8
13,2,34,857,4.5,12.1,.375,2.9,6.3,.470,1.6,5.8,.272,3.3,4.9,.667,4.9,3.6,1.4,0.6,2.7,2.9,13.9
13,3,34,857,6.7,18.0,.375,4.4,9.3,.470,2.4,8.7,.272,4.9,7.3,.667,7.3,5.4,2.1,0.8,4.0,4.4,20.7,,101.6,103.0
13,4,34,857,14.1,.482,.440,.483,.405,299,3.5,10.4,6.9,18.3,2.1,1.6,15.6,21.2,,1.0,1.0,2.0,.095,,2.2,1.8,4.0
14,0,32,735,89,175,.509,88,174,.506,1,1,1.000,40,78,.513,101,137,238,46,18,22,43,101,219
14,1,32,23.0,2.8,5.5,.509,2.8,5.4,.506,0.0,0.0,1.000,1.3,2.4,.513,7.4,1.4,0.6,0.7,1.3,3.2,6.8
14,2,32,735,4.8,9.5,.509,4.8,9.5,.506,0.1,0.1,1.000,2.2,4.2,.513,13.0,2.5,1.0,1.2,2.3,5.5,11.9
14,3,32,735,7.2,14.2,.509,7.1,14.1,.506,0.1,0.1,1.000,3.2,6.3,.513,19.3,3.7,1.5,1.8,3.5,8.2,17.8,,109.3,98.1
14,4,32,735,18.5,.516,.511,.006,.446,246,15.3,21.2,18.2,12.8,1.5,3.5,16.9,17.2,,1.3,1.2,2.5,.136,,2.3,4.7,7.0
15,0,8,72,6,17,.353,6,9,.667,0,8,.000,1,2,.500,3,8,11,4,0,2,4,9,13
15,1,8,9.0,0.8,2.1,.353,0.8,1.1,.667,0.0,1.0,.000,0.1,0.3,.500,1.4,0.5,0.0,0.3,0.5,1.1,1.6
15,2,8,72,3.3,9.4,.353,3.3,5.0,.667,0.0,4.4,.000,0.6,1.1,.500,6.1,2.2,0.0,1.1,2.2,5.0,7.2
15,3,8,72,5.0,14.1,.353,5.0,7.5,.667,0.0,6.6,.000,0.8,1.7,.500,9.1,3.3,0.0,1.7,3.3,7.5,10.8,,79.5,105.6
15,4,8,72,4.4,.362,.353,.471,.118,14,4.6,12.7,8.6,10.5,0.0,3.2,18.2,15.1,,-0.1,0.1,0.0,.008,,-3.4,1.4,-2.0
