0,0,22,224,23,49,.469,17,28,.607,6,21,.286,4,7,.571,13,39,52,6,3,1,15,31,56
0,1,22,10.2,1.0,2.2,.469,0.8,1.3,.607,0.3,1.0,.286,0.2,0.3,.571,2.4,0.3,0.1,0.0,0.7,1.4,2.5
0,2,22,224,4.1,8.8,.469,3.0,5.0,.607,1.1,3.8,.286,0.7,1.3,.571,9.3,1.1,0.5,0.2,2.7,5.5,10.0
0,3,22,224,6.5,13.9,.469,4.8,7.9,.607,1.7,5.9,.286,1.1,2.0,.571,14.7,1.7,0.8,0.3,4.2,8.8,15.8,,96.3,99.1
0,4,22,224,10.3,.535,.531,.429,.143,54,6.9,20.5,13.8,5.8,0.8,0.5,22.3,15.9,,0.1,0.3,0.5,.081,,-0.6,0.3,-0.3
1,0,16,123,13,40,.325,8,26,.308,5,14,.357,6,11,.545,4,26,30,1,2,0,5,18,37
1,1,16,7.7,0.8,2.5,.325,0.5,1.6,.308,0.3,0.9,.357,0.4,0.7,.545,1.9,0.1,0.1,0.0,0.3,1.1,2.3
1,2,16,123,4.2,13.0,.325,2.6,8.5,.308,1.6,4.6,.357,2.0,3.6,.545,9.8,0.3,0.7,0.0,1.6,5.9,12.0
1,3,16,123,6.7,20.6,.325,4.1,13.4,.308,2.6,7.2,.357,3.1,5.7,.545,15.5,0.5,1.0,0.0,2.6,9.3,19.1,,88.8,97.0
1,4,16,123,8.4,.409,.388,.350,.275,33,3.9,24.9,14.5,1.8,1.0,0.0,10.0,21.7,,0.0,0.2,0.2,.066,,-4.4,-2.7,-7.1
2,0,31,940,111,290,.383,83,195,.426,28,95,.295,126,162,.778,17,72,89,121,8,0,63,66,376
2,1,31,30.3,3.6,9.4,.383,2.7,6.3,.426,0.9,3.1,.295,4.1,5.2,.778,2.9,3.9,0.3,0.0,2.0,2.1,12.1
2,2,31,940,4.7,12.3,.383,3.5,8.3,.426,1.2,4.0,.295,5.4,6.9,.778,3.8,5.1,0.3,0.0,2.7,2.8,16.0
2,3,31,940,7.5,19.6,.383,5.6,13.1,.426,1.9,6.4,.295,8.5,10.9,.778,6.0,8.2,0.5,0.0,4.2,4.4,25.4,,110.6,105.2
2,4,31,940,16.9,.512,.431,.328,.559,393,2.2,9.0,5.6,29.0,0.5,0.0,14.7,24.3,,2.5,0.8,3.2,.138,,4.0,-1.4,2.5
3,0,31,600,66,122,.541,66,118,.559,0,4,.000,43,61,.705,43,84,127,11,6,13,38,67,175
3,1,31,19.4,2.1,3.9,.541,2.1,3.8,.559,0.0,0.1,.000,1.4,2.0,.705,4.1,0.4,0.2,0.4,1.2,2.2,5.6
3,2,31,600,4.4,8.1,.541,4.4,7.9,.559,0.0,0.3,.000,2.9,4.1,.705,8.5,0.7,0.4,0.9,2.5,4.5,11.7
3,3,31,600,7.0,12.9,.541,7.0,12.5,.559,0.0,0.4,.000,4.5,6.4,.705,13.4,1.2,0.6,1.4,4.0,7.1,18.5,,106.4,100.3
3,4,31,600,14.2,.580,.541,.033,.500,168,8.6,16.5,12.6,4.1,0.6,2.3,20.1,16.7,,0.9,0.8,1.7,.111,,0.1,1.2,1.2
4,0,17,98,2,10,.200,2,9,.222,0,1,.000,1,3,.333,3,8,11,8,3,0,9,9,5
4,1,17,5.8,0.1,0.6,.200,0.1,0.5,.222,0.0,0.1,.000,0.1,0.2,.333,0.6,0.5,0.2,0.0,0.5,0.5,0.3
4,2,17,98,0.8,4.1,.200,0.8,3.7,.222,0.0,0.4,.000,0.4,1.2,.333,4.5,3.3,1.2,0.0,3.7,3.7,2.0
4,3,17,98,1.3,6.5,.200,1.3,5.8,.222,0.0,0.6,.000,0.6,1.9,.333,7.1,5.2,1.9,0.0,5.8,5.8,3.2,,50.9,101.8
4,4,17,98,-0.4,.219,.200,.100,.300,10,3.7,9.6,6.7,15.1,1.9,0.0,44.1,11.1,,-0.2,0.1,-0.1,-.045,,-6.2,2.2,-4.0
5,0,29,225,16,42,.381,16,42,.381,0,0,,15,23,.652,25,44,69,4,2,8,14,48,47
5,1,29,7.8,0.6,1.4,.381,0.6,1.4,.381,0.0,0.0,,0.5,0.8,.652,2.4,0.1,0.1,0.3,0.5,1.7,1.6
5,2,29,225,2.8,7.5,.381,2.8,7.5,.381,0.0,0.0,,2.7,4.1,.652,12.3,0.7,0.4,1.4,2.5,8.5,8.4
5,3,29,225,4.5,11.8,.381,4.5,11.8,.381,0.0,0.0,,4.2,6.5,.652,19.4,1.1,0.6,2.3,3.9,13.5,13.2,,93.2,96.4
5,4,29,225,9.9,.444,.381,.000,.548,54,13.3,23.0,18.2,3.6,0.6,3.7,20.9,15.8,,0.1,0.4,0.5,.083,,-3.1,1.6,-1.5
6,0,33,826,55,174,.316,4,18,.222,51,156,.327,21,25,.840,8,32,40,17,11,0,14,60,182
6,1,33,25.0,1.7,5.3,.316,0.1,0.5,.222,1.5,4.7,.327,0.6,0.8,.840,1.2,0.5,0.3,0.0,0.4,1.8,5.5
6,2,33,826,2.7,8.4,.316,0.2,0.9,.222,2.5,7.6,.327,1.0,1.2,.840,1.9,0.8,0.5,0.0,0.7,2.9,8.8
6,3,33,826,4.2,13.4,.316,0.3,1.4,.222,3.9,12.0,.327,1.6,1.9,.840,3.1,1.3,0.8,0.0,1.1,4.6,14.0,,110.4,106.4
6,4,33,826,7.0,.490,.463,.897,.144,160,1.2,4.6,2.9,4.2,0.8,0.0,7.0,12.8,,1.0,0.6,1.6,.077,,2.5,-0.6,1.9
7,0,33,1107,170,402,.423,110,233,.472,60,169,.355,118,153,.771,31,105,136,66,26,29,93,77,518
7,1,33,33.5,5.2,12.2,.423,3.3,7.1,.472,1.8,5.1,.355,3.6,4.6,.771,4.1,2.0,0.8,0.9,2.8,2.3,15.7
7,2,33,1107,6.1,14.5,.423,4.0,8.4,.472,2.2,6.1,.355,4.3,5.5,.771,4.9,2.4,0.9,1.0,3.4,2.8,18.7
7,3,33,1107,9.7,23.0,.423,6.3,13.3,.472,3.4,9.7,.355,6.8,8.8,.771,7.8,3.8,1.5,1.7,5.3,4.4,29.7,,106.2,100.6
7,4,33,1107,19.0,.546,.498,.420,.381,477,3.4,11.2,7.3,14.6,1.5,2.7,16.4,27.2,,2.5,1.4,3.9,.141,,4.1,1.3,5.4
8,0,30,398,30,80,.375,26,65,.400,4,15,.267,8,16,.500,19,58,77,20,17,18,31,48,72
8,1,30,13.3,1.0,2.7,.375,0.9,2.2,.400,0.1,0.5,.267,0.3,0.5,.500,2.6,0.7,0.6,0.6,1.0,1.6,2.4
8,2,30,398,3.0,8.0,.375,2.6,6.5,.400,0.4,1.5,.267,0.8,1.6,.500,7.7,2.0,1.7,1.8,3.1,4.8,7.2
8,3,30,398,4.8,12.7,.375,4.1,10.4,.400,0.6,2.4,.267,1.3,2.5,.500,12.3,3.2,2.7,2.9,4.9,7.6,11.5,,78.5,94.0
8,4,30,398,9.1,.411,.400,.188,.200,79,5.7,17.2,11.5,10.3,2.7,4.7,26.1,15.8,,-0.3,0.8,0.4,.045,,-3.1,5.5,2.4
9,0,2,3,0,0,,0,0,,0,0,,0,0,,0,0,0,0,0,0,2,0,0
9,1,2,1.5,0.0,0.0,,0.0,0.0,,0.0,0.0,,0.0,0.0,,0.0,0.0,0.0,0.0,1.0,0.0,0.0
9,2,2,3,0.0,0.0,,0.0,0.0,,0.0,0.0,,0.0,0.0,,0.0,0.0,0.0,0.0,26.7,0.0,0.0
9,3,2,3,0.0,0.0,,0.0,0.0,,0.0,0.0,,0.0,0.0,,0.0,0.0,0.0,0.0,42.3,0.0,0.0,,0.0,110.5
9,4,2,3,-44.1,,,,,0,0.0,0.0,0.0,0.0,0.0,0.0,100.0,35.4,,-0.1,0.0,-0.1,-.725,,-36.0,2.1,-33.8
10,0,14,191,19,49,.388,9,18,.500,10,31,.323,4,6,.667,6,23,29,7,4,1,5,13,52
10,1,14,13.6,1.4,3.5,.388,0.6,1.3,.500,0.7,2.2,.323,0.3,0.4,.667,2.1,0.5,0.3,0.1,0.4,0.9,3.7
10,2,14,191,4.0,10.3,.388,1.9,3.8,.500,2.1,6.5,.323,0.8,1.3,.667,6.1,1.5,0.8,0.2,1.0,2.7,10.9
10,3,14,191,6.3,16.3,.388,3.0,6.0,.500,3.3,10.3,.323,1.3,2.0,.667,9.6,2.3,1.3,0.3,1.7,4.3,17.3,,110.9,101.0
10,4,14,191,12.8,.501,.490,.633,.122,48,3.8,14.2,9.0,7.9,1.3,0.5,8.8,15.8,,0.3,0.2,0.5,.113,,2.2,0.1,2.3
11,0,33,1013,99,211,.469,90,169,.533,9,42,.214,54,78,.692,41,102,143,51,35,23,55,82,261
11,1,33,30.7,3.0,6.4,.469,2.7,5.1,.533,0.3,1.3,.214,1.6,2.4,.692,4.3,1.5,1.1,0.7,1.7,2.5,7.9
11,2,33,1013,3.9,8.3,.469,3.6,6.7,.533,0.4,1.7,.214,2.1,3.1,.692,5.6,2.0,1.4,0.9,2.2,3.2,10.3
11,3,33,1013,6.2,13.2,.469,5.6,10.6,.533,0.6,2.6,.214,3.4,4.9,.692,8.9,3.2,2.2,1.4,3.4,5.1,16.3,,103.5,98.9
11,4,33,1013,13.7,.526,.491,.199,.370,261,4.8,11.9,8.4,10.8,2.2,2.4,18.1,15.9,,1.2,1.5,2.6,.104,,1.6,3.7,5.3
12,0,33,952,149,282,.528,149,282,.528,0,0,,110,194,.567,138,180,318,42,23,37,68,78,408
12,1,33,28.8,4.5,8.5,.528,4.5,8.5,.528,0.0,0.0,,3.3,5.9,.567,9.6,1.3,0.7,1.1,2.1,2.4,12.4
12,2,33,952,6.3,11.8,.528,6.3,11.8,.528,0.0,0.0,,4.6,8.2,.567,13.4,1.8,1.0,1.6,2.9,3.3,17.1
12,3,33,952,9.9,18.8,.528,9.9,18.8,.528,0.0,0.0,,7.3,12.9,.567,21.2,2.8,1.5,2.5,4.5,5.2,27.2,,111.7,94.9
12,4,33,952,26.0,.545,.528,.000,.688,423,17.3,22.3,19.8,10.9,1.5,4.1,15.4,24.6,,2.7,1.7,4.5,.188,,4.0,3.6,7.6
