0,0,37,929,93,249,.373,42,99,.424,51,150,.340,42,61,.689,16,65,81,76,22,4,36,66,279
0,1,37,25.1,2.5,6.7,.373,1.1,2.7,.424,1.4,4.1,.340,1.1,1.6,.689,2.2,2.1,0.6,0.1,1.0,1.8,7.5
0,2,37,929,4.0,10.7,.373,1.8,4.3,.424,2.2,6.5,.340,1.8,2.6,.689,3.5,3.3,0.9,0.2,1.6,2.8,12.0
0,3,37,929,6.4,17.1,.373,2.9,6.8,.424,3.5,10.3,.340,2.9,4.2,.689,5.6,5.2,1.5,0.3,2.5,4.5,19.1,,112.4,102.9
0,4,37,929,12.3,.502,.476,.602,.245,274,2.0,8.2,5.1,15.7,1.5,0.4,11.5,17.7,,1.5,1.3,2.8,.122,,3.4,0.9,4.3
1,0,8,12,2,3,.667,2,3,.667,0,0,,1,1,1.000,0,0,0,0,0,0,0,2,5
1,1,8,1.5,0.3,0.4,.667,0.3,0.4,.667,0.0,0.0,,0.1,0.1,1.000,0.0,0.0,0.0,0.0,0.0,0.3,0.6
1,2,8,12,6.7,10.0,.667,6.7,10.0,.667,0.0,0.0,,3.3,3.3,1.000,0.0,0.0,0.0,0.0,0.0,6.7,16.7
1,3,8,12,10.6,15.9,.667,10.6,15.9,.667,0.0,0.0,,5.3,5.3,1.000,0.0,0.0,0.0,0.0,0.0,10.6,26.5,,158.3,109.5
1,4,8,12,16.1,.719,.667,.000,.333,4,0.0,0.0,0.0,0.0,0.0,0.0,0.0,15.2,,0.0,0.0,0.1,.188,,3.4,-2.7,0.7
2,0,9,32,1,4,.250,1,3,.333,0,1,.000,2,3,.667,2,5,7,1,0,0,2,9,4
2,1,9,3.6,0.1,0.4,.250,0.1,0.3,.333,0.0,0.1,.000,0.2,0.3,.667,0.8,0.1,0.0,0.0,0.2,1.0,0.4
2,2,9,32,1.3,5.0,.250,1.3,3.8,.333,0.0,1.3,.000,2.5,3.8,.667,8.8,1.3,0.0,0.0,2.5,11.3,5.0
2,3,9,32,2.0,8.0,.250,2.0,6.0,.333,0.0,2.0,.000,4.0,6.0,.667,13.9,2.0,0.0,0.0,4.0,17.9,8.0,,79.2,101.2
2,4,9,32,-0.1,.369,.250,.250,.750,5,7.4,18.3,12.9,5.3,0.0,0.0,26.9,12.2,,0.0,0.1,0.0,.033,,-4.0,0.8,-3.2
3,0,25,235,14,35,.400,11,27,.407,3,8,.375,2,9,.222,12,27,39,6,5,5,9,34,33
3,1,25,9.4,0.6,1.4,.400,0.4,1.1,.407,0.1,0.3,.375,0.1,0.4,.222,1.6,0.2,0.2,0.2,0.4,1.4,1.3
3,2,25,235,2.4,6.0,.400,1.9,4.6,.407,0.5,1.4,.375,0.3,1.5,.222,6.6,1.0,0.9,0.9,1.5,5.8,5.6
3,3,25,235,3.8,9.5,.400,3.0,7.3,.407,0.8,2.2,.375,0.5,2.4,.222,10.6,1.6,1.4,1.4,2.4,9.2,8.9,,89.7,99.6
3,4,25,235,5.8,.420,.443,.229,.257,36,6.0,13.4,9.8,4.5,1.4,2.2,18.6,10.8,,0.0,0.4,0.4,.065,,-1.6,3.4,1.7
4,0,12,72,7,20,.350,3,9,.333,4,11,.364,8,8,1.000,3,14,17,4,4,1,4,8,26
4,1,12,6.0,0.6,1.7,.350,0.3,0.8,.333,0.3,0.9,.364,0.7,0.7,1.000,1.4,0.3,0.3,0.1,0.3,0.7,2.2
4,2,12,72,3.9,11.1,.350,1.7,5.0,.333,2.2,6.1,.364,4.4,4.4,1.000,9.4,2.2,2.2,0.6,2.2,4.4,14.4
4,3,12,72,6.2,17.7,.350,2.7,8.0,.333,3.5,9.7,.364,7.1,7.1,1.000,15.0,3.5,3.5,0.9,3.5,7.1,23.0,,116.7,91.5
4,4,12,72,19.0,.546,.450,.550,.400,25,4.9,22.7,13.9,10.6,3.5,1.4,14.4,20.3,,0.2,0.2,0.3,.190,,3.0,3.4,6.4
5,0,12,219,23,75,.307,14,43,.326,9,32,.281,6,9,.667,9,9,18,8,2,4,7,17,61
5,1,12,18.3,1.9,6.3,.307,1.2,3.6,.326,0.8,2.7,.281,0.5,0.8,.667,1.5,0.7,0.2,0.3,0.6,1.4,5.1
5,2,12,219,4.2,13.7,.307,2.6,7.9,.326,1.6,5.8,.281,1.1,1.6,.667,3.3,1.5,0.4,0.7,1.3,3.1,11.1
5,3,12,219,6.7,21.8,.307,4.1,12.5,.326,2.6,9.3,.281,1.7,2.6,.667,5.2,2.3,0.6,1.2,2.0,4.9,17.7,,93.6,105.4
5,4,12,219,6.5,.385,.367,.427,.120,59,4.9,4.8,4.8,7.1,0.6,1.9,8.1,20.7,,0.0,0.3,0.3,.054,,-1.2,-0.2,-1.5
6,0,7,13,0,0,,0,0,,0,0,,0,0,,0,1,1,0,0,0,1,0,0
6,1,7,1.9,0.0,0.0,,0.0,0.0,,0.0,0.0,,0.0,0.0,,0.1,0.0,0.0,0.0,0.1,0.0,0.0
6,2,7,13,0.0,0.0,,0.0,0.0,,0.0,0.0,,0.0,0.0,,3.1,0.0,0.0,0.0,3.1,0.0,0.0
6,3,7,13,0.0,0.0,,0.0,0.0,,0.0,0.0,,0.0,0.0,,4.9,0.0,0.0,0.0,4.9,0.0,0.0,,0.0,106.5
6,4,7,13,-3.6,,,,,0,0.0,9.0,4.5,0.0,0.0,0.0,100.0,4.0,,0.0,0.0,0.0,-.041,,-7.0,2.3,-4.7
7,0,37,1047,128,240,.533,128,239,.536,0,1,.000,104,152,.684,123,177,300,39,25,15,64,100,360
7,1,37,28.3,3.5,6.5,.533,3.5,6.5,.536,0.0,0.0,.000,2.8,4.1,.684,8.1,1.1,0.7,0.4,1.7,2.7,9.7
7,2,37,1047,4.9,9.2,.533,4.9,9.1,.536,0.0,0.0,.000,4.0,5.8,.684,11.5,1.5,1.0,0.6,2.4,3.8,13.8
7,3,37,1047,7.8,14.6,.533,7.8,14.5,.536,0.0,0.1,.000,6.3,9.2,.684,18.3,2.4,1.5,0.9,3.9,6.1,21.9,,117.0,97.2
7,4,37,1047,19.9,.577,.533,.004,.633,376,13.9,19.8,16.9,7.5,1.5,1.5,17.0,18.8,,2.4,2.1,4.5,.171,,3.3,3.2,6.5
8,0,37,1190,223,512,.436,144,287,.502,79,225,.351,167,212,.788,26,102,128,91,25,38,77,78,692
8,1,37,32.2,6.0,13.8,.436,3.9,7.8,.502,2.1,6.1,.351,4.5,5.7,.788,3.5,2.5,0.7,1.0,2.1,2.1,18.7
8,2,37,1190,7.5,17.2,.436,4.8,9.6,.502,2.7,7.6,.351,5.6,7.1,.788,4.3,3.1,0.8,1.3,2.6,2.6,23.3
8,3,37,1190,11.9,27.4,.436,7.7,15.4,.502,4.2,12.0,.351,8.9,11.3,.788,6.9,4.9,1.3,2.0,4.1,4.2,37.0,,119.2,100.7
8,4,37,1190,24.0,.565,.513,.439,.414,623,2.6,10.0,6.3,17.6,1.3,3.3,11.2,30.4,,4.3,2.0,6.2,.210,,7.1,1.3,8.4
9,0,33,425,39,83,.470,32,57,.561,7,26,.269,17,29,.586,25,48,73,22,15,20,9,46,102
9,1,33,12.9,1.2,2.5,.470,1.0,1.7,.561,0.2,0.8,.269,0.5,0.9,.586,2.2,0.7,0.5,0.6,0.3,1.4,3.1
9,2,33,425,3.7,7.8,.470,3.0,5.4,.561,0.7,2.4,.269,1.6,2.7,.586,6.9,2.1,1.4,1.9,0.8,4.3,9.6
9,3,33,425,5.8,12.4,.470,4.8,8.5,.561,1.0,3.9,.269,2.5,4.3,.586,10.9,3.3,2.2,3.0,1.3,6.9,15.3,,122.6,96.2
9,4,33,425,16.2,.527,.512,.313,.349,106,7.0,13.2,10.1,9.8,2.2,4.9,8.5,13.1,,0.8,0.9,1.7,.158,,2.9,5.3,8.2
10,0,22,71,8,18,.444,8,18,.444,0,0,,4,8,.500,15,6,21,0,0,2,8,11,20
10,1,22,3.2,0.4,0.8,.444,0.4,0.8,.444,0.0,0.0,,0.2,0.4,.500,1.0,0.0,0.0,0.1,0.4,0.5,0.9
10,2,22,71,4.5,10.1,.444,4.5,10.1,.444,0.0,0.0,,2.3,4.5,.500,11.8,0.0,0.0,1.1,4.5,6.2,11.3
10,3,22,71,7.2,16.1,.444,7.2,16.1,.444,0.0,0.0,,3.6,7.2,.500,18.8,0.0,0.0,1.8,7.2,9.9,17.9,,90.1,103.5
10,4,22,71,10.2,.459,.444,.000,.444,24,25.0,9.9,17.4,0.0,0.0,2.9,26.8,22.0,,0.0,0.1,0.1,.046,,-4.0,-3.4,-7.4
11,0,24,261,19,57,.333,9,21,.429,10,36,.278,9,13,.692,19,53,72,7,5,11,11,38,57
11,1,24,10.9,0.8,2.4,.333,0.4,0.9,.429,0.4,1.5,.278,0.4,0.5,.692,3.0,0.3,0.2,0.5,0.5,1.6,2.4
11,2,24,261,2.9,8.7,.333,1.4,3.2,.429,1.5,5.5,.278,1.4,2.0,.692,11.0,1.1,0.8,1.7,1.7,5.8,8.7
11,3,24,261,4.6,13.9,.333,2.2,5.1,.429,2.4,8.8,.278,2.2,3.2,.692,17.6,1.7,1.2,2.7,2.7,9.3,13.9,,101.8,94.2
11,4,24,261,11.5,.451,.421,.632,.228,60,8.6,23.7,16.2,4.9,1.2,4.4,14.8,14.9,,0.2,0.6,0.8,.117,,-0.1,3.5,3.4
12,0,37,1124,139,293,.474,105,193,.544,34,100,.340,69,87,.793,29,77,106,56,27,30,37,79,381
12,1,37,30.4,3.8,7.9,.474,2.8,5.2,.544,0.9,2.7,.340,1.9,2.4,.793,2.9,1.5,0.7,0.8,1.0,2.1,10.3
12,2,37,1124,4.9,10.4,.474,3.7,6.9,.544,1.2,3.6,.340,2.5,3.1,.793,3.8,2.0,1.0,1.1,1.3,2.8,13.6
12,3,37,1124,7.9,16.6,.474,6.0,10.9,.544,1.9,5.7,.340,3.9,4.9,.793,6.0,3.2,1.5,1.7,2.1,4.5,21.6,,122.2,101.5
12,4,37,1124,16.3,.570,.532,.341,.297,348,3.1,8.0,5.5,10.0,1.5,2.8,10.0,17.3,,2.6,1.8,4.4,.155,,4.1,2.9,7.0
13,0,37,1199,199,375,.531,199,375,.531,0,0,,160,230,.696,155,237,392,75,26,34,77,73,558
13,1,37,32.4,5.4,10.1,.531,5.4,10.1,.531,0.0,0.0,,4.3,6.2,.696,10.6,2.0,0.7,0.9,2.1,2.0,15.1
13,2,37,1199,6.6,12.5,.531,6.6,12.5,.531,0.0,0.0,,5.3,7.7,.696,13.1,2.5,0.9,1.1,2.6,2.4,18.6
13,3,37,1199,10.6,19.9,.531,10.6,19.9,.531,0.0,0.0,,8.5,12.2,.696,20.8,4.0,1.4,1.8,4.1,3.9,29.6,,121.9,95.4
13,4,37,1199,27.6,.576,.531,.000,.613,575,15.3,23.1,19.2,13.7,1.4,2.9,13.7,24.6,,4.2,2.6,6.8,.227,,5.8,4.3,10.0
14,0,37,621,32,84,.381,24,43,.558,8,41,.195,22,30,.733,11,62,73,87,36,8,34,56,94
14,1,37,16.8,0.9,2.3,.381,0.6,1.2,.558,0.2,1.1,.195,0.6,0.8,.733,2.0,2.4,1.0,0.2,0.9,1.5,2.5
14,2,37,621,2.1,5.4,.381,1.5,2.8,.558,0.5,2.6,.195,1.4,1.9,.733,4.7,5.6,2.3,0.5,2.2,3.6,6.1
14,3,37,621,3.3,8.6,.381,2.5,4.4,.558,0.8,4.2,.195,2.3,3.1,.733,7.5,8.9,3.7,0.8,3.5,5.7,9.6,,104.4,95.9
14,4,37,621,12.2,.478,.429,.488,.357,129,2.1,11.7,6.9,24.6,3.7,1.3,25.7,11.2,,0.5,1.3,1.8,.113,,1.5,4.4,5.8
