0,0,30,440,43,111,.387,18,48,.375,25,63,.397,29,37,.784,28,41,69,18,18,3,23,33,140
0,1,30,14.7,1.4,3.7,.387,0.6,1.6,.375,0.8,2.1,.397,1.0,1.2,.784,2.3,0.6,0.6,0.1,0.8,1.1,4.7
0,2,30,440,3.9,10.1,.387,1.6,4.4,.375,2.3,5.7,.397,2.6,3.4,.784,6.3,1.6,1.6,0.3,2.1,3.0,12.7
0,3,30,440,6.4,16.6,.387,2.7,7.2,.375,3.7,9.4,.397,4.3,5.5,.784,10.3,2.7,2.7,0.4,3.4,4.9,20.9,,112.0,105.9
0,4,30,440,16.4,.544,.500,.568,.333,137,7.7,12.4,10.0,8.7,2.7,1.0,15.2,18.9,,0.9,0.4,1.3,.116,,3.1,-0.3,2.8
1,0,2,2,0,0,,0,0,,0,0,,0,0,,0,0,0,0,0,0,0,1,0
1,1,2,1.0,0.0,0.0,,0.0,0.0,,0.0,0.0,,0.0,0.0,,0.0,0.0,0.0,0.0,0.0,0.5,0.0
1,2,2,2,0.0,0.0,,0.0,0.0,,0.0,0.0,,0.0,0.0,,0.0,0.0,0.0,0.0,0.0,20.0,0.0
1,3,2,2,0.0,0.0,,0.0,0.0,,0.0,0.0,,0.0,0.0,,0.0,0.0,0.0,0.0,0.0,32.9,0.0,,,115.3
1,4,2,2,-9.4,,,,,0,0.0,0.0,0.0,0.0,0.0,0.0,,0.0,,0.0,0.0,0.0,.001,,-3.8,-0.1,-3.9
2,0,31,469,40,77,.519,40,77,.519,0,0,,14,22,.636,44,28,72,11,6,13,29,97,94
2,1,31,15.1,1.3,2.5,.519,1.3,2.5,.519,0.0,0.0,,0.5,0.7,.636,2.3,0.4,0.2,0.4,0.9,3.1,3.0
2,2,31,469,3.4,6.6,.519,3.4,6.6,.519,0.0,0.0,,1.2,1.9,.636,6.1,0.9,0.5,1.1,2.5,8.3,8.0
2,3,31,469,5.6,10.8,.519,5.6,10.8,.519,0.0,0.0,,2.0,3.1,.636,10.1,1.5,0.8,1.8,4.1,13.6,13.2,,98.9,110.0
2,4,31,469,8.5,.537,.519,.000,.286,102,11.4,8.0,9.8,4.9,0.8,4.1,24.9,13.7,,0.3,0.2,0.5,.047,,-1.0,1.1,0.0
3,0,3,14,1,2,.500,1,1,1.000,0,1,.000,0,0,,0,2,2,1,1,0,0,1,2
3,1,3,4.7,0.3,0.7,.500,0.3,0.3,1.000,0.0,0.3,.000,0.0,0.0,,0.7,0.3,0.3,0.0,0.0,0.3,0.7
3,2,3,14,2.9,5.7,.500,2.9,2.9,1.000,0.0,2.9,.000,0.0,0.0,,5.7,2.9,2.9,0.0,0.0,2.9,5.7
3,3,3,14,4.7,9.4,.500,4.7,4.7,1.000,0.0,4.7,.000,0.0,0.0,,9.4,4.7,4.7,0.0,0.0,4.7,9.4,,129.7,98.8
3,4,3,14,14.6,.500,.500,.500,.000,2,0.0,19.1,9.1,14.4,4.7,0.0,0.0,7.9,,0.0,0.0,0.0,.124,,1.0,2.4,3.4
4,0,31,760,85,203,.419,56,115,.487,29,88,.330,24,33,.727,32,57,89,26,16,4,26,44,223
4,1,31,24.5,2.7,6.5,.419,1.8,3.7,.487,0.9,2.8,.330,0.8,1.1,.727,2.9,0.8,0.5,0.1,0.8,1.4,7.2
4,2,31,760,4.5,10.7,.419,2.9,6.1,.487,1.5,4.6,.330,1.3,1.7,.727,4.7,1.4,0.8,0.2,1.4,2.3,11.7
4,3,31,760,7.3,17.5,.419,4.8,9.9,.487,2.5,7.6,.330,2.1,2.9,.727,7.7,2.2,1.4,0.3,2.2,3.8,19.3,,109.5,110.1
4,4,31,760,13.2,.510,.490,.433,.163,208,5.1,10.0,7.4,7.5,1.4,0.8,10.6,17.7,,1.2,0.4,1.6,.083,,1.7,-1.2,0.5
5,0,8,103,14,20,.700,14,20,.700,0,0,,7,17,.412,16,14,30,0,3,1,3,24,35
5,1,8,12.9,1.8,2.5,.700,1.8,2.5,.700,0.0,0.0,,0.9,2.1,.412,3.8,0.0,0.4,0.1,0.4,3.0,4.4
5,2,8,103,5.4,7.8,.700,5.4,7.8,.700,0.0,0.0,,2.7,6.6,.412,11.7,0.0,1.2,0.4,1.2,9.3,13.6
5,3,8,103,8.9,12.8,.700,8.9,12.8,.700,0.0,0.0,,4.5,10.8,.412,19.1,0.0,1.9,0.6,1.9,15.3,22.3,,127.8,104.0
5,4,8,103,21.3,.623,.700,.000,.850,34,18.9,18.1,18.5,0.0,1.9,1.4,9.7,16.6,,0.3,0.1,0.4,.169,,2.1,-4.7,-2.6
6,0,31,951,123,276,.446,117,243,.481,6,33,.182,71,114,.623,87,122,209,69,45,38,71,87,323
6,1,31,30.7,4.0,8.9,.446,3.8,7.8,.481,0.2,1.1,.182,2.3,3.7,.623,6.7,2.2,1.5,1.2,2.3,2.8,10.4
6,2,31,951,5.2,11.6,.446,4.9,10.2,.481,0.3,1.4,.182,3.0,4.8,.623,8.8,2.9,1.9,1.6,3.0,3.7,13.6
6,3,31,951,8.5,19.1,.446,8.1,16.8,.481,0.4,2.3,.182,4.9,7.9,.623,14.4,4.8,3.1,2.6,4.9,6.0,22.3,,101.9,100.8
6,4,31,951,20.0,.489,.457,.120,.413,347,11.1,17.1,14.0,16.6,3.1,5.9,17.7,23.2,,1.3,1.3,2.6,.111,,1.6,4.9,6.5
7,0,30,363,34,123,.276,12,42,.286,22,81,.272,14,20,.700,8,19,27,15,9,1,30,33,104
7,1,30,12.1,1.1,4.1,.276,0.4,1.4,.286,0.7,2.7,.272,0.5,0.7,.700,0.9,0.5,0.3,0.0,1.0,1.1,3.5
7,2,30,363,3.7,13.6,.276,1.3,4.6,.286,2.4,8.9,.272,1.5,2.2,.700,3.0,1.7,1.0,0.1,3.3,3.6,11.5
7,3,30,363,6.2,22.3,.276,2.2,7.6,.286,4.0,14.7,.272,2.5,3.6,.700,4.9,2.7,1.6,0.2,5.4,6.0,18.8,,79.0,110.8
7,4,30,363,3.6,.392,.366,.659,.163,98,2.7,7.0,4.7,8.7,1.6,0.4,18.5,24.6,,-0.4,0.2,-0.3,-.030,,-3.5,-3.4,-6.9
8,0,27,203,10,29,.345,10,29,.345,0,0,,7,15,.467,11,17,28,3,5,13,10,38,27
8,1,27,7.5,0.4,1.1,.345,0.4,1.1,.345,0.0,0.0,,0.3,0.6,.467,1.0,0.1,0.2,0.5,0.4,1.4,1.0
8,2,27,203,2.0,5.7,.345,2.0,5.7,.345,0.0,0.0,,1.4,3.0,.467,5.5,0.6,1.0,2.6,2.0,7.5,5.3
8,3,27,203,3.2,9.4,.345,3.2,9.4,.345,0.0,0.0,,2.3,4.9,.467,9.1,1.0,1.6,4.2,3.2,12.3,8.7,,77.0,104.8
8,4,27,203,5.3,.374,.345,.000,.517,30,6.6,11.2,8.8,2.9,1.6,9.5,21.7,12.5,,-0.2,0.2,0.1,.010,,-5.3,4.7,-0.6
9,0,31,962,108,253,.427,67,137,.489,41,116,.353,58,87,.667,10,56,66,59,49,6,52,86,315
9,1,31,31.0,3.5,8.2,.427,2.2,4.4,.489,1.3,3.7,.353,1.9,2.8,.667,2.1,1.9,1.6,0.2,1.7,2.8,10.2
9,2,31,962,4.5,10.5,.427,2.8,5.7,.489,1.7,4.8,.353,2.4,3.6,.667,2.7,2.5,2.0,0.2,2.2,3.6,13.1
9,3,31,962,7.4,17.3,.427,4.6,9.4,.489,2.8,7.9,.353,4.0,5.9,.667,4.5,4.0,3.3,0.4,3.6,5.9,21.5,,106.9,106.4
9,4,31,962,14.6,.535,.508,.458,.344,293,1.3,7.8,4.4,13.5,3.3,0.9,15.0,19.8,,1.5,0.8,2.3,.097,,2.7,0.2,2.9
10,0,31,786,64,154,.416,44,96,.458,20,58,.345,37,50,.740,52,111,163,26,20,10,37,64,185
10,1,31,25.4,2.1,5.0,.416,1.4,3.1,.458,0.6,1.9,.345,1.2,1.6,.740,5.3,0.8,0.6,0.3,1.2,2.1,6.0
10,2,31,786,3.3,7.8,.416,2.2,4.9,.458,1.0,3.0,.345,1.9,2.5,.740,8.3,1.3,1.0,0.5,1.9,3.3,9.4
10,3,31,786,5.3,12.9,.416,3.7,8.0,.458,1.7,4.8,.345,3.1,4.2,.740,13.6,2.2,1.7,0.8,3.1,5.3,15.5,,106.4,105.0
10,4,31,786,13.4,.520,.481,.377,.325,189,8.0,18.8,13.2,6.8,1.7,1.9,17.2,15.0,,0.9,0.8,1.7,.088,,0.8,1.0,1.8
11,0,31,1124,177,385,.460,133,261,.510,44,124,.355,93,116,.802,26,107,133,112,65,15,82,74,491
11,1,31,36.3,5.7,12.4,.460,4.3,8.4,.510,1.4,4.0,.355,3.0,3.7,.802,4.3,3.6,2.1,0.5,2.6,2.4,15.8
11,2,31,1124,6.3,13.7,.460,4.7,9.3,.510,1.6,4.4,.355,3.3,4.1,.802,4.7,4.0,2.3,0.5,2.9,2.6,17.5
11,3,31,1124,10.3,22.5,.460,7.8,15.3,.510,2.6,7.2,.355,5.4,6.8,.802,7.8,6.5,3.8,0.9,4.8,4.3,28.7,,112.4,102.9
11,4,31,1124,22.7,.558,.517,.322,.301,479,2.8,12.7,7.5,24.4,3.8,2.0,15.7,25.5,,3.1,1.4,4.4,.158,,5.6,1.9,7.6
12,0,4,48,6,12,.500,6,12,.500,0,0,,2,6,.333,3,5,8,1,3,2,3,12,14
12,1,4,12.0,1.5,3.0,.500,1.5,3.0,.500,0.0,0.0,,0.5,1.5,.333,2.0,0.3,0.8,0.5,0.8,3.0,3.5
12,2,4,48,5.0,10.0,.500,5.0,10.0,.500,0.0,0.0,,1.7,5.0,.333,6.7,0.8,2.5,1.7,2.5,10.0,11.7
12,3,4,48,8.2,16.4,.500,8.2,16.4,.500,0.0,0.0,,2.7,8.2,.333,11.0,1.4,4.1,2.7,4.1,16.4,19.2,,90.4,98.9
12,4,4,48,12.5,.471,.500,.000,.500,13,7.6,13.9,10.6,4.7,4.1,6.2,16.8,20.4,,0.0,0.1,0.1,.066,,-2.9,3.6,0.7
