0,0,29,310,8,17,.471,8,17,.471,0,0,,6,12,.500,21,24,45,5,9,6,5,56,22
0,1,29,10.7,0.3,0.6,.471,0.3,0.6,.471,0.0,0.0,,0.2,0.4,.500,1.6,0.2,0.3,0.2,0.2,1.9,0.8
0,2,29,310,1.0,2.2,.471,1.0,2.2,.471,0.0,0.0,,0.8,1.5,.500,5.8,0.6,1.2,0.8,0.6,7.2,2.8
0,3,29,310,1.5,3.3,.471,1.5,3.3,.471,0.0,0.0,,1.2,2.3,.500,8.7,1.0,1.7,1.2,1.0,10.8,4.2,,113.9,114.6
0,4,29,310,5.6,.485,.471,.000,.706,32,7.7,9.5,8.6,2.9,1.7,2.2,18.1,4.6,,0.2,0.1,0.3,.037,,-3.0,-0.1,-3.1
1,0,29,779,85,204,.417,71,141,.504,14,63,.222,36,69,.522,36,118,154,21,17,21,33,74,220
1,1,29,26.9,2.9,7.0,.417,2.4,4.9,.504,0.5,2.2,.222,1.2,2.4,.522,5.3,0.7,0.6,0.7,1.1,2.6,7.6
1,2,29,779,4.4,10.5,.417,3.6,7.2,.504,0.7,3.2,.222,1.8,3.5,.522,7.9,1.1,0.9,1.1,1.7,3.8,11.3
1,3,29,779,6.5,15.7,.417,5.5,10.8,.504,1.1,4.8,.222,2.8,5.3,.522,11.8,1.6,1.3,1.6,2.5,5.7,16.9,,96.7,112.1
1,4,29,779,11.6,.465,.451,.309,.338,212,5.3,18.6,11.7,5.6,1.3,3.1,12.2,17.7,,0.3,0.5,0.7,.038,,-3.4,-1.4,-4.7
2,0,23,311,24,73,.329,12,25,.480,12,48,.250,9,16,.563,9,19,28,15,6,1,16,25,69
2,1,23,13.5,1.0,3.2,.329,0.5,1.1,.480,0.5,2.1,.250,0.4,0.7,.563,1.2,0.7,0.3,0.0,0.7,1.1,3.0
2,2,23,311,3.1,9.4,.329,1.5,3.2,.480,1.5,6.2,.250,1.2,2.1,.563,3.6,1.9,0.8,0.1,2.1,3.2,8.9
2,3,23,311,4.6,14.0,.329,2.3,4.8,.480,2.3,9.2,.250,1.7,3.1,.563,5.4,2.9,1.2,0.2,3.1,4.8,13.3,,88.3,118.1
2,4,23,311,5.7,.428,.411,.658,.219,70,3.3,7.5,5.3,9.5,1.2,0.4,16.6,15.9,,-0.1,0.0,-0.1,-.010,,-3.3,-4.0,-7.4
3,0,26,438,41,112,.366,30,69,.435,11,43,.256,24,35,.686,11,25,36,35,11,1,31,51,117
3,1,26,16.8,1.6,4.3,.366,1.2,2.7,.435,0.4,1.7,.256,0.9,1.3,.686,1.4,1.3,0.4,0.0,1.2,2.0,4.5
3,2,26,438,3.7,10.2,.366,2.7,6.3,.435,1.0,3.9,.256,2.2,3.2,.686,3.3,3.2,1.0,0.1,2.8,4.7,10.7
3,3,26,438,5.6,15.3,.366,4.1,9.4,.435,1.5,5.9,.256,3.3,4.8,.686,4.9,4.8,1.5,0.1,4.2,7.0,16.0,,90.7,117.4
3,4,26,438,7.3,.455,.415,.384,.313,122,2.9,7.0,4.9,16.2,1.5,0.3,19.4,18.6,,-0.1,0.0,0.0,-.001,,-3.5,-4.0,-7.5
4,0,5,83,6,26,.231,4,16,.250,2,10,.200,2,2,1.000,4,9,13,3,1,5,8,9,16
4,1,5,16.6,1.2,5.2,.231,0.8,3.2,.250,0.4,2.0,.200,0.4,0.4,1.000,2.6,0.6,0.2,1.0,1.6,1.8,3.2
4,2,5,83,2.9,12.5,.231,1.9,7.7,.250,1.0,4.8,.200,1.0,1.0,1.000,6.3,1.4,0.5,2.4,3.9,4.3,7.7
4,3,5,83,4.3,18.7,.231,2.9,11.5,.250,1.4,7.2,.200,1.4,1.4,1.000,9.4,2.2,0.7,3.6,5.8,6.5,11.5,,60.9,113.5
4,4,5,83,0.9,.297,.269,.385,.077,17,5.5,13.3,9.3,7.0,0.7,6.8,22.9,21.5,,-0.3,0.0,-0.2,-.103,,-10.3,-0.7,-11.0
5,0,30,692,71,193,.368,49,112,.438,22,81,.272,57,75,.760,30,43,73,39,24,1,29,76,221
5,1,30,23.1,2.4,6.4,.368,1.6,3.7,.438,0.7,2.7,.272,1.9,2.5,.760,2.4,1.3,0.8,0.0,1.0,2.5,7.4
5,2,30,692,4.1,11.2,.368,2.8,6.5,.438,1.3,4.7,.272,3.3,4.3,.760,4.2,2.3,1.4,0.1,1.7,4.4,12.8
5,3,30,692,6.1,16.7,.368,4.2,9.7,.438,1.9,7.0,.272,4.9,6.5,.760,6.3,3.4,2.1,0.1,2.5,6.6,19.1,,105.5,116.0
5,4,30,692,12.0,.483,.425,.420,.389,222,5.0,7.6,6.2,11.6,2.1,0.2,11.3,19.0,,0.8,0.2,1.0,.055,,-0.4,-3.2,-3.7
6,0,1,2,0,1,.000,0,0,,0,1,.000,0,0,,0,0,0,0,0,0,1,0,0
6,1,1,2.0,0.0,1.0,.000,0.0,0.0,,0.0,1.0,.000,0.0,0.0,,0.0,0.0,0.0,0.0,1.0,0.0,0.0
6,2,1,2,0.0,20.0,.000,0.0,0.0,,0.0,20.0,.000,0.0,0.0,,0.0,0.0,0.0,0.0,20.0,0.0,0.0
6,3,1,2,0.0,29.9,.000,0.0,0.0,,0.0,29.9,.000,0.0,0.0,,0.0,0.0,0.0,0.0,29.9,0.0,0.0,,0.0,124.2
6,4,1,2,-52.9,.000,.000,1.000,.000,0,0.0,0.0,0.0,0.0,0.0,0.0,50.0,51.1,,0.0,0.0,0.0,-.884,,-40.4,-10.6,-51.0
7,0,30,1132,230,514,.447,186,383,.486,44,131,.336,208,268,.776,45,89,134,123,49,5,100,88,712
7,1,30,37.7,7.7,17.1,.447,6.2,12.8,.486,1.5,4.4,.336,6.9,8.9,.776,4.5,4.1,1.6,0.2,3.3,2.9,23.7
7,2,30,1132,8.1,18.2,.447,6.6,13.5,.486,1.6,4.6,.336,7.3,9.5,.776,4.7,4.3,1.7,0.2,3.5,3.1,25.2
7,3,30,1132,12.2,27.2,.447,9.8,20.2,.486,2.3,6.9,.336,11.0,14.2,.776,7.1,6.5,2.6,0.3,5.3,4.7,37.6,,113.3,114.1
7,4,30,1132,25.3,.555,.490,.255,.521,695,4.5,9.6,7.0,28.3,2.6,0.5,13.5,33.5,,3.7,0.5,4.1,.146,,6.1,-2.8,3.4
8,0,21,198,13,33,.394,12,28,.429,1,5,.200,20,27,.741,10,20,30,2,3,7,19,34,47
8,1,21,9.4,0.6,1.6,.394,0.6,1.3,.429,0.0,0.2,.200,1.0,1.3,.741,1.4,0.1,0.1,0.3,0.9,1.6,2.2
8,2,21,198,2.6,6.7,.394,2.4,5.7,.429,0.2,1.0,.200,4.0,5.5,.741,6.1,0.4,0.6,1.4,3.8,6.9,9.5
8,3,21,198,3.9,10.0,.394,3.6,8.5,.429,0.3,1.5,.200,6.0,8.2,.741,9.1,0.6,0.9,2.1,5.7,10.3,14.2,,84.1,114.5
8,4,21,198,5.6,.513,.409,.152,.818,47,5.8,12.4,9.0,1.9,0.9,4.0,29.3,16.7,,-0.1,0.1,-0.1,-.011,,-7.1,-2.1,-9.2
9,0,24,293,35,87,.402,6,8,.750,29,79,.367,12,17,.706,11,24,35,15,7,1,13,30,111
9,1,24,12.2,1.5,3.6,.402,0.3,0.3,.750,1.2,3.3,.367,0.5,0.7,.706,1.5,0.6,0.3,0.0,0.5,1.3,4.6
9,2,24,293,4.8,11.9,.402,0.8,1.1,.750,4.0,10.8,.367,1.6,2.3,.706,4.8,2.0,1.0,0.1,1.8,4.1,15.2
9,3,24,293,7.1,17.8,.402,1.2,1.6,.750,5.9,16.1,.367,2.5,3.5,.706,7.1,3.1,1.4,0.2,2.7,6.1,22.7,,117.8,116.4
9,4,24,293,14.9,.584,.569,.908,.195,102,4.3,10.0,7.1,11.0,1.4,0.4,12.0,18.9,,0.6,0.1,0.7,.094,,3.1,-4.8,-1.7
10,0,27,529,46,105,.438,46,104,.442,0,1,.000,24,53,.453,30,40,70,28,11,5,37,67,116
10,1,27,19.6,1.7,3.9,.438,1.7,3.9,.442,0.0,0.0,.000,0.9,2.0,.453,2.6,1.0,0.4,0.2,1.4,2.5,4.3
10,2,27,529,3.5,7.9,.438,3.5,7.9,.442,0.0,0.1,.000,1.8,4.0,.453,5.3,2.1,0.8,0.4,2.8,5.1,8.8
10,3,27,529,5.2,11.9,.438,5.2,11.8,.442,0.0,0.1,.000,2.7,6.0,.453,7.9,3.2,1.2,0.6,4.2,7.6,13.1,,86.7,116.6
10,4,27,529,6.7,.446,.438,.010,.505,127,6.5,9.3,7.8,10.6,1.2,1.1,22.1,16.2,,-0.2,0.1,-0.1,-.010,,-5.0,-2.1,-7.1
11,0,29,947,112,207,.541,112,207,.541,0,0,,91,126,.722,87,178,265,22,17,29,62,97,315
11,1,29,32.7,3.9,7.1,.541,3.9,7.1,.541,0.0,0.0,,3.1,4.3,.722,9.1,0.8,0.6,1.0,2.1,3.3,10.9
11,2,29,947,4.7,8.7,.541,4.7,8.7,.541,0.0,0.0,,3.8,5.3,.722,11.2,0.9,0.7,1.2,2.6,4.1,13.3
11,3,29,947,7.1,13.1,.541,7.1,13.1,.541,0.0,0.0,,5.8,8.0,.722,16.7,1.4,1.1,1.8,3.9,6.1,19.9,,111.3,110.7
11,4,29,947,17.5,.590,.541,.000,.609,317,10.5,23.1,16.6,5.0,1.1,3.5,18.9,17.7,,1.5,0.7,2.2,.094,,-1.5,-0.6,-2.1
12,0,25,224,29,51,.569,17,22,.773,12,29,.414,3,4,.750,8,28,36,4,5,2,12,31,73
12,1,25,9.0,1.2,2.0,.569,0.7,0.9,.773,0.5,1.2,.414,0.1,0.2,.750,1.4,0.2,0.2,0.1,0.5,1.2,2.9
12,2,25,224,5.2,9.1,.569,3.0,3.9,.773,2.1,5.2,.414,0.5,0.7,.750,6.4,0.7,0.9,0.4,2.1,5.5,13.0
12,3,25,224,7.7,13.6,.569,4.5,5.9,.773,3.2,7.7,.414,0.8,1.1,.750,9.6,1.1,1.3,0.5,3.2,8.3,19.5,,116.9,114.1
12,4,25,224,13.8,.690,.686,.569,.078,61,4.1,15.3,9.5,3.9,1.3,1.0,18.5,14.8,,0.4,0.1,0.5,.082,,-0.2,-3.6,-3.9
13,0,6,86,7,24,.292,7,13,.538,0,11,.000,8,10,.800,0,4,4,2,3,0,1,2,22
13,1,6,14.3,1.2,4.0,.292,1.2,2.2,.538,0.0,1.8,.000,1.3,1.7,.800,0.7,0.3,0.5,0.0,0.2,0.3,3.7
13,2,6,86,3.3,11.2,.292,3.3,6.0,.538,0.0,5.1,.000,3.7,4.7,.800,1.9,0.9,1.4,0.0,0.5,0.9,10.2
13,3,6,86,4.9,16.7,.292,4.9,9.0,.538,0.0,7.7,.000,5.6,7.0,.800,2.8,1.4,2.1,0.0,0.7,1.4,15.3,,91.1,117.2
13,4,6,86,7.3,.383,.292,.458,.417,20,0.0,5.7,2.8,4.6,2.1,0.0,3.4,17.7,,0.0,0.0,0.0,.001,,-4.5,-4.8,-9.2
