0,0,29,351,24,67,.358,14,29,.483,10,38,.263,23,29,.793,14,35,49,12,8,1,17,37,81
0,1,29,12.1,0.8,2.3,.358,0.5,1.0,.483,0.3,1.3,.263,0.8,1.0,.793,1.7,0.4,0.3,0.0,0.6,1.3,2.8
0,2,29,351,2.7,7.6,.358,1.6,3.3,.483,1.1,4.3,.263,2.6,3.3,.793,5.6,1.4,0.9,0.1,1.9,4.2,9.2
0,3,29,351,4.1,11.6,.358,2.4,5.0,.483,1.7,6.6,.263,4.0,5.0,.793,8.5,2.1,1.4,0.2,2.9,6.4,14.0,,101.1,105.6
0,4,29,351,8.8,.501,.433,.567,.433,81,5.0,11.8,8.5,7.0,1.4,0.3,17.4,14.5,,0.3,0.3,0.6,.068,,-2.5,-3.0,-5.5
1,0,30,923,149,299,.498,109,212,.514,40,87,.460,61,78,.782,71,154,225,35,46,31,71,104,399
1,1,30,30.8,5.0,10.0,.498,3.6,7.1,.514,1.3,2.9,.460,2.0,2.6,.782,7.5,1.2,1.5,1.0,2.4,3.5,13.3
1,2,30,923,6.5,13.0,.498,4.7,9.2,.514,1.7,3.8,.460,2.6,3.4,.782,9.8,1.5,2.0,1.3,3.1,4.5,17.3
1,3,30,923,9.8,19.6,.498,7.2,13.9,.514,2.6,5.7,.460,4.0,5.1,.782,14.8,2.3,3.0,2.0,4.7,6.8,26.2,,110.5,96.7
1,4,30,923,22.1,.594,.565,.291,.261,368,9.6,19.7,14.8,9.6,3.0,3.7,17.4,22.9,,2.1,1.6,3.7,.160,,1.4,0.9,2.3
2,0,16,233,20,50,.400,18,43,.419,2,7,.286,18,23,.783,13,16,29,3,3,0,14,26,60
2,1,16,14.6,1.3,3.1,.400,1.1,2.7,.419,0.1,0.4,.286,1.1,1.4,.783,1.8,0.2,0.2,0.0,0.9,1.6,3.8
2,2,16,233,3.4,8.6,.400,3.1,7.4,.419,0.3,1.2,.286,3.1,3.9,.783,5.0,0.5,0.5,0.0,2.4,4.5,10.3
2,3,16,233,5.2,13.0,.400,4.7,11.2,.419,0.5,1.8,.286,4.7,6.0,.783,7.5,0.8,0.8,0.0,3.6,6.8,15.6,,95.1,108.8
2,4,16,233,7.3,.492,.420,.140,.460,58,6.9,8.1,7.6,2.7,0.8,0.0,18.7,16.7,,0.1,0.1,0.2,.042,,-4.9,-4.3,-9.3
3,0,30,699,52,110,.473,51,109,.468,1,1,1.000,26,40,.650,50,73,123,16,11,52,27,65,131
3,1,30,23.3,1.7,3.7,.473,1.7,3.6,.468,0.0,0.0,1.000,0.9,1.3,.650,4.1,0.5,0.4,1.7,0.9,2.2,4.4
3,2,30,699,3.0,6.3,.473,2.9,6.2,.468,0.1,0.1,1.000,1.5,2.3,.650,7.0,0.9,0.6,3.0,1.5,3.7,7.5
3,3,30,699,4.5,9.5,.473,4.4,9.4,.468,0.1,0.1,1.000,2.3,3.5,.650,10.7,1.4,1.0,4.5,2.3,5.6,11.4,,104.2,102.9
3,4,30,699,12.3,.508,.477,.009,.364,140,8.9,12.4,10.7,4.7,1.0,8.2,17.3,11.6,,0.6,0.8,1.4,.080,,-3.3,2.7,-0.6
4,0,4,23,0,9,.000,0,6,.000,0,3,.000,3,4,.750,0,1,1,2,1,0,3,3,3
4,1,4,5.8,0.0,2.3,.000,0.0,1.5,.000,0.0,0.8,.000,0.8,1.0,.750,0.3,0.5,0.3,0.0,0.8,0.8,0.8
4,2,4,23,0.0,15.7,.000,0.0,10.4,.000,0.0,5.2,.000,5.2,7.0,.750,1.7,3.5,1.7,0.0,5.2,5.2,5.2
4,3,4,23,0.0,23.7,.000,0.0,15.8,.000,0.0,7.9,.000,7.9,10.5,.750,2.6,5.3,2.6,0.0,7.9,7.9,7.9,,35.8,105.9
4,4,4,23,-14.1,.138,.000,.333,.444,4,0.0,5.1,2.6,15.6,2.6,0.0,21.6,31.4,,-0.2,0.0,-0.1,-.260,,-19.1,-5.7,-24.8
5,0,20,185,11,42,.262,1,6,.167,10,36,.278,8,10,.800,7,8,15,7,4,0,7,25,40
5,1,20,9.3,0.6,2.1,.262,0.1,0.3,.167,0.5,1.8,.278,0.4,0.5,.800,0.8,0.4,0.2,0.0,0.4,1.3,2.0
5,2,20,185,2.4,9.1,.262,0.2,1.3,.167,2.2,7.8,.278,1.7,2.2,.800,3.2,1.5,0.9,0.0,1.5,5.4,8.6
5,3,20,185,3.6,13.8,.262,0.3,2.0,.167,3.3,11.8,.278,2.6,3.3,.800,4.9,2.3,1.3,0.0,2.3,8.2,13.1,,95.8,108.9
5,4,20,185,5.3,.428,.381,.857,.238,41,4.7,5.1,4.9,7.6,1.3,0.0,13.0,15.1,,0.1,0.1,0.2,.041,,-2.2,-4.4,-6.7
6,0,30,1032,107,282,.379,82,197,.416,25,85,.294,103,151,.682,35,61,96,89,42,1,81,70,342
6,1,30,34.4,3.6,9.4,.379,2.7,6.6,.416,0.8,2.8,.294,3.4,5.0,.682,3.2,3.0,1.4,0.0,2.7,2.3,11.4
6,2,30,1032,4.1,10.9,.379,3.2,7.6,.416,1.0,3.3,.294,4.0,5.9,.682,3.7,3.4,1.6,0.0,3.1,2.7,13.3
6,3,30,1032,6.3,16.6,.379,4.8,11.6,.416,1.5,5.0,.294,6.0,8.9,.682,5.6,5.2,2.5,0.1,4.8,4.1,20.1,,98.0,105.8
6,4,30,1032,12.5,.483,.424,.301,.535,358,4.2,7.0,5.6,19.0,2.5,0.1,18.6,21.9,,0.9,0.9,1.8,.071,,-1.7,-2.3,-4.0
7,0,30,872,137,298,.460,101,210,.481,36,88,.409,128,165,.776,72,134,206,56,42,12,87,93,438
7,1,30,29.1,4.6,9.9,.460,3.4,7.0,.481,1.2,2.9,.409,4.3,5.5,.776,6.9,1.9,1.4,0.4,2.9,3.1,14.6
7,2,30,872,6.3,13.7,.460,4.6,9.6,.481,1.7,4.0,.409,5.9,7.6,.776,9.4,2.6,1.9,0.6,4.0,4.3,20.1
7,3,30,872,9.5,20.7,.460,7.0,14.6,.481,2.5,6.1,.409,8.9,11.5,.776,14.3,3.9,2.9,0.8,6.0,6.5,30.4,,110.3,98.7
7,4,30,872,23.4,.582,.520,.295,.554,427,10.3,18.2,14.3,16.1,2.9,1.5,18.8,27.6,,2.4,1.4,3.8,.172,,2.6,-0.5,2.1
8,0,29,661,76,185,.411,27,56,.482,49,129,.380,16,19,.842,13,47,60,23,17,1,52,51,217
8,1,29,22.8,2.6,6.4,.411,0.9,1.9,.482,1.7,4.4,.380,0.6,0.7,.842,2.1,0.8,0.6,0.0,1.8,1.8,7.5
8,2,29,661,4.6,11.2,.411,1.6,3.4,.482,3.0,7.8,.380,1.0,1.1,.842,3.6,1.4,1.0,0.1,3.1,3.1,13.1
8,3,29,661,7.0,17.0,.411,2.5,5.1,.482,4.5,11.8,.380,1.5,1.7,.842,5.5,2.1,1.6,0.1,4.8,4.7,19.9,,96.2,107.0
8,4,29,661,10.0,.559,.543,.697,.103,187,2.4,8.4,5.5,7.9,1.6,0.2,21.1,19.4,,0.4,0.5,0.9,.054,,-1.3,-3.6,-4.9
9,0,30,1042,95,231,.411,55,130,.423,40,101,.396,86,101,.851,16,62,78,125,23,5,76,81,316
9,1,30,34.7,3.2,7.7,.411,1.8,4.3,.423,1.3,3.4,.396,2.9,3.4,.851,2.6,4.2,0.8,0.2,2.5,2.7,10.5
9,2,30,1042,3.6,8.9,.411,2.1,5.0,.423,1.5,3.9,.396,3.3,3.9,.851,3.0,4.8,0.9,0.2,2.9,3.1,12.1
9,3,30,1042,5.5,13.4,.411,3.2,7.6,.423,2.3,5.9,.396,5.0,5.9,.851,4.5,7.3,1.3,0.3,4.4,4.7,18.4,,110.2,108.0
9,4,30,1042,13.3,.566,.498,.437,.437,342,1.9,7.0,4.5,25.8,1.3,0.5,21.4,17.7,,1.9,0.7,2.6,.100,,0.2,-3.6,-3.3
10,0,6,49,5,14,.357,2,3,.667,3,11,.273,4,5,.800,1,12,13,5,0,1,4,3,17
10,1,6,8.2,0.8,2.3,.357,0.3,0.5,.667,0.5,1.8,.273,0.7,0.8,.800,2.2,0.8,0.0,0.2,0.7,0.5,2.8
10,2,6,49,4.1,11.4,.357,1.6,2.4,.667,2.4,9.0,.273,3.3,4.1,.800,10.6,4.1,0.0,0.8,3.3,2.4,13.9
10,3,6,49,6.2,17.3,.357,2.5,3.7,.667,3.7,13.6,.273,4.9,6.2,.800,16.1,6.2,0.0,1.2,4.9,3.7,21.0,,102.6,100.0
10,4,6,49,15.4,.519,.464,.786,.357,17,2.5,29.0,16.1,22.4,0.0,2.2,19.6,21.6,,0.1,0.1,0.1,.111,,-1.4,-2.5,-3.9
