0,0,3,4,0,2,.000,0,2,.000,0,0,,0,0,,0,1,1,0,0,0,0,0,0
0,1,3,1.3,0.0,0.7,.000,0.0,0.7,.000,0.0,0.0,,0.0,0.0,,0.3,0.0,0.0,0.0,0.0,0.0,0.0
0,2,3,4,0.0,20.0,.000,0.0,20.0,.000,0.0,0.0,,0.0,0.0,,10.0,0.0,0.0,0.0,0.0,0.0,0.0
0,3,3,4,0.0,28.9,.000,0.0,28.9,.000,0.0,0.0,,0.0,0.0,,14.5,0.0,0.0,0.0,0.0,0.0,0.0,,0.0,103.2
0,4,3,4,-16.8,.000,.000,.000,.000,0,0.0,26.6,13.2,0.0,0.0,0.0,0.0,23.8,,0.0,0.0,0.0,-.235,,-22.1,-5.8,-27.9
1,0,33,314,39,109,.358,17,35,.486,22,74,.297,8,12,.667,11,20,31,11,6,0,22,29,108
1,1,33,9.5,1.2,3.3,.358,0.5,1.1,.486,0.7,2.2,.297,0.2,0.4,.667,0.9,0.3,0.2,0.0,0.7,0.9,3.3
1,2,33,314,5.0,13.9,.358,2.2,4.5,.486,2.8,9.4,.297,1.0,1.5,.667,3.9,1.4,0.8,0.0,2.8,3.7,13.8
1,3,33,314,7.2,20.1,.358,3.1,6.4,.486,4.1,13.6,.297,1.5,2.2,.667,5.7,2.0,1.1,0.0,4.1,5.3,19.9,,94.3,109.7
1,4,33,314,7.4,.471,.459,.679,.110,96,3.7,6.8,5.2,6.7,1.1,0.0,16.1,20.7,,0.1,0.3,0.3,.040,,0.2,-1.5,-1.2
2,0,34,892,139,388,.358,78,210,.371,61,178,.343,57,75,.760,13,47,60,94,30,0,46,70,396
2,1,34,26.2,4.1,11.4,.358,2.3,6.2,.371,1.8,5.2,.343,1.7,2.2,.760,1.8,2.8,0.9,0.0,1.4,2.1,11.6
2,2,34,892,6.2,17.4,.358,3.5,9.4,.371,2.7,8.0,.343,2.6,3.4,.760,2.7,4.2,1.3,0.0,2.1,3.1,17.8
2,3,34,892,9.0,25.2,.358,5.1,13.6,.371,4.0,11.5,.343,3.7,4.9,.760,3.9,6.1,1.9,0.0,3.0,4.5,25.7,,107.0,108.5
2,4,34,892,13.9,.467,.437,.459,.193,378,1.5,5.6,3.6,21.6,1.9,0.0,9.8,25.1,,1.4,0.8,2.3,.101,,3.2,-1.0,2.2
3,0,35,1036,92,222,.414,78,174,.448,14,48,.292,49,86,.570,52,113,165,84,42,4,66,67,247
3,1,35,29.6,2.6,6.3,.414,2.2,5.0,.448,0.4,1.4,.292,1.4,2.5,.570,4.7,2.4,1.2,0.1,1.9,1.9,7.1
3,2,35,1036,3.6,8.6,.414,3.0,6.7,.448,0.5,1.9,.292,1.9,3.3,.570,6.4,3.2,1.6,0.2,2.5,2.6,9.5
3,3,35,1036,5.1,12.4,.414,4.4,9.7,.448,0.8,2.7,.292,2.7,4.8,.570,9.2,4.7,2.3,0.2,3.7,3.7,13.8,,97.3,104.6
3,4,35,1036,10.9,.470,.446,.216,.387,270,5.3,11.6,8.4,14.6,2.3,0.4,20.1,15.1,,0.4,1.3,1.7,.067,,0.8,3.3,4.1
4,0,32,776,141,279,.505,113,195,.579,28,84,.333,99,133,.744,89,140,229,30,18,40,51,80,409
4,1,32,24.3,4.4,8.7,.505,3.5,6.1,.579,0.9,2.6,.333,3.1,4.2,.744,7.2,0.9,0.6,1.3,1.6,2.5,12.8
4,2,32,776,7.3,14.4,.505,5.8,10.1,.579,1.4,4.3,.333,5.1,6.9,.744,11.8,1.5,0.9,2.1,2.6,4.1,21.1
4,3,32,776,10.5,20.8,.505,8.4,14.5,.579,2.1,6.3,.333,7.4,9.9,.744,17.1,2.2,1.3,3.0,3.8,6.0,30.5,,122.1,100.4
4,4,32,776,25.9,.598,.556,.301,.477,381,12.1,19.2,15.6,8.4,1.3,5.6,13.0,24.1,,2.6,1.3,3.9,.199,,6.0,3.4,9.4
5,0,35,477,46,91,.505,46,90,.511,0,1,.000,31,60,.517,52,68,120,5,11,61,25,103,123
5,1,35,13.6,1.3,2.6,.505,1.3,2.6,.511,0.0,0.0,.000,0.9,1.7,.517,3.4,0.1,0.3,1.7,0.7,2.9,3.5
5,2,35,477,3.9,7.6,.505,3.9,7.5,.511,0.0,0.1,.000,2.6,5.0,.517,10.1,0.4,0.9,5.1,2.1,8.6,10.3
5,3,35,477,5.6,11.0,.505,5.6,10.9,.511,0.0,0.1,.000,3.8,7.3,.517,14.6,0.6,1.3,7.4,3.0,12.5,14.9,,104.0,97.5
5,4,35,477,15.3,.515,.505,.011,.659,126,11.5,15.2,13.3,1.9,1.3,13.8,17.3,14.4,,0.4,0.9,1.3,.111,,-1.3,8.3,7.0
6,0,35,724,80,163,.491,62,110,.564,18,53,.340,25,38,.658,59,124,183,30,10,17,25,64,203
6,1,35,20.7,2.3,4.7,.491,1.8,3.1,.564,0.5,1.5,.340,0.7,1.1,.658,5.2,0.9,0.3,0.5,0.7,1.8,5.8
6,2,35,724,4.4,9.0,.491,3.4,6.1,.564,1.0,2.9,.340,1.4,2.1,.658,10.1,1.7,0.6,0.9,1.4,3.5,11.2
6,3,35,724,6.4,13.0,.491,5.0,8.8,.564,1.4,4.2,.340,2.0,3.0,.658,14.6,2.4,0.8,1.4,2.0,5.1,16.2,,120.2,103.7
6,4,35,724,15.4,.561,.546,.325,.233,202,8.6,18.2,13.4,7.8,0.8,2.5,12.1,13.5,,1.3,1.0,2.3,.126,,2.7,2.8,5.5
7,0,5,8,0,4,.000,0,1,.000,0,3,.000,0,2,.000,0,0,0,0,0,1,1,1,0
7,1,5,1.6,0.0,0.8,.000,0.0,0.2,.000,0.0,0.6,.000,0.0,0.4,.000,0.0,0.0,0.0,0.2,0.2,0.2,0.0
7,2,5,8,0.0,20.0,.000,0.0,5.0,.000,0.0,15.0,.000,0.0,10.0,.000,0.0,0.0,0.0,5.0,5.0,5.0,0.0
7,3,5,8,0.0,28.9,.000,0.0,7.2,.000,0.0,21.7,.000,0.0,14.5,.000,0.0,0.0,0.0,7.2,7.2,7.2,0.0,,0.0,108.6
7,4,5,8,-31.0,.000,.000,.750,.500,0,0.0,0.0,0.0,0.0,0.0,13.5,16.8,35.4,,-0.1,0.0,-0.1,-.482,,-23.4,0.4,-23.0
8,0,5,14,2,3,.667,2,3,.667,0,0,,1,4,.250,2,3,5,0,0,0,2,3,5
8,1,5,2.8,0.4,0.6,.667,0.4,0.6,.667,0.0,0.0,,0.2,0.8,.250,1.0,0.0,0.0,0.0,0.4,0.6,1.0
8,2,5,14,5.7,8.6,.667,5.7,8.6,.667,0.0,0.0,,2.9,11.4,.250,14.3,0.0,0.0,0.0,5.7,8.6,14.3
8,3,5,14,8.3,12.4,.667,8.3,12.4,.667,0.0,0.0,,4.1,16.5,.250,20.7,0.0,0.0,0.0,8.3,12.4,20.7,,78.6,103.7
8,4,5,14,7.9,.510,.667,.000,1.333,5,15.1,22.8,18.9,0.0,0.0,0.0,29.0,23.5,,0.0,0.0,0.0,-.009,,-6.9,-5.5,-12.4
9,0,35,896,134,246,.545,134,246,.545,0,0,,124,198,.626,115,172,287,14,18,76,56,102,392
9,1,35,25.6,3.8,7.0,.545,3.8,7.0,.545,0.0,0.0,,3.5,5.7,.626,8.2,0.4,0.5,2.2,1.6,2.9,11.2
9,2,35,896,6.0,11.0,.545,6.0,11.0,.545,0.0,0.0,,5.5,8.8,.626,12.8,0.6,0.8,3.4,2.5,4.6,17.5
9,3,35,896,8.7,15.9,.545,8.7,15.9,.545,0.0,0.0,,8.0,12.8,.626,18.5,0.9,1.2,4.9,3.6,6.6,25.3,,116.5,98.3
9,4,35,896,23.7,.576,.545,.000,.805,377,13.5,20.4,17.0,3.2,1.2,9.1,14.1,21.0,,2.2,1.7,3.8,.171,,2.0,5.1,7.0
10,0,35,1055,144,368,.391,139,349,.398,5,19,.263,151,202,.748,10,105,115,141,37,3,83,90,444
10,1,35,30.1,4.1,10.5,.391,4.0,10.0,.398,0.1,0.5,.263,4.3,5.8,.748,3.3,4.0,1.1,0.1,2.4,2.6,12.7
10,2,35,1055,5.5,14.0,.391,5.3,13.2,.398,0.2,0.7,.263,5.7,7.7,.748,4.4,5.3,1.4,0.1,3.1,3.4,16.8
10,3,35,1055,7.9,20.2,.391,7.6,19.1,.398,0.3,1.0,.263,8.3,11.1,.748,6.3,7.7,2.0,0.2,4.6,4.9,24.4,,103.6,105.7
10,4,35,1055,14.8,.478,.398,.052,.549,455,1.0,10.6,5.8,26.3,2.0,0.3,15.2,24.7,,1.4,1.2,2.6,.100,,0.7,1.2,1.9
11,0,33,419,50,127,.394,26,59,.441,24,68,.353,32,40,.800,34,41,75,13,15,1,23,26,156
11,1,33,12.7,1.5,3.8,.394,0.8,1.8,.441,0.7,2.1,.353,1.0,1.2,.800,2.3,0.4,0.5,0.0,0.7,0.8,4.7
11,2,33,419,4.8,12.1,.394,2.5,5.6,.441,2.3,6.5,.353,3.1,3.8,.800,7.2,1.2,1.4,0.1,2.2,2.5,14.9
11,3,33,419,6.9,17.5,.394,3.6,8.1,.441,3.3,9.4,.353,4.4,5.5,.800,10.4,1.8,2.1,0.1,3.2,3.6,21.5,,112.7,105.8
11,4,33,419,15.4,.534,.488,.535,.315,148,8.6,10.4,9.5,5.9,2.1,0.3,13.6,19.2,,0.7,0.5,1.2,.117,,3.3,0.3,3.7
12,0,34,410,38,93,.409,32,76,.421,6,17,.353,33,59,.559,25,49,74,30,12,3,18,34,115
12,1,34,12.1,1.1,2.7,.409,0.9,2.2,.421,0.2,0.5,.353,1.0,1.7,.559,2.2,0.9,0.4,0.1,0.5,1.0,3.4
12,2,34,410,3.7,9.1,.409,3.1,7.4,.421,0.6,1.7,.353,3.2,5.8,.559,7.2,2.9,1.2,0.3,1.8,3.3,11.2
12,3,34,410,5.4,13.1,.409,4.5,10.7,.421,0.8,2.4,.353,4.7,8.3,.559,10.4,4.2,1.7,0.4,2.5,4.8,16.2,,107.0,105.2
12,4,34,410,12.9,.475,.441,.183,.634,122,6.4,12.7,9.6,13.3,1.7,0.8,12.9,16.1,,0.5,0.5,1.0,.094,,0.9,1.9,2.8
