0,0,20,222,21,42,.500,20,37,.541,1,5,.200,12,26,.462,27,36,63,2,6,7,11,40,55
0,1,20,11.1,1.1,2.1,.500,1.0,1.9,.541,0.1,0.3,.200,0.6,1.3,.462,3.2,0.1,0.3,0.4,0.6,2.0,2.8
0,2,20,222,3.8,7.6,.500,3.6,6.7,.541,0.2,0.9,.200,2.2,4.7,.462,11.4,0.4,1.1,1.3,2.0,7.2,9.9
0,3,20,222,5.7,11.4,.500,5.4,10.0,.541,0.3,1.4,.200,3.2,7.0,.462,17.0,0.5,1.6,1.9,3.0,10.8,14.9,,101.9,94.7
0,4,20,222,13.5,.506,.512,.119,.619,58,13.9,17.5,15.8,2.0,1.6,3.4,16.8,15.0,,0.2,0.4,0.6,.114,,-0.9,2.2,1.3
1,0,4,5,0,0,,0,0,,0,0,,0,0,,0,0,0,0,2,0,0,1,0
1,1,4,1.3,0.0,0.0,,0.0,0.0,,0.0,0.0,,0.0,0.0,,0.0,0.0,0.5,0.0,0.0,0.3,0.0
1,2,4,5,0.0,0.0,,0.0,0.0,,0.0,0.0,,0.0,0.0,,0.0,0.0,16.0,0.0,0.0,8.0,0.0
1,3,4,5,0.0,0.0,,0.0,0.0,,0.0,0.0,,0.0,0.0,,0.0,0.0,24.0,0.0,0.0,12.0,0.0,,,56.4
1,4,4,5,21.4,,,,,0,0.0,0.0,0.0,0.0,24.0,0.0,,0.0,,0.0,0.0,0.0,.221,,4.2,24.1,28.3
2,0,34,924,87,246,.354,75,199,.377,12,47,.255,45,57,.789,12,75,87,139,34,1,86,58,231
2,1,34,27.2,2.6,7.2,.354,2.2,5.9,.377,0.4,1.4,.255,1.3,1.7,.789,2.6,4.1,1.0,0.0,2.5,1.7,6.8
2,2,34,924,3.8,10.6,.354,3.2,8.6,.377,0.5,2.0,.255,1.9,2.5,.789,3.8,6.0,1.5,0.0,3.7,2.5,10.0
2,3,34,924,5.7,16.0,.354,4.9,12.9,.377,0.8,3.1,.255,2.9,3.7,.789,5.7,9.0,2.2,0.1,5.6,3.8,15.0,,86.7,100.3
2,4,34,924,9.7,.423,.378,.191,.232,273,1.5,8.8,5.2,32.6,2.2,0.1,24.0,19.8,,-0.2,1.2,1.0,.045,,-1.8,1.0,-0.8
3,0,34,562,44,128,.344,36,82,.439,8,46,.174,25,38,.658,14,35,49,33,23,6,43,32,121
3,1,34,16.5,1.3,3.8,.344,1.1,2.4,.439,0.2,1.4,.174,0.7,1.1,.658,1.4,1.0,0.7,0.2,1.3,0.9,3.6
3,2,34,562,3.1,9.1,.344,2.6,5.8,.439,0.6,3.3,.174,1.8,2.7,.658,3.5,2.3,1.6,0.4,3.1,2.3,8.6
3,3,34,562,4.7,13.7,.344,3.8,8.8,.439,0.9,4.9,.174,2.7,4.1,.658,5.2,3.5,2.5,0.6,4.6,3.4,12.9,,79.5,100.5
3,4,34,562,6.7,.414,.375,.359,.297,125,2.9,6.7,4.9,12.3,2.5,1.1,22.7,17.1,,-0.4,0.7,0.3,.021,,-2.7,2.4,-0.4
4,0,29,594,70,153,.458,57,108,.528,13,45,.289,33,56,.589,59,102,161,12,18,20,39,87,186
4,1,29,20.5,2.4,5.3,.458,2.0,3.7,.528,0.4,1.6,.289,1.1,1.9,.589,5.6,0.4,0.6,0.7,1.3,3.0,6.4
4,2,29,594,4.7,10.3,.458,3.8,7.3,.528,0.9,3.0,.289,2.2,3.8,.589,10.8,0.8,1.2,1.3,2.6,5.9,12.5
4,3,29,594,7.1,15.5,.458,5.8,10.9,.528,1.3,4.5,.289,3.3,5.7,.589,16.3,1.2,1.8,2.0,3.9,8.8,18.8,,100.1,93.8
4,4,29,594,15.3,.518,.500,.294,.366,182,11.4,18.6,15.1,4.6,1.8,3.6,17.8,18.7,,0.6,1.1,1.8,.119,,0.4,3.2,3.5
5,0,34,354,30,51,.588,30,51,.588,0,0,,15,40,.375,38,51,89,1,6,40,18,66,75
5,1,34,10.4,0.9,1.5,.588,0.9,1.5,.588,0.0,0.0,,0.4,1.2,.375,2.6,0.0,0.2,1.2,0.5,1.9,2.2
5,2,34,354,3.4,5.8,.588,3.4,5.8,.588,0.0,0.0,,1.7,4.5,.375,10.1,0.1,0.7,4.5,2.0,7.5,8.5
5,3,34,354,5.1,8.6,.588,5.1,8.6,.588,0.0,0.0,,2.5,6.8,.375,15.1,0.2,1.0,6.8,3.1,11.2,12.7,,99.3,93.3
5,4,34,354,14.3,.536,.588,.000,.784,77,12.3,15.6,14.0,0.6,1.0,12.0,20.5,12.6,,0.2,0.7,0.9,.107,,-2.5,6.6,4.0
6,0,11,410,46,110,.418,38,83,.458,8,27,.296,61,77,.792,7,48,55,61,22,0,37,20,161
6,1,11,37.3,4.2,10.0,.418,3.5,7.5,.458,0.7,2.5,.296,5.5,7.0,.792,5.0,5.5,2.0,0.0,3.4,1.8,14.6
6,2,11,410,4.5,10.7,.418,3.7,8.1,.458,0.8,2.6,.296,6.0,7.5,.792,5.4,6.0,2.1,0.0,3.6,2.0,15.7
6,3,11,410,6.7,16.1,.418,5.6,12.1,.458,1.2,4.0,.296,8.9,11.3,.792,8.0,8.9,3.2,0.0,5.4,2.9,23.6,,108.1,96.1
6,4,11,410,20.2,.549,.455,.245,.700,172,2.0,12.7,7.5,33.5,3.2,0.0,20.2,22.8,,0.9,0.7,1.6,.158,,4.1,2.6,6.7
7,0,34,706,64,133,.481,53,87,.609,11,46,.239,15,25,.600,43,99,142,31,10,12,34,76,154
7,1,34,20.8,1.9,3.9,.481,1.6,2.6,.609,0.3,1.4,.239,0.4,0.7,.600,4.2,0.9,0.3,0.4,1.0,2.2,4.5
7,2,34,706,3.6,7.5,.481,3.0,4.9,.609,0.6,2.6,.239,0.8,1.4,.600,8.0,1.8,0.6,0.7,1.9,4.3,8.7
7,3,34,706,5.4,11.3,.481,4.5,7.4,.609,0.9,3.9,.239,1.3,2.1,.600,12.1,2.6,0.8,1.0,2.9,6.5,13.1,,102.9,98.8
7,4,34,706,11.2,.531,.523,.346,.188,158,7.0,15.2,11.2,9.4,0.8,1.8,19.0,12.9,,0.6,1.0,1.7,.095,,0.5,2.9,3.4
8,0,33,887,128,322,.398,75,171,.439,53,151,.351,60,81,.741,23,87,110,37,35,3,55,81,369
8,1,33,26.9,3.9,9.8,.398,2.3,5.2,.439,1.6,4.6,.351,1.8,2.5,.741,3.3,1.1,1.1,0.1,1.7,2.5,11.2
8,2,33,887,5.8,14.5,.398,3.4,7.7,.439,2.4,6.8,.351,2.7,3.7,.741,5.0,1.7,1.6,0.1,2.5,3.7,16.6
8,3,33,887,8.7,21.8,.398,5.1,11.6,.439,3.6,10.2,.351,4.1,5.5,.741,7.4,2.5,2.4,0.2,3.7,5.5,25.0,,101.9,98.7
8,4,33,887,14.9,.512,.480,.469,.252,328,3.0,10.6,6.9,10.1,2.4,0.4,13.2,23.8,,1.3,1.3,2.6,.116,,2.5,1.1,3.6
9,0,34,929,136,356,.382,103,235,.438,33,121,.273,155,186,.833,36,96,132,29,28,3,57,28,460
9,1,34,27.3,4.0,10.5,.382,3.0,6.9,.438,1.0,3.6,.273,4.6,5.5,.833,3.9,0.9,0.8,0.1,1.7,0.8,13.5
9,2,34,929,5.9,15.3,.382,4.4,10.1,.438,1.4,5.2,.273,6.7,8.0,.833,5.7,1.2,1.2,0.1,2.5,1.2,19.8
9,3,34,929,8.8,23.0,.382,6.7,15.2,.438,2.1,7.8,.273,10.0,12.0,.833,8.5,1.9,1.8,0.2,3.7,1.8,29.7,,107.7,100.0
9,4,34,929,19.1,.518,.428,.340,.522,417,4.4,11.2,7.9,7.6,1.8,0.3,11.4,27.4,,2.2,1.2,3.4,.148,,2.7,-0.3,2.4
10,0,4,7,0,0,,0,0,,0,0,,0,0,,0,0,0,1,0,0,0,0,0
10,1,4,1.8,0.0,0.0,,0.0,0.0,,0.0,0.0,,0.0,0.0,,0.0,0.3,0.0,0.0,0.0,0.0,0.0
10,2,4,7,0.0,0.0,,0.0,0.0,,0.0,0.0,,0.0,0.0,,0.0,5.7,0.0,0.0,0.0,0.0,0.0
10,3,4,7,0.0,0.0,,0.0,0.0,,0.0,0.0,,0.0,0.0,,0.0,8.6,0.0,0.0,0.0,0.0,0.0,,222.2,110.5
10,4,4,7,6.0,,,,,0,0.0,0.0,0.0,25.7,0.0,0.0,,0.0,,0.0,0.0,0.0,.060,,-5.0,-4.7,-9.7
11,0,1,7,0,0,,0,0,,0,0,,0,0,,0,0,0,0,0,0,0,0,0
11,1,1,7.0,0.0,0.0,,0.0,0.0,,0.0,0.0,,0.0,0.0,,0.0,0.0,0.0,0.0,0.0,0.0,0.0
11,2,1,7,0.0,0.0,,0.0,0.0,,0.0,0.0,,0.0,0.0,,0.0,0.0,0.0,0.0,0.0,0.0,0.0
11,3,1,7,0.0,0.0,,0.0,0.0,,0.0,0.0,,0.0,0.0,,0.0,0.0,0.0,0.0,0.0,0.0,0.0,,,110.5
11,4,1,7,0.0,,,,,0,0.0,0.0,0.0,0.0,0.0,0.0,,0.0,,0.0,0.0,0.0,.013,,-4.1,2.4,-1.7
12,0,34,826,96,222,.432,63,130,.485,33,92,.359,56,96,.583,48,100,148,41,20,24,59,95,281
12,1,34,24.3,2.8,6.5,.432,1.9,3.8,.485,1.0,2.7,.359,1.6,2.8,.583,4.4,1.2,0.6,0.7,1.7,2.8,8.3
12,2,34,826,4.6,10.8,.432,3.1,6.3,.485,1.6,4.5,.359,2.7,4.6,.583,7.2,2.0,1.0,1.2,2.9,4.6,13.6
12,3,34,826,7.0,16.1,.432,4.6,9.4,.485,2.4,6.7,.359,4.1,7.0,.583,10.8,3.0,1.5,1.7,4.3,6.9,20.4,,100.4,98.0
12,4,34,826,14.3,.525,.507,.414,.432,271,6.7,13.1,10.0,11.3,1.5,3.1,18.1,20.1,,0.9,1.3,2.2,.107,,1.8,3.1,4.9
13,0,33,542,54,117,.462,54,117,.462,0,0,,28,84,.333,55,88,143,4,15,47,45,73,136
13,1,33,16.4,1.6,3.5,.462,1.6,3.5,.462,0.0,0.0,,0.8,2.5,.333,4.3,0.1,0.5,1.4,1.4,2.2,4.1
13,2,33,542,4.0,8.6,.462,4.0,8.6,.462,0.0,0.0,,2.1,6.2,.333,10.6,0.3,1.1,3.5,3.3,5.4,10.0
13,3,33,542,6.0,13.0,.462,6.0,13.0,.462,0.0,0.0,,3.1,9.3,.333,15.8,0.4,1.7,5.2,5.0,8.1,15.1,,80.1,92.3
13,4,33,542,11.9,.433,.462,.000,.718,138,11.6,17.6,14.7,1.6,1.7,9.2,22.3,18.9,,-0.4,1.1,0.7,.051,,-5.1,5.6,0.5
