0,0,36,688,60,103,.583,60,101,.594,0,2,.000,27,47,.574,33,64,97,80,29,11,38,81,147
0,1,36,19.1,1.7,2.9,.583,1.7,2.8,.594,0.0,0.1,.000,0.8,1.3,.574,2.7,2.2,0.8,0.3,1.1,2.3,4.1
0,2,36,688,3.5,6.0,.583,3.5,5.9,.594,0.0,0.1,.000,1.6,2.7,.574,5.6,4.7,1.7,0.6,2.2,4.7,8.5
0,3,36,688,5.1,8.8,.583,5.1,8.7,.594,0.0,0.2,.000,2.3,4.0,.574,8.3,6.9,2.5,0.9,3.3,6.9,12.6,,114.5,92.8
0,4,36,688,14.5,.586,.583,.019,.456,177,5.4,9.8,7.6,20.4,2.5,1.5,23.3,11.7,,1.1,1.5,2.6,.149,,2.8,5.2,8.1
1,0,36,773,113,278,.406,68,161,.422,45,117,.385,105,122,.861,10,69,79,74,31,8,61,69,376
1,1,36,21.5,3.1,7.7,.406,1.9,4.5,.422,1.3,3.3,.385,2.9,3.4,.861,2.2,2.1,0.9,0.2,1.7,1.9,10.4
1,2,36,773,5.8,14.4,.406,3.5,8.3,.422,2.3,6.1,.385,5.4,6.3,.861,4.1,3.8,1.6,0.4,3.2,3.6,19.5
1,3,36,773,8.6,21.2,.406,5.2,12.3,.422,3.4,8.9,.385,8.0,9.3,.861,6.0,5.7,2.4,0.6,4.7,5.3,28.7,,113.1,93.7
1,4,36,773,19.6,.560,.487,.421,.439,353,1.4,9.4,5.5,18.7,2.4,1.0,15.4,25.2,,2.1,1.6,3.7,.191,,4.8,2.4,7.2
2,0,5,10,1,1,1.000,1,1,1.000,0,0,,1,2,.500,0,2,2,0,0,0,0,0,3
2,1,5,2.0,0.2,0.2,1.000,0.2,0.2,1.000,0.0,0.0,,0.2,0.4,.500,0.4,0.0,0.0,0.0,0.0,0.0,0.6
2,2,5,10,4.0,4.0,1.000,4.0,4.0,1.000,0.0,0.0,,4.0,8.0,.500,8.0,0.0,0.0,0.0,0.0,0.0,12.0
2,3,5,10,5.9,5.9,1.000,5.9,5.9,1.000,0.0,0.0,,5.9,11.8,.500,11.8,0.0,0.0,0.0,0.0,0.0,17.7,,157.8,94.0
2,4,5,10,17.7,.769,1.000,.000,2.000,2,0.0,21.0,10.8,0.0,0.0,0.0,0.0,9.6,,0.0,0.0,0.0,.188,,1.0,-1.1,-0.1
3,0,36,1159,243,552,.440,153,318,.481,90,234,.385,95,122,.779,72,204,276,76,31,23,77,64,671
3,1,36,32.2,6.8,15.3,.440,4.3,8.8,.481,2.5,6.5,.385,2.6,3.4,.779,7.7,2.1,0.9,0.6,2.1,1.8,18.6
3,2,36,1159,8.4,19.1,.440,5.3,11.0,.481,3.1,8.1,.385,3.3,4.2,.779,9.5,2.6,1.1,0.8,2.7,2.2,23.2
3,3,36,1159,12.4,28.1,.440,7.8,16.2,.481,4.6,11.9,.385,4.8,6.2,.779,14.1,3.9,1.6,1.2,3.9,3.3,34.2,,115.5,90.6
3,4,36,1159,25.6,.550,.522,.424,.221,612,7.0,18.5,12.9,14.6,1.6,1.8,11.2,29.1,,4.0,2.7,6.7,.231,,7.2,3.3,10.4
4,0,36,492,20,42,.476,20,42,.476,0,0,,17,31,.548,36,75,111,15,8,23,16,53,57
4,1,36,13.7,0.6,1.2,.476,0.6,1.2,.476,0.0,0.0,,0.5,0.9,.548,3.1,0.4,0.2,0.6,0.4,1.5,1.6
4,2,36,492,1.6,3.4,.476,1.6,3.4,.476,0.0,0.0,,1.4,2.5,.548,9.0,1.2,0.7,1.9,1.3,4.3,4.6
4,3,36,492,2.4,5.0,.476,2.4,5.0,.476,0.0,0.0,,2.0,3.7,.548,13.3,1.8,1.0,2.8,1.9,6.4,6.8,,107.1,91.5
4,4,36,492,10.1,.502,.476,.000,.738,74,8.2,16.0,12.2,4.9,1.0,4.3,22.0,7.3,,0.3,1.1,1.5,.118,,0.1,6.6,6.7
5,0,36,1089,149,320,.466,148,316,.468,1,4,.250,114,174,.655,64,181,245,46,16,12,56,90,413
5,1,36,30.3,4.1,8.9,.466,4.1,8.8,.468,0.0,0.1,.250,3.2,4.8,.655,6.8,1.3,0.4,0.3,1.6,2.5,11.5
5,2,36,1089,5.5,11.8,.466,5.4,11.6,.468,0.0,0.1,.250,4.2,6.4,.655,9.0,1.7,0.6,0.4,2.1,3.3,15.2
5,3,36,1089,8.1,17.3,.466,8.0,17.1,.468,0.1,0.2,.250,6.2,9.4,.655,13.3,2.5,0.9,0.7,3.0,4.9,22.4,,108.7,92.9
5,4,36,1089,16.5,.513,.467,.013,.544,397,6.6,17.5,12.2,8.1,0.9,1.0,12.2,20.7,,2.0,2.3,4.3,.159,,1.1,3.2,4.3
6,0,36,1166,136,322,.422,84,196,.429,52,126,.413,51,73,.699,23,105,128,109,37,11,54,65,375
6,1,36,32.4,3.8,8.9,.422,2.3,5.4,.429,1.4,3.5,.413,1.4,2.0,.699,3.6,3.0,1.0,0.3,1.5,1.8,10.4
6,2,36,1166,4.7,11.0,.422,2.9,6.7,.429,1.8,4.3,.413,1.7,2.5,.699,4.4,3.7,1.3,0.4,1.9,2.2,12.9
6,3,36,1166,6.9,16.3,.422,4.3,9.9,.429,2.6,6.4,.413,2.6,3.7,.699,6.5,5.5,1.9,0.6,2.7,3.3,19.0,,112.7,95.0
6,4,36,1166,15.1,.526,.503,.391,.227,372,2.2,9.5,6.0,17.3,1.9,0.9,13.1,17.3,,2.2,2.2,4.4,.152,,3.9,3.7,7.7
7,0,35,425,42,115,.365,30,67,.448,12,48,.250,12,19,.632,6,23,29,37,8,1,23,25,108
7,1,35,12.1,1.2,3.3,.365,0.9,1.9,.448,0.3,1.4,.250,0.3,0.5,.632,0.8,1.1,0.2,0.0,0.7,0.7,3.1
7,2,35,425,4.0,10.8,.365,2.8,6.3,.448,1.1,4.5,.250,1.1,1.8,.632,2.7,3.5,0.8,0.1,2.2,2.4,10.2
7,3,35,425,5.8,16.0,.365,4.2,9.3,.448,1.7,6.7,.250,1.7,2.6,.632,4.0,5.1,1.1,0.1,3.2,3.5,15.0,,94.6,98.9
7,4,35,425,8.1,.435,.417,.417,.165,111,1.6,5.7,3.7,15.6,1.1,0.2,15.6,17.0,,0.2,0.7,0.8,.078,,-0.4,1.0,0.6
8,0,5,8,1,4,.250,0,0,,1,4,.250,0,0,,0,0,0,0,1,0,1,1,3
8,1,5,1.6,0.2,0.8,.250,0.0,0.0,,0.2,0.8,.250,0.0,0.0,,0.0,0.0,0.2,0.0,0.2,0.2,0.6
8,2,5,8,5.0,20.0,.250,0.0,0.0,,5.0,20.0,.250,0.0,0.0,,0.0,0.0,5.0,0.0,5.0,5.0,15.0
8,3,5,8,7.4,29.5,.250,0.0,0.0,,7.4,29.5,.250,0.0,0.0,,0.0,0.0,7.4,0.0,7.4,7.4,22.1,,67.0,87.9
8,4,5,8,2.6,.375,.375,1.000,.000,2,0.0,0.0,0.0,0.0,7.4,0.0,20.0,30.7,,0.0,0.0,0.0,-.012,,-2.5,1.8,-0.7
9,0,5,7,0,0,,0,0,,0,0,,0,0,,1,0,1,0,1,0,1,0,0
9,1,5,1.4,0.0,0.0,,0.0,0.0,,0.0,0.0,,0.0,0.0,,0.2,0.0,0.2,0.0,0.2,0.0,0.0
9,2,5,7,0.0,0.0,,0.0,0.0,,0.0,0.0,,0.0,0.0,,5.7,0.0,5.7,0.0,5.7,0.0,0.0
9,3,5,7,0.0,0.0,,0.0,0.0,,0.0,0.0,,0.0,0.0,,8.4,0.0,8.4,0.0,8.4,0.0,0.0,,42.1,86.3
9,4,5,7,6.1,,,,,1,16.0,0.0,7.7,0.0,8.4,0.0,100.0,7.0,,0.0,0.0,0.0,.013,,-2.4,10.1,7.7
10,0,36,1104,172,315,.546,172,315,.546,0,0,,127,261,.487,138,144,282,45,34,86,64,100,471
10,1,36,30.7,4.8,8.8,.546,4.8,8.8,.546,0.0,0.0,,3.5,7.3,.487,7.8,1.3,0.9,2.4,1.8,2.8,13.1
10,2,36,1104,6.2,11.4,.546,6.2,11.4,.546,0.0,0.0,,4.6,9.5,.487,10.2,1.6,1.2,3.1,2.3,3.6,17.1
10,3,36,1104,9.2,16.8,.546,9.2,16.8,.546,0.0,0.0,,6.8,14.0,.487,15.1,2.4,1.8,4.6,3.4,5.3,25.2,,112.5,89.3
10,4,36,1104,24.2,.536,.546,.000,.829,475,14.0,13.7,13.8,8.1,1.8,7.2,12.7,22.4,,2.8,2.7,5.5,.200,,3.9,7.2,11.1
11,0,34,329,17,47,.362,17,47,.362,0,0,,43,54,.796,40,38,78,3,11,8,28,68,77
11,1,34,9.7,0.5,1.4,.362,0.5,1.4,.362,0.0,0.0,,1.3,1.6,.796,2.3,0.1,0.3,0.2,0.8,2.0,2.3
11,2,34,329,2.1,5.7,.362,2.1,5.7,.362,0.0,0.0,,5.2,6.6,.796,9.5,0.4,1.3,1.0,3.4,8.3,9.4
11,3,34,329,3.1,8.4,.362,3.1,8.4,.362,0.0,0.0,,7.7,9.7,.796,14.0,0.5,2.0,1.4,5.0,12.2,13.8,,99.2,91.9
11,4,34,329,10.2,.530,.362,.000,1.149,89,13.6,12.1,12.9,1.5,2.0,2.3,27.8,15.0,,0.3,0.7,1.0,.119,,-0.7,3.6,2.9
