0,0,28,309,26,61,.426,14,29,.483,12,32,.375,4,8,.500,14,49,63,11,8,7,19,39,68
0,1,28,11.0,0.9,2.2,.426,0.5,1.0,.483,0.4,1.1,.375,0.1,0.3,.500,2.3,0.4,0.3,0.3,0.7,1.4,2.4
0,2,28,309,3.4,7.9,.426,1.8,3.8,.483,1.6,4.1,.375,0.5,1.0,.500,8.2,1.4,1.0,0.9,2.5,5.0,8.8
0,3,28,309,5.3,12.5,.426,2.9,5.9,.483,2.5,6.5,.375,0.8,1.6,.500,12.9,2.3,1.6,1.4,3.9,8.0,13.9,,92.8,95.3
0,4,28,309,10.5,.525,.525,.525,.131,66,5.5,19.4,12.4,7.3,1.6,2.7,22.7,14.7,,0.1,0.6,0.7,.084,,-1.2,3.3,2.2
1,0,9,48,0,2,.000,0,0,,0,2,.000,2,5,.400,0,6,6,5,1,0,2,4,2
1,1,9,5.3,0.0,0.2,.000,0.0,0.0,,0.0,0.2,.000,0.2,0.6,.400,0.7,0.6,0.1,0.0,0.2,0.4,0.2
1,2,9,48,0.0,1.7,.000,0.0,0.0,,0.0,1.7,.000,1.7,4.2,.400,5.0,4.2,0.8,0.0,1.7,3.3,1.7
1,3,9,48,0.0,2.6,.000,0.0,0.0,,0.0,2.6,.000,2.6,6.6,.400,7.9,6.6,1.3,0.0,2.6,5.3,2.6,,67.6,99.3
1,4,9,48,3.3,.229,.000,1.000,2.500,4,0.0,15.3,7.6,18.3,1.3,0.0,31.4,7.2,,0.0,0.1,0.0,.023,,-4.1,2.0,-2.0
2,0,11,205,20,48,.417,17,39,.436,3,9,.333,3,7,.429,4,20,24,28,5,3,21,15,46
2,1,11,18.6,1.8,4.4,.417,1.5,3.5,.436,0.3,0.8,.333,0.3,0.6,.429,2.2,2.5,0.5,0.3,1.9,1.4,4.2
2,2,11,205,3.9,9.4,.417,3.3,7.6,.436,0.6,1.8,.333,0.6,1.4,.429,4.7,5.5,1.0,0.6,4.1,2.9,9.0
2,3,11,205,6.2,14.8,.417,5.2,12.0,.436,0.9,2.8,.333,0.9,2.2,.429,7.4,8.6,1.5,0.9,6.5,4.6,14.2,,82.5,99.4
2,4,11,205,9.1,.448,.448,.188,.146,55,2.3,11.9,7.1,28.9,1.5,1.7,29.0,19.2,,-0.1,0.3,0.2,.032,,-3.2,1.9,-1.3
3,0,32,544,18,37,.486,18,37,.486,0,0,,8,18,.444,41,74,115,8,9,19,31,70,44
3,1,32,17.0,0.6,1.2,.486,0.6,1.2,.486,0.0,0.0,,0.3,0.6,.444,3.6,0.3,0.3,0.6,1.0,2.2,1.4
3,2,32,544,1.3,2.7,.486,1.3,2.7,.486,0.0,0.0,,0.6,1.3,.444,8.5,0.6,0.7,1.4,2.3,5.1,3.2
3,3,32,544,2.1,4.3,.486,2.1,4.3,.486,0.0,0.0,,0.9,2.1,.444,13.4,0.9,1.0,2.2,3.6,8.1,5.1,,79.2,97.0
3,4,32,544,6.0,.483,.486,.000,.486,60,9.1,16.6,12.8,2.7,1.0,4.1,40.5,7.7,,-0.2,0.9,0.7,.050,,-3.4,5.0,1.6
4,0,31,504,40,99,.404,32,64,.500,8,35,.229,18,31,.581,12,42,54,36,22,0,39,49,106
4,1,31,16.3,1.3,3.2,.404,1.0,2.1,.500,0.3,1.1,.229,0.6,1.0,.581,1.7,1.2,0.7,0.0,1.3,1.6,3.4
4,2,31,504,3.2,7.9,.404,2.5,5.1,.500,0.6,2.8,.229,1.4,2.5,.581,4.3,2.9,1.7,0.0,3.1,3.9,8.4
4,3,31,504,5.0,12.4,.404,4.0,8.0,.500,1.0,4.4,.229,2.3,3.9,.581,6.8,4.5,2.8,0.0,4.9,6.1,13.3,,84.1,98.2
4,4,31,504,8.0,.466,.444,.354,.313,112,2.9,10.2,6.5,14.6,2.8,0.0,25.5,16.5,,-0.2,0.8,0.6,.046,,-1.9,2.5,0.6
5,0,25,761,55,161,.342,35,96,.365,20,65,.308,21,39,.538,15,60,75,102,34,2,48,46,151
5,1,25,30.4,2.2,6.4,.342,1.4,3.8,.365,0.8,2.6,.308,0.8,1.6,.538,3.0,4.1,1.4,0.1,1.9,1.8,6.0
5,2,25,761,2.9,8.5,.342,1.8,5.0,.365,1.1,3.4,.308,1.1,2.0,.538,3.9,5.4,1.8,0.1,2.5,2.4,7.9
5,3,25,761,4.6,13.4,.342,2.9,8.0,.365,1.7,5.4,.308,1.7,3.2,.538,6.2,8.5,2.8,0.2,4.0,3.8,12.5,,90.7,98.3
5,4,25,761,10.8,.421,.404,.404,.242,187,2.4,9.6,6.0,26.9,2.8,0.3,21.1,16.3,,0.1,1.2,1.3,.068,,-0.1,2.5,2.5
6,0,26,498,36,98,.367,20,54,.370,16,44,.364,11,20,.550,8,43,51,36,13,1,21,20,99
6,1,26,19.2,1.4,3.8,.367,0.8,2.1,.370,0.6,1.7,.364,0.4,0.8,.550,2.0,1.4,0.5,0.0,0.8,0.8,3.8
6,2,26,498,2.9,7.9,.367,1.6,4.3,.370,1.3,3.5,.364,0.9,1.6,.550,4.1,2.9,1.0,0.1,1.7,1.6,8.0
6,3,26,498,4.6,12.4,.367,2.5,6.9,.370,2.0,5.6,.364,1.4,2.5,.550,6.5,4.6,1.7,0.1,2.7,2.5,12.6,,95.0,100.7
6,4,26,498,9.4,.460,.449,.449,.204,104,1.9,10.5,6.2,14.5,1.7,0.2,16.3,14.0,,0.2,0.7,0.9,.069,,-0.5,1.8,1.2
7,0,6,5,0,0,,0,0,,0,0,,0,0,,0,1,1,0,0,0,1,0,0
7,1,6,0.8,0.0,0.0,,0.0,0.0,,0.0,0.0,,0.0,0.0,,0.2,0.0,0.0,0.0,0.2,0.0,0.0
7,2,6,5,0.0,0.0,,0.0,0.0,,0.0,0.0,,0.0,0.0,,8.0,0.0,0.0,0.0,8.0,0.0,0.0
7,3,6,5,0.0,0.0,,0.0,0.0,,0.0,0.0,,0.0,0.0,,12.6,0.0,0.0,0.0,12.6,0.0,0.0,,0.0,98.9
7,4,6,5,-9.2,,,,,0,0.0,24.4,12.1,0.0,0.0,0.0,100.0,10.9,,0.0,0.0,0.0,-.161,,-16.9,1.4,-15.5
8,0,3,2,0,0,,0,0,,0,0,,1,2,.500,0,1,1,0,0,0,0,1,1
8,1,3,0.7,0.0,0.0,,0.0,0.0,,0.0,0.0,,0.3,0.7,.500,0.3,0.0,0.0,0.0,0.0,0.3,0.3
8,2,3,2,0.0,0.0,,0.0,0.0,,0.0,0.0,,20.0,40.0,.500,20.0,0.0,0.0,0.0,0.0,20.0,20.0
8,3,3,2,0.0,0.0,,0.0,0.0,,0.0,0.0,,31.6,63.2,.500,31.6,0.0,0.0,0.0,0.0,31.6,31.6,,122.2,81.0
8,4,3,2,19.0,.526,,,,1,0.0,61.0,30.3,0.0,0.0,0.0,0.0,25.8,,0.0,0.0,0.0,.283,,-6.5,-8.1,-14.6
9,0,24,219,17,59,.288,6,20,.300,11,39,.282,6,11,.545,3,12,15,4,4,2,14,24,51
9,1,24,9.1,0.7,2.5,.288,0.3,0.8,.300,0.5,1.6,.282,0.3,0.5,.545,0.6,0.2,0.2,0.1,0.6,1.0,2.1
9,2,24,219,3.1,10.8,.288,1.1,3.7,.300,2.0,7.1,.282,1.1,2.0,.545,2.7,0.7,0.7,0.4,2.6,4.4,9.3
9,3,24,219,4.9,17.0,.288,1.7,5.8,.300,3.2,11.3,.282,1.7,3.2,.545,4.3,1.2,1.2,0.6,4.0,6.9,14.7,,74.3,102.6
9,4,24,219,2.3,.397,.381,.661,.186,46,1.6,6.7,4.2,3.7,1.2,1.1,17.9,19.4,,-0.3,0.2,0.0,-.006,,-3.9,-0.3,-4.2
10,0,32,863,135,284,.475,133,276,.482,2,8,.250,80,107,.748,60,86,146,17,21,9,60,111,352
10,1,32,27.0,4.2,8.9,.475,4.2,8.6,.482,0.1,0.3,.250,2.5,3.3,.748,4.6,0.5,0.7,0.3,1.9,3.5,11.0
10,2,32,863,6.3,13.2,.475,6.2,12.8,.482,0.1,0.4,.250,3.7,5.0,.748,6.8,0.8,1.0,0.4,2.8,5.1,16.3
10,3,32,863,9.9,20.8,.475,9.7,20.2,.482,0.1,0.6,.250,5.9,7.8,.748,10.7,1.2,1.5,0.7,4.4,8.1,25.8,,100.9,99.3
10,4,32,863,15.9,.526,.479,.028,.377,325,8.4,12.2,10.3,4.8,1.5,1.2,15.2,24.9,,1.2,1.3,2.4,.113,,-0.3,0.7,0.4
11,0,5,6,0,0,,0,0,,0,0,,0,0,,0,0,0,0,0,0,2,3,0
11,1,5,1.2,0.0,0.0,,0.0,0.0,,0.0,0.0,,0.0,0.0,,0.0,0.0,0.0,0.0,0.4,0.6,0.0
11,2,5,6,0.0,0.0,,0.0,0.0,,0.0,0.0,,0.0,0.0,,0.0,0.0,0.0,0.0,13.3,20.0,0.0
11,3,5,6,0.0,0.0,,0.0,0.0,,0.0,0.0,,0.0,0.0,,0.0,0.0,0.0,0.0,21.1,31.6,0.0,,0.0,106.5
11,4,5,6,-31.3,,,,,0,0.0,0.0,0.0,0.0,0.0,0.0,100.0,18.1,,-0.1,0.0,-0.1,-.338,,-21.0,2.6,-18.4
12,0,20,575,102,246,.415,82,169,.485,20,77,.260,39,52,.750,26,73,99,45,19,5,43,37,263
12,1,20,28.8,5.1,12.3,.415,4.1,8.5,.485,1.0,3.9,.260,2.0,2.6,.750,5.0,2.3,1.0,0.3,2.2,1.9,13.2
12,2,20,575,7.1,17.1,.415,5.7,11.8,.485,1.4,5.4,.260,2.7,3.6,.750,6.9,3.1,1.3,0.3,3.0,2.6,18.3
12,3,20,575,11.2,27.0,.415,9.0,18.6,.485,2.2,8.5,.260,4.3,5.7,.750,10.9,4.9,2.1,0.5,4.7,4.1,28.9,,98.0,97.1
12,4,20,575,18.9,.486,.455,.313,.211,251,5.4,15.5,10.4,20.0,2.1,1.0,13.7,29.7,,0.7,1.0,1.7,.117,,2.6,1.9,4.5
13,0,9,114,15,25,.600,15,25,.600,0,0,,11,22,.500,15,29,44,1,2,2,12,6,41
13,1,9,12.7,1.7,2.8,.600,1.7,2.8,.600,0.0,0.0,,1.2,2.4,.500,4.9,0.1,0.2,0.2,1.3,0.7,4.6
13,2,9,114,5.3,8.8,.600,5.3,8.8,.600,0.0,0.0,,3.9,7.7,.500,15.4,0.4,0.7,0.7,4.2,2.1,14.4
13,3,9,114,8.3,13.9,.600,8.3,13.9,.600,0.0,0.0,,6.1,12.2,.500,24.4,0.6,1.1,1.1,6.7,3.3,22.7,,96.4,92.3
13,4,9,114,19.9,.578,.600,.000,.880,40,15.8,31.0,23.4,2.0,1.1,2.1,25.3,22.6,,0.1,0.2,0.3,.119,,-3.1,-0.2,-3.3
14,0,32,1080,150,369,.407,80,189,.423,70,180,.389,72,91,.791,9,106,115,72,31,7,67,54,442
14,1,32,33.8,4.7,11.5,.407,2.5,5.9,.423,2.2,5.6,.389,2.3,2.8,.791,3.6,2.3,1.0,0.2,2.1,1.7,13.8
14,2,32,1080,5.6,13.7,.407,3.0,7.0,.423,2.6,6.7,.389,2.7,3.4,.791,4.3,2.7,1.1,0.3,2.5,2.0,16.4
14,3,32,1080,8.8,21.6,.407,4.7,11.1,.423,4.1,10.5,.389,4.2,5.3,.791,6.7,4.2,1.8,0.4,3.9,3.2,25.9,,104.5,99.4
14,4,32,1080,16.7,.536,.501,.488,.247,402,1.0,12.0,6.5,15.5,1.8,0.8,14.0,24.1,,1.8,1.6,3.4,.126,,3.6,1.3,4.9
15,0,32,692,118,206,.573,118,206,.573,0,0,,54,89,.607,78,99,177,10,13,14,48,95,290
15,1,32,21.6,3.7,6.4,.573,3.7,6.4,.573,0.0,0.0,,1.7,2.8,.607,5.5,0.3,0.4,0.4,1.5,3.0,9.1
15,2,32,692,6.8,11.9,.573,6.8,11.9,.573,0.0,0.0,,3.1,5.1,.607,10.2,0.6,0.8,0.8,2.8,5.5,16.8
15,3,32,692,10.8,18.8,.573,10.8,18.8,.573,0.0,0.0,,4.9,8.1,.607,16.2,0.9,1.2,1.3,4.4,8.7,26.5,,108.7,97.2
15,4,32,692,20.6,.584,.573,.000,.432,270,13.6,17.5,15.5,3.6,1.2,2.4,16.2,23.3,,1.5,1.1,2.7,.154,,1.4,0.9,2.3
