0,0,30,412,45,119,.378,17,32,.531,28,87,.322,14,16,.875,5,18,23,15,8,4,17,38,132
0,1,30,13.7,1.5,4.0,.378,0.6,1.1,.531,0.9,2.9,.322,0.5,0.5,.875,0.8,0.5,0.3,0.1,0.6,1.3,4.4
0,2,30,412,4.4,11.6,.378,1.7,3.1,.531,2.7,8.4,.322,1.4,1.6,.875,2.2,1.5,0.8,0.4,1.7,3.7,12.8
0,3,30,412,6.8,18.0,.378,2.6,4.8,.531,4.2,13.2,.322,2.1,2.4,.875,3.5,2.3,1.2,0.6,2.6,5.7,20.0,,103.6,102.9
0,4,30,412,9.9,.521,.496,.731,.134,113,1.5,5.0,3.3,7.4,1.2,1.3,11.8,18.5,,0.5,0.5,1.0,.093,,1.9,0.2,2.0
1,0,1,2,0,3,.000,0,3,.000,0,0,,0,0,,0,1,1,0,0,1,0,0,0
1,1,1,2.0,0.0,3.0,.000,0.0,3.0,.000,0.0,0.0,,0.0,0.0,,1.0,0.0,0.0,1.0,0.0,0.0,0.0
1,2,1,2,0.0,60.0,.000,0.0,60.0,.000,0.0,0.0,,0.0,0.0,,20.0,0.0,0.0,20.0,0.0,0.0,0.0
1,3,1,2,0.0,93.5,.000,0.0,93.5,.000,0.0,0.0,,0.0,0.0,,31.2,0.0,0.0,31.2,0.0,0.0,0.0,,0.0,52.2
1,4,1,2,-36.7,.000,.000,.000,.000,0,0.0,57.8,29.6,0.0,0.0,66.1,0.0,79.7,,-0.1,0.0,0.0,-.797,,-68.8,16.1,-52.7
2,0,31,968,102,214,.477,76,148,.514,26,66,.394,63,91,.692,24,123,147,173,64,2,95,65,293
2,1,31,31.2,3.3,6.9,.477,2.5,4.8,.514,0.8,2.1,.394,2.0,2.9,.692,4.7,5.6,2.1,0.1,3.1,2.1,9.5
2,2,31,968,4.2,8.8,.477,3.1,6.1,.514,1.1,2.7,.394,2.6,3.8,.692,6.1,7.1,2.6,0.1,3.9,2.7,12.1
2,3,31,968,6.6,13.8,.477,4.9,9.5,.514,1.7,4.2,.394,4.1,5.9,.692,9.5,11.1,4.1,0.1,6.1,4.2,18.9,,104.8,92.6
2,4,31,968,18.8,.570,.537,.308,.425,343,3.0,14.7,9.0,36.2,4.1,0.3,27.0,19.3,,1.5,2.1,3.6,.149,,3.8,4.7,8.5
3,0,3,5,1,1,1.000,0,0,,1,1,1.000,0,0,,0,0,0,0,0,0,0,2,3
3,1,3,1.7,0.3,0.3,1.000,0.0,0.0,,0.3,0.3,1.000,0.0,0.0,,0.0,0.0,0.0,0.0,0.0,0.7,1.0
3,2,3,5,8.0,8.0,1.000,0.0,0.0,,8.0,8.0,1.000,0.0,0.0,,0.0,0.0,0.0,0.0,0.0,16.0,24.0
3,3,3,5,12.5,12.5,1.000,0.0,0.0,,12.5,12.5,1.000,0.0,0.0,,0.0,0.0,0.0,0.0,0.0,24.9,37.4,,300.0,106.6
3,4,3,5,27.1,1.500,1.500,1.000,.000,1,0.0,0.0,0.0,0.0,0.0,0.0,0.0,10.6,,0.0,0.0,0.0,.183,,17.3,-3.2,14.1
4,0,6,9,1,3,.333,1,2,.500,0,1,.000,0,0,,0,0,0,2,0,0,2,1,2
4,1,6,1.5,0.2,0.5,.333,0.2,0.3,.500,0.0,0.2,.000,0.0,0.0,,0.0,0.3,0.0,0.0,0.3,0.2,0.3
4,2,6,9,4.4,13.3,.333,4.4,8.9,.500,0.0,4.4,.000,0.0,0.0,,0.0,8.9,0.0,0.0,8.9,4.4,8.9
4,3,6,9,6.9,20.8,.333,6.9,13.8,.500,0.0,6.9,.000,0.0,0.0,,0.0,13.8,0.0,0.0,13.8,6.9,13.8,,59.9,108.4
4,4,6,9,-5.3,.333,.333,.333,.000,3,0.0,0.0,0.0,45.6,0.0,0.0,40.0,29.5,,0.0,0.0,0.0,-.158,,-13.4,-9.8,-23.2
5,0,24,236,29,87,.333,13,36,.361,16,51,.314,14,21,.667,11,29,40,4,3,5,16,22,88
5,1,24,9.8,1.2,3.6,.333,0.5,1.5,.361,0.7,2.1,.314,0.6,0.9,.667,1.7,0.2,0.1,0.2,0.7,0.9,3.7
5,2,24,236,4.9,14.7,.333,2.2,6.1,.361,2.7,8.6,.314,2.4,3.6,.667,6.8,0.7,0.5,0.8,2.7,3.7,14.9
5,3,24,236,7.7,23.0,.333,3.4,9.5,.361,4.2,13.5,.314,3.7,5.5,.667,10.6,1.1,0.8,1.3,4.2,5.8,23.2,,89.7,98.9
5,4,24,236,9.8,.454,.425,.586,.241,78,5.7,14.2,10.0,3.6,0.8,2.8,14.2,25.4,,0.0,0.4,0.4,.063,,-1.8,-0.4,-2.2
6,0,31,741,61,125,.488,46,86,.535,15,39,.385,35,45,.778,11,42,53,53,15,4,29,62,172
6,1,31,23.9,2.0,4.0,.488,1.5,2.8,.535,0.5,1.3,.385,1.1,1.5,.778,1.7,1.7,0.5,0.1,0.9,2.0,5.5
6,2,31,741,3.3,6.7,.488,2.5,4.6,.535,0.8,2.1,.385,1.9,2.4,.778,2.9,2.9,0.8,0.2,1.6,3.3,9.3
6,3,31,741,5.1,10.5,.488,3.9,7.2,.535,1.3,3.3,.385,2.9,3.8,.778,4.5,4.5,1.3,0.3,2.4,5.2,14.5,,114.6,102.4
6,4,31,741,10.9,.588,.548,.312,.360,169,1.8,6.5,4.2,13.9,1.3,0.7,16.5,12.6,,1.1,0.9,2.0,.110,,1.8,2.0,3.8
7,0,26,845,125,300,.417,63,145,.434,62,155,.400,72,112,.643,22,76,98,55,17,16,50,42,384
7,1,26,32.5,4.8,11.5,.417,2.4,5.6,.434,2.4,6.0,.400,2.8,4.3,.643,3.8,2.1,0.7,0.6,1.9,1.6,14.8
7,2,26,845,5.9,14.2,.417,3.0,6.9,.434,2.9,7.3,.400,3.4,5.3,.643,4.6,2.6,0.8,0.8,2.4,2.0,18.2
7,3,26,845,9.2,22.1,.417,4.6,10.7,.434,4.6,11.4,.400,5.3,8.3,.643,7.2,4.1,1.3,1.2,3.7,3.1,28.3,,108.4,100.0
7,4,26,845,17.9,.544,.520,.517,.373,343,3.2,10.4,6.9,14.4,1.3,2.5,12.4,25.4,,1.8,1.3,3.0,.143,,4.7,1.9,6.6
8,0,11,65,6,11,.545,6,11,.545,0,0,,2,2,1.000,4,5,9,3,1,2,5,10,14
8,1,11,5.9,0.5,1.0,.545,0.5,1.0,.545,0.0,0.0,,0.2,0.2,1.000,0.8,0.3,0.1,0.2,0.5,0.9,1.3
8,2,11,65,3.7,6.8,.545,3.7,6.8,.545,0.0,0.0,,1.2,1.2,1.000,5.5,1.8,0.6,1.2,3.1,6.2,8.6
8,3,11,65,5.8,10.5,.545,5.8,10.5,.545,0.0,0.0,,1.9,1.9,1.000,8.6,2.9,1.0,1.9,4.8,9.6,13.4,,96.1,100.0
8,4,11,65,9.0,.586,.545,.000,.182,15,7.5,8.9,8.2,9.1,1.0,4.1,29.5,13.9,,0.0,0.1,0.1,.077,,-1.6,4.0,2.4
9,0,13,56,7,20,.350,6,14,.429,1,6,.167,3,5,.600,0,3,3,1,0,0,2,8,18
9,1,13,4.3,0.5,1.5,.350,0.5,1.1,.429,0.1,0.5,.167,0.2,0.4,.600,0.2,0.1,0.0,0.0,0.2,0.6,1.4
9,2,13,56,5.0,14.3,.350,4.3,10.0,.429,0.7,4.3,.167,2.1,3.6,.600,2.1,0.7,0.0,0.0,1.4,5.7,12.9
9,3,13,56,7.8,22.3,.350,6.7,15.6,.429,1.1,6.7,.167,3.3,5.6,.600,3.3,1.1,0.0,0.0,2.2,8.9,20.0,,84.3,105.4
9,4,13,56,2.9,.402,.375,.300,.250,15,0.0,6.2,3.2,3.8,0.0,0.0,8.2,23.1,,0.0,0.1,0.0,.017,,-4.9,-2.9,-7.8
10,0,29,824,133,301,.442,124,266,.466,9,35,.257,110,151,.728,55,136,191,23,28,17,42,75,385
10,1,29,28.4,4.6,10.4,.442,4.3,9.2,.466,0.3,1.2,.257,3.8,5.2,.728,6.6,0.8,1.0,0.6,1.4,2.6,13.3
10,2,29,824,6.5,14.6,.442,6.0,12.9,.466,0.4,1.7,.257,5.3,7.3,.728,9.3,1.1,1.4,0.8,2.0,3.6,18.7
10,3,29,824,10.1,22.8,.442,9.4,20.1,.466,0.7,2.6,.257,8.3,11.4,.728,14.4,1.7,2.1,1.3,3.2,5.7,29.1,,108.4,93.8
10,4,29,824,20.7,.516,.457,.116,.502,352,8.1,19.1,13.7,6.4,2.1,2.7,10.1,26.7,,1.8,1.7,3.5,.172,,1.1,2.6,3.7
11,0,23,255,24,38,.632,24,37,.649,0,1,.000,10,25,.400,33,40,73,5,1,8,18,59,58
11,1,23,11.1,1.0,1.7,.632,1.0,1.6,.649,0.0,0.0,.000,0.4,1.1,.400,3.2,0.2,0.0,0.3,0.8,2.6,2.5
11,2,23,255,3.8,6.0,.632,3.8,5.8,.649,0.0,0.2,.000,1.6,3.9,.400,11.5,0.8,0.2,1.3,2.8,9.3,9.1
11,3,23,255,5.9,9.3,.632,5.9,9.0,.649,0.0,0.2,.000,2.4,6.1,.400,17.8,1.2,0.2,2.0,4.4,14.4,14.2,,101.1,96.9
11,4,23,255,11.2,.581,.632,.026,.658,63,15.7,18.1,16.9,3.9,0.2,4.1,26.5,14.1,,0.2,0.5,0.7,.105,,-0.5,3.1,2.6
12,0,31,741,111,176,.631,111,176,.631,0,0,,53,88,.602,74,123,197,35,17,12,31,72,275
12,1,31,23.9,3.6,5.7,.631,3.6,5.7,.631,0.0,0.0,,1.7,2.8,.602,6.4,1.1,0.5,0.4,1.0,2.3,8.9
12,2,31,741,6.0,9.5,.631,6.0,9.5,.631,0.0,0.0,,2.9,4.8,.602,10.6,1.9,0.9,0.6,1.7,3.9,14.8
12,3,31,741,9.3,14.8,.631,9.3,14.8,.631,0.0,0.0,,4.5,7.4,.602,16.6,2.9,1.4,1.0,2.6,6.1,23.1,,125.7,95.5
12,4,31,741,22.5,.631,.631,.000,.500,265,12.1,19.2,15.7,10.5,1.4,2.1,12.5,17.8,,2.3,1.4,3.7,.200,,4.9,3.9,8.7
13,0,30,549,53,135,.393,45,107,.421,8,28,.286,15,29,.517,12,52,64,71,14,2,46,44,129
13,1,30,18.3,1.8,4.5,.393,1.5,3.6,.421,0.3,0.9,.286,0.5,1.0,.517,2.1,2.4,0.5,0.1,1.5,1.5,4.3
13,2,30,549,3.9,9.8,.393,3.3,7.8,.421,0.6,2.0,.286,1.1,2.1,.517,4.7,5.2,1.0,0.1,3.4,3.2,9.4
13,3,30,549,6.0,15.3,.393,5.1,12.1,.421,0.9,3.2,.286,1.7,3.3,.517,7.3,8.1,1.6,0.2,5.2,5.0,14.6,,87.1,99.8
13,4,30,549,8.6,.434,.422,.207,.215,149,2.6,10.9,6.9,25.8,1.6,0.5,23.6,18.9,,-0.1,0.8,0.7,.050,,-2.0,1.9,-0.1
14,0,21,261,33,71,.465,29,54,.537,4,17,.235,19,32,.594,19,41,60,6,4,9,18,37,89
14,1,21,12.4,1.6,3.4,.465,1.4,2.6,.537,0.2,0.8,.235,0.9,1.5,.594,2.9,0.3,0.2,0.4,0.9,1.8,4.2
14,2,21,261,5.1,10.9,.465,4.4,8.3,.537,0.6,2.6,.235,2.9,4.9,.594,9.2,0.9,0.6,1.4,2.8,5.7,13.6
14,3,21,261,7.9,17.0,.465,6.9,12.9,.537,1.0,4.1,.235,4.5,7.6,.594,14.3,1.4,1.0,2.1,4.3,8.8,21.2,,97.8,95.7
14,4,21,261,13.7,.516,.493,.239,.451,83,8.8,18.1,13.6,4.9,1.0,4.6,17.3,21.2,,0.2,0.5,0.7,.107,,-1.2,2.8,1.6
15,0,27,279,17,61,.279,17,56,.304,0,5,.000,7,19,.368,21,33,54,5,6,10,10,33,41
15,1,27,10.3,0.6,2.3,.279,0.6,2.1,.304,0.0,0.2,.000,0.3,0.7,.368,2.0,0.2,0.2,0.4,0.4,1.2,1.5
15,2,27,279,2.4,8.7,.279,2.4,8.0,.304,0.0,0.7,.000,1.0,2.7,.368,7.7,0.7,0.9,1.4,1.4,4.7,5.9
15,3,27,279,3.8,13.6,.279,3.8,12.5,.304,0.0,1.1,.000,1.6,4.2,.368,12.1,1.1,1.3,2.2,2.2,7.4,9.2,,73.6,96.9
15,4,27,279,4.7,.293,.279,.082,.311,48,9.1,13.7,11.4,3.3,1.3,4.7,12.5,15.2,,-0.3,0.5,0.2,.025,,-5.4,4.0,-1.4
16,0,1,1,0,0,,0,0,,0,0,,0,0,,0,0,0,0,0,0,0,0,0
16,1,1,1.0,0.0,0.0,,0.0,0.0,,0.0,0.0,,0.0,0.0,,0.0,0.0,0.0,0.0,0.0,0.0,0.0
16,2,1,1,0.0,0.0,,0.0,0.0,,0.0,0.0,,0.0,0.0,,0.0,0.0,0.0,0.0,0.0,0.0,0.0
16,3,1,1,0.0,0.0,,0.0,0.0,,0.0,0.0,,0.0,0.0,,0.0,0.0,0.0,0.0,0.0,0.0,0.0,,,109.0
16,4,1,1,0.0,,,,,0,0.0,0.0,0.0,0.0,0.0,0.0,,0.0,,0.0,0.0,0.0,.025,,-3.3,2.9,-0.4
