0,0,27,283,41,67,.612,41,66,.621,0,1,.000,13,19,.684,20,59,79,17,8,3,18,43,95
0,1,27,10.5,1.5,2.5,.612,1.5,2.4,.621,0.0,0.0,.000,0.5,0.7,.684,2.9,0.6,0.3,0.1,0.7,1.6,3.5
0,2,27,283,5.8,9.5,.612,5.8,9.3,.621,0.0,0.1,.000,1.8,2.7,.684,11.2,2.4,1.1,0.4,2.5,6.1,13.4
0,3,27,283,9.2,15.0,.612,9.2,14.7,.621,0.0,0.2,.000,2.9,4.2,.684,17.6,3.8,1.8,0.7,4.0,9.6,21.2,,113.4,100.6
0,4,27,283,18.9,.625,.612,.015,.284,93,8.8,27.0,17.7,14.5,1.8,1.3,19.1,18.1,,0.5,0.5,1.0,.140,,-1.1,1.0,-0.1
1,0,24,196,8,51,.157,4,11,.364,4,40,.100,3,7,.429,2,14,16,15,2,0,9,18,23
1,1,24,8.2,0.3,2.1,.157,0.2,0.5,.364,0.2,1.7,.100,0.1,0.3,.429,0.7,0.6,0.1,0.0,0.4,0.8,1.0
1,2,24,196,1.6,10.4,.157,0.8,2.2,.364,0.8,8.2,.100,0.6,1.4,.429,3.3,3.1,0.4,0.0,1.8,3.7,4.7
1,3,24,196,2.6,16.4,.157,1.3,3.5,.364,1.3,12.9,.100,1.0,2.3,.429,5.2,4.8,0.6,0.0,2.9,5.8,7.4,,56.3,110.5
1,4,24,196,-2.9,.212,.196,.784,.137,29,1.3,9.3,5.2,14.7,0.6,0.0,14.2,17.6,,-0.5,0.1,-0.4,-.083,,-8.5,-3.5,-12.0
2,0,29,820,94,206,.456,71,130,.546,23,76,.303,33,53,.623,12,58,70,47,36,3,37,77,244
2,1,29,28.3,3.2,7.1,.456,2.4,4.5,.546,0.8,2.6,.303,1.1,1.8,.623,2.4,1.6,1.2,0.1,1.3,2.7,8.4
2,2,29,820,4.6,10.0,.456,3.5,6.3,.546,1.1,3.7,.303,1.6,2.6,.623,3.4,2.3,1.8,0.1,1.8,3.8,11.9
2,3,29,820,7.2,15.9,.456,5.5,10.0,.546,1.8,5.9,.303,2.5,4.1,.623,5.4,3.6,2.8,0.2,2.9,5.9,18.8,,103.9,105.5
2,4,29,820,12.5,.528,.512,.369,.257,228,1.8,9.2,5.4,12.9,2.8,0.4,13.8,17.8,,0.8,1.0,1.8,.086,,-0.8,-0.1,-0.9
3,0,23,260,16,43,.372,8,23,.348,8,20,.400,8,15,.533,4,16,20,21,9,0,15,15,48
3,1,23,11.3,0.7,1.9,.372,0.3,1.0,.348,0.3,0.9,.400,0.3,0.7,.533,0.9,0.9,0.4,0.0,0.7,0.7,2.1
3,2,23,260,2.5,6.6,.372,1.2,3.5,.348,1.2,3.1,.400,1.2,2.3,.533,3.1,3.2,1.4,0.0,2.3,2.3,7.4
3,3,23,260,3.9,10.4,.372,1.9,5.6,.348,1.9,4.9,.400,1.9,3.6,.533,4.9,5.1,2.2,0.0,3.6,3.6,11.7,,91.7,107.7
3,4,23,260,7.7,.479,.465,.465,.349,53,1.9,8.0,4.9,16.2,2.2,0.0,23.0,13.6,,0.0,0.3,0.3,.039,,-3.9,-1.2,-5.1
4,0,31,741,118,216,.546,118,216,.546,0,0,,40,70,.571,61,95,156,38,18,20,51,82,276
4,1,31,23.9,3.8,7.0,.546,3.8,7.0,.546,0.0,0.0,,1.3,2.3,.571,5.0,1.2,0.6,0.6,1.6,2.6,8.9
4,2,31,741,6.4,11.7,.546,6.4,11.7,.546,0.0,0.0,,2.2,3.8,.571,8.4,2.1,1.0,1.1,2.8,4.4,14.9
4,3,31,741,10.1,18.4,.546,10.1,18.4,.546,0.0,0.0,,3.4,6.0,.571,13.3,3.2,1.5,1.7,4.3,7.0,23.5,,105.3,104.0
4,4,31,741,18.1,.554,.546,.000,.324,271,10.2,16.6,13.4,12.8,1.5,3.3,17.0,22.0,,1.0,1.0,2.0,.108,,-1.1,1.3,0.2
5,0,30,638,66,154,.429,38,79,.481,28,75,.373,25,44,.568,25,57,82,25,19,14,41,60,185
5,1,30,21.3,2.2,5.1,.429,1.3,2.6,.481,0.9,2.5,.373,0.8,1.5,.568,2.7,0.8,0.6,0.5,1.4,2.0,6.2
5,2,30,638,4.1,9.7,.429,2.4,5.0,.481,1.8,4.7,.373,1.6,2.8,.568,5.1,1.6,1.2,0.9,2.6,3.8,11.6
5,3,30,638,6.5,15.2,.429,3.8,7.8,.481,2.8,7.4,.373,2.5,4.4,.568,8.1,2.5,1.9,1.4,4.1,5.9,18.3,,97.0,105.4
5,4,30,638,11.5,.529,.519,.487,.286,174,4.9,11.6,8.2,8.6,1.9,2.7,19.0,18.4,,0.3,0.8,1.0,.065,,-2.0,0.4,-1.6
6,0,31,910,67,188,.356,40,105,.381,27,83,.325,48,63,.762,10,60,70,55,19,1,36,31,209
6,1,31,29.4,2.2,6.1,.356,1.3,3.4,.381,0.9,2.7,.325,1.5,2.0,.762,2.3,1.8,0.6,0.0,1.2,1.0,6.7
6,2,31,910,2.9,8.3,.356,1.8,4.6,.381,1.2,3.6,.325,2.1,2.8,.762,3.1,2.4,0.8,0.0,1.6,1.4,9.2
6,3,31,910,4.7,13.0,.356,2.8,7.3,.381,1.9,5.8,.325,3.3,4.4,.762,4.9,3.8,1.3,0.1,2.5,2.2,14.5,,99.6,109.5
6,4,31,910,9.0,.480,.428,.441,.335,209,1.4,8.6,4.9,12.4,1.3,0.1,14.2,15.2,,0.5,0.8,1.2,.054,,-2.5,-1.3,-3.7
7,0,30,568,60,147,.408,28,56,.500,32,91,.352,29,42,.690,18,49,67,20,9,6,26,36,181
7,1,30,18.9,2.0,4.9,.408,0.9,1.9,.500,1.1,3.0,.352,1.0,1.4,.690,2.2,0.7,0.3,0.2,0.9,1.2,6.0
7,2,30,568,4.2,10.4,.408,2.0,3.9,.500,2.3,6.4,.352,2.0,3.0,.690,4.7,1.4,0.6,0.4,1.8,2.5,12.7
7,3,30,568,6.7,16.3,.408,3.1,6.2,.500,3.6,10.1,.352,3.2,4.7,.690,7.5,2.2,1.0,0.7,2.9,4.0,20.1,,106.4,108.5
7,4,30,568,12.4,.542,.517,.619,.286,165,3.9,11.2,7.5,7.8,1.0,1.3,13.5,18.5,,0.7,0.5,1.2,.084,,-0.6,-1.9,-2.5
8,0,6,11,0,5,.000,0,3,.000,0,2,.000,0,2,.000,0,0,0,0,0,0,0,0,0
8,1,6,1.8,0.0,0.8,.000,0.0,0.5,.000,0.0,0.3,.000,0.0,0.3,.000,0.0,0.0,0.0,0.0,0.0,0.0,0.0
8,2,6,11,0.0,18.2,.000,0.0,10.9,.000,0.0,7.3,.000,0.0,7.3,.000,0.0,0.0,0.0,0.0,0.0,0.0,0.0
8,3,6,11,0.0,28.7,.000,0.0,17.2,.000,0.0,11.5,.000,0.0,11.5,.000,0.0,0.0,0.0,0.0,0.0,0.0,0.0,,0.0,115.8
8,4,6,11,-25.4,.000,.000,.400,.400,0,0.0,0.0,0.0,0.0,0.0,0.0,0.0,29.4,,-0.1,0.0,-0.1,-.404,,-23.3,-9.3,-32.5
9,0,19,146,12,22,.545,12,22,.545,0,0,,5,8,.625,15,14,29,6,1,7,8,11,29
9,1,19,7.7,0.6,1.2,.545,0.6,1.2,.545,0.0,0.0,,0.3,0.4,.625,1.5,0.3,0.1,0.4,0.4,0.6,1.5
9,2,19,146,3.3,6.0,.545,3.3,6.0,.545,0.0,0.0,,1.4,2.2,.625,7.9,1.6,0.3,1.9,2.2,3.0,7.9
9,3,19,146,5.2,9.5,.545,5.2,9.5,.545,0.0,0.0,,2.2,3.5,.625,12.5,2.6,0.4,3.0,3.5,4.8,12.5,,106.4,106.7
9,4,19,146,13.3,.562,.545,.000,.364,34,12.8,12.4,12.6,8.6,0.4,5.8,23.7,12.6,,0.1,0.2,0.3,.081,,-3.1,1.9,-1.2
10,0,31,442,22,62,.355,14,35,.400,8,27,.296,5,10,.500,1,44,45,39,26,2,31,62,57
10,1,31,14.3,0.7,2.0,.355,0.5,1.1,.400,0.3,0.9,.296,0.2,0.3,.500,1.5,1.3,0.8,0.1,1.0,2.0,1.8
10,2,31,442,2.0,5.6,.355,1.3,3.2,.400,0.7,2.4,.296,0.5,0.9,.500,4.1,3.5,2.4,0.2,2.8,5.6,5.2
10,3,31,442,3.1,8.9,.355,2.0,5.0,.400,1.1,3.9,.296,0.7,1.4,.500,6.4,5.6,3.7,0.3,4.4,8.9,8.1,,76.3,101.7
10,4,31,442,5.4,.427,.419,.435,.161,68,0.3,12.9,6.5,17.3,3.7,0.5,31.7,12.0,,-0.4,0.7,0.3,.024,,-5.6,1.7,-3.9
11,0,28,410,43,93,.462,43,91,.473,0,2,.000,43,66,.652,40,58,98,15,4,10,27,45,129
11,1,28,14.6,1.5,3.3,.462,1.5,3.3,.473,0.0,0.1,.000,1.5,2.4,.652,3.5,0.5,0.1,0.4,1.0,1.6,4.6
11,2,28,410,4.2,9.1,.462,4.2,8.9,.473,0.0,0.2,.000,4.2,6.4,.652,9.6,1.5,0.4,1.0,2.6,4.4,12.6
11,3,28,410,6.6,14.3,.462,6.6,14.0,.473,0.0,0.3,.000,6.6,10.2,.652,15.1,2.3,0.6,1.5,4.2,6.9,19.9,,103.0,105.6
11,4,28,410,14.8,.519,.462,.022,.710,136,12.1,18.3,15.2,8.0,0.6,3.0,17.8,20.1,,0.4,0.5,0.9,.090,,-3.4,-0.4,-3.8
12,0,7,14,0,0,,0,0,,0,0,,0,0,,0,1,1,1,0,0,1,1,0
12,1,7,2.0,0.0,0.0,,0.0,0.0,,0.0,0.0,,0.0,0.0,,0.1,0.1,0.0,0.0,0.1,0.1,0.0
12,2,7,14,0.0,0.0,,0.0,0.0,,0.0,0.0,,0.0,0.0,,2.9,2.9,0.0,0.0,2.9,2.9,0.0
12,3,7,14,0.0,0.0,,0.0,0.0,,0.0,0.0,,0.0,0.0,,4.5,4.5,0.0,0.0,4.5,4.5,0.0,,39.8,112.1
12,4,7,14,-1.6,,,,,0,0.0,9.3,4.5,12.8,0.0,0.0,100.0,3.9,,0.0,0.0,0.0,-.031,,-9.9,-0.3,-10.3
13,0,29,786,150,350,.429,135,293,.461,15,57,.263,112,150,.747,56,123,179,45,31,21,116,80,427
13,1,29,27.1,5.2,12.1,.429,4.7,10.1,.461,0.5,2.0,.263,3.9,5.2,.747,6.2,1.6,1.1,0.7,4.0,2.8,14.7
13,2,29,786,7.6,17.8,.429,6.9,14.9,.461,0.8,2.9,.263,5.7,7.6,.747,9.1,2.3,1.6,1.1,5.9,4.1,21.7
13,3,29,786,12.1,28.1,.429,10.8,23.5,.461,1.2,4.6,.263,9.0,12.1,.747,14.4,3.6,2.5,1.7,9.3,6.4,34.3,,90.9,100.6
13,4,29,786,18.4,.507,.450,.163,.429,408,8.9,20.3,14.5,15.5,2.5,3.2,21.6,37.2,,-0.2,1.3,1.1,.058,,-3.4,0.8,-2.6
