0,0,32,252,19,59,.322,14,37,.378,5,22,.227,23,36,.639,10,20,30,10,8,1,7,22,66
0,1,32,7.9,0.6,1.8,.322,0.4,1.2,.378,0.2,0.7,.227,0.7,1.1,.639,0.9,0.3,0.3,0.0,0.2,0.7,2.1
0,2,32,252,3.0,9.4,.322,2.2,5.9,.378,0.8,3.5,.227,3.7,5.7,.639,4.8,1.6,1.3,0.2,1.1,3.5,10.5
0,3,32,252,4.2,13.1,.322,3.1,8.2,.378,1.1,4.9,.227,5.1,8.0,.639,6.7,2.2,1.8,0.2,1.6,4.9,14.6,,97.6,108.9
0,4,32,252,9.6,.434,.364,.373,.610,68,4.3,9.1,6.6,7.5,1.8,0.4,8.4,16.1,,0.2,0.1,0.3,.047,,-2.0,-3.0,-5.0
1,0,33,770,80,207,.386,54,129,.419,26,78,.333,28,56,.500,29,43,72,39,51,5,36,65,214
1,1,33,23.3,2.4,6.3,.386,1.6,3.9,.419,0.8,2.4,.333,0.8,1.7,.500,2.2,1.2,1.5,0.2,1.1,2.0,6.5
1,2,33,770,4.2,10.8,.386,2.8,6.7,.419,1.4,4.1,.333,1.5,2.9,.500,3.7,2.0,2.6,0.3,1.9,3.4,11.1
1,3,33,770,5.8,15.0,.386,3.9,9.4,.419,1.9,5.7,.333,2.0,4.1,.500,5.2,2.8,3.7,0.4,2.6,4.7,15.5,,93.4,105.6
1,4,33,770,11.3,.458,.449,.377,.271,213,4.1,6.4,5.2,10.1,3.7,0.7,13.4,17.1,,0.3,0.6,0.9,.048,,-0.5,-0.5,-1.0
2,0,32,245,13,31,.419,13,25,.520,0,6,.000,14,28,.500,3,22,25,17,4,0,7,20,40
2,1,32,7.7,0.4,1.0,.419,0.4,0.8,.520,0.0,0.2,.000,0.4,0.9,.500,0.8,0.5,0.1,0.0,0.2,0.6,1.3
2,2,32,245,2.1,5.1,.419,2.1,4.1,.520,0.0,1.0,.000,2.3,4.6,.500,4.1,2.8,0.7,0.0,1.1,3.3,6.5
2,3,32,245,3.0,7.1,.419,3.0,5.7,.520,0.0,1.4,.000,3.2,6.4,.500,5.7,3.9,0.9,0.0,1.6,4.6,9.1,,98.1,110.6
2,4,32,245,6.9,.451,.419,.194,.903,45,1.3,10.3,5.7,12.5,0.9,0.0,13.6,10.3,,0.1,0.1,0.2,.032,,-3.2,-2.7,-5.9
3,0,34,883,70,191,.366,48,123,.390,22,68,.324,56,72,.778,5,79,84,90,26,1,60,43,218
3,1,34,26.0,2.1,5.6,.366,1.4,3.6,.390,0.6,2.0,.324,1.6,2.1,.778,2.5,2.6,0.8,0.0,1.8,1.3,6.4
3,2,34,883,3.2,8.7,.366,2.2,5.6,.390,1.0,3.1,.324,2.5,3.3,.778,3.8,4.1,1.2,0.0,2.7,1.9,9.9
3,3,34,883,4.4,12.1,.366,3.0,7.8,.390,1.4,4.3,.324,3.5,4.6,.778,5.3,5.7,1.6,0.1,3.8,2.7,13.8,,93.3,109.1
3,4,34,883,9.6,.484,.424,.356,.377,235,0.6,10.3,5.3,19.3,1.6,0.1,21.0,15.8,,0.3,0.4,0.7,.034,,-1.9,-2.3,-4.2
4,0,20,142,11,35,.314,6,20,.300,5,15,.333,0,2,.000,7,10,17,4,2,1,9,28,27
4,1,20,7.1,0.6,1.8,.314,0.3,1.0,.300,0.3,0.8,.333,0.0,0.1,.000,0.9,0.2,0.1,0.1,0.5,1.4,1.4
4,2,20,142,3.1,9.9,.314,1.7,5.6,.300,1.4,4.2,.333,0.0,0.6,.000,4.8,1.1,0.6,0.3,2.5,7.9,7.6
4,3,20,142,4.3,13.8,.314,2.4,7.9,.300,2.0,5.9,.333,0.0,0.8,.000,6.7,1.6,0.8,0.4,3.5,11.0,10.6,,73.3,110.9
4,4,20,142,1.1,.376,.386,.429,.057,28,5.3,8.1,6.6,5.3,0.8,0.7,20.0,15.5,,-0.2,0.0,-0.1,-.034,,-5.3,-3.3,-8.6
5,0,31,500,58,123,.472,19,37,.514,39,86,.453,7,8,.875,13,35,48,18,5,1,9,35,162
5,1,31,16.1,1.9,4.0,.472,0.6,1.2,.514,1.3,2.8,.453,0.2,0.3,.875,1.5,0.6,0.2,0.0,0.3,1.1,5.2
5,2,31,500,4.6,9.8,.472,1.5,3.0,.514,3.1,6.9,.453,0.6,0.6,.875,3.8,1.4,0.4,0.1,0.7,2.8,13.0
5,3,31,500,6.5,13.7,.472,2.1,4.1,.514,4.4,9.6,.453,0.8,0.9,.875,5.4,2.0,0.6,0.1,1.0,3.9,18.1,,128.5,112.2
5,4,31,500,13.8,.639,.630,.699,.065,140,2.8,8.0,5.3,7.3,0.6,0.2,6.6,13.3,,1.2,0.1,1.3,.103,,3.1,-4.0,-0.9
6,0,34,614,60,155,.387,27,61,.443,33,94,.351,21,36,.583,12,41,53,89,52,1,49,51,174
6,1,34,18.1,1.8,4.6,.387,0.8,1.8,.443,1.0,2.8,.351,0.6,1.1,.583,1.6,2.6,1.5,0.0,1.4,1.5,5.1
6,2,34,614,3.9,10.1,.387,1.8,4.0,.443,2.1,6.1,.351,1.4,2.3,.583,3.5,5.8,3.4,0.1,3.2,3.3,11.3
6,3,34,614,5.5,14.1,.387,2.5,5.5,.443,3.0,8.6,.351,1.9,3.3,.583,4.8,8.1,4.7,0.1,4.5,4.6,15.8,,97.7,103.1
6,4,34,614,14.6,.506,.494,.606,.232,198,2.1,7.7,4.8,28.4,4.7,0.2,22.2,17.6,,0.5,0.6,1.1,.075,,1.2,-1.2,-0.1
7,0,33,772,91,214,.425,58,108,.537,33,106,.311,53,64,.828,36,64,100,23,26,12,48,78,268
7,1,33,23.4,2.8,6.5,.425,1.8,3.3,.537,1.0,3.2,.311,1.6,1.9,.828,3.0,0.7,0.8,0.4,1.5,2.4,8.1
7,2,33,772,4.7,11.1,.425,3.0,5.6,.537,1.7,5.5,.311,2.7,3.3,.828,5.2,1.2,1.3,0.6,2.5,4.0,13.9
7,3,33,772,6.6,15.5,.425,4.2,7.8,.537,2.4,7.7,.311,3.8,4.6,.828,7.2,1.7,1.9,0.9,3.5,5.6,19.4,,102.3,107.9
7,4,33,772,13.0,.548,.502,.495,.299,251,5.0,9.5,7.2,6.1,1.9,1.6,16.4,18.5,,0.9,0.4,1.4,.071,,0.6,-1.8,-1.3
8,0,3,4,0,0,,0,0,,0,0,,0,0,,1,2,3,0,0,0,2,1,0
8,1,3,1.3,0.0,0.0,,0.0,0.0,,0.0,0.0,,0.0,0.0,,1.0,0.0,0.0,0.0,0.7,0.3,0.0
8,2,3,4,0.0,0.0,,0.0,0.0,,0.0,0.0,,0.0,0.0,,30.0,0.0,0.0,0.0,20.0,10.0,0.0
8,3,3,4,0.0,0.0,,0.0,0.0,,0.0,0.0,,0.0,0.0,,41.9,0.0,0.0,0.0,27.9,14.0,0.0,,24.9,92.7
8,4,3,4,-14.4,,,,,1,26.9,57.4,41.6,0.0,0.0,0.0,100.0,24.5,,0.0,0.0,0.0,-.314,,-28.4,-6.0,-34.4
9,0,11,114,6,33,.182,4,13,.308,2,20,.100,0,2,.000,4,11,15,4,1,1,5,12,14
9,1,11,10.4,0.5,3.0,.182,0.4,1.2,.308,0.2,1.8,.100,0.0,0.2,.000,1.4,0.4,0.1,0.1,0.5,1.1,1.3
9,2,11,114,2.1,11.6,.182,1.4,4.6,.308,0.7,7.0,.100,0.0,0.7,.000,5.3,1.4,0.4,0.4,1.8,4.2,4.9
9,3,11,114,2.9,16.2,.182,2.0,6.4,.308,1.0,9.8,.100,0.0,1.0,.000,7.4,2.0,0.5,0.5,2.5,5.9,6.9,,51.4,110.6
9,4,11,114,-2.7,.206,.212,.606,.061,16,3.8,11.1,7.3,6.3,0.5,0.9,12.8,16.7,,-0.3,0.0,-0.3,-.103,,-7.9,-3.7,-11.5
10,0,34,910,146,329,.444,110,225,.489,36,104,.346,53,61,.869,42,151,193,35,26,48,76,81,381
10,1,34,26.8,4.3,9.7,.444,3.2,6.6,.489,1.1,3.1,.346,1.6,1.8,.869,5.7,1.0,0.8,1.4,2.2,2.4,11.2
10,2,34,910,6.4,14.5,.444,4.8,9.9,.489,1.6,4.6,.346,2.3,2.7,.869,8.5,1.5,1.1,2.1,3.3,3.6,16.7
10,3,34,910,9.0,20.2,.444,6.8,13.8,.489,2.2,6.4,.346,3.3,3.7,.869,11.8,2.1,1.6,2.9,4.7,5.0,23.4,,96.7,102.9
10,4,34,910,16.9,.532,.498,.316,.185,350,5.0,19.0,11.8,8.6,1.6,5.3,17.5,23.3,,0.8,1.0,1.8,.078,,-1.1,0.5,-0.6
11,0,33,702,80,171,.468,71,140,.507,9,31,.290,56,100,.560,38,100,138,27,10,15,35,76,225
11,1,33,21.3,2.4,5.2,.468,2.2,4.2,.507,0.3,0.9,.290,1.7,3.0,.560,4.2,0.8,0.3,0.5,1.1,2.3,6.8
11,2,33,702,4.6,9.7,.468,4.0,8.0,.507,0.5,1.8,.290,3.2,5.7,.560,7.9,1.5,0.6,0.9,2.0,4.3,12.8
11,3,33,702,6.4,13.6,.468,5.6,11.1,.507,0.7,2.5,.290,4.5,8.0,.560,11.0,2.1,0.8,1.2,2.8,6.0,17.9,,102.3,107.2
11,4,33,702,13.0,.515,.494,.181,.585,221,5.8,16.3,10.9,7.8,0.8,2.2,13.8,17.7,,0.8,0.5,1.3,.072,,-1.5,-1.6,-3.0
12,0,4,7,1,3,.333,1,1,1.000,0,2,.000,1,1,1.000,1,0,1,0,0,0,1,2,3
12,1,4,1.8,0.3,0.8,.333,0.3,0.3,1.000,0.0,0.5,.000,0.3,0.3,1.000,0.3,0.0,0.0,0.0,0.3,0.5,0.8
12,2,4,7,5.7,17.1,.333,5.7,5.7,1.000,0.0,11.4,.000,5.7,5.7,1.000,5.7,0.0,0.0,0.0,5.7,11.4,17.1
12,3,4,7,8.0,23.9,.333,8.0,8.0,1.000,0.0,16.0,.000,8.0,8.0,1.000,8.0,0.0,0.0,0.0,8.0,16.0,23.9,,80.8,115.8
12,4,4,7,3.0,.432,.333,.667,.333,3,15.4,0.0,7.9,0.0,0.0,0.0,22.3,31.3,,0.0,0.0,0.0,-.055,,-4.9,-11.0,-15.9
13,0,34,911,194,423,.459,177,370,.478,17,53,.321,201,261,.770,90,143,233,57,44,20,123,132,606
13,1,34,26.8,5.7,12.4,.459,5.2,10.9,.478,0.5,1.6,.321,5.9,7.7,.770,6.9,1.7,1.3,0.6,3.6,3.9,17.8
13,2,34,911,8.5,18.6,.459,7.8,16.2,.478,0.7,2.3,.321,8.8,11.5,.770,10.2,2.5,1.9,0.9,5.4,5.8,26.6
13,3,34,911,11.9,25.9,.459,10.9,22.7,.478,1.0,3.2,.321,12.3,16.0,.770,14.3,3.5,2.7,1.2,7.5,8.1,37.2,,102.9,102.1
13,4,34,911,25.3,.554,.479,.125,.617,589,10.6,18.0,14.2,15.9,2.7,2.2,18.4,36.0,,2.3,1.0,3.3,.145,,2.5,-0.8,1.7
