0,0,29,715,88,240,.367,67,166,.404,21,74,.284,48,61,.787,31,80,111,56,38,10,85,62,245
0,1,29,24.7,3.0,8.3,.367,2.3,5.7,.404,0.7,2.6,.284,1.7,2.1,.787,3.8,1.9,1.3,0.3,2.9,2.1,8.4
0,2,29,715,4.9,13.4,.367,3.7,9.3,.404,1.2,4.1,.284,2.7,3.4,.787,6.2,3.1,2.1,0.6,4.8,3.5,13.7
0,3,29,715,7.1,19.3,.367,5.4,13.4,.404,1.7,6.0,.284,3.9,4.9,.787,8.9,4.5,3.1,0.8,6.8,5.0,19.7,,82.8,107.1
0,4,29,715,10.8,.455,.410,.308,.254,245,4.7,13.3,8.8,18.0,3.1,1.6,24.0,24.3,,-0.5,0.5,0.0,.000,,-4.1,-1.4,-5.5
1,0,29,323,32,68,.471,31,67,.463,1,1,1.000,8,10,.800,38,42,80,5,8,7,12,36,73
1,1,29,11.1,1.1,2.3,.471,1.1,2.3,.463,0.0,0.0,1.000,0.3,0.3,.800,2.8,0.2,0.3,0.2,0.4,1.2,2.5
1,2,29,323,4.0,8.4,.471,3.8,8.3,.463,0.1,0.1,1.000,1.0,1.2,.800,9.9,0.6,1.0,0.9,1.5,4.5,9.0
1,3,29,323,5.7,12.1,.471,5.5,11.9,.463,0.2,0.2,1.000,1.4,1.8,.800,14.2,0.9,1.4,1.2,2.1,6.4,13.0,,106.4,109.3
1,4,29,323,13.0,.502,.478,.015,.147,77,12.6,15.5,14.0,3.4,1.4,2.4,14.2,12.9,,0.4,0.1,0.5,.063,,-3.3,-2.5,-5.9
2,0,27,383,44,135,.326,20,55,.364,24,80,.300,24,37,.649,15,35,50,11,15,6,24,51,136
2,1,27,14.2,1.6,5.0,.326,0.7,2.0,.364,0.9,3.0,.300,0.9,1.4,.649,1.9,0.4,0.6,0.2,0.9,1.9,5.0
2,2,27,383,4.6,14.1,.326,2.1,5.7,.364,2.5,8.4,.300,2.5,3.9,.649,5.2,1.1,1.6,0.6,2.5,5.3,14.2
2,3,27,383,6.6,20.3,.326,3.0,8.3,.364,3.6,12.0,.300,3.6,5.6,.649,7.5,1.7,2.3,0.9,3.6,7.7,20.4,,89.9,109.5
2,4,27,383,9.6,.446,.415,.593,.274,123,4.2,10.9,7.4,6.5,2.3,1.8,13.6,22.6,,0.1,0.2,0.2,.023,,-3.0,-4.0,-7.0
3,0,30,813,131,353,.371,57,158,.361,74,195,.379,67,87,.770,21,74,95,66,18,4,56,42,403
3,1,30,27.1,4.4,11.8,.371,1.9,5.3,.361,2.5,6.5,.379,2.2,2.9,.770,3.2,2.2,0.6,0.1,1.9,1.4,13.4
3,2,30,813,6.4,17.4,.371,2.8,7.8,.361,3.6,9.6,.379,3.3,4.3,.770,4.7,3.2,0.9,0.2,2.8,2.1,19.8
3,3,30,813,9.3,25.0,.371,4.0,11.2,.361,5.2,13.8,.379,4.7,6.2,.770,6.7,4.7,1.3,0.3,4.0,3.0,28.5,,104.1,112.6
3,4,30,813,16.9,.511,.476,.552,.246,368,2.8,10.8,6.6,20.4,1.3,0.6,12.4,27.2,,1.6,0.1,1.7,.082,,2.3,-5.2,-2.9
4,0,29,455,43,109,.394,38,87,.437,5,22,.227,22,33,.667,28,55,83,22,14,6,33,76,113
4,1,29,15.7,1.5,3.8,.394,1.3,3.0,.437,0.2,0.8,.227,0.8,1.1,.667,2.9,0.8,0.5,0.2,1.1,2.6,3.9
4,2,29,455,3.8,9.6,.394,3.3,7.6,.437,0.4,1.9,.227,1.9,2.9,.667,7.3,1.9,1.2,0.5,2.9,6.7,9.9
4,3,29,455,5.4,13.8,.394,4.8,11.0,.437,0.6,2.8,.227,2.8,4.2,.667,10.5,2.8,1.8,0.8,4.2,9.6,14.3,,87.6,109.2
4,4,29,455,8.2,.453,.417,.202,.303,116,6.6,14.4,10.3,10.4,1.8,1.5,20.9,17.0,,0.0,0.2,0.2,.015,,-4.7,-2.1,-6.8
5,0,27,277,6,22,.273,6,22,.273,0,0,,12,15,.800,8,15,23,21,14,4,16,44,24
5,1,27,10.3,0.2,0.8,.273,0.2,0.8,.273,0.0,0.0,,0.4,0.6,.800,0.9,0.8,0.5,0.1,0.6,1.6,0.9
5,2,27,277,0.9,3.2,.273,0.9,3.2,.273,0.0,0.0,,1.7,2.2,.800,3.3,3.0,2.0,0.6,2.3,6.4,3.5
5,3,27,277,1.2,4.6,.273,1.2,4.6,.273,0.0,0.0,,2.5,3.1,.800,4.8,4.4,2.9,0.8,3.3,9.1,5.0,,80.4,109.7
5,4,27,277,4.6,.412,.273,.000,.682,35,3.1,6.4,4.7,14.1,2.9,1.6,35.5,8.0,,-0.1,0.1,0.0,.002,,-5.8,-0.8,-6.5
6,0,12,66,2,7,.286,2,7,.286,0,0,,0,2,.000,8,8,16,1,1,0,3,13,4
6,1,12,5.5,0.2,0.6,.286,0.2,0.6,.286,0.0,0.0,,0.0,0.2,.000,1.3,0.1,0.1,0.0,0.3,1.1,0.3
6,2,12,66,1.2,4.2,.286,1.2,4.2,.286,0.0,0.0,,0.0,1.2,.000,9.7,0.6,0.6,0.0,1.8,7.9,2.4
6,3,12,66,1.7,6.1,.286,1.7,6.1,.286,0.0,0.0,,0.0,1.7,.000,13.9,0.9,0.9,0.0,2.6,11.3,3.5,,70.4,111.7
6,4,12,66,1.9,.252,.286,.000,.286,7,13.0,14.4,13.7,2.9,0.9,0.0,27.4,8.1,,-0.1,0.0,0.0,-.025,,-7.0,-3.2,-10.2
7,0,28,529,27,86,.314,13,43,.302,14,43,.326,24,36,.667,15,57,72,37,29,3,24,42,92
7,1,28,18.9,1.0,3.1,.314,0.5,1.5,.302,0.5,1.5,.326,0.9,1.3,.667,2.6,1.3,1.0,0.1,0.9,1.5,3.3
7,2,28,529,2.0,6.5,.314,1.0,3.3,.302,1.1,3.3,.326,1.8,2.7,.667,5.4,2.8,2.2,0.2,1.8,3.2,7.0
7,3,28,529,2.9,9.4,.314,1.4,4.7,.302,1.5,4.7,.326,2.6,3.9,.667,7.8,4.0,3.2,0.3,2.6,4.6,10.0,,93.8,107.5
7,4,28,529,9.5,.446,.395,.500,.419,102,3.0,12.8,7.7,13.8,3.2,0.6,18.9,11.8,,0.2,0.3,0.5,.037,,-2.8,-1.0,-3.8
8,0,24,311,12,32,.375,11,26,.423,1,6,.167,5,10,.500,8,12,20,22,8,1,21,26,30
8,1,24,13.0,0.5,1.3,.375,0.5,1.1,.423,0.0,0.3,.167,0.2,0.4,.500,0.8,0.9,0.3,0.0,0.9,1.1,1.3
8,2,24,311,1.5,4.1,.375,1.4,3.3,.423,0.1,0.8,.167,0.6,1.3,.500,2.6,2.8,1.0,0.1,2.7,3.3,3.9
8,3,24,311,2.2,5.9,.375,2.0,4.8,.423,0.2,1.1,.167,0.9,1.8,.500,3.7,4.1,1.5,0.2,3.9,4.8,5.5,,72.5,114.5
8,4,24,311,2.8,.408,.391,.188,.313,39,2.8,4.6,3.6,13.6,1.5,0.4,36.4,9.1,,-0.2,0.0,-0.3,-.034,,-6.4,-3.1,-9.5
9,0,20,555,65,157,.414,47,114,.412,18,43,.419,63,76,.829,18,43,61,46,14,3,52,51,211
9,1,20,27.8,3.3,7.9,.414,2.4,5.7,.412,0.9,2.2,.419,3.2,3.8,.829,3.1,2.3,0.7,0.2,2.6,2.6,10.6
9,2,20,555,4.7,11.3,.414,3.4,8.2,.412,1.3,3.1,.419,4.5,5.5,.829,4.4,3.3,1.0,0.2,3.7,3.7,15.2
9,3,20,555,6.7,16.3,.414,4.9,11.8,.412,1.9,4.5,.419,6.5,7.9,.829,6.3,4.8,1.5,0.3,5.4,5.3,21.9,,100.5,112.6
9,4,20,555,13.3,.546,.471,.274,.484,205,3.5,9.2,6.2,18.8,1.5,0.6,21.2,21.6,,0.7,0.1,0.8,.054,,-1.2,-3.9,-5.1
10,0,22,280,12,34,.353,11,28,.393,1,6,.167,13,27,.481,11,17,28,29,9,2,31,20,38
10,1,22,12.7,0.5,1.5,.353,0.5,1.3,.393,0.0,0.3,.167,0.6,1.2,.481,1.3,1.3,0.4,0.1,1.4,0.9,1.7
10,2,22,280,1.7,4.9,.353,1.6,4.0,.393,0.1,0.9,.167,1.9,3.9,.481,4.0,4.1,1.3,0.3,4.4,2.9,5.4
10,3,22,280,2.5,7.0,.353,2.3,5.8,.393,0.2,1.2,.167,2.7,5.5,.481,5.8,6.0,1.8,0.4,6.4,4.1,7.8,,69.5,112.5
10,4,22,280,4.0,.406,.368,.176,.794,51,4.2,7.2,5.6,20.1,1.8,0.8,39.8,13.6,,-0.4,0.0,-0.4,-.052,,-7.2,-3.0,-10.2
11,0,29,806,158,336,.470,148,305,.485,10,31,.323,145,194,.747,78,131,209,21,25,14,60,110,471
11,1,29,27.8,5.4,11.6,.470,5.1,10.5,.485,0.3,1.1,.323,5.0,6.7,.747,7.2,0.7,0.9,0.5,2.1,3.8,16.2
11,2,29,806,7.8,16.7,.470,7.3,15.1,.485,0.5,1.5,.323,7.2,9.6,.747,10.4,1.0,1.2,0.7,3.0,5.5,23.4
11,3,29,806,11.3,24.0,.470,10.6,21.8,.485,0.7,2.2,.323,10.4,13.8,.747,14.9,1.5,1.8,1.0,4.3,7.9,33.6,,110.4,107.1
11,4,29,806,23.8,.550,.485,.092,.577,429,10.4,19.3,14.6,7.2,1.8,2.0,12.3,29.7,,2.4,0.5,2.9,.146,,0.7,-4.0,-3.3
12,0,24,588,62,154,.403,62,149,.416,0,5,.000,44,52,.846,39,77,116,33,13,16,26,61,168
12,1,24,24.5,2.6,6.4,.403,2.6,6.2,.416,0.0,0.2,.000,1.8,2.2,.846,4.8,1.4,0.5,0.7,1.1,2.5,7.0
12,2,24,588,4.2,10.5,.403,4.2,10.1,.416,0.0,0.3,.000,3.0,3.5,.846,7.9,2.2,0.9,1.1,1.8,4.1,11.4
12,3,24,588,6.1,15.1,.403,6.1,14.6,.416,0.0,0.5,.000,4.3,5.1,.846,11.4,3.2,1.3,1.6,2.5,6.0,16.4,,102.5,109.4
12,4,24,588,13.4,.470,.403,.032,.338,174,7.1,15.6,11.1,12.4,1.3,3.1,12.7,17.1,,0.7,0.3,0.9,.063,,-3.0,-1.1,-4.1
