0,0,32,467,49,144,.340,24,54,.444,25,90,.278,15,24,.625,21,68,89,17,9,10,22,37,138
0,1,32,14.6,1.5,4.5,.340,0.8,1.7,.444,0.8,2.8,.278,0.5,0.8,.625,2.8,0.5,0.3,0.3,0.7,1.2,4.3
0,2,32,467,4.2,12.3,.340,2.1,4.6,.444,2.1,7.7,.278,1.3,2.1,.625,7.6,1.5,0.8,0.9,1.9,3.2,11.8
0,3,32,467,6.5,19.2,.340,3.2,7.2,.444,3.3,12.0,.278,2.0,3.2,.625,11.9,2.3,1.2,1.3,2.9,4.9,18.4,,89.7,107.9
0,4,32,467,11.1,.444,.427,.625,.167,129,5.5,17.6,11.6,9.4,1.2,2.7,12.4,20.6,,0.0,0.3,0.3,.028,,-2.8,-2.3,-5.1
1,0,21,134,6,16,.375,5,9,.556,1,7,.143,7,12,.583,7,14,21,9,5,0,11,10,20
1,1,21,6.4,0.3,0.8,.375,0.2,0.4,.556,0.0,0.3,.143,0.3,0.6,.583,1.0,0.4,0.2,0.0,0.5,0.5,1.0
1,2,21,134,1.8,4.8,.375,1.5,2.7,.556,0.3,2.1,.143,2.1,3.6,.583,6.3,2.7,1.5,0.0,3.3,3.0,6.0
1,3,21,134,2.8,7.5,.375,2.3,4.2,.556,0.5,3.3,.143,3.3,5.6,.583,9.8,4.2,2.3,0.0,5.1,4.7,9.3,,80.5,108.8
1,4,21,134,7.1,.461,.406,.438,.750,25,6.4,12.6,9.5,15.0,2.3,0.0,33.6,13.2,,-0.1,0.1,0.0,-.001,,-5.1,-1.4,-6.5
2,0,32,806,101,225,.449,101,225,.449,0,0,,58,111,.523,56,105,161,16,8,21,53,81,260
2,1,32,25.2,3.2,7.0,.449,3.2,7.0,.449,0.0,0.0,,1.8,3.5,.523,5.0,0.5,0.3,0.7,1.7,2.5,8.1
2,2,32,806,5.0,11.2,.449,5.0,11.2,.449,0.0,0.0,,2.9,5.5,.523,8.0,0.8,0.4,1.0,2.6,4.0,12.9
2,3,32,806,7.8,17.4,.449,7.8,17.4,.449,0.0,0.0,,4.5,8.6,.523,12.5,1.2,0.6,1.6,4.1,6.3,20.1,,89.0,109.7
2,4,32,806,11.4,.468,.449,.000,.493,244,8.5,15.8,12.1,5.4,0.6,3.3,16.0,22.3,,0.0,0.4,0.4,.019,,-5.8,-2.1,-7.9
3,0,31,841,149,320,.466,116,234,.496,33,86,.384,42,66,.636,16,66,82,123,42,2,123,85,373
3,1,31,27.1,4.8,10.3,.466,3.7,7.5,.496,1.1,2.8,.384,1.4,2.1,.636,2.6,4.0,1.4,0.1,4.0,2.7,12.0
3,2,31,841,7.1,15.2,.466,5.5,11.1,.496,1.6,4.1,.384,2.0,3.1,.636,3.9,5.9,2.0,0.1,5.9,4.0,17.7
3,3,31,841,11.1,23.7,.466,8.6,17.4,.496,2.4,6.4,.384,3.1,4.9,.636,6.1,9.1,3.1,0.1,9.1,6.3,27.7,,89.4,108.2
3,4,31,841,15.3,.531,.517,.269,.206,371,2.3,9.5,5.9,46.4,3.1,0.3,25.9,30.6,,0.0,0.5,0.5,.026,,0.6,-2.8,-2.3
4,0,23,740,80,182,.440,75,157,.478,5,25,.200,77,124,.621,55,96,151,49,17,2,55,43,242
4,1,23,32.2,3.5,7.9,.440,3.3,6.8,.478,0.2,1.1,.200,3.3,5.4,.621,6.6,2.1,0.7,0.1,2.4,1.9,10.5
4,2,23,740,4.3,9.8,.440,4.1,8.5,.478,0.3,1.4,.200,4.2,6.7,.621,8.2,2.6,0.9,0.1,3.0,2.3,13.1
4,3,23,740,6.7,15.3,.440,6.3,13.2,.478,0.4,2.1,.200,6.5,10.5,.621,12.7,4.1,1.4,0.2,4.6,3.6,20.4,,97.7,109.4
4,4,23,740,14.8,.502,.453,.137,.681,252,9.1,15.7,12.4,17.2,1.4,0.3,18.6,21.7,,0.6,0.4,1.0,.056,,-1.2,-1.5,-2.7
5,0,32,836,55,134,.410,50,114,.439,5,20,.250,68,94,.723,56,108,164,29,11,5,41,75,183
5,1,32,26.1,1.7,4.2,.410,1.6,3.6,.439,0.2,0.6,.250,2.1,2.9,.723,5.1,0.9,0.3,0.2,1.3,2.3,5.7
5,2,32,836,2.6,6.4,.410,2.4,5.5,.439,0.2,1.0,.250,3.3,4.5,.723,7.8,1.4,0.5,0.2,2.0,3.6,8.8
5,3,32,836,4.1,10.0,.410,3.7,8.5,.439,0.4,1.5,.250,5.1,7.0,.723,12.2,2.2,0.8,0.4,3.1,5.6,13.7,,101.0,110.5
5,4,32,836,10.6,.512,.429,.149,.701,195,8.2,15.6,11.9,8.1,0.8,0.8,18.7,14.3,,0.7,0.4,1.0,.050,,-2.9,-1.6,-4.5
6,0,30,547,41,119,.345,20,58,.345,21,61,.344,40,63,.635,5,36,41,33,24,1,54,44,143
6,1,30,18.2,1.4,4.0,.345,0.7,1.9,.345,0.7,2.0,.344,1.3,2.1,.635,1.4,1.1,0.8,0.0,1.8,1.5,4.8
6,2,30,547,3.0,8.7,.345,1.5,4.2,.345,1.5,4.5,.344,2.9,4.6,.635,3.0,2.4,1.8,0.1,3.9,3.2,10.5
6,3,30,547,4.7,13.6,.345,2.3,6.6,.345,2.4,7.0,.344,4.6,7.2,.635,4.7,3.8,2.7,0.1,6.2,5.0,16.3,,79.8,109.9
6,4,30,547,6.7,.480,.433,.513,.529,138,1.1,8.0,4.6,14.5,2.7,0.2,26.6,20.1,,-0.5,0.3,-0.2,-.017,,-4.8,-2.5,-7.4
7,0,32,743,53,140,.379,30,64,.469,23,76,.303,50,72,.694,8,36,44,32,17,3,44,52,179
7,1,32,23.2,1.7,4.4,.379,0.9,2.0,.469,0.7,2.4,.303,1.6,2.3,.694,1.4,1.0,0.5,0.1,1.4,1.6,5.6
7,2,32,743,2.9,7.5,.379,1.6,3.4,.469,1.2,4.1,.303,2.7,3.9,.694,2.4,1.7,0.9,0.2,2.4,2.8,9.6
7,3,32,743,4.5,11.8,.379,2.5,5.4,.469,1.9,6.4,.303,4.2,6.0,.694,3.7,2.7,1.4,0.3,3.7,4.4,15.0,,92.0,113.8
7,4,32,743,7.4,.514,.461,.543,.514,167,1.3,5.9,3.6,10.2,1.4,0.5,20.2,15.9,,0.1,0.1,0.2,.012,,-3.0,-3.1,-6.2
8,0,19,471,26,78,.333,16,47,.340,10,31,.323,24,39,.615,4,29,33,32,17,0,39,34,86
8,1,19,24.8,1.4,4.1,.333,0.8,2.5,.340,0.5,1.6,.323,1.3,2.1,.615,1.7,1.7,0.9,0.0,2.1,1.8,4.5
8,2,19,471,2.2,6.6,.333,1.4,4.0,.340,0.8,2.6,.323,2.0,3.3,.615,2.8,2.7,1.4,0.0,3.3,2.9,7.3
8,3,19,471,3.4,10.3,.333,2.1,6.2,.340,1.3,4.1,.323,3.2,5.2,.615,4.4,4.2,2.3,0.0,5.2,4.5,11.4,,76.1,111.4
8,4,19,471,4.7,.445,.397,.397,.500,90,1.0,7.5,4.3,15.5,2.3,0.0,28.8,15.6,,-0.5,0.2,-0.3,-.027,,-5.7,-2.1,-7.7
9,0,26,152,6,13,.462,6,13,.462,0,0,,6,19,.316,10,15,25,2,5,0,8,18,18
9,1,26,5.8,0.2,0.5,.462,0.2,0.5,.462,0.0,0.0,,0.2,0.7,.316,1.0,0.1,0.2,0.0,0.3,0.7,0.7
9,2,26,152,1.6,3.4,.462,1.6,3.4,.462,0.0,0.0,,1.6,5.0,.316,6.6,0.5,1.3,0.0,2.1,4.7,4.7
9,3,26,152,2.5,5.3,.462,2.5,5.3,.462,0.0,0.0,,2.5,7.8,.316,10.3,0.8,2.1,0.0,3.3,7.4,7.4,,75.1,109.5
9,4,26,152,4.5,.409,.462,.000,1.462,21,8.0,11.9,10.0,2.9,2.1,0.0,26.6,10.7,,-0.1,0.1,0.0,-.010,,-6.8,-1.7,-8.5
10,0,30,713,69,186,.371,22,51,.431,47,135,.348,26,34,.765,21,78,99,50,19,3,54,58,211
10,1,30,23.8,2.3,6.2,.371,0.7,1.7,.431,1.6,4.5,.348,0.9,1.1,.765,3.3,1.7,0.6,0.1,1.8,1.9,7.0
10,2,30,713,3.9,10.4,.371,1.2,2.9,.431,2.6,7.6,.348,1.5,1.9,.765,5.6,2.8,1.1,0.2,3.0,3.3,11.8
10,3,30,713,6.0,16.3,.371,1.9,4.5,.431,4.1,11.8,.348,2.3,3.0,.765,8.7,4.4,1.7,0.3,4.7,5.1,18.5,,93.3,109.8
10,4,30,713,11.1,.522,.497,.726,.183,202,3.6,13.2,8.4,17.7,1.7,0.5,21.1,19.5,,0.3,0.4,0.6,.034,,-0.6,-2.4,-3.0
