0,0,28,689,98,215,.456,96,208,.462,2,7,.286,34,47,.723,45,100,145,19,17,42,32,106,232
0,1,28,24.6,3.5,7.7,.456,3.4,7.4,.462,0.1,0.3,.286,1.2,1.7,.723,5.2,0.7,0.6,1.5,1.1,3.8,8.3
0,2,28,689,5.7,12.5,.456,5.6,12.1,.462,0.1,0.4,.286,2.0,2.7,.723,8.4,1.1,1.0,2.4,1.9,6.2,13.5
0,3,28,689,8.6,18.8,.456,8.4,18.2,.462,0.2,0.6,.286,3.0,4.1,.723,12.7,1.7,1.5,3.7,2.8,9.3,20.3,,99.7,100.1
0,4,28,689,15.5,.489,.460,.033,.219,223,7.8,16.6,12.3,6.2,1.5,7.2,11.9,20.6,,0.7,0.9,1.7,.096,,-3.3,2.0,-1.3
1,0,28,941,130,326,.399,98,206,.476,32,120,.267,75,99,.758,10,76,86,167,31,3,88,38,367
1,1,28,33.6,4.6,11.6,.399,3.5,7.4,.476,1.1,4.3,.267,2.7,3.5,.758,3.1,6.0,1.1,0.1,3.1,1.4,13.1
1,2,28,941,5.5,13.9,.399,4.2,8.8,.476,1.4,5.1,.267,3.2,4.2,.758,3.7,7.1,1.3,0.1,3.7,1.6,15.6
1,3,28,941,8.3,20.8,.399,6.3,13.2,.476,2.0,7.7,.267,4.8,6.3,.758,5.5,10.7,2.0,0.2,5.6,2.4,23.5,,99.2,106.1
1,4,28,941,16.7,.492,.448,.368,.304,407,1.3,9.2,5.3,39.7,2.0,0.4,19.1,25.8,,1.3,0.7,2.0,.085,,0.9,-2.8,-1.9
2,0,28,901,86,222,.387,29,66,.439,57,156,.365,42,50,.840,8,67,75,54,40,5,37,64,271
2,1,28,32.2,3.1,7.9,.387,1.0,2.4,.439,2.0,5.6,.365,1.5,1.8,.840,2.7,1.9,1.4,0.2,1.3,2.3,9.7
2,2,28,901,3.8,9.9,.387,1.3,2.9,.439,2.5,6.9,.365,1.9,2.2,.840,3.3,2.4,1.8,0.2,1.6,2.8,12.0
2,3,28,901,5.7,14.8,.387,1.9,4.4,.439,3.8,10.4,.365,2.8,3.3,.840,5.0,3.6,2.7,0.3,2.5,4.3,18.1,,108.1,104.6
2,4,28,901,13.4,.551,.516,.703,.225,250,1.1,8.5,4.9,12.2,2.7,0.7,13.1,16.5,,1.3,0.8,2.2,.095,,1.9,-0.8,1.1
3,0,2,3,0,0,,0,0,,0,0,,0,0,,0,0,0,1,0,0,0,1,0
3,1,2,1.5,0.0,0.0,,0.0,0.0,,0.0,0.0,,0.0,0.0,,0.0,0.5,0.0,0.0,0.0,0.5,0.0
3,2,2,3,0.0,0.0,,0.0,0.0,,0.0,0.0,,0.0,0.0,,0.0,13.3,0.0,0.0,0.0,13.3,0.0
3,3,2,3,0.0,0.0,,0.0,0.0,,0.0,0.0,,0.0,0.0,,0.0,20.1,0.0,0.0,0.0,20.1,0.0,,225.1,113.8
3,4,2,3,8.0,,,,,0,0.0,0.0,0.0,57.0,0.0,0.0,,0.0,,0.0,0.0,0.0,.120,,-7.4,-16.4,-23.8
4,0,8,31,0,6,.000,0,6,.000,0,0,,2,6,.333,4,0,4,0,2,0,0,5,2
4,1,8,3.9,0.0,0.8,.000,0.0,0.8,.000,0.0,0.0,,0.3,0.8,.333,0.5,0.0,0.3,0.0,0.0,0.6,0.3
4,2,8,31,0.0,7.7,.000,0.0,7.7,.000,0.0,0.0,,2.6,7.7,.333,5.2,0.0,2.6,0.0,0.0,6.5,2.6
4,3,8,31,0.0,11.6,.000,0.0,11.6,.000,0.0,0.0,,3.9,11.6,.333,7.8,0.0,3.9,0.0,0.0,9.7,3.9,,55.6,105.9
4,4,8,31,-1.0,.113,.000,.000,1.000,4,15.4,0.0,7.5,0.0,3.9,0.0,0.0,15.0,,-0.1,0.0,0.0,-.064,,-8.6,-3.1,-11.7
5,0,28,642,63,154,.409,34,72,.472,29,82,.354,62,76,.816,35,95,130,27,10,3,27,47,217
5,1,28,22.9,2.3,5.5,.409,1.2,2.6,.472,1.0,2.9,.354,2.2,2.7,.816,4.6,1.0,0.4,0.1,1.0,1.7,7.8
5,2,28,642,3.9,9.6,.409,2.1,4.5,.472,1.8,5.1,.354,3.9,4.7,.816,8.1,1.7,0.6,0.2,1.7,2.9,13.5
5,3,28,642,5.9,14.4,.409,3.2,6.7,.472,2.7,7.7,.354,5.8,7.1,.816,12.2,2.5,0.9,0.3,2.5,4.4,20.3,,116.2,104.4
5,4,28,642,16.3,.571,.503,.532,.494,212,6.5,16.9,11.8,8.6,0.9,0.5,12.4,17.8,,1.5,0.6,2.1,.130,,1.6,-2.3,-0.7
6,0,27,382,10,38,.263,8,22,.364,2,16,.125,6,10,.600,5,12,17,24,29,5,17,41,28
6,1,27,14.1,0.4,1.4,.263,0.3,0.8,.364,0.1,0.6,.125,0.2,0.4,.600,0.6,0.9,1.1,0.2,0.6,1.5,1.0
6,2,27,382,1.0,4.0,.263,0.8,2.3,.364,0.2,1.7,.125,0.6,1.0,.600,1.8,2.5,3.0,0.5,1.8,4.3,2.9
6,3,27,382,1.6,6.0,.263,1.3,3.5,.364,0.3,2.5,.125,0.9,1.6,.600,2.7,3.8,4.6,0.8,2.7,6.5,4.4,,71.0,102.2
6,4,27,382,5.0,.327,.289,.421,.263,39,1.6,3.6,2.6,11.2,4.6,1.5,28.5,8.2,,-0.3,0.4,0.1,.015,,-4.2,2.1,-2.1
7,0,8,37,1,3,.333,0,0,,1,3,.333,1,2,.500,1,1,2,1,1,0,0,4,4
7,1,8,4.6,0.1,0.4,.333,0.0,0.0,,0.1,0.4,.333,0.1,0.3,.500,0.3,0.1,0.1,0.0,0.0,0.5,0.5
7,2,8,37,1.1,3.2,.333,0.0,0.0,,1.1,3.2,.333,1.1,2.2,.500,2.2,1.1,1.1,0.0,0.0,4.3,4.3
7,3,8,37,1.6,4.9,.333,0.0,0.0,,1.6,4.9,.333,1.6,3.3,.500,3.3,1.6,1.6,0.0,0.0,6.5,6.5,,128.4,109.8
7,4,8,37,5.7,.506,.500,1.000,.667,4,3.2,3.1,3.2,4.8,1.6,0.0,0.0,5.6,,0.0,0.0,0.1,.059,,-0.6,-2.1,-2.6
8,0,28,931,172,380,.453,166,352,.472,6,28,.214,152,207,.734,58,131,189,48,48,3,79,60,502
8,1,28,33.3,6.1,13.6,.453,5.9,12.6,.472,0.2,1.0,.214,5.4,7.4,.734,6.8,1.7,1.7,0.1,2.8,2.1,17.9
8,2,28,931,7.4,16.3,.453,7.1,15.1,.472,0.3,1.2,.214,6.5,8.9,.734,8.1,2.1,2.1,0.1,3.4,2.6,21.6
8,3,28,931,11.1,24.6,.453,10.7,22.8,.472,0.4,1.8,.214,9.8,13.4,.734,12.2,3.1,3.1,0.2,5.1,3.9,32.4,,103.2,100.0
8,4,28,931,22.6,.525,.461,.074,.545,477,7.5,16.1,11.9,12.9,3.1,0.4,14.2,31.5,,2.0,1.3,3.3,.140,,0.1,-0.9,-0.9
9,0,4,13,1,1,1.000,0,0,,1,1,1.000,0,0,,1,0,1,0,0,0,1,1,3
9,1,4,3.3,0.3,0.3,1.000,0.0,0.0,,0.3,0.3,1.000,0.0,0.0,,0.3,0.0,0.0,0.0,0.3,0.3,0.8
9,2,4,13,3.1,3.1,1.000,0.0,0.0,,3.1,3.1,1.000,0.0,0.0,,3.1,0.0,0.0,0.0,3.1,3.1,9.2
9,3,4,13,4.6,4.6,1.000,0.0,0.0,,4.6,4.6,1.000,0.0,0.0,,4.6,0.0,0.0,0.0,4.6,4.6,13.9,,115.9,115.2
9,4,4,13,10.2,1.500,1.500,1.000,.000,2,9.2,0.0,4.5,0.0,0.0,0.0,50.0,8.1,,0.0,0.0,0.0,.039,,2.7,-6.0,-3.3
10,0,28,735,90,176,.511,54,95,.568,36,81,.444,59,71,.831,31,71,102,16,12,24,35,70,275
10,1,28,26.3,3.2,6.3,.511,1.9,3.4,.568,1.3,2.9,.444,2.1,2.5,.831,3.6,0.6,0.4,0.9,1.3,2.5,9.8
10,2,28,735,4.9,9.6,.511,2.9,5.2,.568,2.0,4.4,.444,3.2,3.9,.831,5.6,0.9,0.7,1.3,1.9,3.8,15.0
10,3,28,735,7.4,14.4,.511,4.4,7.8,.568,2.9,6.6,.444,4.8,5.8,.831,8.4,1.3,1.0,2.0,2.9,5.7,22.5,,120.7,105.7
10,4,28,735,17.5,.656,.614,.460,.403,240,5.0,11.1,8.1,4.7,1.0,3.8,14.3,17.5,,1.9,0.6,2.5,.135,,2.2,-0.8,1.4
11,0,28,346,10,20,.500,10,19,.526,0,1,.000,7,10,.700,23,37,60,8,7,8,5,42,27
11,1,28,12.4,0.4,0.7,.500,0.4,0.7,.526,0.0,0.0,.000,0.3,0.4,.700,2.1,0.3,0.3,0.3,0.2,1.5,1.0
11,2,28,346,1.2,2.3,.500,1.2,2.2,.526,0.0,0.1,.000,0.8,1.2,.700,6.9,0.9,0.8,0.9,0.6,4.9,3.1
11,3,28,346,1.7,3.5,.500,1.7,3.3,.526,0.0,0.2,.000,1.2,1.7,.700,10.4,1.4,1.2,1.4,0.9,7.3,4.7,,126.2,104.9
11,4,28,346,7.8,.545,.500,.050,.500,40,8.0,12.2,10.1,4.2,1.2,2.7,16.8,4.5,,0.4,0.3,0.7,.075,,-1.9,1.2,-0.8
