0,0,28,446,31,79,.392,21,43,.488,10,36,.278,21,38,.553,30,45,75,9,13,2,19,49,93
0,1,28,15.9,1.1,2.8,.392,0.8,1.5,.488,0.4,1.3,.278,0.8,1.4,.553,2.7,0.3,0.5,0.1,0.7,1.8,3.3
0,2,28,446,2.8,7.1,.392,1.9,3.9,.488,0.9,3.2,.278,1.9,3.4,.553,6.7,0.8,1.2,0.2,1.7,4.4,8.3
0,3,28,446,4.5,11.5,.392,3.1,6.3,.488,1.5,5.2,.278,3.1,5.5,.553,10.9,1.3,1.9,0.3,2.8,7.1,13.5,,101.3,105.2
0,4,28,446,10.0,.479,.456,.456,.481,94,7.7,11.9,9.8,4.4,1.9,0.5,16.4,13.7,,0.3,0.4,0.8,.070,,-1.0,-1.0,-2.0
1,0,32,820,144,308,.468,143,306,.467,1,2,.500,89,136,.654,96,163,259,9,7,16,54,79,378
1,1,32,25.6,4.5,9.6,.468,4.5,9.6,.467,0.0,0.1,.500,2.8,4.3,.654,8.1,0.3,0.2,0.5,1.7,2.5,11.8
1,2,32,820,7.0,15.0,.468,7.0,14.9,.467,0.0,0.1,.500,4.3,6.6,.654,12.6,0.4,0.3,0.8,2.6,3.9,18.4
1,3,32,820,11.4,24.4,.468,11.3,24.2,.467,0.1,0.2,.500,7.0,10.8,.654,20.5,0.7,0.6,1.3,4.3,6.3,29.9,,107.2,102.1
1,4,32,820,21.9,.507,.469,.006,.442,354,13.5,23.4,18.4,3.1,0.6,2.3,12.7,27.3,,1.8,1.0,2.9,.139,,-1.9,-3.5,-5.4
2,0,23,126,4,14,.286,4,14,.286,0,0,,5,9,.556,8,10,18,0,1,2,4,12,13
2,1,23,5.5,0.2,0.6,.286,0.2,0.6,.286,0.0,0.0,,0.2,0.4,.556,0.8,0.0,0.0,0.1,0.2,0.5,0.6
2,2,23,126,1.3,4.4,.286,1.3,4.4,.286,0.0,0.0,,1.6,2.9,.556,5.7,0.0,0.3,0.6,1.3,3.8,4.1
2,3,23,126,2.1,7.2,.286,2.1,7.2,.286,0.0,0.0,,2.6,4.6,.556,9.3,0.0,0.5,1.0,2.1,6.2,6.7,,81.7,108.7
2,4,23,126,3.6,.356,.286,.000,.643,15,7.3,9.3,8.3,0.0,0.5,1.8,18.0,9.3,,0.0,0.1,0.0,.011,,-6.2,-2.6,-8.9
3,0,30,749,74,166,.446,74,166,.446,0,0,,23,56,.411,66,102,168,20,11,29,38,84,171
3,1,30,25.0,2.5,5.5,.446,2.5,5.5,.446,0.0,0.0,,0.8,1.9,.411,5.6,0.7,0.4,1.0,1.3,2.8,5.7
3,2,30,749,4.0,8.9,.446,4.0,8.9,.446,0.0,0.0,,1.2,3.0,.411,9.0,1.1,0.6,1.5,2.0,4.5,9.1
3,3,30,749,6.4,14.4,.446,6.4,14.4,.446,0.0,0.0,,2.0,4.9,.411,14.6,1.7,1.0,2.5,3.3,7.3,14.8,,94.7,103.2
3,4,30,749,12.1,.444,.446,.000,.337,178,10.1,16.0,13.0,6.2,1.0,4.5,16.5,16.2,,0.3,0.9,1.2,.062,,-3.0,1.4,-1.6
4,0,30,520,55,140,.393,33,74,.446,22,66,.333,30,37,.811,44,76,120,11,7,6,28,55,162
4,1,30,17.3,1.8,4.7,.393,1.1,2.5,.446,0.7,2.2,.333,1.0,1.2,.811,4.0,0.4,0.2,0.2,0.9,1.8,5.4
4,2,30,520,4.2,10.8,.393,2.5,5.7,.446,1.7,5.1,.333,2.3,2.8,.811,9.2,0.8,0.5,0.5,2.2,4.2,12.5
4,3,30,520,6.9,17.5,.393,4.1,9.2,.446,2.7,8.2,.333,3.7,4.6,.811,15.0,1.4,0.9,0.7,3.5,6.9,20.2,,108.7,104.6
4,4,30,520,14.5,.514,.471,.471,.264,156,9.7,17.2,13.4,5.0,0.9,1.3,15.1,18.7,,0.9,0.5,1.4,.107,,0.0,-2.3,-2.3
5,0,32,613,74,219,.338,47,126,.373,27,93,.290,59,79,.747,12,48,60,49,11,3,44,64,234
5,1,32,19.2,2.3,6.8,.338,1.5,3.9,.373,0.8,2.9,.290,1.8,2.5,.747,1.9,1.5,0.3,0.1,1.4,2.0,7.3
5,2,32,613,4.8,14.3,.338,3.1,8.2,.373,1.8,6.1,.290,3.8,5.2,.747,3.9,3.2,0.7,0.2,2.9,4.2,15.3
5,3,32,613,7.8,23.2,.338,5.0,13.3,.373,2.9,9.9,.290,6.2,8.4,.747,6.4,5.2,1.2,0.3,4.7,6.8,24.8,,99.6,108.0
5,4,32,613,11.8,.456,.400,.425,.361,227,2.3,9.2,5.7,19.5,1.2,0.6,14.6,25.8,,0.7,0.4,1.1,.075,,-0.6,-3.3,-3.9
6,0,24,271,9,41,.220,2,14,.143,7,27,.259,4,8,.500,1,16,17,31,6,0,20,19,29
6,1,24,11.3,0.4,1.7,.220,0.1,0.6,.143,0.3,1.1,.259,0.2,0.3,.500,0.7,1.3,0.3,0.0,0.8,0.8,1.2
6,2,24,271,1.3,6.1,.220,0.3,2.1,.143,1.0,4.0,.259,0.6,1.2,.500,2.5,4.6,0.9,0.0,3.0,2.8,4.3
6,3,24,271,2.2,9.8,.220,0.5,3.4,.143,1.7,6.5,.259,1.0,1.9,.500,4.1,7.4,1.4,0.0,4.8,4.6,6.9,,72.0,108.9
6,4,24,271,2.2,.324,.305,.659,.195,40,0.4,6.9,3.6,23.0,1.4,0.0,30.9,12.6,,-0.3,0.2,-0.1,-.021,,-5.3,-3.0,-8.3
7,0,30,545,41,111,.369,38,93,.409,3,18,.167,54,94,.574,21,52,73,43,11,16,54,74,139
7,1,30,18.2,1.4,3.7,.369,1.3,3.1,.409,0.1,0.6,.167,1.8,3.1,.574,2.4,1.4,0.4,0.5,1.8,2.5,4.6
7,2,30,545,3.0,8.1,.369,2.8,6.8,.409,0.2,1.3,.167,4.0,6.9,.574,5.4,3.2,0.8,1.2,4.0,5.4,10.2
7,3,30,545,4.9,13.2,.369,4.5,11.1,.409,0.4,2.1,.167,6.4,11.2,.574,8.7,5.1,1.3,1.9,6.4,8.8,16.6,,84.9,105.0
7,4,30,545,8.3,.447,.383,.162,.847,149,4.4,11.2,7.8,17.3,1.3,3.4,25.8,20.2,,-0.3,0.5,0.3,.020,,-4.2,0.3,-3.9
8,0,32,900,104,264,.394,49,117,.419,55,147,.374,122,133,.917,11,60,71,51,11,6,60,57,385
8,1,32,28.1,3.3,8.3,.394,1.5,3.7,.419,1.7,4.6,.374,3.8,4.2,.917,2.2,1.6,0.3,0.2,1.9,1.8,12.0
8,2,32,900,4.6,11.7,.394,2.2,5.2,.419,2.4,6.5,.374,5.4,5.9,.917,3.2,2.3,0.5,0.3,2.7,2.5,17.1
8,3,32,900,7.5,19.0,.394,3.5,8.4,.419,4.0,10.6,.374,8.8,9.6,.917,5.1,3.7,0.8,0.4,4.3,4.1,27.8,,119.3,109.5
8,4,32,900,17.3,.588,.498,.557,.504,351,1.4,7.8,4.6,13.7,0.8,0.8,15.5,22.6,,2.7,0.5,3.3,.145,,3.6,-3.3,0.3
9,0,32,610,72,154,.468,63,121,.521,9,33,.273,51,74,.689,24,48,72,25,14,18,37,86,204
9,1,32,19.1,2.3,4.8,.468,2.0,3.8,.521,0.3,1.0,.273,1.6,2.3,.689,2.3,0.8,0.4,0.6,1.2,2.7,6.4
9,2,32,610,4.7,10.1,.468,4.1,7.9,.521,0.6,2.2,.273,3.3,4.9,.689,4.7,1.6,0.9,1.2,2.4,5.6,13.4
9,3,32,610,7.7,16.4,.468,6.7,12.9,.521,1.0,3.5,.273,5.4,7.9,.689,7.7,2.7,1.5,1.9,3.9,9.2,21.7,,107.4,105.5
9,4,32,610,14.3,.539,.497,.214,.481,191,4.5,9.2,6.9,9.9,1.5,3.4,16.4,19.5,,1.0,0.6,1.6,.103,,-0.4,-0.2,-0.6
10,0,32,900,81,182,.445,81,175,.463,0,7,.000,64,123,.520,74,115,189,42,21,29,56,93,226
10,1,32,28.1,2.5,5.7,.445,2.5,5.5,.463,0.0,0.2,.000,2.0,3.8,.520,5.9,1.3,0.7,0.9,1.8,2.9,7.1
10,2,32,900,3.6,8.1,.445,3.6,7.8,.463,0.0,0.3,.000,2.8,5.5,.520,8.4,1.9,0.9,1.3,2.5,4.1,10.0
10,3,32,900,5.8,13.1,.445,5.8,12.6,.463,0.0,0.5,.000,4.6,8.9,.520,13.6,3.0,1.5,2.1,4.0,6.7,16.3,,97.3,102.9
10,4,32,900,13.6,.470,.445,.038,.676,241,9.5,15.0,12.2,10.6,1.5,3.8,18.9,17.3,,0.6,1.1,1.7,.074,,-1.6,1.9,0.4
