0,0,16,57,1,5,.200,1,4,.250,0,1,.000,0,0,,3,5,8,0,1,0,5,16,2
0,1,16,3.6,0.1,0.3,.200,0.1,0.3,.250,0.0,0.1,.000,0.0,0.0,,0.5,0.0,0.1,0.0,0.3,1.0,0.1
0,2,16,57,0.7,3.5,.200,0.7,2.8,.250,0.0,0.7,.000,0.0,0.0,,5.6,0.0,0.7,0.0,3.5,11.2,1.4
0,3,16,57,1.1,5.4,.200,1.1,4.3,.250,0.0,1.1,.000,0.0,0.0,,8.6,0.0,1.1,0.0,5.4,17.2,2.1,,37.8,108.8
0,4,16,57,-6.7,.200,.200,.200,.000,3,6.3,9.0,7.8,0.0,1.1,0.0,50.0,9.1,,-0.1,0.1,-0.1,-.065,,-9.2,-2.1,-11.3
1,0,36,1307,225,425,.529,211,381,.554,14,44,.318,209,293,.713,84,320,404,130,25,44,124,104,673
1,1,36,36.3,6.3,11.8,.529,5.9,10.6,.554,0.4,1.2,.318,5.8,8.1,.713,11.2,3.6,0.7,1.2,3.4,2.9,18.7
1,2,36,1307,6.9,13.0,.529,6.5,11.7,.554,0.4,1.3,.318,6.4,9.0,.713,12.4,4.0,0.8,1.3,3.8,3.2,20.6
1,3,36,1307,10.5,19.9,.529,9.9,17.8,.554,0.7,2.1,.318,9.8,13.7,.713,18.9,6.1,1.2,2.1,5.8,4.9,31.5,,116.6,99.5
1,4,36,1307,26.9,.596,.546,.104,.689,691,7.7,25.2,17.2,23.2,1.2,3.4,18.0,27.2,,4.2,2.3,6.5,.199,,3.7,2.4,6.0
2,0,36,1080,135,325,.415,90,198,.455,45,127,.354,76,120,.633,36,117,153,85,23,16,75,113,391
2,1,36,30.0,3.8,9.0,.415,2.5,5.5,.455,1.3,3.5,.354,2.1,3.3,.633,4.3,2.4,0.6,0.4,2.1,3.1,10.9
2,2,36,1080,5.0,12.0,.415,3.3,7.3,.455,1.7,4.7,.354,2.8,4.4,.633,5.7,3.1,0.9,0.6,2.8,4.2,14.5
2,3,36,1080,7.6,18.4,.415,5.1,11.2,.455,2.5,7.2,.354,4.3,6.8,.633,8.7,4.8,1.3,0.9,4.2,6.4,22.1,,104.7,107.4
2,4,36,1080,13.8,.512,.485,.391,.369,395,4.0,11.2,7.9,16.6,1.3,1.5,16.4,21.8,,1.4,1.1,2.5,.092,,0.2,-1.0,-0.8
3,0,36,1114,137,317,.432,94,194,.485,43,123,.350,81,111,.730,50,133,183,43,19,34,61,106,398
3,1,36,30.9,3.8,8.8,.432,2.6,5.4,.485,1.2,3.4,.350,2.3,3.1,.730,5.1,1.2,0.5,0.9,1.7,2.9,11.1
3,2,36,1114,4.9,11.4,.432,3.4,7.0,.485,1.5,4.4,.350,2.9,4.0,.730,6.6,1.5,0.7,1.2,2.2,3.8,14.3
3,3,36,1114,7.5,17.4,.432,5.2,10.6,.485,2.4,6.7,.350,4.4,6.1,.730,10.0,2.4,1.0,1.9,3.3,5.8,21.8,,110.1,106.6
3,4,36,1114,15.1,.538,.500,.388,.350,382,5.4,12.3,9.1,8.1,1.0,3.1,14.2,20.0,,1.8,1.2,3.0,.109,,0.3,-0.3,0.0
4,0,24,206,32,59,.542,32,59,.542,0,0,,13,23,.565,30,37,67,2,4,6,6,33,77
4,1,24,8.6,1.3,2.5,.542,1.3,2.5,.542,0.0,0.0,,0.5,1.0,.565,2.8,0.1,0.2,0.3,0.3,1.4,3.2
4,2,24,206,6.2,11.5,.542,6.2,11.5,.542,0.0,0.0,,2.5,4.5,.565,13.0,0.4,0.8,1.2,1.2,6.4,15.0
4,3,24,206,9.5,17.5,.542,9.5,17.5,.542,0.0,0.0,,3.9,6.8,.565,19.9,0.6,1.2,1.8,1.8,9.8,22.8,,123.8,102.7
4,4,24,206,21.6,.551,.542,.000,.390,80,17.5,18.5,18.1,2.2,1.2,2.9,7.9,19.0,,0.6,0.3,0.9,.173,,-0.1,-2.7,-2.8
5,0,16,43,2,5,.400,2,5,.400,0,0,,1,1,1.000,5,1,6,0,2,0,4,5,5
5,1,16,2.7,0.1,0.3,.400,0.1,0.3,.400,0.0,0.0,,0.1,0.1,1.000,0.4,0.0,0.1,0.0,0.3,0.3,0.3
5,2,16,43,1.9,4.7,.400,1.9,4.7,.400,0.0,0.0,,0.9,0.9,1.000,5.6,0.0,1.9,0.0,3.7,4.7,4.7
5,3,16,43,2.8,7.1,.400,2.8,7.1,.400,0.0,0.0,,1.4,1.4,1.000,8.5,0.0,2.8,0.0,5.7,7.1,7.1,,76.9,109.4
5,4,16,43,3.9,.457,.400,.000,.200,7,14.0,2.4,7.7,0.0,2.8,0.0,42.2,11.4,,0.0,0.0,0.0,-.004,,-4.9,-1.9,-6.8
6,0,36,451,19,43,.442,19,42,.452,0,1,.000,15,29,.517,47,62,109,10,2,28,15,62,53
6,1,36,12.5,0.5,1.2,.442,0.5,1.2,.452,0.0,0.0,.000,0.4,0.8,.517,3.0,0.3,0.1,0.8,0.4,1.7,1.5
6,2,36,451,1.7,3.8,.442,1.7,3.7,.452,0.0,0.1,.000,1.3,2.6,.517,9.7,0.9,0.2,2.5,1.3,5.5,4.7
6,3,36,451,2.6,5.8,.442,2.6,5.7,.452,0.0,0.1,.000,2.0,3.9,.517,14.8,1.4,0.3,3.8,2.0,8.4,7.2,,108.4,105.4
6,4,36,451,10.0,.467,.442,.023,.674,77,12.6,14.2,13.4,4.0,0.3,6.2,20.9,8.2,,0.3,0.5,0.9,.078,,-2.2,2.2,0.0
7,0,36,909,127,308,.412,96,220,.436,31,88,.352,127,201,.632,33,73,106,33,26,4,66,88,412
7,1,36,25.3,3.5,8.6,.412,2.7,6.1,.436,0.9,2.4,.352,3.5,5.6,.632,2.9,0.9,0.7,0.1,1.8,2.4,11.4
7,2,36,909,5.6,13.6,.412,4.2,9.7,.436,1.4,3.9,.352,5.6,8.8,.632,4.7,1.5,1.1,0.2,2.9,3.9,18.1
7,3,36,909,8.5,20.7,.412,6.5,14.8,.436,2.1,5.9,.352,8.5,13.5,.632,7.1,2.2,1.7,0.3,4.4,5.9,27.7,,103.4,108.6
7,4,36,909,14.7,.511,.463,.286,.653,384,4.4,8.3,6.5,7.9,1.7,0.4,14.1,26.7,,1.2,0.8,2.0,.090,,-1.3,-3.1,-4.4
8,0,5,102,10,27,.370,8,15,.533,2,12,.167,3,4,.750,0,4,4,9,4,1,9,12,25
8,1,5,20.4,2.0,5.4,.370,1.6,3.0,.533,0.4,2.4,.167,0.6,0.8,.750,0.8,1.8,0.8,0.2,1.8,2.4,5.0
8,2,5,102,3.9,10.6,.370,3.1,5.9,.533,0.8,4.7,.167,1.2,1.6,.750,1.6,3.5,1.6,0.4,3.5,4.7,9.8
8,3,5,102,6.0,16.2,.370,4.8,9.0,.533,1.2,7.2,.167,1.8,2.4,.750,2.4,5.4,2.4,0.6,5.4,7.2,15.0,,82.8,109.0
8,4,5,102,5.4,.433,.407,.444,.148,26,0.0,4.0,2.2,17.6,2.4,1.0,23.7,19.2,,-0.1,0.1,0.0,.002,,-4.7,-2.6,-7.2
9,0,25,105,11,31,.355,5,7,.714,6,24,.250,6,9,.667,1,7,8,2,3,0,3,7,34
9,1,25,4.2,0.4,1.2,.355,0.2,0.3,.714,0.2,1.0,.250,0.2,0.4,.667,0.3,0.1,0.1,0.0,0.1,0.3,1.4
9,2,25,105,4.2,11.8,.355,1.9,2.7,.714,2.3,9.1,.250,2.3,3.4,.667,3.0,0.8,1.1,0.0,1.1,2.7,13.0
9,3,25,105,6.4,18.0,.355,2.9,4.1,.714,3.5,14.0,.250,3.5,5.2,.667,4.7,1.2,1.7,0.0,1.7,4.1,19.8,,105.5,109.7
9,4,25,105,10.2,.482,.452,.774,.290,30,1.1,6.9,4.2,3.8,1.7,0.0,7.8,18.8,,0.1,0.1,0.2,.074,,-0.8,-4.3,-5.1
10,0,6,10,1,4,.250,1,3,.333,0,1,.000,0,0,,0,0,0,1,1,0,0,0,2
10,1,6,1.7,0.2,0.7,.250,0.2,0.5,.333,0.0,0.2,.000,0.0,0.0,,0.0,0.2,0.2,0.0,0.0,0.0,0.3
10,2,6,10,4.0,16.0,.250,4.0,12.0,.333,0.0,4.0,.000,0.0,0.0,,0.0,4.0,4.0,0.0,0.0,0.0,8.0
10,3,6,10,6.1,24.4,.250,6.1,18.3,.333,0.0,6.1,.000,0.0,0.0,,0.0,6.1,6.1,0.0,0.0,0.0,12.2,,76.9,104.2
10,4,6,10,7.8,.250,.250,.250,.000,2,0.0,0.0,0.0,20.0,6.1,0.0,0.0,20.6,,0.0,0.0,0.0,.001,,-6.8,-4.2,-11.0
11,0,36,908,83,205,.405,12,31,.387,71,174,.408,94,103,.913,5,50,55,28,16,0,23,61,331
11,1,36,25.2,2.3,5.7,.405,0.3,0.9,.387,2.0,4.8,.408,2.6,2.9,.913,1.5,0.8,0.4,0.0,0.6,1.7,9.2
11,2,36,908,3.7,9.0,.405,0.5,1.4,.387,3.1,7.7,.408,4.1,4.5,.913,2.4,1.2,0.7,0.0,1.0,2.7,14.6
11,3,36,908,5.6,13.8,.405,0.8,2.1,.387,4.8,11.7,.408,6.3,6.9,.913,3.7,1.9,1.1,0.0,1.5,4.1,22.3,,138.9,111.8
11,4,36,908,15.2,.652,.578,.849,.502,290,0.7,5.7,3.4,6.1,1.1,0.0,8.3,15.7,,2.8,0.6,3.4,.149,,4.6,-3.3,1.3
12,0,4,9,1,1,1.000,1,1,1.000,0,0,,2,2,1.000,1,2,3,0,1,0,1,2,4
12,1,4,2.3,0.3,0.3,1.000,0.3,0.3,1.000,0.0,0.0,,0.5,0.5,1.000,0.8,0.0,0.3,0.0,0.3,0.5,1.0
12,2,4,9,4.4,4.4,1.000,4.4,4.4,1.000,0.0,0.0,,8.9,8.9,1.000,13.3,0.0,4.4,0.0,4.4,8.9,17.8
12,3,4,9,6.8,6.8,1.000,6.8,6.8,1.000,0.0,0.0,,13.6,13.6,1.000,20.4,0.0,6.8,0.0,6.8,13.6,27.2,,140.1,89.3
12,4,4,9,29.9,1.026,1.000,.000,2.000,4,13.4,22.9,18.5,0.0,6.8,0.0,33.9,16.9,,0.0,0.0,0.1,.273,,3.2,-1.3,2.0
13,0,6,12,1,2,.500,0,1,.000,1,1,1.000,0,0,,0,3,3,0,0,0,1,2,3
13,1,6,2.0,0.2,0.3,.500,0.0,0.2,.000,0.2,0.2,1.000,0.0,0.0,,0.5,0.0,0.0,0.0,0.2,0.3,0.5
13,2,6,12,3.3,6.7,.500,0.0,3.3,.000,3.3,3.3,1.000,0.0,0.0,,10.0,0.0,0.0,0.0,3.3,6.7,10.0
13,3,6,12,5.1,10.2,.500,0.0,5.1,.000,5.1,5.1,1.000,0.0,0.0,,15.3,0.0,0.0,0.0,5.1,10.2,15.3,,94.7,103.1
13,4,6,12,6.9,.750,.750,.500,.000,2,0.0,25.7,13.9,0.0,0.0,0.0,33.3,12.9,,0.0,0.0,0.0,.063,,-5.8,-5.6,-11.5
14,0,36,911,82,153,.536,82,153,.536,0,0,,59,102,.578,95,92,187,12,20,44,16,100,223
14,1,36,25.3,2.3,4.3,.536,2.3,4.3,.536,0.0,0.0,,1.6,2.8,.578,5.2,0.3,0.6,1.2,0.4,2.8,6.2
14,2,36,911,3.6,6.7,.536,3.6,6.7,.536,0.0,0.0,,2.6,4.5,.578,8.2,0.5,0.9,1.9,0.7,4.4,9.8
14,3,36,911,5.5,10.3,.536,5.5,10.3,.536,0.0,0.0,,4.0,6.8,.578,12.5,0.8,1.3,3.0,1.1,6.7,15.0,,128.4,105.9
14,4,36,911,16.5,.553,.536,.000,.667,245,12.6,10.4,11.4,2.6,1.3,4.8,7.4,12.3,,2.0,1.1,3.1,.134,,0.9,1.2,2.1
