0,0,27,303,23,60,.383,15,30,.500,8,30,.267,28,39,.718,8,18,26,8,5,0,26,22,82
0,1,27,11.2,0.9,2.2,.383,0.6,1.1,.500,0.3,1.1,.267,1.0,1.4,.718,1.0,0.3,0.2,0.0,1.0,0.8,3.0
0,2,27,303,3.0,7.9,.383,2.0,4.0,.500,1.1,4.0,.267,3.7,5.1,.718,3.4,1.1,0.7,0.0,3.4,2.9,10.8
0,3,27,303,4.6,12.0,.383,3.0,6.0,.500,1.6,6.0,.267,5.6,7.8,.718,5.2,1.6,1.0,0.0,5.2,4.4,16.5,,89.3,111.3
0,4,27,303,6.2,.522,.450,.500,.650,77,3.0,6.9,4.9,5.5,1.0,0.0,24.9,17.8,,-0.1,0.2,0.1,.017,,-4.6,-3.3,-7.9
1,0,31,757,110,253,.435,71,140,.507,39,113,.345,67,107,.626,39,87,126,16,12,16,38,59,326
1,1,31,24.4,3.5,8.2,.435,2.3,4.5,.507,1.3,3.6,.345,2.2,3.5,.626,4.1,0.5,0.4,0.5,1.2,1.9,10.5
1,2,31,757,5.8,13.4,.435,3.8,7.4,.507,2.1,6.0,.345,3.5,5.7,.626,6.7,0.8,0.6,0.8,2.0,3.1,17.2
1,3,31,757,8.8,20.3,.435,5.7,11.3,.507,3.1,9.1,.345,5.4,8.6,.626,10.1,1.3,1.0,1.3,3.1,4.7,26.2,,108.5,107.4
1,4,31,757,16.4,.536,.512,.447,.423,291,5.8,13.4,9.5,5.1,1.0,2.2,11.1,23.3,,1.3,0.8,2.0,.108,,-0.3,-2.7,-3.0
2,0,7,6,1,4,.250,1,3,.333,0,1,.000,0,0,,1,0,1,0,0,0,0,0,2
2,1,7,0.9,0.1,0.6,.250,0.1,0.4,.333,0.0,0.1,.000,0.0,0.0,,0.1,0.0,0.0,0.0,0.0,0.0,0.3
2,2,7,6,6.7,26.7,.250,6.7,20.0,.333,0.0,6.7,.000,0.0,0.0,,6.7,0.0,0.0,0.0,0.0,0.0,13.3
2,3,7,6,10.1,40.6,.250,10.1,30.4,.333,0.0,10.1,.000,0.0,0.0,,10.1,0.0,0.0,0.0,0.0,0.0,20.3,,72.6,116.9
2,4,7,6,2.6,.250,.250,.250,.000,2,18.7,0.0,9.5,0.0,0.0,0.0,0.0,34.5,,0.0,0.0,0.0,-.107,,-11.3,-12.9,-24.2
3,0,31,386,31,88,.352,19,44,.432,12,44,.273,43,75,.573,7,26,33,31,16,1,24,33,117
3,1,31,12.5,1.0,2.8,.352,0.6,1.4,.432,0.4,1.4,.273,1.4,2.4,.573,1.1,1.0,0.5,0.0,0.8,1.1,3.8
3,2,31,386,3.2,9.1,.352,2.0,4.6,.432,1.2,4.6,.273,4.5,7.8,.573,3.4,3.2,1.7,0.1,2.5,3.4,12.1
3,3,31,386,4.9,13.9,.352,3.0,6.9,.432,1.9,6.9,.273,6.8,11.8,.573,5.2,4.9,2.5,0.2,3.8,5.2,18.4,,97.6,107.3
3,4,31,386,10.7,.473,.420,.500,.852,120,2.0,7.9,4.9,16.8,2.5,0.3,16.3,19.8,,0.2,0.4,0.6,.062,,-2.2,-2.3,-4.6
4,0,28,444,56,141,.397,40,75,.533,16,66,.242,27,35,.771,24,67,91,7,17,17,26,51,155
4,1,28,15.9,2.0,5.0,.397,1.4,2.7,.533,0.6,2.4,.242,1.0,1.3,.771,3.3,0.3,0.6,0.6,0.9,1.8,5.5
4,2,28,444,5.0,12.7,.397,3.6,6.8,.533,1.4,5.9,.242,2.4,3.2,.771,8.2,0.6,1.5,1.5,2.3,4.6,14.0
4,3,28,444,7.7,19.3,.397,5.5,10.3,.533,2.2,9.0,.242,3.7,4.8,.771,12.5,1.0,2.3,2.3,3.6,7.0,21.2,,97.7,101.4
4,4,28,444,14.2,.492,.454,.468,.248,142,6.1,17.6,11.7,3.6,2.3,4.0,14.2,21.4,,0.2,0.7,0.9,.085,,-3.3,-0.6,-3.8
5,0,6,10,1,3,.333,1,2,.500,0,1,.000,0,0,,0,1,1,0,1,0,1,0,2
5,1,6,1.7,0.2,0.5,.333,0.2,0.3,.500,0.0,0.2,.000,0.0,0.0,,0.2,0.0,0.2,0.0,0.2,0.0,0.3
5,2,6,10,4.0,12.0,.333,4.0,8.0,.500,0.0,4.0,.000,0.0,0.0,,4.0,0.0,4.0,0.0,4.0,0.0,8.0
5,3,6,10,6.1,18.3,.333,6.1,12.2,.500,0.0,6.1,.000,0.0,0.0,,6.1,0.0,6.1,0.0,6.1,0.0,12.2,,52.7,98.4
5,4,6,10,3.4,.333,.333,.333,.000,2,0.0,11.7,5.7,0.0,6.1,0.0,25.0,20.7,,0.0,0.0,0.0,-.066,,-11.7,-0.8,-12.5
6,0,6,8,0,0,,0,0,,0,0,,0,0,,0,1,1,1,0,0,0,2,0
6,1,6,1.3,0.0,0.0,,0.0,0.0,,0.0,0.0,,0.0,0.0,,0.2,0.2,0.0,0.0,0.0,0.3,0.0
6,2,6,8,0.0,0.0,,0.0,0.0,,0.0,0.0,,0.0,0.0,,5.0,5.0,0.0,0.0,0.0,10.0,0.0
6,3,6,8,0.0,0.0,,0.0,0.0,,0.0,0.0,,0.0,0.0,,7.6,7.6,0.0,0.0,0.0,15.2,0.0,,231.2,109.2
6,4,6,8,3.0,,,,,1,0.0,14.6,7.2,22.4,0.0,0.0,,0.0,,0.0,0.0,0.0,.078,,-5.6,-1.2,-6.9
7,0,31,928,81,238,.340,35,104,.337,46,134,.343,76,97,.784,58,85,143,62,42,5,32,84,284
7,1,31,29.9,2.6,7.7,.340,1.1,3.4,.337,1.5,4.3,.343,2.5,3.1,.784,4.6,2.0,1.4,0.2,1.0,2.7,9.2
7,2,31,928,3.5,10.3,.340,1.5,4.5,.337,2.0,5.8,.343,3.3,4.2,.784,6.2,2.7,1.8,0.2,1.4,3.6,12.2
7,3,31,928,5.3,15.6,.340,2.3,6.8,.337,3.0,8.8,.343,5.0,6.4,.784,9.4,4.1,2.8,0.3,2.1,5.5,18.6,,114.6,105.4
7,4,31,928,15.3,.500,.437,.563,.408,301,7.0,10.7,8.8,14.2,2.8,0.6,10.1,17.6,,1.7,1.1,2.8,.122,,2.0,-0.1,1.9
8,0,31,1056,121,238,.508,121,232,.522,0,6,.000,132,199,.663,45,123,168,80,25,1,64,62,374
8,1,31,34.1,3.9,7.7,.508,3.9,7.5,.522,0.0,0.2,.000,4.3,6.4,.663,5.4,2.6,0.8,0.0,2.1,2.0,12.1
8,2,31,1056,4.6,9.0,.508,4.6,8.8,.522,0.0,0.2,.000,5.0,7.5,.663,6.4,3.0,0.9,0.0,2.4,2.3,14.2
8,3,31,1056,7.0,13.7,.508,7.0,13.4,.522,0.0,0.3,.000,7.6,11.5,.663,9.7,4.6,1.4,0.1,3.7,3.6,21.5,,112.4,107.5
8,4,31,1056,16.5,.562,.508,.025,.836,380,4.8,13.6,9.1,17.1,1.4,0.1,16.1,19.4,,2.0,1.1,3.1,.116,,-0.2,-0.8,-0.9
9,0,31,862,111,223,.498,111,223,.498,0,0,,63,99,.636,86,129,215,33,29,22,84,75,285
9,1,31,27.8,3.6,7.2,.498,3.6,7.2,.498,0.0,0.0,,2.0,3.2,.636,6.9,1.1,0.9,0.7,2.7,2.4,9.2
9,2,31,862,5.2,10.3,.498,5.2,10.3,.498,0.0,0.0,,2.9,4.6,.636,10.0,1.5,1.3,1.0,3.9,3.5,13.2
9,3,31,862,7.8,15.7,.498,7.8,15.7,.498,0.0,0.0,,4.4,7.0,.636,15.2,2.3,2.0,1.6,5.9,5.3,20.1,,95.6,102.9
9,4,31,862,15.2,.528,.498,.000,.444,295,11.2,17.5,14.3,8.9,2.0,2.7,23.7,21.2,,0.3,1.2,1.6,.072,,-3.3,1.1,-2.2
10,0,31,389,26,56,.464,26,56,.464,0,0,,12,26,.462,57,80,137,6,8,15,10,59,64
10,1,31,12.5,0.8,1.8,.464,0.8,1.8,.464,0.0,0.0,,0.4,0.8,.462,4.4,0.2,0.3,0.5,0.3,1.9,2.1
10,2,31,389,2.7,5.8,.464,2.7,5.8,.464,0.0,0.0,,1.2,2.7,.462,14.1,0.6,0.8,1.5,1.0,6.1,6.6
10,3,31,389,4.1,8.8,.464,4.1,8.8,.464,0.0,0.0,,1.9,4.1,.462,21.4,0.9,1.3,2.3,1.6,9.2,10.0,,113.8,100.8
10,4,31,389,14.2,.468,.464,.000,.464,85,16.4,24.0,20.1,3.1,1.3,4.1,12.8,10.4,,0.5,0.6,1.1,.114,,-3.2,0.8,-2.4
11,0,31,1146,142,384,.370,44,134,.328,98,250,.392,48,73,.658,12,76,88,99,27,1,78,46,430
11,1,31,37.0,4.6,12.4,.370,1.4,4.3,.328,3.2,8.1,.392,1.5,2.4,.658,2.8,3.2,0.9,0.0,2.5,1.5,13.9
11,2,31,1146,5.0,13.4,.370,1.5,4.7,.328,3.4,8.7,.392,1.7,2.5,.658,3.1,3.5,0.9,0.0,2.7,1.6,15.0
11,3,31,1146,7.5,20.4,.370,2.3,7.1,.328,5.2,13.3,.392,2.5,3.9,.658,4.7,5.3,1.4,0.1,4.1,2.4,22.8,,102.2,110.1
11,4,31,1146,12.4,.514,.497,.651,.190,410,1.2,7.7,4.4,19.9,1.4,0.1,15.7,22.4,,1.2,0.9,2.1,.072,,0.9,-3.0,-2.2
