0,0,33,612,64,205,.312,29,73,.397,35,132,.265,18,26,.692,27,49,76,16,5,4,22,32,181
0,1,33,18.5,1.9,6.2,.312,0.9,2.2,.397,1.1,4.0,.265,0.5,0.8,.692,2.3,0.5,0.2,0.1,0.7,1.0,5.5
0,2,33,612,4.2,13.4,.312,1.9,4.8,.397,2.3,8.6,.265,1.2,1.7,.692,5.0,1.0,0.3,0.3,1.4,2.1,11.8
0,3,33,612,6.8,21.7,.312,3.1,7.7,.397,3.7,13.9,.265,1.9,2.7,.692,8.0,1.7,0.5,0.4,2.3,3.4,19.1,,90.3,110.7
0,4,33,612,9.0,.416,.398,.644,.127,169,4.8,10.2,7.3,5.8,0.5,0.8,9.2,21.4,,0.1,0.2,0.3,.019,,-2.0,-4.4,-6.4
1,0,33,760,113,209,.541,113,209,.541,0,0,,44,58,.759,81,112,193,8,5,13,27,65,270
1,1,33,23.0,3.4,6.3,.541,3.4,6.3,.541,0.0,0.0,,1.3,1.8,.759,5.8,0.2,0.2,0.4,0.8,2.0,8.2
1,2,33,760,5.9,11.0,.541,5.9,11.0,.541,0.0,0.0,,2.3,3.1,.759,10.2,0.4,0.3,0.7,1.4,3.4,14.2
1,3,33,760,9.6,17.8,.541,9.6,17.8,.541,0.0,0.0,,3.7,4.9,.759,16.4,0.7,0.4,1.1,2.3,5.5,23.0,,117.1,106.4
1,4,33,760,20.2,.571,.541,.000,.278,256,11.7,18.7,15.0,2.6,0.4,2.1,10.2,19.0,,2.0,0.6,2.5,.134,,-0.4,-3.0,-3.4
2,0,7,27,2,4,.500,2,4,.500,0,0,,0,0,,2,5,7,0,0,2,3,1,4
2,1,7,3.9,0.3,0.6,.500,0.3,0.6,.500,0.0,0.0,,0.0,0.0,,1.0,0.0,0.0,0.3,0.4,0.1,0.6
2,2,7,27,3.0,5.9,.500,3.0,5.9,.500,0.0,0.0,,0.0,0.0,,10.4,0.0,0.0,3.0,4.4,1.5,5.9
2,3,7,27,4.8,9.6,.500,4.8,9.6,.500,0.0,0.0,,0.0,0.0,,16.8,0.0,0.0,4.8,7.2,2.4,9.6,,64.6,102.3
2,4,7,27,7.6,.500,.500,.000,.000,4,8.1,23.5,15.3,0.0,0.0,8.9,42.9,14.2,,0.0,0.0,0.0,-.027,,-11.6,-0.5,-12.1
3,0,27,375,42,105,.400,19,49,.388,23,56,.411,14,24,.583,25,52,77,11,11,12,19,30,121
3,1,27,13.9,1.6,3.9,.400,0.7,1.8,.388,0.9,2.1,.411,0.5,0.9,.583,2.9,0.4,0.4,0.4,0.7,1.1,4.5
3,2,27,375,4.5,11.2,.400,2.0,5.2,.388,2.5,6.0,.411,1.5,2.6,.583,8.2,1.2,1.2,1.3,2.0,3.2,12.9
3,3,27,375,7.2,18.1,.400,3.3,8.4,.388,4.0,9.7,.411,2.4,4.1,.583,13.3,1.9,1.9,2.1,3.3,5.2,20.9,,102.6,102.7
3,4,27,375,16.7,.520,.510,.533,.229,114,7.3,17.6,12.1,6.6,1.9,3.8,14.0,19.8,,0.5,0.4,0.9,.096,,-0.2,-0.6,-0.8
4,0,32,570,68,193,.352,38,85,.447,30,108,.278,22,30,.733,29,64,93,12,11,4,21,44,188
4,1,32,17.8,2.1,6.0,.352,1.2,2.7,.447,0.9,3.4,.278,0.7,0.9,.733,2.9,0.4,0.3,0.1,0.7,1.4,5.9
4,2,32,570,4.8,13.5,.352,2.7,6.0,.447,2.1,7.6,.278,1.5,2.1,.733,6.5,0.8,0.8,0.3,1.5,3.1,13.2
4,3,32,570,7.7,21.9,.352,4.3,9.6,.447,3.4,12.3,.278,2.5,3.4,.733,10.5,1.4,1.2,0.5,2.4,5.0,21.3,,96.2,107.1
4,4,32,570,12.4,.454,.430,.560,.155,172,5.6,14.2,9.6,4.8,1.2,0.8,9.2,21.9,,0.4,0.4,0.8,.057,,-1.2,-3.9,-5.1
5,0,33,1083,144,351,.410,132,295,.447,12,56,.214,76,103,.738,64,120,184,97,55,20,49,89,376
5,1,33,32.8,4.4,10.6,.410,4.0,8.9,.447,0.4,1.7,.214,2.3,3.1,.738,5.6,2.9,1.7,0.6,1.5,2.7,11.4
5,2,33,1083,5.3,13.0,.410,4.9,10.9,.447,0.4,2.1,.214,2.8,3.8,.738,6.8,3.6,2.0,0.7,1.8,3.3,13.9
5,3,33,1083,8.6,21.0,.410,7.9,17.6,.447,0.7,3.3,.214,4.5,6.1,.738,11.0,5.8,3.3,1.2,2.9,5.3,22.4,,104.3,101.9
5,4,33,1083,19.7,.470,.427,.160,.293,396,6.5,14.1,10.0,21.0,3.3,2.2,10.9,22.7,,1.9,1.3,3.2,.117,,1.6,1.5,3.0
6,0,32,490,35,97,.361,14,34,.412,21,63,.333,7,11,.636,12,31,43,10,15,1,18,46,98
6,1,32,15.3,1.1,3.0,.361,0.4,1.1,.412,0.7,2.0,.333,0.2,0.3,.636,1.3,0.3,0.5,0.0,0.6,1.4,3.1
6,2,32,490,2.9,7.9,.361,1.1,2.8,.412,1.7,5.1,.333,0.6,0.9,.636,3.5,0.8,1.2,0.1,1.5,3.8,8.0
6,3,32,490,4.6,12.8,.361,1.8,4.5,.412,2.8,8.3,.333,0.9,1.5,.636,5.7,1.3,2.0,0.1,2.4,6.1,12.9,,92.8,108.3
6,4,32,490,7.1,.479,.469,.649,.113,89,2.7,8.0,5.2,4.2,2.0,0.2,15.0,13.4,,0.1,0.3,0.4,.032,,-2.2,-1.9,-4.1
7,0,5,10,0,1,.000,0,1,.000,0,0,,0,0,,0,0,0,1,0,0,0,1,0
7,1,5,2.0,0.0,0.2,.000,0.0,0.2,.000,0.0,0.0,,0.0,0.0,,0.0,0.2,0.0,0.0,0.0,0.2,0.0
7,2,5,10,0.0,4.0,.000,0.0,4.0,.000,0.0,0.0,,0.0,0.0,,0.0,4.0,0.0,0.0,0.0,4.0,0.0
7,3,5,10,0.0,6.5,.000,0.0,6.5,.000,0.0,0.0,,0.0,0.0,,0.0,6.5,0.0,0.0,0.0,6.5,0.0,,53.5,116.2
7,4,5,10,-2.1,.000,.000,.000,.000,0,0.0,0.0,0.0,17.9,0.0,0.0,0.0,5.5,,0.0,0.0,0.0,-.048,,-9.7,-6.7,-16.5
8,0,33,829,91,204,.446,90,201,.448,1,3,.333,81,133,.609,15,78,93,87,35,3,71,59,264
8,1,33,25.1,2.8,6.2,.446,2.7,6.1,.448,0.0,0.1,.333,2.5,4.0,.609,2.8,2.6,1.1,0.1,2.2,1.8,8.0
8,2,33,829,4.4,9.8,.446,4.3,9.7,.448,0.0,0.1,.333,3.9,6.4,.609,4.5,4.2,1.7,0.1,3.4,2.8,12.7
8,3,33,829,7.1,15.9,.446,7.0,15.7,.448,0.1,0.2,.333,6.3,10.4,.609,7.3,6.8,2.7,0.2,5.5,4.6,20.6,,93.6,105.0
8,4,33,829,14.3,.494,.449,.015,.652,274,2.0,11.9,6.6,23.3,2.7,0.4,21.0,22.3,,0.5,0.7,1.2,.057,,-2.4,-0.9,-3.3
9,0,19,376,34,114,.298,7,29,.241,27,85,.318,8,11,.727,6,27,33,14,9,1,20,29,103
9,1,19,19.8,1.8,6.0,.298,0.4,1.5,.241,1.4,4.5,.318,0.4,0.6,.727,1.7,0.7,0.5,0.1,1.1,1.5,5.4
9,2,19,376,3.6,12.1,.298,0.7,3.1,.241,2.9,9.0,.318,0.9,1.2,.727,3.5,1.5,1.0,0.1,2.1,3.1,11.0
9,3,19,376,5.8,19.6,.298,1.2,5.0,.241,4.6,14.6,.318,1.4,1.9,.727,5.7,2.4,1.5,0.2,3.4,5.0,17.7,,85.6,108.9
9,4,19,376,7.0,.432,.417,.746,.096,94,1.8,9.1,5.2,7.9,1.5,0.3,14.4,20.3,,-0.1,0.2,0.1,.008,,-2.2,-3.5,-5.7
10,0,33,437,37,66,.561,37,65,.569,0,1,.000,10,18,.556,43,65,108,5,10,20,17,72,84
10,1,33,13.2,1.1,2.0,.561,1.1,2.0,.569,0.0,0.0,.000,0.3,0.5,.556,3.3,0.2,0.3,0.6,0.5,2.2,2.5
10,2,33,437,3.4,6.0,.561,3.4,5.9,.569,0.0,0.1,.000,0.9,1.6,.556,9.9,0.5,0.9,1.8,1.6,6.6,7.7
10,3,33,437,5.5,9.8,.561,5.5,9.6,.569,0.0,0.1,.000,1.5,2.7,.556,16.0,0.7,1.5,3.0,2.5,10.7,12.4,,108.7,101.7
10,4,33,437,13.7,.563,.561,.015,.273,89,10.8,18.9,14.6,2.4,1.5,5.5,18.6,11.5,,0.5,0.5,1.0,.096,,-2.9,1.3,-1.7
11,0,33,1146,123,337,.365,61,169,.361,62,168,.369,34,49,.694,11,54,65,109,23,1,67,40,342
11,1,33,34.7,3.7,10.2,.365,1.8,5.1,.361,1.9,5.1,.369,1.0,1.5,.694,2.0,3.3,0.7,0.0,2.0,1.2,10.4
11,2,33,1146,4.3,11.8,.365,2.1,5.9,.361,2.2,5.9,.369,1.2,1.7,.694,2.3,3.8,0.8,0.0,2.3,1.4,11.9
11,3,33,1146,6.9,19.0,.365,3.4,9.5,.361,3.5,9.5,.369,1.9,2.8,.694,3.7,6.2,1.3,0.1,3.8,2.3,19.3,,96.0,111.2
11,4,33,1146,11.4,.475,.457,.499,.145,341,1.1,6.0,3.3,21.0,1.3,0.1,15.7,20.4,,0.8,0.3,1.1,.040,,-0.2,-3.6,-3.8
12,0,5,62,5,21,.238,4,13,.308,1,8,.125,4,5,.800,2,8,10,4,0,0,6,6,15
12,1,5,12.4,1.0,4.2,.238,0.8,2.6,.308,0.2,1.6,.125,0.8,1.0,.800,2.0,0.8,0.0,0.0,1.2,1.2,3.0
12,2,5,62,3.2,13.5,.238,2.6,8.4,.308,0.6,5.2,.125,2.6,3.2,.800,6.5,2.6,0.0,0.0,3.9,3.9,9.7
12,3,5,62,5.2,21.9,.238,4.2,13.6,.308,1.0,8.3,.125,4.2,5.2,.800,10.4,4.2,0.0,0.0,6.3,6.3,15.6,,66.0,109.2
12,4,5,62,0.6,.321,.262,.381,.238,16,3.5,16.4,9.5,13.5,0.0,0.0,20.4,26.0,,-0.2,0.0,-0.1,-.094,,-9.0,-4.6,-13.7
