0,0,7,20,1,4,.250,1,4,.250,0,0,,0,0,,2,1,3,0,0,1,2,3,2
0,1,7,2.9,0.1,0.6,.250,0.1,0.6,.250,0.0,0.0,,0.0,0.0,,0.4,0.0,0.0,0.1,0.3,0.4,0.3
0,2,7,20,2.0,8.0,.250,2.0,8.0,.250,0.0,0.0,,0.0,0.0,,6.0,0.0,0.0,2.0,4.0,6.0,4.0
0,3,7,20,3.1,12.6,.250,3.1,12.6,.250,0.0,0.0,,0.0,0.0,,9.4,0.0,0.0,3.1,6.3,9.4,6.3,,51.9,113.9
0,4,7,20,-2.8,.250,.250,.000,.000,3,12.0,5.9,8.9,0.0,0.0,5.8,33.3,16.3,,-0.1,0.0,-0.1,-.111,,-12.7,-2.5,-15.2
1,0,33,394,38,66,.576,38,66,.576,0,0,,17,34,.500,35,44,79,5,5,12,27,58,93
1,1,33,11.9,1.2,2.0,.576,1.2,2.0,.576,0.0,0.0,,0.5,1.0,.500,2.4,0.2,0.2,0.4,0.8,1.8,2.8
1,2,33,394,3.9,6.7,.576,3.9,6.7,.576,0.0,0.0,,1.7,3.5,.500,8.0,0.5,0.5,1.2,2.7,5.9,9.4
1,3,33,394,6.1,10.6,.576,6.1,10.6,.576,0.0,0.0,,2.7,5.4,.500,12.6,0.8,0.8,1.9,4.3,9.3,14.9,,98.1,110.1
1,4,33,394,10.7,.566,.576,.000,.515,96,10.7,13.1,11.9,3.1,0.8,3.5,24.7,15.1,,0.2,0.3,0.5,.049,,-4.0,-1.1,-5.1
2,0,14,24,0,7,.000,0,4,.000,0,3,.000,2,2,1.000,0,2,2,1,1,0,4,2,2
2,1,14,1.7,0.0,0.5,.000,0.0,0.3,.000,0.0,0.2,.000,0.1,0.1,1.000,0.1,0.1,0.1,0.0,0.3,0.1,0.1
2,2,14,24,0.0,11.7,.000,0.0,6.7,.000,0.0,5.0,.000,3.3,3.3,1.000,3.3,1.7,1.7,0.0,6.7,3.3,3.3
2,3,14,24,0.0,18.4,.000,0.0,10.5,.000,0.0,7.9,.000,5.2,5.2,1.000,5.2,2.6,2.6,0.0,10.5,5.2,5.2,,24.2,109.7
2,4,14,24,-14.9,.126,.000,.429,.286,2,0.0,9.8,4.9,8.2,2.6,0.0,33.5,27.1,,-0.2,0.0,-0.2,-.293,,-19.4,-3.1,-22.5
3,0,33,1069,160,386,.415,131,283,.463,29,103,.282,151,214,.706,33,103,136,66,41,3,80,97,500
3,1,33,32.4,4.8,11.7,.415,4.0,8.6,.463,0.9,3.1,.282,4.6,6.5,.706,4.1,2.0,1.2,0.1,2.4,2.9,15.2
3,2,33,1069,6.0,14.4,.415,4.9,10.6,.463,1.1,3.9,.282,5.7,8.0,.706,5.1,2.5,1.5,0.1,3.0,3.6,18.7
3,3,33,1069,9.4,22.7,.415,7.7,16.7,.463,1.7,6.1,.282,8.9,12.6,.706,8.0,3.9,2.4,0.2,4.7,5.7,29.5,,102.8,109.3
3,4,33,1069,17.3,.513,.452,.267,.554,478,3.7,11.3,7.6,17.2,2.4,0.3,14.1,28.9,,1.5,0.9,2.4,.090,,0.3,-2.2,-1.9
4,0,34,1023,81,168,.482,75,144,.521,6,24,.250,65,114,.570,80,180,260,29,29,11,55,87,233
4,1,34,30.1,2.4,4.9,.482,2.2,4.2,.521,0.2,0.7,.250,1.9,3.4,.570,7.6,0.9,0.9,0.3,1.6,2.6,6.9
4,2,34,1023,3.2,6.6,.482,2.9,5.6,.521,0.2,0.9,.250,2.5,4.5,.570,10.2,1.1,1.1,0.4,2.2,3.4,9.1
4,3,34,1023,5.0,10.3,.482,4.6,8.9,.521,0.4,1.5,.250,4.0,7.0,.570,16.0,1.8,1.8,0.7,3.4,5.4,14.3,,102.2,106.1
4,4,34,1023,13.2,.524,.500,.143,.679,252,9.4,20.6,15.1,6.6,1.8,1.3,19.8,14.7,,0.7,1.2,1.9,.075,,-2.0,0.3,-1.7
5,0,18,97,3,13,.231,2,10,.200,1,3,.333,2,2,1.000,1,9,10,6,2,0,4,10,9
5,1,18,5.4,0.2,0.7,.231,0.1,0.6,.200,0.1,0.2,.333,0.1,0.1,1.000,0.6,0.3,0.1,0.0,0.2,0.6,0.5
5,2,18,97,1.2,5.4,.231,0.8,4.1,.200,0.4,1.2,.333,0.8,0.8,1.000,4.1,2.5,0.8,0.0,1.6,4.1,3.7
5,3,18,97,1.9,8.4,.231,1.3,6.5,.200,0.6,1.9,.333,1.3,1.3,1.000,6.5,3.9,1.3,0.0,2.6,6.5,5.8,,73.4,112.0
5,4,18,97,2.2,.323,.269,.231,.154,11,1.2,10.9,6.1,13.0,1.3,0.0,22.3,10.1,,-0.1,0.1,0.0,-.012,,-6.8,-1.8,-8.6
6,0,34,540,36,107,.336,22,55,.400,14,52,.269,31,41,.756,35,58,93,16,13,6,23,54,117
6,1,34,15.9,1.1,3.1,.336,0.6,1.6,.400,0.4,1.5,.269,0.9,1.2,.756,2.7,0.5,0.4,0.2,0.7,1.6,3.4
6,2,34,540,2.7,7.9,.336,1.6,4.1,.400,1.0,3.9,.269,2.3,3.0,.756,6.9,1.2,1.0,0.4,1.7,4.0,8.7
6,3,34,540,4.2,12.5,.336,2.6,6.4,.400,1.6,6.1,.269,3.6,4.8,.756,10.8,1.9,1.5,0.7,2.7,6.3,13.6,,99.0,110.1
6,4,34,540,9.6,.463,.402,.486,.383,126,7.8,12.6,10.2,6.7,1.5,1.3,15.4,15.1,,0.3,0.4,0.7,.051,,-2.3,-1.5,-3.8
7,0,9,39,1,7,.143,1,2,.500,0,5,.000,4,6,.667,3,4,7,1,0,0,4,2,6
7,1,9,4.3,0.1,0.8,.143,0.1,0.2,.500,0.0,0.6,.000,0.4,0.7,.667,0.8,0.1,0.0,0.0,0.4,0.2,0.7
7,2,9,39,1.0,7.2,.143,1.0,2.1,.500,0.0,5.1,.000,4.1,6.2,.667,7.2,1.0,0.0,0.0,4.1,2.1,6.2
7,3,9,39,1.6,11.3,.143,1.6,3.2,.500,0.0,8.1,.000,6.5,9.7,.667,11.3,1.6,0.0,0.0,6.5,3.2,9.7,,62.4,114.7
7,4,9,39,-0.5,.305,.143,.714,.857,8,9.3,12.0,10.7,5.3,0.0,0.0,28.9,19.3,,-0.1,0.0,-0.1,-.096,,-8.6,-4.7,-13.3
8,0,34,1081,135,304,.444,52,128,.406,83,176,.472,118,142,.831,38,134,172,25,25,0,61,81,471
8,1,34,31.8,4.0,8.9,.444,1.5,3.8,.406,2.4,5.2,.472,3.5,4.2,.831,5.1,0.7,0.7,0.0,1.8,2.4,13.9
8,2,34,1081,5.0,11.2,.444,1.9,4.7,.406,3.1,6.5,.472,4.4,5.3,.831,6.4,0.9,0.9,0.0,2.3,3.0,17.4
8,3,34,1081,7.9,17.7,.444,3.0,7.5,.406,4.8,10.3,.472,6.9,8.3,.831,10.0,1.5,1.5,0.0,3.6,4.7,27.4,,120.2,110.2
8,4,34,1081,18.7,.634,.581,.579,.467,416,4.2,14.5,9.4,6.0,1.5,0.0,14.1,21.8,,2.9,0.8,3.7,.138,,3.6,-3.2,0.4
9,0,17,52,2,6,.333,0,2,.000,2,4,.500,5,8,.625,0,4,4,0,1,0,5,4,11
9,1,17,3.1,0.1,0.4,.333,0.0,0.1,.000,0.1,0.2,.500,0.3,0.5,.625,0.2,0.0,0.1,0.0,0.3,0.2,0.6
9,2,17,52,1.5,4.6,.333,0.0,1.5,.000,1.5,3.1,.500,3.8,6.2,.625,3.1,0.0,0.8,0.0,3.8,3.1,8.5
9,3,17,52,2.4,7.3,.333,0.0,2.4,.000,2.4,4.8,.500,6.1,9.7,.625,4.8,0.0,1.2,0.0,6.1,4.8,13.3,,76.6,113.2
9,4,17,52,2.4,.561,.500,.667,1.333,9,0.0,9.0,4.6,0.0,1.2,0.0,33.8,15.5,,-0.1,0.0,0.0,-.024,,-7.1,-4.7,-11.8
10,0,34,603,40,153,.261,15,57,.263,25,96,.260,25,46,.543,11,59,70,16,10,6,25,51,130
10,1,34,17.7,1.2,4.5,.261,0.4,1.7,.263,0.7,2.8,.260,0.7,1.4,.543,2.1,0.5,0.3,0.2,0.7,1.5,3.8
10,2,34,603,2.7,10.1,.261,1.0,3.8,.263,1.7,6.4,.260,1.7,3.1,.543,4.6,1.1,0.7,0.4,1.7,3.4,8.6
10,3,34,603,4.2,16.0,.261,1.6,6.0,.263,2.6,10.0,.260,2.6,4.8,.543,7.3,1.7,1.0,0.6,2.6,5.3,13.6,,79.3,111.9
10,4,34,603,4.0,.372,.343,.627,.301,125,2.2,11.5,6.9,6.0,1.0,1.2,12.5,18.0,,-0.6,0.4,-0.2,-.015,,-5.3,-2.9,-8.2
11,0,26,189,8,16,.500,8,16,.500,0,0,,1,10,.100,12,21,33,1,1,14,12,49,17
11,1,26,7.3,0.3,0.6,.500,0.3,0.6,.500,0.0,0.0,,0.0,0.4,.100,1.3,0.0,0.0,0.5,0.5,1.9,0.7
11,2,26,189,1.7,3.4,.500,1.7,3.4,.500,0.0,0.0,,0.2,2.1,.100,7.0,0.2,0.2,3.0,2.5,10.4,3.6
11,3,26,189,2.7,5.3,.500,2.7,5.3,.500,0.0,0.0,,0.3,3.3,.100,11.0,0.3,0.3,4.7,4.0,16.3,5.7,,66.9,107.8
11,4,26,189,2.1,.410,.500,.000,.625,21,7.6,13.0,10.4,1.1,0.3,8.6,36.6,9.4,,-0.2,0.2,0.0,-.009,,-8.1,2.2,-5.9
12,0,34,1264,160,384,.417,115,266,.432,45,118,.381,129,173,.746,12,77,89,143,29,1,84,64,494
12,1,34,37.2,4.7,11.3,.417,3.4,7.8,.432,1.3,3.5,.381,3.8,5.1,.746,2.6,4.2,0.9,0.0,2.5,1.9,14.5
12,2,34,1264,5.1,12.2,.417,3.6,8.4,.432,1.4,3.7,.381,4.1,5.5,.746,2.8,4.5,0.9,0.0,2.7,2.0,15.6
12,3,34,1264,8.0,19.1,.417,5.7,13.3,.432,2.2,5.9,.381,6.4,8.6,.746,4.4,7.1,1.4,0.0,4.2,3.2,24.6,,108.3,113.6
12,4,34,1264,15.8,.530,.475,.307,.451,506,1.1,7.1,4.2,29.6,1.4,0.1,15.3,23.7,,2.3,0.6,2.8,.089,,1.4,-3.7,-2.3
13,0,33,429,29,60,.483,29,60,.483,0,0,,21,31,.677,31,41,72,5,6,43,26,68,79
13,1,33,13.0,0.9,1.8,.483,0.9,1.8,.483,0.0,0.0,,0.6,0.9,.677,2.2,0.2,0.2,1.3,0.8,2.1,2.4
13,2,33,429,2.7,5.6,.483,2.7,5.6,.483,0.0,0.0,,2.0,2.9,.677,6.7,0.5,0.6,4.0,2.4,6.3,7.4
13,3,33,429,4.3,8.8,.483,4.3,8.8,.483,0.0,0.0,,3.1,4.6,.677,10.6,0.7,0.9,6.3,3.8,10.0,11.6,,94.1,106.6
13,4,33,429,10.8,.529,.483,.000,.517,85,8.7,11.2,10.0,2.6,0.9,11.7,25.8,12.8,,0.1,0.5,0.5,.049,,-5.3,4.3,-1.0
