0,0,18,64,3,9,.333,3,9,.333,0,0,,0,0,,5,6,11,2,0,1,4,13,6
0,1,18,3.6,0.2,0.5,.333,0.2,0.5,.333,0.0,0.0,,0.0,0.0,,0.6,0.1,0.0,0.1,0.2,0.7,0.3
0,2,18,64,1.9,5.6,.333,1.9,5.6,.333,0.0,0.0,,0.0,0.0,,6.9,1.3,0.0,0.6,2.5,8.1,3.8
0,3,18,64,2.9,8.6,.333,2.9,8.6,.333,0.0,0.0,,0.0,0.0,,10.5,1.9,0.0,1.0,3.8,12.5,5.8,,72.3,106.5
0,4,18,64,0.5,.333,.333,.000,.000,9,8.8,12.1,10.3,6.0,0.0,1.8,30.8,10.4,,-0.1,0.0,0.0,-.008,,-5.9,-0.5,-6.4
1,0,18,174,13,29,.448,13,29,.448,0,0,,7,13,.538,23,18,41,1,3,2,14,22,33
1,1,18,9.7,0.7,1.6,.448,0.7,1.6,.448,0.0,0.0,,0.4,0.7,.538,2.3,0.1,0.2,0.1,0.8,1.2,1.8
1,2,18,174,3.0,6.7,.448,3.0,6.7,.448,0.0,0.0,,1.6,3.0,.538,9.4,0.2,0.7,0.5,3.2,5.1,7.6
1,3,18,174,4.6,10.2,.448,4.6,10.2,.448,0.0,0.0,,2.5,4.6,.538,14.5,0.4,1.1,0.7,4.9,7.8,11.6,,87.8,104.4
1,4,18,174,7.9,.469,.448,.000,.448,39,14.9,13.3,14.2,1.2,1.1,1.3,28.5,14.4,,0.0,0.2,0.1,.034,,-4.2,-1.8,-6.0
2,0,35,1058,128,331,.387,47,115,.409,81,216,.375,35,52,.673,14,76,90,68,46,1,41,79,372
2,1,35,30.2,3.7,9.5,.387,1.3,3.3,.409,2.3,6.2,.375,1.0,1.5,.673,2.6,1.9,1.3,0.0,1.2,2.3,10.6
2,2,35,1058,4.8,12.5,.387,1.8,4.3,.409,3.1,8.2,.375,1.3,2.0,.673,3.4,2.6,1.7,0.0,1.6,3.0,14.1
2,3,35,1058,7.4,19.2,.387,2.7,6.7,.409,4.7,12.5,.375,2.0,3.0,.673,5.2,3.9,2.7,0.1,2.4,4.6,21.6,,111.3,103.1
2,4,35,1058,14.9,.523,.509,.653,.157,338,1.5,9.3,5.1,14.5,2.7,0.1,10.3,19.2,,2.1,1.1,3.2,.121,,3.3,-1.1,2.2
3,0,34,490,51,111,.459,17,43,.395,34,68,.500,12,16,.750,6,26,32,18,10,0,20,42,148
3,1,34,14.4,1.5,3.3,.459,0.5,1.3,.395,1.0,2.0,.500,0.4,0.5,.750,0.9,0.5,0.3,0.0,0.6,1.2,4.4
3,2,34,490,4.2,9.1,.459,1.4,3.5,.395,2.8,5.6,.500,1.0,1.3,.750,2.6,1.5,0.8,0.0,1.6,3.4,12.1
3,3,34,490,6.4,13.9,.459,2.1,5.4,.395,4.3,8.5,.500,1.5,2.0,.750,4.0,2.3,1.3,0.0,2.5,5.3,18.5,,117.6,107.0
3,4,34,490,11.9,.624,.613,.613,.144,125,1.4,6.8,3.9,8.0,1.3,0.0,14.4,14.4,,0.9,0.3,1.3,.103,,1.6,-2.5,-0.9
4,0,34,222,20,70,.286,16,49,.327,4,21,.190,30,35,.857,11,19,30,16,9,3,15,30,74
4,1,34,6.5,0.6,2.1,.286,0.5,1.4,.327,0.1,0.6,.190,0.9,1.0,.857,0.9,0.5,0.3,0.1,0.4,0.9,2.2
4,2,34,222,3.6,12.6,.286,2.9,8.8,.327,0.7,3.8,.190,5.4,6.3,.857,5.4,2.9,1.6,0.5,2.7,5.4,13.3
4,3,34,222,5.5,19.3,.286,4.4,13.5,.327,1.1,5.8,.190,8.3,9.7,.857,8.3,4.4,2.5,0.8,4.1,8.3,20.5,,95.6,101.8
4,4,34,222,11.7,.427,.314,.300,.500,78,5.6,11.0,8.1,15.2,2.5,1.6,14.8,23.4,,0.2,0.3,0.4,.078,,-2.3,-0.9,-3.2
5,0,35,1250,207,421,.492,206,419,.492,1,2,.500,202,282,.716,143,231,374,61,28,30,92,87,617
5,1,35,35.7,5.9,12.0,.492,5.9,12.0,.492,0.0,0.1,.500,5.8,8.1,.716,10.7,1.7,0.8,0.9,2.6,2.5,17.6
5,2,35,1250,6.6,13.5,.492,6.6,13.4,.492,0.0,0.1,.500,6.5,9.0,.716,12.0,2.0,0.9,1.0,2.9,2.8,19.7
5,3,35,1250,10.2,20.7,.492,10.1,20.6,.492,0.0,0.1,.500,9.9,13.8,.716,18.4,3.0,1.4,1.5,4.5,4.3,30.3,,114.8,99.6
5,4,35,1250,25.9,.556,.493,.005,.670,616,12.9,23.8,18.0,12.3,1.4,2.8,14.2,26.4,,4.3,1.7,6.0,.191,,2.7,1.1,3.7
6,0,35,796,60,117,.513,60,117,.513,0,0,,40,57,.702,69,105,174,14,18,7,34,82,160
6,1,35,22.7,1.7,3.3,.513,1.7,3.3,.513,0.0,0.0,,1.1,1.6,.702,5.0,0.4,0.5,0.2,1.0,2.3,4.6
6,2,35,796,3.0,5.9,.513,3.0,5.9,.513,0.0,0.0,,2.0,2.9,.702,8.7,0.7,0.9,0.4,1.7,4.1,8.0
6,3,35,796,4.6,9.0,.513,4.6,9.0,.513,0.0,0.0,,3.1,4.4,.702,13.4,1.1,1.4,0.5,2.6,6.3,12.3,,110.3,102.7
6,4,35,796,11.9,.555,.513,.000,.487,172,9.8,17.0,13.1,3.6,1.4,1.0,19.1,11.4,,1.0,0.9,1.9,.094,,-0.9,0.3,-0.7
7,0,29,179,17,60,.283,2,6,.333,15,54,.278,3,6,.500,7,19,26,3,4,0,10,20,52
7,1,29,6.2,0.6,2.1,.283,0.1,0.2,.333,0.5,1.9,.278,0.1,0.2,.500,0.9,0.1,0.1,0.0,0.3,0.7,1.8
7,2,29,179,3.8,13.4,.283,0.4,1.3,.333,3.4,12.1,.278,0.7,1.3,.500,5.8,0.7,0.9,0.0,2.2,4.5,11.6
7,3,29,179,5.8,20.6,.283,0.7,2.1,.333,5.1,18.5,.278,1.0,2.1,.500,8.9,1.0,1.4,0.0,3.4,6.9,17.8,,86.1,104.4
7,4,29,179,6.0,.414,.408,.900,.100,47,4.4,13.7,8.7,3.6,1.4,0.0,13.7,20.8,,0.0,0.2,0.1,.028,,-2.2,-4.1,-6.4
8,0,7,7,0,0,,0,0,,0,0,,0,0,,0,2,2,0,0,0,1,1,0
8,1,7,1.0,0.0,0.0,,0.0,0.0,,0.0,0.0,,0.0,0.0,,0.3,0.0,0.0,0.0,0.1,0.1,0.0
8,2,7,7,0.0,0.0,,0.0,0.0,,0.0,0.0,,0.0,0.0,,11.4,0.0,0.0,0.0,5.7,5.7,0.0
8,3,7,7,0.0,0.0,,0.0,0.0,,0.0,0.0,,0.0,0.0,,17.5,0.0,0.0,0.0,8.8,8.8,0.0,,0.0,99.7
8,4,7,7,-6.3,,,,,0,0.0,36.8,17.2,0.0,0.0,0.0,100.0,7.3,,0.0,0.0,0.0,-.098,,-15.2,-1.7,-16.9
9,0,29,284,28,66,.424,19,38,.500,9,28,.321,12,15,.800,15,20,35,16,16,3,15,22,77
9,1,29,9.8,1.0,2.3,.424,0.7,1.3,.500,0.3,1.0,.321,0.4,0.5,.800,1.2,0.6,0.6,0.1,0.5,0.8,2.7
9,2,29,284,3.9,9.3,.424,2.7,5.4,.500,1.3,3.9,.321,1.7,2.1,.800,4.9,2.3,2.3,0.4,2.1,3.1,10.8
9,3,29,284,6.0,14.3,.424,4.1,8.2,.500,1.9,6.0,.321,2.6,3.2,.800,7.6,3.5,3.5,0.6,3.2,4.8,16.6,,106.8,100.7
9,4,29,284,14.5,.526,.492,.424,.227,78,6.0,9.1,7.4,12.1,3.5,1.2,17.0,15.9,,0.4,0.4,0.8,.108,,0.9,0.7,1.5
10,0,9,16,0,1,.000,0,0,,0,1,.000,0,0,,0,3,3,0,1,0,2,1,0
10,1,9,1.8,0.0,0.1,.000,0.0,0.0,,0.0,0.1,.000,0.0,0.0,,0.3,0.0,0.1,0.0,0.2,0.1,0.0
10,2,9,16,0.0,2.5,.000,0.0,0.0,,0.0,2.5,.000,0.0,0.0,,7.5,0.0,2.5,0.0,5.0,2.5,0.0
10,3,9,16,0.0,3.8,.000,0.0,0.0,,0.0,3.8,.000,0.0,0.0,,11.5,0.0,3.8,0.0,7.7,3.8,0.0,,0.0,95.6
10,4,9,16,-4.4,.000,.000,1.000,.000,0,0.0,24.1,11.3,0.0,3.8,0.0,66.7,9.6,,-0.1,0.0,0.0,-.105,,-12.7,0.9,-11.8
11,0,24,100,10,27,.370,10,27,.370,0,0,,7,14,.500,20,17,37,2,5,4,6,22,27
11,1,24,4.2,0.4,1.1,.370,0.4,1.1,.370,0.0,0.0,,0.3,0.6,.500,1.5,0.1,0.2,0.2,0.3,0.9,1.1
11,2,24,100,4.0,10.8,.370,4.0,10.8,.370,0.0,0.0,,2.8,5.6,.500,14.8,0.8,2.0,1.6,2.4,8.8,10.8
11,3,24,100,6.1,16.6,.370,6.1,16.6,.370,0.0,0.0,,4.3,8.6,.500,22.7,1.2,3.1,2.5,3.7,13.5,16.6,,96.8,94.7
11,4,24,100,16.0,.401,.370,.000,.519,34,22.6,21.9,22.3,4.3,3.1,4.7,15.1,20.3,,0.1,0.2,0.3,.109,,-2.8,1.2,-1.6
12,0,9,17,2,5,.400,2,3,.667,0,2,.000,0,0,,0,4,4,0,1,1,0,5,4
12,1,9,1.9,0.2,0.6,.400,0.2,0.3,.667,0.0,0.2,.000,0.0,0.0,,0.4,0.0,0.1,0.1,0.0,0.6,0.4
12,2,9,17,4.7,11.8,.400,4.7,7.1,.667,0.0,4.7,.000,0.0,0.0,,9.4,0.0,2.4,2.4,0.0,11.8,9.4
12,3,9,17,7.2,18.0,.400,7.2,10.8,.667,0.0,7.2,.000,0.0,0.0,,14.4,0.0,3.6,3.6,0.0,18.0,14.4,,92.3,89.1
12,4,9,17,10.5,.400,.400,.400,.000,3,0.0,30.3,14.2,0.0,3.6,6.9,0.0,15.0,,0.0,0.0,0.0,.105,,-6.4,0.6,-5.9
13,0,35,1237,155,418,.371,84,199,.422,71,219,.324,167,206,.811,19,78,97,125,47,2,89,80,548
13,1,35,35.3,4.4,11.9,.371,2.4,5.7,.422,2.0,6.3,.324,4.8,5.9,.811,2.8,3.6,1.3,0.1,2.5,2.3,15.7
13,2,35,1237,5.0,13.5,.371,2.7,6.4,.422,2.3,7.1,.324,5.4,6.7,.811,3.1,4.0,1.5,0.1,2.9,2.6,17.7
13,3,35,1237,7.7,20.7,.371,4.2,9.9,.422,3.5,10.9,.324,8.3,10.2,.811,4.8,6.2,2.3,0.1,4.4,4.0,27.2,,110.5,104.2
13,4,35,1237,18.1,.531,.456,.524,.493,536,1.7,8.1,4.7,23.1,2.3,0.2,14.7,25.0,,3.2,1.2,4.4,.142,,4.0,-1.9,2.1
14,0,14,64,8,12,.667,8,12,.667,0,0,,0,2,.000,3,4,7,0,0,3,4,9,16
14,1,14,4.6,0.6,0.9,.667,0.6,0.9,.667,0.0,0.0,,0.0,0.1,.000,0.5,0.0,0.0,0.2,0.3,0.6,1.1
14,2,14,64,5.0,7.5,.667,5.0,7.5,.667,0.0,0.0,,0.0,1.3,.000,4.4,0.0,0.0,1.9,2.5,5.6,10.0
14,3,14,64,7.7,11.5,.667,7.7,11.5,.667,0.0,0.0,,0.0,1.9,.000,6.7,0.0,0.0,2.9,3.8,8.6,15.3,,94.5,106.1
14,4,14,64,9.0,.618,.667,.000,.167,13,5.3,8.0,6.6,0.0,0.0,5.5,23.6,13.5,,0.0,0.0,0.1,.045,,-4.3,-1.5,-5.9
15,0,35,1041,87,219,.397,78,189,.413,9,30,.300,119,174,.684,49,109,158,76,45,9,65,69,302
15,1,35,29.7,2.5,6.3,.397,2.2,5.4,.413,0.3,0.9,.300,3.4,5.0,.684,4.5,2.2,1.3,0.3,1.9,2.0,8.6
15,2,35,1041,3.3,8.4,.397,3.0,7.3,.413,0.3,1.2,.300,4.6,6.7,.684,6.1,2.9,1.7,0.3,2.5,2.7,11.6
15,3,35,1041,5.1,12.9,.397,4.6,11.1,.413,0.5,1.8,.300,7.0,10.3,.684,9.3,4.5,2.7,0.5,3.8,4.1,17.8,,103.9,101.2
15,4,35,1041,14.8,.501,.418,.137,.795,321,5.3,13.5,9.1,15.2,2.7,1.0,17.7,18.0,,1.4,1.3,2.7,.104,,0.0,1.4,1.4
