0,0,30,822,80,177,.452,64,119,.538,16,58,.276,37,55,.673,24,77,101,45,17,2,55,43,213
0,1,30,27.4,2.7,5.9,.452,2.1,4.0,.538,0.5,1.9,.276,1.2,1.8,.673,3.4,1.5,0.6,0.1,1.8,1.4,7.1
0,2,30,822,3.9,8.6,.452,3.1,5.8,.538,0.8,2.8,.276,1.8,2.7,.673,4.9,2.2,0.8,0.1,2.7,2.1,10.4
0,3,30,822,6.0,13.4,.452,4.8,9.0,.538,1.2,4.4,.276,2.8,4.2,.673,7.6,3.4,1.3,0.2,4.2,3.2,16.1,,95.0,97.9
0,4,30,822,10.3,.524,.497,.328,.311,209,3.3,10.6,7.0,12.0,1.3,0.3,21.3,16.8,,0.3,1.4,1.7,.084,,-0.9,2.0,1.1
1,0,20,114,5,24,.208,5,22,.227,0,2,.000,0,1,.000,10,19,29,3,1,0,10,12,10
1,1,20,5.7,0.3,1.2,.208,0.3,1.1,.227,0.0,0.1,.000,0.0,0.1,.000,1.5,0.2,0.1,0.0,0.5,0.6,0.5
1,2,20,114,1.8,8.4,.208,1.8,7.7,.227,0.0,0.7,.000,0.0,0.4,.000,10.2,1.1,0.4,0.0,3.5,4.2,3.5
1,3,20,114,2.7,13.1,.208,2.7,12.0,.227,0.0,1.1,.000,0.0,0.5,.000,15.8,1.6,0.5,0.0,5.4,6.5,5.4,,50.6,95.6
1,4,20,114,-1.7,.204,.208,.083,.042,16,10.0,18.8,14.4,5.2,0.5,0.0,29.0,16.2,,-0.4,0.2,-0.1,-.051,,-10.3,1.1,-9.2
2,0,28,214,19,32,.594,19,32,.594,0,0,,11,32,.344,20,28,48,0,2,7,10,27,49
2,1,28,7.6,0.7,1.1,.594,0.7,1.1,.594,0.0,0.0,,0.4,1.1,.344,1.7,0.0,0.1,0.3,0.4,1.0,1.8
2,2,28,214,3.6,6.0,.594,3.6,6.0,.594,0.0,0.0,,2.1,6.0,.344,9.0,0.0,0.4,1.3,1.9,5.0,9.2
2,3,28,214,5.5,9.3,.594,5.5,9.3,.594,0.0,0.0,,3.2,9.3,.344,13.9,0.0,0.6,2.0,2.9,7.8,14.2,,98.4,95.2
2,4,28,214,11.3,.519,.594,.000,1.000,49,10.7,14.8,12.7,0.0,0.6,3.9,17.5,14.3,,0.1,0.4,0.5,.102,,-4.3,0.0,-4.3
3,0,12,34,1,2,.500,1,2,.500,0,0,,2,2,1.000,1,7,8,0,0,0,2,7,4
3,1,12,2.8,0.1,0.2,.500,0.1,0.2,.500,0.0,0.0,,0.2,0.2,1.000,0.7,0.0,0.0,0.0,0.2,0.6,0.3
3,2,12,34,1.2,2.4,.500,1.2,2.4,.500,0.0,0.0,,2.4,2.4,1.000,9.4,0.0,0.0,0.0,2.4,8.2,4.7
3,3,12,34,1.8,3.7,.500,1.8,3.7,.500,0.0,0.0,,3.7,3.7,1.000,14.6,0.0,0.0,0.0,3.7,12.8,7.3,,88.7,94.1
3,4,12,34,3.1,.678,.500,.000,1.000,4,3.4,23.3,13.4,0.0,0.0,0.0,40.4,7.8,,0.0,0.1,0.1,.081,,-6.7,-1.2,-7.9
4,0,30,937,143,315,.454,133,268,.496,10,47,.213,104,163,.638,32,114,146,112,57,19,70,72,400
4,1,30,31.2,4.8,10.5,.454,4.4,8.9,.496,0.3,1.6,.213,3.5,5.4,.638,4.9,3.7,1.9,0.6,2.3,2.4,13.3
4,2,30,937,6.1,13.4,.454,5.7,11.4,.496,0.4,2.0,.213,4.4,7.0,.638,6.2,4.8,2.4,0.8,3.0,3.1,17.1
4,3,30,937,9.5,20.9,.454,8.8,17.7,.496,0.7,3.1,.213,6.9,10.8,.638,9.7,7.4,3.8,1.3,4.6,4.8,26.5,,104.1,89.6
4,4,30,937,21.8,.510,.470,.149,.517,414,3.9,13.7,8.8,29.7,3.8,2.4,15.1,26.4,,1.7,2.3,4.0,.172,,3.1,5.2,8.3
5,0,4,6,1,2,.500,1,1,1.000,0,1,.000,0,0,,0,1,1,0,0,0,0,0,2
5,1,4,1.5,0.3,0.5,.500,0.3,0.3,1.000,0.0,0.3,.000,0.0,0.0,,0.3,0.0,0.0,0.0,0.0,0.0,0.5
5,2,4,6,6.7,13.3,.500,6.7,6.7,1.000,0.0,6.7,.000,0.0,0.0,,6.7,0.0,0.0,0.0,0.0,0.0,13.3
5,3,4,6,10.3,20.7,.500,10.3,10.3,1.000,0.0,10.3,.000,0.0,0.0,,10.3,0.0,0.0,0.0,0.0,0.0,20.7,,105.1,97.5
5,4,4,6,13.8,.500,.500,.500,.000,1,0.0,18.8,9.5,0.0,0.0,0.0,0.0,17.8,,0.0,0.0,0.0,.113,,-3.0,-4.5,-7.5
6,0,30,808,62,181,.343,25,85,.294,37,96,.385,61,77,.792,7,82,89,91,30,1,36,56,222
6,1,30,26.9,2.1,6.0,.343,0.8,2.8,.294,1.2,3.2,.385,2.0,2.6,.792,3.0,3.0,1.0,0.0,1.2,1.9,7.4
6,2,30,808,3.1,9.0,.343,1.2,4.2,.294,1.8,4.8,.385,3.0,3.8,.792,4.4,4.5,1.5,0.0,1.8,2.8,11.0
6,3,30,808,4.8,13.9,.343,1.9,6.5,.294,2.8,7.4,.385,4.7,5.9,.792,6.8,7.0,2.3,0.1,2.8,4.3,17.0,,109.0,95.2
6,4,30,808,14.1,.510,.445,.530,.425,237,1.0,11.5,6.3,23.6,2.3,0.1,14.2,16.8,,1.3,1.6,2.8,.140,,2.0,1.9,3.9
7,0,21,97,5,27,.185,0,3,.000,5,24,.208,5,6,.833,0,8,8,0,1,0,5,7,20
7,1,21,4.6,0.2,1.3,.185,0.0,0.1,.000,0.2,1.1,.208,0.2,0.3,.833,0.4,0.0,0.0,0.0,0.2,0.3,1.0
7,2,21,97,2.1,11.1,.185,0.0,1.2,.000,2.1,9.9,.208,2.1,2.5,.833,3.3,0.0,0.4,0.0,2.1,2.9,8.2
7,3,21,97,3.2,17.3,.185,0.0,1.9,.000,3.2,15.4,.208,3.2,3.8,.833,5.1,0.0,0.6,0.0,3.2,4.5,12.8,,65.4,100.0
7,4,21,97,-1.0,.335,.278,.889,.222,17,0.0,9.3,4.7,0.0,0.6,0.0,14.3,19.2,,-0.2,0.1,0.0,-.020,,-6.6,-3.2,-9.8
8,0,30,854,104,227,.458,95,191,.497,9,36,.250,44,83,.530,50,131,181,21,15,14,39,61,261
8,1,30,28.5,3.5,7.6,.458,3.2,6.4,.497,0.3,1.2,.250,1.5,2.8,.530,6.0,0.7,0.5,0.5,1.3,2.0,8.7
8,2,30,854,4.9,10.6,.458,4.4,8.9,.497,0.4,1.7,.250,2.1,3.9,.530,8.5,1.0,0.7,0.7,1.8,2.9,12.2
8,3,30,854,7.6,16.5,.458,6.9,13.9,.497,0.7,2.6,.250,3.2,6.0,.530,13.2,1.5,1.1,1.0,2.8,4.4,19.0,,98.8,94.3
8,4,30,854,13.7,.490,.478,.159,.366,250,6.7,17.3,12.0,5.7,1.1,2.0,12.8,19.1,,0.7,1.7,2.4,.114,,-1.5,2.4,0.9
9,0,30,495,40,81,.494,40,81,.494,0,0,,36,68,.529,55,60,115,4,18,47,23,73,116
9,1,30,16.5,1.3,2.7,.494,1.3,2.7,.494,0.0,0.0,,1.2,2.3,.529,3.8,0.1,0.6,1.6,0.8,2.4,3.9
9,2,30,495,3.2,6.5,.494,3.2,6.5,.494,0.0,0.0,,2.9,5.5,.529,9.3,0.3,1.5,3.8,1.9,5.9,9.4
9,3,30,495,5.0,10.2,.494,5.0,10.2,.494,0.0,0.0,,4.5,8.5,.529,14.4,0.5,2.3,5.9,2.9,9.2,14.5,,104.3,88.0
9,4,30,495,16.7,.512,.494,.000,.840,127,12.7,13.7,13.2,1.7,2.3,11.4,16.9,14.7,,0.5,1.3,1.8,.149,,-2.0,8.1,6.2
10,0,3,7,1,3,.333,1,1,1.000,0,2,.000,0,0,,0,0,0,0,0,0,1,0,2
10,1,3,2.3,0.3,1.0,.333,0.3,0.3,1.000,0.0,0.7,.000,0.0,0.0,,0.0,0.0,0.0,0.0,0.3,0.0,0.7
10,2,3,7,5.7,17.1,.333,5.7,5.7,1.000,0.0,11.4,.000,0.0,0.0,,0.0,0.0,0.0,0.0,5.7,0.0,11.4
10,3,3,7,8.9,26.6,.333,8.9,8.9,1.000,0.0,17.7,.000,0.0,0.0,,0.0,0.0,0.0,0.0,8.9,0.0,17.7,,51.2,106.2
10,4,3,7,-6.7,.333,.333,.667,.000,2,0.0,0.0,0.0,0.0,0.0,0.0,25.0,30.5,,0.0,0.0,0.0,-.175,,-11.9,-5.1,-17.0
11,0,30,1025,141,340,.415,59,130,.454,82,210,.390,84,118,.712,15,122,137,33,28,8,39,51,448
11,1,30,34.2,4.7,11.3,.415,2.0,4.3,.454,2.7,7.0,.390,2.8,3.9,.712,4.6,1.1,0.9,0.3,1.3,1.7,14.9
11,2,30,1025,5.5,13.3,.415,2.3,5.1,.454,3.2,8.2,.390,3.3,4.6,.712,5.3,1.3,1.1,0.3,1.5,2.0,17.5
11,3,30,1025,8.5,20.6,.415,3.6,7.9,.454,5.0,12.7,.390,5.1,7.1,.712,8.3,2.0,1.7,0.5,2.4,3.1,27.1,,113.8,95.4
11,4,30,1025,18.5,.566,.535,.618,.347,385,1.7,13.4,7.6,7.7,1.7,0.9,9.0,22.7,,2.4,2.0,4.4,.173,,4.6,1.0,5.6
12,0,30,637,69,184,.375,57,144,.396,12,40,.300,58,81,.716,59,76,135,24,6,11,46,99,208
12,1,30,21.2,2.3,6.1,.375,1.9,4.8,.396,0.4,1.3,.300,1.9,2.7,.716,4.5,0.8,0.2,0.4,1.5,3.3,6.9
12,2,30,637,4.3,11.6,.375,3.6,9.0,.396,0.8,2.5,.300,3.6,5.1,.716,8.5,1.5,0.4,0.7,2.9,6.2,13.1
12,3,30,637,6.7,17.9,.375,5.6,14.0,.396,1.2,3.9,.300,5.7,7.9,.716,13.2,2.3,0.6,1.1,4.5,9.6,20.3,,95.2,96.5
12,4,30,637,11.5,.467,.408,.217,.440,219,10.6,13.5,12.0,8.4,0.6,2.1,17.1,22.5,,0.4,1.2,1.5,.096,,-1.8,1.4,-0.4
