0,0,11,6,1,1,1.000,1,1,1.000,0,0,,0,0,,1,1,2,0,0,0,0,1,2
0,1,11,0.5,0.1,0.1,1.000,0.1,0.1,1.000,0.0,0.0,,0.0,0.0,,0.2,0.0,0.0,0.0,0.0,0.1,0.2
0,2,11,6,6.7,6.7,1.000,6.7,6.7,1.000,0.0,0.0,,0.0,0.0,,13.3,0.0,0.0,0.0,0.0,6.7,13.3
0,3,11,6,10.4,10.4,1.000,10.4,10.4,1.000,0.0,0.0,,0.0,0.0,,20.8,0.0,0.0,0.0,0.0,10.4,20.8,,204.5,100.8
0,4,11,6,26.4,1.000,1.000,.000,.000,2,21.2,19.8,20.5,0.0,0.0,0.0,0.0,8.9,,0.0,0.0,0.0,.251,,6.9,-6.1,0.8
1,0,31,1052,167,384,.435,124,269,.461,43,115,.374,134,171,.784,35,85,120,79,29,17,83,73,511
1,1,31,33.9,5.4,12.4,.435,4.0,8.7,.461,1.4,3.7,.374,4.3,5.5,.784,3.9,2.5,0.9,0.5,2.7,2.4,16.5
1,2,31,1052,6.3,14.6,.435,4.7,10.2,.461,1.6,4.4,.374,5.1,6.5,.784,4.6,3.0,1.1,0.6,3.2,2.8,19.4
1,3,31,1052,9.9,22.7,.435,7.3,15.9,.461,2.5,6.8,.374,7.9,10.1,.784,7.1,4.7,1.7,1.0,4.9,4.3,30.2,,109.5,100.5
1,4,31,1052,20.4,.549,.491,.299,.445,490,4.2,9.6,7.0,18.9,1.7,1.7,15.1,27.9,,2.8,1.4,4.2,.161,,3.9,0.0,3.9
2,0,3,2,0,1,.000,0,1,.000,0,0,,0,2,.000,0,1,1,0,0,0,0,0,0
2,1,3,0.7,0.0,0.3,.000,0.0,0.3,.000,0.0,0.0,,0.0,0.7,.000,0.3,0.0,0.0,0.0,0.0,0.0,0.0
2,2,3,2,0.0,20.0,.000,0.0,20.0,.000,0.0,0.0,,0.0,40.0,.000,20.0,0.0,0.0,0.0,0.0,0.0,0.0
2,3,3,2,0.0,31.1,.000,0.0,31.1,.000,0.0,0.0,,0.0,62.3,.000,31.1,0.0,0.0,0.0,0.0,0.0,0.0,,0.0,86.5
2,4,3,2,-36.5,.000,.000,.000,2.000,0,0.0,59.4,30.7,0.0,0.0,0.0,0.0,52.2,,0.0,0.0,0.0,-.675,,-47.2,-16.8,-64.0
3,0,31,969,117,293,.399,27,72,.375,90,221,.407,20,26,.769,23,47,70,33,10,6,33,45,344
3,1,31,31.3,3.8,9.5,.399,0.9,2.3,.375,2.9,7.1,.407,0.6,0.8,.769,2.3,1.1,0.3,0.2,1.1,1.5,11.1
3,2,31,969,4.8,12.1,.399,1.1,3.0,.375,3.7,9.1,.407,0.8,1.1,.769,2.9,1.4,0.4,0.2,1.4,1.9,14.2
3,3,31,969,7.5,18.8,.399,1.7,4.6,.375,5.8,14.2,.407,1.3,1.7,.769,4.5,2.1,0.6,0.4,2.1,2.9,22.1,,115.8,105.1
3,4,31,969,13.8,.563,.553,.754,.089,301,3.0,5.8,4.4,7.8,0.6,0.7,9.8,18.7,,2.1,0.9,3.0,.124,,4.6,-1.9,2.7
4,0,31,754,108,204,.529,106,200,.530,2,4,.500,112,152,.737,61,103,164,41,16,31,49,84,330
4,1,31,24.3,3.5,6.6,.529,3.4,6.5,.530,0.1,0.1,.500,3.6,4.9,.737,5.3,1.3,0.5,1.0,1.6,2.7,10.6
4,2,31,754,5.7,10.8,.529,5.6,10.6,.530,0.1,0.2,.500,5.9,8.1,.737,8.7,2.2,0.8,1.6,2.6,4.5,17.5
4,3,31,754,8.9,16.8,.529,8.8,16.5,.530,0.2,0.3,.500,9.2,12.5,.737,13.5,3.4,1.3,2.6,4.0,6.9,27.2,,119.1,97.0
4,4,31,754,23.8,.597,.534,.020,.745,329,10.3,16.2,13.3,13.1,1.3,4.4,15.1,23.1,,2.5,1.3,3.8,.202,,3.6,2.5,6.0
5,0,30,680,85,163,.521,85,162,.525,0,1,.000,73,122,.598,59,131,190,19,15,53,52,89,243
5,1,30,22.7,2.8,5.4,.521,2.8,5.4,.525,0.0,0.0,.000,2.4,4.1,.598,6.3,0.6,0.5,1.8,1.7,3.0,8.1
5,2,30,680,5.0,9.6,.521,5.0,9.5,.525,0.0,0.1,.000,4.3,7.2,.598,11.2,1.1,0.9,3.1,3.1,5.2,14.3
5,3,30,680,7.8,14.9,.521,7.8,14.8,.525,0.0,0.1,.000,6.7,11.2,.598,17.4,1.7,1.4,4.9,4.8,8.1,22.2,,103.7,91.8
5,4,30,680,20.1,.550,.521,.006,.748,241,11.0,22.9,17.1,6.5,1.4,8.3,19.1,21.5,,1.0,1.5,2.5,.149,,-0.9,4.6,3.7
6,0,30,676,45,107,.421,45,107,.421,0,0,,34,56,.607,52,111,163,25,16,15,29,94,124
6,1,30,22.5,1.5,3.6,.421,1.5,3.6,.421,0.0,0.0,,1.1,1.9,.607,5.4,0.8,0.5,0.5,1.0,3.1,4.1
6,2,30,676,2.7,6.3,.421,2.7,6.3,.421,0.0,0.0,,2.0,3.3,.607,9.6,1.5,0.9,0.9,1.7,5.6,7.3
6,3,30,676,4.1,9.9,.421,4.1,9.9,.421,0.0,0.0,,3.1,5.2,.607,15.0,2.3,1.5,1.4,2.7,8.7,11.4,,100.5,96.4
6,4,30,676,11.1,.464,.421,.000,.523,145,9.8,19.5,14.8,7.5,1.5,2.4,17.8,12.9,,0.5,1.2,1.7,.100,,-1.0,2.9,1.9
7,0,30,694,78,183,.426,60,136,.441,18,47,.383,82,111,.739,12,63,75,67,20,5,93,44,256
7,1,30,23.1,2.6,6.1,.426,2.0,4.5,.441,0.6,1.6,.383,2.7,3.7,.739,2.5,2.2,0.7,0.2,3.1,1.5,8.5
7,2,30,694,4.5,10.5,.426,3.5,7.8,.441,1.0,2.7,.383,4.7,6.4,.739,4.3,3.9,1.2,0.3,5.4,2.5,14.8
7,3,30,694,7.0,16.4,.426,5.4,12.2,.441,1.6,4.2,.383,7.4,10.0,.739,6.7,6.0,1.8,0.4,8.3,3.9,23.0,,91.6,100.5
7,4,30,694,12.6,.543,.475,.257,.607,260,2.2,10.8,6.6,21.7,1.8,0.8,28.3,25.4,,0.2,0.9,1.2,.067,,-1.3,-0.1,-1.4
8,0,6,36,1,8,.125,0,2,.000,1,6,.167,0,0,,0,6,6,0,0,0,4,3,3
8,1,6,6.0,0.2,1.3,.125,0.0,0.3,.000,0.2,1.0,.167,0.0,0.0,,1.0,0.0,0.0,0.0,0.7,0.5,0.5
8,2,6,36,1.1,8.9,.125,0.0,2.2,.000,1.1,6.7,.167,0.0,0.0,,6.7,0.0,0.0,0.0,4.4,3.3,3.3
8,3,6,36,1.7,13.8,.125,0.0,3.5,.000,1.7,10.4,.167,0.0,0.0,,10.4,0.0,0.0,0.0,6.9,5.2,5.2,,28.0,101.3
8,4,6,36,-9.3,.188,.188,.750,.000,3,0.0,19.8,10.2,0.0,0.0,0.0,33.3,17.9,,-0.2,0.0,-0.1,-.143,,-13.3,-4.2,-17.5
9,0,31,833,59,146,.404,36,82,.439,23,64,.359,22,43,.512,13,85,98,67,31,6,54,46,163
9,1,31,26.9,1.9,4.7,.404,1.2,2.6,.439,0.7,2.1,.359,0.7,1.4,.512,3.2,2.2,1.0,0.2,1.7,1.5,5.3
9,2,31,833,2.8,7.0,.404,1.7,3.9,.439,1.1,3.1,.359,1.1,2.1,.512,4.7,3.2,1.5,0.3,2.6,2.2,7.8
9,3,31,833,4.4,10.9,.404,2.7,6.1,.439,1.7,4.8,.359,1.6,3.2,.512,7.3,5.0,2.3,0.4,4.0,3.4,12.2,,92.1,98.9
9,4,31,833,9.7,.490,.483,.438,.295,178,2.0,12.1,7.2,16.5,2.3,0.8,24.5,14.2,,0.2,1.3,1.4,.069,,-0.2,1.9,1.7
10,0,31,509,34,55,.618,34,55,.618,0,0,,11,30,.367,29,81,110,10,7,9,37,78,79
10,1,31,16.4,1.1,1.8,.618,1.1,1.8,.618,0.0,0.0,,0.4,1.0,.367,3.5,0.3,0.2,0.3,1.2,2.5,2.5
10,2,31,509,2.7,4.3,.618,2.7,4.3,.618,0.0,0.0,,0.9,2.4,.367,8.6,0.8,0.6,0.7,2.9,6.1,6.2
10,3,31,509,4.2,6.7,.618,4.2,6.7,.618,0.0,0.0,,1.3,3.7,.367,13.5,1.2,0.9,1.1,4.5,9.5,9.7,,85.0,98.2
10,4,31,509,6.8,.570,.618,.000,.545,83,7.2,18.9,13.3,4.0,0.9,1.9,34.8,11.2,,-0.1,0.8,0.7,.053,,-2.8,1.8,-1.0
11,0,9,5,2,3,.667,2,2,1.000,0,1,.000,3,5,.600,0,1,1,0,0,0,2,0,7
11,1,9,0.6,0.2,0.3,.667,0.2,0.2,1.000,0.0,0.1,.000,0.3,0.6,.600,0.1,0.0,0.0,0.0,0.2,0.0,0.8
11,2,9,5,16.0,24.0,.667,16.0,16.0,1.000,0.0,8.0,.000,24.0,40.0,.600,8.0,0.0,0.0,0.0,16.0,0.0,56.0
11,3,9,5,24.9,37.4,.667,24.9,24.9,1.000,0.0,12.5,.000,37.4,62.3,.600,12.5,0.0,0.0,0.0,24.9,0.0,87.2,,90.7,100.2
11,4,9,5,40.1,.651,.667,.333,1.667,5,0.0,23.7,12.3,0.0,0.0,0.0,27.1,79.0,,0.0,0.0,0.0,.079,,-7.4,-17.0,-24.4
12,0,22,107,7,17,.412,6,13,.462,1,4,.250,3,7,.429,3,12,15,4,2,6,7,14,18
12,1,22,4.9,0.3,0.8,.412,0.3,0.6,.462,0.0,0.2,.250,0.1,0.3,.429,0.7,0.2,0.1,0.3,0.3,0.6,0.8
12,2,22,107,2.6,6.4,.412,2.2,4.9,.462,0.4,1.5,.250,1.1,2.6,.429,5.6,1.5,0.7,2.2,2.6,5.2,6.7
12,3,22,107,4.1,9.9,.412,3.5,7.6,.462,0.6,2.3,.250,1.7,4.1,.429,8.7,2.3,1.2,3.5,4.1,8.1,10.5,,79.8,97.3
12,4,22,107,6.7,.443,.441,.235,.412,19,3.6,13.3,8.6,7.6,1.2,6.0,25.6,13.7,,-0.1,0.2,0.1,.041,,-4.2,3.4,-0.8
13,0,14,52,6,12,.500,6,12,.500,0,0,,1,2,.500,5,6,11,0,3,4,2,4,13
13,1,14,3.7,0.4,0.9,.500,0.4,0.9,.500,0.0,0.0,,0.1,0.1,.500,0.8,0.0,0.2,0.3,0.1,0.3,0.9
13,2,14,52,4.6,9.2,.500,4.6,9.2,.500,0.0,0.0,,0.8,1.5,.500,8.5,0.0,2.3,3.1,1.5,3.1,10.0
13,3,14,52,7.2,14.4,.500,7.2,14.4,.500,0.0,0.0,,1.2,2.4,.500,13.2,0.0,3.6,4.8,2.4,4.8,15.6,,103.2,90.9
13,4,14,52,18.3,.502,.500,.000,.167,13,12.2,13.7,13.0,0.0,3.6,8.2,13.4,15.4,,0.1,0.1,0.2,.133,,-2.4,2.8,0.4
