0,0,10,121,12,37,.324,12,30,.400,0,7,.000,5,11,.455,9,13,22,9,4,2,4,12,29
0,1,10,12.1,1.2,3.7,.324,1.2,3.0,.400,0.0,0.7,.000,0.5,1.1,.455,2.2,0.9,0.4,0.2,0.4,1.2,2.9
0,2,10,121,4.0,12.2,.324,4.0,9.9,.400,0.0,2.3,.000,1.7,3.6,.455,7.3,3.0,1.3,0.7,1.3,4.0,9.6
0,3,10,121,5.8,17.8,.324,5.8,14.4,.400,0.0,3.4,.000,2.4,5.3,.455,10.6,4.3,1.9,1.0,1.9,5.8,14.0,,87.3,99.9
0,4,10,121,9.2,.343,.324,.189,.297,35,8.4,12.0,10.2,14.6,1.9,1.9,8.7,19.3,,-0.1,0.2,0.2,.052,,-3.3,1.8,-1.5
1,0,13,17,1,2,.500,1,2,.500,0,0,,0,0,,1,6,7,0,0,2,3,7,2
1,1,13,1.3,0.1,0.2,.500,0.1,0.2,.500,0.0,0.0,,0.0,0.0,,0.5,0.0,0.0,0.2,0.2,0.5,0.2
1,2,13,17,2.4,4.7,.500,2.4,4.7,.500,0.0,0.0,,0.0,0.0,,16.5,0.0,0.0,4.7,7.1,16.5,4.7
1,3,13,17,3.4,6.8,.500,3.4,6.8,.500,0.0,0.0,,0.0,0.0,,24.0,0.0,0.0,6.8,10.3,24.0,6.8,,45.6,84.6
1,4,13,17,-0.4,.500,.500,.000,.000,2,6.6,39.4,23.1,0.0,0.0,13.3,60.0,14.8,,-0.1,0.1,0.0,-.017,,-15.6,4.8,-10.8
2,0,34,699,63,183,.344,34,71,.479,29,112,.259,25,43,.581,33,107,140,21,11,5,38,112,180
2,1,34,20.6,1.9,5.4,.344,1.0,2.1,.479,0.9,3.3,.259,0.7,1.3,.581,4.1,0.6,0.3,0.1,1.1,3.3,5.3
2,2,34,699,3.6,10.5,.344,1.9,4.1,.479,1.7,6.4,.259,1.4,2.5,.581,8.0,1.2,0.6,0.3,2.2,6.4,10.3
2,3,34,699,5.2,15.2,.344,2.8,5.9,.479,2.4,9.3,.259,2.1,3.6,.581,11.7,1.7,0.9,0.4,3.2,9.3,15.0,,89.0,100.0
2,4,34,699,6.6,.442,.423,.612,.235,178,5.3,17.1,11.2,5.8,0.9,0.8,15.7,17.4,,-0.2,1.2,1.0,.059,,-2.5,0.4,-2.0
3,0,34,1026,104,233,.446,96,203,.473,8,30,.267,109,160,.681,25,106,131,110,61,8,78,76,325
3,1,34,30.2,3.1,6.9,.446,2.8,6.0,.473,0.2,0.9,.267,3.2,4.7,.681,3.9,3.2,1.8,0.2,2.3,2.2,9.6
3,2,34,1026,4.1,9.1,.446,3.7,7.9,.473,0.3,1.2,.267,4.2,6.2,.681,5.1,4.3,2.4,0.3,3.0,3.0,12.7
3,3,34,1026,5.9,13.2,.446,5.4,11.5,.473,0.5,1.7,.267,6.2,9.1,.681,7.4,6.2,3.5,0.5,4.4,4.3,18.4,,101.8,97.3
3,4,34,1026,14.9,.526,.464,.129,.687,348,2.7,11.5,7.2,21.1,3.5,0.9,20.2,19.0,,0.9,2.0,2.9,.114,,0.0,3.6,3.6
4,0,10,18,1,4,.250,1,4,.250,0,0,,1,2,.500,0,1,1,2,2,0,2,0,3
4,1,10,1.8,0.1,0.4,.250,0.1,0.4,.250,0.0,0.0,,0.1,0.2,.500,0.1,0.2,0.2,0.0,0.2,0.0,0.3
4,2,10,18,2.2,8.9,.250,2.2,8.9,.250,0.0,0.0,,2.2,4.4,.500,2.2,4.4,4.4,0.0,4.4,0.0,6.7
4,3,10,18,3.2,12.9,.250,3.2,12.9,.250,0.0,0.0,,3.2,6.5,.500,3.2,6.5,6.5,0.0,6.5,0.0,9.7,,59.9,93.9
4,4,10,18,5.5,.303,.250,.000,.500,4,0.0,6.2,3.1,20.1,6.5,0.0,28.8,19.5,,-0.1,0.0,0.0,-.029,,-8.9,3.4,-5.5
5,0,2,1,0,0,,0,0,,0,0,,0,0,,0,1,1,0,0,0,0,0,0
5,1,2,0.5,0.0,0.0,,0.0,0.0,,0.0,0.0,,0.0,0.0,,0.5,0.0,0.0,0.0,0.0,0.0,0.0
5,2,2,1,0.0,0.0,,0.0,0.0,,0.0,0.0,,0.0,0.0,,40.0,0.0,0.0,0.0,0.0,0.0,0.0
5,3,2,1,0.0,0.0,,0.0,0.0,,0.0,0.0,,0.0,0.0,,58.2,0.0,0.0,0.0,0.0,0.0,0.0,,,61.6
5,4,2,1,17.8,,,,,0,0.0,100.0,56.0,0.0,0.0,0.0,,0.0,,0.0,0.0,0.0,.212,,-15.5,-2.6,-18.1
6,0,34,757,62,139,.446,45,86,.523,17,53,.321,39,55,.709,24,88,112,58,36,5,41,51,180
6,1,34,22.3,1.8,4.1,.446,1.3,2.5,.523,0.5,1.6,.321,1.1,1.6,.709,3.3,1.7,1.1,0.1,1.2,1.5,5.3
6,2,34,757,3.3,7.3,.446,2.4,4.5,.523,0.9,2.8,.321,2.1,2.9,.709,5.9,3.1,1.9,0.3,2.2,2.7,9.5
6,3,34,757,4.8,10.7,.446,3.5,6.6,.523,1.3,4.1,.321,3.0,4.2,.709,8.6,4.5,2.8,0.4,3.2,3.9,13.8,,105.0,98.3
6,4,34,757,12.6,.545,.507,.381,.396,192,3.6,13.0,8.3,14.5,2.8,0.7,19.9,13.7,,0.6,1.4,2.1,.109,,0.2,3.2,3.4
7,0,34,716,77,160,.481,67,125,.536,10,35,.286,67,91,.736,8,65,73,85,34,1,40,68,231
7,1,34,21.1,2.3,4.7,.481,2.0,3.7,.536,0.3,1.0,.286,2.0,2.7,.736,2.1,2.5,1.0,0.0,1.2,2.0,6.8
7,2,34,716,4.3,8.9,.481,3.7,7.0,.536,0.6,2.0,.286,3.7,5.1,.736,4.1,4.7,1.9,0.1,2.2,3.8,12.9
7,3,34,716,6.3,13.0,.481,5.4,10.2,.536,0.8,2.8,.286,5.4,7.4,.736,5.9,6.9,2.8,0.1,3.3,5.5,18.8,,113.2,99.7
7,4,34,716,15.5,.568,.513,.219,.569,241,1.3,10.1,5.7,23.7,2.8,0.2,16.4,17.1,,1.2,1.2,2.5,.139,,1.2,1.4,2.6
8,0,27,197,26,78,.333,3,14,.214,23,64,.359,15,19,.789,5,5,10,4,5,2,4,17,90
8,1,27,7.3,1.0,2.9,.333,0.1,0.5,.214,0.9,2.4,.359,0.6,0.7,.789,0.4,0.1,0.2,0.1,0.1,0.6,3.3
8,2,27,197,5.3,15.8,.333,0.6,2.8,.214,4.7,13.0,.359,3.0,3.9,.789,2.0,0.8,1.0,0.4,0.8,3.5,18.3
8,3,27,197,7.7,23.0,.333,0.9,4.1,.214,6.8,18.9,.359,4.4,5.6,.789,3.0,1.2,1.5,0.6,1.2,5.0,26.6,,112.1,105.4
8,4,27,197,14.0,.517,.481,.821,.244,77,2.9,2.8,2.8,4.3,1.5,1.1,4.4,23.3,,0.4,0.2,0.6,.126,,3.0,-3.1,-0.1
9,0,28,698,128,235,.545,127,230,.552,1,5,.200,79,141,.560,53,84,137,31,20,24,38,73,336
9,1,28,24.9,4.6,8.4,.545,4.5,8.2,.552,0.0,0.2,.200,2.8,5.0,.560,4.9,1.1,0.7,0.9,1.4,2.6,12.0
9,2,28,698,7.3,13.5,.545,7.3,13.2,.552,0.1,0.3,.200,4.5,8.1,.560,7.9,1.8,1.1,1.4,2.2,4.2,19.3
9,3,28,698,10.7,19.6,.545,10.6,19.2,.552,0.1,0.4,.200,6.6,11.8,.560,11.4,2.6,1.7,2.0,3.2,6.1,28.0,,111.9,98.8
9,4,28,698,21.2,.556,.547,.021,.600,316,8.5,13.4,11.0,10.4,1.7,3.9,11.2,24.5,,1.5,1.3,2.8,.161,,1.3,2.6,3.9
10,0,34,452,53,108,.491,53,108,.491,0,0,,31,57,.544,44,59,103,8,6,52,23,93,137
10,1,34,13.3,1.6,3.2,.491,1.6,3.2,.491,0.0,0.0,,0.9,1.7,.544,3.0,0.2,0.2,1.5,0.7,2.7,4.0
10,2,34,452,4.7,9.6,.491,4.7,9.6,.491,0.0,0.0,,2.7,5.0,.544,9.1,0.7,0.5,4.6,2.0,8.2,12.1
10,3,34,452,6.8,13.9,.491,6.8,13.9,.491,0.0,0.0,,4.0,7.3,.544,13.3,1.0,0.8,6.7,3.0,12.0,17.6,,103.2,95.3
10,4,34,452,15.2,.507,.491,.000,.528,141,10.9,14.6,12.8,3.6,0.8,13.0,14.6,17.6,,0.4,1.0,1.4,.123,,-3.2,6.9,3.7
11,0,20,452,59,159,.371,22,48,.458,37,111,.333,16,26,.615,3,36,39,24,11,2,25,34,171
11,1,20,22.6,3.0,8.0,.371,1.1,2.4,.458,1.9,5.6,.333,0.8,1.3,.615,2.0,1.2,0.6,0.1,1.3,1.7,8.6
11,2,20,452,5.2,14.1,.371,1.9,4.2,.458,3.3,9.8,.333,1.4,2.3,.615,3.5,2.1,1.0,0.2,2.2,3.0,15.1
11,3,20,452,7.6,20.5,.371,2.8,6.2,.458,4.8,14.3,.333,2.1,3.3,.615,5.0,3.1,1.4,0.3,3.2,4.4,22.0,,97.2,103.2
11,4,20,452,10.6,.499,.487,.698,.164,151,0.7,8.9,4.8,11.1,1.4,0.5,12.7,21.9,,0.2,0.6,0.9,.076,,0.4,-0.9,-0.5
12,0,9,12,1,3,.333,0,1,.000,1,2,.500,3,3,1.000,1,0,1,0,0,0,1,1,6
12,1,9,1.3,0.1,0.3,.333,0.0,0.1,.000,0.1,0.2,.500,0.3,0.3,1.000,0.1,0.0,0.0,0.0,0.1,0.1,0.7
12,2,9,12,3.3,10.0,.333,0.0,3.3,.000,3.3,6.7,.500,10.0,10.0,1.000,3.3,0.0,0.0,0.0,3.3,3.3,20.0
12,3,9,12,4.9,14.6,.333,0.0,4.9,.000,4.9,9.7,.500,14.6,14.6,1.000,4.9,0.0,0.0,0.0,4.9,4.9,29.1,,125.7,110.5
12,4,9,12,16.6,.678,.500,.667,1.000,6,9.4,0.0,4.7,0.0,0.0,0.0,18.4,22.8,,0.0,0.0,0.1,.169,,2.9,-5.9,-3.0
13,0,34,1101,162,370,.438,97,202,.480,65,168,.387,139,178,.781,53,148,201,60,32,6,46,76,528
13,1,34,32.4,4.8,10.9,.438,2.9,5.9,.480,1.9,4.9,.387,4.1,5.2,.781,5.9,1.8,0.9,0.2,1.4,2.2,15.5
13,2,34,1101,5.9,13.4,.438,3.5,7.3,.480,2.4,6.1,.387,5.0,6.5,.781,7.3,2.2,1.2,0.2,1.7,2.8,19.2
13,3,34,1101,8.6,19.6,.438,5.1,10.7,.480,3.4,8.9,.387,7.3,9.4,.781,10.6,3.2,1.7,0.3,2.4,4.0,27.9,,121.2,99.9
13,4,34,1101,20.9,.581,.526,.454,.481,494,5.4,15.0,10.2,11.8,1.7,0.6,9.2,22.9,,3.3,1.9,5.2,.188,,5.2,0.8,6.0
14,0,34,583,86,188,.457,80,172,.465,6,16,.375,75,108,.694,52,82,134,15,10,18,48,103,253
14,1,34,17.1,2.5,5.5,.457,2.4,5.1,.465,0.2,0.5,.375,2.2,3.2,.694,3.9,0.4,0.3,0.5,1.4,3.0,7.4
14,2,34,583,5.9,12.9,.457,5.5,11.8,.465,0.4,1.1,.375,5.1,7.4,.694,9.2,1.0,0.7,1.2,3.3,7.1,17.4
14,3,34,583,8.6,18.8,.457,8.0,17.2,.465,0.6,1.6,.375,7.5,10.8,.694,13.4,1.5,1.0,1.8,4.8,10.3,25.3,,101.8,99.1
14,4,34,583,15.2,.529,.473,.085,.574,246,10.0,15.7,12.9,5.6,1.0,3.5,16.7,24.8,,0.6,1.1,1.7,.116,,-2.3,0.9,-1.4
