0,0,20,201,20,64,.313,9,29,.310,11,35,.314,8,10,.800,6,15,21,24,9,1,24,12,59
0,1,20,10.1,1.0,3.2,.313,0.5,1.5,.310,0.6,1.8,.314,0.4,0.5,.800,1.1,1.2,0.5,0.1,1.2,0.6,3.0
0,2,20,201,4.0,12.7,.313,1.8,5.8,.310,2.2,7.0,.314,1.6,2.0,.800,4.2,4.8,1.8,0.2,4.8,2.4,11.7
0,3,20,201,6.0,19.1,.313,2.7,8.7,.310,3.3,10.5,.314,2.4,3.0,.800,6.3,7.2,2.7,0.3,7.2,3.6,17.6,,79.1,104.0
0,4,20,201,8.4,.429,.398,.547,.156,66,3.7,8.9,6.3,27.8,2.7,0.5,25.9,24.6,,-0.2,0.2,0.0,-.008,,-5.0,-2.8,-7.8
1,0,31,541,69,161,.429,50,111,.450,19,50,.380,34,51,.667,21,78,99,17,5,2,42,66,191
1,1,31,17.5,2.2,5.2,.429,1.6,3.6,.450,0.6,1.6,.380,1.1,1.6,.667,3.2,0.5,0.2,0.1,1.4,2.1,6.2
1,2,31,541,5.1,11.9,.429,3.7,8.2,.450,1.4,3.7,.380,2.5,3.8,.667,7.3,1.3,0.4,0.1,3.1,4.9,14.1
1,3,31,541,7.7,17.9,.429,5.6,12.3,.450,2.1,5.6,.380,3.8,5.7,.667,11.0,1.9,0.6,0.2,4.7,7.3,21.2,,90.7,104.8
1,4,31,541,10.2,.516,.488,.311,.317,172,4.8,17.2,11.1,7.8,0.6,0.4,18.5,22.4,,0.1,0.5,0.6,.044,,-4.9,-3.6,-8.4
2,0,31,469,58,117,.496,58,117,.496,0,0,,30,68,.441,40,51,91,18,10,18,36,75,146
2,1,31,15.1,1.9,3.8,.496,1.9,3.8,.496,0.0,0.0,,1.0,2.2,.441,2.9,0.6,0.3,0.6,1.2,2.4,4.7
2,2,31,469,4.9,10.0,.496,4.9,10.0,.496,0.0,0.0,,2.6,5.8,.441,7.8,1.5,0.9,1.5,3.1,6.4,12.5
2,3,31,469,7.4,15.0,.496,7.4,15.0,.496,0.0,0.0,,3.8,8.7,.441,11.7,2.3,1.3,2.3,4.6,9.6,18.7,,90.8,103.1
2,4,31,469,11.8,.489,.496,.000,.581,148,10.4,13.0,11.7,9.5,1.3,4.0,19.4,21.1,,0.1,0.5,0.6,.051,,-5.2,-0.3,-5.4
3,0,32,703,57,145,.393,49,106,.462,8,39,.205,42,61,.689,27,55,82,40,30,4,53,54,164
3,1,32,22.0,1.8,4.5,.393,1.5,3.3,.462,0.3,1.2,.205,1.3,1.9,.689,2.6,1.3,0.9,0.1,1.7,1.7,5.1
3,2,32,703,3.2,8.3,.393,2.8,6.0,.462,0.5,2.2,.205,2.4,3.5,.689,4.7,2.3,1.7,0.2,3.0,3.1,9.3
3,3,32,703,4.9,12.4,.393,4.2,9.1,.462,0.7,3.3,.205,3.6,5.2,.689,7.0,3.4,2.6,0.3,4.5,4.6,14.0,,86.1,103.9
3,4,32,703,8.7,.471,.421,.269,.421,173,4.7,9.3,7.0,12.7,2.6,0.6,23.4,17.2,,-0.2,0.7,0.5,.031,,-4.6,-0.6,-5.3
4,0,28,602,41,114,.360,35,89,.393,6,25,.240,30,49,.612,37,96,133,24,11,5,59,55,118
4,1,28,21.5,1.5,4.1,.360,1.3,3.2,.393,0.2,0.9,.240,1.1,1.8,.612,4.8,0.9,0.4,0.2,2.1,2.0,4.2
4,2,28,602,2.7,7.6,.360,2.3,5.9,.393,0.4,1.7,.240,2.0,3.3,.612,8.8,1.6,0.7,0.3,3.9,3.7,7.8
4,3,28,602,4.1,11.4,.360,3.5,8.9,.393,0.6,2.5,.240,3.0,4.9,.612,13.3,2.4,1.1,0.5,5.9,5.5,11.8,,74.2,102.7
4,4,28,602,5.6,.430,.386,.219,.430,132,7.5,19.0,13.4,8.7,1.1,0.9,30.1,17.4,,-0.8,0.7,-0.1,-.007,,-7.7,-0.8,-8.5
5,0,32,936,145,315,.460,110,213,.516,35,102,.343,86,114,.754,33,97,130,56,20,9,60,69,411
5,1,32,29.3,4.5,9.8,.460,3.4,6.7,.516,1.1,3.2,.343,2.7,3.6,.754,4.1,1.8,0.6,0.3,1.9,2.2,12.8
5,2,32,936,6.2,13.5,.460,4.7,9.1,.516,1.5,4.4,.343,3.7,4.9,.754,5.6,2.4,0.9,0.4,2.6,2.9,17.6
5,3,32,936,9.3,20.2,.460,7.1,13.7,.516,2.2,6.6,.343,5.5,7.3,.754,8.3,3.6,1.3,0.6,3.9,4.4,26.4,,105.5,105.3
5,4,32,936,17.3,.557,.516,.324,.362,378,4.3,12.4,8.4,16.0,1.3,1.0,14.0,24.5,,1.8,0.8,2.6,.110,,0.4,-2.4,-1.9
6,0,31,355,35,84,.417,35,84,.417,0,0,,26,36,.722,36,46,82,11,8,12,17,67,96
6,1,31,11.5,1.1,2.7,.417,1.1,2.7,.417,0.0,0.0,,0.8,1.2,.722,2.6,0.4,0.3,0.4,0.5,2.2,3.1
6,2,31,355,3.9,9.5,.417,3.9,9.5,.417,0.0,0.0,,2.9,4.1,.722,9.2,1.2,0.9,1.4,1.9,7.5,10.8
6,3,31,355,5.9,14.2,.417,5.9,14.2,.417,0.0,0.0,,4.4,6.1,.722,13.9,1.9,1.4,2.0,2.9,11.3,16.3,,100.0,102.0
6,4,31,355,12.4,.475,.417,.000,.429,105,12.4,15.5,14.0,7.2,1.4,3.5,14.4,17.8,,0.3,0.4,0.8,.086,,-4.4,-0.4,-4.9
7,0,5,9,0,1,.000,0,1,.000,0,0,,0,0,,0,0,0,0,0,1,2,0,0
7,1,5,1.8,0.0,0.2,.000,0.0,0.2,.000,0.0,0.0,,0.0,0.0,,0.0,0.0,0.0,0.2,0.4,0.0,0.0
7,2,5,9,0.0,4.4,.000,0.0,4.4,.000,0.0,0.0,,0.0,0.0,,0.0,0.0,0.0,4.4,8.9,0.0,0.0
7,3,5,9,0.0,6.7,.000,0.0,6.7,.000,0.0,0.0,,0.0,0.0,,0.0,0.0,0.0,6.7,13.4,0.0,0.0,,0.0,108.6
7,4,5,9,-14.0,.000,.000,.000,.000,0,0.0,0.0,0.0,0.0,0.0,11.6,66.7,17.8,,-0.1,0.0,-0.1,-.296,,-22.9,4.0,-18.9
8,0,30,982,117,261,.448,44,107,.411,73,154,.474,94,115,.817,9,95,104,64,27,11,60,46,401
8,1,30,32.7,3.9,8.7,.448,1.5,3.6,.411,2.4,5.1,.474,3.1,3.8,.817,3.5,2.1,0.9,0.4,2.0,1.5,13.4
8,2,30,982,4.8,10.6,.448,1.8,4.4,.411,3.0,6.3,.474,3.8,4.7,.817,4.2,2.6,1.1,0.4,2.4,1.9,16.3
8,3,30,982,7.2,16.0,.448,2.7,6.6,.411,4.5,9.4,.474,5.8,7.0,.817,6.4,3.9,1.7,0.7,3.7,2.8,24.5,,114.3,104.8
8,4,30,982,18.0,.635,.588,.590,.441,357,1.1,11.5,6.4,15.9,1.7,1.2,16.0,20.4,,2.3,0.9,3.2,.132,,2.6,-1.9,0.7
9,0,12,32,1,5,.200,1,1,1.000,0,4,.000,0,0,,0,0,0,1,0,0,2,3,2
9,1,12,2.7,0.1,0.4,.200,0.1,0.1,1.000,0.0,0.3,.000,0.0,0.0,,0.0,0.1,0.0,0.0,0.2,0.3,0.2
9,2,12,32,1.3,6.3,.200,1.3,1.3,1.000,0.0,5.0,.000,0.0,0.0,,0.0,1.3,0.0,0.0,2.5,3.8,2.5
9,3,12,32,1.9,9.4,.200,1.9,1.9,1.000,0.0,7.5,.000,0.0,0.0,,0.0,1.9,0.0,0.0,3.8,5.6,3.8,,37.9,113.9
9,4,12,32,-6.5,.200,.200,.800,.000,2,0.0,0.0,0.0,6.3,0.0,0.0,28.6,11.7,,-0.1,0.0,-0.1,-.111,,-11.2,-5.8,-16.9
10,0,5,10,0,0,,0,0,,0,0,,0,0,,0,1,1,1,0,0,1,2,0
10,1,5,2.0,0.0,0.0,,0.0,0.0,,0.0,0.0,,0.0,0.0,,0.2,0.2,0.0,0.0,0.2,0.4,0.0
10,2,5,10,0.0,0.0,,0.0,0.0,,0.0,0.0,,0.0,0.0,,4.0,4.0,0.0,0.0,4.0,8.0,0.0
10,3,5,10,0.0,0.0,,0.0,0.0,,0.0,0.0,,0.0,0.0,,6.0,6.0,0.0,0.0,6.0,12.0,0.0,,43.0,108.2
10,4,5,10,-3.7,,,,,1,0.0,11.9,6.0,18.9,0.0,0.0,100.0,5.3,,0.0,0.0,0.0,-.043,,-11.5,-1.6,-13.1
11,0,31,745,87,234,.372,36,96,.375,51,138,.370,43,56,.768,6,69,75,59,16,0,61,62,268
11,1,31,24.0,2.8,7.5,.372,1.2,3.1,.375,1.6,4.5,.370,1.4,1.8,.768,2.4,1.9,0.5,0.0,2.0,2.0,8.6
11,2,31,745,4.7,12.6,.372,1.9,5.2,.375,2.7,7.4,.370,2.3,3.0,.768,4.0,3.2,0.9,0.0,3.3,3.3,14.4
11,3,31,745,7.0,18.9,.372,2.9,7.7,.375,4.1,11.1,.370,3.5,4.5,.768,6.1,4.8,1.3,0.0,4.9,5.0,21.6,,92.5,106.3
11,4,31,745,10.7,.514,.481,.590,.239,252,1.0,11.0,6.1,19.2,1.3,0.0,19.0,23.0,,0.3,0.6,0.9,.047,,-2.0,-3.6,-5.6
12,0,31,815,47,130,.362,20,46,.435,27,84,.321,16,20,.800,6,58,64,108,27,0,69,57,137
12,1,31,26.3,1.5,4.2,.362,0.6,1.5,.435,0.9,2.7,.321,0.5,0.6,.800,2.1,3.5,0.9,0.0,2.2,1.8,4.4
12,2,31,815,2.3,6.4,.362,1.0,2.3,.435,1.3,4.1,.321,0.8,1.0,.800,3.1,5.3,1.3,0.0,3.4,2.8,6.7
12,3,31,815,3.5,9.6,.362,1.5,3.4,.435,2.0,6.2,.321,1.2,1.5,.800,4.7,8.0,2.0,0.0,5.1,4.2,10.1,,86.6,105.9
12,4,31,815,7.3,.491,.465,.646,.154,174,0.9,8.5,4.7,28.1,2.0,0.0,33.1,13.7,,-0.1,0.7,0.5,.026,,-4.1,-2.7,-6.8
