0,0,21,298,27,50,.540,26,48,.542,1,2,.500,12,16,.750,33,42,75,11,3,3,15,50,67
0,1,21,14.2,1.3,2.4,.540,1.2,2.3,.542,0.0,0.1,.500,0.6,0.8,.750,3.6,0.5,0.1,0.1,0.7,2.4,3.2
0,2,21,298,3.6,6.7,.540,3.5,6.4,.542,0.1,0.3,.500,1.6,2.1,.750,10.1,1.5,0.4,0.4,2.0,6.7,9.0
0,3,21,298,5.7,10.6,.540,5.5,10.2,.542,0.2,0.4,.500,2.6,3.4,.750,15.9,2.3,0.6,0.6,3.2,10.6,14.2,,114.6,98.5
0,4,21,298,13.1,.582,.550,.040,.320,76,13.3,16.4,14.9,7.3,0.6,1.1,20.7,13.1,,0.5,0.5,1.0,.133,,0.5,2.3,2.8
1,0,31,696,75,186,.403,18,32,.563,57,154,.370,12,17,.706,28,40,68,20,21,3,22,47,219
1,1,31,22.5,2.4,6.0,.403,0.6,1.0,.563,1.8,5.0,.370,0.4,0.5,.706,2.2,0.6,0.7,0.1,0.7,1.5,7.1
1,2,31,696,4.3,10.7,.403,1.0,1.8,.563,3.3,8.9,.370,0.7,1.0,.706,3.9,1.1,1.2,0.2,1.3,2.7,12.6
1,3,31,696,6.8,16.9,.403,1.6,2.9,.563,5.2,14.0,.370,1.1,1.5,.706,6.2,1.8,1.9,0.3,2.0,4.3,19.9,,115.1,101.0
1,4,31,696,14.0,.564,.556,.828,.091,193,4.8,6.7,5.8,5.9,1.9,0.5,10.2,16.7,,1.3,0.9,2.3,.130,,4.1,1.0,5.1
2,0,15,70,3,4,.750,3,4,.750,0,0,,1,2,.500,3,7,10,1,0,0,1,2,7
2,1,15,4.7,0.2,0.3,.750,0.2,0.3,.750,0.0,0.0,,0.1,0.1,.500,0.7,0.1,0.0,0.0,0.1,0.1,0.5
2,2,15,70,1.7,2.3,.750,1.7,2.3,.750,0.0,0.0,,0.6,1.1,.500,5.7,0.6,0.0,0.0,0.6,1.1,4.0
2,3,15,70,2.7,3.6,.750,2.7,3.6,.750,0.0,0.0,,0.9,1.8,.500,9.1,0.9,0.0,0.0,0.9,1.8,6.3,,133.8,103.4
2,4,15,70,7.8,.707,.750,.000,.500,7,5.2,11.7,8.5,2.6,0.0,0.0,16.8,4.6,,0.1,0.1,0.2,.087,,-1.0,1.1,0.1
3,0,31,1126,114,272,.419,92,183,.503,22,89,.247,116,149,.779,10,77,87,239,45,0,110,77,366
3,1,31,36.3,3.7,8.8,.419,3.0,5.9,.503,0.7,2.9,.247,3.7,4.8,.779,2.8,7.7,1.5,0.0,3.5,2.5,11.8
3,2,31,1126,4.0,9.7,.419,3.3,6.5,.503,0.8,3.2,.247,4.1,5.3,.779,3.1,8.5,1.6,0.0,3.9,2.7,13.0
3,3,31,1126,6.4,15.3,.419,5.2,10.3,.503,1.2,5.0,.247,6.5,8.4,.779,4.9,13.4,2.5,0.0,6.2,4.3,20.6,,108.1,99.3
3,4,31,1126,17.6,.534,.460,.327,.548,457,1.1,8.0,4.6,43.0,2.5,0.0,24.3,21.7,,2.4,1.7,4.1,.147,,2.4,0.5,2.9
4,0,11,17,1,11,.091,1,7,.143,0,4,.000,0,0,,1,1,2,0,0,0,1,5,2
4,1,11,1.5,0.1,1.0,.091,0.1,0.6,.143,0.0,0.4,.000,0.0,0.0,,0.2,0.0,0.0,0.0,0.1,0.5,0.2
4,2,11,17,2.4,25.9,.091,2.4,16.5,.143,0.0,9.4,.000,0.0,0.0,,4.7,0.0,0.0,0.0,2.4,11.8,4.7
4,3,11,17,3.7,41.0,.091,3.7,26.1,.143,0.0,14.9,.000,0.0,0.0,,7.5,0.0,0.0,0.0,3.7,18.6,7.5,,26.9,104.2
4,4,11,17,-26.0,.091,.091,.364,.000,2,7.1,6.9,7.0,0.0,0.0,0.0,8.3,38.1,,-0.2,0.0,-0.1,-.347,,-22.9,-9.0,-31.9
5,0,28,945,154,327,.471,130,254,.512,24,73,.329,59,89,.663,57,204,261,26,19,41,42,44,391
5,1,28,33.8,5.5,11.7,.471,4.6,9.1,.512,0.9,2.6,.329,2.1,3.2,.663,9.3,0.9,0.7,1.5,1.5,1.6,14.0
5,2,28,945,6.5,13.8,.471,5.5,10.8,.512,1.0,3.1,.329,2.5,3.8,.663,11.0,1.1,0.8,1.7,1.8,1.9,16.6
5,3,28,945,10.3,21.9,.471,8.7,17.0,.512,1.6,4.9,.329,4.0,6.0,.663,17.5,1.7,1.3,2.7,2.8,3.0,26.2,,109.1,91.8
5,4,28,945,22.2,.529,.508,.223,.272,353,7.3,25.2,16.4,6.4,1.3,4.6,10.2,23.5,,2.0,2.1,4.1,.172,,0.6,3.7,4.3
6,0,7,12,0,2,.000,0,0,,0,2,.000,0,0,,0,1,1,0,0,0,0,1,0
6,1,7,1.7,0.0,0.3,.000,0.0,0.0,,0.0,0.3,.000,0.0,0.0,,0.1,0.0,0.0,0.0,0.0,0.1,0.0
6,2,7,12,0.0,6.7,.000,0.0,0.0,,0.0,6.7,.000,0.0,0.0,,3.3,0.0,0.0,0.0,0.0,3.3,0.0
6,3,7,12,0.0,10.6,.000,0.0,0.0,,0.0,10.6,.000,0.0,0.0,,5.3,0.0,0.0,0.0,0.0,5.3,0.0,,0.0,104.0
6,4,7,12,-7.5,.000,.000,1.000,.000,0,0.0,9.7,4.9,0.0,0.0,0.0,0.0,9.0,,0.0,0.0,0.0,-.076,,-8.6,-1.1,-9.7
7,0,31,385,37,79,.468,17,32,.531,20,47,.426,26,32,.813,20,26,46,11,5,10,8,56,120
7,1,31,12.4,1.2,2.5,.468,0.5,1.0,.531,0.6,1.5,.426,0.8,1.0,.813,1.5,0.4,0.2,0.3,0.3,1.8,3.9
7,2,31,385,3.8,8.2,.468,1.8,3.3,.531,2.1,4.9,.426,2.7,3.3,.813,4.8,1.1,0.5,1.0,0.8,5.8,12.5
7,3,31,385,6.1,13.0,.468,2.8,5.3,.531,3.3,7.7,.426,4.3,5.3,.813,7.6,1.8,0.8,1.6,1.3,9.2,19.8,,135.2,101.2
7,4,31,385,15.7,.637,.595,.595,.405,110,6.3,7.9,7.1,5.7,0.8,2.8,7.8,14.3,,1.2,0.5,1.7,.173,,4.1,1.5,5.6
8,0,31,1080,197,462,.426,107,229,.467,90,233,.386,67,83,.807,29,113,142,58,27,10,91,60,551
8,1,31,34.8,6.4,14.9,.426,3.5,7.4,.467,2.9,7.5,.386,2.2,2.7,.807,4.6,1.9,0.9,0.3,2.9,1.9,17.8
8,2,31,1080,7.3,17.1,.426,4.0,8.5,.467,3.3,8.6,.386,2.5,3.1,.807,5.3,2.1,1.0,0.4,3.4,2.2,20.4
8,3,31,1080,11.6,27.1,.426,6.3,13.4,.467,5.3,13.7,.386,3.9,4.9,.807,8.3,3.4,1.6,0.6,5.3,3.5,32.3,,103.8,99.0
8,4,31,1080,19.0,.549,.524,.504,.180,483,3.2,12.2,7.8,13.0,1.6,1.0,15.4,29.6,,2.1,1.7,3.7,.138,,3.4,0.8,4.2
9,0,30,832,103,204,.505,100,189,.529,3,15,.200,65,110,.591,67,108,175,20,16,26,53,95,274
9,1,30,27.7,3.4,6.8,.505,3.3,6.3,.529,0.1,0.5,.200,2.2,3.7,.591,5.8,0.7,0.5,0.9,1.8,3.2,9.1
9,2,30,832,5.0,9.8,.505,4.8,9.1,.529,0.1,0.7,.200,3.1,5.3,.591,8.4,1.0,0.8,1.3,2.5,4.6,13.2
9,3,30,832,7.8,15.5,.505,7.6,14.4,.529,0.2,1.1,.200,5.0,8.4,.591,13.3,1.5,1.2,2.0,4.0,7.2,20.9,,103.1,96.9
9,4,30,832,15.5,.535,.512,.074,.539,266,9.7,15.1,12.5,5.1,1.2,3.3,17.1,20.0,,1.1,1.4,2.5,.122,,-0.6,3.1,2.5
10,0,31,559,27,83,.325,12,27,.444,15,56,.268,5,8,.625,20,36,56,26,21,0,15,33,74
10,1,31,18.0,0.9,2.7,.325,0.4,0.9,.444,0.5,1.8,.268,0.2,0.3,.625,1.8,0.8,0.7,0.0,0.5,1.1,2.4
10,2,31,559,1.9,5.9,.325,0.9,1.9,.444,1.1,4.0,.268,0.4,0.6,.625,4.0,1.9,1.5,0.0,1.1,2.4,5.3
10,3,31,559,3.1,9.4,.325,1.4,3.1,.444,1.7,6.3,.268,0.6,0.9,.625,6.3,2.9,2.4,0.0,1.7,3.7,8.4,,98.1,99.9
10,4,31,559,7.5,.426,.416,.675,.096,85,4.3,7.5,5.9,8.5,2.4,0.0,14.7,9.8,,0.2,0.8,1.0,.074,,0.0,3.1,3.0
11,0,28,330,18,45,.400,11,22,.500,7,23,.304,5,7,.714,24,39,63,8,7,4,13,43,48
11,1,28,11.8,0.6,1.6,.400,0.4,0.8,.500,0.3,0.8,.304,0.2,0.3,.714,2.3,0.3,0.3,0.1,0.5,1.5,1.7
11,2,28,330,2.2,5.5,.400,1.3,2.7,.500,0.8,2.8,.304,0.6,0.8,.714,7.6,1.0,0.8,0.5,1.6,5.2,5.8
11,3,28,330,3.5,8.6,.400,2.1,4.2,.500,1.3,4.4,.304,1.0,1.3,.714,12.1,1.5,1.3,0.8,2.5,8.3,9.2,,101.4,98.3
11,4,28,330,8.2,.497,.478,.511,.156,55,8.8,13.8,11.3,4.5,1.3,1.3,21.2,10.0,,0.2,0.5,0.7,.089,,-0.7,2.8,2.1
