0,0,32,841,72,193,.373,61,137,.445,11,56,.196,91,113,.805,14,77,91,53,25,10,53,66,246
0,1,32,26.3,2.3,6.0,.373,1.9,4.3,.445,0.3,1.8,.196,2.8,3.5,.805,2.8,1.7,0.8,0.3,1.7,2.1,7.7
0,2,32,841,3.4,9.2,.373,2.9,6.5,.445,0.5,2.7,.196,4.3,5.4,.805,4.3,2.5,1.2,0.5,2.5,3.1,11.7
0,3,32,841,5.2,13.9,.373,4.4,9.9,.445,0.8,4.0,.196,6.6,8.1,.805,6.6,3.8,1.8,0.7,3.8,4.8,17.7,,98.9,103.9
0,4,32,841,11.0,.499,.402,.290,.585,241,2.0,10.3,6.2,12.6,1.8,1.3,17.7,18.4,,0.6,0.9,1.6,.075,,-1.4,0.3,-1.1
1,0,32,1017,148,376,.394,100,217,.461,48,159,.302,66,93,.710,25,91,116,95,37,9,67,54,410
1,1,32,31.8,4.6,11.8,.394,3.1,6.8,.461,1.5,5.0,.302,2.1,2.9,.710,3.6,3.0,1.2,0.3,2.1,1.7,12.8
1,2,32,1017,5.8,14.8,.394,3.9,8.5,.461,1.9,6.3,.302,2.6,3.7,.710,4.6,3.7,1.5,0.4,2.6,2.1,16.1
1,3,32,1017,8.8,22.4,.394,6.0,12.9,.461,2.9,9.5,.302,3.9,5.5,.710,6.9,5.7,2.2,0.5,4.0,3.2,24.4,,100.8,103.4
1,4,32,1017,15.4,.488,.457,.423,.247,394,2.9,10.1,6.5,21.2,2.2,0.9,13.8,24.7,,1.3,1.2,2.4,.096,,1.6,-0.4,1.2
2,0,9,54,2,15,.133,1,5,.200,1,10,.100,0,1,.000,0,2,2,4,0,0,3,1,5
2,1,9,6.0,0.2,1.7,.133,0.1,0.6,.200,0.1,1.1,.100,0.0,0.1,.000,0.2,0.4,0.0,0.0,0.3,0.1,0.6
2,2,9,54,1.5,11.1,.133,0.7,3.7,.200,0.7,7.4,.100,0.0,0.7,.000,1.5,3.0,0.0,0.0,2.2,0.7,3.7
2,3,9,54,2.2,16.8,.133,1.1,5.6,.200,1.1,11.2,.100,0.0,1.1,.000,2.2,4.5,0.0,0.0,3.4,1.1,5.6,,44.3,111.8
2,4,9,54,-6.3,.162,.167,.667,.067,6,0.0,4.2,2.1,13.5,0.0,0.0,16.2,17.7,,-0.2,0.0,-0.2,-.127,,-9.6,-4.5,-14.1
3,0,32,552,107,198,.540,107,197,.543,0,1,.000,42,65,.646,66,84,150,12,23,22,32,52,256
3,1,32,17.3,3.3,6.2,.540,3.3,6.2,.543,0.0,0.0,.000,1.3,2.0,.646,4.7,0.4,0.7,0.7,1.0,1.6,8.0
3,2,32,552,7.8,14.3,.540,7.8,14.3,.543,0.0,0.1,.000,3.0,4.7,.646,10.9,0.9,1.7,1.6,2.3,3.8,18.6
3,3,32,552,11.7,21.7,.540,11.7,21.6,.543,0.0,0.1,.000,4.6,7.1,.646,16.5,1.3,2.5,2.4,3.5,5.7,28.1,,111.2,97.5
3,4,32,552,24.4,.559,.540,.005,.328,233,14.0,17.1,15.6,5.6,2.5,4.2,12.3,24.4,,1.3,1.0,2.3,.165,,1.1,1.1,2.1
4,0,7,25,3,7,.429,2,4,.500,1,3,.333,2,3,.667,0,2,2,3,1,0,1,5,9
4,1,7,3.6,0.4,1.0,.429,0.3,0.6,.500,0.1,0.4,.333,0.3,0.4,.667,0.3,0.4,0.1,0.0,0.1,0.7,1.3
4,2,7,25,4.8,11.2,.429,3.2,6.4,.500,1.6,4.8,.333,3.2,4.8,.667,3.2,4.8,1.6,0.0,1.6,8.0,14.4
4,3,7,25,7.3,17.0,.429,4.8,9.7,.500,2.4,7.3,.333,4.8,7.3,.667,4.8,7.3,2.4,0.0,2.4,12.1,21.8,,115.5,103.1
4,4,7,25,14.5,.534,.500,.429,.429,9,0.0,9.0,4.6,25.8,2.4,0.0,10.6,19.4,,0.1,0.0,0.1,.141,,1.6,-2.6,-1.0
5,0,29,670,78,166,.470,60,127,.472,18,39,.462,44,56,.786,48,119,167,31,16,44,39,62,218
5,1,29,23.1,2.7,5.7,.470,2.1,4.4,.472,0.6,1.3,.462,1.5,1.9,.786,5.8,1.1,0.6,1.5,1.3,2.1,7.5
5,2,29,670,4.7,9.9,.470,3.6,7.6,.472,1.1,2.3,.462,2.6,3.3,.786,10.0,1.9,1.0,2.6,2.3,3.7,13.0
5,3,29,670,7.1,15.0,.470,5.4,11.5,.472,1.6,3.5,.462,4.0,5.1,.786,15.1,2.8,1.4,4.0,3.5,5.6,19.7,,109.9,97.2
5,4,29,670,18.8,.566,.524,.235,.337,211,8.4,20.0,14.3,9.9,1.4,6.9,16.8,17.8,,1.1,1.2,2.3,.138,,0.5,4.0,4.5
6,0,5,7,0,0,,0,0,,0,0,,0,0,,0,1,1,0,0,0,0,1,0
6,1,5,1.4,0.0,0.0,,0.0,0.0,,0.0,0.0,,0.0,0.0,,0.2,0.0,0.0,0.0,0.0,0.2,0.0
6,2,5,7,0.0,0.0,,0.0,0.0,,0.0,0.0,,0.0,0.0,,5.7,0.0,0.0,0.0,0.0,5.7,0.0
6,3,5,7,0.0,0.0,,0.0,0.0,,0.0,0.0,,0.0,0.0,,8.7,0.0,0.0,0.0,0.0,8.7,0.0,,,105.3
6,4,5,7,0.2,,,,,0,0.0,16.1,8.2,0.0,0.0,0.0,,0.0,,0.0,0.0,0.0,.039,,-6.5,-0.4,-6.9
7,0,32,554,68,151,.450,63,135,.467,5,16,.313,63,80,.788,55,47,102,34,11,5,33,77,204
7,1,32,17.3,2.1,4.7,.450,2.0,4.2,.467,0.2,0.5,.313,2.0,2.5,.788,3.2,1.1,0.3,0.2,1.0,2.4,6.4
7,2,32,554,4.9,10.9,.450,4.5,9.7,.467,0.4,1.2,.313,4.5,5.8,.788,7.4,2.5,0.8,0.4,2.4,5.6,14.7
7,3,32,554,7.4,16.5,.450,6.9,14.8,.467,0.5,1.7,.313,6.9,8.7,.788,11.2,3.7,1.2,0.5,3.6,8.4,22.3,,112.6,105.4
7,4,32,554,16.4,.540,.467,.106,.530,212,11.6,9.5,10.6,13.3,1.2,0.9,14.9,20.7,,1.3,0.5,1.8,.130,,1.6,-0.7,0.9
8,0,30,669,86,167,.515,86,167,.515,0,0,,39,65,.600,48,92,140,20,12,61,57,76,211
8,1,30,22.3,2.9,5.6,.515,2.9,5.6,.515,0.0,0.0,,1.3,2.2,.600,4.7,0.7,0.4,2.0,1.9,2.5,7.0
8,2,30,669,5.1,10.0,.515,5.1,10.0,.515,0.0,0.0,,2.3,3.9,.600,8.4,1.2,0.7,3.6,3.4,4.5,12.6
8,3,30,669,7.8,15.1,.515,7.8,15.1,.515,0.0,0.0,,3.5,5.9,.600,12.7,1.8,1.1,5.5,5.2,6.9,19.1,,93.7,98.8
8,4,30,669,15.2,.533,.515,.000,.389,199,8.4,15.5,12.0,6.5,1.1,9.6,22.4,19.7,,0.2,1.1,1.3,.079,,-3.3,4.8,1.5
9,0,31,853,67,163,.411,10,25,.400,57,138,.413,51,58,.879,8,60,68,120,43,1,55,44,242
9,1,31,27.5,2.2,5.3,.411,0.3,0.8,.400,1.8,4.5,.413,1.6,1.9,.879,2.2,3.9,1.4,0.0,1.8,1.4,7.8
9,2,31,853,3.1,7.6,.411,0.5,1.2,.400,2.7,6.5,.413,2.4,2.7,.879,3.2,5.6,2.0,0.0,2.6,2.1,11.3
9,3,31,853,4.8,11.6,.411,0.7,1.8,.400,4.0,9.8,.413,3.6,4.1,.879,4.8,8.5,3.1,0.1,3.9,3.1,17.2,,118.1,103.0
9,4,31,853,16.4,.635,.586,.847,.356,256,1.1,7.9,4.6,27.8,3.1,0.1,22.4,14.9,,1.8,1.0,2.8,.133,,4.2,-0.7,3.5
10,0,24,209,19,50,.380,14,31,.452,5,19,.263,6,8,.750,13,35,48,14,6,4,10,24,49
10,1,24,8.7,0.8,2.1,.380,0.6,1.3,.452,0.2,0.8,.263,0.3,0.3,.750,2.0,0.6,0.3,0.2,0.4,1.0,2.0
10,2,24,209,3.6,9.6,.380,2.7,5.9,.452,1.0,3.6,.263,1.1,1.5,.750,9.2,2.7,1.1,0.8,1.9,4.6,9.4
10,3,24,209,5.5,14.5,.380,4.1,9.0,.452,1.4,5.5,.263,1.7,2.3,.750,13.9,4.1,1.7,1.2,2.9,7.0,14.2,,98.8,99.4
10,4,24,209,12.1,.455,.430,.380,.160,53,7.3,18.8,13.2,13.5,1.7,2.0,15.7,15.7,,0.1,0.3,0.5,.089,,-1.4,1.2,-0.1
11,0,30,549,80,205,.390,66,154,.429,14,51,.275,44,58,.759,50,69,119,10,19,10,44,62,218
11,1,30,18.3,2.7,6.8,.390,2.2,5.1,.429,0.5,1.7,.275,1.5,1.9,.759,4.0,0.3,0.6,0.3,1.5,2.1,7.3
11,2,30,549,5.8,14.9,.390,4.8,11.2,.429,1.0,3.7,.275,3.2,4.2,.759,8.7,0.7,1.4,0.7,3.2,4.5,15.9
11,3,30,549,8.8,22.6,.390,7.3,17.0,.429,1.5,5.6,.275,4.9,6.4,.759,13.1,1.1,2.1,1.1,4.9,6.8,24.1,,93.1,100.9
11,4,30,549,13.7,.469,.424,.249,.283,205,10.7,14.1,12.4,4.1,2.1,1.9,15.9,26.0,,0.2,0.8,1.0,.072,,-2.8,-1.4,-4.1
12,0,32,576,40,113,.354,27,75,.360,13,38,.342,35,47,.745,3,48,51,56,24,1,38,43,128
12,1,32,18.0,1.3,3.5,.354,0.8,2.3,.360,0.4,1.2,.342,1.1,1.5,.745,1.6,1.8,0.8,0.0,1.2,1.3,4.0
12,2,32,576,2.8,7.8,.354,1.9,5.2,.360,0.9,2.6,.342,2.4,3.3,.745,3.5,3.9,1.7,0.1,2.6,3.0,8.9
12,3,32,576,4.2,11.9,.354,2.8,7.9,.360,1.4,4.0,.342,3.7,4.9,.745,5.4,5.9,2.5,0.1,4.0,4.5,13.5,,92.8,103.3
12,4,32,576,9.0,.473,.412,.336,.416,136,0.6,9.4,5.1,18.8,2.5,0.2,21.9,15.5,,0.1,0.7,0.8,.056,,-2.3,-0.1,-2.4
