0,0,11,43,2,5,.400,2,5,.400,0,0,,0,0,,2,7,9,2,1,2,3,3,4
0,1,11,3.9,0.2,0.5,.400,0.2,0.5,.400,0.0,0.0,,0.0,0.0,,0.8,0.2,0.1,0.2,0.3,0.3,0.4
0,2,11,43,1.9,4.7,.400,1.9,4.7,.400,0.0,0.0,,0.0,0.0,,8.4,1.9,0.9,1.9,2.8,2.8,3.7
0,3,11,43,3.0,7.5,.400,3.0,7.5,.400,0.0,0.0,,0.0,0.0,,13.5,3.0,1.5,3.0,4.5,4.5,6.0,,70.4,95.3
0,4,11,43,7.4,.400,.400,.000,.000,5,5.8,19.0,12.6,9.7,1.5,5.0,37.5,10.2,,0.0,0.1,0.0,.034,,-6.4,5.0,-1.3
1,0,14,81,9,14,.643,9,14,.643,0,0,,0,0,,1,10,11,3,2,2,7,11,18
1,1,14,5.8,0.6,1.0,.643,0.6,1.0,.643,0.0,0.0,,0.0,0.0,,0.8,0.2,0.1,0.1,0.5,0.8,1.3
1,2,14,81,4.4,6.9,.643,4.4,6.9,.643,0.0,0.0,,0.0,0.0,,5.4,1.5,1.0,1.0,3.5,5.4,8.9
1,3,14,81,7.2,11.2,.643,7.2,11.2,.643,0.0,0.0,,0.0,0.0,,8.8,2.4,1.6,1.6,5.6,8.8,14.3,,86.4,98.2
1,4,14,81,9.0,.643,.643,.000,.000,15,1.5,14.4,8.2,8.9,1.6,2.6,33.3,14.2,,0.0,0.1,0.1,.056,,-4.5,2.4,-2.1
2,0,31,1111,195,404,.483,190,381,.499,5,23,.217,103,168,.613,88,237,325,39,19,73,64,63,498
2,1,31,35.8,6.3,13.0,.483,6.1,12.3,.499,0.2,0.7,.217,3.3,5.4,.613,10.5,1.3,0.6,2.4,2.1,2.0,16.1
2,2,31,1111,7.0,14.5,.483,6.8,13.7,.499,0.2,0.8,.217,3.7,6.0,.613,11.7,1.4,0.7,2.6,2.3,2.3,17.9
2,3,31,1111,11.3,23.5,.483,11.0,22.1,.499,0.3,1.3,.217,6.0,9.8,.613,18.9,2.3,1.1,4.2,3.7,3.7,28.9,,106.4,92.3
2,4,31,1111,24.7,.515,.489,.057,.416,466,9.8,24.8,17.6,10.0,1.1,7.0,11.7,27.1,,2.4,2.4,4.8,.173,,0.1,4.2,4.3
3,0,31,801,86,203,.424,31,56,.554,55,147,.374,40,49,.816,25,41,66,29,13,4,26,79,267
3,1,31,25.8,2.8,6.5,.424,1.0,1.8,.554,1.8,4.7,.374,1.3,1.6,.816,2.1,0.9,0.4,0.1,0.8,2.5,8.6
3,2,31,801,4.3,10.1,.424,1.5,2.8,.554,2.7,7.3,.374,2.0,2.4,.816,3.3,1.4,0.6,0.2,1.3,3.9,13.3
3,3,31,801,6.9,16.4,.424,2.5,4.5,.554,4.4,11.8,.374,3.2,3.9,.816,5.3,2.3,1.0,0.3,2.1,6.4,21.5,,121.2,104.8
3,4,31,801,14.2,.590,.559,.724,.241,236,3.9,6.0,4.9,8.7,1.0,0.5,10.3,17.3,,2.0,0.7,2.7,.137,,4.1,-1.1,3.0
4,0,22,89,2,4,.500,2,4,.500,0,0,,3,6,.500,6,6,12,1,0,2,5,11,7
4,1,22,4.0,0.1,0.2,.500,0.1,0.2,.500,0.0,0.0,,0.1,0.3,.500,0.5,0.0,0.0,0.1,0.2,0.5,0.3
4,2,22,89,0.9,1.8,.500,0.9,1.8,.500,0.0,0.0,,1.3,2.7,.500,5.4,0.4,0.0,0.9,2.2,4.9,3.1
4,3,22,89,1.5,2.9,.500,1.5,2.9,.500,0.0,0.0,,2.2,4.4,.500,8.7,0.7,0.0,1.5,3.6,8.0,5.1,,79.1,105.1
4,4,22,89,2.7,.511,.500,.000,1.500,9,8.4,7.9,8.1,2.2,0.0,2.4,42.2,7.3,,0.0,0.1,0.0,.020,,-4.7,1.1,-3.5
5,0,30,847,94,201,.468,93,195,.477,1,6,.167,60,101,.594,73,132,205,51,28,13,73,104,249
5,1,30,28.2,3.1,6.7,.468,3.1,6.5,.477,0.0,0.2,.167,2.0,3.4,.594,6.8,1.7,0.9,0.4,2.4,3.5,8.3
5,2,30,847,4.4,9.5,.468,4.4,9.2,.477,0.0,0.3,.167,2.8,4.8,.594,9.7,2.4,1.3,0.6,3.4,4.9,11.8
5,3,30,847,7.2,15.3,.468,7.1,14.9,.477,0.1,0.5,.167,4.6,7.7,.594,15.6,3.9,2.1,1.0,5.6,7.9,19.0,,95.0,95.8
5,4,30,847,14.7,.500,.470,.030,.502,265,10.7,18.2,14.5,14.5,2.1,1.6,22.7,20.9,,0.5,1.5,2.1,.097,,-1.2,3.2,2.0
6,0,28,874,97,249,.390,49,125,.392,48,124,.387,71,84,.845,23,85,108,51,15,6,62,60,313
6,1,28,31.2,3.5,8.9,.390,1.8,4.5,.392,1.7,4.4,.387,2.5,3.0,.845,3.9,1.8,0.5,0.2,2.2,2.1,11.2
6,2,28,874,4.4,11.4,.390,2.2,5.7,.392,2.2,5.7,.387,3.2,3.8,.845,4.9,2.3,0.7,0.3,2.8,2.7,14.3
6,3,28,874,7.2,18.4,.390,3.6,9.2,.392,3.5,9.2,.387,5.2,6.2,.845,8.0,3.8,1.1,0.4,4.6,4.4,23.1,,104.2,102.1
6,4,28,874,14.1,.542,.486,.498,.337,293,3.3,11.3,7.4,14.1,1.1,0.7,17.7,22.1,,1.4,1.0,2.4,.110,,1.4,-0.1,1.4
7,0,29,956,64,158,.405,37,80,.463,27,78,.346,31,48,.646,13,37,50,88,25,0,93,58,186
7,1,29,33.0,2.2,5.4,.405,1.3,2.8,.463,0.9,2.7,.346,1.1,1.7,.646,1.7,3.0,0.9,0.0,3.2,2.0,6.4
7,2,29,956,2.7,6.6,.405,1.5,3.3,.463,1.1,3.3,.346,1.3,2.0,.646,2.1,3.7,1.0,0.0,3.9,2.4,7.8
7,3,29,956,4.3,10.7,.405,2.5,5.4,.463,1.8,5.3,.346,2.1,3.2,.646,3.4,5.9,1.7,0.0,6.3,3.9,12.6,,83.6,104.6
7,4,29,956,6.1,.514,.491,.494,.304,204,1.7,4.5,3.1,20.1,1.7,0.0,34.0,15.7,,-0.4,0.9,0.5,.021,,-2.4,-0.2,-2.6
8,0,31,378,47,134,.351,39,104,.375,8,30,.267,32,49,.653,18,32,50,33,12,2,53,27,134
8,1,31,12.2,1.5,4.3,.351,1.3,3.4,.375,0.3,1.0,.267,1.0,1.6,.653,1.6,1.1,0.4,0.1,1.7,0.9,4.3
8,2,31,378,5.0,14.2,.351,4.1,11.0,.375,0.8,3.2,.267,3.4,5.2,.653,5.3,3.5,1.3,0.2,5.6,2.9,14.2
8,3,31,378,8.0,22.9,.351,6.7,17.8,.375,1.4,5.1,.267,5.5,8.4,.653,8.5,5.6,2.0,0.3,9.0,4.6,22.9,,78.9,100.8
8,4,31,378,8.4,.426,.381,.224,.366,139,5.9,9.9,7.9,21.8,2.0,0.6,25.2,30.6,,-0.6,0.5,-0.1,-.007,,-5.5,-0.3,-5.8
9,0,30,330,23,103,.223,3,21,.143,20,82,.244,18,23,.783,8,30,38,18,7,0,17,14,84
9,1,30,11.0,0.8,3.4,.223,0.1,0.7,.143,0.7,2.7,.244,0.6,0.8,.783,1.3,0.6,0.2,0.0,0.6,0.5,2.8
9,2,30,330,2.8,12.5,.223,0.4,2.5,.143,2.4,9.9,.244,2.2,2.8,.783,4.6,2.2,0.8,0.0,2.1,1.7,10.2
9,3,30,330,4.5,20.1,.223,0.6,4.1,.143,3.9,16.0,.244,3.5,4.5,.783,7.4,3.5,1.4,0.0,3.3,2.7,16.4,,84.0,102.5
9,4,30,330,6.3,.369,.320,.796,.223,84,3.0,10.6,6.9,12.0,1.4,0.0,13.0,21.8,,-0.2,0.4,0.2,.027,,-2.5,-1.7,-4.3
10,0,31,715,35,84,.417,20,54,.370,15,30,.500,30,38,.789,49,74,123,37,14,6,28,63,115
10,1,31,23.1,1.1,2.7,.417,0.6,1.7,.370,0.5,1.0,.500,1.0,1.2,.789,4.0,1.2,0.5,0.2,0.9,2.0,3.7
10,2,31,715,2.0,4.7,.417,1.1,3.0,.370,0.8,1.7,.500,1.7,2.1,.789,6.9,2.1,0.8,0.3,1.6,3.5,6.4
10,3,31,715,3.2,7.6,.417,1.8,4.9,.370,1.4,2.7,.500,2.7,3.4,.789,11.1,3.3,1.3,0.5,2.5,5.7,10.4,,114.1,101.3
10,4,31,715,11.2,.563,.506,.357,.452,135,8.5,12.1,10.3,10.9,1.3,0.9,21.5,10.0,,0.9,0.9,1.9,.104,,0.7,2.2,2.9
