0,0,23,164,5,13,.385,5,7,.714,0,6,.000,7,12,.583,3,14,17,19,6,0,10,19,17
0,1,23,7.1,0.2,0.6,.385,0.2,0.3,.714,0.0,0.3,.000,0.3,0.5,.583,0.7,0.8,0.3,0.0,0.4,0.8,0.7
0,2,23,164,1.2,3.2,.385,1.2,1.7,.714,0.0,1.5,.000,1.7,2.9,.583,4.1,4.6,1.5,0.0,2.4,4.6,4.1
0,3,23,164,1.8,4.8,.385,1.8,2.6,.714,0.0,2.2,.000,2.6,4.4,.583,6.2,7.0,2.2,0.0,3.7,7.0,6.2,,91.4,115.4
0,4,23,164,6.2,.455,.385,.462,.923,27,2.2,11.2,6.5,20.8,2.2,0.0,34.8,9.4,,0.0,0.0,0.0,.010,,-4.6,-2.2,-6.9
1,0,30,496,57,104,.548,57,104,.548,0,0,,39,61,.639,45,43,88,10,7,7,37,81,153
1,1,30,16.5,1.9,3.5,.548,1.9,3.5,.548,0.0,0.0,,1.3,2.0,.639,2.9,0.3,0.2,0.2,1.2,2.7,5.1
1,2,30,496,4.6,8.4,.548,4.6,8.4,.548,0.0,0.0,,3.1,4.9,.639,7.1,0.8,0.6,0.6,3.0,6.5,12.3
1,3,30,496,6.9,12.6,.548,6.9,12.6,.548,0.0,0.0,,4.7,7.4,.639,10.6,1.2,0.8,0.8,4.5,9.8,18.5,,103.4,117.5
1,4,30,496,11.4,.575,.548,.000,.587,160,11.0,11.3,11.2,4.3,0.8,1.5,21.8,18.3,,0.5,0.0,0.5,.043,,-3.3,-3.2,-6.4
2,0,21,246,8,14,.571,8,14,.571,0,0,,3,8,.375,20,14,34,3,1,5,7,47,19
2,1,21,11.7,0.4,0.7,.571,0.4,0.7,.571,0.0,0.0,,0.1,0.4,.375,1.6,0.1,0.0,0.2,0.3,2.2,0.9
2,2,21,246,1.3,2.3,.571,1.3,2.3,.571,0.0,0.0,,0.5,1.3,.375,5.5,0.5,0.2,0.8,1.1,7.6,3.1
2,3,21,246,2.0,3.4,.571,2.0,3.4,.571,0.0,0.0,,0.7,2.0,.375,8.3,0.7,0.2,1.2,1.7,11.5,4.6,,109.7,119.9
2,4,21,246,3.7,.534,.571,.000,.571,30,9.9,7.4,8.7,2.2,0.2,2.2,28.2,5.4,,0.1,0.0,0.1,.017,,-3.5,-1.6,-5.0
3,0,26,630,86,200,.430,54,102,.529,32,98,.327,21,39,.538,36,91,127,21,8,7,35,59,225
3,1,26,24.2,3.3,7.7,.430,2.1,3.9,.529,1.2,3.8,.327,0.8,1.5,.538,4.9,0.8,0.3,0.3,1.3,2.3,8.7
3,2,26,630,5.5,12.7,.430,3.4,6.5,.529,2.0,6.2,.327,1.3,2.5,.538,8.1,1.3,0.5,0.4,2.2,3.7,14.3
3,3,26,630,8.2,19.1,.430,5.1,9.7,.529,3.0,9.3,.327,2.0,3.7,.538,12.1,2.0,0.8,0.7,3.3,5.6,21.4,,99.3,115.3
3,4,26,630,13.1,.515,.510,.490,.195,216,6.9,18.9,12.7,7.4,0.8,1.2,13.8,21.5,,0.4,0.2,0.6,.040,,-1.7,-3.6,-5.3
4,0,31,791,65,161,.404,49,110,.445,16,51,.314,57,81,.704,10,59,69,93,13,0,65,62,203
4,1,31,25.5,2.1,5.2,.404,1.6,3.5,.445,0.5,1.6,.314,1.8,2.6,.704,2.2,3.0,0.4,0.0,2.1,2.0,6.5
4,2,31,791,3.3,8.1,.404,2.5,5.6,.445,0.8,2.6,.314,2.9,4.1,.704,3.5,4.7,0.7,0.0,3.3,3.1,10.3
4,3,31,791,4.9,12.2,.404,3.7,8.3,.445,1.2,3.9,.314,4.3,6.1,.704,5.2,7.1,1.0,0.0,4.9,4.7,15.4,,95.1,118.8
4,4,31,791,8.9,.509,.453,.317,.503,234,1.5,9.7,5.5,23.3,1.0,0.0,24.6,17.9,,0.2,0.0,0.2,.009,,-3.4,-3.8,-7.2
5,0,30,1014,171,385,.444,133,267,.498,38,118,.322,159,210,.757,21,114,135,89,44,11,60,65,539
5,1,30,33.8,5.7,12.8,.444,4.4,8.9,.498,1.3,3.9,.322,5.3,7.0,.757,4.5,3.0,1.5,0.4,2.0,2.2,18.0
5,2,30,1014,6.7,15.2,.444,5.2,10.5,.498,1.5,4.7,.322,6.3,8.3,.757,5.3,3.5,1.7,0.4,2.4,2.6,21.3
5,3,30,1014,10.1,22.8,.444,7.9,15.8,.498,2.2,7.0,.322,9.4,12.4,.757,8.0,5.3,2.6,0.7,3.6,3.8,31.9,,112.7,112.8
5,4,30,1014,22.8,.556,.494,.306,.545,523,2.5,14.7,8.4,21.0,2.6,1.2,11.0,28.7,,2.7,0.5,3.2,.128,,3.0,-1.9,1.1
6,0,31,769,49,111,.441,31,60,.517,18,51,.353,22,35,.629,21,69,90,41,34,8,34,62,138
6,1,31,24.8,1.6,3.6,.441,1.0,1.9,.517,0.6,1.6,.353,0.7,1.1,.629,2.9,1.3,1.1,0.3,1.1,2.0,4.5
6,2,31,769,2.5,5.8,.441,1.6,3.1,.517,0.9,2.7,.353,1.1,1.8,.629,4.7,2.1,1.8,0.4,1.8,3.2,7.2
6,3,31,769,3.8,8.7,.441,2.4,4.7,.517,1.4,4.0,.353,1.7,2.7,.629,7.0,3.2,2.7,0.6,2.7,4.8,10.8,,101.2,113.8
6,4,31,769,9.7,.541,.523,.459,.315,150,3.3,11.7,7.4,10.2,2.7,1.1,21.0,11.2,,0.4,0.3,0.7,.037,,-1.7,0.0,-1.8
7,0,25,593,68,179,.380,61,146,.418,7,33,.212,55,76,.724,11,36,47,43,10,3,34,48,198
7,1,25,23.7,2.7,7.2,.380,2.4,5.8,.418,0.3,1.3,.212,2.2,3.0,.724,1.9,1.7,0.4,0.1,1.4,1.9,7.9
7,2,25,593,4.6,12.1,.380,4.1,9.8,.418,0.5,2.2,.212,3.7,5.1,.724,3.2,2.9,0.7,0.2,2.3,3.2,13.4
7,3,25,593,6.9,18.1,.380,6.2,14.8,.418,0.7,3.3,.212,5.6,7.7,.724,4.8,4.4,1.0,0.3,3.4,4.9,20.0,,94.0,119.2
7,4,25,593,9.8,.460,.399,.184,.425,202,2.3,7.9,5.0,15.4,1.0,0.5,13.6,22.5,,0.1,0.0,0.1,.005,,-4.3,-4.3,-8.6
8,0,2,6,0,3,.000,0,0,,0,3,.000,0,0,,0,0,0,1,0,0,0,0,0
8,1,2,3.0,0.0,1.5,.000,0.0,0.0,,0.0,1.5,.000,0.0,0.0,,0.0,0.5,0.0,0.0,0.0,0.0,0.0
8,2,2,6,0.0,20.0,.000,0.0,0.0,,0.0,20.0,.000,0.0,0.0,,0.0,6.7,0.0,0.0,0.0,0.0,0.0
8,3,2,6,0.0,30.0,.000,0.0,0.0,,0.0,30.0,.000,0.0,0.0,,0.0,10.0,0.0,0.0,0.0,0.0,0.0,,22.4,125.0
8,4,2,6,-15.3,.000,.000,1.000,.000,1,0.0,0.0,0.0,28.4,0.0,0.0,0.0,26.8,,0.0,0.0,-0.1,-.349,,-14.8,-13.8,-28.6
9,0,25,527,61,154,.396,40,88,.455,21,66,.318,31,45,.689,17,67,84,17,8,5,38,67,174
9,1,25,21.1,2.4,6.2,.396,1.6,3.5,.455,0.8,2.6,.318,1.2,1.8,.689,3.4,0.7,0.3,0.2,1.5,2.7,7.0
9,2,25,527,4.6,11.7,.396,3.0,6.7,.455,1.6,5.0,.318,2.4,3.4,.689,6.4,1.3,0.6,0.4,2.9,5.1,13.2
9,3,25,527,6.9,17.5,.396,4.6,10.0,.455,2.4,7.5,.318,3.5,5.1,.689,9.6,1.9,0.9,0.6,4.3,7.6,19.8,,90.5,115.7
9,4,25,527,9.0,.496,.464,.429,.292,164,3.9,16.6,10.0,6.9,0.9,1.0,17.8,21.7,,-0.1,0.1,0.0,.004,,-4.3,-3.7,-8.0
10,0,9,260,60,95,.632,42,63,.667,18,32,.563,18,33,.545,13,46,59,7,9,12,13,24,156
10,1,9,28.9,6.7,10.6,.632,4.7,7.0,.667,2.0,3.6,.563,2.0,3.7,.545,6.6,0.8,1.0,1.3,1.4,2.7,17.3
10,2,9,260,9.2,14.6,.632,6.5,9.7,.667,2.8,4.9,.563,2.8,5.1,.545,9.1,1.1,1.4,1.8,2.0,3.7,24.0
10,3,9,260,13.9,21.9,.632,9.7,14.5,.667,4.2,7.4,.563,4.2,7.6,.545,13.6,1.6,2.1,2.8,3.0,5.5,36.0,,126.2,108.8
10,4,9,260,30.6,.705,.726,.337,.347,123,6.1,23.1,14.3,7.6,2.1,4.9,10.5,25.4,,0.9,0.2,1.2,.182,,5.0,-1.0,3.9
11,0,31,854,115,282,.408,20,53,.377,95,229,.415,27,31,.871,12,49,61,28,19,12,35,72,352
11,1,31,27.5,3.7,9.1,.408,0.6,1.7,.377,3.1,7.4,.415,0.9,1.0,.871,2.0,0.9,0.6,0.4,1.1,2.3,11.4
11,2,31,854,5.4,13.2,.408,0.9,2.5,.377,4.4,10.7,.415,1.3,1.5,.871,2.9,1.3,0.9,0.6,1.6,3.4,16.5
11,3,31,854,8.1,19.8,.408,1.4,3.7,.377,6.7,16.1,.415,1.9,2.2,.871,4.3,2.0,1.3,0.8,2.5,5.1,24.7,,111.5,118.1
11,4,31,854,14.6,.593,.576,.812,.110,301,1.7,7.5,4.5,7.3,1.3,1.5,10.6,20.8,,1.5,0.0,1.5,.071,,2.7,-4.2,-1.5
