0,0,10,121,18,49,.367,16,40,.400,2,9,.222,7,11,.636,9,22,31,7,3,7,6,22,45
0,1,10,12.1,1.8,4.9,.367,1.6,4.0,.400,0.2,0.9,.222,0.7,1.1,.636,3.1,0.7,0.3,0.7,0.6,2.2,4.5
0,2,10,121,6.0,16.2,.367,5.3,13.2,.400,0.7,3.0,.222,2.3,3.6,.636,10.2,2.3,1.0,2.3,2.0,7.3,14.9
0,3,10,121,8.9,24.2,.367,7.9,19.7,.400,1.0,4.4,.222,3.5,5.4,.636,15.3,3.5,1.5,3.5,3.0,10.8,22.2,,91.9,92.4
0,4,10,121,14.4,.415,.388,.184,.224,45,8.3,18.8,13.7,12.2,1.5,5.7,10.0,25.4,,0.0,0.3,0.3,.098,,-4.1,2.0,-2.0
1,0,32,251,33,67,.493,33,66,.500,0,1,.000,14,19,.737,19,35,54,5,3,15,22,47,80
1,1,32,7.8,1.0,2.1,.493,1.0,2.1,.500,0.0,0.0,.000,0.4,0.6,.737,1.7,0.2,0.1,0.5,0.7,1.5,2.5
1,2,32,251,5.3,10.7,.493,5.3,10.5,.500,0.0,0.2,.000,2.2,3.0,.737,8.6,0.8,0.5,2.4,3.5,7.5,12.7
1,3,32,251,7.8,15.9,.493,7.8,15.7,.500,0.0,0.2,.000,3.3,4.5,.737,12.8,1.2,0.7,3.6,5.2,11.2,19.0,,91.1,96.2
1,4,32,251,11.5,.526,.493,.015,.284,75,8.4,14.4,11.5,4.0,0.7,5.9,22.4,19.9,,0.1,0.4,0.5,.078,,-5.7,1.4,-4.3
2,0,36,909,155,281,.552,155,280,.554,0,1,.000,38,65,.585,79,166,245,22,18,85,58,74,348
2,1,36,25.3,4.3,7.8,.552,4.3,7.8,.554,0.0,0.0,.000,1.1,1.8,.585,6.8,0.6,0.5,2.4,1.6,2.1,9.7
2,2,36,909,6.8,12.4,.552,6.8,12.3,.554,0.0,0.0,.000,1.7,2.9,.585,10.8,1.0,0.8,3.7,2.6,3.3,15.3
2,3,36,909,10.2,18.4,.552,10.2,18.4,.554,0.0,0.1,.000,2.5,4.3,.585,16.1,1.4,1.2,5.6,3.8,4.9,22.8,,103.5,91.7
2,4,36,909,21.2,.558,.552,.004,.231,314,9.7,18.9,14.5,5.3,1.2,9.3,15.7,20.8,,1.3,1.9,3.3,.144,,-2.2,4.7,2.5
3,0,37,461,32,111,.288,21,58,.362,11,53,.208,29,38,.763,8,46,54,55,13,2,38,56,104
3,1,37,12.5,0.9,3.0,.288,0.6,1.6,.362,0.3,1.4,.208,0.8,1.0,.763,1.5,1.5,0.4,0.1,1.0,1.5,2.8
3,2,37,461,2.8,9.6,.288,1.8,5.0,.362,1.0,4.6,.208,2.5,3.3,.763,4.7,4.8,1.1,0.2,3.3,4.9,9.0
3,3,37,461,4.1,14.4,.288,2.7,7.5,.362,1.4,6.9,.208,3.8,4.9,.763,7.0,7.1,1.7,0.3,4.9,7.2,13.5,,83.3,99.5
3,4,37,461,6.5,.403,.338,.477,.342,121,1.9,10.3,6.3,21.5,1.7,0.4,22.7,18.5,,-0.2,0.6,0.4,.036,,-4.6,-0.7,-5.3
4,0,32,808,131,229,.572,131,229,.572,0,0,,37,84,.440,85,116,201,35,14,11,57,89,299
4,1,32,25.3,4.1,7.2,.572,4.1,7.2,.572,0.0,0.0,,1.2,2.6,.440,6.3,1.1,0.4,0.3,1.8,2.8,9.3
4,2,32,808,6.5,11.3,.572,6.5,11.3,.572,0.0,0.0,,1.8,4.2,.440,10.0,1.7,0.7,0.5,2.8,4.4,14.8
4,3,32,808,9.7,16.9,.572,9.7,16.9,.572,0.0,0.0,,2.7,6.2,.440,14.8,2.6,1.0,0.8,4.2,6.6,22.1,,103.6,98.2
4,4,32,808,17.0,.556,.572,.000,.367,288,11.7,14.9,13.3,9.4,1.0,1.3,17.5,20.6,,1.2,1.2,2.5,.121,,-0.6,0.4,-0.2
5,0,8,14,2,6,.333,0,2,.000,2,4,.500,2,2,1.000,0,1,1,0,0,0,2,3,8
5,1,8,1.8,0.3,0.8,.333,0.0,0.3,.000,0.3,0.5,.500,0.3,0.3,1.000,0.1,0.0,0.0,0.0,0.3,0.4,1.0
5,2,8,14,5.7,17.1,.333,0.0,5.7,.000,5.7,11.4,.500,5.7,5.7,1.000,2.9,0.0,0.0,0.0,5.7,8.6,22.9
5,3,8,14,8.5,25.6,.333,0.0,8.5,.000,8.5,17.0,.500,8.5,8.5,1.000,4.3,0.0,0.0,0.0,8.5,12.8,34.1,,90.4,104.4
5,4,8,14,7.8,.576,.500,.667,.333,6,0.0,7.4,3.8,0.0,0.0,0.0,22.3,32.6,,0.0,0.0,0.0,.047,,-4.6,-8.2,-12.8
6,0,37,941,125,298,.419,95,209,.455,30,89,.337,62,85,.729,45,109,154,75,26,7,39,76,342
6,1,37,25.4,3.4,8.1,.419,2.6,5.6,.455,0.8,2.4,.337,1.7,2.3,.729,4.2,2.0,0.7,0.2,1.1,2.1,9.2
6,2,37,941,5.3,12.7,.419,4.0,8.9,.455,1.3,3.8,.337,2.6,3.6,.729,6.5,3.2,1.1,0.3,1.7,3.2,14.5
6,3,37,941,7.9,18.9,.419,6.0,13.3,.455,1.9,5.6,.337,3.9,5.4,.729,9.8,4.8,1.6,0.4,2.5,4.8,21.7,,108.4,98.8
6,4,37,941,16.4,.505,.470,.299,.285,337,5.3,12.0,8.8,16.2,1.6,0.7,10.3,20.5,,1.8,1.4,3.2,.135,,0.8,0.1,0.9
7,0,24,183,18,34,.529,18,34,.529,0,0,,19,30,.633,10,31,41,14,3,13,18,26,55
7,1,24,7.6,0.8,1.4,.529,0.8,1.4,.529,0.0,0.0,,0.8,1.3,.633,1.7,0.6,0.1,0.5,0.8,1.1,2.3
7,2,24,183,3.9,7.4,.529,3.9,7.4,.529,0.0,0.0,,4.2,6.6,.633,9.0,3.1,0.7,2.8,3.9,5.7,12.0
7,3,24,183,5.9,11.1,.529,5.9,11.1,.529,0.0,0.0,,6.2,9.8,.633,13.4,4.6,1.0,4.2,5.9,8.5,17.9,,97.0,93.7
7,4,24,183,14.9,.570,.529,.000,.882,57,6.1,17.6,12.0,14.6,1.0,7.0,27.2,18.5,,0.1,0.4,0.5,.110,,-4.2,4.0,-0.3
8,0,31,318,31,67,.463,3,10,.300,28,57,.491,17,21,.810,11,28,39,18,3,0,10,10,107
8,1,31,10.3,1.0,2.2,.463,0.1,0.3,.300,0.9,1.8,.491,0.5,0.7,.810,1.3,0.6,0.1,0.0,0.3,0.3,3.5
8,2,31,318,3.9,8.4,.463,0.4,1.3,.300,3.5,7.2,.491,2.1,2.6,.810,4.9,2.3,0.4,0.0,1.3,1.3,13.5
8,3,31,318,5.8,12.6,.463,0.6,1.9,.300,5.3,10.7,.491,3.2,3.9,.810,7.3,3.4,0.6,0.0,1.9,1.9,20.1,,134.2,103.4
8,4,31,318,16.9,.695,.672,.851,.313,95,3.9,9.1,6.6,10.8,0.6,0.0,11.5,14.0,,0.9,0.3,1.3,.160,,3.7,-2.2,1.5
9,0,36,1093,153,373,.410,81,196,.413,72,177,.407,85,109,.780,23,118,141,72,32,5,69,78,463
9,1,36,30.4,4.3,10.4,.410,2.3,5.4,.413,2.0,4.9,.407,2.4,3.0,.780,3.9,2.0,0.9,0.1,1.9,2.2,12.9
9,2,36,1093,5.6,13.7,.410,3.0,7.2,.413,2.6,6.5,.407,3.1,4.0,.780,5.2,2.6,1.2,0.2,2.5,2.9,16.9
9,3,36,1093,8.4,20.4,.410,4.4,10.7,.413,3.9,9.7,.407,4.6,6.0,.780,7.7,3.9,1.7,0.3,3.8,4.3,25.3,,105.2,99.2
9,4,36,1093,16.1,.545,.507,.475,.292,415,2.3,11.2,6.9,13.6,1.7,0.5,14.0,23.1,,1.9,1.5,3.5,.127,,1.4,-0.6,0.8
10,0,37,1152,107,306,.350,35,77,.455,72,229,.314,34,69,.493,44,157,201,110,32,4,53,76,320
10,1,37,31.1,2.9,8.3,.350,0.9,2.1,.455,1.9,6.2,.314,0.9,1.9,.493,5.4,3.0,0.9,0.1,1.4,2.1,8.6
10,2,37,1152,3.7,10.6,.350,1.2,2.7,.455,2.5,8.0,.314,1.2,2.4,.493,7.0,3.8,1.1,0.1,1.8,2.6,11.1
10,3,37,1152,5.5,15.8,.350,1.8,4.0,.455,3.7,11.9,.314,1.8,3.6,.493,10.4,5.7,1.7,0.2,2.7,3.9,16.6,,101.2,98.0
10,4,37,1152,12.9,.472,.467,.748,.225,336,4.3,14.1,9.4,18.0,1.7,0.3,13.5,17.4,,1.2,1.8,3.0,.104,,1.2,0.6,1.9
11,0,26,173,14,39,.359,12,28,.429,2,11,.182,15,25,.600,3,15,18,23,5,1,28,25,45
11,1,26,6.7,0.5,1.5,.359,0.5,1.1,.429,0.1,0.4,.182,0.6,1.0,.600,0.7,0.9,0.2,0.0,1.1,1.0,1.7
11,2,26,173,3.2,9.0,.359,2.8,6.5,.429,0.5,2.5,.182,3.5,5.8,.600,4.2,5.3,1.2,0.2,6.5,5.8,10.4
11,3,26,173,4.8,13.5,.359,4.1,9.7,.429,0.7,3.8,.182,5.2,8.6,.600,6.2,7.9,1.7,0.3,9.7,8.6,15.5,,72.5,99.9
11,4,26,173,3.6,.442,.385,.282,.641,52,1.9,9.0,5.6,24.5,1.7,0.6,35.5,23.3,,-0.3,0.2,-0.1,-.024,,-8.1,-1.2,-9.3
12,0,37,1051,113,290,.390,83,175,.474,30,115,.261,86,111,.775,25,98,123,144,29,9,55,69,342
12,1,37,28.4,3.1,7.8,.390,2.2,4.7,.474,0.8,3.1,.261,2.3,3.0,.775,3.3,3.9,0.8,0.2,1.5,1.9,9.2
12,2,37,1051,4.3,11.0,.390,3.2,6.7,.474,1.1,4.4,.261,3.3,4.2,.775,4.7,5.5,1.1,0.3,2.1,2.6,13.0
12,3,37,1051,6.4,16.5,.390,4.7,9.9,.474,1.7,6.5,.261,4.9,6.3,.775,7.0,8.2,1.6,0.5,3.1,3.9,19.4,,108.4,100.1
12,4,37,1051,15.7,.499,.441,.397,.383,373,2.6,9.7,6.3,26.6,1.6,0.8,13.8,19.3,,2.0,1.4,3.4,.130,,0.9,-0.3,0.6
