0,0,15,210,22,54,.407,20,38,.526,2,16,.125,15,23,.652,1,26,27,16,14,2,20,10,61
0,1,15,14.0,1.5,3.6,.407,1.3,2.5,.526,0.1,1.1,.125,1.0,1.5,.652,1.8,1.1,0.9,0.1,1.3,0.7,4.1
0,2,15,210,4.2,10.3,.407,3.8,7.2,.526,0.4,3.0,.125,2.9,4.4,.652,5.1,3.0,2.7,0.4,3.8,1.9,11.6
0,3,15,210,6.5,16.0,.407,5.9,11.2,.526,0.6,4.7,.125,4.4,6.8,.652,8.0,4.7,4.1,0.6,5.9,3.0,18.0,,83.5,99.2
0,4,15,210,12.1,.470,.426,.296,.426,59,0.6,15.0,7.7,17.0,4.1,1.2,23.6,21.4,,-0.1,0.3,0.2,.036,,-5.6,0.8,-4.8
1,0,5,28,2,4,.500,2,4,.500,0,0,,0,3,.000,3,4,7,0,0,2,5,3,4
1,1,5,5.6,0.4,0.8,.500,0.4,0.8,.500,0.0,0.0,,0.0,0.6,.000,1.4,0.0,0.0,0.4,1.0,0.6,0.8
1,2,5,28,2.9,5.7,.500,2.9,5.7,.500,0.0,0.0,,0.0,4.3,.000,10.0,0.0,0.0,2.9,7.1,4.3,5.7
1,3,5,28,4.4,8.9,.500,4.4,8.9,.500,0.0,0.0,,0.0,6.6,.000,15.5,0.0,0.0,4.4,11.1,6.6,8.9,,45.4,103.4
1,4,5,28,-0.7,.369,.500,.000,.750,4,12.6,17.3,14.9,0.0,0.0,8.8,48.0,19.7,,-0.1,0.0,-0.1,-.141,,-16.6,-0.8,-17.4
2,0,30,448,22,49,.449,22,49,.449,0,0,,9,26,.346,53,61,114,18,7,10,18,48,53
2,1,30,14.9,0.7,1.6,.449,0.7,1.6,.449,0.0,0.0,,0.3,0.9,.346,3.8,0.6,0.2,0.3,0.6,1.6,1.8
2,2,30,448,2.0,4.4,.449,2.0,4.4,.449,0.0,0.0,,0.8,2.3,.346,10.2,1.6,0.6,0.9,1.6,4.3,4.7
2,3,30,448,3.0,6.8,.449,3.0,6.8,.449,0.0,0.0,,1.2,3.6,.346,15.8,2.5,1.0,1.4,2.5,6.6,7.3,,96.5,104.8
2,4,30,448,10.1,.432,.449,.000,.531,75,13.9,16.5,15.2,8.0,1.0,2.8,22.7,9.4,,0.2,0.4,0.6,.052,,-4.3,1.3,-3.0
3,0,28,750,98,215,.456,94,204,.461,4,11,.364,61,96,.635,59,124,183,36,9,10,56,55,261
3,1,28,26.8,3.5,7.7,.456,3.4,7.3,.461,0.1,0.4,.364,2.2,3.4,.635,6.5,1.3,0.3,0.4,2.0,2.0,9.3
3,2,28,750,5.2,11.5,.456,5.0,10.9,.461,0.2,0.6,.364,3.3,5.1,.635,9.8,1.9,0.5,0.5,3.0,2.9,13.9
3,3,28,750,8.1,17.8,.456,7.8,16.9,.461,0.3,0.9,.364,5.0,7.9,.635,15.1,3.0,0.7,0.8,4.6,4.5,21.6,,97.0,104.6
3,4,28,750,15.3,.501,.465,.051,.447,257,9.2,20.1,14.6,11.4,0.7,1.6,17.7,22.3,,0.7,0.7,1.4,.072,,-3.7,-0.8,-4.5
4,0,20,374,36,93,.387,31,71,.437,5,22,.227,11,19,.579,25,41,66,8,8,3,25,22,88
4,1,20,18.7,1.8,4.7,.387,1.6,3.6,.437,0.3,1.1,.227,0.6,1.0,.579,3.3,0.4,0.4,0.2,1.3,1.1,4.4
4,2,20,374,3.9,9.9,.387,3.3,7.6,.437,0.5,2.4,.227,1.2,2.0,.579,7.1,0.9,0.9,0.3,2.7,2.4,9.4
4,3,20,374,6.0,15.4,.387,5.1,11.8,.437,0.8,3.6,.227,1.8,3.2,.579,10.9,1.3,1.3,0.5,4.1,3.6,14.6,,82.4,106.4
4,4,20,374,8.1,.431,.414,.237,.204,86,7.8,13.3,10.5,4.7,1.3,1.0,19.7,18.0,,-0.2,0.3,0.1,.008,,-6.4,-1.7,-8.1
5,0,29,806,111,311,.357,66,149,.443,45,162,.278,41,82,.500,25,77,102,52,39,15,47,65,308
5,1,29,27.8,3.8,10.7,.357,2.3,5.1,.443,1.6,5.6,.278,1.4,2.8,.500,3.5,1.8,1.3,0.5,1.6,2.2,10.6
5,2,29,806,5.5,15.4,.357,3.3,7.4,.443,2.2,8.0,.278,2.0,4.1,.500,5.1,2.6,1.9,0.7,2.3,3.2,15.3
5,3,29,806,8.5,23.9,.357,5.1,11.5,.443,3.5,12.5,.278,3.2,6.3,.500,7.9,4.0,3.0,1.2,3.6,5.0,23.7,,91.9,102.4
5,4,29,806,14.0,.440,.429,.521,.264,288,3.6,11.6,7.6,15.6,3.0,2.3,11.8,26.1,,0.3,0.9,1.2,.060,,-1.3,-0.3,-1.7
6,0,24,501,59,120,.492,59,120,.492,0,0,,47,75,.627,38,73,111,17,18,26,36,53,165
6,1,24,20.9,2.5,5.0,.492,2.5,5.0,.492,0.0,0.0,,2.0,3.1,.627,4.6,0.7,0.8,1.1,1.5,2.2,6.9
6,2,24,501,4.7,9.6,.492,4.7,9.6,.492,0.0,0.0,,3.8,6.0,.627,8.9,1.4,1.4,2.1,2.9,4.2,13.2
6,3,24,501,7.3,14.9,.492,7.3,14.9,.492,0.0,0.0,,5.8,9.3,.627,13.7,2.1,2.2,3.2,4.5,6.6,20.4,,99.2,99.4
6,4,24,501,17.4,.530,.492,.000,.625,159,8.9,17.7,13.2,7.8,2.2,6.4,18.8,20.2,,0.5,0.7,1.2,.097,,-4.0,2.8,-1.2
7,0,20,129,13,32,.406,12,23,.522,1,9,.111,7,8,.875,2,7,9,9,5,3,13,12,34
7,1,20,6.5,0.7,1.6,.406,0.6,1.2,.522,0.1,0.5,.111,0.4,0.4,.875,0.5,0.5,0.3,0.2,0.7,0.6,1.7
7,2,20,129,4.0,9.9,.406,3.7,7.1,.522,0.3,2.8,.111,2.2,2.5,.875,2.8,2.8,1.6,0.9,4.0,3.7,10.5
7,3,20,129,6.3,15.4,.406,5.8,11.1,.522,0.5,4.3,.111,3.4,3.8,.875,4.3,4.3,2.4,1.4,6.3,5.8,16.4,,81.3,105.4
7,4,20,129,8.0,.475,.422,.281,.250,33,1.8,6.6,4.2,15.4,2.4,2.9,26.6,20.0,,-0.1,0.1,0.0,.004,,-7.0,-0.9,-7.9
8,0,28,362,27,77,.351,17,36,.472,10,41,.244,8,19,.421,3,26,29,29,11,2,18,29,72
8,1,28,12.9,1.0,2.8,.351,0.6,1.3,.472,0.4,1.5,.244,0.3,0.7,.421,1.0,1.0,0.4,0.1,0.6,1.0,2.6
8,2,28,362,3.0,8.5,.351,1.9,4.0,.472,1.1,4.5,.244,0.9,2.1,.421,3.2,3.2,1.2,0.2,2.0,3.2,8.0
8,3,28,362,4.6,13.2,.351,2.9,6.2,.472,1.7,7.0,.244,1.4,3.3,.421,5.0,5.0,1.9,0.3,3.1,5.0,12.3,,86.3,107.0
8,4,28,362,7.0,.418,.416,.532,.247,75,1.0,8.7,4.8,16.8,1.9,0.7,17.3,15.2,,-0.1,0.2,0.2,.020,,-4.9,-1.9,-6.8
9,0,23,214,18,65,.277,2,10,.200,16,55,.291,4,6,.667,2,17,19,7,5,1,4,8,56
9,1,23,9.3,0.8,2.8,.277,0.1,0.4,.200,0.7,2.4,.291,0.2,0.3,.667,0.8,0.3,0.2,0.0,0.2,0.3,2.4
9,2,23,214,3.4,12.1,.277,0.4,1.9,.200,3.0,10.3,.291,0.7,1.1,.667,3.6,1.3,0.9,0.2,0.7,1.5,10.5
9,3,23,214,5.2,18.8,.277,0.6,2.9,.200,4.6,15.9,.291,1.2,1.7,.667,5.5,2.0,1.4,0.3,1.2,2.3,16.2,,93.7,107.9
9,4,23,214,8.2,.413,.400,.846,.092,50,1.1,9.6,5.3,7.0,1.4,0.6,5.6,17.8,,0.1,0.1,0.2,.039,,-3.1,-3.6,-6.7
10,0,30,840,168,310,.542,168,308,.545,0,2,.000,70,109,.642,61,100,161,46,18,15,83,86,406
10,1,30,28.0,5.6,10.3,.542,5.6,10.3,.545,0.0,0.1,.000,2.3,3.6,.642,5.4,1.5,0.6,0.5,2.8,2.9,13.5
10,2,30,840,8.0,14.8,.542,8.0,14.7,.545,0.0,0.1,.000,3.3,5.2,.642,7.7,2.2,0.9,0.7,4.0,4.1,19.3
10,3,30,840,12.4,22.9,.542,12.4,22.7,.545,0.0,0.1,.000,5.2,8.1,.642,11.9,3.4,1.3,1.1,6.1,6.4,30.0,,100.9,105.1
10,4,30,840,19.9,.561,.542,.006,.352,370,8.5,14.4,11.4,15.5,1.3,2.2,18.7,28.0,,1.4,0.7,2.1,.100,,-0.8,-0.7,-1.4
11,0,31,593,45,126,.357,18,39,.462,27,87,.310,11,18,.611,4,47,51,50,25,1,45,48,128
11,1,31,19.1,1.5,4.1,.357,0.6,1.3,.462,0.9,2.8,.310,0.4,0.6,.611,1.6,1.6,0.8,0.0,1.5,1.5,4.1
11,2,31,593,3.0,8.5,.357,1.2,2.6,.462,1.8,5.9,.310,0.7,1.2,.611,3.4,3.4,1.7,0.1,3.0,3.2,8.6
11,3,31,593,4.7,13.2,.357,1.9,4.1,.462,2.8,9.1,.310,1.2,1.9,.611,5.3,5.2,2.6,0.1,4.7,5.0,13.4,,85.2,105.2
11,4,31,593,7.8,.476,.464,.690,.143,130,0.8,9.6,5.1,17.7,2.6,0.2,25.1,16.0,,-0.2,0.5,0.3,.023,,-4.0,-1.3,-5.3
12,0,30,971,67,194,.345,31,94,.330,36,100,.360,23,43,.535,11,93,104,94,34,1,81,54,193
12,1,30,32.4,2.2,6.5,.345,1.0,3.1,.330,1.2,3.3,.360,0.8,1.4,.535,3.5,3.1,1.1,0.0,2.7,1.8,6.4
12,2,30,971,2.8,8.0,.345,1.3,3.9,.330,1.5,4.1,.360,0.9,1.8,.535,4.3,3.9,1.4,0.0,3.3,2.2,8.0
12,3,30,971,4.3,12.4,.345,2.0,6.0,.330,2.3,6.4,.360,1.5,2.7,.535,6.6,6.0,2.2,0.1,5.2,3.5,12.3,,81.5,105.6
12,4,30,971,7.4,.450,.438,.515,.222,209,1.3,11.6,6.4,20.0,2.2,0.1,27.4,16.1,,-0.6,0.8,0.2,.009,,-4.6,-0.5,-5.0
