0,0,33,1006,164,310,.529,143,254,.563,21,56,.375,120,176,.682,81,173,254,53,33,60,76,85,469
0,1,33,30.5,5.0,9.4,.529,4.3,7.7,.563,0.6,1.7,.375,3.6,5.3,.682,7.7,1.6,1.0,1.8,2.3,2.6,14.2
0,2,33,1006,6.5,12.3,.529,5.7,10.1,.563,0.8,2.2,.375,4.8,7.0,.682,10.1,2.1,1.3,2.4,3.0,3.4,18.6
0,3,33,1006,10.0,18.9,.529,8.7,15.5,.563,1.3,3.4,.375,7.3,10.7,.682,15.5,3.2,2.0,3.7,4.6,5.2,28.5,,114.9,92.6
0,4,33,1006,25.8,.596,.563,.181,.568,452,10.1,19.2,14.9,12.6,2.0,6.1,16.2,24.5,,3.0,2.2,5.1,.205,,3.6,4.7,8.3
1,0,16,93,7,17,.412,7,17,.412,0,0,,8,13,.615,7,11,18,14,3,0,17,5,22
1,1,16,5.8,0.4,1.1,.412,0.4,1.1,.412,0.0,0.0,,0.5,0.8,.615,1.1,0.9,0.2,0.0,1.1,0.3,1.4
1,2,16,93,3.0,7.3,.412,3.0,7.3,.412,0.0,0.0,,3.4,5.6,.615,7.7,6.0,1.3,0.0,7.3,2.2,9.5
1,3,16,93,4.6,11.2,.412,4.6,11.2,.412,0.0,0.0,,5.3,8.6,.615,11.9,9.2,2.0,0.0,11.2,3.3,14.5,,77.8,99.0
1,4,16,93,8.6,.475,.412,.000,.765,30,9.5,13.2,11.4,29.8,2.0,0.0,42.3,22.7,,-0.1,0.1,0.0,.003,,-5.6,1.0,-4.6
2,0,25,262,25,63,.397,20,43,.465,5,20,.250,28,46,.609,15,39,54,8,14,3,21,36,83
2,1,25,10.5,1.0,2.5,.397,0.8,1.7,.465,0.2,0.8,.250,1.1,1.8,.609,2.2,0.3,0.6,0.1,0.8,1.4,3.3
2,2,25,262,3.8,9.6,.397,3.1,6.6,.465,0.8,3.1,.250,4.3,7.0,.609,8.2,1.2,2.1,0.5,3.2,5.5,12.7
2,3,25,262,5.8,14.7,.397,4.7,10.1,.465,1.2,4.7,.250,6.5,10.8,.609,12.6,1.9,3.3,0.7,4.9,8.4,19.4,,93.3,93.3
2,4,25,262,12.8,.489,.437,.317,.730,82,7.2,16.6,12.2,6.3,3.3,1.2,19.8,21.2,,0.1,0.5,0.6,.099,,-2.2,1.5,-0.7
3,0,33,558,59,115,.513,46,74,.622,13,41,.317,28,37,.757,29,75,104,31,12,14,47,74,159
3,1,33,16.9,1.8,3.5,.513,1.4,2.2,.622,0.4,1.2,.317,0.8,1.1,.757,3.2,0.9,0.4,0.4,1.4,2.2,4.8
3,2,33,558,4.2,8.2,.513,3.3,5.3,.622,0.9,2.9,.317,2.0,2.7,.757,7.5,2.2,0.9,1.0,3.4,5.3,11.4
3,3,33,558,6.5,12.6,.513,5.0,8.1,.622,1.4,4.5,.317,3.1,4.1,.757,11.4,3.4,1.3,1.5,5.2,8.1,17.4,,101.7,97.7
3,4,33,558,13.0,.600,.570,.357,.322,159,6.5,15.0,11.0,11.7,1.3,2.6,26.2,16.9,,0.6,0.9,1.5,.107,,0.0,2.1,2.1
4,0,29,464,66,122,.541,66,122,.541,0,0,,32,48,.667,28,74,102,5,13,59,27,62,164
4,1,29,16.0,2.3,4.2,.541,2.3,4.2,.541,0.0,0.0,,1.1,1.7,.667,3.5,0.2,0.4,2.0,0.9,2.1,5.7
4,2,29,464,5.7,10.5,.541,5.7,10.5,.541,0.0,0.0,,2.8,4.1,.667,8.8,0.4,1.1,5.1,2.3,5.3,14.1
4,3,29,464,8.7,16.1,.541,8.7,16.1,.541,0.0,0.0,,4.2,6.3,.667,13.5,0.7,1.7,7.8,3.6,8.2,21.6,,106.1,90.2
4,4,29,464,20.8,.566,.541,.000,.393,147,7.6,17.8,13.0,2.5,1.7,13.0,15.7,19.4,,0.7,1.1,1.8,.154,,-2.6,6.7,4.1
5,0,2,58,9,21,.429,5,14,.357,4,7,.571,8,10,.800,3,3,6,7,1,0,6,2,30
5,1,2,29.0,4.5,10.5,.429,2.5,7.0,.357,2.0,3.5,.571,4.0,5.0,.800,3.0,3.5,0.5,0.0,3.0,1.0,15.0
5,2,2,58,6.2,14.5,.429,3.4,9.7,.357,2.8,4.8,.571,5.5,6.9,.800,4.1,4.8,0.7,0.0,4.1,1.4,20.7
5,3,2,58,9.5,22.2,.429,5.3,14.8,.357,4.2,7.4,.571,8.4,10.6,.800,6.3,7.4,1.1,0.0,6.3,2.1,31.7,,112.8,104.8
5,4,2,58,21.5,.583,.524,.333,.476,30,6.5,5.8,6.1,28.3,1.1,0.0,18.9,28.7,,0.2,0.1,0.2,.169,,3.9,-2.6,1.2
6,0,31,980,136,336,.405,95,208,.457,41,128,.320,157,203,.773,13,73,86,103,27,2,89,52,470
6,1,31,31.6,4.4,10.8,.405,3.1,6.7,.457,1.3,4.1,.320,5.1,6.5,.773,2.8,3.3,0.9,0.1,2.9,1.7,15.2
6,2,31,980,5.6,13.7,.405,3.9,8.5,.457,1.7,5.2,.320,6.4,8.3,.773,3.5,4.2,1.1,0.1,3.6,2.1,19.2
6,3,31,980,8.5,21.0,.405,5.9,13.0,.457,2.6,8.0,.320,9.8,12.7,.773,5.4,6.4,1.7,0.1,5.6,3.2,29.4,,107.5,101.9
6,4,31,980,18.5,.543,.466,.381,.604,462,1.7,8.3,5.2,23.8,1.7,0.2,17.1,27.9,,2.3,1.2,3.5,.145,,2.6,-1.0,1.6
7,0,12,21,2,4,.500,2,3,.667,0,1,.000,2,5,.400,0,4,4,0,1,1,3,2,6
7,1,12,1.8,0.2,0.3,.500,0.2,0.3,.667,0.0,0.1,.000,0.2,0.4,.400,0.3,0.0,0.1,0.1,0.3,0.2,0.5
7,2,12,21,3.8,7.6,.500,3.8,5.7,.667,0.0,1.9,.000,3.8,9.5,.400,7.6,0.0,1.9,1.9,5.7,3.8,11.4
7,3,12,21,5.8,11.7,.500,5.8,8.7,.667,0.0,2.9,.000,5.8,14.6,.400,11.7,0.0,2.9,2.9,8.7,5.8,17.5,,63.7,90.1
7,4,12,21,6.3,.471,.500,.250,1.250,5,0.0,21.3,11.3,0.0,2.9,4.9,32.0,23.4,,-0.1,0.0,0.0,-.017,,-11.2,0.5,-10.7
8,0,32,386,36,56,.643,36,56,.643,0,0,,26,42,.619,30,57,87,5,8,25,19,53,98
8,1,32,12.1,1.1,1.8,.643,1.1,1.8,.643,0.0,0.0,,0.8,1.3,.619,2.7,0.2,0.3,0.8,0.6,1.7,3.1
8,2,32,386,3.7,5.8,.643,3.7,5.8,.643,0.0,0.0,,2.7,4.4,.619,9.0,0.5,0.8,2.6,2.0,5.5,10.2
8,3,32,386,5.7,8.9,.643,5.7,8.9,.643,0.0,0.0,,4.1,6.7,.619,13.8,0.8,1.3,4.0,3.0,8.4,15.5,,116.1,95.0
8,4,32,386,16.2,.645,.643,.000,.750,96,9.8,16.5,13.3,2.7,1.3,6.6,20.0,12.9,,0.7,0.7,1.4,.145,,-0.5,3.7,3.2
9,0,31,760,63,163,.387,37,85,.435,26,78,.333,46,66,.697,14,54,68,100,34,1,60,52,198
9,1,31,24.5,2.0,5.3,.387,1.2,2.7,.435,0.8,2.5,.333,1.5,2.1,.697,2.2,3.2,1.1,0.0,1.9,1.7,6.4
9,2,31,760,3.3,8.6,.387,1.9,4.5,.435,1.4,4.1,.333,2.4,3.5,.697,3.6,5.3,1.8,0.1,3.2,2.7,10.4
9,3,31,760,5.1,13.1,.387,3.0,6.8,.435,2.1,6.3,.333,3.7,5.3,.697,5.5,8.1,2.7,0.1,4.8,4.2,16.0,,100.5,99.7
9,4,31,760,12.7,.509,.466,.479,.405,228,2.3,7.9,5.3,26.4,2.7,0.1,23.6,17.6,,0.8,1.1,1.9,.098,,0.6,0.4,1.0
10,0,33,835,88,219,.402,28,66,.424,60,153,.392,28,36,.778,8,51,59,23,17,2,33,34,264
10,1,33,25.3,2.7,6.6,.402,0.8,2.0,.424,1.8,4.6,.392,0.8,1.1,.778,1.8,0.7,0.5,0.1,1.0,1.0,8.0
10,2,33,835,4.2,10.5,.402,1.3,3.2,.424,2.9,7.3,.392,1.3,1.7,.778,2.8,1.1,0.8,0.1,1.6,1.6,12.6
10,3,33,835,6.5,16.1,.402,2.1,4.8,.424,4.4,11.2,.392,2.1,2.6,.778,4.3,1.7,1.2,0.1,2.4,2.5,19.4,,109.4,103.7
10,4,33,835,11.7,.559,.539,.699,.164,224,1.2,6.8,4.2,5.8,1.2,0.2,12.3,16.9,,1.2,0.9,2.1,.102,,1.8,-1.0,0.8
11,0,32,525,49,87,.563,49,87,.563,0,0,,29,61,.475,40,63,103,25,25,1,31,56,127
11,1,32,16.4,1.5,2.7,.563,1.5,2.7,.563,0.0,0.0,,0.9,1.9,.475,3.2,0.8,0.8,0.0,1.0,1.8,4.0
11,2,32,525,3.7,6.6,.563,3.7,6.6,.563,0.0,0.0,,2.2,4.6,.475,7.8,1.9,1.9,0.1,2.4,4.3,9.7
11,3,32,525,5.7,10.1,.563,5.7,10.1,.563,0.0,0.0,,3.4,7.1,.475,12.0,2.9,2.9,0.1,3.6,6.5,14.8,,104.2,96.3
11,4,32,525,13.9,.548,.563,.000,.701,137,9.6,13.4,11.6,9.8,2.9,0.2,21.1,14.7,,0.6,0.9,1.5,.116,,0.2,2.5,2.7
12,0,11,24,4,6,.667,4,5,.800,0,1,.000,3,6,.500,1,3,4,2,0,0,1,2,11
12,1,11,2.2,0.4,0.5,.667,0.4,0.5,.800,0.0,0.1,.000,0.3,0.5,.500,0.4,0.2,0.0,0.0,0.1,0.2,1.0
12,2,11,24,6.7,10.0,.667,6.7,8.3,.800,0.0,1.7,.000,5.0,10.0,.500,6.7,3.3,0.0,0.0,1.7,3.3,18.3
12,3,11,24,10.2,15.3,.667,10.2,12.8,.800,0.0,2.6,.000,7.7,15.3,.500,10.2,5.1,0.0,0.0,2.6,5.1,28.1,,125.6,102.8
12,4,11,24,22.4,.621,.667,.167,1.000,10,5.2,13.9,9.9,20.1,0.0,0.0,10.2,21.5,,0.1,0.0,0.1,.195,,3.6,-2.2,1.4
13,0,26,448,50,131,.382,31,68,.456,19,63,.302,22,28,.786,31,43,74,11,8,22,7,39,141
13,1,26,17.2,1.9,5.0,.382,1.2,2.6,.456,0.7,2.4,.302,0.8,1.1,.786,2.8,0.4,0.3,0.8,0.3,1.5,5.4
13,2,26,448,4.5,11.7,.382,2.8,6.1,.456,1.7,5.6,.302,2.0,2.5,.786,6.6,1.0,0.7,2.0,0.6,3.5,12.6
13,3,26,448,6.8,17.9,.382,4.2,9.3,.456,2.6,8.6,.302,3.0,3.8,.786,10.1,1.5,1.1,3.0,1.0,5.3,19.3,,115.4,99.4
13,4,26,448,16.1,.489,.454,.481,.214,137,8.7,10.7,9.8,5.2,1.1,5.0,4.6,17.7,,0.9,0.7,1.6,.142,,1.4,1.4,2.8
14,0,24,180,9,40,.225,3,6,.500,6,34,.176,5,8,.625,0,9,9,18,4,0,8,20,29
14,1,24,7.5,0.4,1.7,.225,0.1,0.3,.500,0.3,1.4,.176,0.2,0.3,.625,0.4,0.8,0.2,0.0,0.3,0.8,1.2
14,2,24,180,2.0,8.9,.225,0.7,1.3,.500,1.3,7.6,.176,1.1,1.8,.625,2.0,4.0,0.9,0.0,1.8,4.4,6.4
14,3,24,180,3.1,13.6,.225,1.0,2.0,.500,2.0,11.6,.176,1.7,2.7,.625,3.1,6.1,1.4,0.0,2.7,6.8,9.9,,81.4,103.8
14,4,24,180,2.9,.331,.300,.850,.200,35,0.0,5.6,3.0,18.8,1.4,0.0,15.4,15.1,,-0.1,0.2,0.1,.020,,-3.0,-2.2,-5.2
