0,0,31,557,62,112,.554,62,112,.554,0,0,,29,50,.580,53,53,106,3,4,47,29,76,153
0,1,31,18.0,2.0,3.6,.554,2.0,3.6,.554,0.0,0.0,,0.9,1.6,.580,3.4,0.1,0.1,1.5,0.9,2.5,4.9
0,2,31,557,4.5,8.0,.554,4.5,8.0,.554,0.0,0.0,,2.1,3.6,.580,7.6,0.2,0.3,3.4,2.1,5.5,11.0
0,3,31,557,6.5,11.8,.554,6.5,11.8,.554,0.0,0.0,,3.1,5.3,.580,11.2,0.3,0.4,5.0,3.1,8.0,16.2,,107.9,108.1
0,4,31,557,14.0,.564,.554,.000,.446,148,10.3,10.9,10.6,1.0,0.4,8.4,17.6,14.4,,0.6,0.5,1.1,.082,,-1.9,2.0,0.2
1,0,28,412,25,63,.397,21,45,.467,4,18,.222,29,49,.592,14,39,53,49,13,1,30,29,83
1,1,28,14.7,0.9,2.3,.397,0.8,1.6,.467,0.1,0.6,.222,1.0,1.8,.592,1.9,1.8,0.5,0.0,1.1,1.0,3.0
1,2,28,412,2.4,6.1,.397,2.0,4.4,.467,0.4,1.7,.222,2.8,4.8,.592,5.1,4.8,1.3,0.1,2.9,2.8,8.1
1,3,28,412,3.6,9.0,.397,3.0,6.4,.467,0.6,2.6,.222,4.1,7.0,.592,7.6,7.0,1.9,0.1,4.3,4.1,11.9,,97.6,109.9
1,4,28,412,9.8,.481,.429,.286,.778,103,3.7,10.8,7.1,20.6,1.9,0.2,25.8,13.7,,0.2,0.3,0.5,.047,,-1.6,-0.4,-1.9
2,0,24,114,12,30,.400,2,3,.667,10,27,.370,3,6,.500,0,7,7,3,2,0,4,15,37
2,1,24,4.8,0.5,1.3,.400,0.1,0.1,.667,0.4,1.1,.370,0.1,0.3,.500,0.3,0.1,0.1,0.0,0.2,0.6,1.5
2,2,24,114,4.2,10.5,.400,0.7,1.1,.667,3.5,9.5,.370,1.1,2.1,.500,2.5,1.1,0.7,0.0,1.4,5.3,13.0
2,3,24,114,6.2,15.5,.400,1.0,1.5,.667,5.2,13.9,.370,1.5,3.1,.500,3.6,1.5,1.0,0.0,2.1,7.7,19.1,,113.2,112.9
2,4,24,114,8.8,.563,.567,.900,.200,30,0.0,7.0,3.4,4.9,1.0,0.0,10.9,15.7,,0.2,0.1,0.2,.076,,1.1,-3.7,-2.6
3,0,17,117,4,10,.400,4,10,.400,0,0,,2,6,.333,10,11,21,3,2,7,6,14,10
3,1,17,6.9,0.2,0.6,.400,0.2,0.6,.400,0.0,0.0,,0.1,0.4,.333,1.2,0.2,0.1,0.4,0.4,0.8,0.6
3,2,17,117,1.4,3.4,.400,1.4,3.4,.400,0.0,0.0,,0.7,2.1,.333,7.2,1.0,0.7,2.4,2.1,4.8,3.4
3,3,17,117,2.0,5.0,.400,2.0,5.0,.400,0.0,0.0,,1.0,3.0,.333,10.6,1.5,1.0,3.5,3.0,7.0,5.0,,81.4,108.3
3,4,17,117,6.3,.389,.400,.000,.600,15,9.2,10.8,10.0,4.3,1.0,5.9,31.8,7.8,,-0.1,0.1,0.1,.019,,-4.0,3.4,-0.6
4,0,14,38,5,12,.417,2,2,1.000,3,10,.300,0,1,.000,1,2,3,0,0,0,1,2,13
4,1,14,2.7,0.4,0.9,.417,0.1,0.1,1.000,0.2,0.7,.300,0.0,0.1,.000,0.2,0.0,0.0,0.0,0.1,0.1,0.9
4,2,14,38,5.3,12.6,.417,2.1,2.1,1.000,3.2,10.5,.300,0.0,1.1,.000,3.2,0.0,0.0,0.0,1.1,2.1,13.7
4,3,14,38,7.7,18.6,.417,3.1,3.1,1.000,4.6,15.5,.300,0.0,1.5,.000,4.6,0.0,0.0,0.0,1.5,3.1,20.1,,107.8,116.2
4,4,14,38,9.1,.521,.542,.833,.083,10,2.8,6.0,4.4,0.0,0.0,0.0,7.4,17.3,,0.0,0.0,0.0,.052,,-0.2,-6.5,-6.7
5,0,15,140,26,38,.684,26,38,.684,0,0,,14,26,.538,17,23,40,0,1,6,10,24,66
5,1,15,9.3,1.7,2.5,.684,1.7,2.5,.684,0.0,0.0,,0.9,1.7,.538,2.7,0.0,0.1,0.4,0.7,1.6,4.4
5,2,15,140,7.4,10.9,.684,7.4,10.9,.684,0.0,0.0,,4.0,7.4,.538,11.4,0.0,0.3,1.7,2.9,6.9,18.9
5,3,15,140,10.9,16.0,.684,10.9,16.0,.684,0.0,0.0,,5.9,10.9,.538,16.8,0.0,0.4,2.5,4.2,10.1,27.7,,117.3,106.9
5,4,15,140,21.9,.655,.684,.000,.684,57,13.1,18.8,15.9,0.0,0.4,4.3,16.6,21.0,,0.3,0.2,0.5,.141,,-1.0,-4.4,-5.5
6,0,26,371,46,90,.511,46,90,.511,0,0,,38,61,.623,43,32,75,8,5,15,13,48,130
6,1,26,14.3,1.8,3.5,.511,1.8,3.5,.511,0.0,0.0,,1.5,2.3,.623,2.9,0.3,0.2,0.6,0.5,1.8,5.0
6,2,26,371,5.0,9.7,.511,5.0,9.7,.511,0.0,0.0,,4.1,6.6,.623,8.1,0.9,0.5,1.6,1.4,5.2,14.0
6,3,26,371,7.3,14.3,.511,7.3,14.3,.511,0.0,0.0,,6.0,9.7,.623,11.9,1.3,0.8,2.4,2.1,7.6,20.6,,120.1,110.1
6,4,26,371,17.3,.546,.511,.000,.678,131,12.5,9.9,11.2,4.2,0.8,4.0,9.9,17.3,,0.8,0.3,1.1,.122,,0.7,-0.3,0.4
7,0,30,839,104,275,.378,73,161,.453,31,114,.272,65,101,.644,21,49,70,86,51,2,72,52,304
7,1,30,28.0,3.5,9.2,.378,2.4,5.4,.453,1.0,3.8,.272,2.2,3.4,.644,2.3,2.9,1.7,0.1,2.4,1.7,10.1
7,2,30,839,5.0,13.1,.378,3.5,7.7,.453,1.5,5.4,.272,3.1,4.8,.644,3.3,4.1,2.4,0.1,3.4,2.5,14.5
7,3,30,839,7.3,19.3,.378,5.1,11.3,.453,2.2,8.0,.272,4.6,7.1,.644,4.9,6.0,3.6,0.1,5.0,3.6,21.3,,96.8,107.9
7,4,30,839,12.9,.471,.435,.415,.367,311,2.7,6.7,4.6,20.0,3.6,0.2,18.2,22.9,,0.4,0.8,1.2,.059,,0.3,-0.3,0.0
8,0,31,883,115,276,.417,69,137,.504,46,139,.331,64,85,.753,56,113,169,37,38,33,40,59,340
8,1,31,28.5,3.7,8.9,.417,2.2,4.4,.504,1.5,4.5,.331,2.1,2.7,.753,5.5,1.2,1.2,1.1,1.3,1.9,11.0
8,2,31,883,5.2,12.5,.417,3.1,6.2,.504,2.1,6.3,.331,2.9,3.9,.753,7.7,1.7,1.7,1.5,1.8,2.7,15.4
8,3,31,883,7.7,18.4,.417,4.6,9.1,.504,3.1,9.3,.331,4.3,5.7,.753,11.3,2.5,2.5,2.2,2.7,3.9,22.7,,115.5,105.0
8,4,31,883,18.9,.537,.500,.504,.308,322,6.8,14.6,10.6,8.3,2.5,3.7,11.2,19.6,,1.8,1.1,2.9,.132,,3.1,1.8,4.9
9,0,30,958,198,417,.475,186,385,.483,12,32,.375,107,198,.540,88,129,217,105,51,5,110,80,515
9,1,30,31.9,6.6,13.9,.475,6.2,12.8,.483,0.4,1.1,.375,3.6,6.6,.540,7.2,3.5,1.7,0.2,3.7,2.7,17.2
9,2,30,958,8.3,17.4,.475,7.8,16.1,.483,0.5,1.3,.375,4.5,8.3,.540,9.1,4.4,2.1,0.2,4.6,3.3,21.5
9,3,30,958,12.2,25.6,.475,11.4,23.6,.483,0.7,2.0,.375,6.6,12.2,.540,13.3,6.4,3.1,0.3,6.8,4.9,31.6,,101.6,105.0
9,4,30,958,21.6,.504,.489,.077,.475,527,9.9,15.4,12.6,25.5,3.1,0.5,17.7,31.5,,1.4,1.2,2.6,.107,,2.6,1.5,4.1
10,0,30,436,43,113,.381,29,63,.460,14,50,.280,19,25,.760,6,34,40,48,7,3,28,23,119
10,1,30,14.5,1.4,3.8,.381,1.0,2.1,.460,0.5,1.7,.280,0.6,0.8,.760,1.3,1.6,0.2,0.1,0.9,0.8,4.0
10,2,30,436,3.9,10.4,.381,2.7,5.8,.460,1.3,4.6,.280,1.7,2.3,.760,3.7,4.4,0.6,0.3,2.6,2.1,10.9
10,3,30,436,5.8,15.2,.381,3.9,8.5,.460,1.9,6.7,.280,2.6,3.4,.760,5.4,6.5,0.9,0.4,3.8,3.1,16.1,,100.6,112.5
10,4,30,436,9.9,.476,.442,.442,.221,127,1.5,8.9,5.1,20.4,0.9,0.7,18.3,17.1,,0.3,0.2,0.5,.049,,-1.3,-2.3,-3.5
11,0,31,608,62,158,.392,6,12,.500,56,146,.384,6,11,.545,14,60,74,29,13,2,25,47,186
11,1,31,19.6,2.0,5.1,.392,0.2,0.4,.500,1.8,4.7,.384,0.2,0.4,.545,2.4,0.9,0.4,0.1,0.8,1.5,6.0
11,2,31,608,4.1,10.4,.392,0.4,0.8,.500,3.7,9.6,.384,0.4,0.7,.545,4.9,1.9,0.9,0.1,1.6,3.1,12.2
11,3,31,608,6.0,15.3,.392,0.6,1.2,.500,5.4,14.1,.384,0.6,1.1,.545,7.2,2.8,1.3,0.2,2.4,4.5,18.0,,115.5,110.9
11,4,31,608,11.6,.570,.570,.924,.070,166,2.5,11.3,6.8,8.9,1.3,0.3,13.3,15.1,,0.9,0.4,1.4,.090,,2.8,-1.6,1.2
12,0,31,827,101,237,.426,62,131,.473,39,106,.368,56,85,.659,49,128,177,18,26,16,45,87,297
12,1,31,26.7,3.3,7.6,.426,2.0,4.2,.473,1.3,3.4,.368,1.8,2.7,.659,5.7,0.6,0.8,0.5,1.5,2.8,9.6
12,2,31,827,4.9,11.5,.426,3.0,6.3,.473,1.9,5.1,.368,2.7,4.1,.659,8.6,0.9,1.3,0.8,2.2,4.2,14.4
12,3,31,827,7.2,16.9,.426,4.4,9.3,.473,2.8,7.5,.368,4.0,6.0,.659,12.6,1.3,1.8,1.1,3.2,6.2,21.1,,108.3,105.9
12,4,31,827,14.8,.535,.508,.447,.359,272,6.4,17.7,11.9,4.2,1.8,1.9,14.0,19.0,,1.1,1.0,2.1,.101,,0.7,-0.2,0.4
