0,0,33,999,165,369,.447,119,219,.543,46,150,.307,129,153,.843,21,106,127,58,73,12,40,69,505
0,1,33,30.3,5.0,11.2,.447,3.6,6.6,.543,1.4,4.5,.307,3.9,4.6,.843,3.8,1.8,2.2,0.4,1.2,2.1,15.3
0,2,33,999,6.6,14.8,.447,4.8,8.8,.543,1.8,6.0,.307,5.2,6.1,.843,5.1,2.3,2.9,0.5,1.6,2.8,20.2
0,3,33,999,9.5,21.2,.447,6.8,12.6,.543,2.6,8.6,.307,7.4,8.8,.843,7.3,3.3,4.2,0.7,2.3,4.0,29.1,,118.1,96.4
0,4,33,999,23.7,.572,.509,.407,.415,447,2.4,11.2,6.9,11.3,4.2,1.1,8.3,24.0,,3.2,1.7,4.9,.195,,7.2,2.6,9.8
1,0,35,1046,122,293,.416,114,255,.447,8,38,.211,86,117,.735,74,228,302,122,62,31,73,72,338
1,1,35,29.9,3.5,8.4,.416,3.3,7.3,.447,0.2,1.1,.211,2.5,3.3,.735,8.6,3.5,1.8,0.9,2.1,2.1,9.7
1,2,35,1046,4.7,11.2,.416,4.4,9.8,.447,0.3,1.5,.211,3.3,4.5,.735,11.5,4.7,2.4,1.2,2.8,2.8,12.9
1,3,35,1046,6.7,16.1,.416,6.3,14.0,.447,0.4,2.1,.211,4.7,6.4,.735,16.6,6.7,3.4,1.7,4.0,4.0,18.6,,102.5,91.5
1,4,35,1046,20.2,.485,.430,.130,.399,388,8.0,23.0,15.7,20.8,3.4,2.8,17.3,20.0,,1.5,2.3,3.8,.144,,2.7,6.4,9.0
2,0,5,13,1,3,.333,0,1,.000,1,2,.500,0,0,,0,0,0,3,0,0,4,0,3
2,1,5,2.6,0.2,0.6,.333,0.0,0.2,.000,0.2,0.4,.500,0.0,0.0,,0.0,0.6,0.0,0.0,0.8,0.0,0.6
2,2,5,13,3.1,9.2,.333,0.0,3.1,.000,3.1,6.2,.500,0.0,0.0,,0.0,9.2,0.0,0.0,12.3,0.0,9.2
2,3,5,13,4.4,13.3,.333,0.0,4.4,.000,4.4,8.8,.500,0.0,0.0,,0.0,13.3,0.0,0.0,17.7,0.0,13.3,,58.4,112.2
2,4,5,13,-3.3,.500,.500,.667,.000,4,0.0,0.0,0.0,38.5,0.0,0.0,57.1,26.8,,-0.1,0.0,-0.1,-.174,,-12.6,-10.0,-22.7
3,0,4,7,1,1,1.000,1,1,1.000,0,0,,0,0,,1,0,1,1,0,1,0,1,2
3,1,4,1.8,0.3,0.3,1.000,0.3,0.3,1.000,0.0,0.0,,0.0,0.0,,0.3,0.3,0.0,0.3,0.0,0.3,0.5
3,2,4,7,5.7,5.7,1.000,5.7,5.7,1.000,0.0,0.0,,0.0,0.0,,5.7,5.7,0.0,5.7,0.0,5.7,11.4
3,3,4,7,8.2,8.2,1.000,8.2,8.2,1.000,0.0,0.0,,0.0,0.0,,8.2,8.2,0.0,8.2,0.0,8.2,16.4,,206.4,104.6
3,4,4,7,29.6,1.000,1.000,.000,.000,2,16.1,0.0,7.8,26.8,0.0,13.4,0.0,7.1,,0.0,0.0,0.0,.265,,10.5,5.6,16.1
4,0,35,1243,103,231,.446,74,164,.451,29,67,.433,28,46,.609,9,76,85,256,49,7,86,59,263
4,1,35,35.5,2.9,6.6,.446,2.1,4.7,.451,0.8,1.9,.433,0.8,1.3,.609,2.4,7.3,1.4,0.2,2.5,1.7,7.5
4,2,35,1243,3.3,7.4,.446,2.4,5.3,.451,0.9,2.2,.433,0.9,1.5,.609,2.7,8.2,1.6,0.2,2.8,1.9,8.5
4,3,35,1243,4.8,10.7,.446,3.4,7.6,.451,1.3,3.1,.433,1.3,2.1,.609,3.9,11.8,2.3,0.3,4.0,2.7,12.2,,104.6,103.5
4,4,35,1243,13.6,.520,.509,.290,.199,350,0.8,6.4,3.7,34.7,2.3,0.5,25.4,13.5,,1.5,1.2,2.8,.089,,2.0,0.3,2.3
5,0,1,14,1,2,.500,0,1,.000,1,1,1.000,1,2,.500,0,3,3,2,2,0,1,2,4
5,1,1,14.0,1.0,2.0,.500,0.0,1.0,.000,1.0,1.0,1.000,1.0,2.0,.500,3.0,2.0,2.0,0.0,1.0,2.0,4.0
5,2,1,14,2.9,5.7,.500,0.0,2.9,.000,2.9,2.9,1.000,2.9,5.7,.500,8.6,5.7,5.7,0.0,2.9,5.7,11.4
5,3,1,14,4.1,8.2,.500,0.0,4.1,.000,4.1,4.1,1.000,4.1,8.2,.500,12.3,8.2,8.2,0.0,4.1,8.2,16.4,,115.4,82.1
5,4,1,14,22.2,.678,.750,.500,1.000,4,0.0,22.6,11.7,23.6,8.2,0.0,25.3,14.0,,0.0,0.0,0.1,.202,,4.8,7.3,12.1
6,0,2,4,1,2,.500,1,1,1.000,0,1,.000,0,0,,1,0,1,0,0,0,0,0,2
6,1,2,2.0,0.5,1.0,.500,0.5,0.5,1.000,0.0,0.5,.000,0.0,0.0,,0.5,0.0,0.0,0.0,0.0,0.0,1.0
6,2,2,4,10.0,20.0,.500,10.0,10.0,1.000,0.0,10.0,.000,0.0,0.0,,10.0,0.0,0.0,0.0,0.0,0.0,20.0
6,3,2,4,14.4,28.7,.500,14.4,14.4,1.000,0.0,14.4,.000,0.0,0.0,,14.4,0.0,0.0,0.0,0.0,0.0,28.7,,120.8,112.2
6,4,2,4,25.1,.500,.500,.500,.000,2,28.1,0.0,13.6,0.0,0.0,0.0,0.0,24.8,,0.0,0.0,0.0,.157,,7.5,-9.0,-1.5
7,0,32,987,202,456,.443,162,350,.463,40,106,.377,128,180,.711,87,80,167,27,23,4,51,53,572
7,1,32,30.8,6.3,14.3,.443,5.1,10.9,.463,1.3,3.3,.377,4.0,5.6,.711,5.2,0.8,0.7,0.1,1.6,1.7,17.9
7,2,32,987,8.2,18.5,.443,6.6,14.2,.463,1.6,4.3,.377,5.2,7.3,.711,6.8,1.1,0.9,0.2,2.1,2.1,23.2
7,3,32,987,11.8,26.6,.443,9.4,20.4,.463,2.3,6.2,.377,7.5,10.5,.711,9.7,1.6,1.3,0.2,3.0,3.1,33.3,,110.1,104.5
7,4,32,987,21.9,.528,.487,.232,.395,520,9.9,8.5,9.2,5.8,1.3,0.4,8.6,29.8,,2.9,0.9,3.8,.153,,4.6,-1.9,2.7
8,0,33,207,33,61,.541,33,61,.541,0,0,,14,32,.438,12,27,39,1,2,9,10,54,80
8,1,33,6.3,1.0,1.8,.541,1.0,1.8,.541,0.0,0.0,,0.4,1.0,.438,1.2,0.0,0.1,0.3,0.3,1.6,2.4
8,2,33,207,6.4,11.8,.541,6.4,11.8,.541,0.0,0.0,,2.7,6.2,.438,7.5,0.2,0.4,1.7,1.9,10.4,15.5
8,3,33,207,9.2,16.9,.541,9.2,16.9,.541,0.0,0.0,,3.9,8.9,.438,10.8,0.3,0.6,2.5,2.8,15.0,22.2,,100.1,100.6
8,4,33,207,12.0,.525,.541,.000,.525,69,6.5,13.8,10.3,0.9,0.6,4.1,11.6,20.7,,0.2,0.3,0.5,.095,,-2.1,-0.6,-2.7
9,0,35,773,79,182,.434,52,90,.578,27,92,.293,27,40,.675,4,72,76,37,25,18,38,67,212
9,1,35,22.1,2.3,5.2,.434,1.5,2.6,.578,0.8,2.6,.293,0.8,1.1,.675,2.2,1.1,0.7,0.5,1.1,1.9,6.1
9,2,35,773,4.1,9.4,.434,2.7,4.7,.578,1.4,4.8,.293,1.4,2.1,.675,3.9,1.9,1.3,0.9,2.0,3.5,11.0
9,3,35,773,5.9,13.5,.434,3.9,6.7,.578,2.0,6.8,.293,2.0,3.0,.675,5.7,2.8,1.9,1.3,2.8,5.0,15.8,,97.5,101.7
9,4,35,773,10.6,.527,.508,.505,.220,187,0.6,9.8,5.4,8.3,1.9,2.2,15.9,15.4,,0.5,0.9,1.4,.073,,1.2,2.3,3.6
10,0,6,81,11,18,.611,11,18,.611,0,0,,9,19,.474,10,15,25,2,7,3,10,13,31
10,1,6,13.5,1.8,3.0,.611,1.8,3.0,.611,0.0,0.0,,1.5,3.2,.474,4.2,0.3,1.2,0.5,1.7,2.2,5.2
10,2,6,81,5.4,8.9,.611,5.4,8.9,.611,0.0,0.0,,4.4,9.4,.474,12.3,1.0,3.5,1.5,4.9,6.4,15.3
10,3,6,81,7.8,12.8,.611,7.8,12.8,.611,0.0,0.0,,6.4,13.5,.474,17.7,1.4,5.0,2.1,7.1,9.2,22.0,,93.9,88.9
10,4,6,81,19.4,.574,.611,.000,1.056,31,13.9,19.5,16.8,4.6,5.0,3.5,27.0,22.7,,0.1,0.2,0.2,.122,,0.0,4.9,4.9
11,0,34,796,102,229,.445,87,185,.470,15,44,.341,23,36,.639,56,115,171,33,17,9,29,50,242
11,1,34,23.4,3.0,6.7,.445,2.6,5.4,.470,0.4,1.3,.341,0.7,1.1,.639,5.0,1.0,0.5,0.3,0.9,1.5,7.1
11,2,34,796,5.1,11.5,.445,4.4,9.3,.470,0.8,2.2,.341,1.2,1.8,.639,8.6,1.7,0.9,0.5,1.5,2.5,12.2
11,3,34,796,7.4,16.5,.445,6.3,13.4,.470,1.1,3.2,.341,1.7,2.6,.639,12.4,2.4,1.2,0.7,2.1,3.6,17.5,,104.5,101.1
11,4,34,796,14.2,.492,.478,.192,.157,240,7.9,15.2,11.7,7.6,1.2,1.1,10.5,17.2,,1.0,1.0,2.0,.102,,1.5,1.5,3.0
12,0,32,923,140,284,.493,136,271,.502,4,13,.308,66,81,.815,51,116,167,17,23,33,44,85,350
12,1,32,28.8,4.4,8.9,.493,4.3,8.5,.502,0.1,0.4,.308,2.1,2.5,.815,5.2,0.5,0.7,1.0,1.4,2.7,10.9
12,2,32,923,6.1,12.3,.493,5.9,11.7,.502,0.2,0.6,.308,2.9,3.5,.815,7.2,0.7,1.0,1.4,1.9,3.7,15.2
12,3,32,923,8.7,17.7,.493,8.5,16.9,.502,0.2,0.8,.308,4.1,5.0,.815,10.4,1.1,1.4,2.1,2.7,5.3,21.8,,106.7,100.3
12,4,32,923,16.3,.543,.500,.046,.285,314,6.2,13.2,9.8,3.5,1.4,3.4,12.0,19.7,,1.5,1.2,2.7,.118,,1.0,2.1,3.1
13,0,4,7,0,0,,0,0,,0,0,,0,0,,0,1,1,0,0,0,1,0,0
13,1,4,1.8,0.0,0.0,,0.0,0.0,,0.0,0.0,,0.0,0.0,,0.3,0.0,0.0,0.0,0.3,0.0,0.0
13,2,4,7,0.0,0.0,,0.0,0.0,,0.0,0.0,,0.0,0.0,,5.7,0.0,0.0,0.0,5.7,0.0,0.0
13,3,4,7,0.0,0.0,,0.0,0.0,,0.0,0.0,,0.0,0.0,,8.2,0.0,0.0,0.0,8.2,0.0,0.0,,0.0,104.8
13,4,4,7,-6.0,,,,,0,0.0,15.1,7.8,0.0,0.0,0.0,100.0,7.1,,0.0,0.0,0.0,-.108,,-10.9,1.3,-9.6
