0,0,36,1082,208,429,.485,156,283,.551,52,146,.356,158,189,.836,67,125,192,84,95,5,54,78,626
0,1,36,30.1,5.8,11.9,.485,4.3,7.9,.551,1.4,4.1,.356,4.4,5.3,.836,5.3,2.3,2.6,0.1,1.5,2.2,17.4
0,2,36,1082,7.7,15.9,.485,5.8,10.5,.551,1.9,5.4,.356,5.8,7.0,.836,7.1,3.1,3.5,0.2,2.0,2.9,23.1
0,3,36,1082,11.0,22.6,.485,8.2,14.9,.551,2.7,7.7,.356,8.3,10.0,.836,10.1,4.4,5.0,0.3,2.9,4.1,33.0,,125.1,96.9
0,4,36,1082,28.3,.603,.545,.340,.441,594,7.5,13.1,10.4,14.7,5.0,0.6,9.4,26.5,,4.2,2.2,6.4,.237,,8.7,3.3,12.0
1,0,37,855,83,216,.384,36,94,.383,47,122,.385,82,102,.804,4,61,65,102,30,4,48,45,295
1,1,37,23.1,2.2,5.8,.384,1.0,2.5,.383,1.3,3.3,.385,2.2,2.8,.804,1.8,2.8,0.8,0.1,1.3,1.2,8.0
1,2,37,855,3.9,10.1,.384,1.7,4.4,.383,2.2,5.7,.385,3.8,4.8,.804,3.0,4.8,1.4,0.2,2.2,2.1,13.8
1,3,37,855,5.5,14.4,.384,2.4,6.3,.383,3.1,8.2,.385,5.5,6.8,.804,4.3,6.8,2.0,0.3,3.2,3.0,19.7,,112.5,105.8
1,4,37,855,14.4,.558,.493,.565,.472,302,0.6,8.1,4.4,19.1,2.0,0.6,15.4,18.3,,1.5,1.0,2.5,.116,,3.0,0.1,3.1
2,0,11,17,1,2,.500,1,2,.500,0,0,,3,4,.750,2,1,3,0,0,0,0,3,5
2,1,11,1.5,0.1,0.2,.500,0.1,0.2,.500,0.0,0.0,,0.3,0.4,.750,0.3,0.0,0.0,0.0,0.0,0.3,0.5
2,2,11,17,2.4,4.7,.500,2.4,4.7,.500,0.0,0.0,,7.1,9.4,.750,7.1,0.0,0.0,0.0,0.0,7.1,11.8
2,3,11,17,3.4,6.7,.500,3.4,6.7,.500,0.0,0.0,,10.1,13.4,.750,10.1,0.0,0.0,0.0,0.0,10.1,16.8,,159.2,110.4
2,4,11,17,14.0,.641,.500,.000,2.000,6,14.2,6.7,10.3,0.0,0.0,0.0,0.0,11.5,,0.1,0.0,0.1,.182,,2.9,-4.2,-1.3
3,0,11,38,4,7,.571,4,5,.800,0,2,.000,3,7,.429,1,6,7,1,0,0,1,6,11
3,1,11,3.5,0.4,0.6,.571,0.4,0.5,.800,0.0,0.2,.000,0.3,0.6,.429,0.6,0.1,0.0,0.0,0.1,0.5,1.0
3,2,11,38,4.2,7.4,.571,4.2,5.3,.800,0.0,2.1,.000,3.2,7.4,.429,7.4,1.1,0.0,0.0,1.1,6.3,11.6
3,3,11,38,6.0,10.5,.571,6.0,7.5,.800,0.0,3.0,.000,4.5,10.5,.429,10.5,1.5,0.0,0.0,1.5,9.0,16.5,,107.7,106.1
3,4,11,38,9.2,.533,.571,.286,1.000,10,3.2,17.9,10.8,4.3,0.0,0.0,8.8,14.9,,0.0,0.0,0.1,.087,,-1.0,-1.7,-2.7
4,0,36,1196,181,377,.480,153,319,.480,28,58,.483,137,186,.737,45,270,315,233,64,27,110,60,527
4,1,36,33.2,5.0,10.5,.480,4.3,8.9,.480,0.8,1.6,.483,3.8,5.2,.737,8.8,6.5,1.8,0.8,3.1,1.7,14.6
4,2,36,1196,6.1,12.6,.480,5.1,10.7,.480,0.9,1.9,.483,4.6,6.2,.737,10.5,7.8,2.1,0.9,3.7,2.0,17.6
4,3,36,1196,8.6,18.0,.480,7.3,15.2,.480,1.3,2.8,.483,6.5,8.9,.737,15.0,11.1,3.1,1.3,5.3,2.9,25.2,,113.4,95.4
4,4,36,1196,24.7,.566,.517,.154,.493,603,4.5,25.5,15.4,34.3,3.1,2.7,19.1,24.1,,3.1,2.6,5.6,.189,,4.7,6.2,10.8
5,0,13,60,8,18,.444,8,17,.471,0,1,.000,5,8,.625,1,7,8,4,4,2,1,14,21
5,1,13,4.6,0.6,1.4,.444,0.6,1.3,.471,0.0,0.1,.000,0.4,0.6,.625,0.6,0.3,0.3,0.2,0.1,1.1,1.6
5,2,13,60,5.3,12.0,.444,5.3,11.3,.471,0.0,0.7,.000,3.3,5.3,.625,5.3,2.7,2.7,1.3,0.7,9.3,14.0
5,3,13,60,7.6,17.1,.444,7.6,16.2,.471,0.0,1.0,.000,4.8,7.6,.625,7.6,3.8,3.8,1.9,1.0,13.3,20.0,,109.1,96.9
5,4,13,60,14.7,.482,.444,.056,.444,20,2.0,13.2,7.8,11.4,3.8,4.0,4.4,19.0,,0.1,0.1,0.2,.137,,-0.4,3.9,3.5
6,0,11,20,1,3,.333,1,2,.500,0,1,.000,2,2,1.000,1,0,1,1,0,0,0,0,4
6,1,11,1.8,0.1,0.3,.333,0.1,0.2,.500,0.0,0.1,.000,0.2,0.2,1.000,0.1,0.1,0.0,0.0,0.0,0.0,0.4
6,2,11,20,2.0,6.0,.333,2.0,4.0,.500,0.0,2.0,.000,4.0,4.0,1.000,2.0,2.0,0.0,0.0,0.0,0.0,8.0
6,3,11,20,2.9,8.6,.333,2.9,5.7,.500,0.0,2.9,.000,5.7,5.7,1.000,2.9,2.9,0.0,0.0,0.0,0.0,11.4,,135.5,114.2
6,4,11,20,9.8,.506,.333,.333,.667,5,6.0,0.0,2.9,7.5,0.0,0.0,0.0,9.9,,0.0,0.0,0.0,.098,,1.6,-2.0,-0.5
7,0,10,14,0,3,.000,0,3,.000,0,0,,0,0,,1,3,4,0,0,0,0,1,0
7,1,10,1.4,0.0,0.3,.000,0.0,0.3,.000,0.0,0.0,,0.0,0.0,,0.4,0.0,0.0,0.0,0.0,0.1,0.0
7,2,10,14,0.0,8.6,.000,0.0,8.6,.000,0.0,0.0,,0.0,0.0,,11.4,0.0,0.0,0.0,0.0,2.9,0.0
7,3,10,14,0.0,12.2,.000,0.0,12.2,.000,0.0,0.0,,0.0,0.0,,16.3,0.0,0.0,0.0,0.0,4.1,0.0,,29.7,104.0
7,4,10,14,-3.4,.000,.000,.000,.000,1,8.6,24.2,16.7,0.0,0.0,0.0,0.0,10.7,,0.0,0.0,0.0,-.061,,-11.4,-3.2,-14.7
8,0,37,904,127,288,.441,79,160,.494,48,128,.375,47,68,.691,18,76,94,66,33,6,42,73,349
8,1,37,24.4,3.4,7.8,.441,2.1,4.3,.494,1.3,3.5,.375,1.3,1.8,.691,2.5,1.8,0.9,0.2,1.1,2.0,9.4
8,2,37,904,5.6,12.7,.441,3.5,7.1,.494,2.1,5.7,.375,2.1,3.0,.691,4.2,2.9,1.5,0.3,1.9,3.2,15.4
8,3,37,904,8.0,18.2,.441,5.0,10.1,.494,3.0,8.1,.375,3.0,4.3,.691,5.9,4.2,2.1,0.4,2.7,4.6,22.1,,109.1,104.8
8,4,37,904,14.6,.545,.524,.444,.236,324,2.4,9.5,6.1,12.6,2.1,0.8,11.6,20.1,,1.4,1.2,2.5,.111,,2.8,0.7,3.5
9,0,37,638,109,181,.602,109,181,.602,0,0,,36,77,.468,66,98,164,5,15,23,36,108,254
9,1,37,17.2,2.9,4.9,.602,2.9,4.9,.602,0.0,0.0,,1.0,2.1,.468,4.4,0.1,0.4,0.6,1.0,2.9,6.9
9,2,37,638,6.8,11.3,.602,6.8,11.3,.602,0.0,0.0,,2.3,4.8,.468,10.3,0.3,0.9,1.4,2.3,6.8,15.9
9,3,37,638,9.8,16.2,.602,9.8,16.2,.602,0.0,0.0,,3.2,6.9,.468,14.7,0.4,1.3,2.1,3.2,9.7,22.7,,110.9,101.0
9,4,37,638,17.1,.584,.602,.000,.425,238,12.5,17.4,15.0,1.4,1.3,4.4,14.2,19.9,,1.1,1.0,2.1,.133,,0.0,0.8,0.8
10,0,37,952,153,287,.533,133,219,.607,20,68,.294,96,123,.780,24,81,105,63,51,14,38,85,422
10,1,37,25.7,4.1,7.8,.533,3.6,5.9,.607,0.5,1.8,.294,2.6,3.3,.780,2.8,1.7,1.4,0.4,1.0,2.3,11.4
10,2,37,952,6.4,12.1,.533,5.6,9.2,.607,0.8,2.9,.294,4.0,5.2,.780,4.4,2.6,2.1,0.6,1.6,3.6,17.7
10,3,37,952,9.2,17.2,.533,8.0,13.1,.607,1.2,4.1,.294,5.8,7.4,.780,6.3,3.8,3.1,0.8,2.3,5.1,25.3,,122.8,102.0
10,4,37,952,20.2,.611,.568,.237,.429,384,3.0,9.6,6.4,11.8,3.1,1.8,9.9,20.2,,2.6,1.5,4.1,.171,,4.7,2.4,7.1
11,0,37,848,93,185,.503,70,133,.526,23,52,.442,33,41,.805,52,90,142,28,23,7,33,74,242
11,1,37,22.9,2.5,5.0,.503,1.9,3.6,.526,0.6,1.4,.442,0.9,1.1,.805,3.8,0.8,0.6,0.2,0.9,2.0,6.5
11,2,37,848,4.4,8.7,.503,3.3,6.3,.526,1.1,2.5,.442,1.6,1.9,.805,6.7,1.3,1.1,0.3,1.6,3.5,11.4
11,3,37,848,6.3,12.5,.503,4.7,9.0,.526,1.5,3.5,.442,2.2,2.8,.805,9.6,1.9,1.5,0.5,2.2,5.0,16.3,,116.7,104.8
11,4,37,848,13.1,.592,.565,.281,.222,238,7.4,12.0,9.8,5.4,1.5,1.0,13.9,14.0,,1.4,1.1,2.4,.115,,2.5,1.5,4.0
12,0,34,812,105,198,.530,94,173,.543,11,25,.440,25,30,.833,33,75,108,49,25,23,13,104,246
12,1,34,23.9,3.1,5.8,.530,2.8,5.1,.543,0.3,0.7,.440,0.7,0.9,.833,3.2,1.4,0.7,0.7,0.4,3.1,7.2
12,2,34,812,5.2,9.8,.530,4.6,8.5,.543,0.5,1.2,.440,1.2,1.5,.833,5.3,2.4,1.2,1.1,0.6,5.1,12.1
12,3,34,812,7.4,13.9,.530,6.6,12.2,.543,0.8,1.8,.440,1.8,2.1,.833,7.6,3.4,1.8,1.6,0.9,7.3,17.3,,126.6,103.6
12,4,34,812,15.3,.580,.558,.126,.152,240,4.9,10.4,7.8,10.2,1.8,3.4,5.8,13.9,,1.8,1.1,2.9,.142,,3.1,3.4,6.5
13,0,11,14,0,2,.000,0,2,.000,0,0,,1,2,.500,0,1,1,0,1,0,0,1,1
13,1,11,1.3,0.0,0.2,.000,0.0,0.2,.000,0.0,0.0,,0.1,0.2,.500,0.1,0.0,0.1,0.0,0.0,0.1,0.1
13,2,11,14,0.0,5.7,.000,0.0,5.7,.000,0.0,0.0,,2.9,5.7,.500,2.9,0.0,2.9,0.0,0.0,2.9,2.9
13,3,11,14,0.0,8.2,.000,0.0,8.2,.000,0.0,0.0,,4.1,8.2,.500,4.1,0.0,4.1,0.0,0.0,4.1,4.1,,43.3,101.3
13,4,11,14,0.5,.169,.000,.000,1.000,1,0.0,8.1,4.2,0.0,4.1,0.0,0.0,10.6,,0.0,0.0,0.0,-.016,,-7.1,1.8,-5.4
