0,0,32,1055,106,235,.451,76,161,.472,30,74,.405,39,66,.591,13,87,100,135,56,9,58,52,281
0,1,32,33.0,3.3,7.3,.451,2.4,5.0,.472,0.9,2.3,.405,1.2,2.1,.591,3.1,4.2,1.8,0.3,1.8,1.6,8.8
0,2,32,1055,4.0,8.9,.451,2.9,6.1,.472,1.1,2.8,.405,1.5,2.5,.591,3.8,5.1,2.1,0.3,2.2,2.0,10.7
0,3,32,1055,6.2,13.7,.451,4.4,9.4,.472,1.7,4.3,.405,2.3,3.8,.591,5.8,7.9,3.3,0.5,3.4,3.0,16.3,,107.3,98.0
0,4,32,1055,15.7,.528,.515,.315,.281,306,1.5,9.9,5.7,23.6,3.3,0.9,17.9,16.1,,1.6,1.7,3.2,.123,,2.8,2.0,4.8
1,0,7,19,2,7,.286,2,5,.400,0,2,.000,0,0,,1,1,2,0,3,0,2,3,4
1,1,7,2.7,0.3,1.0,.286,0.3,0.7,.400,0.0,0.3,.000,0.0,0.0,,0.3,0.0,0.4,0.0,0.3,0.4,0.6
1,2,7,19,4.2,14.7,.286,4.2,10.5,.400,0.0,4.2,.000,0.0,0.0,,4.2,0.0,6.3,0.0,4.2,6.3,8.4
1,3,7,19,6.5,22.6,.286,6.5,16.1,.400,0.0,6.5,.000,0.0,0.0,,6.5,0.0,9.7,0.0,6.5,9.7,12.9,,54.1,85.1
1,4,7,19,3.5,.286,.286,.286,.000,4,6.4,6.3,6.4,0.0,9.7,0.0,22.2,24.9,,-0.1,0.1,0.0,-.044,,-8.0,2.7,-5.2
2,0,6,9,0,0,,0,0,,0,0,,0,0,,1,2,3,3,0,0,1,0,0
2,1,6,1.5,0.0,0.0,,0.0,0.0,,0.0,0.0,,0.0,0.0,,0.5,0.5,0.0,0.0,0.2,0.0,0.0
2,2,6,9,0.0,0.0,,0.0,0.0,,0.0,0.0,,0.0,0.0,,13.3,13.3,0.0,0.0,4.4,0.0,0.0
2,3,6,9,0.0,0.0,,0.0,0.0,,0.0,0.0,,0.0,0.0,,20.5,20.5,0.0,0.0,6.8,0.0,0.0,,106.4,99.0
2,4,6,9,16.5,,,,,2,13.5,26.7,20.1,51.9,0.0,0.0,100.0,5.8,,0.0,0.0,0.0,.105,,-2.5,0.1,-2.3
3,0,9,61,8,25,.320,7,17,.412,1,8,.125,4,6,.667,2,5,7,6,3,0,5,6,21
3,1,9,6.8,0.9,2.8,.320,0.8,1.9,.412,0.1,0.9,.125,0.4,0.7,.667,0.8,0.7,0.3,0.0,0.6,0.7,2.3
3,2,9,61,5.2,16.4,.320,4.6,11.1,.412,0.7,5.2,.125,2.6,3.9,.667,4.6,3.9,2.0,0.0,3.3,3.9,13.8
3,3,9,61,8.0,25.1,.320,7.0,17.1,.412,1.0,8.0,.125,4.0,6.0,.667,7.0,6.0,3.0,0.0,5.0,6.0,21.1,,82.3,98.8
3,4,9,61,9.2,.377,.340,.320,.240,22,4.0,9.8,6.9,19.2,3.0,0.0,15.2,28.3,,-0.1,0.1,0.0,.025,,-2.8,-1.2,-4.0
4,0,32,1069,152,348,.437,104,226,.460,48,122,.393,82,111,.739,18,94,112,132,58,6,82,66,434
4,1,32,33.4,4.8,10.9,.437,3.3,7.1,.460,1.5,3.8,.393,2.6,3.5,.739,3.5,4.1,1.8,0.2,2.6,2.1,13.6
4,2,32,1069,5.7,13.0,.437,3.9,8.5,.460,1.8,4.6,.393,3.1,4.2,.739,4.2,4.9,2.2,0.2,3.1,2.5,16.2
4,3,32,1069,8.7,20.0,.437,6.0,13.0,.460,2.8,7.0,.393,4.7,6.4,.739,6.4,7.6,3.3,0.3,4.7,3.8,24.9,,107.0,97.7
4,4,32,1069,19.3,.542,.506,.351,.319,435,2.0,10.6,6.3,24.7,3.3,0.6,17.0,23.7,,2.2,1.7,3.9,.147,,4.3,1.2,5.6
5,0,1,2,0,0,,0,0,,0,0,,0,0,,0,1,1,0,0,0,0,0,0
5,1,1,2.0,0.0,0.0,,0.0,0.0,,0.0,0.0,,0.0,0.0,,1.0,0.0,0.0,0.0,0.0,0.0,0.0
5,2,1,2,0.0,0.0,,0.0,0.0,,0.0,0.0,,0.0,0.0,,20.0,0.0,0.0,0.0,0.0,0.0,0.0
5,3,1,2,0.0,0.0,,0.0,0.0,,0.0,0.0,,0.0,0.0,,30.7,0.0,0.0,0.0,0.0,0.0,0.0,,,85.0
5,4,1,2,9.8,,,,,0,0.0,60.1,30.2,0.0,0.0,0.0,,0.0,,0.0,0.0,0.0,.113,,-9.5,-1.8,-11.3
6,0,33,1035,106,260,.408,63,140,.450,43,120,.358,43,64,.672,19,99,118,93,58,19,75,80,298
6,1,33,31.4,3.2,7.9,.408,1.9,4.2,.450,1.3,3.6,.358,1.3,1.9,.672,3.6,2.8,1.8,0.6,2.3,2.4,9.0
6,2,33,1035,4.1,10.0,.408,2.4,5.4,.450,1.7,4.6,.358,1.7,2.5,.672,4.6,3.6,2.2,0.7,2.9,3.1,11.5
6,3,33,1035,6.3,15.4,.408,3.7,8.3,.450,2.5,7.1,.358,2.5,3.8,.672,7.0,5.5,3.4,1.1,4.4,4.7,17.7,,97.3,96.2
6,4,33,1035,13.9,.513,.490,.462,.246,300,2.2,11.5,6.9,16.6,3.4,2.0,20.5,18.5,,0.8,1.8,2.6,.100,,1.9,3.0,4.9
7,0,19,125,13,26,.500,12,21,.571,1,5,.200,4,10,.400,9,25,34,1,0,1,2,11,31
7,1,19,6.6,0.7,1.4,.500,0.6,1.1,.571,0.1,0.3,.200,0.2,0.5,.400,1.8,0.1,0.0,0.1,0.1,0.6,1.6
7,2,19,125,4.2,8.3,.500,3.8,6.7,.571,0.3,1.6,.200,1.3,3.2,.400,10.9,0.3,0.0,0.3,0.6,3.5,9.9
7,3,19,125,6.4,12.8,.500,5.9,10.3,.571,0.5,2.5,.200,2.0,4.9,.400,16.7,0.5,0.0,0.5,1.0,5.4,15.2,,111.5,99.2
7,4,19,125,13.0,.504,.519,.192,.385,30,8.8,24.0,16.4,1.5,0.0,0.9,6.1,13.7,,0.2,0.2,0.4,.116,,-1.3,-2.6,-3.9
8,0,6,116,14,35,.400,11,28,.393,3,7,.429,3,7,.429,6,21,27,8,3,4,4,7,34
8,1,6,19.3,2.3,5.8,.400,1.8,4.7,.393,0.5,1.2,.429,0.5,1.2,.429,4.5,1.3,0.5,0.7,0.7,1.2,5.7
8,2,6,116,4.8,12.1,.400,3.8,9.7,.393,1.0,2.4,.429,1.0,2.4,.429,9.3,2.8,1.0,1.4,1.4,2.4,11.7
8,3,6,116,7.4,18.5,.400,5.8,14.8,.393,1.6,3.7,.429,1.6,3.7,.429,14.3,4.2,1.6,2.1,2.1,3.7,18.0,,100.5,95.2
8,4,6,116,16.0,.444,.443,.200,.200,35,6.3,21.7,14.1,13.2,1.6,3.8,9.5,19.1,,0.1,0.2,0.3,.116,,-0.3,2.5,2.3
9,0,2,34,2,6,.333,2,5,.400,0,1,.000,4,7,.571,0,4,4,2,1,0,0,2,8
9,1,2,17.0,1.0,3.0,.333,1.0,2.5,.400,0.0,0.5,.000,2.0,3.5,.571,2.0,1.0,0.5,0.0,0.0,1.0,4.0
9,2,2,34,2.4,7.1,.333,2.4,5.9,.400,0.0,1.2,.000,4.7,8.2,.571,4.7,2.4,1.2,0.0,0.0,2.4,9.4
9,3,2,34,3.6,10.8,.333,3.6,9.0,.400,0.0,1.8,.000,7.2,12.6,.571,7.2,3.6,1.8,0.0,0.0,3.6,14.4,,109.6,99.9
9,4,2,34,11.5,.429,.333,.167,1.167,8,0.0,14.1,7.1,10.1,1.8,0.0,0.0,14.4,,0.0,0.0,0.1,.109,,-0.9,-0.4,-1.3
10,0,33,586,58,154,.377,32,79,.405,26,75,.347,9,15,.600,9,65,74,39,16,9,24,45,151
10,1,33,17.8,1.8,4.7,.377,1.0,2.4,.405,0.8,2.3,.347,0.3,0.5,.600,2.2,1.2,0.5,0.3,0.7,1.4,4.6
10,2,33,586,4.0,10.5,.377,2.2,5.4,.405,1.8,5.1,.347,0.6,1.0,.600,5.1,2.7,1.1,0.6,1.6,3.1,10.3
10,3,33,586,6.1,16.1,.377,3.4,8.3,.405,2.7,7.9,.347,0.9,1.6,.600,7.7,4.1,1.7,0.9,2.5,4.7,15.8,,98.1,99.5
10,4,33,586,11.0,.469,.461,.487,.097,146,1.9,13.3,7.6,12.2,1.7,1.7,13.0,16.6,,0.4,0.8,1.2,.085,,0.3,0.9,1.1
11,0,32,549,117,204,.574,117,204,.574,0,0,,82,139,.590,73,83,156,14,18,23,60,101,316
11,1,32,17.2,3.7,6.4,.574,3.7,6.4,.574,0.0,0.0,,2.6,4.3,.590,4.9,0.4,0.6,0.7,1.9,3.2,9.9
11,2,32,549,8.5,14.9,.574,8.5,14.9,.574,0.0,0.0,,6.0,10.1,.590,11.4,1.0,1.3,1.7,4.4,7.4,23.0
11,3,32,549,13.1,22.8,.574,13.1,22.8,.574,0.0,0.0,,9.2,15.5,.590,17.4,1.6,2.0,2.6,6.7,11.3,35.3,,106.4,94.6
11,4,32,549,25.8,.585,.574,.000,.681,292,16.2,18.2,17.2,5.9,2.0,4.6,18.2,31.5,,1.4,1.0,2.5,.181,,2.1,0.5,2.6
12,0,28,236,5,15,.333,5,15,.333,0,0,,5,15,.333,19,23,42,3,1,39,6,37,15
12,1,28,8.4,0.2,0.5,.333,0.2,0.5,.333,0.0,0.0,,0.2,0.5,.333,1.5,0.1,0.0,1.4,0.2,1.3,0.5
12,2,28,236,0.8,2.5,.333,0.8,2.5,.333,0.0,0.0,,0.8,2.5,.333,7.1,0.5,0.2,6.6,1.0,6.3,2.5
12,3,28,236,1.3,3.9,.333,1.3,3.9,.333,0.0,0.0,,1.3,3.9,.333,10.9,0.8,0.3,10.1,1.6,9.6,3.9,,89.0,94.0
12,4,28,236,9.9,.339,.333,.000,1.000,25,9.8,11.7,10.8,2.0,0.3,18.2,21.3,6.3,,0.0,0.5,0.5,.079,,-3.2,10.5,7.3
13,0,8,10,0,3,.000,0,1,.000,0,2,.000,0,0,,1,1,2,0,0,0,0,0,0
13,1,8,1.3,0.0,0.4,.000,0.0,0.1,.000,0.0,0.3,.000,0.0,0.0,,0.3,0.0,0.0,0.0,0.0,0.0,0.0
13,2,8,10,0.0,12.0,.000,0.0,4.0,.000,0.0,8.0,.000,0.0,0.0,,8.0,0.0,0.0,0.0,0.0,0.0,0.0
13,3,8,10,0.0,18.4,.000,0.0,6.1,.000,0.0,12.3,.000,0.0,0.0,,12.3,0.0,0.0,0.0,0.0,0.0,0.0,,25.1,105.1
13,4,8,10,-7.0,.000,.000,.667,.000,1,12.2,12.0,12.1,0.0,0.0,0.0,0.0,15.7,,0.0,0.0,0.0,-.132,,-9.8,-6.0,-15.8
14,0,32,908,128,263,.487,114,233,.489,14,30,.467,55,70,.786,66,136,202,24,22,7,38,77,325
14,1,32,28.4,4.0,8.2,.487,3.6,7.3,.489,0.4,0.9,.467,1.7,2.2,.786,6.3,0.8,0.7,0.2,1.2,2.4,10.2
14,2,32,908,5.6,11.6,.487,5.0,10.3,.489,0.6,1.3,.467,2.4,3.1,.786,8.9,1.1,1.0,0.3,1.7,3.4,14.3
14,3,32,908,8.6,17.8,.487,7.7,15.7,.489,0.9,2.0,.467,3.7,4.7,.786,13.7,1.6,1.5,0.5,2.6,5.2,22.0,,112.8,98.4
14,4,32,908,17.6,.549,.513,.114,.266,306,8.8,18.0,13.4,5.3,1.5,0.9,11.4,19.3,,1.9,1.4,3.3,.147,,2.0,0.2,2.2
15,0,30,786,137,257,.533,134,250,.536,3,7,.429,68,86,.791,86,92,178,13,21,36,34,73,345
15,1,30,26.2,4.6,8.6,.533,4.5,8.3,.536,0.1,0.2,.429,2.3,2.9,.791,5.9,0.4,0.7,1.2,1.1,2.4,11.5
15,2,30,786,7.0,13.1,.533,6.8,12.7,.536,0.2,0.4,.429,3.5,4.4,.791,9.1,0.7,1.1,1.8,1.7,3.7,17.6
15,3,30,786,10.7,20.1,.533,10.5,19.5,.536,0.2,0.5,.429,5.3,6.7,.791,13.9,1.0,1.6,2.8,2.7,5.7,26.9,,119.6,97.4
15,4,30,786,23.9,.579,.539,.027,.335,323,13.3,14.1,13.7,3.5,1.6,5.1,10.2,22.1,,2.5,1.3,3.8,.192,,3.4,1.4,4.8
