0,0,32,1157,150,383,.392,73,173,.422,77,210,.367,110,131,.840,6,98,104,164,32,1,80,47,487
0,1,32,36.2,4.7,12.0,.392,2.3,5.4,.422,2.4,6.6,.367,3.4,4.1,.840,3.3,5.1,1.0,0.0,2.5,1.5,15.2
0,2,32,1157,5.2,13.2,.392,2.5,6.0,.422,2.7,7.3,.367,3.8,4.5,.840,3.6,5.7,1.1,0.0,2.8,1.6,16.8
0,3,32,1157,7.7,19.6,.392,3.7,8.8,.422,3.9,10.7,.367,5.6,6.7,.840,5.3,8.4,1.6,0.1,4.1,2.4,24.9,,112.7,105.2
0,4,32,1157,17.9,.547,.492,.548,.342,492,0.6,9.6,5.0,27.8,1.6,0.1,15.2,22.7,,2.9,1.1,4.0,.139,,5.6,-0.6,5.0
1,0,10,24,1,4,.250,0,1,.000,1,3,.333,0,0,,0,2,2,1,0,0,2,0,3
1,1,10,2.4,0.1,0.4,.250,0.0,0.1,.000,0.1,0.3,.333,0.0,0.0,,0.2,0.1,0.0,0.0,0.2,0.0,0.3
1,2,10,24,1.7,6.7,.250,0.0,1.7,.000,1.7,5.0,.333,0.0,0.0,,3.3,1.7,0.0,0.0,3.3,0.0,5.0
1,3,10,24,2.5,9.9,.250,0.0,2.5,.000,2.5,7.4,.333,0.0,0.0,,4.9,2.5,0.0,0.0,4.9,0.0,7.4,,59.9,109.3
1,4,10,24,-0.6,.375,.375,.750,.000,3,0.0,9.4,4.7,7.0,0.0,0.0,33.3,12.5,,0.0,0.0,0.0,-.047,,-5.3,-1.0,-6.4
2,0,32,373,15,53,.283,11,29,.379,4,24,.167,14,25,.560,17,43,60,32,6,2,17,32,48
2,1,32,11.7,0.5,1.7,.283,0.3,0.9,.379,0.1,0.8,.167,0.4,0.8,.560,1.9,1.0,0.2,0.1,0.5,1.0,1.5
2,2,32,373,1.6,5.7,.283,1.2,3.1,.379,0.4,2.6,.167,1.5,2.7,.560,6.4,3.4,0.6,0.2,1.8,3.4,5.1
2,3,32,373,2.4,8.4,.283,1.7,4.6,.379,0.6,3.8,.167,2.2,4.0,.560,9.5,5.1,1.0,0.3,2.7,5.1,7.6,,89.5,104.8
2,4,32,373,6.3,.370,.321,.453,.472,67,5.0,13.0,9.0,14.3,1.0,0.6,20.8,11.0,,0.0,0.4,0.4,.040,,-1.4,1.4,0.0
3,0,11,99,7,18,.389,7,18,.389,0,0,,3,9,.333,13,16,29,1,1,2,4,8,17
3,1,11,9.0,0.6,1.6,.389,0.6,1.6,.389,0.0,0.0,,0.3,0.8,.333,2.6,0.1,0.1,0.2,0.4,0.7,1.5
3,2,11,99,2.8,7.3,.389,2.8,7.3,.389,0.0,0.0,,1.2,3.6,.333,11.7,0.4,0.4,0.8,1.6,3.2,6.9
3,3,11,99,4.2,10.8,.389,4.2,10.8,.389,0.0,0.0,,1.8,5.4,.333,17.3,0.6,0.6,1.2,2.4,4.8,10.2,,91.3,102.5
3,4,11,99,9.5,.382,.389,.000,.500,21,14.5,18.3,16.4,1.8,0.6,2.4,15.2,13.3,,0.0,0.1,0.1,.054,,-3.1,0.2,-2.9
4,0,11,22,2,8,.250,2,6,.333,0,2,.000,0,0,,1,3,4,1,2,0,5,1,4
4,1,11,2.0,0.2,0.7,.250,0.2,0.5,.333,0.0,0.2,.000,0.0,0.0,,0.4,0.1,0.2,0.0,0.5,0.1,0.4
4,2,11,22,3.6,14.5,.250,3.6,10.9,.333,0.0,3.6,.000,0.0,0.0,,7.3,1.8,3.6,0.0,9.1,1.8,7.3
4,3,11,22,5.4,21.5,.250,5.4,16.1,.333,0.0,5.4,.000,0.0,0.0,,10.8,2.7,5.4,0.0,13.4,2.7,10.8,,40.3,94.2
4,4,11,22,-5.5,.250,.250,.250,.000,4,5.0,15.4,10.2,8.3,5.4,0.0,38.5,29.6,,-0.2,0.0,-0.1,-.203,,-14.3,2.9,-11.4
5,0,31,337,19,38,.500,13,27,.481,6,11,.545,2,9,.222,6,41,47,18,13,9,17,54,46
5,1,31,10.9,0.6,1.2,.500,0.4,0.9,.481,0.2,0.4,.545,0.1,0.3,.222,1.5,0.6,0.4,0.3,0.5,1.7,1.5
5,2,31,337,2.3,4.5,.500,1.5,3.2,.481,0.7,1.3,.545,0.2,1.1,.222,5.6,2.1,1.5,1.1,2.0,6.4,5.5
5,3,31,337,3.3,6.7,.500,2.3,4.7,.481,1.1,1.9,.545,0.4,1.6,.222,8.3,3.2,2.3,1.6,3.0,9.5,8.1,,90.9,99.8
5,4,31,337,7.2,.544,.579,.289,.237,48,2.0,13.8,7.8,9.1,2.3,3.1,28.7,8.8,,0.0,0.5,0.5,.062,,-1.2,4.3,3.1
6,0,32,1097,124,309,.401,67,165,.406,57,144,.396,43,61,.705,36,75,111,101,29,5,75,69,348
6,1,32,34.3,3.9,9.7,.401,2.1,5.2,.406,1.8,4.5,.396,1.3,1.9,.705,3.5,3.2,0.9,0.2,2.3,2.2,10.9
6,2,32,1097,4.5,11.3,.401,2.4,6.0,.406,2.1,5.3,.396,1.6,2.2,.705,4.0,3.7,1.1,0.2,2.7,2.5,12.7
6,3,32,1097,6.7,16.7,.401,3.6,8.9,.406,3.1,7.8,.396,2.3,3.3,.705,6.0,5.4,1.6,0.3,4.0,3.7,18.8,,101.9,105.8
6,4,32,1097,12.3,.515,.494,.466,.197,352,3.6,7.7,5.7,17.5,1.6,0.5,18.2,18.8,,1.2,1.0,2.2,.081,,2.7,0.7,3.4
7,0,10,16,0,2,.000,0,2,.000,0,0,,0,0,,1,1,2,0,1,0,2,1,0
7,1,10,1.6,0.0,0.2,.000,0.0,0.2,.000,0.0,0.0,,0.0,0.0,,0.2,0.0,0.1,0.0,0.2,0.1,0.0
7,2,10,16,0.0,5.0,.000,0.0,5.0,.000,0.0,0.0,,0.0,0.0,,5.0,0.0,2.5,0.0,5.0,2.5,0.0
7,3,10,16,0.0,7.4,.000,0.0,7.4,.000,0.0,0.0,,0.0,0.0,,7.4,0.0,3.7,0.0,7.4,3.7,0.0,,15.2,101.5
7,4,10,16,-6.5,.000,.000,.000,.000,1,6.9,7.1,7.0,0.0,3.7,0.0,50.0,12.5,,-0.1,0.0,-0.1,-.135,,-11.3,2.3,-9.0
8,0,32,988,137,289,.474,116,243,.477,21,46,.457,91,142,.641,111,187,298,46,41,31,43,93,386
8,1,32,30.9,4.3,9.0,.474,3.6,7.6,.477,0.7,1.4,.457,2.8,4.4,.641,9.3,1.4,1.3,1.0,1.3,2.9,12.1
8,2,32,988,5.5,11.7,.474,4.7,9.8,.477,0.9,1.9,.457,3.7,5.7,.641,12.1,1.9,1.7,1.3,1.7,3.8,15.6
8,3,32,988,8.2,17.3,.474,6.9,14.6,.477,1.3,2.8,.457,5.5,8.5,.641,17.8,2.8,2.5,1.9,2.6,5.6,23.1,,117.4,96.2
8,4,32,988,22.8,.541,.510,.159,.491,394,12.4,21.4,16.9,9.3,2.5,3.7,10.8,20.2,,2.7,1.8,4.5,.181,,4.3,4.2,8.5
9,0,30,742,129,236,.547,129,236,.547,0,0,,72,133,.541,80,120,200,14,18,26,48,107,330
9,1,30,24.7,4.3,7.9,.547,4.3,7.9,.547,0.0,0.0,,2.4,4.4,.541,6.7,0.5,0.6,0.9,1.6,3.6,11.0
9,2,30,742,7.0,12.7,.547,7.0,12.7,.547,0.0,0.0,,3.9,7.2,.541,10.8,0.8,1.0,1.4,2.6,5.8,17.8
9,3,30,742,10.3,18.8,.547,10.3,18.8,.547,0.0,0.0,,5.7,10.6,.541,16.0,1.1,1.4,2.1,3.8,8.5,26.3,,108.3,99.4
9,4,30,742,20.2,.552,.547,.000,.564,308,11.9,18.3,15.1,4.0,1.4,4.1,13.8,23.4,,1.5,1.1,2.6,.143,,1.0,1.5,2.5
10,0,32,1088,187,412,.454,152,299,.508,35,113,.310,111,152,.730,19,131,150,65,63,11,68,80,520
10,1,32,34.0,5.8,12.9,.454,4.8,9.3,.508,1.1,3.5,.310,3.5,4.8,.730,4.7,2.0,2.0,0.3,2.1,2.5,16.3
10,2,32,1088,6.9,15.1,.454,5.6,11.0,.508,1.3,4.2,.310,4.1,5.6,.730,5.5,2.4,2.3,0.4,2.5,2.9,19.1
10,3,32,1088,10.2,22.4,.454,8.3,16.3,.508,1.9,6.1,.310,6.0,8.3,.730,8.2,3.5,3.4,0.6,3.7,4.4,28.3,,107.5,98.7
10,4,32,1088,19.8,.537,.496,.274,.369,465,1.9,13.6,7.7,12.8,3.4,1.2,12.3,25.4,,2.2,1.8,3.9,.145,,3.5,2.3,5.8
11,0,32,502,55,121,.455,55,121,.455,0,0,,13,21,.619,48,69,117,6,12,33,15,75,123
11,1,32,15.7,1.7,3.8,.455,1.7,3.8,.455,0.0,0.0,,0.4,0.7,.619,3.7,0.2,0.4,1.0,0.5,2.3,3.8
11,2,32,502,4.4,9.6,.455,4.4,9.6,.455,0.0,0.0,,1.0,1.7,.619,9.3,0.5,1.0,2.6,1.2,6.0,9.8
11,3,32,502,6.5,14.3,.455,6.5,14.3,.455,0.0,0.0,,1.5,2.5,.619,13.8,0.7,1.4,3.9,1.8,8.8,14.5,,104.6,98.6
11,4,32,502,13.8,.470,.455,.000,.174,126,10.6,15.5,13.0,2.3,1.4,7.7,10.3,14.5,,0.5,0.8,1.3,.105,,-1.3,4.3,3.0
12,0,4,5,0,1,.000,0,0,,0,1,.000,0,0,,0,0,0,1,1,0,0,0,0
12,1,4,1.3,0.0,0.3,.000,0.0,0.0,,0.0,0.3,.000,0.0,0.0,,0.0,0.3,0.3,0.0,0.0,0.0,0.0
12,2,4,5,0.0,8.0,.000,0.0,0.0,,0.0,8.0,.000,0.0,0.0,,0.0,8.0,8.0,0.0,0.0,0.0,0.0
12,3,4,5,0.0,11.8,.000,0.0,0.0,,0.0,11.8,.000,0.0,0.0,,0.0,11.8,11.8,0.0,0.0,0.0,0.0,,58.6,86.1
12,4,4,5,11.8,.000,.000,1.000,.000,1,0.0,0.0,0.0,31.2,11.8,0.0,0.0,10.0,,0.0,0.0,0.0,.050,,-2.3,2.2,-0.2
