0,0,29,946,149,386,.386,89,226,.394,60,160,.375,41,53,.774,16,46,62,77,40,3,95,63,399
0,1,29,32.6,5.1,13.3,.386,3.1,7.8,.394,2.1,5.5,.375,1.4,1.8,.774,2.1,2.7,1.4,0.1,3.3,2.2,13.8
0,2,29,946,6.3,16.3,.386,3.8,9.6,.394,2.5,6.8,.375,1.7,2.2,.774,2.6,3.3,1.7,0.1,4.0,2.7,16.9
0,3,29,946,9.9,25.6,.386,5.9,15.0,.394,4.0,10.6,.375,2.7,3.5,.774,4.1,5.1,2.7,0.2,6.3,4.2,26.4,,91.6,110.4
0,4,29,946,13.3,.485,.464,.415,.137,379,2.1,6.7,4.2,21.3,2.7,0.4,18.8,28.7,,0.3,0.4,0.7,.029,,-1.1,-4.0,-5.1
1,0,5,16,0,1,.000,0,1,.000,0,0,,0,0,,0,3,3,0,0,0,1,0,0
1,1,5,3.2,0.0,0.2,.000,0.0,0.2,.000,0.0,0.0,,0.0,0.0,,0.6,0.0,0.0,0.0,0.2,0.0,0.0
1,2,5,16,0.0,2.5,.000,0.0,2.5,.000,0.0,0.0,,0.0,0.0,,7.5,0.0,0.0,0.0,2.5,0.0,0.0
1,3,5,16,0.0,3.9,.000,0.0,3.9,.000,0.0,0.0,,0.0,0.0,,11.8,0.0,0.0,0.0,3.9,0.0,0.0,,0.0,110.3
1,4,5,16,-3.2,.000,.000,.000,.000,0,0.0,25.8,12.1,0.0,0.0,0.0,50.0,6.7,,0.0,0.0,0.0,-.095,,-14.7,-4.3,-19.0
2,0,30,973,119,281,.423,88,173,.509,31,108,.287,81,95,.853,49,112,161,47,20,8,68,94,350
2,1,30,32.4,4.0,9.4,.423,2.9,5.8,.509,1.0,3.6,.287,2.7,3.2,.853,5.4,1.6,0.7,0.3,2.3,3.1,11.7
2,2,30,973,4.9,11.6,.423,3.6,7.1,.509,1.3,4.4,.287,3.3,3.9,.853,6.6,1.9,0.8,0.3,2.8,3.9,14.4
2,3,30,973,7.7,18.1,.423,5.7,11.1,.509,2.0,7.0,.287,5.2,6.1,.853,10.4,3.0,1.3,0.5,4.4,6.1,22.5,,103.8,109.8
2,4,30,973,15.1,.537,.479,.384,.338,339,6.1,15.8,10.7,11.6,1.3,1.0,17.3,21.7,,1.4,0.5,1.9,.079,,0.0,-2.7,-2.7
3,0,7,37,2,4,.500,2,4,.500,0,0,,1,2,.500,3,1,4,4,2,1,3,5,5
3,1,7,5.3,0.3,0.6,.500,0.3,0.6,.500,0.0,0.0,,0.1,0.3,.500,0.6,0.6,0.3,0.1,0.4,0.7,0.7
3,2,7,37,2.2,4.3,.500,2.2,4.3,.500,0.0,0.0,,1.1,2.2,.500,4.3,4.3,2.2,1.1,3.2,5.4,5.4
3,3,7,37,3.4,6.8,.500,3.4,6.8,.500,0.0,0.0,,1.7,3.4,.500,6.8,6.8,3.4,1.7,5.1,8.5,8.5,,92.2,107.9
3,4,7,37,10.6,.505,.500,.000,.500,8,9.8,3.7,7.0,22.3,3.4,3.4,37.7,11.5,,0.0,0.0,0.0,.034,,-3.4,0.1,-3.3
4,0,26,451,36,103,.350,28,69,.406,8,34,.235,21,30,.700,5,30,35,45,11,0,38,36,101
4,1,26,17.3,1.4,4.0,.350,1.1,2.7,.406,0.3,1.3,.235,0.8,1.2,.700,1.3,1.7,0.4,0.0,1.5,1.4,3.9
4,2,26,451,3.2,9.1,.350,2.5,6.1,.406,0.7,3.0,.235,1.9,2.7,.700,3.1,4.0,1.0,0.0,3.4,3.2,9.0
4,3,26,451,5.0,14.3,.350,3.9,9.6,.406,1.1,4.7,.235,2.9,4.2,.700,4.9,6.3,1.5,0.0,5.3,5.0,14.0,,82.9,112.2
4,4,26,451,6.6,.431,.388,.330,.291,111,1.3,9.1,5.0,21.7,1.5,0.0,24.5,18.5,,-0.3,0.1,-0.1,-.013,,-5.4,-4.3,-9.7
5,0,28,542,57,112,.509,55,107,.514,2,5,.400,28,44,.636,49,64,113,14,10,9,23,82,144
5,1,28,19.4,2.0,4.0,.509,2.0,3.8,.514,0.1,0.2,.400,1.0,1.6,.636,4.0,0.5,0.4,0.3,0.8,2.9,5.1
5,2,28,542,4.2,8.3,.509,4.1,7.9,.514,0.1,0.4,.400,2.1,3.2,.636,8.3,1.0,0.7,0.7,1.7,6.1,10.6
5,3,28,542,6.6,13.0,.509,6.4,12.4,.514,0.2,0.6,.400,3.2,5.1,.636,13.1,1.6,1.2,1.0,2.7,9.5,16.7,,109.8,109.1
5,4,28,542,13.9,.542,.518,.045,.393,147,11.0,16.2,13.4,5.9,1.2,2.1,14.8,15.4,,0.8,0.3,1.1,.084,,-1.8,-2.1,-3.9
6,0,23,322,23,55,.418,16,36,.444,7,19,.368,16,27,.593,6,14,20,14,6,3,13,14,69
6,1,23,14.0,1.0,2.4,.418,0.7,1.6,.444,0.3,0.8,.368,0.7,1.2,.593,0.9,0.6,0.3,0.1,0.6,0.6,3.0
6,2,23,322,2.9,6.8,.418,2.0,4.5,.444,0.9,2.4,.368,2.0,3.4,.593,2.5,1.7,0.7,0.4,1.6,1.7,8.6
6,3,23,322,4.5,10.7,.418,3.1,7.0,.444,1.4,3.7,.368,3.1,5.3,.593,3.9,2.7,1.2,0.6,2.5,2.7,13.4,,100.5,113.8
6,4,23,322,9.0,.509,.482,.345,.491,67,2.3,6.0,4.0,9.3,1.2,1.2,16.1,13.5,,0.2,0.0,0.3,.033,,-3.2,-3.5,-6.7
7,0,31,1038,111,295,.376,66,142,.465,45,153,.294,28,42,.667,21,126,147,40,44,4,60,83,295
7,1,31,33.5,3.6,9.5,.376,2.1,4.6,.465,1.5,4.9,.294,0.9,1.4,.667,4.7,1.3,1.4,0.1,1.9,2.7,9.5
7,2,31,1038,4.3,11.4,.376,2.5,5.5,.465,1.7,5.9,.294,1.1,1.6,.667,5.7,1.5,1.7,0.2,2.3,3.2,11.4
7,3,31,1038,6.7,17.8,.376,4.0,8.6,.465,2.7,9.2,.294,1.7,2.5,.667,8.9,2.4,2.7,0.2,3.6,5.0,17.8,,91.1,106.8
7,4,31,1038,10.9,.468,.453,.519,.142,274,2.5,16.7,9.1,8.9,2.7,0.5,16.0,19.4,,0.2,0.8,1.0,.037,,-2.3,-1.7,-4.0
8,0,23,198,13,32,.406,12,31,.387,1,1,1.000,11,16,.688,12,21,33,5,4,8,15,20,38
8,1,23,8.6,0.6,1.4,.406,0.5,1.3,.387,0.0,0.0,1.000,0.5,0.7,.688,1.4,0.2,0.2,0.3,0.7,0.9,1.7
8,2,23,198,2.6,6.5,.406,2.4,6.3,.387,0.2,0.2,1.000,2.2,3.2,.688,6.7,1.0,0.8,1.6,3.0,4.0,7.7
8,3,23,198,4.1,10.1,.406,3.8,9.8,.387,0.3,0.3,1.000,3.5,5.1,.688,10.4,1.6,1.3,2.5,4.7,6.3,12.0,,84.4,108.3
8,4,23,198,8.5,.480,.422,.031,.500,40,7.4,14.6,10.7,5.3,1.3,5.0,27.5,14.8,,-0.1,0.1,0.1,.011,,-6.7,-0.3,-7.0
9,0,15,254,6,20,.300,3,11,.273,3,9,.333,1,4,.250,2,9,11,22,5,1,18,13,16
9,1,15,16.9,0.4,1.3,.300,0.2,0.7,.273,0.2,0.6,.333,0.1,0.3,.250,0.7,1.5,0.3,0.1,1.2,0.9,1.1
9,2,15,254,0.9,3.1,.300,0.5,1.7,.273,0.5,1.4,.333,0.2,0.6,.250,1.7,3.5,0.8,0.2,2.8,2.0,2.5
9,3,15,254,1.5,4.9,.300,0.7,2.7,.273,0.7,2.2,.333,0.2,1.0,.250,2.7,5.4,1.2,0.2,4.4,3.2,3.9,,64.7,114.3
9,4,15,254,1.6,.365,.375,.450,.200,25,1.0,4.9,2.8,16.8,1.2,0.5,45.1,8.4,,-0.3,0.0,-0.3,-.044,,-7.1,-3.4,-10.5
10,0,29,517,39,84,.464,38,82,.463,1,2,.500,17,35,.486,29,44,73,7,7,6,33,67,96
10,1,29,17.8,1.3,2.9,.464,1.3,2.8,.463,0.0,0.1,.500,0.6,1.2,.486,2.5,0.2,0.2,0.2,1.1,2.3,3.3
10,2,29,517,3.0,6.5,.464,2.9,6.3,.463,0.1,0.2,.500,1.3,2.7,.486,5.6,0.5,0.5,0.5,2.6,5.2,7.4
10,3,29,517,4.7,10.2,.464,4.6,9.9,.463,0.1,0.2,.500,2.1,4.2,.486,8.8,0.8,0.8,0.7,4.0,8.1,11.6,,83.7,111.9
10,4,29,517,5.5,.477,.470,.024,.417,96,6.8,11.7,9.1,2.9,0.8,1.4,24.7,13.9,,-0.2,0.2,0.0,-.004,,-6.1,-2.8,-8.9
11,0,30,906,114,233,.489,114,232,.491,0,1,.000,118,212,.557,92,97,189,36,44,8,63,110,346
11,1,30,30.2,3.8,7.8,.489,3.8,7.7,.491,0.0,0.0,.000,3.9,7.1,.557,6.3,1.2,1.5,0.3,2.1,3.7,11.5
11,2,30,906,5.0,10.3,.489,5.0,10.2,.491,0.0,0.0,.000,5.2,9.4,.557,8.3,1.6,1.9,0.4,2.8,4.9,15.3
11,3,30,906,7.9,16.1,.489,7.9,16.0,.491,0.0,0.1,.000,8.2,14.7,.557,13.1,2.5,3.0,0.6,4.4,7.6,23.9,,103.8,106.1
11,4,30,906,18.9,.518,.489,.004,.910,353,12.3,14.7,13.5,9.6,3.0,1.1,15.9,23.5,,1.5,0.8,2.3,.100,,-0.2,-1.2,-1.4
