0,0,16,58,6,19,.316,3,8,.375,3,11,.273,0,0,,1,7,8,0,2,1,2,5,15
0,1,16,3.6,0.4,1.2,.316,0.2,0.5,.375,0.2,0.7,.273,0.0,0.0,,0.5,0.0,0.1,0.1,0.1,0.3,0.9
0,2,16,58,4.1,13.1,.316,2.1,5.5,.375,2.1,7.6,.273,0.0,0.0,,5.5,0.0,1.4,0.7,1.4,3.4,10.3
0,3,16,58,6.2,19.5,.316,3.1,8.2,.375,3.1,11.3,.273,0.0,0.0,,8.2,0.0,2.1,1.0,2.1,5.1,15.4,,79.0,114.6
0,4,16,58,6.8,.395,.395,.579,.000,13,1.9,14.9,8.0,0.0,2.1,2.2,9.5,18.6,,0.0,0.0,0.0,-.032,,-7.1,-6.6,-13.7
1,0,30,1074,167,422,.396,129,303,.426,38,119,.319,92,130,.708,20,98,118,181,30,0,85,60,464
1,1,30,35.8,5.6,14.1,.396,4.3,10.1,.426,1.3,4.0,.319,3.1,4.3,.708,3.9,6.0,1.0,0.0,2.8,2.0,15.5
1,2,30,1074,6.2,15.7,.396,4.8,11.3,.426,1.4,4.4,.319,3.4,4.8,.708,4.4,6.7,1.1,0.0,3.2,2.2,17.3
1,3,30,1074,9.3,23.4,.396,7.2,16.8,.426,2.1,6.6,.319,5.1,7.2,.708,6.6,10.0,1.7,0.0,4.7,3.3,25.8,,101.5,118.0
1,4,30,1074,17.9,.480,.441,.282,.308,501,2.0,11.3,6.4,40.3,1.7,0.0,14.9,27.2,,1.7,-0.3,1.4,.053,,2.0,-4.9,-2.9
2,0,30,801,104,222,.468,102,210,.486,2,12,.167,66,88,.750,65,115,180,40,19,15,46,76,276
2,1,30,26.7,3.5,7.4,.468,3.4,7.0,.486,0.1,0.4,.167,2.2,2.9,.750,6.0,1.3,0.6,0.5,1.5,2.5,9.2
2,2,30,801,5.2,11.1,.468,5.1,10.5,.486,0.1,0.6,.167,3.3,4.4,.750,9.0,2.0,0.9,0.7,2.3,3.8,13.8
2,3,30,801,7.7,16.5,.468,7.6,15.6,.486,0.1,0.9,.167,4.9,6.6,.750,13.4,3.0,1.4,1.1,3.4,5.7,20.5,,105.6,114.8
2,4,30,801,17.1,.523,.473,.054,.396,281,8.9,17.7,13.0,11.2,1.4,2.3,14.8,19.9,,1.2,0.0,1.3,.063,,-1.3,-2.3,-3.6
3,0,1,0,0,1,.000,0,1,.000,0,0,,0,0,,0,0,0,0,0,0,0,0,0
3,1,1,0.0,0.0,1.0,.000,0.0,1.0,.000,0.0,0.0,,0.0,0.0,,0.0,0.0,0.0,0.0,0.0,0.0,0.0
3,2,1,0,,,.000,,,.000,,,,,,,,,,,,,
3,3,1,0,,,.000,,,.000,,,,,,,,,,,,,,,,
3,4,1,0,,.000,.000,.000,.000,,,,,,,,0.0,,,0.0,0.0,0.0,,,-7.0,-3.2,-10.2
4,0,30,545,46,143,.322,34,91,.374,12,52,.231,58,72,.806,27,70,97,17,6,8,48,72,162
4,1,30,18.2,1.5,4.8,.322,1.1,3.0,.374,0.4,1.7,.231,1.9,2.4,.806,3.2,0.6,0.2,0.3,1.6,2.4,5.4
4,2,30,545,3.4,10.5,.322,2.5,6.7,.374,0.9,3.8,.231,4.3,5.3,.806,7.1,1.2,0.4,0.6,3.5,5.3,11.9
4,3,30,545,5.0,15.6,.322,3.7,10.0,.374,1.3,5.7,.231,6.3,7.9,.806,10.6,1.9,0.7,0.9,5.3,7.9,17.7,,85.2,117.3
4,4,30,545,7.6,.457,.364,.364,.503,161,5.4,15.9,10.3,6.4,0.7,1.8,21.3,21.2,,-0.2,-0.1,-0.4,-.026,,-5.7,-4.6,-10.3
5,0,30,705,90,190,.474,39,66,.591,51,124,.411,36,43,.837,9,64,73,16,28,2,31,52,267
5,1,30,23.5,3.0,6.3,.474,1.3,2.2,.591,1.7,4.1,.411,1.2,1.4,.837,2.4,0.5,0.9,0.1,1.0,1.7,8.9
5,2,30,705,5.1,10.8,.474,2.2,3.7,.591,2.9,7.0,.411,2.0,2.4,.837,4.1,0.9,1.6,0.1,1.8,3.0,15.1
5,3,30,705,7.6,16.1,.474,3.3,5.6,.591,4.3,10.5,.411,3.0,3.6,.837,6.2,1.4,2.4,0.2,2.6,4.4,22.6,,116.6,116.2
5,4,30,705,16.4,.634,.608,.653,.226,220,1.4,11.2,6.0,5.1,2.4,0.4,12.8,17.6,,1.5,-0.1,1.4,.080,,2.0,-4.3,-2.3
6,0,30,530,63,194,.325,12,31,.387,51,163,.313,7,8,.875,2,26,28,11,16,0,20,39,184
6,1,30,17.7,2.1,6.5,.325,0.4,1.0,.387,1.7,5.4,.313,0.2,0.3,.875,0.9,0.4,0.5,0.0,0.7,1.3,6.1
6,2,30,530,4.8,14.6,.325,0.9,2.3,.387,3.8,12.3,.313,0.5,0.6,.875,2.1,0.8,1.2,0.0,1.5,2.9,13.9
6,3,30,530,7.1,21.8,.325,1.4,3.5,.387,5.7,18.3,.313,0.8,0.9,.875,3.2,1.2,1.8,0.0,2.3,4.4,20.7,,92.9,119.8
6,4,30,530,8.9,.465,.456,.840,.041,154,0.4,6.1,3.1,4.6,1.8,0.0,9.2,21.1,,0.2,-0.2,-0.1,-.006,,-1.1,-6.8,-7.9
7,0,30,521,82,187,.439,80,178,.449,2,9,.222,34,61,.557,47,63,110,12,32,9,49,81,200
7,1,30,17.4,2.7,6.2,.439,2.7,5.9,.449,0.1,0.3,.222,1.1,2.0,.557,3.7,0.4,1.1,0.3,1.6,2.7,6.7
7,2,30,521,6.3,14.4,.439,6.1,13.7,.449,0.2,0.7,.222,2.6,4.7,.557,8.4,0.9,2.5,0.7,3.8,6.2,15.4
7,3,30,521,9.4,21.4,.439,9.2,20.4,.449,0.2,1.0,.222,3.9,7.0,.557,12.6,1.4,3.7,1.0,5.6,9.3,22.9,,86.6,110.5
7,4,30,521,14.0,.463,.444,.048,.326,192,9.9,14.9,12.2,5.5,3.7,2.2,18.5,26.1,,-0.2,0.2,0.0,.003,,-5.2,-2.5,-7.7
8,0,29,626,72,160,.450,71,158,.449,1,2,.500,24,38,.632,50,64,114,20,13,8,37,81,169
8,1,29,21.6,2.5,5.5,.450,2.4,5.4,.449,0.0,0.1,.500,0.8,1.3,.632,3.9,0.7,0.4,0.3,1.3,2.8,5.8
8,2,29,626,4.6,10.2,.450,4.5,10.1,.449,0.1,0.1,.500,1.5,2.4,.632,7.3,1.3,0.8,0.5,2.4,5.2,10.8
8,3,29,626,6.9,15.2,.450,6.8,15.1,.449,0.1,0.2,.500,2.3,3.6,.632,10.9,1.9,1.2,0.8,3.5,7.7,16.1,,93.5,117.4
8,4,29,626,10.6,.475,.453,.013,.238,173,8.7,12.6,10.6,7.0,1.2,1.6,17.2,17.7,,0.2,-0.1,0.1,.005,,-4.1,-3.3,-7.4
9,0,30,559,16,62,.258,16,62,.258,0,0,,11,16,.688,10,38,48,28,20,1,40,37,43
9,1,30,18.6,0.5,2.1,.258,0.5,2.1,.258,0.0,0.0,,0.4,0.5,.688,1.6,0.9,0.7,0.0,1.3,1.2,1.4
9,2,30,559,1.1,4.4,.258,1.1,4.4,.258,0.0,0.0,,0.8,1.1,.688,3.4,2.0,1.4,0.1,2.9,2.6,3.1
9,3,30,559,1.7,6.6,.258,1.7,6.6,.258,0.0,0.0,,1.2,1.7,.688,5.1,3.0,2.1,0.1,4.3,3.9,4.6,,56.3,118.0
9,4,30,559,1.2,.309,.258,.000,.258,56,2.0,8.4,5.0,9.2,2.1,0.2,36.5,10.1,,-1.0,-0.2,-1.1,-.080,,-8.3,-1.9,-10.2
10,0,23,145,5,21,.238,5,21,.238,0,0,,0,2,.000,13,14,27,2,5,0,8,29,10
10,1,23,6.3,0.2,0.9,.238,0.2,0.9,.238,0.0,0.0,,0.0,0.1,.000,1.2,0.1,0.2,0.0,0.3,1.3,0.4
10,2,23,145,1.4,5.8,.238,1.4,5.8,.238,0.0,0.0,,0.0,0.6,.000,7.4,0.6,1.4,0.0,2.2,8.0,2.8
10,3,23,145,2.1,8.6,.238,2.1,8.6,.238,0.0,0.0,,0.0,0.8,.000,11.1,0.8,2.1,0.0,3.3,11.9,4.1,,58.1,116.1
10,4,23,145,0.1,.228,.238,.000,.095,16,9.8,11.9,10.8,2.6,2.1,0.0,26.7,10.6,,-0.2,0.0,-0.3,-.073,,-8.6,-3.0,-11.5
11,0,30,536,49,125,.392,26,64,.406,23,61,.377,17,30,.567,27,46,73,19,7,4,20,60,138
11,1,30,17.9,1.6,4.2,.392,0.9,2.1,.406,0.8,2.0,.377,0.6,1.0,.567,2.4,0.6,0.2,0.1,0.7,2.0,4.6
11,2,30,536,3.7,9.3,.392,1.9,4.8,.406,1.7,4.6,.377,1.3,2.2,.567,5.4,1.4,0.5,0.3,1.5,4.5,10.3
11,3,30,536,5.5,13.9,.392,2.9,7.1,.406,2.6,6.8,.377,1.9,3.3,.567,8.1,2.1,0.8,0.4,2.2,6.7,15.4,,101.6,119.6
11,4,30,536,9.7,.496,.484,.488,.240,134,5.5,10.6,7.9,7.3,0.8,0.9,12.6,15.3,,0.5,-0.2,0.2,.017,,-1.9,-4.6,-6.5
