0,0,23,190,15,27,.556,15,27,.556,0,0,,2,5,.400,17,18,35,8,3,3,9,38,32
0,1,23,8.3,0.7,1.2,.556,0.7,1.2,.556,0.0,0.0,,0.1,0.2,.400,1.5,0.3,0.1,0.1,0.4,1.7,1.4
0,2,23,190,3.2,5.7,.556,3.2,5.7,.556,0.0,0.0,,0.4,1.1,.400,7.4,1.7,0.6,0.6,1.9,8.0,6.7
0,3,23,190,4.6,8.3,.556,4.6,8.3,.556,0.0,0.0,,0.6,1.5,.400,10.7,2.4,0.9,0.9,2.8,11.6,9.8,,102.6,113.2
0,4,23,190,8.5,.545,.556,.000,.185,37,9.4,11.3,10.3,8.7,0.9,1.8,23.5,10.0,,0.1,0.0,0.2,.034,,-3.6,-2.1,-5.6
1,0,25,745,108,297,.364,84,205,.410,24,92,.261,72,84,.857,33,74,107,40,23,11,48,72,312
1,1,25,29.8,4.3,11.9,.364,3.4,8.2,.410,1.0,3.7,.261,2.9,3.4,.857,4.3,1.6,0.9,0.4,1.9,2.9,12.5
1,2,25,745,5.8,15.9,.364,4.5,11.0,.410,1.3,4.9,.261,3.9,4.5,.857,5.7,2.1,1.2,0.6,2.6,3.9,16.8
1,3,25,745,8.4,23.2,.364,6.5,16.0,.410,1.9,7.2,.261,5.6,6.5,.857,8.3,3.1,1.8,0.9,3.7,5.6,24.3,,96.6,111.7
1,4,25,745,14.5,.463,.404,.310,.283,298,4.6,11.9,8.0,12.8,1.8,1.6,12.5,25.5,,0.7,0.2,0.9,.046,,-1.4,-3.3,-4.7
2,0,1,33,5,11,.455,4,7,.571,1,4,.250,6,9,.667,1,1,2,10,1,0,4,3,17
2,1,1,33.0,5.0,11.0,.455,4.0,7.0,.571,1.0,4.0,.250,6.0,9.0,.667,2.0,10.0,1.0,0.0,4.0,3.0,17.0
2,2,1,33,6.1,13.3,.455,4.8,8.5,.571,1.2,4.8,.250,7.3,10.9,.667,2.4,12.1,1.2,0.0,4.8,3.6,20.6
2,3,1,33,8.8,19.4,.455,7.0,12.3,.571,1.8,7.0,.250,10.6,15.8,.667,3.5,17.6,1.8,0.0,7.0,5.3,29.9,,112.9,115.8
2,4,1,33,25.5,.556,.500,.364,.818,20,3.2,3.6,3.4,73.4,1.8,0.0,20.8,28.9,,0.1,0.0,0.1,.144,,6.2,-9.7,-3.5
3,0,18,418,31,85,.365,26,69,.377,5,16,.313,23,30,.767,7,40,47,37,21,0,36,26,90
3,1,18,23.2,1.7,4.7,.365,1.4,3.8,.377,0.3,0.9,.313,1.3,1.7,.767,2.6,2.1,1.2,0.0,2.0,1.4,5.0
3,2,18,418,3.0,8.1,.365,2.5,6.6,.377,0.5,1.5,.313,2.2,2.9,.767,4.5,3.5,2.0,0.0,3.4,2.5,8.6
3,3,18,418,4.3,11.8,.365,3.6,9.6,.377,0.7,2.2,.313,3.2,4.2,.767,6.5,5.1,2.9,0.0,5.0,3.6,12.5,,82.6,110.3
3,4,18,418,8.7,.453,.394,.188,.353,97,1.8,11.4,6.3,18.1,2.9,0.0,26.6,16.0,,-0.2,0.2,0.0,-.005,,-5.1,-2.0,-7.0
4,0,24,406,26,80,.325,17,52,.327,9,28,.321,25,35,.714,12,31,43,36,13,0,37,55,86
4,1,24,16.9,1.1,3.3,.325,0.7,2.2,.327,0.4,1.2,.321,1.0,1.5,.714,1.8,1.5,0.5,0.0,1.5,2.3,3.6
4,2,24,406,2.6,7.9,.325,1.7,5.1,.327,0.9,2.8,.321,2.5,3.4,.714,4.2,3.5,1.3,0.0,3.6,5.4,8.5
4,3,24,406,3.7,11.4,.325,2.4,7.4,.327,1.3,4.0,.321,3.6,5.0,.714,6.2,5.2,1.9,0.0,5.3,7.9,12.3,,81.8,113.2
4,4,24,406,5.8,.445,.381,.350,.438,96,3.1,9.1,5.9,17.7,1.9,0.0,27.7,16.3,,-0.2,0.0,-0.2,-.019,,-5.1,-3.5,-8.6
5,0,17,461,21,73,.288,20,57,.351,1,16,.063,5,13,.385,10,23,33,50,13,0,36,36,48
5,1,17,27.1,1.2,4.3,.288,1.2,3.4,.351,0.1,0.9,.063,0.3,0.8,.385,1.9,2.9,0.8,0.0,2.1,2.1,2.8
5,2,17,461,1.8,6.3,.288,1.7,4.9,.351,0.1,1.4,.063,0.4,1.1,.385,2.9,4.3,1.1,0.0,3.1,3.1,4.2
5,3,17,461,2.6,9.2,.288,2.5,7.2,.351,0.1,2.0,.063,0.6,1.6,.385,4.2,6.3,1.6,0.0,4.5,4.5,6.0,,65.1,115.2
5,4,17,461,2.3,.303,.295,.219,.178,69,2.3,6.0,4.0,20.9,1.6,0.0,31.3,12.3,,-0.7,0.0,-0.8,-.065,,-7.2,-3.4,-10.7
6,0,30,920,118,330,.358,37,67,.552,81,263,.308,25,33,.758,9,56,65,32,25,2,30,37,342
6,1,30,30.7,3.9,11.0,.358,1.2,2.2,.552,2.7,8.8,.308,0.8,1.1,.758,2.2,1.1,0.8,0.1,1.0,1.2,11.4
6,2,30,920,5.1,14.3,.358,1.6,2.9,.552,3.5,11.4,.308,1.1,1.4,.758,2.8,1.4,1.1,0.1,1.3,1.6,14.9
6,3,30,920,7.5,20.8,.358,2.3,4.2,.552,5.1,16.6,.308,1.6,2.1,.758,4.1,2.0,1.6,0.1,1.9,2.3,21.6,,104.0,114.9
6,4,30,920,12.5,.495,.480,.797,.100,298,1.0,7.3,3.9,8.0,1.6,0.2,8.0,20.2,,1.2,0.0,1.2,.051,,1.3,-5.1,-3.9
7,0,29,821,155,374,.414,138,321,.430,17,53,.321,119,180,.661,70,144,214,40,40,9,114,84,446
7,1,29,28.3,5.3,12.9,.414,4.8,11.1,.430,0.6,1.8,.321,4.1,6.2,.661,7.4,1.4,1.4,0.3,3.9,2.9,15.4
7,2,29,821,7.6,18.2,.414,6.7,15.6,.430,0.8,2.6,.321,5.8,8.8,.661,10.4,1.9,1.9,0.4,5.6,4.1,21.7
7,3,29,821,11.0,26.5,.414,9.8,22.7,.430,1.2,3.7,.321,8.4,12.7,.661,15.1,2.8,2.8,0.6,8.1,5.9,31.6,,89.6,106.0
7,4,29,821,18.5,.485,.437,.142,.481,425,8.9,21.0,14.6,13.0,2.8,1.2,19.9,34.5,,0.1,0.7,0.8,.037,,-2.7,-2.4,-5.2
8,0,20,246,29,69,.420,28,65,.431,1,4,.250,8,28,.286,21,41,62,10,5,4,24,36,67
8,1,20,12.3,1.5,3.5,.420,1.4,3.3,.431,0.1,0.2,.250,0.4,1.4,.286,3.1,0.5,0.3,0.2,1.2,1.8,3.4
8,2,20,246,4.7,11.2,.420,4.6,10.6,.431,0.2,0.7,.250,1.3,4.6,.286,10.1,1.6,0.8,0.7,3.9,5.9,10.9
8,3,20,246,6.8,16.3,.420,6.6,15.3,.431,0.2,0.9,.250,1.9,6.6,.286,14.6,2.4,1.2,0.9,5.7,8.5,15.8,,76.0,109.5
8,4,20,246,7.7,.407,.428,.058,.406,69,9.0,19.9,14.1,9.1,1.2,1.8,22.6,21.3,,-0.3,0.1,-0.2,-.036,,-7.6,-2.7,-10.3
9,0,30,524,70,151,.464,67,145,.462,3,6,.500,36,55,.655,36,66,102,8,12,11,29,69,179
9,1,30,17.5,2.3,5.0,.464,2.2,4.8,.462,0.1,0.2,.500,1.2,1.8,.655,3.4,0.3,0.4,0.4,1.0,2.3,6.0
9,2,30,524,5.3,11.5,.464,5.1,11.1,.462,0.2,0.5,.500,2.7,4.2,.655,7.8,0.6,0.9,0.8,2.2,5.3,13.7
9,3,30,524,7.8,16.7,.464,7.4,16.1,.462,0.3,0.7,.500,4.0,6.1,.655,11.3,0.9,1.3,1.2,3.2,7.6,19.8,,99.3,110.9
9,4,30,524,13.5,.505,.474,.040,.364,167,7.2,15.1,10.9,3.5,1.3,2.3,14.1,19.4,,0.5,0.2,0.7,.051,,-4.2,-3.4,-7.6
10,0,30,630,54,110,.491,54,109,.495,0,1,.000,21,39,.538,53,65,118,21,7,6,24,82,129
10,1,30,21.0,1.8,3.7,.491,1.8,3.6,.495,0.0,0.0,.000,0.7,1.3,.538,3.9,0.7,0.2,0.2,0.8,2.7,4.3
10,2,30,630,3.4,7.0,.491,3.4,6.9,.495,0.0,0.1,.000,1.3,2.5,.538,7.5,1.3,0.4,0.4,1.5,5.2,8.2
10,3,30,630,5.0,10.1,.491,5.0,10.0,.495,0.0,0.1,.000,1.9,3.6,.538,10.9,1.9,0.6,0.6,2.2,7.6,11.9,,103.6,114.1
10,4,30,630,9.9,.502,.491,.009,.355,139,8.8,12.3,10.5,7.0,0.6,1.1,15.7,12.0,,0.6,0.0,0.6,.037,,-3.1,-2.6,-5.7
11,0,17,75,5,15,.333,4,10,.400,1,5,.200,3,5,.600,1,2,3,2,3,0,6,7,14
11,1,17,4.4,0.3,0.9,.333,0.2,0.6,.400,0.1,0.3,.200,0.2,0.3,.600,0.2,0.1,0.2,0.0,0.4,0.4,0.8
11,2,17,75,2.7,8.0,.333,2.1,5.3,.400,0.5,2.7,.200,1.6,2.7,.600,1.6,1.1,1.6,0.0,3.2,3.7,7.5
11,3,17,75,3.9,11.6,.333,3.1,7.7,.400,0.8,3.9,.200,2.3,3.9,.600,2.3,1.5,2.3,0.0,4.6,5.4,10.8,,69.0,114.7
11,4,17,75,2.0,.403,.367,.333,.333,13,1.4,3.2,2.2,5.4,2.3,0.0,25.7,15.4,,-0.1,0.0,-0.1,-.060,,-7.8,-4.1,-11.8
12,0,29,354,29,85,.341,20,61,.328,9,24,.375,20,27,.741,16,32,48,12,6,1,17,34,87
12,1,29,12.2,1.0,2.9,.341,0.7,2.1,.328,0.3,0.8,.375,0.7,0.9,.741,1.7,0.4,0.2,0.0,0.6,1.2,3.0
12,2,29,354,3.3,9.6,.341,2.3,6.9,.328,1.0,2.7,.375,2.3,3.1,.741,5.4,1.4,0.7,0.1,1.9,3.8,9.8
12,3,29,354,4.8,13.9,.341,3.3,10.0,.328,1.5,3.9,.375,3.3,4.4,.741,7.9,2.0,1.0,0.2,2.8,5.6,14.3,,92.1,114.5
12,4,29,354,7.8,.445,.394,.282,.318,86,4.7,10.8,7.6,7.0,1.0,0.3,14.8,16.0,,0.1,0.0,0.1,.009,,-4.6,-4.3,-8.9
13,0,28,253,20,46,.435,20,46,.435,0,0,,8,21,.381,14,26,40,3,3,7,17,49,48
13,1,28,9.0,0.7,1.6,.435,0.7,1.6,.435,0.0,0.0,,0.3,0.8,.381,1.4,0.1,0.1,0.3,0.6,1.8,1.7
13,2,28,253,3.2,7.3,.435,3.2,7.3,.435,0.0,0.0,,1.3,3.3,.381,6.3,0.5,0.5,1.1,2.7,7.7,7.6
13,3,28,253,4.6,10.6,.435,4.6,10.6,.435,0.0,0.0,,1.8,4.8,.381,9.2,0.7,0.7,1.6,3.9,11.2,11.0,,76.5,112.7
13,4,28,253,3.9,.429,.435,.000,.457,47,5.8,12.3,8.8,2.4,0.7,3.1,23.3,14.2,,-0.2,0.0,-0.2,-.028,,-8.1,-2.7,-10.8
