0,0,6,18,4,7,.571,4,7,.571,0,0,,6,9,.667,3,5,8,0,1,0,1,2,14
0,1,6,3.0,0.7,1.2,.571,0.7,1.2,.571,0.0,0.0,,1.0,1.5,.667,1.3,0.0,0.2,0.0,0.2,0.3,2.3
0,2,6,18,8.9,15.6,.571,8.9,15.6,.571,0.0,0.0,,13.3,20.0,.667,17.8,0.0,2.2,0.0,2.2,4.4,31.1
0,3,6,18,12.7,22.2,.571,12.7,22.2,.571,0.0,0.0,,19.0,28.5,.667,25.3,0.0,3.2,0.0,3.2,6.3,44.3,,131.5,99.3
0,4,6,18,38.9,.621,.571,.000,1.286,13,19.8,29.4,24.9,0.0,3.2,0.0,8.1,33.2,,0.1,0.0,0.1,.305,,-0.4,-12.3,-12.7
1,0,7,49,1,11,.091,1,3,.333,0,8,.000,1,2,.500,3,6,9,5,0,0,1,4,3
1,1,7,7.0,0.1,1.6,.091,0.1,0.4,.333,0.0,1.1,.000,0.1,0.3,.500,1.3,0.7,0.0,0.0,0.1,0.6,0.4
1,2,7,49,0.8,9.0,.091,0.8,2.4,.333,0.0,6.5,.000,0.8,1.6,.500,7.3,4.1,0.0,0.0,0.8,3.3,2.4
1,3,7,49,1.2,12.8,.091,1.2,3.5,.333,0.0,9.3,.000,1.2,2.3,.500,10.5,5.8,0.0,0.0,1.2,4.7,3.5,,65.6,114.0
1,4,7,49,0.2,.126,.091,.727,.182,7,7.3,12.9,10.3,16.3,0.0,0.0,7.7,12.9,,-0.1,0.0,-0.1,-.047,,-6.5,-5.1,-11.6
2,0,7,23,1,4,.250,0,1,.000,1,3,.333,0,0,,0,1,1,0,0,0,4,0,3
2,1,7,3.3,0.1,0.6,.250,0.0,0.1,.000,0.1,0.4,.333,0.0,0.0,,0.1,0.0,0.0,0.0,0.6,0.0,0.4
2,2,7,23,1.7,7.0,.250,0.0,1.7,.000,1.7,5.2,.333,0.0,0.0,,1.7,0.0,0.0,0.0,7.0,0.0,5.2
2,3,7,23,2.5,9.9,.250,0.0,2.5,.000,2.5,7.4,.333,0.0,0.0,,2.5,0.0,0.0,0.0,9.9,0.0,7.4,,37.0,118.4
2,4,7,23,-8.2,.375,.375,.750,.000,2,0.0,4.6,2.4,0.0,0.0,0.0,50.0,17.0,,-0.1,0.0,-0.1,-.173,,-13.1,-6.6,-19.8
3,0,27,694,125,222,.563,125,222,.563,0,0,,64,91,.703,86,180,266,30,24,98,56,81,314
3,1,27,25.7,4.6,8.2,.563,4.6,8.2,.563,0.0,0.0,,2.4,3.4,.703,9.9,1.1,0.9,3.6,2.1,3.0,11.6
3,2,27,694,7.2,12.8,.563,7.2,12.8,.563,0.0,0.0,,3.7,5.2,.703,15.3,1.7,1.4,5.6,3.2,4.7,18.1
3,3,27,694,10.3,18.2,.563,10.3,18.2,.563,0.0,0.0,,5.3,7.5,.703,21.8,2.5,2.0,8.0,4.6,6.7,25.8,,114.9,95.8
3,4,27,694,28.5,.592,.563,.000,.410,317,14.7,27.4,21.4,9.2,2.0,14.0,17.4,22.6,,1.7,1.5,3.2,.182,,-0.9,5.2,4.3
4,0,32,797,92,216,.426,75,167,.449,17,49,.347,62,83,.747,47,77,124,48,25,10,51,88,263
4,1,32,24.9,2.9,6.8,.426,2.3,5.2,.449,0.5,1.5,.347,1.9,2.6,.747,3.9,1.5,0.8,0.3,1.6,2.8,8.2
4,2,32,797,4.6,10.8,.426,3.8,8.4,.449,0.9,2.5,.347,3.1,4.2,.747,6.2,2.4,1.3,0.5,2.6,4.4,13.2
4,3,32,797,6.6,15.4,.426,5.4,11.9,.449,1.2,3.5,.347,4.4,5.9,.747,8.9,3.4,1.8,0.7,3.6,6.3,18.8,,106.1,110.5
4,4,32,797,12.9,.515,.465,.227,.384,272,7.0,10.2,8.7,11.3,1.8,1.2,16.6,18.7,,1.0,0.6,1.6,.078,,-1.7,-2.9,-4.6
5,0,32,1070,168,335,.501,132,246,.537,36,89,.404,155,201,.771,49,128,177,48,30,14,53,68,527
5,1,32,33.4,5.3,10.5,.501,4.1,7.7,.537,1.1,2.8,.404,4.8,6.3,.771,5.5,1.5,0.9,0.4,1.7,2.1,16.5
5,2,32,1070,6.3,12.5,.501,4.9,9.2,.537,1.3,3.3,.404,5.8,7.5,.771,6.6,1.8,1.1,0.5,2.0,2.5,19.7
5,3,32,1070,8.9,17.8,.501,7.0,13.1,.537,1.9,4.7,.404,8.3,10.7,.771,9.4,2.6,1.6,0.7,2.8,3.6,28.1,,126.2,110.1
5,4,32,1070,21.5,.612,.555,.266,.600,488,5.4,12.6,9.3,9.1,1.6,1.3,11.0,22.0,,3.6,0.8,4.4,.164,,2.5,-3.6,-1.1
6,0,31,857,72,175,.411,54,118,.458,18,57,.316,56,75,.747,47,88,135,71,43,10,57,86,218
6,1,31,27.6,2.3,5.6,.411,1.7,3.8,.458,0.6,1.8,.316,1.8,2.4,.747,4.4,2.3,1.4,0.3,1.8,2.8,7.0
6,2,31,857,3.4,8.2,.411,2.5,5.5,.458,0.8,2.7,.316,2.6,3.5,.747,6.3,3.3,2.0,0.5,2.7,4.0,10.2
6,3,31,857,4.8,11.6,.411,3.6,7.8,.458,1.2,3.8,.316,3.7,5.0,.747,9.0,4.7,2.9,0.7,3.8,5.7,14.5,,105.2,108.0
6,4,31,857,12.5,.518,.463,.326,.429,249,6.5,10.9,8.8,14.7,2.9,1.2,21.3,15.2,,0.8,0.8,1.7,.078,,-0.9,-1.1,-2.0
7,0,17,161,16,33,.485,16,33,.485,0,0,,4,9,.444,14,31,45,7,2,13,12,24,36
7,1,17,9.5,0.9,1.9,.485,0.9,1.9,.485,0.0,0.0,,0.2,0.5,.444,2.6,0.4,0.1,0.8,0.7,1.4,2.1
7,2,17,161,4.0,8.2,.485,4.0,8.2,.485,0.0,0.0,,1.0,2.2,.444,11.2,1.7,0.5,3.2,3.0,6.0,8.9
7,3,17,161,5.7,11.7,.485,5.7,11.7,.485,0.0,0.0,,1.4,3.2,.444,15.9,2.5,0.7,4.6,4.2,8.5,12.7,,93.1,104.6
7,4,17,161,11.9,.483,.485,.000,.273,41,10.3,20.3,15.6,7.9,0.7,8.0,24.4,14.9,,0.0,0.2,0.2,.055,,-5.7,0.8,-4.8
8,0,31,389,41,82,.500,41,81,.506,0,1,.000,34,49,.694,27,72,99,9,3,38,22,67,116
8,1,31,12.5,1.3,2.6,.500,1.3,2.6,.506,0.0,0.0,.000,1.1,1.6,.694,3.2,0.3,0.1,1.2,0.7,2.2,3.7
8,2,31,389,4.2,8.4,.500,4.2,8.3,.506,0.0,0.1,.000,3.5,5.0,.694,10.2,0.9,0.3,3.9,2.3,6.9,11.9
8,3,31,389,6.0,12.0,.500,6.0,11.9,.506,0.0,0.1,.000,5.0,7.2,.694,14.5,1.3,0.4,5.6,3.2,9.8,17.0,,108.4,104.6
8,4,31,389,15.1,.551,.500,.012,.598,116,8.2,19.6,14.2,4.3,0.4,9.7,17.3,15.9,,0.5,0.5,1.0,.100,,-4.6,0.5,-4.1
9,0,32,925,79,212,.373,35,87,.402,44,125,.352,49,75,.653,26,54,80,73,27,1,45,71,251
9,1,32,28.9,2.5,6.6,.373,1.1,2.7,.402,1.4,3.9,.352,1.5,2.3,.653,2.5,2.3,0.8,0.0,1.4,2.2,7.8
9,2,32,925,3.4,9.2,.373,1.5,3.8,.402,1.9,5.4,.352,2.1,3.2,.653,3.5,3.2,1.2,0.0,1.9,3.1,10.9
9,3,32,925,4.9,13.1,.373,2.2,5.4,.402,2.7,7.7,.352,3.0,4.6,.653,4.9,4.5,1.7,0.1,2.8,4.4,15.5,,108.0,113.5
9,4,32,925,10.2,.507,.476,.590,.354,263,3.3,6.2,4.8,14.0,1.7,0.1,15.4,15.4,,1.0,0.4,1.5,.064,,-0.5,-4.1,-4.6
10,0,32,1156,202,471,.429,96,209,.459,106,262,.405,138,165,.836,14,104,118,94,42,3,102,63,648
10,1,32,36.1,6.3,14.7,.429,3.0,6.5,.459,3.3,8.2,.405,4.3,5.2,.836,3.7,2.9,1.3,0.1,3.2,2.0,20.3
10,2,32,1156,7.0,16.3,.429,3.3,7.2,.459,3.7,9.1,.405,4.8,5.7,.836,4.1,3.3,1.5,0.1,3.5,2.2,22.4
10,3,32,1156,10.0,23.2,.429,4.7,10.3,.459,5.2,12.9,.405,6.8,8.1,.836,5.8,4.6,2.1,0.1,5.0,3.1,32.0,,114.6,111.1
10,4,32,1156,19.9,.590,.541,.556,.350,593,1.4,9.5,5.7,17.2,2.1,0.3,15.7,27.5,,3.1,0.8,3.9,.136,,3.2,-4.8,-1.6
11,0,2,74,11,20,.550,11,20,.550,0,0,,4,10,.400,6,8,14,6,3,0,7,4,26
11,1,2,37.0,5.5,10.0,.550,5.5,10.0,.550,0.0,0.0,,2.0,5.0,.400,7.0,3.0,1.5,0.0,3.5,2.0,13.0
11,2,2,74,5.9,10.8,.550,5.9,10.8,.550,0.0,0.0,,2.2,5.4,.400,7.6,3.2,1.6,0.0,3.8,2.2,14.1
11,3,2,74,8.5,15.4,.550,8.5,15.4,.550,0.0,0.0,,3.1,7.7,.400,10.8,4.6,2.3,0.0,5.4,3.1,20.0,,98.9,109.8
11,4,2,74,14.9,.525,.550,.000,.500,28,9.6,11.4,10.6,16.2,2.3,0.0,22.0,20.9,,0.1,0.1,0.1,.060,,-2.6,-3.2,-5.7
12,0,16,64,3,9,.333,2,2,1.000,1,7,.143,1,3,.333,2,3,5,1,3,0,3,15,8
12,1,16,4.0,0.2,0.6,.333,0.1,0.1,1.000,0.1,0.4,.143,0.1,0.2,.333,0.3,0.1,0.2,0.0,0.2,0.9,0.5
12,2,16,64,1.9,5.6,.333,1.3,1.3,1.000,0.6,4.4,.143,0.6,1.9,.333,3.1,0.6,1.9,0.0,1.9,9.4,5.0
12,3,16,64,2.7,8.0,.333,1.8,1.8,1.000,0.9,6.2,.143,0.9,2.7,.333,4.5,0.9,2.7,0.0,2.7,13.4,7.1,,75.3,110.9
12,4,16,64,0.6,.384,.389,.778,.333,8,3.7,5.0,4.4,2.6,2.7,0.0,22.3,10.2,,-0.1,0.0,0.0,-.003,,-4.5,-3.3,-7.8
13,0,22,174,21,35,.600,21,35,.600,0,0,,17,21,.810,17,18,35,10,4,4,13,39,59
13,1,22,7.9,1.0,1.6,.600,1.0,1.6,.600,0.0,0.0,,0.8,1.0,.810,1.6,0.5,0.2,0.2,0.6,1.8,2.7
13,2,22,174,4.8,8.0,.600,4.8,8.0,.600,0.0,0.0,,3.9,4.8,.810,8.0,2.3,0.9,0.9,3.0,9.0,13.6
13,3,22,174,6.9,11.5,.600,6.9,11.5,.600,0.0,0.0,,5.6,6.9,.810,11.5,3.3,1.3,1.3,4.3,12.8,19.3,,120.4,110.0
13,4,22,174,15.5,.656,.600,.000,.600,63,11.6,10.9,11.2,10.9,1.3,2.3,22.4,16.2,,0.4,0.1,0.5,.123,,-0.3,-2.9,-3.2
