0,0,30,490,40,81,.494,33,63,.524,7,18,.389,17,47,.362,6,48,54,31,15,5,27,65,104
0,1,30,16.3,1.3,2.7,.494,1.1,2.1,.524,0.2,0.6,.389,0.6,1.6,.362,1.8,1.0,0.5,0.2,0.9,2.2,3.5
0,2,30,490,3.3,6.6,.494,2.7,5.1,.524,0.6,1.5,.389,1.4,3.8,.362,4.4,2.5,1.2,0.4,2.2,5.3,8.5
0,3,30,490,4.6,9.4,.494,3.8,7.3,.524,0.8,2.1,.389,2.0,5.4,.362,6.2,3.6,1.7,0.6,3.1,7.5,12.0,,91.8,106.5
0,4,30,490,7.3,.503,.537,.222,.580,104,1.4,10.9,6.2,11.6,1.7,1.1,20.7,13.1,,0.0,0.5,0.5,.043,,-4.5,-0.5,-4.9
1,0,11,49,8,20,.400,0,0,,8,20,.400,0,0,,0,2,2,1,1,1,1,3,24
1,1,11,4.5,0.7,1.8,.400,0.0,0.0,,0.7,1.8,.400,0.0,0.0,,0.2,0.1,0.1,0.1,0.1,0.3,2.2
1,2,11,49,6.5,16.3,.400,0.0,0.0,,6.5,16.3,.400,0.0,0.0,,1.6,0.8,0.8,0.8,0.8,2.4,19.6
1,3,11,49,9.3,23.1,.400,0.0,0.0,,9.3,23.1,.400,0.0,0.0,,2.3,1.2,1.2,1.2,1.2,3.5,27.8,,120.3,110.0
1,4,11,49,16.5,.600,.600,1.000,.000,19,0.0,4.6,2.3,4.4,1.2,2.2,4.8,21.1,,0.1,0.0,0.2,.127,,3.0,-5.1,-2.1
2,0,32,973,201,422,.476,192,391,.491,9,31,.290,82,115,.713,77,208,285,37,22,11,64,72,493
2,1,32,30.4,6.3,13.2,.476,6.0,12.2,.491,0.3,1.0,.290,2.6,3.6,.713,8.9,1.2,0.7,0.3,2.0,2.3,15.4
2,2,32,973,8.3,17.3,.476,7.9,16.1,.491,0.4,1.3,.290,3.4,4.7,.713,11.7,1.5,0.9,0.5,2.6,3.0,20.3
2,3,32,973,11.7,24.6,.476,11.2,22.8,.491,0.5,1.8,.290,4.8,6.7,.713,16.6,2.2,1.3,0.6,3.7,4.2,28.7,,104.3,103.0
2,4,32,973,20.3,.517,.487,.073,.273,467,9.0,23.9,16.5,9.1,1.3,1.2,11.8,27.4,,1.5,1.4,2.9,.117,,-2.2,-1.7,-3.9
3,0,24,106,1,9,.111,1,9,.111,0,0,,1,5,.200,6,18,24,0,0,0,9,19,3
3,1,24,4.4,0.0,0.4,.111,0.0,0.4,.111,0.0,0.0,,0.0,0.2,.200,1.0,0.0,0.0,0.0,0.4,0.8,0.1
3,2,24,106,0.4,3.4,.111,0.4,3.4,.111,0.0,0.0,,0.4,1.9,.200,9.1,0.0,0.0,0.0,3.4,7.2,1.1
3,3,24,106,0.5,4.8,.111,0.5,4.8,.111,0.0,0.0,,0.5,2.7,.200,12.8,0.0,0.0,0.0,4.8,10.2,1.6,,32.0,107.8
3,4,24,106,-5.2,.132,.111,.000,.556,6,6.4,19.0,12.7,0.0,0.0,0.0,44.2,9.5,,-0.3,0.1,-0.2,-.076,,-13.5,-3.6,-17.1
4,0,32,870,132,285,.463,127,263,.483,5,22,.227,101,136,.743,72,69,141,31,15,4,62,97,370
4,1,32,27.2,4.1,8.9,.463,4.0,8.2,.483,0.2,0.7,.227,3.2,4.3,.743,4.4,1.0,0.5,0.1,1.9,3.0,11.6
4,2,32,870,6.1,13.1,.463,5.8,12.1,.483,0.2,1.0,.227,4.6,6.3,.743,6.5,1.4,0.7,0.2,2.9,4.5,17.0
4,3,32,870,8.6,18.6,.463,8.3,17.1,.483,0.3,1.4,.227,6.6,8.9,.743,9.2,2.0,1.0,0.3,4.0,6.3,24.1,,104.6,109.4
4,4,32,870,14.5,.529,.472,.077,.477,365,9.4,8.9,9.1,7.5,1.0,0.5,15.1,23.3,,1.2,0.7,1.9,.087,,-2.0,-2.7,-4.7
5,0,2,3,0,0,,0,0,,0,0,,0,0,,0,0,0,0,0,0,0,0,0
5,1,2,1.5,0.0,0.0,,0.0,0.0,,0.0,0.0,,0.0,0.0,,0.0,0.0,0.0,0.0,0.0,0.0,0.0
5,2,2,3,0.0,0.0,,0.0,0.0,,0.0,0.0,,0.0,0.0,,0.0,0.0,0.0,0.0,0.0,0.0,0.0
5,3,2,3,0.0,0.0,,0.0,0.0,,0.0,0.0,,0.0,0.0,,0.0,0.0,0.0,0.0,0.0,0.0,0.0,,,115.8
5,4,2,3,0.0,,,,,0,0.0,0.0,0.0,0.0,0.0,0.0,,0.0,,0.0,0.0,0.0,.010,,-6.7,-0.7,-7.4
6,0,5,11,0,1,.000,0,0,,0,1,.000,1,2,.500,0,0,0,0,1,0,0,2,1
6,1,5,2.2,0.0,0.2,.000,0.0,0.0,,0.0,0.2,.000,0.2,0.4,.500,0.0,0.0,0.2,0.0,0.0,0.4,0.2
6,2,5,11,0.0,3.6,.000,0.0,0.0,,0.0,3.6,.000,3.6,7.3,.500,0.0,0.0,3.6,0.0,0.0,7.3,3.6
6,3,5,11,0.0,5.2,.000,0.0,0.0,,0.0,5.2,.000,5.2,10.3,.500,0.0,0.0,5.2,0.0,0.0,10.3,5.2,,64.0,103.4
6,4,5,11,1.4,.256,.000,1.000,2.000,1,0.0,0.0,0.0,0.0,5.2,0.0,0.0,8.7,,0.0,0.0,0.0,.016,,-4.5,0.4,-4.1
7,0,30,437,57,138,.413,40,86,.465,17,52,.327,32,39,.821,29,34,63,16,21,10,22,37,163
7,1,30,14.6,1.9,4.6,.413,1.3,2.9,.465,0.6,1.7,.327,1.1,1.3,.821,2.1,0.5,0.7,0.3,0.7,1.2,5.4
7,2,30,437,5.2,12.6,.413,3.7,7.9,.465,1.6,4.8,.327,2.9,3.6,.821,5.8,1.5,1.9,0.9,2.0,3.4,14.9
7,3,30,437,7.4,17.9,.413,5.2,11.2,.465,2.2,6.7,.327,4.2,5.1,.821,8.2,2.1,2.7,1.3,2.9,4.8,21.1,,106.7,104.7
7,4,30,437,15.8,.521,.475,.377,.283,159,7.5,8.7,8.1,7.4,2.7,2.4,12.3,20.1,,0.6,0.6,1.1,.104,,-0.9,-0.7,-1.5
8,0,32,582,18,57,.316,7,17,.412,11,40,.275,11,14,.786,4,51,55,71,13,0,29,33,58
8,1,32,18.2,0.6,1.8,.316,0.2,0.5,.412,0.3,1.3,.275,0.3,0.4,.786,1.7,2.2,0.4,0.0,0.9,1.0,1.8
8,2,32,582,1.2,3.9,.316,0.5,1.2,.412,0.8,2.7,.275,0.8,1.0,.786,3.8,4.9,0.9,0.0,2.0,2.3,4.0
8,3,32,582,1.8,5.6,.316,0.7,1.7,.412,1.1,3.9,.275,1.1,1.4,.786,5.4,6.9,1.3,0.0,2.8,3.2,5.6,,93.7,109.0
8,4,32,582,6.1,.456,.412,.702,.246,87,0.8,9.8,5.3,20.5,1.3,0.0,31.3,7.8,,0.0,0.5,0.5,.038,,-4.1,-1.6,-5.8
9,0,32,948,93,222,.419,24,33,.727,69,189,.365,16,18,.889,16,98,114,32,14,12,32,73,271
9,1,32,29.6,2.9,6.9,.419,0.8,1.0,.727,2.2,5.9,.365,0.5,0.6,.889,3.6,1.0,0.4,0.4,1.0,2.3,8.5
9,2,32,948,3.9,9.4,.419,1.0,1.4,.727,2.9,8.0,.365,0.7,0.8,.889,4.8,1.4,0.6,0.5,1.4,3.1,11.4
9,3,32,948,5.6,13.3,.419,1.4,2.0,.727,4.1,11.3,.365,1.0,1.1,.889,6.8,1.9,0.8,0.7,1.9,4.4,16.2,,113.3,108.5
9,4,32,948,10.9,.588,.574,.851,.081,239,1.9,11.5,6.8,6.4,0.8,1.3,12.2,13.7,,1.2,0.9,2.1,.088,,0.4,-1.5,-1.1
10,0,28,597,53,129,.411,14,29,.483,39,100,.390,40,51,.784,3,62,65,61,22,2,36,74,185
10,1,28,21.3,1.9,4.6,.411,0.5,1.0,.483,1.4,3.6,.390,1.4,1.8,.784,2.3,2.2,0.8,0.1,1.3,2.6,6.6
10,2,28,597,3.6,8.6,.411,0.9,1.9,.483,2.6,6.7,.390,2.7,3.4,.784,4.4,4.1,1.5,0.1,2.4,5.0,12.4
10,3,28,597,5.0,12.2,.411,1.3,2.8,.483,3.7,9.5,.390,3.8,4.8,.784,6.2,5.8,2.1,0.2,3.4,7.0,17.6,,113.0,106.0
10,4,28,597,12.9,.604,.562,.775,.395,186,0.6,11.6,6.1,19.0,2.1,0.4,19.0,15.6,,0.9,0.7,1.6,.108,,0.7,-1.6,-0.9
11,0,5,14,0,3,.000,0,3,.000,0,0,,0,0,,0,1,1,0,0,0,0,3,0
11,1,5,2.8,0.0,0.6,.000,0.0,0.6,.000,0.0,0.0,,0.0,0.0,,0.2,0.0,0.0,0.0,0.0,0.6,0.0
11,2,5,14,0.0,8.6,.000,0.0,8.6,.000,0.0,0.0,,0.0,0.0,,2.9,0.0,0.0,0.0,0.0,8.6,0.0
11,3,5,14,0.0,12.1,.000,0.0,12.1,.000,0.0,0.0,,0.0,0.0,,4.0,0.0,0.0,0.0,0.0,12.1,0.0,,0.0,111.7
11,4,5,14,-11.2,.000,.000,.000,.000,0,0.0,8.0,4.0,0.0,0.0,0.0,0.0,10.6,,-0.1,0.0,0.0,-.120,,-14.7,-4.1,-18.8
12,0,31,865,120,304,.395,119,293,.406,1,11,.091,145,216,.671,36,81,117,89,40,14,120,94,386
12,1,31,27.9,3.9,9.8,.395,3.8,9.5,.406,0.0,0.4,.091,4.7,7.0,.671,3.8,2.9,1.3,0.5,3.9,3.0,12.5
12,2,31,865,5.5,14.1,.395,5.5,13.5,.406,0.0,0.5,.091,6.7,10.0,.671,5.4,4.1,1.8,0.6,5.5,4.3,17.8
12,3,31,865,7.9,19.9,.395,7.8,19.2,.406,0.1,0.7,.091,9.5,14.2,.671,7.7,5.8,2.6,0.9,7.9,6.2,25.3,,88.1,104.5
12,4,31,865,12.6,.475,.396,.036,.711,403,4.7,10.5,7.6,21.1,2.6,1.7,22.8,30.0,,-0.5,1.1,0.6,.028,,-5.4,-0.2,-5.7
13,0,32,503,85,164,.518,84,160,.525,1,4,.250,38,61,.623,43,128,171,11,16,16,42,107,209
13,1,32,15.7,2.7,5.1,.518,2.6,5.0,.525,0.0,0.1,.250,1.2,1.9,.623,5.3,0.3,0.5,0.5,1.3,3.3,6.5
13,2,32,503,6.8,13.0,.518,6.7,12.7,.525,0.1,0.3,.250,3.0,4.9,.623,13.6,0.9,1.3,1.3,3.3,8.5,16.6
13,3,32,503,9.6,18.5,.518,9.5,18.0,.525,0.1,0.5,.250,4.3,6.9,.623,19.3,1.2,1.8,1.8,4.7,12.1,23.6,,99.5,98.2
13,4,32,503,16.8,.542,.521,.024,.372,198,9.7,28.4,19.1,4.8,1.8,3.4,17.9,23.0,,0.4,0.9,1.3,.106,,-5.0,-0.5,-5.5
