0,0,6,10,1,2,.500,1,2,.500,0,0,,0,0,,0,0,0,1,1,0,3,1,2
0,1,6,1.7,0.2,0.3,.500,0.2,0.3,.500,0.0,0.0,,0.0,0.0,,0.0,0.2,0.2,0.0,0.5,0.2,0.3
0,2,6,10,4.0,8.0,.500,4.0,8.0,.500,0.0,0.0,,0.0,0.0,,0.0,4.0,4.0,0.0,12.0,4.0,8.0
0,3,6,10,6.5,13.0,.500,6.5,13.0,.500,0.0,0.0,,0.0,0.0,,0.0,6.5,6.5,0.0,19.5,6.5,13.0,,46.5,103.2
0,4,6,10,-4.1,.500,.500,.000,.000,2,0.0,0.0,0.0,21.5,6.5,0.0,60.0,27.6,,-0.1,0.0,-0.1,-.210,,-17.1,-2.9,-20.0
1,0,30,637,99,214,.463,75,157,.478,24,57,.421,41,58,.707,60,80,140,27,18,3,42,29,263
1,1,30,21.2,3.3,7.1,.463,2.5,5.2,.478,0.8,1.9,.421,1.4,1.9,.707,4.7,0.9,0.6,0.1,1.4,1.0,8.8
1,2,30,637,6.2,13.4,.463,4.7,9.9,.478,1.5,3.6,.421,2.6,3.6,.707,8.8,1.7,1.1,0.2,2.6,1.8,16.5
1,3,30,637,10.1,21.8,.463,7.6,16.0,.478,2.4,5.8,.421,4.2,5.9,.707,14.3,2.7,1.8,0.3,4.3,3.0,26.8,,109.1,105.8
1,4,30,637,21.2,.544,.519,.266,.271,256,11.6,14.5,13.1,10.4,1.8,0.5,14.8,24.5,,1.5,0.6,2.0,.127,,1.5,-2.1,-0.6
2,0,30,342,27,83,.325,15,47,.319,12,36,.333,10,22,.455,9,29,38,17,14,5,21,36,76
2,1,30,11.4,0.9,2.8,.325,0.5,1.6,.319,0.4,1.2,.333,0.3,0.7,.455,1.3,0.6,0.5,0.2,0.7,1.2,2.5
2,2,30,342,3.2,9.7,.325,1.8,5.5,.319,1.4,4.2,.333,1.2,2.6,.455,4.4,2.0,1.6,0.6,2.5,4.2,8.9
2,3,30,342,5.1,15.7,.325,2.8,8.9,.319,2.3,6.8,.333,1.9,4.2,.455,7.2,3.2,2.7,0.9,4.0,6.8,14.4,,82.6,105.7
2,4,30,342,7.3,.407,.398,.434,.265,77,3.2,9.8,6.6,10.2,2.7,1.7,18.3,18.4,,-0.2,0.3,0.1,.013,,-4.4,-0.6,-5.0
3,0,29,860,79,193,.409,42,104,.404,37,89,.416,29,35,.829,18,61,79,38,11,20,39,62,224
3,1,29,29.7,2.7,6.7,.409,1.4,3.6,.404,1.3,3.1,.416,1.0,1.2,.829,2.7,1.3,0.4,0.7,1.3,2.1,7.7
3,2,29,860,3.7,9.0,.409,2.0,4.8,.404,1.7,4.1,.416,1.3,1.6,.829,3.7,1.8,0.5,0.9,1.8,2.9,10.4
3,3,29,860,6.0,14.6,.409,3.2,7.8,.404,2.8,6.7,.416,2.2,2.6,.829,6.0,2.9,0.8,1.5,2.9,4.7,16.9,,105.2,110.4
3,4,29,860,11.2,.534,.505,.461,.181,211,2.6,8.2,5.5,9.4,0.8,2.6,15.7,15.9,,1.0,0.4,1.4,.064,,-0.7,-1.0,-1.7
4,0,30,727,56,156,.359,11,42,.262,45,114,.395,25,31,.806,10,38,48,47,7,0,54,51,182
4,1,30,24.2,1.9,5.2,.359,0.4,1.4,.262,1.5,3.8,.395,0.8,1.0,.806,1.6,1.6,0.2,0.0,1.8,1.7,6.1
4,2,30,727,3.1,8.6,.359,0.6,2.3,.262,2.5,6.3,.395,1.4,1.7,.806,2.6,2.6,0.4,0.0,3.0,2.8,10.0
4,3,30,727,5.0,13.9,.359,1.0,3.7,.262,4.0,10.2,.395,2.2,2.8,.806,4.3,4.2,0.6,0.0,4.8,4.6,16.2,,95.4,113.2
4,4,30,727,7.5,.533,.503,.731,.199,179,1.7,6.0,3.9,13.3,0.6,0.0,24.0,17.0,,0.4,0.1,0.5,.026,,-1.4,-3.6,-5.0
5,0,31,798,56,137,.409,39,82,.476,17,55,.309,33,50,.660,43,79,122,36,17,16,44,64,162
5,1,31,25.7,1.8,4.4,.409,1.3,2.6,.476,0.5,1.8,.309,1.1,1.6,.660,3.9,1.2,0.5,0.5,1.4,2.1,5.2
5,2,31,798,2.8,6.9,.409,2.0,4.1,.476,0.9,2.8,.309,1.7,2.5,.660,6.1,1.8,0.9,0.8,2.2,3.2,8.1
5,3,31,798,4.6,11.1,.409,3.2,6.7,.476,1.4,4.5,.309,2.7,4.1,.660,9.9,2.9,1.4,1.3,3.6,5.2,13.2,,98.5,107.5
5,4,31,798,10.6,.504,.471,.401,.365,175,6.6,11.5,9.1,9.1,1.4,2.3,21.5,14.1,,0.5,0.6,1.1,.054,,-1.5,0.3,-1.2
6,0,5,10,0,1,.000,0,0,,0,1,.000,0,0,,0,1,1,0,0,0,2,0,0
6,1,5,2.0,0.0,0.2,.000,0.0,0.0,,0.0,0.2,.000,0.0,0.0,,0.2,0.0,0.0,0.0,0.4,0.0,0.0
6,2,5,10,0.0,4.0,.000,0.0,0.0,,0.0,4.0,.000,0.0,0.0,,4.0,0.0,0.0,0.0,8.0,0.0,0.0
6,3,5,10,0.0,6.5,.000,0.0,0.0,,0.0,6.5,.000,0.0,0.0,,6.5,0.0,0.0,0.0,13.0,0.0,0.0,,0.0,112.1
6,4,5,10,-16.2,.000,.000,1.000,.000,0,0.0,11.6,6.0,0.0,0.0,0.0,66.7,16.5,,-0.1,0.0,-0.1,-.288,,-18.9,-3.4,-22.3
7,0,31,991,146,251,.582,145,248,.585,1,3,.333,54,92,.587,105,137,242,26,28,30,51,86,347
7,1,31,32.0,4.7,8.1,.582,4.7,8.0,.585,0.0,0.1,.333,1.7,3.0,.587,7.8,0.8,0.9,1.0,1.6,2.8,11.2
7,2,31,991,5.9,10.1,.582,5.9,10.0,.585,0.0,0.1,.333,2.2,3.7,.587,9.8,1.0,1.1,1.2,2.1,3.5,14.0
7,3,31,991,9.6,16.4,.582,9.5,16.2,.585,0.1,0.2,.333,3.5,6.0,.587,15.8,1.7,1.8,2.0,3.3,5.6,22.7,,115.9,103.5
7,4,31,991,21.9,.589,.584,.012,.367,341,13.1,16.0,14.6,6.3,1.8,3.4,14.8,19.2,,2.5,1.1,3.6,.144,,1.4,0.7,2.2
8,0,16,71,2,9,.222,2,9,.222,0,0,,0,0,,7,7,14,0,6,2,4,13,4
8,1,16,4.4,0.1,0.6,.222,0.1,0.6,.222,0.0,0.0,,0.0,0.0,,0.9,0.0,0.4,0.1,0.3,0.8,0.3
8,2,16,71,1.1,5.1,.222,1.1,5.1,.222,0.0,0.0,,0.0,0.0,,7.9,0.0,3.4,1.1,2.3,7.3,2.3
8,3,16,71,1.8,8.2,.222,1.8,8.2,.222,0.0,0.0,,0.0,0.0,,12.8,0.0,5.5,1.8,3.7,11.9,3.7,,58.5,97.2
8,4,16,71,5.1,.222,.222,.000,.000,7,12.1,11.4,11.8,0.0,5.5,3.2,30.8,10.1,,-0.1,0.1,0.0,.004,,-7.3,2.2,-5.1
9,0,31,1132,190,459,.414,110,243,.453,80,216,.370,87,107,.813,18,164,182,132,58,8,100,60,547
9,1,31,36.5,6.1,14.8,.414,3.5,7.8,.453,2.6,7.0,.370,2.8,3.5,.813,5.9,4.3,1.9,0.3,3.2,1.9,17.6
9,2,31,1132,6.7,16.2,.414,3.9,8.6,.453,2.8,7.6,.370,3.1,3.8,.813,6.4,4.7,2.0,0.3,3.5,2.1,19.3
9,3,31,1132,10.9,26.3,.414,6.3,13.9,.453,4.6,12.4,.370,5.0,6.1,.813,10.4,7.6,3.3,0.5,5.7,3.4,31.3,,107.2,101.1
9,4,31,1132,23.2,.536,.501,.471,.233,540,2.0,16.8,9.6,29.4,3.3,0.8,16.4,29.7,,2.8,1.5,4.3,.153,,4.5,0.3,4.8
10,0,13,129,10,36,.278,5,8,.625,5,28,.179,4,4,1.000,3,6,9,5,4,1,9,10,29
10,1,13,9.9,0.8,2.8,.278,0.4,0.6,.625,0.4,2.2,.179,0.3,0.3,1.000,0.7,0.4,0.3,0.1,0.7,0.8,2.2
10,2,13,129,3.1,11.2,.278,1.6,2.5,.625,1.6,8.7,.179,1.2,1.2,1.000,2.8,1.6,1.2,0.3,2.8,3.1,9.0
10,3,13,129,5.0,18.1,.278,2.5,4.0,.625,2.5,14.1,.179,2.0,2.0,1.000,4.5,2.5,2.0,0.5,4.5,5.0,14.6,,76.9,110.0
10,4,13,129,4.1,.383,.347,.778,.111,29,2.9,5.4,4.2,8.0,2.0,0.9,19.2,20.0,,-0.1,0.1,-0.1,-.027,,-4.5,-3.0,-7.5
11,0,31,618,48,105,.457,48,105,.457,0,0,,43,74,.581,36,51,87,21,5,20,48,80,139
11,1,31,19.9,1.5,3.4,.457,1.5,3.4,.457,0.0,0.0,,1.4,2.4,.581,2.8,0.7,0.2,0.6,1.5,2.6,4.5
11,2,31,618,3.1,6.8,.457,3.1,6.8,.457,0.0,0.0,,2.8,4.8,.581,5.6,1.4,0.3,1.3,3.1,5.2,9.0
11,3,31,618,5.0,11.0,.457,5.0,11.0,.457,0.0,0.0,,4.5,7.8,.581,9.1,2.2,0.5,2.1,5.0,8.4,14.6,,89.1,109.5
11,4,31,618,8.1,.496,.457,.000,.705,146,7.2,9.6,8.4,7.0,0.5,3.7,25.5,16.8,,0.0,0.3,0.3,.020,,-4.8,-0.2,-4.9
