0,0,29,423,53,107,.495,53,107,.495,0,0,,27,46,.587,36,70,106,10,6,29,10,83,133
0,1,29,14.6,1.8,3.7,.495,1.8,3.7,.495,0.0,0.0,,0.9,1.6,.587,3.7,0.3,0.2,1.0,0.3,2.9,4.6
0,2,29,423,5.0,10.1,.495,5.0,10.1,.495,0.0,0.0,,2.6,4.3,.587,10.0,0.9,0.6,2.7,0.9,7.8,12.6
0,3,29,423,7.4,14.9,.495,7.4,14.9,.495,0.0,0.0,,3.8,6.4,.587,14.8,1.4,0.8,4.0,1.4,11.6,18.6,,114.9,98.0
0,4,29,423,17.1,.516,.495,.000,.430,134,9.7,19.0,14.4,4.7,0.8,7.4,7.2,16.7,,0.8,0.7,1.5,.146,,-2.0,1.9,-0.1
1,0,15,72,4,7,.571,4,7,.571,0,0,,2,5,.400,3,6,9,0,5,4,2,17,10
1,1,15,4.8,0.3,0.5,.571,0.3,0.5,.571,0.0,0.0,,0.1,0.3,.400,0.6,0.0,0.3,0.3,0.1,1.1,0.7
1,2,15,72,2.2,3.9,.571,2.2,3.9,.571,0.0,0.0,,1.1,2.8,.400,5.0,0.0,2.8,2.2,1.1,9.4,5.6
1,3,15,72,3.3,5.7,.571,3.3,5.7,.571,0.0,0.0,,1.6,4.1,.400,7.4,0.0,4.1,3.3,1.6,13.9,8.2,,99.6,95.4
1,4,15,72,9.1,.533,.571,.000,.714,10,4.8,9.6,7.2,0.0,4.1,6.0,17.6,8.0,,0.0,0.1,0.2,.093,,-3.8,3.5,-0.3
2,0,31,1126,153,351,.436,111,227,.489,42,124,.339,61,95,.642,46,125,171,62,50,12,65,48,409
2,1,31,36.3,4.9,11.3,.436,3.6,7.3,.489,1.4,4.0,.339,2.0,3.1,.642,5.5,2.0,1.6,0.4,2.1,1.5,13.2
2,2,31,1126,5.4,12.5,.436,3.9,8.1,.489,1.5,4.4,.339,2.2,3.4,.642,6.1,2.2,1.8,0.4,2.3,1.7,14.5
2,3,31,1126,8.0,18.4,.436,5.8,11.9,.489,2.2,6.5,.339,3.2,5.0,.642,9.0,3.2,2.6,0.6,3.4,2.5,21.4,,103.6,100.7
2,4,31,1126,16.4,.516,.496,.353,.271,395,4.7,12.7,8.7,11.2,2.6,1.2,14.1,20.8,,1.5,1.6,3.1,.110,,0.9,0.7,1.5
3,0,29,350,31,50,.620,31,50,.620,0,0,,13,19,.684,35,60,95,3,10,24,20,53,75
3,1,29,12.1,1.1,1.7,.620,1.1,1.7,.620,0.0,0.0,,0.4,0.7,.684,3.3,0.1,0.3,0.8,0.7,1.8,2.6
3,2,29,350,3.5,5.7,.620,3.5,5.7,.620,0.0,0.0,,1.5,2.2,.684,10.9,0.3,1.1,2.7,2.3,6.1,8.6
3,3,29,350,5.2,8.4,.620,5.2,8.4,.620,0.0,0.0,,2.2,3.2,.684,16.0,0.5,1.7,4.0,3.4,8.9,12.6,,109.7,96.1
3,4,29,350,15.3,.635,.620,.000,.380,80,11.4,19.7,15.6,1.6,1.7,7.4,25.3,11.5,,0.4,0.7,1.1,.122,,-2.6,2.9,0.3
4,0,31,995,117,280,.418,74,185,.400,43,95,.453,76,111,.685,13,89,102,80,32,5,71,92,353
4,1,31,32.1,3.8,9.0,.418,2.4,6.0,.400,1.4,3.1,.453,2.5,3.6,.685,3.3,2.6,1.0,0.2,2.3,3.0,11.4
4,2,31,995,4.7,11.3,.418,3.0,7.4,.400,1.7,3.8,.453,3.1,4.5,.685,4.1,3.2,1.3,0.2,2.9,3.7,14.2
4,3,31,995,6.9,16.6,.418,4.4,11.0,.400,2.6,5.6,.453,4.5,6.6,.685,6.1,4.7,1.9,0.3,4.2,5.5,20.9,,101.8,103.4
4,4,31,995,13.3,.530,.495,.339,.396,343,1.5,10.3,5.9,15.8,1.9,0.5,17.6,20.6,,1.2,1.2,2.3,.093,,-0.2,-0.9,-1.0
5,0,8,13,2,6,.333,0,0,,2,6,.333,0,0,,0,1,1,0,0,0,0,1,6
5,1,8,1.6,0.3,0.8,.333,0.0,0.0,,0.3,0.8,.333,0.0,0.0,,0.1,0.0,0.0,0.0,0.0,0.1,0.8
5,2,8,13,6.2,18.5,.333,0.0,0.0,,6.2,18.5,.333,0.0,0.0,,3.1,0.0,0.0,0.0,0.0,3.1,18.5
5,3,8,13,9.1,27.2,.333,0.0,0.0,,9.1,27.2,.333,0.0,0.0,,4.5,0.0,0.0,0.0,0.0,4.5,27.2,,111.3,108.5
5,4,8,13,12.5,.500,.500,1.000,.000,5,0.0,8.8,4.4,0.0,0.0,0.0,0.0,23.4,,0.0,0.0,0.0,.106,,1.2,-9.2,-8.0
6,0,26,242,30,66,.455,27,47,.574,3,19,.158,9,23,.391,5,10,15,30,11,0,29,16,72
6,1,26,9.3,1.2,2.5,.455,1.0,1.8,.574,0.1,0.7,.158,0.3,0.9,.391,0.6,1.2,0.4,0.0,1.1,0.6,2.8
6,2,26,242,5.0,10.9,.455,4.5,7.8,.574,0.5,3.1,.158,1.5,3.8,.391,2.5,5.0,1.8,0.0,4.8,2.6,11.9
6,3,26,242,7.3,16.1,.455,6.6,11.5,.574,0.7,4.6,.158,2.2,5.6,.391,3.7,7.3,2.7,0.0,7.1,3.9,17.6,,83.0,104.5
6,4,26,242,9.3,.468,.477,.288,.348,78,2.4,4.7,3.6,24.7,2.7,0.0,27.4,22.2,,-0.2,0.3,0.1,.012,,-4.3,-2.7,-7.1
7,0,28,438,60,141,.426,23,46,.500,37,95,.389,8,10,.800,27,43,70,1,14,2,17,37,165
7,1,28,15.6,2.1,5.0,.426,0.8,1.6,.500,1.3,3.4,.389,0.3,0.4,.800,2.5,0.0,0.5,0.1,0.6,1.3,5.9
7,2,28,438,5.5,12.9,.426,2.1,4.2,.500,3.4,8.7,.389,0.7,0.9,.800,6.4,0.1,1.3,0.2,1.6,3.4,15.1
7,3,28,438,8.1,19.0,.426,3.1,6.2,.500,5.0,12.8,.389,1.1,1.3,.800,9.4,0.1,1.9,0.3,2.3,5.0,22.2,,112.8,103.0
7,4,28,438,15.5,.566,.557,.674,.071,144,7.1,11.3,9.2,0.5,1.9,0.5,10.4,18.9,,0.8,0.5,1.4,.125,,1.2,-3.9,-2.8
8,0,31,953,162,361,.449,148,311,.476,14,50,.280,106,146,.726,55,146,201,50,30,16,71,79,444
8,1,31,30.7,5.2,11.6,.449,4.8,10.0,.476,0.5,1.6,.280,3.4,4.7,.726,6.5,1.6,1.0,0.5,2.3,2.5,14.3
8,2,31,953,6.8,15.2,.449,6.2,13.1,.476,0.6,2.1,.280,4.4,6.1,.726,8.4,2.1,1.3,0.7,3.0,3.3,18.6
8,3,31,953,10.0,22.4,.449,9.2,19.3,.476,0.9,3.1,.280,6.6,9.0,.726,12.4,3.1,1.9,1.0,4.4,4.9,27.5,,103.4,99.7
8,4,31,953,19.3,.516,.468,.139,.404,428,6.6,17.6,12.1,11.5,1.9,1.8,14.2,26.7,,1.6,1.4,3.0,.128,,-0.6,-0.1,-0.7
9,0,31,819,81,210,.386,68,165,.412,13,45,.289,94,120,.783,10,50,60,92,49,3,60,112,269
9,1,31,26.4,2.6,6.8,.386,2.2,5.3,.412,0.4,1.5,.289,3.0,3.9,.783,1.9,3.0,1.6,0.1,1.9,3.6,8.7
9,2,31,819,4.0,10.3,.386,3.3,8.1,.412,0.6,2.2,.289,4.6,5.9,.783,2.9,4.5,2.4,0.1,2.9,5.5,13.1
9,3,31,819,5.8,15.1,.386,4.9,11.9,.412,0.9,3.2,.289,6.8,8.6,.783,4.3,6.6,3.5,0.2,4.3,8.1,19.4,,101.4,101.0
9,4,31,819,13.7,.504,.417,.214,.571,285,1.4,7.0,4.2,21.3,3.5,0.4,18.3,20.3,,0.9,1.1,2.1,.101,,-0.8,-0.4,-1.2
10,0,31,843,92,192,.479,90,178,.506,2,14,.143,46,80,.575,86,110,196,22,31,41,36,100,232
10,1,31,27.2,3.0,6.2,.479,2.9,5.7,.506,0.1,0.5,.143,1.5,2.6,.575,6.3,0.7,1.0,1.3,1.2,3.2,7.5
10,2,31,843,4.4,9.1,.479,4.3,8.4,.506,0.1,0.7,.143,2.2,3.8,.575,9.3,1.0,1.5,1.9,1.7,4.7,11.0
10,3,31,843,6.4,13.4,.479,6.3,12.5,.506,0.1,1.0,.143,3.2,5.6,.575,13.7,1.5,2.2,2.9,2.5,7.0,16.2,,107.3,98.3
10,4,31,843,16.4,.504,.484,.073,.417,250,11.7,15.0,13.3,5.1,2.2,5.3,13.5,16.0,,1.2,1.4,2.6,.121,,-0.8,2.9,2.1
