0,0,7,12,0,2,.000,0,0,,0,2,.000,0,0,,0,0,0,1,0,0,0,2,0
0,1,7,1.7,0.0,0.3,.000,0.0,0.0,,0.0,0.3,.000,0.0,0.0,,0.0,0.1,0.0,0.0,0.0,0.3,0.0
0,2,7,12,0.0,6.7,.000,0.0,0.0,,0.0,6.7,.000,0.0,0.0,,0.0,3.3,0.0,0.0,0.0,6.7,0.0
0,3,7,12,0.0,10.3,.000,0.0,0.0,,0.0,10.3,.000,0.0,0.0,,0.0,5.1,0.0,0.0,0.0,10.3,0.0,,28.9,117.0
0,4,7,12,-7.1,.000,.000,1.000,.000,0,0.0,0.0,0.0,14.6,0.0,0.0,0.0,8.7,,0.0,0.0,0.0,-.088,,-9.5,-6.7,-16.2
1,0,32,755,82,226,.363,62,134,.463,20,92,.217,49,65,.754,11,81,92,66,31,2,57,43,233
1,1,32,23.6,2.6,7.1,.363,1.9,4.2,.463,0.6,2.9,.217,1.5,2.0,.754,2.9,2.1,1.0,0.1,1.8,1.3,7.3
1,2,32,755,4.3,12.0,.363,3.3,7.1,.463,1.1,4.9,.217,2.6,3.4,.754,4.9,3.5,1.6,0.1,3.0,2.3,12.3
1,3,32,755,6.7,18.5,.363,5.1,11.0,.463,1.6,7.5,.217,4.0,5.3,.754,7.5,5.4,2.5,0.2,4.7,3.5,19.1,,89.4,106.4
1,4,32,755,11.1,.454,.407,.407,.288,232,1.6,12.3,6.7,18.9,2.5,0.3,18.2,21.7,,-0.2,0.8,0.6,.034,,-2.5,-0.8,-3.3
2,0,32,684,45,122,.369,42,104,.404,3,18,.167,11,30,.367,14,62,76,88,28,9,41,66,104
2,1,32,21.4,1.4,3.8,.369,1.3,3.3,.404,0.1,0.6,.167,0.3,0.9,.367,2.4,2.8,0.9,0.3,1.3,2.1,3.3
2,2,32,684,2.6,7.1,.369,2.5,6.1,.404,0.2,1.1,.167,0.6,1.8,.367,4.4,5.1,1.6,0.5,2.4,3.9,6.1
2,3,32,684,4.1,11.0,.369,3.8,9.4,.404,0.3,1.6,.167,1.0,2.7,.367,6.9,7.9,2.5,0.8,3.7,6.0,9.4,,83.0,106.5
2,4,32,684,8.1,.382,.381,.148,.246,135,2.2,10.4,6.1,25.5,2.5,1.5,23.1,13.5,,-0.4,0.8,0.3,.020,,-4.8,0.5,-4.2
3,0,11,97,14,29,.483,14,29,.483,0,0,,2,7,.286,12,7,19,3,5,2,4,17,30
3,1,11,8.8,1.3,2.6,.483,1.3,2.6,.483,0.0,0.0,,0.2,0.6,.286,1.7,0.3,0.5,0.2,0.4,1.5,2.7
3,2,11,97,5.8,12.0,.483,5.8,12.0,.483,0.0,0.0,,0.8,2.9,.286,7.8,1.2,2.1,0.8,1.6,7.0,12.4
3,3,11,97,8.9,18.5,.483,8.9,18.5,.483,0.0,0.0,,1.3,4.5,.286,12.1,1.9,3.2,1.3,2.5,10.8,19.1,,100.0,105.0
3,4,11,97,15.2,.464,.483,.000,.241,31,13.2,8.3,10.8,7.3,3.2,2.3,11.0,19.5,,0.1,0.1,0.2,.080,,-1.8,0.4,-1.3
4,0,13,36,7,21,.333,6,16,.375,1,5,.200,5,6,.833,6,2,8,0,3,0,1,4,20
4,1,13,2.8,0.5,1.6,.333,0.5,1.2,.375,0.1,0.4,.200,0.4,0.5,.833,0.6,0.0,0.2,0.0,0.1,0.3,1.5
4,2,13,36,7.8,23.3,.333,6.7,17.8,.375,1.1,5.6,.200,5.6,6.7,.833,8.9,0.0,3.3,0.0,1.1,4.4,22.2
4,3,13,36,12.0,36.0,.333,10.3,27.5,.375,1.7,8.6,.200,8.6,10.3,.833,13.7,0.0,5.1,0.0,1.7,6.9,34.3,,100.0,103.1
4,4,13,36,22.5,.419,.357,.238,.286,19,17.8,6.4,12.3,0.0,5.1,0.0,4.0,36.0,,0.0,0.1,0.1,.106,,-1.6,-7.9,-9.5
5,0,28,406,46,115,.400,39,86,.453,7,29,.241,22,36,.611,25,57,82,10,5,4,24,39,121
5,1,28,14.5,1.6,4.1,.400,1.4,3.1,.453,0.3,1.0,.241,0.8,1.3,.611,2.9,0.4,0.2,0.1,0.9,1.4,4.3
5,2,28,406,4.5,11.3,.400,3.8,8.5,.453,0.7,2.9,.241,2.2,3.5,.611,8.1,1.0,0.5,0.4,2.4,3.8,11.9
5,3,28,406,7.0,17.5,.400,5.9,13.1,.453,1.1,4.4,.241,3.3,5.5,.611,12.5,1.5,0.8,0.6,3.7,5.9,18.4,,91.1,107.9
5,4,28,406,10.0,.458,.430,.252,.313,116,6.6,16.1,11.2,5.4,0.8,1.1,15.4,20.0,,0.0,0.4,0.4,.036,,-4.6,-2.2,-6.8
6,0,32,687,89,213,.418,74,159,.465,15,54,.278,39,62,.629,31,59,90,36,17,12,37,49,232
6,1,32,21.5,2.8,6.7,.418,2.3,5.0,.465,0.5,1.7,.278,1.2,1.9,.629,2.8,1.1,0.5,0.4,1.2,1.5,7.3
6,2,32,687,5.2,12.4,.418,4.3,9.3,.465,0.9,3.1,.278,2.3,3.6,.629,5.2,2.1,1.0,0.7,2.2,2.9,13.5
6,3,32,687,8.0,19.2,.418,6.7,14.3,.465,1.3,4.9,.278,3.5,5.6,.629,8.1,3.2,1.5,1.1,3.3,4.4,20.9,,97.6,108.9
6,4,32,687,13.0,.478,.453,.254,.291,222,4.8,9.9,7.2,11.9,1.5,2.0,13.2,21.2,,0.4,0.6,1.0,.057,,-1.9,-0.9,-2.8
7,0,32,641,51,159,.321,6,31,.194,45,128,.352,27,35,.771,5,28,33,35,27,0,34,42,174
7,1,32,20.0,1.6,5.0,.321,0.2,1.0,.194,1.4,4.0,.352,0.8,1.1,.771,1.0,1.1,0.8,0.0,1.1,1.3,5.4
7,2,32,641,3.2,9.9,.321,0.4,1.9,.194,2.8,8.0,.352,1.7,2.2,.771,2.1,2.2,1.7,0.0,2.1,2.6,10.9
7,3,32,641,4.9,15.3,.321,0.6,3.0,.194,4.3,12.3,.352,2.6,3.4,.771,3.2,3.4,2.6,0.0,3.3,4.0,16.8,,96.3,109.7
7,4,32,641,9.0,.495,.462,.805,.220,161,0.8,5.0,2.8,11.1,2.6,0.0,16.2,17.0,,0.2,0.5,0.7,.045,,-0.8,-2.0,-2.8
8,0,21,228,9,20,.450,9,20,.450,0,0,,9,16,.563,15,31,46,1,2,12,12,25,27
8,1,21,10.9,0.4,1.0,.450,0.4,1.0,.450,0.0,0.0,,0.4,0.8,.563,2.2,0.0,0.1,0.6,0.6,1.2,1.3
8,2,21,228,1.6,3.5,.450,1.6,3.5,.450,0.0,0.0,,1.6,2.8,.563,8.1,0.2,0.4,2.1,2.1,4.4,4.7
8,3,21,228,2.4,5.4,.450,2.4,5.4,.450,0.0,0.0,,2.4,4.3,.563,12.5,0.3,0.5,3.3,3.3,6.8,7.3,,84.0,106.2
8,4,21,228,6.9,.489,.450,.000,.800,30,7.0,15.6,11.2,0.8,0.5,5.9,30.3,9.0,,-0.1,0.3,0.2,.031,,-7.1,1.4,-5.7
9,0,31,422,48,137,.350,36,99,.364,12,38,.316,29,53,.547,15,39,54,28,9,3,24,39,137
9,1,31,13.6,1.5,4.4,.350,1.2,3.2,.364,0.4,1.2,.316,0.9,1.7,.547,1.7,0.9,0.3,0.1,0.8,1.3,4.4
9,2,31,422,4.5,13.0,.350,3.4,9.4,.364,1.1,3.6,.316,2.7,5.0,.547,5.1,2.7,0.9,0.3,2.3,3.7,13.0
9,3,31,422,7.0,20.1,.350,5.3,14.5,.364,1.8,5.6,.316,4.2,7.8,.547,7.9,4.1,1.3,0.4,3.5,5.7,20.1,,89.5,109.4
9,4,31,422,9.5,.422,.394,.277,.387,135,3.8,10.6,7.1,14.5,1.3,0.8,12.9,23.0,,-0.1,0.4,0.2,.023,,-3.7,-2.3,-6.1
10,0,26,566,65,120,.542,65,120,.542,0,0,,37,61,.607,53,100,153,11,15,27,32,72,167
10,1,26,21.8,2.5,4.6,.542,2.5,4.6,.542,0.0,0.0,,1.4,2.3,.607,5.9,0.4,0.6,1.0,1.2,2.8,6.4
10,2,26,566,4.6,8.5,.542,4.6,8.5,.542,0.0,0.0,,2.6,4.3,.607,10.8,0.8,1.1,1.9,2.3,5.1,11.8
10,3,26,566,7.1,13.1,.542,7.1,13.1,.542,0.0,0.0,,4.0,6.7,.607,16.7,1.2,1.6,2.9,3.5,7.9,18.2,,106.0,101.7
10,4,26,566,17.0,.560,.542,.000,.508,165,10.0,20.3,14.9,4.3,1.6,5.4,17.7,16.7,,0.6,0.9,1.5,.107,,-2.7,2.0,-0.7
11,0,30,293,38,92,.413,25,52,.481,13,40,.325,16,25,.640,25,47,72,9,4,5,8,36,105
11,1,30,9.8,1.3,3.1,.413,0.8,1.7,.481,0.4,1.3,.325,0.5,0.8,.640,2.4,0.3,0.1,0.2,0.3,1.2,3.5
11,2,30,293,5.2,12.6,.413,3.4,7.1,.481,1.8,5.5,.325,2.2,3.4,.640,9.8,1.2,0.5,0.7,1.1,4.9,14.3
11,3,30,293,8.0,19.4,.413,5.3,11.0,.481,2.7,8.4,.325,3.4,5.3,.640,15.2,1.9,0.8,1.1,1.7,7.6,22.1,,111.7,106.0
11,4,30,293,16.6,.505,.484,.435,.272,101,9.1,18.4,13.6,7.0,0.8,1.9,7.2,19.9,,0.5,0.3,0.9,.117,,0.0,-2.3,-2.3
12,0,32,702,110,308,.357,93,227,.410,17,81,.210,62,92,.674,33,80,113,32,17,7,38,63,299
12,1,32,21.9,3.4,9.6,.357,2.9,7.1,.410,0.5,2.5,.210,1.9,2.9,.674,3.5,1.0,0.5,0.2,1.2,2.0,9.3
12,2,32,702,6.3,17.5,.357,5.3,12.9,.410,1.0,4.6,.210,3.5,5.2,.674,6.4,1.8,1.0,0.4,2.2,3.6,17.0
12,3,32,702,9.7,27.1,.357,8.2,20.0,.410,1.5,7.1,.210,5.5,8.1,.674,9.9,2.8,1.5,0.6,3.3,5.5,26.3,,91.7,107.7
12,4,32,702,12.7,.425,.385,.263,.299,281,5.0,13.1,8.9,11.0,1.5,1.1,9.8,28.9,,0.0,0.7,0.7,.038,,-3.1,-2.6,-5.7
13,0,32,971,137,277,.495,131,255,.514,6,22,.273,89,118,.754,94,117,211,26,28,46,47,84,369
13,1,32,30.3,4.3,8.7,.495,4.1,8.0,.514,0.2,0.7,.273,2.8,3.7,.754,6.6,0.8,0.9,1.4,1.5,2.6,11.5
13,2,32,971,5.6,11.4,.495,5.4,10.5,.514,0.2,0.9,.273,3.7,4.9,.754,8.7,1.1,1.2,1.9,1.9,3.5,15.2
13,3,32,971,8.7,17.6,.495,8.3,16.2,.514,0.4,1.4,.273,5.7,7.5,.754,13.4,1.7,1.8,2.9,3.0,5.3,23.5,,113.1,104.8
13,4,32,971,20.7,.554,.505,.079,.426,358,10.3,13.8,12.0,6.2,1.8,5.3,12.4,20.4,,1.9,1.2,3.2,.131,,0.5,1.9,2.4
