0,0,33,1111,122,326,.374,56,152,.368,66,174,.379,60,72,.833,19,61,80,125,36,7,75,55,370
0,1,33,33.7,3.7,9.9,.374,1.7,4.6,.368,2.0,5.3,.379,1.8,2.2,.833,2.4,3.8,1.1,0.2,2.3,1.7,11.2
0,2,33,1111,4.4,11.7,.374,2.0,5.5,.368,2.4,6.3,.379,2.2,2.6,.833,2.9,4.5,1.3,0.3,2.7,2.0,13.3
0,3,33,1111,6.5,17.4,.374,3.0,8.1,.368,3.5,9.3,.379,3.2,3.9,.833,4.3,6.7,1.9,0.4,4.0,2.9,19.8,,103.3,99.3
0,4,33,1111,13.4,.514,.475,.534,.221,377,2.0,6.3,4.2,21.4,1.9,0.7,17.2,20.0,,1.5,1.7,3.1,.113,,2.4,1.2,3.6
1,0,2,7,2,2,1.000,2,2,1.000,0,0,,0,0,,0,0,0,0,0,0,0,0,4
1,1,2,3.5,1.0,1.0,1.000,1.0,1.0,1.000,0.0,0.0,,0.0,0.0,,0.0,0.0,0.0,0.0,0.0,0.0,2.0
1,2,2,7,11.4,11.4,1.000,11.4,11.4,1.000,0.0,0.0,,0.0,0.0,,0.0,0.0,0.0,0.0,0.0,0.0,22.9
1,3,2,7,17.0,17.0,1.000,17.0,17.0,1.000,0.0,0.0,,0.0,0.0,,0.0,0.0,0.0,0.0,0.0,0.0,34.0,,200.0,107.1
1,4,2,7,29.2,1.000,1.000,.000,.000,2,0.0,0.0,0.0,0.0,0.0,0.0,0.0,14.6,,0.0,0.0,0.0,.198,,8.3,-2.9,5.4
2,0,33,621,55,132,.417,48,100,.480,7,32,.219,49,68,.721,23,46,69,35,41,6,24,38,166
2,1,33,18.8,1.7,4.0,.417,1.5,3.0,.480,0.2,1.0,.219,1.5,2.1,.721,2.1,1.1,1.2,0.2,0.7,1.2,5.0
2,2,33,621,3.5,8.5,.417,3.1,6.4,.480,0.5,2.1,.219,3.2,4.4,.721,4.4,2.3,2.6,0.4,1.5,2.4,10.7
2,3,33,621,5.3,12.6,.417,4.6,9.6,.480,0.7,3.1,.219,4.7,6.5,.721,6.6,3.4,3.9,0.6,2.3,3.6,15.9,,107.5,93.6
2,4,33,621,14.5,.505,.443,.242,.515,168,4.4,8.6,6.5,10.3,3.9,1.1,12.7,15.5,,0.8,1.3,2.1,.135,,1.2,4.3,5.5
3,0,32,705,63,143,.441,55,112,.491,8,31,.258,28,49,.571,27,108,135,59,26,9,43,62,162
3,1,32,22.0,2.0,4.5,.441,1.7,3.5,.491,0.3,1.0,.258,0.9,1.5,.571,4.2,1.8,0.8,0.3,1.3,1.9,5.1
3,2,32,705,3.6,8.1,.441,3.1,6.4,.491,0.5,1.8,.258,1.6,2.8,.571,7.7,3.3,1.5,0.5,2.4,3.5,9.2
3,3,32,705,5.3,12.1,.441,4.6,9.4,.491,0.7,2.6,.258,2.4,4.1,.571,11.4,5.0,2.2,0.8,3.6,5.2,13.7,,96.5,92.9
3,4,32,705,12.0,.487,.469,.217,.343,177,4.6,17.7,11.2,15.3,2.2,1.5,20.5,15.2,,0.4,1.5,1.9,.106,,-0.5,4.5,4.0
4,0,33,386,64,120,.533,64,119,.538,0,1,.000,31,59,.525,34,60,94,10,18,25,31,65,159
4,1,33,11.7,1.9,3.6,.533,1.9,3.6,.538,0.0,0.0,.000,0.9,1.8,.525,2.8,0.3,0.5,0.8,0.9,2.0,4.8
4,2,33,386,6.6,12.4,.533,6.6,12.3,.538,0.0,0.1,.000,3.2,6.1,.525,9.7,1.0,1.9,2.6,3.2,6.7,16.5
4,3,33,386,9.9,18.5,.533,9.9,18.3,.538,0.0,0.2,.000,4.8,9.1,.525,14.5,1.5,2.8,3.9,4.8,10.0,24.5,,99.4,88.4
4,4,33,386,19.1,.537,.533,.008,.492,146,10.5,18.0,14.3,5.5,2.8,7.4,17.3,23.7,,0.4,1.0,1.4,.146,,-1.4,5.6,4.2
5,0,33,878,113,240,.471,101,181,.558,12,59,.203,83,118,.703,36,96,132,99,42,14,55,80,321
5,1,33,26.6,3.4,7.3,.471,3.1,5.5,.558,0.4,1.8,.203,2.5,3.6,.703,4.0,3.0,1.3,0.4,1.7,2.4,9.7
5,2,33,878,5.1,10.9,.471,4.6,8.2,.558,0.5,2.7,.203,3.8,5.4,.703,6.0,4.5,1.9,0.6,2.5,3.6,14.6
5,3,33,878,7.7,16.3,.471,6.8,12.3,.558,0.8,4.0,.203,5.6,8.0,.703,8.9,6.7,2.8,0.9,3.7,5.4,21.7,,111.0,93.7
5,4,33,878,18.8,.542,.496,.246,.492,335,4.9,12.6,8.8,22.2,2.8,1.8,15.7,20.5,,1.9,1.8,3.7,.168,,3.3,4.0,7.3
6,0,7,17,2,5,.400,2,4,.500,0,1,.000,0,1,.000,3,0,3,1,0,0,4,3,4
6,1,7,2.4,0.3,0.7,.400,0.3,0.6,.500,0.0,0.1,.000,0.0,0.1,.000,0.4,0.1,0.0,0.0,0.6,0.4,0.6
6,2,7,17,4.7,11.8,.400,4.7,9.4,.500,0.0,2.4,.000,0.0,2.4,.000,7.1,2.4,0.0,0.0,9.4,7.1,9.4
6,3,7,17,7.0,17.5,.400,7.0,14.0,.500,0.0,3.5,.000,0.0,3.5,.000,10.5,3.5,0.0,0.0,14.0,10.5,14.0,,60.3,106.1
6,4,7,17,-4.6,.365,.400,.200,.200,5,21.0,0.0,10.4,11.4,0.0,0.0,42.2,28.5,,-0.1,0.0,-0.1,-.144,,-8.7,-1.1,-9.8
7,0,12,89,11,16,.688,9,12,.750,2,4,.500,3,10,.300,1,4,5,4,4,2,7,10,27
7,1,12,7.4,0.9,1.3,.688,0.8,1.0,.750,0.2,0.3,.500,0.3,0.8,.300,0.4,0.3,0.3,0.2,0.6,0.8,2.3
7,2,12,89,4.9,7.2,.688,4.0,5.4,.750,0.9,1.8,.500,1.3,4.5,.300,2.2,1.8,1.8,0.9,3.1,4.5,12.1
7,3,12,89,7.3,10.7,.688,6.0,8.0,.750,1.3,2.7,.500,2.0,6.7,.300,3.3,2.7,2.7,1.3,4.7,6.7,18.0,,95.7,97.0
7,4,12,89,11.8,.651,.750,.250,.625,22,1.3,5.2,3.3,8.8,2.7,2.6,25.2,16.0,,0.0,0.2,0.2,.088,,-0.2,2.9,2.6
8,0,32,479,43,72,.597,43,72,.597,0,0,,29,61,.475,35,35,70,14,9,11,21,97,115
8,1,32,15.0,1.3,2.3,.597,1.3,2.3,.597,0.0,0.0,,0.9,1.9,.475,2.2,0.4,0.3,0.3,0.7,3.0,3.6
8,2,32,479,3.6,6.0,.597,3.6,6.0,.597,0.0,0.0,,2.4,5.1,.475,5.8,1.2,0.8,0.9,1.8,8.1,9.6
8,3,32,479,5.3,8.9,.597,5.3,8.9,.597,0.0,0.0,,3.6,7.6,.475,8.7,1.7,1.1,1.4,2.6,12.0,14.3,,109.3,98.5
8,4,32,479,10.1,.569,.597,.000,.847,116,8.7,8.4,8.6,5.4,1.1,2.6,17.2,13.0,,0.6,0.8,1.4,.115,,0.4,3.0,3.4
9,0,7,18,2,4,.500,2,4,.500,0,0,,0,1,.000,0,3,3,0,1,0,4,0,4
9,1,7,2.6,0.3,0.6,.500,0.3,0.6,.500,0.0,0.0,,0.0,0.1,.000,0.4,0.0,0.1,0.0,0.6,0.0,0.6
9,2,7,18,4.4,8.9,.500,4.4,8.9,.500,0.0,0.0,,0.0,2.2,.000,6.7,0.0,2.2,0.0,8.9,0.0,8.9
9,3,7,18,6.6,13.2,.500,6.6,13.2,.500,0.0,0.0,,0.0,3.3,.000,9.9,0.0,3.3,0.0,13.2,0.0,13.2,,41.5,90.9
9,4,7,18,-1.9,.447,.500,.000,.250,3,0.0,19.3,9.8,0.0,3.3,0.0,47.2,24.1,,-0.1,0.0,-0.1,-.129,,-15.2,0.7,-14.6
10,0,33,967,162,339,.478,115,209,.550,47,130,.362,57,71,.803,60,135,195,49,36,21,47,77,428
10,1,33,29.3,4.9,10.3,.478,3.5,6.3,.550,1.4,3.9,.362,1.7,2.2,.803,5.9,1.5,1.1,0.6,1.4,2.3,13.0
10,2,33,967,6.7,14.0,.478,4.8,8.6,.550,1.9,5.4,.362,2.4,2.9,.803,8.1,2.0,1.5,0.9,1.9,3.2,17.7
10,3,33,967,10.0,20.8,.478,7.1,12.9,.550,2.9,8.0,.362,3.5,4.4,.803,12.0,3.0,2.2,1.3,2.9,4.7,26.3,,115.8,93.2
10,4,33,967,21.5,.574,.547,.383,.209,389,7.4,16.1,11.8,10.8,2.2,2.5,11.2,22.2,,2.6,2.0,4.6,.190,,4.9,3.4,8.3
11,0,33,507,78,148,.527,78,148,.527,0,0,,65,100,.650,64,107,171,9,9,24,40,77,221
11,1,33,15.4,2.4,4.5,.527,2.4,4.5,.527,0.0,0.0,,2.0,3.0,.650,5.2,0.3,0.3,0.7,1.2,2.3,6.7
11,2,33,507,6.2,11.7,.527,6.2,11.7,.527,0.0,0.0,,5.1,7.9,.650,13.5,0.7,0.7,1.9,3.2,6.1,17.4
11,3,33,507,9.1,17.4,.527,9.1,17.4,.527,0.0,0.0,,7.6,11.7,.650,20.1,1.1,1.1,2.8,4.7,9.0,25.9,,108.3,90.3
11,4,33,507,21.2,.565,.527,.000,.676,215,15.1,24.4,19.8,3.7,1.1,5.4,17.0,23.8,,1.1,1.2,2.3,.181,,-0.6,2.5,1.8
12,0,29,840,125,289,.433,83,163,.509,42,126,.333,90,108,.833,31,71,102,104,46,5,60,70,382
12,1,29,29.0,4.3,10.0,.433,2.9,5.6,.509,1.4,4.3,.333,3.1,3.7,.833,3.5,3.6,1.6,0.2,2.1,2.4,13.2
12,2,29,840,6.0,13.8,.433,4.0,7.8,.509,2.0,6.0,.333,4.3,5.1,.833,4.9,5.0,2.2,0.2,2.9,3.3,18.2
12,3,29,840,8.8,20.5,.433,5.9,11.5,.509,3.0,8.9,.333,6.4,7.6,.833,7.2,7.4,3.3,0.4,4.2,5.0,27.0,,113.8,94.6
12,4,29,840,21.5,.561,.505,.436,.374,382,4.4,9.8,7.1,25.4,3.3,0.7,15.0,24.4,,2.4,1.6,4.0,.191,,6.1,2.7,8.8
