0,0,35,950,202,379,.533,166,283,.587,36,96,.375,124,177,.701,86,199,285,34,24,43,65,80,564
0,1,35,27.1,5.8,10.8,.533,4.7,8.1,.587,1.0,2.7,.375,3.5,5.1,.701,8.1,1.0,0.7,1.2,1.9,2.3,16.1
0,2,35,950,8.5,16.0,.533,7.0,11.9,.587,1.5,4.0,.375,5.2,7.5,.701,12.0,1.4,1.0,1.8,2.7,3.4,23.7
0,3,35,950,12.3,23.1,.533,10.1,17.3,.587,2.2,5.9,.375,7.6,10.8,.701,17.4,2.1,1.5,2.6,4.0,4.9,34.4,,117.6,89.3
0,4,35,950,28.3,.609,.580,.253,.467,488,10.3,21.8,16.3,8.8,1.5,4.6,12.3,27.5,,3.5,2.3,5.7,.240,,5.3,3.2,8.5
1,0,26,568,67,119,.563,67,119,.563,0,0,,52,81,.642,60,89,149,15,18,68,31,52,186
1,1,26,21.8,2.6,4.6,.563,2.6,4.6,.563,0.0,0.0,,2.0,3.1,.642,5.7,0.6,0.7,2.6,1.2,2.0,7.2
1,2,26,568,4.7,8.4,.563,4.7,8.4,.563,0.0,0.0,,3.7,5.7,.642,10.5,1.1,1.3,4.8,2.2,3.7,13.1
1,3,26,568,6.8,12.2,.563,6.8,12.2,.563,0.0,0.0,,5.3,8.3,.642,15.2,1.5,1.8,6.9,3.2,5.3,19.0,,114.4,86.6
1,4,26,568,22.1,.591,.563,.000,.681,183,12.0,16.3,14.2,5.3,1.8,12.1,16.4,16.4,,1.2,1.5,2.7,.189,,0.7,9.1,9.8
2,0,13,15,2,8,.250,2,6,.333,0,2,.000,1,2,.500,2,0,2,1,1,0,0,0,5
2,1,13,1.2,0.2,0.6,.250,0.2,0.5,.333,0.0,0.2,.000,0.1,0.2,.500,0.2,0.1,0.1,0.0,0.0,0.0,0.4
2,2,13,15,5.3,21.3,.250,5.3,16.0,.333,0.0,5.3,.000,2.7,5.3,.500,5.3,2.7,2.7,0.0,0.0,0.0,13.3
2,3,13,15,7.7,30.9,.250,7.7,23.2,.333,0.0,7.7,.000,3.9,7.7,.500,7.7,3.9,3.9,0.0,0.0,0.0,19.3,,83.4,96.9
2,4,13,15,10.8,.279,.250,.250,.250,6,15.1,0.0,7.2,13.7,3.9,0.0,0.0,29.5,,0.0,0.0,0.0,.039,,-2.1,-0.5,-2.6
3,0,25,107,5,18,.278,4,12,.333,1,6,.167,2,7,.286,0,6,6,10,3,0,7,9,13
3,1,25,4.3,0.2,0.7,.278,0.2,0.5,.333,0.0,0.2,.167,0.1,0.3,.286,0.2,0.4,0.1,0.0,0.3,0.4,0.5
3,2,25,107,1.9,6.7,.278,1.5,4.5,.333,0.4,2.2,.167,0.7,2.6,.286,2.2,3.7,1.1,0.0,2.6,3.4,4.9
3,3,25,107,2.7,9.8,.278,2.2,6.5,.333,0.5,3.3,.167,1.1,3.8,.286,3.3,5.4,1.6,0.0,3.8,4.9,7.0,,66.1,98.8
3,4,25,107,1.1,.305,.306,.333,.389,16,0.0,5.8,3.0,16.3,1.6,0.0,24.7,13.1,,-0.2,0.2,0.0,-.001,,-6.2,0.5,-5.7
4,0,27,244,37,80,.463,37,76,.487,0,4,.000,24,39,.615,27,37,64,7,7,6,22,27,98
4,1,27,9.0,1.4,3.0,.463,1.4,2.8,.487,0.0,0.1,.000,0.9,1.4,.615,2.4,0.3,0.3,0.2,0.8,1.0,3.6
4,2,27,244,6.1,13.1,.463,6.1,12.5,.487,0.0,0.7,.000,3.9,6.4,.615,10.5,1.1,1.1,1.0,3.6,4.4,16.1
4,3,27,244,8.8,19.0,.463,8.8,18.1,.487,0.0,1.0,.000,5.7,9.3,.615,15.2,1.7,1.7,1.4,5.2,6.4,23.3,,95.3,92.7
4,4,27,244,15.5,.497,.463,.050,.488,95,12.6,15.8,14.2,6.1,1.7,2.5,18.3,24.4,,0.2,0.5,0.7,.113,,-2.6,1.6,-1.0
5,0,35,783,58,180,.322,31,75,.413,27,105,.257,29,45,.644,23,66,89,60,49,15,31,51,172
5,1,35,22.4,1.7,5.1,.322,0.9,2.1,.413,0.8,3.0,.257,0.8,1.3,.644,2.5,1.7,1.4,0.4,0.9,1.5,4.9
5,2,35,783,3.0,9.2,.322,1.6,3.8,.413,1.4,5.4,.257,1.5,2.3,.644,4.5,3.1,2.5,0.8,1.6,2.6,8.8
5,3,35,783,4.3,13.3,.322,2.3,5.6,.413,2.0,7.8,.257,2.1,3.3,.644,6.6,4.4,3.6,1.1,2.3,3.8,12.7,,96.1,92.0
5,4,35,783,11.4,.427,.397,.583,.250,184,3.3,8.8,6.2,14.0,3.6,1.9,13.3,14.7,,0.4,1.7,2.1,.106,,0.4,4.6,4.9
6,0,35,910,129,312,.413,87,191,.455,42,121,.347,59,81,.728,37,118,155,82,33,9,81,94,359
6,1,35,26.0,3.7,8.9,.413,2.5,5.5,.455,1.2,3.5,.347,1.7,2.3,.728,4.4,2.3,0.9,0.3,2.3,2.7,10.3
6,2,35,910,5.7,13.7,.413,3.8,8.4,.455,1.8,5.3,.347,2.6,3.6,.728,6.8,3.6,1.5,0.4,3.6,4.1,15.8
6,3,35,910,8.2,19.9,.413,5.5,12.2,.455,2.7,7.7,.347,3.8,5.2,.728,9.9,5.2,2.1,0.6,5.2,6.0,22.9,,97.8,93.6
6,4,35,910,14.5,.512,.481,.388,.260,347,4.6,13.5,9.2,18.8,2.1,1.0,18.8,23.4,,0.9,1.8,2.7,.119,,1.1,2.6,3.7
7,0,28,244,21,44,.477,19,37,.514,2,7,.286,17,27,.630,9,27,36,17,13,10,18,34,61
7,1,28,8.7,0.8,1.6,.477,0.7,1.3,.514,0.1,0.3,.286,0.6,1.0,.630,1.3,0.6,0.5,0.4,0.6,1.2,2.2
7,2,28,244,3.4,7.2,.477,3.1,6.1,.514,0.3,1.1,.286,2.8,4.4,.630,5.9,2.8,2.1,1.6,3.0,5.6,10.0
7,3,28,244,5.0,10.5,.477,4.5,8.8,.514,0.5,1.7,.286,4.0,6.4,.630,8.6,4.0,3.1,2.4,4.3,8.1,14.5,,96.7,90.3
7,4,28,244,12.4,.537,.500,.159,.614,63,4.2,11.5,8.0,13.0,3.1,4.1,24.1,15.1,,0.2,0.6,0.7,.116,,-1.5,5.6,4.0
8,0,35,1187,120,254,.472,82,151,.543,38,103,.369,87,129,.674,28,115,143,203,44,12,95,80,365
8,1,35,33.9,3.4,7.3,.472,2.3,4.3,.543,1.1,2.9,.369,2.5,3.7,.674,4.1,5.8,1.3,0.3,2.7,2.3,10.4
8,2,35,1187,4.0,8.6,.472,2.8,5.1,.543,1.3,3.5,.369,2.9,4.3,.674,4.8,6.8,1.5,0.4,3.2,2.7,12.3
8,3,35,1187,5.9,12.4,.472,4.0,7.4,.543,1.9,5.0,.369,4.3,6.3,.674,7.0,9.9,2.2,0.6,4.6,3.9,17.8,,111.0,95.2
8,4,35,1187,16.7,.579,.547,.406,.508,417,2.7,10.1,6.5,32.9,2.2,1.0,23.2,17.1,,2.4,2.1,4.6,.153,,3.3,2.3,5.7
9,0,28,597,73,198,.369,57,138,.413,16,60,.267,38,50,.760,36,134,170,38,21,19,47,61,200
9,1,28,21.3,2.6,7.1,.369,2.0,4.9,.413,0.6,2.1,.267,1.4,1.8,.760,6.1,1.4,0.8,0.7,1.7,2.2,7.1
9,2,28,597,4.9,13.3,.369,3.8,9.2,.413,1.1,4.0,.267,2.5,3.4,.760,11.4,2.5,1.4,1.3,3.1,4.1,13.4
9,3,28,597,7.1,19.2,.369,5.5,13.4,.413,1.6,5.8,.267,3.7,4.9,.760,16.5,3.7,2.0,1.8,4.6,5.9,19.4,,91.2,88.0
9,4,28,597,14.0,.451,.409,.303,.253,200,6.8,23.4,15.5,12.8,2.0,3.2,17.5,22.2,,0.2,1.5,1.7,.111,,-2.0,4.5,2.5
10,0,35,1022,116,324,.358,51,139,.367,65,185,.351,58,65,.892,10,60,70,86,31,7,65,43,355
10,1,35,29.2,3.3,9.3,.358,1.5,4.0,.367,1.9,5.3,.351,1.7,1.9,.892,2.0,2.5,0.9,0.2,1.9,1.2,10.1
10,2,35,1022,4.5,12.7,.358,2.0,5.4,.367,2.5,7.2,.351,2.3,2.5,.892,2.7,3.4,1.2,0.3,2.5,1.7,13.9
10,3,35,1022,6.6,18.4,.358,2.9,7.9,.367,3.7,10.5,.351,3.3,3.7,.892,4.0,4.9,1.8,0.4,3.7,2.4,20.2,,99.9,98.2
10,4,35,1022,11.9,.500,.458,.571,.201,334,1.1,6.1,3.7,16.6,1.8,0.7,15.5,20.3,,1.1,1.5,2.6,.103,,1.1,0.8,1.9
11,0,32,397,42,86,.488,42,86,.488,0,0,,34,44,.773,46,66,112,9,9,14,22,62,118
11,1,32,12.4,1.3,2.7,.488,1.3,2.7,.488,0.0,0.0,,1.1,1.4,.773,3.5,0.3,0.3,0.4,0.7,1.9,3.7
11,2,32,397,4.2,8.7,.488,4.2,8.7,.488,0.0,0.0,,3.4,4.4,.773,11.3,0.9,0.9,1.4,2.2,6.2,11.9
11,3,32,397,6.1,12.6,.488,6.1,12.6,.488,0.0,0.0,,5.0,6.4,.773,16.4,1.3,1.3,2.0,3.2,9.1,17.2,,110.7,91.9
11,4,32,397,15.5,.552,.488,.000,.512,123,13.1,17.3,15.3,4.4,1.3,3.6,17.1,16.0,,0.7,0.8,1.5,.155,,-0.6,3.2,2.6
