0,0,33,668,41,112,.366,21,53,.396,20,59,.339,13,23,.565,19,38,57,60,23,3,52,59,115
0,1,33,20.2,1.2,3.4,.366,0.6,1.6,.396,0.6,1.8,.339,0.4,0.7,.565,1.7,1.8,0.7,0.1,1.6,1.8,3.5
0,2,33,668,2.5,6.7,.366,1.3,3.2,.396,1.2,3.5,.339,0.8,1.4,.565,3.4,3.6,1.4,0.2,3.1,3.5,6.9
0,3,33,668,3.7,10.0,.366,1.9,4.7,.396,1.8,5.3,.339,1.2,2.1,.565,5.1,5.4,2.1,0.3,4.7,5.3,10.3,,86.0,104.1
0,4,33,668,6.3,.468,.455,.527,.205,133,3.2,6.8,5.0,15.6,2.1,0.5,29.7,13.1,,-0.1,0.6,0.5,.031,,-3.4,-2.0,-5.4
1,0,33,1022,194,454,.427,116,240,.483,78,214,.364,103,144,.715,62,166,228,63,33,25,88,68,569
1,1,33,31.0,5.9,13.8,.427,3.5,7.3,.483,2.4,6.5,.364,3.1,4.4,.715,6.9,1.9,1.0,0.8,2.7,2.1,17.2
1,2,33,1022,7.6,17.8,.427,4.5,9.4,.483,3.1,8.4,.364,4.0,5.6,.715,8.9,2.5,1.3,1.0,3.4,2.7,22.3
1,3,33,1022,11.4,26.6,.427,6.8,14.0,.483,4.6,12.5,.364,6.0,8.4,.715,13.3,3.7,1.9,1.5,5.2,4.0,33.3,,107.3,98.2
1,4,33,1022,22.9,.545,.513,.471,.317,511,6.9,19.3,13.0,13.8,1.9,2.8,14.4,29.9,,2.6,1.5,4.2,.164,,2.7,-1.8,0.9
2,0,31,317,11,40,.275,11,40,.275,0,0,,3,8,.375,15,19,34,15,9,6,10,26,25
2,1,31,10.2,0.4,1.3,.275,0.4,1.3,.275,0.0,0.0,,0.1,0.3,.375,1.1,0.5,0.3,0.2,0.3,0.8,0.8
2,2,31,317,1.4,5.0,.275,1.4,5.0,.275,0.0,0.0,,0.4,1.0,.375,4.3,1.9,1.1,0.8,1.3,3.3,3.2
2,3,31,317,2.1,7.5,.275,2.1,7.5,.275,0.0,0.0,,0.6,1.5,.375,6.4,2.8,1.7,1.1,1.9,4.9,4.7,,77.5,103.9
2,4,31,317,4.1,.285,.275,.000,.200,36,5.4,7.1,6.2,7.9,1.7,2.2,18.6,8.5,,-0.2,0.3,0.2,.019,,-5.8,-0.2,-5.9
3,0,6,25,1,3,.333,1,2,.500,0,1,.000,1,2,.500,1,0,1,2,2,0,1,3,3
3,1,6,4.2,0.2,0.5,.333,0.2,0.3,.500,0.0,0.2,.000,0.2,0.3,.500,0.2,0.3,0.3,0.0,0.2,0.5,0.5
3,2,6,25,1.6,4.8,.333,1.6,3.2,.500,0.0,1.6,.000,1.6,3.2,.500,1.6,3.2,3.2,0.0,1.6,4.8,4.8
3,3,6,25,2.4,7.2,.333,2.4,4.8,.500,0.0,2.4,.000,2.4,4.8,.500,2.4,4.8,4.8,0.0,2.4,7.2,7.2,,91.3,100.8
3,4,6,25,7.4,.380,.333,.333,.667,4,4.5,0.0,2.3,13.4,4.8,0.0,20.2,9.9,,0.0,0.0,0.0,.056,,-3.2,-1.2,-4.4
4,0,33,864,144,245,.588,144,245,.588,0,0,,57,105,.543,123,143,266,71,24,8,61,90,345
4,1,33,26.2,4.4,7.4,.588,4.4,7.4,.588,0.0,0.0,,1.7,3.2,.543,8.1,2.2,0.7,0.2,1.8,2.7,10.5
4,2,33,864,6.7,11.3,.588,6.7,11.3,.588,0.0,0.0,,2.6,4.9,.543,12.3,3.3,1.1,0.4,2.8,4.2,16.0
4,3,33,864,10.0,17.0,.588,10.0,17.0,.588,0.0,0.0,,3.9,7.3,.543,18.4,4.9,1.7,0.6,4.2,6.2,23.9,,116.2,99.3
4,4,33,864,23.2,.585,.588,.000,.429,363,16.2,19.6,17.9,17.5,1.7,1.1,17.1,20.6,,2.5,1.2,3.8,.174,,3.0,-0.4,2.5
5,0,33,1096,135,350,.386,59,140,.421,76,210,.362,71,105,.676,21,72,93,83,48,3,51,68,417
5,1,33,33.2,4.1,10.6,.386,1.8,4.2,.421,2.3,6.4,.362,2.2,3.2,.676,2.8,2.5,1.5,0.1,1.5,2.1,12.6
5,2,33,1096,4.9,12.8,.386,2.2,5.1,.421,2.8,7.7,.362,2.6,3.8,.676,3.4,3.0,1.8,0.1,1.9,2.5,15.2
5,3,33,1096,7.4,19.1,.386,3.2,7.6,.421,4.1,11.5,.362,3.9,5.7,.676,5.1,4.5,2.6,0.2,2.8,3.7,22.8,,110.3,102.6
5,4,33,1096,15.5,.521,.494,.600,.300,386,2.2,7.8,4.9,14.8,2.6,0.3,11.3,20.6,,2.2,1.2,3.4,.125,,2.0,-2.8,-0.8
6,0,8,31,5,11,.455,0,0,,5,11,.455,1,2,.500,0,2,2,0,0,0,1,1,16
6,1,8,3.9,0.6,1.4,.455,0.0,0.0,,0.6,1.4,.455,0.1,0.3,.500,0.3,0.0,0.0,0.0,0.1,0.1,2.0
6,2,8,31,6.5,14.2,.455,0.0,0.0,,6.5,14.2,.455,1.3,2.6,.500,2.6,0.0,0.0,0.0,1.3,1.3,20.6
6,3,8,31,9.6,21.2,.455,0.0,0.0,,9.6,21.2,.455,1.9,3.9,.500,3.9,0.0,0.0,0.0,1.9,1.9,30.9,,123.9,108.9
6,4,8,31,18.1,.669,.682,1.000,.182,11,0.0,7.7,3.7,0.0,0.0,0.0,7.7,20.9,,0.1,0.0,0.1,.136,,3.2,-9.6,-6.4
7,0,33,802,98,212,.462,98,210,.467,0,2,.000,59,83,.711,75,119,194,63,35,54,52,83,255
7,1,33,24.3,3.0,6.4,.462,3.0,6.4,.467,0.0,0.1,.000,1.8,2.5,.711,5.9,1.9,1.1,1.6,1.6,2.5,7.7
7,2,33,802,4.9,10.6,.462,4.9,10.5,.467,0.0,0.1,.000,2.9,4.1,.711,9.7,3.1,1.7,2.7,2.6,4.1,12.7
7,3,33,802,7.3,15.8,.462,7.3,15.7,.467,0.0,0.1,.000,4.4,6.2,.711,14.5,4.7,2.6,4.0,3.9,6.2,19.0,,106.4,94.6
7,4,33,802,19.8,.507,.462,.009,.392,277,10.6,17.6,14.0,15.3,2.6,7.8,17.1,18.9,,1.4,1.5,2.9,.143,,-1.1,4.0,2.8
8,0,30,478,54,138,.391,44,101,.436,10,37,.270,23,34,.676,9,38,47,51,30,0,34,50,141
8,1,30,15.9,1.8,4.6,.391,1.5,3.4,.436,0.3,1.2,.270,0.8,1.1,.676,1.6,1.7,1.0,0.0,1.1,1.7,4.7
8,2,30,478,4.5,11.5,.391,3.7,8.5,.436,0.8,3.1,.270,1.9,2.8,.676,3.9,4.3,2.5,0.0,2.8,4.2,11.8
8,3,30,478,6.8,17.3,.391,5.5,12.6,.436,1.3,4.6,.270,2.9,4.3,.676,5.9,6.4,3.8,0.0,4.3,6.3,17.6,,94.5,99.3
8,4,30,478,11.9,.457,.428,.268,.246,146,2.1,9.4,5.7,20.4,3.8,0.0,18.1,19.7,,0.3,0.7,0.9,.079,,-2.8,-1.8,-4.6
9,0,33,569,55,93,.591,55,93,.591,0,0,,31,65,.477,41,78,119,25,8,30,30,48,141
9,1,33,17.2,1.7,2.8,.591,1.7,2.8,.591,0.0,0.0,,0.9,2.0,.477,3.6,0.8,0.2,0.9,0.9,1.5,4.3
9,2,33,569,3.9,6.5,.591,3.9,6.5,.591,0.0,0.0,,2.2,4.6,.477,8.4,1.8,0.6,2.1,2.1,3.4,9.9
9,3,33,569,5.8,9.8,.591,5.8,9.8,.591,0.0,0.0,,3.3,6.8,.477,12.5,2.6,0.8,3.2,3.2,5.0,14.8,,106.9,100.1
9,4,33,569,14.7,.569,.591,.000,.699,142,8.2,16.3,12.1,8.1,0.8,6.1,19.5,13.5,,0.7,0.8,1.5,.104,,-2.5,1.1,-1.4
10,0,33,752,105,238,.441,81,158,.513,24,80,.300,54,69,.783,23,57,80,80,21,2,62,50,288
10,1,33,22.8,3.2,7.2,.441,2.5,4.8,.513,0.7,2.4,.300,1.6,2.1,.783,2.4,2.4,0.6,0.1,1.9,1.5,8.7
10,2,33,752,5.6,12.7,.441,4.3,8.4,.513,1.3,4.3,.300,2.9,3.7,.783,4.3,4.3,1.1,0.1,3.3,2.7,15.3
10,3,33,752,8.4,18.9,.441,6.4,12.6,.513,1.9,6.4,.300,4.3,5.5,.783,6.4,6.4,1.7,0.2,4.9,4.0,22.9,,103.8,104.3
10,4,33,752,15.0,.532,.492,.336,.290,284,3.5,9.0,6.2,21.4,1.7,0.3,18.6,22.2,,1.2,0.7,1.9,.103,,-0.3,-3.5,-3.8
