0,0,4,6,0,0,,0,0,,0,0,,0,0,,0,1,1,0,0,0,0,0,0
0,1,4,1.5,0.0,0.0,,0.0,0.0,,0.0,0.0,,0.0,0.0,,0.3,0.0,0.0,0.0,0.0,0.0,0.0
0,2,4,6,0.0,0.0,,0.0,0.0,,0.0,0.0,,0.0,0.0,,6.7,0.0,0.0,0.0,0.0,0.0,0.0
0,3,4,6,0.0,0.0,,0.0,0.0,,0.0,0.0,,0.0,0.0,,9.4,0.0,0.0,0.0,0.0,0.0,0.0,,,100.0
0,4,4,6,3.0,,,,,0,0.0,17.9,9.4,0.0,0.0,0.0,,0.0,,0.0,0.0,0.0,.057,,-7.7,-0.8,-8.5
1,0,28,616,88,173,.509,82,161,.509,6,12,.500,59,101,.584,32,57,89,76,22,0,60,76,241
1,1,28,22.0,3.1,6.2,.509,2.9,5.8,.509,0.2,0.4,.500,2.1,3.6,.584,3.2,2.7,0.8,0.0,2.1,2.7,8.6
1,2,28,616,5.7,11.2,.509,5.3,10.5,.509,0.4,0.8,.500,3.8,6.6,.584,5.8,4.9,1.4,0.0,3.9,4.9,15.6
1,3,28,616,8.1,15.9,.509,7.5,14.8,.509,0.6,1.1,.500,5.4,9.3,.584,8.2,7.0,2.0,0.0,5.5,7.0,22.2,,104.2,98.6
1,4,28,616,16.0,.545,.526,.069,.584,260,6.1,10.0,8.1,26.6,2.0,0.0,21.4,22.3,,1.0,1.0,2.0,.129,,-0.6,-0.8,-1.4
2,0,28,583,59,107,.551,59,105,.562,0,2,.000,42,49,.857,60,92,152,8,17,23,24,64,160
2,1,28,20.8,2.1,3.8,.551,2.1,3.8,.562,0.0,0.1,.000,1.5,1.8,.857,5.4,0.3,0.6,0.8,0.9,2.3,5.7
2,2,28,583,4.0,7.3,.551,4.0,7.2,.562,0.0,0.1,.000,2.9,3.4,.857,10.4,0.5,1.2,1.6,1.6,4.4,11.0
2,3,28,583,5.7,10.4,.551,5.7,10.2,.562,0.0,0.2,.000,4.1,4.8,.857,14.8,0.8,1.7,2.2,2.3,6.2,15.6,,122.3,94.2
2,4,28,583,17.2,.614,.551,.019,.458,164,12.2,17.0,14.7,2.7,1.7,4.7,15.6,12.9,,1.2,1.2,2.4,.163,,-0.9,1.9,1.0
3,0,3,2,0,0,,0,0,,0,0,,0,0,,0,2,2,0,0,0,1,4,0
3,1,3,0.7,0.0,0.0,,0.0,0.0,,0.0,0.0,,0.0,0.0,,0.7,0.0,0.0,0.0,0.3,1.3,0.0
3,2,3,2,0.0,0.0,,0.0,0.0,,0.0,0.0,,0.0,0.0,,40.0,0.0,0.0,0.0,20.0,80.0,0.0
3,3,3,2,0.0,0.0,,0.0,0.0,,0.0,0.0,,0.0,0.0,,56.7,0.0,0.0,0.0,28.3,113.4,0.0,,0.0,41.1
3,4,3,2,-44.8,,,,,0,0.0,100.0,56.3,0.0,0.0,0.0,100.0,24.4,,0.0,0.0,0.0,-.212,,-39.3,-4.1,-43.4
4,0,29,518,75,159,.472,46,81,.568,29,78,.372,32,39,.821,23,68,91,24,23,2,45,39,211
4,1,29,17.9,2.6,5.5,.472,1.6,2.8,.568,1.0,2.7,.372,1.1,1.3,.821,3.1,0.8,0.8,0.1,1.6,1.3,7.3
4,2,29,518,5.8,12.3,.472,3.6,6.3,.568,2.2,6.0,.372,2.5,3.0,.821,7.0,1.9,1.8,0.2,3.5,3.0,16.3
4,3,29,518,8.2,17.4,.472,5.0,8.9,.568,3.2,8.5,.372,3.5,4.3,.821,10.0,2.6,2.5,0.2,4.9,4.3,23.1,,105.3,95.6
4,4,29,518,16.7,.594,.563,.491,.245,193,5.2,14.1,9.9,10.0,2.5,0.5,20.2,21.0,,0.8,1.0,1.8,.136,,0.1,-0.5,-0.4
5,0,29,746,109,249,.438,64,125,.512,45,124,.363,62,78,.795,36,111,147,20,23,2,63,98,325
5,1,29,25.7,3.8,8.6,.438,2.2,4.3,.512,1.6,4.3,.363,2.1,2.7,.795,5.1,0.7,0.8,0.1,2.2,3.4,11.2
5,2,29,746,5.8,13.4,.438,3.4,6.7,.512,2.4,6.6,.363,3.3,4.2,.795,7.9,1.1,1.2,0.1,3.4,5.3,17.4
5,3,29,746,8.3,18.9,.438,4.9,9.5,.512,3.4,9.4,.363,4.7,5.9,.795,11.2,1.5,1.7,0.2,4.8,7.4,24.7,,103.8,96.0
5,4,29,746,15.1,.568,.528,.498,.313,291,5.7,16.0,11.1,5.8,1.7,0.3,18.0,22.8,,1.1,1.4,2.5,.132,,-0.5,-1.8,-2.3
6,0,21,128,9,19,.474,9,19,.474,0,0,,1,3,.333,6,17,23,2,4,9,5,22,19
6,1,21,6.1,0.4,0.9,.474,0.4,0.9,.474,0.0,0.0,,0.0,0.1,.333,1.1,0.1,0.2,0.4,0.2,1.0,0.9
6,2,21,128,2.8,5.9,.474,2.8,5.9,.474,0.0,0.0,,0.3,0.9,.333,7.2,0.6,1.3,2.8,1.6,6.9,5.9
6,3,21,128,4.0,8.4,.474,4.0,8.4,.474,0.0,0.0,,0.4,1.3,.333,10.2,0.9,1.8,4.0,2.2,9.7,8.4,,89.6,93.4
6,4,21,128,8.5,.465,.474,.000,.158,19,5.5,14.3,10.1,2.9,1.8,8.5,19.7,9.7,,0.0,0.3,0.3,.083,,-5.8,4.7,-1.0
7,0,29,847,119,278,.428,73,159,.459,46,119,.387,75,98,.765,41,103,144,46,36,11,80,83,359
7,1,29,29.2,4.1,9.6,.428,2.5,5.5,.459,1.6,4.1,.387,2.6,3.4,.765,5.0,1.6,1.2,0.4,2.8,2.9,12.4
7,2,29,847,5.6,13.1,.428,3.4,7.5,.459,2.2,5.6,.387,3.5,4.6,.765,6.8,2.2,1.7,0.5,3.8,3.9,17.0
7,3,29,847,8.0,18.6,.428,4.9,10.6,.459,3.1,8.0,.387,5.0,6.6,.765,9.6,3.1,2.4,0.7,5.4,5.6,24.0,,101.9,95.8
7,4,29,847,16.0,.553,.511,.428,.353,341,5.7,13.1,9.6,11.7,2.4,1.6,19.8,23.3,,1.2,1.6,2.7,.128,,-0.1,0.4,0.3
8,0,29,606,89,160,.556,89,160,.556,0,0,,39,63,.619,50,87,137,20,12,25,60,95,217
8,1,29,20.9,3.1,5.5,.556,3.1,5.5,.556,0.0,0.0,,1.3,2.2,.619,4.7,0.7,0.4,0.9,2.1,3.3,7.5
8,2,29,606,5.9,10.6,.556,5.9,10.6,.556,0.0,0.0,,2.6,4.2,.619,9.0,1.3,0.8,1.7,4.0,6.3,14.3
8,3,29,606,8.3,15.0,.556,8.3,15.0,.556,0.0,0.0,,3.6,5.9,.619,12.8,1.9,1.1,2.3,5.6,8.9,20.3,,97.7,95.7
8,4,29,606,14.3,.571,.556,.000,.394,209,9.7,15.5,12.7,7.2,1.1,5.0,24.0,20.1,,0.5,1.1,1.6,.106,,-3.5,1.7,-1.8
9,0,22,492,62,174,.356,23,54,.426,39,120,.325,11,12,.917,14,51,65,24,11,2,23,31,174
9,1,22,22.4,2.8,7.9,.356,1.0,2.5,.426,1.8,5.5,.325,0.5,0.5,.917,3.0,1.1,0.5,0.1,1.0,1.4,7.9
9,2,22,492,5.0,14.1,.356,1.9,4.4,.426,3.2,9.8,.325,0.9,1.0,.917,5.3,2.0,0.9,0.2,1.9,2.5,14.1
9,3,22,492,7.1,20.0,.356,2.6,6.2,.426,4.5,13.8,.325,1.3,1.4,.917,7.5,2.8,1.3,0.2,2.6,3.6,20.0,,101.4,99.9
9,4,22,492,11.8,.484,.468,.690,.069,161,3.4,11.2,7.4,10.2,1.3,0.5,11.3,20.1,,0.5,0.7,1.2,.100,,-0.6,-2.1,-2.7
10,0,29,448,29,78,.372,23,54,.426,6,24,.250,37,62,.597,5,35,40,48,24,2,38,44,101
10,1,29,15.4,1.0,2.7,.372,0.8,1.9,.426,0.2,0.8,.250,1.3,2.1,.597,1.4,1.7,0.8,0.1,1.3,1.5,3.5
10,2,29,448,2.6,7.0,.372,2.1,4.8,.426,0.5,2.1,.250,3.3,5.5,.597,3.6,4.3,2.1,0.2,3.4,3.9,9.0
10,3,29,448,3.7,9.9,.372,2.9,6.8,.426,0.8,3.0,.250,4.7,7.8,.597,5.1,6.1,3.0,0.3,4.8,5.6,12.8,,89.7,97.1
10,4,29,448,8.9,.470,.410,.308,.795,116,1.3,8.4,5.0,19.8,3.0,0.5,26.1,15.8,,0.0,0.8,0.8,.069,,-4.1,0.0,-4.1
11,0,27,530,32,93,.344,23,66,.348,9,27,.333,41,59,.695,12,25,37,84,21,0,81,37,114
11,1,27,19.6,1.2,3.4,.344,0.9,2.4,.348,0.3,1.0,.333,1.5,2.2,.695,1.4,3.1,0.8,0.0,3.0,1.4,4.2
11,2,27,530,2.4,7.0,.344,1.7,5.0,.348,0.7,2.0,.333,3.1,4.5,.695,2.8,6.3,1.6,0.0,6.1,2.8,8.6
11,3,27,530,3.4,9.9,.344,2.5,7.1,.348,1.0,2.9,.333,4.4,6.3,.695,4.0,9.0,2.2,0.0,8.7,4.0,12.2,,79.0,100.9
11,4,27,530,6.0,.471,.392,.290,.634,152,2.7,5.1,3.9,29.0,2.2,0.0,40.1,18.6,,-0.6,0.7,0.2,.012,,-6.3,-2.2,-8.5
12,0,23,353,41,126,.325,9,25,.360,32,101,.317,20,30,.667,1,22,23,10,6,1,22,31,134
12,1,23,15.3,1.8,5.5,.325,0.4,1.1,.360,1.4,4.4,.317,0.9,1.3,.667,1.0,0.4,0.3,0.0,1.0,1.3,5.8
12,2,23,353,4.6,14.3,.325,1.0,2.8,.360,3.6,11.4,.317,2.3,3.4,.667,2.6,1.1,0.7,0.1,2.5,3.5,15.2
12,3,23,353,6.6,20.2,.325,1.4,4.0,.360,5.1,16.2,.317,3.2,4.8,.667,3.7,1.6,1.0,0.2,3.5,5.0,21.5,,93.5,102.7
12,4,23,353,7.9,.478,.452,.802,.238,116,0.3,6.7,3.7,5.8,1.0,0.3,13.6,22.4,,0.1,0.4,0.6,.063,,-2.5,-4.2,-6.6
