0,0,13,33,2,3,.667,1,1,1.000,1,2,.500,0,0,,0,2,2,1,0,0,1,6,5
0,1,13,2.5,0.2,0.2,.667,0.1,0.1,1.000,0.1,0.2,.500,0.0,0.0,,0.2,0.1,0.0,0.0,0.1,0.5,0.4
0,2,13,33,2.4,3.6,.667,1.2,1.2,1.000,1.2,2.4,.500,0.0,0.0,,2.4,1.2,0.0,0.0,1.2,7.3,6.1
0,3,13,33,3.5,5.2,.667,1.7,1.7,1.000,1.7,3.5,.500,0.0,0.0,,3.5,1.7,0.0,0.0,1.7,10.4,8.6,,123.8,110.2
0,4,13,33,4.1,.833,.833,.667,.000,4,0.0,6.4,3.3,5.4,0.0,0.0,25.0,5.9,,0.0,0.0,0.0,.058,,-1.5,-2.7,-4.2
1,0,30,470,46,74,.622,46,72,.639,0,2,.000,20,37,.541,39,58,97,19,15,9,24,75,112
1,1,30,15.7,1.5,2.5,.622,1.5,2.4,.639,0.0,0.1,.000,0.7,1.2,.541,3.2,0.6,0.5,0.3,0.8,2.5,3.7
1,2,30,470,3.9,6.3,.622,3.9,6.1,.639,0.0,0.2,.000,1.7,3.1,.541,8.3,1.6,1.3,0.8,2.0,6.4,9.5
1,3,30,470,5.6,9.0,.622,5.6,8.7,.639,0.0,0.2,.000,2.4,4.5,.541,11.8,2.3,1.8,1.1,2.9,9.1,13.6,,113.1,101.9
1,4,30,470,13.1,.612,.622,.027,.500,119,9.4,13.0,11.3,7.7,1.8,2.2,20.8,12.0,,0.7,0.6,1.3,.109,,-0.3,1.4,1.1
2,0,23,460,53,126,.421,30,70,.429,23,56,.411,33,41,.805,12,42,54,34,13,0,26,50,162
2,1,23,20.0,2.3,5.5,.421,1.3,3.0,.429,1.0,2.4,.411,1.4,1.8,.805,2.3,1.5,0.6,0.0,1.1,2.2,7.0
2,2,23,460,4.6,11.0,.421,2.6,6.1,.429,2.0,4.9,.411,2.9,3.6,.805,4.7,3.0,1.1,0.0,2.3,4.3,14.1
2,3,23,460,6.6,15.6,.421,3.7,8.7,.429,2.8,6.9,.411,4.1,5.1,.805,6.7,4.2,1.6,0.0,3.2,6.2,20.1,,110.6,105.3
2,4,23,460,13.5,.557,.512,.444,.325,157,3.0,9.6,6.4,14.5,1.6,0.0,15.2,18.2,,0.8,0.4,1.3,.110,,0.8,-1.7,-0.9
3,0,24,493,87,194,.448,58,110,.527,29,84,.345,29,41,.707,31,65,96,9,9,11,23,62,232
3,1,24,20.5,3.6,8.1,.448,2.4,4.6,.527,1.2,3.5,.345,1.2,1.7,.707,4.0,0.4,0.4,0.5,1.0,2.6,9.7
3,2,24,493,7.1,15.7,.448,4.7,8.9,.527,2.4,6.8,.345,2.4,3.3,.707,7.8,0.7,0.7,0.9,1.9,5.0,18.8
3,3,24,493,10.0,22.4,.448,6.7,12.7,.527,3.3,9.7,.345,3.3,4.7,.707,11.1,1.0,1.0,1.3,2.7,7.2,26.8,,109.9,103.3
3,4,24,493,17.6,.543,.523,.433,.211,203,7.1,13.9,10.7,4.1,1.0,2.6,9.7,23.4,,1.0,0.6,1.6,.130,,0.8,-2.4,-1.7
4,0,3,11,1,2,.500,0,0,,1,2,.500,0,0,,1,0,1,0,0,0,1,0,3
4,1,3,3.7,0.3,0.7,.500,0.0,0.0,,0.3,0.7,.500,0.0,0.0,,0.3,0.0,0.0,0.0,0.3,0.0,1.0
4,2,3,11,3.6,7.3,.500,0.0,0.0,,3.6,7.3,.500,0.0,0.0,,3.6,0.0,0.0,0.0,3.6,0.0,10.9
4,3,3,11,5.2,10.4,.500,0.0,0.0,,5.2,10.4,.500,0.0,0.0,,5.2,0.0,0.0,0.0,5.2,0.0,15.5,,101.9,114.3
4,4,3,11,9.1,.750,.750,1.000,.000,3,10.3,0.0,5.0,0.0,0.0,0.0,33.3,13.3,,0.0,0.0,0.0,.036,,0.1,-5.4,-5.4
5,0,18,130,11,32,.344,5,19,.263,6,13,.462,0,2,.000,8,13,21,5,1,1,9,14,28
5,1,18,7.2,0.6,1.8,.344,0.3,1.1,.263,0.3,0.7,.462,0.0,0.1,.000,1.2,0.3,0.1,0.1,0.5,0.8,1.6
5,2,18,130,3.4,9.8,.344,1.5,5.8,.263,1.8,4.0,.462,0.0,0.6,.000,6.5,1.5,0.3,0.3,2.8,4.3,8.6
5,3,18,130,4.8,14.0,.344,2.2,8.3,.263,2.6,5.7,.462,0.0,0.9,.000,9.2,2.2,0.4,0.4,3.9,6.1,12.3,,82.9,107.1
5,4,18,130,4.8,.425,.438,.406,.063,29,7.0,10.5,8.8,7.1,0.4,0.9,21.5,15.8,,-0.1,0.1,0.0,.011,,-4.5,-2.0,-6.5
6,0,31,673,78,212,.368,49,100,.490,29,112,.259,35,49,.714,59,126,185,23,19,8,42,63,220
6,1,31,21.7,2.5,6.8,.368,1.6,3.2,.490,0.9,3.6,.259,1.1,1.6,.714,6.0,0.7,0.6,0.3,1.4,2.0,7.1
6,2,31,673,4.6,12.6,.368,2.9,5.9,.490,1.7,6.7,.259,2.1,2.9,.714,11.0,1.4,1.1,0.5,2.5,3.7,13.1
6,3,31,673,6.6,17.9,.368,4.1,8.5,.490,2.5,9.5,.259,3.0,4.1,.714,15.7,1.9,1.6,0.7,3.6,5.3,18.6,,97.3,99.7
6,4,31,673,13.4,.468,.436,.528,.231,224,10.0,19.8,15.0,6.7,1.6,1.4,15.1,20.1,,0.5,1.0,1.5,.088,,-1.1,-0.7,-1.8
7,0,22,565,69,150,.460,61,118,.517,8,32,.250,66,96,.688,21,70,91,75,26,3,65,48,212
7,1,22,25.7,3.1,6.8,.460,2.8,5.4,.517,0.4,1.5,.250,3.0,4.4,.688,4.1,3.4,1.2,0.1,3.0,2.2,9.6
7,2,22,565,4.9,10.6,.460,4.3,8.4,.517,0.6,2.3,.250,4.7,6.8,.688,6.4,5.3,1.8,0.2,4.6,3.4,15.0
7,3,22,565,7.0,15.1,.460,6.1,11.9,.517,0.8,3.2,.250,6.7,9.7,.688,9.2,7.6,2.6,0.3,6.6,4.8,21.4,,99.2,101.1
7,4,22,565,15.9,.542,.487,.213,.640,231,4.2,13.1,8.8,26.4,2.6,0.6,24.9,22.5,,0.6,0.8,1.4,.097,,-0.3,0.4,0.1
8,0,31,762,118,261,.452,118,256,.461,0,5,.000,125,168,.744,27,81,108,92,32,1,87,73,361
8,1,31,24.6,3.8,8.4,.452,3.8,8.3,.461,0.0,0.2,.000,4.0,5.4,.744,3.5,3.0,1.0,0.0,2.8,2.4,11.6
8,2,31,762,6.2,13.7,.452,6.2,13.4,.461,0.0,0.3,.000,6.6,8.8,.744,5.7,4.8,1.7,0.1,4.6,3.8,19.0
8,3,31,762,8.8,19.5,.452,8.8,19.1,.461,0.0,0.4,.000,9.3,12.6,.744,8.1,6.9,2.4,0.1,6.5,5.5,27.0,,101.3,102.7
8,4,31,762,17.6,.530,.452,.019,.644,373,4.0,11.2,7.8,25.6,2.4,0.2,20.3,27.4,,1.2,0.9,2.1,.110,,-0.8,-0.5,-1.3
9,0,29,537,66,167,.395,31,60,.517,35,107,.327,24,37,.649,7,46,53,86,34,0,59,38,191
9,1,29,18.5,2.3,5.8,.395,1.1,2.1,.517,1.2,3.7,.327,0.8,1.3,.649,1.8,3.0,1.2,0.0,2.0,1.3,6.6
9,2,29,537,4.9,12.4,.395,2.3,4.5,.517,2.6,8.0,.327,1.8,2.8,.649,3.9,6.4,2.5,0.0,4.4,2.8,14.2
9,3,29,537,7.0,17.7,.395,3.3,6.4,.517,3.7,11.3,.327,2.5,3.9,.649,5.6,9.1,3.6,0.0,6.3,4.0,20.3,,96.8,101.3
9,4,29,537,14.6,.517,.500,.641,.222,208,1.5,9.0,5.4,31.8,3.6,0.0,24.2,22.1,,0.4,0.7,1.1,.085,,0.8,-1.3,-0.5
10,0,31,733,89,249,.357,33,71,.465,56,178,.315,55,88,.625,8,34,42,28,25,0,45,63,289
10,1,31,23.6,2.9,8.0,.357,1.1,2.3,.465,1.8,5.7,.315,1.8,2.8,.625,1.4,0.9,0.8,0.0,1.5,2.0,9.3
10,2,31,733,4.9,13.6,.357,1.8,3.9,.465,3.1,9.7,.315,3.0,4.8,.625,2.3,1.5,1.4,0.0,2.5,3.4,15.8
10,3,31,733,6.9,19.3,.357,2.6,5.5,.465,4.4,13.8,.315,4.3,6.8,.625,3.3,2.2,1.9,0.0,3.5,4.9,22.5,,97.5,107.1
10,4,31,733,10.3,.497,.470,.715,.353,256,1.2,4.9,3.1,7.6,1.9,0.0,13.4,22.4,,0.6,0.6,1.1,.063,,0.0,-3.2,-3.2
11,0,29,368,54,84,.643,54,84,.643,0,0,,20,31,.645,20,63,83,4,10,25,21,57,128
11,1,29,12.7,1.9,2.9,.643,1.9,2.9,.643,0.0,0.0,,0.7,1.1,.645,2.9,0.1,0.3,0.9,0.7,2.0,4.4
11,2,29,368,5.9,9.1,.643,5.9,9.1,.643,0.0,0.0,,2.2,3.4,.645,9.0,0.4,1.1,2.7,2.3,6.2,13.9
11,3,29,368,8.4,13.0,.643,8.4,13.0,.643,0.0,0.0,,3.1,4.8,.645,12.8,0.6,1.5,3.9,3.2,8.8,19.8,,112.8,97.6
11,4,29,368,17.9,.648,.643,.000,.369,110,6.2,18.1,12.3,2.3,1.5,8.0,17.5,15.9,,0.6,0.6,1.2,.136,,-2.1,2.7,0.6
12,0,31,382,39,70,.557,39,69,.565,0,1,.000,20,38,.526,29,64,93,6,11,30,14,40,98
12,1,31,12.3,1.3,2.3,.557,1.3,2.2,.565,0.0,0.0,.000,0.6,1.2,.526,3.0,0.2,0.4,1.0,0.5,1.3,3.2
12,2,31,382,4.1,7.3,.557,4.1,7.2,.565,0.0,0.1,.000,2.1,4.0,.526,9.7,0.6,1.2,3.1,1.5,4.2,10.3
12,3,31,382,5.8,10.4,.557,5.8,10.3,.565,0.0,0.1,.000,3.0,5.7,.526,13.9,0.9,1.6,4.5,2.1,6.0,14.6,,111.2,97.3
12,4,31,382,16.5,.557,.557,.014,.543,97,8.6,17.7,13.3,3.0,1.6,9.2,13.7,13.0,,0.5,0.7,1.2,.123,,-2.5,4.2,1.7
13,0,31,607,66,150,.440,49,96,.510,17,54,.315,30,51,.588,32,75,107,17,11,19,30,65,179
13,1,31,19.6,2.1,4.8,.440,1.6,3.1,.510,0.5,1.7,.315,1.0,1.6,.588,3.5,0.5,0.4,0.6,1.0,2.1,5.8
13,2,31,607,4.3,9.9,.440,3.2,6.3,.510,1.1,3.6,.315,2.0,3.4,.588,7.1,1.1,0.7,1.3,2.0,4.3,11.8
13,3,31,607,6.2,14.1,.440,4.6,9.0,.510,1.6,5.1,.315,2.8,4.8,.588,10.0,1.6,1.0,1.8,2.8,6.1,16.8,,101.7,103.4
13,4,31,607,11.8,.514,.497,.360,.340,171,6.0,13.0,9.6,5.4,1.0,3.7,14.7,16.4,,0.5,0.7,1.3,.083,,-1.7,0.3,-1.4
