0,0,32,789,135,311,.434,92,200,.460,43,111,.387,120,152,.789,30,76,106,43,32,1,54,61,433
0,1,32,24.7,4.2,9.7,.434,2.9,6.3,.460,1.3,3.5,.387,3.8,4.8,.789,3.3,1.3,1.0,0.0,1.7,1.9,13.5
0,2,32,789,6.8,15.8,.434,4.7,10.1,.460,2.2,5.6,.387,6.1,7.7,.789,5.4,2.2,1.6,0.1,2.7,3.1,22.0
0,3,32,789,10.0,23.1,.434,6.8,14.8,.460,3.2,8.2,.387,8.9,11.3,.789,7.9,3.2,2.4,0.1,4.0,4.5,32.1,,111.6,100.3
0,4,32,789,21.7,.565,.503,.357,.489,399,4.7,11.0,8.0,12.5,2.4,0.2,12.4,28.6,,2.3,1.1,3.4,.173,,2.0,-3.4,-1.4
1,0,32,795,76,153,.497,47,88,.534,29,65,.446,58,76,.763,49,101,150,66,49,19,55,100,239
1,1,32,24.8,2.4,4.8,.497,1.5,2.8,.534,0.9,2.0,.446,1.8,2.4,.763,4.7,2.1,1.5,0.6,1.7,3.1,7.5
1,2,32,795,3.8,7.7,.497,2.4,4.4,.534,1.5,3.3,.446,2.9,3.8,.763,7.5,3.3,2.5,1.0,2.8,5.0,12.0
1,3,32,795,5.6,11.3,.497,3.5,6.5,.534,2.1,4.8,.446,4.3,5.6,.763,11.0,4.9,3.6,1.4,4.0,7.4,17.6,,116.2,94.4
1,4,32,795,18.3,.632,.592,.425,.497,262,7.6,14.5,11.2,16.2,3.6,3.0,22.5,15.9,,1.8,1.5,3.3,.166,,2.4,2.2,4.7
2,0,31,926,91,227,.401,47,111,.423,44,116,.379,81,109,.743,11,74,85,99,40,0,58,61,307
2,1,31,29.9,2.9,7.3,.401,1.5,3.6,.423,1.4,3.7,.379,2.6,3.5,.743,2.7,3.2,1.3,0.0,1.9,2.0,9.9
2,2,31,926,3.9,9.8,.401,2.0,4.8,.423,1.9,5.0,.379,3.5,4.7,.743,3.7,4.3,1.7,0.0,2.5,2.6,13.3
2,3,31,926,5.8,14.3,.401,3.0,7.0,.423,2.8,7.3,.379,5.1,6.9,.743,5.4,6.3,2.5,0.0,3.7,3.9,19.4,,109.2,101.0
2,4,31,926,15.0,.551,.498,.511,.480,321,1.5,9.1,5.4,21.0,2.5,0.0,17.2,18.8,,1.7,1.2,2.9,.126,,1.0,-2.2,-1.1
3,0,32,975,156,321,.486,121,235,.515,35,86,.407,53,89,.596,59,145,204,48,30,22,80,69,400
3,1,32,30.5,4.9,10.0,.486,3.8,7.3,.515,1.1,2.7,.407,1.7,2.8,.596,6.4,1.5,0.9,0.7,2.5,2.2,12.5
3,2,32,975,6.4,13.2,.486,5.0,9.6,.515,1.4,3.5,.407,2.2,3.7,.596,8.4,2.0,1.2,0.9,3.3,2.8,16.4
3,3,32,975,9.4,19.3,.486,7.3,14.1,.515,2.1,5.2,.407,3.2,5.3,.596,12.2,2.9,1.8,1.3,4.8,4.1,24.0,,101.4,97.7
3,4,32,975,17.6,.551,.540,.268,.277,383,7.5,17.0,12.4,11.0,1.8,2.9,18.0,23.5,,1.3,1.6,2.9,.120,,-0.7,-0.3,-1.0
4,0,30,713,137,297,.461,68,138,.493,69,159,.434,47,56,.839,20,82,102,35,31,4,61,47,390
4,1,30,23.8,4.6,9.9,.461,2.3,4.6,.493,2.3,5.3,.434,1.6,1.9,.839,3.4,1.2,1.0,0.1,2.0,1.6,13.0
4,2,30,713,7.7,16.7,.461,3.8,7.7,.493,3.9,8.9,.434,2.6,3.1,.839,5.7,2.0,1.7,0.2,3.4,2.6,21.9
4,3,30,713,11.2,24.4,.461,5.6,11.3,.493,5.7,13.1,.434,3.9,4.6,.839,8.4,2.9,2.5,0.3,5.0,3.9,32.0,,107.6,98.7
4,4,30,713,21.4,.603,.577,.535,.189,334,3.5,13.2,8.5,11.8,2.5,0.7,15.9,27.9,,1.7,1.1,2.7,.154,,2.7,-2.9,-0.2
5,0,32,585,64,152,.421,51,116,.440,13,36,.361,45,59,.763,24,63,87,23,15,8,40,64,186
5,1,32,18.3,2.0,4.8,.421,1.6,3.6,.440,0.4,1.1,.361,1.4,1.8,.763,2.7,0.7,0.5,0.3,1.3,2.0,5.8
5,2,32,585,4.4,10.4,.421,3.5,7.9,.440,0.9,2.5,.361,3.1,4.0,.763,5.9,1.6,1.0,0.5,2.7,4.4,12.7
5,3,32,585,6.4,15.2,.421,5.1,11.6,.440,1.3,3.6,.361,4.5,5.9,.763,8.7,2.3,1.5,0.8,4.0,6.4,18.6,,97.5,100.8
5,4,32,585,11.4,.517,.464,.237,.388,182,5.1,12.3,8.8,7.9,1.5,1.7,18.2,19.4,,0.5,0.8,1.2,.084,,-3.2,-1.8,-5.0
6,0,32,738,38,95,.400,20,47,.426,18,48,.375,41,52,.788,16,68,84,62,34,2,39,48,135
6,1,32,23.1,1.2,3.0,.400,0.6,1.5,.426,0.6,1.5,.375,1.3,1.6,.788,2.6,1.9,1.1,0.1,1.2,1.5,4.2
6,2,32,738,2.1,5.1,.400,1.1,2.5,.426,1.0,2.6,.375,2.2,2.8,.788,4.6,3.4,1.8,0.1,2.1,2.6,7.3
6,3,32,738,3.0,7.5,.400,1.6,3.7,.426,1.4,3.8,.375,3.3,4.1,.788,6.7,4.9,2.7,0.2,3.1,3.8,10.7,,107.2,99.8
6,4,32,738,10.9,.564,.495,.505,.547,159,2.7,10.5,6.8,15.1,2.7,0.3,24.6,11.1,,0.8,1.0,1.8,.098,,-0.7,-0.3,-1.0
7,0,30,249,18,47,.383,3,6,.500,15,41,.366,4,7,.571,11,17,28,6,10,0,9,16,55
7,1,30,8.3,0.6,1.6,.383,0.1,0.2,.500,0.5,1.4,.366,0.1,0.2,.571,0.9,0.2,0.3,0.0,0.3,0.5,1.8
7,2,30,249,2.9,7.6,.383,0.5,1.0,.500,2.4,6.6,.366,0.6,1.1,.571,4.5,1.0,1.6,0.0,1.4,2.6,8.8
7,3,30,249,4.2,11.0,.383,0.7,1.4,.500,3.5,9.6,.366,0.9,1.6,.571,6.6,1.4,2.4,0.0,2.1,3.8,12.9,,106.2,102.0
7,4,30,249,10.1,.546,.543,.872,.149,53,5.4,7.8,6.7,4.5,2.4,0.0,15.2,12.3,,0.2,0.3,0.5,.088,,0.0,-2.4,-2.4
8,0,31,548,68,141,.482,66,136,.485,2,5,.400,24,36,.667,36,58,94,38,15,36,37,73,162
8,1,31,17.7,2.2,4.5,.482,2.1,4.4,.485,0.1,0.2,.400,0.8,1.2,.667,3.0,1.2,0.5,1.2,1.2,2.4,5.2
8,2,31,548,5.0,10.3,.482,4.8,9.9,.485,0.1,0.4,.400,1.8,2.6,.667,6.9,2.8,1.1,2.6,2.7,5.3,11.8
8,3,31,548,7.3,15.1,.482,7.0,14.5,.485,0.2,0.5,.400,2.6,3.8,.667,10.0,4.1,1.6,3.8,4.0,7.8,17.3,,100.9,97.9
8,4,31,548,14.9,.512,.489,.035,.255,176,8.1,12.1,10.2,14.3,1.6,8.3,19.0,18.4,,0.6,0.9,1.5,.107,,-2.7,3.0,0.3
9,0,7,37,2,6,.333,1,2,.500,1,4,.250,4,4,1.000,0,4,4,7,1,0,1,3,9
9,1,7,5.3,0.3,0.9,.333,0.1,0.3,.500,0.1,0.6,.250,0.6,0.6,1.000,0.6,1.0,0.1,0.0,0.1,0.4,1.3
9,2,7,37,2.2,6.5,.333,1.1,2.2,.500,1.1,4.3,.250,4.3,4.3,1.000,4.3,7.6,1.1,0.0,1.1,3.2,9.7
9,3,7,37,3.2,9.5,.333,1.6,3.2,.500,1.6,6.3,.250,6.3,6.3,1.000,6.3,11.1,1.6,0.0,1.6,4.7,14.2,,138.0,101.5
9,4,7,37,17.0,.570,.417,.667,.667,12,0.0,12.4,6.4,34.1,1.6,0.0,11.2,12.4,,0.1,0.0,0.2,.182,,1.3,-4.5,-3.2
10,0,26,165,8,25,.320,5,6,.833,3,19,.158,4,7,.571,6,17,23,6,6,5,6,14,23
10,1,26,6.3,0.3,1.0,.320,0.2,0.2,.833,0.1,0.7,.158,0.2,0.3,.571,0.9,0.2,0.2,0.2,0.2,0.5,0.9
10,2,26,165,1.9,6.1,.320,1.2,1.5,.833,0.7,4.6,.158,1.0,1.7,.571,5.6,1.5,1.5,1.2,1.5,3.4,5.6
10,3,26,165,2.8,8.9,.320,1.8,2.1,.833,1.1,6.7,.158,1.4,2.5,.571,8.2,2.1,2.1,1.8,2.1,5.0,8.2,,87.7,99.0
10,4,26,165,7.5,.406,.380,.760,.280,26,4.5,11.8,8.3,6.5,2.1,3.8,17.5,10.7,,0.0,0.2,0.2,.057,,-3.3,0.5,-2.8
