0,0,33,1007,121,277,.437,119,270,.441,2,7,.286,99,132,.750,82,167,249,43,38,48,56,98,343
0,1,33,30.5,3.7,8.4,.437,3.6,8.2,.441,0.1,0.2,.286,3.0,4.0,.750,7.5,1.3,1.2,1.5,1.7,3.0,10.4
0,2,33,1007,4.8,11.0,.437,4.7,10.7,.441,0.1,0.3,.286,3.9,5.2,.750,9.9,1.7,1.5,1.9,2.2,3.9,13.6
0,3,33,1007,7.1,16.3,.437,7.0,15.9,.441,0.1,0.4,.286,5.8,7.8,.750,14.7,2.5,2.2,2.8,3.3,5.8,20.2,,105.8,94.3
0,4,33,1007,18.5,.505,.440,.025,.477,346,8.9,18.1,13.5,8.7,2.2,5.0,14.2,19.6,,1.6,2.0,3.6,.141,,-2.3,2.0,-0.3
1,0,31,259,15,53,.283,3,9,.333,12,44,.273,10,13,.769,5,24,29,16,6,0,10,19,52
1,1,31,8.4,0.5,1.7,.283,0.1,0.3,.333,0.4,1.4,.273,0.3,0.4,.769,0.9,0.5,0.2,0.0,0.3,0.6,1.7
1,2,31,259,2.3,8.2,.283,0.5,1.4,.333,1.9,6.8,.273,1.5,2.0,.769,4.5,2.5,0.9,0.0,1.5,2.9,8.0
1,3,31,259,3.4,12.2,.283,0.7,2.1,.333,2.8,10.1,.273,2.3,3.0,.769,6.7,3.7,1.4,0.0,2.3,4.4,11.9,,96.4,102.6
1,4,31,259,7.4,.439,.396,.830,.245,54,2.1,10.1,6.1,11.1,1.4,0.0,14.5,13.3,,0.1,0.3,0.4,.064,,-3.0,-3.1,-6.1
2,0,23,240,18,66,.273,7,17,.412,11,49,.224,12,13,.923,3,19,22,14,0,0,12,20,59
2,1,23,10.4,0.8,2.9,.273,0.3,0.7,.412,0.5,2.1,.224,0.5,0.6,.923,1.0,0.6,0.0,0.0,0.5,0.9,2.6
2,2,23,240,3.0,11.0,.273,1.2,2.8,.412,1.8,8.2,.224,2.0,2.2,.923,3.7,2.3,0.0,0.0,2.0,3.3,9.8
2,3,23,240,4.5,16.3,.273,1.7,4.2,.412,2.7,12.1,.224,3.0,3.2,.923,5.4,3.5,0.0,0.0,3.0,5.0,14.6,,88.3,106.2
2,4,23,240,4.7,.409,.356,.742,.197,58,1.4,8.6,5.0,10.8,0.0,0.0,14.3,17.5,,0.0,0.2,0.2,.029,,-4.5,-5.2,-9.7
3,0,30,190,10,20,.500,10,20,.500,0,0,,4,16,.250,13,22,35,0,1,7,10,34,24
3,1,30,6.3,0.3,0.7,.500,0.3,0.7,.500,0.0,0.0,,0.1,0.5,.250,1.2,0.0,0.0,0.2,0.3,1.1,0.8
3,2,30,190,2.1,4.2,.500,2.1,4.2,.500,0.0,0.0,,0.8,3.4,.250,7.4,0.0,0.2,1.5,2.1,7.2,5.1
3,3,30,190,3.1,6.3,.500,3.1,6.3,.500,0.0,0.0,,1.3,5.0,.250,10.9,0.0,0.3,2.2,3.1,10.6,7.5,,77.1,101.1
3,4,30,190,3.7,.435,.500,.000,.800,26,7.5,12.6,10.0,0.0,0.3,3.9,26.6,9.9,,-0.1,0.2,0.1,.027,,-8.2,-2.5,-10.7
4,0,31,574,85,175,.486,76,151,.503,9,24,.375,40,64,.625,49,81,130,39,25,13,41,37,219
4,1,31,18.5,2.7,5.6,.486,2.5,4.9,.503,0.3,0.8,.375,1.3,2.1,.625,4.2,1.3,0.8,0.4,1.3,1.2,7.1
4,2,31,574,5.9,12.2,.486,5.3,10.5,.503,0.6,1.7,.375,2.8,4.5,.625,9.1,2.7,1.7,0.9,2.9,2.6,15.3
4,3,31,574,8.8,18.1,.486,7.9,15.6,.503,0.9,2.5,.375,4.1,6.6,.625,13.5,4.0,2.6,1.3,4.2,3.8,22.7,,105.6,96.3
4,4,31,574,20.0,.533,.511,.137,.366,219,9.3,15.4,12.3,14.6,2.6,2.4,16.6,21.4,,1.0,1.0,2.0,.139,,-0.6,0.3,-0.4
5,0,33,1043,98,306,.320,42,136,.309,56,170,.329,95,109,.872,10,74,84,110,51,1,79,80,347
5,1,33,31.6,3.0,9.3,.320,1.3,4.1,.309,1.7,5.2,.329,2.9,3.3,.872,2.5,3.3,1.5,0.0,2.4,2.4,10.5
5,2,33,1043,3.8,11.7,.320,1.6,5.2,.309,2.1,6.5,.329,3.6,4.2,.872,3.2,4.2,2.0,0.0,3.0,3.1,13.3
5,3,33,1043,5.6,17.4,.320,2.4,7.7,.309,3.2,9.7,.329,5.4,6.2,.872,4.8,6.3,2.9,0.1,4.5,4.6,19.8,,98.5,100.2
5,4,33,1043,12.6,.485,.412,.556,.356,352,1.0,7.7,4.4,20.3,2.9,0.1,18.1,20.9,,1.0,1.4,2.4,.093,,-1.0,-2.1,-3.1
6,0,22,134,13,33,.394,13,32,.406,0,1,.000,8,12,.667,8,19,27,5,1,4,8,18,34
6,1,22,6.1,0.6,1.5,.394,0.6,1.5,.406,0.0,0.0,.000,0.4,0.5,.667,1.2,0.2,0.0,0.2,0.4,0.8,1.5
6,2,22,134,3.9,9.9,.394,3.9,9.6,.406,0.0,0.3,.000,2.4,3.6,.667,8.1,1.5,0.3,1.2,2.4,5.4,10.1
6,3,22,134,5.8,14.6,.394,5.8,14.2,.406,0.0,0.4,.000,3.5,5.3,.667,12.0,2.2,0.4,1.8,3.5,8.0,15.1,,90.1,100.2
6,4,22,134,8.9,.439,.394,.030,.364,35,6.5,15.4,11.0,7.2,0.4,3.1,17.1,17.4,,0.0,0.2,0.2,.058,,-6.9,-1.8,-8.7
7,0,33,1029,128,227,.564,128,226,.566,0,1,.000,68,130,.523,136,208,344,58,29,8,62,64,324
7,1,33,31.2,3.9,6.9,.564,3.9,6.8,.566,0.0,0.0,.000,2.1,3.9,.523,10.4,1.8,0.9,0.2,1.9,1.9,9.8
7,2,33,1029,5.0,8.8,.564,5.0,8.8,.566,0.0,0.0,.000,2.6,5.1,.523,13.4,2.3,1.1,0.3,2.4,2.5,12.6
7,3,33,1029,7.4,13.1,.564,7.4,13.0,.566,0.0,0.1,.000,3.9,7.5,.523,19.9,3.3,1.7,0.5,3.6,3.7,18.7,,112.5,96.3
7,4,33,1029,20.4,.561,.564,.004,.573,354,14.4,22.0,18.2,11.5,1.7,0.8,17.7,17.0,,2.2,1.8,4.0,.154,,0.4,0.2,0.6
8,0,10,41,2,3,.667,2,3,.667,0,0,,1,3,.333,3,5,8,0,0,2,1,9,5
8,1,10,4.1,0.2,0.3,.667,0.2,0.3,.667,0.0,0.0,,0.1,0.3,.333,0.8,0.0,0.0,0.2,0.1,0.9,0.5
8,2,10,41,2.0,2.9,.667,2.0,2.9,.667,0.0,0.0,,1.0,2.9,.333,7.8,0.0,0.0,2.0,1.0,8.8,4.9
8,3,10,41,2.9,4.3,.667,2.9,4.3,.667,0.0,0.0,,1.4,4.3,.333,11.6,0.0,0.0,2.9,1.4,13.0,7.2,,108.1,100.6
8,4,10,41,6.6,.565,.667,.000,1.000,5,8.0,13.3,10.6,0.0,0.0,5.1,18.4,6.6,,0.0,0.1,0.1,.080,,-5.8,-2.1,-7.9
9,0,33,781,119,238,.500,103,190,.542,16,48,.333,48,82,.585,54,82,136,46,27,34,42,68,302
9,1,33,23.7,3.6,7.2,.500,3.1,5.8,.542,0.5,1.5,.333,1.5,2.5,.585,4.1,1.4,0.8,1.0,1.3,2.1,9.2
9,2,33,781,6.1,12.2,.500,5.3,9.7,.542,0.8,2.5,.333,2.5,4.2,.585,7.0,2.4,1.4,1.7,2.2,3.5,15.5
9,3,33,781,9.1,18.1,.500,7.8,14.5,.542,1.2,3.7,.333,3.7,6.2,.585,10.3,3.5,2.1,2.6,3.2,5.2,23.0,,110.3,97.9
9,4,33,781,19.7,.545,.534,.202,.345,288,7.5,11.4,9.5,12.8,2.1,4.6,13.2,20.4,,1.6,1.2,2.9,.147,,0.2,0.8,1.0
10,0,33,1101,185,479,.386,102,227,.449,83,252,.329,89,105,.848,13,78,91,73,28,4,76,49,542
10,1,33,33.4,5.6,14.5,.386,3.1,6.9,.449,2.5,7.6,.329,2.7,3.2,.848,2.8,2.2,0.8,0.1,2.3,1.5,16.4
10,2,33,1101,6.7,17.4,.386,3.7,8.2,.449,3.0,9.2,.329,3.2,3.8,.848,3.3,2.7,1.0,0.1,2.8,1.8,19.7
10,3,33,1101,10.0,25.8,.386,5.5,12.2,.449,4.5,13.6,.329,4.8,5.7,.848,4.9,3.9,1.5,0.2,4.1,2.6,29.2,,103.4,103.3
10,4,33,1101,16.3,.512,.473,.526,.219,482,1.3,7.7,4.5,14.9,1.5,0.4,12.6,27.4,,2.0,1.2,3.1,.114,,0.8,-4.2,-3.4
11,0,25,276,25,54,.463,25,51,.490,0,3,.000,4,6,.667,3,40,43,39,8,0,16,28,54
11,1,25,11.0,1.0,2.2,.463,1.0,2.0,.490,0.0,0.1,.000,0.2,0.2,.667,1.7,1.6,0.3,0.0,0.6,1.1,2.2
11,2,25,276,3.6,7.8,.463,3.6,7.4,.490,0.0,0.4,.000,0.6,0.9,.667,6.2,5.7,1.2,0.0,2.3,4.1,7.8
11,3,25,276,5.4,11.6,.463,5.4,11.0,.490,0.0,0.6,.000,0.9,1.3,.667,9.3,8.4,1.7,0.0,3.4,6.0,11.6,,98.3,99.2
11,4,25,276,11.1,.475,.463,.056,.111,65,1.2,15.8,8.5,27.0,1.7,0.0,22.0,13.2,,0.2,0.4,0.6,.085,,-4.5,-1.9,-6.3
