0,0,4,7,0,1,.000,0,1,.000,0,0,,4,4,1.000,1,1,2,0,0,0,0,1,4
0,1,4,1.8,0.0,0.3,.000,0.0,0.3,.000,0.0,0.0,,1.0,1.0,1.000,0.5,0.0,0.0,0.0,0.0,0.3,1.0
0,2,4,7,0.0,5.7,.000,0.0,5.7,.000,0.0,0.0,,22.9,22.9,1.000,11.4,0.0,0.0,0.0,0.0,5.7,22.9
0,3,4,7,0.0,8.5,.000,0.0,8.5,.000,0.0,0.0,,33.8,33.8,1.000,16.9,0.0,0.0,0.0,0.0,8.5,33.8,,172.9,98.1
0,4,4,7,32.0,.690,.000,.000,4.000,4,17.5,15.7,16.5,0.0,0.0,0.0,0.0,21.8,,0.1,0.0,0.1,.411,,5.3,-7.3,-2.0
1,0,33,606,69,133,.519,69,131,.527,0,2,.000,34,69,.493,45,106,151,25,14,32,45,76,172
1,1,33,18.4,2.1,4.0,.519,2.1,4.0,.527,0.0,0.1,.000,1.0,2.1,.493,4.6,0.8,0.4,1.0,1.4,2.3,5.2
1,2,33,606,4.6,8.8,.519,4.6,8.6,.527,0.0,0.1,.000,2.2,4.6,.493,10.0,1.7,0.9,2.1,3.0,5.0,11.4
1,3,33,606,6.7,13.0,.519,6.7,12.8,.527,0.0,0.2,.000,3.3,6.7,.493,14.7,2.4,1.4,3.1,4.4,7.4,16.8,,94.4,90.6
1,4,33,606,14.0,.519,.519,.015,.519,180,9.1,19.2,14.4,8.1,1.4,6.0,21.3,18.3,,0.3,1.4,1.7,.111,,-2.7,5.0,2.3
2,0,33,382,103,189,.545,103,188,.548,0,1,.000,34,61,.557,15,57,72,7,5,18,29,51,240
2,1,33,11.6,3.1,5.7,.545,3.1,5.7,.548,0.0,0.0,.000,1.0,1.8,.557,2.2,0.2,0.2,0.5,0.9,1.5,7.3
2,2,33,382,10.8,19.8,.545,10.8,19.7,.548,0.0,0.1,.000,3.6,6.4,.557,7.5,0.7,0.5,1.9,3.0,5.3,25.1
2,3,33,382,16.0,29.3,.545,16.0,29.1,.548,0.0,0.2,.000,5.3,9.5,.557,11.2,1.1,0.8,2.8,4.5,7.9,37.2,,97.5,93.6
2,4,33,382,22.1,.551,.545,.005,.323,188,4.8,16.4,10.9,5.2,0.8,5.4,11.7,34.1,,0.4,0.8,1.2,.129,,-3.1,-0.4,-3.5
3,0,35,1261,227,521,.436,161,317,.508,66,204,.324,154,203,.759,22,80,102,107,71,10,82,85,674
3,1,35,36.0,6.5,14.9,.436,4.6,9.1,.508,1.9,5.8,.324,4.4,5.8,.759,2.9,3.1,2.0,0.3,2.3,2.4,19.3
3,2,35,1261,7.2,16.5,.436,5.1,10.1,.508,2.1,6.5,.324,4.9,6.4,.759,3.2,3.4,2.3,0.3,2.6,2.7,21.4
3,3,35,1261,10.7,24.5,.436,7.6,14.9,.508,3.1,9.6,.324,7.2,9.5,.759,4.8,5.0,3.3,0.5,3.8,4.0,31.6,,106.9,94.9
3,4,35,1261,21.5,.546,.499,.392,.390,625,2.1,7.0,4.7,19.3,3.3,0.9,11.7,29.2,,2.9,2.4,5.4,.170,,4.6,1.1,5.7
4,0,27,218,10,23,.435,8,14,.571,2,9,.222,4,6,.667,2,29,31,18,4,0,11,20,26
4,1,27,8.1,0.4,0.9,.435,0.3,0.5,.571,0.1,0.3,.222,0.1,0.2,.667,1.1,0.7,0.1,0.0,0.4,0.7,1.0
4,2,27,218,1.8,4.2,.435,1.5,2.6,.571,0.4,1.7,.222,0.7,1.1,.667,5.7,3.3,0.7,0.0,2.0,3.7,4.8
4,3,27,218,2.7,6.2,.435,2.2,3.8,.571,0.5,2.4,.222,1.1,1.6,.667,8.4,4.9,1.1,0.0,3.0,5.4,7.1,,90.4,96.5
4,4,27,218,6.2,.503,.478,.391,.261,32,1.1,14.6,8.2,14.4,1.1,0.0,29.9,8.9,,0.0,0.4,0.4,.073,,-2.9,1.7,-1.2
5,0,35,726,71,160,.444,58,119,.487,13,41,.317,59,85,.694,44,103,147,35,23,12,41,110,214
5,1,35,20.7,2.0,4.6,.444,1.7,3.4,.487,0.4,1.2,.317,1.7,2.4,.694,4.2,1.0,0.7,0.3,1.2,3.1,6.1
5,2,35,726,3.9,8.8,.444,3.2,6.6,.487,0.7,2.3,.317,3.3,4.7,.694,8.1,1.9,1.3,0.7,2.3,6.1,11.8
5,3,35,726,5.8,13.0,.444,4.7,9.7,.487,1.1,3.3,.317,4.8,6.9,.694,12.0,2.9,1.9,1.0,3.3,9.0,17.4,,103.6,93.0
5,4,35,726,13.3,.534,.484,.256,.531,223,7.4,15.6,11.7,9.2,1.9,1.9,17.0,17.5,,0.9,1.5,2.4,.133,,0.0,2.8,2.9
6,0,4,10,0,3,.000,0,3,.000,0,0,,0,0,,1,0,1,0,0,1,1,1,0
6,1,4,2.5,0.0,0.8,.000,0.0,0.8,.000,0.0,0.0,,0.0,0.0,,0.3,0.0,0.0,0.3,0.3,0.3,0.0
6,2,4,10,0.0,12.0,.000,0.0,12.0,.000,0.0,0.0,,0.0,0.0,,4.0,0.0,0.0,4.0,4.0,4.0,0.0
6,3,4,10,0.0,17.8,.000,0.0,17.8,.000,0.0,0.0,,0.0,0.0,,5.9,0.0,0.0,5.9,5.9,5.9,0.0,,18.8,100.6
6,4,4,10,-12.2,.000,.000,.000,.000,1,12.2,0.0,5.8,0.0,0.0,11.4,25.0,21.1,,-0.1,0.0,-0.1,-.231,,-18.5,3.1,-15.4
7,0,28,282,16,36,.444,8,19,.421,8,17,.471,2,6,.333,2,16,18,21,5,3,21,23,42
7,1,28,10.1,0.6,1.3,.444,0.3,0.7,.421,0.3,0.6,.471,0.1,0.2,.333,0.6,0.8,0.2,0.1,0.8,0.8,1.5
7,2,28,282,2.3,5.1,.444,1.1,2.7,.421,1.1,2.4,.471,0.3,0.9,.333,2.6,3.0,0.7,0.4,3.0,3.3,6.0
7,3,28,282,3.4,7.6,.444,1.7,4.0,.421,1.7,3.6,.471,0.4,1.3,.333,3.8,4.4,1.0,0.6,4.4,4.8,8.8,,81.0,100.1
7,4,28,282,4.5,.541,.556,.472,.167,45,0.9,6.2,3.7,13.2,1.0,1.2,35.1,11.2,,-0.1,0.4,0.3,.038,,-3.4,0.9,-2.5
8,0,4,11,0,3,.000,0,3,.000,0,0,,3,4,.750,0,0,0,1,0,0,1,1,3
8,1,4,2.8,0.0,0.8,.000,0.0,0.8,.000,0.0,0.0,,0.8,1.0,.750,0.0,0.3,0.0,0.0,0.3,0.3,0.8
8,2,4,11,0.0,10.9,.000,0.0,10.9,.000,0.0,0.0,,10.9,14.5,.750,0.0,3.6,0.0,0.0,3.6,3.6,10.9
8,3,4,11,0.0,16.1,.000,0.0,16.1,.000,0.0,0.0,,16.1,21.5,.750,0.0,5.4,0.0,0.0,5.4,5.4,16.1,,67.1,105.9
8,4,4,11,-2.1,.306,.000,.000,1.333,3,0.0,0.0,0.0,14.7,0.0,0.0,16.9,28.3,,0.0,0.0,0.0,-.081,,-13.4,-6.7,-20.0
9,0,35,1152,146,328,.445,80,181,.442,66,147,.449,51,56,.911,9,81,90,105,33,6,66,79,409
9,1,35,32.9,4.2,9.4,.445,2.3,5.2,.442,1.9,4.2,.449,1.5,1.6,.911,2.6,3.0,0.9,0.2,1.9,2.3,11.7
9,2,35,1152,5.1,11.4,.445,2.8,6.3,.442,2.3,5.1,.449,1.8,1.9,.911,3.1,3.6,1.1,0.2,2.3,2.7,14.2
9,3,35,1152,7.5,16.9,.445,4.1,9.3,.442,3.4,7.6,.449,2.6,2.9,.911,4.6,5.4,1.7,0.3,3.4,4.1,21.0,,106.9,98.3
9,4,35,1152,14.6,.577,.546,.448,.171,387,1.0,7.7,4.5,18.5,1.7,0.6,15.7,19.2,,1.8,1.8,3.7,.127,,2.6,0.7,3.3
10,0,14,95,8,14,.571,8,14,.571,0,0,,4,7,.571,6,6,12,2,1,3,5,20,20
10,1,14,6.8,0.6,1.0,.571,0.6,1.0,.571,0.0,0.0,,0.3,0.5,.571,0.9,0.1,0.1,0.2,0.4,1.4,1.4
10,2,14,95,3.4,5.9,.571,3.4,5.9,.571,0.0,0.0,,1.7,2.9,.571,5.1,0.8,0.4,1.3,2.1,8.4,8.4
10,3,14,95,5.0,8.7,.571,5.0,8.7,.571,0.0,0.0,,2.5,4.4,.571,7.5,1.2,0.6,1.9,3.1,12.5,12.5,,101.6,98.8
10,4,14,95,7.3,.577,.571,.000,.500,21,7.7,6.9,7.3,3.9,0.6,3.6,22.4,12.4,,0.1,0.1,0.2,.092,,-2.2,2.1,-0.2
11,0,35,1279,103,202,.510,90,151,.596,13,51,.255,78,139,.561,41,220,261,184,52,21,65,83,297
11,1,35,36.5,2.9,5.8,.510,2.6,4.3,.596,0.4,1.5,.255,2.2,4.0,.561,7.5,5.3,1.5,0.6,1.9,2.4,8.5
11,2,35,1279,3.2,6.3,.510,2.8,4.7,.596,0.4,1.6,.255,2.4,4.3,.561,8.2,5.8,1.6,0.7,2.0,2.6,9.3
11,3,35,1279,4.8,9.3,.510,4.2,7.0,.596,0.6,2.4,.255,3.6,6.4,.561,12.1,8.5,2.4,1.0,3.0,3.8,13.7,,113.6,90.8
11,4,35,1279,17.3,.554,.542,.252,.688,374,3.9,18.9,11.8,26.6,2.4,1.9,19.5,13.7,,2.3,3.0,5.3,.165,,2.5,5.1,7.6
12,0,3,6,1,5,.200,1,4,.250,0,1,.000,0,0,,1,1,2,0,0,0,0,1,2
12,1,3,2.0,0.3,1.7,.200,0.3,1.3,.250,0.0,0.3,.000,0.0,0.0,,0.7,0.0,0.0,0.0,0.0,0.3,0.7
12,2,3,6,6.7,33.3,.200,6.7,26.7,.250,0.0,6.7,.000,0.0,0.0,,13.3,0.0,0.0,0.0,0.0,6.7,13.3
12,3,3,6,9.9,49.3,.200,9.9,39.5,.250,0.0,9.9,.000,0.0,0.0,,19.7,0.0,0.0,0.0,0.0,9.9,19.7,,57.5,96.7
12,4,3,6,-4.3,.200,.200,.200,.000,2,20.4,18.3,19.3,0.0,0.0,0.0,0.0,43.9,,0.0,0.0,0.0,-.181,,-18.8,-13.8,-32.5
13,0,35,1040,124,268,.463,93,194,.479,31,74,.419,88,129,.682,56,138,194,33,29,27,65,94,367
13,1,35,29.7,3.5,7.7,.463,2.7,5.5,.479,0.9,2.1,.419,2.5,3.7,.682,5.5,0.9,0.8,0.8,1.9,2.7,10.5
13,2,35,1040,4.8,10.3,.463,3.6,7.5,.479,1.2,2.8,.419,3.4,5.0,.682,7.5,1.3,1.1,1.0,2.5,3.6,14.1
13,3,35,1040,7.1,15.3,.463,5.3,11.0,.479,1.8,4.2,.419,5.0,7.3,.682,11.0,1.9,1.7,1.5,3.7,5.3,20.9,,103.0,93.9
13,4,35,1040,15.3,.557,.521,.276,.481,348,6.6,14.5,10.8,6.3,1.7,3.0,16.5,20.0,,1.3,2.1,3.4,.132,,0.4,2.8,3.2
