0,0,32,916,138,240,.575,137,229,.598,1,11,.091,103,153,.673,59,206,265,76,14,53,74,77,380
0,1,32,28.6,4.3,7.5,.575,4.3,7.2,.598,0.0,0.3,.091,3.2,4.8,.673,8.3,2.4,0.4,1.7,2.3,2.4,11.9
0,2,32,916,6.0,10.5,.575,6.0,10.0,.598,0.0,0.5,.091,4.5,6.7,.673,11.6,3.3,0.6,2.3,3.2,3.4,16.6
0,3,32,916,9.3,16.1,.575,9.2,15.4,.598,0.1,0.7,.091,6.9,10.3,.673,17.8,5.1,0.9,3.6,5.0,5.2,25.5,,112.6,90.9
0,4,32,916,23.0,.608,.577,.046,.638,379,8.2,23.3,16.5,19.2,0.9,6.3,19.1,22.4,,2.0,2.3,4.4,.190,,1.7,5.2,6.9
1,0,30,142,9,18,.500,9,18,.500,0,0,,12,17,.706,7,9,16,8,6,2,2,10,30
1,1,30,4.7,0.3,0.6,.500,0.3,0.6,.500,0.0,0.0,,0.4,0.6,.706,0.5,0.3,0.2,0.1,0.1,0.3,1.0
1,2,30,142,2.5,5.1,.500,2.5,5.1,.500,0.0,0.0,,3.4,4.8,.706,4.5,2.3,1.7,0.6,0.6,2.8,8.5
1,3,30,142,3.9,7.8,.500,3.9,7.8,.500,0.0,0.0,,5.2,7.4,.706,6.9,3.5,2.6,0.9,0.9,4.3,13.0,,132.9,99.2
1,4,30,142,14.5,.575,.500,.000,.944,33,6.2,6.6,6.4,10.9,2.6,1.5,7.1,10.5,,0.3,0.3,0.6,.155,,0.5,1.9,2.4
2,0,34,1075,94,263,.357,36,89,.404,58,174,.333,82,94,.872,10,54,64,102,26,0,69,63,328
2,1,34,31.6,2.8,7.7,.357,1.1,2.6,.404,1.7,5.1,.333,2.4,2.8,.872,1.9,3.0,0.8,0.0,2.0,1.9,9.6
2,2,34,1075,3.5,9.8,.357,1.3,3.3,.404,2.2,6.5,.333,3.1,3.5,.872,2.4,3.8,1.0,0.0,2.6,2.3,12.2
2,3,34,1075,5.4,15.0,.357,2.1,5.1,.404,3.3,9.9,.333,4.7,5.4,.872,3.7,5.8,1.5,0.0,3.9,3.6,18.8,,104.2,103.2
2,4,34,1075,10.9,.533,.468,.662,.357,330,1.2,5.2,3.4,19.2,1.5,0.0,18.3,18.6,,1.1,1.5,2.6,.098,,1.1,-1.2,-0.1
3,0,14,294,25,63,.397,10,21,.476,15,42,.357,10,20,.500,2,28,30,23,12,0,22,23,75
3,1,14,21.0,1.8,4.5,.397,0.7,1.5,.476,1.1,3.0,.357,0.7,1.4,.500,2.1,1.6,0.9,0.0,1.6,1.6,5.4
3,2,14,294,3.4,8.6,.397,1.4,2.9,.476,2.0,5.7,.357,1.4,2.7,.500,4.1,3.1,1.6,0.0,3.0,3.1,10.2
3,3,14,294,5.2,13.2,.397,2.1,4.4,.476,3.1,8.8,.357,2.1,4.2,.500,6.3,4.8,2.5,0.0,4.6,4.8,15.7,,91.4,98.1
3,4,14,294,9.0,.517,.516,.667,.317,73,0.9,9.9,5.8,15.7,2.5,0.0,23.3,17.0,,0.0,0.6,0.5,.073,,-1.1,0.5,-0.5
4,0,30,370,19,55,.345,6,14,.429,13,41,.317,13,19,.684,4,26,30,11,7,2,14,41,64
4,1,30,12.3,0.6,1.8,.345,0.2,0.5,.429,0.4,1.4,.317,0.4,0.6,.684,1.0,0.4,0.2,0.1,0.5,1.4,2.1
4,2,30,370,2.1,5.9,.345,0.6,1.5,.429,1.4,4.4,.317,1.4,2.1,.684,3.2,1.2,0.8,0.2,1.5,4.4,6.9
4,3,30,370,3.2,9.1,.345,1.0,2.3,.429,2.2,6.8,.317,2.2,3.2,.684,5.0,1.8,1.2,0.3,2.3,6.8,10.6,,94.8,102.1
4,4,30,370,4.8,.500,.464,.745,.345,60,1.4,7.3,4.6,5.6,1.2,0.6,17.9,11.2,,0.0,0.6,0.6,.066,,-1.9,0.1,-1.8
5,0,34,876,148,265,.558,148,263,.563,0,2,.000,123,202,.609,77,145,222,43,27,25,67,111,419
5,1,34,25.8,4.4,7.8,.558,4.4,7.7,.563,0.0,0.1,.000,3.6,5.9,.609,6.5,1.3,0.8,0.7,2.0,3.3,12.3
5,2,34,876,6.8,12.1,.558,6.8,12.0,.563,0.0,0.1,.000,5.6,9.2,.609,10.1,2.0,1.2,1.1,3.1,5.1,19.1
5,3,34,876,10.4,18.6,.558,10.4,18.5,.563,0.0,0.1,.000,8.6,14.2,.609,15.6,3.0,1.9,1.8,4.7,7.8,29.4,,111.3,93.5
5,4,34,876,22.3,.580,.558,.008,.762,402,11.1,17.1,14.4,11.9,1.9,3.1,15.7,25.9,,2.0,2.0,4.1,.185,,1.5,2.3,3.8
6,0,8,48,2,7,.286,2,7,.286,0,0,,2,4,.500,0,1,1,6,1,0,9,7,6
6,1,8,6.0,0.3,0.9,.286,0.3,0.9,.286,0.0,0.0,,0.3,0.5,.500,0.1,0.8,0.1,0.0,1.1,0.9,0.8
6,2,8,48,1.7,5.8,.286,1.7,5.8,.286,0.0,0.0,,1.7,3.3,.500,0.8,5.0,0.8,0.0,7.5,5.8,5.0
6,3,8,48,2.6,9.0,.286,2.6,9.0,.286,0.0,0.0,,2.6,5.1,.500,1.3,7.7,1.3,0.0,11.5,9.0,7.7,,49.3,104.8
6,4,8,48,-6.7,.337,.286,.000,.571,8,0.0,2.2,1.2,23.1,1.3,0.0,50.3,19.8,,-0.2,0.1,-0.1,-.125,,-13.6,-3.0,-16.6
7,0,3,5,0,0,,0,0,,0,0,,0,0,,0,0,0,0,0,0,0,0,0
7,1,3,1.7,0.0,0.0,,0.0,0.0,,0.0,0.0,,0.0,0.0,,0.0,0.0,0.0,0.0,0.0,0.0,0.0
7,2,3,5,0.0,0.0,,0.0,0.0,,0.0,0.0,,0.0,0.0,,0.0,0.0,0.0,0.0,0.0,0.0,0.0
7,3,3,5,0.0,0.0,,0.0,0.0,,0.0,0.0,,0.0,0.0,,0.0,0.0,0.0,0.0,0.0,0.0,0.0,,,110.0
7,4,3,5,0.0,,,,,0,0.0,0.0,0.0,0.0,0.0,0.0,,0.0,,0.0,0.0,0.0,.031,,-4.6,1.2,-3.4
8,0,33,762,74,145,.510,74,145,.510,0,0,,67,114,.588,65,114,179,26,12,8,38,93,215
8,1,33,23.1,2.2,4.4,.510,2.2,4.4,.510,0.0,0.0,,2.0,3.5,.588,5.4,0.8,0.4,0.2,1.2,2.8,6.5
8,2,33,762,3.9,7.6,.510,3.9,7.6,.510,0.0,0.0,,3.5,6.0,.588,9.4,1.4,0.6,0.4,2.0,4.9,11.3
8,3,33,762,6.0,11.7,.510,6.0,11.7,.510,0.0,0.0,,5.4,9.2,.588,14.4,2.1,1.0,0.6,3.1,7.5,17.3,,108.9,97.4
8,4,33,762,13.5,.540,.510,.000,.786,226,10.8,15.5,13.4,7.0,1.0,1.2,16.0,16.5,,1.0,1.5,2.5,.132,,-0.8,1.1,0.3
9,0,5,20,0,2,.000,0,2,.000,0,0,,5,6,.833,0,1,1,2,1,0,1,1,5
9,1,5,4.0,0.0,0.4,.000,0.0,0.4,.000,0.0,0.0,,1.0,1.2,.833,0.2,0.4,0.2,0.0,0.2,0.2,1.0
9,2,5,20,0.0,4.0,.000,0.0,4.0,.000,0.0,0.0,,10.0,12.0,.833,2.0,4.0,2.0,0.0,2.0,2.0,10.0
9,3,5,20,0.0,6.1,.000,0.0,6.1,.000,0.0,0.0,,15.4,18.4,.833,3.1,6.1,3.1,0.0,3.1,3.1,15.4,,112.3,99.8
9,4,5,20,12.5,.515,.000,.000,3.000,6,0.0,5.2,2.8,17.2,3.1,0.0,17.1,15.5,,0.0,0.0,0.1,.128,,-2.9,-0.4,-3.3
10,0,11,300,40,90,.444,30,63,.476,10,27,.370,54,67,.806,9,40,49,30,8,5,32,31,144
10,1,11,27.3,3.6,8.2,.444,2.7,5.7,.476,0.9,2.5,.370,4.9,6.1,.806,4.5,2.7,0.7,0.5,2.9,2.8,13.1
10,2,11,300,5.3,12.0,.444,4.0,8.4,.476,1.3,3.6,.370,7.2,8.9,.806,6.5,4.0,1.1,0.7,4.3,4.1,19.2
10,3,11,300,8.2,18.4,.444,6.1,12.9,.476,2.0,5.5,.370,11.1,13.7,.806,10.0,6.1,1.6,1.0,6.6,6.4,29.5,,108.0,96.7
10,4,11,300,19.1,.591,.500,.300,.744,141,3.8,13.8,9.3,22.3,1.6,1.8,20.8,27.2,,0.6,0.6,1.2,.161,,1.7,0.9,2.6
11,0,9,140,10,37,.270,4,15,.267,6,22,.273,7,9,.778,2,3,5,6,4,0,6,6,33
11,1,9,15.6,1.1,4.1,.270,0.4,1.7,.267,0.7,2.4,.273,0.8,1.0,.778,0.6,0.7,0.4,0.0,0.7,0.7,3.7
11,2,9,140,2.9,10.6,.270,1.1,4.3,.267,1.7,6.3,.273,2.0,2.6,.778,1.4,1.7,1.1,0.0,1.7,1.7,9.4
11,3,9,140,4.4,16.2,.270,1.8,6.6,.267,2.6,9.7,.273,3.1,4.0,.778,2.2,2.6,1.8,0.0,2.6,2.6,14.5,,86.0,104.5
11,4,9,140,4.9,.400,.351,.595,.243,32,1.8,2.2,2.0,8.4,1.8,0.0,12.7,17.9,,-0.1,0.2,0.1,.033,,-3.3,-1.9,-5.1
12,0,3,3,0,1,.000,0,0,,0,1,.000,2,2,1.000,0,0,0,0,0,0,0,0,2
12,1,3,1.0,0.0,0.3,.000,0.0,0.0,,0.0,0.3,.000,0.7,0.7,1.000,0.0,0.0,0.0,0.0,0.0,0.0,0.7
12,2,3,3,0.0,13.3,.000,0.0,0.0,,0.0,13.3,.000,26.7,26.7,1.000,0.0,0.0,0.0,0.0,0.0,0.0,26.7
12,3,3,3,0.0,20.5,.000,0.0,0.0,,0.0,20.5,.000,41.0,41.0,1.000,0.0,0.0,0.0,0.0,0.0,0.0,41.0,,131.8,110.0
12,4,3,3,22.3,.513,.000,1.000,2.000,2,0.0,0.0,0.0,0.0,0.0,0.0,0.0,34.5,,0.0,0.0,0.0,.245,,5.8,-10.9,-5.1
13,0,3,3,0,0,,0,0,,0,0,,0,0,,0,0,0,0,0,0,0,0,0
13,1,3,1.0,0.0,0.0,,0.0,0.0,,0.0,0.0,,0.0,0.0,,0.0,0.0,0.0,0.0,0.0,0.0,0.0
13,2,3,3,0.0,0.0,,0.0,0.0,,0.0,0.0,,0.0,0.0,,0.0,0.0,0.0,0.0,0.0,0.0,0.0
13,3,3,3,0.0,0.0,,0.0,0.0,,0.0,0.0,,0.0,0.0,,0.0,0.0,0.0,0.0,0.0,0.0,0.0,,,110.0
13,4,3,3,0.0,,,,,0,0.0,0.0,0.0,0.0,0.0,0.0,,0.0,,0.0,0.0,0.0,.031,,-4.6,1.2,-3.4
14,0,21,149,8,24,.333,8,19,.421,0,5,.000,2,9,.222,9,19,28,7,0,2,8,26,18
14,1,21,7.1,0.4,1.1,.333,0.4,0.9,.421,0.0,0.2,.000,0.1,0.4,.222,1.3,0.3,0.0,0.1,0.4,1.2,0.9
14,2,21,149,2.1,6.4,.333,2.1,5.1,.421,0.0,1.3,.000,0.5,2.4,.222,7.5,1.9,0.0,0.5,2.1,7.0,4.8
14,3,21,149,3.3,9.9,.333,3.3,7.8,.421,0.0,2.1,.000,0.8,3.7,.222,11.6,2.9,0.0,0.8,3.3,10.7,7.4,,73.1,100.4
14,4,21,149,1.5,.318,.333,.208,.375,24,7.6,13.2,10.7,8.9,0.0,1.5,22.1,12.9,,-0.2,0.3,0.1,.019,,-6.0,0.5,-5.4
15,0,34,1170,162,380,.426,114,248,.460,48,132,.364,74,94,.787,20,100,120,85,33,13,49,51,446
15,1,34,34.4,4.8,11.2,.426,3.4,7.3,.460,1.4,3.9,.364,2.2,2.8,.787,3.5,2.5,1.0,0.4,1.4,1.5,13.1
15,2,34,1170,5.5,13.0,.426,3.9,8.5,.460,1.6,4.5,.364,2.5,3.2,.787,4.1,2.9,1.1,0.4,1.7,1.7,15.2
15,3,34,1170,8.5,20.0,.426,6.0,13.0,.460,2.5,6.9,.364,3.9,4.9,.787,6.3,4.5,1.7,0.7,2.6,2.7,23.4,,109.7,100.1
15,4,34,1170,15.8,.525,.489,.347,.247,417,2.2,8.8,5.8,16.4,1.7,1.2,10.3,21.5,,1.9,2.0,3.9,.135,,1.5,0.5,2.0
16,0,34,577,68,124,.548,68,124,.548,0,0,,46,70,.657,39,79,118,33,19,28,46,78,182
16,1,34,17.0,2.0,3.6,.548,2.0,3.6,.548,0.0,0.0,,1.4,2.1,.657,3.5,1.0,0.6,0.8,1.4,2.3,5.4
16,2,34,577,4.7,8.6,.548,4.7,8.6,.548,0.0,0.0,,3.2,4.9,.657,8.2,2.3,1.3,1.9,3.2,5.4,12.6
16,3,34,577,7.2,13.2,.548,7.2,13.2,.548,0.0,0.0,,4.9,7.5,.657,12.6,3.5,2.0,3.0,4.9,8.3,19.4,,103.6,93.9
16,4,34,577,16.0,.579,.548,.000,.565,185,8.6,14.2,11.6,12.3,2.0,5.3,22.6,18.7,,0.6,1.3,1.9,.133,,-1.1,4.3,3.2
