0,0,36,930,109,308,.354,68,168,.405,41,140,.293,66,101,.653,31,66,97,66,43,21,51,61,325
0,1,36,25.8,3.0,8.6,.354,1.9,4.7,.405,1.1,3.9,.293,1.8,2.8,.653,2.7,1.8,1.2,0.6,1.4,1.7,9.0
0,2,36,930,4.7,13.2,.354,2.9,7.2,.405,1.8,6.0,.293,2.8,4.3,.653,4.2,2.8,1.8,0.9,2.2,2.6,14.0
0,3,36,930,7.2,20.3,.354,4.5,11.1,.405,2.7,9.2,.293,4.4,6.7,.653,6.4,4.4,2.8,1.4,3.4,4.0,21.5,,98.1,94.5
0,4,36,930,14.6,.456,.420,.455,.328,320,3.7,8.9,6.1,15.4,2.8,2.6,12.5,22.7,,0.9,1.8,2.7,.116,,0.5,1.8,2.3
1,0,36,1164,142,389,.365,61,168,.363,81,221,.367,119,150,.793,42,138,180,56,39,11,45,81,484
1,1,36,32.3,3.9,10.8,.365,1.7,4.7,.363,2.3,6.1,.367,3.3,4.2,.793,5.0,1.6,1.1,0.3,1.3,2.3,13.4
1,2,36,1164,4.9,13.4,.365,2.1,5.8,.363,2.8,7.6,.367,4.1,5.2,.793,6.2,1.9,1.3,0.4,1.5,2.8,16.6
1,3,36,1164,7.5,20.5,.365,3.2,8.9,.363,4.3,11.7,.367,6.3,7.9,.793,9.5,3.0,2.1,0.6,2.4,4.3,25.5,,113.9,94.2
1,4,36,1164,18.5,.526,.469,.568,.386,448,4.0,14.8,9.1,10.6,2.1,1.1,8.9,22.5,,3.0,2.3,5.2,.180,,3.8,0.7,4.5
2,0,36,879,112,299,.375,18,52,.346,94,247,.381,43,51,.843,32,87,119,18,42,2,35,59,361
2,1,36,24.4,3.1,8.3,.375,0.5,1.4,.346,2.6,6.9,.381,1.2,1.4,.843,3.3,0.5,1.2,0.1,1.0,1.6,10.0
2,2,36,879,5.1,13.6,.375,0.8,2.4,.346,4.3,11.2,.381,2.0,2.3,.843,5.4,0.8,1.9,0.1,1.6,2.7,16.4
2,3,36,879,7.8,20.9,.375,1.3,3.6,.346,6.6,17.3,.381,3.0,3.6,.843,8.3,1.3,2.9,0.1,2.4,4.1,25.2,,113.7,93.8
2,4,36,879,17.8,.558,.532,.826,.171,308,4.0,12.4,7.9,4.6,2.9,0.3,9.8,21.1,,2.0,1.8,3.8,.172,,4.5,-0.4,4.1
3,0,36,604,75,193,.389,49,110,.445,26,83,.313,76,120,.633,52,64,116,20,27,9,34,68,252
3,1,36,16.8,2.1,5.4,.389,1.4,3.1,.445,0.7,2.3,.313,2.1,3.3,.633,3.2,0.6,0.8,0.3,0.9,1.9,7.0
3,2,36,604,5.0,12.8,.389,3.2,7.3,.445,1.7,5.5,.313,5.0,7.9,.633,7.7,1.3,1.8,0.6,2.3,4.5,16.7
3,3,36,604,7.6,19.6,.389,5.0,11.2,.445,2.6,8.4,.313,7.7,12.2,.633,11.8,2.0,2.7,0.9,3.5,6.9,25.6,,106.5,92.9
3,4,36,604,18.5,.504,.456,.430,.622,245,9.5,13.3,11.3,7.3,2.7,1.7,12.0,24.3,,1.2,1.3,2.5,.164,,1.8,0.4,2.3
4,0,20,81,6,17,.353,6,15,.400,0,2,.000,6,6,1.000,3,8,11,1,3,3,5,13,18
4,1,20,4.1,0.3,0.9,.353,0.3,0.8,.400,0.0,0.1,.000,0.3,0.3,1.000,0.6,0.1,0.2,0.2,0.3,0.7,0.9
4,2,20,81,3.0,8.4,.353,3.0,7.4,.400,0.0,1.0,.000,3.0,3.0,1.000,5.4,0.5,1.5,1.5,2.5,6.4,8.9
4,3,20,81,4.5,12.9,.353,4.5,11.4,.400,0.0,1.5,.000,4.5,4.5,1.000,8.3,0.8,2.3,2.3,3.8,9.9,13.6,,86.2,93.0
4,4,20,81,7.7,.453,.353,.118,.353,17,4.1,12.4,8.0,2.5,2.3,4.3,20.1,15.9,,0.0,0.2,0.2,.075,,-5.6,2.5,-3.1
5,0,36,553,51,102,.500,51,102,.500,0,0,,13,34,.382,66,76,142,8,18,22,28,79,115
5,1,36,15.4,1.4,2.8,.500,1.4,2.8,.500,0.0,0.0,,0.4,0.9,.382,3.9,0.2,0.5,0.6,0.8,2.2,3.2
5,2,36,553,3.7,7.4,.500,3.7,7.4,.500,0.0,0.0,,0.9,2.5,.382,10.3,0.6,1.3,1.6,2.0,5.7,8.3
5,3,36,553,5.7,11.3,.500,5.7,11.3,.500,0.0,0.0,,1.4,3.8,.382,15.8,0.9,2.0,2.4,3.1,8.8,12.8,,98.9,91.4
5,4,36,553,13.1,.487,.500,.000,.333,129,13.2,17.2,15.1,3.0,2.0,4.6,19.2,13.7,,0.4,1.2,1.6,.117,,-2.4,3.4,1.1
6,0,22,61,2,5,.400,2,5,.400,0,0,,1,3,.333,1,6,7,0,1,1,1,11,5
6,1,22,2.8,0.1,0.2,.400,0.1,0.2,.400,0.0,0.0,,0.0,0.1,.333,0.3,0.0,0.0,0.0,0.0,0.5,0.2
6,2,22,61,1.3,3.3,.400,1.3,3.3,.400,0.0,0.0,,0.7,2.0,.333,4.6,0.0,0.7,0.7,0.7,7.2,3.3
6,3,22,61,2.0,5.0,.400,2.0,5.0,.400,0.0,0.0,,1.0,3.0,.333,7.0,0.0,1.0,1.0,1.0,11.1,5.0,,78.7,96.7
6,4,22,61,1.7,.389,.400,.000,.600,5,1.8,12.3,6.7,0.0,1.0,1.9,13.5,6.3,,0.0,0.1,0.1,.056,,-6.1,0.5,-5.7
7,0,10,38,3,5,.600,3,5,.600,0,0,,0,0,,5,1,6,0,1,2,3,10,6
7,1,10,3.8,0.3,0.5,.600,0.3,0.5,.600,0.0,0.0,,0.0,0.0,,0.6,0.0,0.1,0.2,0.3,1.0,0.6
7,2,10,38,3.2,5.3,.600,3.2,5.3,.600,0.0,0.0,,0.0,0.0,,6.3,0.0,1.1,2.1,3.2,10.5,6.3
7,3,10,38,4.8,8.1,.600,4.8,8.1,.600,0.0,0.0,,0.0,0.0,,9.7,0.0,1.6,3.2,4.8,16.2,9.7,,91.6,97.1
7,4,10,38,6.9,.600,.600,.000,.000,7,14.5,3.3,9.3,0.0,1.6,6.1,37.5,10.9,,0.0,0.1,0.1,.073,,-3.3,2.1,-1.3
8,0,10,15,2,5,.400,1,3,.333,1,2,.500,1,4,.250,0,2,2,0,2,0,1,1,6
8,1,10,1.5,0.2,0.5,.400,0.1,0.3,.333,0.1,0.2,.500,0.1,0.4,.250,0.2,0.0,0.2,0.0,0.1,0.1,0.6
8,2,10,15,5.3,13.3,.400,2.7,8.0,.333,2.7,5.3,.500,2.7,10.7,.250,5.3,0.0,5.3,0.0,2.7,2.7,16.0
8,3,10,15,8.2,20.5,.400,4.1,12.3,.333,4.1,8.2,.500,4.1,16.4,.250,8.2,0.0,8.2,0.0,4.1,4.1,24.6,,78.5,80.5
8,4,10,15,14.8,.435,.500,.400,.800,5,0.0,16.7,7.8,0.0,8.2,0.0,12.7,27.3,,0.0,0.0,0.0,.081,,-5.0,0.3,-4.7
9,0,26,145,7,19,.368,7,15,.467,0,4,.000,7,10,.700,2,8,10,18,9,0,14,8,21
9,1,26,5.6,0.3,0.7,.368,0.3,0.6,.467,0.0,0.2,.000,0.3,0.4,.700,0.4,0.7,0.3,0.0,0.5,0.3,0.8
9,2,26,145,1.9,5.2,.368,1.9,4.1,.467,0.0,1.1,.000,1.9,2.8,.700,2.8,5.0,2.5,0.0,3.9,2.2,5.8
9,3,26,145,3.0,8.0,.368,3.0,6.4,.467,0.0,1.7,.000,3.0,4.2,.700,4.2,7.6,3.8,0.0,5.9,3.4,8.9,,79.4,94.5
9,4,26,145,7.7,.442,.368,.211,.526,28,1.5,6.9,4.0,23.5,3.8,0.0,37.1,13.5,,-0.1,0.3,0.2,.049,,-4.8,1.0,-3.8
10,0,36,981,149,290,.514,149,287,.519,0,3,.000,74,116,.638,105,134,239,19,47,44,58,94,372
10,1,36,27.3,4.1,8.1,.514,4.1,8.0,.519,0.0,0.1,.000,2.1,3.2,.638,6.6,0.5,1.3,1.2,1.6,2.6,10.3
10,2,36,981,6.1,11.8,.514,6.1,11.7,.519,0.0,0.1,.000,3.0,4.7,.638,9.7,0.8,1.9,1.8,2.4,3.8,15.2
10,3,36,981,9.3,18.2,.514,9.3,18.0,.519,0.0,0.2,.000,4.6,7.3,.638,15.0,1.2,2.9,2.8,3.6,5.9,23.3,,107.7,89.4
10,4,36,981,21.4,.539,.514,.010,.400,360,11.8,17.1,14.3,4.6,2.9,5.2,14.4,21.3,,1.9,2.4,4.3,.174,,0.2,4.0,4.1
11,0,36,1124,119,263,.452,104,201,.517,15,62,.242,53,81,.654,22,58,80,168,70,8,81,90,306
11,1,36,31.2,3.3,7.3,.452,2.9,5.6,.517,0.4,1.7,.242,1.5,2.3,.654,2.2,4.7,1.9,0.2,2.3,2.5,8.5
11,2,36,1124,4.2,9.4,.452,3.7,7.2,.517,0.5,2.2,.242,1.9,2.9,.654,2.8,6.0,2.5,0.3,2.9,3.2,10.9
11,3,36,1124,6.5,14.4,.452,5.7,11.0,.517,0.8,3.4,.242,2.9,4.4,.654,4.4,9.2,3.8,0.4,4.4,4.9,16.7,,103.3,94.1
11,4,36,1124,15.4,.508,.481,.236,.308,355,2.2,6.5,4.2,31.7,3.8,0.8,21.2,17.6,,1.5,2.2,3.7,.131,,1.0,1.4,2.4
12,0,36,675,60,145,.414,51,109,.468,9,36,.250,48,64,.750,27,79,106,59,77,8,46,71,177
12,1,36,18.8,1.7,4.0,.414,1.4,3.0,.468,0.3,1.0,.250,1.3,1.8,.750,2.9,1.6,2.1,0.2,1.3,2.0,4.9
12,2,36,675,3.6,8.6,.414,3.0,6.5,.468,0.5,2.1,.250,2.8,3.8,.750,6.3,3.5,4.6,0.5,2.7,4.2,10.5
12,3,36,675,5.5,13.2,.414,4.6,9.9,.468,0.8,3.3,.250,4.4,5.8,.750,9.6,5.4,7.0,0.7,4.2,6.5,16.1,,100.2,83.2
12,4,36,675,18.0,.505,.445,.248,.441,192,4.4,14.6,9.2,17.9,7.0,1.4,20.8,17.0,,0.6,2.0,2.7,.159,,0.8,6.6,7.4
