0,0,32,828,84,148,.568,84,148,.568,0,0,,53,89,.596,95,85,180,23,22,66,34,62,221
0,1,32,25.9,2.6,4.6,.568,2.6,4.6,.568,0.0,0.0,,1.7,2.8,.596,5.6,0.7,0.7,2.1,1.1,1.9,6.9
0,2,32,828,4.1,7.1,.568,4.1,7.1,.568,0.0,0.0,,2.6,4.3,.596,8.7,1.1,1.1,3.2,1.6,3.0,10.7
0,3,32,828,6.1,10.8,.568,6.1,10.8,.568,0.0,0.0,,3.9,6.5,.596,13.1,1.7,1.6,4.8,2.5,4.5,16.1,,119.0,97.0
0,4,32,828,19.5,.581,.568,.000,.601,240,11.9,12.6,12.3,5.5,1.6,9.8,15.2,13.8,,1.7,1.5,3.2,.154,,1.5,7.5,9.0
1,0,29,412,51,125,.408,29,63,.460,22,62,.355,18,29,.621,8,50,58,17,35,2,23,63,142
1,1,29,14.2,1.8,4.3,.408,1.0,2.2,.460,0.8,2.1,.355,0.6,1.0,.621,2.0,0.6,1.2,0.1,0.8,2.2,4.9
1,2,29,412,5.0,12.1,.408,2.8,6.1,.460,2.1,6.0,.355,1.7,2.8,.621,5.6,1.7,3.4,0.2,2.2,6.1,13.8
1,3,29,412,7.4,18.3,.408,4.2,9.2,.460,3.2,9.1,.355,2.6,4.2,.621,8.5,2.5,5.1,0.3,3.4,9.2,20.7,,98.4,91.9
1,4,29,412,14.6,.512,.496,.496,.232,126,2.0,14.9,7.9,8.5,5.1,0.6,14.2,19.9,,0.3,0.9,1.2,.121,,0.9,3.3,4.2
2,0,31,714,55,149,.369,33,67,.493,22,82,.268,34,64,.531,37,105,142,26,19,13,25,57,166
2,1,31,23.0,1.8,4.8,.369,1.1,2.2,.493,0.7,2.6,.268,1.1,2.1,.531,4.6,0.8,0.6,0.4,0.8,1.8,5.4
2,2,31,714,3.1,8.3,.369,1.8,3.8,.493,1.2,4.6,.268,1.9,3.6,.531,8.0,1.5,1.1,0.7,1.4,3.2,9.3
2,3,31,714,4.6,12.6,.369,2.8,5.6,.493,1.9,6.9,.268,2.9,5.4,.531,12.0,2.2,1.6,1.1,2.1,4.8,14.0,,100.0,98.1
2,4,31,714,11.4,.463,.443,.550,.430,170,5.4,18.1,11.2,6.8,1.6,2.2,12.2,14.5,,0.5,1.2,1.7,.095,,-0.1,2.6,2.5
3,0,14,35,1,5,.200,0,1,.000,1,4,.250,4,6,.667,0,4,4,6,3,0,0,3,7
3,1,14,2.5,0.1,0.4,.200,0.0,0.1,.000,0.1,0.3,.250,0.3,0.4,.667,0.3,0.4,0.2,0.0,0.0,0.2,0.5
3,2,14,35,1.1,5.7,.200,0.0,1.1,.000,1.1,4.6,.250,4.6,6.9,.667,4.6,6.9,3.4,0.0,0.0,3.4,8.0
3,3,14,35,1.7,8.6,.200,0.0,1.7,.000,1.7,6.9,.250,6.9,10.3,.667,6.9,10.3,5.2,0.0,0.0,5.2,12.0,,131.9,92.8
3,4,14,35,18.1,.446,.300,.800,1.200,9,0.0,14.1,6.4,29.5,5.2,0.0,0.0,11.4,,0.1,0.1,0.2,.186,,3.4,2.3,5.6
4,0,25,156,21,43,.488,16,26,.615,5,17,.294,4,16,.250,11,28,39,4,5,6,3,31,51
4,1,25,6.2,0.8,1.7,.488,0.6,1.0,.615,0.2,0.7,.294,0.2,0.6,.250,1.6,0.2,0.2,0.2,0.1,1.2,2.0
4,2,25,156,5.4,11.0,.488,4.1,6.7,.615,1.3,4.4,.294,1.0,4.1,.250,10.0,1.0,1.3,1.5,0.8,7.9,13.1
4,3,25,156,8.1,16.6,.488,6.2,10.0,.615,1.9,6.6,.294,1.5,6.2,.250,15.0,1.5,1.9,2.3,1.2,12.0,19.7,,109.5,94.0
4,4,25,156,16.3,.504,.547,.395,.372,47,7.3,22.1,14.1,5.4,1.9,4.7,5.6,17.4,,0.2,0.3,0.6,.146,,0.4,2.6,3.0
5,0,29,829,154,355,.434,99,207,.478,55,148,.372,113,166,.681,67,128,195,44,18,8,31,54,476
5,1,29,28.6,5.3,12.2,.434,3.4,7.1,.478,1.9,5.1,.372,3.9,5.7,.681,6.7,1.5,0.6,0.3,1.1,1.9,16.4
5,2,29,829,7.4,17.1,.434,4.8,10.0,.478,2.7,7.1,.372,5.5,8.0,.681,9.4,2.1,0.9,0.4,1.5,2.6,23.0
5,3,29,829,11.2,25.8,.434,7.2,15.0,.478,4.0,10.7,.372,8.2,12.0,.681,14.1,3.2,1.3,0.6,2.2,3.9,34.5,,119.6,99.0
5,4,29,829,26.4,.549,.511,.417,.468,444,8.4,19.0,13.3,12.5,1.3,1.2,6.7,28.5,,3.2,1.3,4.5,.219,,7.0,0.0,7.0
6,0,32,230,21,45,.467,21,45,.467,0,0,,5,11,.455,24,26,50,2,15,3,11,36,47
6,1,32,7.2,0.7,1.4,.467,0.7,1.4,.467,0.0,0.0,,0.2,0.3,.455,1.6,0.1,0.5,0.1,0.3,1.1,1.5
6,2,32,230,3.7,7.8,.467,3.7,7.8,.467,0.0,0.0,,0.9,1.9,.455,8.7,0.3,2.6,0.5,1.9,6.3,8.2
6,3,32,230,5.5,11.8,.467,5.5,11.8,.467,0.0,0.0,,1.3,2.9,.455,13.1,0.5,3.9,0.8,2.9,9.4,12.3,,95.9,94.5
6,4,32,230,11.8,.468,.467,.000,.244,52,10.9,13.9,12.3,1.7,3.9,1.6,18.0,13.5,,0.1,0.5,0.6,.097,,-2.2,3.1,0.9
7,0,32,881,136,337,.404,62,132,.470,74,205,.361,44,56,.786,16,48,64,57,33,3,33,53,390
7,1,32,27.5,4.3,10.5,.404,1.9,4.1,.470,2.3,6.4,.361,1.4,1.8,.786,2.0,1.8,1.0,0.1,1.0,1.7,12.2
7,2,32,881,6.2,15.3,.404,2.8,6.0,.470,3.4,9.3,.361,2.0,2.5,.786,2.9,2.6,1.5,0.1,1.5,2.4,17.7
7,3,32,881,9.3,23.0,.404,4.2,9.0,.470,5.1,14.0,.361,3.0,3.8,.786,4.4,3.9,2.3,0.2,2.3,3.6,26.6,,112.6,102.3
7,4,32,881,17.7,.536,.513,.608,.166,349,1.9,6.7,4.1,14.2,2.3,0.4,8.3,22.9,,2.1,1.1,3.2,.144,,5.1,-0.4,4.7
8,0,32,565,66,191,.346,37,77,.481,29,114,.254,48,72,.667,26,62,88,20,14,5,32,44,209
8,1,32,17.7,2.1,6.0,.346,1.2,2.4,.481,0.9,3.6,.254,1.5,2.3,.667,2.8,0.6,0.4,0.2,1.0,1.4,6.5
8,2,32,565,4.7,13.5,.346,2.6,5.5,.481,2.1,8.1,.254,3.4,5.1,.667,6.2,1.4,1.0,0.4,2.3,3.1,14.8
8,3,32,565,7.0,20.3,.346,3.9,8.2,.481,3.1,12.1,.254,5.1,7.7,.667,9.4,2.1,1.5,0.5,3.4,4.7,22.3,,96.0,100.8
8,4,32,565,12.2,.464,.421,.597,.377,197,4.8,13.5,8.8,7.2,1.5,1.1,12.4,23.1,,0.4,0.8,1.2,.083,,0.1,-0.4,-0.3
9,0,31,653,78,210,.371,47,118,.398,31,92,.337,61,76,.803,10,38,48,80,49,0,64,79,248
9,1,31,21.1,2.5,6.8,.371,1.5,3.8,.398,1.0,3.0,.337,2.0,2.5,.803,1.5,2.6,1.6,0.0,2.1,2.5,8.0
9,2,31,653,4.8,12.9,.371,2.9,7.2,.398,1.9,5.6,.337,3.7,4.7,.803,2.9,4.9,3.0,0.0,3.9,4.8,15.2
9,3,31,653,7.2,19.3,.371,4.3,10.9,.398,2.9,8.5,.337,5.6,7.0,.803,4.4,7.4,4.5,0.0,5.9,7.3,22.8,,96.8,96.9
9,4,31,653,14.8,.504,.445,.438,.362,255,1.6,7.2,4.1,25.0,4.5,0.0,20.6,24.1,,0.5,1.2,1.7,.104,,1.5,1.3,2.8
10,0,3,9,1,1,1.000,1,1,1.000,0,0,,0,0,,0,2,2,0,0,0,0,2,2
10,1,3,3.0,0.3,0.3,1.000,0.3,0.3,1.000,0.0,0.0,,0.0,0.0,,0.7,0.0,0.0,0.0,0.0,0.7,0.7
10,2,3,9,4.4,4.4,1.000,4.4,4.4,1.000,0.0,0.0,,0.0,0.0,,8.9,0.0,0.0,0.0,0.0,8.9,8.9
10,3,3,9,6.7,6.7,1.000,6.7,6.7,1.000,0.0,0.0,,0.0,0.0,,13.4,0.0,0.0,0.0,0.0,13.4,13.4,,200.0,98.2
10,4,3,9,12.1,1.000,1.000,.000,.000,1,0.0,27.4,12.5,0.0,0.0,0.0,0.0,5.6,,0.0,0.0,0.0,.156,,-1.2,-2.6,-3.8
11,0,31,401,53,98,.541,53,97,.546,0,1,.000,15,29,.517,34,43,77,2,11,30,13,52,121
11,1,31,12.9,1.7,3.2,.541,1.7,3.1,.546,0.0,0.0,.000,0.5,0.9,.517,2.5,0.1,0.4,1.0,0.4,1.7,3.9
11,2,31,401,5.3,9.8,.541,5.3,9.7,.546,0.0,0.1,.000,1.5,2.9,.517,7.7,0.2,1.1,3.0,1.3,5.2,12.1
11,3,31,401,8.0,14.7,.541,8.0,14.6,.546,0.0,0.2,.000,2.3,4.4,.517,11.6,0.3,1.7,4.5,2.0,7.8,18.2,,110.5,96.6
11,4,31,401,17.1,.541,.541,.010,.296,113,8.8,13.2,10.8,1.0,1.7,9.2,10.4,15.8,,0.6,0.7,1.3,.134,,-1.4,4.7,3.3
12,0,20,529,55,137,.401,43,108,.398,12,29,.414,40,54,.741,14,59,73,85,78,4,34,39,162
12,1,20,26.5,2.8,6.9,.401,2.2,5.4,.398,0.6,1.5,.414,2.0,2.7,.741,3.7,4.3,3.9,0.2,1.7,2.0,8.1
12,2,20,529,4.2,10.4,.401,3.3,8.2,.398,0.9,2.2,.414,3.0,4.1,.741,5.5,6.4,5.9,0.3,2.6,2.9,12.2
12,3,20,529,6.3,15.6,.401,4.9,12.3,.398,1.4,3.3,.414,4.5,6.1,.741,8.3,9.7,8.9,0.5,3.9,4.4,18.4,,107.4,84.3
12,4,20,529,23.5,.498,.445,.212,.394,189,2.8,13.7,7.8,31.8,8.9,0.9,17.3,18.9,,0.9,1.6,2.5,.188,,3.9,7.9,11.8
13,0,31,308,22,66,.333,22,64,.344,0,2,.000,17,40,.425,2,15,17,37,20,1,24,37,61
13,1,31,9.9,0.7,2.1,.333,0.7,2.1,.344,0.0,0.1,.000,0.5,1.3,.425,0.5,1.2,0.6,0.0,0.8,1.2,2.0
13,2,31,308,2.9,8.6,.333,2.9,8.3,.344,0.0,0.3,.000,2.2,5.2,.425,2.2,4.8,2.6,0.1,3.1,4.8,7.9
13,3,31,308,4.3,12.9,.333,4.3,12.5,.344,0.0,0.4,.000,3.3,7.8,.425,3.3,7.2,3.9,0.2,4.7,7.2,11.9,,76.2,98.6
13,4,31,308,6.1,.359,.333,.030,.606,73,0.7,6.0,3.1,22.3,3.9,0.4,22.0,18.0,,-0.4,0.5,0.1,.015,,-5.3,1.4,-3.9
