0,0,34,944,82,188,.436,21,39,.538,61,149,.409,21,28,.750,12,40,52,49,23,2,40,59,246
0,1,34,27.8,2.4,5.5,.436,0.6,1.1,.538,1.8,4.4,.409,0.6,0.8,.750,1.5,1.4,0.7,0.1,1.2,1.7,7.2
0,2,34,944,3.5,8.0,.436,0.9,1.7,.538,2.6,6.3,.409,0.9,1.2,.750,2.2,2.1,1.0,0.1,1.7,2.5,10.4
0,3,34,944,5.4,12.3,.436,1.4,2.5,.538,4.0,9.7,.409,1.4,1.8,.750,3.4,3.2,1.5,0.1,2.6,3.9,16.1,,111.0,106.6
0,4,34,944,11.0,.611,.598,.793,.149,224,1.7,4.9,3.4,10.7,1.5,0.2,16.6,14.0,,1.3,0.7,2.1,.087,,2.2,-1.8,0.4
1,0,24,517,30,102,.294,14,48,.292,16,54,.296,33,41,.805,17,59,76,22,7,2,36,46,109
1,1,24,21.5,1.3,4.3,.294,0.6,2.0,.292,0.7,2.3,.296,1.4,1.7,.805,3.2,0.9,0.3,0.1,1.5,1.9,4.5
1,2,24,517,2.3,7.9,.294,1.1,3.7,.292,1.2,4.2,.296,2.6,3.2,.805,5.9,1.7,0.5,0.2,2.8,3.6,8.4
1,3,24,517,3.6,12.2,.294,1.7,5.7,.292,1.9,6.4,.296,3.9,4.9,.805,9.1,2.6,0.8,0.2,4.3,5.5,13.0,,85.0,104.3
1,4,24,517,5.8,.449,.373,.529,.402,116,4.4,13.3,9.2,8.3,0.8,0.4,22.9,16.6,,-0.2,0.5,0.3,.026,,-3.5,-1.3,-4.9
2,0,34,1107,161,328,.491,95,159,.597,66,169,.391,120,151,.795,62,228,290,79,45,21,57,67,508
2,1,34,32.6,4.7,9.6,.491,2.8,4.7,.597,1.9,5.0,.391,3.5,4.4,.795,8.5,2.3,1.3,0.6,1.7,2.0,14.9
2,2,34,1107,5.8,11.9,.491,3.4,5.7,.597,2.4,6.1,.391,4.3,5.5,.795,10.5,2.9,1.6,0.8,2.1,2.4,18.4
2,3,34,1107,9.0,18.3,.491,5.3,8.8,.597,3.7,9.4,.391,6.7,8.4,.795,16.1,4.4,2.5,1.2,3.2,3.7,28.3,,125.8,95.4
2,4,34,1107,26.9,.635,.591,.515,.460,490,7.5,23.9,16.3,16.7,2.5,2.1,12.5,22.5,,4.3,2.0,6.4,.230,,7.0,1.8,8.8
3,0,34,897,56,130,.431,52,104,.500,4,26,.154,32,62,.516,15,67,82,103,40,5,75,98,148
3,1,34,26.4,1.6,3.8,.431,1.5,3.1,.500,0.1,0.8,.154,0.9,1.8,.516,2.4,3.0,1.2,0.1,2.2,2.9,4.4
3,2,34,897,2.5,5.8,.431,2.3,4.6,.500,0.2,1.2,.154,1.4,2.8,.516,3.7,4.6,1.8,0.2,3.3,4.4,6.6
3,3,34,897,3.8,8.9,.431,3.6,7.1,.500,0.3,1.8,.154,2.2,4.3,.516,5.6,7.1,2.7,0.3,5.2,6.7,10.2,,85.7,101.8
3,4,34,897,7.5,.464,.446,.200,.477,194,2.3,8.7,5.7,22.5,2.7,0.6,32.0,14.3,,-0.2,1.1,0.9,.039,,-3.2,0.5,-2.7
4,0,2,22,1,4,.250,1,2,.500,0,2,.000,3,4,.750,0,5,5,4,1,0,2,3,5
4,1,2,11.0,0.5,2.0,.250,0.5,1.0,.500,0.0,1.0,.000,1.5,2.0,.750,2.5,2.0,0.5,0.0,1.0,1.5,2.5
4,2,2,22,1.8,7.3,.250,1.8,3.6,.500,0.0,3.6,.000,5.5,7.3,.750,9.1,7.3,1.8,0.0,3.6,5.5,9.1
4,3,2,22,2.8,11.2,.250,2.8,5.6,.500,0.0,5.6,.000,8.4,11.2,.750,14.0,11.2,2.8,0.0,5.6,8.4,14.0,,91.4,94.4
4,4,2,22,12.5,.424,.250,.500,1.000,7,0.0,26.4,14.2,34.4,2.8,0.0,25.3,19.6,,0.0,0.0,0.0,.087,,-3.1,0.8,-2.3
5,0,30,534,101,208,.486,81,155,.523,20,53,.377,61,77,.792,35,58,93,14,10,6,40,69,283
5,1,30,17.8,3.4,6.9,.486,2.7,5.2,.523,0.7,1.8,.377,2.0,2.6,.792,3.1,0.5,0.3,0.2,1.3,2.3,9.4
5,2,30,534,7.6,15.6,.486,6.1,11.6,.523,1.5,4.0,.377,4.6,5.8,.792,7.0,1.0,0.7,0.4,3.0,5.2,21.2
5,3,30,534,11.7,24.0,.486,9.3,17.9,.523,2.3,6.1,.377,7.0,8.9,.792,10.7,1.6,1.2,0.7,4.6,8.0,32.6,,108.1,103.2
5,4,30,534,20.3,.579,.534,.255,.370,250,8.8,12.6,10.9,6.8,1.2,1.2,14.1,29.1,,1.3,0.6,1.9,.143,,0.6,-3.5,-2.9
6,0,31,793,94,233,.403,54,96,.563,40,137,.292,50,57,.877,10,50,60,80,20,3,59,40,278
6,1,31,25.6,3.0,7.5,.403,1.7,3.1,.563,1.3,4.4,.292,1.6,1.8,.877,1.9,2.6,0.6,0.1,1.9,1.3,9.0
6,2,31,793,4.7,11.8,.403,2.7,4.8,.563,2.0,6.9,.292,2.5,2.9,.877,3.0,4.0,1.0,0.2,3.0,2.0,14.0
6,3,31,793,7.3,18.1,.403,4.2,7.5,.563,3.1,10.6,.292,3.9,4.4,.877,4.7,6.2,1.6,0.2,4.6,3.1,21.6,,101.9,105.4
6,4,31,793,13.7,.534,.489,.588,.245,280,1.7,7.3,4.7,22.2,1.6,0.4,18.5,22.0,,1.1,0.7,1.8,.089,,0.9,-2.6,-1.8
7,0,33,918,84,173,.486,63,106,.594,21,67,.313,52,79,.658,21,128,149,81,35,27,67,69,241
7,1,33,27.8,2.5,5.2,.486,1.9,3.2,.594,0.6,2.0,.313,1.6,2.4,.658,4.5,2.5,1.1,0.8,2.0,2.1,7.3
7,2,33,918,3.7,7.5,.486,2.7,4.6,.594,0.9,2.9,.313,2.3,3.4,.658,6.5,3.5,1.5,1.2,2.9,3.0,10.5
7,3,33,918,5.6,11.6,.486,4.2,7.1,.594,1.4,4.5,.313,3.5,5.3,.658,10.0,5.4,2.3,1.8,4.5,4.6,16.2,,102.0,98.2
7,4,33,918,14.8,.572,.546,.387,.457,255,3.1,16.2,10.1,18.3,2.3,3.2,24.1,16.5,,1.0,1.4,2.4,.105,,0.1,2.5,2.6
8,0,13,131,5,15,.333,4,6,.667,1,9,.111,9,15,.600,0,7,7,6,1,0,13,9,20
8,1,13,10.1,0.4,1.2,.333,0.3,0.5,.667,0.1,0.7,.111,0.7,1.2,.600,0.5,0.5,0.1,0.0,1.0,0.7,1.5
8,2,13,131,1.5,4.6,.333,1.2,1.8,.667,0.3,2.7,.111,2.7,4.6,.600,2.1,1.8,0.3,0.0,4.0,2.7,6.1
8,3,13,131,2.4,7.1,.333,1.9,2.8,.667,0.5,4.2,.111,4.2,7.1,.600,3.3,2.8,0.5,0.0,6.1,4.2,9.4,,66.7,108.4
8,4,13,131,-0.1,.452,.367,.600,1.000,21,0.0,6.2,3.3,8.6,0.5,0.0,37.0,14.6,,-0.2,0.1,-0.1,-.041,,-6.5,-2.7,-9.2
9,0,11,45,2,9,.222,2,4,.500,0,5,.000,0,2,.000,1,0,1,2,1,0,1,1,4
9,1,11,4.1,0.2,0.8,.222,0.2,0.4,.500,0.0,0.5,.000,0.0,0.2,.000,0.1,0.2,0.1,0.0,0.1,0.1,0.4
9,2,11,45,1.8,8.0,.222,1.8,3.6,.500,0.0,4.4,.000,0.0,1.8,.000,0.9,1.8,0.9,0.0,0.9,0.9,3.6
9,3,11,45,2.7,12.3,.222,2.7,5.5,.500,0.0,6.8,.000,0.0,2.7,.000,1.4,2.7,1.4,0.0,1.4,1.4,5.5,,56.8,109.3
9,4,11,45,-0.8,.201,.222,.556,.222,5,3.0,0.0,1.4,8.4,1.4,0.0,9.1,13.3,,-0.1,0.0,-0.1,-.060,,-6.5,-3.3,-9.9
10,0,8,29,5,9,.556,5,9,.556,0,0,,1,1,1.000,4,2,6,0,1,4,2,4,11
10,1,8,3.6,0.6,1.1,.556,0.6,1.1,.556,0.0,0.0,,0.1,0.1,1.000,0.8,0.0,0.1,0.5,0.3,0.5,1.4
10,2,8,29,6.9,12.4,.556,6.9,12.4,.556,0.0,0.0,,1.4,1.4,1.000,8.3,0.0,1.4,5.5,2.8,5.5,15.2
10,3,8,29,10.6,19.1,.556,10.6,19.1,.556,0.0,0.0,,2.1,2.1,1.000,12.7,0.0,2.1,8.5,4.2,8.5,23.4,,106.7,95.3
10,4,8,29,23.2,.580,.556,.000,.111,10,18.6,8.0,12.9,0.0,2.1,14.9,17.4,21.6,,0.1,0.1,0.1,.146,,-2.7,2.6,-0.1
11,0,31,735,153,248,.617,153,247,.619,0,1,.000,131,201,.652,54,107,161,19,18,22,73,95,437
11,1,31,23.7,4.9,8.0,.617,4.9,8.0,.619,0.0,0.0,.000,4.2,6.5,.652,5.2,0.6,0.6,0.7,2.4,3.1,14.1
11,2,31,735,8.3,13.5,.617,8.3,13.4,.619,0.0,0.1,.000,7.1,10.9,.652,8.8,1.0,1.0,1.2,4.0,5.2,23.8
11,3,31,735,12.8,20.8,.617,12.8,20.7,.619,0.0,0.1,.000,11.0,16.8,.652,13.5,1.6,1.5,1.8,6.1,8.0,36.6,,111.7,99.4
11,4,31,735,26.0,.636,.617,.004,.810,383,9.9,16.9,13.7,7.1,1.5,3.2,17.5,30.9,,2.3,1.1,3.4,.186,,1.0,-1.2,-0.2
12,0,22,178,12,35,.343,12,34,.353,0,1,.000,9,12,.750,9,28,37,7,2,6,11,25,33
12,1,22,8.1,0.5,1.6,.343,0.5,1.5,.353,0.0,0.0,.000,0.4,0.5,.750,1.7,0.3,0.1,0.3,0.5,1.1,1.5
12,2,22,178,2.7,7.9,.343,2.7,7.6,.353,0.0,0.2,.000,2.0,2.7,.750,8.3,1.6,0.4,1.3,2.5,5.6,7.4
12,3,22,178,4.2,12.1,.343,4.2,11.8,.353,0.0,0.3,.000,3.1,4.2,.750,12.8,2.4,0.7,2.1,3.8,8.7,11.4,,82.6,100.4
12,4,22,178,6.7,.405,.343,.029,.343,38,6.8,18.3,13.0,7.8,0.7,3.6,21.3,15.9,,-0.1,0.2,0.2,.034,,-6.4,0.7,-5.7
