0,0,35,979,126,258,.488,62,115,.539,64,143,.448,44,57,.772,42,140,182,63,35,39,41,78,360
0,1,35,28.0,3.6,7.4,.488,1.8,3.3,.539,1.8,4.1,.448,1.3,1.6,.772,5.2,1.8,1.0,1.1,1.2,2.2,10.3
0,2,35,979,5.1,10.5,.488,2.5,4.7,.539,2.6,5.8,.448,1.8,2.3,.772,7.4,2.6,1.4,1.6,1.7,3.2,14.7
0,3,35,979,7.6,15.6,.488,3.8,7.0,.539,3.9,8.7,.448,2.7,3.5,.772,11.0,3.8,2.1,2.4,2.5,4.7,21.8,,124.7,97.5
0,4,35,979,20.8,.631,.612,.554,.221,333,5.2,16.6,11.0,12.0,2.1,4.4,12.6,16.9,,2.7,1.6,4.4,.178,,3.9,3.2,7.1
1,0,35,816,40,95,.421,35,68,.515,5,27,.185,14,43,.326,14,71,85,109,31,4,58,117,99
1,1,35,23.3,1.1,2.7,.421,1.0,1.9,.515,0.1,0.8,.185,0.4,1.2,.326,2.4,3.1,0.9,0.1,1.7,3.3,2.8
1,2,35,816,2.0,4.7,.421,1.7,3.3,.515,0.2,1.3,.185,0.7,2.1,.326,4.2,5.3,1.5,0.2,2.8,5.7,4.9
1,3,35,816,2.9,6.9,.421,2.5,4.9,.515,0.4,2.0,.185,1.0,3.1,.326,6.2,7.9,2.3,0.3,4.2,8.5,7.2,,86.6,101.6
1,4,35,816,6.2,.429,.447,.284,.453,149,2.1,10.1,6.2,21.7,2.3,0.5,33.4,10.8,,-0.1,1.0,0.9,.044,,-3.4,1.4,-2.0
2,0,35,594,53,164,.323,18,55,.327,35,109,.321,37,39,.949,13,34,47,48,15,1,52,34,178
2,1,35,17.0,1.5,4.7,.323,0.5,1.6,.327,1.0,3.1,.321,1.1,1.1,.949,1.3,1.4,0.4,0.0,1.5,1.0,5.1
2,2,35,594,3.6,11.0,.323,1.2,3.7,.327,2.4,7.3,.321,2.5,2.6,.949,3.2,3.2,1.0,0.1,3.5,2.3,12.0
2,3,35,594,5.3,16.4,.323,1.8,5.5,.327,3.5,10.9,.321,3.7,3.9,.949,4.7,4.8,1.5,0.1,5.2,3.4,17.8,,92.4,105.5
2,4,35,594,8.7,.488,.430,.665,.238,180,2.6,6.7,4.7,14.0,1.5,0.2,22.2,20.1,,0.2,0.5,0.7,.048,,-2.1,-1.8,-3.8
3,0,34,894,182,374,.487,163,288,.566,19,86,.221,97,137,.708,57,91,148,50,17,17,80,110,480
3,1,34,26.3,5.4,11.0,.487,4.8,8.5,.566,0.6,2.5,.221,2.9,4.0,.708,4.4,1.5,0.5,0.5,2.4,3.2,14.1
3,2,34,894,8.1,16.7,.487,7.3,12.9,.566,0.9,3.8,.221,4.3,6.1,.708,6.6,2.2,0.8,0.8,3.6,4.9,21.5
3,3,34,894,12.1,24.8,.487,10.8,19.1,.566,1.3,5.7,.221,6.4,9.1,.708,9.8,3.3,1.1,1.1,5.3,7.3,31.8,,104.9,102.7
3,4,34,894,19.3,.547,.512,.230,.366,440,7.7,11.8,9.8,12.1,1.1,2.1,15.4,29.5,,1.9,1.0,2.9,.131,,0.3,-0.9,-0.6
4,0,32,740,65,157,.414,57,107,.533,8,50,.160,53,78,.679,20,104,124,77,35,5,51,60,191
4,1,32,23.1,2.0,4.9,.414,1.8,3.3,.533,0.3,1.6,.160,1.7,2.4,.679,3.9,2.4,1.1,0.2,1.6,1.9,6.0
4,2,32,740,3.5,8.5,.414,3.1,5.8,.533,0.4,2.7,.160,2.9,4.2,.679,6.7,4.2,1.9,0.3,2.8,3.2,10.3
4,3,32,740,5.2,12.6,.414,4.6,8.6,.533,0.6,4.0,.160,4.2,6.2,.679,9.9,6.2,2.8,0.4,4.1,4.8,15.3,,99.0,97.8
4,4,32,740,13.2,.492,.439,.318,.497,213,3.3,16.3,9.9,18.0,2.8,0.7,20.8,16.8,,0.6,1.2,1.8,.098,,-1.5,2.2,0.7
5,0,35,1003,133,240,.554,113,176,.642,20,64,.313,47,74,.635,74,98,172,67,42,3,46,84,333
5,1,35,28.7,3.8,6.9,.554,3.2,5.0,.642,0.6,1.8,.313,1.3,2.1,.635,4.9,1.9,1.2,0.1,1.3,2.4,9.5
5,2,35,1003,5.3,9.6,.554,4.5,7.0,.642,0.8,2.6,.313,1.9,3.0,.635,6.9,2.7,1.7,0.1,1.8,3.3,13.3
5,3,35,1003,7.9,14.2,.554,6.7,10.4,.642,1.2,3.8,.313,2.8,4.4,.635,10.2,4.0,2.5,0.2,2.7,5.0,19.7,,121.0,100.9
5,4,35,1003,18.5,.605,.596,.267,.308,336,8.9,11.4,10.2,12.5,2.5,0.3,14.3,16.3,,2.5,1.3,3.9,.155,,3.4,1.4,4.8
6,0,35,510,73,134,.545,65,102,.637,8,32,.250,22,35,.629,45,62,107,18,17,2,20,54,176
6,1,35,14.6,2.1,3.8,.545,1.9,2.9,.637,0.2,0.9,.250,0.6,1.0,.629,3.1,0.5,0.5,0.1,0.6,1.5,5.0
6,2,35,510,5.7,10.5,.545,5.1,8.0,.637,0.6,2.5,.250,1.7,2.7,.629,8.4,1.4,1.3,0.2,1.6,4.2,13.8
6,3,35,510,8.5,15.6,.545,7.6,11.9,.637,0.9,3.7,.250,2.6,4.1,.629,12.4,2.1,2.0,0.2,2.3,6.3,20.5,,118.8,100.7
6,4,35,510,17.9,.584,.575,.239,.261,169,10.7,14.1,12.4,6.8,2.0,0.4,11.7,17.0,,1.2,0.7,1.9,.150,,1.5,-0.2,1.3
7,0,7,14,0,3,.000,0,2,.000,0,1,.000,1,4,.250,0,0,0,0,0,0,1,0,1
7,1,7,2.0,0.0,0.4,.000,0.0,0.3,.000,0.0,0.1,.000,0.1,0.6,.250,0.0,0.0,0.0,0.0,0.1,0.0,0.1
7,2,7,14,0.0,8.6,.000,0.0,5.7,.000,0.0,2.9,.000,2.9,11.4,.250,0.0,0.0,0.0,0.0,2.9,0.0,2.9
7,3,7,14,0.0,12.7,.000,0.0,8.5,.000,0.0,4.2,.000,4.2,16.9,.250,0.0,0.0,0.0,0.0,4.2,0.0,4.2,,20.5,112.2
7,4,7,14,-14.5,.102,.000,.333,1.333,1,0.0,0.0,0.0,0.0,0.0,0.0,16.9,21.4,,-0.1,0.0,-0.1,-.244,,-16.7,-4.9,-21.6
8,0,34,447,59,110,.536,59,105,.562,0,5,.000,55,86,.640,36,42,78,15,22,13,42,68,173
8,1,34,13.1,1.7,3.2,.536,1.7,3.1,.562,0.0,0.1,.000,1.6,2.5,.640,2.3,0.4,0.6,0.4,1.2,2.0,5.1
8,2,34,447,5.3,9.8,.536,5.3,9.4,.562,0.0,0.4,.000,4.9,7.7,.640,7.0,1.3,2.0,1.2,3.8,6.1,15.5
8,3,34,447,7.8,14.6,.536,7.8,13.9,.562,0.0,0.7,.000,7.3,11.4,.640,10.3,2.0,2.9,1.7,5.6,9.0,22.9,,102.1,98.5
8,4,34,447,16.4,.573,.536,.045,.782,167,9.7,10.9,10.3,6.3,2.9,3.2,21.8,21.9,,0.6,0.7,1.3,.117,,-1.8,1.7,-0.1
9,0,11,37,5,9,.556,5,9,.556,0,0,,0,1,.000,4,4,8,1,0,4,4,6,10
9,1,11,3.4,0.5,0.8,.556,0.5,0.8,.556,0.0,0.0,,0.0,0.1,.000,0.7,0.1,0.0,0.4,0.4,0.5,0.9
9,2,11,37,5.4,9.7,.556,5.4,9.7,.556,0.0,0.0,,0.0,1.1,.000,8.6,1.1,0.0,4.3,4.3,6.5,10.8
9,3,11,37,8.0,14.4,.556,8.0,14.4,.556,0.0,0.0,,0.0,1.6,.000,12.8,1.6,0.0,6.4,6.4,9.6,16.0,,85.3,100.1
9,4,11,37,11.6,.528,.556,.000,.111,10,13.1,12.6,12.8,5.1,0.0,12.0,29.7,18.5,,0.0,0.1,0.0,.041,,-5.9,4.6,-1.3
10,0,11,38,5,10,.500,5,10,.500,0,0,,1,4,.250,3,4,7,2,3,1,2,9,11
10,1,11,3.5,0.5,0.9,.500,0.5,0.9,.500,0.0,0.0,,0.1,0.4,.250,0.6,0.2,0.3,0.1,0.2,0.8,1.0
10,2,11,38,5.3,10.5,.500,5.3,10.5,.500,0.0,0.0,,1.1,4.2,.250,7.4,2.1,3.2,1.1,2.1,9.5,11.6
10,3,11,38,7.8,15.6,.500,7.8,15.6,.500,0.0,0.0,,1.6,6.2,.250,10.9,3.1,4.7,1.6,3.1,14.0,17.2,,95.9,93.7
10,4,11,38,13.7,.462,.500,.000,.400,11,9.6,12.2,10.9,9.9,4.7,2.9,14.4,18.6,,0.0,0.1,0.1,.105,,-2.4,3.6,1.2
11,0,33,1053,207,447,.463,146,279,.523,61,168,.363,77,116,.664,32,110,142,103,55,6,72,51,552
11,1,33,31.9,6.3,13.5,.463,4.4,8.5,.523,1.8,5.1,.363,2.3,3.5,.664,4.3,3.1,1.7,0.2,2.2,1.5,16.7
11,2,33,1053,7.9,17.0,.463,5.5,10.6,.523,2.3,6.4,.363,2.9,4.4,.664,5.4,3.9,2.1,0.2,2.7,1.9,21.0
11,3,33,1053,11.7,25.2,.463,8.2,15.7,.523,3.4,9.5,.363,4.3,6.5,.664,8.0,5.8,3.1,0.3,4.1,2.9,31.1,,110.7,99.3
11,4,33,1053,22.9,.550,.531,.376,.260,513,3.7,12.2,8.0,20.9,3.1,0.6,12.5,27.7,,2.8,1.6,4.4,.168,,3.8,0.6,4.4
