0,0,31,614,55,114,.482,54,111,.486,1,3,.333,37,65,.569,48,83,131,21,17,8,28,73,148
0,1,31,19.8,1.8,3.7,.482,1.7,3.6,.486,0.0,0.1,.333,1.2,2.1,.569,4.2,0.7,0.5,0.3,0.9,2.4,4.8
0,2,31,614,3.6,7.4,.482,3.5,7.2,.486,0.1,0.2,.333,2.4,4.2,.569,8.5,1.4,1.1,0.5,1.8,4.8,9.6
0,3,31,614,5.6,11.6,.482,5.5,11.3,.486,0.1,0.3,.333,3.8,6.6,.569,13.4,2.1,1.7,0.8,2.9,7.4,15.1,,106.6,93.9
0,4,31,614,13.0,.511,.487,.026,.570,158,9.7,15.2,12.6,6.5,1.7,1.6,16.2,14.9,,0.8,1.3,2.0,.132,,-1.6,2.2,0.6
1,0,23,630,73,155,.471,42,74,.568,31,81,.383,19,29,.655,12,69,81,84,29,6,42,45,196
1,1,23,27.4,3.2,6.7,.471,1.8,3.2,.568,1.3,3.5,.383,0.8,1.3,.655,3.5,3.7,1.3,0.3,1.8,2.0,8.5
1,2,23,630,4.6,9.8,.471,2.7,4.7,.568,2.0,5.1,.383,1.2,1.8,.655,5.1,5.3,1.8,0.4,2.7,2.9,12.4
1,3,23,630,7.3,15.4,.471,4.2,7.4,.568,3.1,8.0,.383,1.9,2.9,.655,8.0,8.3,2.9,0.6,4.2,4.5,19.5,,113.9,93.1
1,4,23,630,17.9,.581,.571,.523,.187,210,2.4,12.3,7.6,26.6,2.9,1.2,19.9,17.7,,1.3,1.4,2.7,.171,,2.6,2.2,4.8
2,0,12,105,11,24,.458,8,14,.571,3,10,.300,3,10,.300,4,11,15,2,0,4,5,8,28
2,1,12,8.8,0.9,2.0,.458,0.7,1.2,.571,0.3,0.8,.300,0.3,0.8,.300,1.3,0.2,0.0,0.3,0.4,0.7,2.3
2,2,12,105,4.2,9.1,.458,3.0,5.3,.571,1.1,3.8,.300,1.1,3.8,.300,5.7,0.8,0.0,1.5,1.9,3.0,10.7
2,3,12,105,6.6,14.3,.458,4.8,8.3,.571,1.8,6.0,.300,1.8,6.0,.300,8.9,1.2,0.0,2.4,3.0,4.8,16.7,,94.2,98.1
2,4,12,105,9.6,.487,.521,.417,.417,25,4.7,11.8,8.4,3.7,0.0,4.6,14.8,17.0,,0.0,0.2,0.2,.080,,-3.7,0.4,-3.3
3,0,15,94,8,22,.364,2,8,.250,6,14,.429,6,6,1.000,3,5,8,6,3,0,6,3,28
3,1,15,6.3,0.5,1.5,.364,0.1,0.5,.250,0.4,0.9,.429,0.4,0.4,1.000,0.5,0.4,0.2,0.0,0.4,0.2,1.9
3,2,15,94,3.4,9.4,.364,0.9,3.4,.250,2.6,6.0,.429,2.6,2.6,1.000,3.4,2.6,1.3,0.0,2.6,1.3,11.9
3,3,15,94,5.3,14.6,.364,1.3,5.3,.250,4.0,9.3,.429,4.0,4.0,1.000,5.3,4.0,2.0,0.0,4.0,2.0,18.6,,109.9,98.9
3,4,15,94,13.0,.563,.500,.636,.273,28,3.9,6.0,5.0,12.0,2.0,0.0,19.4,17.4,,0.2,0.1,0.3,.129,,0.2,-0.9,-0.7
4,0,33,815,90,160,.563,90,160,.563,0,0,,48,92,.522,76,119,195,11,15,97,31,91,228
4,1,33,24.7,2.7,4.8,.563,2.7,4.8,.563,0.0,0.0,,1.5,2.8,.522,5.9,0.3,0.5,2.9,0.9,2.8,6.9
4,2,33,815,4.4,7.9,.563,4.4,7.9,.563,0.0,0.0,,2.4,4.5,.522,9.6,0.5,0.7,4.8,1.5,4.5,11.2
4,3,33,815,6.9,12.3,.563,6.9,12.3,.563,0.0,0.0,,3.7,7.1,.522,15.0,0.8,1.2,7.4,2.4,7.0,17.5,,114.7,88.0
4,4,33,815,20.3,.560,.563,.000,.575,227,11.5,16.4,14.1,2.7,1.2,14.4,13.2,15.2,,1.5,2.1,3.6,.179,,-1.3,8.4,7.0
5,0,28,306,16,37,.432,12,25,.480,4,12,.333,15,28,.536,9,19,28,31,8,3,27,31,51
5,1,28,10.9,0.6,1.3,.432,0.4,0.9,.480,0.1,0.4,.333,0.5,1.0,.536,1.0,1.1,0.3,0.1,1.0,1.1,1.8
5,2,28,306,2.1,4.8,.432,1.6,3.3,.480,0.5,1.6,.333,2.0,3.7,.536,3.7,4.1,1.0,0.4,3.5,4.1,6.7
5,3,28,306,3.3,7.6,.432,2.5,5.1,.480,0.8,2.5,.333,3.1,5.7,.536,5.7,6.3,1.6,0.6,5.5,6.3,10.4,,88.5,98.3
5,4,28,306,6.8,.507,.486,.324,.757,65,3.6,7.0,5.4,18.0,1.6,1.2,34.9,13.4,,0.0,0.5,0.5,.062,,-3.6,0.9,-2.7
6,0,32,613,67,162,.414,56,123,.455,11,39,.282,53,75,.707,17,53,70,63,21,5,66,55,198
6,1,32,19.2,2.1,5.1,.414,1.8,3.8,.455,0.3,1.2,.282,1.7,2.3,.707,2.2,2.0,0.7,0.2,2.1,1.7,6.2
6,2,32,613,4.4,10.6,.414,3.7,8.0,.455,0.7,2.5,.282,3.5,4.9,.707,4.6,4.1,1.4,0.3,4.3,3.6,12.9
6,3,32,613,6.8,16.5,.414,5.7,12.6,.455,1.1,4.0,.282,5.4,7.7,.707,7.1,6.4,2.1,0.5,6.7,5.6,20.2,,93.0,96.0
6,4,32,613,11.6,.501,.448,.241,.463,210,3.4,9.7,6.7,20.3,2.1,1.0,25.0,22.7,,0.2,1.1,1.4,.089,,-3.0,0.9,-2.1
7,0,33,1003,189,386,.490,110,215,.512,79,171,.462,95,113,.841,62,161,223,41,23,11,47,63,552
7,1,33,30.4,5.7,11.7,.490,3.3,6.5,.512,2.4,5.2,.462,2.9,3.4,.841,6.8,1.2,0.7,0.3,1.4,1.9,16.7
7,2,33,1003,7.5,15.4,.490,4.4,8.6,.512,3.2,6.8,.462,3.8,4.5,.841,8.9,1.6,0.9,0.4,1.9,2.5,22.0
7,3,33,1003,11.8,24.1,.490,6.9,13.4,.512,4.9,10.7,.462,5.9,7.1,.841,13.9,2.6,1.4,0.7,2.9,3.9,34.4,,129.0,93.6
7,4,33,1003,27.4,.628,.592,.443,.293,486,7.6,18.1,13.1,9.5,1.4,1.3,9.7,25.7,,4.5,2.1,6.6,.262,,6.5,0.0,6.4
8,0,33,657,66,139,.475,52,92,.565,14,47,.298,36,45,.800,28,79,107,56,20,10,46,63,182
8,1,33,19.9,2.0,4.2,.475,1.6,2.8,.565,0.4,1.4,.298,1.1,1.4,.800,3.2,1.7,0.6,0.3,1.4,1.9,5.5
8,2,33,657,4.0,8.5,.475,3.2,5.6,.565,0.9,2.9,.298,2.2,2.7,.800,6.5,3.4,1.2,0.6,2.8,3.8,11.1
8,3,33,657,6.3,13.2,.475,5.0,8.8,.565,1.3,4.5,.298,3.4,4.3,.800,10.2,5.3,1.9,1.0,4.4,6.0,17.3,,107.8,94.3
8,4,33,657,14.6,.567,.525,.338,.324,194,5.3,13.5,9.6,16.5,1.9,1.8,22.3,16.6,,1.0,1.3,2.3,.141,,0.1,2.4,2.5
9,0,33,900,127,323,.393,76,182,.418,51,141,.362,53,83,.639,30,120,150,60,25,9,55,50,358
9,1,33,27.3,3.8,9.8,.393,2.3,5.5,.418,1.5,4.3,.362,1.6,2.5,.639,4.5,1.8,0.8,0.3,1.7,1.5,10.8
9,2,33,900,5.6,14.4,.393,3.4,8.1,.418,2.3,6.3,.362,2.4,3.7,.639,6.7,2.7,1.1,0.4,2.4,2.2,15.9
9,3,33,900,8.8,22.5,.393,5.3,12.7,.418,3.5,9.8,.362,3.7,5.8,.639,10.4,4.2,1.7,0.6,3.8,3.5,24.9,,103.3,94.5
9,4,33,900,16.0,.494,.472,.437,.257,340,4.1,15.0,9.8,14.0,1.7,1.2,13.2,24.5,,1.3,1.8,3.2,.140,,-0.1,0.8,0.6
10,0,33,889,115,258,.446,91,183,.497,24,75,.320,81,112,.723,36,75,111,56,37,3,51,61,335
10,1,33,26.9,3.5,7.8,.446,2.8,5.5,.497,0.7,2.3,.320,2.5,3.4,.723,3.4,1.7,1.1,0.1,1.5,1.8,10.2
10,2,33,889,5.2,11.6,.446,4.1,8.2,.497,1.1,3.4,.320,3.6,5.0,.723,5.0,2.5,1.7,0.1,2.3,2.7,15.1
10,3,33,889,8.1,18.2,.446,6.4,12.9,.497,1.7,5.3,.320,5.7,7.9,.723,7.8,3.9,2.6,0.2,3.6,4.3,23.6,,110.7,95.5
10,4,33,889,17.2,.538,.492,.291,.434,325,5.0,9.5,7.4,12.9,2.6,0.4,14.1,21.5,,1.9,1.7,3.6,.160,,1.1,1.1,2.2
