0,0,34,905,67,167,.401,14,35,.400,53,132,.402,29,32,.906,5,32,37,47,32,2,41,44,216
0,1,34,26.6,2.0,4.9,.401,0.4,1.0,.400,1.6,3.9,.402,0.9,0.9,.906,1.1,1.4,0.9,0.1,1.2,1.3,6.4
0,2,34,905,3.0,7.4,.401,0.6,1.5,.400,2.3,5.8,.402,1.3,1.4,.906,1.6,2.1,1.4,0.1,1.8,1.9,9.5
0,3,34,905,4.5,11.3,.401,1.0,2.4,.400,3.6,9.0,.402,2.0,2.2,.906,2.5,3.2,2.2,0.1,2.8,3.0,14.7,,109.4,101.7
0,4,34,905,10.3,.593,.560,.790,.192,202,0.8,4.3,2.7,9.8,2.2,0.2,18.4,13.3,,1.2,1.1,2.2,.099,,2.1,0.1,2.1
1,0,33,592,65,138,.471,42,72,.583,23,66,.348,32,38,.842,24,51,75,17,17,1,28,53,185
1,1,33,17.9,2.0,4.2,.471,1.3,2.2,.583,0.7,2.0,.348,1.0,1.2,.842,2.3,0.5,0.5,0.0,0.8,1.6,5.6
1,2,33,592,4.4,9.3,.471,2.8,4.9,.583,1.6,4.5,.348,2.2,2.6,.842,5.1,1.1,1.1,0.1,1.9,3.6,12.5
1,3,33,592,6.7,14.3,.471,4.4,7.5,.583,2.4,6.8,.348,3.3,3.9,.842,7.8,1.8,1.8,0.1,2.9,5.5,19.2,,113.1,100.0
1,4,33,592,13.7,.593,.554,.478,.275,171,5.7,10.4,8.2,5.8,1.8,0.2,15.2,16.8,,1.1,0.8,1.9,.130,,1.7,-0.4,1.3
2,0,33,1062,158,353,.448,75,154,.487,83,199,.417,118,134,.881,40,200,240,75,34,27,64,46,517
2,1,33,32.2,4.8,10.7,.448,2.3,4.7,.487,2.5,6.0,.417,3.6,4.1,.881,7.3,2.3,1.0,0.8,1.9,1.4,15.7
2,2,33,1062,6.0,13.3,.448,2.8,5.8,.487,3.1,7.5,.417,4.4,5.0,.881,9.0,2.8,1.3,1.0,2.4,1.7,19.5
2,3,33,1062,9.1,20.4,.448,4.3,8.9,.487,4.8,11.5,.417,6.8,7.7,.881,13.9,4.3,2.0,1.6,3.7,2.7,29.9,,122.9,93.3
2,4,33,1062,25.9,.620,.565,.564,.380,487,5.3,22.8,14.7,15.5,2.0,2.6,13.3,24.5,,4.1,2.1,6.2,.235,,6.1,2.3,8.4
3,0,34,958,97,179,.542,91,143,.636,6,36,.167,39,76,.513,23,64,87,125,55,9,86,100,239
3,1,34,28.2,2.9,5.3,.542,2.7,4.2,.636,0.2,1.1,.167,1.1,2.2,.513,2.6,3.7,1.6,0.3,2.5,2.9,7.0
3,2,34,958,4.1,7.5,.542,3.8,6.0,.636,0.3,1.5,.167,1.6,3.2,.513,3.6,5.2,2.3,0.4,3.6,4.2,10.0
3,3,34,958,6.2,11.5,.542,5.8,9.2,.636,0.4,2.3,.167,2.5,4.9,.513,5.6,8.0,3.5,0.6,5.5,6.4,15.3,,100.2,96.5
3,4,34,958,13.3,.556,.559,.201,.425,286,3.4,8.1,5.9,26.0,3.5,1.0,28.6,17.0,,1.0,1.6,2.6,.109,,0.3,2.1,2.5
4,0,30,487,70,127,.551,64,110,.582,6,17,.353,32,51,.627,49,85,134,20,14,12,31,66,178
4,1,30,16.2,2.3,4.2,.551,2.1,3.7,.582,0.2,0.6,.353,1.1,1.7,.627,4.5,0.7,0.5,0.4,1.0,2.2,5.9
4,2,30,487,5.7,10.4,.551,5.3,9.0,.582,0.5,1.4,.353,2.6,4.2,.627,11.0,1.6,1.1,1.0,2.5,5.4,14.6
4,3,30,487,8.8,16.0,.551,8.1,13.9,.582,0.8,2.1,.353,4.0,6.4,.627,16.9,2.5,1.8,1.5,3.9,8.3,22.4,,114.0,94.1
4,4,30,487,19.9,.589,.575,.134,.402,182,14.2,21.1,17.9,8.9,1.8,2.5,17.0,20.2,,1.2,0.9,2.2,.177,,1.6,1.7,3.3
5,0,29,431,46,109,.422,35,72,.486,11,37,.297,25,43,.581,25,48,73,11,18,9,25,45,128
5,1,29,14.9,1.6,3.8,.422,1.2,2.5,.486,0.4,1.3,.297,0.9,1.5,.581,2.5,0.4,0.6,0.3,0.9,1.6,4.4
5,2,29,431,4.3,10.1,.422,3.2,6.7,.486,1.0,3.4,.297,2.3,4.0,.581,6.8,1.0,1.7,0.8,2.3,4.2,11.9
5,3,29,431,6.6,15.5,.422,5.0,10.3,.486,1.6,5.3,.297,3.6,6.1,.581,10.4,1.6,2.6,1.3,3.6,6.4,18.2,,97.7,95.8
5,4,29,431,12.8,.494,.472,.339,.394,126,8.2,13.5,11.0,5.1,2.6,2.2,16.2,19.4,,0.4,0.8,1.1,.103,,-1.4,1.2,-0.2
6,0,25,533,65,175,.371,42,101,.416,23,74,.311,62,75,.827,9,21,30,47,18,2,52,45,215
6,1,25,21.3,2.6,7.0,.371,1.7,4.0,.416,0.9,3.0,.311,2.5,3.0,.827,1.2,1.9,0.7,0.1,2.1,1.8,8.6
6,2,25,533,4.9,13.1,.371,3.2,7.6,.416,1.7,5.6,.311,4.7,5.6,.827,2.3,3.5,1.4,0.2,3.9,3.4,16.1
6,3,25,533,7.5,20.2,.371,4.8,11.6,.416,2.7,8.5,.311,7.1,8.6,.827,3.5,5.4,2.1,0.2,6.0,5.2,24.8,,97.7,101.4
6,4,25,533,12.7,.510,.437,.423,.429,216,2.4,4.8,3.7,18.3,2.1,0.4,19.8,26.6,,0.6,0.6,1.2,.094,,-1.1,-1.8,-3.0
7,0,27,197,13,22,.591,13,22,.591,0,0,,4,14,.286,10,28,38,4,2,14,18,29,30
7,1,27,7.3,0.5,0.8,.591,0.5,0.8,.591,0.0,0.0,,0.1,0.5,.286,1.4,0.1,0.1,0.5,0.7,1.1,1.1
7,2,27,197,2.6,4.5,.591,2.6,4.5,.591,0.0,0.0,,0.8,2.8,.286,7.7,0.8,0.4,2.8,3.7,5.9,6.1
7,3,27,197,4.1,6.9,.591,4.1,6.9,.591,0.0,0.0,,1.2,4.4,.286,11.8,1.2,0.6,4.4,5.6,9.0,9.4,,74.3,95.3
7,4,27,197,6.2,.524,.591,.000,.636,32,7.1,17.2,12.5,3.8,0.6,7.3,38.6,12.8,,-0.2,0.4,0.2,.034,,-5.6,4.2,-1.4
8,0,33,832,90,190,.474,47,80,.588,43,110,.391,50,77,.649,15,88,103,99,19,18,60,55,273
8,1,33,25.2,2.7,5.8,.474,1.4,2.4,.588,1.3,3.3,.391,1.5,2.3,.649,3.1,3.0,0.6,0.5,1.8,1.7,8.3
8,2,33,832,4.3,9.1,.474,2.3,3.8,.588,2.1,5.3,.391,2.4,3.7,.649,5.0,4.8,0.9,0.9,2.9,2.6,13.1
8,3,33,832,6.6,14.0,.474,3.5,5.9,.588,3.2,8.1,.391,3.7,5.7,.649,7.6,7.3,1.4,1.3,4.4,4.1,20.2,,113.2,98.7
8,4,33,832,16.9,.602,.587,.579,.405,290,2.5,12.8,8.1,24.0,1.4,2.2,20.9,18.6,,1.9,1.2,3.1,.150,,3.0,1.0,4.1
9,0,9,46,7,10,.700,2,2,1.000,5,8,.625,0,0,,0,4,4,1,1,0,4,2,19
9,1,9,5.1,0.8,1.1,.700,0.2,0.2,1.000,0.6,0.9,.625,0.0,0.0,,0.4,0.1,0.1,0.0,0.4,0.2,2.1
9,2,9,46,6.1,8.7,.700,1.7,1.7,1.000,4.3,7.0,.625,0.0,0.0,,3.5,0.9,0.9,0.0,3.5,1.7,16.5
9,3,9,46,9.3,13.4,.700,2.7,2.7,1.000,6.7,10.7,.625,0.0,0.0,,5.3,1.3,1.3,0.0,5.3,2.7,25.4,,115.9,101.2
9,4,9,46,18.1,.950,.950,.800,.000,12,0.0,10.5,5.7,4.8,1.3,0.0,28.6,16.5,,0.1,0.1,0.1,.125,,4.1,-2.0,2.2
10,0,34,781,145,229,.633,145,228,.636,0,1,.000,130,173,.751,60,127,187,21,22,20,70,101,420
10,1,34,23.0,4.3,6.7,.633,4.3,6.7,.636,0.0,0.0,.000,3.8,5.1,.751,5.5,0.6,0.6,0.6,2.1,3.0,12.4
10,2,34,781,7.4,11.7,.633,7.4,11.7,.636,0.0,0.1,.000,6.7,8.9,.751,9.6,1.1,1.1,1.0,3.6,5.2,21.5
10,3,34,781,11.4,18.0,.633,11.4,17.9,.636,0.0,0.1,.000,10.2,13.6,.751,14.7,1.7,1.7,1.6,5.5,7.9,33.0,,119.8,94.7
10,4,34,781,26.1,.675,.633,.004,.755,380,10.8,19.7,15.6,6.4,1.7,2.6,18.4,26.4,,3.0,1.4,4.4,.228,,2.5,0.5,3.0
