0,0,34,650,73,136,.537,68,107,.636,5,29,.172,45,73,.616,24,93,117,43,15,2,43,73,196
0,1,34,19.1,2.1,4.0,.537,2.0,3.1,.636,0.1,0.9,.172,1.3,2.1,.616,3.4,1.3,0.4,0.1,1.3,2.1,5.8
0,2,34,650,4.5,8.4,.537,4.2,6.6,.636,0.3,1.8,.172,2.8,4.5,.616,7.2,2.6,0.9,0.1,2.6,4.5,12.1
0,3,34,650,6.8,12.6,.537,6.3,9.9,.636,0.5,2.7,.172,4.2,6.8,.616,10.9,4.0,1.4,0.2,4.0,6.8,18.2,,106.9,102.5
0,4,34,650,12.9,.574,.555,.213,.537,198,4.9,15.5,10.8,13.8,1.4,0.3,20.1,17.3,,0.8,1.0,1.7,.107,,-1.0,0.0,-1.0
1,0,33,583,66,134,.493,44,79,.557,22,55,.400,53,74,.716,32,92,124,37,13,10,45,68,207
1,1,33,17.7,2.0,4.1,.493,1.3,2.4,.557,0.7,1.7,.400,1.6,2.2,.716,3.8,1.1,0.4,0.3,1.4,2.1,6.3
1,2,33,583,4.5,9.2,.493,3.0,5.4,.557,1.5,3.8,.400,3.6,5.1,.716,8.5,2.5,0.9,0.7,3.1,4.7,14.2
1,3,33,583,6.8,13.9,.493,4.6,8.2,.557,2.3,5.7,.400,5.5,7.7,.716,12.8,3.8,1.3,1.0,4.7,7.0,21.4,,112.0,101.1
1,4,33,583,16.1,.612,.575,.410,.552,207,7.3,17.1,12.7,13.3,1.3,1.8,21.0,19.3,,1.1,0.9,2.0,.137,,0.8,0.4,1.2
2,0,22,407,43,101,.426,25,56,.446,18,45,.400,22,33,.667,3,36,39,51,23,3,37,47,126
2,1,22,18.5,2.0,4.6,.426,1.1,2.5,.446,0.8,2.0,.400,1.0,1.5,.667,1.8,2.3,1.0,0.1,1.7,2.1,5.7
2,2,22,407,4.2,9.9,.426,2.5,5.5,.446,1.8,4.4,.400,2.2,3.2,.667,3.8,5.0,2.3,0.3,3.6,4.6,12.4
2,3,22,407,6.4,15.0,.426,3.7,8.3,.446,2.7,6.7,.400,3.3,4.9,.667,5.8,7.6,3.4,0.4,5.5,7.0,18.7,,100.1,100.8
2,4,22,407,12.8,.540,.515,.446,.327,135,1.0,9.6,5.7,25.8,3.4,0.8,24.1,19.8,,0.3,0.7,1.0,.096,,-1.0,0.1,-0.8
3,0,12,84,15,29,.517,11,19,.579,4,10,.400,1,4,.250,5,8,13,5,2,2,4,1,35
3,1,12,7.0,1.3,2.4,.517,0.9,1.6,.579,0.3,0.8,.400,0.1,0.3,.250,1.1,0.4,0.2,0.2,0.3,0.1,2.9
3,2,12,84,7.1,13.8,.517,5.2,9.0,.579,1.9,4.8,.400,0.5,1.9,.250,6.2,2.4,1.0,1.0,1.9,0.5,16.7
3,3,12,84,10.8,20.8,.517,7.9,13.6,.579,2.9,7.2,.400,0.7,2.9,.250,9.3,3.6,1.4,1.4,2.9,0.7,25.1,,113.1,104.4
3,4,12,84,19.8,.566,.586,.345,.138,32,8.0,10.3,9.3,14.4,1.4,2.5,11.5,21.8,,0.2,0.1,0.3,.133,,1.4,-1.0,0.3
4,0,31,648,72,173,.416,59,119,.496,13,54,.241,93,118,.788,34,75,109,33,12,14,37,59,250
4,1,31,20.9,2.3,5.6,.416,1.9,3.8,.496,0.4,1.7,.241,3.0,3.8,.788,3.5,1.1,0.4,0.5,1.2,1.9,8.1
4,2,31,648,4.4,10.7,.416,3.6,7.3,.496,0.8,3.3,.241,5.7,7.3,.788,6.7,2.0,0.7,0.9,2.3,3.6,15.4
4,3,31,648,6.7,16.1,.416,5.5,11.1,.496,1.2,5.0,.241,8.7,11.0,.788,10.2,3.1,1.1,1.3,3.4,5.5,23.3,,113.2,103.7
4,4,31,648,16.2,.546,.454,.312,.682,250,7.0,12.5,10.1,10.6,1.1,2.3,13.9,21.6,,1.3,0.9,2.2,.137,,-0.1,-0.5,-0.6
5,0,14,67,7,15,.467,5,10,.500,2,5,.400,6,6,1.000,2,6,8,10,3,0,3,1,22
5,1,14,4.8,0.5,1.1,.467,0.4,0.7,.500,0.1,0.4,.400,0.4,0.4,1.000,0.6,0.7,0.2,0.0,0.2,0.1,1.6
5,2,14,67,4.2,9.0,.467,3.0,6.0,.500,1.2,3.0,.400,3.6,3.6,1.000,4.8,6.0,1.8,0.0,1.8,0.6,13.1
5,3,14,67,6.3,13.5,.467,4.5,9.0,.500,1.8,4.5,.400,5.4,5.4,1.000,7.2,9.0,2.7,0.0,2.7,0.9,19.8,,133.3,103.2
5,4,14,67,20.9,.616,.533,.333,.400,26,4.0,9.7,7.1,30.7,2.7,0.0,14.4,16.3,,0.2,0.1,0.3,.192,,2.8,-1.5,1.3
6,0,34,1062,163,367,.444,99,217,.456,64,150,.427,145,172,.843,18,68,86,83,22,2,72,58,535
6,1,34,31.2,4.8,10.8,.444,2.9,6.4,.456,1.9,4.4,.427,4.3,5.1,.843,2.5,2.4,0.6,0.1,2.1,1.7,15.7
6,2,34,1062,6.1,13.8,.444,3.7,8.2,.456,2.4,5.6,.427,5.5,6.5,.843,3.2,3.1,0.8,0.1,2.7,2.2,20.2
6,3,34,1062,9.3,20.9,.444,5.6,12.3,.456,3.6,8.5,.427,8.2,9.8,.843,4.9,4.7,1.3,0.1,4.1,3.3,30.4,,118.4,107.5
6,4,34,1062,19.1,.596,.531,.409,.469,500,2.3,6.9,4.8,17.9,1.3,0.2,13.8,25.7,,3.2,1.1,4.2,.160,,3.1,-2.6,0.5
7,0,34,655,52,90,.578,52,90,.578,0,0,,41,86,.477,53,120,173,6,13,58,36,101,145
7,1,34,19.3,1.5,2.6,.578,1.5,2.6,.578,0.0,0.0,,1.2,2.5,.477,5.1,0.2,0.4,1.7,1.1,3.0,4.3
7,2,34,655,3.2,5.5,.578,3.2,5.5,.578,0.0,0.0,,2.5,5.3,.477,10.6,0.4,0.8,3.5,2.2,6.2,8.9
7,3,34,655,4.8,8.3,.578,4.8,8.3,.578,0.0,0.0,,3.8,7.9,.477,15.9,0.6,1.2,5.3,3.3,9.3,13.4,,101.9,96.0
7,4,34,655,13.8,.554,.578,.000,.956,151,10.8,19.8,15.8,1.8,1.2,9.5,21.6,13.4,,0.4,1.4,1.8,.109,,-3.6,4.3,0.7
8,0,34,557,55,98,.561,55,98,.561,0,0,,42,53,.792,62,106,168,12,15,71,75,112,152
8,1,34,16.4,1.6,2.9,.561,1.6,2.9,.561,0.0,0.0,,1.2,1.6,.792,4.9,0.4,0.4,2.1,2.2,3.3,4.5
8,2,34,557,3.9,7.0,.561,3.9,7.0,.561,0.0,0.0,,3.0,3.8,.792,12.1,0.9,1.1,5.1,5.4,8.0,10.9
8,3,34,557,6.0,10.6,.561,6.0,10.6,.561,0.0,0.0,,4.6,5.7,.792,18.2,1.3,1.6,7.7,8.1,12.1,16.5,,90.1,92.3
8,4,34,557,15.1,.617,.561,.000,.541,166,14.9,20.6,18.0,4.4,1.6,13.6,37.8,18.7,,-0.1,1.4,1.2,.089,,-4.9,7.4,2.6
9,0,34,1006,154,314,.490,97,165,.588,57,149,.383,68,88,.773,33,131,164,49,29,5,65,75,433
9,1,34,29.6,4.5,9.2,.490,2.9,4.9,.588,1.7,4.4,.383,2.0,2.6,.773,4.8,1.4,0.9,0.1,1.9,2.2,12.7
9,2,34,1006,6.1,12.5,.490,3.9,6.6,.588,2.3,5.9,.383,2.7,3.5,.773,6.5,1.9,1.2,0.2,2.6,3.0,17.2
9,3,34,1006,9.2,18.8,.490,5.8,9.9,.588,3.4,8.9,.383,4.1,5.3,.773,9.8,2.9,1.7,0.3,3.9,4.5,26.0,,114.4,102.6
9,4,34,1006,17.9,.608,.581,.475,.280,389,4.4,14.1,9.8,11.1,1.7,0.5,15.4,22.0,,2.2,1.5,3.6,.145,,2.4,-0.7,1.8
10,0,34,796,71,187,.380,43,104,.413,28,83,.337,52,66,.788,12,58,70,81,35,3,59,70,222
10,1,34,23.4,2.1,5.5,.380,1.3,3.1,.413,0.8,2.4,.337,1.5,1.9,.788,2.1,2.4,1.0,0.1,1.7,2.1,6.5
10,2,34,796,3.6,9.4,.380,2.2,5.2,.413,1.4,4.2,.337,2.6,3.3,.788,3.5,4.1,1.8,0.2,3.0,3.5,11.2
10,3,34,796,5.4,14.2,.380,3.3,7.9,.413,2.1,6.3,.337,3.9,5.0,.788,5.3,6.1,2.7,0.2,4.5,5.3,16.8,,100.1,103.6
10,4,34,796,10.9,.508,.455,.444,.353,241,2.0,7.9,5.3,20.3,2.7,0.4,21.3,18.3,,0.5,1.1,1.6,.082,,-1.3,-0.2,-1.5
11,0,28,360,42,94,.447,22,50,.440,20,44,.455,12,17,.706,9,31,40,27,8,3,24,40,116
11,1,28,12.9,1.5,3.4,.447,0.8,1.8,.440,0.7,1.6,.455,0.4,0.6,.706,1.4,1.0,0.3,0.1,0.9,1.4,4.1
11,2,28,360,4.7,10.4,.447,2.4,5.6,.440,2.2,4.9,.455,1.3,1.9,.706,4.4,3.0,0.9,0.3,2.7,4.4,12.9
11,3,28,360,7.0,15.8,.447,3.7,8.4,.440,3.4,7.4,.455,2.0,2.8,.706,6.7,4.5,1.3,0.5,4.0,6.7,19.4,,106.6,105.5
11,4,28,360,11.8,.568,.553,.468,.181,113,3.3,9.3,6.6,15.8,1.3,0.9,19.0,18.4,,0.4,0.4,0.9,.097,,-0.5,-1.4,-2.0
