0,0,9,42,2,10,.200,2,5,.400,0,5,.000,0,0,,1,4,5,3,1,0,2,3,4
0,1,9,4.7,0.2,1.1,.200,0.2,0.6,.400,0.0,0.6,.000,0.0,0.0,,0.6,0.3,0.1,0.0,0.2,0.3,0.4
0,2,9,42,1.9,9.5,.200,1.9,4.8,.400,0.0,4.8,.000,0.0,0.0,,4.8,2.9,1.0,0.0,1.9,2.9,3.8
0,3,9,42,3.1,15.5,.200,3.1,7.8,.400,0.0,7.8,.000,0.0,0.0,,7.8,4.7,1.6,0.0,3.1,4.7,6.2,,54.8,100.6
0,4,9,42,-0.3,.200,.200,.500,.000,6,2.9,11.4,7.2,15.4,1.6,0.0,16.7,16.2,,-0.1,0.1,-0.1,-.055,,-7.3,0.4,-6.9
1,0,33,966,77,188,.410,23,55,.418,54,133,.406,20,34,.588,33,147,180,39,20,13,50,60,228
1,1,33,29.3,2.3,5.7,.410,0.7,1.7,.418,1.6,4.0,.406,0.6,1.0,.588,5.5,1.2,0.6,0.4,1.5,1.8,6.9
1,2,33,966,3.2,7.8,.410,1.0,2.3,.418,2.2,5.5,.406,0.8,1.4,.588,7.5,1.6,0.8,0.5,2.1,2.5,9.4
1,3,33,966,5.2,12.7,.410,1.6,3.7,.418,3.6,9.0,.406,1.3,2.3,.588,12.1,2.6,1.3,0.9,3.4,4.0,15.4,,100.0,97.1
1,4,33,966,12.3,.558,.553,.707,.181,216,4.1,18.2,11.2,9.3,1.3,1.6,19.7,14.9,,0.8,1.6,2.4,.098,,0.9,2.6,3.5
2,0,33,866,96,248,.387,68,145,.469,28,103,.272,66,94,.702,5,72,77,65,20,2,47,45,286
2,1,33,26.2,2.9,7.5,.387,2.1,4.4,.469,0.8,3.1,.272,2.0,2.8,.702,2.3,2.0,0.6,0.1,1.4,1.4,8.7
2,2,33,866,4.4,11.5,.387,3.1,6.7,.469,1.3,4.8,.272,3.0,4.3,.702,3.6,3.0,0.9,0.1,2.2,2.1,13.2
2,3,33,866,7.2,18.7,.387,5.1,10.9,.469,2.1,7.7,.272,5.0,7.1,.702,5.8,4.9,1.5,0.2,3.5,3.4,21.5,,98.0,101.3
2,4,33,866,12.8,.489,.444,.415,.379,276,0.7,10.0,5.3,18.7,1.5,0.3,13.8,22.2,,0.9,1.1,1.9,.088,,0.2,-0.1,0.1
3,0,3,4,0,2,.000,0,0,,0,2,.000,0,0,,0,0,0,0,0,0,0,0,0
3,1,3,1.3,0.0,0.7,.000,0.0,0.0,,0.0,0.7,.000,0.0,0.0,,0.0,0.0,0.0,0.0,0.0,0.0,0.0
3,2,3,4,0.0,20.0,.000,0.0,0.0,,0.0,20.0,.000,0.0,0.0,,0.0,0.0,0.0,0.0,0.0,0.0,0.0
3,3,3,4,0.0,32.6,.000,0.0,0.0,,0.0,32.6,.000,0.0,0.0,,0.0,0.0,0.0,0.0,0.0,0.0,0.0,,0.0,109.6
3,4,3,4,-23.8,.000,.000,1.000,.000,0,0.0,0.0,0.0,0.0,0.0,0.0,0.0,28.3,,0.0,0.0,0.0,-.383,,-16.3,-7.9,-24.2
4,0,33,678,73,157,.465,73,156,.468,0,1,.000,31,60,.517,47,66,113,27,18,29,49,75,177
4,1,33,20.5,2.2,4.8,.465,2.2,4.7,.468,0.0,0.0,.000,0.9,1.8,.517,3.4,0.8,0.5,0.9,1.5,2.3,5.4
4,2,33,678,4.3,9.3,.465,4.3,9.2,.468,0.0,0.1,.000,1.8,3.5,.517,6.7,1.6,1.1,1.7,2.9,4.4,10.4
4,3,33,678,7.0,15.1,.465,7.0,15.0,.468,0.0,0.1,.000,3.0,5.8,.517,10.9,2.6,1.7,2.8,4.7,7.2,17.0,,89.3,97.2
4,4,33,678,12.0,.477,.465,.006,.382,183,8.4,11.7,10.0,9.8,1.7,5.0,20.9,19.6,,0.1,1.1,1.1,.068,,-3.1,4.2,1.1
5,0,33,578,64,136,.471,39,72,.542,25,64,.391,27,42,.643,28,84,112,14,16,17,26,69,180
5,1,33,17.5,1.9,4.1,.471,1.2,2.2,.542,0.8,1.9,.391,0.8,1.3,.643,3.4,0.4,0.5,0.5,0.8,2.1,5.5
5,2,33,578,4.4,9.4,.471,2.7,5.0,.542,1.7,4.4,.391,1.9,2.9,.643,7.8,1.0,1.1,1.2,1.8,4.8,12.5
5,3,33,578,7.2,15.3,.471,4.4,8.1,.542,2.8,7.2,.391,3.0,4.7,.643,12.6,1.6,1.8,1.9,2.9,7.8,20.3,,108.1,95.2
5,4,33,578,16.2,.577,.563,.471,.309,162,5.9,17.4,11.7,6.0,1.8,3.5,14.3,17.8,,0.9,1.0,2.0,.137,,1.1,2.6,3.7
6,0,33,1047,145,355,.408,90,198,.455,55,157,.350,99,137,.723,15,102,117,119,34,17,94,64,444
6,1,33,31.7,4.4,10.8,.408,2.7,6.0,.455,1.7,4.8,.350,3.0,4.2,.723,3.5,3.6,1.0,0.5,2.8,1.9,13.5
6,2,33,1047,5.5,13.6,.408,3.4,7.6,.455,2.1,6.0,.350,3.8,5.2,.723,4.5,4.5,1.3,0.6,3.6,2.4,17.0
6,3,33,1047,9.0,22.1,.408,5.6,12.3,.455,3.4,9.8,.350,6.2,8.5,.723,7.3,7.4,2.1,1.1,5.8,4.0,27.6,,100.7,98.3
6,4,33,1047,18.4,.528,.486,.442,.386,444,1.7,11.7,6.7,30.4,2.1,1.9,18.3,27.8,,1.7,1.6,3.3,.126,,3.5,1.5,5.0
7,0,6,6,1,1,1.000,1,1,1.000,0,0,,0,0,,0,0,0,0,0,0,0,1,2
7,1,6,1.0,0.2,0.2,1.000,0.2,0.2,1.000,0.0,0.0,,0.0,0.0,,0.0,0.0,0.0,0.0,0.0,0.2,0.3
7,2,6,6,6.7,6.7,1.000,6.7,6.7,1.000,0.0,0.0,,0.0,0.0,,0.0,0.0,0.0,0.0,0.0,6.7,13.3
7,3,6,6,10.9,10.9,1.000,10.9,10.9,1.000,0.0,0.0,,0.0,0.0,,0.0,0.0,0.0,0.0,0.0,10.9,21.7,,200.0,108.7
7,4,6,6,15.8,1.000,1.000,.000,.000,1,0.0,0.0,0.0,0.0,0.0,0.0,0.0,9.4,,0.0,0.0,0.0,.147,,3.7,-2.4,1.3
8,0,2,3,0,0,,0,0,,0,0,,0,0,,0,1,1,0,0,0,0,1,0
8,1,2,1.5,0.0,0.0,,0.0,0.0,,0.0,0.0,,0.0,0.0,,0.5,0.0,0.0,0.0,0.0,0.5,0.0
8,2,2,3,0.0,0.0,,0.0,0.0,,0.0,0.0,,0.0,0.0,,13.3,0.0,0.0,0.0,0.0,13.3,0.0
8,3,2,3,0.0,0.0,,0.0,0.0,,0.0,0.0,,0.0,0.0,,21.7,0.0,0.0,0.0,0.0,21.7,0.0,,,89.5
8,4,2,3,0.3,,,,,0,0.0,39.9,20.1,0.0,0.0,0.0,,0.0,,0.0,0.0,0.0,.095,,-9.3,0.1,-9.2
9,0,31,514,35,89,.393,24,51,.471,11,38,.289,13,30,.433,38,52,90,23,10,2,21,67,94
9,1,31,16.6,1.1,2.9,.393,0.8,1.6,.471,0.4,1.2,.289,0.4,1.0,.433,2.9,0.7,0.3,0.1,0.7,2.2,3.0
9,2,31,514,2.7,6.9,.393,1.9,4.0,.471,0.9,3.0,.289,1.0,2.3,.433,7.0,1.8,0.8,0.2,1.6,5.2,7.3
9,3,31,514,4.4,11.3,.393,3.0,6.5,.471,1.4,4.8,.289,1.6,3.8,.433,11.4,2.9,1.3,0.3,2.7,8.5,11.9,,97.1,100.3
9,4,31,514,8.8,.455,.455,.427,.337,109,8.9,12.1,10.5,10.1,1.3,0.5,16.9,13.7,,0.3,0.7,1.0,.077,,-0.6,1.6,1.0
10,0,33,999,109,299,.365,54,143,.378,55,156,.353,70,109,.642,57,92,149,28,16,26,43,74,343
10,1,33,30.3,3.3,9.1,.365,1.6,4.3,.378,1.7,4.7,.353,2.1,3.3,.642,4.5,0.8,0.5,0.8,1.3,2.2,10.4
10,2,33,999,4.4,12.0,.365,2.2,5.7,.378,2.2,6.2,.353,2.8,4.4,.642,6.0,1.1,0.6,1.0,1.7,3.0,13.7
10,3,33,999,7.1,19.5,.365,3.5,9.3,.378,3.6,10.2,.353,4.6,7.1,.642,9.7,1.8,1.0,1.7,2.8,4.8,22.4,,100.8,100.3
10,4,33,999,14.4,.489,.457,.522,.365,325,6.9,11.0,9.0,7.0,1.0,3.1,10.9,22.3,,1.3,1.3,2.6,.103,,1.3,1.0,2.3
11,0,25,713,60,145,.414,31,72,.431,29,73,.397,31,50,.620,12,99,111,60,17,7,38,51,180
11,1,25,28.5,2.4,5.8,.414,1.2,2.9,.431,1.2,2.9,.397,1.2,2.0,.620,4.4,2.4,0.7,0.3,1.5,2.0,7.2
11,2,25,713,3.4,8.1,.414,1.7,4.0,.431,1.6,4.1,.397,1.7,2.8,.620,6.2,3.4,1.0,0.4,2.1,2.9,10.1
11,3,25,713,5.5,13.2,.414,2.8,6.6,.431,2.6,6.7,.397,2.8,4.6,.620,10.1,5.5,1.6,0.6,3.5,4.7,16.4,,102.7,97.6
11,4,25,713,13.3,.533,.514,.503,.345,185,2.0,16.6,9.4,19.7,1.6,1.2,18.4,16.4,,0.8,1.1,1.9,.109,,0.9,2.5,3.4
12,0,26,229,19,40,.475,19,39,.487,0,1,.000,15,30,.500,27,23,50,7,7,7,16,30,53
12,1,26,8.8,0.7,1.5,.475,0.7,1.5,.487,0.0,0.0,.000,0.6,1.2,.500,1.9,0.3,0.3,0.3,0.6,1.2,2.0
12,2,26,229,3.3,7.0,.475,3.3,6.8,.487,0.0,0.2,.000,2.6,5.2,.500,8.7,1.2,1.2,1.2,2.8,5.2,9.3
12,3,26,229,5.4,11.4,.475,5.4,11.1,.487,0.0,0.3,.000,4.3,8.5,.500,14.2,2.0,2.0,2.0,4.6,8.5,15.1,,95.2,97.1
12,4,26,229,12.8,.488,.475,.025,.750,62,14.3,12.0,13.1,7.1,2.0,3.6,22.8,17.4,,0.1,0.4,0.5,.089,,-2.1,3.2,1.2
13,0,5,5,0,1,.000,0,0,,0,1,.000,0,0,,0,1,1,0,1,0,2,0,0
13,1,5,1.0,0.0,0.2,.000,0.0,0.0,,0.0,0.2,.000,0.0,0.0,,0.2,0.0,0.2,0.0,0.4,0.0,0.0
13,2,5,5,0.0,8.0,.000,0.0,0.0,,0.0,8.0,.000,0.0,0.0,,8.0,0.0,8.0,0.0,16.0,0.0,0.0
13,3,5,5,0.0,13.0,.000,0.0,0.0,,0.0,13.0,.000,0.0,0.0,,13.0,0.0,13.0,0.0,26.1,0.0,0.0,,0.0,69.8
13,4,5,5,-19.0,.000,.000,1.000,.000,0,0.0,23.9,12.0,0.0,13.0,0.0,66.7,34.0,,-0.1,0.0,-0.1,-.444,,-28.5,8.7,-19.7
