0,0,26,603,89,165,.539,89,165,.539,0,0,,84,139,.604,62,92,154,8,11,52,58,82,262
0,1,26,23.2,3.4,6.3,.539,3.4,6.3,.539,0.0,0.0,,3.2,5.3,.604,5.9,0.3,0.4,2.0,2.2,3.2,10.1
0,2,26,603,5.9,10.9,.539,5.9,10.9,.539,0.0,0.0,,5.6,9.2,.604,10.2,0.5,0.7,3.4,3.8,5.4,17.4
0,3,26,603,9.0,16.7,.539,9.0,16.7,.539,0.0,0.0,,8.5,14.1,.604,15.6,0.8,1.1,5.3,5.9,8.3,26.5,,103.4,95.3
0,4,26,603,21.0,.567,.539,.000,.842,254,13.0,17.4,15.3,2.9,1.1,9.0,20.1,25.2,,1.1,1.1,2.2,.144,,-0.7,4.3,3.6
1,0,18,125,6,22,.273,6,14,.429,0,8,.000,5,8,.625,2,14,16,17,5,0,10,7,17
1,1,18,6.9,0.3,1.2,.273,0.3,0.8,.429,0.0,0.4,.000,0.3,0.4,.625,0.9,0.9,0.3,0.0,0.6,0.4,0.9
1,2,18,125,1.9,7.0,.273,1.9,4.5,.429,0.0,2.6,.000,1.6,2.6,.625,5.1,5.4,1.6,0.0,3.2,2.2,5.4
1,3,18,125,2.9,10.7,.273,2.9,6.8,.429,0.0,3.9,.000,2.4,3.9,.625,7.8,8.3,2.4,0.0,4.9,3.4,8.3,,78.3,99.5
1,4,18,125,6.4,.329,.273,.364,.364,26,2.0,12.8,7.7,24.3,2.4,0.0,27.9,15.1,,-0.1,0.2,0.1,.023,,-3.1,2.0,-1.1
2,0,36,1005,104,228,.456,87,173,.503,17,55,.309,87,128,.680,72,177,249,44,54,25,68,83,312
2,1,36,27.9,2.9,6.3,.456,2.4,4.8,.503,0.5,1.5,.309,2.4,3.6,.680,6.9,1.2,1.5,0.7,1.9,2.3,8.7
2,2,36,1005,4.1,9.1,.456,3.5,6.9,.503,0.7,2.2,.309,3.5,5.1,.680,9.9,1.8,2.1,1.0,2.7,3.3,12.4
2,3,36,1005,6.3,13.8,.456,5.3,10.5,.503,1.0,3.3,.309,5.3,7.8,.680,15.1,2.7,3.3,1.5,4.1,5.0,19.0,,105.9,92.8
2,4,36,1005,18.1,.540,.493,.241,.561,327,9.0,20.1,14.8,8.7,3.3,2.6,19.1,18.7,,1.6,2.1,3.7,.145,,2.3,5.4,7.7
3,0,8,69,8,17,.471,8,17,.471,0,0,,5,9,.556,12,11,23,5,1,0,5,15,21
3,1,8,8.6,1.0,2.1,.471,1.0,2.1,.471,0.0,0.0,,0.6,1.1,.556,2.9,0.6,0.1,0.0,0.6,1.9,2.6
3,2,8,69,4.6,9.9,.471,4.6,9.9,.471,0.0,0.0,,2.9,5.2,.556,13.3,2.9,0.6,0.0,2.9,8.7,12.2
3,3,8,69,7.1,15.0,.471,7.1,15.0,.471,0.0,0.0,,4.4,8.0,.556,20.3,4.4,0.9,0.0,4.4,13.3,18.6,,109.6,99.7
3,4,8,69,16.0,.494,.471,.000,.529,28,21.9,18.2,19.9,14.7,0.9,0.0,19.0,20.1,,0.2,0.1,0.3,.147,,2.7,1.4,4.1
4,0,35,1177,217,458,.474,83,153,.542,134,305,.439,128,153,.837,16,85,101,42,29,11,55,42,696
4,1,35,33.6,6.2,13.1,.474,2.4,4.4,.542,3.8,8.7,.439,3.7,4.4,.837,2.9,1.2,0.8,0.3,1.6,1.2,19.9
4,2,35,1177,7.4,15.6,.474,2.8,5.2,.542,4.6,10.4,.439,4.4,5.2,.837,3.4,1.4,1.0,0.4,1.9,1.4,23.7
4,3,35,1177,11.3,23.8,.474,4.3,7.9,.542,6.9,15.8,.439,6.6,7.9,.837,5.2,2.2,1.5,0.6,2.9,2.2,36.1,,129.4,103.3
4,4,35,1177,26.0,.656,.620,.666,.334,579,1.7,8.2,5.1,8.4,1.5,1.0,9.4,26.2,,5.4,1.3,6.7,.227,,10.3,-0.6,9.7
5,0,36,521,37,108,.343,27,66,.409,10,42,.238,27,34,.794,2,42,44,66,18,5,42,32,111
5,1,36,14.5,1.0,3.0,.343,0.8,1.8,.409,0.3,1.2,.238,0.8,0.9,.794,1.2,1.8,0.5,0.1,1.2,0.9,3.1
5,2,36,521,2.8,8.3,.343,2.1,5.1,.409,0.8,3.2,.238,2.1,2.6,.794,3.4,5.1,1.4,0.4,3.2,2.5,8.5
5,3,36,521,4.3,12.7,.343,3.2,7.7,.409,1.2,4.9,.238,3.2,4.0,.794,5.2,7.7,2.1,0.6,4.9,3.7,13.0,,90.9,101.4
5,4,36,521,9.1,.447,.389,.389,.315,136,0.5,9.2,5.1,23.6,2.1,1.0,25.3,16.8,,0.1,0.7,0.7,.057,,-1.3,1.5,0.2
6,0,16,65,3,13,.231,1,2,.500,2,11,.182,0,1,.000,3,12,15,5,1,3,6,8,8
6,1,16,4.1,0.2,0.8,.231,0.1,0.1,.500,0.1,0.7,.182,0.0,0.1,.000,0.9,0.3,0.1,0.2,0.4,0.5,0.5
6,2,16,65,1.8,8.0,.231,0.6,1.2,.500,1.2,6.8,.182,0.0,0.6,.000,9.2,3.1,0.6,1.8,3.7,4.9,4.9
6,3,16,65,2.8,12.2,.231,0.9,1.9,.500,1.9,10.3,.182,0.0,0.9,.000,14.1,4.7,0.9,2.8,5.6,7.5,7.5,,65.7,96.2
6,4,16,65,3.6,.297,.308,.846,.077,12,5.8,21.0,13.8,13.7,0.9,4.8,30.8,15.8,,-0.1,0.1,0.0,-.005,,-4.1,4.4,0.3
7,0,4,3,0,1,.000,0,1,.000,0,0,,0,0,,1,0,1,0,0,0,0,0,0
7,1,4,0.8,0.0,0.3,.000,0.0,0.3,.000,0.0,0.0,,0.0,0.0,,0.3,0.0,0.0,0.0,0.0,0.0,0.0
7,2,4,3,0.0,13.3,.000,0.0,13.3,.000,0.0,0.0,,0.0,0.0,,13.3,0.0,0.0,0.0,0.0,0.0,0.0
7,3,4,3,0.0,20.3,.000,0.0,20.3,.000,0.0,0.0,,0.0,0.0,,20.3,0.0,0.0,0.0,0.0,0.0,0.0,,64.5,111.2
7,4,4,3,0.0,.000,.000,.000,.000,1,42.0,0.0,19.9,0.0,0.0,0.0,0.0,17.6,,0.0,0.0,0.0,-.077,,-6.3,-6.5,-12.8
8,0,36,517,30,77,.390,15,37,.405,15,40,.375,12,22,.545,25,48,73,19,7,8,20,70,87
8,1,36,14.4,0.8,2.1,.390,0.4,1.0,.405,0.4,1.1,.375,0.3,0.6,.545,2.0,0.5,0.2,0.2,0.6,1.9,2.4
8,2,36,517,2.3,6.0,.390,1.2,2.9,.405,1.2,3.1,.375,0.9,1.7,.545,5.6,1.5,0.5,0.6,1.5,5.4,6.7
8,3,36,517,3.5,9.1,.390,1.8,4.4,.405,1.8,4.7,.375,1.4,2.6,.545,8.6,2.2,0.8,0.9,2.4,8.3,10.3,,102.6,102.9
8,4,36,517,7.2,.497,.487,.519,.286,97,6.1,10.6,8.4,6.7,0.8,1.6,18.6,10.9,,0.4,0.6,1.0,.074,,1.0,2.3,3.3
9,0,36,398,22,71,.310,11,27,.407,11,44,.250,6,9,.667,5,30,35,25,9,6,17,28,61
9,1,36,11.1,0.6,2.0,.310,0.3,0.8,.407,0.3,1.2,.250,0.2,0.3,.667,1.0,0.7,0.3,0.2,0.5,0.8,1.7
9,2,36,398,2.2,7.1,.310,1.1,2.7,.407,1.1,4.4,.250,0.6,0.9,.667,3.5,2.5,0.9,0.6,1.7,2.8,6.1
9,3,36,398,3.4,10.9,.310,1.7,4.1,.407,1.7,6.7,.250,0.9,1.4,.667,5.4,3.8,1.4,0.9,2.6,4.3,9.4,,87.9,103.0
9,4,36,398,5.8,.405,.387,.620,.127,69,1.6,8.6,5.3,11.4,1.4,1.6,18.4,12.2,,0.0,0.4,0.4,.041,,-0.8,2.1,1.3
10,0,13,25,2,5,.400,2,5,.400,0,0,,2,4,.500,1,1,2,0,0,1,1,3,6
10,1,13,1.9,0.2,0.4,.400,0.2,0.4,.400,0.0,0.0,,0.2,0.3,.500,0.2,0.0,0.0,0.1,0.1,0.2,0.5
10,2,13,25,3.2,8.0,.400,3.2,8.0,.400,0.0,0.0,,3.2,6.4,.500,3.2,0.0,0.0,1.6,1.6,4.8,9.6
10,3,13,25,4.9,12.2,.400,4.9,12.2,.400,0.0,0.0,,4.9,9.8,.500,4.9,0.0,0.0,2.4,2.4,7.3,14.7,,89.1,106.3
10,4,13,25,5.8,.435,.400,.000,.800,6,5.0,4.6,4.8,0.0,0.0,4.2,12.7,16.6,,0.0,0.0,0.0,.031,,-4.7,-0.5,-5.1
11,0,8,16,4,5,.800,2,2,1.000,2,3,.667,0,0,,0,3,3,0,0,0,0,2,10
11,1,8,2.0,0.5,0.6,.800,0.3,0.3,1.000,0.3,0.4,.667,0.0,0.0,,0.4,0.0,0.0,0.0,0.0,0.3,1.3
11,2,8,16,10.0,12.5,.800,5.0,5.0,1.000,5.0,7.5,.667,0.0,0.0,,7.5,0.0,0.0,0.0,0.0,5.0,25.0
11,3,8,16,15.3,19.1,.800,7.6,7.6,1.000,7.6,11.4,.667,0.0,0.0,,11.4,0.0,0.0,0.0,0.0,7.6,38.2,,189.7,100.6
11,4,8,16,33.7,1.000,1.000,.600,.000,5,0.0,21.3,11.2,0.0,0.0,0.0,0.0,16.5,,0.1,0.0,0.1,.258,,10.9,-5.1,5.8
12,0,36,1157,210,426,.493,144,270,.533,66,156,.423,95,157,.605,77,123,200,62,46,16,79,67,581
12,1,36,32.1,5.8,11.8,.493,4.0,7.5,.533,1.8,4.3,.423,2.6,4.4,.605,5.6,1.7,1.3,0.4,2.2,1.9,16.1
12,2,36,1157,7.3,14.7,.493,5.0,9.3,.533,2.3,5.4,.423,3.3,5.4,.605,6.9,2.1,1.6,0.6,2.7,2.3,20.1
12,3,36,1157,11.1,22.5,.493,7.6,14.2,.533,3.5,8.2,.423,5.0,8.3,.605,10.6,3.3,2.4,0.8,4.2,3.5,30.7,,114.4,99.1
12,4,36,1157,23.7,.580,.570,.366,.369,546,8.4,12.1,10.3,12.6,2.4,1.4,13.6,26.4,,3.6,1.7,5.3,.184,,6.4,2.2,8.6
13,0,35,605,43,93,.462,37,71,.521,6,22,.273,28,37,.757,41,76,117,18,11,12,34,78,120
13,1,35,17.3,1.2,2.7,.462,1.1,2.0,.521,0.2,0.6,.273,0.8,1.1,.757,3.3,0.5,0.3,0.3,1.0,2.2,3.4
13,2,35,605,2.8,6.1,.462,2.4,4.7,.521,0.4,1.5,.273,1.9,2.4,.757,7.7,1.2,0.7,0.8,2.2,5.2,7.9
13,3,35,605,4.3,9.4,.462,3.7,7.2,.521,0.6,2.2,.273,2.8,3.7,.757,11.8,1.8,1.1,1.2,3.4,7.9,12.1,,102.8,100.3
13,4,35,605,9.9,.543,.495,.237,.398,133,8.5,14.3,11.6,5.5,1.1,2.1,23.5,12.6,,0.5,0.8,1.4,.090,,0.6,3.1,3.7
14,0,36,990,110,232,.474,66,126,.524,44,106,.415,59,69,.855,5,87,92,147,22,5,71,62,323
14,1,36,27.5,3.1,6.4,.474,1.8,3.5,.524,1.2,2.9,.415,1.6,1.9,.855,2.6,4.1,0.6,0.1,2.0,1.7,9.0
14,2,36,990,4.4,9.4,.474,2.7,5.1,.524,1.8,4.3,.415,2.4,2.8,.855,3.7,5.9,0.9,0.2,2.9,2.5,13.1
14,3,36,990,6.8,14.3,.474,4.1,7.8,.524,2.7,6.5,.415,3.6,4.3,.855,5.7,9.1,1.4,0.3,4.4,3.8,19.9,,117.7,102.9
14,4,36,990,16.9,.610,.569,.457,.297,357,0.6,10.0,5.6,29.9,1.4,0.5,21.1,17.9,,2.6,1.1,3.7,.149,,4.5,0.5,5.1
