0,0,29,790,119,260,.458,75,142,.528,44,118,.373,47,57,.825,9,47,56,47,15,0,45,42,329
0,1,29,27.2,4.1,9.0,.458,2.6,4.9,.528,1.5,4.1,.373,1.6,2.0,.825,1.9,1.6,0.5,0.0,1.6,1.4,11.3
0,2,29,790,6.0,13.2,.458,3.8,7.2,.528,2.2,6.0,.373,2.4,2.9,.825,2.8,2.4,0.8,0.0,2.3,2.1,16.7
0,3,29,790,9.3,20.4,.458,5.9,11.1,.528,3.4,9.2,.373,3.7,4.5,.825,4.4,3.7,1.2,0.0,3.5,3.3,25.8,,113.2,101.2
0,4,29,790,16.2,.573,.542,.454,.219,290,1.4,6.5,4.1,13.1,1.2,0.0,13.6,21.9,,1.8,1.0,2.9,.146,,2.2,-1.8,0.4
1,0,31,484,50,93,.538,48,87,.552,2,6,.333,48,67,.716,44,63,107,9,9,13,27,66,150
1,1,31,15.6,1.6,3.0,.538,1.5,2.8,.552,0.1,0.2,.333,1.5,2.2,.716,3.5,0.3,0.3,0.4,0.9,2.1,4.8
1,2,31,484,4.1,7.7,.538,4.0,7.2,.552,0.2,0.5,.333,4.0,5.5,.716,8.8,0.7,0.7,1.1,2.2,5.5,12.4
1,3,31,484,6.4,11.9,.538,6.1,11.1,.552,0.3,0.8,.333,6.1,8.6,.716,13.7,1.2,1.2,1.7,3.5,8.4,19.2,,115.5,95.5
1,4,31,484,16.4,.601,.548,.065,.720,148,10.9,14.3,12.7,3.7,1.2,2.8,17.8,16.3,,1.0,0.9,1.9,.158,,-0.3,0.9,0.6
2,0,31,874,126,314,.401,76,192,.396,50,122,.410,47,72,.653,18,48,66,39,20,4,55,52,349
2,1,31,28.2,4.1,10.1,.401,2.5,6.2,.396,1.6,3.9,.410,1.5,2.3,.653,2.1,1.3,0.6,0.1,1.8,1.7,11.3
2,2,31,874,5.8,14.4,.401,3.5,8.8,.396,2.3,5.6,.410,2.2,3.3,.653,3.0,1.8,0.9,0.2,2.5,2.4,16.0
2,3,31,874,8.9,22.2,.401,5.4,13.6,.396,3.5,8.6,.410,3.3,5.1,.653,4.7,2.8,1.4,0.3,3.9,3.7,24.7,,100.8,100.6
2,4,31,874,12.9,.501,.481,.389,.229,310,2.5,6.0,4.3,9.7,1.4,0.5,13.6,24.0,,1.1,1.2,2.3,.104,,-0.5,-1.5,-2.1
3,0,29,111,19,34,.559,17,32,.531,2,2,1.000,6,7,.857,14,16,30,3,0,2,11,14,46
3,1,29,3.8,0.7,1.2,.559,0.6,1.1,.531,0.1,0.1,1.000,0.2,0.2,.857,1.0,0.1,0.0,0.1,0.4,0.5,1.6
3,2,29,111,6.8,12.3,.559,6.1,11.5,.531,0.7,0.7,1.000,2.2,2.5,.857,10.8,1.1,0.0,0.7,4.0,5.0,16.6
3,3,29,111,10.6,19.0,.559,9.5,17.8,.531,1.1,1.1,1.000,3.3,3.9,.857,16.7,1.7,0.0,1.1,6.1,7.8,25.6,,106.9,97.9
3,4,29,111,18.7,.616,.588,.059,.206,43,15.1,15.9,15.5,6.2,0.0,1.9,22.8,22.7,,0.2,0.2,0.4,.142,,-1.0,-1.7,-2.7
4,0,32,524,53,129,.411,36,92,.391,17,37,.459,19,24,.792,14,48,62,46,26,2,39,39,142
4,1,32,16.4,1.7,4.0,.411,1.1,2.9,.391,0.5,1.2,.459,0.6,0.8,.792,1.9,1.4,0.8,0.1,1.2,1.2,4.4
4,2,32,524,4.0,9.8,.411,2.7,7.0,.391,1.3,2.8,.459,1.5,1.8,.792,4.7,3.5,2.0,0.2,3.0,3.0,10.8
4,3,32,524,6.3,15.2,.411,4.3,10.9,.391,2.0,4.4,.459,2.2,2.8,.792,7.3,5.4,3.1,0.2,4.6,4.6,16.8,,97.5,94.9
4,4,32,524,12.6,.506,.477,.287,.186,146,3.2,10.1,6.8,17.5,3.1,0.4,21.7,17.8,,0.4,1.0,1.4,.105,,-1.3,1.4,0.1
5,0,22,110,10,24,.417,10,24,.417,0,0,,9,13,.692,8,14,22,1,0,2,9,14,29
5,1,22,5.0,0.5,1.1,.417,0.5,1.1,.417,0.0,0.0,,0.4,0.6,.692,1.0,0.0,0.0,0.1,0.4,0.6,1.3
5,2,22,110,3.6,8.7,.417,3.6,8.7,.417,0.0,0.0,,3.3,4.7,.692,8.0,0.4,0.0,0.7,3.3,5.1,10.5
5,3,22,110,5.6,13.5,.417,5.6,13.5,.417,0.0,0.0,,5.1,7.3,.692,12.4,0.6,0.0,1.1,5.1,7.9,16.3,,88.6,98.8
5,4,22,110,7.7,.481,.417,.000,.542,29,8.7,14.0,11.5,1.8,0.0,1.9,23.0,18.5,,0.0,0.2,0.2,.059,,-6.5,-1.8,-8.4
6,0,24,53,3,5,.600,3,4,.750,0,1,.000,0,1,.000,0,6,6,2,2,0,3,10,6
6,1,24,2.2,0.1,0.2,.600,0.1,0.2,.750,0.0,0.0,.000,0.0,0.0,.000,0.3,0.1,0.1,0.0,0.1,0.4,0.3
6,2,24,53,2.3,3.8,.600,2.3,3.0,.750,0.0,0.8,.000,0.0,0.8,.000,4.5,1.5,1.5,0.0,2.3,7.5,4.5
6,3,24,53,3.5,5.8,.600,3.5,4.7,.750,0.0,1.2,.000,0.0,1.2,.000,7.0,2.3,2.3,0.0,3.5,11.7,7.0,,76.4,95.1
6,4,24,53,3.3,.548,.600,.200,.200,6,0.0,12.5,6.5,6.9,2.3,0.0,35.4,8.3,,0.0,0.1,0.1,.054,,-4.7,1.7,-3.0
7,0,31,926,184,339,.543,182,330,.552,2,9,.222,79,120,.658,62,133,195,38,15,58,67,71,449
7,1,31,29.9,5.9,10.9,.543,5.9,10.6,.552,0.1,0.3,.222,2.5,3.9,.658,6.3,1.2,0.5,1.9,2.2,2.3,14.5
7,2,31,926,7.9,14.6,.543,7.9,14.3,.552,0.1,0.4,.222,3.4,5.2,.658,8.4,1.6,0.6,2.5,2.9,3.1,19.4
7,3,31,926,12.3,22.6,.543,12.2,22.0,.552,0.1,0.6,.222,5.3,8.0,.658,13.0,2.5,1.0,3.9,4.5,4.7,30.0,,110.1,93.3
7,4,31,926,23.9,.567,.546,.027,.354,406,8.0,15.8,12.1,10.1,1.0,6.6,14.5,26.0,,2.3,1.9,4.2,.182,,0.6,3.1,3.7
8,0,31,704,98,237,.414,75,157,.478,23,80,.288,34,49,.694,36,85,121,28,7,10,43,69,253
8,1,31,22.7,3.2,7.6,.414,2.4,5.1,.478,0.7,2.6,.288,1.1,1.6,.694,3.9,0.9,0.2,0.3,1.4,2.2,8.2
8,2,31,704,5.6,13.5,.414,4.3,8.9,.478,1.3,4.5,.288,1.9,2.8,.694,6.9,1.6,0.4,0.6,2.4,3.9,14.4
8,3,31,704,8.6,20.8,.414,6.6,13.8,.478,2.0,7.0,.288,3.0,4.3,.694,10.6,2.5,0.6,0.9,3.8,6.1,22.2,,99.6,98.1
8,4,31,704,12.9,.486,.462,.338,.207,236,6.1,13.3,9.9,8.6,0.6,1.5,14.2,22.4,,0.7,1.1,1.9,.106,,-1.5,-0.7,-2.2
9,0,32,430,38,74,.514,38,74,.514,0,0,,20,57,.351,40,55,95,10,6,3,25,58,96
9,1,32,13.4,1.2,2.3,.514,1.2,2.3,.514,0.0,0.0,,0.6,1.8,.351,3.0,0.3,0.2,0.1,0.8,1.8,3.0
9,2,32,430,3.5,6.9,.514,3.5,6.9,.514,0.0,0.0,,1.9,5.3,.351,8.8,0.9,0.6,0.3,2.3,5.4,8.9
9,3,32,430,5.5,10.6,.514,5.5,10.6,.514,0.0,0.0,,2.9,8.2,.351,13.7,1.4,0.9,0.4,3.6,8.3,13.8,,93.1,97.4
9,4,32,430,9.4,.475,.514,.000,.770,102,11.2,14.1,12.7,4.5,0.9,0.7,19.8,15.3,,0.1,0.7,0.8,.079,,-3.3,0.0,-3.3
10,0,32,393,11,51,.216,7,25,.280,4,26,.154,36,42,.857,7,26,33,28,10,2,27,29,62
10,1,32,12.3,0.3,1.6,.216,0.2,0.8,.280,0.1,0.8,.154,1.1,1.3,.857,1.0,0.9,0.3,0.1,0.8,0.9,1.9
10,2,32,393,1.1,5.2,.216,0.7,2.5,.280,0.4,2.6,.154,3.7,4.3,.857,3.4,2.8,1.0,0.2,2.7,3.0,6.3
10,3,32,393,1.7,8.0,.216,1.1,3.9,.280,0.6,4.1,.154,5.7,6.6,.857,5.2,4.4,1.6,0.3,4.3,4.6,9.8,,86.4,99.5
10,4,32,393,5.5,.437,.255,.510,.824,72,2.1,7.3,4.8,12.4,1.6,0.5,27.6,13.0,,-0.1,0.6,0.5,.052,,-3.8,0.3,-3.5
11,0,16,22,2,8,.250,2,8,.250,0,0,,1,3,.333,2,4,6,1,0,0,1,2,5
11,1,16,1.4,0.1,0.5,.250,0.1,0.5,.250,0.0,0.0,,0.1,0.2,.333,0.4,0.1,0.0,0.0,0.1,0.1,0.3
11,2,16,22,3.6,14.5,.250,3.6,14.5,.250,0.0,0.0,,1.8,5.5,.333,10.9,1.8,0.0,0.0,1.8,3.6,9.1
11,3,16,22,5.6,22.5,.250,5.6,22.5,.250,0.0,0.0,,2.8,8.4,.333,16.9,2.8,0.0,0.0,2.8,5.6,14.1,,71.0,97.0
11,4,16,22,3.3,.265,.250,.000,.375,6,10.9,20.0,15.7,8.9,0.0,0.0,9.6,24.7,,0.0,0.0,0.0,-.013,,-10.0,-2.8,-12.7
12,0,22,46,1,10,.100,1,9,.111,0,1,.000,4,4,1.000,3,8,11,0,0,1,3,7,6
12,1,22,2.1,0.0,0.5,.100,0.0,0.4,.111,0.0,0.0,.000,0.2,0.2,1.000,0.5,0.0,0.0,0.0,0.1,0.3,0.3
12,2,22,46,0.9,8.7,.100,0.9,7.8,.111,0.0,0.9,.000,3.5,3.5,1.000,9.6,0.0,0.0,0.9,2.6,6.1,5.2
12,3,22,46,1.3,13.4,.100,1.3,12.1,.111,0.0,1.3,.000,5.4,5.4,1.000,14.8,0.0,0.0,1.3,4.0,9.4,8.1,,60.0,95.9
12,4,22,46,-0.9,.252,.100,.100,.400,7,7.8,19.1,13.7,0.0,0.0,2.3,20.1,16.9,,-0.1,0.1,0.0,-.015,,-12.2,-3.4,-15.6
13,0,32,983,65,163,.399,58,135,.430,7,28,.250,88,132,.667,89,218,307,143,50,8,64,52,225
13,1,32,30.7,2.0,5.1,.399,1.8,4.2,.430,0.2,0.9,.250,2.8,4.1,.667,9.6,4.5,1.6,0.3,2.0,1.6,7.0
13,2,32,983,2.6,6.6,.399,2.4,5.5,.430,0.3,1.1,.250,3.6,5.4,.667,12.5,5.8,2.0,0.3,2.6,2.1,9.2
13,3,32,983,4.1,10.3,.399,3.7,8.5,.430,0.4,1.8,.250,5.5,8.3,.667,19.3,9.0,3.1,0.5,4.0,3.3,14.2,,111.1,87.6
13,4,32,983,20.7,.498,.420,.172,.810,310,10.9,24.4,17.9,27.1,3.1,0.9,22.1,15.3,,1.8,2.6,4.4,.179,,2.2,5.1,7.3
