0,0,34,1059,107,271,.395,48,100,.480,59,171,.345,64,91,.703,11,71,82,118,37,1,48,73,337
0,1,34,31.1,3.1,8.0,.395,1.4,2.9,.480,1.7,5.0,.345,1.9,2.7,.703,2.4,3.5,1.1,0.0,1.4,2.1,9.9
0,2,34,1059,4.0,10.2,.395,1.8,3.8,.480,2.2,6.5,.345,2.4,3.4,.703,3.1,4.5,1.4,0.0,1.8,2.8,12.7
0,3,34,1059,6.0,15.1,.395,2.7,5.6,.480,3.3,9.6,.345,3.6,5.1,.703,4.6,6.6,2.1,0.1,2.7,4.1,18.8,,114.3,101.8
0,4,34,1059,13.5,.536,.504,.631,.336,348,1.2,7.5,4.5,21.1,2.1,0.1,13.3,17.4,,1.9,1.6,3.5,.134,,3.3,1.8,5.1
1,0,34,1004,159,373,.426,74,144,.514,85,229,.371,88,108,.815,52,154,206,55,44,21,59,104,491
1,1,34,29.5,4.7,11.0,.426,2.2,4.2,.514,2.5,6.7,.371,2.6,3.2,.815,6.1,1.6,1.3,0.6,1.7,3.1,14.4
1,2,34,1004,6.3,14.9,.426,2.9,5.7,.514,3.4,9.1,.371,3.5,4.3,.815,8.2,2.2,1.8,0.8,2.4,4.1,19.6
1,3,34,1004,9.4,22.0,.426,4.4,8.5,.514,5.0,13.5,.371,5.2,6.4,.815,12.1,3.2,2.6,1.2,3.5,6.1,28.9,,116.1,95.1
1,4,34,1004,21.0,.579,.540,.614,.290,448,6.2,17.1,11.8,11.7,2.6,2.3,12.2,24.5,,2.6,2.2,4.8,.190,,5.4,3.8,9.2
2,0,34,487,28,72,.389,28,69,.406,0,3,.000,37,49,.755,10,37,47,62,21,2,33,56,93
2,1,34,14.3,0.8,2.1,.389,0.8,2.0,.406,0.0,0.1,.000,1.1,1.4,.755,1.4,1.8,0.6,0.1,1.0,1.6,2.7
2,2,34,487,2.3,5.9,.389,2.3,5.7,.406,0.0,0.2,.000,3.0,4.0,.755,3.9,5.1,1.7,0.2,2.7,4.6,7.6
2,3,34,487,3.4,8.7,.389,3.4,8.4,.406,0.0,0.4,.000,4.5,6.0,.755,5.7,7.5,2.6,0.2,4.0,6.8,11.3,,101.2,99.9
2,4,34,487,9.3,.488,.389,.042,.681,122,2.4,8.5,5.6,22.3,2.6,0.5,25.7,13.4,,0.3,0.8,1.1,.094,,-1.8,3.3,1.5
3,0,30,481,47,133,.353,22,50,.440,25,83,.301,33,42,.786,6,46,52,49,8,8,20,47,152
3,1,30,16.0,1.6,4.4,.353,0.7,1.7,.440,0.8,2.8,.301,1.1,1.4,.786,1.7,1.6,0.3,0.3,0.7,1.6,5.1
3,2,30,481,3.9,11.1,.353,1.8,4.2,.440,2.1,6.9,.301,2.7,3.5,.786,4.3,4.1,0.7,0.7,1.7,3.9,12.6
3,3,30,481,5.8,16.4,.353,2.7,6.2,.440,3.1,10.2,.301,4.1,5.2,.786,6.4,6.0,1.0,1.0,2.5,5.8,18.7,,110.1,101.8
3,4,30,481,12.0,.497,.447,.624,.316,157,1.5,10.7,6.2,19.2,1.0,1.8,11.6,18.3,,0.7,0.7,1.5,.122,,1.3,1.6,2.9
4,0,8,12,0,0,,0,0,,0,0,,1,3,.333,1,1,2,0,1,0,0,0,1
4,1,8,1.5,0.0,0.0,,0.0,0.0,,0.0,0.0,,0.1,0.4,.333,0.3,0.0,0.1,0.0,0.0,0.0,0.1
4,2,8,12,0.0,0.0,,0.0,0.0,,0.0,0.0,,3.3,10.0,.333,6.7,0.0,3.3,0.0,0.0,0.0,3.3
4,3,8,12,0.0,0.0,,0.0,0.0,,0.0,0.0,,4.9,14.8,.333,9.9,0.0,4.9,0.0,0.0,0.0,4.9,,108.2,95.0
4,4,8,12,10.9,.351,,,,2,9.9,9.3,9.6,0.0,4.9,0.0,0.0,6.1,,0.0,0.0,0.0,.109,,-1.1,4.0,2.9
5,0,34,728,87,174,.500,61,91,.670,26,83,.313,65,96,.677,62,89,151,30,19,9,19,83,265
5,1,34,21.4,2.6,5.1,.500,1.8,2.7,.670,0.8,2.4,.313,1.9,2.8,.677,4.4,0.9,0.6,0.3,0.6,2.4,7.8
5,2,34,728,4.8,9.6,.500,3.4,5.0,.670,1.4,4.6,.313,3.6,5.3,.677,8.3,1.6,1.0,0.5,1.0,4.6,14.6
5,3,34,728,7.1,14.1,.500,5.0,7.4,.670,2.1,6.7,.313,5.3,7.8,.677,12.3,2.4,1.5,0.7,1.5,6.7,21.5,,131.6,99.4
5,4,34,728,18.6,.603,.575,.477,.552,263,10.2,13.7,12.0,8.1,1.5,1.4,8.0,16.7,,2.2,1.3,3.5,.193,,5.2,2.7,7.9
6,0,34,991,157,323,.486,87,154,.565,70,169,.414,102,142,.718,30,94,124,90,44,17,76,68,486
6,1,34,29.1,4.6,9.5,.486,2.6,4.5,.565,2.1,5.0,.414,3.0,4.2,.718,3.6,2.6,1.3,0.5,2.2,2.0,14.3
6,2,34,991,6.3,13.0,.486,3.5,6.2,.565,2.8,6.8,.414,4.1,5.7,.718,5.0,3.6,1.8,0.7,3.1,2.7,19.6
6,3,34,991,9.4,19.3,.486,5.2,9.2,.565,4.2,10.1,.414,6.1,8.5,.718,7.4,5.4,2.6,1.0,4.5,4.1,29.0,,117.4,98.3
6,4,34,991,21.3,.622,.594,.523,.440,451,3.6,10.6,7.2,19.3,2.6,1.9,16.3,24.0,,2.7,1.9,4.6,.185,,6.1,3.4,9.4
7,0,34,399,44,118,.373,14,37,.378,30,81,.370,22,27,.815,17,43,60,21,6,9,12,47,140
7,1,34,11.7,1.3,3.5,.373,0.4,1.1,.378,0.9,2.4,.370,0.6,0.8,.815,1.8,0.6,0.2,0.3,0.4,1.4,4.1
7,2,34,399,4.4,11.8,.373,1.4,3.7,.378,3.0,8.1,.370,2.2,2.7,.815,6.0,2.1,0.6,0.9,1.2,4.7,14.0
7,3,34,399,6.5,17.5,.373,2.1,5.5,.378,4.4,12.0,.370,3.3,4.0,.815,8.9,3.1,0.9,1.3,1.8,7.0,20.8,,117.1,101.0
7,4,34,399,13.9,.535,.500,.686,.229,133,5.1,12.0,8.7,10.2,0.9,2.5,8.4,18.3,,0.8,0.6,1.4,.145,,2.7,1.8,4.5
8,0,8,13,2,2,1.000,1,1,1.000,1,1,1.000,0,3,.000,0,1,1,0,0,0,3,0,5
8,1,8,1.6,0.3,0.3,1.000,0.1,0.1,1.000,0.1,0.1,1.000,0.0,0.4,.000,0.1,0.0,0.0,0.0,0.4,0.0,0.6
8,2,8,13,6.2,6.2,1.000,3.1,3.1,1.000,3.1,3.1,1.000,0.0,9.2,.000,3.1,0.0,0.0,0.0,9.2,0.0,15.4
8,3,8,13,9.1,9.1,1.000,4.6,4.6,1.000,4.6,4.6,1.000,0.0,13.7,.000,4.6,0.0,0.0,0.0,13.7,0.0,22.8,,44.8,106.4
8,4,8,13,1.7,.730,1.250,.500,1.500,2,0.0,8.6,4.4,0.0,0.0,0.0,46.7,25.2,,-0.1,0.0,-0.1,-.164,,-8.0,-2.4,-10.4
9,0,11,27,1,4,.250,1,1,1.000,0,3,.000,0,0,,0,1,1,1,1,0,1,2,2
9,1,11,2.5,0.1,0.4,.250,0.1,0.1,1.000,0.0,0.3,.000,0.0,0.0,,0.1,0.1,0.1,0.0,0.1,0.2,0.2
9,2,11,27,1.5,5.9,.250,1.5,1.5,1.000,0.0,4.4,.000,0.0,0.0,,1.5,1.5,1.5,0.0,1.5,3.0,3.0
9,3,11,27,2.2,8.8,.250,2.2,2.2,1.000,0.0,6.6,.000,0.0,0.0,,2.2,2.2,2.2,0.0,2.2,4.4,4.4,,56.0,103.1
9,4,11,27,-0.3,.250,.250,.750,.000,2,0.0,4.1,2.1,6.3,2.2,0.0,20.0,9.4,,0.0,0.0,0.0,-.003,,-4.6,2.4,-2.2
10,0,34,737,76,128,.594,76,127,.598,0,1,.000,41,74,.554,64,144,208,47,24,52,63,95,193
10,1,34,21.7,2.2,3.8,.594,2.2,3.7,.598,0.0,0.0,.000,1.2,2.2,.554,6.1,1.4,0.7,1.5,1.9,2.8,5.7
10,2,34,737,4.1,6.9,.594,4.1,6.9,.598,0.0,0.1,.000,2.2,4.0,.554,11.3,2.6,1.3,2.8,3.4,5.2,10.5
10,3,34,737,6.1,10.3,.594,6.1,10.2,.598,0.0,0.1,.000,3.3,5.9,.554,16.7,3.8,1.9,4.2,5.1,7.6,15.5,,103.6,91.5
10,4,34,737,16.5,.591,.594,.008,.578,218,10.4,21.8,16.3,12.1,1.9,7.7,27.9,15.6,,0.7,1.8,2.5,.137,,-0.3,9.0,8.7
11,0,34,921,160,307,.521,152,276,.551,8,31,.258,151,203,.744,74,134,208,49,31,19,58,83,479
11,1,34,27.1,4.7,9.0,.521,4.5,8.1,.551,0.2,0.9,.258,4.4,6.0,.744,6.1,1.4,0.9,0.6,1.7,2.4,14.1
11,2,34,921,6.9,13.3,.521,6.6,12.0,.551,0.3,1.3,.258,6.6,8.8,.744,9.0,2.1,1.3,0.8,2.5,3.6,20.8
11,3,34,921,10.3,19.7,.521,9.8,17.7,.551,0.5,2.0,.258,9.7,13.0,.744,13.4,3.1,2.0,1.2,3.7,5.3,30.8,,120.6,96.9
11,4,34,921,23.9,.594,.534,.101,.661,459,9.6,16.3,13.0,11.7,2.0,2.3,12.6,25.6,,3.0,1.8,4.9,.212,,3.7,3.6,7.3
12,0,21,66,2,2,1.000,2,2,1.000,0,0,,3,10,.300,5,15,20,1,0,3,7,13,7
12,1,21,3.1,0.1,0.1,1.000,0.1,0.1,1.000,0.0,0.0,,0.1,0.5,.300,1.0,0.0,0.0,0.1,0.3,0.6,0.3
12,2,21,66,1.2,1.2,1.000,1.2,1.2,1.000,0.0,0.0,,1.8,6.1,.300,12.1,0.6,0.0,1.8,4.2,7.9,4.2
12,3,21,66,1.8,1.8,1.000,1.8,1.8,1.000,0.0,0.0,,2.7,9.0,.300,17.9,0.9,0.0,2.7,6.3,11.7,6.3,,65.3,95.4
12,4,21,66,3.1,.519,1.000,.000,5.000,9,9.0,25.4,17.5,2.5,0.0,5.0,50.9,10.6,,-0.1,0.1,0.0,.023,,-6.6,4.6,-2.0
