0,0,37,799,96,236,.407,66,134,.493,30,102,.294,68,95,.716,26,94,120,54,13,28,51,58,290
0,1,37,21.6,2.6,6.4,.407,1.8,3.6,.493,0.8,2.8,.294,1.8,2.6,.716,3.2,1.5,0.4,0.8,1.4,1.6,7.8
0,2,37,799,4.8,11.8,.407,3.3,6.7,.493,1.5,5.1,.294,3.4,4.8,.716,6.0,2.7,0.7,1.4,2.6,2.9,14.5
0,3,37,799,7.9,19.5,.407,5.5,11.1,.493,2.5,8.4,.294,5.6,7.9,.716,9.9,4.5,1.1,2.3,4.2,4.8,24.0,,103.4,93.5
0,4,37,799,15.6,.516,.470,.432,.403,279,4.2,14.1,9.3,14.8,1.1,4.2,15.4,23.5,,1.0,1.9,2.8,.141,,1.7,4.9,6.5
1,0,37,386,45,93,.484,45,93,.484,0,0,,21,36,.583,34,48,82,11,6,19,25,47,111
1,1,37,10.4,1.2,2.5,.484,1.2,2.5,.484,0.0,0.0,,0.6,1.0,.583,2.2,0.3,0.2,0.5,0.7,1.3,3.0
1,2,37,386,4.7,9.6,.484,4.7,9.6,.484,0.0,0.0,,2.2,3.7,.583,8.5,1.1,0.6,2.0,2.6,4.9,11.5
1,3,37,386,7.7,15.9,.484,7.7,15.9,.484,0.0,0.0,,3.6,6.2,.583,14.0,1.9,1.0,3.3,4.3,8.0,19.0,,98.6,91.9
1,4,37,386,13.9,.504,.484,.000,.387,113,11.3,14.9,13.2,6.2,1.0,5.9,18.5,19.8,,0.2,1.0,1.2,.123,,-1.8,5.8,4.0
2,0,37,1163,150,363,.413,106,244,.434,44,119,.370,126,144,.875,33,168,201,101,44,5,53,71,470
2,1,37,31.4,4.1,9.8,.413,2.9,6.6,.434,1.2,3.2,.370,3.4,3.9,.875,5.4,2.7,1.2,0.1,1.4,1.9,12.7
2,2,37,1163,5.2,12.5,.413,3.6,8.4,.434,1.5,4.1,.370,4.3,5.0,.875,6.9,3.5,1.5,0.2,1.8,2.4,16.2
2,3,37,1163,8.5,20.6,.413,6.0,13.9,.434,2.5,6.8,.370,7.2,8.2,.875,11.4,5.7,2.5,0.3,3.0,4.0,26.7,,117.0,91.1
2,4,37,1163,20.8,.545,.474,.328,.397,460,3.6,17.3,10.7,19.4,2.5,0.5,10.9,23.5,,3.1,3.0,6.0,.208,,5.1,5.0,10.1
3,0,12,23,0,4,.000,0,3,.000,0,1,.000,0,0,,0,2,2,2,1,1,4,4,0
3,1,12,1.9,0.0,0.3,.000,0.0,0.3,.000,0.0,0.1,.000,0.0,0.0,,0.2,0.2,0.1,0.1,0.3,0.3,0.0
3,2,12,23,0.0,7.0,.000,0.0,5.2,.000,0.0,1.7,.000,0.0,0.0,,3.5,3.5,1.7,1.7,7.0,7.0,0.0
3,3,12,23,0.0,11.5,.000,0.0,8.6,.000,0.0,2.9,.000,0.0,0.0,,5.7,5.7,2.9,2.9,11.5,11.5,0.0,,14.8,89.8
3,4,12,23,-13.0,.000,.000,.250,.000,1,0.0,10.4,5.4,15.1,2.9,5.2,50.0,19.6,,-0.2,0.1,-0.1,-.189,,-16.3,8.1,-8.2
4,0,37,732,111,189,.587,111,189,.587,0,0,,96,153,.627,49,99,148,16,11,20,41,77,318
4,1,37,19.8,3.0,5.1,.587,3.0,5.1,.587,0.0,0.0,,2.6,4.1,.627,4.0,0.4,0.3,0.5,1.1,2.1,8.6
4,2,37,732,6.1,10.3,.587,6.1,10.3,.587,0.0,0.0,,5.2,8.4,.627,8.1,0.9,0.6,1.1,2.2,4.2,17.4
4,3,37,732,10.0,17.1,.587,10.0,17.1,.587,0.0,0.0,,8.7,13.8,.627,13.4,1.4,1.0,1.8,3.7,7.0,28.7,,116.7,93.0
4,4,37,732,21.0,.608,.587,.000,.810,286,8.6,16.2,12.5,5.2,1.0,3.3,13.5,23.4,,1.9,1.7,3.6,.198,,2.1,3.6,5.6
5,0,37,1066,149,338,.441,77,158,.487,72,180,.400,73,114,.640,22,87,109,84,35,8,48,88,443
5,1,37,28.8,4.0,9.1,.441,2.1,4.3,.487,1.9,4.9,.400,2.0,3.1,.640,2.9,2.3,0.9,0.2,1.3,2.4,12.0
5,2,37,1066,5.6,12.7,.441,2.9,5.9,.487,2.7,6.8,.400,2.7,4.3,.640,4.1,3.2,1.3,0.3,1.8,3.3,16.6
5,3,37,1066,9.2,21.0,.441,4.8,9.8,.487,4.5,11.2,.400,4.5,7.1,.640,6.8,5.2,2.2,0.5,3.0,5.5,27.5,,116.0,94.7
5,4,37,1066,18.7,.565,.547,.533,.337,407,2.7,9.8,6.3,18.1,2.2,0.9,10.9,23.3,,2.6,2.4,5.0,.187,,6.3,3.3,9.6
6,0,10,21,1,3,.333,1,2,.500,0,1,.000,1,3,.333,0,5,5,0,1,1,1,0,3
6,1,10,2.1,0.1,0.3,.333,0.1,0.2,.500,0.0,0.1,.000,0.1,0.3,.333,0.5,0.0,0.1,0.1,0.1,0.0,0.3
6,2,10,21,1.9,5.7,.333,1.9,3.8,.500,0.0,1.9,.000,1.9,5.7,.333,9.5,0.0,1.9,1.9,1.9,0.0,5.7
6,3,10,21,3.1,9.4,.333,3.1,6.3,.500,0.0,3.1,.000,3.1,9.4,.333,15.7,0.0,3.1,3.1,3.1,0.0,9.4,,60.0,82.2
6,4,10,21,8.3,.339,.333,.333,1.000,3,0.0,28.5,14.8,0.0,3.1,5.7,18.4,14.6,,0.0,0.1,0.0,.054,,-8.7,5.2,-3.5
7,0,29,126,4,24,.167,4,17,.235,0,7,.000,6,16,.375,2,3,5,8,4,0,1,12,14
7,1,29,4.3,0.1,0.8,.167,0.1,0.6,.235,0.0,0.2,.000,0.2,0.6,.375,0.2,0.3,0.1,0.0,0.0,0.4,0.5
7,2,29,126,1.3,7.6,.167,1.3,5.4,.235,0.0,2.2,.000,1.9,5.1,.375,1.6,2.5,1.3,0.0,0.3,3.8,4.4
7,3,29,126,2.1,12.6,.167,2.1,8.9,.235,0.0,3.7,.000,3.1,8.4,.375,2.6,4.2,2.1,0.0,0.5,6.3,7.3,,69.1,98.3
7,4,29,126,0.6,.222,.167,.292,.667,18,2.0,2.8,2.5,11.7,2.1,0.0,3.1,14.6,,-0.2,0.2,0.1,.016,,-4.8,2.1,-2.6
8,0,13,27,2,4,.500,2,4,.500,0,0,,0,0,,1,1,2,0,0,0,1,1,4
8,1,13,2.1,0.2,0.3,.500,0.2,0.3,.500,0.0,0.0,,0.0,0.0,,0.2,0.0,0.0,0.0,0.1,0.1,0.3
8,2,13,27,3.0,5.9,.500,3.0,5.9,.500,0.0,0.0,,0.0,0.0,,3.0,0.0,0.0,0.0,1.5,1.5,5.9
8,3,13,27,4.9,9.8,.500,4.9,9.8,.500,0.0,0.0,,0.0,0.0,,4.9,0.0,0.0,0.0,2.4,2.4,9.8,,89.0,102.7
8,4,13,27,3.9,.500,.500,.000,.000,4,4.8,4.4,4.6,0.0,0.0,0.0,20.0,10.5,,0.0,0.0,0.0,.053,,-3.6,0.7,-2.9
9,0,37,952,105,187,.561,105,186,.565,0,1,.000,41,96,.427,72,187,259,44,29,21,49,70,251
9,1,37,25.7,2.8,5.1,.561,2.8,5.0,.565,0.0,0.0,.000,1.1,2.6,.427,7.0,1.2,0.8,0.6,1.3,1.9,6.8
9,2,37,952,4.4,7.9,.561,4.4,7.8,.565,0.0,0.0,.000,1.7,4.0,.427,10.9,1.8,1.2,0.9,2.1,2.9,10.5
9,3,37,952,7.3,13.0,.561,7.3,12.9,.565,0.0,0.1,.000,2.8,6.7,.427,18.0,3.1,2.0,1.5,3.4,4.9,17.4,,105.9,88.2
9,4,37,952,17.1,.540,.561,.005,.513,261,9.7,23.5,16.9,9.9,2.0,2.6,17.4,16.7,,1.1,2.7,3.8,.158,,1.0,7.0,8.0
10,0,32,297,26,66,.394,9,15,.600,17,51,.333,19,26,.731,7,20,27,8,7,3,10,27,88
10,1,32,9.3,0.8,2.1,.394,0.3,0.5,.600,0.5,1.6,.333,0.6,0.8,.731,0.8,0.3,0.2,0.1,0.3,0.8,2.8
10,2,32,297,3.5,8.9,.394,1.2,2.0,.600,2.3,6.9,.333,2.6,3.5,.731,3.6,1.1,0.9,0.4,1.3,3.6,11.9
10,3,32,297,5.8,14.7,.394,2.0,3.3,.600,3.8,11.3,.333,4.2,5.8,.731,6.0,1.8,1.6,0.7,2.2,6.0,19.6,,113.7,96.6
10,4,32,297,12.0,.562,.523,.773,.394,78,3.0,8.1,5.6,5.5,1.6,1.2,11.3,16.8,,0.5,0.6,1.1,.144,,3.0,2.4,5.3
11,0,37,1105,61,159,.384,23,72,.319,38,87,.437,43,50,.860,8,73,81,140,33,4,40,62,203
11,1,37,29.9,1.6,4.3,.384,0.6,1.9,.319,1.0,2.4,.437,1.2,1.4,.860,2.2,3.8,0.9,0.1,1.1,1.7,5.5
11,2,37,1105,2.2,5.8,.384,0.8,2.6,.319,1.4,3.1,.437,1.6,1.8,.860,2.9,5.1,1.2,0.1,1.4,2.2,7.3
11,3,37,1105,3.6,9.5,.384,1.4,4.3,.319,2.3,5.2,.437,2.6,3.0,.860,4.8,8.4,2.0,0.2,2.4,3.7,12.1,,119.5,96.4
11,4,37,1105,12.3,.555,.503,.547,.314,244,0.9,7.9,4.5,24.3,2.0,0.4,18.0,11.4,,1.8,2.3,4.0,.146,,2.9,3.6,6.5
12,0,17,33,3,6,.500,0,1,.000,3,5,.600,1,2,.500,0,6,6,1,0,0,5,2,10
12,1,17,1.9,0.2,0.4,.500,0.0,0.1,.000,0.2,0.3,.600,0.1,0.1,.500,0.4,0.1,0.0,0.0,0.3,0.1,0.6
12,2,17,33,3.6,7.3,.500,0.0,1.2,.000,3.6,6.1,.600,1.2,2.4,.500,7.3,1.2,0.0,0.0,6.1,2.4,12.1
12,3,17,33,6.0,12.0,.500,0.0,2.0,.000,6.0,10.0,.600,2.0,4.0,.500,12.0,2.0,0.0,0.0,10.0,4.0,20.0,,77.3,95.0
12,4,17,33,6.3,.719,.750,.833,.333,8,0.0,21.7,11.3,6.3,0.0,0.0,41.8,20.5,,0.0,0.1,0.0,.031,,-3.3,1.3,-2.0
13,0,37,668,99,206,.481,98,203,.483,1,3,.333,38,56,.679,70,69,139,11,9,39,34,73,237
13,1,37,18.1,2.7,5.6,.481,2.6,5.5,.483,0.0,0.1,.333,1.0,1.5,.679,3.8,0.3,0.2,1.1,0.9,2.0,6.4
13,2,37,668,5.9,12.3,.481,5.9,12.2,.483,0.1,0.2,.333,2.3,3.4,.679,8.3,0.7,0.5,2.3,2.0,4.4,14.2
13,3,37,668,9.8,20.4,.481,9.7,20.1,.483,0.1,0.3,.333,3.8,5.5,.679,13.8,1.1,0.9,3.9,3.4,7.2,23.4,,105.7,92.8
13,4,37,668,17.6,.509,.483,.015,.272,232,13.5,12.4,12.9,3.9,0.9,7.0,12.8,22.5,,0.9,1.6,2.5,.152,,-0.4,5.2,4.8
14,0,12,30,3,6,.500,2,4,.500,1,2,.500,0,1,.000,1,5,6,4,0,1,3,2,7
14,1,12,2.5,0.3,0.5,.500,0.2,0.3,.500,0.1,0.2,.500,0.0,0.1,.000,0.5,0.3,0.0,0.1,0.3,0.2,0.6
14,2,12,30,4.0,8.0,.500,2.7,5.3,.500,1.3,2.7,.500,0.0,1.3,.000,8.0,5.3,0.0,1.3,4.0,2.7,9.3
14,3,12,30,6.6,13.2,.500,4.4,8.8,.500,2.2,4.4,.500,0.0,2.2,.000,13.2,8.8,0.0,2.2,6.6,4.4,15.4,,92.6,93.5
14,4,12,30,12.0,.541,.583,.333,.167,8,4.3,19.9,12.4,28.0,0.0,4.0,31.7,17.8,,0.0,0.1,0.1,.095,,-1.6,4.8,3.2
