0,0,23,659,97,204,.475,51,109,.468,46,95,.484,54,67,.806,17,80,97,44,16,12,27,26,294
0,1,23,28.7,4.2,8.9,.475,2.2,4.7,.468,2.0,4.1,.484,2.3,2.9,.806,4.2,1.9,0.7,0.5,1.2,1.1,12.8
0,2,23,659,5.9,12.4,.475,3.1,6.6,.468,2.8,5.8,.484,3.3,4.1,.806,5.9,2.7,1.0,0.7,1.6,1.6,17.8
0,3,23,659,10.1,21.3,.475,5.3,11.4,.468,4.8,9.9,.484,5.6,7.0,.806,10.1,4.6,1.7,1.3,2.8,2.7,30.6,,126.6,87.7
0,4,23,659,25.1,.623,.588,.466,.328,262,3.4,14.2,9.2,15.1,1.7,2.3,10.3,23.3,,2.5,1.8,4.3,.260,,8.5,5.0,13.5
1,0,30,706,102,194,.526,102,193,.528,0,1,.000,23,47,.489,60,115,175,19,26,33,33,58,227
1,1,30,23.5,3.4,6.5,.526,3.4,6.4,.528,0.0,0.0,.000,0.8,1.6,.489,5.8,0.6,0.9,1.1,1.1,1.9,7.6
1,2,30,706,5.8,11.0,.526,5.8,10.9,.528,0.0,0.1,.000,1.3,2.7,.489,9.9,1.1,1.5,1.9,1.9,3.3,12.9
1,3,30,706,9.9,18.9,.526,9.9,18.8,.528,0.0,0.1,.000,2.2,4.6,.489,17.0,1.8,2.5,3.2,3.2,5.6,22.1,,106.6,81.0
1,4,30,706,20.9,.525,.526,.005,.242,220,11.3,19.0,15.4,6.0,2.5,5.9,13.2,20.6,,1.2,2.3,3.5,.198,,1.7,8.2,9.9
2,0,31,994,140,327,.428,104,220,.473,36,107,.336,104,120,.867,14,107,121,78,22,14,51,61,420
2,1,31,32.1,4.5,10.5,.428,3.4,7.1,.473,1.2,3.5,.336,3.4,3.9,.867,3.9,2.5,0.7,0.5,1.6,2.0,13.5
2,2,31,994,5.6,13.2,.428,4.2,8.9,.473,1.4,4.3,.336,4.2,4.8,.867,4.9,3.1,0.9,0.6,2.1,2.5,16.9
2,3,31,994,9.7,22.6,.428,7.2,15.2,.473,2.5,7.4,.336,7.2,8.3,.867,8.4,5.4,1.5,1.0,3.5,4.2,29.0,,113.8,88.9
2,4,31,994,20.3,.547,.483,.327,.367,394,1.9,12.6,7.6,17.5,1.5,1.8,11.7,25.6,,2.8,2.5,5.3,.213,,5.0,4.5,9.5
3,0,10,17,1,2,.500,1,2,.500,0,0,,0,1,.000,0,4,4,0,0,0,2,0,2
3,1,10,1.7,0.1,0.2,.500,0.1,0.2,.500,0.0,0.0,,0.0,0.1,.000,0.4,0.0,0.0,0.0,0.2,0.0,0.2
3,2,10,17,2.4,4.7,.500,2.4,4.7,.500,0.0,0.0,,0.0,2.4,.000,9.4,0.0,0.0,0.0,4.7,0.0,4.7
3,3,10,17,4.0,8.1,.500,4.0,8.1,.500,0.0,0.0,,0.0,4.0,.000,16.2,0.0,0.0,0.0,8.1,0.0,8.1,,40.4,86.6
3,4,10,17,-1.0,.404,.500,.000,.500,2,0.0,27.5,14.6,0.0,0.0,0.0,44.7,15.4,,-0.1,0.0,0.0,-.037,,-11.6,1.0,-10.7
4,0,31,772,131,223,.587,131,222,.590,0,1,.000,94,141,.667,93,114,207,26,25,14,37,66,356
4,1,31,24.9,4.2,7.2,.587,4.2,7.2,.590,0.0,0.0,.000,3.0,4.5,.667,6.7,0.8,0.8,0.5,1.2,2.1,11.5
4,2,31,772,6.8,11.6,.587,6.8,11.5,.590,0.0,0.1,.000,4.9,7.3,.667,10.7,1.3,1.3,0.7,1.9,3.4,18.4
4,3,31,772,11.7,19.8,.587,11.7,19.8,.590,0.0,0.1,.000,8.4,12.5,.667,18.4,2.3,2.2,1.2,3.3,5.9,31.7,,126.1,84.6
4,4,31,772,29.5,.614,.587,.004,.632,347,16.1,17.2,16.7,8.0,2.2,2.3,11.3,24.7,,3.3,2.3,5.6,.291,,7.3,5.3,12.6
5,0,23,244,16,40,.400,11,25,.440,5,15,.333,5,11,.455,2,15,17,18,9,1,12,18,42
5,1,23,10.6,0.7,1.7,.400,0.5,1.1,.440,0.2,0.7,.333,0.2,0.5,.455,0.7,0.8,0.4,0.0,0.5,0.8,1.8
5,2,23,244,2.6,6.6,.400,1.8,4.1,.440,0.8,2.5,.333,0.8,1.8,.455,2.8,3.0,1.5,0.2,2.0,3.0,6.9
5,3,23,244,4.5,11.3,.400,3.1,7.0,.440,1.4,4.2,.333,1.4,3.1,.455,4.8,5.1,2.5,0.3,3.4,5.1,11.8,,91.4,89.9
5,4,23,244,8.1,.464,.463,.375,.275,45,1.1,7.2,4.3,14.1,2.5,0.5,21.0,13.7,,0.0,0.6,0.6,.102,,-0.1,4.7,4.5
6,0,8,13,2,4,.500,2,4,.500,0,0,,0,0,,3,1,4,0,1,0,0,3,4
6,1,8,1.6,0.3,0.5,.500,0.3,0.5,.500,0.0,0.0,,0.0,0.0,,0.5,0.0,0.1,0.0,0.0,0.4,0.5
6,2,8,13,6.2,12.3,.500,6.2,12.3,.500,0.0,0.0,,0.0,0.0,,12.3,0.0,3.1,0.0,0.0,9.2,12.3
6,3,8,13,10.6,21.1,.500,10.6,21.1,.500,0.0,0.0,,0.0,0.0,,21.1,0.0,5.3,0.0,0.0,15.9,21.1,,132.4,82.0
6,4,8,13,24.9,.500,.500,.000,.000,5,30.8,9.0,19.1,0.0,5.3,0.0,0.0,18.0,,0.1,0.0,0.1,.284,,6.0,1.0,7.0
7,0,10,18,1,2,.500,1,2,.500,0,0,,0,0,,2,2,4,0,0,0,1,1,2
7,1,10,1.8,0.1,0.2,.500,0.1,0.2,.500,0.0,0.0,,0.0,0.0,,0.4,0.0,0.0,0.0,0.1,0.1,0.2
7,2,10,18,2.2,4.4,.500,2.2,4.4,.500,0.0,0.0,,0.0,0.0,,8.9,0.0,0.0,0.0,2.2,2.2,4.4
7,3,10,18,3.8,7.6,.500,3.8,7.6,.500,0.0,0.0,,0.0,0.0,,15.3,0.0,0.0,0.0,3.8,3.8,7.6,,92.0,93.2
7,4,10,18,6.7,.500,.500,.000,.000,3,14.8,13.0,13.8,0.0,0.0,0.0,33.3,9.7,,0.0,0.0,0.0,.090,,-2.2,0.6,-1.6
8,0,30,523,32,88,.364,11,18,.611,21,70,.300,10,16,.625,5,39,44,20,14,5,14,39,95
8,1,30,17.4,1.1,2.9,.364,0.4,0.6,.611,0.7,2.3,.300,0.3,0.5,.625,1.5,0.7,0.5,0.2,0.5,1.3,3.2
8,2,30,523,2.4,6.7,.364,0.8,1.4,.611,1.6,5.4,.300,0.8,1.2,.625,3.4,1.5,1.1,0.4,1.1,3.0,7.3
8,3,30,523,4.2,11.6,.364,1.4,2.4,.611,2.8,9.2,.300,1.3,2.1,.625,5.8,2.6,1.8,0.7,1.8,5.1,12.5,,102.8,90.3
8,4,30,523,8.6,.497,.483,.795,.182,89,1.3,8.7,5.2,7.2,1.8,1.2,12.8,12.2,,0.4,1.3,1.6,.125,,2.3,4.9,7.2
9,0,29,961,58,165,.352,30,80,.375,28,85,.329,36,46,.783,4,69,73,140,25,6,45,38,180
9,1,29,33.1,2.0,5.7,.352,1.0,2.8,.375,1.0,2.9,.329,1.2,1.6,.783,2.5,4.8,0.9,0.2,1.6,1.3,6.2
9,2,29,961,2.4,6.9,.352,1.2,3.3,.375,1.2,3.5,.329,1.5,1.9,.783,3.0,5.8,1.0,0.2,1.9,1.6,7.5
9,3,29,961,4.1,11.8,.352,2.1,5.7,.375,2.0,6.1,.329,2.6,3.3,.783,5.2,10.0,1.8,0.4,3.2,2.7,12.9,,107.2,91.1
9,4,29,961,12.5,.482,.436,.515,.279,227,0.6,8.4,4.7,27.5,1.8,0.8,19.4,14.1,,1.2,2.2,3.5,.144,,2.8,4.2,7.0
10,0,31,452,42,106,.396,25,60,.417,17,46,.370,11,18,.611,8,47,55,32,17,10,20,43,112
10,1,31,14.6,1.4,3.4,.396,0.8,1.9,.417,0.5,1.5,.370,0.4,0.6,.611,1.8,1.0,0.5,0.3,0.6,1.4,3.6
10,2,31,452,3.7,9.4,.396,2.2,5.3,.417,1.5,4.1,.370,1.0,1.6,.611,4.9,2.8,1.5,0.9,1.8,3.8,9.9
10,3,31,452,6.4,16.1,.396,3.8,9.1,.417,2.6,7.0,.370,1.7,2.7,.611,8.4,4.9,2.6,1.5,3.0,6.5,17.0,,101.0,85.9
10,4,31,452,13.0,.489,.476,.434,.170,111,2.4,12.1,7.6,14.2,2.6,2.8,14.9,17.4,,0.4,1.3,1.7,.149,,1.8,6.4,8.1
11,0,13,63,5,13,.385,4,7,.571,1,6,.167,2,3,.667,0,8,8,4,2,0,3,2,13
11,1,13,4.8,0.4,1.0,.385,0.3,0.5,.571,0.1,0.5,.167,0.2,0.2,.667,0.6,0.3,0.2,0.0,0.2,0.2,1.0
11,2,13,63,3.2,8.3,.385,2.5,4.4,.571,0.6,3.8,.167,1.3,1.9,.667,5.1,2.5,1.3,0.0,1.9,1.3,8.3
11,3,13,63,5.5,14.2,.385,4.4,7.6,.571,1.1,6.5,.167,2.2,3.3,.667,8.7,4.4,2.2,0.0,3.3,2.2,14.2,,90.3,87.6
11,4,13,63,9.7,.451,.423,.462,.231,13,0.0,14.8,7.9,12.4,2.2,0.0,17.2,16.1,,0.0,0.2,0.2,.108,,-0.8,4.3,3.6
12,0,31,556,91,174,.523,91,173,.526,0,1,.000,46,62,.742,62,101,163,12,9,22,25,61,228
12,1,31,17.9,2.9,5.6,.523,2.9,5.6,.526,0.0,0.0,.000,1.5,2.0,.742,5.3,0.4,0.3,0.7,0.8,2.0,7.4
12,2,31,556,6.5,12.5,.523,6.5,12.4,.526,0.0,0.1,.000,3.3,4.5,.742,11.7,0.9,0.6,1.6,1.8,4.4,16.4
12,3,31,556,11.2,21.5,.523,11.2,21.4,.526,0.0,0.1,.000,5.7,7.7,.742,20.1,1.5,1.1,2.7,3.1,7.5,28.2,,117.4,83.4
12,4,31,556,24.9,.560,.523,.006,.356,221,14.9,21.2,18.2,5.1,1.1,5.0,10.9,24.0,,1.7,1.7,3.4,.247,,2.9,5.0,7.9
13,0,11,21,2,4,.500,1,1,1.000,1,3,.333,0,0,,0,0,0,1,0,0,1,0,5
13,1,11,1.9,0.2,0.4,.500,0.1,0.1,1.000,0.1,0.3,.333,0.0,0.0,,0.0,0.1,0.0,0.0,0.1,0.0,0.5
13,2,11,21,3.8,7.6,.500,1.9,1.9,1.000,1.9,5.7,.333,0.0,0.0,,0.0,1.9,0.0,0.0,1.9,0.0,9.5
13,3,11,21,6.5,13.1,.500,3.3,3.3,1.000,3.3,9.8,.333,0.0,0.0,,0.0,3.3,0.0,0.0,3.3,0.0,16.4,,106.5,99.9
13,4,11,21,8.8,.625,.625,.750,.000,4,0.0,0.0,0.0,9.6,0.0,0.0,20.0,13.9,,0.0,0.0,0.1,.102,,1.2,-1.5,-0.3
14,0,26,251,18,46,.391,16,43,.372,2,3,.667,6,11,.545,19,48,67,11,5,18,14,23,44
14,1,26,9.7,0.7,1.8,.391,0.6,1.7,.372,0.1,0.1,.667,0.2,0.4,.545,2.6,0.4,0.2,0.7,0.5,0.9,1.7
14,2,26,251,2.9,7.3,.391,2.5,6.9,.372,0.3,0.5,.667,1.0,1.8,.545,10.7,1.8,0.8,2.9,2.2,3.7,7.0
14,3,26,251,4.9,12.6,.391,4.4,11.8,.372,0.5,0.8,.667,1.6,3.0,.545,18.3,3.0,1.4,4.9,3.8,6.3,12.0,,91.0,80.1
14,4,26,251,13.7,.429,.413,.065,.239,53,10.1,22.3,16.6,8.4,1.4,9.1,21.5,15.2,,0.0,0.9,0.9,.139,,-2.0,10.4,8.4
