0,0,17,189,15,48,.313,3,10,.300,12,38,.316,9,13,.692,0,12,12,13,6,0,8,11,51
0,1,17,11.1,0.9,2.8,.313,0.2,0.6,.300,0.7,2.2,.316,0.5,0.8,.692,0.7,0.8,0.4,0.0,0.5,0.6,3.0
0,2,17,189,3.2,10.2,.313,0.6,2.1,.300,2.5,8.0,.316,1.9,2.8,.692,2.5,2.8,1.3,0.0,1.7,2.3,10.8
0,3,17,189,5.1,16.5,.313,1.0,3.4,.300,4.1,13.0,.316,3.1,4.5,.692,4.1,4.5,2.1,0.0,2.7,3.8,17.5,,95.6,104.5
0,4,17,189,10.2,.471,.438,.792,.271,49,0.0,8.1,3.9,15.1,2.1,0.0,12.9,18.7,,0.1,0.2,0.3,.062,,0.8,-0.9,-0.1
1,0,31,846,71,182,.390,66,168,.393,5,14,.357,31,52,.596,13,60,73,109,40,2,58,72,178
1,1,31,27.3,2.3,5.9,.390,2.1,5.4,.393,0.2,0.5,.357,1.0,1.7,.596,2.4,3.5,1.3,0.1,1.9,2.3,5.7
1,2,31,846,3.4,8.6,.390,3.1,7.9,.393,0.2,0.7,.357,1.5,2.5,.596,3.5,5.2,1.9,0.1,2.7,3.4,8.4
1,3,31,846,5.4,14.0,.390,5.1,12.9,.393,0.4,1.1,.357,2.4,4.0,.596,5.6,8.4,3.1,0.2,4.4,5.5,13.6,,89.2,101.6
1,4,31,846,10.5,.431,.404,.077,.286,219,1.9,9.0,5.3,28.6,3.1,0.3,21.9,17.8,,0.0,1.1,1.1,.051,,-1.8,2.0,0.2
2,0,31,956,132,314,.420,82,178,.461,50,136,.368,104,134,.776,10,78,88,57,22,10,67,51,418
2,1,31,30.8,4.3,10.1,.420,2.6,5.7,.461,1.6,4.4,.368,3.4,4.3,.776,2.8,1.8,0.7,0.3,2.2,1.6,13.5
2,2,31,956,5.5,13.1,.420,3.4,7.4,.461,2.1,5.7,.368,4.4,5.6,.776,3.7,2.4,0.9,0.4,2.8,2.1,17.5
2,3,31,956,9.0,21.3,.420,5.6,12.1,.461,3.4,9.2,.368,7.1,9.1,.776,6.0,3.9,1.5,0.7,4.5,3.5,28.4,,103.6,104.2
2,4,31,956,17.5,.553,.500,.433,.427,381,1.3,10.4,5.7,15.0,1.5,1.3,15.1,26.5,,1.7,1.0,2.6,.111,,3.2,0.1,3.3
3,0,31,689,91,215,.423,67,158,.424,24,57,.421,43,67,.642,20,44,64,26,8,3,27,48,249
3,1,31,22.2,2.9,6.9,.423,2.2,5.1,.424,0.8,1.8,.421,1.4,2.2,.642,2.1,0.8,0.3,0.1,0.9,1.5,8.0
3,2,31,689,5.3,12.5,.423,3.9,9.2,.424,1.4,3.3,.421,2.5,3.9,.642,3.7,1.5,0.5,0.2,1.6,2.8,14.5
3,3,31,689,8.6,20.2,.423,6.3,14.9,.424,2.3,5.4,.421,4.0,6.3,.642,6.0,2.4,0.8,0.3,2.5,4.5,23.4,,101.6,107.1
3,4,31,689,13.4,.504,.479,.265,.312,227,3.5,8.1,5.8,9.4,0.8,0.5,9.9,22.6,,0.9,0.5,1.4,.080,,0.5,-1.0,-0.5
4,0,31,910,107,256,.418,42,100,.420,65,156,.417,44,58,.759,35,100,135,39,27,11,49,69,323
4,1,31,29.4,3.5,8.3,.418,1.4,3.2,.420,2.1,5.0,.417,1.4,1.9,.759,4.4,1.3,0.9,0.4,1.6,2.2,10.4
4,2,31,910,4.7,11.3,.418,1.8,4.4,.420,2.9,6.9,.417,1.9,2.5,.759,5.9,1.7,1.2,0.5,2.2,3.0,14.2
4,3,31,910,7.6,18.2,.418,3.0,7.1,.420,4.6,11.1,.417,3.1,4.1,.759,9.6,2.8,1.9,0.8,3.5,4.9,23.0,,106.9,101.6
4,4,31,910,16.7,.570,.545,.609,.227,298,4.6,14.0,9.2,10.3,1.9,1.5,14.7,20.8,,1.5,1.2,2.7,.119,,4.1,1.6,5.7
5,0,29,438,27,80,.338,26,72,.361,1,8,.125,15,29,.517,22,64,86,24,18,6,17,51,70
5,1,29,15.1,0.9,2.8,.338,0.9,2.5,.361,0.0,0.3,.125,0.5,1.0,.517,3.0,0.8,0.6,0.2,0.6,1.8,2.4
5,2,29,438,2.5,7.3,.338,2.4,6.6,.361,0.1,0.7,.125,1.4,2.6,.517,7.9,2.2,1.6,0.5,1.6,4.7,6.4
5,3,29,438,4.0,11.8,.338,3.8,10.7,.361,0.1,1.2,.125,2.2,4.3,.517,12.7,3.6,2.7,0.9,2.5,7.6,10.4,,85.5,97.8
5,4,29,438,9.3,.373,.344,.100,.363,85,6.1,18.6,12.2,11.6,2.7,1.6,15.3,14.4,,-0.1,0.7,0.6,.055,,-3.0,4.1,1.1
6,0,20,132,11,26,.423,10,22,.455,1,4,.250,2,5,.400,8,10,18,0,2,6,6,9,25
6,1,20,6.6,0.6,1.3,.423,0.5,1.1,.455,0.1,0.2,.250,0.1,0.3,.400,0.9,0.0,0.1,0.3,0.3,0.5,1.3
6,2,20,132,3.3,7.9,.423,3.0,6.7,.455,0.3,1.2,.250,0.6,1.5,.400,5.5,0.0,0.6,1.8,1.8,2.7,7.6
6,3,20,132,5.4,12.8,.423,4.9,10.8,.455,0.5,2.0,.250,1.0,2.5,.400,8.8,0.0,1.0,2.9,2.9,4.4,12.3,,83.7,103.2
6,4,20,132,8.3,.441,.442,.154,.192,25,7.3,9.6,8.4,0.0,1.0,5.5,17.5,14.8,,-0.1,0.1,0.1,.029,,-5.1,1.0,-4.1
7,0,6,8,0,2,.000,0,0,,0,2,.000,0,0,,0,0,0,0,0,0,0,0,0
7,1,6,1.3,0.0,0.3,.000,0.0,0.0,,0.0,0.3,.000,0.0,0.0,,0.0,0.0,0.0,0.0,0.0,0.0,0.0
7,2,6,8,0.0,10.0,.000,0.0,0.0,,0.0,10.0,.000,0.0,0.0,,0.0,0.0,0.0,0.0,0.0,0.0,0.0
7,3,6,8,0.0,16.2,.000,0.0,0.0,,0.0,16.2,.000,0.0,0.0,,0.0,0.0,0.0,0.0,0.0,0.0,0.0,,0.0,112.6
7,4,6,8,-11.8,.000,.000,1.000,.000,0,0.0,0.0,0.0,0.0,0.0,0.0,0.0,14.2,,0.0,0.0,0.0,-.194,,-9.7,-3.2,-12.9
8,0,10,337,53,110,.482,52,109,.477,1,1,1.000,52,59,.881,38,64,102,16,3,7,24,16,159
8,1,10,33.7,5.3,11.0,.482,5.2,10.9,.477,0.1,0.1,1.000,5.2,5.9,.881,10.2,1.6,0.3,0.7,2.4,1.6,15.9
8,2,10,337,6.3,13.1,.482,6.2,12.9,.477,0.1,0.1,1.000,6.2,7.0,.881,12.1,1.9,0.4,0.8,2.8,1.9,18.9
8,3,10,337,10.2,21.2,.482,10.0,21.0,.477,0.2,0.2,1.000,10.0,11.4,.881,19.6,3.1,0.6,1.3,4.6,3.1,30.6,,114.3,100.3
8,4,10,337,26.5,.576,.486,.009,.536,162,13.6,24.2,18.7,12.6,0.6,2.5,14.8,27.4,,1.1,0.5,1.6,.189,,3.1,1.8,4.9
9,0,31,697,59,112,.527,59,112,.527,0,0,,39,70,.557,62,109,171,3,10,39,35,91,157
9,1,31,22.5,1.9,3.6,.527,1.9,3.6,.527,0.0,0.0,,1.3,2.3,.557,5.5,0.1,0.3,1.3,1.1,2.9,5.1
9,2,31,697,3.4,6.4,.527,3.4,6.4,.527,0.0,0.0,,2.2,4.0,.557,9.8,0.2,0.6,2.2,2.0,5.2,9.0
9,3,31,697,5.5,10.4,.527,5.5,10.4,.527,0.0,0.0,,3.6,6.5,.557,15.9,0.3,0.9,3.6,3.3,8.5,14.6,,101.7,98.3
9,4,31,697,13.8,.540,.527,.000,.625,164,10.7,19.9,15.2,1.0,0.9,6.7,19.4,14.7,,0.6,1.1,1.7,.100,,-2.4,3.4,1.0
10,0,23,434,39,89,.438,18,41,.439,21,48,.438,1,1,1.000,18,47,65,13,11,4,13,36,100
10,1,23,18.9,1.7,3.9,.438,0.8,1.8,.439,0.9,2.1,.438,0.0,0.0,1.000,2.8,0.6,0.5,0.2,0.6,1.6,4.3
10,2,23,434,3.6,8.2,.438,1.7,3.8,.439,1.9,4.4,.438,0.1,0.1,1.000,6.0,1.2,1.0,0.4,1.2,3.3,9.2
10,3,23,434,5.8,13.3,.438,2.7,6.1,.439,3.1,7.2,.438,0.1,0.1,1.000,9.7,1.9,1.6,0.6,1.9,5.4,14.9,,108.6,102.5
10,4,23,434,12.4,.559,.556,.539,.011,94,5.0,13.8,9.3,6.7,1.6,1.1,12.7,13.4,,0.5,0.5,1.0,.097,,1.5,1.7,3.2
11,0,24,614,63,177,.356,17,58,.293,46,119,.387,16,28,.571,10,64,74,54,32,4,29,44,188
11,1,24,25.6,2.6,7.4,.356,0.7,2.4,.293,1.9,5.0,.387,0.7,1.2,.571,3.1,2.3,1.3,0.2,1.2,1.8,7.8
11,2,24,614,4.1,11.5,.356,1.1,3.8,.293,3.0,7.8,.387,1.0,1.8,.571,4.8,3.5,2.1,0.3,1.9,2.9,12.2
11,3,24,614,6.7,18.7,.356,1.8,6.1,.293,4.9,12.6,.387,1.7,3.0,.571,7.8,5.7,3.4,0.4,3.1,4.6,19.9,,100.2,99.0
11,4,24,614,15.4,.494,.486,.672,.158,188,2.0,13.3,7.5,20.4,3.4,0.8,13.2,20.3,,0.6,0.9,1.6,.103,,3.4,2.4,5.8
