0,0,35,841,89,212,.420,69,146,.473,20,66,.303,68,89,.764,32,84,116,81,30,42,43,49,266
0,1,35,24.0,2.5,6.1,.420,2.0,4.2,.473,0.6,1.9,.303,1.9,2.5,.764,3.3,2.3,0.9,1.2,1.2,1.4,7.6
0,2,35,841,4.2,10.1,.420,3.3,6.9,.473,1.0,3.1,.303,3.2,4.2,.764,5.5,3.9,1.4,2.0,2.0,2.3,12.7
0,3,35,841,6.9,16.4,.420,5.4,11.3,.473,1.6,5.1,.303,5.3,6.9,.764,9.0,6.3,2.3,3.3,3.3,3.8,20.6,,108.9,89.9
0,4,35,841,19.4,.523,.467,.311,.420,285,5.1,12.2,8.8,20.2,2.3,6.0,14.5,20.3,,1.7,1.9,3.7,.174,,2.7,5.8,8.4
1,0,26,407,53,108,.491,53,108,.491,0,0,,15,25,.600,28,53,81,9,11,28,22,41,121
1,1,26,15.7,2.0,4.2,.491,2.0,4.2,.491,0.0,0.0,,0.6,1.0,.600,3.1,0.3,0.4,1.1,0.8,1.6,4.7
1,2,26,407,5.2,10.6,.491,5.2,10.6,.491,0.0,0.0,,1.5,2.5,.600,8.0,0.9,1.1,2.8,2.2,4.0,11.9
1,3,26,407,8.5,17.3,.491,8.5,17.3,.491,0.0,0.0,,2.4,4.0,.600,13.0,1.4,1.8,4.5,3.5,6.6,19.4,,97.0,88.0
1,4,26,407,16.3,.505,.491,.000,.231,116,9.2,15.9,12.7,4.9,1.8,8.3,15.5,20.0,,0.3,1.0,1.3,.132,,-2.1,5.9,3.8
2,0,26,248,24,51,.471,5,7,.714,19,44,.432,0,2,.000,1,16,17,19,1,1,12,15,67
2,1,26,9.5,0.9,2.0,.471,0.2,0.3,.714,0.7,1.7,.432,0.0,0.1,.000,0.7,0.7,0.0,0.0,0.5,0.6,2.6
2,2,26,248,3.9,8.2,.471,0.8,1.1,.714,3.1,7.1,.432,0.0,0.3,.000,2.7,3.1,0.2,0.2,1.9,2.4,10.8
2,3,26,248,6.3,13.4,.471,1.3,1.8,.714,5.0,11.6,.432,0.0,0.5,.000,4.5,5.0,0.3,0.3,3.2,3.9,17.6,,111.6,99.4
2,4,26,248,11.8,.645,.657,.863,.039,61,0.5,7.9,4.4,15.8,0.3,0.5,18.8,14.8,,0.4,0.3,0.7,.121,,2.8,-0.9,1.9
3,0,20,117,0,4,.000,0,0,,0,4,.000,1,4,.250,1,15,16,13,1,0,9,13,1
3,1,20,5.9,0.0,0.2,.000,0.0,0.0,,0.0,0.2,.000,0.1,0.2,.250,0.8,0.7,0.1,0.0,0.5,0.7,0.1
3,2,20,117,0.0,1.4,.000,0.0,0.0,,0.0,1.4,.000,0.3,1.4,.250,5.5,4.4,0.3,0.0,3.1,4.4,0.3
3,3,20,117,0.0,2.2,.000,0.0,0.0,,0.0,2.2,.000,0.6,2.2,.250,8.9,7.2,0.6,0.0,5.0,7.2,0.6,,51.0,95.2
3,4,20,117,-0.5,.085,.000,1.000,1.000,9,1.1,15.7,8.7,19.1,0.6,0.0,60.4,7.3,,-0.2,0.2,0.0,.003,,-6.1,2.6,-3.5
4,0,26,754,48,122,.393,47,120,.392,1,2,.500,12,32,.375,11,52,63,126,25,0,62,49,109
4,1,26,29.0,1.8,4.7,.393,1.8,4.6,.392,0.0,0.1,.500,0.5,1.2,.375,2.4,4.8,1.0,0.0,2.4,1.9,4.2
4,2,26,754,2.5,6.5,.393,2.5,6.4,.392,0.1,0.1,.500,0.6,1.7,.375,3.3,6.7,1.3,0.0,3.3,2.6,5.8
4,3,26,754,4.2,10.6,.393,4.1,10.4,.392,0.1,0.2,.500,1.0,2.8,.375,5.5,10.9,2.2,0.0,5.4,4.2,9.4,,84.4,95.1
4,4,26,754,8.1,.397,.398,.016,.262,168,1.9,8.4,5.3,32.2,2.2,0.0,31.1,15.2,,-0.3,1.4,1.1,.058,,-3.0,1.8,-1.3
5,0,35,1139,191,408,.468,114,227,.502,77,181,.425,111,150,.740,30,111,141,76,31,17,70,82,570
5,1,35,32.5,5.5,11.7,.468,3.3,6.5,.502,2.2,5.2,.425,3.2,4.3,.740,4.0,2.2,0.9,0.5,2.0,2.3,16.3
5,2,35,1139,6.7,14.3,.468,4.0,8.0,.502,2.7,6.4,.425,3.9,5.3,.740,5.0,2.7,1.1,0.6,2.5,2.9,20.0
5,3,35,1139,10.9,23.4,.468,6.5,13.0,.502,4.4,10.4,.425,6.4,8.6,.740,8.1,4.4,1.8,1.0,4.0,4.7,32.6,,113.7,93.4
5,4,35,1139,22.9,.595,.563,.444,.368,510,3.5,11.9,7.9,16.1,1.8,1.8,12.7,27.7,,3.6,2.3,5.9,.207,,6.8,1.7,8.5
6,0,35,900,57,158,.361,17,50,.340,40,108,.370,11,14,.786,5,73,78,30,18,16,33,56,165
6,1,35,25.7,1.6,4.5,.361,0.5,1.4,.340,1.1,3.1,.370,0.3,0.4,.786,2.2,0.9,0.5,0.5,0.9,1.6,4.7
6,2,35,900,2.5,7.0,.361,0.8,2.2,.340,1.8,4.8,.370,0.5,0.6,.786,3.5,1.3,0.8,0.7,1.5,2.5,7.3
6,3,35,900,4.1,11.5,.361,1.2,3.6,.340,2.9,7.8,.370,0.8,1.0,.786,5.7,2.2,1.3,1.2,2.4,4.1,12.0,,92.2,95.2
6,4,35,900,7.5,.501,.487,.684,.089,149,0.7,9.9,5.5,6.4,1.3,2.2,16.7,12.6,,0.2,1.6,1.8,.081,,-0.1,3.1,3.1
7,0,30,405,27,72,.375,16,42,.381,11,30,.367,22,27,.815,1,20,21,34,14,2,27,49,87
7,1,30,13.5,0.9,2.4,.375,0.5,1.4,.381,0.4,1.0,.367,0.7,0.9,.815,0.7,1.1,0.5,0.1,0.9,1.6,2.9
7,2,30,405,2.7,7.1,.375,1.6,4.1,.381,1.1,3.0,.367,2.2,2.7,.815,2.1,3.4,1.4,0.2,2.7,4.8,8.6
7,3,30,405,4.3,11.6,.375,2.6,6.8,.381,1.8,4.8,.367,3.5,4.3,.815,3.4,5.5,2.3,0.3,4.3,7.9,14.0,,92.9,95.4
7,4,30,405,7.8,.513,.451,.417,.375,91,0.3,6.0,3.3,16.3,2.3,0.6,24.1,15.8,,0.1,0.7,0.9,.085,,-1.3,1.3,0.0
8,0,6,13,0,2,.000,0,2,.000,0,0,,0,0,,0,3,3,0,0,0,3,1,0
8,1,6,2.2,0.0,0.3,.000,0.0,0.3,.000,0.0,0.0,,0.0,0.0,,0.5,0.0,0.0,0.0,0.5,0.2,0.0
8,2,6,13,0.0,6.2,.000,0.0,6.2,.000,0.0,0.0,,0.0,0.0,,9.2,0.0,0.0,0.0,9.2,3.1,0.0
8,3,6,13,0.0,10.0,.000,0.0,10.0,.000,0.0,0.0,,0.0,0.0,,15.1,0.0,0.0,0.0,15.1,5.0,0.0,,0.0,90.9
8,4,6,13,-19.8,.000,.000,.000,.000,0,0.0,28.2,14.7,0.0,0.0,0.0,60.0,22.1,,-0.1,0.0,-0.1,-.296,,-25.0,-1.0,-26.0
9,0,35,1069,177,325,.545,177,323,.548,0,2,.000,106,153,.693,94,218,312,52,45,14,63,74,460
9,1,35,30.5,5.1,9.3,.545,5.1,9.2,.548,0.0,0.1,.000,3.0,4.4,.693,8.9,1.5,1.3,0.4,1.8,2.1,13.1
9,2,35,1069,6.6,12.2,.545,6.6,12.1,.548,0.0,0.1,.000,4.0,5.7,.693,11.7,1.9,1.7,0.5,2.4,2.8,17.2
9,3,35,1069,10.8,19.8,.545,10.8,19.7,.548,0.0,0.1,.000,6.5,9.3,.693,19.0,3.2,2.7,0.9,3.8,4.5,28.1,,114.3,85.5
9,4,35,1069,25.8,.578,.545,.006,.471,452,11.7,24.9,18.6,11.7,2.7,1.6,13.7,24.7,,3.3,2.9,6.2,.232,,3.8,4.3,8.1
10,0,35,694,65,157,.414,23,49,.469,42,108,.389,26,33,.788,21,63,84,36,27,16,21,78,198
10,1,35,19.8,1.9,4.5,.414,0.7,1.4,.469,1.2,3.1,.389,0.7,0.9,.788,2.4,1.0,0.8,0.5,0.6,2.2,5.7
10,2,35,694,3.7,9.0,.414,1.3,2.8,.469,2.4,6.2,.389,1.5,1.9,.788,4.8,2.1,1.6,0.9,1.2,4.5,11.4
10,3,35,694,6.1,14.8,.414,2.2,4.6,.469,3.9,10.2,.389,2.4,3.1,.788,7.9,3.4,2.5,1.5,2.0,7.3,18.6,,115.9,91.3
10,4,35,694,15.6,.573,.548,.688,.210,187,4.0,11.1,7.7,10.6,2.5,2.8,10.8,16.0,,1.4,1.5,2.9,.169,,4.3,3.6,7.9
11,0,10,22,0,7,.000,0,4,.000,0,3,.000,0,2,.000,0,5,5,2,0,0,2,2,0
11,1,10,2.2,0.0,0.7,.000,0.0,0.4,.000,0.0,0.3,.000,0.0,0.2,.000,0.5,0.2,0.0,0.0,0.2,0.2,0.0
11,2,10,22,0.0,12.7,.000,0.0,7.3,.000,0.0,5.5,.000,0.0,3.6,.000,9.1,3.6,0.0,0.0,3.6,3.6,0.0
11,3,10,22,0.0,20.8,.000,0.0,11.9,.000,0.0,8.9,.000,0.0,5.9,.000,14.8,5.9,0.0,0.0,5.9,5.9,0.0,,13.2,91.0
11,4,10,22,-16.6,.000,.000,.429,.286,1,0.0,27.8,14.5,15.6,0.0,0.0,20.1,25.9,,-0.2,0.0,-0.1,-.271,,-18.7,0.2,-18.5
12,0,30,416,87,164,.530,84,159,.528,3,5,.600,27,34,.794,34,52,86,13,3,18,21,40,204
12,1,30,13.9,2.9,5.5,.530,2.8,5.3,.528,0.1,0.2,.600,0.9,1.1,.794,2.9,0.4,0.1,0.6,0.7,1.3,6.8
12,2,30,416,8.4,15.8,.530,8.1,15.3,.528,0.3,0.5,.600,2.6,3.3,.794,8.3,1.3,0.3,1.7,2.0,3.8,19.6
12,3,30,416,13.6,25.7,.530,13.2,24.9,.528,0.5,0.8,.600,4.2,5.3,.794,13.5,2.0,0.5,2.8,3.3,6.3,32.0,,110.9,92.9
12,4,30,416,24.0,.566,.540,.030,.207,180,10.9,15.3,13.2,8.4,0.5,5.2,10.4,27.7,,1.2,0.8,2.0,.194,,1.8,1.7,3.4
