0,0,13,50,2,10,.200,1,2,.500,1,8,.125,1,2,.500,1,5,6,4,0,0,5,2,6
0,1,13,3.8,0.2,0.8,.200,0.1,0.2,.500,0.1,0.6,.125,0.1,0.2,.500,0.5,0.3,0.0,0.0,0.4,0.2,0.5
0,2,13,50,1.6,8.0,.200,0.8,1.6,.500,0.8,6.4,.125,0.8,1.6,.500,4.8,3.2,0.0,0.0,4.0,1.6,4.8
0,3,13,50,2.2,10.9,.200,1.1,2.2,.500,1.1,8.7,.125,1.1,2.2,.500,6.5,4.3,0.0,0.0,5.4,2.2,6.5,,57.1,113.2
0,4,13,50,-1.5,.274,.250,.800,.200,8,2.0,10.5,6.1,12.1,0.0,0.0,31.3,14.7,,-0.1,0.0,-0.1,-.090,,-9.3,-5.5,-14.9
1,0,25,277,35,113,.310,10,21,.476,25,92,.272,3,8,.375,12,24,36,14,5,0,17,28,98
1,1,25,11.1,1.4,4.5,.310,0.4,0.8,.476,1.0,3.7,.272,0.1,0.3,.375,1.4,0.6,0.2,0.0,0.7,1.1,3.9
1,2,25,277,5.1,16.3,.310,1.4,3.0,.476,3.6,13.3,.272,0.4,1.2,.375,5.2,2.0,0.7,0.0,2.5,4.0,14.2
1,3,25,277,6.9,22.1,.310,2.0,4.1,.476,4.9,18.0,.272,0.6,1.6,.375,7.1,2.7,1.0,0.0,3.3,5.5,19.2,,88.7,111.4
1,4,25,277,7.3,.420,.420,.814,.071,93,4.3,9.1,6.6,8.8,1.0,0.0,12.7,22.2,,0.0,0.1,0.1,.010,,-3.0,-6.7,-9.7
2,0,31,403,38,68,.559,38,68,.559,0,0,,15,35,.429,35,54,89,1,14,18,9,41,91
2,1,31,13.0,1.2,2.2,.559,1.2,2.2,.559,0.0,0.0,,0.5,1.1,.429,2.9,0.0,0.5,0.6,0.3,1.3,2.9
2,2,31,403,3.8,6.7,.559,3.8,6.7,.559,0.0,0.0,,1.5,3.5,.429,8.8,0.1,1.4,1.8,0.9,4.1,9.0
2,3,31,403,5.1,9.2,.559,5.1,9.2,.559,0.0,0.0,,2.0,4.7,.429,12.0,0.1,1.9,2.4,1.2,5.5,12.3,,114.4,105.1
2,4,31,403,13.7,.538,.559,.000,.515,90,8.6,14.0,11.3,0.4,1.9,4.0,9.6,10.7,,0.5,0.3,0.9,.088,,-3.9,-2.1,-6.0
3,0,31,806,89,233,.382,18,41,.439,71,192,.370,16,19,.842,31,34,65,32,19,0,24,44,265
3,1,31,26.0,2.9,7.5,.382,0.6,1.3,.439,2.3,6.2,.370,0.5,0.6,.842,2.1,1.0,0.6,0.0,0.8,1.4,8.5
3,2,31,806,4.4,11.6,.382,0.9,2.0,.439,3.5,9.5,.370,0.8,0.9,.842,3.2,1.6,0.9,0.0,1.2,2.2,13.2
3,3,31,806,6.0,15.7,.382,1.2,2.8,.439,4.8,12.9,.370,1.1,1.3,.842,4.4,2.2,1.3,0.0,1.6,3.0,17.8,,115.7,113.1
3,4,31,806,12.0,.547,.534,.824,.082,240,3.8,4.4,4.1,6.7,1.3,0.0,9.0,15.2,,1.5,0.1,1.6,.078,,1.2,-5.0,-3.8
4,0,13,62,7,21,.333,2,3,.667,5,18,.278,1,7,.143,9,1,10,4,2,0,2,10,20
4,1,13,4.8,0.5,1.6,.333,0.2,0.2,.667,0.4,1.4,.278,0.1,0.5,.143,0.8,0.3,0.2,0.0,0.2,0.8,1.5
4,2,13,62,4.5,13.5,.333,1.3,1.9,.667,3.2,11.6,.278,0.6,4.5,.143,6.5,2.6,1.3,0.0,1.3,6.5,12.9
4,3,13,62,6.1,18.4,.333,1.8,2.6,.667,4.4,15.8,.278,0.9,6.1,.143,8.8,3.5,1.8,0.0,1.8,8.8,17.5,,102.6,112.8
4,4,13,62,11.2,.411,.452,.857,.333,23,14.4,1.7,8.2,11.0,1.8,0.0,7.6,19.5,,0.1,0.0,0.1,.058,,1.6,-6.1,-4.4
5,0,29,356,18,43,.419,17,30,.567,1,13,.077,15,22,.682,18,35,53,50,23,1,37,52,52
5,1,29,12.3,0.6,1.5,.419,0.6,1.0,.567,0.0,0.4,.077,0.5,0.8,.682,1.8,1.7,0.8,0.0,1.3,1.8,1.8
5,2,29,356,2.0,4.8,.419,1.9,3.4,.567,0.1,1.5,.077,1.7,2.5,.682,6.0,5.6,2.6,0.1,4.2,5.8,5.8
5,3,29,356,2.7,6.6,.419,2.6,4.6,.567,0.2,2.0,.077,2.3,3.4,.682,8.1,7.6,3.5,0.2,5.6,7.9,7.9,,87.7,104.9
5,4,29,356,8.5,.486,.430,.302,.512,81,5.0,10.3,7.6,21.6,3.5,0.3,40.9,11.7,,0.0,0.3,0.3,.032,,-4.5,-1.3,-5.9
6,0,31,905,190,339,.560,189,332,.569,1,7,.143,83,128,.648,93,131,224,26,39,93,64,93,464
6,1,31,29.2,6.1,10.9,.560,6.1,10.7,.569,0.0,0.2,.143,2.7,4.1,.648,7.2,0.8,1.3,3.0,2.1,3.0,15.0
6,2,31,905,8.4,15.0,.560,8.4,14.7,.569,0.0,0.3,.143,3.7,5.7,.648,9.9,1.1,1.7,4.1,2.8,4.1,20.5
6,3,31,905,11.4,20.3,.560,11.3,19.9,.569,0.1,0.4,.143,5.0,7.7,.648,13.4,1.6,2.3,5.6,3.8,5.6,27.8,,112.6,101.0
6,4,31,905,25.9,.580,.562,.021,.378,426,10.2,15.2,12.6,5.9,2.3,9.2,13.8,23.6,,2.4,1.1,3.6,.157,,-0.6,1.5,0.9
7,0,28,851,106,245,.433,57,115,.496,49,130,.377,66,80,.825,10,60,70,133,36,1,54,48,327
7,1,28,30.4,3.8,8.8,.433,2.0,4.1,.496,1.8,4.6,.377,2.4,2.9,.825,2.5,4.8,1.3,0.0,1.9,1.7,11.7
7,2,28,851,5.0,11.5,.433,2.7,5.4,.496,2.3,6.1,.377,3.1,3.8,.825,3.3,6.3,1.7,0.0,2.5,2.3,15.4
7,3,28,851,6.8,15.6,.433,3.6,7.3,.496,3.1,8.3,.377,4.2,5.1,.825,4.5,8.5,2.3,0.1,3.4,3.1,20.8,,118.8,109.4
7,4,28,851,18.0,.578,.533,.531,.327,346,1.2,7.4,4.2,27.1,2.3,0.1,16.0,18.2,,2.4,0.4,2.7,.128,,1.9,-4.6,-2.8
8,0,31,730,55,143,.385,36,71,.507,19,72,.264,23,41,.561,38,97,135,75,30,4,38,69,152
8,1,31,23.5,1.8,4.6,.385,1.2,2.3,.507,0.6,2.3,.264,0.7,1.3,.561,4.4,2.4,1.0,0.1,1.2,2.2,4.9
8,2,31,730,3.0,7.8,.385,2.0,3.9,.507,1.0,3.9,.264,1.3,2.2,.561,7.4,4.1,1.6,0.2,2.1,3.8,8.3
8,3,31,730,4.1,10.6,.385,2.7,5.3,.507,1.4,5.4,.264,1.7,3.0,.561,10.0,5.6,2.2,0.3,2.8,5.1,11.3,,102.8,106.2
8,4,31,730,11.4,.468,.451,.503,.287,186,5.2,13.9,9.4,16.4,2.2,0.5,19.0,12.6,,0.7,0.5,1.2,.067,,-1.9,-1.7,-3.6
9,0,31,474,66,199,.332,18,42,.429,48,157,.306,21,29,.724,14,29,43,14,17,0,25,45,201
9,1,31,15.3,2.1,6.4,.332,0.6,1.4,.429,1.5,5.1,.306,0.7,0.9,.724,1.4,0.5,0.5,0.0,0.8,1.5,6.5
9,2,31,474,5.6,16.8,.332,1.5,3.5,.429,4.1,13.2,.306,1.8,2.4,.724,3.6,1.2,1.4,0.0,2.1,3.8,17.0
9,3,31,474,7.6,22.8,.332,2.1,4.8,.429,5.5,18.0,.306,2.4,3.3,.724,4.9,1.6,1.9,0.0,2.9,5.2,23.0,,97.5,110.5
9,4,31,474,10.8,.472,.452,.789,.146,175,2.9,6.4,4.6,5.3,1.9,0.0,10.5,23.1,,0.4,0.2,0.6,.049,,-1.4,-6.6,-7.9
10,0,31,1010,236,523,.451,177,362,.489,59,161,.366,135,202,.668,79,211,290,82,47,13,100,67,666
10,1,31,32.6,7.6,16.9,.451,5.7,11.7,.489,1.9,5.2,.366,4.4,6.5,.668,9.4,2.6,1.5,0.4,3.2,2.2,21.5
10,2,31,1010,9.3,20.7,.451,7.0,14.3,.489,2.3,6.4,.366,5.3,8.0,.668,11.5,3.2,1.9,0.5,4.0,2.7,26.4
10,3,31,1010,12.7,28.1,.451,9.5,19.4,.489,3.2,8.6,.366,7.3,10.9,.668,15.6,4.4,2.5,0.7,5.4,3.6,35.8,,107.6,101.6
10,4,31,1010,26.3,.538,.508,.308,.386,627,7.8,21.9,14.6,17.4,2.5,1.1,13.9,32.7,,3.0,1.2,4.2,.165,,2.2,-2.5,-0.3
11,0,22,194,17,51,.333,14,32,.438,3,19,.158,11,16,.688,8,21,29,24,16,0,19,22,48
11,1,22,8.8,0.8,2.3,.333,0.6,1.5,.438,0.1,0.9,.158,0.5,0.7,.688,1.3,1.1,0.7,0.0,0.9,1.0,2.2
11,2,22,194,3.5,10.5,.333,2.9,6.6,.438,0.6,3.9,.158,2.3,3.3,.688,6.0,4.9,3.3,0.0,3.9,4.5,9.9
11,3,22,194,4.8,14.3,.333,3.9,8.9,.438,0.8,5.3,.158,3.1,4.5,.688,8.1,6.7,4.5,0.0,5.3,6.2,13.4,,84.9,102.6
11,4,22,194,10.2,.410,.363,.373,.314,58,4.1,11.3,7.6,20.2,4.5,0.0,24.5,18.4,,-0.1,0.2,0.1,.030,,-4.8,-1.6,-6.4
12,0,21,107,13,23,.565,13,23,.565,0,0,,7,15,.467,15,12,27,6,2,5,10,15,33
12,1,21,5.1,0.6,1.1,.565,0.6,1.1,.565,0.0,0.0,,0.3,0.7,.467,1.3,0.3,0.1,0.2,0.5,0.7,1.6
12,2,21,107,4.9,8.6,.565,4.9,8.6,.565,0.0,0.0,,2.6,5.6,.467,10.1,2.2,0.7,1.9,3.7,5.6,12.3
12,3,21,107,6.6,11.7,.565,6.6,11.7,.565,0.0,0.0,,3.5,7.6,.467,13.7,3.0,1.0,2.5,5.1,7.6,16.7,,101.3,107.8
12,4,21,107,14.8,.548,.565,.000,.652,37,13.9,11.7,12.9,9.7,1.0,4.2,24.9,17.2,,0.1,0.1,0.2,.070,,-3.4,-1.8,-5.2
