0,0,33,862,132,340,.388,108,257,.420,24,83,.289,53,76,.697,32,87,119,45,37,17,65,85,341
0,1,33,26.1,4.0,10.3,.388,3.3,7.8,.420,0.7,2.5,.289,1.6,2.3,.697,3.6,1.4,1.1,0.5,2.0,2.6,10.3
0,2,33,862,6.1,15.8,.388,5.0,11.9,.420,1.1,3.9,.289,2.5,3.5,.697,5.5,2.1,1.7,0.8,3.0,3.9,15.8
0,3,33,862,9.2,23.6,.388,7.5,17.9,.420,1.7,5.8,.289,3.7,5.3,.697,8.3,3.1,2.6,1.2,4.5,5.9,23.7,,92.7,104.1
0,4,33,862,13.7,.453,.424,.244,.224,323,4.1,12.1,8.0,11.1,2.6,2.2,14.7,25.8,,0.4,0.8,1.2,.057,,-3.4,-1.9,-5.3
1,0,33,549,38,98,.388,28,70,.400,10,28,.357,31,45,.689,44,60,104,35,24,11,24,60,117
1,1,33,16.6,1.2,3.0,.388,0.8,2.1,.400,0.3,0.8,.357,0.9,1.4,.689,3.2,1.1,0.7,0.3,0.7,1.8,3.5
1,2,33,549,2.8,7.1,.388,2.0,5.1,.400,0.7,2.0,.357,2.3,3.3,.689,7.6,2.6,1.7,0.8,1.7,4.4,8.5
1,3,33,549,4.1,10.7,.388,3.1,7.6,.400,1.1,3.1,.357,3.4,4.9,.689,11.4,3.8,2.6,1.2,2.6,6.6,12.8,,108.8,103.5
1,4,33,549,13.8,.490,.439,.286,.459,138,8.9,13.1,10.9,11.5,2.6,2.3,16.7,13.2,,0.8,0.6,1.3,.095,,-0.7,0.1,-0.6
2,0,2,7,1,1,1.000,1,1,1.000,0,0,,0,0,,0,2,2,0,1,0,2,0,2
2,1,2,3.5,0.5,0.5,1.000,0.5,0.5,1.000,0.0,0.0,,0.0,0.0,,1.0,0.0,0.5,0.0,1.0,0.0,1.0
2,2,2,7,5.7,5.7,1.000,5.7,5.7,1.000,0.0,0.0,,0.0,0.0,,11.4,0.0,5.7,0.0,11.4,0.0,11.4
2,3,2,7,8.6,8.6,1.000,8.6,8.6,1.000,0.0,0.0,,0.0,0.0,,17.1,0.0,8.6,0.0,17.1,0.0,17.1,,48.7,82.7
2,4,2,7,12.1,1.000,1.000,.000,.000,1,0.0,34.3,16.5,0.0,8.6,0.0,66.7,21.6,,0.0,0.0,0.0,-.057,,-12.8,0.6,-12.2
3,0,16,79,4,17,.235,4,15,.267,0,2,.000,10,17,.588,10,11,21,2,5,1,10,22,18
3,1,16,4.9,0.3,1.1,.235,0.3,0.9,.267,0.0,0.1,.000,0.6,1.1,.588,1.3,0.1,0.3,0.1,0.6,1.4,1.1
3,2,16,79,2.0,8.6,.235,2.0,7.6,.267,0.0,1.0,.000,5.1,8.6,.588,10.6,1.0,2.5,0.5,5.1,11.1,9.1
3,3,16,79,3.0,12.9,.235,3.0,11.4,.267,0.0,1.5,.000,7.6,12.9,.588,15.9,1.5,3.8,0.8,7.6,16.7,13.7,,71.7,98.8
3,4,16,79,4.5,.359,.235,.118,1.000,22,14.1,16.7,15.4,4.4,3.8,1.4,28.5,22.4,,-0.2,0.1,0.0,-.019,,-8.4,-1.5,-9.9
4,0,1,2,0,0,,0,0,,0,0,,2,2,1.000,0,0,0,0,0,0,0,0,2
4,1,1,2.0,0.0,0.0,,0.0,0.0,,0.0,0.0,,2.0,2.0,1.000,0.0,0.0,0.0,0.0,0.0,0.0,2.0
4,2,1,2,0.0,0.0,,0.0,0.0,,0.0,0.0,,40.0,40.0,1.000,0.0,0.0,0.0,0.0,0.0,0.0,40.0
4,3,1,2,0.0,0.0,,0.0,0.0,,0.0,0.0,,59.9,59.9,1.000,0.0,0.0,0.0,0.0,0.0,0.0,59.9,,250.0,116.6
4,4,1,2,58.3,1.053,,,,2,0.0,0.0,0.0,0.0,0.0,0.0,0.0,23.9,,0.0,0.0,0.0,.684,,17.7,-10.0,7.7
5,0,21,128,8,13,.615,8,13,.615,0,0,,1,4,.250,7,19,26,3,2,9,12,23,17
5,1,21,6.1,0.4,0.6,.615,0.4,0.6,.615,0.0,0.0,,0.0,0.2,.250,1.2,0.1,0.1,0.4,0.6,1.1,0.8
5,2,21,128,2.5,4.1,.615,2.5,4.1,.615,0.0,0.0,,0.3,1.3,.250,8.1,0.9,0.6,2.8,3.8,7.2,5.3
5,3,21,128,3.7,6.1,.615,3.7,6.1,.615,0.0,0.0,,0.5,1.9,.250,12.2,1.4,0.9,4.2,5.6,10.8,8.0,,72.9,102.2
5,4,21,128,6.2,.570,.615,.000,.308,18,6.1,17.8,11.7,4.2,0.9,7.9,44.6,10.6,,-0.1,0.1,0.0,.008,,-7.1,2.0,-5.0
6,0,29,195,9,42,.214,2,16,.125,7,26,.269,10,13,.769,2,6,8,8,9,0,16,19,35
6,1,29,6.7,0.3,1.4,.214,0.1,0.6,.125,0.2,0.9,.269,0.3,0.4,.769,0.3,0.3,0.3,0.0,0.6,0.7,1.2
6,2,29,195,1.8,8.6,.214,0.4,3.3,.125,1.4,5.3,.269,2.1,2.7,.769,1.6,1.6,1.8,0.0,3.3,3.9,7.2
6,3,29,195,2.8,12.9,.214,0.6,4.9,.125,2.2,8.0,.269,3.1,4.0,.769,2.5,2.5,2.8,0.0,4.9,5.8,10.8,,68.9,108.4
6,4,29,195,1.3,.363,.298,.619,.310,35,1.1,3.7,2.4,7.1,2.8,0.0,24.9,16.6,,-0.3,0.1,-0.2,-.040,,-6.5,-3.5,-10.0
7,0,33,1045,144,287,.502,144,287,.502,0,0,,76,135,.563,89,119,208,33,25,21,53,95,364
7,1,33,31.7,4.4,8.7,.502,4.4,8.7,.502,0.0,0.0,,2.3,4.1,.563,6.3,1.0,0.8,0.6,1.6,2.9,11.0
7,2,33,1045,5.5,11.0,.502,5.5,11.0,.502,0.0,0.0,,2.9,5.2,.563,8.0,1.3,1.0,0.8,2.0,3.6,13.9
7,3,33,1045,8.3,16.5,.502,8.3,16.5,.502,0.0,0.0,,4.4,7.7,.563,11.9,1.9,1.4,1.2,3.0,5.4,20.9,,107.5,105.9
7,4,33,1045,16.8,.518,.502,.000,.470,360,9.5,13.7,11.5,6.5,1.4,2.3,13.1,19.5,,1.9,0.8,2.7,.102,,-1.1,-1.7,-2.8
8,0,2,13,3,6,.500,3,4,.750,0,2,.000,1,2,.500,0,1,1,1,1,0,2,1,7
8,1,2,6.5,1.5,3.0,.500,1.5,2.0,.750,0.0,1.0,.000,0.5,1.0,.500,0.5,0.5,0.5,0.0,1.0,0.5,3.5
8,2,2,13,9.2,18.5,.500,9.2,12.3,.750,0.0,6.2,.000,3.1,6.2,.500,3.1,3.1,3.1,0.0,6.2,3.1,21.5
8,3,2,13,13.8,27.7,.500,13.8,18.4,.750,0.0,9.2,.000,4.6,9.2,.500,4.6,4.6,4.6,0.0,9.2,4.6,32.3,,85.3,102.0
8,4,2,13,16.3,.504,.500,.333,.333,6,0.0,9.2,4.4,19.6,4.6,0.0,22.3,34.7,,0.0,0.0,0.0,.024,,-3.7,-4.1,-7.9
9,0,23,182,16,30,.533,16,30,.533,0,0,,4,8,.500,11,17,28,2,2,9,15,27,36
9,1,23,7.9,0.7,1.3,.533,0.7,1.3,.533,0.0,0.0,,0.2,0.3,.500,1.2,0.1,0.1,0.4,0.7,1.2,1.6
9,2,23,182,3.5,6.6,.533,3.5,6.6,.533,0.0,0.0,,0.9,1.8,.500,6.2,0.4,0.4,2.0,3.3,5.9,7.9
9,3,23,182,5.3,9.9,.533,5.3,9.9,.533,0.0,0.0,,1.3,2.6,.500,9.2,0.7,0.7,3.0,4.9,8.9,11.9,,83.4,107.0
9,4,23,182,6.9,.533,.533,.000,.267,35,6.7,11.2,8.9,2.1,0.7,5.6,30.7,13.5,,-0.1,0.1,0.1,.012,,-6.3,-0.8,-7.1
10,0,33,569,79,156,.506,73,134,.545,6,22,.273,45,67,.672,45,85,130,27,22,8,29,88,209
10,1,33,17.2,2.4,4.7,.506,2.2,4.1,.545,0.2,0.7,.273,1.4,2.0,.672,3.9,0.8,0.7,0.2,0.9,2.7,6.3
10,2,33,569,5.6,11.0,.506,5.1,9.4,.545,0.4,1.5,.273,3.2,4.7,.672,9.1,1.9,1.5,0.6,2.0,6.2,14.7
10,3,33,569,8.3,16.4,.506,7.7,14.1,.545,0.6,2.3,.273,4.7,7.1,.672,13.7,2.8,2.3,0.8,3.1,9.3,22.0,,114.5,102.1
10,4,33,569,19.0,.556,.526,.141,.429,207,8.8,17.9,13.2,9.8,2.3,1.6,13.4,19.2,,1.4,0.6,2.0,.143,,0.3,-1.5,-1.2
11,0,33,976,93,225,.413,67,133,.504,26,92,.283,31,44,.705,55,91,146,71,38,14,44,77,243
11,1,33,29.6,2.8,6.8,.413,2.0,4.0,.504,0.8,2.8,.283,0.9,1.3,.705,4.4,2.2,1.2,0.4,1.3,2.3,7.4
11,2,33,976,3.8,9.2,.413,2.7,5.5,.504,1.1,3.8,.283,1.3,1.8,.705,6.0,2.9,1.6,0.6,1.8,3.2,10.0
11,3,33,976,5.7,13.8,.413,4.1,8.2,.504,1.6,5.6,.283,1.9,2.7,.705,9.0,4.4,2.3,0.9,2.7,4.7,14.9,,107.0,105.4
11,4,33,976,13.8,.494,.471,.409,.196,265,6.3,11.2,8.6,13.8,2.3,1.6,15.2,15.0,,1.4,0.8,2.1,.088,,0.3,-0.7,-0.4
12,0,32,1207,197,450,.438,143,301,.475,54,149,.362,140,168,.833,31,113,144,114,61,2,115,70,588
12,1,32,37.7,6.2,14.1,.438,4.5,9.4,.475,1.7,4.7,.362,4.4,5.3,.833,4.5,3.6,1.9,0.1,3.6,2.2,18.4
12,2,32,1207,6.5,14.9,.438,4.7,10.0,.475,1.8,4.9,.362,4.6,5.6,.833,4.8,3.8,2.0,0.1,3.8,2.3,19.5
12,3,32,1207,9.8,22.3,.438,7.1,14.9,.475,2.7,7.4,.362,7.0,8.3,.833,7.2,5.7,3.0,0.1,5.7,3.5,29.2,,107.5,104.6
12,4,32,1207,20.8,.555,.498,.331,.373,570,2.9,11.2,6.9,20.6,3.0,0.2,17.8,26.9,,3.0,1.1,4.0,.134,,2.6,-2.2,0.4
13,0,32,836,104,260,.400,24,53,.453,80,207,.386,21,23,.913,35,59,94,32,23,8,33,85,309
13,1,32,26.1,3.3,8.1,.400,0.8,1.7,.453,2.5,6.5,.386,0.7,0.7,.913,2.9,1.0,0.7,0.3,1.0,2.7,9.7
13,2,32,836,5.0,12.4,.400,1.1,2.5,.453,3.8,9.9,.386,1.0,1.1,.913,4.5,1.5,1.1,0.4,1.6,4.1,14.8
13,3,32,836,7.5,18.6,.400,1.7,3.8,.453,5.7,14.8,.386,1.5,1.6,.913,6.7,2.3,1.6,0.6,2.4,6.1,22.2,,118.1,108.2
13,4,32,836,15.5,.570,.554,.796,.088,279,4.7,8.5,6.5,7.7,1.6,1.1,10.9,18.3,,2.1,0.5,2.5,.121,,3.3,-3.6,-0.3
