0,0,33,863,105,250,.420,90,189,.476,15,61,.246,29,45,.644,40,82,122,29,33,15,49,64,254
0,1,33,26.2,3.2,7.6,.420,2.7,5.7,.476,0.5,1.8,.246,0.9,1.4,.644,3.7,0.9,1.0,0.5,1.5,1.9,7.7
0,2,33,863,4.9,11.6,.420,4.2,8.8,.476,0.7,2.8,.246,1.3,2.1,.644,5.7,1.3,1.5,0.7,2.3,3.0,11.8
0,3,33,863,7.0,16.7,.420,6.0,12.6,.476,1.0,4.1,.246,1.9,3.0,.644,8.1,1.9,2.2,1.0,3.3,4.3,17.0,,93.2,101.3
0,4,33,863,11.3,.468,.450,.244,.180,240,4.9,11.4,7.9,6.4,2.2,1.9,15.3,18.0,,0.3,1.1,1.4,.065,,-3.5,0.4,-3.1
1,0,33,651,49,168,.292,10,44,.227,39,124,.315,35,48,.729,19,33,52,43,30,0,35,48,172
1,1,33,19.7,1.5,5.1,.292,0.3,1.3,.227,1.2,3.8,.315,1.1,1.5,.729,1.6,1.3,0.9,0.0,1.1,1.5,5.2
1,2,33,651,3.0,10.3,.292,0.6,2.7,.227,2.4,7.6,.315,2.2,2.9,.729,3.2,2.6,1.8,0.0,2.2,2.9,10.6
1,3,33,651,4.3,14.9,.292,0.9,3.9,.227,3.5,11.0,.315,3.1,4.2,.729,4.6,3.8,2.7,0.0,3.1,4.2,15.2,,95.5,103.2
1,4,33,651,9.3,.451,.408,.738,.286,174,3.1,6.1,4.5,11.6,2.7,0.0,15.5,16.8,,0.3,0.7,1.0,.064,,-1.4,-1.3,-2.7
2,0,25,252,15,35,.429,15,35,.429,0,0,,11,17,.647,31,33,64,12,6,3,10,39,41
2,1,25,10.1,0.6,1.4,.429,0.6,1.4,.429,0.0,0.0,,0.4,0.7,.647,2.6,0.5,0.2,0.1,0.4,1.6,1.6
2,2,25,252,2.4,5.6,.429,2.4,5.6,.429,0.0,0.0,,1.7,2.7,.647,10.2,1.9,1.0,0.5,1.6,6.2,6.5
2,3,25,252,3.4,8.0,.429,3.4,8.0,.429,0.0,0.0,,2.5,3.9,.647,14.6,2.7,1.4,0.7,2.3,8.9,9.4,,108.8,101.3
2,4,25,252,11.1,.476,.429,.000,.486,55,12.9,15.7,14.2,8.1,1.4,1.3,18.8,10.2,,0.3,0.3,0.6,.096,,-2.7,0.7,-2.0
3,0,33,825,132,275,.480,132,275,.480,0,0,,73,115,.635,80,109,189,46,51,42,63,128,337
3,1,33,25.0,4.0,8.3,.480,4.0,8.3,.480,0.0,0.0,,2.2,3.5,.635,5.7,1.4,1.5,1.3,1.9,3.9,10.2
3,2,33,825,6.4,13.3,.480,6.4,13.3,.480,0.0,0.0,,3.5,5.6,.635,9.2,2.2,2.5,2.0,3.1,6.2,16.3
3,3,33,825,9.2,19.2,.480,9.2,19.2,.480,0.0,0.0,,5.1,8.0,.635,13.2,3.2,3.6,2.9,4.4,8.9,23.5,,102.5,94.5
3,4,33,825,20.3,.511,.480,.000,.418,337,10.2,15.8,12.8,11.5,3.6,5.6,16.0,23.1,,1.2,1.6,2.8,.137,,-1.4,4.1,2.7
4,0,10,38,4,9,.444,4,7,.571,0,2,.000,3,8,.375,1,3,4,0,3,1,3,4,11
4,1,10,3.8,0.4,0.9,.444,0.4,0.7,.571,0.0,0.2,.000,0.3,0.8,.375,0.4,0.0,0.3,0.1,0.3,0.4,1.1
4,2,10,38,4.2,9.5,.444,4.2,7.4,.571,0.0,2.1,.000,3.2,8.4,.375,4.2,0.0,3.2,1.1,3.2,4.2,11.6
4,3,10,38,6.1,13.6,.444,6.1,10.6,.571,0.0,3.0,.000,4.5,12.1,.375,6.1,0.0,4.5,1.5,4.5,6.1,16.7,,75.7,96.3
4,4,10,38,8.6,.430,.444,.222,.889,10,2.8,9.4,5.9,0.0,4.5,2.9,19.0,20.2,,0.0,0.1,0.0,.020,,-8.0,-0.5,-8.5
5,0,32,438,46,100,.460,46,100,.460,0,0,,25,48,.521,46,62,108,4,14,3,42,68,117
5,1,32,13.7,1.4,3.1,.460,1.4,3.1,.460,0.0,0.0,,0.8,1.5,.521,3.4,0.1,0.4,0.1,1.3,2.1,3.7
5,2,32,438,4.2,9.1,.460,4.2,9.1,.460,0.0,0.0,,2.3,4.4,.521,9.9,0.4,1.3,0.3,3.8,6.2,10.7
5,3,32,438,6.0,13.1,.460,6.0,13.1,.460,0.0,0.0,,3.3,6.3,.521,14.2,0.5,1.8,0.4,5.5,8.9,15.4,,84.3,100.1
5,4,32,438,8.8,.476,.460,.000,.480,119,11.1,16.9,13.8,1.7,1.8,0.7,25.5,18.2,,-0.2,0.6,0.4,.039,,-6.8,-1.7,-8.5
6,0,32,858,135,274,.493,118,204,.578,17,70,.243,36,83,.434,65,113,178,58,35,18,40,71,323
6,1,32,26.8,4.2,8.6,.493,3.7,6.4,.578,0.5,2.2,.243,1.1,2.6,.434,5.6,1.8,1.1,0.6,1.3,2.2,10.1
6,2,32,858,6.3,12.8,.493,5.5,9.5,.578,0.8,3.3,.243,1.7,3.9,.434,8.3,2.7,1.6,0.8,1.9,3.3,15.1
6,3,32,858,9.1,18.4,.493,7.9,13.7,.578,1.1,4.7,.243,2.4,5.6,.434,11.9,3.9,2.3,1.2,2.7,4.8,21.7,,108.6,99.1
6,4,32,858,19.1,.515,.524,.255,.303,318,8.0,15.8,11.6,13.8,2.3,2.3,11.3,20.0,,1.6,1.3,2.9,.134,,0.7,1.2,1.9
7,0,6,28,1,10,.100,1,5,.200,0,5,.000,5,7,.714,2,2,4,2,1,1,0,4,7
7,1,6,4.7,0.2,1.7,.100,0.2,0.8,.200,0.0,0.8,.000,0.8,1.2,.714,0.7,0.3,0.2,0.2,0.0,0.7,1.2
7,2,6,28,1.4,14.3,.100,1.4,7.1,.200,0.0,7.1,.000,7.1,10.0,.714,5.7,2.9,1.4,1.4,0.0,5.7,10.0
7,3,6,28,2.1,20.6,.100,2.1,10.3,.200,0.0,10.3,.000,10.3,14.4,.714,8.2,4.1,2.1,2.1,0.0,8.2,14.4,,82.1,101.3
7,4,6,28,6.9,.263,.100,.500,.700,8,7.5,8.5,8.0,11.7,2.1,3.9,0.0,23.1,,0.0,0.0,0.0,.023,,-4.9,-1.3,-6.2
8,0,33,495,48,108,.444,36,79,.456,12,29,.414,23,36,.639,30,68,98,10,19,9,21,66,131
8,1,33,15.0,1.5,3.3,.444,1.1,2.4,.456,0.4,0.9,.414,0.7,1.1,.639,3.0,0.3,0.6,0.3,0.6,2.0,4.0
8,2,33,495,3.9,8.7,.444,2.9,6.4,.456,1.0,2.3,.414,1.9,2.9,.639,7.9,0.8,1.5,0.7,1.7,5.3,10.6
8,3,33,495,5.6,12.6,.444,4.2,9.2,.456,1.4,3.4,.414,2.7,4.2,.639,11.4,1.2,2.2,1.0,2.4,7.7,15.2,,104.9,99.0
8,4,33,495,12.5,.524,.500,.269,.333,125,6.4,16.4,11.1,3.7,2.2,2.0,14.4,14.3,,0.5,0.8,1.3,.103,,-2.9,0.3,-2.6
9,0,18,102,11,21,.524,11,21,.524,0,0,,1,7,.143,10,14,24,2,3,3,9,17,23
9,1,18,5.7,0.6,1.2,.524,0.6,1.2,.524,0.0,0.0,,0.1,0.4,.143,1.3,0.1,0.2,0.2,0.5,0.9,1.3
9,2,18,102,4.3,8.2,.524,4.3,8.2,.524,0.0,0.0,,0.4,2.7,.143,9.4,0.8,1.2,1.2,3.5,6.7,9.0
9,3,18,102,6.2,11.9,.524,6.2,11.9,.524,0.0,0.0,,0.6,4.0,.143,13.6,1.1,1.7,1.7,5.1,9.6,13.0,,81.0,99.3
9,4,18,102,8.5,.473,.524,.000,.333,24,10.3,16.4,13.2,3.6,1.7,3.2,27.0,15.8,,-0.1,0.2,0.1,.033,,-6.8,0.4,-6.3
10,0,33,1034,121,261,.464,69,142,.486,52,119,.437,85,107,.794,28,105,133,99,37,1,78,70,379
10,1,33,31.3,3.7,7.9,.464,2.1,4.3,.486,1.6,3.6,.437,2.6,3.2,.794,4.0,3.0,1.1,0.0,2.4,2.1,11.5
10,2,33,1034,4.7,10.1,.464,2.7,5.5,.486,2.0,4.6,.437,3.3,4.1,.794,5.1,3.8,1.4,0.0,3.0,2.7,14.7
10,3,33,1034,6.7,14.5,.464,3.8,7.9,.486,2.9,6.6,.437,4.7,6.0,.794,7.4,5.5,2.1,0.1,4.3,3.9,21.1,,112.5,102.2
10,4,33,1034,16.8,.608,.563,.456,.410,371,2.8,12.2,7.2,18.1,2.1,0.1,20.0,18.3,,2.1,1.3,3.4,.132,,1.6,-0.5,1.0
11,0,33,1041,190,480,.396,135,319,.423,55,161,.342,73,92,.793,32,83,115,127,67,6,93,103,508
11,1,33,31.5,5.8,14.5,.396,4.1,9.7,.423,1.7,4.9,.342,2.2,2.8,.793,3.5,3.8,2.0,0.2,2.8,3.1,15.4
11,2,33,1041,7.3,18.4,.396,5.2,12.3,.423,2.1,6.2,.342,2.8,3.5,.793,4.4,4.9,2.6,0.2,3.6,4.0,19.5
11,3,33,1041,10.5,26.6,.396,7.5,17.6,.423,3.0,8.9,.342,4.0,5.1,.793,6.4,7.0,3.7,0.3,5.1,5.7,28.1,,99.9,99.2
11,4,33,1041,18.4,.485,.453,.335,.192,503,3.2,9.5,6.2,26.3,3.7,0.6,15.1,28.7,,1.5,1.6,3.1,.117,,1.0,-0.2,0.9
