0,0,24,472,32,80,.400,32,79,.405,0,1,.000,23,39,.590,30,39,69,17,19,7,19,49,87
0,1,24,19.7,1.3,3.3,.400,1.3,3.3,.405,0.0,0.0,.000,1.0,1.6,.590,2.9,0.7,0.8,0.3,0.8,2.0,3.6
0,2,24,472,2.7,6.8,.400,2.7,6.7,.405,0.0,0.1,.000,1.9,3.3,.590,5.8,1.4,1.6,0.6,1.6,4.2,7.4
0,3,24,472,4.3,10.8,.400,4.3,10.7,.405,0.0,0.1,.000,3.1,5.3,.590,9.4,2.3,2.6,0.9,2.6,6.6,11.8,,93.9,100.5
0,4,24,472,9.5,.442,.400,.013,.488,100,8.5,10.6,9.6,7.5,2.6,1.8,16.2,14.2,,0.1,0.8,0.8,.071,,-4.8,1.7,-3.1
1,0,29,954,130,315,.413,60,134,.448,70,181,.387,92,115,.800,23,114,137,54,28,3,55,41,422
1,1,29,32.9,4.5,10.9,.413,2.1,4.6,.448,2.4,6.2,.387,3.2,4.0,.800,4.7,1.9,1.0,0.1,1.9,1.4,14.6
1,2,29,954,5.5,13.2,.413,2.5,5.6,.448,2.9,7.6,.387,3.9,4.8,.800,5.7,2.3,1.2,0.1,2.3,1.7,17.7
1,3,29,954,8.7,21.1,.413,4.0,9.0,.448,4.7,12.1,.387,6.2,7.7,.800,9.2,3.6,1.9,0.2,3.7,2.7,28.3,,109.5,101.4
1,4,29,954,18.7,.571,.524,.575,.365,385,3.2,15.4,9.4,13.6,1.9,0.4,13.0,25.3,,1.9,1.5,3.4,.141,,2.0,-1.3,0.8
2,0,30,476,32,84,.381,19,50,.380,13,34,.382,17,23,.739,3,34,37,49,15,1,38,52,94
2,1,30,15.9,1.1,2.8,.381,0.6,1.7,.380,0.4,1.1,.382,0.6,0.8,.739,1.2,1.6,0.5,0.0,1.3,1.7,3.1
2,2,30,476,2.7,7.1,.381,1.6,4.2,.380,1.1,2.9,.382,1.4,1.9,.739,3.1,4.1,1.3,0.1,3.2,4.4,7.9
2,3,30,476,4.3,11.3,.381,2.6,6.7,.380,1.7,4.6,.382,2.3,3.1,.739,5.0,6.6,2.0,0.1,5.1,7.0,12.6,,86.6,103.1
2,4,30,476,6.6,.495,.458,.405,.274,106,0.8,9.2,5.1,21.3,2.0,0.3,28.6,15.9,,-0.2,0.7,0.5,.040,,-5.6,-1.2,-6.8
3,0,20,180,13,33,.394,13,20,.650,0,13,.000,5,11,.455,2,20,22,12,7,1,9,11,31
3,1,20,9.0,0.7,1.7,.394,0.7,1.0,.650,0.0,0.7,.000,0.3,0.6,.455,1.1,0.6,0.4,0.1,0.5,0.6,1.6
3,2,20,180,2.9,7.3,.394,2.9,4.4,.650,0.0,2.9,.000,1.1,2.4,.455,4.9,2.7,1.6,0.2,2.0,2.4,6.9
3,3,20,180,4.6,11.7,.394,4.6,7.1,.650,0.0,4.6,.000,1.8,3.9,.455,7.8,4.3,2.5,0.4,3.2,3.9,11.0,,80.6,100.2
3,4,20,180,7.3,.405,.394,.394,.333,34,1.5,14.3,8.0,13.9,2.5,0.7,19.1,14.9,,-0.1,0.3,0.2,.035,,-6.4,0.3,-6.1
4,0,30,866,114,196,.582,114,195,.585,0,1,.000,48,84,.571,42,98,140,51,20,15,52,46,276
4,1,30,28.9,3.8,6.5,.582,3.8,6.5,.585,0.0,0.0,.000,1.6,2.8,.571,4.7,1.7,0.7,0.5,1.7,1.5,9.2
4,2,30,866,5.3,9.1,.582,5.3,9.0,.585,0.0,0.0,.000,2.2,3.9,.571,6.5,2.4,0.9,0.7,2.4,2.1,12.7
4,3,30,866,8.4,14.5,.582,8.4,14.4,.585,0.0,0.1,.000,3.5,6.2,.571,10.3,3.8,1.5,1.1,3.8,3.4,20.4,,107.0,101.6
4,4,30,866,16.3,.585,.582,.005,.429,271,6.5,14.6,10.6,14.0,1.5,2.1,18.1,18.9,,1.1,1.4,2.5,.115,,-1.9,1.1,-0.7
5,0,29,596,53,151,.351,17,43,.395,36,108,.333,9,15,.600,14,69,83,32,21,7,22,60,151
5,1,29,20.6,1.8,5.2,.351,0.6,1.5,.395,1.2,3.7,.333,0.3,0.5,.600,2.9,1.1,0.7,0.2,0.8,2.1,5.2
5,2,29,596,3.6,10.1,.351,1.1,2.9,.395,2.4,7.2,.333,0.6,1.0,.600,5.6,2.1,1.4,0.5,1.5,4.0,10.1
5,3,29,596,5.7,16.2,.351,1.8,4.6,.395,3.9,11.6,.333,1.0,1.6,.600,8.9,3.4,2.3,0.8,2.4,6.4,16.2,,96.5,99.8
5,4,29,596,10.6,.477,.470,.715,.099,147,3.1,14.9,9.1,11.6,2.3,1.4,12.2,17.2,,0.2,1.0,1.2,.083,,-2.1,0.2,-1.8
6,0,30,754,108,184,.587,108,184,.587,0,0,,50,84,.595,54,109,163,23,13,45,51,113,266
6,1,30,25.1,3.6,6.1,.587,3.6,6.1,.587,0.0,0.0,,1.7,2.8,.595,5.4,0.8,0.4,1.5,1.7,3.8,8.9
6,2,30,754,5.7,9.8,.587,5.7,9.8,.587,0.0,0.0,,2.7,4.5,.595,8.6,1.2,0.7,2.4,2.7,6.0,14.1
6,3,30,754,9.2,15.6,.587,9.2,15.6,.587,0.0,0.0,,4.2,7.1,.595,13.8,2.0,1.1,3.8,4.3,9.6,22.6,,105.8,97.6
6,4,30,754,17.6,.594,.587,.000,.457,252,9.6,18.6,14.2,7.5,1.1,7.3,18.6,20.8,,1.0,1.5,2.4,.130,,-3.0,3.0,0.1
7,0,15,340,33,89,.371,33,84,.393,0,5,.000,8,17,.471,2,22,24,21,12,4,14,14,74
7,1,15,22.7,2.2,5.9,.371,2.2,5.6,.393,0.0,0.3,.000,0.5,1.1,.471,1.6,1.4,0.8,0.3,0.9,0.9,4.9
7,2,15,340,3.9,10.5,.371,3.9,9.9,.393,0.0,0.6,.000,0.9,2.0,.471,2.8,2.5,1.4,0.5,1.6,1.6,8.7
7,3,15,340,6.2,16.7,.371,6.2,15.8,.393,0.0,0.9,.000,1.5,3.2,.471,4.5,4.0,2.3,0.8,2.6,2.6,13.9,,79.4,102.7
7,4,15,340,7.1,.381,.371,.056,.191,74,0.8,8.3,4.6,13.6,2.3,1.4,12.6,18.6,,-0.4,0.5,0.1,.016,,-7.7,-0.2,-7.9
8,0,30,867,87,222,.392,65,150,.433,22,72,.306,73,101,.723,10,65,75,92,35,1,83,78,269
8,1,30,28.9,2.9,7.4,.392,2.2,5.0,.433,0.7,2.4,.306,2.4,3.4,.723,2.5,3.1,1.2,0.0,2.8,2.6,9.0
8,2,30,867,4.0,10.2,.392,3.0,6.9,.433,1.0,3.3,.306,3.4,4.7,.723,3.5,4.2,1.6,0.0,3.8,3.6,12.4
8,3,30,867,6.4,16.4,.392,4.8,11.1,.433,1.6,5.3,.306,5.4,7.5,.723,5.5,6.8,2.6,0.1,6.1,5.8,19.8,,90.3,101.9
8,4,30,867,10.5,.498,.441,.324,.455,284,1.5,9.7,5.7,23.5,2.6,0.1,23.5,23.2,,-0.2,1.3,1.2,.054,,-4.0,-0.8,-4.8
9,0,27,545,65,113,.575,64,110,.582,1,3,.333,37,56,.661,25,72,97,22,10,3,51,89,168
9,1,27,20.2,2.4,4.2,.575,2.4,4.1,.582,0.0,0.1,.333,1.4,2.1,.661,3.6,0.8,0.4,0.1,1.9,3.3,6.2
9,2,27,545,4.8,8.3,.575,4.7,8.1,.582,0.1,0.2,.333,2.7,4.1,.661,7.1,1.6,0.7,0.2,3.7,6.5,12.3
9,3,27,545,7.6,13.3,.575,7.5,12.9,.582,0.1,0.4,.333,4.3,6.6,.661,11.4,2.6,1.2,0.4,6.0,10.4,19.7,,95.2,101.5
9,4,27,545,10.7,.602,.580,.027,.496,160,6.1,17.0,11.7,9.3,1.2,0.7,26.8,19.9,,0.2,0.9,1.0,.075,,-4.9,-0.4,-5.3
