0,0,30,1068,112,263,.426,44,99,.444,68,164,.415,82,100,.820,16,82,98,124,56,3,56,46,374
0,1,30,35.6,3.7,8.8,.426,1.5,3.3,.444,2.3,5.5,.415,2.7,3.3,.820,3.3,4.1,1.9,0.1,1.9,1.5,12.5
0,2,30,1068,4.2,9.9,.426,1.6,3.7,.444,2.5,6.1,.415,3.1,3.7,.820,3.7,4.6,2.1,0.1,2.1,1.7,14.0
0,3,30,1068,7.2,16.8,.426,2.8,6.3,.444,4.4,10.5,.415,5.3,6.4,.820,6.3,7.9,3.6,0.2,3.6,2.9,24.0,,118.2,92.1
0,4,30,1068,21.9,.602,.555,.624,.380,388,2.2,9.8,6.2,27.4,3.6,0.3,15.3,21.0,,3.3,2.3,5.5,.207,,4.9,0.5,5.5
1,0,5,12,0,4,.000,0,2,.000,0,2,.000,2,4,.500,0,2,2,0,3,1,1,0,2
1,1,5,2.4,0.0,0.8,.000,0.0,0.4,.000,0.0,0.4,.000,0.4,0.8,.500,0.4,0.0,0.6,0.2,0.2,0.0,0.4
1,2,5,12,0.0,13.3,.000,0.0,6.7,.000,0.0,6.7,.000,6.7,13.3,.500,6.7,0.0,10.0,3.3,3.3,0.0,6.7
1,3,5,12,0.0,22.8,.000,0.0,11.4,.000,0.0,11.4,.000,11.4,22.8,.500,11.4,0.0,17.1,5.7,5.7,0.0,11.4,,34.1,51.8
1,4,5,12,9.5,.169,.000,.500,1.000,2,0.0,21.2,11.3,0.0,17.1,10.1,14.5,35.1,,-0.1,0.1,0.0,-.090,,-18.0,11.3,-6.7
2,0,31,400,27,81,.333,19,48,.396,8,33,.242,28,43,.651,2,30,32,31,6,0,39,32,90
2,1,31,12.9,0.9,2.6,.333,0.6,1.5,.396,0.3,1.1,.242,0.9,1.4,.651,1.0,1.0,0.2,0.0,1.3,1.0,2.9
2,2,31,400,2.7,8.1,.333,1.9,4.8,.396,0.8,3.3,.242,2.8,4.3,.651,3.2,3.1,0.6,0.0,3.9,3.2,9.0
2,3,31,400,4.6,13.9,.333,3.3,8.2,.396,1.4,5.6,.242,4.8,7.4,.651,5.5,5.3,1.0,0.0,6.7,5.5,15.4,,76.7,97.9
2,4,31,400,4.4,.444,.383,.407,.531,96,0.7,9.5,5.4,16.8,1.0,0.0,27.8,21.5,,-0.5,0.6,0.1,.012,,-7.6,-2.2,-9.8
3,0,19,175,17,34,.500,5,11,.455,12,23,.522,1,2,.500,3,14,17,6,5,0,13,11,47
3,1,19,9.2,0.9,1.8,.500,0.3,0.6,.455,0.6,1.2,.522,0.1,0.1,.500,0.9,0.3,0.3,0.0,0.7,0.6,2.5
3,2,19,175,3.9,7.8,.500,1.1,2.5,.455,2.7,5.3,.522,0.2,0.5,.500,3.9,1.4,1.1,0.0,3.0,2.5,10.7
3,3,19,175,6.6,13.3,.500,2.0,4.3,.455,4.7,9.0,.522,0.4,0.8,.500,6.6,2.3,2.0,0.0,5.1,4.3,18.4,,97.2,95.7
3,4,19,175,11.6,.672,.676,.676,.059,40,2.5,10.2,6.6,7.9,2.0,0.0,27.1,16.7,,0.1,0.3,0.4,.098,,-1.7,-1.2,-2.8
4,0,31,1038,72,168,.429,21,44,.477,51,124,.411,33,36,.917,13,113,126,35,16,10,33,41,228
4,1,31,33.5,2.3,5.4,.429,0.7,1.4,.477,1.6,4.0,.411,1.1,1.2,.917,4.1,1.1,0.5,0.3,1.1,1.3,7.4
4,2,31,1038,2.8,6.5,.429,0.8,1.7,.477,2.0,4.8,.411,1.3,1.4,.917,4.9,1.3,0.6,0.4,1.3,1.6,8.8
4,3,31,1038,4.7,11.1,.429,1.4,2.9,.477,3.4,8.2,.411,2.2,2.4,.917,8.3,2.3,1.1,0.7,2.2,2.7,15.0,,112.7,95.6
4,4,31,1038,12.3,.616,.580,.738,.214,207,1.8,13.9,8.2,7.3,1.1,1.2,15.1,12.8,,1.5,1.8,3.3,.129,,0.2,0.6,0.8
5,0,31,1017,104,204,.510,103,199,.518,1,5,.200,98,135,.726,45,83,128,44,29,17,51,64,307
5,1,31,32.8,3.4,6.6,.510,3.3,6.4,.518,0.0,0.2,.200,3.2,4.4,.726,4.1,1.4,0.9,0.5,1.6,2.1,9.9
5,2,31,1017,4.1,8.0,.510,4.1,7.8,.518,0.0,0.2,.200,3.9,5.3,.726,5.0,1.7,1.1,0.7,2.0,2.5,12.1
5,3,31,1017,7.0,13.7,.510,6.9,13.4,.518,0.1,0.3,.200,6.6,9.1,.726,8.6,3.0,2.0,1.1,3.4,4.3,20.7,,110.2,94.4
5,4,31,1017,16.8,.572,.512,.025,.662,308,6.4,10.4,8.5,10.1,2.0,2.0,16.0,19.2,,2.0,1.9,4.0,.156,,-1.0,1.4,0.4
6,0,31,762,77,189,.407,61,145,.421,16,44,.364,37,66,.561,16,74,90,42,21,11,50,51,207
6,1,31,24.6,2.5,6.1,.407,2.0,4.7,.421,0.5,1.4,.364,1.2,2.1,.561,2.9,1.4,0.7,0.4,1.6,1.6,6.7
6,2,31,762,4.0,9.9,.407,3.2,7.6,.421,0.8,2.3,.364,1.9,3.5,.561,4.7,2.2,1.1,0.6,2.6,2.7,10.9
6,3,31,762,6.9,17.0,.407,5.5,13.0,.421,1.4,4.0,.364,3.3,5.9,.561,8.1,3.8,1.9,1.0,4.5,4.6,18.6,,87.7,93.9
6,4,31,762,10.9,.470,.450,.233,.349,205,3.0,12.4,8.0,12.9,1.9,1.7,18.5,21.7,,-0.1,1.5,1.4,.074,,-5.0,0.6,-4.4
7,0,31,277,40,66,.606,40,66,.606,0,0,,25,50,.500,24,56,80,1,8,13,24,50,105
7,1,31,8.9,1.3,2.1,.606,1.3,2.1,.606,0.0,0.0,,0.8,1.6,.500,2.6,0.0,0.3,0.4,0.8,1.6,3.4
7,2,31,277,5.8,9.5,.606,5.8,9.5,.606,0.0,0.0,,3.6,7.2,.500,11.6,0.1,1.2,1.9,3.5,7.2,15.2
7,3,31,277,9.9,16.3,.606,9.9,16.3,.606,0.0,0.0,,6.2,12.4,.500,19.8,0.2,2.0,3.2,5.9,12.4,25.9,,98.5,85.0
7,4,31,277,19.5,.585,.606,.000,.758,96,12.5,25.7,19.6,0.9,2.0,5.7,21.1,25.1,,0.3,0.8,1.1,.160,,-6.2,-0.7,-6.9
8,0,26,817,141,248,.569,141,248,.569,0,0,,47,107,.439,70,179,249,41,25,65,50,78,329
8,1,26,31.4,5.4,9.5,.569,5.4,9.5,.569,0.0,0.0,,1.8,4.1,.439,9.6,1.6,1.0,2.5,1.9,3.0,12.7
8,2,26,817,6.9,12.1,.569,6.9,12.1,.569,0.0,0.0,,2.3,5.2,.439,12.2,2.0,1.2,3.2,2.4,3.8,16.1
8,3,26,817,11.8,20.8,.569,11.8,20.8,.569,0.0,0.0,,3.9,9.0,.439,20.9,3.4,2.1,5.4,4.2,6.5,27.6,,106.3,82.0
8,4,26,817,27.2,.550,.569,.000,.431,326,12.4,27.9,20.6,14.1,2.1,9.6,14.3,26.1,,1.8,2.5,4.4,.213,,-0.7,6.7,6.0
9,0,23,639,67,149,.450,63,136,.463,4,13,.308,11,24,.458,6,39,45,47,12,5,24,17,149
9,1,23,27.8,2.9,6.5,.450,2.7,5.9,.463,0.2,0.6,.308,0.5,1.0,.458,2.0,2.0,0.5,0.2,1.0,0.7,6.5
9,2,23,639,4.2,9.3,.450,3.9,8.5,.463,0.3,0.8,.308,0.7,1.5,.458,2.8,2.9,0.8,0.3,1.5,1.1,9.3
9,3,23,639,7.2,16.0,.450,6.7,14.6,.463,0.4,1.4,.308,1.2,2.6,.458,4.8,5.0,1.3,0.5,2.6,1.8,16.0,,94.7,97.9
9,4,23,639,11.0,.464,.463,.087,.161,151,1.4,7.8,4.8,17.3,1.3,0.9,13.0,17.6,,0.3,1.0,1.3,.083,,-4.1,-0.6,-4.8
10,0,6,20,2,8,.250,1,4,.250,1,4,.250,2,3,.667,2,5,7,0,0,0,1,0,7
10,1,6,3.3,0.3,1.3,.250,0.2,0.7,.250,0.2,0.7,.250,0.3,0.5,.667,1.2,0.0,0.0,0.0,0.2,0.0,1.2
10,2,6,20,4.0,16.0,.250,2.0,8.0,.250,2.0,8.0,.250,4.0,6.0,.667,14.0,0.0,0.0,0.0,2.0,0.0,14.0
10,3,6,20,6.8,27.4,.250,3.4,13.7,.250,3.4,13.7,.250,6.8,10.3,.667,23.9,0.0,0.0,0.0,3.4,0.0,23.9,,83.1,91.3
10,4,6,20,12.6,.371,.313,.500,.375,7,14.5,31.8,23.7,0.0,0.0,0.0,9.6,31.9,,0.0,0.0,0.0,.055,,-10.7,-11.7,-22.4
