0,0,28,267,26,50,.520,26,50,.520,0,0,,12,30,.400,36,41,77,6,11,13,18,44,64
0,1,28,9.5,0.9,1.8,.520,0.9,1.8,.520,0.0,0.0,,0.4,1.1,.400,2.8,0.2,0.4,0.5,0.6,1.6,2.3
0,2,28,267,3.9,7.5,.520,3.9,7.5,.520,0.0,0.0,,1.8,4.5,.400,11.5,0.9,1.6,1.9,2.7,6.6,9.6
0,3,28,267,5.7,10.9,.520,5.7,10.9,.520,0.0,0.0,,2.6,6.6,.400,16.9,1.3,2.4,2.8,3.9,9.6,14.0,,95.4,94.6
0,4,28,267,14.5,.498,.520,.000,.600,70,14.4,17.7,16.0,5.0,2.4,4.8,21.9,15.2,,0.1,0.5,0.6,.097,,-2.4,3.0,0.5
1,0,32,547,77,171,.450,72,151,.477,5,20,.250,42,63,.667,36,74,110,11,5,45,34,73,201
1,1,32,17.1,2.4,5.3,.450,2.3,4.7,.477,0.2,0.6,.250,1.3,2.0,.667,3.4,0.3,0.2,1.4,1.1,2.3,6.3
1,2,32,547,5.6,12.5,.450,5.3,11.0,.477,0.4,1.5,.250,3.1,4.6,.667,8.0,0.8,0.4,3.3,2.5,5.3,14.7
1,3,32,547,8.2,18.3,.450,7.7,16.1,.477,0.5,2.1,.250,4.5,6.7,.667,11.8,1.2,0.5,4.8,3.6,7.8,21.5,,98.5,98.0
1,4,32,547,15.5,.500,.465,.117,.368,184,7.0,15.6,11.2,5.0,0.5,8.1,14.5,21.2,,0.5,0.9,1.4,.101,,-3.2,2.1,-1.1
2,0,22,180,17,42,.405,17,42,.405,0,0,,13,26,.500,16,19,35,7,9,2,18,26,47
2,1,22,8.2,0.8,1.9,.405,0.8,1.9,.405,0.0,0.0,,0.6,1.2,.500,1.6,0.3,0.4,0.1,0.8,1.2,2.1
2,2,22,180,3.8,9.3,.405,3.8,9.3,.405,0.0,0.0,,2.9,5.8,.500,7.8,1.6,2.0,0.4,4.0,5.8,10.4
2,3,22,180,5.5,13.6,.405,5.5,13.6,.405,0.0,0.0,,4.2,8.4,.500,11.4,2.3,2.9,0.6,5.8,8.4,15.3,,80.2,97.8
2,4,22,180,8.7,.432,.405,.000,.619,50,9.5,12.2,10.8,8.6,2.9,1.1,24.9,19.8,,-0.2,0.3,0.1,.029,,-5.1,1.0,-4.1
3,0,35,877,121,291,.416,114,262,.435,7,29,.241,47,76,.618,22,73,95,94,37,4,81,66,296
3,1,35,25.1,3.5,8.3,.416,3.3,7.5,.435,0.2,0.8,.241,1.3,2.2,.618,2.7,2.7,1.1,0.1,2.3,1.9,8.5
3,2,35,877,5.5,13.3,.416,5.2,11.9,.435,0.3,1.3,.241,2.1,3.5,.618,4.3,4.3,1.7,0.2,3.7,3.0,13.5
3,3,35,877,8.1,19.4,.416,7.6,17.5,.435,0.5,1.9,.241,3.1,5.1,.618,6.3,6.3,2.5,0.3,5.4,4.4,19.7,,88.9,100.5
3,4,35,877,11.8,.452,.428,.100,.261,303,2.7,9.6,6.0,26.3,2.5,0.4,19.8,23.0,,0.0,1.2,1.2,.053,,-2.2,-0.2,-2.4
4,0,4,95,2,17,.118,0,4,.000,2,13,.154,5,7,.714,2,7,9,6,2,1,2,3,11
4,1,4,23.8,0.5,4.3,.118,0.0,1.0,.000,0.5,3.3,.154,1.3,1.8,.714,2.3,1.5,0.5,0.3,0.5,0.8,2.8
4,2,4,95,0.8,7.2,.118,0.0,1.7,.000,0.8,5.5,.154,2.1,2.9,.714,3.8,2.5,0.8,0.4,0.8,1.3,4.6
4,3,4,95,1.2,10.5,.118,0.0,2.5,.000,1.2,8.0,.154,3.1,4.3,.714,5.5,3.7,1.2,0.6,1.2,1.8,6.8,,77.0,103.6
4,4,4,95,4.0,.271,.176,.765,.412,13,2.3,8.5,5.3,12.0,1.2,1.0,9.0,11.6,,-0.1,0.1,0.0,.017,,-3.6,-0.5,-4.1
5,0,1,4,0,0,,0,0,,0,0,,0,0,,0,0,0,1,0,0,0,2,0
5,1,1,4.0,0.0,0.0,,0.0,0.0,,0.0,0.0,,0.0,0.0,,0.0,1.0,0.0,0.0,0.0,2.0,0.0
5,2,1,4,0.0,0.0,,0.0,0.0,,0.0,0.0,,0.0,0.0,,0.0,10.0,0.0,0.0,0.0,20.0,0.0
5,3,1,4,0.0,0.0,,0.0,0.0,,0.0,0.0,,0.0,0.0,,0.0,14.6,0.0,0.0,0.0,29.2,0.0,,225.4,108.3
5,4,1,4,1.6,,,,,0,0.0,0.0,0.0,45.8,0.0,0.0,,0.0,,0.0,0.0,0.0,.103,,-7.1,-12.1,-19.2
6,0,31,819,110,231,.476,110,228,.482,0,3,.000,101,152,.664,85,103,188,22,29,37,60,90,321
6,1,31,26.4,3.5,7.5,.476,3.5,7.4,.482,0.0,0.1,.000,3.3,4.9,.664,6.1,0.7,0.9,1.2,1.9,2.9,10.4
6,2,31,819,5.4,11.3,.476,5.4,11.1,.482,0.0,0.1,.000,4.9,7.4,.664,9.2,1.1,1.4,1.8,2.9,4.4,15.7
6,3,31,819,7.9,16.5,.476,7.9,16.3,.482,0.0,0.2,.000,7.2,10.9,.664,13.4,1.6,2.1,2.6,4.3,6.4,22.9,,104.0,97.1
6,4,31,819,18.9,.529,.476,.013,.658,314,11.1,14.5,12.7,6.5,2.1,4.4,16.5,21.9,,1.3,1.4,2.7,.130,,-0.4,2.1,1.7
7,0,35,1165,126,343,.367,101,249,.406,25,94,.266,135,196,.689,64,172,236,72,26,9,97,79,412
7,1,35,33.3,3.6,9.8,.367,2.9,7.1,.406,0.7,2.7,.266,3.9,5.6,.689,6.7,2.1,0.7,0.3,2.8,2.3,11.8
7,2,35,1165,4.3,11.8,.367,3.5,8.5,.406,0.9,3.2,.266,4.6,6.7,.689,8.1,2.5,0.9,0.3,3.3,2.7,14.1
7,3,35,1165,6.3,17.2,.367,5.1,12.5,.406,1.3,4.7,.266,6.8,9.8,.689,11.8,3.6,1.3,0.5,4.9,4.0,20.7,,94.3,99.8
7,4,35,1165,13.1,.472,.404,.274,.571,414,5.9,17.0,11.2,14.1,1.3,0.8,18.2,22.6,,0.7,1.6,2.3,.079,,-1.1,0.3,-0.8
8,0,20,371,35,94,.372,14,36,.389,21,58,.362,19,24,.792,6,32,38,26,12,0,25,24,110
8,1,20,18.6,1.8,4.7,.372,0.7,1.8,.389,1.1,2.9,.362,1.0,1.2,.792,1.9,1.3,0.6,0.0,1.3,1.2,5.5
8,2,20,371,3.8,10.1,.372,1.5,3.9,.389,2.3,6.3,.362,2.0,2.6,.792,4.1,2.8,1.3,0.0,2.7,2.6,11.9
8,3,20,371,5.5,14.8,.372,2.2,5.7,.389,3.3,9.1,.362,3.0,3.8,.792,6.0,4.1,1.9,0.0,3.9,3.8,17.3,,99.3,101.9
8,4,20,371,11.0,.522,.484,.617,.255,105,1.7,10.0,5.7,15.5,1.9,0.0,19.2,17.3,,0.3,0.4,0.8,.082,,-0.1,-1.2,-1.3
9,0,35,838,82,254,.323,27,73,.370,55,181,.304,73,88,.830,11,67,78,51,17,4,49,70,292
9,1,35,23.9,2.3,7.3,.323,0.8,2.1,.370,1.6,5.2,.304,2.1,2.5,.830,2.2,1.5,0.5,0.1,1.4,2.0,8.3
9,2,35,838,3.9,12.1,.323,1.3,3.5,.370,2.6,8.6,.304,3.5,4.2,.830,3.7,2.4,0.8,0.2,2.3,3.3,13.9
9,3,35,838,5.7,17.7,.323,1.9,5.1,.370,3.8,12.6,.304,5.1,6.1,.830,5.4,3.6,1.2,0.3,3.4,4.9,20.4,,101.2,103.4
9,4,35,838,11.0,.494,.431,.713,.346,274,1.4,9.2,5.2,13.6,1.2,0.5,14.2,20.3,,0.9,0.9,1.8,.088,,0.9,-2.0,-1.1
10,0,30,836,83,229,.362,31,83,.373,52,146,.356,52,72,.722,34,95,129,54,27,7,68,85,270
10,1,30,27.9,2.8,7.6,.362,1.0,2.8,.373,1.7,4.9,.356,1.7,2.4,.722,4.3,1.8,0.9,0.2,2.3,2.8,9.0
10,2,30,836,4.0,11.0,.362,1.5,4.0,.373,2.5,7.0,.356,2.5,3.4,.722,6.2,2.6,1.3,0.3,3.3,4.1,12.9
10,3,30,836,5.8,16.0,.362,2.2,5.8,.373,3.6,10.2,.356,3.6,5.0,.722,9.0,3.8,1.9,0.5,4.8,5.9,18.9,,96.5,100.0
10,4,30,836,11.8,.513,.476,.638,.314,263,4.4,13.1,8.6,14.5,1.9,0.8,20.5,19.5,,0.6,1.2,1.8,.084,,0.8,0.2,1.0
11,0,7,3,0,0,,0,0,,0,0,,0,0,,0,1,1,0,0,0,0,0,0
11,1,7,0.4,0.0,0.0,,0.0,0.0,,0.0,0.0,,0.0,0.0,,0.1,0.0,0.0,0.0,0.0,0.0,0.0
11,2,7,3,0.0,0.0,,0.0,0.0,,0.0,0.0,,0.0,0.0,,13.3,0.0,0.0,0.0,0.0,0.0,0.0
11,3,7,3,0.0,0.0,,0.0,0.0,,0.0,0.0,,0.0,0.0,,19.5,0.0,0.0,0.0,0.0,0.0,0.0,,,94.2
11,4,7,3,6.2,,,,,0,0.0,38.5,18.5,0.0,0.0,0.0,,0.0,,0.0,0.0,0.0,.078,,-9.7,-1.4,-11.1
12,0,32,509,42,110,.382,33,71,.465,9,39,.231,26,31,.839,25,50,75,14,12,8,36,70,119
12,1,32,15.9,1.3,3.4,.382,1.0,2.2,.465,0.3,1.2,.231,0.8,1.0,.839,2.3,0.4,0.4,0.3,1.1,2.2,3.7
12,2,32,509,3.3,8.6,.382,2.6,5.6,.465,0.7,3.1,.231,2.0,2.4,.839,5.9,1.1,0.9,0.6,2.8,5.5,9.4
12,3,32,509,4.8,12.6,.382,3.8,8.2,.465,1.0,4.5,.231,3.0,3.6,.839,8.6,1.6,1.4,0.9,4.1,8.0,13.7,,87.9,101.3
12,4,32,509,7.1,.477,.423,.355,.282,116,5.3,11.3,8.2,5.9,1.4,1.5,22.4,15.6,,0.0,0.6,0.6,.047,,-3.3,0.1,-3.2
13,0,5,3,0,0,,0,0,,0,0,,0,0,,0,0,0,1,0,0,0,0,0
13,1,5,0.6,0.0,0.0,,0.0,0.0,,0.0,0.0,,0.0,0.0,,0.0,0.2,0.0,0.0,0.0,0.0,0.0
13,2,5,3,0.0,0.0,,0.0,0.0,,0.0,0.0,,0.0,0.0,,0.0,13.3,0.0,0.0,0.0,0.0,0.0
13,3,5,3,0.0,0.0,,0.0,0.0,,0.0,0.0,,0.0,0.0,,0.0,19.5,0.0,0.0,0.0,0.0,0.0,,225.4,110.5
13,4,5,3,13.6,,,,,0,0.0,0.0,0.0,61.1,0.0,0.0,,0.0,,0.0,0.0,0.0,.121,,-7.6,-16.3,-24.0
14,0,35,536,48,120,.400,29,65,.446,19,55,.345,14,20,.700,45,57,102,20,8,16,38,59,129
14,1,35,15.3,1.4,3.4,.400,0.8,1.9,.446,0.5,1.6,.345,0.4,0.6,.700,2.9,0.6,0.2,0.5,1.1,1.7,3.7
14,2,35,536,3.6,9.0,.400,2.2,4.9,.446,1.4,4.1,.345,1.0,1.5,.700,7.6,1.5,0.6,1.2,2.8,4.4,9.6
14,3,35,536,5.2,13.1,.400,3.2,7.1,.446,2.1,6.0,.345,1.5,2.2,.700,11.1,2.2,0.9,1.7,4.1,6.4,14.1,,93.5,101.4
14,4,35,536,10.1,.498,.479,.458,.167,133,9.0,12.3,10.6,8.2,0.9,2.9,22.7,15.4,,0.2,0.7,0.9,.064,,-1.6,0.7,-0.9
