0,0,6,12,0,2,.000,0,2,.000,0,0,,0,0,,2,0,2,0,1,0,2,2,0
0,1,6,2.0,0.0,0.3,.000,0.0,0.3,.000,0.0,0.0,,0.0,0.0,,0.3,0.0,0.2,0.0,0.3,0.3,0.0
0,2,6,12,0.0,6.7,.000,0.0,6.7,.000,0.0,0.0,,0.0,0.0,,6.7,0.0,3.3,0.0,6.7,6.7,0.0
0,3,6,12,0.0,10.1,.000,0.0,10.1,.000,0.0,0.0,,0.0,0.0,,10.1,0.0,5.0,0.0,10.1,10.1,0.0,,26.3,104.5
0,4,6,12,-8.2,.000,.000,.000,.000,1,19.8,0.0,9.6,0.0,5.0,0.0,50.0,17.1,,-0.1,0.0,-0.1,-.189,,-12.5,-0.1,-12.6
1,0,10,155,13,36,.361,6,15,.400,7,21,.333,9,14,.643,11,20,31,5,5,2,9,15,42
1,1,10,15.5,1.3,3.6,.361,0.6,1.5,.400,0.7,2.1,.333,0.9,1.4,.643,3.1,0.5,0.5,0.2,0.9,1.5,4.2
1,2,10,155,3.4,9.3,.361,1.5,3.9,.400,1.8,5.4,.333,2.3,3.6,.643,8.0,1.3,1.3,0.5,2.3,3.9,10.8
1,3,10,155,5.1,14.1,.361,2.3,5.9,.400,2.7,8.2,.333,3.5,5.5,.643,12.1,2.0,2.0,0.8,3.5,5.9,16.4,,100.1,104.5
1,4,10,155,12.0,.492,.458,.583,.389,42,8.4,14.4,11.5,6.5,2.0,1.4,17.4,17.0,,0.1,0.1,0.3,.074,,-0.3,-0.8,-1.1
2,0,26,184,10,22,.455,10,22,.455,0,0,,6,13,.462,18,26,44,0,2,4,11,25,26
2,1,26,7.1,0.4,0.8,.455,0.4,0.8,.455,0.0,0.0,,0.2,0.5,.462,1.7,0.0,0.1,0.2,0.4,1.0,1.0
2,2,26,184,2.2,4.8,.455,2.2,4.8,.455,0.0,0.0,,1.3,2.8,.462,9.6,0.0,0.4,0.9,2.4,5.4,5.7
2,3,26,184,3.3,7.2,.455,3.3,7.2,.455,0.0,0.0,,2.0,4.3,.462,14.5,0.0,0.7,1.3,3.6,8.2,8.6,,85.2,106.1
2,4,26,184,6.4,.461,.455,.000,.591,30,11.6,15.8,13.8,0.0,0.7,2.3,28.1,10.9,,0.0,0.1,0.1,.023,,-5.6,-2.9,-8.5
3,0,10,20,4,10,.400,4,10,.400,0,0,,4,6,.667,3,5,8,0,0,0,3,4,12
3,1,10,2.0,0.4,1.0,.400,0.4,1.0,.400,0.0,0.0,,0.4,0.6,.667,0.8,0.0,0.0,0.0,0.3,0.4,1.2
3,2,10,20,8.0,20.0,.400,8.0,20.0,.400,0.0,0.0,,8.0,12.0,.667,16.0,0.0,0.0,0.0,6.0,8.0,24.0
3,3,10,20,12.1,30.3,.400,12.1,30.3,.400,0.0,0.0,,12.1,18.2,.667,24.2,0.0,0.0,0.0,9.1,12.1,36.4,,88.8,103.0
3,4,10,20,15.6,.467,.400,.000,.600,11,17.8,28.0,23.0,0.0,0.0,0.0,18.9,40.5,,0.0,0.0,0.0,.043,,-11.4,-12.8,-24.3
4,0,31,1056,107,273,.392,90,221,.407,17,52,.327,114,146,.781,22,100,122,146,35,6,99,70,345
4,1,31,34.1,3.5,8.8,.392,2.9,7.1,.407,0.5,1.7,.327,3.7,4.7,.781,3.9,4.7,1.1,0.2,3.2,2.3,11.1
4,2,31,1056,4.1,10.3,.392,3.4,8.4,.407,0.6,2.0,.327,4.3,5.5,.781,4.6,5.5,1.3,0.2,3.8,2.7,13.1
4,3,31,1056,6.1,15.7,.392,5.2,12.7,.407,1.0,3.0,.327,6.5,8.4,.781,7.0,8.4,2.0,0.3,5.7,4.0,19.8,,100.4,106.7
4,4,31,1056,14.2,.504,.423,.190,.535,383,2.5,10.6,6.7,28.7,2.0,0.6,22.4,21.4,,1.3,0.8,2.1,.079,,-0.2,-0.7,-0.9
5,0,22,239,25,65,.385,5,20,.250,20,45,.444,5,8,.625,3,24,27,17,3,0,11,17,75
5,1,22,10.9,1.1,3.0,.385,0.2,0.9,.250,0.9,2.0,.444,0.2,0.4,.625,1.2,0.8,0.1,0.0,0.5,0.8,3.4
5,2,22,239,4.2,10.9,.385,0.8,3.3,.250,3.3,7.5,.444,0.8,1.3,.625,4.5,2.8,0.5,0.0,1.8,2.8,12.6
5,3,22,239,6.3,16.5,.385,1.3,5.1,.250,5.1,11.4,.444,1.3,2.0,.625,6.8,4.3,0.8,0.0,2.8,4.3,19.0,,110.8,109.5
5,4,22,239,12.1,.545,.538,.692,.123,69,1.5,11.2,6.5,14.9,0.8,0.0,13.8,17.1,,0.4,0.1,0.5,.086,,1.1,-3.3,-2.3
6,0,33,892,93,231,.403,52,103,.505,41,128,.320,82,100,.820,36,99,135,40,16,13,67,89,309
6,1,33,27.0,2.8,7.0,.403,1.6,3.1,.505,1.2,3.9,.320,2.5,3.0,.820,4.1,1.2,0.5,0.4,2.0,2.7,9.4
6,2,33,892,4.2,10.4,.403,2.3,4.6,.505,1.8,5.7,.320,3.7,4.5,.820,6.1,1.8,0.7,0.6,3.0,4.0,13.9
6,3,33,892,6.3,15.7,.403,3.5,7.0,.505,2.8,8.7,.320,5.6,6.8,.820,9.2,2.7,1.1,0.9,4.6,6.0,21.0,,104.4,107.3
6,4,33,892,13.1,.555,.491,.554,.433,290,4.8,12.4,8.7,9.4,1.1,1.6,19.4,19.8,,1.3,0.6,1.9,.085,,0.9,-1.2,-0.2
7,0,27,170,12,16,.750,12,16,.750,0,0,,4,10,.400,16,34,50,5,2,2,8,19,28
7,1,27,6.3,0.4,0.6,.750,0.4,0.6,.750,0.0,0.0,,0.1,0.4,.400,1.9,0.2,0.1,0.1,0.3,0.7,1.0
7,2,27,170,2.8,3.8,.750,2.8,3.8,.750,0.0,0.0,,0.9,2.4,.400,11.8,1.2,0.5,0.5,1.9,4.5,6.6
7,3,27,170,4.3,5.7,.750,4.3,5.7,.750,0.0,0.0,,1.4,3.6,.400,17.8,1.8,0.7,0.7,2.9,6.8,10.0,,112.9,103.7
7,4,27,170,12.5,.675,.750,.000,.625,31,11.2,22.4,16.9,5.7,0.7,1.3,27.8,8.7,,0.2,0.2,0.4,.087,,-1.0,-0.3,-1.3
8,0,21,340,31,63,.492,5,11,.455,26,52,.500,9,11,.818,6,33,39,6,8,4,18,37,97
8,1,21,16.2,1.5,3.0,.492,0.2,0.5,.455,1.2,2.5,.500,0.4,0.5,.818,1.9,0.3,0.4,0.2,0.9,1.8,4.6
8,2,21,340,3.6,7.4,.492,0.6,1.3,.455,3.1,6.1,.500,1.1,1.3,.818,4.6,0.7,0.9,0.5,2.1,4.4,11.4
8,3,21,340,5.5,11.2,.492,0.9,2.0,.455,4.6,9.3,.500,1.6,2.0,.818,7.0,1.1,1.4,0.7,3.2,6.6,17.3,,115.8,107.3
8,4,21,340,11.9,.711,.698,.825,.175,77,2.1,10.9,6.6,3.6,1.4,1.3,20.9,13.0,,0.5,0.2,0.8,.089,,1.7,-1.4,0.3
9,0,34,669,52,156,.333,20,51,.392,32,105,.305,54,76,.711,8,35,43,35,15,1,32,63,190
9,1,34,19.7,1.5,4.6,.333,0.6,1.5,.392,0.9,3.1,.305,1.6,2.2,.711,1.3,1.0,0.4,0.0,0.9,1.9,5.6
9,2,34,669,3.1,9.3,.333,1.2,3.0,.392,1.9,6.3,.305,3.2,4.5,.711,2.6,2.1,0.9,0.1,1.9,3.8,11.4
9,3,34,669,4.7,14.1,.333,1.8,4.6,.392,2.9,9.5,.305,4.9,6.9,.711,3.9,3.2,1.4,0.1,2.9,5.7,17.2,,102.8,110.4
9,4,34,669,8.9,.495,.436,.673,.487,180,1.4,5.9,3.7,10.4,1.4,0.2,14.3,17.1,,0.7,0.3,1.0,.059,,0.0,-2.8,-2.8
10,0,33,887,152,262,.580,149,252,.591,3,10,.300,69,112,.616,87,139,226,63,18,29,58,75,376
10,1,33,26.9,4.6,7.9,.580,4.5,7.6,.591,0.1,0.3,.300,2.1,3.4,.616,6.8,1.9,0.5,0.9,1.8,2.3,11.4
10,2,33,887,6.9,11.8,.580,6.7,11.4,.591,0.1,0.5,.300,3.1,5.1,.616,10.2,2.8,0.8,1.3,2.6,3.4,17.0
10,3,33,887,10.4,17.9,.580,10.2,17.2,.591,0.2,0.7,.300,4.7,7.7,.616,15.4,4.3,1.2,2.0,4.0,5.1,25.7,,117.4,103.7
10,4,33,887,23.7,.596,.586,.038,.427,369,11.6,17.5,14.7,17.3,1.2,3.5,15.5,21.5,,2.7,0.9,3.6,.161,,3.7,1.4,5.2
11,0,3,3,0,0,,0,0,,0,0,,0,0,,2,0,2,0,0,0,1,0,0
11,1,3,1.0,0.0,0.0,,0.0,0.0,,0.0,0.0,,0.0,0.0,,0.7,0.0,0.0,0.0,0.3,0.0,0.0
11,2,3,3,0.0,0.0,,0.0,0.0,,0.0,0.0,,0.0,0.0,,26.7,0.0,0.0,0.0,13.3,0.0,0.0
11,3,3,3,0.0,0.0,,0.0,0.0,,0.0,0.0,,0.0,0.0,,40.4,0.0,0.0,0.0,20.2,0.0,0.0,,66.8,116.6
11,4,3,3,8.3,,,,,1,79.1,0.0,38.4,0.0,0.0,0.0,100.0,17.1,,0.0,0.0,0.0,-.135,,-3.7,-7.5,-11.3
12,0,32,1024,121,342,.354,62,151,.411,59,191,.309,77,101,.762,47,103,150,101,38,2,76,75,378
12,1,32,32.0,3.8,10.7,.354,1.9,4.7,.411,1.8,6.0,.309,2.4,3.2,.762,4.7,3.2,1.2,0.1,2.4,2.3,11.8
12,2,32,1024,4.7,13.4,.354,2.4,5.9,.411,2.3,7.5,.309,3.0,3.9,.762,5.9,3.9,1.5,0.1,3.0,2.9,14.8
12,3,32,1024,7.2,20.2,.354,3.7,8.9,.411,3.5,11.3,.309,4.6,6.0,.762,8.9,6.0,2.2,0.1,4.5,4.4,22.4,,102.4,106.1
12,4,32,1024,15.0,.485,.440,.558,.295,389,5.4,11.3,8.4,21.2,2.2,0.2,16.3,23.3,,1.5,0.8,2.3,.092,,2.3,-1.0,1.3
13,0,28,772,130,269,.483,130,267,.487,0,2,.000,59,96,.615,68,107,175,24,8,17,75,86,319
13,1,28,27.6,4.6,9.6,.483,4.6,9.5,.487,0.0,0.1,.000,2.1,3.4,.615,6.3,0.9,0.3,0.6,2.7,3.1,11.4
13,2,28,772,6.7,13.9,.483,6.7,13.8,.487,0.0,0.1,.000,3.1,5.0,.615,9.1,1.2,0.4,0.9,3.9,4.5,16.5
13,3,28,772,10.2,21.1,.483,10.2,21.0,.487,0.0,0.2,.000,4.6,7.5,.615,13.7,1.9,0.6,1.3,5.9,6.8,25.0,,94.7,106.4
13,4,28,772,14.6,.507,.483,.007,.357,299,10.4,15.5,13.1,7.5,0.6,2.4,19.3,25.8,,0.5,0.6,1.1,.059,,-3.0,-1.4,-4.4
14,0,32,452,51,94,.543,51,94,.543,0,0,,33,48,.688,48,81,129,7,8,24,20,65,135
14,1,32,14.1,1.6,2.9,.543,1.6,2.9,.543,0.0,0.0,,1.0,1.5,.688,4.0,0.2,0.3,0.8,0.6,2.0,4.2
14,2,32,452,4.5,8.3,.543,4.5,8.3,.543,0.0,0.0,,2.9,4.2,.688,11.4,0.6,0.7,2.1,1.8,5.8,11.9
14,3,32,452,6.8,12.6,.543,6.8,12.6,.543,0.0,0.0,,4.4,6.4,.688,17.3,0.9,1.1,3.2,2.7,8.7,18.1,,116.6,101.4
14,4,32,452,18.1,.578,.543,.000,.511,133,12.6,20.0,16.4,3.3,1.1,5.7,14.6,15.5,,0.9,0.6,1.5,.133,,-0.7,0.9,0.2
