0,0,9,104,13,35,.371,7,11,.636,6,24,.250,5,6,.833,2,5,7,6,7,0,4,14,37
0,1,9,11.6,1.4,3.9,.371,0.8,1.2,.636,0.7,2.7,.250,0.6,0.7,.833,0.8,0.7,0.8,0.0,0.4,1.6,4.1
0,2,9,104,5.0,13.5,.371,2.7,4.2,.636,2.3,9.2,.250,1.9,2.3,.833,2.7,2.3,2.7,0.0,1.5,5.4,14.2
0,3,9,104,7.4,19.9,.371,4.0,6.3,.636,3.4,13.6,.250,2.8,3.4,.833,4.0,3.4,4.0,0.0,2.3,8.0,21.0,,107.8,100.1
0,4,9,104,13.7,.489,.457,.686,.171,34,2.2,5.5,3.8,11.3,4.0,0.0,9.6,19.9,,0.2,0.1,0.3,.122,,1.7,-1.2,0.5
1,0,31,373,33,58,.569,33,56,.589,0,2,.000,5,14,.357,32,43,75,6,9,7,17,53,71
1,1,31,12.0,1.1,1.9,.569,1.1,1.8,.589,0.0,0.1,.000,0.2,0.5,.357,2.4,0.2,0.3,0.2,0.5,1.7,2.3
1,2,31,373,3.5,6.2,.569,3.5,6.0,.589,0.0,0.2,.000,0.5,1.5,.357,8.0,0.6,1.0,0.8,1.8,5.7,7.6
1,3,31,373,5.2,9.2,.569,5.2,8.9,.589,0.0,0.3,.000,0.8,2.2,.357,11.9,1.0,1.4,1.1,2.7,8.4,11.3,,103.4,101.4
1,4,31,373,10.2,.549,.569,.034,.241,74,9.7,13.1,11.4,2.9,1.4,1.9,20.8,10.8,,0.3,0.5,0.8,.083,,-1.9,0.6,-1.3
2,0,24,142,24,51,.471,23,49,.469,1,2,.500,9,14,.643,11,16,27,1,1,2,8,24,58
2,1,24,5.9,1.0,2.1,.471,1.0,2.0,.469,0.0,0.1,.500,0.4,0.6,.643,1.1,0.0,0.0,0.1,0.3,1.0,2.4
2,2,24,142,6.8,14.4,.471,6.5,13.8,.469,0.3,0.6,.500,2.5,3.9,.643,7.6,0.3,0.3,0.6,2.3,6.8,16.3
2,3,24,142,10.0,21.2,.471,9.6,20.4,.469,0.4,0.8,.500,3.7,5.8,.643,11.2,0.4,0.4,0.8,3.3,10.0,24.1,,102.0,103.8
2,4,24,142,13.2,.503,.480,.039,.275,52,8.8,12.8,10.8,1.5,0.4,1.4,12.2,22.9,,0.2,0.2,0.3,.095,,-4.0,-4.3,-8.3
3,0,34,1073,94,212,.443,74,169,.438,20,43,.465,86,106,.811,16,96,112,168,55,8,74,67,294
3,1,34,31.6,2.8,6.2,.443,2.2,5.0,.438,0.6,1.3,.465,2.5,3.1,.811,3.3,4.9,1.6,0.2,2.2,2.0,8.6
3,2,34,1073,3.5,7.9,.443,2.8,6.3,.438,0.7,1.6,.465,3.2,4.0,.811,4.2,6.3,2.1,0.3,2.8,2.5,11.0
3,3,34,1073,5.2,11.7,.443,4.1,9.3,.438,1.1,2.4,.465,4.7,5.8,.811,6.2,9.3,3.0,0.4,4.1,3.7,16.2,,113.0,100.3
3,4,34,1073,16.7,.560,.491,.203,.500,343,1.7,10.2,5.9,28.5,3.0,0.7,22.0,15.5,,2.1,1.5,3.6,.133,,1.2,0.8,2.0
4,0,34,782,111,287,.387,80,186,.430,31,101,.307,63,80,.788,39,96,135,52,17,24,50,65,316
4,1,34,23.0,3.3,8.4,.387,2.4,5.5,.430,0.9,3.0,.307,1.9,2.4,.788,4.0,1.5,0.5,0.7,1.5,1.9,9.3
4,2,34,782,5.7,14.7,.387,4.1,9.5,.430,1.6,5.2,.307,3.2,4.1,.788,6.9,2.7,0.9,1.2,2.6,3.3,16.2
4,3,34,782,8.4,21.7,.387,6.0,14.1,.430,2.3,7.6,.307,4.8,6.0,.788,10.2,3.9,1.3,1.8,3.8,4.9,23.9,,103.8,101.1
4,4,34,782,16.2,.486,.441,.352,.279,307,5.7,13.9,9.8,13.4,1.3,3.1,13.3,23.8,,1.2,1.0,2.3,.116,,-0.1,0.2,0.0
5,0,34,805,89,227,.392,61,129,.473,28,98,.286,47,70,.671,49,120,169,30,12,27,53,92,253
5,1,34,23.7,2.6,6.7,.392,1.8,3.8,.473,0.8,2.9,.286,1.4,2.1,.671,5.0,0.9,0.4,0.8,1.6,2.7,7.4
5,2,34,805,4.4,11.3,.392,3.0,6.4,.473,1.4,4.9,.286,2.3,3.5,.671,8.4,1.5,0.6,1.3,2.6,4.6,12.6
5,3,34,805,6.5,16.7,.392,4.5,9.5,.473,2.1,7.2,.286,3.5,5.1,.671,12.4,2.2,0.9,2.0,3.9,6.8,18.6,,98.1,100.3
5,4,34,805,12.3,.486,.454,.432,.308,246,6.9,16.9,11.9,7.1,0.9,3.4,16.9,19.3,,0.6,1.1,1.8,.087,,-1.5,0.5,-1.0
6,0,14,41,5,6,.833,5,6,.833,0,0,,3,6,.500,4,11,15,0,1,1,5,9,13
6,1,14,2.9,0.4,0.4,.833,0.4,0.4,.833,0.0,0.0,,0.2,0.4,.500,1.1,0.0,0.1,0.1,0.4,0.6,0.9
6,2,14,41,4.9,5.9,.833,4.9,5.9,.833,0.0,0.0,,2.9,5.9,.500,14.6,0.0,1.0,1.0,4.9,8.8,12.7
6,3,14,41,7.2,8.6,.833,7.2,8.6,.833,0.0,0.0,,4.3,8.6,.500,21.6,0.0,1.4,1.4,7.2,13.0,18.7,,94.3,93.1
6,4,14,41,14.7,.734,.833,.000,1.000,11,11.1,30.4,20.8,0.0,1.4,2.5,36.1,16.7,,0.0,0.1,0.1,.100,,-5.6,-3.4,-9.0
7,0,24,129,7,29,.241,1,6,.167,6,23,.261,7,8,.875,7,14,21,5,5,2,8,17,27
7,1,24,5.4,0.3,1.2,.241,0.0,0.3,.167,0.3,1.0,.261,0.3,0.3,.875,0.9,0.2,0.2,0.1,0.3,0.7,1.1
7,2,24,129,2.2,9.0,.241,0.3,1.9,.167,1.9,7.1,.261,2.2,2.5,.875,6.5,1.6,1.6,0.6,2.5,5.3,8.4
7,3,24,129,3.2,13.3,.241,0.5,2.7,.167,2.7,10.5,.261,3.2,3.7,.875,9.6,2.3,2.3,0.9,3.7,7.8,12.4,,88.4,100.1
7,4,24,129,7.1,.412,.345,.793,.276,29,6.2,12.3,9.2,6.7,2.3,1.6,19.6,15.7,,0.0,0.2,0.2,.054,,-2.3,0.0,-2.3
8,0,34,808,131,250,.524,131,247,.530,0,3,.000,38,71,.535,90,129,219,27,16,27,45,76,300
8,1,34,23.8,3.9,7.4,.524,3.9,7.3,.530,0.0,0.1,.000,1.1,2.1,.535,6.4,0.8,0.5,0.8,1.3,2.2,8.8
8,2,34,808,6.5,12.4,.524,6.5,12.2,.530,0.0,0.1,.000,1.9,3.5,.535,10.8,1.3,0.8,1.3,2.2,3.8,14.9
8,3,34,808,9.6,18.3,.524,9.6,18.1,.530,0.0,0.2,.000,2.8,5.2,.535,16.0,2.0,1.2,2.0,3.3,5.6,21.9,,108.9,99.3
8,4,34,808,19.2,.529,.524,.012,.284,295,12.7,18.1,15.4,7.0,1.2,3.4,13.7,20.2,,1.5,1.2,2.7,.135,,-0.2,0.9,0.7
9,0,7,13,2,5,.400,2,5,.400,0,0,,3,5,.600,0,0,0,0,1,0,0,2,7
9,1,7,1.9,0.3,0.7,.400,0.3,0.7,.400,0.0,0.0,,0.4,0.7,.600,0.0,0.0,0.1,0.0,0.0,0.3,1.0
9,2,7,13,6.2,15.4,.400,6.2,15.4,.400,0.0,0.0,,9.2,15.4,.600,0.0,0.0,3.1,0.0,0.0,6.2,21.5
9,3,7,13,9.1,22.7,.400,9.1,22.7,.400,0.0,0.0,,13.6,22.7,.600,0.0,0.0,4.5,0.0,0.0,9.1,31.8,,112.4,101.1
9,4,7,13,17.9,.475,.400,.000,1.000,6,0.0,0.0,0.0,0.0,4.5,0.0,0.0,28.1,,0.0,0.0,0.1,.160,,-2.8,-4.0,-6.8
10,0,5,10,0,1,.000,0,1,.000,0,0,,0,2,.000,0,0,0,2,2,0,4,3,0
10,1,5,2.0,0.0,0.2,.000,0.0,0.2,.000,0.0,0.0,,0.0,0.4,.000,0.0,0.4,0.4,0.0,0.8,0.6,0.0
10,2,5,10,0.0,4.0,.000,0.0,4.0,.000,0.0,0.0,,0.0,8.0,.000,0.0,8.0,8.0,0.0,16.0,12.0,0.0
10,3,5,10,0.0,5.9,.000,0.0,5.9,.000,0.0,0.0,,0.0,11.8,.000,0.0,11.8,11.8,0.0,23.6,17.7,0.0,,17.0,84.2
10,4,5,10,-18.1,.000,.000,.000,2.000,1,0.0,0.0,0.0,31.4,11.8,0.0,67.2,29.5,,-0.1,0.0,-0.1,-.370,,-25.1,1.9,-23.2
11,0,34,1087,143,352,.406,78,188,.415,65,164,.396,118,153,.771,42,103,145,84,37,3,73,85,469
11,1,34,32.0,4.2,10.4,.406,2.3,5.5,.415,1.9,4.8,.396,3.5,4.5,.771,4.3,2.5,1.1,0.1,2.1,2.5,13.8
11,2,34,1087,5.3,13.0,.406,2.9,6.9,.415,2.4,6.0,.396,4.3,5.6,.771,5.3,3.1,1.4,0.1,2.7,3.1,17.3
11,3,34,1087,7.8,19.1,.406,4.2,10.2,.415,3.5,8.9,.396,6.4,8.3,.771,7.9,4.6,2.0,0.2,4.0,4.6,25.5,,113.2,102.4
11,4,34,1087,18.0,.552,.499,.466,.435,451,4.4,10.7,7.6,15.3,2.0,0.3,14.7,22.7,,2.7,1.3,4.0,.148,,3.4,-0.7,2.7
12,0,33,925,177,352,.503,176,339,.519,1,13,.077,76,130,.585,86,124,210,24,22,16,92,108,431
12,1,33,28.0,5.4,10.7,.503,5.3,10.3,.519,0.0,0.4,.077,2.3,3.9,.585,6.4,0.7,0.7,0.5,2.8,3.3,13.1
12,2,33,925,7.7,15.2,.503,7.6,14.7,.519,0.0,0.6,.077,3.3,5.6,.585,9.1,1.0,1.0,0.7,4.0,4.7,18.6
12,3,33,925,11.3,22.5,.503,11.2,21.7,.519,0.1,0.8,.077,4.9,8.3,.585,13.4,1.5,1.4,1.0,5.9,6.9,27.5,,97.8,100.8
12,4,33,925,17.0,.521,.504,.037,.369,399,10.6,15.2,12.9,5.8,1.4,1.7,18.2,27.1,,1.0,1.3,2.2,.097,,-2.2,-1.1,-3.3
13,0,33,583,46,109,.422,9,23,.391,37,86,.430,35,43,.814,16,27,43,37,14,1,22,43,164
13,1,33,17.7,1.4,3.3,.422,0.3,0.7,.391,1.1,2.6,.430,1.1,1.3,.814,1.3,1.1,0.4,0.0,0.7,1.3,5.0
13,2,33,583,3.2,7.5,.422,0.6,1.6,.391,2.5,5.9,.430,2.4,3.0,.814,3.0,2.5,1.0,0.1,1.5,3.0,11.3
13,3,33,583,4.7,11.0,.422,0.9,2.3,.391,3.8,8.7,.430,3.5,4.4,.814,4.4,3.8,1.4,0.1,2.2,4.4,16.6,,128.1,106.1
13,4,33,583,13.3,.634,.592,.789,.394,158,3.1,5.3,4.2,11.4,1.4,0.2,14.5,12.9,,1.4,0.5,1.9,.128,,3.1,-1.7,1.4
