0,0,31,481,51,148,.345,39,86,.453,12,62,.194,17,28,.607,19,59,78,17,19,16,54,49,131
0,1,31,15.5,1.6,4.8,.345,1.3,2.8,.453,0.4,2.0,.194,0.5,0.9,.607,2.5,0.5,0.6,0.5,1.7,1.6,4.2
0,2,31,481,4.2,12.3,.345,3.2,7.2,.453,1.0,5.2,.194,1.4,2.3,.607,6.5,1.4,1.6,1.3,4.5,4.1,10.9
0,3,31,481,6.2,18.1,.345,4.8,10.5,.453,1.5,7.6,.194,2.1,3.4,.607,9.5,2.1,2.3,2.0,6.6,6.0,16.0,,72.1,96.8
0,4,31,481,6.1,.406,.385,.419,.189,126,4.6,14.0,9.4,7.2,2.3,3.8,25.1,22.4,,-0.8,0.8,0.0,-.003,,-7.3,1.1,-6.2
1,0,18,83,3,15,.200,0,2,.000,3,13,.231,3,6,.500,2,9,11,3,1,0,3,5,12
1,1,18,4.6,0.2,0.8,.200,0.0,0.1,.000,0.2,0.7,.231,0.2,0.3,.500,0.6,0.2,0.1,0.0,0.2,0.3,0.7
1,2,18,83,1.4,7.2,.200,0.0,1.0,.000,1.4,6.3,.231,1.4,2.9,.500,5.3,1.4,0.5,0.0,1.4,2.4,5.8
1,3,18,83,2.1,10.6,.200,0.0,1.4,.000,2.1,9.2,.231,2.1,4.3,.500,7.8,2.1,0.7,0.0,2.1,3.5,8.5,,77.8,103.1
1,4,18,83,3.0,.336,.300,.867,.400,13,2.8,12.4,7.7,6.5,0.7,0.0,14.4,12.6,,-0.1,0.1,0.0,.017,,-4.9,-2.3,-7.2
2,0,25,598,70,197,.355,40,105,.381,30,92,.326,46,60,.767,5,42,47,54,31,4,27,25,216
2,1,25,23.9,2.8,7.9,.355,1.6,4.2,.381,1.2,3.7,.326,1.8,2.4,.767,1.9,2.2,1.2,0.2,1.1,1.0,8.6
2,2,25,598,4.7,13.2,.355,2.7,7.0,.381,2.0,6.2,.326,3.1,4.0,.767,3.1,3.6,2.1,0.3,1.8,1.7,14.4
2,3,25,598,6.9,19.4,.355,3.9,10.3,.381,3.0,9.0,.326,4.5,5.9,.767,4.6,5.3,3.0,0.4,2.7,2.5,21.2,,105.4,99.6
2,4,25,598,15.5,.479,.431,.467,.305,210,1.0,8.0,4.5,18.9,3.0,0.8,10.7,21.2,,1.0,0.8,1.8,.120,,0.1,-1.0,-0.8
3,0,22,367,48,104,.462,34,67,.507,14,37,.378,31,45,.689,18,46,64,9,11,2,32,32,141
3,1,22,16.7,2.2,4.7,.462,1.5,3.0,.507,0.6,1.7,.378,1.4,2.0,.689,2.9,0.4,0.5,0.1,1.5,1.5,6.4
3,2,22,367,5.2,11.3,.462,3.7,7.3,.507,1.5,4.0,.378,3.4,4.9,.689,7.0,1.0,1.2,0.2,3.5,3.5,15.4
3,3,22,367,7.7,16.7,.462,5.4,10.7,.507,2.2,5.9,.378,5.0,7.2,.689,10.3,1.4,1.8,0.3,5.1,5.1,22.6,,99.6,99.5
3,4,22,367,14.1,.562,.529,.356,.433,126,5.8,14.3,10.1,5.3,1.8,0.6,20.3,21.5,,0.4,0.5,0.9,.100,,-2.1,-1.7,-3.8
4,0,29,424,34,66,.515,34,66,.515,0,0,,18,30,.600,38,58,96,1,1,44,22,68,86
4,1,29,14.6,1.2,2.3,.515,1.2,2.3,.515,0.0,0.0,,0.6,1.0,.600,3.3,0.0,0.0,1.5,0.8,2.3,3.0
4,2,29,424,3.2,6.2,.515,3.2,6.2,.515,0.0,0.0,,1.7,2.8,.600,9.1,0.1,0.1,4.2,2.1,6.4,8.1
4,3,29,424,4.7,9.2,.515,4.7,9.2,.515,0.0,0.0,,2.5,4.2,.600,13.3,0.1,0.1,6.1,3.1,9.4,11.9,,99.7,96.8
4,4,29,424,12.0,.536,.515,.000,.455,88,10.5,15.6,13.1,0.5,0.1,11.8,21.5,12.1,,0.3,0.7,1.0,.093,,-5.2,3.6,-1.6
5,0,30,502,79,155,.510,78,151,.517,1,4,.250,48,72,.667,65,95,160,12,29,38,31,77,207
5,1,30,16.7,2.6,5.2,.510,2.6,5.0,.517,0.0,0.1,.250,1.6,2.4,.667,5.3,0.4,1.0,1.3,1.0,2.6,6.9
5,2,30,502,6.3,12.4,.510,6.2,12.0,.517,0.1,0.3,.250,3.8,5.7,.667,12.7,1.0,2.3,3.0,2.5,6.1,16.5
5,3,30,502,9.3,18.2,.510,9.1,17.7,.517,0.1,0.5,.250,5.6,8.4,.667,18.7,1.4,3.4,4.5,3.6,9.0,24.2,,111.0,88.5
5,4,30,502,24.9,.547,.513,.026,.465,204,15.2,21.6,18.4,5.5,3.4,8.6,14.1,22.0,,1.2,1.2,2.4,.194,,-0.6,4.6,4.0
6,0,14,67,5,17,.294,4,10,.400,1,7,.143,1,4,.250,5,9,14,3,4,3,5,9,12
6,1,14,4.8,0.4,1.2,.294,0.3,0.7,.400,0.1,0.5,.143,0.1,0.3,.250,1.0,0.2,0.3,0.2,0.4,0.6,0.9
6,2,14,67,3.0,10.1,.294,2.4,6.0,.400,0.6,4.2,.143,0.6,2.4,.250,8.4,1.8,2.4,1.8,3.0,5.4,7.2
6,3,14,67,4.4,14.9,.294,3.5,8.8,.400,0.9,6.1,.143,0.9,3.5,.250,12.3,2.6,3.5,2.6,4.4,7.9,10.5,,69.8,92.8
6,4,14,67,7.1,.317,.324,.412,.235,14,8.8,15.3,12.1,8.6,3.5,5.1,20.9,17.9,,-0.1,0.1,0.0,.017,,-6.3,3.3,-3.0
7,0,31,1052,125,293,.427,117,267,.438,8,26,.308,109,157,.694,40,93,133,166,63,4,120,84,367
7,1,31,33.9,4.0,9.5,.427,3.8,8.6,.438,0.3,0.8,.308,3.5,5.1,.694,4.3,5.4,2.0,0.1,3.9,2.7,11.8
7,2,31,1052,4.8,11.1,.427,4.4,10.2,.438,0.3,1.0,.308,4.1,6.0,.694,5.1,6.3,2.4,0.2,4.6,3.2,14.0
7,3,31,1052,7.0,16.4,.427,6.5,14.9,.438,0.4,1.5,.308,6.1,8.8,.694,7.4,9.3,3.5,0.2,6.7,4.7,20.5,,96.2,97.6
7,4,31,1052,16.2,.499,.440,.089,.536,419,4.5,10.1,7.3,33.1,3.5,0.4,24.6,23.2,,1.0,1.7,2.6,.100,,-0.8,1.0,0.1
8,0,31,648,67,138,.486,67,137,.489,0,1,.000,38,62,.613,50,84,134,15,24,23,25,85,172
8,1,31,20.9,2.2,4.5,.486,2.2,4.4,.489,0.0,0.0,.000,1.2,2.0,.613,4.3,0.5,0.8,0.7,0.8,2.7,5.5
8,2,31,648,4.1,8.5,.486,4.1,8.5,.489,0.0,0.1,.000,2.3,3.8,.613,8.3,0.9,1.5,1.4,1.5,5.2,10.6
8,3,31,648,6.1,12.5,.486,6.1,12.4,.489,0.0,0.1,.000,3.4,5.6,.613,12.2,1.4,2.2,2.1,2.3,7.7,15.6,,107.4,96.5
8,4,31,648,14.4,.514,.486,.007,.449,172,9.1,14.8,12.0,4.7,2.2,4.0,13.0,14.9,,0.9,1.1,2.0,.121,,-2.2,2.2,0.0
9,0,20,584,85,211,.403,44,107,.411,41,104,.394,49,62,.790,10,42,52,33,15,3,40,52,260
9,1,20,29.2,4.3,10.6,.403,2.2,5.4,.411,2.1,5.2,.394,2.5,3.1,.790,2.6,1.7,0.8,0.2,2.0,2.6,13.0
9,2,20,584,5.8,14.5,.403,3.0,7.3,.411,2.8,7.1,.394,3.4,4.2,.790,3.6,2.3,1.0,0.2,2.7,3.6,17.8
9,3,20,584,8.6,21.2,.403,4.4,10.8,.411,4.1,10.5,.394,4.9,6.2,.790,5.2,3.3,1.5,0.3,4.0,5.2,26.2,,106.2,102.8
9,4,20,584,15.1,.541,.500,.493,.294,232,2.0,8.2,5.2,12.6,1.5,0.6,14.3,24.1,,1.1,0.6,1.7,.120,,0.8,-2.4,-1.6
10,0,30,724,33,95,.347,24,66,.364,9,29,.310,35,47,.745,15,71,86,40,26,16,42,68,110
10,1,30,24.1,1.1,3.2,.347,0.8,2.2,.364,0.3,1.0,.310,1.2,1.6,.745,2.9,1.3,0.9,0.5,1.4,2.3,3.7
10,2,30,724,1.8,5.2,.347,1.3,3.6,.364,0.5,1.6,.310,1.9,2.6,.745,4.8,2.2,1.4,0.9,2.3,3.8,6.1
10,3,30,724,2.7,7.7,.347,1.9,5.4,.364,0.7,2.4,.310,2.8,3.8,.745,7.0,3.2,2.1,1.3,3.4,5.5,8.9,,87.4,99.2
10,4,30,724,7.2,.469,.395,.305,.495,120,2.4,11.2,6.9,10.1,2.1,2.5,26.4,11.0,,0.0,1.0,1.0,.055,,-3.8,2.4,-1.4
11,0,27,820,156,292,.534,143,251,.570,13,41,.317,97,125,.776,52,121,173,28,29,10,67,81,422
11,1,27,30.4,5.8,10.8,.534,5.3,9.3,.570,0.5,1.5,.317,3.6,4.6,.776,6.4,1.0,1.1,0.4,2.5,3.0,15.6
11,2,27,820,7.6,14.2,.534,7.0,12.2,.570,0.6,2.0,.317,4.7,6.1,.776,8.4,1.4,1.4,0.5,3.3,4.0,20.6
11,3,27,820,11.2,20.9,.534,10.3,18.0,.570,0.9,2.9,.317,7.0,9.0,.776,12.4,2.0,2.1,0.7,4.8,5.8,30.3,,112.1,97.2
11,4,27,820,22.6,.600,.557,.140,.428,376,7.5,16.8,12.2,8.4,2.1,1.4,16.0,25.6,,2.3,1.3,3.6,.176,,1.5,-0.4,1.1
