0,0,31,685,69,190,.363,57,132,.432,12,58,.207,21,32,.656,27,66,93,28,24,14,37,58,171
0,1,31,22.1,2.2,6.1,.363,1.8,4.3,.432,0.4,1.9,.207,0.7,1.0,.656,3.0,0.9,0.8,0.5,1.2,1.9,5.5
0,2,31,685,4.0,11.1,.363,3.3,7.7,.432,0.7,3.4,.207,1.2,1.9,.656,5.4,1.6,1.4,0.8,2.2,3.4,10.0
0,3,31,685,5.8,16.0,.363,4.8,11.1,.432,1.0,4.9,.207,1.8,2.7,.656,7.8,2.4,2.0,1.2,3.1,4.9,14.4,,87.3,100.9
0,4,31,685,8.2,.417,.395,.305,.168,170,4.2,10.1,7.2,7.9,2.0,2.1,15.3,17.2,,-0.3,1.1,0.9,.050,,-4.8,1.2,-3.7
1,0,20,116,7,26,.269,4,11,.364,3,15,.200,5,12,.417,5,13,18,5,3,1,7,12,22
1,1,20,5.8,0.4,1.3,.269,0.2,0.6,.364,0.2,0.8,.200,0.3,0.6,.417,0.9,0.3,0.2,0.1,0.4,0.6,1.1
1,2,20,116,2.4,9.0,.269,1.4,3.8,.364,1.0,5.2,.200,1.7,4.1,.417,6.2,1.7,1.0,0.3,2.4,4.1,7.6
1,3,20,116,3.5,12.9,.269,2.0,5.5,.364,1.5,7.4,.200,2.5,6.0,.417,8.9,2.5,1.5,0.5,3.5,6.0,10.9,,75.1,101.7
1,4,20,116,3.7,.347,.327,.577,.462,24,4.6,11.7,8.2,7.7,1.5,0.9,18.1,16.2,,-0.1,0.2,0.0,.012,,-6.4,-0.6,-7.0
2,0,28,626,98,234,.419,51,108,.472,47,126,.373,66,76,.868,7,50,57,45,18,3,41,57,309
2,1,28,22.4,3.5,8.4,.419,1.8,3.9,.472,1.7,4.5,.373,2.4,2.7,.868,2.0,1.6,0.6,0.1,1.5,2.0,11.0
2,2,28,626,6.3,15.0,.419,3.3,6.9,.472,3.0,8.1,.373,4.2,4.9,.868,3.6,2.9,1.2,0.2,2.6,3.6,19.7
2,3,28,626,9.0,21.5,.419,4.7,9.9,.472,4.3,11.6,.373,6.1,7.0,.868,5.2,4.1,1.7,0.3,3.8,5.2,28.4,,114.2,103.3
2,4,28,626,17.3,.572,.519,.538,.325,279,1.2,8.3,4.8,15.5,1.7,0.5,13.2,24.2,,1.5,0.9,2.4,.150,,2.0,-2.1,-0.1
3,0,31,654,51,107,.477,51,107,.477,0,0,,27,42,.643,62,101,163,4,6,89,23,96,129
3,1,31,21.1,1.6,3.5,.477,1.6,3.5,.477,0.0,0.0,,0.9,1.4,.643,5.3,0.1,0.2,2.9,0.7,3.1,4.2
3,2,31,654,3.1,6.5,.477,3.1,6.5,.477,0.0,0.0,,1.7,2.6,.643,10.0,0.2,0.4,5.4,1.4,5.9,7.9
3,3,31,654,4.5,9.4,.477,4.5,9.4,.477,0.0,0.0,,2.4,3.7,.643,14.3,0.4,0.5,7.8,2.0,8.5,11.4,,107.0,95.1
3,4,31,654,14.6,.508,.477,.000,.393,139,10.1,16.1,13.2,1.1,0.5,14.1,15.3,11.2,,0.5,1.4,1.9,.119,,-4.9,6.8,1.8
4,0,21,620,69,179,.385,25,65,.385,44,114,.386,35,39,.897,13,46,59,58,18,0,48,33,217
4,1,21,29.5,3.3,8.5,.385,1.2,3.1,.385,2.1,5.4,.386,1.7,1.9,.897,2.8,2.8,0.9,0.0,2.3,1.6,10.3
4,2,21,620,4.5,11.5,.385,1.6,4.2,.385,2.8,7.4,.386,2.3,2.5,.897,3.8,3.7,1.2,0.0,3.1,2.1,14.0
4,3,21,620,6.4,16.6,.385,2.3,6.0,.385,4.1,10.6,.386,3.2,3.6,.897,5.5,5.4,1.7,0.0,4.5,3.1,20.1,,105.0,104.0
4,4,21,620,12.7,.549,.508,.637,.218,213,2.2,7.7,5.0,18.4,1.7,0.0,19.5,19.3,,0.7,0.8,1.5,.100,,0.2,-1.3,-1.0
5,0,19,152,13,25,.520,13,25,.520,0,0,,9,15,.600,17,39,56,0,2,9,2,29,35
5,1,19,8.0,0.7,1.3,.520,0.7,1.3,.520,0.0,0.0,,0.5,0.8,.600,2.9,0.0,0.1,0.5,0.1,1.5,1.8
5,2,19,152,3.4,6.6,.520,3.4,6.6,.520,0.0,0.0,,2.4,3.9,.600,14.7,0.0,0.5,2.4,0.5,7.6,9.2
5,3,19,152,4.9,9.5,.520,4.9,9.5,.520,0.0,0.0,,3.4,5.7,.600,21.2,0.0,0.8,3.4,0.8,11.0,13.3,,126.7,92.7
5,4,19,152,16.1,.545,.520,.000,.600,37,12.0,26.8,19.5,0.0,0.8,6.1,5.9,10.9,,0.3,0.4,0.6,.168,,-5.2,-0.9,-6.1
6,0,29,646,103,226,.456,94,198,.475,9,28,.321,43,67,.642,64,106,170,15,19,39,42,78,258
6,1,29,22.3,3.6,7.8,.456,3.2,6.8,.475,0.3,1.0,.321,1.5,2.3,.642,5.9,0.5,0.7,1.3,1.4,2.7,8.9
6,2,29,646,6.4,14.0,.456,5.8,12.3,.475,0.6,1.7,.321,2.7,4.1,.642,10.5,0.9,1.2,2.4,2.6,4.8,16.0
6,3,29,646,9.2,20.1,.456,8.4,17.6,.475,0.8,2.5,.321,3.8,6.0,.642,15.1,1.3,1.7,3.5,3.7,7.0,23.0,,102.0,95.9
6,4,29,646,17.9,.500,.476,.124,.296,249,10.6,17.1,13.9,5.0,1.7,6.2,14.0,22.6,,0.7,1.4,2.0,.125,,-3.3,2.2,-1.0
7,0,18,120,10,24,.417,6,13,.462,4,11,.364,2,5,.400,9,27,36,0,3,1,9,21,26
7,1,18,6.7,0.6,1.3,.417,0.3,0.7,.462,0.2,0.6,.364,0.1,0.3,.400,2.0,0.0,0.2,0.1,0.5,1.2,1.4
7,2,18,120,3.3,8.0,.417,2.0,4.3,.462,1.3,3.7,.364,0.7,1.7,.400,12.0,0.0,1.0,0.3,3.0,7.0,8.7
7,3,18,120,4.8,11.5,.417,2.9,6.2,.462,1.9,5.3,.364,1.0,2.4,.400,17.3,0.0,1.4,0.5,4.3,10.1,12.5,,85.0,95.4
7,4,18,120,7.3,.493,.500,.458,.208,25,8.0,23.5,15.8,0.0,1.4,0.9,25.4,14.4,,-0.1,0.3,0.2,.067,,-7.6,-3.3,-10.9
8,0,31,997,137,333,.411,127,294,.432,10,39,.256,147,199,.739,35,104,139,130,57,6,91,72,431
8,1,31,32.2,4.4,10.7,.411,4.1,9.5,.432,0.3,1.3,.256,4.7,6.4,.739,4.5,4.2,1.8,0.2,2.9,2.3,13.9
8,2,31,997,5.5,13.4,.411,5.1,11.8,.432,0.4,1.6,.256,5.9,8.0,.739,5.6,5.2,2.3,0.2,3.7,2.9,17.3
8,3,31,997,7.9,19.2,.411,7.3,17.0,.432,0.6,2.3,.256,8.5,11.5,.739,8.0,7.5,3.3,0.3,5.3,4.2,24.9,,103.3,98.4
8,4,31,997,18.2,.504,.426,.117,.598,454,3.8,10.9,7.4,27.0,3.3,0.6,17.5,25.3,,1.3,1.9,3.2,.129,,-0.3,1.4,1.1
9,0,28,703,81,176,.460,81,175,.463,0,1,.000,35,55,.636,64,129,193,13,18,26,34,90,197
9,1,28,25.1,2.9,6.3,.460,2.9,6.3,.463,0.0,0.0,.000,1.3,2.0,.636,6.9,0.5,0.6,0.9,1.2,3.2,7.0
9,2,28,703,4.6,10.0,.460,4.6,10.0,.463,0.0,0.1,.000,2.0,3.1,.636,11.0,0.7,1.0,1.5,1.9,5.1,11.2
9,3,28,703,6.6,14.4,.460,6.6,14.3,.463,0.0,0.1,.000,2.9,4.5,.636,15.8,1.1,1.5,2.1,2.8,7.4,16.1,,101.6,96.4
9,4,28,703,13.7,.487,.460,.006,.313,200,9.7,19.1,14.5,3.7,1.5,3.8,14.4,16.4,,0.5,1.4,1.9,.111,,-4.2,1.9,-2.3
10,0,29,807,123,299,.411,83,186,.446,40,113,.354,99,121,.818,18,64,82,57,27,9,53,65,385
10,1,29,27.8,4.2,10.3,.411,2.9,6.4,.446,1.4,3.9,.354,3.4,4.2,.818,2.8,2.0,0.9,0.3,1.8,2.2,13.3
10,2,29,807,6.1,14.8,.411,4.1,9.2,.446,2.0,5.6,.354,4.9,6.0,.818,4.1,2.8,1.3,0.4,2.6,3.2,19.1
10,3,29,807,8.8,21.3,.411,5.9,13.3,.446,2.9,8.1,.354,7.1,8.6,.818,5.8,4.1,1.9,0.6,3.8,4.6,27.5,,110.3,102.4
10,4,29,807,17.2,.540,.478,.378,.405,358,2.4,8.3,5.4,15.1,1.9,1.2,12.9,24.7,,1.6,1.2,2.8,.139,,0.8,-1.0,-0.1
11,0,21,125,15,30,.500,15,30,.500,0,0,,7,16,.438,18,16,34,1,0,3,3,23,37
11,1,21,6.0,0.7,1.4,.500,0.7,1.4,.500,0.0,0.0,,0.3,0.8,.438,1.6,0.0,0.0,0.1,0.1,1.1,1.8
11,2,21,125,4.8,9.6,.500,4.8,9.6,.500,0.0,0.0,,2.2,5.1,.438,10.9,0.3,0.0,1.0,1.0,7.4,11.8
11,3,21,125,6.9,13.8,.500,6.9,13.8,.500,0.0,0.0,,3.2,7.4,.438,15.7,0.5,0.0,1.4,1.4,10.6,17.0,,113.7,102.9
11,4,21,125,13.5,.492,.500,.000,.533,39,15.4,13.4,14.4,1.6,0.0,2.5,7.4,15.8,,0.2,0.2,0.4,.123,,-3.3,-2.5,-5.8
