0,0,30,377,35,97,.361,25,54,.463,10,43,.233,24,32,.750,13,25,38,29,19,3,26,35,104
0,1,30,12.6,1.2,3.2,.361,0.8,1.8,.463,0.3,1.4,.233,0.8,1.1,.750,1.3,1.0,0.6,0.1,0.9,1.2,3.5
0,2,30,377,3.7,10.3,.361,2.7,5.7,.463,1.1,4.6,.233,2.5,3.4,.750,4.0,3.1,2.0,0.3,2.8,3.7,11.0
0,3,30,377,5.4,15.0,.361,3.9,8.4,.463,1.5,6.6,.233,3.7,4.9,.750,5.9,4.5,2.9,0.5,4.0,5.4,16.1,,95.4,96.6
0,4,30,377,10.8,.463,.412,.443,.330,109,4.0,7.9,5.9,14.4,2.9,0.9,18.8,18.1,,0.2,0.6,0.9,.091,,-2.0,0.2,-1.7
1,0,31,543,55,91,.604,55,91,.604,0,0,,22,34,.647,64,51,115,12,5,52,25,83,132
1,1,31,17.5,1.8,2.9,.604,1.8,2.9,.604,0.0,0.0,,0.7,1.1,.647,3.7,0.4,0.2,1.7,0.8,2.7,4.3
1,2,31,543,4.1,6.7,.604,4.1,6.7,.604,0.0,0.0,,1.6,2.5,.647,8.5,0.9,0.4,3.8,1.8,6.1,9.7
1,3,31,543,5.9,9.8,.604,5.9,9.8,.604,0.0,0.0,,2.4,3.7,.647,12.3,1.3,0.5,5.6,2.7,8.9,14.2,,119.7,96.0
1,4,31,543,16.3,.616,.604,.000,.374,143,13.5,11.2,12.4,4.2,0.5,10.3,18.9,12.0,,1.0,1.0,2.0,.148,,-0.3,5.0,4.7
2,0,29,607,60,184,.326,24,68,.353,36,116,.310,51,62,.823,12,42,54,30,32,0,28,60,207
2,1,29,20.9,2.1,6.3,.326,0.8,2.3,.353,1.2,4.0,.310,1.8,2.1,.823,1.9,1.0,1.1,0.0,1.0,2.1,7.1
2,2,29,607,4.0,12.1,.326,1.6,4.5,.353,2.4,7.6,.310,3.4,4.1,.823,3.6,2.0,2.1,0.0,1.8,4.0,13.6
2,3,29,607,5.8,17.7,.326,2.3,6.5,.353,3.5,11.1,.310,4.9,6.0,.823,5.2,2.9,3.1,0.0,2.7,5.8,19.9,,104.6,96.4
2,4,29,607,12.4,.485,.424,.630,.337,194,2.3,8.2,5.2,9.3,3.1,0.0,11.6,19.7,,0.8,1.1,1.9,.124,,0.1,-0.6,-0.5
3,0,23,252,34,64,.531,34,64,.531,0,0,,27,37,.730,36,49,85,4,15,23,13,41,95
3,1,23,11.0,1.5,2.8,.531,1.5,2.8,.531,0.0,0.0,,1.2,1.6,.730,3.7,0.2,0.7,1.0,0.6,1.8,4.1
3,2,23,252,5.4,10.2,.531,5.4,10.2,.531,0.0,0.0,,4.3,5.9,.730,13.5,0.6,2.4,3.7,2.1,6.5,15.1
3,3,23,252,7.9,14.8,.531,7.9,14.8,.531,0.0,0.0,,6.2,8.6,.730,19.7,0.9,3.5,5.3,3.0,9.5,22.0,,120.9,84.3
3,4,23,252,25.9,.582,.531,.000,.578,98,16.4,23.1,19.7,3.2,3.5,9.9,13.7,18.6,,0.7,0.7,1.5,.233,,-0.2,5.4,5.2
4,0,31,953,120,264,.455,46,113,.407,74,151,.490,58,73,.795,21,89,110,66,37,5,44,49,372
4,1,31,30.7,3.9,8.5,.455,1.5,3.6,.407,2.4,4.9,.490,1.9,2.4,.795,3.5,2.1,1.2,0.2,1.4,1.6,12.0
4,2,31,953,5.0,11.1,.455,1.9,4.7,.407,3.1,6.3,.490,2.4,3.1,.795,4.6,2.8,1.6,0.2,1.8,2.1,15.6
4,3,31,953,7.3,16.1,.455,2.8,6.9,.407,4.5,9.2,.490,3.5,4.5,.795,6.7,4.0,2.3,0.3,2.7,3.0,22.8,,124.6,96.8
4,4,31,953,18.8,.623,.595,.572,.277,340,2.5,11.1,6.7,13.8,2.3,0.6,12.8,17.8,,2.8,1.6,4.4,.184,,4.1,0.2,4.4
5,0,10,20,1,3,.333,1,2,.500,0,1,.000,0,2,.000,0,2,2,1,0,1,2,2,2
5,1,10,2.0,0.1,0.3,.333,0.1,0.2,.500,0.0,0.1,.000,0.0,0.2,.000,0.2,0.1,0.0,0.1,0.2,0.2,0.2
5,2,10,20,2.0,6.0,.333,2.0,4.0,.500,0.0,2.0,.000,0.0,4.0,.000,4.0,2.0,0.0,2.0,4.0,4.0,4.0
5,3,10,20,2.9,8.7,.333,2.9,5.8,.500,0.0,2.9,.000,0.0,5.8,.000,5.8,2.9,0.0,2.9,5.8,5.8,5.8,,42.9,99.2
5,4,10,20,-3.1,.253,.333,.333,.667,2,0.0,11.9,5.8,8.6,0.0,5.4,33.6,14.7,,-0.1,0.0,0.0,-.076,,-11.3,1.4,-9.9
6,0,31,862,81,226,.358,81,219,.370,0,7,.000,90,140,.643,47,93,140,133,57,2,90,86,252
6,1,31,27.8,2.6,7.3,.358,2.6,7.1,.370,0.0,0.2,.000,2.9,4.5,.643,4.5,4.3,1.8,0.1,2.9,2.8,8.1
6,2,31,862,3.8,10.5,.358,3.8,10.2,.370,0.0,0.3,.000,4.2,6.5,.643,6.5,6.2,2.6,0.1,4.2,4.0,11.7
6,3,31,862,5.5,15.3,.358,5.5,14.8,.370,0.0,0.5,.000,6.1,9.5,.643,9.5,9.0,3.9,0.1,6.1,5.8,17.0,,92.3,92.5
6,4,31,862,13.8,.431,.358,.031,.619,317,6.3,12.8,9.5,28.9,3.9,0.3,23.5,22.0,,0.3,1.8,2.1,.099,,-2.6,2.6,0.0
7,0,31,421,49,101,.485,49,101,.485,0,0,,23,38,.605,40,59,99,5,16,12,20,71,121
7,1,31,13.6,1.6,3.3,.485,1.6,3.3,.485,0.0,0.0,,0.7,1.2,.605,3.2,0.2,0.5,0.4,0.6,2.3,3.9
7,2,31,421,4.7,9.6,.485,4.7,9.6,.485,0.0,0.0,,2.2,3.6,.605,9.4,0.5,1.5,1.1,1.9,6.7,11.5
7,3,31,421,6.8,14.0,.485,6.8,14.0,.485,0.0,0.0,,3.2,5.3,.605,13.7,0.7,2.2,1.7,2.8,9.8,16.8,,105.0,92.8
7,4,31,421,14.0,.508,.485,.000,.376,121,10.9,16.6,13.7,2.3,2.2,3.1,14.4,16.3,,0.5,0.9,1.4,.133,,-3.0,0.9,-2.1
8,0,31,941,143,351,.407,84,183,.459,59,168,.351,107,121,.884,12,70,82,68,22,12,67,79,452
8,1,31,30.4,4.6,11.3,.407,2.7,5.9,.459,1.9,5.4,.351,3.5,3.9,.884,2.6,2.2,0.7,0.4,2.2,2.5,14.6
8,2,31,941,6.1,14.9,.407,3.6,7.8,.459,2.5,7.1,.351,4.5,5.1,.884,3.5,2.9,0.9,0.5,2.8,3.4,19.2
8,3,31,941,8.9,21.7,.407,5.2,11.3,.459,3.7,10.4,.351,6.6,7.5,.884,5.1,4.2,1.4,0.7,4.2,4.9,28.0,,111.1,99.4
8,4,31,941,17.3,.553,.491,.479,.345,414,1.5,8.8,5.1,15.2,1.4,1.4,14.1,25.0,,2.4,1.4,3.7,.158,,1.8,-1.4,0.3
9,0,12,31,1,3,.333,1,3,.333,0,0,,2,4,.500,0,5,5,0,0,0,0,5,4
9,1,12,2.6,0.1,0.3,.333,0.1,0.3,.333,0.0,0.0,,0.2,0.3,.500,0.4,0.0,0.0,0.0,0.0,0.4,0.3
9,2,12,31,1.3,3.9,.333,1.3,3.9,.333,0.0,0.0,,2.6,5.2,.500,6.5,0.0,0.0,0.0,0.0,6.5,5.2
9,3,12,31,1.9,5.6,.333,1.9,5.6,.333,0.0,0.0,,3.8,7.5,.500,9.4,0.0,0.0,0.0,0.0,9.4,7.5,,97.7,97.8
9,4,12,31,3.0,.408,.333,.000,1.333,3,0.0,19.2,9.4,0.0,0.0,0.0,0.0,7.8,,0.0,0.0,0.1,.075,,-7.2,-3.2,-10.4
10,0,31,459,52,106,.491,49,96,.510,3,10,.300,24,33,.727,35,54,89,24,22,8,28,67,131
10,1,31,14.8,1.7,3.4,.491,1.6,3.1,.510,0.1,0.3,.300,0.8,1.1,.727,2.9,0.8,0.7,0.3,0.9,2.2,4.2
10,2,31,459,4.5,9.2,.491,4.3,8.4,.510,0.3,0.9,.300,2.1,2.9,.727,7.8,2.1,1.9,0.7,2.4,5.8,11.4
10,3,31,459,6.6,13.5,.491,6.2,12.2,.510,0.4,1.3,.300,3.0,4.2,.727,11.3,3.0,2.8,1.0,3.6,8.5,16.6,,106.7,93.4
10,4,31,459,14.6,.538,.505,.094,.311,137,8.7,14.0,11.3,10.2,2.8,1.9,18.7,16.1,,0.7,0.9,1.6,.138,,-0.9,2.2,1.3
11,0,30,734,148,277,.534,126,207,.609,22,70,.314,85,114,.746,51,98,149,28,19,8,59,100,403
11,1,30,24.5,4.9,9.2,.534,4.2,6.9,.609,0.7,2.3,.314,2.8,3.8,.746,5.0,0.9,0.6,0.3,2.0,3.3,13.4
11,2,30,734,8.1,15.1,.534,6.9,11.3,.609,1.2,3.8,.314,4.6,6.2,.746,8.1,1.5,1.0,0.4,3.2,5.4,22.0
11,3,30,734,11.8,22.0,.534,10.0,16.4,.609,1.7,5.6,.314,6.8,9.1,.746,11.8,2.2,1.5,0.6,4.7,7.9,32.0,,115.3,95.7
11,4,30,734,22.7,.608,.574,.253,.412,359,8.0,15.9,11.8,8.9,1.5,1.2,15.1,26.3,,2.3,1.3,3.7,.200,,2.5,-1.1,1.4
