0,0,15,262,26,89,.292,24,75,.320,2,14,.143,13,23,.565,9,29,38,29,6,0,36,39,67
0,1,15,17.5,1.7,5.9,.292,1.6,5.0,.320,0.1,0.9,.143,0.9,1.5,.565,2.5,1.9,0.4,0.0,2.4,2.6,4.5
0,2,15,262,4.0,13.6,.292,3.7,11.5,.320,0.3,2.1,.143,2.0,3.5,.565,5.8,4.4,0.9,0.0,5.5,6.0,10.2
0,3,15,262,5.6,19.2,.292,5.2,16.2,.320,0.4,3.0,.143,2.8,5.0,.565,8.2,6.3,1.3,0.0,7.8,8.4,14.5,,64.9,112.4
0,4,15,262,1.0,.335,.303,.157,.258,79,4.1,12.1,8.2,23.3,1.3,0.0,26.5,26.1,,-0.8,0.1,-0.8,-.116,,-7.8,-2.5,-10.4
1,0,32,854,121,235,.515,69,141,.489,52,94,.553,55,66,.833,13,57,70,50,30,5,55,74,349
1,1,32,26.7,3.8,7.3,.515,2.2,4.4,.489,1.6,2.9,.553,1.7,2.1,.833,2.2,1.6,0.9,0.2,1.7,2.3,10.9
1,2,32,854,5.7,11.0,.515,3.2,6.6,.489,2.4,4.4,.553,2.6,3.1,.833,3.3,2.3,1.4,0.2,2.6,3.5,16.3
1,3,32,854,8.0,15.6,.515,4.6,9.3,.489,3.4,6.2,.553,3.6,4.4,.833,4.6,3.3,2.0,0.3,3.6,4.9,23.1,,115.4,113.1
1,4,32,854,16.9,.655,.626,.400,.281,312,1.8,7.3,4.7,13.6,2.0,0.5,17.1,18.9,,1.9,0.2,2.1,.098,,4.2,-2.1,2.1
2,0,31,592,48,122,.393,43,104,.413,5,18,.278,24,34,.706,27,72,99,22,8,52,27,59,125
2,1,31,19.1,1.5,3.9,.393,1.4,3.4,.413,0.2,0.6,.278,0.8,1.1,.706,3.2,0.7,0.3,1.7,0.9,1.9,4.0
2,2,31,592,3.2,8.2,.393,2.9,7.0,.413,0.3,1.2,.278,1.6,2.3,.706,6.7,1.5,0.5,3.5,1.8,4.0,8.4
2,3,31,592,4.6,11.7,.393,4.1,9.9,.413,0.5,1.7,.278,2.3,3.3,.706,9.5,2.1,0.8,5.0,2.6,5.6,11.9,,91.4,109.2
2,4,31,592,11.0,.452,.414,.148,.279,132,5.4,13.3,9.5,7.5,0.8,8.2,16.3,14.0,,0.1,0.3,0.4,.028,,-2.8,3.0,0.2
3,0,13,32,1,3,.333,1,3,.333,0,0,,1,4,.250,0,4,4,0,0,0,1,2,3
3,1,13,2.5,0.1,0.2,.333,0.1,0.2,.333,0.0,0.0,,0.1,0.3,.250,0.3,0.0,0.0,0.0,0.1,0.2,0.2
3,2,13,32,1.3,3.8,.333,1.3,3.8,.333,0.0,0.0,,1.3,5.0,.250,5.0,0.0,0.0,0.0,1.3,2.5,3.8
3,3,13,32,1.8,5.3,.333,1.8,5.3,.333,0.0,0.0,,1.8,7.1,.250,7.1,0.0,0.0,0.0,1.8,3.5,5.3,,54.2,115.1
3,4,13,32,-0.4,.306,.333,.000,1.333,3,0.0,13.7,7.1,0.0,0.0,0.0,16.9,9.3,,0.0,0.0,0.0,-.059,,-8.4,-4.2,-12.5
4,0,32,1037,84,219,.384,65,163,.399,19,56,.339,141,173,.815,9,99,108,111,30,0,101,84,328
4,1,32,32.4,2.6,6.8,.384,2.0,5.1,.399,0.6,1.8,.339,4.4,5.4,.815,3.4,3.5,0.9,0.0,3.2,2.6,10.3
4,2,32,1037,3.2,8.4,.384,2.5,6.3,.399,0.7,2.2,.339,5.4,6.7,.815,4.2,4.3,1.2,0.0,3.9,3.2,12.7
4,3,32,1037,4.6,12.0,.384,3.5,8.9,.399,1.0,3.1,.339,7.7,9.4,.815,5.9,6.1,1.6,0.0,5.5,4.6,17.9,,97.2,112.8
4,4,32,1037,11.5,.545,.427,.256,.790,351,1.0,10.4,5.9,21.7,1.6,0.0,25.1,19.5,,0.8,0.2,1.0,.038,,-0.2,-1.8,-2.0
5,0,16,45,1,2,.500,1,2,.500,0,0,,1,2,.500,1,0,1,1,1,0,1,5,3
5,1,16,2.8,0.1,0.1,.500,0.1,0.1,.500,0.0,0.0,,0.1,0.1,.500,0.1,0.1,0.1,0.0,0.1,0.3,0.2
5,2,16,45,0.9,1.8,.500,0.9,1.8,.500,0.0,0.0,,0.9,1.8,.500,0.9,0.9,0.9,0.0,0.9,4.4,2.7
5,3,16,45,1.3,2.5,.500,1.3,2.5,.500,0.0,0.0,,1.3,2.5,.500,1.3,1.3,1.3,0.0,1.3,6.3,3.8,,95.9,118.2
5,4,16,45,2.0,.508,.500,.000,1.000,4,2.6,0.0,1.3,4.0,1.3,0.0,25.3,4.4,,0.0,0.0,0.0,-.006,,-2.5,-1.7,-4.2
6,0,12,30,2,7,.286,0,2,.000,2,5,.400,0,0,,2,1,3,3,0,0,2,3,6
6,1,12,2.5,0.2,0.6,.286,0.0,0.2,.000,0.2,0.4,.400,0.0,0.0,,0.3,0.3,0.0,0.0,0.2,0.3,0.5
6,2,12,30,2.7,9.3,.286,0.0,2.7,.000,2.7,6.7,.400,0.0,0.0,,4.0,4.0,0.0,0.0,2.7,4.0,8.0
6,3,12,30,3.8,13.2,.286,0.0,3.8,.000,3.8,9.4,.400,0.0,0.0,,5.7,5.7,0.0,0.0,3.8,5.7,11.3,,91.2,119.4
6,4,12,30,5.5,.429,.429,.714,.000,8,7.9,3.6,5.7,19.7,0.0,0.0,22.2,15.1,,0.0,0.0,0.0,-.011,,-0.7,-5.0,-5.7
7,0,7,12,1,3,.333,1,3,.333,0,0,,0,2,.000,0,3,3,1,0,0,0,1,2
7,1,7,1.7,0.1,0.4,.333,0.1,0.4,.333,0.0,0.0,,0.0,0.3,.000,0.4,0.1,0.0,0.0,0.0,0.1,0.3
7,2,7,12,3.3,10.0,.333,3.3,10.0,.333,0.0,0.0,,0.0,6.7,.000,10.0,3.3,0.0,0.0,0.0,3.3,6.7
7,3,7,12,4.7,14.1,.333,4.7,14.1,.333,0.0,0.0,,0.0,9.4,.000,14.1,4.7,0.0,0.0,0.0,4.7,9.4,,67.0,108.8
7,4,7,12,4.4,.253,.333,.000,.667,2,0.0,27.4,14.2,17.0,0.0,0.0,0.0,16.5,,0.0,0.0,0.0,-.045,,-7.4,-2.4,-9.8
8,0,32,996,151,304,.497,134,248,.540,17,56,.304,98,134,.731,80,167,247,31,29,32,63,68,417
8,1,32,31.1,4.7,9.5,.497,4.2,7.8,.540,0.5,1.8,.304,3.1,4.2,.731,7.7,1.0,0.9,1.0,2.0,2.1,13.0
8,2,32,996,6.1,12.2,.497,5.4,10.0,.540,0.7,2.2,.304,3.9,5.4,.731,9.9,1.2,1.2,1.3,2.5,2.7,16.7
8,3,32,996,8.6,17.3,.497,7.6,14.1,.540,1.0,3.2,.304,5.6,7.6,.731,14.0,1.8,1.6,1.8,3.6,3.9,23.7,,109.3,107.7
8,4,32,996,20.3,.567,.525,.184,.441,405,9.5,18.3,14.1,7.4,1.6,3.0,14.6,21.7,,2.0,0.7,2.7,.109,,2.3,-0.1,2.1
9,0,23,325,37,79,.468,30,58,.517,7,21,.333,23,32,.719,16,26,42,14,13,1,34,62,104
9,1,23,14.1,1.6,3.4,.468,1.3,2.5,.517,0.3,0.9,.333,1.0,1.4,.719,1.8,0.6,0.6,0.0,1.5,2.7,4.5
9,2,23,325,4.6,9.7,.468,3.7,7.1,.517,0.9,2.6,.333,2.8,3.9,.719,5.2,1.7,1.6,0.1,4.2,7.6,12.8
9,3,23,325,6.4,13.8,.468,5.2,10.1,.517,1.2,3.7,.333,4.0,5.6,.719,7.3,2.4,2.3,0.2,5.9,10.8,18.1,,90.4,111.5
9,4,23,325,9.0,.552,.513,.266,.405,102,5.8,8.8,7.3,9.4,2.3,0.3,26.5,19.8,,0.0,0.1,0.1,.017,,-1.4,-1.7,-3.1
10,0,30,744,93,239,.389,64,133,.481,29,106,.274,39,47,.830,24,107,131,34,12,3,70,64,254
10,1,30,24.8,3.1,8.0,.389,2.1,4.4,.481,1.0,3.5,.274,1.3,1.6,.830,4.4,1.1,0.4,0.1,2.3,2.1,8.5
10,2,30,744,5.0,12.8,.389,3.4,7.2,.481,1.6,5.7,.274,2.1,2.5,.830,7.0,1.8,0.6,0.2,3.8,3.4,13.7
10,3,30,744,7.1,18.2,.389,4.9,10.1,.481,2.2,8.1,.274,3.0,3.6,.830,10.0,2.6,0.9,0.2,5.3,4.9,19.3,,85.9,111.8
10,4,30,744,9.3,.486,.450,.444,.197,242,3.8,15.7,10.0,10.2,0.9,0.4,21.1,22.4,,-0.3,0.2,0.0,-.002,,-2.0,-2.5,-4.5
11,0,14,124,8,23,.348,7,20,.350,1,3,.333,5,13,.385,6,22,28,1,2,1,9,16,22
11,1,14,8.9,0.6,1.6,.348,0.5,1.4,.350,0.1,0.2,.333,0.4,0.9,.385,2.0,0.1,0.1,0.1,0.6,1.1,1.6
11,2,14,124,2.6,7.4,.348,2.3,6.5,.350,0.3,1.0,.333,1.6,4.2,.385,9.0,0.3,0.6,0.3,2.9,5.2,7.1
11,3,14,124,3.7,10.5,.348,3.2,9.1,.350,0.5,1.4,.333,2.3,5.9,.385,12.8,0.5,0.9,0.5,4.1,7.3,10.0,,68.3,109.7
11,4,14,124,3.2,.377,.370,.130,.565,23,5.7,19.4,12.8,1.6,0.9,0.8,23.6,15.5,,-0.2,0.1,-0.1,-.042,,-7.4,-2.8,-10.2
12,0,32,769,114,305,.374,64,165,.388,50,140,.357,78,102,.765,20,47,67,51,21,1,71,79,356
12,1,32,24.0,3.6,9.5,.374,2.0,5.2,.388,1.6,4.4,.357,2.4,3.2,.765,2.1,1.6,0.7,0.0,2.2,2.5,11.1
12,2,32,769,5.9,15.9,.374,3.3,8.6,.388,2.6,7.3,.357,4.1,5.3,.765,3.5,2.7,1.1,0.1,3.7,4.1,18.5
12,3,32,769,8.4,22.4,.374,4.7,12.1,.388,3.7,10.3,.357,5.7,7.5,.765,4.9,3.8,1.5,0.1,5.2,5.8,26.2,,94.6,114.5
12,4,32,769,12.7,.504,.456,.459,.334,337,3.1,6.7,5.0,15.6,1.5,0.1,16.7,27.7,,0.5,0.0,0.5,.028,,0.9,-4.1,-3.2
13,0,32,578,48,106,.453,48,106,.453,0,0,,19,34,.559,36,76,112,14,18,79,20,38,115
13,1,32,18.1,1.5,3.3,.453,1.5,3.3,.453,0.0,0.0,,0.6,1.1,.559,3.5,0.4,0.6,2.5,0.6,1.2,3.6
13,2,32,578,3.3,7.3,.453,3.3,7.3,.453,0.0,0.0,,1.3,2.4,.559,7.8,1.0,1.2,5.5,1.4,2.6,8.0
13,3,32,578,4.7,10.4,.453,4.7,10.4,.453,0.0,0.0,,1.9,3.3,.559,11.0,1.4,1.8,7.7,2.0,3.7,11.3,,97.6,104.4
13,4,32,578,15.7,.471,.453,.000,.321,123,7.4,14.4,11.0,4.9,1.8,12.7,14.1,12.4,,0.3,0.6,0.9,.060,,-2.4,6.5,4.1
