0,0,35,986,215,394,.546,215,393,.547,0,1,.000,104,168,.619,105,176,281,24,37,54,57,100,534
0,1,35,28.2,6.1,11.3,.546,6.1,11.2,.547,0.0,0.0,.000,3.0,4.8,.619,8.0,0.7,1.1,1.5,1.6,2.9,15.3
0,2,35,986,8.7,16.0,.546,8.7,15.9,.547,0.0,0.0,.000,4.2,6.8,.619,11.4,1.0,1.5,2.2,2.3,4.1,21.7
0,3,35,986,12.1,22.2,.546,12.1,22.1,.547,0.0,0.1,.000,5.9,9.5,.619,15.8,1.4,2.1,3.0,3.2,5.6,30.1,,116.5,94.3
0,4,35,986,25.8,.564,.546,.003,.426,487,11.6,19.5,15.5,4.6,2.1,5.3,10.7,25.1,,3.1,2.0,5.0,.203,,2.9,3.8,6.7
1,0,13,301,44,88,.500,31,56,.554,13,32,.406,9,11,.818,7,25,32,49,10,1,16,24,110
1,1,13,23.2,3.4,6.8,.500,2.4,4.3,.554,1.0,2.5,.406,0.7,0.8,.818,2.5,3.8,0.8,0.1,1.2,1.8,8.5
1,2,13,301,5.8,11.7,.500,4.1,7.4,.554,1.7,4.3,.406,1.2,1.5,.818,4.3,6.5,1.3,0.1,2.1,3.2,14.6
1,3,13,301,8.1,16.2,.500,5.7,10.3,.554,2.4,5.9,.406,1.7,2.0,.818,5.9,9.0,1.8,0.2,3.0,4.4,20.3,,125.6,101.9
1,4,13,301,18.6,.590,.574,.364,.125,119,2.5,9.1,5.8,26.8,1.8,0.3,14.6,16.9,,0.9,0.4,1.3,.173,,5.3,1.0,6.2
2,0,35,654,69,172,.401,51,124,.411,18,48,.375,25,32,.781,53,79,132,23,10,18,27,86,181
2,1,35,18.7,2.0,4.9,.401,1.5,3.5,.411,0.5,1.4,.375,0.7,0.9,.781,3.8,0.7,0.3,0.5,0.8,2.5,5.2
2,2,35,654,4.2,10.5,.401,3.1,7.6,.411,1.1,2.9,.375,1.5,2.0,.781,8.1,1.4,0.6,1.1,1.7,5.3,11.1
2,3,35,654,5.9,14.6,.401,4.3,10.5,.411,1.5,4.1,.375,2.1,2.7,.781,11.2,2.0,0.8,1.5,2.3,7.3,15.4,,108.1,100.8
2,4,35,654,11.5,.483,.453,.279,.186,187,8.8,13.2,11.0,5.4,0.8,2.7,12.6,15.3,,0.9,0.9,1.8,.108,,1.2,2.6,3.8
3,0,35,989,138,297,.465,91,166,.548,47,131,.359,44,57,.772,64,118,182,75,41,28,52,71,367
3,1,35,28.3,3.9,8.5,.465,2.6,4.7,.548,1.3,3.7,.359,1.3,1.6,.772,5.2,2.1,1.2,0.8,1.5,2.0,10.5
3,2,35,989,5.6,12.0,.465,3.7,6.7,.548,1.9,5.3,.359,1.8,2.3,.772,7.4,3.0,1.7,1.1,2.1,2.9,14.8
3,3,35,989,7.7,16.7,.465,5.1,9.3,.548,2.6,7.4,.359,2.5,3.2,.772,10.2,4.2,2.3,1.6,2.9,4.0,20.6,,118.6,98.1
3,4,35,989,18.9,.566,.544,.441,.192,365,7.0,13.0,10.0,12.4,2.3,2.7,13.8,17.7,,2.4,1.6,4.0,.163,,5.4,4.4,9.8
4,0,14,31,2,8,.250,1,2,.500,1,6,.167,2,2,1.000,1,2,3,2,0,0,1,4,7
4,1,14,2.2,0.1,0.6,.250,0.1,0.1,.500,0.1,0.4,.167,0.1,0.1,1.000,0.2,0.1,0.0,0.0,0.1,0.3,0.5
4,2,14,31,2.6,10.3,.250,1.3,2.6,.500,1.3,7.7,.167,2.6,2.6,1.000,3.9,2.6,0.0,0.0,1.3,5.2,9.0
4,3,14,31,3.6,14.3,.250,1.8,3.6,.500,1.8,10.7,.167,3.6,3.6,1.000,5.4,3.6,0.0,0.0,1.8,7.2,12.5,,99.2,106.7
4,4,14,31,4.7,.391,.313,.750,.250,8,3.5,7.0,5.3,9.4,0.0,0.0,10.1,15.0,,0.0,0.0,0.0,.058,,0.0,-1.3,-1.2
5,0,35,608,66,114,.579,66,114,.579,0,0,,30,72,.417,86,114,200,8,9,39,40,103,162
5,1,35,17.4,1.9,3.3,.579,1.9,3.3,.579,0.0,0.0,,0.9,2.1,.417,5.7,0.2,0.3,1.1,1.1,2.9,4.6
5,2,35,608,4.3,7.5,.579,4.3,7.5,.579,0.0,0.0,,2.0,4.7,.417,13.2,0.5,0.6,2.6,2.6,6.8,10.7
5,3,35,608,6.0,10.4,.579,6.0,10.4,.579,0.0,0.0,,2.7,6.6,.417,18.3,0.7,0.8,3.6,3.7,9.4,14.8,,105.4,95.7
5,4,35,608,14.9,.547,.579,.000,.632,177,15.4,20.5,17.9,2.0,0.8,6.2,21.3,14.4,,0.7,1.1,1.8,.122,,0.3,4.1,4.4
6,0,31,652,62,146,.425,52,106,.491,10,40,.250,52,79,.658,23,57,80,103,36,8,45,75,186
6,1,31,21.0,2.0,4.7,.425,1.7,3.4,.491,0.3,1.3,.250,1.7,2.5,.658,2.6,3.3,1.2,0.3,1.5,2.4,6.0
6,2,31,652,3.8,9.0,.425,3.2,6.5,.491,0.6,2.5,.250,3.2,4.8,.658,4.9,6.3,2.2,0.5,2.8,4.6,11.4
6,3,31,652,5.3,12.4,.425,4.4,9.0,.491,0.9,3.4,.250,4.4,6.7,.658,6.8,8.8,3.1,0.7,3.8,6.4,15.8,,110.3,98.4
6,4,31,652,15.1,.507,.459,.274,.541,227,3.8,9.5,6.7,24.0,3.1,1.2,19.7,16.3,,1.2,1.0,2.2,.135,,2.8,3.6,6.4
7,0,34,593,102,230,.443,58,105,.552,44,125,.352,25,33,.758,29,67,96,33,19,12,24,69,273
7,1,34,17.4,3.0,6.8,.443,1.7,3.1,.552,1.3,3.7,.352,0.7,1.0,.758,2.8,1.0,0.6,0.4,0.7,2.0,8.0
7,2,34,593,6.9,15.5,.443,3.9,7.1,.552,3.0,8.4,.352,1.7,2.2,.758,6.5,2.2,1.3,0.8,1.6,4.7,18.4
7,3,34,593,9.6,21.5,.443,5.4,9.8,.552,4.1,11.7,.352,2.3,3.1,.758,9.0,3.1,1.8,1.1,2.2,6.5,25.6,,119.3,99.6
7,4,34,593,18.8,.556,.539,.543,.143,244,5.3,12.3,8.8,9.6,1.8,2.0,8.9,21.2,,1.7,0.9,2.5,.171,,5.3,1.7,7.0
8,0,13,32,2,3,.667,2,3,.667,0,0,,0,0,,0,3,3,0,2,0,3,4,4
8,1,13,2.5,0.2,0.2,.667,0.2,0.2,.667,0.0,0.0,,0.0,0.0,,0.2,0.0,0.2,0.0,0.2,0.3,0.3
8,2,13,32,2.5,3.8,.667,2.5,3.8,.667,0.0,0.0,,0.0,0.0,,3.8,0.0,2.5,0.0,3.8,5.0,5.0
8,3,13,32,3.5,5.2,.667,3.5,5.2,.667,0.0,0.0,,0.0,0.0,,5.2,0.0,3.5,0.0,5.2,6.9,6.9,,57.3,97.8
8,4,13,32,2.6,.667,.667,.000,.000,3,0.0,10.2,5.1,0.0,3.5,0.0,50.0,8.7,,0.0,0.1,0.0,.011,,-3.5,3.1,-0.3
9,0,31,566,83,171,.485,34,62,.548,49,109,.450,13,17,.765,15,45,60,34,9,7,34,55,228
9,1,31,18.3,2.7,5.5,.485,1.1,2.0,.548,1.6,3.5,.450,0.4,0.5,.765,1.9,1.1,0.3,0.2,1.1,1.8,7.4
9,2,31,566,5.9,12.1,.485,2.4,4.4,.548,3.5,7.7,.450,0.9,1.2,.765,4.2,2.4,0.6,0.5,2.4,3.9,16.1
9,3,31,566,8.1,16.8,.485,3.3,6.1,.548,4.8,10.7,.450,1.3,1.7,.765,5.9,3.3,0.9,0.7,3.3,5.4,22.4,,118.8,103.7
9,4,31,566,15.2,.637,.629,.637,.099,197,2.9,8.7,5.8,9.9,0.9,1.2,16.0,17.6,,1.3,0.6,1.9,.136,,5.0,0.8,5.8
10,0,35,1115,188,422,.445,128,250,.512,60,172,.349,151,210,.719,26,97,123,213,47,2,104,75,587
10,1,35,31.9,5.4,12.1,.445,3.7,7.1,.512,1.7,4.9,.349,4.3,6.0,.719,3.5,6.1,1.3,0.1,3.0,2.1,16.8
10,2,35,1115,6.7,15.1,.445,4.6,9.0,.512,2.2,6.2,.349,5.4,7.5,.719,4.4,7.6,1.7,0.1,3.7,2.7,21.1
10,3,35,1115,9.4,21.0,.445,6.4,12.5,.512,3.0,8.6,.349,7.5,10.5,.719,6.1,10.6,2.3,0.1,5.2,3.7,29.2,,117.4,100.8
10,4,35,1115,22.9,.563,.517,.408,.498,625,2.5,9.5,6.0,32.7,2.3,0.2,16.6,26.2,,4.0,1.5,5.5,.199,,7.2,1.2,8.4
11,0,33,523,90,215,.419,27,58,.466,63,157,.401,25,31,.806,22,46,68,29,14,10,21,41,268
11,1,33,15.8,2.7,6.5,.419,0.8,1.8,.466,1.9,4.8,.401,0.8,0.9,.806,2.1,0.9,0.4,0.3,0.6,1.2,8.1
11,2,33,523,6.9,16.4,.419,2.1,4.4,.466,4.8,12.0,.401,1.9,2.4,.806,5.2,2.2,1.1,0.8,1.6,3.1,20.5
11,3,33,523,9.6,22.8,.419,2.9,6.2,.466,6.7,16.7,.401,2.7,3.3,.806,7.2,3.1,1.5,1.1,2.2,4.4,28.5,,124.4,101.7
11,4,33,523,20.4,.583,.565,.730,.144,232,4.6,9.6,7.1,9.6,1.5,1.8,8.4,22.4,,1.8,0.7,2.4,.186,,7.3,0.4,7.6
