0,0,17,409,93,198,.470,74,142,.521,19,56,.339,42,47,.894,9,43,52,24,22,2,48,25,247
0,1,17,24.1,5.5,11.6,.470,4.4,8.4,.521,1.1,3.3,.339,2.5,2.8,.894,3.1,1.4,1.3,0.1,2.8,1.5,14.5
0,2,17,409,9.1,19.4,.470,7.2,13.9,.521,1.9,5.5,.339,4.1,4.6,.894,5.1,2.3,2.2,0.2,4.7,2.4,24.2
0,3,17,409,14.3,30.4,.470,11.4,21.8,.521,2.9,8.6,.339,6.4,7.2,.894,8.0,3.7,3.4,0.3,7.4,3.8,37.9,,98.2,100.6
0,4,17,409,22.5,.561,.518,.283,.237,209,3.0,12.4,8.0,16.7,3.4,0.6,17.9,36.0,,0.6,0.5,1.2,.113,,1.7,-0.7,0.9
1,0,37,1097,78,135,.578,77,130,.592,1,5,.200,57,87,.655,61,122,183,81,25,30,56,94,214
1,1,37,29.6,2.1,3.6,.578,2.1,3.5,.592,0.0,0.1,.200,1.5,2.4,.655,4.9,2.2,0.7,0.8,1.5,2.5,5.8
1,2,37,1097,2.8,4.9,.578,2.8,4.7,.592,0.0,0.2,.200,2.1,3.2,.655,6.7,3.0,0.9,1.1,2.0,3.4,7.8
1,3,37,1097,4.5,7.7,.578,4.4,7.4,.592,0.1,0.3,.200,3.3,5.0,.655,10.5,4.6,1.4,1.7,3.2,5.4,12.3,,114.4,103.1
1,4,37,1097,13.7,.607,.581,.037,.644,255,7.5,13.1,10.5,14.5,1.4,3.3,24.1,11.6,,1.7,1.2,2.9,.107,,2.0,3.3,5.3
2,0,20,128,6,15,.400,6,15,.400,0,0,,5,11,.455,13,12,25,2,1,0,2,11,17
2,1,20,6.4,0.3,0.8,.400,0.3,0.8,.400,0.0,0.0,,0.3,0.6,.455,1.3,0.1,0.1,0.0,0.1,0.6,0.9
2,2,20,128,1.9,4.7,.400,1.9,4.7,.400,0.0,0.0,,1.6,3.4,.455,7.8,0.6,0.3,0.0,0.6,3.4,5.3
2,3,20,128,2.9,7.4,.400,2.9,7.4,.400,0.0,0.0,,2.5,5.4,.455,12.3,1.0,0.5,0.0,1.0,5.4,8.3,,110.1,107.8
2,4,20,128,8.2,.420,.400,.000,.733,23,13.8,11.0,12.3,2.9,0.5,0.0,9.0,9.5,,0.1,0.1,0.2,.068,,-0.7,-1.4,-2.1
3,0,32,460,42,66,.636,42,66,.636,0,0,,31,39,.795,32,69,101,9,8,16,16,55,115
3,1,32,14.4,1.3,2.1,.636,1.3,2.1,.636,0.0,0.0,,1.0,1.2,.795,3.2,0.3,0.3,0.5,0.5,1.7,3.6
3,2,32,460,3.7,5.7,.636,3.7,5.7,.636,0.0,0.0,,2.7,3.4,.795,8.8,0.8,0.7,1.4,1.4,4.8,10.0
3,3,32,460,5.7,9.0,.636,5.7,9.0,.636,0.0,0.0,,4.2,5.3,.795,13.8,1.2,1.1,2.2,2.2,7.5,15.7,,129.3,101.2
3,4,32,460,16.4,.680,.636,.000,.591,114,9.4,17.7,13.8,4.0,1.1,4.2,15.9,12.0,,1.1,0.6,1.7,.146,,1.6,1.8,3.4
4,0,30,253,20,57,.351,6,13,.462,14,44,.318,14,23,.609,5,15,20,10,6,2,14,23,68
4,1,30,8.4,0.7,1.9,.351,0.2,0.4,.462,0.5,1.5,.318,0.5,0.8,.609,0.7,0.3,0.2,0.1,0.5,0.8,2.3
4,2,30,253,3.2,9.0,.351,0.9,2.1,.462,2.2,7.0,.318,2.2,3.6,.609,3.2,1.6,0.9,0.3,2.2,3.6,10.8
4,3,30,253,5.0,14.1,.351,1.5,3.2,.462,3.5,10.9,.318,3.5,5.7,.609,5.0,2.5,1.5,0.5,3.5,5.7,16.9,,95.5,106.9
4,4,30,253,8.4,.501,.474,.772,.404,64,2.7,7.0,5.0,7.9,1.5,1.0,17.1,17.8,,0.1,0.2,0.3,.050,,0.2,-1.8,-1.6
5,0,37,986,96,247,.389,37,77,.481,59,170,.347,63,86,.733,16,70,86,69,30,6,55,66,314
5,1,37,26.6,2.6,6.7,.389,1.0,2.1,.481,1.6,4.6,.347,1.7,2.3,.733,2.3,1.9,0.8,0.2,1.5,1.8,8.5
5,2,37,986,3.9,10.0,.389,1.5,3.1,.481,2.4,6.9,.347,2.6,3.5,.733,3.5,2.8,1.2,0.2,2.2,2.7,12.7
5,3,37,986,6.1,15.7,.389,2.4,4.9,.481,3.8,10.8,.347,4.0,5.5,.733,5.5,4.4,1.9,0.4,3.5,4.2,20.0,,106.2,105.6
5,4,37,986,13.4,.545,.508,.688,.348,302,2.2,8.4,5.5,14.5,1.9,0.7,16.0,19.1,,1.5,0.8,2.4,.095,,3.0,-0.7,2.3
6,0,26,513,47,112,.420,33,73,.452,14,39,.359,32,56,.571,13,65,78,21,10,1,24,67,140
6,1,26,19.7,1.8,4.3,.420,1.3,2.8,.452,0.5,1.5,.359,1.2,2.2,.571,3.0,0.8,0.4,0.0,0.9,2.6,5.4
6,2,26,513,3.7,8.7,.420,2.6,5.7,.452,1.1,3.0,.359,2.5,4.4,.571,6.1,1.6,0.8,0.1,1.9,5.2,10.9
6,3,26,513,5.8,13.7,.420,4.0,8.9,.452,1.7,4.8,.359,3.9,6.9,.571,9.5,2.6,1.2,0.1,2.9,8.2,17.1,,99.5,104.0
6,4,26,513,9.9,.505,.482,.348,.500,133,3.4,14.9,9.6,8.4,1.2,0.2,14.8,17.4,,0.4,0.5,1.0,.074,,-0.6,-0.7,-1.3
7,0,27,621,65,142,.458,17,38,.447,48,104,.462,14,18,.778,30,89,119,26,10,5,23,73,192
7,1,27,23.0,2.4,5.3,.458,0.6,1.4,.447,1.8,3.9,.462,0.5,0.7,.778,4.4,1.0,0.4,0.2,0.9,2.7,7.1
7,2,27,621,4.2,9.1,.458,1.1,2.4,.447,3.1,6.7,.462,0.9,1.2,.778,7.7,1.7,0.6,0.3,1.5,4.7,12.4
7,3,27,621,6.6,14.4,.458,1.7,3.8,.447,4.9,10.5,.462,1.4,1.8,.778,12.0,2.6,1.0,0.5,2.3,7.4,19.4,,122.6,103.3
7,4,27,621,15.7,.638,.627,.732,.127,176,6.5,16.9,12.1,8.8,1.0,1.0,13.3,15.3,,1.5,0.7,2.2,.139,,4.9,-0.3,4.6
8,0,37,1222,115,319,.361,86,232,.371,29,87,.333,119,159,.748,9,91,100,193,33,7,98,67,378
8,1,37,33.0,3.1,8.6,.361,2.3,6.3,.371,0.8,2.4,.333,3.2,4.3,.748,2.7,5.2,0.9,0.2,2.6,1.8,10.2
8,2,37,1222,3.8,10.4,.361,2.8,7.6,.371,0.9,2.8,.333,3.9,5.2,.748,3.3,6.3,1.1,0.2,3.2,2.2,12.4
8,3,37,1222,5.9,16.4,.361,4.4,11.9,.371,1.5,4.5,.333,6.1,8.2,.748,5.1,9.9,1.7,0.4,5.0,3.4,19.4,,100.7,106.0
8,4,37,1222,13.7,.479,.406,.273,.498,445,1.0,8.8,5.2,32.6,1.7,0.7,19.9,22.1,,1.6,1.0,2.6,.085,,0.1,-1.0,-0.9
9,0,34,1072,220,397,.554,191,324,.590,29,73,.397,144,195,.738,62,154,216,54,19,14,103,75,613
9,1,34,31.5,6.5,11.7,.554,5.6,9.5,.590,0.9,2.1,.397,4.2,5.7,.738,6.4,1.6,0.6,0.4,3.0,2.2,18.0
9,2,34,1072,8.2,14.8,.554,7.1,12.1,.590,1.1,2.7,.397,5.4,7.3,.738,8.1,2.0,0.7,0.5,3.8,2.8,22.9
9,3,34,1072,12.9,23.3,.554,11.2,19.0,.590,1.7,4.3,.397,8.4,11.4,.738,12.7,3.2,1.1,0.8,6.0,4.4,35.9,,112.5,103.1
9,4,34,1072,25.3,.626,.591,.184,.491,548,7.8,16.9,12.7,13.5,1.1,1.6,17.4,30.3,,3.5,1.2,4.7,.175,,4.7,-0.5,4.2
10,0,35,514,56,91,.615,56,91,.615,0,0,,51,85,.600,39,62,101,12,11,19,34,67,163
10,1,35,14.7,1.6,2.6,.615,1.6,2.6,.615,0.0,0.0,,1.5,2.4,.600,2.9,0.3,0.3,0.5,1.0,1.9,4.7
10,2,35,514,4.4,7.1,.615,4.4,7.1,.615,0.0,0.0,,4.0,6.6,.600,7.9,0.9,0.9,1.5,2.6,5.2,12.7
10,3,35,514,6.8,11.1,.615,6.8,11.1,.615,0.0,0.0,,6.2,10.4,.600,12.3,1.5,1.3,2.3,4.2,8.2,19.9,,110.5,102.0
10,4,35,514,16.3,.620,.615,.000,.934,159,10.3,14.2,12.4,5.0,1.3,4.4,20.6,17.7,,1.0,0.6,1.6,.122,,0.4,1.5,1.9
11,0,23,143,22,56,.393,7,11,.636,15,45,.333,0,0,,5,20,25,4,3,1,4,19,59
11,1,23,6.2,1.0,2.4,.393,0.3,0.5,.636,0.7,2.0,.333,0.0,0.0,,1.1,0.2,0.1,0.0,0.2,0.8,2.6
11,2,23,143,6.2,15.7,.393,2.0,3.1,.636,4.2,12.6,.333,0.0,0.0,,7.0,1.1,0.8,0.3,1.1,5.3,16.5
11,3,23,143,9.7,24.6,.393,3.1,4.8,.636,6.6,19.8,.333,0.0,0.0,,11.0,1.8,1.3,0.4,1.8,8.3,25.9,,107.9,102.8
11,4,23,143,15.8,.527,.527,.804,.000,49,4.7,16.5,11.0,6.6,1.3,0.8,6.7,23.0,,0.3,0.2,0.4,.119,,3.3,-3.3,0.0
12,0,3,6,0,1,.000,0,1,.000,0,0,,1,2,.500,0,1,1,0,0,0,0,0,1
12,1,3,2.0,0.0,0.3,.000,0.0,0.3,.000,0.0,0.0,,0.3,0.7,.500,0.3,0.0,0.0,0.0,0.0,0.0,0.3
12,2,3,6,0.0,6.7,.000,0.0,6.7,.000,0.0,0.0,,6.7,13.3,.500,6.7,0.0,0.0,0.0,0.0,0.0,6.7
12,3,3,6,0.0,10.5,.000,0.0,10.5,.000,0.0,0.0,,10.5,20.9,.500,10.5,0.0,0.0,0.0,0.0,0.0,10.5,,64.7,105.7
12,4,3,6,1.6,.256,.000,.000,2.000,1,0.0,19.6,10.5,0.0,0.0,0.0,0.0,17.8,,0.0,0.0,0.0,-.037,,-11.4,-5.8,-17.2
