0,0,10,27,2,3,.667,2,3,.667,0,0,,0,0,,1,1,2,4,2,0,2,2,4
0,1,10,2.7,0.2,0.3,.667,0.2,0.3,.667,0.0,0.0,,0.0,0.0,,0.2,0.4,0.2,0.0,0.2,0.2,0.4
0,2,10,27,3.0,4.4,.667,3.0,4.4,.667,0.0,0.0,,0.0,0.0,,3.0,5.9,3.0,0.0,3.0,3.0,5.9
0,3,10,27,4.7,7.1,.667,4.7,7.1,.667,0.0,0.0,,0.0,0.0,,4.7,9.4,4.7,0.0,4.7,4.7,9.4,,108.2,104.5
0,4,10,27,13.8,.667,.667,.000,.000,6,4.3,4.7,4.5,33.0,4.7,0.0,40.0,10.2,,0.0,0.0,0.1,.091,,-1.7,0.4,-1.3
1,0,20,83,11,28,.393,2,5,.400,9,23,.391,0,0,,3,4,7,2,1,0,4,10,31
1,1,20,4.2,0.6,1.4,.393,0.1,0.3,.400,0.5,1.2,.391,0.0,0.0,,0.4,0.1,0.1,0.0,0.2,0.5,1.6
1,2,20,83,5.3,13.5,.393,1.0,2.4,.400,4.3,11.1,.391,0.0,0.0,,3.4,1.0,0.5,0.0,1.9,4.8,14.9
1,3,20,83,8.4,21.4,.393,1.5,3.8,.400,6.9,17.6,.391,0.0,0.0,,5.4,1.5,0.8,0.0,3.1,7.6,23.7,,103.6,112.4
1,4,20,83,10.9,.554,.554,.821,.000,26,4.2,6.2,5.1,6.2,0.8,0.0,12.5,21.2,,0.1,0.0,0.1,.065,,1.4,-3.6,-2.3
2,0,29,239,8,26,.308,6,15,.400,2,11,.182,5,21,.238,17,24,41,4,6,0,13,28,23
2,1,29,8.2,0.3,0.9,.308,0.2,0.5,.400,0.1,0.4,.182,0.2,0.7,.238,1.4,0.1,0.2,0.0,0.4,1.0,0.8
2,2,29,239,1.3,4.4,.308,1.0,2.5,.400,0.3,1.8,.182,0.8,3.5,.238,6.9,0.7,1.0,0.0,2.2,4.7,3.8
2,3,29,239,2.1,6.9,.308,1.6,4.0,.400,0.5,2.9,.182,1.3,5.6,.238,10.9,1.1,1.6,0.0,3.5,7.4,6.1,,67.9,108.3
2,4,29,239,2.2,.320,.346,.423,.808,31,8.2,12.9,10.4,3.4,1.6,0.0,26.5,11.3,,-0.3,0.2,-0.1,-.017,,-5.9,0.7,-5.2
3,0,28,180,11,24,.458,11,24,.458,0,0,,12,20,.600,13,32,45,5,1,4,6,24,34
3,1,28,6.4,0.4,0.9,.458,0.4,0.9,.458,0.0,0.0,,0.4,0.7,.600,1.6,0.2,0.0,0.1,0.2,0.9,1.2
3,2,28,180,2.4,5.3,.458,2.4,5.3,.458,0.0,0.0,,2.7,4.4,.600,10.0,1.1,0.2,0.9,1.3,5.3,7.6
3,3,28,180,3.9,8.5,.458,3.9,8.5,.458,0.0,0.0,,4.2,7.1,.600,15.9,1.8,0.4,1.4,2.1,8.5,12.0,,107.6,106.0
3,4,28,180,10.9,.507,.458,.000,.833,38,8.4,22.8,15.2,6.0,0.4,2.6,15.2,12.1,,0.2,0.2,0.4,.083,,-3.9,1.4,-2.5
4,0,9,17,3,5,.600,3,5,.600,0,0,,1,5,.200,1,2,3,0,2,1,2,1,7
4,1,9,1.9,0.3,0.6,.600,0.3,0.6,.600,0.0,0.0,,0.1,0.6,.200,0.3,0.0,0.2,0.1,0.2,0.1,0.8
4,2,9,17,7.1,11.8,.600,7.1,11.8,.600,0.0,0.0,,2.4,11.8,.200,7.1,0.0,4.7,2.4,4.7,2.4,16.5
4,3,9,17,11.2,18.7,.600,11.2,18.7,.600,0.0,0.0,,3.7,18.7,.200,11.2,0.0,7.5,3.7,7.5,3.7,26.1,,74.2,91.0
4,4,9,17,18.2,.475,.600,.000,1.000,6,6.8,15.1,10.7,0.0,7.5,6.9,21.3,30.4,,0.0,0.0,0.0,.005,,-8.6,3.7,-5.0
5,0,31,560,55,154,.357,31,81,.383,24,73,.329,36,52,.692,11,47,58,45,16,3,41,40,170
5,1,31,18.1,1.8,5.0,.357,1.0,2.6,.383,0.8,2.4,.329,1.2,1.7,.692,1.9,1.5,0.5,0.1,1.3,1.3,5.5
5,2,31,560,3.9,11.0,.357,2.2,5.8,.383,1.7,5.2,.329,2.6,3.7,.692,4.1,3.2,1.1,0.2,2.9,2.9,12.1
5,3,31,560,6.2,17.5,.357,3.5,9.2,.383,2.7,8.3,.329,4.1,5.9,.692,6.6,5.1,1.8,0.3,4.6,4.5,19.3,,92.3,108.5
5,4,31,560,10.3,.476,.435,.474,.338,172,2.3,10.7,6.3,18.9,1.8,0.6,18.7,21.6,,0.0,0.5,0.5,.038,,-1.7,-0.3,-2.0
6,0,31,737,103,262,.393,52,117,.444,51,145,.352,39,55,.709,17,57,74,20,14,2,30,55,296
6,1,31,23.8,3.3,8.5,.393,1.7,3.8,.444,1.6,4.7,.352,1.3,1.8,.709,2.4,0.6,0.5,0.1,1.0,1.8,9.5
6,2,31,737,5.6,14.2,.393,2.8,6.4,.444,2.8,7.9,.352,2.1,3.0,.709,4.0,1.1,0.8,0.1,1.6,3.0,16.1
6,3,31,737,8.9,22.6,.393,4.5,10.1,.444,4.4,12.5,.352,3.4,4.7,.709,6.4,1.7,1.2,0.2,2.6,4.7,25.5,,102.8,110.3
6,4,31,737,13.3,.514,.490,.553,.210,257,2.7,9.9,6.1,7.1,1.2,0.3,9.4,23.8,,0.8,0.6,1.4,.074,,0.9,-2.1,-1.2
7,0,30,667,63,160,.394,27,61,.443,36,99,.364,26,35,.743,11,41,52,25,11,6,27,65,188
7,1,30,22.2,2.1,5.3,.394,0.9,2.0,.443,1.2,3.3,.364,0.9,1.2,.743,1.7,0.8,0.4,0.2,0.9,2.2,6.3
7,2,30,667,3.8,9.6,.394,1.6,3.7,.443,2.2,5.9,.364,1.6,2.1,.743,3.1,1.5,0.7,0.4,1.6,3.9,11.3
7,3,30,667,6.0,15.2,.394,2.6,5.8,.443,3.4,9.4,.364,2.5,3.3,.743,4.9,2.4,1.0,0.6,2.6,6.2,17.9,,103.3,110.7
7,4,30,667,9.6,.532,.506,.619,.219,171,1.9,7.9,4.7,8.7,1.0,1.1,13.3,16.8,,0.6,0.5,1.0,.062,,-0.1,-0.5,-0.7
8,0,23,787,132,308,.429,56,113,.496,76,195,.390,106,127,.835,22,75,97,33,28,3,47,57,446
8,1,23,34.2,5.7,13.4,.429,2.4,4.9,.496,3.3,8.5,.390,4.6,5.5,.835,4.2,1.4,1.2,0.1,2.0,2.5,19.4
8,2,23,787,6.7,15.7,.429,2.8,5.7,.496,3.9,9.9,.390,5.4,6.5,.835,4.9,1.7,1.4,0.2,2.4,2.9,22.7
8,3,23,787,10.6,24.8,.429,4.5,9.1,.496,6.1,15.7,.390,8.6,10.2,.835,7.8,2.7,2.3,0.2,3.8,4.6,36.0,,117.6,107.1
8,4,23,787,23.5,.605,.552,.633,.412,389,3.2,12.2,7.5,11.8,2.3,0.4,11.3,29.0,,2.5,0.8,3.4,.171,,7.8,-1.0,6.8
9,0,31,621,43,93,.462,43,91,.473,0,2,.000,17,33,.515,51,56,107,31,20,23,23,81,103
9,1,31,20.0,1.4,3.0,.462,1.4,2.9,.473,0.0,0.1,.000,0.5,1.1,.515,3.5,1.0,0.6,0.7,0.7,2.6,3.3
9,2,31,621,2.8,6.0,.462,2.8,5.9,.473,0.0,0.1,.000,1.1,2.1,.515,6.9,2.0,1.3,1.5,1.5,5.2,6.6
9,3,31,621,4.4,9.5,.462,4.4,9.3,.473,0.0,0.2,.000,1.7,3.4,.515,10.9,3.2,2.0,2.4,2.4,8.3,10.5,,103.8,105.1
9,4,31,621,11.5,.474,.462,.022,.355,129,9.5,11.5,10.5,11.0,2.0,4.4,17.5,11.7,,0.4,0.8,1.2,.078,,-1.7,4.7,3.1
10,0,31,503,38,97,.392,38,96,.396,0,1,.000,17,48,.354,34,45,79,26,11,30,30,77,93
10,1,31,16.2,1.2,3.1,.392,1.2,3.1,.396,0.0,0.0,.000,0.5,1.5,.354,2.5,0.8,0.4,1.0,1.0,2.5,3.0
10,2,31,503,3.0,7.7,.392,3.0,7.6,.396,0.0,0.1,.000,1.4,3.8,.354,6.3,2.1,0.9,2.4,2.4,6.1,7.4
10,3,31,503,4.8,12.2,.392,4.8,12.1,.396,0.0,0.1,.000,2.1,6.1,.354,10.0,3.3,1.4,3.8,3.8,9.7,11.7,,81.9,104.9
10,4,31,503,7.8,.388,.392,.010,.495,110,7.8,11.5,9.5,11.5,1.4,7.0,20.0,16.4,,-0.4,0.6,0.2,.017,,-5.4,4.9,-0.5
11,0,31,955,108,272,.397,82,161,.509,26,111,.234,71,90,.789,68,229,297,46,23,12,59,60,313
11,1,31,30.8,3.5,8.8,.397,2.6,5.2,.509,0.8,3.6,.234,2.3,2.9,.789,9.6,1.5,0.7,0.4,1.9,1.9,10.1
11,2,31,955,4.5,11.4,.397,3.4,6.7,.509,1.1,4.6,.234,3.0,3.8,.789,12.4,1.9,1.0,0.5,2.5,2.5,13.1
11,3,31,955,7.2,18.1,.397,5.5,10.7,.509,1.7,7.4,.234,4.7,6.0,.789,19.7,3.1,1.5,0.8,3.9,4.0,20.8,,100.6,101.8
11,4,31,955,16.9,.497,.445,.408,.331,322,8.2,30.7,18.9,11.7,1.5,1.5,15.8,21.5,,0.8,1.5,2.3,.096,,-0.5,2.2,1.7
12,0,31,874,77,201,.383,67,148,.453,10,53,.189,62,110,.564,9,50,59,84,24,5,59,65,226
12,1,31,28.2,2.5,6.5,.383,2.2,4.8,.453,0.3,1.7,.189,2.0,3.5,.564,1.9,2.7,0.8,0.2,1.9,2.1,7.3
12,2,31,874,3.5,9.2,.383,3.1,6.8,.453,0.5,2.4,.189,2.8,5.0,.564,2.7,3.8,1.1,0.2,2.7,3.0,10.3
12,3,31,874,5.6,14.6,.383,4.9,10.7,.453,0.7,3.8,.189,4.5,8.0,.564,4.3,6.1,1.7,0.4,4.3,4.7,16.4,,89.6,109.8
12,4,31,874,8.5,.446,.408,.264,.547,243,1.2,7.3,4.1,22.1,1.7,0.7,18.9,19.7,,-0.2,0.7,0.5,.023,,-3.0,-0.2,-3.2
