0,0,37,1150,163,337,.484,60,111,.541,103,226,.456,88,102,.863,7,135,142,87,38,2,47,64,517
0,1,37,31.1,4.4,9.1,.484,1.6,3.0,.541,2.8,6.1,.456,2.4,2.8,.863,3.8,2.4,1.0,0.1,1.3,1.7,14.0
0,2,37,1150,5.7,11.7,.484,2.1,3.9,.541,3.6,7.9,.456,3.1,3.5,.863,4.9,3.0,1.3,0.1,1.6,2.2,18.0
0,3,37,1150,8.7,17.9,.484,3.2,5.9,.541,5.5,12.0,.456,4.7,5.4,.863,7.5,4.6,2.0,0.1,2.5,3.4,27.5,,132.5,95.3
0,4,37,1150,22.9,.671,.636,.671,.303,466,0.8,13.1,7.6,14.5,2.0,0.2,10.9,20.2,,4.7,2.1,6.7,.234,,6.7,0.1,6.7
1,0,37,1186,179,376,.476,119,231,.515,60,145,.414,146,193,.756,15,139,154,140,45,10,75,67,564
1,1,37,32.1,4.8,10.2,.476,3.2,6.2,.515,1.6,3.9,.414,3.9,5.2,.756,4.2,3.8,1.2,0.3,2.0,1.8,15.2
1,2,37,1186,6.0,12.7,.476,4.0,7.8,.515,2.0,4.9,.414,4.9,6.5,.756,5.2,4.7,1.5,0.3,2.5,2.3,19.0
1,3,37,1186,9.2,19.4,.476,6.1,11.9,.515,3.1,7.5,.414,7.5,9.9,.756,7.9,7.2,2.3,0.5,3.9,3.5,29.1,,121.7,94.2
1,4,37,1186,24.1,.603,.556,.386,.513,565,1.7,13.1,8.0,23.1,2.3,0.8,13.8,24.6,,4.6,2.3,6.9,.233,,4.5,0.9,5.4
2,0,37,802,85,147,.578,85,147,.578,0,0,,89,128,.695,89,173,262,16,14,62,58,84,259
2,1,37,21.7,2.3,4.0,.578,2.3,4.0,.578,0.0,0.0,,2.4,3.5,.695,7.1,0.4,0.4,1.7,1.6,2.3,7.0
2,2,37,802,4.2,7.3,.578,4.2,7.3,.578,0.0,0.0,,4.4,6.4,.695,13.1,0.8,0.7,3.1,2.9,4.2,12.9
2,3,37,802,6.5,11.2,.578,6.5,11.2,.578,0.0,0.0,,6.8,9.8,.695,20.0,1.2,1.1,4.7,4.4,6.4,19.7,,115.7,87.9
2,4,37,802,21.4,.623,.578,.000,.871,282,15.3,24.1,20.1,3.6,1.1,7.4,21.8,17.8,,2.0,2.0,4.0,.200,,-0.6,3.7,3.1
3,0,13,55,5,12,.417,5,9,.556,0,3,.000,4,7,.571,2,5,7,7,0,0,6,5,14
3,1,13,4.2,0.4,0.9,.417,0.4,0.7,.556,0.0,0.2,.000,0.3,0.5,.571,0.5,0.5,0.0,0.0,0.5,0.4,1.1
3,2,13,55,3.6,8.7,.417,3.6,6.5,.556,0.0,2.2,.000,2.9,5.1,.571,5.1,5.1,0.0,0.0,4.4,3.6,10.2
3,3,13,55,5.6,13.3,.417,5.6,10.0,.556,0.0,3.3,.000,4.4,7.8,.571,7.8,7.8,0.0,0.0,6.7,5.6,15.6,,88.4,100.8
3,4,13,55,7.4,.457,.417,.250,.583,18,5.0,10.2,7.8,22.3,0.0,0.0,28.1,20.9,,0.0,0.1,0.1,.050,,-4.9,-2.3,-7.2
4,0,3,3,0,1,.000,0,0,,0,1,.000,2,2,1.000,0,0,0,0,1,0,1,0,2
4,1,3,1.0,0.0,0.3,.000,0.0,0.0,,0.0,0.3,.000,0.7,0.7,1.000,0.0,0.0,0.3,0.0,0.3,0.0,0.7
4,2,3,3,0.0,13.3,.000,0.0,0.0,,0.0,13.3,.000,26.7,26.7,1.000,0.0,0.0,13.3,0.0,13.3,0.0,26.7
4,3,3,3,0.0,20.4,.000,0.0,0.0,,0.0,20.4,.000,40.7,40.7,1.000,0.0,0.0,20.4,0.0,20.4,0.0,40.7,,76.4,61.2
4,4,3,3,24.2,.513,.000,1.000,2.000,2,0.0,0.0,0.0,0.0,20.4,0.0,33.9,52.9,,0.0,0.0,0.0,.086,,-5.0,7.5,2.5
5,0,17,96,12,27,.444,5,11,.455,7,16,.438,1,2,.500,4,18,22,3,1,1,3,9,32
5,1,17,5.6,0.7,1.6,.444,0.3,0.6,.455,0.4,0.9,.438,0.1,0.1,.500,1.3,0.2,0.1,0.1,0.2,0.5,1.9
5,2,17,96,5.0,11.3,.444,2.1,4.6,.455,2.9,6.7,.438,0.4,0.8,.500,9.2,1.3,0.4,0.4,1.3,3.8,13.3
5,3,17,96,7.6,17.2,.444,3.2,7.0,.455,4.5,10.2,.438,0.6,1.3,.500,14.0,1.9,0.6,0.6,1.9,5.7,20.4,,116.4,94.4
5,4,17,96,15.9,.572,.574,.593,.074,29,5.7,21.0,14.1,5.8,0.6,1.0,9.7,17.3,,0.2,0.2,0.4,.163,,0.5,-1.5,-1.0
6,0,34,347,29,65,.446,29,65,.446,0,0,,15,36,.417,23,51,74,5,6,18,23,51,73
6,1,34,10.2,0.9,1.9,.446,0.9,1.9,.446,0.0,0.0,,0.4,1.1,.417,2.2,0.1,0.2,0.5,0.7,1.5,2.1
6,2,34,347,3.3,7.5,.446,3.3,7.5,.446,0.0,0.0,,1.7,4.1,.417,8.5,0.6,0.7,2.1,2.7,5.9,8.4
6,3,34,347,5.1,11.4,.446,5.1,11.4,.446,0.0,0.0,,2.6,6.3,.417,13.0,0.9,1.1,3.2,4.1,9.0,12.9,,85.4,92.4
6,4,34,347,8.5,.445,.446,.000,.554,79,9.1,16.4,13.2,2.5,1.1,5.0,21.9,16.3,,-0.1,0.7,0.6,.073,,-5.9,2.0,-3.9
7,0,37,879,143,227,.630,143,227,.630,0,0,,45,70,.643,67,156,223,58,31,21,56,84,331
7,1,37,23.8,3.9,6.1,.630,3.9,6.1,.630,0.0,0.0,,1.2,1.9,.643,6.0,1.6,0.8,0.6,1.5,2.3,8.9
7,2,37,879,6.5,10.3,.630,6.5,10.3,.630,0.0,0.0,,2.0,3.2,.643,10.1,2.6,1.4,1.0,2.5,3.8,15.1
7,3,37,879,9.9,15.8,.630,9.9,15.8,.630,0.0,0.0,,3.1,4.9,.643,15.5,4.0,2.2,1.5,3.9,5.8,23.0,,120.0,90.7
7,4,37,879,22.9,.636,.630,.000,.308,340,10.5,19.8,15.6,13.2,2.2,2.3,17.7,19.4,,2.7,2.0,4.7,.212,,2.4,3.2,5.5
8,0,37,962,91,211,.431,38,80,.475,53,131,.405,31,39,.795,6,54,60,105,17,2,51,68,266
8,1,37,26.0,2.5,5.7,.431,1.0,2.2,.475,1.4,3.5,.405,0.8,1.1,.795,1.6,2.8,0.5,0.1,1.4,1.8,7.2
8,2,37,962,3.8,8.8,.431,1.6,3.3,.475,2.2,5.4,.405,1.3,1.6,.795,2.5,4.4,0.7,0.1,2.1,2.8,11.1
8,3,37,962,5.8,13.4,.431,2.4,5.1,.475,3.4,8.3,.405,2.0,2.5,.795,3.8,6.7,1.1,0.1,3.2,4.3,16.9,,113.9,99.9
8,4,37,962,12.5,.579,.557,.621,.185,283,0.9,6.3,3.8,19.2,1.1,0.2,18.2,15.7,,1.9,1.3,3.2,.133,,1.5,-1.4,0.1
9,0,36,872,167,293,.570,167,293,.570,0,0,,91,131,.695,69,129,198,16,22,43,44,95,425
9,1,36,24.2,4.6,8.1,.570,4.6,8.1,.570,0.0,0.0,,2.5,3.6,.695,5.5,0.4,0.6,1.2,1.2,2.6,11.8
9,2,36,872,7.7,13.4,.570,7.7,13.4,.570,0.0,0.0,,4.2,6.0,.695,9.1,0.7,1.0,2.0,2.0,4.4,19.5
9,3,36,872,11.7,20.5,.570,11.7,20.5,.570,0.0,0.0,,6.4,9.2,.695,13.9,1.1,1.5,3.0,3.1,6.7,29.8,,119.4,91.7
9,4,36,872,25.2,.598,.570,.000,.447,392,10.9,16.5,14.0,3.9,1.5,4.7,11.0,24.6,,3.1,1.9,4.9,.226,,0.3,0.9,1.2
10,0,37,802,84,197,.426,52,101,.515,32,96,.333,33,43,.767,9,73,82,60,14,4,68,62,233
10,1,37,21.7,2.3,5.3,.426,1.4,2.7,.515,0.9,2.6,.333,0.9,1.2,.767,2.2,1.6,0.4,0.1,1.8,1.7,6.3
10,2,37,802,4.2,9.8,.426,2.6,5.0,.515,1.6,4.8,.333,1.6,2.1,.767,4.1,3.0,0.7,0.2,3.4,3.1,11.6
10,3,37,802,6.4,15.0,.426,4.0,7.7,.515,2.4,7.3,.333,2.5,3.3,.767,6.2,4.6,1.1,0.3,5.2,4.7,17.8,,94.7,98.2
10,4,37,802,9.7,.536,.508,.487,.218,233,1.5,10.2,6.3,13.4,1.1,0.5,23.8,19.1,,0.5,1.2,1.7,.083,,-1.9,-0.4,-2.3
11,0,33,321,32,64,.500,21,42,.500,11,22,.500,9,15,.600,5,28,33,21,6,2,22,34,84
11,1,33,9.7,1.0,1.9,.500,0.6,1.3,.500,0.3,0.7,.500,0.3,0.5,.600,1.0,0.6,0.2,0.1,0.7,1.0,2.5
11,2,33,321,4.0,8.0,.500,2.6,5.2,.500,1.4,2.7,.500,1.1,1.9,.600,4.1,2.6,0.7,0.2,2.7,4.2,10.5
11,3,33,321,6.1,12.2,.500,4.0,8.0,.500,2.1,4.2,.500,1.7,2.9,.600,6.3,4.0,1.1,0.4,4.2,6.5,16.0,,102.0,98.0
11,4,33,321,10.1,.591,.586,.344,.234,83,2.1,9.7,6.3,11.6,1.1,0.6,23.6,15.6,,0.3,0.5,0.8,.102,,-1.5,-0.4,-1.9
