0,0,31,881,118,253,.466,40,93,.430,78,160,.488,65,76,.855,8,56,64,87,17,2,55,50,379
0,1,31,28.4,3.8,8.2,.466,1.3,3.0,.430,2.5,5.2,.488,2.1,2.5,.855,2.1,2.8,0.5,0.1,1.8,1.6,12.2
0,2,31,881,5.4,11.5,.466,1.8,4.2,.430,3.5,7.3,.488,3.0,3.5,.855,2.9,4.0,0.8,0.1,2.5,2.3,17.2
0,3,31,881,8.1,17.4,.466,2.8,6.4,.430,5.4,11.0,.488,4.5,5.2,.855,4.4,6.0,1.2,0.1,3.8,3.4,26.1,,122.0,107.6
0,4,31,881,19.4,.655,.621,.632,.300,359,1.1,7.5,4.4,21.4,1.2,0.3,16.0,20.9,,2.8,0.6,3.5,.157,,5.0,-3.3,1.8
1,0,32,928,116,261,.444,62,135,.459,54,126,.429,71,103,.689,35,166,201,63,25,3,54,85,357
1,1,32,29.0,3.6,8.2,.444,1.9,4.2,.459,1.7,3.9,.429,2.2,3.2,.689,6.3,2.0,0.8,0.1,1.7,2.7,11.2
1,2,32,928,5.0,11.3,.444,2.7,5.8,.459,2.3,5.4,.429,3.1,4.4,.689,8.7,2.7,1.1,0.1,2.3,3.7,15.4
1,3,32,928,7.6,17.1,.444,4.1,8.8,.459,3.5,8.2,.429,4.6,6.7,.689,13.2,4.1,1.6,0.2,3.5,5.6,23.4,,112.1,100.9
1,4,32,928,18.4,.576,.548,.483,.395,349,4.8,21.0,13.2,14.4,1.6,0.4,14.8,21.0,,2.1,1.2,3.3,.144,,2.2,-0.5,1.8
2,0,14,48,1,9,.111,0,2,.000,1,7,.143,0,1,.000,0,6,6,4,1,0,1,3,3
2,1,14,3.4,0.1,0.6,.111,0.0,0.1,.000,0.1,0.5,.143,0.0,0.1,.000,0.4,0.3,0.1,0.0,0.1,0.2,0.2
2,2,14,48,0.8,7.5,.111,0.0,1.7,.000,0.8,5.8,.143,0.0,0.8,.000,5.0,3.3,0.8,0.0,0.8,2.5,2.5
2,3,14,48,1.3,11.4,.111,0.0,2.5,.000,1.3,8.9,.143,0.0,1.3,.000,7.6,5.1,1.3,0.0,1.3,3.8,3.8,,55.3,104.6
2,4,14,48,0.6,.158,.167,.778,.111,5,0.0,14.7,7.6,14.5,1.3,0.0,9.5,11.7,,-0.1,0.0,0.0,-.036,,-6.7,-1.5,-8.2
3,0,32,607,87,196,.444,63,146,.432,24,50,.480,27,38,.711,30,82,112,19,7,5,30,83,225
3,1,32,19.0,2.7,6.1,.444,2.0,4.6,.432,0.8,1.6,.480,0.8,1.2,.711,3.5,0.6,0.2,0.2,0.9,2.6,7.0
3,2,32,607,5.7,12.9,.444,4.2,9.6,.432,1.6,3.3,.480,1.8,2.5,.711,7.4,1.3,0.5,0.3,2.0,5.5,14.8
3,3,32,607,8.7,19.6,.444,6.3,14.6,.432,2.4,5.0,.480,2.7,3.8,.711,11.2,1.9,0.7,0.5,3.0,8.3,22.5,,103.6,104.6
3,4,32,607,13.8,.526,.505,.255,.194,210,6.2,15.9,11.2,6.9,0.7,1.0,12.3,21.5,,0.8,0.6,1.5,.096,,-1.8,-2.5,-4.3
4,0,32,997,134,316,.424,84,184,.457,50,132,.379,81,108,.750,28,138,166,82,44,4,88,68,399
4,1,32,31.2,4.2,9.9,.424,2.6,5.8,.457,1.6,4.1,.379,2.5,3.4,.750,5.2,2.6,1.4,0.1,2.8,2.1,12.5
4,2,32,997,5.4,12.7,.424,3.4,7.4,.457,2.0,5.3,.379,3.2,4.3,.750,6.7,3.3,1.8,0.2,3.5,2.7,16.0
4,3,32,997,8.2,19.2,.424,5.1,11.2,.457,3.0,8.0,.379,4.9,6.6,.750,10.1,5.0,2.7,0.2,5.4,4.1,24.3,,100.9,100.5
4,4,32,997,17.2,.543,.503,.418,.342,396,3.5,16.2,10.1,17.8,2.7,0.5,19.3,24.4,,1.3,1.4,2.7,.109,,0.6,0.2,0.8
5,0,10,285,49,112,.438,30,57,.526,19,55,.345,60,70,.857,6,32,38,33,14,2,28,23,177
5,1,10,28.5,4.9,11.2,.438,3.0,5.7,.526,1.9,5.5,.345,6.0,7.0,.857,3.8,3.3,1.4,0.2,2.8,2.3,17.7
5,2,10,285,6.9,15.7,.438,4.2,8.0,.526,2.7,7.7,.345,8.4,9.8,.857,5.3,4.6,2.0,0.3,3.9,3.2,24.8
5,3,10,285,10.4,23.9,.438,6.4,12.1,.526,4.0,11.7,.345,12.8,14.9,.857,8.1,7.0,3.0,0.4,6.0,4.9,37.7,,116.6,100.8
5,4,10,285,28.1,.609,.522,.491,.625,172,2.7,13.2,8.1,27.3,3.0,0.8,16.2,32.5,,1.2,0.4,1.6,.220,,6.5,-1.1,5.4
6,0,31,775,45,100,.450,45,95,.474,0,5,.000,34,44,.773,55,105,160,26,35,34,32,80,124
6,1,31,25.0,1.5,3.2,.450,1.5,3.1,.474,0.0,0.2,.000,1.1,1.4,.773,5.2,0.8,1.1,1.1,1.0,2.6,4.0
6,2,31,775,2.3,5.2,.450,2.3,4.9,.474,0.0,0.3,.000,1.8,2.3,.773,8.3,1.3,1.8,1.8,1.7,4.1,6.4
6,3,31,775,3.5,7.8,.450,3.5,7.4,.474,0.0,0.4,.000,2.7,3.4,.773,12.5,2.0,2.7,2.7,2.5,6.3,9.7,,105.8,97.8
6,4,31,775,12.9,.513,.450,.050,.440,154,8.9,15.9,12.5,6.2,2.7,5.1,20.9,10.6,,0.7,1.3,2.0,.102,,-1.5,4.5,3.0
7,0,32,819,121,222,.545,121,216,.560,0,6,.000,73,99,.737,50,87,137,25,11,32,51,122,315
7,1,32,25.6,3.8,6.9,.545,3.8,6.8,.560,0.0,0.2,.000,2.3,3.1,.737,4.3,0.8,0.3,1.0,1.6,3.8,9.8
7,2,32,819,5.9,10.8,.545,5.9,10.5,.560,0.0,0.3,.000,3.6,4.8,.737,6.7,1.2,0.5,1.6,2.5,6.0,15.4
7,3,32,819,9.0,16.5,.545,9.0,16.0,.560,0.0,0.4,.000,5.4,7.3,.737,10.2,1.9,0.8,2.4,3.8,9.0,23.4,,110.2,103.6
7,4,32,819,16.9,.585,.545,.027,.446,301,7.7,12.5,10.2,6.8,0.8,4.5,15.9,20.9,,1.7,0.9,2.6,.125,,-0.9,0.3,-0.7
8,0,18,178,17,39,.436,6,10,.600,11,29,.379,3,7,.429,0,12,12,8,2,3,14,16,48
8,1,18,9.9,0.9,2.2,.436,0.3,0.6,.600,0.6,1.6,.379,0.2,0.4,.429,0.7,0.4,0.1,0.2,0.8,0.9,2.7
8,2,18,178,3.8,8.8,.436,1.3,2.2,.600,2.5,6.5,.379,0.7,1.6,.429,2.7,1.8,0.4,0.7,3.1,3.6,10.8
8,3,18,178,5.8,13.3,.436,2.0,3.4,.600,3.8,9.9,.379,1.0,2.4,.429,4.1,2.7,0.7,1.0,4.8,5.5,16.4,,89.2,107.5
8,4,18,178,7.2,.567,.577,.744,.179,42,0.0,7.9,4.1,9.0,0.7,1.9,24.9,16.9,,0.0,0.1,0.1,.028,,-2.7,-2.4,-5.1
9,0,32,535,29,106,.274,10,49,.204,19,57,.333,25,27,.926,4,39,43,49,15,0,34,35,102
9,1,32,16.7,0.9,3.3,.274,0.3,1.5,.204,0.6,1.8,.333,0.8,0.8,.926,1.3,1.5,0.5,0.0,1.1,1.1,3.2
9,2,32,535,2.2,7.9,.274,0.7,3.7,.204,1.4,4.3,.333,1.9,2.0,.926,3.2,3.7,1.1,0.0,2.5,2.6,7.6
9,3,32,535,3.3,12.0,.274,1.1,5.6,.204,2.2,6.5,.333,2.8,3.1,.926,4.9,5.6,1.7,0.0,3.9,4.0,11.6,,87.2,106.1
9,4,32,535,6.5,.429,.363,.538,.255,119,0.9,8.6,4.9,16.9,1.7,0.0,22.2,15.3,,-0.1,0.5,0.4,.027,,-3.6,-1.8,-5.4
10,0,32,372,49,93,.527,49,93,.527,0,0,,16,29,.552,32,37,69,5,6,6,19,70,114
10,1,32,11.6,1.5,2.9,.527,1.5,2.9,.527,0.0,0.0,,0.5,0.9,.552,2.2,0.2,0.2,0.2,0.6,2.2,3.6
10,2,32,372,5.3,10.0,.527,5.3,10.0,.527,0.0,0.0,,1.7,3.1,.552,7.4,0.5,0.6,0.6,2.0,7.5,12.3
10,3,32,372,8.0,15.2,.527,8.0,15.2,.527,0.0,0.0,,2.6,4.7,.552,11.3,0.8,1.0,1.0,3.1,11.4,18.6,,104.0,104.8
10,4,32,372,12.0,.534,.527,.000,.312,113,10.8,11.7,11.3,2.9,1.0,1.9,15.1,18.1,,0.5,0.4,0.8,.089,,-2.8,-2.1,-4.9
