0,0,31,1031,163,351,.464,102,194,.526,61,157,.389,209,254,.823,13,118,131,122,30,6,86,70,596
0,1,31,33.3,5.3,11.3,.464,3.3,6.3,.526,2.0,5.1,.389,6.7,8.2,.823,4.2,3.9,1.0,0.2,2.8,2.3,19.2
0,2,31,1031,6.3,13.6,.464,4.0,7.5,.526,2.4,6.1,.389,8.1,9.9,.823,5.1,4.7,1.2,0.2,3.3,2.7,23.1
0,3,31,1031,9.8,21.2,.464,6.2,11.7,.526,3.7,9.5,.389,12.6,15.3,.823,7.9,7.4,1.8,0.4,5.2,4.2,36.0,,122.6,103.5
0,4,31,1031,25.7,.632,.551,.447,.724,583,1.7,13.0,7.9,28.0,1.8,0.5,15.4,29.8,,4.3,1.4,5.7,.221,,6.2,-1.2,5.0
1,0,30,903,83,170,.488,82,169,.485,1,1,1.000,94,129,.729,107,222,329,17,15,25,44,76,261
1,1,30,30.1,2.8,5.7,.488,2.7,5.6,.485,0.0,0.0,1.000,3.1,4.3,.729,11.0,0.6,0.5,0.8,1.5,2.5,8.7
1,2,30,903,3.7,7.5,.488,3.6,7.5,.485,0.0,0.0,1.000,4.2,5.7,.729,14.6,0.8,0.7,1.1,1.9,3.4,11.6
1,3,30,903,5.7,11.7,.488,5.7,11.6,.485,0.1,0.1,1.000,6.5,8.9,.729,22.7,1.2,1.0,1.7,3.0,5.2,18.0,,118.1,97.7
1,4,30,903,18.8,.564,.491,.006,.759,300,16.3,27.9,22.6,3.8,1.0,2.6,16.0,16.8,,1.9,1.7,3.7,.164,,-1.5,0.3,-1.1
2,0,11,51,6,9,.667,4,5,.800,2,4,.500,4,5,.800,4,11,15,0,1,1,4,7,18
2,1,11,4.6,0.5,0.8,.667,0.4,0.5,.800,0.2,0.4,.500,0.4,0.5,.800,1.4,0.0,0.1,0.1,0.4,0.6,1.6
2,2,11,51,4.7,7.1,.667,3.1,3.9,.800,1.6,3.1,.500,3.1,3.9,.800,11.8,0.0,0.8,0.8,3.1,5.5,14.1
2,3,11,51,7.3,11.0,.667,4.9,6.1,.800,2.4,4.9,.500,4.9,6.1,.800,18.3,0.0,1.2,1.2,4.9,8.5,22.0,,119.9,98.9
2,4,11,51,18.4,.791,.778,.444,.556,16,10.8,24.5,18.3,0.0,1.2,1.8,26.0,16.6,,0.1,0.1,0.2,.158,,-1.6,-4.8,-6.4
3,0,21,120,17,30,.567,9,11,.818,8,19,.421,1,4,.250,3,17,20,1,2,2,6,16,43
3,1,21,5.7,0.8,1.4,.567,0.4,0.5,.818,0.4,0.9,.421,0.0,0.2,.250,1.0,0.0,0.1,0.1,0.3,0.8,2.0
3,2,21,120,5.7,10.0,.567,3.0,3.7,.818,2.7,6.3,.421,0.3,1.3,.250,6.7,0.3,0.7,0.7,2.0,5.3,14.3
3,3,21,120,8.8,15.6,.567,4.7,5.7,.818,4.1,9.9,.421,0.5,2.1,.250,10.4,0.5,1.0,1.0,3.1,8.3,22.3,,110.7,102.9
3,4,21,120,14.4,.674,.700,.633,.133,33,3.4,16.1,10.4,1.9,1.0,1.5,15.8,17.4,,0.2,0.2,0.3,.112,,-0.6,-2.8,-3.4
4,0,31,705,74,160,.463,58,127,.457,16,33,.485,51,80,.638,13,78,91,68,19,6,58,57,215
4,1,31,22.7,2.4,5.2,.463,1.9,4.1,.457,0.5,1.1,.485,1.6,2.6,.638,2.9,2.2,0.6,0.2,1.9,1.8,6.9
4,2,31,705,4.2,9.1,.463,3.3,7.2,.457,0.9,1.9,.485,2.9,4.5,.638,5.2,3.9,1.1,0.3,3.3,3.2,12.2
4,3,31,705,6.5,14.1,.463,5.1,11.2,.457,1.4,2.9,.485,4.5,7.1,.638,8.0,6.0,1.7,0.5,5.1,5.0,19.0,,99.7,103.7
4,4,31,705,12.3,.543,.513,.206,.500,227,2.5,12.5,8.0,20.3,1.7,0.8,22.7,20.0,,0.5,1.0,1.5,.084,,-2.6,-0.1,-2.7
5,0,9,30,0,2,.000,0,2,.000,0,0,,0,5,.000,0,5,5,0,1,2,0,4,0
5,1,9,3.3,0.0,0.2,.000,0.0,0.2,.000,0.0,0.0,,0.0,0.6,.000,0.6,0.0,0.1,0.2,0.0,0.4,0.0
5,2,9,30,0.0,2.7,.000,0.0,2.7,.000,0.0,0.0,,0.0,6.7,.000,6.7,0.0,1.3,2.7,0.0,5.3,0.0
5,3,9,30,0.0,4.1,.000,0.0,4.1,.000,0.0,0.0,,0.0,10.4,.000,10.4,0.0,2.1,4.1,0.0,8.3,0.0,,0.0,96.4
5,4,9,30,-1.0,.000,.000,.000,2.500,0,0.0,18.9,10.4,0.0,2.1,6.2,0.0,8.0,,-0.1,0.1,0.0,-.040,,-12.7,2.6,-10.1
6,0,31,566,51,101,.505,44,85,.518,7,16,.438,35,49,.714,42,65,107,14,7,15,27,92,144
6,1,31,18.3,1.6,3.3,.505,1.4,2.7,.518,0.2,0.5,.438,1.1,1.6,.714,3.5,0.5,0.2,0.5,0.9,3.0,4.6
6,2,31,566,3.6,7.1,.505,3.1,6.0,.518,0.5,1.1,.438,2.5,3.5,.714,7.6,1.0,0.5,1.1,1.9,6.5,10.2
6,3,31,566,5.6,11.1,.505,4.8,9.3,.518,0.8,1.8,.438,3.8,5.4,.714,11.8,1.5,0.8,1.6,3.0,10.1,15.8,,112.9,104.0
6,4,31,566,11.7,.579,.540,.158,.485,153,10.2,13.0,11.7,5.0,0.8,2.5,17.8,14.7,,0.8,0.8,1.6,.113,,-1.4,0.0,-1.4
7,0,31,898,66,185,.357,15,37,.405,51,148,.345,37,54,.685,8,63,71,78,15,3,51,57,220
7,1,31,29.0,2.1,6.0,.357,0.5,1.2,.405,1.6,4.8,.345,1.2,1.7,.685,2.3,2.5,0.5,0.1,1.6,1.8,7.1
7,2,31,898,2.9,8.2,.357,0.7,1.6,.405,2.3,6.6,.345,1.6,2.4,.685,3.2,3.5,0.7,0.1,2.3,2.5,9.8
7,3,31,898,4.6,12.8,.357,1.0,2.6,.405,3.5,10.3,.345,2.6,3.7,.685,4.9,5.4,1.0,0.2,3.5,3.9,15.2,,101.4,107.4
7,4,31,898,8.9,.522,.495,.800,.292,232,1.2,8.0,4.9,17.1,1.0,0.3,19.5,16.1,,0.6,0.9,1.6,.069,,-0.6,-1.8,-2.3
8,0,31,920,107,241,.444,45,88,.511,62,153,.405,62,81,.765,7,61,68,68,22,6,48,67,338
8,1,31,29.7,3.5,7.8,.444,1.5,2.8,.511,2.0,4.9,.405,2.0,2.6,.765,2.2,2.2,0.7,0.2,1.5,2.2,10.9
8,2,31,920,4.7,10.5,.444,2.0,3.8,.511,2.7,6.7,.405,2.7,3.5,.765,3.0,3.0,1.0,0.3,2.1,2.9,14.7
8,3,31,920,7.2,16.3,.444,3.0,6.0,.511,4.2,10.3,.405,4.2,5.5,.765,4.6,4.6,1.5,0.4,3.2,4.5,22.9,,115.5,106.3
8,4,31,920,15.0,.605,.573,.635,.336,315,1.0,7.5,4.6,15.9,1.5,0.6,14.7,19.6,,1.9,1.0,2.9,.127,,2.1,-1.8,0.3
9,0,31,845,145,244,.594,145,244,.594,0,0,,66,94,.702,40,105,145,23,17,55,46,87,356
9,1,31,27.3,4.7,7.9,.594,4.7,7.9,.594,0.0,0.0,,2.1,3.0,.702,4.7,0.7,0.5,1.8,1.5,2.8,11.5
9,2,31,845,6.9,11.6,.594,6.9,11.6,.594,0.0,0.0,,3.1,4.4,.702,6.9,1.1,0.8,2.6,2.2,4.1,16.9
9,3,31,845,10.7,18.0,.594,10.7,18.0,.594,0.0,0.0,,4.9,6.9,.702,10.7,1.7,1.3,4.1,3.4,6.4,26.2,,115.4,100.4
9,4,31,845,20.9,.617,.594,.000,.385,318,6.5,14.1,10.7,6.6,1.3,6.0,13.7,21.8,,1.9,1.4,3.3,.157,,-0.9,1.9,1.0
10,0,25,231,20,48,.417,6,13,.462,14,35,.400,9,12,.750,1,22,23,16,2,2,10,25,63
10,1,25,9.2,0.8,1.9,.417,0.2,0.5,.462,0.6,1.4,.400,0.4,0.5,.750,0.9,0.6,0.1,0.1,0.4,1.0,2.5
10,2,25,231,3.5,8.3,.417,1.0,2.3,.462,2.4,6.1,.400,1.6,2.1,.750,4.0,2.8,0.3,0.3,1.7,4.3,10.9
10,3,25,231,5.4,12.9,.417,1.6,3.5,.462,3.8,9.4,.400,2.4,3.2,.750,6.2,4.3,0.5,0.5,2.7,6.7,17.0,,112.4,106.7
10,4,25,231,10.4,.587,.563,.729,.250,60,0.6,10.8,6.2,14.0,0.5,0.8,15.7,15.2,,0.3,0.3,0.6,.099,,-0.6,-2.4,-3.0
