0,0,31,995,134,305,.439,57,113,.504,77,192,.401,105,120,.875,17,95,112,74,28,0,57,66,450
0,1,31,32.1,4.3,9.8,.439,1.8,3.6,.504,2.5,6.2,.401,3.4,3.9,.875,3.6,2.4,0.9,0.0,1.8,2.1,14.5
0,2,31,995,5.4,12.3,.439,2.3,4.5,.504,3.1,7.7,.401,4.2,4.8,.875,4.5,3.0,1.1,0.0,2.3,2.7,18.1
0,3,31,995,8.0,18.2,.439,3.4,6.8,.504,4.6,11.5,.401,6.3,7.2,.875,6.7,4.4,1.7,0.0,3.4,3.9,26.9,,120.2,105.1
0,4,31,995,20.0,.622,.566,.630,.393,424,2.1,10.9,6.7,14.8,1.7,0.0,13.6,22.2,,3.2,0.9,4.1,.165,,4.5,-2.6,1.9
1,0,16,99,8,16,.500,2,6,.333,6,10,.600,4,6,.667,2,5,7,4,4,2,7,6,26
1,1,16,6.2,0.5,1.0,.500,0.1,0.4,.333,0.4,0.6,.600,0.3,0.4,.667,0.4,0.3,0.3,0.1,0.4,0.4,1.6
1,2,16,99,3.2,6.5,.500,0.8,2.4,.333,2.4,4.0,.600,1.6,2.4,.667,2.8,1.6,1.6,0.8,2.8,2.4,10.5
1,3,16,99,4.8,9.6,.500,1.2,3.6,.333,3.6,6.0,.600,2.4,3.6,.667,4.2,2.4,2.4,1.2,4.2,3.6,15.6,,106.5,104.4
1,4,16,99,12.1,.690,.688,.625,.375,24,2.5,5.7,4.2,7.3,2.4,2.2,27.1,13.8,,0.1,0.1,0.2,.085,,-0.3,-0.8,-1.1
2,0,23,550,46,134,.343,25,65,.385,21,69,.304,30,43,.698,18,89,107,34,15,2,28,60,143
2,1,23,23.9,2.0,5.8,.343,1.1,2.8,.385,0.9,3.0,.304,1.3,1.9,.698,4.7,1.5,0.7,0.1,1.2,2.6,6.2
2,2,23,550,3.3,9.7,.343,1.8,4.7,.385,1.5,5.0,.304,2.2,3.1,.698,7.8,2.5,1.1,0.1,2.0,4.4,10.4
2,3,23,550,5.0,14.5,.343,2.7,7.0,.385,2.3,7.5,.304,3.2,4.7,.698,11.6,3.7,1.6,0.2,3.0,6.5,15.5,,96.7,101.7
2,4,23,550,10.7,.463,.422,.515,.321,153,4.1,18.4,11.6,11.2,1.6,0.4,15.3,17.5,,0.4,0.7,1.0,.075,,-2.0,-0.9,-2.9
3,0,32,640,88,196,.449,52,112,.464,36,84,.429,17,26,.654,26,110,136,16,7,8,26,75,229
3,1,32,20.0,2.8,6.1,.449,1.6,3.5,.464,1.1,2.6,.429,0.5,0.8,.654,4.3,0.5,0.2,0.3,0.8,2.3,7.2
3,2,32,640,5.5,12.3,.449,3.3,7.0,.464,2.3,5.3,.429,1.1,1.6,.654,8.5,1.0,0.4,0.5,1.6,4.7,14.3
3,3,32,640,8.2,18.2,.449,4.8,10.4,.464,3.3,7.8,.429,1.6,2.4,.654,12.6,1.5,0.7,0.7,2.4,7.0,21.3,,107.7,102.8
3,4,32,640,14.7,.550,.541,.429,.133,208,5.1,19.6,12.7,5.0,0.7,1.4,11.1,19.3,,1.1,0.7,1.8,.111,,-1.1,-2.6,-3.8
4,0,15,143,19,36,.528,19,36,.528,0,0,,13,15,.867,17,14,31,5,3,1,9,28,51
4,1,15,9.5,1.3,2.4,.528,1.3,2.4,.528,0.0,0.0,,0.9,1.0,.867,2.1,0.3,0.2,0.1,0.6,1.9,3.4
4,2,15,143,5.3,10.1,.528,5.3,10.1,.528,0.0,0.0,,3.6,4.2,.867,8.7,1.4,0.8,0.3,2.5,7.8,14.3
4,3,15,143,7.9,15.0,.528,7.9,15.0,.528,0.0,0.0,,5.4,6.2,.867,12.9,2.1,1.2,0.4,3.7,11.6,21.2,,118.0,104.9
4,4,15,143,16.5,.591,.528,.000,.417,57,14.9,11.1,12.9,6.9,1.2,0.8,17.3,19.3,,0.4,0.1,0.5,.150,,-0.1,-2.5,-2.6
5,0,32,1105,231,495,.467,137,265,.517,94,230,.409,228,257,.887,17,144,161,128,47,7,74,62,784
5,1,32,34.5,7.2,15.5,.467,4.3,8.3,.517,2.9,7.2,.409,7.1,8.0,.887,5.0,4.0,1.5,0.2,2.3,1.9,24.5
5,2,32,1105,8.4,17.9,.467,5.0,9.6,.517,3.4,8.3,.409,8.3,9.3,.887,5.8,4.6,1.7,0.3,2.7,2.2,28.4
5,3,32,1105,12.4,26.6,.467,7.4,14.3,.517,5.1,12.4,.409,12.3,13.8,.887,8.7,6.9,2.5,0.4,4.0,3.3,42.2,,128.4,101.2
5,4,32,1105,34.0,.635,.562,.465,.519,746,1.9,14.8,8.7,27.1,2.5,0.7,10.7,33.0,,6.7,1.4,8.1,.293,,10.3,-1.4,8.8
6,0,32,785,51,97,.526,51,95,.537,0,2,.000,28,37,.757,73,127,200,34,24,29,28,96,130
6,1,32,24.5,1.6,3.0,.526,1.6,3.0,.537,0.0,0.1,.000,0.9,1.2,.757,6.3,1.1,0.8,0.9,0.9,3.0,4.1
6,2,32,785,2.6,4.9,.526,2.6,4.8,.537,0.0,0.1,.000,1.4,1.9,.757,10.2,1.7,1.2,1.5,1.4,4.9,6.6
6,3,32,785,3.9,7.3,.526,3.9,7.2,.537,0.0,0.2,.000,2.1,2.8,.757,15.2,2.6,1.8,2.2,2.1,7.3,9.9,,122.3,99.2
6,4,32,785,14.1,.567,.526,.021,.381,179,11.7,18.4,15.2,7.6,1.8,4.0,19.6,9.6,,1.4,1.2,2.6,.131,,0.1,3.0,3.0
7,0,12,205,25,36,.694,25,36,.694,0,0,,12,18,.667,13,33,46,13,8,2,16,28,62
7,1,12,17.1,2.1,3.0,.694,2.1,3.0,.694,0.0,0.0,,1.0,1.5,.667,3.8,1.1,0.7,0.2,1.3,2.3,5.2
7,2,12,205,4.9,7.0,.694,4.9,7.0,.694,0.0,0.0,,2.3,3.5,.667,9.0,2.5,1.6,0.4,3.1,5.5,12.1
7,3,12,205,7.3,10.4,.694,7.3,10.4,.694,0.0,0.0,,3.5,5.2,.667,13.3,3.8,2.3,0.6,4.6,8.1,18.0,,115.7,99.6
7,4,12,205,17.3,.696,.694,.000,.500,66,8.0,18.3,13.4,12.3,2.3,1.1,26.4,15.6,,0.4,0.3,0.7,.143,,0.2,0.7,0.9
8,0,32,663,45,122,.369,16,51,.314,29,71,.408,15,19,.789,7,37,44,68,14,2,24,36,134
8,1,32,20.7,1.4,3.8,.369,0.5,1.6,.314,0.9,2.2,.408,0.5,0.6,.789,1.4,2.1,0.4,0.1,0.8,1.1,4.2
8,2,32,663,2.7,7.4,.369,1.0,3.1,.314,1.7,4.3,.408,0.9,1.1,.789,2.7,4.1,0.8,0.1,1.4,2.2,8.1
8,3,32,663,4.0,10.9,.369,1.4,4.6,.314,2.6,6.4,.408,1.3,1.7,.789,3.9,6.1,1.3,0.2,2.2,3.2,12.0,,109.9,107.8
8,4,32,663,10.1,.511,.488,.582,.156,156,1.3,6.4,4.0,18.0,1.3,0.3,15.5,12.4,,0.9,0.4,1.3,.078,,-0.5,-2.6,-3.1
9,0,32,805,128,236,.542,128,236,.542,0,0,,63,92,.685,53,69,122,20,16,21,40,94,319
9,1,32,25.2,4.0,7.4,.542,4.0,7.4,.542,0.0,0.0,,2.0,2.9,.685,3.8,0.6,0.5,0.7,1.3,2.9,10.0
9,2,32,805,6.4,11.7,.542,6.4,11.7,.542,0.0,0.0,,3.1,4.6,.685,6.1,1.0,0.8,1.0,2.0,4.7,15.9
9,3,32,805,9.5,17.4,.542,9.5,17.4,.542,0.0,0.0,,4.7,6.8,.685,9.0,1.5,1.2,1.6,3.0,6.9,23.6,,112.6,104.8
9,4,32,805,17.4,.570,.542,.000,.390,306,8.3,9.8,9.1,5.2,1.2,2.9,12.5,21.0,,1.9,0.7,2.6,.130,,-1.0,-1.3,-2.3
10,0,26,485,50,124,.403,28,54,.519,22,70,.314,23,28,.821,4,51,55,28,12,4,30,27,145
10,1,26,18.7,1.9,4.8,.403,1.1,2.1,.519,0.8,2.7,.314,0.9,1.1,.821,2.1,1.1,0.5,0.2,1.2,1.0,5.6
10,2,26,485,4.1,10.2,.403,2.3,4.5,.519,1.8,5.8,.314,1.9,2.3,.821,4.5,2.3,1.0,0.3,2.5,2.2,12.0
10,3,26,485,6.1,15.2,.403,3.4,6.6,.519,2.7,8.6,.314,2.8,3.4,.821,6.7,3.4,1.5,0.5,3.7,3.3,17.8,,97.8,104.7
10,4,26,485,11.4,.528,.492,.565,.226,138,1.0,12.0,6.8,10.8,1.5,0.9,17.9,18.2,,0.4,0.5,0.8,.068,,-1.7,-1.9,-3.6
