0,0,28,232,11,38,.289,4,11,.364,7,27,.259,10,13,.769,7,13,20,6,1,1,6,20,39
0,1,28,8.3,0.4,1.4,.289,0.1,0.4,.364,0.3,1.0,.259,0.4,0.5,.769,0.7,0.2,0.0,0.0,0.2,0.7,1.4
0,2,28,232,1.9,6.6,.289,0.7,1.9,.364,1.2,4.7,.259,1.7,2.2,.769,3.4,1.0,0.2,0.2,1.0,3.4,6.7
0,3,28,232,2.9,10.1,.289,1.1,2.9,.364,1.9,7.2,.259,2.7,3.5,.769,5.3,1.6,0.3,0.3,1.6,5.3,10.4,,97.9,102.6
0,4,28,232,4.7,.441,.382,.711,.342,39,3.6,6.5,5.1,4.5,0.3,0.5,12.0,11.3,,0.1,0.3,0.4,.066,,-2.6,-1.3,-3.9
1,0,17,73,3,15,.200,3,13,.231,0,2,.000,3,3,1.000,3,7,10,10,3,0,3,7,9
1,1,17,4.3,0.2,0.9,.200,0.2,0.8,.231,0.0,0.1,.000,0.2,0.2,1.000,0.6,0.6,0.2,0.0,0.2,0.4,0.5
1,2,17,73,1.6,8.2,.200,1.6,7.1,.231,0.0,1.1,.000,1.6,1.6,1.000,5.5,5.5,1.6,0.0,1.6,3.8,4.9
1,3,17,73,2.5,12.7,.200,2.5,11.0,.231,0.0,1.7,.000,2.5,2.5,1.000,8.5,8.5,2.5,0.0,2.5,5.9,7.6,,83.3,95.8
1,4,17,73,7.1,.274,.200,.133,.200,15,4.9,11.1,8.0,23.4,2.5,0.0,15.4,13.9,,0.0,0.1,0.1,.056,,-5.1,0.8,-4.3
2,0,32,1048,101,202,.500,91,159,.572,10,43,.233,37,72,.514,72,160,232,118,64,37,55,88,249
2,1,32,32.8,3.2,6.3,.500,2.8,5.0,.572,0.3,1.3,.233,1.2,2.3,.514,7.3,3.7,2.0,1.2,1.7,2.8,7.8
2,2,32,1048,3.9,7.7,.500,3.5,6.1,.572,0.4,1.6,.233,1.4,2.7,.514,8.9,4.5,2.4,1.4,2.1,3.4,9.5
2,3,32,1048,5.9,11.9,.500,5.4,9.4,.572,0.6,2.5,.233,2.2,4.2,.514,13.7,6.9,3.8,2.2,3.2,5.2,14.7,,110.2,88.2
2,4,32,1048,19.3,.527,.525,.213,.356,301,8.2,17.7,13.0,21.2,3.8,3.9,18.9,14.6,,1.7,2.7,4.4,.168,,1.8,6.6,8.4
3,0,32,424,51,80,.638,50,78,.641,1,2,.500,40,62,.645,34,34,68,22,10,9,19,47,143
3,1,32,13.3,1.6,2.5,.638,1.6,2.4,.641,0.0,0.1,.500,1.3,1.9,.645,2.1,0.7,0.3,0.3,0.6,1.5,4.5
3,2,32,424,4.8,7.5,.638,4.7,7.4,.641,0.1,0.2,.500,3.8,5.8,.645,6.4,2.1,0.9,0.8,1.8,4.4,13.5
3,3,32,424,7.4,11.6,.638,7.3,11.4,.641,0.1,0.3,.500,5.8,9.0,.645,9.9,3.2,1.5,1.3,2.8,6.8,20.8,,126.6,97.6
3,4,32,424,19.2,.653,.644,.025,.775,142,9.5,9.3,9.4,10.2,1.5,2.4,14.8,15.9,,1.2,0.7,2.0,.185,,2.0,1.3,3.3
4,0,14,41,0,4,.000,0,4,.000,0,0,,1,3,.333,1,4,5,3,0,2,2,7,1
4,1,14,2.9,0.0,0.3,.000,0.0,0.3,.000,0.0,0.0,,0.1,0.2,.333,0.4,0.2,0.0,0.1,0.1,0.5,0.1
4,2,14,41,0.0,3.9,.000,0.0,3.9,.000,0.0,0.0,,1.0,2.9,.333,4.9,2.9,0.0,2.0,2.0,6.8,1.0
4,3,14,41,0.0,6.0,.000,0.0,6.0,.000,0.0,0.0,,1.5,4.5,.333,7.5,4.5,0.0,3.0,3.0,10.5,1.5,,44.2,98.0
4,4,14,41,-2.1,.092,.000,.000,.750,3,2.9,11.3,7.2,11.7,0.0,5.4,26.9,9.5,,-0.1,0.1,0.0,-.022,,-9.9,3.2,-6.7
5,0,18,74,11,20,.550,9,14,.643,2,6,.333,2,5,.400,5,10,15,3,2,2,4,10,26
5,1,18,4.1,0.6,1.1,.550,0.5,0.8,.643,0.1,0.3,.333,0.1,0.3,.400,0.8,0.2,0.1,0.1,0.2,0.6,1.4
5,2,18,74,5.9,10.8,.550,4.9,7.6,.643,1.1,3.2,.333,1.1,2.7,.400,8.1,1.6,1.1,1.1,2.2,5.4,14.1
5,3,18,74,9.2,16.7,.550,7.5,11.7,.643,1.7,5.0,.333,1.7,4.2,.400,12.5,2.5,1.7,1.7,3.3,8.3,21.7,,108.8,93.9
5,4,18,74,17.2,.581,.600,.300,.250,24,8.0,15.7,11.9,8.5,1.7,3.0,15.2,18.7,,0.1,0.2,0.3,.149,,-0.2,1.0,0.8
6,0,32,1008,107,278,.385,70,156,.449,37,122,.303,76,110,.691,22,79,101,98,50,7,62,63,327
6,1,32,31.5,3.3,8.7,.385,2.2,4.9,.449,1.2,3.8,.303,2.4,3.4,.691,3.2,3.1,1.6,0.2,1.9,2.0,10.2
6,2,32,1008,4.2,11.0,.385,2.8,6.2,.449,1.5,4.8,.303,3.0,4.4,.691,4.0,3.9,2.0,0.3,2.5,2.5,13.0
6,3,32,1008,6.5,17.0,.385,4.3,9.5,.449,2.3,7.5,.303,4.7,6.7,.691,6.2,6.0,3.1,0.4,3.8,3.9,20.0,,101.6,95.4
6,4,32,1008,14.6,.495,.451,.439,.396,333,2.6,9.1,5.9,18.7,3.1,0.8,15.8,20.4,,1.1,1.9,3.1,.123,,0.6,1.5,2.0
7,0,32,623,46,90,.511,46,90,.511,0,0,,15,45,.333,29,56,85,24,17,19,30,69,107
7,1,32,19.5,1.4,2.8,.511,1.4,2.8,.511,0.0,0.0,,0.5,1.4,.333,2.7,0.8,0.5,0.6,0.9,2.2,3.3
7,2,32,623,3.0,5.8,.511,3.0,5.8,.511,0.0,0.0,,1.0,2.9,.333,5.5,1.5,1.1,1.2,1.9,4.4,6.9
7,3,32,623,4.6,8.9,.511,4.6,8.9,.511,0.0,0.0,,1.5,4.5,.333,8.4,2.4,1.7,1.9,3.0,6.8,10.6,,90.9,96.1
7,4,32,623,8.5,.480,.511,.000,.500,113,5.5,10.4,8.0,7.0,1.7,3.4,21.2,11.9,,0.0,1.2,1.2,.077,,-3.4,3.4,-0.1
8,0,32,896,150,302,.497,137,249,.550,13,53,.245,76,111,.685,43,108,151,27,14,47,59,61,389
8,1,32,28.0,4.7,9.4,.497,4.3,7.8,.550,0.4,1.7,.245,2.4,3.5,.685,4.7,0.8,0.4,1.5,1.8,1.9,12.2
8,2,32,896,6.7,13.5,.497,6.1,11.1,.550,0.6,2.4,.245,3.4,5.0,.685,6.7,1.2,0.6,2.1,2.6,2.7,17.4
8,3,32,896,10.3,20.8,.497,9.4,17.1,.550,0.9,3.6,.245,5.2,7.6,.685,10.4,1.9,1.0,3.2,4.1,4.2,26.8,,104.6,95.1
8,4,32,896,18.8,.548,.518,.175,.368,345,5.7,14.0,9.9,6.6,1.0,5.8,14.3,24.2,,1.5,1.7,3.2,.143,,-1.1,2.0,0.9
9,0,32,687,100,220,.455,79,159,.497,21,61,.344,32,63,.508,63,106,169,6,16,16,44,108,253
9,1,32,21.5,3.1,6.9,.455,2.5,5.0,.497,0.7,1.9,.344,1.0,2.0,.508,5.3,0.2,0.5,0.5,1.4,3.4,7.9
9,2,32,687,5.8,12.8,.455,4.6,9.3,.497,1.2,3.6,.344,1.9,3.7,.508,9.8,0.3,0.9,0.9,2.6,6.3,14.7
9,3,32,687,9.0,19.8,.455,7.1,14.3,.497,1.9,5.5,.344,2.9,5.7,.508,15.2,0.5,1.4,1.4,4.0,9.7,22.7,,98.3,93.5
9,4,32,687,14.3,.506,.502,.277,.286,234,10.9,17.9,14.4,1.8,1.4,2.6,15.0,22.4,,0.6,1.4,2.0,.119,,-2.6,-1.0,-3.6
10,0,19,111,11,32,.344,8,27,.296,3,5,.600,12,18,.667,8,13,21,4,6,0,9,12,37
10,1,19,5.8,0.6,1.7,.344,0.4,1.4,.296,0.2,0.3,.600,0.6,0.9,.667,1.1,0.2,0.3,0.0,0.5,0.6,1.9
10,2,19,111,4.0,11.5,.344,2.9,9.7,.296,1.1,1.8,.600,4.3,6.5,.667,7.6,1.4,2.2,0.0,3.2,4.3,13.3
10,3,19,111,6.1,17.8,.344,4.4,15.0,.296,1.7,2.8,.600,6.7,10.0,.667,11.7,2.2,3.3,0.0,5.0,6.7,20.6,,91.2,92.9
10,4,19,111,12.1,.456,.391,.156,.563,37,8.6,13.6,11.1,6.8,3.3,0.0,18.2,23.4,,0.0,0.2,0.3,.092,,-4.3,0.0,-4.3
11,0,32,1119,208,455,.457,165,317,.521,43,138,.312,141,180,.783,24,120,144,126,54,5,68,69,600
11,1,32,35.0,6.5,14.2,.457,5.2,9.9,.521,1.3,4.3,.312,4.4,5.6,.783,4.5,3.9,1.7,0.2,2.1,2.2,18.8
11,2,32,1119,7.4,16.3,.457,5.9,11.3,.521,1.5,4.9,.312,5.0,6.4,.783,5.1,4.5,1.9,0.2,2.4,2.5,21.4
11,3,32,1119,11.5,25.1,.457,9.1,17.5,.521,2.4,7.6,.312,7.8,9.9,.783,7.9,6.9,3.0,0.3,3.7,3.8,33.1,,115.5,94.2
11,4,32,1119,24.9,.555,.504,.303,.396,571,2.5,12.4,7.5,25.5,3.0,0.5,11.2,28.5,,3.8,2.3,6.1,.217,,5.4,1.0,6.4
12,0,17,89,7,11,.636,7,11,.636,0,0,,2,7,.286,4,9,13,2,1,15,9,26,16
12,1,17,5.2,0.4,0.6,.636,0.4,0.6,.636,0.0,0.0,,0.1,0.4,.286,0.8,0.1,0.1,0.9,0.5,1.5,0.9
12,2,17,89,3.1,4.9,.636,3.1,4.9,.636,0.0,0.0,,0.9,3.1,.286,5.8,0.9,0.4,6.7,4.0,11.7,7.2
12,3,17,89,4.9,7.6,.636,4.9,7.6,.636,0.0,0.0,,1.4,4.9,.286,9.0,1.4,0.7,10.4,6.2,18.0,11.1,,73.3,88.5
12,4,17,89,8.0,.558,.636,.000,.636,15,5.3,11.7,8.6,4.1,0.7,18.7,38.6,13.7,,-0.1,0.2,0.1,.056,,-7.5,10.6,3.1
