0,0,16,96,4,10,.400,4,7,.571,0,3,.000,5,6,.833,3,8,11,2,1,3,3,20,13
0,1,16,6.0,0.3,0.6,.400,0.3,0.4,.571,0.0,0.2,.000,0.3,0.4,.833,0.7,0.1,0.1,0.2,0.2,1.3,0.8
0,2,16,96,1.7,4.2,.400,1.7,2.9,.571,0.0,1.3,.000,2.1,2.5,.833,4.6,0.8,0.4,1.3,1.3,8.3,5.4
0,3,16,96,2.6,6.5,.400,2.6,4.6,.571,0.0,2.0,.000,3.3,3.9,.833,7.2,1.3,0.7,2.0,2.0,13.0,8.5,,100.6,102.7
0,4,16,96,4.6,.506,.400,.300,.600,14,3.9,10.0,7.0,4.0,0.7,3.7,18.9,8.8,,0.1,0.1,0.2,.064,,-3.0,0.4,-2.6
1,0,34,1042,170,379,.449,140,309,.453,30,70,.429,109,146,.747,67,137,204,42,20,59,90,100,479
1,1,34,30.6,5.0,11.1,.449,4.1,9.1,.453,0.9,2.1,.429,3.2,4.3,.747,6.0,1.2,0.6,1.7,2.6,2.9,14.1
1,2,34,1042,6.5,14.5,.449,5.4,11.9,.453,1.2,2.7,.429,4.2,5.6,.747,7.8,1.6,0.8,2.3,3.5,3.8,18.4
1,3,34,1042,10.2,22.7,.449,8.4,18.5,.453,1.8,4.2,.429,6.5,8.7,.747,12.2,2.5,1.2,3.5,5.4,6.0,28.7,,101.2,97.9
1,4,34,1042,19.5,.534,.488,.185,.385,443,8.1,15.8,12.0,10.0,1.2,6.7,16.7,27.6,,1.7,1.6,3.3,.127,,-0.3,1.6,1.3
2,0,24,505,38,99,.384,10,20,.500,28,79,.354,36,37,.973,5,21,26,17,11,1,22,38,140
2,1,24,21.0,1.6,4.1,.384,0.4,0.8,.500,1.2,3.3,.354,1.5,1.5,.973,1.1,0.7,0.5,0.0,0.9,1.6,5.8
2,2,24,505,3.0,7.8,.384,0.8,1.6,.500,2.2,6.3,.354,2.9,2.9,.973,2.1,1.3,0.9,0.1,1.7,3.0,11.1
2,3,24,505,4.7,12.2,.384,1.2,2.5,.500,3.5,9.8,.354,4.4,4.6,.973,3.2,2.1,1.4,0.1,2.7,4.7,17.3,,112.9,105.6
2,4,24,505,10.5,.600,.525,.798,.374,124,1.2,5.0,3.2,6.8,1.4,0.2,15.9,14.7,,0.8,0.4,1.2,.097,,1.7,-2.5,-0.8
3,0,30,648,106,228,.465,94,164,.573,12,64,.188,45,55,.818,47,112,159,47,14,19,63,52,269
3,1,30,21.6,3.5,7.6,.465,3.1,5.5,.573,0.4,2.1,.188,1.5,1.8,.818,5.3,1.6,0.5,0.6,2.1,1.7,9.0
3,2,30,648,6.5,14.1,.465,5.8,10.1,.573,0.7,4.0,.188,2.8,3.4,.818,9.8,2.9,0.9,1.2,3.9,3.2,16.6
3,3,30,648,10.2,22.0,.465,9.1,15.8,.573,1.2,6.2,.188,4.3,5.3,.818,15.3,4.5,1.3,1.8,6.1,5.0,25.9,,98.6,97.4
3,4,30,648,18.9,.529,.491,.281,.241,263,9.1,20.7,15.1,18.0,1.3,3.5,19.9,26.2,,0.8,1.0,1.8,.114,,0.5,0.9,1.4
4,0,34,996,88,185,.476,87,177,.492,1,8,.125,54,94,.574,87,181,268,68,55,49,55,77,231
4,1,34,29.3,2.6,5.4,.476,2.6,5.2,.492,0.0,0.2,.125,1.6,2.8,.574,7.9,2.0,1.6,1.4,1.6,2.3,6.8
4,2,34,996,3.5,7.4,.476,3.5,7.1,.492,0.0,0.3,.125,2.2,3.8,.574,10.8,2.7,2.2,2.0,2.2,3.1,9.3
4,3,34,996,5.5,11.6,.476,5.5,11.1,.492,0.1,0.5,.125,3.4,5.9,.574,16.8,4.3,3.4,3.1,3.4,4.8,14.5,,104.0,90.9
4,4,34,996,18.8,.503,.478,.043,.508,270,11.0,21.8,16.5,14.3,3.4,5.8,19.3,15.3,,1.2,2.2,3.4,.138,,0.4,6.1,6.6
5,0,34,538,32,89,.360,29,66,.439,3,23,.130,23,34,.676,8,41,49,49,21,5,39,60,90
5,1,34,15.8,0.9,2.6,.360,0.9,1.9,.439,0.1,0.7,.130,0.7,1.0,.676,1.4,1.4,0.6,0.1,1.1,1.8,2.6
5,2,34,538,2.4,6.6,.360,2.2,4.9,.439,0.2,1.7,.130,1.7,2.5,.676,3.6,3.6,1.6,0.4,2.9,4.5,6.7
5,3,34,538,3.7,10.3,.360,3.4,7.7,.439,0.3,2.7,.130,2.7,3.9,.676,5.7,5.7,2.4,0.6,4.5,7.0,10.4,,82.0,100.8
5,4,34,538,6.3,.428,.376,.258,.382,105,1.9,9.1,5.6,17.9,2.4,1.1,27.1,14.3,,-0.3,0.7,0.4,.031,,-3.8,0.1,-3.8
6,0,31,630,75,143,.524,74,142,.521,1,1,1.000,50,77,.649,46,100,146,14,9,19,31,72,201
6,1,31,20.3,2.4,4.6,.524,2.4,4.6,.521,0.0,0.0,1.000,1.6,2.5,.649,4.7,0.5,0.3,0.6,1.0,2.3,6.5
6,2,31,630,4.8,9.1,.524,4.7,9.0,.521,0.1,0.1,1.000,3.2,4.9,.649,9.3,0.9,0.6,1.2,2.0,4.6,12.8
6,3,31,630,7.4,14.2,.524,7.3,14.1,.521,0.1,0.1,1.000,5.0,7.6,.649,14.5,1.4,0.9,1.9,3.1,7.1,19.9,,109.2,98.9
6,4,31,630,16.2,.560,.528,.007,.538,191,9.2,19.0,14.2,5.0,0.9,3.6,14.7,17.9,,1.1,0.9,2.0,.128,,-1.2,0.0,-1.1
7,0,34,798,63,157,.401,19,39,.487,44,118,.373,27,34,.794,12,67,79,44,16,2,36,32,197
7,1,34,23.5,1.9,4.6,.401,0.6,1.1,.487,1.3,3.5,.373,0.8,1.0,.794,2.3,1.3,0.5,0.1,1.1,0.9,5.8
7,2,34,798,3.2,7.9,.401,1.0,2.0,.487,2.2,5.9,.373,1.4,1.7,.794,4.0,2.2,0.8,0.1,1.8,1.6,9.9
7,3,34,798,4.9,12.3,.401,1.5,3.1,.487,3.4,9.2,.373,2.1,2.7,.794,6.2,3.4,1.3,0.2,2.8,2.5,15.4,,107.0,103.9
7,4,34,798,11.1,.569,.541,.752,.217,183,1.9,10.1,6.1,11.3,1.3,0.3,17.2,14.0,,1.0,0.8,1.7,.087,,1.3,-1.4,-0.1
8,0,19,265,22,64,.344,8,22,.364,14,42,.333,6,8,.750,4,17,21,19,11,0,15,23,64
8,1,19,13.9,1.2,3.4,.344,0.4,1.2,.364,0.7,2.2,.333,0.3,0.4,.750,1.1,1.0,0.6,0.0,0.8,1.2,3.4
8,2,19,265,3.3,9.7,.344,1.2,3.3,.364,2.1,6.3,.333,0.9,1.2,.750,3.2,2.9,1.7,0.0,2.3,3.5,9.7
8,3,19,265,5.2,15.1,.344,1.9,5.2,.364,3.3,9.9,.333,1.4,1.9,.750,4.9,4.5,2.6,0.0,3.5,5.4,15.1,,92.9,101.8
8,4,19,265,8.9,.472,.453,.656,.125,63,1.9,7.7,4.9,14.8,2.6,0.0,18.1,16.7,,0.1,0.3,0.4,.060,,-0.8,-1.6,-2.4
9,0,34,1175,175,402,.435,145,331,.438,30,71,.423,159,196,.811,18,93,111,146,37,4,84,85,539
9,1,34,34.6,5.1,11.8,.435,4.3,9.7,.438,0.9,2.1,.423,4.7,5.8,.811,3.3,4.3,1.1,0.1,2.5,2.5,15.9
9,2,34,1175,6.0,13.7,.435,4.9,11.3,.438,1.0,2.4,.423,5.4,6.7,.811,3.8,5.0,1.3,0.1,2.9,2.9,18.3
9,3,34,1175,9.3,21.4,.435,7.7,17.6,.438,1.6,3.8,.423,8.4,10.4,.811,5.9,7.8,2.0,0.2,4.5,4.5,28.6,,111.1,102.3
9,4,34,1175,20.2,.544,.473,.177,.488,538,1.9,9.5,5.8,29.7,2.0,0.4,14.5,26.4,,3.4,1.3,4.7,.159,,3.3,-1.6,1.7
10,0,14,158,4,16,.250,3,8,.375,1,8,.125,15,18,.833,6,13,19,7,6,1,14,26,24
10,1,14,11.3,0.3,1.1,.250,0.2,0.6,.375,0.1,0.6,.125,1.1,1.3,.833,1.4,0.5,0.4,0.1,1.0,1.9,1.7
10,2,14,158,1.0,4.1,.250,0.8,2.0,.375,0.3,2.0,.125,3.8,4.6,.833,4.8,1.8,1.5,0.3,3.5,6.6,6.1
10,3,14,158,1.6,6.3,.250,1.2,3.2,.375,0.4,3.2,.125,5.9,7.1,.833,7.5,2.8,2.4,0.4,5.5,10.3,9.5,,80.3,100.7
10,4,14,158,4.0,.489,.281,.500,1.125,28,4.8,9.9,7.4,8.2,2.4,0.7,36.3,13.1,,-0.1,0.2,0.1,.028,,-3.6,0.3,-3.3
