0,0,30,436,34,122,.279,24,76,.316,10,46,.217,20,28,.714,12,37,49,27,13,2,29,39,98
0,1,30,14.5,1.1,4.1,.279,0.8,2.5,.316,0.3,1.5,.217,0.7,0.9,.714,1.6,0.9,0.4,0.1,1.0,1.3,3.3
0,2,30,436,3.1,11.2,.279,2.2,7.0,.316,0.9,4.2,.217,1.8,2.6,.714,4.5,2.5,1.2,0.2,2.7,3.6,9.0
0,3,30,436,4.8,17.1,.279,3.4,10.6,.316,1.4,6.4,.217,2.8,3.9,.714,6.9,3.8,1.8,0.3,4.1,5.5,13.7,,77.3,104.0
0,4,30,436,4.9,.362,.320,.377,.230,103,3.2,9.8,6.5,12.5,1.8,0.5,17.7,19.6,,-0.5,0.4,0.0,-.002,,-5.1,-1.5,-6.5
1,0,30,745,79,198,.399,40,107,.374,39,91,.429,22,31,.710,31,55,86,45,28,2,45,54,219
1,1,30,24.8,2.6,6.6,.399,1.3,3.6,.374,1.3,3.0,.429,0.7,1.0,.710,2.9,1.5,0.9,0.1,1.5,1.8,7.3
1,2,30,745,4.2,10.6,.399,2.1,5.7,.374,2.1,4.9,.429,1.2,1.7,.710,4.6,2.4,1.5,0.1,2.4,2.9,11.8
1,3,30,745,6.5,16.2,.399,3.3,8.8,.374,3.2,7.4,.429,1.8,2.5,.710,7.0,3.7,2.3,0.2,3.7,4.4,17.9,,100.3,103.7
1,4,30,745,12.4,.515,.497,.460,.157,213,4.8,8.6,6.7,12.9,2.3,0.3,17.5,18.0,,0.7,0.8,1.5,.080,,0.6,-0.7,-0.1
2,0,30,938,154,338,.456,150,319,.470,4,19,.211,101,131,.771,92,154,246,25,26,89,59,81,413
2,1,30,31.3,5.1,11.3,.456,5.0,10.6,.470,0.1,0.6,.211,3.4,4.4,.771,8.2,0.8,0.9,3.0,2.0,2.7,13.8
2,2,30,938,6.6,14.4,.456,6.4,13.6,.470,0.2,0.8,.211,4.3,5.6,.771,10.5,1.1,1.1,3.8,2.5,3.5,17.6
2,3,30,938,10.0,22.0,.456,9.8,20.7,.470,0.3,1.2,.211,6.6,8.5,.771,16.0,1.6,1.7,5.8,3.8,5.3,26.9,,106.0,95.2
2,4,30,938,23.9,.516,.462,.056,.388,395,11.3,19.0,15.2,6.5,1.7,9.7,12.8,25.4,,1.9,1.7,3.6,.155,,-0.5,3.8,3.3
3,0,30,732,70,157,.446,10,28,.357,60,129,.465,38,46,.826,4,35,39,41,19,1,32,60,238
3,1,30,24.4,2.3,5.2,.446,0.3,0.9,.357,2.0,4.3,.465,1.3,1.5,.826,1.3,1.4,0.6,0.0,1.1,2.0,7.9
3,2,30,732,3.8,8.6,.446,0.5,1.5,.357,3.3,7.0,.465,2.1,2.5,.826,2.1,2.2,1.0,0.1,1.7,3.3,13.0
3,3,30,732,5.8,13.1,.446,0.8,2.3,.357,5.0,10.7,.465,3.2,3.8,.826,3.2,3.4,1.6,0.1,2.7,5.0,19.8,,123.7,106.6
3,4,30,732,14.1,.665,.637,.822,.293,207,0.6,5.5,3.1,11.7,1.6,0.1,15.2,15.0,,1.7,0.6,2.3,.125,,3.9,-2.5,1.5
4,0,30,794,97,195,.497,70,127,.551,27,68,.397,54,70,.771,52,157,209,61,26,26,71,67,275
4,1,30,26.5,3.2,6.5,.497,2.3,4.2,.551,0.9,2.3,.397,1.8,2.3,.771,7.0,2.0,0.9,0.9,2.4,2.2,9.2
4,2,30,794,4.9,9.8,.497,3.5,6.4,.551,1.4,3.4,.397,2.7,3.5,.771,10.5,3.1,1.3,1.3,3.6,3.4,13.9
4,3,30,794,7.5,15.0,.497,5.4,9.8,.551,2.1,5.2,.397,4.1,5.4,.771,16.1,4.7,2.0,2.0,5.5,5.1,21.1,,106.2,96.2
4,4,30,794,19.7,.602,.567,.349,.359,276,7.6,22.9,15.2,17.0,2.0,3.4,23.7,19.6,,1.3,1.4,2.7,.138,,1.8,2.7,4.5
5,0,15,66,5,24,.208,2,5,.400,3,19,.158,6,7,.857,3,6,9,1,5,2,3,7,19
5,1,15,4.4,0.3,1.6,.208,0.1,0.3,.400,0.2,1.3,.158,0.4,0.5,.857,0.6,0.1,0.3,0.1,0.2,0.5,1.3
5,2,15,66,3.0,14.5,.208,1.2,3.0,.400,1.8,11.5,.158,3.6,4.2,.857,5.5,0.6,3.0,1.2,1.8,4.2,11.5
5,3,15,66,4.6,22.2,.208,1.8,4.6,.400,2.8,17.6,.158,5.5,6.5,.857,8.3,0.9,4.6,1.8,2.8,6.5,17.6,,80.3,96.0
5,4,15,66,9.0,.348,.271,.792,.292,18,5.3,10.5,7.9,3.0,4.6,3.1,9.9,23.9,,-0.1,0.1,0.1,.035,,-3.0,-0.6,-3.7
6,0,22,261,8,35,.229,8,33,.242,0,2,.000,9,16,.563,20,27,47,11,5,4,13,30,25
6,1,22,11.9,0.4,1.6,.229,0.4,1.5,.242,0.0,0.1,.000,0.4,0.7,.563,2.1,0.5,0.2,0.2,0.6,1.4,1.1
6,2,22,261,1.2,5.4,.229,1.2,5.1,.242,0.0,0.3,.000,1.4,2.5,.563,7.2,1.7,0.8,0.6,2.0,4.6,3.8
6,3,22,261,1.9,8.2,.229,1.9,7.7,.242,0.0,0.5,.000,2.1,3.7,.563,11.0,2.6,1.2,0.9,3.0,7.0,5.8,,73.9,103.7
6,4,22,261,4.0,.293,.229,.057,.457,37,8.9,12.0,10.4,7.7,1.2,1.6,23.4,11.1,,-0.2,0.3,0.0,.007,,-5.3,0.7,-4.6
7,0,30,458,48,118,.407,39,89,.438,9,29,.310,27,41,.659,5,31,36,30,16,1,31,33,132
7,1,30,15.3,1.6,3.9,.407,1.3,3.0,.438,0.3,1.0,.310,0.9,1.4,.659,1.2,1.0,0.5,0.0,1.0,1.1,4.4
7,2,30,458,4.2,10.3,.407,3.4,7.8,.438,0.8,2.5,.310,2.4,3.6,.659,3.1,2.6,1.4,0.1,2.7,2.9,11.5
7,3,30,458,6.4,15.7,.407,5.2,11.9,.438,1.2,3.9,.310,3.6,5.5,.659,4.8,4.0,2.1,0.1,4.1,4.4,17.6,,92.0,104.4
7,4,30,458,9.8,.480,.445,.246,.347,126,1.3,7.8,4.5,13.9,2.1,0.2,18.4,19.1,,0.1,0.4,0.6,.049,,-2.9,-1.7,-4.6
8,0,27,264,28,60,.467,28,60,.467,0,0,,15,30,.500,15,50,65,4,4,10,19,32,71
8,1,27,9.8,1.0,2.2,.467,1.0,2.2,.467,0.0,0.0,,0.6,1.1,.500,2.4,0.1,0.1,0.4,0.7,1.2,2.6
8,2,27,264,4.2,9.1,.467,4.2,9.1,.467,0.0,0.0,,2.3,4.5,.500,9.8,0.6,0.6,1.5,2.9,4.8,10.8
8,3,27,264,6.5,13.9,.467,6.5,13.9,.467,0.0,0.0,,3.5,6.9,.500,15.0,0.9,0.9,2.3,4.4,7.4,16.4,,86.7,98.5
8,4,27,264,10.8,.478,.467,.000,.500,67,6.6,21.9,14.2,3.2,0.9,3.9,20.4,18.3,,-0.1,0.4,0.4,.053,,-6.3,-0.3,-6.6
9,0,30,876,130,281,.463,123,251,.490,7,30,.233,68,102,.667,17,58,75,100,26,2,67,75,335
9,1,30,29.2,4.3,9.4,.463,4.1,8.4,.490,0.2,1.0,.233,2.3,3.4,.667,2.5,3.3,0.9,0.1,2.2,2.5,11.2
9,2,30,876,5.9,12.8,.463,5.6,11.5,.490,0.3,1.4,.233,3.1,4.7,.667,3.4,4.6,1.2,0.1,3.1,3.4,15.3
9,3,30,876,9.1,19.6,.463,8.6,17.5,.490,0.5,2.1,.233,4.7,7.1,.667,5.2,7.0,1.8,0.1,4.7,5.2,23.3,,101.4,105.1
9,4,30,876,15.1,.508,.475,.107,.363,338,2.2,7.7,5.0,26.8,1.8,0.2,16.9,23.5,,1.2,0.8,2.0,.092,,0.1,-2.0,-1.9
10,0,14,291,21,62,.339,16,42,.381,5,20,.250,17,26,.654,31,37,68,16,8,3,26,38,64
10,1,14,20.8,1.5,4.4,.339,1.1,3.0,.381,0.4,1.4,.250,1.2,1.9,.654,4.9,1.1,0.6,0.2,1.9,2.7,4.6
10,2,14,291,2.9,8.5,.339,2.2,5.8,.381,0.7,2.7,.250,2.3,3.6,.654,9.3,2.2,1.1,0.4,3.6,5.2,8.8
10,3,14,291,4.4,13.0,.339,3.4,8.8,.381,1.0,4.2,.250,3.6,5.4,.654,14.3,3.4,1.7,0.6,5.4,8.0,13.4,,85.8,101.6
10,4,14,291,9.0,.430,.379,.323,.419,77,12.3,14.7,13.5,10.9,1.7,1.1,25.9,17.9,,-0.1,0.4,0.3,.038,,-2.5,0.3,-2.2
11,0,10,27,2,8,.250,1,3,.333,1,5,.200,0,2,.000,0,0,0,4,2,0,4,3,5
11,1,10,2.7,0.2,0.8,.250,0.1,0.3,.333,0.1,0.5,.200,0.0,0.2,.000,0.0,0.4,0.2,0.0,0.4,0.3,0.5
11,2,10,27,3.0,11.9,.250,1.5,4.4,.333,1.5,7.4,.200,0.0,3.0,.000,0.0,5.9,3.0,0.0,5.9,4.4,7.4
11,3,10,27,4.5,18.1,.250,2.3,6.8,.333,2.3,11.3,.200,0.0,4.5,.000,0.0,9.0,4.5,0.0,9.0,6.8,11.3,,55.8,102.5
11,4,10,27,-1.6,.279,.313,.625,.250,6,0.0,0.0,0.0,29.6,4.5,0.0,30.9,24.9,,-0.1,0.0,-0.1,-.120,,-10.2,-6.7,-16.9
12,0,8,138,17,40,.425,17,37,.459,0,3,.000,7,14,.500,9,12,21,4,3,0,21,17,41
12,1,8,17.3,2.1,5.0,.425,2.1,4.6,.459,0.0,0.4,.000,0.9,1.8,.500,2.6,0.5,0.4,0.0,2.6,2.1,5.1
12,2,8,138,4.9,11.6,.425,4.9,10.7,.459,0.0,0.9,.000,2.0,4.1,.500,6.1,1.2,0.9,0.0,6.1,4.9,11.9
12,3,8,138,7.5,17.7,.425,7.5,16.4,.459,0.0,1.3,.000,3.1,6.2,.500,9.3,1.8,1.3,0.0,9.3,7.5,18.1,,69.2,105.0
12,4,8,138,3.0,.439,.425,.075,.350,40,7.5,10.1,8.8,6.4,1.3,0.0,31.0,25.5,,-0.3,0.1,-0.2,-.062,,-8.5,-2.5,-11.0
