0,0,29,325,26,56,.464,4,7,.571,22,49,.449,11,13,.846,6,21,27,16,6,0,12,13,85
0,1,29,11.2,0.9,1.9,.464,0.1,0.2,.571,0.8,1.7,.449,0.4,0.4,.846,0.9,0.6,0.2,0.0,0.4,0.4,2.9
0,2,29,325,3.2,6.9,.464,0.5,0.9,.571,2.7,6.0,.449,1.4,1.6,.846,3.3,2.0,0.7,0.0,1.5,1.6,10.5
0,3,29,325,5.0,10.9,.464,0.8,1.4,.571,4.3,9.5,.449,2.1,2.5,.846,5.2,3.1,1.2,0.0,2.3,2.5,16.5,,124.0,110.7
0,4,29,325,13.2,.684,.661,.875,.232,77,2.5,7.3,5.1,9.8,1.2,0.0,16.2,12.8,,0.7,0.1,0.8,.097,,2.2,-4.4,-2.2
1,0,30,919,141,289,.488,100,180,.556,41,109,.376,94,138,.681,12,63,75,59,32,2,61,54,417
1,1,30,30.6,4.7,9.6,.488,3.3,6.0,.556,1.4,3.6,.376,3.1,4.6,.681,2.5,2.0,1.1,0.1,2.0,1.8,13.9
1,2,30,919,6.1,12.6,.488,4.4,7.8,.556,1.8,4.7,.376,4.1,6.0,.681,3.3,2.6,1.4,0.1,2.7,2.4,18.2
1,3,30,919,9.7,19.8,.488,6.9,12.4,.556,2.8,7.5,.376,6.5,9.5,.681,5.1,4.0,2.2,0.1,4.2,3.7,28.6,,110.0,108.0
1,4,30,919,19.0,.588,.559,.377,.478,375,1.8,7.8,5.0,14.9,2.2,0.2,14.7,25.3,,2.3,0.5,2.8,.122,,2.0,-3.9,-1.9
2,0,30,1008,97,179,.542,74,116,.638,23,63,.365,39,60,.650,36,124,160,63,18,13,43,83,256
2,1,30,33.6,3.2,6.0,.542,2.5,3.9,.638,0.8,2.1,.365,1.3,2.0,.650,5.3,2.1,0.6,0.4,1.4,2.8,8.5
2,2,30,1008,3.8,7.1,.542,2.9,4.6,.638,0.9,2.5,.365,1.5,2.4,.650,6.3,2.5,0.7,0.5,1.7,3.3,10.2
2,3,30,1008,6.1,11.2,.542,4.6,7.3,.638,1.4,3.9,.365,2.4,3.8,.650,10.0,3.9,1.1,0.8,2.7,5.2,16.0,,117.0,106.8
2,4,30,1008,14.3,.617,.606,.352,.335,259,4.8,14.0,9.8,12.8,1.1,1.4,17.2,13.9,,2.0,0.7,2.7,.105,,1.4,-1.2,0.2
3,0,4,8,2,4,.500,1,2,.500,1,2,.500,0,0,,0,1,1,1,0,0,1,1,5
3,1,4,2.0,0.5,1.0,.500,0.3,0.5,.500,0.3,0.5,.500,0.0,0.0,,0.3,0.3,0.0,0.0,0.3,0.3,1.3
3,2,4,8,10.0,20.0,.500,5.0,10.0,.500,5.0,10.0,.500,0.0,0.0,,5.0,5.0,0.0,0.0,5.0,5.0,25.0
3,3,4,8,15.8,31.5,.500,7.9,15.8,.500,7.9,15.8,.500,0.0,0.0,,7.9,7.9,0.0,0.0,7.9,7.9,39.4,,103.0,109.6
3,4,4,8,21.5,.625,.625,.500,.000,4,0.0,14.2,7.7,37.5,0.0,0.0,20.0,35.0,,0.0,0.0,0.0,.109,,3.7,-6.9,-3.2
4,0,29,287,10,30,.333,10,23,.435,0,7,.000,9,15,.600,12,36,48,16,5,10,16,40,29
4,1,29,9.9,0.3,1.0,.333,0.3,0.8,.435,0.0,0.2,.000,0.3,0.5,.600,1.7,0.6,0.2,0.3,0.6,1.4,1.0
4,2,29,287,1.4,4.2,.333,1.4,3.2,.435,0.0,1.0,.000,1.3,2.1,.600,6.7,2.2,0.7,1.4,2.2,5.6,4.0
4,3,29,287,2.2,6.6,.333,2.2,5.1,.435,0.0,1.5,.000,2.0,3.3,.600,10.5,3.5,1.1,2.2,3.5,8.8,6.4,,81.6,105.1
4,4,29,287,5.3,.391,.333,.233,.500,42,5.7,14.2,10.3,10.2,1.1,3.7,30.1,10.4,,-0.1,0.2,0.1,.019,,-5.1,0.2,-4.9
5,0,3,7,2,2,1.000,2,2,1.000,0,0,,0,0,,0,1,1,2,2,0,1,0,4
5,1,3,2.3,0.7,0.7,1.000,0.7,0.7,1.000,0.0,0.0,,0.0,0.0,,0.3,0.7,0.7,0.0,0.3,0.0,1.3
5,2,3,7,11.4,11.4,1.000,11.4,11.4,1.000,0.0,0.0,,0.0,0.0,,5.7,11.4,11.4,0.0,5.7,0.0,22.9
5,3,3,7,18.0,18.0,1.000,18.0,18.0,1.000,0.0,0.0,,0.0,0.0,,9.0,18.0,18.0,0.0,9.0,0.0,36.0,,141.3,69.9
5,4,3,7,56.1,1.000,1.000,.000,.000,4,0.0,16.2,8.8,95.9,18.0,0.0,33.3,24.0,,0.1,0.0,0.1,.467,,16.3,6.1,22.3
6,0,8,38,1,3,.333,1,2,.500,0,1,.000,1,2,.500,1,6,7,2,0,0,3,4,3
6,1,8,4.8,0.1,0.4,.333,0.1,0.3,.500,0.0,0.1,.000,0.1,0.3,.500,0.9,0.3,0.0,0.0,0.4,0.5,0.4
6,2,8,38,1.1,3.2,.333,1.1,2.1,.500,0.0,1.1,.000,1.1,2.1,.500,7.4,2.1,0.0,0.0,3.2,4.2,3.2
6,3,8,38,1.7,5.0,.333,1.7,3.3,.500,0.0,1.7,.000,1.7,3.3,.500,11.6,3.3,0.0,0.0,5.0,6.6,5.0,,64.7,108.0
6,4,8,38,0.9,.380,.333,.333,.667,4,3.6,17.9,11.4,9.4,0.0,0.0,43.2,10.2,,-0.1,0.0,0.0,-.030,,-7.4,-2.7,-10.1
7,0,30,906,52,152,.342,18,51,.353,34,101,.337,22,25,.880,16,127,143,81,30,2,49,64,160
7,1,30,30.2,1.7,5.1,.342,0.6,1.7,.353,1.1,3.4,.337,0.7,0.8,.880,4.8,2.7,1.0,0.1,1.6,2.1,5.3
7,2,30,906,2.3,6.7,.342,0.8,2.3,.353,1.5,4.5,.337,1.0,1.1,.880,6.3,3.6,1.3,0.1,2.2,2.8,7.1
7,3,30,906,3.6,10.6,.342,1.3,3.6,.353,2.4,7.0,.337,1.5,1.7,.880,10.0,5.6,2.1,0.1,3.4,4.5,11.1,,97.0,104.5
7,4,30,906,10.0,.488,.454,.664,.164,189,2.4,15.9,9.7,17.0,2.1,0.2,23.0,13.1,,0.5,0.8,1.3,.059,,-1.0,-0.9,-1.9
8,0,30,856,168,300,.560,164,282,.582,4,18,.222,93,145,.641,72,139,211,60,15,26,54,104,433
8,1,30,28.5,5.6,10.0,.560,5.5,9.4,.582,0.1,0.6,.222,3.1,4.8,.641,7.0,2.0,0.5,0.9,1.8,3.5,14.4
8,2,30,856,7.9,14.0,.560,7.7,13.2,.582,0.2,0.8,.222,4.3,6.8,.641,9.9,2.8,0.7,1.2,2.5,4.9,20.2
8,3,30,856,12.4,22.1,.560,12.1,20.8,.582,0.3,1.3,.222,6.9,10.7,.641,15.5,4.4,1.1,1.9,4.0,7.7,31.9,,117.1,103.6
8,4,30,856,26.0,.587,.567,.060,.483,424,11.4,18.4,15.2,18.1,1.1,3.2,12.8,27.6,,3.2,0.9,4.1,.190,,3.1,-1.1,2.0
9,0,22,165,7,22,.318,6,18,.333,1,4,.250,2,3,.667,14,14,28,5,2,7,7,21,17
9,1,22,7.5,0.3,1.0,.318,0.3,0.8,.333,0.0,0.2,.250,0.1,0.1,.667,1.3,0.2,0.1,0.3,0.3,1.0,0.8
9,2,22,165,1.7,5.3,.318,1.5,4.4,.333,0.2,1.0,.250,0.5,0.7,.667,6.8,1.2,0.5,1.7,1.7,5.1,4.1
9,3,22,165,2.7,8.4,.318,2.3,6.9,.333,0.4,1.5,.250,0.8,1.1,.667,10.7,1.9,0.8,2.7,2.7,8.0,6.5,,87.8,107.6
9,4,22,165,5.9,.363,.341,.182,.136,26,11.5,9.6,10.5,5.6,0.8,4.5,23.0,10.3,,0.0,0.1,0.1,.023,,-4.2,-0.3,-4.6
10,0,17,92,3,7,.429,3,7,.429,0,0,,2,2,1.000,2,12,14,4,2,2,11,8,8
10,1,17,5.4,0.2,0.4,.429,0.2,0.4,.429,0.0,0.0,,0.1,0.1,1.000,0.8,0.2,0.1,0.1,0.6,0.5,0.5
10,2,17,92,1.3,3.0,.429,1.3,3.0,.429,0.0,0.0,,0.9,0.9,1.000,6.1,1.7,0.9,0.9,4.8,3.5,3.5
10,3,17,92,2.1,4.8,.429,2.1,4.8,.429,0.0,0.0,,1.4,1.4,1.000,9.6,2.7,1.4,1.4,7.5,5.5,5.5,,55.4,105.3
10,4,17,92,1.3,.503,.429,.000,.286,10,2.9,14.8,9.4,7.9,1.4,2.3,58.0,11.5,,-0.2,0.1,-0.1,-.050,,-8.7,-0.1,-8.8
11,0,30,444,28,81,.346,24,58,.414,4,23,.174,21,33,.636,29,82,111,36,16,14,31,30,81
11,1,30,14.8,0.9,2.7,.346,0.8,1.9,.414,0.1,0.8,.174,0.7,1.1,.636,3.7,1.2,0.5,0.5,1.0,1.0,2.7
11,2,30,444,2.5,7.3,.346,2.2,5.2,.414,0.4,2.1,.174,1.9,3.0,.636,10.0,3.2,1.4,1.3,2.8,2.7,7.3
11,3,30,444,4.0,11.5,.346,3.4,8.2,.414,0.6,3.3,.174,3.0,4.7,.636,15.8,5.1,2.3,2.0,4.4,4.3,11.5,,89.8,100.1
11,4,30,444,12.4,.419,.370,.284,.407,108,8.8,21.0,15.4,15.6,2.3,3.3,24.3,16.1,,0.0,0.6,0.6,.058,,-3.6,1.2,-2.5
12,0,30,1090,181,411,.440,88,197,.447,93,214,.435,110,133,.827,11,72,83,83,26,15,92,44,565
12,1,30,36.3,6.0,13.7,.440,2.9,6.6,.447,3.1,7.1,.435,3.7,4.4,.827,2.8,2.8,0.9,0.5,3.1,1.5,18.8
12,2,30,1090,6.6,15.1,.440,3.2,7.2,.447,3.4,7.9,.435,4.0,4.9,.827,3.0,3.0,1.0,0.6,3.4,1.6,20.7
12,3,30,1090,10.5,23.8,.440,5.1,11.4,.447,5.4,12.4,.435,6.4,7.7,.827,4.8,4.8,1.5,0.9,5.3,2.5,32.7,,109.3,109.1
12,4,30,1090,20.6,.596,.554,.521,.324,508,1.4,7.5,4.7,18.2,1.5,1.5,16.2,29.1,,3.0,0.5,3.5,.128,,3.5,-4.2,-0.7
13,0,2,5,0,0,,0,0,,0,0,,1,2,.500,0,0,0,0,0,0,0,0,1
13,1,2,2.5,0.0,0.0,,0.0,0.0,,0.0,0.0,,0.5,1.0,.500,0.0,0.0,0.0,0.0,0.0,0.0,0.5
13,2,2,5,0.0,0.0,,0.0,0.0,,0.0,0.0,,8.0,16.0,.500,0.0,0.0,0.0,0.0,0.0,0.0,8.0
13,3,2,5,0.0,0.0,,0.0,0.0,,0.0,0.0,,12.6,25.2,.500,0.0,0.0,0.0,0.0,0.0,0.0,12.6,,122.4,116.9
13,4,2,5,7.1,.526,,,,1,0.0,0.0,0.0,0.0,0.0,0.0,0.0,10.6,,0.0,0.0,0.0,.051,,-3.4,-6.0,-9.4
