0,0,32,664,55,124,.444,8,14,.571,47,110,.427,7,11,.636,3,42,45,48,16,2,21,45,164
0,1,32,20.8,1.7,3.9,.444,0.3,0.4,.571,1.5,3.4,.427,0.2,0.3,.636,1.4,1.5,0.5,0.1,0.7,1.4,5.1
0,2,32,664,3.3,7.5,.444,0.5,0.8,.571,2.8,6.6,.427,0.4,0.7,.636,2.7,2.9,1.0,0.1,1.3,2.7,9.9
0,3,32,664,5.1,11.5,.444,0.7,1.3,.571,4.4,10.2,.427,0.7,1.0,.636,4.2,4.5,1.5,0.2,2.0,4.2,15.3,,119.7,114.9
0,4,32,664,11.6,.635,.633,.887,.089,157,0.6,7.6,4.2,13.4,1.5,0.3,14.0,12.5,,1.1,0.2,1.3,.077,,2.3,-3.6,-1.3
1,0,23,538,80,164,.488,49,102,.480,31,62,.500,55,76,.724,6,38,44,32,15,0,21,26,246
1,1,23,23.4,3.5,7.1,.488,2.1,4.4,.480,1.3,2.7,.500,2.4,3.3,.724,1.9,1.4,0.7,0.0,0.9,1.1,10.7
1,2,23,538,5.9,12.2,.488,3.6,7.6,.480,2.3,4.6,.500,4.1,5.7,.724,3.3,2.4,1.1,0.0,1.6,1.9,18.3
1,3,23,538,9.2,18.9,.488,5.6,11.7,.480,3.6,7.1,.500,6.3,8.7,.724,5.1,3.7,1.7,0.0,2.4,3.0,28.3,,120.7,114.3
1,4,23,538,19.6,.615,.582,.378,.463,219,1.4,8.5,5.1,12.6,1.7,0.0,9.5,22.7,,1.5,0.2,1.7,.129,,2.9,-4.6,-1.7
2,0,26,332,30,78,.385,5,13,.385,25,65,.385,7,11,.636,5,36,41,18,11,7,12,39,92
2,1,26,12.8,1.2,3.0,.385,0.2,0.5,.385,1.0,2.5,.385,0.3,0.4,.636,1.6,0.7,0.4,0.3,0.5,1.5,3.5
2,2,26,332,3.6,9.4,.385,0.6,1.6,.385,3.0,7.8,.385,0.8,1.3,.636,4.9,2.2,1.3,0.8,1.4,4.7,11.1
2,3,26,332,5.6,14.5,.385,0.9,2.4,.385,4.7,12.1,.385,1.3,2.0,.636,7.6,3.4,2.0,1.3,2.2,7.3,17.1,,107.6,110.1
2,4,26,332,12.1,.553,.545,.833,.141,87,1.9,13.1,7.6,10.2,2.0,2.2,12.6,15.9,,0.4,0.3,0.6,.075,,0.7,-2.1,-1.4
3,0,32,819,82,176,.466,54,101,.535,28,75,.373,29,48,.604,29,88,117,49,18,8,27,74,221
3,1,32,25.6,2.6,5.5,.466,1.7,3.2,.535,0.9,2.3,.373,0.9,1.5,.604,3.7,1.5,0.6,0.3,0.8,2.3,6.9
3,2,32,819,4.0,8.6,.466,2.6,4.9,.535,1.4,3.7,.373,1.4,2.3,.604,5.7,2.4,0.9,0.4,1.3,3.6,10.8
3,3,32,819,6.2,13.3,.466,4.1,7.6,.535,2.1,5.7,.373,2.2,3.6,.604,8.8,3.7,1.4,0.6,2.0,5.6,16.7,,113.8,112.6
3,4,32,819,13.0,.556,.545,.426,.273,228,4.5,12.9,8.8,11.5,1.4,1.0,12.0,15.2,,1.3,0.4,1.7,.084,,0.8,-2.0,-1.2
4,0,11,62,2,6,.333,1,3,.333,1,3,.333,0,0,,1,9,10,6,2,5,0,6,5
4,1,11,5.6,0.2,0.5,.333,0.1,0.3,.333,0.1,0.3,.333,0.0,0.0,,0.9,0.5,0.2,0.5,0.0,0.5,0.5
4,2,11,62,1.3,3.9,.333,0.6,1.9,.333,0.6,1.9,.333,0.0,0.0,,6.5,3.9,1.3,3.2,0.0,3.9,3.2
4,3,11,62,2.0,6.0,.333,1.0,3.0,.333,1.0,3.0,.333,0.0,0.0,,10.0,6.0,2.0,5.0,0.0,6.0,5.0,,132.0,104.9
4,4,11,62,12.9,.417,.417,.500,.000,9,2.1,17.5,10.0,16.4,2.0,8.5,0.0,5.4,,0.1,0.1,0.2,.099,,-1.7,3.9,2.1
5,0,32,787,111,250,.444,60,112,.536,51,138,.370,91,120,.758,31,117,148,63,29,16,55,60,364
5,1,32,24.6,3.5,7.8,.444,1.9,3.5,.536,1.6,4.3,.370,2.8,3.8,.758,4.6,2.0,0.9,0.5,1.7,1.9,11.4
5,2,32,787,5.6,12.7,.444,3.0,5.7,.536,2.6,7.0,.370,4.6,6.1,.758,7.5,3.2,1.5,0.8,2.8,3.0,18.5
5,3,32,787,8.7,19.6,.444,4.7,8.8,.536,4.0,10.8,.370,7.2,9.4,.758,11.6,5.0,2.3,1.3,4.3,4.7,28.6,,113.8,108.0
5,4,32,787,21.7,.593,.546,.552,.480,358,5.0,17.9,11.6,16.7,2.3,2.1,15.2,25.4,,2.0,0.8,2.8,.141,,3.5,-1.5,2.0
6,0,30,755,138,234,.590,138,234,.590,0,0,,86,130,.662,53,91,144,55,10,24,52,90,362
6,1,30,25.2,4.6,7.8,.590,4.6,7.8,.590,0.0,0.0,,2.9,4.3,.662,4.8,1.8,0.3,0.8,1.7,3.0,12.1
6,2,30,755,7.3,12.4,.590,7.3,12.4,.590,0.0,0.0,,4.6,6.9,.662,7.6,2.9,0.5,1.3,2.8,4.8,19.2
6,3,30,755,11.3,19.2,.590,11.3,19.2,.590,0.0,0.0,,7.0,10.6,.662,11.8,4.5,0.8,2.0,4.3,7.4,29.7,,117.9,111.7
6,4,30,755,22.5,.612,.590,.000,.556,363,8.9,14.5,11.8,16.6,0.8,3.3,15.0,25.5,,2.3,0.5,2.8,.149,,1.7,-1.6,0.1
7,0,10,31,0,4,.000,0,3,.000,0,1,.000,0,0,,4,3,7,1,0,0,2,2,0
7,1,10,3.1,0.0,0.4,.000,0.0,0.3,.000,0.0,0.1,.000,0.0,0.0,,0.7,0.1,0.0,0.0,0.2,0.2,0.0
7,2,10,31,0.0,5.2,.000,0.0,3.9,.000,0.0,1.3,.000,0.0,0.0,,9.0,1.3,0.0,0.0,2.6,2.6,0.0
7,3,10,31,0.0,8.0,.000,0.0,6.0,.000,0.0,2.0,.000,0.0,0.0,,14.0,2.0,0.0,0.0,4.0,4.0,0.0,,54.8,116.8
7,4,10,31,-2.1,.000,.000,.250,.000,4,16.4,11.7,14.0,5.2,0.0,0.0,33.3,10.7,,-0.1,0.0,-0.1,-.086,,-8.3,-3.1,-11.4
8,0,2,16,0,0,,0,0,,0,0,,0,2,.000,0,0,0,1,0,0,0,1,0
8,1,2,8.0,0.0,0.0,,0.0,0.0,,0.0,0.0,,0.0,1.0,.000,0.0,0.5,0.0,0.0,0.0,0.5,0.0
8,2,2,16,0.0,0.0,,0.0,0.0,,0.0,0.0,,0.0,5.0,.000,0.0,2.5,0.0,0.0,0.0,2.5,0.0
8,3,2,16,0.0,0.0,,0.0,0.0,,0.0,0.0,,0.0,7.7,.000,0.0,3.9,0.0,0.0,0.0,3.9,0.0,,57.3,121.4
8,4,2,16,-1.5,.000,,,,1,0.0,0.0,0.0,10.1,0.0,0.0,0.0,3.3,,0.0,0.0,0.0,-.038,,-7.0,-5.3,-12.2
9,0,32,470,42,71,.592,42,71,.592,0,0,,25,45,.556,41,54,95,27,6,9,20,54,109
9,1,32,14.7,1.3,2.2,.592,1.3,2.2,.592,0.0,0.0,,0.8,1.4,.556,3.0,0.8,0.2,0.3,0.6,1.7,3.4
9,2,32,470,3.6,6.0,.592,3.6,6.0,.592,0.0,0.0,,2.1,3.8,.556,8.1,2.3,0.5,0.8,1.7,4.6,9.3
9,3,32,470,5.5,9.3,.592,5.5,9.3,.592,0.0,0.0,,3.3,5.9,.556,12.5,3.6,0.8,1.2,2.6,7.1,14.3,,121.2,112.8
9,4,32,470,13.9,.590,.592,.000,.634,134,11.1,13.8,12.5,10.8,0.8,2.0,17.8,13.2,,0.9,0.2,1.2,.101,,0.1,-1.4,-1.4
10,0,32,792,61,113,.540,57,97,.588,4,16,.250,47,75,.627,40,155,195,57,35,26,41,65,173
10,1,32,24.8,1.9,3.5,.540,1.8,3.0,.588,0.1,0.5,.250,1.5,2.3,.627,6.1,1.8,1.1,0.8,1.3,2.0,5.4
10,2,32,792,3.1,5.7,.540,2.9,4.9,.588,0.2,0.8,.250,2.4,3.8,.627,9.8,2.9,1.8,1.3,2.1,3.3,8.7
10,3,32,792,4.8,8.8,.540,4.5,7.6,.588,0.3,1.2,.250,3.7,5.9,.627,15.2,4.5,2.7,2.0,3.2,5.1,13.5,,112.9,103.9
10,4,32,792,16.4,.582,.558,.142,.664,206,6.4,23.6,15.2,13.2,2.7,3.5,21.6,13.2,,1.1,1.1,2.2,.111,,-0.4,2.5,2.1
11,0,32,1139,195,448,.435,102,217,.470,93,231,.403,116,149,.779,7,66,73,90,34,7,76,57,599
11,1,32,35.6,6.1,14.0,.435,3.2,6.8,.470,2.9,7.2,.403,3.6,4.7,.779,2.3,2.8,1.1,0.2,2.4,1.8,18.7
11,2,32,1139,6.8,15.7,.435,3.6,7.6,.470,3.3,8.1,.403,4.1,5.2,.779,2.6,3.2,1.2,0.2,2.7,2.0,21.0
11,3,32,1139,10.6,24.3,.435,5.5,11.8,.470,5.0,12.5,.403,6.3,8.1,.779,4.0,4.9,1.8,0.4,4.1,3.1,32.5,,110.4,114.2
11,4,32,1139,19.6,.577,.539,.516,.333,549,0.8,7.0,4.0,17.6,1.8,0.6,12.8,28.9,,2.7,0.5,3.1,.109,,3.2,-4.8,-1.5
12,0,8,20,2,8,.250,1,4,.250,1,4,.250,0,0,,1,0,1,0,1,0,0,0,5
12,1,8,2.5,0.3,1.0,.250,0.1,0.5,.250,0.1,0.5,.250,0.0,0.0,,0.1,0.0,0.1,0.0,0.0,0.0,0.6
12,2,8,20,4.0,16.0,.250,2.0,8.0,.250,2.0,8.0,.250,0.0,0.0,,2.0,0.0,2.0,0.0,0.0,0.0,10.0
12,3,8,20,6.2,24.7,.250,3.1,12.4,.250,3.1,12.4,.250,0.0,0.0,,3.1,0.0,3.1,0.0,0.0,0.0,15.5,,76.2,114.7
12,4,8,20,5.4,.313,.313,.500,.000,5,6.4,0.0,3.1,0.0,3.1,0.0,0.0,22.1,,0.0,0.0,0.0,-.046,,-5.9,-7.0,-12.9
