0,0,32,536,33,71,.465,33,71,.465,0,0,,26,46,.565,32,50,82,3,10,0,30,56,92
0,1,32,16.8,1.0,2.2,.465,1.0,2.2,.465,0.0,0.0,,0.8,1.4,.565,2.6,0.1,0.3,0.0,0.9,1.8,2.9
0,2,32,536,2.5,5.3,.465,2.5,5.3,.465,0.0,0.0,,1.9,3.4,.565,6.1,0.2,0.7,0.0,2.2,4.2,6.9
0,3,32,536,3.8,8.3,.465,3.8,8.3,.465,0.0,0.0,,3.0,5.4,.565,9.5,0.3,1.2,0.0,3.5,6.5,10.7,,88.1,106.6
0,4,32,536,6.2,.495,.465,.000,.648,94,6.8,12.2,9.3,1.1,1.2,0.0,24.4,12.1,,0.0,0.4,0.4,.028,,-6.0,-2.0,-8.0
1,0,2,8,0,1,.000,0,0,,0,1,.000,0,1,.000,0,2,2,4,2,0,1,2,0
1,1,2,4.0,0.0,0.5,.000,0.0,0.0,,0.0,0.5,.000,0.0,0.5,.000,1.0,2.0,1.0,0.0,0.5,1.0,0.0
1,2,2,8,0.0,5.0,.000,0.0,0.0,,0.0,5.0,.000,0.0,5.0,.000,10.0,20.0,10.0,0.0,5.0,10.0,0.0
1,3,2,8,0.0,7.8,.000,0.0,0.0,,0.0,7.8,.000,0.0,7.8,.000,15.6,31.2,15.6,0.0,7.8,15.6,0.0,,64.5,65.9
1,4,2,8,21.7,.000,.000,1.000,1.000,2,0.0,32.7,15.2,85.9,15.6,0.0,40.4,16.3,,0.0,0.0,0.0,.078,,-4.2,8.3,4.1
2,0,25,186,19,41,.463,19,39,.487,0,2,.000,1,11,.091,19,29,48,1,10,4,7,35,39
2,1,25,7.4,0.8,1.6,.463,0.8,1.6,.487,0.0,0.1,.000,0.0,0.4,.091,1.9,0.0,0.4,0.2,0.3,1.4,1.6
2,2,25,186,4.1,8.8,.463,4.1,8.4,.487,0.0,0.4,.000,0.2,2.4,.091,10.3,0.2,2.2,0.9,1.5,7.5,8.4
2,3,25,186,6.4,13.7,.463,6.4,13.1,.487,0.0,0.7,.000,0.3,3.7,.091,16.1,0.3,3.4,1.3,2.3,11.7,13.1,,90.2,96.9
2,4,25,186,11.8,.422,.463,.049,.268,41,11.6,20.4,15.7,1.1,3.4,2.8,13.2,15.1,,0.0,0.3,0.3,.071,,-5.9,-0.1,-6.0
3,0,1,4,0,0,,0,0,,0,0,,0,0,,0,1,1,0,0,0,1,1,0
3,1,1,4.0,0.0,0.0,,0.0,0.0,,0.0,0.0,,0.0,0.0,,1.0,0.0,0.0,0.0,1.0,1.0,0.0
3,2,1,4,0.0,0.0,,0.0,0.0,,0.0,0.0,,0.0,0.0,,10.0,0.0,0.0,0.0,10.0,10.0,0.0
3,3,1,4,0.0,0.0,,0.0,0.0,,0.0,0.0,,0.0,0.0,,15.6,0.0,0.0,0.0,15.6,15.6,0.0,,0.0,101.1
3,4,1,4,-15.9,,,,,0,0.0,32.7,15.2,0.0,0.0,0.0,100.0,13.2,,0.0,0.0,0.0,-.221,,-22.8,-2.0,-24.7
4,0,17,79,10,15,.667,10,15,.667,0,0,,2,6,.333,7,6,13,2,2,1,3,9,22
4,1,17,4.6,0.6,0.9,.667,0.6,0.9,.667,0.0,0.0,,0.1,0.4,.333,0.8,0.1,0.1,0.1,0.2,0.5,1.3
4,2,17,79,5.1,7.6,.667,5.1,7.6,.667,0.0,0.0,,1.0,3.0,.333,6.6,1.0,1.0,0.5,1.5,4.6,11.1
4,3,17,79,7.9,11.8,.667,7.9,11.8,.667,0.0,0.0,,1.6,4.7,.333,10.3,1.6,1.6,0.8,2.4,7.1,17.4,,117.1,105.6
4,4,17,79,16.0,.616,.667,.000,.400,21,10.1,9.9,10.0,5.6,1.6,1.6,14.4,13.9,,0.2,0.1,0.2,.113,,-1.3,-1.2,-2.5
5,0,30,350,44,129,.341,26,63,.413,18,66,.273,7,10,.700,12,32,44,10,8,9,22,52,113
5,1,30,11.7,1.5,4.3,.341,0.9,2.1,.413,0.6,2.2,.273,0.2,0.3,.700,1.5,0.3,0.3,0.3,0.7,1.7,3.8
5,2,30,350,5.0,14.7,.341,3.0,7.2,.413,2.1,7.5,.273,0.8,1.1,.700,5.0,1.1,0.9,1.0,2.5,5.9,12.9
5,3,30,350,7.8,23.0,.341,4.6,11.2,.413,3.2,11.8,.273,1.2,1.8,.700,7.8,1.8,1.4,1.6,3.9,9.3,20.1,,84.8,104.2
5,4,30,350,8.0,.422,.411,.512,.078,103,3.9,12.0,7.6,6.3,1.4,3.3,14.1,23.5,,-0.2,0.3,0.2,.021,,-5.1,-2.1,-7.3
6,0,22,156,18,49,.367,8,25,.320,10,24,.417,10,19,.526,6,9,15,1,3,0,12,14,56
6,1,22,7.1,0.8,2.2,.367,0.4,1.1,.320,0.5,1.1,.417,0.5,0.9,.526,0.7,0.0,0.1,0.0,0.5,0.6,2.5
6,2,22,156,4.6,12.6,.367,2.1,6.4,.320,2.6,6.2,.417,2.6,4.9,.526,3.8,0.3,0.8,0.0,3.1,3.6,14.4
6,3,22,156,7.2,19.6,.367,3.2,10.0,.320,4.0,9.6,.417,4.0,7.6,.526,6.0,0.4,1.2,0.0,4.8,5.6,22.4,,88.8,108.3
6,4,22,156,8.5,.483,.469,.490,.388,49,4.4,7.5,5.8,1.4,1.2,0.0,17.1,23.7,,0.0,0.1,0.1,.023,,-4.9,-5.5,-10.5
7,0,29,699,43,110,.391,40,90,.444,3,20,.150,44,62,.710,35,68,103,56,22,16,42,62,133
7,1,29,24.1,1.5,3.8,.391,1.4,3.1,.444,0.1,0.7,.150,1.5,2.1,.710,3.6,1.9,0.8,0.6,1.4,2.1,4.6
7,2,29,699,2.5,6.3,.391,2.3,5.2,.444,0.2,1.1,.150,2.5,3.5,.710,5.9,3.2,1.3,0.9,2.4,3.5,7.6
7,3,29,699,3.8,9.8,.391,3.6,8.0,.444,0.3,1.8,.150,3.9,5.5,.710,9.2,5.0,2.0,1.4,3.7,5.5,11.9,,96.2,103.2
7,4,29,699,11.3,.477,.405,.182,.564,158,5.7,12.7,9.0,15.4,2.0,2.9,23.1,13.7,,0.4,0.8,1.1,.064,,-3.3,1.7,-1.6
8,0,32,1109,182,421,.432,129,265,.487,53,156,.340,95,119,.798,21,81,102,54,37,9,77,66,512
8,1,32,34.7,5.7,13.2,.432,4.0,8.3,.487,1.7,4.9,.340,3.0,3.7,.798,3.2,1.7,1.2,0.3,2.4,2.1,16.0
8,2,32,1109,6.6,15.2,.432,4.7,9.6,.487,1.9,5.6,.340,3.4,4.3,.798,3.7,1.9,1.3,0.3,2.8,2.4,18.5
8,3,32,1109,10.2,23.7,.432,7.3,14.9,.487,3.0,8.8,.340,5.3,6.7,.798,5.7,3.0,2.1,0.5,4.3,3.7,28.8,,104.4,105.2
8,4,32,1109,17.9,.536,.495,.371,.283,458,2.1,9.6,5.6,11.6,2.1,1.0,13.9,26.4,,2.1,1.0,3.0,.110,,0.7,-2.0,-1.3
9,0,21,150,5,22,.227,5,20,.250,0,2,.000,9,14,.643,2,13,15,9,5,1,16,18,19
9,1,21,7.1,0.2,1.0,.227,0.2,1.0,.250,0.0,0.1,.000,0.4,0.7,.643,0.7,0.4,0.2,0.0,0.8,0.9,0.9
9,2,21,150,1.3,5.9,.227,1.3,5.3,.250,0.0,0.5,.000,2.4,3.7,.643,4.0,2.4,1.3,0.3,4.3,4.8,5.1
9,3,21,150,2.1,9.1,.227,2.1,8.3,.250,0.0,0.8,.000,3.7,5.8,.643,6.2,3.7,2.1,0.4,6.7,7.5,7.9,,56.8,104.3
9,4,21,150,-0.3,.332,.227,.091,.636,22,1.5,11.3,6.1,10.9,2.1,0.9,35.8,15.7,,-0.4,0.1,-0.2,-.064,,-10.8,-0.3,-11.0
10,0,32,1021,140,367,.381,93,232,.401,47,135,.348,81,115,.704,28,100,128,136,46,13,78,84,408
10,1,32,31.9,4.4,11.5,.381,2.9,7.3,.401,1.5,4.2,.348,2.5,3.6,.704,4.0,4.3,1.4,0.4,2.4,2.6,12.8
10,2,32,1021,5.5,14.4,.381,3.6,9.1,.401,1.8,5.3,.348,3.2,4.5,.704,5.0,5.3,1.8,0.5,3.1,3.3,16.0
10,3,32,1021,8.6,22.4,.381,5.7,14.2,.401,2.9,8.2,.348,4.9,7.0,.704,7.8,8.3,2.8,0.8,4.8,5.1,24.9,,101.4,102.0
10,4,32,1021,18.4,.484,.446,.368,.313,428,3.1,12.8,7.6,29.9,2.8,1.6,15.6,25.8,,1.6,1.2,2.8,.110,,1.1,-0.1,1.0
11,0,32,720,106,238,.445,101,214,.472,5,24,.208,49,74,.662,64,75,139,11,6,15,36,71,266
11,1,32,22.5,3.3,7.4,.445,3.2,6.7,.472,0.2,0.8,.208,1.5,2.3,.662,4.3,0.3,0.2,0.5,1.1,2.2,8.3
11,2,32,720,5.9,13.2,.445,5.6,11.9,.472,0.3,1.3,.208,2.7,4.1,.662,7.7,0.6,0.3,0.8,2.0,3.9,14.8
11,3,32,720,9.2,20.6,.445,8.7,18.5,.472,0.4,2.1,.208,4.2,6.4,.662,12.0,1.0,0.5,1.3,3.1,6.1,23.0,,101.4,106.2
11,4,32,720,15.2,.487,.456,.101,.311,254,10.1,13.6,11.7,3.5,0.5,2.7,11.6,22.7,,1.0,0.6,1.5,.084,,-3.5,-2.8,-6.3
12,0,1,4,2,3,.667,2,2,1.000,0,1,.000,1,2,.500,0,0,0,0,0,0,0,2,5
12,1,1,4.0,2.0,3.0,.667,2.0,2.0,1.000,0.0,1.0,.000,1.0,2.0,.500,0.0,0.0,0.0,0.0,0.0,2.0,5.0
12,2,1,4,20.0,30.0,.667,20.0,20.0,1.000,0.0,10.0,.000,10.0,20.0,.500,0.0,0.0,0.0,0.0,0.0,20.0,50.0
12,3,1,4,31.2,46.8,.667,31.2,31.2,1.000,0.0,15.6,.000,15.6,31.2,.500,0.0,0.0,0.0,0.0,0.0,31.2,78.0,,127.9,111.4
12,4,1,4,45.1,.633,.667,.333,.667,3,0.0,0.0,0.0,0.0,0.0,0.0,0.0,52.1,,0.0,0.0,0.0,.323,,11.5,-16.2,-4.7
13,0,5,17,3,6,.500,3,4,.750,0,2,.000,0,0,,2,4,6,0,0,2,1,2,6
13,1,5,3.4,0.6,1.2,.500,0.6,0.8,.750,0.0,0.4,.000,0.0,0.0,,1.2,0.0,0.0,0.4,0.2,0.4,1.2
13,2,5,17,7.1,14.1,.500,7.1,9.4,.750,0.0,4.7,.000,0.0,0.0,,14.1,0.0,0.0,4.7,2.4,4.7,14.1
13,3,5,17,11.0,22.0,.500,11.0,14.7,.750,0.0,7.3,.000,0.0,0.0,,22.0,0.0,0.0,7.3,3.7,7.3,22.0,,97.3,94.8
13,4,5,17,21.3,.500,.500,.333,.000,6,13.4,30.8,21.5,0.0,0.0,15.1,14.3,21.7,,0.0,0.0,0.0,.109,,-7.5,-0.6,-8.1
14,0,29,398,34,104,.327,13,31,.419,21,73,.288,6,11,.545,1,25,26,37,16,1,18,36,95
14,1,29,13.7,1.2,3.6,.327,0.4,1.1,.419,0.7,2.5,.288,0.2,0.4,.545,0.9,1.3,0.6,0.0,0.6,1.2,3.3
14,2,29,398,3.4,10.5,.327,1.3,3.1,.419,2.1,7.3,.288,0.6,1.1,.545,2.6,3.7,1.6,0.1,1.8,3.6,9.5
14,3,29,398,5.3,16.3,.327,2.0,4.9,.419,3.3,11.4,.288,0.9,1.7,.545,4.1,5.8,2.5,0.2,2.8,5.6,14.9,,93.7,104.9
14,4,29,398,9.3,.435,.428,.702,.106,97,0.3,8.2,4.0,18.7,2.5,0.3,14.1,16.9,,0.1,0.4,0.5,.051,,-2.4,-2.5,-4.9
15,0,32,1039,115,216,.532,115,216,.532,0,0,,39,74,.527,91,161,252,25,50,33,43,84,269
15,1,32,32.5,3.6,6.8,.532,3.6,6.8,.532,0.0,0.0,,1.2,2.3,.527,7.9,0.8,1.6,1.0,1.3,2.6,8.4
15,2,32,1039,4.4,8.3,.532,4.4,8.3,.532,0.0,0.0,,1.5,2.8,.527,9.7,1.0,1.9,1.3,1.7,3.2,10.4
15,3,32,1039,6.9,13.0,.532,6.9,13.0,.532,0.0,0.0,,2.3,4.4,.527,15.1,1.5,3.0,2.0,2.6,5.0,16.1,,108.0,97.6
15,4,32,1039,18.0,.536,.532,.000,.343,273,9.9,20.3,14.7,5.1,3.0,4.1,14.6,14.9,,1.5,1.7,3.1,.121,,-1.7,3.2,1.5
