0,0,30,203,26,57,.456,26,57,.456,0,0,,10,17,.588,12,31,43,6,7,6,13,35,62
0,1,30,6.8,0.9,1.9,.456,0.9,1.9,.456,0.0,0.0,,0.3,0.6,.588,1.4,0.2,0.2,0.2,0.4,1.2,2.1
0,2,30,203,5.1,11.2,.456,5.1,11.2,.456,0.0,0.0,,2.0,3.3,.588,8.5,1.2,1.4,1.2,2.6,6.9,12.2
0,3,30,203,8.6,18.8,.456,8.6,18.8,.456,0.0,0.0,,3.3,5.6,.588,14.2,2.0,2.3,2.0,4.3,11.6,20.5,,94.6,89.6
0,4,30,203,13.5,.476,.456,.000,.298,62,8.0,19.1,13.8,5.9,2.3,3.1,16.7,22.3,,0.1,0.5,0.6,.119,,-2.3,4.1,1.8
1,0,13,36,4,10,.400,1,3,.333,3,7,.429,0,1,.000,0,2,2,1,1,0,4,5,11
1,1,13,2.8,0.3,0.8,.400,0.1,0.2,.333,0.2,0.5,.429,0.0,0.1,.000,0.2,0.1,0.1,0.0,0.3,0.4,0.8
1,2,13,36,4.4,11.1,.400,1.1,3.3,.333,3.3,7.8,.429,0.0,1.1,.000,2.2,1.1,1.1,0.0,4.4,5.6,12.2
1,3,13,36,7.4,18.6,.400,1.9,5.6,.333,5.6,13.0,.429,0.0,1.9,.000,3.7,1.9,1.9,0.0,7.4,9.3,20.5,,77.5,97.5
1,4,13,36,4.0,.525,.550,.700,.100,9,0.0,7.0,3.6,5.4,1.9,0.0,27.6,23.3,,0.0,0.1,0.0,.017,,-1.9,0.4,-1.5
2,0,31,923,155,301,.515,121,195,.621,34,106,.321,61,88,.693,62,108,170,34,15,16,32,35,405
2,1,31,29.8,5.0,9.7,.515,3.9,6.3,.621,1.1,3.4,.321,2.0,2.8,.693,5.5,1.1,0.5,0.5,1.0,1.1,13.1
2,2,31,923,6.7,13.0,.515,5.2,8.5,.621,1.5,4.6,.321,2.6,3.8,.693,7.4,1.5,0.7,0.7,1.4,1.5,17.6
2,3,31,923,11.3,21.8,.515,8.8,14.2,.621,2.5,7.7,.321,4.4,6.4,.693,12.3,2.5,1.1,1.2,2.3,2.5,29.4,,124.3,95.6
2,4,31,923,24.5,.591,.571,.352,.292,383,9.1,14.6,12.0,8.0,1.1,1.8,8.5,23.5,,3.5,1.8,5.2,.226,,7.0,2.4,9.4
3,0,29,480,45,121,.372,25,53,.472,20,68,.294,27,38,.711,22,58,80,20,7,3,22,33,137
3,1,29,16.6,1.6,4.2,.372,0.9,1.8,.472,0.7,2.3,.294,0.9,1.3,.711,2.8,0.7,0.2,0.1,0.8,1.1,4.7
3,2,29,480,3.8,10.1,.372,2.1,4.4,.472,1.7,5.7,.294,2.3,3.2,.711,6.7,1.7,0.6,0.3,1.8,2.8,11.4
3,3,29,480,6.3,16.9,.372,3.5,7.4,.472,2.8,9.5,.294,3.8,5.3,.711,11.2,2.8,1.0,0.4,3.1,4.6,19.1,,104.0,96.4
3,4,29,480,12.7,.493,.455,.562,.314,139,6.2,15.1,10.8,7.8,1.0,0.7,13.7,19.4,,0.6,0.9,1.5,.125,,2.2,1.9,4.1
4,0,8,16,1,3,.333,1,2,.500,0,1,.000,0,0,,3,2,5,0,1,1,1,1,2
4,1,8,2.0,0.1,0.4,.333,0.1,0.3,.500,0.0,0.1,.000,0.0,0.0,,0.6,0.0,0.1,0.1,0.1,0.1,0.3
4,2,8,16,2.5,7.5,.333,2.5,5.0,.500,0.0,2.5,.000,0.0,0.0,,12.5,0.0,2.5,2.5,2.5,2.5,5.0
4,3,8,16,4.2,12.6,.333,4.2,8.4,.500,0.0,4.2,.000,0.0,0.0,,20.9,0.0,4.2,4.2,4.2,4.2,8.4,,91.5,84.9
4,4,8,16,15.0,.333,.333,.333,.000,4,25.3,15.6,20.3,0.0,4.2,6.6,25.0,14.5,,0.0,0.0,0.0,.123,,-1.1,4.6,3.5
5,0,31,994,62,145,.428,22,39,.564,40,106,.377,54,63,.857,20,89,109,50,21,7,15,70,218
5,1,31,32.1,2.0,4.7,.428,0.7,1.3,.564,1.3,3.4,.377,1.7,2.0,.857,3.5,1.6,0.7,0.2,0.5,2.3,7.0
5,2,31,994,2.5,5.8,.428,0.9,1.6,.564,1.6,4.3,.377,2.2,2.5,.857,4.4,2.0,0.8,0.3,0.6,2.8,8.8
5,3,31,994,4.2,9.8,.428,1.5,2.6,.564,2.7,7.1,.377,3.6,4.2,.857,7.3,3.4,1.4,0.5,1.0,4.7,14.7,,137.1,96.8
5,4,31,994,13.9,.623,.566,.731,.434,219,2.7,11.2,7.1,8.9,1.4,0.7,7.9,11.1,,2.5,1.8,4.2,.171,,6.6,3.9,10.5
6,0,31,1007,128,246,.520,104,182,.571,24,64,.375,92,128,.719,64,135,199,61,25,15,39,59,372
6,1,31,32.5,4.1,7.9,.520,3.4,5.9,.571,0.8,2.1,.375,3.0,4.1,.719,6.4,2.0,0.8,0.5,1.3,1.9,12.0
6,2,31,1007,5.1,9.8,.520,4.1,7.2,.571,1.0,2.5,.375,3.7,5.1,.719,7.9,2.4,1.0,0.6,1.5,2.3,14.8
6,3,31,1007,8.5,16.4,.520,6.9,12.1,.571,1.6,4.3,.375,6.1,8.5,.719,13.2,4.1,1.7,1.0,2.6,3.9,24.8,,127.7,93.7
6,4,31,1007,23.3,.606,.569,.260,.520,382,8.6,16.8,12.8,12.1,1.7,1.6,11.3,19.9,,3.7,2.1,5.8,.230,,7.1,4.5,11.6
7,0,17,465,57,125,.456,47,90,.522,10,35,.286,35,41,.854,2,27,29,49,18,3,28,25,159
7,1,17,27.4,3.4,7.4,.456,2.8,5.3,.522,0.6,2.1,.286,2.1,2.4,.854,1.7,2.9,1.1,0.2,1.6,1.5,9.4
7,2,17,465,4.9,10.8,.456,4.0,7.7,.522,0.9,3.0,.286,3.0,3.5,.854,2.5,4.2,1.5,0.3,2.4,2.2,13.7
7,3,17,465,8.2,18.0,.456,6.8,13.0,.522,1.4,5.0,.286,5.0,5.9,.854,4.2,7.1,2.6,0.4,4.0,3.6,22.9,,110.0,95.7
7,4,17,465,17.4,.550,.496,.280,.328,161,0.6,7.3,4.1,20.8,2.6,0.7,16.2,21.5,,1.0,0.9,1.8,.159,,3.4,2.7,6.1
8,0,30,978,203,363,.559,171,285,.600,32,78,.410,115,153,.752,43,199,242,79,27,48,47,49,553
8,1,30,32.6,6.8,12.1,.559,5.7,9.5,.600,1.1,2.6,.410,3.8,5.1,.752,8.1,2.6,0.9,1.6,1.6,1.6,18.4
8,2,30,978,8.3,14.8,.559,7.0,11.7,.600,1.3,3.2,.410,4.7,6.3,.752,9.9,3.2,1.1,2.0,1.9,2.0,22.6
8,3,30,978,13.9,24.9,.559,11.7,19.5,.600,2.2,5.3,.410,7.9,10.5,.752,16.6,5.4,1.8,3.3,3.2,3.4,37.9,,130.2,87.6
8,4,30,978,35.6,.635,.603,.215,.421,520,5.9,25.5,16.1,19.1,1.8,5.2,9.7,28.6,,5.2,2.6,7.9,.322,,9.8,6.8,16.6
9,0,31,857,84,203,.414,39,90,.433,45,113,.398,29,34,.853,15,37,52,69,8,8,25,40,242
9,1,31,27.6,2.7,6.5,.414,1.3,2.9,.433,1.5,3.6,.398,0.9,1.1,.853,1.7,2.2,0.3,0.3,0.8,1.3,7.8
9,2,31,857,3.9,9.5,.414,1.8,4.2,.433,2.1,5.3,.398,1.4,1.6,.853,2.4,3.2,0.4,0.4,1.2,1.9,11.3
9,3,31,857,6.6,15.9,.414,3.0,7.0,.433,3.5,8.8,.398,2.3,2.7,.853,4.1,5.4,0.6,0.6,2.0,3.1,18.9,,119.9,100.6
9,4,31,857,14.1,.552,.525,.557,.167,246,2.4,5.4,3.9,15.1,0.6,1.0,10.2,16.5,,2.0,1.2,3.2,.151,,5.0,1.4,6.4
10,0,12,26,2,7,.286,2,6,.333,0,1,.000,0,2,.000,2,4,6,3,0,1,2,4,4
10,1,12,2.2,0.2,0.6,.286,0.2,0.5,.333,0.0,0.1,.000,0.0,0.2,.000,0.5,0.3,0.0,0.1,0.2,0.3,0.3
10,2,12,26,3.1,10.8,.286,3.1,9.2,.333,0.0,1.5,.000,0.0,3.1,.000,9.2,4.6,0.0,1.5,3.1,6.2,6.2
10,3,12,26,5.2,18.0,.286,5.2,15.5,.333,0.0,2.6,.000,0.0,5.2,.000,15.5,7.7,0.0,2.6,5.2,10.3,10.3,,71.0,94.1
10,4,12,26,3.5,.252,.286,.143,.286,7,10.4,19.3,15.0,20.9,0.0,4.0,20.1,22.2,,-0.1,0.1,0.0,-.005,,-5.8,4.2,-1.5
11,0,27,207,17,45,.378,16,33,.485,1,12,.083,22,25,.880,15,21,36,11,8,4,3,27,57
11,1,27,7.7,0.6,1.7,.378,0.6,1.2,.485,0.0,0.4,.083,0.8,0.9,.880,1.3,0.4,0.3,0.1,0.1,1.0,2.1
11,2,27,207,3.3,8.7,.378,3.1,6.4,.485,0.2,2.3,.083,4.3,4.8,.880,7.0,2.1,1.5,0.8,0.6,5.2,11.0
11,3,27,207,5.5,14.6,.378,5.2,10.7,.485,0.3,3.9,.083,7.1,8.1,.880,11.7,3.6,2.6,1.3,1.0,8.7,18.4,,125.9,92.3
11,4,27,207,18.1,.501,.389,.267,.556,65,9.8,12.7,11.3,9.7,2.6,2.0,5.0,16.7,,0.6,0.5,1.1,.207,,4.3,4.2,8.5
12,0,12,33,0,9,.000,0,4,.000,0,5,.000,0,0,,1,1,2,0,0,0,0,3,0
12,1,12,2.8,0.0,0.8,.000,0.0,0.3,.000,0.0,0.4,.000,0.0,0.0,,0.2,0.0,0.0,0.0,0.0,0.3,0.0
12,2,12,33,0.0,10.9,.000,0.0,4.8,.000,0.0,6.1,.000,0.0,0.0,,2.4,0.0,0.0,0.0,0.0,3.6,0.0
12,3,12,33,0.0,18.3,.000,0.0,8.1,.000,0.0,10.2,.000,0.0,0.0,,4.1,0.0,0.0,0.0,0.0,6.1,0.0,,11.2,103.0
12,4,12,33,-13.2,.000,.000,.556,.000,1,4.1,3.8,3.9,0.0,0.0,0.0,0.0,15.8,,-0.2,0.0,-0.1,-.146,,-10.1,-1.8,-11.9
