0,0,14,36,2,6,.333,1,2,.500,1,4,.250,0,0,,0,3,3,1,0,3,2,9,5
0,1,14,2.6,0.1,0.4,.333,0.1,0.1,.500,0.1,0.3,.250,0.0,0.0,,0.2,0.1,0.0,0.2,0.1,0.6,0.4
0,2,14,36,2.2,6.7,.333,1.1,2.2,.500,1.1,4.4,.250,0.0,0.0,,3.3,1.1,0.0,3.3,2.2,10.0,5.6
0,3,14,36,3.5,10.5,.333,1.8,3.5,.500,1.8,7.0,.250,0.0,0.0,,5.3,1.8,0.0,5.3,3.5,15.8,8.8,,69.6,102.5
0,4,14,36,1.1,.417,.417,.667,.000,5,0.0,9.9,5.1,5.0,0.0,8.0,25.0,12.4,,0.0,0.1,0.0,.010,,-3.9,4.9,1.0
1,0,14,27,4,7,.571,2,4,.500,2,3,.667,2,2,1.000,2,3,5,0,2,0,0,1,12
1,1,14,1.9,0.3,0.5,.571,0.1,0.3,.500,0.1,0.2,.667,0.1,0.1,1.000,0.4,0.0,0.1,0.0,0.0,0.1,0.9
1,2,14,27,5.9,10.4,.571,3.0,5.9,.500,3.0,4.4,.667,3.0,3.0,1.000,7.4,0.0,3.0,0.0,0.0,1.5,17.8
1,3,14,27,9.4,16.4,.571,4.7,9.4,.500,4.7,7.0,.667,4.7,4.7,1.000,11.7,0.0,4.7,0.0,0.0,2.3,28.1,,163.5,97.3
1,4,14,27,29.7,.755,.714,.429,.286,10,9.4,13.2,11.4,0.0,4.7,0.0,0.0,16.4,,0.1,0.1,0.2,.277,,8.7,-0.3,8.4
2,0,14,44,3,11,.273,3,11,.273,0,0,,0,3,.000,0,12,12,3,0,0,2,5,6
2,1,14,3.1,0.2,0.8,.273,0.2,0.8,.273,0.0,0.0,,0.0,0.2,.000,0.9,0.2,0.0,0.0,0.1,0.4,0.4
2,2,14,44,2.7,10.0,.273,2.7,10.0,.273,0.0,0.0,,0.0,2.7,.000,10.9,2.7,0.0,0.0,1.8,4.5,5.5
2,3,14,44,4.3,15.8,.273,4.3,15.8,.273,0.0,0.0,,0.0,4.3,.000,17.2,4.3,0.0,0.0,2.9,7.2,8.6,,56.5,99.7
2,4,14,44,0.4,.241,.273,.000,.273,7,0.0,32.5,16.8,12.6,0.0,0.0,13.9,18.3,,-0.1,0.1,-0.1,-.047,,-9.7,1.8,-7.9
3,0,38,1318,156,373,.418,60,129,.465,96,244,.393,80,89,.899,31,140,171,50,29,2,27,36,488
3,1,38,34.7,4.1,9.8,.418,1.6,3.4,.465,2.5,6.4,.393,2.1,2.3,.899,4.5,1.3,0.8,0.1,0.7,0.9,12.8
3,2,38,1318,4.7,11.3,.418,1.8,3.9,.465,2.9,7.4,.393,2.4,2.7,.899,5.2,1.5,0.9,0.1,0.8,1.1,14.8
3,3,38,1318,7.5,17.9,.418,2.9,6.2,.465,4.6,11.7,.393,3.8,4.3,.899,8.2,2.4,1.4,0.1,1.3,1.7,23.4,,124.4,104.6
3,4,38,1318,17.6,.588,.547,.654,.239,442,3.0,12.7,8.0,7.7,1.4,0.1,6.1,18.7,,3.4,1.7,5.1,.156,,6.6,1.4,8.0
4,0,38,1134,168,358,.469,126,229,.550,42,129,.326,94,137,.686,65,166,231,52,29,22,41,52,472
4,1,38,29.8,4.4,9.4,.469,3.3,6.0,.550,1.1,3.4,.326,2.5,3.6,.686,6.1,1.4,0.8,0.6,1.1,1.4,12.4
4,2,38,1134,5.9,12.6,.469,4.4,8.1,.550,1.5,4.6,.326,3.3,4.8,.686,8.1,1.8,1.0,0.8,1.4,1.8,16.6
4,3,38,1134,9.4,19.9,.469,7.0,12.8,.550,2.3,7.2,.326,5.2,7.6,.686,12.9,2.9,1.6,1.2,2.3,2.9,26.3,,117.8,101.1
4,4,38,1134,21.4,.558,.528,.360,.383,460,7.3,17.5,12.5,10.0,1.6,1.9,8.8,22.8,,3.0,1.8,4.8,.171,,5.0,2.7,7.7
5,0,38,309,41,82,.500,26,41,.634,15,41,.366,10,14,.714,19,38,57,11,3,1,8,32,107
5,1,38,8.1,1.1,2.2,.500,0.7,1.1,.634,0.4,1.1,.366,0.3,0.4,.714,1.5,0.3,0.1,0.0,0.2,0.8,2.8
5,2,38,309,5.3,10.6,.500,3.4,5.3,.634,1.9,5.3,.366,1.3,1.8,.714,7.4,1.4,0.4,0.1,1.0,4.1,13.9
5,3,38,309,8.4,16.8,.500,5.3,8.4,.634,3.1,8.4,.366,2.0,2.9,.714,11.7,2.2,0.6,0.2,1.6,6.5,21.9,,125.6,105.1
5,4,38,309,16.8,.603,.591,.500,.171,103,7.8,14.7,11.4,7.5,0.6,0.3,8.3,17.4,,0.8,0.4,1.2,.156,,4.8,0.1,4.9
6,0,38,1270,84,194,.433,37,85,.435,47,109,.431,118,136,.868,21,131,152,72,25,6,32,97,333
6,1,38,33.4,2.2,5.1,.433,1.0,2.2,.435,1.2,2.9,.431,3.1,3.6,.868,4.0,1.9,0.7,0.2,0.8,2.6,8.8
6,2,38,1270,2.6,6.1,.433,1.2,2.7,.435,1.5,3.4,.431,3.7,4.3,.868,4.8,2.3,0.8,0.2,1.0,3.1,10.5
6,3,38,1270,4.2,9.7,.433,1.8,4.2,.435,2.3,5.4,.431,5.9,6.8,.868,7.6,3.6,1.2,0.3,1.6,4.8,16.6,,133.5,104.7
6,4,38,1270,14.2,.644,.554,.562,.701,333,2.1,12.3,7.4,10.5,1.2,0.5,11.0,12.8,,3.1,1.6,4.7,.149,,5.7,2.8,8.5
7,0,38,663,98,192,.510,98,192,.510,0,0,,96,164,.585,34,72,106,36,32,20,45,99,292
7,1,38,17.4,2.6,5.1,.510,2.6,5.1,.510,0.0,0.0,,2.5,4.3,.585,2.8,0.9,0.8,0.5,1.2,2.6,7.7
7,2,38,663,5.9,11.6,.510,5.9,11.6,.510,0.0,0.0,,5.8,9.9,.585,6.4,2.2,1.9,1.2,2.7,6.0,17.6
7,3,38,663,9.3,18.3,.510,9.3,18.3,.510,0.0,0.0,,9.1,15.6,.585,10.1,3.4,3.0,1.9,4.3,9.4,27.8,,106.9,98.5
7,4,38,663,19.6,.541,.510,.000,.854,287,6.5,12.9,9.8,11.8,3.0,2.9,14.3,26.5,,1.2,1.2,2.4,.146,,1.1,3.9,5.0
8,0,11,25,1,7,.143,0,3,.000,1,4,.250,4,7,.571,1,2,3,1,0,0,2,5,7
8,1,11,2.3,0.1,0.6,.143,0.0,0.3,.000,0.1,0.4,.250,0.4,0.6,.571,0.3,0.1,0.0,0.0,0.2,0.5,0.6
8,2,11,25,1.6,11.2,.143,0.0,4.8,.000,1.6,6.4,.250,6.4,11.2,.571,4.8,1.6,0.0,0.0,3.2,8.0,11.2
8,3,11,25,2.5,17.7,.143,0.0,7.6,.000,2.5,10.1,.250,10.1,17.7,.571,7.6,2.5,0.0,0.0,5.1,12.6,17.7,,73.7,108.2
8,4,11,25,-1.6,.339,.214,.571,1.000,8,5.1,9.5,7.4,7.0,0.0,0.0,16.2,27.5,,-0.1,0.0,0.0,-.052,,-5.7,-2.9,-8.7
9,0,38,1170,122,299,.408,88,210,.419,34,89,.382,129,167,.772,20,124,144,151,26,4,82,88,407
9,1,38,30.8,3.2,7.9,.408,2.3,5.5,.419,0.9,2.3,.382,3.4,4.4,.772,3.8,4.0,0.7,0.1,2.2,2.3,10.7
9,2,38,1170,4.2,10.2,.408,3.0,7.2,.419,1.2,3.0,.382,4.4,5.7,.772,4.9,5.2,0.9,0.1,2.8,3.0,13.9
9,3,38,1170,6.6,16.1,.408,4.8,11.3,.419,1.8,4.8,.382,7.0,9.0,.772,7.8,8.2,1.4,0.2,4.4,4.8,22.0,,109.3,104.3
9,4,38,1170,15.7,.538,.465,.298,.559,451,2.2,12.6,7.6,25.6,1.4,0.3,17.8,21.9,,2.1,1.5,3.7,.125,,3.1,2.0,5.1
10,0,38,1032,196,371,.528,159,273,.582,37,98,.378,101,132,.765,81,159,240,49,26,66,39,96,530
10,1,38,27.2,5.2,9.8,.528,4.2,7.2,.582,1.0,2.6,.378,2.7,3.5,.765,6.3,1.3,0.7,1.7,1.0,2.5,13.9
10,2,38,1032,7.6,14.4,.528,6.2,10.6,.582,1.4,3.8,.378,3.9,5.1,.765,9.3,1.9,1.0,2.6,1.5,3.7,20.5
10,3,38,1032,12.0,22.7,.528,9.7,16.7,.582,2.3,6.0,.378,6.2,8.1,.765,14.7,3.0,1.6,4.0,2.4,5.9,32.4,,127.5,97.7
10,4,38,1032,29.0,.611,.578,.264,.356,508,10.0,18.4,14.3,11.4,1.6,6.1,8.3,25.5,,4.2,2.0,6.2,.241,,7.5,4.9,12.4
11,0,37,572,51,115,.443,29,48,.604,22,67,.328,6,8,.750,18,28,46,41,11,3,18,50,130
11,1,37,15.5,1.4,3.1,.443,0.8,1.3,.604,0.6,1.8,.328,0.2,0.2,.750,1.2,1.1,0.3,0.1,0.5,1.4,3.5
11,2,37,572,3.6,8.0,.443,2.0,3.4,.604,1.5,4.7,.328,0.4,0.6,.750,3.2,2.9,0.8,0.2,1.3,3.5,9.1
11,3,37,572,5.6,12.7,.443,3.2,5.3,.604,2.4,7.4,.328,0.7,0.9,.750,5.1,4.5,1.2,0.3,2.0,5.5,14.4,,114.8,107.2
11,4,37,572,10.7,.547,.539,.583,.070,140,4.0,5.8,4.9,13.8,1.2,0.5,13.2,13.3,,0.8,0.6,1.4,.100,,3.4,1.2,4.5
12,0,2,25,1,4,.250,1,2,.500,0,2,.000,2,2,1.000,0,0,0,1,0,0,1,2,4
12,1,2,12.5,0.5,2.0,.250,0.5,1.0,.500,0.0,1.0,.000,1.0,1.0,1.000,0.0,0.5,0.0,0.0,0.5,1.0,2.0
12,2,2,25,1.6,6.4,.250,1.6,3.2,.500,0.0,3.2,.000,3.2,3.2,1.000,0.0,1.6,0.0,0.0,1.6,3.2,6.4
12,3,2,25,2.5,10.1,.250,2.5,5.1,.500,0.0,5.1,.000,5.1,5.1,1.000,0.0,2.5,0.0,0.0,2.5,5.1,10.1,,83.3,112.5
12,4,2,25,1.1,.404,.250,.500,.500,4,0.0,0.0,0.0,7.0,0.0,0.0,16.8,13.3,,0.0,0.0,0.0,.002,,-3.2,-2.4,-5.7
