0,0,34,599,71,164,.433,34,73,.466,37,91,.407,29,42,.690,15,45,60,24,28,3,33,58,208
0,1,34,17.6,2.1,4.8,.433,1.0,2.1,.466,1.1,2.7,.407,0.9,1.2,.690,1.8,0.7,0.8,0.1,1.0,1.7,6.1
0,2,34,599,4.7,11.0,.433,2.3,4.9,.466,2.5,6.1,.407,1.9,2.8,.690,4.0,1.6,1.9,0.2,2.2,3.9,13.9
0,3,34,599,7.5,17.4,.433,3.6,7.8,.466,3.9,9.7,.407,3.1,4.5,.690,6.4,2.5,3.0,0.3,3.5,6.2,22.1,,104.6,96.6
0,4,34,599,14.5,.565,.546,.555,.256,185,3.2,9.4,6.3,8.5,3.0,0.6,15.2,20.2,,0.8,1.1,1.9,.126,,0.5,0.1,0.5
1,0,32,304,18,50,.360,16,39,.410,2,11,.182,7,18,.389,1,30,31,23,8,3,28,25,45
1,1,32,9.5,0.6,1.6,.360,0.5,1.2,.410,0.1,0.3,.182,0.2,0.6,.389,1.0,0.7,0.3,0.1,0.9,0.8,1.4
1,2,32,304,2.4,6.6,.360,2.1,5.1,.410,0.3,1.4,.182,0.9,2.4,.389,4.1,3.0,1.1,0.4,3.7,3.3,5.9
1,3,32,304,3.8,10.5,.360,3.3,8.2,.410,0.4,2.3,.182,1.5,3.8,.389,6.5,4.8,1.7,0.6,5.9,5.2,9.4,,65.6,98.1
1,4,32,304,2.5,.384,.380,.220,.360,51,0.4,12.4,6.4,14.3,1.7,1.2,32.4,15.9,,-0.6,0.5,-0.1,-.010,,-8.4,0.9,-7.5
2,0,34,1057,178,449,.396,82,193,.425,96,256,.375,46,70,.657,28,170,198,91,61,36,54,64,498
2,1,34,31.1,5.2,13.2,.396,2.4,5.7,.425,2.8,7.5,.375,1.4,2.1,.657,5.8,2.7,1.8,1.1,1.6,1.9,14.6
2,2,34,1057,6.7,17.0,.396,3.1,7.3,.425,3.6,9.7,.375,1.7,2.6,.657,7.5,3.4,2.3,1.4,2.0,2.4,18.8
2,3,34,1057,10.7,27.0,.396,4.9,11.6,.425,5.8,15.4,.375,2.8,4.2,.657,11.9,5.5,3.7,2.2,3.3,3.9,30.0,,106.3,89.3
2,4,34,1057,23.6,.516,.503,.570,.156,466,3.4,20.2,11.8,20.5,3.7,4.0,10.1,28.3,,2.2,2.7,4.9,.185,,3.4,3.8,7.2
3,0,34,937,135,292,.462,94,185,.508,41,107,.383,85,107,.794,18,69,87,50,23,2,47,58,396
3,1,34,27.6,4.0,8.6,.462,2.8,5.4,.508,1.2,3.1,.383,2.5,3.1,.794,2.6,1.5,0.7,0.1,1.4,1.7,11.6
3,2,34,937,5.8,12.5,.462,4.0,7.9,.508,1.8,4.6,.383,3.6,4.6,.794,3.7,2.1,1.0,0.1,2.0,2.5,16.9
3,3,34,937,9.2,19.8,.462,6.4,12.6,.508,2.8,7.3,.383,5.8,7.3,.794,5.9,3.4,1.6,0.1,3.2,3.9,26.9,,112.6,100.2
3,4,34,937,17.7,.578,.533,.366,.366,355,2.4,9.2,5.9,12.0,1.6,0.2,12.1,23.2,,2.2,1.4,3.6,.153,,1.5,-1.3,0.2
4,0,31,833,67,153,.438,35,67,.522,32,86,.372,77,102,.755,7,54,61,80,19,1,38,42,243
4,1,31,26.9,2.2,4.9,.438,1.1,2.2,.522,1.0,2.8,.372,2.5,3.3,.755,2.0,2.6,0.6,0.0,1.2,1.4,7.8
4,2,31,833,3.2,7.3,.438,1.7,3.2,.522,1.5,4.1,.372,3.7,4.9,.755,2.9,3.8,0.9,0.0,1.8,2.0,11.7
4,3,31,833,5.1,11.7,.438,2.7,5.1,.522,2.4,6.6,.372,5.9,7.8,.755,4.7,6.1,1.5,0.1,2.9,3.2,18.6,,119.0,101.0
4,4,31,833,14.8,.603,.542,.562,.667,248,1.1,8.1,4.6,18.9,1.5,0.1,15.9,16.1,,1.9,1.2,3.0,.146,,1.7,-1.0,0.7
5,0,34,722,104,187,.556,103,186,.554,1,1,1.000,51,94,.543,62,72,134,46,19,16,54,92,260
5,1,34,21.2,3.1,5.5,.556,3.0,5.5,.554,0.0,0.0,1.000,1.5,2.8,.543,3.9,1.4,0.6,0.5,1.6,2.7,7.6
5,2,34,722,5.8,10.4,.556,5.7,10.3,.554,0.1,0.1,1.000,2.8,5.2,.543,7.4,2.5,1.1,0.9,3.0,5.1,14.4
5,3,34,722,9.2,16.5,.556,9.1,16.4,.554,0.1,0.1,1.000,4.5,8.3,.543,11.8,4.1,1.7,1.4,4.8,8.1,22.9,,106.1,97.1
5,4,34,722,17.6,.561,.559,.005,.503,270,10.9,12.5,11.7,14.3,1.7,2.6,18.9,22.1,,1.3,1.3,2.6,.142,,-0.4,1.7,1.3
6,0,32,265,30,53,.566,30,53,.566,0,0,,16,21,.762,15,37,52,7,11,12,11,48,76
6,1,32,8.3,0.9,1.7,.566,0.9,1.7,.566,0.0,0.0,,0.5,0.7,.762,1.6,0.2,0.3,0.4,0.3,1.5,2.4
6,2,32,265,4.5,8.0,.566,4.5,8.0,.566,0.0,0.0,,2.4,3.2,.762,7.8,1.1,1.7,1.8,1.7,7.2,11.5
6,3,32,265,7.2,12.7,.566,7.2,12.7,.566,0.0,0.0,,3.8,5.0,.762,12.5,1.7,2.6,2.9,2.6,11.5,18.3,,115.4,91.2
6,4,32,265,16.9,.603,.566,.000,.396,73,7.2,17.5,12.4,5.6,2.6,5.3,14.9,15.6,,0.5,0.6,1.1,.168,,-1.8,3.6,1.8
7,0,7,15,2,5,.400,2,4,.500,0,1,.000,2,2,1.000,0,5,5,2,0,0,0,4,6
7,1,7,2.1,0.3,0.7,.400,0.3,0.6,.500,0.0,0.1,.000,0.3,0.3,1.000,0.7,0.3,0.0,0.0,0.0,0.6,0.9
7,2,7,15,5.3,13.3,.400,5.3,10.7,.500,0.0,2.7,.000,5.3,5.3,1.000,13.3,5.3,0.0,0.0,0.0,10.7,16.0
7,3,7,15,8.5,21.2,.400,8.5,17.0,.500,0.0,4.2,.000,8.5,8.5,1.000,21.2,8.5,0.0,0.0,0.0,17.0,25.5,,126.2,90.4
7,4,7,15,20.7,.504,.400,.200,.400,6,0.0,41.8,21.0,29.3,0.0,0.0,0.0,22.2,,0.1,0.0,0.1,.245,,0.4,0.3,0.6
8,0,34,692,47,89,.528,47,89,.528,0,0,,44,67,.657,58,95,153,25,18,7,27,71,138
8,1,34,20.4,1.4,2.6,.528,1.4,2.6,.528,0.0,0.0,,1.3,2.0,.657,4.5,0.7,0.5,0.2,0.8,2.1,4.1
8,2,34,692,2.7,5.1,.528,2.7,5.1,.528,0.0,0.0,,2.5,3.9,.657,8.8,1.4,1.0,0.4,1.6,4.1,8.0
8,3,34,692,4.3,8.2,.528,4.3,8.2,.528,0.0,0.0,,4.0,6.2,.657,14.1,2.3,1.7,0.6,2.5,6.5,12.7,,116.5,96.2
8,4,34,692,13.6,.571,.528,.000,.753,163,10.6,17.2,13.9,6.9,1.7,1.2,18.3,11.9,,1.2,1.3,2.4,.141,,-0.9,2.0,1.1
9,0,7,15,2,4,.500,1,3,.333,1,1,1.000,2,4,.500,0,0,0,0,1,0,3,2,7
9,1,7,2.1,0.3,0.6,.500,0.1,0.4,.333,0.1,0.1,1.000,0.3,0.6,.500,0.0,0.0,0.1,0.0,0.4,0.3,1.0
9,2,7,15,5.3,10.7,.500,2.7,8.0,.333,2.7,2.7,1.000,5.3,10.7,.500,0.0,0.0,2.7,0.0,8.0,5.3,18.7
9,3,7,15,8.5,17.0,.500,4.2,12.7,.333,4.2,4.2,1.000,8.5,17.0,.500,0.0,0.0,4.2,0.0,12.7,8.5,29.7,,73.5,97.6
9,4,7,15,6.2,.593,.625,.250,1.000,5,0.0,0.0,0.0,0.0,4.2,0.0,33.7,33.1,,0.0,0.0,0.0,-.030,,-9.2,-2.5,-11.6
10,0,34,1003,129,258,.500,128,255,.502,1,3,.333,82,118,.695,56,142,198,71,25,4,53,73,341
10,1,34,29.5,3.8,7.6,.500,3.8,7.5,.502,0.0,0.1,.333,2.4,3.5,.695,5.8,2.1,0.7,0.1,1.6,2.1,10.0
10,2,34,1003,5.1,10.3,.500,5.1,10.2,.502,0.0,0.1,.333,3.3,4.7,.695,7.9,2.8,1.0,0.2,2.1,2.9,13.6
10,3,34,1003,8.2,16.4,.500,8.1,16.2,.502,0.1,0.2,.333,5.2,7.5,.695,12.6,4.5,1.6,0.3,3.4,4.6,21.6,,110.4,96.7
10,4,34,1003,17.7,.543,.502,.012,.457,354,7.1,17.8,12.5,15.4,1.6,0.5,14.4,20.4,,2.0,1.8,3.8,.153,,-0.4,1.3,0.9
11,0,31,345,17,40,.425,13,26,.500,4,14,.286,22,25,.880,5,23,28,35,10,2,12,37,60
11,1,31,11.1,0.5,1.3,.425,0.4,0.8,.500,0.1,0.5,.286,0.7,0.8,.880,0.9,1.1,0.3,0.1,0.4,1.2,1.9
11,2,31,345,2.0,4.6,.425,1.5,3.0,.500,0.5,1.6,.286,2.6,2.9,.880,3.2,4.1,1.2,0.2,1.4,4.3,7.0
11,3,31,345,3.1,7.4,.425,2.4,4.8,.500,0.7,2.6,.286,4.1,4.6,.880,5.2,6.5,1.8,0.4,2.2,6.8,11.1,,120.5,99.4
11,4,31,345,11.0,.578,.475,.350,.625,73,1.8,8.4,5.1,18.8,1.8,0.7,18.8,10.3,,0.6,0.5,1.1,.128,,-1.1,-0.1,-1.2
12,0,3,7,0,0,,0,0,,0,0,,0,2,.000,0,0,0,0,0,0,0,0,0
12,1,3,2.3,0.0,0.0,,0.0,0.0,,0.0,0.0,,0.0,0.7,.000,0.0,0.0,0.0,0.0,0.0,0.0,0.0
12,2,3,7,0.0,0.0,,0.0,0.0,,0.0,0.0,,0.0,11.4,.000,0.0,0.0,0.0,0.0,0.0,0.0,0.0
12,3,3,7,0.0,0.0,,0.0,0.0,,0.0,0.0,,0.0,18.2,.000,0.0,0.0,0.0,0.0,0.0,0.0,0.0,,0.0,107.6
12,4,3,7,-7.0,.000,,,,0,0.0,0.0,0.0,0.0,0.0,0.0,0.0,7.6,,0.0,0.0,0.0,-.096,,-10.8,-1.4,-12.2
13,0,3,6,0,1,.000,0,0,,0,1,.000,0,0,,0,1,1,0,0,0,1,0,0
13,1,3,2.0,0.0,0.3,.000,0.0,0.0,,0.0,0.3,.000,0.0,0.0,,0.3,0.0,0.0,0.0,0.3,0.0,0.0
13,2,3,6,0.0,6.7,.000,0.0,0.0,,0.0,6.7,.000,0.0,0.0,,6.7,0.0,0.0,0.0,6.7,0.0,0.0
13,3,3,6,0.0,10.6,.000,0.0,0.0,,0.0,10.6,.000,0.0,0.0,,10.6,0.0,0.0,0.0,10.6,0.0,0.0,,0.0,99.7
13,4,3,6,-15.7,.000,.000,1.000,.000,0,0.0,20.9,10.5,0.0,0.0,0.0,50.0,18.6,,0.0,0.0,0.0,-.252,,-20.2,-3.5,-23.7
