0,0,34,1001,107,292,.366,60,156,.385,47,136,.346,42,58,.724,12,66,78,86,26,1,75,35,303
0,1,34,29.4,3.1,8.6,.366,1.8,4.6,.385,1.4,4.0,.346,1.2,1.7,.724,2.3,2.5,0.8,0.0,2.2,1.0,8.9
0,2,34,1001,4.3,11.7,.366,2.4,6.2,.385,1.9,5.4,.346,1.7,2.3,.724,3.1,3.4,1.0,0.0,3.0,1.4,12.1
0,3,34,1001,6.8,18.5,.366,3.8,9.9,.385,3.0,8.6,.346,2.7,3.7,.724,4.9,5.5,1.6,0.1,4.8,2.2,19.2,,89.9,97.5
0,4,34,1001,10.6,.474,.447,.466,.199,305,1.6,8.6,5.1,19.3,1.6,0.1,19.0,22.1,,0.1,1.6,1.7,.069,,-1.7,0.2,-1.5
1,0,35,505,16,40,.400,15,31,.484,1,9,.111,24,31,.774,5,53,58,39,14,1,43,48,57
1,1,35,14.4,0.5,1.1,.400,0.4,0.9,.484,0.0,0.3,.111,0.7,0.9,.774,1.7,1.1,0.4,0.0,1.2,1.4,1.6
1,2,35,505,1.3,3.2,.400,1.2,2.5,.484,0.1,0.7,.111,1.9,2.5,.774,4.6,3.1,1.1,0.1,3.4,3.8,4.5
1,3,35,505,2.0,5.0,.400,1.9,3.9,.484,0.1,1.1,.111,3.0,3.9,.774,7.3,4.9,1.8,0.1,5.4,6.0,7.2,,76.4,94.9
1,4,35,505,4.5,.521,.413,.225,.775,73,1.3,13.7,7.5,14.8,1.8,0.3,44.0,10.9,,-0.4,0.9,0.6,.045,,-5.4,2.8,-2.6
2,0,6,15,1,4,.250,1,4,.250,0,0,,0,0,,2,0,2,0,0,0,1,0,2
2,1,6,2.5,0.2,0.7,.250,0.2,0.7,.250,0.0,0.0,,0.0,0.0,,0.3,0.0,0.0,0.0,0.2,0.0,0.3
2,2,6,15,2.7,10.7,.250,2.7,10.7,.250,0.0,0.0,,0.0,0.0,,5.3,0.0,0.0,0.0,2.7,0.0,5.3
2,3,6,15,4.2,16.9,.250,4.2,16.9,.250,0.0,0.0,,0.0,0.0,,8.5,0.0,0.0,0.0,4.2,0.0,8.5,,63.1,104.8
2,4,6,15,0.0,.250,.250,.000,.000,3,17.3,0.0,8.7,0.0,0.0,0.0,20.0,18.7,,0.0,0.0,0.0,-.061,,-9.9,-4.1,-14.0
3,0,22,537,88,193,.456,69,137,.504,19,56,.339,54,65,.831,27,74,101,13,28,8,38,64,249
3,1,22,24.4,4.0,8.8,.456,3.1,6.2,.504,0.9,2.5,.339,2.5,3.0,.831,4.6,0.6,1.3,0.4,1.7,2.9,11.3
3,2,22,537,6.6,14.4,.456,5.1,10.2,.504,1.4,4.2,.339,4.0,4.8,.831,7.5,1.0,2.1,0.6,2.8,4.8,18.5
3,3,22,537,10.4,22.8,.456,8.2,16.2,.504,2.2,6.6,.339,6.4,7.7,.831,11.9,1.5,3.3,0.9,4.5,7.6,29.4,,103.5,88.8
3,4,22,537,20.7,.556,.505,.290,.337,222,6.5,17.9,12.2,6.2,3.3,2.0,14.5,27.4,,1.0,1.3,2.3,.172,,0.3,1.9,2.2
4,0,1,2,0,0,,0,0,,0,0,,0,0,,0,0,0,0,0,0,0,0,0
4,1,1,2.0,0.0,0.0,,0.0,0.0,,0.0,0.0,,0.0,0.0,,0.0,0.0,0.0,0.0,0.0,0.0,0.0
4,2,1,2,0.0,0.0,,0.0,0.0,,0.0,0.0,,0.0,0.0,,0.0,0.0,0.0,0.0,0.0,0.0,0.0
4,3,1,2,0.0,0.0,,0.0,0.0,,0.0,0.0,,0.0,0.0,,0.0,0.0,0.0,0.0,0.0,0.0,0.0,,,104.8
4,4,1,2,0.0,,,,,0,0.0,0.0,0.0,0.0,0.0,0.0,,0.0,,0.0,0.0,0.0,.035,,-5.4,2.0,-3.4
5,0,36,828,108,267,.404,90,213,.423,18,54,.333,71,95,.747,16,38,54,45,30,8,50,58,305
5,1,36,23.0,3.0,7.4,.404,2.5,5.9,.423,0.5,1.5,.333,2.0,2.6,.747,1.5,1.3,0.8,0.2,1.4,1.6,8.5
5,2,36,828,5.2,12.9,.404,4.3,10.3,.423,0.9,2.6,.333,3.4,4.6,.747,2.6,2.2,1.4,0.4,2.4,2.8,14.7
5,3,36,828,8.3,20.5,.404,6.9,16.3,.423,1.4,4.1,.333,5.4,7.3,.747,4.1,3.4,2.3,0.6,3.8,4.4,23.4,,95.8,96.4
5,4,36,828,13.5,.489,.438,.202,.356,288,2.5,6.0,4.2,12.9,2.3,1.3,13.8,24.6,,0.7,1.4,2.1,.101,,-2.2,0.6,-1.5
6,0,14,69,1,6,.167,0,1,.000,1,5,.200,2,2,1.000,1,5,6,5,3,0,4,7,5
6,1,14,4.9,0.1,0.4,.167,0.0,0.1,.000,0.1,0.4,.200,0.1,0.1,1.000,0.4,0.4,0.2,0.0,0.3,0.5,0.4
6,2,14,69,0.6,3.5,.167,0.0,0.6,.000,0.6,2.9,.200,1.2,1.2,1.000,3.5,2.9,1.7,0.0,2.3,4.1,2.9
6,3,14,69,0.9,5.5,.167,0.0,0.9,.000,0.9,4.6,.200,1.8,1.8,1.000,5.5,4.6,2.8,0.0,3.7,6.4,4.6,,72.0,94.4
6,4,14,69,3.4,.360,.250,.833,.333,8,1.9,9.4,5.6,13.5,2.8,0.0,36.5,8.9,,-0.1,0.1,0.1,.044,,-4.6,2.5,-2.2
7,0,5,13,3,4,.750,3,4,.750,0,0,,1,2,.500,3,0,3,0,0,0,0,5,7
7,1,5,2.6,0.6,0.8,.750,0.6,0.8,.750,0.0,0.0,,0.2,0.4,.500,0.6,0.0,0.0,0.0,0.0,1.0,1.4
7,2,5,13,9.2,12.3,.750,9.2,12.3,.750,0.0,0.0,,3.1,6.2,.500,9.2,0.0,0.0,0.0,0.0,15.4,21.5
7,3,5,13,14.6,19.5,.750,14.6,19.5,.750,0.0,0.0,,4.9,9.8,.500,14.6,0.0,0.0,0.0,0.0,24.4,34.2,,154.1,102.5
7,4,5,13,28.5,.707,.750,.000,.500,6,29.9,0.0,15.0,0.0,0.0,0.0,0.0,21.4,,0.1,0.0,0.1,.300,,8.7,-7.5,1.2
8,0,36,1044,78,163,.479,47,70,.671,31,93,.333,40,54,.741,19,65,84,73,37,9,54,70,227
8,1,36,29.0,2.2,4.5,.479,1.3,1.9,.671,0.9,2.6,.333,1.1,1.5,.741,2.3,2.0,1.0,0.3,1.5,1.9,6.3
8,2,36,1044,3.0,6.2,.479,1.8,2.7,.671,1.2,3.6,.333,1.5,2.1,.741,3.2,2.8,1.4,0.3,2.1,2.7,8.7
8,3,36,1044,4.7,9.9,.479,2.9,4.3,.671,1.9,5.7,.333,2.4,3.3,.741,5.1,4.4,2.2,0.5,3.3,4.3,13.8,,106.8,95.7
8,4,36,1044,11.8,.602,.574,.571,.331,232,2.4,8.1,5.2,14.6,2.2,1.1,22.3,13.1,,1.2,1.8,3.1,.118,,0.8,2.5,3.3
9,0,33,464,63,145,.434,54,107,.505,9,38,.237,43,57,.754,26,65,91,26,9,5,27,63,178
9,1,33,14.1,1.9,4.4,.434,1.6,3.2,.505,0.3,1.2,.237,1.3,1.7,.754,2.8,0.8,0.3,0.2,0.8,1.9,5.4
9,2,33,464,5.4,12.5,.434,4.7,9.2,.505,0.8,3.3,.237,3.7,4.9,.754,7.8,2.2,0.8,0.4,2.3,5.4,15.3
9,3,33,464,8.6,19.8,.434,7.4,14.6,.505,1.2,5.2,.237,5.9,7.8,.754,12.4,3.6,1.2,0.7,3.7,8.6,24.3,,103.7,93.5
9,4,33,464,16.5,.517,.466,.262,.393,176,7.3,18.2,12.7,13.5,1.2,1.4,13.6,24.1,,0.8,0.9,1.7,.149,,-0.4,0.9,0.5
10,0,8,31,3,8,.375,3,7,.429,0,1,.000,4,4,1.000,1,6,7,1,1,1,2,2,10
10,1,8,3.9,0.4,1.0,.375,0.4,0.9,.429,0.0,0.1,.000,0.5,0.5,1.000,0.9,0.1,0.1,0.1,0.3,0.3,1.3
10,2,8,31,3.9,10.3,.375,3.9,9.0,.429,0.0,1.3,.000,5.2,5.2,1.000,9.0,1.3,1.3,1.3,2.6,2.6,12.9
10,3,8,31,6.1,16.4,.375,6.1,14.3,.429,0.0,2.0,.000,8.2,8.2,1.000,14.3,2.0,2.0,2.0,4.1,4.1,20.5,,97.2,88.0
10,4,8,31,16.2,.505,.375,.125,.500,10,4.2,25.2,14.7,7.1,2.0,4.3,16.8,21.6,,0.0,0.1,0.1,.135,,-5.2,3.0,-2.2
11,0,34,590,59,140,.421,59,133,.444,0,7,.000,23,44,.523,47,93,140,12,23,9,35,89,141
11,1,34,17.4,1.7,4.1,.421,1.7,3.9,.444,0.0,0.2,.000,0.7,1.3,.523,4.1,0.4,0.7,0.3,1.0,2.6,4.1
11,2,34,590,4.0,9.5,.421,4.0,9.0,.444,0.0,0.5,.000,1.6,3.0,.523,9.5,0.8,1.6,0.6,2.4,6.0,9.6
11,3,34,590,6.3,15.1,.421,6.3,14.3,.444,0.0,0.8,.000,2.5,4.7,.523,15.1,1.3,2.5,1.0,3.8,9.6,15.2,,87.0,89.5
11,4,34,590,10.6,.438,.421,.050,.314,149,10.3,20.5,15.4,4.5,2.5,2.0,17.9,18.7,,-0.1,1.4,1.3,.089,,-5.0,2.8,-2.2
12,0,36,856,77,163,.472,58,101,.574,19,62,.306,26,50,.520,24,110,134,80,38,5,41,47,199
12,1,36,23.8,2.1,4.5,.472,1.6,2.8,.574,0.5,1.7,.306,0.7,1.4,.520,3.7,2.2,1.1,0.1,1.1,1.3,5.5
12,2,36,856,3.6,7.6,.472,2.7,4.7,.574,0.9,2.9,.306,1.2,2.3,.520,6.3,3.7,1.8,0.2,1.9,2.2,9.3
12,3,36,856,5.7,12.1,.472,4.3,7.5,.574,1.4,4.6,.306,1.9,3.7,.520,9.9,5.9,2.8,0.4,3.0,3.5,14.8,,105.1,91.3
12,4,36,856,15.1,.533,.531,.380,.307,218,3.6,16.7,10.2,20.2,2.8,0.8,18.0,14.9,,1.1,1.9,2.9,.138,,0.4,3.7,4.2
13,0,36,605,79,179,.441,41,89,.461,38,90,.422,38,52,.731,24,62,86,20,9,4,31,67,234
13,1,36,16.8,2.2,5.0,.441,1.1,2.5,.461,1.1,2.5,.422,1.1,1.4,.731,2.4,0.6,0.3,0.1,0.9,1.9,6.5
13,2,36,605,5.2,11.8,.441,2.7,5.9,.461,2.5,6.0,.422,2.5,3.4,.731,5.7,1.3,0.6,0.3,2.0,4.4,15.5
13,3,36,605,8.3,18.8,.441,4.3,9.3,.461,4.0,9.4,.422,4.0,5.5,.731,9.0,2.1,0.9,0.4,3.3,7.0,24.5,,108.6,96.4
13,4,36,605,15.6,.574,.547,.503,.291,210,5.1,13.3,9.2,7.8,0.9,0.9,13.2,21.8,,1.2,1.0,2.2,.148,,1.3,-0.5,0.7
14,0,36,691,118,222,.532,97,171,.567,21,51,.412,59,93,.634,48,98,146,30,49,18,61,100,316
14,1,36,19.2,3.3,6.2,.532,2.7,4.8,.567,0.6,1.4,.412,1.6,2.6,.634,4.1,0.8,1.4,0.5,1.7,2.8,8.8
14,2,36,691,6.8,12.9,.532,5.6,9.9,.567,1.2,3.0,.412,3.4,5.4,.634,8.5,1.7,2.8,1.0,3.5,5.8,18.3
14,3,36,691,10.8,20.4,.532,8.9,15.7,.567,1.9,4.7,.412,5.4,8.5,.634,13.4,2.8,4.5,1.7,5.6,9.2,29.0,,104.8,85.2
14,4,36,691,23.5,.594,.579,.230,.419,292,9.0,18.5,13.7,11.4,4.5,3.5,18.6,26.6,,1.4,1.9,3.3,.193,,2.1,5.0,7.1
