0,0,23,174,1,12,.083,1,12,.083,0,0,,7,14,.500,9,21,30,2,4,3,5,21,9
0,1,23,7.6,0.0,0.5,.083,0.0,0.5,.083,0.0,0.0,,0.3,0.6,.500,1.3,0.1,0.2,0.1,0.2,0.9,0.4
0,2,23,174,0.2,2.8,.083,0.2,2.8,.083,0.0,0.0,,1.6,3.2,.500,6.9,0.5,0.9,0.7,1.1,4.8,2.1
0,3,23,174,0.4,4.4,.083,0.4,4.4,.083,0.0,0.0,,2.5,5.1,.500,10.9,0.7,1.5,1.1,1.8,7.6,3.3,,67.1,99.2
0,4,23,174,2.6,.241,.083,.000,1.167,14,6.7,14.0,10.6,2.0,1.5,2.1,21.1,7.4,,-0.1,0.2,0.1,.025,,-4.3,3.3,-1.0
1,0,30,1027,162,365,.444,155,337,.460,7,28,.250,125,186,.672,5,81,86,139,45,3,109,80,456
1,1,30,34.2,5.4,12.2,.444,5.2,11.2,.460,0.2,0.9,.250,4.2,6.2,.672,2.9,4.6,1.5,0.1,3.6,2.7,15.2
1,2,30,1027,6.3,14.2,.444,6.0,13.1,.460,0.3,1.1,.250,4.9,7.2,.672,3.3,5.4,1.8,0.1,4.2,3.1,17.8
1,3,30,1027,10.0,22.5,.444,9.6,20.8,.460,0.4,1.7,.250,7.7,11.5,.672,5.3,8.6,2.8,0.2,6.7,4.9,28.1,,98.5,99.6
1,4,30,1027,17.7,.503,.453,.077,.510,470,0.6,9.2,5.1,32.2,2.8,0.4,19.4,29.8,,1.5,1.4,2.9,.113,,1.0,1.2,2.2
2,0,5,4,0,0,,0,0,,0,0,,0,0,,0,0,0,0,0,0,1,0,0
2,1,5,0.8,0.0,0.0,,0.0,0.0,,0.0,0.0,,0.0,0.0,,0.0,0.0,0.0,0.0,0.2,0.0,0.0
2,2,5,4,0.0,0.0,,0.0,0.0,,0.0,0.0,,0.0,0.0,,0.0,0.0,0.0,0.0,10.0,0.0,0.0
2,3,5,4,0.0,0.0,,0.0,0.0,,0.0,0.0,,0.0,0.0,,0.0,0.0,0.0,0.0,15.8,0.0,0.0,,0.0,110.7
2,4,5,4,-16.5,,,,,0,0.0,0.0,0.0,0.0,0.0,0.0,100.0,13.6,,0.0,0.0,0.0,-.264,,-15.7,2.1,-13.6
3,0,28,807,70,178,.393,35,83,.422,35,95,.368,54,74,.730,8,39,47,94,25,0,71,78,229
3,1,28,28.8,2.5,6.4,.393,1.3,3.0,.422,1.3,3.4,.368,1.9,2.6,.730,1.7,3.4,0.9,0.0,2.5,2.8,8.2
3,2,28,807,3.5,8.8,.393,1.7,4.1,.422,1.7,4.7,.368,2.7,3.7,.730,2.3,4.7,1.2,0.0,3.5,3.9,11.4
3,3,28,807,5.5,14.0,.393,2.7,6.5,.422,2.7,7.5,.368,4.2,5.8,.730,3.7,7.4,2.0,0.0,5.6,6.1,18.0,,98.8,103.2
3,4,28,807,11.1,.537,.492,.534,.416,245,1.3,5.6,3.6,23.7,2.0,0.0,25.0,19.2,,0.8,0.8,1.6,.081,,1.7,-0.2,1.5
4,0,13,42,7,18,.389,5,10,.500,2,8,.250,0,0,,6,8,14,0,1,2,1,7,16
4,1,13,3.2,0.5,1.4,.389,0.4,0.8,.500,0.2,0.6,.250,0.0,0.0,,1.1,0.0,0.1,0.2,0.1,0.5,1.2
4,2,13,42,6.7,17.1,.389,4.8,9.5,.500,1.9,7.6,.250,0.0,0.0,,13.3,0.0,1.0,1.9,1.0,6.7,15.2
4,3,13,42,10.5,27.1,.389,7.5,15.1,.500,3.0,12.1,.250,0.0,0.0,,21.1,0.0,1.5,3.0,1.5,10.5,24.1,,104.7,93.3
4,4,13,42,19.5,.444,.444,.444,.000,16,18.6,22.1,20.5,0.0,1.5,5.8,5.3,24.6,,0.1,0.1,0.2,.152,,-0.8,-3.6,-4.3
5,0,30,778,82,189,.434,57,104,.548,25,85,.294,47,61,.770,34,107,141,27,24,15,49,72,236
5,1,30,25.9,2.7,6.3,.434,1.9,3.5,.548,0.8,2.8,.294,1.6,2.0,.770,4.7,0.9,0.8,0.5,1.6,2.4,7.9
5,2,30,778,4.2,9.7,.434,2.9,5.3,.548,1.3,4.4,.294,2.4,3.1,.770,7.2,1.4,1.2,0.8,2.5,3.7,12.1
5,3,30,778,6.7,15.4,.434,4.6,8.5,.548,2.0,6.9,.294,3.8,5.0,.770,11.5,2.2,2.0,1.2,4.0,5.9,19.2,,102.7,97.3
5,4,30,778,14.4,.541,.500,.450,.323,225,5.7,16.0,11.1,7.3,2.0,2.4,18.4,18.7,,1.0,1.3,2.2,.114,,1.6,2.9,4.5
6,0,28,698,78,157,.497,76,144,.528,2,13,.154,52,83,.627,61,80,141,12,4,13,27,53,210
6,1,28,24.9,2.8,5.6,.497,2.7,5.1,.528,0.1,0.5,.154,1.9,3.0,.627,5.0,0.4,0.1,0.5,1.0,1.9,7.5
6,2,28,698,4.5,9.0,.497,4.4,8.3,.528,0.1,0.7,.154,3.0,4.8,.627,8.1,0.7,0.2,0.7,1.5,3.0,12.0
6,3,28,698,7.1,14.2,.497,6.9,13.1,.528,0.2,1.2,.154,4.7,7.5,.627,12.8,1.1,0.4,1.2,2.4,4.8,19.0,,112.4,102.2
6,4,28,698,15.5,.535,.503,.083,.529,210,11.4,13.3,12.4,3.7,0.4,2.3,12.1,17.4,,1.4,0.8,2.2,.125,,1.3,0.8,2.1
7,0,31,715,74,176,.420,8,28,.286,66,148,.446,23,24,.958,1,37,38,17,11,2,24,35,237
7,1,31,23.1,2.4,5.7,.420,0.3,0.9,.286,2.1,4.8,.446,0.7,0.8,.958,1.2,0.5,0.4,0.1,0.8,1.1,7.6
7,2,31,715,4.1,9.8,.420,0.4,1.6,.286,3.7,8.3,.446,1.3,1.3,.958,2.1,1.0,0.6,0.1,1.3,2.0,13.3
7,3,31,715,6.6,15.6,.420,0.7,2.5,.286,5.8,13.1,.446,2.0,2.1,.958,3.4,1.5,1.0,0.2,2.1,3.1,21.0,,122.5,105.3
7,4,31,715,13.5,.632,.608,.841,.136,194,0.2,6.0,3.3,5.0,1.0,0.3,11.4,16.1,,1.7,0.6,2.3,.127,,4.8,-0.8,4.0
8,0,30,727,80,171,.468,77,148,.520,3,23,.130,40,54,.741,48,95,143,13,18,13,35,70,203
8,1,30,24.2,2.7,5.7,.468,2.6,4.9,.520,0.1,0.8,.130,1.3,1.8,.741,4.8,0.4,0.6,0.4,1.2,2.3,6.8
8,2,30,727,4.4,9.4,.468,4.2,8.1,.520,0.2,1.3,.130,2.2,3.0,.741,7.9,0.7,1.0,0.7,1.9,3.9,11.2
8,3,30,727,7.0,14.9,.468,6.7,12.9,.520,0.3,2.0,.130,3.5,4.7,.741,12.5,1.1,1.6,1.1,3.0,6.1,17.7,,103.8,98.6
8,4,30,727,13.8,.516,.477,.135,.316,198,8.6,15.2,12.1,3.8,1.6,2.2,15.1,17.4,,0.9,1.1,2.0,.109,,0.1,2.1,2.1
9,0,5,6,0,1,.000,0,1,.000,0,0,,0,0,,0,0,0,0,0,0,1,3,0
9,1,5,1.2,0.0,0.2,.000,0.0,0.2,.000,0.0,0.0,,0.0,0.0,,0.0,0.0,0.0,0.0,0.2,0.6,0.0
9,2,5,6,0.0,6.7,.000,0.0,6.7,.000,0.0,0.0,,0.0,0.0,,0.0,0.0,0.0,0.0,6.7,20.0,0.0
9,3,5,6,0.0,10.5,.000,0.0,10.5,.000,0.0,0.0,,0.0,0.0,,0.0,0.0,0.0,0.0,10.5,31.6,0.0,,0.0,107.8
9,4,5,6,-28.3,.000,.000,.000,.000,0,0.0,0.0,0.0,0.0,0.0,0.0,50.0,18.2,,0.0,0.0,0.0,-.277,,-17.9,-0.6,-18.4
10,0,31,275,23,44,.523,23,44,.523,0,0,,9,24,.375,31,39,70,6,7,10,16,47,55
10,1,31,8.9,0.7,1.4,.523,0.7,1.4,.523,0.0,0.0,,0.3,0.8,.375,2.3,0.2,0.2,0.3,0.5,1.5,1.8
10,2,31,275,3.3,6.4,.523,3.3,6.4,.523,0.0,0.0,,1.3,3.5,.375,10.2,0.9,1.0,1.5,2.3,6.8,8.0
10,3,31,275,5.3,10.1,.523,5.3,10.1,.523,0.0,0.0,,2.1,5.5,.375,16.1,1.4,1.6,2.3,3.7,10.8,12.7,,97.3,96.3
10,4,31,275,12.0,.496,.523,.000,.545,64,14.7,16.5,15.6,4.4,1.6,4.4,22.4,14.1,,0.2,0.5,0.6,.094,,-0.8,3.6,2.8
11,0,31,984,145,267,.543,145,267,.543,0,0,,80,135,.593,73,205,278,38,25,25,54,73,370
11,1,31,31.7,4.7,8.6,.543,4.7,8.6,.543,0.0,0.0,,2.6,4.4,.593,9.0,1.2,0.8,0.8,1.7,2.4,11.9
11,2,31,984,5.9,10.9,.543,5.9,10.9,.543,0.0,0.0,,3.3,5.5,.593,11.3,1.5,1.0,1.0,2.2,3.0,15.0
11,3,31,984,9.3,17.2,.543,9.3,17.2,.543,0.0,0.0,,5.1,8.7,.593,17.9,2.4,1.6,1.6,3.5,4.7,23.8,,111.5,94.0
11,4,31,984,21.8,.559,.543,.000,.506,360,9.7,24.2,17.4,9.0,1.6,3.1,14.0,21.3,,2.3,1.9,4.2,.171,,2.1,3.7,5.9
12,0,6,13,0,4,.000,0,4,.000,0,0,,0,0,,1,0,1,0,0,0,3,0,0
12,1,6,2.2,0.0,0.7,.000,0.0,0.7,.000,0.0,0.0,,0.0,0.0,,0.2,0.0,0.0,0.0,0.5,0.0,0.0
12,2,6,13,0.0,12.3,.000,0.0,12.3,.000,0.0,0.0,,0.0,0.0,,3.1,0.0,0.0,0.0,9.2,0.0,0.0
12,3,6,13,0.0,19.5,.000,0.0,19.5,.000,0.0,0.0,,0.0,0.0,,4.9,0.0,0.0,0.0,14.6,0.0,0.0,,9.1,110.7
12,4,6,13,-25.9,.000,.000,.000,.000,1,10.0,0.0,4.7,0.0,0.0,0.0,42.9,29.3,,-0.1,0.0,-0.1,-.429,,-24.3,-3.6,-27.9
