0,0,13,45,1,8,.125,1,5,.200,0,3,.000,4,4,1.000,2,7,9,1,0,0,1,0,6
0,1,13,3.5,0.1,0.6,.125,0.1,0.4,.200,0.0,0.2,.000,0.3,0.3,1.000,0.7,0.1,0.0,0.0,0.1,0.0,0.5
0,2,13,45,0.9,7.1,.125,0.9,4.4,.200,0.0,2.7,.000,3.6,3.6,1.000,8.0,0.9,0.0,0.0,0.9,0.0,5.3
0,3,13,45,1.3,10.6,.125,1.3,6.6,.200,0.0,4.0,.000,5.3,5.3,1.000,11.9,1.3,0.0,0.0,1.3,0.0,7.9,,81.5,100.9
0,4,13,45,5.0,.303,.125,.375,.500,7,5.1,17.8,11.5,4.0,0.0,0.0,9.2,12.3,,0.0,0.1,0.0,.036,,-6.5,-2.0,-8.6
1,0,9,30,2,5,.400,0,3,.000,2,2,1.000,3,4,.750,1,3,4,5,1,1,1,3,9
1,1,9,3.3,0.2,0.6,.400,0.0,0.3,.000,0.2,0.2,1.000,0.3,0.4,.750,0.4,0.6,0.1,0.1,0.1,0.3,1.0
1,2,9,30,2.7,6.7,.400,0.0,4.0,.000,2.7,2.7,1.000,4.0,5.3,.750,5.3,6.7,1.3,1.3,1.3,4.0,12.0
1,3,9,30,4.0,9.9,.400,0.0,6.0,.000,4.0,4.0,1.000,6.0,7.9,.750,7.9,9.9,2.0,2.0,2.0,6.0,17.9,,145.0,96.5
1,4,9,30,21.7,.652,.600,.400,.800,11,3.9,11.4,7.7,32.3,2.0,3.4,12.7,13.4,,0.1,0.1,0.2,.230,,3.4,0.3,3.7
2,0,8,27,4,10,.400,4,10,.400,0,0,,1,2,.500,3,4,7,2,0,2,2,4,9
2,1,8,3.4,0.5,1.3,.400,0.5,1.3,.400,0.0,0.0,,0.1,0.3,.500,0.9,0.3,0.0,0.3,0.3,0.5,1.1
2,2,8,27,5.9,14.8,.400,5.9,14.8,.400,0.0,0.0,,1.5,3.0,.500,10.4,3.0,0.0,3.0,3.0,5.9,13.3
2,3,8,27,8.8,22.1,.400,8.8,22.1,.400,0.0,0.0,,2.2,4.4,.500,15.4,4.4,0.0,4.4,4.4,8.8,19.9,,90.3,96.0
2,4,8,27,13.8,.411,.400,.000,.200,10,12.9,16.9,14.9,17.1,0.0,7.6,15.4,24.4,,0.0,0.0,0.1,.078,,-4.8,2.3,-2.5
3,0,13,39,5,11,.455,4,10,.400,1,1,1.000,3,4,.750,4,9,13,1,2,0,4,4,14
3,1,13,3.0,0.4,0.8,.455,0.3,0.8,.400,0.1,0.1,1.000,0.2,0.3,.750,1.0,0.1,0.2,0.0,0.3,0.3,1.1
3,2,13,39,5.1,11.3,.455,4.1,10.3,.400,1.0,1.0,1.000,3.1,4.1,.750,13.3,1.0,2.1,0.0,4.1,4.1,14.4
3,3,13,39,7.6,16.8,.455,6.1,15.3,.400,1.5,1.5,1.000,4.6,6.1,.750,19.9,1.5,3.1,0.0,6.1,6.1,21.4,,95.7,90.3
3,4,13,39,17.0,.543,.500,.091,.364,14,11.9,26.4,19.2,5.7,3.1,0.0,23.7,22.1,,0.0,0.1,0.1,.122,,-3.9,-0.1,-4.1
4,0,17,108,7,24,.292,6,17,.353,1,7,.143,10,19,.526,1,14,15,10,3,0,15,18,25
4,1,17,6.4,0.4,1.4,.292,0.4,1.0,.353,0.1,0.4,.143,0.6,1.1,.526,0.9,0.6,0.2,0.0,0.9,1.1,1.5
4,2,17,108,2.6,8.9,.292,2.2,6.3,.353,0.4,2.6,.143,3.7,7.0,.526,5.6,3.7,1.1,0.0,5.6,6.7,9.3
4,3,17,108,3.9,13.2,.292,3.3,9.4,.353,0.6,3.9,.143,5.5,10.5,.526,8.3,5.5,1.7,0.0,8.3,9.9,13.8,,66.2,97.6
4,4,17,108,0.7,.379,.313,.292,.792,27,1.1,14.8,8.0,17.9,1.7,0.0,31.2,22.6,,-0.3,0.2,-0.1,-.037,,-9.1,-0.8,-9.9
5,0,26,558,46,122,.377,30,76,.395,16,46,.348,32,39,.821,8,34,42,58,13,1,43,42,140
5,1,26,21.5,1.8,4.7,.377,1.2,2.9,.395,0.6,1.8,.348,1.2,1.5,.821,1.6,2.2,0.5,0.0,1.7,1.6,5.4
5,2,26,558,3.3,8.7,.377,2.2,5.4,.395,1.1,3.3,.348,2.3,2.8,.821,3.0,4.2,0.9,0.1,3.1,3.0,10.0
5,3,26,558,4.9,13.0,.377,3.2,8.1,.395,1.7,4.9,.348,3.4,4.2,.821,4.5,6.2,1.4,0.1,4.6,4.5,15.0,,95.1,101.6
5,4,26,558,8.9,.498,.443,.377,.320,150,1.7,7.0,4.3,20.8,1.4,0.2,23.4,16.7,,0.3,0.7,1.0,.070,,-2.4,-1.4,-3.8
6,0,2,14,1,4,.250,0,0,,1,4,.250,0,0,,0,1,1,1,1,0,0,1,3
6,1,2,7.0,0.5,2.0,.250,0.0,0.0,,0.5,2.0,.250,0.0,0.0,,0.5,0.5,0.5,0.0,0.0,0.5,1.5
6,2,2,14,2.9,11.4,.250,0.0,0.0,,2.9,11.4,.250,0.0,0.0,,2.9,2.9,2.9,0.0,0.0,2.9,8.6
6,3,2,14,4.3,17.0,.250,0.0,0.0,,4.3,17.0,.250,0.0,0.0,,4.3,4.3,4.3,0.0,0.0,4.3,12.8,,100.4,95.0
6,4,2,14,10.1,.375,.375,1.000,.000,3,0.0,8.2,4.1,14.0,4.3,0.0,0.0,14.5,,0.0,0.0,0.0,.104,,0.1,-0.3,-0.1
7,0,16,58,10,18,.556,8,14,.571,2,4,.500,4,7,.571,8,8,16,1,0,0,2,6,26
7,1,16,3.6,0.6,1.1,.556,0.5,0.9,.571,0.1,0.3,.500,0.3,0.4,.571,1.0,0.1,0.0,0.0,0.1,0.4,1.6
7,2,16,58,6.9,12.4,.556,5.5,9.7,.571,1.4,2.8,.500,2.8,4.8,.571,11.0,0.7,0.0,0.0,1.4,4.1,17.9
7,3,16,58,10.3,18.5,.556,8.2,14.4,.571,2.1,4.1,.500,4.1,7.2,.571,16.4,1.0,0.0,0.0,2.1,6.2,26.7,,125.8,101.2
7,4,16,58,22.2,.610,.611,.222,.389,24,16.0,15.8,15.9,4.2,0.0,0.0,8.6,20.5,,0.2,0.1,0.3,.191,,2.4,-4.4,-2.0
8,0,29,744,74,160,.463,74,158,.468,0,2,.000,75,94,.798,42,106,148,39,10,6,56,75,223
8,1,29,25.7,2.6,5.5,.463,2.6,5.4,.468,0.0,0.1,.000,2.6,3.2,.798,5.1,1.3,0.3,0.2,1.9,2.6,7.7
8,2,29,744,4.0,8.6,.463,4.0,8.5,.468,0.0,0.1,.000,4.0,5.1,.798,8.0,2.1,0.5,0.3,3.0,4.0,12.0
8,3,29,744,5.9,12.8,.463,5.9,12.7,.468,0.0,0.2,.000,6.0,7.5,.798,11.9,3.1,0.8,0.5,4.5,6.0,17.9,,102.0,98.8
8,4,29,744,12.5,.545,.463,.013,.588,227,6.5,16.3,11.4,10.9,0.8,0.8,21.5,17.8,,0.8,1.1,2.0,.106,,-2.3,0.5,-1.8
9,0,29,931,197,416,.474,159,302,.526,38,114,.333,95,145,.655,91,188,279,14,12,65,57,78,527
9,1,29,32.1,6.8,14.3,.474,5.5,10.4,.526,1.3,3.9,.333,3.3,5.0,.655,9.6,0.5,0.4,2.2,2.0,2.7,18.2
9,2,29,931,8.5,17.9,.474,6.8,13.0,.526,1.6,4.9,.333,4.1,6.2,.655,12.0,0.6,0.5,2.8,2.4,3.4,22.6
9,3,29,931,12.6,26.6,.474,10.2,19.3,.526,2.4,7.3,.333,6.1,9.3,.655,17.9,0.9,0.8,4.2,3.6,5.0,33.7,,110.0,92.5
9,4,29,931,26.2,.543,.519,.274,.349,466,11.3,23.1,17.2,4.1,0.8,7.2,10.5,29.6,,2.6,2.0,4.6,.197,,0.7,0.4,1.0
10,0,29,222,16,61,.262,4,10,.400,12,51,.235,5,7,.714,4,15,19,10,5,0,7,28,49
10,1,29,7.7,0.6,2.1,.262,0.1,0.3,.400,0.4,1.8,.235,0.2,0.2,.714,0.7,0.3,0.2,0.0,0.2,1.0,1.7
10,2,29,222,2.9,11.0,.262,0.7,1.8,.400,2.2,9.2,.235,0.9,1.3,.714,3.4,1.8,0.9,0.0,1.3,5.0,8.8
10,3,29,222,4.3,16.4,.262,1.1,2.7,.400,3.2,13.7,.235,1.3,1.9,.714,5.1,2.7,1.3,0.0,1.9,7.5,13.2,,87.3,101.3
10,4,29,222,4.3,.381,.361,.836,.115,48,2.1,7.7,4.9,8.8,1.3,0.0,9.8,16.4,,0.0,0.3,0.3,.046,,-2.7,-2.4,-5.0
11,0,29,908,95,253,.375,34,95,.358,61,158,.386,90,100,.900,10,50,60,68,22,1,49,56,341
11,1,29,31.3,3.3,8.7,.375,1.2,3.3,.358,2.1,5.4,.386,3.1,3.4,.900,2.1,2.3,0.8,0.0,1.7,1.9,11.8
11,2,29,908,4.2,11.1,.375,1.5,4.2,.358,2.7,7.0,.386,4.0,4.4,.900,2.6,3.0,1.0,0.0,2.2,2.5,15.0
11,3,29,908,6.2,16.6,.375,2.2,6.2,.358,4.0,10.4,.386,5.9,6.6,.900,3.9,4.5,1.4,0.1,3.2,3.7,22.4,,114.3,101.9
11,4,29,908,14.7,.567,.496,.625,.395,319,1.3,6.3,3.8,15.7,1.4,0.1,14.0,19.6,,2.1,1.1,3.2,.140,,2.6,-1.9,0.7
12,0,28,412,20,49,.408,8,21,.381,12,28,.429,11,19,.579,21,35,56,20,5,3,11,28,63
12,1,28,14.7,0.7,1.8,.408,0.3,0.8,.381,0.4,1.0,.429,0.4,0.7,.579,2.0,0.7,0.2,0.1,0.4,1.0,2.3
12,2,28,412,1.9,4.8,.408,0.8,2.0,.381,1.2,2.7,.429,1.1,1.8,.579,5.4,1.9,0.5,0.3,1.1,2.7,6.1
12,3,28,412,2.9,7.1,.408,1.2,3.0,.381,1.7,4.0,.429,1.6,2.7,.579,8.1,2.9,0.7,0.4,1.6,4.0,9.1,,115.8,101.7
12,4,28,412,9.0,.543,.531,.571,.388,71,5.9,9.7,7.8,9.1,0.7,0.8,15.9,8.5,,0.5,0.5,1.0,.096,,-0.5,0.1,-0.3
13,0,18,278,21,46,.457,8,19,.421,13,27,.481,6,11,.545,6,14,20,23,7,3,34,42,61
13,1,18,15.4,1.2,2.6,.457,0.4,1.1,.421,0.7,1.5,.481,0.3,0.6,.545,1.1,1.3,0.4,0.2,1.9,2.3,3.4
13,2,18,278,3.0,6.6,.457,1.2,2.7,.421,1.9,3.9,.481,0.9,1.6,.545,2.9,3.3,1.0,0.4,4.9,6.0,8.8
13,3,18,278,4.5,9.9,.457,1.7,4.1,.421,2.8,5.8,.481,1.3,2.4,.545,4.3,4.9,1.5,0.6,7.3,9.0,13.1,,81.3,100.9
13,4,18,278,4.8,.595,.598,.587,.239,62,2.5,5.8,4.1,16.3,1.5,1.1,39.9,15.6,,-0.2,0.4,0.2,.027,,-3.6,-0.7,-4.3
14,0,29,384,36,75,.480,36,75,.480,0,0,,44,76,.579,31,51,82,9,3,12,31,49,116
14,1,29,13.2,1.2,2.6,.480,1.2,2.6,.480,0.0,0.0,,1.5,2.6,.579,2.8,0.3,0.1,0.4,1.1,1.7,4.0
14,2,29,384,3.8,7.8,.480,3.8,7.8,.480,0.0,0.0,,4.6,7.9,.579,8.5,0.9,0.3,1.3,3.2,5.1,12.1
14,3,29,384,5.6,11.6,.480,5.6,11.6,.480,0.0,0.0,,6.8,11.8,.579,12.7,1.4,0.5,1.9,4.8,7.6,18.0,,95.9,98.4
14,4,29,384,11.5,.522,.480,.000,1.013,116,9.3,15.2,12.3,4.8,0.5,3.2,21.8,18.8,,0.2,0.6,0.8,.088,,-4.3,0.1,-4.3
15,0,21,142,8,25,.320,8,25,.320,0,0,,11,18,.611,11,20,31,7,2,2,12,16,27
15,1,21,6.8,0.4,1.2,.320,0.4,1.2,.320,0.0,0.0,,0.5,0.9,.611,1.5,0.3,0.1,0.1,0.6,0.8,1.3
15,2,21,142,2.3,7.0,.320,2.3,7.0,.320,0.0,0.0,,3.1,5.1,.611,8.7,2.0,0.6,0.6,3.4,4.5,7.6
15,3,21,142,3.4,10.5,.320,3.4,10.5,.320,0.0,0.0,,4.6,7.6,.611,13.0,2.9,0.8,0.8,5.0,6.7,11.3,,80.6,98.3
15,4,21,142,6.3,.402,.320,.000,.720,33,9.0,16.1,12.5,9.4,0.8,1.5,26.3,16.3,,-0.1,0.2,0.1,.034,,-6.5,0.4,-6.1
16,0,29,925,135,284,.475,118,222,.532,17,62,.274,65,97,.670,45,131,176,114,65,19,84,72,352
16,1,29,31.9,4.7,9.8,.475,4.1,7.7,.532,0.6,2.1,.274,2.2,3.3,.670,6.1,3.9,2.2,0.7,2.9,2.5,12.1
16,2,29,925,5.8,12.3,.475,5.1,9.6,.532,0.7,2.7,.274,2.8,4.2,.670,7.6,4.9,2.8,0.8,3.6,3.1,15.2
16,3,29,925,8.7,18.3,.475,7.6,14.3,.532,1.1,4.0,.274,4.2,6.2,.670,11.3,7.3,4.2,1.2,5.4,4.6,22.7,,103.3,90.7
16,4,29,925,20.7,.533,.505,.218,.342,372,5.6,16.2,10.9,28.3,4.2,2.1,20.3,22.8,,1.5,2.1,3.6,.157,,2.0,4.2,6.3
