0,0,32,512,66,108,.611,63,100,.630,3,8,.375,45,62,.726,22,50,72,20,13,6,34,75,180
0,1,32,16.0,2.1,3.4,.611,2.0,3.1,.630,0.1,0.3,.375,1.4,1.9,.726,2.3,0.6,0.4,0.2,1.1,2.3,5.6
0,2,32,512,5.2,8.4,.611,4.9,7.8,.630,0.2,0.6,.375,3.5,4.8,.726,5.6,1.6,1.0,0.5,2.7,5.9,14.1
0,3,32,512,7.5,12.3,.611,7.2,11.4,.630,0.3,0.9,.375,5.1,7.0,.726,8.2,2.3,1.5,0.7,3.9,8.5,20.4,,113.3,108.7
0,4,32,512,13.8,.655,.625,.074,.574,166,5.2,11.8,8.5,7.6,1.5,1.3,19.8,17.3,,0.9,0.5,1.3,.103,,-1.5,-1.4,-2.9
1,0,13,55,4,12,.333,4,7,.571,0,5,.000,1,5,.200,5,2,7,1,4,1,1,5,9
1,1,13,4.2,0.3,0.9,.333,0.3,0.5,.571,0.0,0.4,.000,0.1,0.4,.200,0.5,0.1,0.3,0.1,0.1,0.4,0.7
1,2,13,55,2.9,8.7,.333,2.9,5.1,.571,0.0,3.6,.000,0.7,3.6,.200,5.1,0.7,2.9,0.7,0.7,3.6,6.5
1,3,13,55,4.2,12.7,.333,4.2,7.4,.571,0.0,5.3,.000,1.1,5.3,.200,7.4,1.1,4.2,1.1,1.1,5.3,9.5,,83.8,105.1
1,4,13,55,7.9,.313,.333,.417,.417,11,11.0,4.4,7.7,3.2,4.2,2.0,6.5,14.4,,0.0,0.1,0.0,.027,,-3.9,0.1,-3.8
2,0,31,944,116,316,.367,56,128,.438,60,188,.319,59,73,.808,36,102,138,48,17,19,49,88,351
2,1,31,30.5,3.7,10.2,.367,1.8,4.1,.438,1.9,6.1,.319,1.9,2.4,.808,4.5,1.5,0.5,0.6,1.6,2.8,11.3
2,2,31,944,4.9,13.4,.367,2.4,5.4,.438,2.5,8.0,.319,2.5,3.1,.808,5.8,2.0,0.7,0.8,2.1,3.7,14.9
2,3,31,944,7.1,19.5,.367,3.4,7.9,.438,3.7,11.6,.319,3.6,4.5,.808,8.5,3.0,1.0,1.2,3.0,5.4,21.6,,101.2,109.0
2,4,31,944,12.3,.500,.462,.595,.231,335,4.6,13.1,8.8,9.8,1.0,2.2,12.3,21.9,,0.8,0.8,1.7,.070,,-1.1,-1.9,-3.0
3,0,27,172,4,10,.400,4,8,.500,0,2,.000,0,2,.000,4,12,16,3,3,3,4,35,8
3,1,27,6.4,0.1,0.4,.400,0.1,0.3,.500,0.0,0.1,.000,0.0,0.1,.000,0.6,0.1,0.1,0.1,0.1,1.3,0.3
3,2,27,172,0.9,2.3,.400,0.9,1.9,.500,0.0,0.5,.000,0.0,0.5,.000,3.7,0.7,0.7,0.7,0.9,8.1,1.9
3,3,27,172,1.4,3.4,.400,1.4,2.7,.500,0.0,0.7,.000,0.0,0.7,.000,5.4,1.0,1.0,1.0,1.4,11.8,2.7,,76.3,110.3
3,4,27,172,0.4,.365,.400,.200,.200,11,2.8,8.4,5.6,2.8,1.0,1.9,26.8,4.5,,-0.1,0.1,0.1,.016,,-5.5,0.3,-5.3
4,0,31,915,75,173,.434,52,112,.464,23,61,.377,83,109,.761,13,82,95,143,39,4,59,62,256
4,1,31,29.5,2.4,5.6,.434,1.7,3.6,.464,0.7,2.0,.377,2.7,3.5,.761,3.1,4.6,1.3,0.1,1.9,2.0,8.3
4,2,31,915,3.3,7.6,.434,2.3,4.9,.464,1.0,2.7,.377,3.6,4.8,.761,4.2,6.3,1.7,0.2,2.6,2.7,11.2
4,3,31,915,4.8,11.0,.434,3.3,7.1,.464,1.5,3.9,.377,5.3,6.9,.761,6.0,9.1,2.5,0.3,3.7,3.9,16.3,,114.0,107.7
4,4,31,915,15.0,.569,.500,.353,.630,305,1.7,10.8,6.3,28.0,2.5,0.5,20.8,16.0,,1.6,0.9,2.5,.111,,0.1,-1.1,-1.0
5,0,32,895,142,279,.509,137,258,.531,5,21,.238,67,96,.698,81,166,247,35,12,16,34,95,356
5,1,32,28.0,4.4,8.7,.509,4.3,8.1,.531,0.2,0.7,.238,2.1,3.0,.698,7.7,1.1,0.4,0.5,1.1,3.0,11.1
5,2,32,895,6.3,12.5,.509,6.1,11.5,.531,0.2,0.9,.238,3.0,4.3,.698,11.0,1.6,0.5,0.7,1.5,4.2,15.9
5,3,32,895,9.2,18.1,.509,8.9,16.8,.531,0.3,1.4,.238,4.4,6.2,.698,16.0,2.3,0.8,1.0,2.2,6.2,23.1,,115.9,106.4
5,4,32,895,18.5,.548,.518,.075,.344,357,10.9,22.4,16.7,8.1,0.8,1.9,9.5,20.7,,2.0,1.0,3.0,.135,,-0.9,-1.3,-2.2
6,0,4,22,3,8,.375,3,8,.375,0,0,,1,6,.167,2,6,8,0,1,0,2,2,7
6,1,4,5.5,0.8,2.0,.375,0.8,2.0,.375,0.0,0.0,,0.3,1.5,.167,2.0,0.0,0.3,0.0,0.5,0.5,1.8
6,2,4,22,5.5,14.5,.375,5.5,14.5,.375,0.0,0.0,,1.8,10.9,.167,14.5,0.0,1.8,0.0,3.6,3.6,12.7
6,3,4,22,7.9,21.1,.375,7.9,21.1,.375,0.0,0.0,,2.6,15.9,.167,21.1,0.0,2.6,0.0,5.3,5.3,18.5,,64.6,99.7
6,4,4,22,5.3,.323,.375,.000,.750,7,11.0,33.0,22.0,0.0,2.6,0.0,15.6,30.2,,-0.1,0.0,0.0,-.080,,-17.3,-8.5,-25.7
7,0,22,359,47,127,.370,25,59,.424,22,68,.324,28,37,.757,3,38,41,49,11,0,29,29,144
7,1,22,16.3,2.1,5.8,.370,1.1,2.7,.424,1.0,3.1,.324,1.3,1.7,.757,1.9,2.2,0.5,0.0,1.3,1.3,6.5
7,2,22,359,5.2,14.2,.370,2.8,6.6,.424,2.5,7.6,.324,3.1,4.1,.757,4.6,5.5,1.2,0.0,3.2,3.2,16.0
7,3,22,359,7.6,20.6,.370,4.0,9.6,.424,3.6,11.0,.324,4.5,6.0,.757,6.6,7.9,1.8,0.0,4.7,4.7,23.3,,99.3,108.7
7,4,22,359,13.5,.498,.457,.535,.291,149,1.0,12.8,6.9,26.8,1.8,0.0,16.7,25.0,,0.3,0.3,0.6,.069,,-1.2,-3.3,-4.5
8,0,20,237,14,24,.583,14,24,.583,0,0,,1,1,1.000,7,23,30,5,2,10,15,40,29
8,1,20,11.9,0.7,1.2,.583,0.7,1.2,.583,0.0,0.0,,0.1,0.1,1.000,1.5,0.3,0.1,0.5,0.8,2.0,1.5
8,2,20,237,2.4,4.1,.583,2.4,4.1,.583,0.0,0.0,,0.2,0.2,1.000,5.1,0.8,0.3,1.7,2.5,6.8,4.9
8,3,20,237,3.4,5.9,.583,3.4,5.9,.583,0.0,0.0,,0.2,0.2,1.000,7.4,1.2,0.5,2.5,3.7,9.8,7.1,,81.2,109.0
8,4,20,237,3.6,.592,.583,.000,.042,29,3.6,11.7,7.7,3.6,0.5,4.6,38.0,8.6,,-0.1,0.2,0.1,.017,,-6.0,1.1,-4.9
9,0,32,1168,215,425,.506,153,251,.610,62,174,.356,190,258,.736,29,103,132,140,76,10,60,85,682
9,1,32,36.5,6.7,13.3,.506,4.8,7.8,.610,1.9,5.4,.356,5.9,8.1,.736,4.1,4.4,2.4,0.3,1.9,2.7,21.3
9,2,32,1168,7.4,14.6,.506,5.2,8.6,.610,2.1,6.0,.356,6.5,8.8,.736,4.5,4.8,2.6,0.3,2.1,2.9,23.4
9,3,32,1168,10.7,21.2,.506,7.6,12.5,.610,3.1,8.7,.356,9.5,12.8,.736,6.6,7.0,3.8,0.5,3.0,4.2,33.9,,127.6,104.6
9,4,32,1168,27.8,.623,.579,.409,.607,656,3.0,10.7,6.8,26.3,3.8,0.9,9.9,26.9,,5.0,1.5,6.5,.224,,8.0,-0.4,7.7
10,0,14,68,11,24,.458,9,13,.692,2,11,.182,5,12,.417,8,4,12,3,2,0,5,8,29
10,1,14,4.9,0.8,1.7,.458,0.6,0.9,.692,0.1,0.8,.182,0.4,0.9,.417,0.9,0.2,0.1,0.0,0.4,0.6,2.1
10,2,14,68,6.5,14.1,.458,5.3,7.6,.692,1.2,6.5,.182,2.9,7.1,.417,7.1,1.8,1.2,0.0,2.9,4.7,17.1
10,3,14,68,9.4,20.5,.458,7.7,11.1,.692,1.7,9.4,.182,4.3,10.3,.417,10.3,2.6,1.7,0.0,4.3,6.8,24.8,,98.8,110.7
10,4,14,68,13.9,.488,.500,.458,.500,30,14.2,7.1,10.7,9.2,1.7,0.0,14.4,26.3,,0.1,0.0,0.1,.062,,-0.8,-4.7,-5.5
11,0,24,100,3,10,.300,0,4,.000,3,6,.500,1,2,.500,3,8,11,4,1,1,3,8,10
11,1,24,4.2,0.1,0.4,.300,0.0,0.2,.000,0.1,0.3,.500,0.0,0.1,.500,0.5,0.2,0.0,0.0,0.1,0.3,0.4
11,2,24,100,1.2,4.0,.300,0.0,1.6,.000,1.2,2.4,.500,0.4,0.8,.500,4.4,1.6,0.4,0.4,1.2,3.2,4.0
11,3,24,100,1.7,5.8,.300,0.0,2.3,.000,1.7,3.5,.500,0.6,1.2,.500,6.4,2.3,0.6,0.6,1.7,4.7,5.8,,95.4,111.9
11,4,24,100,4.1,.457,.450,.600,.200,12,3.6,9.7,6.6,6.6,0.6,1.1,21.5,7.2,,0.0,0.1,0.1,.029,,-4.2,-1.5,-5.7
12,0,17,88,14,25,.560,13,20,.650,1,5,.200,4,8,.500,10,14,24,3,5,2,4,16,33
12,1,17,5.2,0.8,1.5,.560,0.8,1.2,.650,0.1,0.3,.200,0.2,0.5,.500,1.4,0.2,0.3,0.1,0.2,0.9,1.9
12,2,17,88,6.4,11.4,.560,5.9,9.1,.650,0.5,2.3,.200,1.8,3.6,.500,10.9,1.4,2.3,0.9,1.8,7.3,15.0
12,3,17,88,9.2,16.5,.560,8.6,13.2,.650,0.7,3.3,.200,2.6,5.3,.500,15.9,2.0,3.3,1.3,2.6,10.6,21.8,,115.6,101.3
12,4,17,88,19.7,.573,.580,.200,.320,33,13.7,19.2,16.5,7.1,3.3,2.5,12.2,19.2,,0.2,0.1,0.3,.149,,0.1,0.0,0.1
13,0,30,991,122,281,.434,54,118,.458,68,163,.417,55,64,.859,33,95,128,45,27,14,54,58,367
13,1,30,33.0,4.1,9.4,.434,1.8,3.9,.458,2.3,5.4,.417,1.8,2.1,.859,4.3,1.5,0.9,0.5,1.8,1.9,12.2
13,2,30,991,4.9,11.3,.434,2.2,4.8,.458,2.7,6.6,.417,2.2,2.6,.859,5.2,1.8,1.1,0.6,2.2,2.3,14.8
13,3,30,991,7.2,16.5,.434,3.2,6.9,.458,4.0,9.6,.417,3.2,3.8,.859,7.5,2.6,1.6,0.8,3.2,3.4,21.5,,110.1,108.9
13,4,30,991,14.7,.589,.555,.580,.228,334,4.0,11.6,7.8,8.8,1.6,1.5,14.8,19.0,,1.5,0.9,2.4,.096,,1.0,-1.2,-0.2
