0,0,32,919,140,301,.465,132,276,.478,8,25,.320,82,121,.678,60,123,183,30,20,13,54,97,370
0,1,32,28.7,4.4,9.4,.465,4.1,8.6,.478,0.3,0.8,.320,2.6,3.8,.678,5.7,0.9,0.6,0.4,1.7,3.0,11.6
0,2,32,919,6.1,13.1,.465,5.7,12.0,.478,0.3,1.1,.320,3.6,5.3,.678,8.0,1.3,0.9,0.6,2.4,4.2,16.1
0,3,32,919,8.9,19.2,.465,8.4,17.6,.478,0.5,1.6,.320,5.2,7.7,.678,11.7,1.9,1.3,0.8,3.4,6.2,23.6,,102.4,110.1
0,4,32,919,15.5,.516,.478,.083,.402,353,7.5,15.5,11.5,6.9,1.3,1.5,13.1,23.0,,1.2,0.5,1.7,.074,,-1.8,-2.7,-4.4
1,0,32,1037,98,229,.428,68,144,.472,30,85,.353,68,102,.667,10,72,82,150,51,1,87,69,294
1,1,32,32.4,3.1,7.2,.428,2.1,4.5,.472,0.9,2.7,.353,2.1,3.2,.667,2.6,4.7,1.6,0.0,2.7,2.2,9.2
1,2,32,1037,3.8,8.8,.428,2.6,5.6,.472,1.2,3.3,.353,2.6,3.9,.667,3.2,5.8,2.0,0.0,3.4,2.7,11.3
1,3,32,1037,5.5,12.9,.428,3.8,8.1,.472,1.7,4.8,.353,3.8,5.8,.667,4.6,8.5,2.9,0.1,4.9,3.9,16.6,,99.3,110.6
1,4,32,1037,13.1,.530,.493,.371,.445,332,1.1,8.1,4.6,27.2,2.9,0.1,23.9,18.0,,0.9,0.5,1.4,.053,,-0.2,-2.4,-2.6
2,0,32,1018,181,352,.514,174,321,.542,7,31,.226,97,137,.708,75,163,238,65,18,20,56,82,466
2,1,32,31.8,5.7,11.0,.514,5.4,10.0,.542,0.2,1.0,.226,3.0,4.3,.708,7.4,2.0,0.6,0.6,1.8,2.6,14.6
2,2,32,1018,7.1,13.8,.514,6.8,12.6,.542,0.3,1.2,.226,3.8,5.4,.708,9.4,2.6,0.7,0.8,2.2,3.2,18.3
2,3,32,1018,10.4,20.3,.514,10.0,18.5,.542,0.4,1.8,.226,5.6,7.9,.708,13.7,3.7,1.0,1.2,3.2,4.7,26.8,,113.3,109.2
2,4,32,1018,21.5,.559,.524,.088,.389,457,8.5,18.6,13.5,14.3,1.0,2.1,11.8,23.8,,2.7,0.6,3.3,.130,,1.9,-1.5,0.4
3,0,22,92,5,15,.333,5,15,.333,0,0,,6,12,.500,6,16,22,2,4,3,3,27,16
3,1,22,4.2,0.2,0.7,.333,0.2,0.7,.333,0.0,0.0,,0.3,0.5,.500,1.0,0.1,0.2,0.1,0.1,1.2,0.7
3,2,22,92,2.2,6.5,.333,2.2,6.5,.333,0.0,0.0,,2.6,5.2,.500,9.6,0.9,1.7,1.3,1.3,11.7,7.0
3,3,22,92,3.2,9.6,.333,3.2,9.6,.333,0.0,0.0,,3.8,7.6,.500,14.0,1.3,2.5,1.9,1.9,17.2,10.2,,88.9,103.3
3,4,22,92,6.9,.386,.333,.000,.800,18,7.5,20.2,13.8,3.8,2.5,3.5,12.7,13.2,,0.0,0.1,0.1,.044,,-5.7,0.0,-5.7
4,0,32,1117,167,372,.449,76,155,.490,91,217,.419,74,94,.787,13,100,113,88,35,3,68,80,499
4,1,32,34.9,5.2,11.6,.449,2.4,4.8,.490,2.8,6.8,.419,2.3,2.9,.787,3.5,2.8,1.1,0.1,2.1,2.5,15.6
4,2,32,1117,6.0,13.3,.449,2.7,5.6,.490,3.3,7.8,.419,2.6,3.4,.787,4.0,3.2,1.3,0.1,2.4,2.9,17.9
4,3,32,1117,8.8,19.5,.449,4.0,8.1,.490,4.8,11.4,.419,3.9,4.9,.787,5.9,4.6,1.8,0.2,3.6,4.2,26.2,,112.7,111.9
4,4,32,1117,17.9,.599,.571,.583,.253,450,1.3,10.4,5.9,16.5,1.8,0.3,14.0,22.2,,2.6,0.4,3.0,.107,,4.3,-3.3,1.0
5,0,26,307,25,59,.424,25,59,.424,0,0,,8,9,.889,11,30,41,12,3,6,9,49,58
5,1,26,11.8,1.0,2.3,.424,1.0,2.3,.424,0.0,0.0,,0.3,0.3,.889,1.6,0.5,0.1,0.2,0.3,1.9,2.2
5,2,26,307,3.3,7.7,.424,3.3,7.7,.424,0.0,0.0,,1.0,1.2,.889,5.3,1.6,0.4,0.8,1.2,6.4,7.6
5,3,26,307,4.8,11.3,.424,4.8,11.3,.424,0.0,0.0,,1.5,1.7,.889,7.8,2.3,0.6,1.1,1.7,9.4,11.1,,97.5,112.9
5,4,26,307,6.7,.458,.424,.000,.153,60,4.1,11.3,7.7,7.2,0.6,2.1,12.5,12.1,,0.1,0.1,0.2,.028,,-4.1,-1.9,-6.0
6,0,17,265,31,73,.425,18,35,.514,13,38,.342,27,36,.750,4,17,21,22,13,1,11,19,102
6,1,17,15.6,1.8,4.3,.425,1.1,2.1,.514,0.8,2.2,.342,1.6,2.1,.750,1.2,1.3,0.8,0.1,0.6,1.1,6.0
6,2,17,265,4.7,11.0,.425,2.7,5.3,.514,2.0,5.7,.342,4.1,5.4,.750,3.2,3.3,2.0,0.2,1.7,2.9,15.4
6,3,17,265,6.9,16.2,.425,4.0,7.7,.514,2.9,8.4,.342,6.0,8.0,.750,4.6,4.9,2.9,0.2,2.4,4.2,22.6,,116.0,110.7
6,4,17,265,17.5,.566,.514,.521,.493,98,1.7,7.4,4.6,16.3,2.9,0.4,10.9,19.5,,0.6,0.1,0.7,.113,,2.4,-3.3,-0.9
7,0,17,336,23,77,.299,15,38,.395,8,39,.205,14,22,.636,13,28,41,16,9,1,18,33,68
7,1,17,19.8,1.4,4.5,.299,0.9,2.2,.395,0.5,2.3,.205,0.8,1.3,.636,2.4,0.9,0.5,0.1,1.1,1.9,4.0
7,2,17,336,2.7,9.2,.299,1.8,4.5,.395,1.0,4.6,.205,1.7,2.6,.636,4.9,1.9,1.1,0.1,2.1,3.9,8.1
7,3,17,336,4.0,13.4,.299,2.6,6.6,.395,1.4,6.8,.205,2.4,3.8,.636,7.2,2.8,1.6,0.2,3.1,5.8,11.9,,81.7,112.6
7,4,17,336,5.1,.389,.351,.506,.286,74,4.5,9.7,7.1,8.5,1.6,0.3,17.1,16.1,,-0.2,0.1,-0.1,-.014,,-3.7,-2.7,-6.5
8,0,32,552,52,152,.342,21,49,.429,31,103,.301,18,26,.692,14,51,65,36,10,4,21,40,153
8,1,32,17.3,1.6,4.8,.342,0.7,1.5,.429,1.0,3.2,.301,0.6,0.8,.692,2.0,1.1,0.3,0.1,0.7,1.3,4.8
8,2,32,552,3.8,11.0,.342,1.5,3.6,.429,2.2,7.5,.301,1.3,1.9,.692,4.7,2.6,0.7,0.3,1.5,2.9,11.1
8,3,32,552,5.5,16.1,.342,2.2,5.2,.429,3.3,10.9,.301,1.9,2.8,.692,6.9,3.8,1.1,0.4,2.2,4.2,16.3,,98.4,113.2
8,4,32,552,9.9,.465,.444,.678,.171,152,2.9,10.7,6.8,12.3,1.1,0.8,11.3,17.2,,0.4,0.1,0.5,.036,,-0.7,-3.6,-4.2
9,0,22,227,24,51,.471,24,49,.490,0,2,.000,25,48,.521,18,27,45,10,8,5,20,32,73
9,1,22,10.3,1.1,2.3,.471,1.1,2.2,.490,0.0,0.1,.000,1.1,2.2,.521,2.0,0.5,0.4,0.2,0.9,1.5,3.3
9,2,22,227,4.2,9.0,.471,4.2,8.6,.490,0.0,0.4,.000,4.4,8.5,.521,7.9,1.8,1.4,0.9,3.5,5.6,12.9
9,3,22,227,6.2,13.2,.471,6.2,12.7,.490,0.0,0.5,.000,6.5,12.4,.521,11.6,2.6,2.1,1.3,5.2,8.3,18.9,,92.6,108.5
9,4,22,227,12.1,.495,.471,.039,.941,77,9.2,13.8,11.5,8.5,2.1,2.4,21.3,21.2,,0.1,0.2,0.2,.038,,-3.9,-1.4,-5.4
10,0,28,572,60,143,.420,40,96,.417,20,47,.426,46,61,.754,27,59,86,18,20,9,24,57,186
10,1,28,20.4,2.1,5.1,.420,1.4,3.4,.417,0.7,1.7,.426,1.6,2.2,.754,3.1,0.6,0.7,0.3,0.9,2.0,6.6
10,2,28,572,4.2,10.0,.420,2.8,6.7,.417,1.4,3.3,.426,3.2,4.3,.754,6.0,1.3,1.4,0.6,1.7,4.0,13.0
10,3,28,572,6.2,14.7,.420,4.1,9.8,.417,2.1,4.8,.426,4.7,6.3,.754,8.8,1.8,2.1,0.9,2.5,5.8,19.1,,108.6,109.9
10,4,28,572,14.1,.541,.490,.329,.427,177,5.5,12.0,8.7,6.0,2.1,1.7,12.2,17.6,,0.9,0.3,1.2,.083,,-0.2,-1.9,-2.1
11,0,4,8,1,2,.500,1,1,1.000,0,1,.000,0,2,.000,1,1,2,1,1,1,1,1,2
11,1,4,2.0,0.3,0.5,.500,0.3,0.3,1.000,0.0,0.3,.000,0.0,0.5,.000,0.5,0.3,0.3,0.3,0.3,0.3,0.5
11,2,4,8,5.0,10.0,.500,5.0,5.0,1.000,0.0,5.0,.000,0.0,10.0,.000,10.0,5.0,5.0,5.0,5.0,5.0,10.0
11,3,4,8,7.3,14.7,.500,7.3,7.3,1.000,0.0,7.3,.000,0.0,14.7,.000,14.7,7.3,7.3,7.3,7.3,7.3,14.7,,72.0,91.0
11,4,4,8,17.7,.339,.500,.500,1.000,3,14.4,14.5,14.5,25.0,7.3,13.4,25.3,25.3,,0.0,0.0,0.0,-.004,,-2.5,9.9,7.4
